10
200
41 4 3 68 100 78 78 98 20 48 92 52 87 6 67 36 83 89 74 54 94 19 24 21 93 2 48 51 57 37 80 86 96 55 66 99 66 6 66 63 79 3 37 92 74 21 98 97 38 87 19 97 60 50 58 97 94 21 8 39 62 59 33 66 18 78 50 44 98 93 8 55 7 73 66 91 54 60 72 42 64 42 80 61 5 31 81 79 66 8 71 51 88 20 63 35 78 59 63 2 78 82 91 61 30 6 97 82 64 74 22 64 36 86 51 31 10 14 95 27 27 41 29 11 16 34 92 72 20 44 48 38 17 38 93 78 54 46 23 84 100 37 68 99 75 87 58 79 45 35 54 74 37 34 5 2 25 92 1 34 73 19 87 99 87 99 44 41 27 38 68 42 84 96 82 22 11 73 33 68 84 10 95 92 98 94 28 29 19 38 85 17 40 95 62 30 89 58 92 95 
2 1 3 1 1 3 2 1 3 1 
1.02 1.05 1.05 1.01 1.04 1.04 1.04 1.05 1.02 1.03 
1.02 1.04 1.06 1.04 1.03 1.04 1.02 1.06 1.04 1.01 
1.01 1.04 1.01 1.03 1.02 1.05 1.05 1.06 1.05 1.03 
1.02 1.05 1.01 1.01 1.03 1.01 1.04 1.03 1.04 1.01 
1.05 1.03 1.03 1.06 1.04 1.04 1.02 1.04 1.01 1.02 
1.01 1.05 1.06 1.05 1.04 1.04 1.03 1.05 1.04 1.05 
1.02 1.06 1.02 1.04 1.02 1.01 1.02 1.04 1.03 1.04 
1.01 1.01 1.03 1.05 1.05 1.06 1.04 1.04 1.04 1.04 
1.04 1.06 1.02 1.02 1.02 1.04 1.04 1.05 1.03 1.04 
1.03 1.04 1.03 1.03 1.04 1.01 1.05 1.02 1.02 1.01 
1.03 1.06 1.04 1.05 1.01 1.02 1.05 1.01 1.04 1.01 
1.04 1.02 1.01 1.05 1.01 1.03 1.02 1.01 1.04 1.02 
1.04 1.05 1.06 1.02 1.06 1.01 1.04 1.06 1.02 1.01 
1.02 1.01 1.05 1.05 1.05 1.03 1.05 1.06 1.05 1.01 
1.06 1.06 1.05 1.04 1.06 1.04 1.04 1.03 1.04 1.01 
1.06 1.03 1.06 1.01 1.05 1.05 1.06 1.06 1.06 1.05 
1.05 1.05 1.05 1.04 1.01 1.04 1.02 1.05 1.05 1.06 
1.03 1.01 1.05 1.04 1.06 1.04 1.06 1.06 1.01 1.05 
1.02 1.03 1.03 1.04 1.04 1.02 1.05 1.06 1.05 1.01 
1.05 1.05 1.01 1.04 1.01 1.06 1.04 1.05 1.06 1.06 
1.06 1.04 1.03 1.06 1.03 1.02 1.05 1.03 1.01 1.02 
1.04 1.06 1.01 1.06 1.02 1.04 1.06 1.02 1.04 1.02 
1.03 1.03 1.01 1.01 1.03 1.03 1.05 1.02 1.06 1.01 
1.02 1.02 1.04 1.03 1.02 1.02 1.02 1.03 1.06 1.01 
1.05 1.06 1.05 1.06 1.03 1.05 1.01 1.04 1.04 1.02 
1.06 1.03 1.03 1.01 1.06 1.01 1.02 1.04 1.03 1.06 
1.05 1.02 1.03 1.01 1.02 1.02 1.02 1.06 1.01 1.03 
1.04 1.05 1.03 1.01 1.02 1.06 1.02 1.02 1.06 1.02 
1.01 1.04 1.06 1.05 1.01 1.04 1.06 1.06 1.02 1.03 
1.02 1.05 1.04 1.01 1.05 1.04 1.01 1.03 1.03 1.03 
1.03 1.03 1.02 1.05 1.03 1.01 1.05 1.02 1.05 1.05 
1.02 1.05 1.01 1.05 1.06 1.04 1.01 1.01 1.06 1.02 
1.03 1.01 1.05 1.05 1.03 1.05 1.04 1.03 1.06 1.03 
1.03 1.04 1.06 1.06 1.06 1.06 1.03 1.01 1.05 1.01 
1.04 1.02 1.06 1.05 1.05 1.02 1.01 1.06 1.04 1.03 
1.03 1.03 1.02 1.01 1.04 1.05 1.04 1.02 1.04 1.06 
1.01 1.02 1.01 1.04 1.06 1.05 1.03 1.01 1.02 1.05 
1.01 1.01 1.04 1.04 1.01 1.04 1.05 1.04 1.04 1.02 
1.06 1.06 1.04 1.05 1.03 1.05 1.06 1.03 1.04 1.01 
1.03 1.05 1.04 1.03 1.01 1.03 1.05 1.05 1.04 1.04 
1.01 1.02 1.04 1.01 1.01 1.01 1.02 1.02 1.05 1.06 
1.05 1.04 1.03 1.03 1.01 1.02 1.04 1.06 1.06 1.01 
1.06 1.04 1.03 1.06 1.05 1.06 1.05 1.06 1.05 1.01 
1.03 1.05 1.04 1.05 1.04 1.01 1.05 1.01 1.01 1.01 
1.04 1.03 1.01 1.05 1.04 1.05 1.04 1.04 1.04 1.02 
1.01 1.01 1.01 1.04 1.03 1.06 1.04 1.06 1.05 1.01 
1.05 1.04 1.01 1.01 1.05 1.03 1.01 1.06 1.05 1.04 
1.06 1.06 1.04 1.06 1.03 1.03 1.04 1.05 1.04 1.06 
1.04 1.04 1.01 1.03 1.03 1.03 1.02 1.06 1.01 1.04 
1.02 1.02 1.04 1.02 1.03 1.02 1.02 1.01 1.02 1.06 
1.05 1.05 1.02 1.01 1.02 1.05 1.06 1.03 1.05 1.02 
1.04 1.02 1.02 1.06 1.04 1.04 1.02 1.06 1.01 1.02 
1.02 1.05 1.03 1.03 1.04 1.04 1.03 1.01 1.01 1.03 
1.02 1.04 1.04 1.02 1.04 1.01 1.04 1.03 1.06 1.03 
1.05 1.03 1.02 1.01 1.06 1.01 1.01 1.02 1.04 1.02 
1.06 1.05 1.06 1.06 1.01 1.06 1.03 1.06 1.01 1.04 
1.04 1.04 1.03 1.02 1.02 1.02 1.04 1.01 1.02 1.05 
1.05 1.03 1.06 1.03 1.03 1.04 1.06 1.02 1.03 1.06 
1.05 1.02 1.02 1.05 1.04 1.06 1.06 1.01 1.06 1.06 
1.04 1.02 1.03 1.02 1.06 1.05 1.05 1.01 1.03 1.01 
1.05 1.06 1.02 1.04 1.02 1.04 1.04 1.03 1.04 1.05 
1.04 1.03 1.02 1.03 1.03 1.04 1.06 1.06 1.04 1.02 
1.05 1.03 1.03 1.01 1.05 1.02 1.06 1.05 1.02 1.06 
1.04 1.03 1.05 1.01 1.02 1.02 1.01 1.05 1.05 1.04 
1.03 1.03 1.05 1.05 1.03 1.02 1.04 1.04 1.06 1.02 
1.04 1.05 1.04 1.04 1.03 1.01 1.01 1.02 1.05 1.02 
1.03 1.02 1.01 1.05 1.04 1.03 1.04 1.04 1.01 1.06 
1.03 1.01 1.04 1.06 1.03 1.04 1.04 1.02 1.06 1.01 
1.03 1.05 1.01 1.05 1.04 1.01 1.03 1.05 1.02 1.01 
1.06 1.06 1.02 1.02 1.03 1.03 1.05 1.05 1.06 1.04 
1.02 1.04 1.03 1.06 1.05 1.03 1.06 1.05 1.03 1.03 
1.03 1.05 1.05 1.02 1.05 1.02 1.05 1.02 1.03 1.03 
1.04 1.04 1.04 1.05 1.04 1.01 1.01 1.06 1.02 1.03 
1.04 1.03 1.02 1.05 1.05 1.04 1.04 1.06 1.03 1.03 
1.03 1.06 1.04 1.01 1.04 1.02 1.05 1.04 1.01 1.06 
1.01 1.04 1.06 1.05 1.03 1.06 1.05 1.02 1.01 1.05 
1.01 1.04 1.06 1.05 1.01 1.06 1.02 1.01 1.04 1.04 
1.05 1.04 1.04 1.06 1.03 1.05 1.03 1.04 1.06 1.05 
1.05 1.01 1.06 1.02 1.06 1.03 1.04 1.01 1.01 1.04 
1.04 1.06 1.05 1.04 1.04 1.04 1.04 1.02 1.03 1.04 
1.03 1.04 1.06 1.03 1.04 1.06 1.01 1.02 1.06 1.05 
1.02 1.01 1.02 1.02 1.03 1.06 1.06 1.02 1.04 1.03 
1.01 1.03 1.03 1.06 1.06 1.04 1.02 1.05 1.06 1.05 
1.06 1.03 1.05 1.01 1.04 1.04 1.02 1.03 1.05 1.05 
1.03 1.02 1.06 1.02 1.02 1.04 1.04 1.02 1.03 1.01 
1.03 1.02 1.01 1.04 1.02 1.05 1.05 1.04 1.06 1.03 
1.05 1.06 1.05 1.01 1.03 1.02 1.02 1.05 1.01 1.06 
1.03 1.06 1.03 1.05 1.05 1.06 1.05 1.06 1.06 1.02 
1.01 1.06 1.03 1.01 1.04 1.01 1.05 1.01 1.04 1.04 
1.06 1.06 1.03 1.05 1.05 1.02 1.01 1.02 1.05 1.04 
1.03 1.04 1.02 1.01 1.04 1.01 1.01 1.02 1.03 1.03 
1.06 1.06 1.02 1.02 1.01 1.04 1.04 1.04 1.01 1.02 
1.05 1.06 1.06 1.05 1.05 1.01 1.03 1.06 1.01 1.02 
1.06 1.05 1.02 1.03 1.03 1.02 1.01 1.05 1.03 1.04 
1.02 1.06 1.02 1.06 1.02 1.06 1.02 1.01 1.05 1.06 
1.05 1.02 1.01 1.05 1.01 1.06 1.03 1.02 1.02 1.04 
1.04 1.06 1.02 1.02 1.03 1.02 1.02 1.05 1.02 1.02 
1.06 1.06 1.03 1.04 1.01 1.05 1.02 1.05 1.05 1.01 
1.06 1.06 1.06 1.02 1.06 1.05 1.04 1.02 1.03 1.03 
1.05 1.06 1.04 1.01 1.05 1.01 1.02 1.05 1.02 1.01 
1.03 1.01 1.02 1.03 1.01 1.05 1.04 1.02 1.05 1.06 
1.03 1.06 1.01 1.04 1.04 1.04 1.01 1.04 1.02 1.03 
1.01 1.05 1.02 1.01 1.04 1.02 1.01 1.06 1.03 1.04 
1.02 1.04 1.01 1.01 1.01 1.01 1.04 1.04 1.01 1.03 
1.05 1.03 1.04 1.03 1.06 1.04 1.03 1.05 1.02 1.01 
1.05 1.06 1.06 1.02 1.01 1.06 1.02 1.04 1.03 1.03 
1.04 1.04 1.02 1.02 1.04 1.05 1.04 1.04 1.04 1.01 
1.05 1.01 1.02 1.03 1.04 1.02 1.02 1.01 1.03 1.04 
1.03 1.02 1.05 1.02 1.05 1.06 1.03 1.05 1.06 1.02 
1.02 1.03 1.06 1.04 1.02 1.01 1.04 1.06 1.04 1.04 
1.06 1.02 1.06 1.04 1.06 1.04 1.04 1.02 1.04 1.01 
1.06 1.03 1.03 1.06 1.03 1.05 1.04 1.02 1.01 1.05 
1.05 1.03 1.06 1.06 1.02 1.06 1.05 1.01 1.06 1.05 
1.02 1.04 1.04 1.04 1.05 1.04 1.02 1.03 1.01 1.03 
1.05 1.01 1.06 1.04 1.04 1.02 1.04 1.04 1.01 1.02 
1.05 1.01 1.03 1.06 1.04 1.04 1.04 1.04 1.04 1.06 
1.03 1.04 1.02 1.04 1.02 1.04 1.05 1.03 1.03 1.06 
1.01 1.03 1.06 1.04 1.03 1.01 1.06 1.04 1.03 1.01 
1.06 1.01 1.02 1.04 1.05 1.05 1.03 1.03 1.04 1.03 
1.04 1.02 1.04 1.06 1.06 1.04 1.01 1.02 1.02 1.03 
1.04 1.04 1.01 1.06 1.06 1.03 1.03 1.02 1.06 1.04 
1.02 1.03 1.06 1.04 1.03 1.01 1.05 1.03 1.05 1.03 
1.04 1.05 1.06 1.05 1.03 1.04 1.02 1.01 1.03 1.02 
1.03 1.01 1.06 1.02 1.06 1.06 1.06 1.01 1.02 1.02 
1.06 1.03 1.03 1.04 1.06 1.06 1.02 1.02 1.05 1.02 
1.03 1.05 1.01 1.03 1.04 1.05 1.02 1.03 1.02 1.05 
1.02 1.05 1.06 1.01 1.06 1.04 1.02 1.04 1.05 1.01 
1.05 1.06 1.04 1.03 1.02 1.04 1.02 1.04 1.05 1.04 
1.02 1.04 1.06 1.06 1.04 1.06 1.04 1.06 1.03 1.06 
1.02 1.04 1.03 1.05 1.04 1.04 1.03 1.01 1.06 1.03 
1.06 1.06 1.05 1.02 1.03 1.03 1.05 1.03 1.04 1.01 
1.01 1.03 1.02 1.04 1.04 1.04 1.04 1.01 1.03 1.03 
1.06 1.06 1.06 1.06 1.06 1.03 1.04 1.02 1.06 1.03 
1.04 1.01 1.05 1.06 1.01 1.03 1.02 1.02 1.02 1.01 
1.04 1.04 1.03 1.01 1.05 1.05 1.04 1.06 1.04 1.03 
1.06 1.02 1.04 1.02 1.02 1.01 1.06 1.02 1.06 1.04 
1.04 1.03 1.03 1.05 1.02 1.02 1.01 1.05 1.03 1.03 
1.05 1.02 1.05 1.02 1.04 1.04 1.06 1.02 1.02 1.06 
1.05 1.03 1.03 1.01 1.03 1.04 1.04 1.02 1.01 1.05 
1.03 1.04 1.01 1.05 1.06 1.05 1.01 1.03 1.02 1.04 
1.04 1.01 1.02 1.06 1.01 1.03 1.01 1.04 1.05 1.04 
1.01 1.02 1.04 1.02 1.03 1.02 1.03 1.01 1.06 1.02 
1.01 1.03 1.06 1.04 1.01 1.06 1.01 1.05 1.03 1.06 
1.02 1.04 1.05 1.03 1.03 1.02 1.02 1.04 1.04 1.03 
1.02 1.05 1.02 1.04 1.04 1.01 1.05 1.03 1.02 1.01 
1.06 1.05 1.01 1.03 1.03 1.05 1.03 1.01 1.05 1.05 
1.05 1.06 1.01 1.03 1.04 1.02 1.01 1.04 1.01 1.06 
1.05 1.05 1.02 1.04 1.03 1.02 1.06 1.02 1.05 1.01 
1.03 1.06 1.04 1.06 1.01 1.04 1.05 1.04 1.05 1.05 
1.01 1.01 1.01 1.06 1.05 1.02 1.06 1.03 1.01 1.04 
1.05 1.04 1.05 1.06 1.05 1.04 1.01 1.02 1.02 1.06 
1.02 1.03 1.05 1.01 1.03 1.01 1.02 1.06 1.03 1.03 
1.03 1.05 1.05 1.02 1.05 1.05 1.01 1.01 1.04 1.02 
1.02 1.06 1.06 1.03 1.05 1.06 1.02 1.03 1.04 1.03 
1.04 1.03 1.03 1.01 1.01 1.03 1.06 1.02 1.06 1.02 
1.03 1.03 1.04 1.01 1.01 1.02 1.05 1.04 1.05 1.05 
1.02 1.02 1.02 1.06 1.02 1.02 1.06 1.04 1.01 1.03 
1.03 1.05 1.03 1.03 1.06 1.02 1.02 1.04 1.01 1.05 
1.01 1.02 1.02 1.02 1.04 1.02 1.05 1.02 1.04 1.01 
1.01 1.03 1.04 1.05 1.05 1.04 1.03 1.04 1.06 1.06 
1.02 1.03 1.03 1.05 1.01 1.01 1.03 1.06 1.05 1.04 
1.01 1.02 1.02 1.02 1.04 1.02 1.06 1.02 1.03 1.01 
1.04 1.05 1.02 1.05 1.01 1.03 1.06 1.04 1.01 1.04 
1.01 1.02 1.06 1.06 1.01 1.04 1.02 1.04 1.03 1.01 
1.05 1.06 1.03 1.04 1.01 1.01 1.06 1.01 1.04 1.05 
1.04 1.01 1.05 1.04 1.05 1.03 1.03 1.04 1.02 1.04 
1.06 1.02 1.05 1.06 1.03 1.04 1.03 1.04 1.03 1.06 
1.05 1.05 1.01 1.04 1.03 1.01 1.02 1.02 1.01 1.03 
1.06 1.02 1.05 1.04 1.04 1.04 1.06 1.01 1.06 1.02 
1.06 1.04 1.02 1.05 1.06 1.02 1.03 1.03 1.01 1.01 
1.04 1.04 1.06 1.02 1.06 1.03 1.02 1.02 1.02 1.01 
1.03 1.02 1.05 1.06 1.05 1.06 1.02 1.02 1.04 1.05 
1.05 1.04 1.06 1.03 1.03 1.01 1.06 1.01 1.03 1.04 
1.01 1.03 1.04 1.04 1.05 1.02 1.06 1.04 1.02 1.01 
1.01 1.04 1.01 1.04 1.01 1.04 1.03 1.01 1.03 1.01 
1.06 1.02 1.05 1.01 1.04 1.01 1.03 1.02 1.02 1.04 
1.04 1.03 1.03 1.04 1.03 1.06 1.06 1.04 1.05 1.06 
1.06 1.01 1.03 1.04 1.03 1.04 1.04 1.05 1.03 1.04 
1.01 1.05 1.02 1.05 1.03 1.06 1.06 1.02 1.06 1.03 
1.03 1.03 1.04 1.01 1.05 1.05 1.01 1.01 1.03 1.02 
1.04 1.02 1.05 1.04 1.05 1.03 1.06 1.06 1.03 1.01 
1.03 1.04 1.02 1.01 1.02 1.06 1.01 1.01 1.04 1.06 
1.05 1.05 1.02 1.03 1.05 1.03 1.04 1.02 1.03 1.04 
1.05 1.03 1.03 1.05 1.01 1.02 1.03 1.06 1.05 1.03 
1.06 1.02 1.01 1.03 1.01 1.05 1.01 1.02 1.05 1.01 
1.06 1.05 1.05 1.02 1.05 1.02 1.03 1.04 1.03 1.04 
1.05 1.06 1.01 1.06 1.02 1.04 1.03 1.04 1.06 1.06 
1.06 1.02 1.05 1.01 1.02 1.06 1.01 1.02 1.02 1.01 
1.03 1.05 1.06 1.04 1.04 1.01 1.01 1.02 1.06 1.03 
1.03 1.01 1.05 1.04 1.05 1.03 1.06 1.03 1.06 1.01 
1.04 1.06 1.02 1.01 1.05 1.04 1.01 1.05 1.01 1.04 
1.04 1.05 1.01 1.02 1.04 1.02 1.06 1.06 1.04 1.03 
1.05 1.04 1.06 1.06 1.02 1.06 1.04 1.02 1.01 1.03 
1.02 1.05 1.05 1.01 1.06 1.02 1.03 1.04 1.01 1.02 
1.06 1.06 1.06 1.02 1.05 1.03 1.04 1.01 1.04 1.06 
1.02 1.05 1.05 1.06 1.02 1.03 1.02 1.02 1.05 1.06 
1.06 1.04 1.04 1.03 1.04 1.02 1.04 1.05 1.01 1.04 
1.04 1.03 1.06 1.05 1.02 1.02 1.01 1.06 1.05 1.06 
1.06 1.03 1.01 1.02 1.06 1.05 1.02 1.05 1.03 1.03 
1.02 1.02 1.05 1.06 1.04 1.05 1.03 1.04 1.05 1.02 
