10
200
17 99 18 10 29 86 28 26 23 7 84 37 72 44 62 66 50 62 29 20 6 47 2 84 94 24 29 53 69 49 24 58 49 2 64 50 37 8 1 48 99 61 22 24 50 4 9 42 78 77 36 61 53 75 91 55 92 75 72 63 18 100 81 39 37 75 97 75 36 33 78 45 73 82 21 87 39 1 86 50 16 65 61 20 13 2 2 49 21 33 41 89 74 27 65 69 69 73 73 78 17 16 39 58 51 55 25 58 4 33 94 56 2 27 94 62 84 59 100 74 16 42 59 19 30 52 78 92 39 9 77 96 19 89 49 57 3 87 39 17 65 39 44 50 49 90 51 97 52 47 75 2 87 39 10 25 98 28 71 16 9 22 88 51 39 62 47 84 6 75 58 60 90 65 56 94 69 71 38 91 22 10 86 5 44 84 7 27 6 26 5 53 45 72 15 45 25 12 17 41 
1 2 3 1 1 2 2 2 3 3 
1.01 1.04 1.02 1.01 1.02 1.01 1.06 1.06 1.01 1.02 
1.03 1.04 1.04 1.05 1.01 1.03 1.06 1.02 1.05 1.04 
1.06 1.02 1.02 1.03 1.04 1.03 1.03 1.05 1.04 1.06 
1.01 1.02 1.02 1.06 1.01 1.02 1.05 1.06 1.03 1.03 
1.03 1.06 1.03 1.06 1.03 1.02 1.02 1.03 1.05 1.06 
1.02 1.03 1.05 1.04 1.05 1.04 1.01 1.04 1.05 1.03 
1.01 1.03 1.03 1.02 1.03 1.03 1.05 1.04 1.05 1.06 
1.05 1.01 1.05 1.05 1.06 1.05 1.06 1.04 1.05 1.04 
1.03 1.06 1.04 1.06 1.04 1.03 1.05 1.04 1.04 1.06 
1.03 1.05 1.06 1.04 1.03 1.05 1.04 1.05 1.04 1.05 
1.06 1.04 1.02 1.04 1.05 1.05 1.03 1.05 1.06 1.04 
1.06 1.01 1.05 1.01 1.03 1.05 1.06 1.02 1.04 1.03 
1.05 1.03 1.03 1.06 1.04 1.05 1.04 1.01 1.04 1.03 
1.01 1.02 1.03 1.04 1.01 1.06 1.03 1.04 1.04 1.05 
1.06 1.06 1.01 1.01 1.04 1.03 1.04 1.04 1.01 1.01 
1.04 1.03 1.04 1.03 1.05 1.03 1.05 1.01 1.05 1.02 
1.02 1.01 1.06 1.06 1.02 1.05 1.01 1.02 1.01 1.06 
1.06 1.02 1.01 1.06 1.05 1.02 1.04 1.05 1.05 1.04 
1.04 1.01 1.01 1.01 1.01 1.05 1.06 1.05 1.05 1.06 
1.03 1.06 1.01 1.05 1.03 1.06 1.03 1.06 1.04 1.03 
1.03 1.03 1.03 1.03 1.01 1.06 1.02 1.03 1.02 1.05 
1.05 1.05 1.06 1.04 1.06 1.06 1.06 1.06 1.02 1.02 
1.02 1.06 1.01 1.01 1.03 1.01 1.03 1.03 1.05 1.01 
1.04 1.05 1.04 1.04 1.05 1.01 1.04 1.04 1.04 1.06 
1.04 1.01 1.04 1.02 1.03 1.06 1.06 1.05 1.05 1.04 
1.01 1.05 1.03 1.05 1.02 1.04 1.03 1.03 1.01 1.01 
1.04 1.02 1.01 1.01 1.01 1.05 1.01 1.05 1.03 1.06 
1.03 1.05 1.01 1.05 1.02 1.04 1.06 1.02 1.01 1.05 
1.05 1.06 1.04 1.05 1.04 1.01 1.02 1.01 1.01 1.03 
1.06 1.01 1.01 1.02 1.02 1.01 1.05 1.01 1.03 1.02 
1.03 1.06 1.06 1.02 1.02 1.05 1.04 1.03 1.03 1.02 
1.03 1.02 1.05 1.06 1.06 1.01 1.04 1.03 1.05 1.05 
1.03 1.01 1.04 1.02 1.03 1.01 1.02 1.03 1.04 1.04 
1.06 1.04 1.05 1.03 1.06 1.05 1.05 1.02 1.02 1.03 
1.05 1.01 1.04 1.04 1.04 1.06 1.01 1.04 1.06 1.01 
1.05 1.03 1.01 1.01 1.01 1.05 1.06 1.06 1.03 1.03 
1.01 1.01 1.02 1.06 1.03 1.05 1.05 1.03 1.01 1.04 
1.03 1.05 1.05 1.05 1.03 1.03 1.06 1.02 1.01 1.03 
1.01 1.04 1.03 1.04 1.04 1.02 1.03 1.03 1.03 1.05 
1.01 1.01 1.04 1.01 1.03 1.02 1.02 1.01 1.05 1.04 
1.02 1.06 1.03 1.01 1.06 1.01 1.06 1.02 1.05 1.02 
1.04 1.03 1.01 1.01 1.02 1.05 1.02 1.06 1.04 1.01 
1.03 1.05 1.04 1.04 1.01 1.04 1.06 1.04 1.05 1.05 
1.04 1.05 1.05 1.05 1.06 1.04 1.02 1.01 1.03 1.01 
1.06 1.04 1.04 1.05 1.02 1.06 1.06 1.05 1.01 1.06 
1.06 1.02 1.03 1.02 1.05 1.06 1.02 1.03 1.01 1.03 
1.04 1.04 1.01 1.03 1.01 1.01 1.01 1.01 1.05 1.03 
1.01 1.06 1.02 1.04 1.03 1.06 1.04 1.03 1.01 1.05 
1.04 1.03 1.05 1.05 1.01 1.06 1.06 1.03 1.06 1.02 
1.04 1.02 1.03 1.01 1.03 1.06 1.06 1.06 1.02 1.04 
1.05 1.03 1.03 1.01 1.04 1.01 1.03 1.04 1.05 1.04 
1.05 1.04 1.04 1.04 1.03 1.05 1.03 1.05 1.03 1.01 
1.05 1.05 1.04 1.03 1.01 1.06 1.02 1.04 1.03 1.06 
1.03 1.03 1.06 1.03 1.05 1.03 1.04 1.03 1.04 1.06 
1.05 1.03 1.05 1.02 1.01 1.04 1.06 1.06 1.06 1.04 
1.05 1.03 1.01 1.01 1.05 1.04 1.01 1.04 1.06 1.01 
1.01 1.01 1.05 1.04 1.06 1.02 1.03 1.04 1.02 1.02 
1.02 1.03 1.05 1.03 1.05 1.06 1.04 1.01 1.04 1.01 
1.03 1.05 1.03 1.04 1.05 1.04 1.01 1.02 1.03 1.01 
1.05 1.01 1.02 1.03 1.02 1.05 1.02 1.02 1.04 1.03 
1.06 1.06 1.05 1.04 1.04 1.04 1.01 1.06 1.01 1.04 
1.03 1.01 1.03 1.05 1.03 1.05 1.02 1.02 1.05 1.05 
1.04 1.01 1.01 1.03 1.01 1.06 1.04 1.05 1.01 1.06 
1.06 1.04 1.02 1.01 1.06 1.06 1.03 1.06 1.06 1.02 
1.01 1.06 1.01 1.05 1.06 1.06 1.01 1.05 1.02 1.01 
1.03 1.06 1.05 1.03 1.05 1.03 1.05 1.05 1.06 1.02 
1.06 1.04 1.01 1.06 1.06 1.03 1.02 1.03 1.06 1.04 
1.05 1.01 1.01 1.01 1.01 1.06 1.06 1.05 1.05 1.06 
1.04 1.01 1.06 1.04 1.05 1.05 1.02 1.04 1.06 1.02 
1.02 1.03 1.01 1.05 1.01 1.04 1.03 1.04 1.03 1.06 
1.02 1.02 1.02 1.02 1.05 1.06 1.04 1.03 1.03 1.04 
1.05 1.04 1.03 1.01 1.04 1.04 1.06 1.05 1.06 1.06 
1.02 1.01 1.01 1.04 1.02 1.01 1.01 1.01 1.02 1.03 
1.05 1.01 1.03 1.01 1.05 1.03 1.02 1.05 1.06 1.03 
1.05 1.03 1.03 1.04 1.03 1.06 1.05 1.05 1.04 1.05 
1.03 1.05 1.02 1.02 1.05 1.01 1.02 1.02 1.02 1.02 
1.02 1.03 1.05 1.01 1.02 1.06 1.05 1.01 1.03 1.04 
1.03 1.06 1.02 1.03 1.03 1.02 1.04 1.02 1.04 1.06 
1.01 1.05 1.06 1.06 1.01 1.05 1.06 1.03 1.06 1.05 
1.04 1.02 1.05 1.02 1.05 1.06 1.04 1.03 1.06 1.04 
1.01 1.03 1.04 1.05 1.06 1.05 1.03 1.01 1.01 1.06 
1.03 1.04 1.03 1.02 1.05 1.06 1.04 1.04 1.05 1.01 
1.01 1.06 1.01 1.02 1.04 1.05 1.03 1.05 1.03 1.01 
1.02 1.01 1.02 1.01 1.01 1.04 1.03 1.01 1.03 1.04 
1.05 1.02 1.05 1.05 1.02 1.02 1.02 1.01 1.05 1.03 
1.04 1.01 1.06 1.04 1.05 1.04 1.02 1.04 1.03 1.01 
1.06 1.06 1.03 1.02 1.06 1.02 1.02 1.01 1.01 1.02 
1.03 1.06 1.05 1.04 1.06 1.02 1.05 1.06 1.02 1.01 
1.02 1.01 1.01 1.05 1.05 1.05 1.05 1.03 1.01 1.03 
1.04 1.01 1.01 1.03 1.06 1.04 1.02 1.03 1.05 1.01 
1.01 1.04 1.02 1.02 1.02 1.04 1.04 1.01 1.05 1.02 
1.01 1.01 1.01 1.06 1.01 1.04 1.06 1.06 1.05 1.04 
1.03 1.06 1.05 1.02 1.01 1.04 1.06 1.06 1.01 1.04 
1.05 1.03 1.02 1.03 1.05 1.02 1.06 1.04 1.04 1.06 
1.01 1.03 1.02 1.01 1.01 1.05 1.05 1.06 1.06 1.01 
1.01 1.06 1.01 1.01 1.06 1.02 1.05 1.01 1.01 1.02 
1.03 1.06 1.03 1.01 1.05 1.05 1.06 1.05 1.01 1.01 
1.04 1.06 1.03 1.01 1.03 1.04 1.02 1.01 1.04 1.04 
1.06 1.04 1.04 1.02 1.02 1.03 1.05 1.04 1.03 1.06 
1.03 1.05 1.05 1.05 1.03 1.03 1.06 1.02 1.03 1.05 
1.04 1.05 1.04 1.04 1.03 1.02 1.02 1.03 1.06 1.06 
1.03 1.03 1.04 1.01 1.03 1.01 1.04 1.04 1.04 1.01 
1.04 1.03 1.02 1.03 1.02 1.05 1.05 1.04 1.05 1.02 
1.03 1.03 1.04 1.05 1.05 1.02 1.06 1.02 1.04 1.01 
1.04 1.06 1.01 1.04 1.03 1.06 1.02 1.04 1.04 1.03 
1.04 1.04 1.01 1.02 1.03 1.01 1.04 1.05 1.05 1.06 
1.03 1.05 1.06 1.03 1.06 1.01 1.03 1.02 1.03 1.06 
1.03 1.05 1.01 1.04 1.05 1.06 1.03 1.02 1.01 1.02 
1.05 1.01 1.06 1.04 1.06 1.01 1.06 1.03 1.04 1.06 
1.02 1.04 1.03 1.01 1.06 1.04 1.04 1.02 1.04 1.05 
1.05 1.02 1.01 1.02 1.03 1.03 1.04 1.02 1.05 1.03 
1.05 1.04 1.02 1.02 1.02 1.02 1.06 1.05 1.03 1.04 
1.01 1.04 1.01 1.02 1.05 1.01 1.06 1.01 1.02 1.06 
1.01 1.03 1.06 1.03 1.01 1.05 1.02 1.03 1.05 1.01 
1.04 1.04 1.02 1.04 1.03 1.06 1.02 1.01 1.02 1.04 
1.03 1.01 1.03 1.06 1.01 1.04 1.06 1.03 1.04 1.02 
1.06 1.01 1.06 1.03 1.02 1.06 1.04 1.04 1.05 1.03 
1.06 1.03 1.04 1.03 1.04 1.05 1.04 1.01 1.02 1.06 
1.02 1.04 1.03 1.05 1.06 1.04 1.03 1.04 1.03 1.04 
1.04 1.04 1.06 1.02 1.06 1.06 1.01 1.05 1.05 1.02 
1.03 1.01 1.03 1.01 1.02 1.01 1.05 1.06 1.06 1.05 
1.03 1.06 1.04 1.03 1.05 1.05 1.05 1.06 1.04 1.02 
1.03 1.03 1.05 1.03 1.06 1.02 1.03 1.03 1.05 1.06 
1.02 1.03 1.03 1.01 1.06 1.02 1.03 1.04 1.04 1.04 
1.04 1.01 1.05 1.05 1.05 1.03 1.05 1.02 1.05 1.04 
1.01 1.05 1.06 1.05 1.03 1.04 1.05 1.05 1.01 1.05 
1.06 1.03 1.05 1.05 1.02 1.01 1.06 1.03 1.04 1.02 
1.06 1.04 1.01 1.01 1.02 1.04 1.04 1.04 1.04 1.03 
1.03 1.06 1.05 1.02 1.02 1.03 1.05 1.03 1.02 1.02 
1.01 1.05 1.02 1.04 1.02 1.05 1.06 1.05 1.04 1.03 
1.05 1.02 1.05 1.02 1.01 1.06 1.03 1.06 1.06 1.06 
1.02 1.02 1.04 1.04 1.03 1.04 1.02 1.03 1.01 1.01 
1.02 1.03 1.01 1.02 1.03 1.06 1.03 1.06 1.03 1.01 
1.06 1.01 1.02 1.04 1.01 1.05 1.01 1.04 1.03 1.04 
1.01 1.05 1.05 1.06 1.06 1.06 1.03 1.03 1.05 1.02 
1.03 1.05 1.05 1.04 1.02 1.06 1.03 1.02 1.01 1.02 
1.06 1.05 1.04 1.04 1.06 1.05 1.04 1.01 1.02 1.04 
1.02 1.03 1.01 1.06 1.03 1.06 1.05 1.02 1.01 1.02 
1.06 1.05 1.02 1.02 1.01 1.05 1.06 1.04 1.05 1.06 
1.04 1.03 1.06 1.04 1.02 1.03 1.06 1.05 1.03 1.03 
1.06 1.02 1.02 1.06 1.02 1.03 1.01 1.01 1.02 1.05 
1.04 1.04 1.03 1.04 1.06 1.03 1.01 1.02 1.05 1.04 
1.02 1.05 1.04 1.06 1.02 1.06 1.01 1.05 1.04 1.01 
1.05 1.03 1.01 1.04 1.01 1.04 1.04 1.03 1.06 1.02 
1.02 1.03 1.02 1.06 1.01 1.06 1.03 1.04 1.02 1.03 
1.06 1.02 1.01 1.01 1.03 1.01 1.02 1.06 1.05 1.04 
1.01 1.01 1.01 1.06 1.02 1.03 1.01 1.02 1.03 1.01 
1.03 1.06 1.05 1.05 1.01 1.05 1.02 1.03 1.06 1.06 
1.01 1.04 1.03 1.01 1.06 1.02 1.02 1.03 1.04 1.03 
1.06 1.05 1.04 1.01 1.02 1.03 1.02 1.01 1.02 1.03 
1.03 1.05 1.03 1.06 1.02 1.04 1.02 1.01 1.01 1.01 
1.06 1.05 1.03 1.03 1.02 1.02 1.03 1.04 1.05 1.05 
1.06 1.01 1.03 1.03 1.01 1.01 1.05 1.01 1.03 1.01 
1.06 1.05 1.04 1.03 1.03 1.06 1.04 1.06 1.05 1.05 
1.05 1.02 1.06 1.02 1.06 1.03 1.04 1.01 1.05 1.01 
1.06 1.06 1.06 1.06 1.01 1.01 1.05 1.05 1.05 1.01 
1.06 1.03 1.03 1.01 1.06 1.04 1.06 1.03 1.01 1.01 
1.06 1.01 1.06 1.01 1.05 1.01 1.02 1.02 1.03 1.02 
1.03 1.01 1.06 1.03 1.02 1.03 1.02 1.02 1.03 1.06 
1.01 1.03 1.06 1.06 1.01 1.04 1.05 1.05 1.03 1.05 
1.04 1.02 1.06 1.02 1.05 1.04 1.02 1.01 1.06 1.02 
1.01 1.04 1.06 1.05 1.02 1.01 1.03 1.01 1.06 1.01 
1.01 1.02 1.04 1.06 1.05 1.04 1.06 1.01 1.03 1.04 
1.01 1.06 1.02 1.06 1.02 1.02 1.06 1.02 1.02 1.03 
1.03 1.05 1.01 1.01 1.06 1.01 1.02 1.03 1.06 1.02 
1.03 1.03 1.06 1.02 1.04 1.02 1.06 1.01 1.05 1.01 
1.04 1.06 1.02 1.05 1.01 1.03 1.06 1.06 1.06 1.04 
1.02 1.03 1.01 1.03 1.01 1.02 1.01 1.04 1.04 1.01 
1.04 1.05 1.01 1.04 1.04 1.06 1.05 1.01 1.04 1.05 
1.01 1.06 1.05 1.03 1.06 1.05 1.04 1.04 1.02 1.03 
1.06 1.04 1.05 1.03 1.05 1.06 1.02 1.02 1.03 1.05 
1.01 1.06 1.05 1.04 1.02 1.03 1.02 1.01 1.04 1.06 
1.01 1.02 1.06 1.03 1.05 1.01 1.04 1.01 1.03 1.01 
1.02 1.03 1.06 1.03 1.03 1.06 1.04 1.04 1.02 1.02 
1.06 1.02 1.05 1.05 1.04 1.01 1.06 1.01 1.05 1.03 
1.03 1.06 1.06 1.01 1.04 1.02 1.03 1.02 1.05 1.04 
1.03 1.04 1.03 1.01 1.03 1.04 1.06 1.06 1.02 1.02 
1.03 1.05 1.06 1.03 1.02 1.03 1.01 1.06 1.05 1.05 
1.01 1.02 1.04 1.06 1.02 1.06 1.06 1.02 1.05 1.06 
1.04 1.06 1.01 1.05 1.03 1.03 1.04 1.02 1.04 1.02 
1.03 1.02 1.04 1.02 1.01 1.01 1.05 1.01 1.01 1.03 
1.03 1.02 1.01 1.03 1.02 1.01 1.03 1.05 1.02 1.05 
1.05 1.01 1.03 1.04 1.01 1.04 1.02 1.06 1.03 1.02 
1.06 1.05 1.02 1.03 1.05 1.06 1.01 1.05 1.04 1.02 
1.01 1.02 1.06 1.05 1.01 1.02 1.03 1.03 1.06 1.05 
1.04 1.06 1.02 1.04 1.04 1.01 1.06 1.05 1.05 1.06 
1.05 1.02 1.05 1.06 1.04 1.03 1.01 1.05 1.06 1.05 
1.03 1.05 1.01 1.05 1.04 1.03 1.02 1.02 1.01 1.04 
1.01 1.02 1.04 1.06 1.01 1.05 1.05 1.03 1.04 1.03 
1.06 1.02 1.05 1.01 1.05 1.06 1.04 1.03 1.02 1.04 
1.03 1.02 1.01 1.03 1.02 1.01 1.01 1.06 1.03 1.06 
1.03 1.02 1.01 1.05 1.03 1.04 1.06 1.01 1.04 1.02 
1.02 1.06 1.06 1.05 1.03 1.03 1.04 1.04 1.01 1.04 
1.02 1.01 1.03 1.06 1.04 1.01 1.04 1.02 1.04 1.01 
1.03 1.02 1.06 1.02 1.05 1.05 1.04 1.05 1.06 1.03 
1.01 1.01 1.05 1.01 1.01 1.02 1.05 1.06 1.06 1.01 
1.03 1.06 1.02 1.02 1.01 1.01 1.04 1.05 1.06 1.01 
1.06 1.02 1.04 1.03 1.04 1.04 1.05 1.02 1.01 1.01 
1.04 1.05 1.02 1.03 1.04 1.01 1.01 1.06 1.02 1.06 
1.04 1.06 1.06 1.02 1.04 1.02 1.01 1.01 1.02 1.02 
