10
100
7 26 19 29 2 89 81 44 59 54 75 1 54 67 9 83 64 82 8 63 27 92 94 85 96 90 64 54 86 16 14 86 45 81 48 32 27 55 42 64 61 27 53 21 17 4 56 51 7 69 23 82 34 63 95 99 93 55 14 54 93 48 74 25 88 37 68 16 74 1 61 66 11 91 44 19 81 32 9 10 4 75 55 9 91 59 97 50 45 83 37 12 36 26 88 39 12 84 64 21 
6 4 2 1 7 3 3 5 1 7 
1.1 1.09 1.14 1.14 1.14 1.06 1.13 1.11 1.13 1.13 
1.1 1.09 1.05 1.07 1.06 1.06 1.13 1.06 1.1 1.1 
1.06 1.05 1.05 1.1 1.14 1.12 1.14 1.06 1.13 1.11 
1.09 1.14 1.11 1.11 1.05 1.08 1.14 1.05 1.13 1.11 
1.06 1.12 1.09 1.11 1.08 1.09 1.08 1.09 1.08 1.06 
1.05 1.07 1.1 1.07 1.12 1.06 1.12 1.08 1.12 1.1 
1.06 1.13 1.1 1.05 1.09 1.05 1.1 1.11 1.09 1.11 
1.12 1.12 1.05 1.1 1.08 1.08 1.1 1.11 1.06 1.13 
1.05 1.14 1.05 1.05 1.05 1.09 1.1 1.05 1.12 1.08 
1.08 1.14 1.08 1.13 1.11 1.14 1.08 1.13 1.06 1.09 
1.11 1.11 1.06 1.13 1.06 1.05 1.13 1.12 1.13 1.1 
1.14 1.12 1.06 1.09 1.07 1.11 1.1 1.11 1.13 1.09 
1.12 1.09 1.07 1.12 1.05 1.1 1.09 1.09 1.12 1.14 
1.07 1.14 1.12 1.08 1.07 1.13 1.11 1.07 1.06 1.12 
1.13 1.09 1.09 1.12 1.13 1.09 1.14 1.13 1.1 1.09 
1.1 1.14 1.05 1.06 1.08 1.08 1.11 1.12 1.07 1.14 
1.07 1.06 1.12 1.05 1.12 1.07 1.1 1.09 1.06 1.11 
1.06 1.09 1.06 1.05 1.06 1.13 1.08 1.08 1.12 1.08 
1.1 1.14 1.07 1.06 1.07 1.05 1.09 1.12 1.11 1.14 
1.07 1.12 1.06 1.13 1.11 1.08 1.11 1.08 1.12 1.09 
1.09 1.14 1.09 1.13 1.06 1.13 1.1 1.12 1.1 1.13 
1.11 1.1 1.09 1.1 1.13 1.06 1.1 1.05 1.09 1.07 
1.13 1.12 1.09 1.14 1.13 1.06 1.11 1.11 1.05 1.11 
1.08 1.14 1.05 1.08 1.12 1.05 1.1 1.1 1.11 1.09 
1.08 1.08 1.1 1.1 1.14 1.05 1.07 1.1 1.14 1.11 
1.06 1.05 1.11 1.08 1.12 1.14 1.06 1.06 1.07 1.06 
1.13 1.09 1.06 1.09 1.06 1.11 1.08 1.05 1.05 1.06 
1.07 1.07 1.1 1.1 1.1 1.12 1.12 1.11 1.14 1.11 
1.08 1.1 1.11 1.09 1.05 1.07 1.11 1.05 1.07 1.07 
1.11 1.05 1.12 1.1 1.07 1.14 1.06 1.14 1.06 1.06 
1.05 1.08 1.1 1.13 1.1 1.07 1.12 1.12 1.1 1.13 
1.12 1.14 1.06 1.09 1.05 1.09 1.06 1.12 1.11 1.09 
1.06 1.05 1.14 1.14 1.11 1.11 1.12 1.06 1.07 1.09 
1.06 1.12 1.1 1.14 1.08 1.09 1.11 1.05 1.05 1.09 
1.08 1.11 1.07 1.11 1.14 1.09 1.13 1.08 1.05 1.1 
1.11 1.12 1.06 1.05 1.14 1.05 1.06 1.11 1.09 1.07 
1.12 1.09 1.14 1.08 1.05 1.07 1.09 1.13 1.11 1.11 
1.07 1.09 1.06 1.12 1.13 1.1 1.06 1.05 1.11 1.1 
1.1 1.06 1.11 1.06 1.14 1.07 1.08 1.09 1.09 1.05 
1.12 1.09 1.09 1.13 1.14 1.05 1.1 1.13 1.13 1.05 
1.08 1.1 1.14 1.13 1.1 1.12 1.14 1.09 1.06 1.11 
1.11 1.11 1.07 1.08 1.07 1.07 1.07 1.14 1.07 1.12 
1.07 1.08 1.08 1.05 1.08 1.08 1.06 1.1 1.09 1.07 
1.14 1.13 1.13 1.06 1.05 1.14 1.09 1.06 1.1 1.14 
1.13 1.06 1.08 1.08 1.14 1.13 1.14 1.05 1.05 1.1 
1.14 1.13 1.07 1.08 1.06 1.07 1.06 1.07 1.14 1.12 
1.05 1.12 1.12 1.1 1.13 1.11 1.05 1.14 1.07 1.07 
1.09 1.12 1.1 1.1 1.05 1.1 1.1 1.08 1.05 1.07 
1.12 1.11 1.09 1.09 1.06 1.14 1.09 1.06 1.06 1.05 
1.14 1.05 1.14 1.1 1.12 1.07 1.11 1.12 1.1 1.1 
1.08 1.08 1.05 1.09 1.12 1.12 1.05 1.05 1.12 1.13 
1.11 1.13 1.05 1.11 1.1 1.06 1.06 1.1 1.09 1.08 
1.08 1.09 1.1 1.14 1.14 1.1 1.11 1.12 1.05 1.13 
1.05 1.07 1.14 1.14 1.14 1.12 1.07 1.06 1.06 1.12 
1.13 1.12 1.08 1.1 1.06 1.12 1.09 1.06 1.11 1.1 
1.06 1.14 1.12 1.13 1.06 1.1 1.14 1.14 1.12 1.1 
1.09 1.09 1.07 1.06 1.07 1.1 1.07 1.07 1.05 1.14 
1.05 1.07 1.06 1.08 1.14 1.07 1.09 1.07 1.12 1.11 
1.11 1.11 1.12 1.14 1.09 1.14 1.13 1.05 1.06 1.11 
1.11 1.11 1.11 1.09 1.14 1.12 1.08 1.13 1.13 1.11 
1.13 1.12 1.07 1.08 1.08 1.06 1.13 1.1 1.05 1.09 
1.07 1.11 1.06 1.06 1.05 1.12 1.09 1.14 1.12 1.12 
1.05 1.09 1.05 1.11 1.13 1.1 1.09 1.11 1.14 1.09 
1.06 1.1 1.08 1.11 1.06 1.13 1.14 1.1 1.13 1.11 
1.14 1.08 1.05 1.05 1.12 1.1 1.05 1.12 1.06 1.09 
1.06 1.07 1.09 1.05 1.12 1.14 1.07 1.11 1.09 1.12 
1.12 1.05 1.09 1.09 1.05 1.13 1.1 1.1 1.13 1.1 
1.08 1.11 1.13 1.13 1.11 1.05 1.13 1.06 1.1 1.1 
1.12 1.14 1.11 1.06 1.1 1.06 1.1 1.1 1.07 1.09 
1.06 1.13 1.1 1.12 1.05 1.06 1.08 1.08 1.1 1.05 
1.1 1.09 1.12 1.13 1.14 1.1 1.08 1.11 1.07 1.08 
1.1 1.05 1.14 1.08 1.09 1.08 1.13 1.07 1.13 1.08 
1.09 1.07 1.06 1.06 1.1 1.05 1.12 1.06 1.09 1.08 
1.11 1.06 1.13 1.05 1.11 1.13 1.05 1.13 1.1 1.11 
1.12 1.1 1.11 1.12 1.11 1.05 1.11 1.11 1.08 1.05 
1.08 1.08 1.13 1.13 1.08 1.11 1.07 1.07 1.05 1.13 
1.08 1.06 1.1 1.09 1.14 1.07 1.09 1.08 1.07 1.12 
1.06 1.07 1.05 1.11 1.1 1.07 1.13 1.07 1.06 1.06 
1.08 1.1 1.09 1.09 1.08 1.08 1.13 1.08 1.11 1.07 
1.1 1.06 1.07 1.09 1.13 1.05 1.14 1.14 1.13 1.14 
1.1 1.07 1.12 1.11 1.13 1.13 1.08 1.09 1.14 1.11 
1.06 1.09 1.11 1.07 1.1 1.14 1.09 1.07 1.06 1.07 
1.06 1.14 1.12 1.09 1.06 1.12 1.14 1.14 1.07 1.05 
1.06 1.05 1.06 1.13 1.06 1.07 1.05 1.11 1.06 1.14 
1.14 1.05 1.08 1.11 1.13 1.14 1.08 1.09 1.07 1.09 
1.09 1.08 1.05 1.06 1.14 1.13 1.05 1.1 1.09 1.07 
1.11 1.13 1.11 1.07 1.14 1.12 1.1 1.09 1.09 1.14 
1.12 1.06 1.12 1.14 1.11 1.08 1.11 1.09 1.14 1.06 
1.1 1.11 1.09 1.07 1.12 1.1 1.12 1.13 1.13 1.07 
1.14 1.13 1.11 1.14 1.14 1.06 1.09 1.06 1.13 1.07 
1.13 1.07 1.12 1.11 1.09 1.05 1.07 1.1 1.05 1.13 
1.08 1.11 1.06 1.14 1.13 1.1 1.1 1.1 1.07 1.08 
1.07 1.11 1.11 1.14 1.09 1.05 1.05 1.06 1.09 1.11 
1.07 1.08 1.1 1.09 1.09 1.09 1.11 1.11 1.11 1.13 
1.11 1.13 1.11 1.1 1.14 1.07 1.09 1.14 1.05 1.13 
1.12 1.11 1.07 1.09 1.12 1.08 1.07 1.06 1.05 1.13 
1.08 1.14 1.08 1.12 1.11 1.08 1.06 1.11 1.1 1.05 
1.08 1.11 1.07 1.13 1.06 1.06 1.09 1.1 1.12 1.13 
1.09 1.11 1.11 1.12 1.05 1.09 1.13 1.06 1.12 1.1 
1.11 1.13 1.1 1.1 1.09 1.1 1.07 1.13 1.12 1.07 
