10
100
49 81 22 99 28 68 61 45 20 18 57 12 62 28 40 10 97 15 86 29 5 40 27 88 57 8 44 27 65 5 30 55 52 52 14 29 6 65 28 81 73 73 87 10 50 10 28 77 90 92 42 1 58 41 89 57 14 97 62 88 100 100 43 15 61 73 8 18 52 68 44 44 100 82 56 16 62 12 44 64 50 29 3 15 70 72 2 12 15 97 28 100 5 75 20 52 41 34 78 31 
9 2 6 8 7 3 6 2 2 5 
1.02 1.01 1.04 1.02 1.03 1.03 1.06 1.06 1.02 1.05 
1.03 1.05 1.06 1.01 1.05 1.04 1.05 1.06 1.01 1.05 
1.05 1.05 1.05 1.03 1.03 1.05 1.03 1.03 1.06 1.05 
1.06 1.06 1.02 1.05 1.04 1.04 1.01 1.04 1.03 1.05 
1.04 1.05 1.01 1.01 1.05 1.04 1.04 1.06 1.02 1.06 
1.03 1.04 1.03 1.02 1.05 1.05 1.01 1.06 1.06 1.04 
1.05 1.05 1.01 1.01 1.04 1.03 1.06 1.05 1.05 1.05 
1.03 1.03 1.02 1.06 1.01 1.05 1.04 1.02 1.06 1.01 
1.05 1.01 1.06 1.03 1.03 1.06 1.02 1.02 1.03 1.03 
1.06 1.05 1.01 1.03 1.05 1.03 1.02 1.03 1.01 1.06 
1.01 1.01 1.05 1.02 1.06 1.04 1.06 1.02 1.05 1.05 
1.04 1.06 1.03 1.06 1.01 1.05 1.03 1.04 1.04 1.02 
1.03 1.04 1.05 1.02 1.02 1.05 1.04 1.03 1.01 1.01 
1.02 1.01 1.06 1.01 1.06 1.06 1.04 1.01 1.05 1.05 
1.04 1.01 1.05 1.02 1.04 1.04 1.02 1.01 1.01 1.06 
1.02 1.02 1.02 1.02 1.04 1.02 1.02 1.06 1.03 1.04 
1.02 1.02 1.04 1.03 1.03 1.06 1.02 1.06 1.03 1.06 
1.06 1.06 1.02 1.03 1.03 1.05 1.04 1.04 1.06 1.05 
1.06 1.03 1.01 1.03 1.01 1.03 1.06 1.01 1.06 1.03 
1.03 1.02 1.01 1.04 1.01 1.04 1.06 1.01 1.02 1.02 
1.06 1.03 1.06 1.02 1.03 1.01 1.01 1.05 1.01 1.05 
1.01 1.02 1.02 1.06 1.03 1.03 1.04 1.02 1.03 1.04 
1.06 1.01 1.04 1.05 1.06 1.06 1.03 1.03 1.03 1.06 
1.06 1.01 1.01 1.02 1.04 1.01 1.05 1.06 1.02 1.02 
1.05 1.02 1.06 1.06 1.05 1.02 1.01 1.03 1.03 1.02 
1.04 1.05 1.04 1.01 1.03 1.02 1.04 1.03 1.02 1.04 
1.05 1.02 1.01 1.01 1.06 1.02 1.02 1.03 1.06 1.03 
1.04 1.02 1.03 1.04 1.06 1.05 1.01 1.04 1.03 1.01 
1.06 1.06 1.01 1.06 1.01 1.03 1.05 1.04 1.01 1.06 
1.02 1.01 1.02 1.02 1.04 1.05 1.01 1.05 1.02 1.04 
1.03 1.03 1.04 1.04 1.02 1.05 1.01 1.05 1.05 1.06 
1.04 1.01 1.06 1.05 1.03 1.01 1.01 1.06 1.06 1.01 
1.03 1.02 1.01 1.06 1.04 1.03 1.03 1.01 1.03 1.02 
1.03 1.06 1.01 1.03 1.05 1.01 1.05 1.06 1.06 1.04 
1.06 1.05 1.05 1.03 1.05 1.05 1.01 1.06 1.03 1.05 
1.03 1.02 1.03 1.02 1.05 1.05 1.04 1.04 1.01 1.01 
1.05 1.06 1.06 1.05 1.02 1.02 1.01 1.03 1.02 1.04 
1.02 1.04 1.02 1.03 1.04 1.03 1.03 1.01 1.05 1.01 
1.05 1.05 1.04 1.03 1.05 1.03 1.06 1.05 1.02 1.04 
1.01 1.04 1.05 1.06 1.06 1.05 1.04 1.03 1.04 1.01 
1.01 1.04 1.05 1.05 1.01 1.01 1.02 1.05 1.01 1.04 
1.03 1.02 1.01 1.01 1.06 1.06 1.01 1.03 1.04 1.01 
1.06 1.06 1.05 1.04 1.01 1.01 1.05 1.01 1.01 1.04 
1.05 1.05 1.03 1.01 1.01 1.02 1.04 1.01 1.01 1.02 
1.03 1.05 1.06 1.06 1.04 1.04 1.02 1.01 1.02 1.05 
1.06 1.01 1.05 1.03 1.05 1.06 1.01 1.05 1.05 1.03 
1.02 1.04 1.05 1.05 1.02 1.02 1.02 1.03 1.03 1.04 
1.06 1.02 1.04 1.03 1.04 1.01 1.02 1.05 1.02 1.02 
1.01 1.05 1.01 1.04 1.01 1.06 1.01 1.04 1.04 1.03 
1.04 1.01 1.06 1.06 1.03 1.05 1.04 1.04 1.06 1.04 
1.02 1.05 1.04 1.06 1.04 1.03 1.03 1.05 1.01 1.03 
1.03 1.01 1.06 1.01 1.02 1.06 1.03 1.05 1.01 1.03 
1.06 1.04 1.04 1.01 1.02 1.03 1.04 1.01 1.02 1.02 
1.01 1.05 1.04 1.05 1.02 1.01 1.01 1.02 1.03 1.04 
1.02 1.05 1.01 1.06 1.05 1.06 1.01 1.05 1.05 1.03 
1.03 1.05 1.05 1.03 1.03 1.03 1.03 1.06 1.04 1.04 
1.04 1.05 1.05 1.06 1.03 1.01 1.02 1.03 1.06 1.03 
1.05 1.04 1.02 1.03 1.03 1.05 1.06 1.05 1.06 1.03 
1.01 1.03 1.03 1.06 1.04 1.04 1.05 1.01 1.02 1.04 
1.01 1.02 1.05 1.03 1.04 1.01 1.01 1.05 1.06 1.02 
1.03 1.03 1.03 1.03 1.04 1.04 1.06 1.01 1.05 1.04 
1.02 1.06 1.02 1.02 1.05 1.04 1.02 1.05 1.02 1.01 
1.04 1.02 1.02 1.02 1.01 1.05 1.04 1.02 1.01 1.06 
1.04 1.06 1.03 1.02 1.02 1.05 1.04 1.05 1.01 1.06 
1.05 1.01 1.02 1.01 1.04 1.05 1.01 1.01 1.01 1.06 
1.06 1.05 1.06 1.03 1.02 1.05 1.02 1.02 1.01 1.04 
1.02 1.01 1.02 1.01 1.02 1.03 1.05 1.05 1.06 1.01 
1.04 1.05 1.05 1.05 1.01 1.06 1.01 1.02 1.05 1.04 
1.01 1.05 1.02 1.05 1.05 1.03 1.01 1.05 1.05 1.05 
1.03 1.04 1.02 1.05 1.02 1.02 1.04 1.03 1.01 1.01 
1.06 1.01 1.05 1.05 1.01 1.02 1.05 1.02 1.02 1.05 
1.01 1.06 1.05 1.03 1.05 1.06 1.01 1.01 1.02 1.06 
1.02 1.05 1.04 1.06 1.01 1.05 1.03 1.01 1.02 1.01 
1.02 1.06 1.02 1.06 1.06 1.03 1.03 1.03 1.06 1.06 
1.03 1.03 1.01 1.01 1.05 1.04 1.06 1.06 1.04 1.05 
1.02 1.04 1.05 1.06 1.05 1.03 1.01 1.06 1.06 1.03 
1.04 1.02 1.02 1.05 1.03 1.03 1.01 1.04 1.06 1.05 
1.02 1.02 1.02 1.04 1.02 1.04 1.05 1.03 1.05 1.03 
1.06 1.05 1.05 1.01 1.03 1.03 1.05 1.03 1.06 1.03 
1.02 1.06 1.02 1.05 1.01 1.02 1.05 1.06 1.04 1.04 
1.02 1.05 1.03 1.04 1.04 1.03 1.05 1.03 1.01 1.04 
1.03 1.03 1.02 1.02 1.06 1.04 1.04 1.06 1.01 1.06 
1.05 1.01 1.03 1.01 1.03 1.01 1.05 1.05 1.04 1.02 
1.06 1.04 1.01 1.04 1.01 1.04 1.01 1.05 1.03 1.06 
1.06 1.01 1.04 1.02 1.05 1.03 1.02 1.03 1.06 1.02 
1.05 1.06 1.05 1.05 1.01 1.06 1.03 1.04 1.06 1.06 
1.04 1.06 1.06 1.05 1.02 1.01 1.06 1.02 1.04 1.05 
1.04 1.05 1.05 1.03 1.02 1.06 1.01 1.02 1.03 1.01 
1.06 1.05 1.01 1.04 1.04 1.01 1.05 1.04 1.04 1.05 
1.04 1.03 1.06 1.03 1.05 1.05 1.01 1.01 1.02 1.04 
1.04 1.06 1.06 1.02 1.06 1.01 1.01 1.06 1.06 1.06 
1.03 1.06 1.05 1.04 1.06 1.04 1.04 1.06 1.06 1.03 
1.05 1.06 1.03 1.05 1.05 1.05 1.03 1.05 1.06 1.04 
1.03 1.02 1.06 1.05 1.04 1.06 1.03 1.01 1.04 1.04 
1.02 1.03 1.03 1.05 1.05 1.04 1.01 1.01 1.01 1.01 
1.05 1.06 1.03 1.03 1.05 1.04 1.02 1.04 1.05 1.03 
1.04 1.05 1.02 1.05 1.06 1.06 1.03 1.03 1.02 1.05 
1.01 1.03 1.02 1.02 1.04 1.02 1.02 1.02 1.02 1.05 
1.02 1.05 1.06 1.05 1.04 1.05 1.03 1.05 1.02 1.06 
1.03 1.03 1.04 1.06 1.02 1.05 1.06 1.06 1.03 1.02 
