10
150
6 11 15 73 46 52 99 71 89 40 53 28 16 2 20 92 63 89 92 71 68 47 76 20 10 36 84 52 62 27 23 90 8 65 51 53 57 99 20 32 3 86 50 42 62 18 30 79 10 69 6 13 1 6 68 46 38 88 76 93 17 29 28 34 89 49 2 16 76 21 20 5 3 56 67 84 85 83 88 31 48 4 78 38 53 33 74 72 63 97 39 70 75 4 91 48 66 71 65 21 80 79 47 74 92 66 79 87 12 9 48 20 93 72 16 9 58 55 43 13 34 34 43 36 31 48 14 80 82 87 63 36 92 63 16 14 66 48 84 27 12 45 64 8 18 74 84 99 27 60 
5 7 9 7 4 8 7 6 2 8 
1.06 1.06 1.01 1.04 1.02 1.02 1.03 1.06 1.03 1.06 
1.02 1.05 1.01 1.01 1.04 1.04 1.02 1.03 1.01 1.03 
1.03 1.06 1.06 1.04 1.02 1.05 1.05 1.04 1.03 1.05 
1.06 1.05 1.02 1.02 1.02 1.01 1.01 1.01 1.02 1.05 
1.04 1.04 1.02 1.05 1.06 1.03 1.04 1.01 1.05 1.01 
1.02 1.06 1.01 1.01 1.01 1.06 1.05 1.02 1.06 1.04 
1.02 1.06 1.03 1.02 1.02 1.06 1.05 1.04 1.02 1.03 
1.04 1.06 1.04 1.02 1.04 1.02 1.05 1.01 1.03 1.03 
1.02 1.05 1.01 1.03 1.05 1.03 1.02 1.02 1.01 1.03 
1.03 1.06 1.05 1.04 1.04 1.03 1.06 1.03 1.02 1.06 
1.01 1.01 1.02 1.06 1.04 1.05 1.03 1.06 1.05 1.01 
1.06 1.06 1.02 1.06 1.04 1.05 1.01 1.04 1.05 1.05 
1.06 1.04 1.05 1.01 1.03 1.01 1.05 1.01 1.04 1.04 
1.05 1.02 1.01 1.05 1.06 1.04 1.04 1.01 1.01 1.04 
1.03 1.03 1.01 1.03 1.01 1.01 1.01 1.04 1.06 1.06 
1.03 1.06 1.06 1.02 1.06 1.05 1.01 1.03 1.05 1.03 
1.06 1.04 1.05 1.05 1.05 1.05 1.02 1.05 1.04 1.05 
1.02 1.03 1.03 1.05 1.06 1.02 1.02 1.03 1.05 1.05 
1.03 1.03 1.05 1.06 1.04 1.03 1.04 1.05 1.06 1.06 
1.03 1.02 1.02 1.01 1.05 1.04 1.03 1.05 1.01 1.06 
1.02 1.06 1.03 1.02 1.01 1.04 1.02 1.06 1.04 1.04 
1.01 1.03 1.04 1.06 1.03 1.04 1.05 1.05 1.02 1.03 
1.02 1.01 1.01 1.02 1.04 1.02 1.06 1.04 1.04 1.06 
1.03 1.03 1.06 1.01 1.06 1.04 1.06 1.04 1.03 1.06 
1.05 1.01 1.05 1.03 1.06 1.03 1.05 1.05 1.03 1.06 
1.04 1.02 1.06 1.04 1.03 1.01 1.06 1.03 1.04 1.03 
1.03 1.06 1.02 1.05 1.02 1.05 1.02 1.02 1.01 1.05 
1.01 1.01 1.06 1.04 1.05 1.02 1.06 1.04 1.02 1.02 
1.03 1.02 1.03 1.04 1.05 1.05 1.02 1.02 1.01 1.01 
1.05 1.02 1.04 1.03 1.04 1.05 1.04 1.06 1.03 1.03 
1.03 1.05 1.03 1.02 1.02 1.05 1.05 1.01 1.02 1.05 
1.04 1.03 1.02 1.04 1.03 1.04 1.01 1.02 1.04 1.05 
1.06 1.06 1.01 1.05 1.05 1.03 1.06 1.04 1.04 1.01 
1.05 1.05 1.03 1.06 1.05 1.01 1.03 1.06 1.01 1.03 
1.03 1.04 1.05 1.01 1.04 1.01 1.06 1.05 1.06 1.03 
1.01 1.05 1.04 1.01 1.04 1.06 1.03 1.02 1.05 1.05 
1.02 1.05 1.01 1.05 1.05 1.06 1.03 1.03 1.03 1.05 
1.04 1.06 1.06 1.03 1.01 1.04 1.05 1.05 1.03 1.01 
1.01 1.02 1.01 1.03 1.05 1.05 1.04 1.06 1.03 1.02 
1.03 1.02 1.03 1.06 1.03 1.02 1.05 1.05 1.04 1.02 
1.03 1.02 1.01 1.05 1.05 1.02 1.05 1.02 1.06 1.01 
1.02 1.05 1.01 1.01 1.03 1.03 1.01 1.06 1.03 1.06 
1.06 1.04 1.06 1.06 1.04 1.01 1.01 1.01 1.06 1.03 
1.04 1.05 1.06 1.03 1.04 1.04 1.01 1.04 1.03 1.06 
1.02 1.01 1.02 1.03 1.02 1.03 1.02 1.03 1.03 1.01 
1.06 1.04 1.06 1.02 1.04 1.01 1.06 1.02 1.01 1.03 
1.03 1.05 1.06 1.04 1.01 1.06 1.01 1.05 1.05 1.03 
1.03 1.01 1.04 1.03 1.05 1.02 1.04 1.02 1.06 1.02 
1.04 1.06 1.04 1.02 1.05 1.03 1.06 1.02 1.01 1.05 
1.06 1.01 1.06 1.03 1.06 1.04 1.02 1.04 1.05 1.01 
1.01 1.04 1.01 1.03 1.05 1.01 1.03 1.06 1.05 1.01 
1.01 1.04 1.04 1.01 1.03 1.05 1.01 1.06 1.05 1.05 
1.01 1.02 1.05 1.02 1.06 1.02 1.06 1.02 1.01 1.03 
1.02 1.01 1.02 1.03 1.01 1.06 1.05 1.01 1.05 1.02 
1.03 1.04 1.05 1.02 1.04 1.05 1.01 1.05 1.04 1.05 
1.02 1.03 1.01 1.01 1.02 1.05 1.04 1.03 1.03 1.03 
1.06 1.06 1.02 1.03 1.04 1.03 1.06 1.05 1.06 1.03 
1.03 1.03 1.03 1.04 1.05 1.01 1.05 1.04 1.05 1.05 
1.04 1.04 1.04 1.01 1.04 1.03 1.05 1.04 1.05 1.04 
1.03 1.06 1.05 1.04 1.06 1.01 1.02 1.04 1.05 1.04 
1.03 1.04 1.01 1.06 1.04 1.04 1.06 1.01 1.01 1.06 
1.05 1.02 1.05 1.03 1.06 1.02 1.02 1.04 1.04 1.06 
1.01 1.05 1.03 1.03 1.06 1.01 1.04 1.02 1.05 1.03 
1.05 1.02 1.01 1.02 1.04 1.06 1.04 1.06 1.06 1.02 
1.05 1.01 1.03 1.03 1.05 1.02 1.03 1.01 1.04 1.03 
1.02 1.05 1.02 1.03 1.03 1.01 1.03 1.01 1.05 1.06 
1.05 1.06 1.02 1.06 1.05 1.06 1.04 1.01 1.05 1.03 
1.01 1.06 1.02 1.05 1.04 1.01 1.02 1.02 1.04 1.06 
1.01 1.03 1.02 1.03 1.03 1.03 1.03 1.01 1.02 1.05 
1.01 1.02 1.01 1.04 1.04 1.03 1.01 1.03 1.03 1.02 
1.01 1.01 1.01 1.03 1.02 1.01 1.02 1.01 1.03 1.06 
1.04 1.04 1.04 1.04 1.04 1.05 1.01 1.03 1.04 1.06 
1.03 1.06 1.04 1.05 1.03 1.01 1.04 1.04 1.05 1.05 
1.06 1.03 1.05 1.02 1.02 1.04 1.06 1.05 1.01 1.02 
1.01 1.04 1.05 1.01 1.03 1.06 1.06 1.06 1.03 1.06 
1.06 1.01 1.03 1.04 1.01 1.06 1.06 1.04 1.04 1.06 
1.01 1.02 1.01 1.01 1.01 1.03 1.01 1.04 1.03 1.02 
1.02 1.02 1.01 1.01 1.03 1.03 1.04 1.01 1.04 1.02 
1.01 1.02 1.05 1.05 1.05 1.04 1.02 1.04 1.05 1.03 
1.04 1.06 1.03 1.01 1.05 1.04 1.05 1.04 1.05 1.03 
1.01 1.02 1.01 1.04 1.03 1.03 1.03 1.05 1.02 1.03 
1.03 1.02 1.03 1.03 1.02 1.01 1.06 1.04 1.01 1.02 
1.04 1.04 1.01 1.01 1.05 1.01 1.06 1.05 1.02 1.05 
1.06 1.04 1.02 1.04 1.03 1.01 1.06 1.02 1.03 1.02 
1.06 1.01 1.05 1.02 1.04 1.01 1.05 1.02 1.02 1.02 
1.01 1.03 1.04 1.01 1.01 1.01 1.06 1.06 1.06 1.03 
1.03 1.04 1.02 1.03 1.03 1.04 1.04 1.04 1.02 1.02 
1.01 1.01 1.05 1.02 1.06 1.01 1.05 1.06 1.06 1.03 
1.01 1.06 1.06 1.06 1.04 1.02 1.03 1.05 1.05 1.05 
1.02 1.04 1.06 1.01 1.02 1.02 1.03 1.06 1.02 1.06 
1.03 1.05 1.06 1.05 1.01 1.02 1.05 1.01 1.01 1.02 
1.04 1.04 1.02 1.02 1.02 1.05 1.02 1.02 1.05 1.03 
1.05 1.06 1.02 1.03 1.01 1.05 1.02 1.03 1.03 1.01 
1.02 1.02 1.01 1.02 1.02 1.04 1.01 1.02 1.06 1.01 
1.01 1.02 1.01 1.04 1.04 1.04 1.02 1.03 1.01 1.02 
1.05 1.03 1.06 1.05 1.01 1.04 1.01 1.04 1.06 1.05 
1.04 1.03 1.02 1.03 1.05 1.01 1.05 1.02 1.02 1.02 
1.06 1.06 1.03 1.06 1.04 1.02 1.06 1.03 1.03 1.02 
1.06 1.06 1.06 1.05 1.02 1.06 1.01 1.06 1.06 1.01 
1.03 1.04 1.06 1.03 1.06 1.02 1.03 1.05 1.04 1.01 
1.06 1.04 1.03 1.06 1.01 1.05 1.03 1.03 1.04 1.03 
1.01 1.06 1.05 1.05 1.04 1.01 1.04 1.01 1.04 1.05 
1.02 1.06 1.01 1.03 1.01 1.01 1.05 1.02 1.05 1.03 
1.04 1.02 1.03 1.04 1.01 1.05 1.06 1.06 1.06 1.04 
1.03 1.05 1.04 1.02 1.04 1.01 1.01 1.06 1.05 1.04 
1.05 1.02 1.05 1.04 1.01 1.06 1.06 1.06 1.02 1.01 
1.06 1.03 1.01 1.03 1.04 1.03 1.01 1.04 1.05 1.03 
1.06 1.06 1.06 1.06 1.04 1.05 1.04 1.04 1.04 1.04 
1.06 1.05 1.04 1.02 1.06 1.01 1.03 1.02 1.04 1.02 
1.05 1.04 1.03 1.05 1.05 1.02 1.02 1.03 1.01 1.01 
1.04 1.04 1.05 1.04 1.05 1.02 1.05 1.03 1.02 1.06 
1.04 1.04 1.06 1.06 1.05 1.04 1.04 1.01 1.05 1.02 
1.01 1.05 1.02 1.06 1.02 1.01 1.06 1.01 1.05 1.03 
1.02 1.05 1.06 1.05 1.02 1.03 1.01 1.03 1.02 1.03 
1.03 1.01 1.01 1.03 1.01 1.06 1.05 1.05 1.01 1.04 
1.02 1.05 1.06 1.05 1.03 1.06 1.04 1.05 1.02 1.05 
1.06 1.05 1.02 1.05 1.02 1.06 1.05 1.03 1.02 1.05 
1.02 1.05 1.04 1.03 1.05 1.01 1.01 1.01 1.04 1.01 
1.03 1.05 1.02 1.04 1.06 1.04 1.06 1.03 1.02 1.04 
1.04 1.04 1.06 1.04 1.03 1.04 1.02 1.06 1.06 1.01 
1.04 1.02 1.05 1.01 1.03 1.05 1.06 1.02 1.01 1.05 
1.06 1.03 1.06 1.02 1.05 1.02 1.03 1.03 1.06 1.03 
1.02 1.01 1.01 1.03 1.02 1.04 1.02 1.05 1.02 1.04 
1.06 1.05 1.02 1.01 1.03 1.02 1.06 1.01 1.06 1.03 
1.04 1.06 1.02 1.01 1.03 1.06 1.06 1.02 1.06 1.04 
1.02 1.01 1.06 1.04 1.01 1.04 1.06 1.05 1.05 1.03 
1.05 1.04 1.03 1.05 1.06 1.06 1.01 1.03 1.06 1.06 
1.04 1.05 1.02 1.06 1.02 1.02 1.06 1.02 1.04 1.04 
1.03 1.06 1.06 1.03 1.01 1.02 1.02 1.04 1.02 1.05 
1.04 1.05 1.05 1.05 1.01 1.02 1.04 1.03 1.05 1.05 
1.02 1.05 1.03 1.04 1.04 1.01 1.03 1.02 1.05 1.06 
1.04 1.05 1.03 1.01 1.02 1.02 1.04 1.05 1.05 1.06 
1.05 1.06 1.06 1.06 1.06 1.01 1.03 1.05 1.02 1.05 
1.01 1.03 1.04 1.06 1.05 1.02 1.05 1.01 1.01 1.02 
1.03 1.04 1.06 1.03 1.01 1.06 1.04 1.02 1.02 1.01 
1.02 1.01 1.02 1.01 1.02 1.02 1.02 1.06 1.01 1.04 
1.01 1.02 1.04 1.03 1.01 1.01 1.06 1.02 1.01 1.05 
1.02 1.01 1.05 1.06 1.04 1.06 1.05 1.05 1.05 1.06 
1.04 1.06 1.03 1.06 1.04 1.04 1.04 1.04 1.02 1.02 
1.03 1.06 1.02 1.06 1.01 1.01 1.02 1.06 1.06 1.06 
1.04 1.03 1.01 1.01 1.03 1.06 1.02 1.01 1.02 1.02 
1.06 1.03 1.02 1.06 1.03 1.04 1.03 1.06 1.04 1.01 
1.02 1.06 1.02 1.05 1.03 1.05 1.03 1.06 1.05 1.05 
1.02 1.03 1.05 1.04 1.04 1.03 1.02 1.03 1.06 1.05 
1.05 1.01 1.05 1.06 1.02 1.06 1.06 1.02 1.04 1.01 
1.06 1.04 1.05 1.02 1.06 1.04 1.05 1.06 1.03 1.06 
1.01 1.05 1.01 1.06 1.01 1.04 1.06 1.03 1.02 1.06 
1.03 1.02 1.06 1.03 1.04 1.02 1.05 1.04 1.05 1.02 
1.05 1.04 1.02 1.04 1.06 1.03 1.04 1.05 1.03 1.01 
1.06 1.02 1.02 1.06 1.03 1.06 1.01 1.06 1.01 1.06 
