10
100
90 82 84 72 41 59 41 91 55 11 20 57 86 67 55 59 68 61 16 14 50 33 2 56 40 49 84 88 54 35 37 84 99 66 20 73 27 81 33 57 30 99 8 77 23 20 26 28 71 39 37 80 43 88 31 8 38 95 58 14 91 10 82 49 57 52 60 50 16 3 70 94 45 87 18 71 61 43 7 84 23 47 62 53 58 51 26 92 100 91 14 25 36 91 71 33 45 89 56 5 
1 2 3 4 1 4 6 3 9 4 
1.06 1.05 1.02 1.04 1.05 1.02 1.02 1.01 1.04 1.04 
1.04 1.05 1.05 1.01 1.06 1.01 1.02 1.06 1.01 1.04 
1.05 1.06 1.01 1.01 1.06 1.03 1.02 1.01 1.06 1.03 
1.05 1.06 1.03 1.05 1.04 1.04 1.05 1.01 1.05 1.03 
1.01 1.05 1.05 1.05 1.06 1.02 1.01 1.03 1.05 1.06 
1.02 1.04 1.04 1.04 1.04 1.02 1.01 1.04 1.01 1.06 
1.03 1.06 1.04 1.01 1.06 1.04 1.06 1.04 1.03 1.05 
1.01 1.04 1.06 1.05 1.02 1.02 1.04 1.05 1.02 1.01 
1.03 1.06 1.03 1.02 1.03 1.06 1.02 1.02 1.03 1.03 
1.01 1.05 1.01 1.04 1.03 1.04 1.03 1.04 1.03 1.06 
1.06 1.06 1.01 1.05 1.04 1.04 1.03 1.06 1.05 1.06 
1.01 1.06 1.05 1.01 1.01 1.03 1.04 1.02 1.05 1.06 
1.03 1.01 1.03 1.06 1.03 1.03 1.05 1.03 1.05 1.02 
1.04 1.02 1.04 1.03 1.01 1.03 1.03 1.06 1.02 1.04 
1.01 1.02 1.02 1.06 1.04 1.03 1.04 1.03 1.06 1.03 
1.01 1.01 1.02 1.03 1.02 1.01 1.03 1.06 1.05 1.01 
1.05 1.06 1.05 1.05 1.03 1.04 1.03 1.01 1.02 1.03 
1.06 1.03 1.02 1.06 1.04 1.02 1.06 1.05 1.06 1.05 
1.06 1.01 1.03 1.03 1.04 1.02 1.04 1.01 1.03 1.03 
1.01 1.01 1.06 1.02 1.03 1.02 1.05 1.05 1.04 1.03 
1.04 1.06 1.05 1.04 1.04 1.06 1.05 1.04 1.02 1.03 
1.05 1.04 1.01 1.04 1.03 1.06 1.04 1.06 1.01 1.02 
1.04 1.06 1.03 1.03 1.04 1.02 1.02 1.05 1.04 1.04 
1.02 1.04 1.03 1.02 1.01 1.02 1.03 1.02 1.01 1.03 
1.04 1.05 1.01 1.01 1.02 1.02 1.05 1.04 1.01 1.04 
1.02 1.05 1.05 1.03 1.06 1.02 1.02 1.02 1.02 1.02 
1.06 1.05 1.06 1.06 1.01 1.05 1.03 1.02 1.05 1.01 
1.02 1.02 1.02 1.01 1.06 1.01 1.01 1.01 1.04 1.05 
1.05 1.02 1.05 1.02 1.05 1.01 1.02 1.02 1.06 1.04 
1.04 1.04 1.06 1.01 1.04 1.03 1.01 1.06 1.01 1.01 
1.04 1.06 1.03 1.06 1.04 1.01 1.04 1.03 1.06 1.06 
1.02 1.04 1.04 1.04 1.02 1.01 1.06 1.02 1.05 1.03 
1.06 1.06 1.06 1.03 1.01 1.05 1.06 1.02 1.05 1.03 
1.03 1.05 1.04 1.05 1.05 1.06 1.03 1.06 1.04 1.04 
1.04 1.01 1.05 1.01 1.03 1.05 1.04 1.04 1.05 1.04 
1.03 1.04 1.06 1.02 1.02 1.04 1.06 1.05 1.03 1.02 
1.01 1.06 1.04 1.01 1.02 1.05 1.04 1.04 1.05 1.04 
1.03 1.03 1.04 1.03 1.02 1.03 1.03 1.06 1.05 1.05 
1.03 1.02 1.05 1.01 1.03 1.01 1.06 1.04 1.01 1.02 
1.05 1.01 1.01 1.05 1.03 1.01 1.03 1.06 1.02 1.01 
1.02 1.04 1.03 1.03 1.04 1.03 1.02 1.04 1.01 1.04 
1.01 1.03 1.04 1.02 1.02 1.02 1.03 1.05 1.01 1.02 
1.01 1.06 1.03 1.01 1.06 1.06 1.02 1.03 1.02 1.04 
1.03 1.01 1.03 1.01 1.06 1.02 1.01 1.05 1.03 1.06 
1.04 1.04 1.01 1.01 1.01 1.02 1.04 1.05 1.02 1.02 
1.02 1.03 1.05 1.01 1.05 1.05 1.04 1.01 1.01 1.06 
1.05 1.01 1.02 1.01 1.03 1.03 1.03 1.03 1.04 1.03 
1.01 1.02 1.04 1.02 1.01 1.06 1.06 1.04 1.05 1.03 
1.01 1.04 1.05 1.01 1.03 1.05 1.03 1.03 1.04 1.01 
1.02 1.01 1.06 1.03 1.02 1.01 1.02 1.04 1.06 1.01 
1.05 1.03 1.04 1.01 1.05 1.02 1.04 1.04 1.02 1.06 
1.03 1.04 1.05 1.01 1.04 1.01 1.01 1.04 1.04 1.02 
1.05 1.02 1.05 1.02 1.04 1.02 1.04 1.02 1.01 1.04 
1.05 1.01 1.01 1.03 1.05 1.05 1.04 1.05 1.06 1.06 
1.01 1.06 1.01 1.05 1.04 1.01 1.01 1.03 1.02 1.02 
1.06 1.01 1.06 1.03 1.05 1.01 1.02 1.06 1.03 1.01 
1.01 1.01 1.01 1.02 1.03 1.04 1.04 1.06 1.04 1.03 
1.01 1.03 1.06 1.06 1.05 1.06 1.01 1.04 1.03 1.02 
1.05 1.02 1.01 1.05 1.01 1.01 1.05 1.01 1.05 1.01 
1.06 1.04 1.02 1.02 1.06 1.03 1.01 1.05 1.01 1.05 
1.03 1.04 1.04 1.06 1.04 1.01 1.05 1.04 1.06 1.05 
1.04 1.04 1.02 1.04 1.05 1.03 1.06 1.04 1.01 1.02 
1.01 1.04 1.04 1.06 1.05 1.06 1.02 1.05 1.04 1.06 
1.03 1.04 1.04 1.06 1.03 1.02 1.03 1.01 1.02 1.06 
1.06 1.01 1.02 1.04 1.06 1.01 1.01 1.04 1.03 1.02 
1.01 1.05 1.04 1.05 1.04 1.05 1.05 1.03 1.06 1.06 
1.03 1.04 1.02 1.06 1.06 1.01 1.02 1.01 1.06 1.06 
1.01 1.05 1.02 1.04 1.06 1.05 1.02 1.06 1.04 1.05 
1.02 1.04 1.04 1.05 1.06 1.04 1.05 1.06 1.02 1.04 
1.02 1.03 1.04 1.03 1.03 1.06 1.01 1.05 1.02 1.06 
1.02 1.02 1.06 1.06 1.02 1.03 1.01 1.03 1.02 1.03 
1.02 1.03 1.03 1.05 1.04 1.03 1.05 1.05 1.05 1.05 
1.06 1.03 1.05 1.01 1.05 1.05 1.06 1.01 1.06 1.04 
1.01 1.05 1.02 1.03 1.01 1.06 1.01 1.06 1.03 1.05 
1.05 1.06 1.03 1.02 1.03 1.05 1.03 1.06 1.01 1.04 
1.04 1.03 1.02 1.02 1.05 1.03 1.01 1.06 1.01 1.04 
1.01 1.05 1.05 1.03 1.04 1.03 1.01 1.04 1.04 1.03 
1.06 1.03 1.04 1.03 1.01 1.05 1.03 1.03 1.02 1.01 
1.04 1.03 1.01 1.05 1.05 1.03 1.02 1.02 1.03 1.06 
1.05 1.06 1.03 1.06 1.03 1.02 1.02 1.04 1.04 1.02 
1.06 1.02 1.05 1.06 1.01 1.06 1.03 1.06 1.06 1.03 
1.05 1.01 1.06 1.04 1.06 1.04 1.04 1.04 1.05 1.03 
1.06 1.06 1.02 1.02 1.05 1.01 1.02 1.01 1.03 1.06 
1.04 1.05 1.01 1.04 1.04 1.04 1.01 1.04 1.06 1.01 
1.04 1.05 1.02 1.04 1.01 1.04 1.05 1.01 1.01 1.01 
1.04 1.03 1.02 1.04 1.05 1.02 1.05 1.02 1.06 1.03 
1.04 1.04 1.05 1.04 1.03 1.05 1.05 1.06 1.03 1.03 
1.04 1.02 1.03 1.05 1.06 1.03 1.06 1.03 1.05 1.02 
1.02 1.01 1.01 1.04 1.05 1.01 1.04 1.03 1.04 1.05 
1.03 1.01 1.05 1.04 1.04 1.02 1.05 1.02 1.06 1.03 
1.03 1.03 1.05 1.03 1.06 1.01 1.04 1.06 1.04 1.01 
1.06 1.02 1.03 1.02 1.01 1.03 1.03 1.02 1.05 1.06 
1.01 1.06 1.04 1.02 1.05 1.03 1.02 1.02 1.02 1.04 
1.02 1.04 1.02 1.01 1.05 1.05 1.02 1.01 1.06 1.03 
1.04 1.02 1.03 1.01 1.01 1.01 1.03 1.04 1.04 1.03 
1.01 1.04 1.02 1.05 1.03 1.04 1.03 1.04 1.04 1.03 
1.06 1.01 1.02 1.02 1.04 1.03 1.03 1.04 1.06 1.05 
1.06 1.01 1.06 1.02 1.02 1.05 1.06 1.05 1.05 1.06 
1.06 1.02 1.04 1.04 1.02 1.04 1.02 1.04 1.03 1.03 
1.01 1.06 1.06 1.06 1.02 1.04 1.05 1.01 1.05 1.04 
