10
150
40 66 57 20 100 20 18 26 74 78 89 53 46 53 96 57 94 66 95 1 19 91 48 57 82 28 57 30 43 68 13 9 41 37 75 31 15 24 19 80 71 60 54 91 51 46 40 41 76 21 32 48 31 43 100 58 33 15 25 86 11 1 53 54 26 27 11 73 59 65 16 15 98 3 4 30 56 9 66 8 50 67 59 83 21 79 7 88 86 16 38 59 71 92 91 33 99 84 83 31 44 61 32 42 75 43 58 35 52 62 2 69 77 85 57 49 79 14 23 78 98 13 68 29 9 69 63 58 40 92 5 8 79 86 16 49 99 80 73 98 23 77 59 77 59 54 78 47 32 10 
1 3 2 2 2 3 3 1 3 3 
1.12 1.13 1.09 1.13 1.09 1.05 1.13 1.11 1.09 1.06 
1.06 1.08 1.06 1.1 1.13 1.1 1.1 1.09 1.09 1.11 
1.13 1.12 1.11 1.08 1.12 1.1 1.13 1.09 1.12 1.07 
1.11 1.09 1.1 1.07 1.13 1.05 1.06 1.06 1.09 1.06 
1.1 1.07 1.13 1.09 1.07 1.11 1.12 1.09 1.09 1.1 
1.06 1.08 1.06 1.14 1.06 1.08 1.11 1.08 1.07 1.05 
1.1 1.1 1.14 1.07 1.07 1.12 1.11 1.13 1.13 1.05 
1.08 1.13 1.07 1.1 1.14 1.13 1.1 1.06 1.05 1.06 
1.05 1.1 1.11 1.07 1.08 1.06 1.13 1.09 1.08 1.12 
1.06 1.14 1.12 1.07 1.13 1.11 1.07 1.09 1.07 1.05 
1.14 1.14 1.14 1.09 1.14 1.09 1.05 1.05 1.09 1.07 
1.11 1.05 1.11 1.08 1.07 1.07 1.08 1.1 1.07 1.14 
1.11 1.09 1.14 1.08 1.05 1.08 1.14 1.05 1.06 1.1 
1.12 1.12 1.14 1.07 1.09 1.1 1.05 1.09 1.1 1.13 
1.05 1.11 1.12 1.11 1.07 1.14 1.12 1.07 1.13 1.08 
1.09 1.09 1.09 1.05 1.05 1.14 1.14 1.06 1.12 1.12 
1.06 1.06 1.11 1.07 1.14 1.12 1.14 1.06 1.07 1.13 
1.07 1.13 1.06 1.1 1.1 1.13 1.14 1.05 1.08 1.13 
1.11 1.14 1.13 1.06 1.12 1.1 1.09 1.12 1.13 1.05 
1.07 1.08 1.05 1.08 1.07 1.11 1.12 1.05 1.05 1.12 
1.05 1.07 1.06 1.05 1.1 1.05 1.07 1.05 1.12 1.13 
1.06 1.08 1.12 1.14 1.13 1.06 1.13 1.12 1.13 1.13 
1.14 1.14 1.05 1.08 1.05 1.06 1.12 1.07 1.09 1.12 
1.14 1.12 1.09 1.13 1.12 1.08 1.06 1.13 1.05 1.11 
1.14 1.12 1.07 1.14 1.09 1.06 1.13 1.14 1.13 1.05 
1.08 1.08 1.07 1.06 1.11 1.13 1.06 1.06 1.14 1.12 
1.05 1.09 1.07 1.13 1.06 1.11 1.14 1.08 1.11 1.09 
1.06 1.1 1.13 1.06 1.11 1.07 1.09 1.07 1.05 1.08 
1.08 1.11 1.12 1.06 1.06 1.12 1.07 1.06 1.14 1.11 
1.14 1.11 1.07 1.13 1.13 1.06 1.09 1.11 1.06 1.12 
1.11 1.08 1.06 1.14 1.05 1.12 1.14 1.1 1.12 1.07 
1.14 1.08 1.11 1.1 1.07 1.14 1.09 1.13 1.08 1.1 
1.11 1.1 1.07 1.05 1.12 1.1 1.14 1.12 1.14 1.06 
1.08 1.08 1.11 1.12 1.06 1.14 1.05 1.14 1.08 1.14 
1.09 1.1 1.05 1.13 1.06 1.1 1.11 1.13 1.08 1.11 
1.13 1.14 1.05 1.11 1.12 1.07 1.1 1.14 1.08 1.06 
1.09 1.12 1.05 1.05 1.11 1.1 1.09 1.1 1.07 1.13 
1.13 1.08 1.13 1.06 1.14 1.09 1.08 1.1 1.05 1.06 
1.11 1.09 1.13 1.05 1.1 1.11 1.09 1.09 1.06 1.13 
1.13 1.07 1.05 1.08 1.09 1.12 1.12 1.13 1.1 1.08 
1.08 1.1 1.12 1.07 1.14 1.13 1.07 1.13 1.06 1.08 
1.09 1.11 1.08 1.13 1.14 1.07 1.06 1.06 1.06 1.1 
1.07 1.13 1.07 1.1 1.08 1.08 1.12 1.06 1.09 1.07 
1.05 1.14 1.05 1.07 1.12 1.05 1.11 1.05 1.05 1.12 
1.06 1.06 1.07 1.09 1.06 1.08 1.06 1.05 1.1 1.14 
1.09 1.13 1.11 1.07 1.11 1.12 1.14 1.11 1.11 1.06 
1.1 1.05 1.13 1.06 1.08 1.1 1.13 1.1 1.07 1.12 
1.1 1.09 1.09 1.08 1.14 1.08 1.08 1.06 1.13 1.12 
1.07 1.13 1.06 1.11 1.11 1.1 1.14 1.05 1.11 1.13 
1.06 1.05 1.14 1.05 1.06 1.13 1.06 1.09 1.13 1.07 
1.1 1.05 1.12 1.09 1.1 1.06 1.08 1.1 1.05 1.14 
1.09 1.09 1.09 1.09 1.12 1.05 1.08 1.14 1.11 1.06 
1.12 1.06 1.05 1.08 1.06 1.13 1.06 1.12 1.1 1.06 
1.12 1.14 1.07 1.1 1.12 1.05 1.09 1.08 1.06 1.14 
1.05 1.07 1.08 1.09 1.09 1.08 1.06 1.11 1.06 1.06 
1.1 1.14 1.11 1.11 1.09 1.13 1.09 1.13 1.06 1.11 
1.14 1.07 1.07 1.08 1.09 1.14 1.06 1.1 1.09 1.12 
1.14 1.13 1.1 1.13 1.1 1.11 1.14 1.1 1.09 1.06 
1.11 1.06 1.07 1.1 1.11 1.12 1.06 1.07 1.13 1.14 
1.06 1.11 1.07 1.12 1.11 1.06 1.14 1.09 1.1 1.14 
1.11 1.07 1.12 1.09 1.11 1.11 1.06 1.08 1.1 1.08 
1.08 1.1 1.1 1.08 1.11 1.09 1.07 1.12 1.07 1.07 
1.1 1.08 1.1 1.08 1.06 1.14 1.12 1.09 1.12 1.14 
1.13 1.14 1.05 1.11 1.13 1.06 1.13 1.05 1.07 1.05 
1.14 1.1 1.13 1.12 1.14 1.06 1.06 1.06 1.06 1.12 
1.12 1.08 1.07 1.08 1.06 1.06 1.09 1.05 1.12 1.08 
1.12 1.13 1.1 1.14 1.1 1.12 1.13 1.07 1.14 1.14 
1.05 1.09 1.12 1.11 1.06 1.12 1.08 1.14 1.14 1.12 
1.14 1.14 1.13 1.09 1.05 1.06 1.07 1.06 1.08 1.11 
1.13 1.11 1.09 1.07 1.13 1.1 1.11 1.08 1.11 1.06 
1.07 1.06 1.1 1.12 1.13 1.1 1.05 1.13 1.07 1.12 
1.1 1.12 1.09 1.13 1.11 1.09 1.1 1.05 1.14 1.09 
1.14 1.06 1.14 1.11 1.06 1.06 1.08 1.09 1.08 1.07 
1.05 1.1 1.05 1.12 1.07 1.05 1.06 1.11 1.09 1.06 
1.11 1.08 1.06 1.08 1.05 1.06 1.08 1.05 1.09 1.05 
1.13 1.07 1.08 1.1 1.07 1.12 1.05 1.11 1.05 1.08 
1.05 1.05 1.05 1.06 1.14 1.07 1.08 1.13 1.11 1.14 
1.13 1.12 1.14 1.11 1.07 1.11 1.14 1.12 1.11 1.09 
1.13 1.08 1.14 1.09 1.05 1.11 1.14 1.13 1.1 1.06 
1.12 1.11 1.13 1.12 1.08 1.05 1.13 1.13 1.05 1.11 
1.09 1.08 1.05 1.08 1.11 1.05 1.05 1.09 1.08 1.06 
1.1 1.12 1.06 1.05 1.11 1.11 1.1 1.09 1.06 1.1 
1.05 1.08 1.08 1.06 1.05 1.06 1.1 1.12 1.07 1.14 
1.11 1.14 1.13 1.14 1.07 1.14 1.09 1.11 1.08 1.14 
1.14 1.12 1.09 1.12 1.05 1.11 1.13 1.13 1.05 1.1 
1.09 1.08 1.08 1.11 1.12 1.12 1.05 1.11 1.13 1.12 
1.08 1.11 1.1 1.12 1.11 1.08 1.14 1.05 1.08 1.06 
1.07 1.09 1.07 1.13 1.07 1.11 1.07 1.1 1.12 1.1 
1.12 1.05 1.1 1.1 1.05 1.07 1.06 1.05 1.08 1.1 
1.14 1.12 1.05 1.1 1.06 1.06 1.11 1.13 1.12 1.09 
1.13 1.14 1.12 1.09 1.12 1.11 1.14 1.08 1.12 1.09 
1.14 1.08 1.08 1.12 1.08 1.14 1.06 1.12 1.1 1.14 
1.11 1.07 1.06 1.06 1.09 1.12 1.12 1.14 1.14 1.07 
1.07 1.12 1.09 1.09 1.11 1.12 1.09 1.12 1.06 1.1 
1.1 1.1 1.08 1.13 1.08 1.05 1.14 1.05 1.07 1.1 
1.05 1.12 1.07 1.05 1.1 1.13 1.14 1.07 1.14 1.09 
1.07 1.06 1.05 1.05 1.08 1.14 1.09 1.09 1.11 1.14 
1.12 1.13 1.14 1.09 1.05 1.07 1.06 1.06 1.1 1.11 
1.12 1.14 1.09 1.08 1.06 1.09 1.07 1.1 1.06 1.14 
1.05 1.09 1.07 1.1 1.11 1.07 1.11 1.14 1.13 1.08 
1.08 1.05 1.1 1.11 1.07 1.08 1.05 1.05 1.07 1.13 
1.12 1.07 1.11 1.07 1.06 1.11 1.14 1.14 1.08 1.06 
1.12 1.11 1.13 1.09 1.13 1.11 1.14 1.06 1.11 1.11 
1.08 1.12 1.13 1.07 1.12 1.13 1.12 1.13 1.08 1.07 
1.06 1.1 1.14 1.09 1.06 1.05 1.07 1.06 1.12 1.11 
1.08 1.1 1.09 1.1 1.1 1.08 1.11 1.11 1.08 1.14 
1.06 1.12 1.14 1.13 1.13 1.08 1.13 1.09 1.14 1.08 
1.13 1.14 1.13 1.09 1.1 1.1 1.07 1.09 1.14 1.14 
1.11 1.12 1.12 1.13 1.06 1.06 1.05 1.07 1.05 1.14 
1.05 1.14 1.08 1.07 1.11 1.12 1.1 1.06 1.09 1.06 
1.09 1.05 1.12 1.06 1.09 1.05 1.06 1.11 1.09 1.13 
1.09 1.11 1.06 1.06 1.11 1.14 1.06 1.11 1.1 1.07 
1.14 1.07 1.07 1.14 1.1 1.1 1.13 1.12 1.13 1.11 
1.13 1.1 1.13 1.1 1.07 1.14 1.12 1.06 1.06 1.05 
1.09 1.13 1.13 1.1 1.11 1.13 1.11 1.14 1.05 1.12 
1.14 1.06 1.09 1.06 1.05 1.13 1.09 1.05 1.14 1.06 
1.1 1.06 1.13 1.11 1.07 1.05 1.09 1.05 1.09 1.07 
1.07 1.13 1.09 1.09 1.09 1.13 1.11 1.14 1.1 1.1 
1.09 1.07 1.13 1.11 1.06 1.12 1.07 1.09 1.12 1.06 
1.05 1.11 1.1 1.13 1.05 1.1 1.12 1.07 1.1 1.14 
1.11 1.12 1.12 1.06 1.06 1.05 1.13 1.1 1.05 1.13 
1.1 1.1 1.11 1.07 1.13 1.1 1.14 1.12 1.11 1.1 
1.12 1.13 1.12 1.09 1.1 1.14 1.1 1.12 1.12 1.14 
1.1 1.1 1.12 1.1 1.11 1.1 1.13 1.07 1.07 1.06 
1.09 1.07 1.12 1.09 1.14 1.1 1.05 1.14 1.08 1.12 
1.14 1.09 1.13 1.13 1.05 1.11 1.06 1.09 1.12 1.11 
1.06 1.14 1.14 1.07 1.07 1.13 1.08 1.06 1.14 1.12 
1.13 1.08 1.13 1.12 1.14 1.14 1.08 1.1 1.11 1.07 
1.06 1.12 1.09 1.05 1.11 1.08 1.1 1.08 1.09 1.14 
1.1 1.09 1.07 1.07 1.14 1.1 1.07 1.08 1.1 1.08 
1.12 1.08 1.07 1.12 1.08 1.09 1.08 1.08 1.06 1.11 
1.13 1.05 1.11 1.11 1.14 1.1 1.09 1.07 1.1 1.09 
1.1 1.1 1.08 1.07 1.13 1.09 1.12 1.13 1.14 1.07 
1.05 1.08 1.07 1.06 1.12 1.1 1.09 1.14 1.09 1.14 
1.07 1.09 1.07 1.14 1.14 1.1 1.07 1.06 1.1 1.07 
1.13 1.07 1.05 1.14 1.08 1.07 1.05 1.11 1.11 1.07 
1.05 1.11 1.11 1.13 1.06 1.07 1.13 1.11 1.11 1.12 
1.14 1.05 1.11 1.11 1.12 1.05 1.13 1.05 1.11 1.06 
1.06 1.08 1.07 1.13 1.13 1.14 1.13 1.08 1.08 1.08 
1.06 1.14 1.13 1.08 1.13 1.14 1.06 1.05 1.06 1.11 
1.14 1.13 1.05 1.14 1.09 1.07 1.09 1.12 1.05 1.09 
1.14 1.14 1.1 1.14 1.12 1.1 1.14 1.09 1.05 1.05 
1.06 1.08 1.11 1.05 1.1 1.09 1.13 1.1 1.09 1.06 
1.07 1.05 1.12 1.14 1.1 1.09 1.09 1.12 1.14 1.09 
1.07 1.08 1.08 1.07 1.11 1.07 1.14 1.13 1.05 1.07 
1.06 1.11 1.14 1.1 1.1 1.11 1.13 1.14 1.05 1.06 
1.14 1.05 1.07 1.14 1.09 1.11 1.14 1.11 1.08 1.14 
1.07 1.13 1.05 1.12 1.05 1.06 1.13 1.11 1.08 1.07 
1.09 1.14 1.14 1.09 1.1 1.06 1.07 1.07 1.14 1.11 
1.12 1.12 1.06 1.09 1.08 1.07 1.05 1.12 1.05 1.09 
