10
100
47 83 2 24 95 13 80 60 6 43 73 18 10 27 29 4 56 35 47 18 85 44 77 69 26 86 35 98 61 67 21 18 10 42 55 66 3 85 37 17 80 86 48 97 13 18 98 95 22 43 58 15 75 92 64 28 76 87 37 80 28 6 54 55 28 77 25 28 99 6 69 20 3 18 3 57 46 99 89 77 18 91 65 21 6 64 13 36 42 40 11 1 97 16 51 16 97 91 88 6 
5 3 4 9 9 7 9 1 4 3 
1.03 1.01 1.05 1.04 1.01 1.04 1.01 1.05 1.05 1.03 
1.01 1.06 1.05 1.03 1.06 1.06 1.05 1.05 1.06 1.03 
1.01 1.01 1.04 1.06 1.02 1.06 1.03 1.02 1.06 1.06 
1.02 1.02 1.02 1.05 1.03 1.01 1.01 1.05 1.05 1.05 
1.03 1.02 1.05 1.03 1.01 1.06 1.02 1.05 1.03 1.06 
1.06 1.04 1.03 1.01 1.05 1.01 1.03 1.02 1.04 1.05 
1.03 1.05 1.04 1.01 1.03 1.02 1.04 1.01 1.05 1.05 
1.03 1.01 1.04 1.03 1.04 1.01 1.04 1.06 1.03 1.04 
1.05 1.02 1.02 1.03 1.02 1.06 1.06 1.04 1.03 1.02 
1.02 1.01 1.01 1.04 1.01 1.05 1.06 1.02 1.01 1.05 
1.04 1.06 1.01 1.01 1.06 1.01 1.01 1.05 1.01 1.05 
1.05 1.06 1.06 1.05 1.02 1.04 1.01 1.02 1.03 1.02 
1.06 1.04 1.03 1.01 1.06 1.02 1.05 1.03 1.06 1.02 
1.02 1.04 1.06 1.06 1.03 1.01 1.03 1.01 1.06 1.06 
1.03 1.02 1.01 1.05 1.06 1.03 1.04 1.02 1.05 1.01 
1.06 1.04 1.05 1.01 1.05 1.04 1.01 1.01 1.03 1.02 
1.04 1.06 1.05 1.01 1.02 1.04 1.03 1.04 1.03 1.01 
1.03 1.06 1.06 1.05 1.05 1.04 1.04 1.06 1.04 1.06 
1.02 1.01 1.02 1.05 1.03 1.05 1.02 1.05 1.04 1.02 
1.02 1.05 1.02 1.02 1.05 1.04 1.06 1.05 1.02 1.05 
1.06 1.01 1.01 1.02 1.03 1.04 1.02 1.05 1.03 1.06 
1.02 1.05 1.03 1.04 1.03 1.03 1.05 1.02 1.01 1.06 
1.02 1.03 1.04 1.03 1.05 1.06 1.06 1.06 1.03 1.03 
1.01 1.03 1.04 1.03 1.03 1.06 1.04 1.05 1.04 1.04 
1.03 1.05 1.01 1.04 1.05 1.03 1.01 1.01 1.05 1.02 
1.05 1.02 1.02 1.04 1.01 1.06 1.06 1.02 1.01 1.05 
1.06 1.01 1.06 1.05 1.05 1.01 1.01 1.04 1.04 1.02 
1.05 1.05 1.05 1.01 1.04 1.01 1.02 1.02 1.05 1.02 
1.01 1.02 1.06 1.01 1.06 1.05 1.04 1.01 1.05 1.01 
1.06 1.01 1.03 1.05 1.05 1.01 1.05 1.06 1.03 1.06 
1.02 1.01 1.04 1.06 1.03 1.04 1.04 1.05 1.05 1.05 
1.02 1.05 1.04 1.02 1.02 1.02 1.01 1.03 1.03 1.01 
1.03 1.06 1.01 1.05 1.01 1.03 1.06 1.03 1.04 1.01 
1.05 1.04 1.04 1.04 1.03 1.06 1.04 1.06 1.06 1.06 
1.06 1.06 1.04 1.05 1.05 1.05 1.06 1.05 1.05 1.06 
1.06 1.05 1.05 1.05 1.03 1.02 1.03 1.01 1.06 1.04 
1.03 1.04 1.03 1.03 1.03 1.02 1.06 1.02 1.05 1.06 
1.02 1.01 1.02 1.01 1.05 1.05 1.04 1.01 1.04 1.03 
1.01 1.01 1.01 1.01 1.05 1.05 1.02 1.04 1.04 1.05 
1.04 1.04 1.05 1.02 1.01 1.03 1.05 1.05 1.02 1.05 
1.03 1.02 1.06 1.02 1.06 1.06 1.05 1.02 1.06 1.01 
1.02 1.03 1.06 1.04 1.03 1.05 1.03 1.04 1.01 1.03 
1.06 1.03 1.03 1.02 1.03 1.01 1.05 1.01 1.03 1.04 
1.04 1.01 1.04 1.02 1.02 1.06 1.02 1.05 1.04 1.02 
1.06 1.05 1.01 1.02 1.05 1.06 1.05 1.03 1.04 1.04 
1.06 1.04 1.01 1.01 1.02 1.05 1.01 1.03 1.03 1.02 
1.04 1.04 1.06 1.01 1.04 1.06 1.03 1.04 1.01 1.04 
1.04 1.02 1.06 1.03 1.01 1.01 1.06 1.01 1.03 1.05 
1.05 1.01 1.01 1.05 1.06 1.01 1.04 1.04 1.01 1.06 
1.01 1.02 1.06 1.01 1.06 1.04 1.01 1.04 1.04 1.05 
1.03 1.01 1.05 1.02 1.03 1.06 1.04 1.04 1.03 1.01 
1.05 1.04 1.03 1.01 1.01 1.01 1.04 1.04 1.04 1.02 
1.02 1.02 1.05 1.03 1.02 1.03 1.02 1.03 1.05 1.04 
1.05 1.04 1.05 1.01 1.05 1.03 1.04 1.05 1.03 1.06 
1.05 1.03 1.01 1.02 1.03 1.02 1.06 1.03 1.03 1.04 
1.05 1.05 1.05 1.05 1.06 1.05 1.01 1.03 1.02 1.01 
1.06 1.02 1.04 1.01 1.06 1.02 1.02 1.05 1.03 1.04 
1.05 1.02 1.05 1.02 1.04 1.06 1.03 1.05 1.02 1.06 
1.04 1.04 1.02 1.04 1.05 1.04 1.05 1.02 1.05 1.04 
1.05 1.05 1.03 1.01 1.06 1.05 1.04 1.06 1.02 1.01 
1.01 1.02 1.02 1.03 1.02 1.06 1.05 1.05 1.03 1.02 
1.01 1.01 1.04 1.03 1.01 1.03 1.02 1.01 1.02 1.05 
1.01 1.04 1.02 1.04 1.03 1.03 1.03 1.04 1.04 1.01 
1.06 1.06 1.03 1.05 1.06 1.02 1.06 1.04 1.02 1.06 
1.06 1.06 1.06 1.03 1.05 1.02 1.04 1.05 1.02 1.03 
1.05 1.04 1.04 1.06 1.03 1.06 1.01 1.02 1.01 1.06 
1.03 1.05 1.01 1.06 1.03 1.01 1.05 1.06 1.04 1.02 
1.01 1.04 1.01 1.06 1.02 1.05 1.06 1.06 1.01 1.04 
1.03 1.05 1.05 1.04 1.04 1.02 1.02 1.06 1.03 1.06 
1.04 1.04 1.01 1.03 1.03 1.02 1.03 1.04 1.01 1.04 
1.05 1.02 1.02 1.02 1.04 1.02 1.03 1.05 1.06 1.05 
1.05 1.03 1.03 1.03 1.04 1.03 1.03 1.06 1.05 1.05 
1.01 1.03 1.01 1.03 1.01 1.06 1.04 1.06 1.04 1.04 
1.03 1.05 1.05 1.06 1.01 1.01 1.04 1.04 1.05 1.02 
1.03 1.04 1.03 1.03 1.04 1.01 1.02 1.03 1.04 1.04 
1.05 1.04 1.02 1.05 1.03 1.03 1.02 1.06 1.01 1.05 
1.05 1.05 1.02 1.06 1.02 1.02 1.01 1.03 1.04 1.06 
1.02 1.04 1.02 1.02 1.03 1.02 1.04 1.04 1.05 1.03 
1.04 1.04 1.03 1.06 1.01 1.06 1.02 1.02 1.04 1.06 
1.04 1.01 1.01 1.01 1.02 1.05 1.03 1.06 1.01 1.05 
1.06 1.06 1.03 1.05 1.02 1.05 1.05 1.01 1.05 1.03 
1.06 1.02 1.04 1.04 1.03 1.02 1.05 1.02 1.06 1.05 
1.02 1.06 1.03 1.03 1.02 1.04 1.03 1.01 1.01 1.02 
1.03 1.05 1.03 1.01 1.05 1.06 1.01 1.06 1.05 1.02 
1.05 1.06 1.04 1.02 1.06 1.02 1.05 1.03 1.06 1.01 
1.03 1.05 1.06 1.02 1.04 1.02 1.06 1.02 1.03 1.01 
1.03 1.02 1.05 1.06 1.01 1.01 1.04 1.02 1.05 1.05 
1.02 1.04 1.03 1.06 1.05 1.05 1.05 1.01 1.03 1.01 
1.01 1.02 1.06 1.02 1.06 1.06 1.04 1.02 1.01 1.02 
1.05 1.02 1.05 1.05 1.04 1.02 1.03 1.06 1.04 1.05 
1.03 1.04 1.03 1.03 1.04 1.05 1.03 1.04 1.06 1.05 
1.04 1.05 1.03 1.01 1.01 1.05 1.04 1.06 1.02 1.02 
1.06 1.04 1.04 1.03 1.05 1.01 1.06 1.05 1.06 1.05 
1.05 1.03 1.04 1.02 1.03 1.06 1.05 1.01 1.02 1.03 
1.05 1.01 1.02 1.03 1.04 1.06 1.02 1.01 1.05 1.06 
1.06 1.04 1.03 1.04 1.04 1.03 1.05 1.03 1.03 1.01 
1.06 1.04 1.06 1.01 1.05 1.03 1.01 1.02 1.06 1.06 
1.03 1.03 1.01 1.06 1.01 1.02 1.05 1.05 1.06 1.05 
1.03 1.06 1.06 1.05 1.02 1.02 1.05 1.01 1.03 1.06 
1.02 1.05 1.04 1.01 1.05 1.05 1.02 1.06 1.02 1.02 
