10
100
6 60 63 12 23 20 11 87 46 42 68 31 39 7 87 90 68 12 71 70 85 29 25 40 49 70 36 20 63 42 100 72 65 17 69 79 63 57 67 53 87 55 79 76 67 70 32 96 36 40 23 30 10 81 48 73 4 45 74 15 46 9 41 47 68 56 13 98 84 10 18 67 58 37 94 34 27 16 67 73 80 52 62 30 33 69 14 47 70 53 37 91 100 67 87 68 31 86 33 85 
2 3 1 3 1 2 1 3 1 3 
1.05 1.04 1.05 1.03 1.05 1.05 1.05 1.03 1.06 1.05 
1.06 1.04 1.04 1.06 1.04 1.02 1.02 1.01 1.01 1.02 
1.05 1.03 1.02 1.06 1.06 1.04 1.04 1.01 1.04 1.03 
1.06 1.03 1.01 1.04 1.04 1.01 1.06 1.04 1.06 1.01 
1.04 1.04 1.04 1.04 1.03 1.01 1.01 1.06 1.06 1.06 
1.01 1.02 1.02 1.03 1.03 1.01 1.05 1.04 1.04 1.05 
1.05 1.06 1.04 1.06 1.03 1.05 1.03 1.02 1.05 1.01 
1.03 1.01 1.04 1.03 1.04 1.03 1.02 1.06 1.03 1.05 
1.02 1.02 1.01 1.04 1.05 1.01 1.02 1.01 1.06 1.06 
1.01 1.03 1.06 1.05 1.03 1.04 1.05 1.02 1.06 1.01 
1.01 1.03 1.05 1.02 1.03 1.05 1.05 1.05 1.04 1.01 
1.05 1.01 1.03 1.02 1.04 1.01 1.04 1.04 1.05 1.06 
1.06 1.05 1.02 1.01 1.06 1.03 1.05 1.03 1.03 1.01 
1.06 1.06 1.04 1.05 1.05 1.06 1.03 1.02 1.04 1.06 
1.03 1.06 1.02 1.06 1.03 1.01 1.03 1.02 1.03 1.04 
1.04 1.01 1.02 1.03 1.05 1.02 1.06 1.06 1.01 1.05 
1.04 1.01 1.04 1.06 1.04 1.04 1.03 1.05 1.06 1.01 
1.04 1.01 1.03 1.02 1.06 1.04 1.02 1.04 1.06 1.01 
1.01 1.06 1.01 1.05 1.06 1.03 1.01 1.06 1.01 1.02 
1.06 1.03 1.04 1.04 1.05 1.05 1.02 1.03 1.03 1.01 
1.01 1.06 1.03 1.06 1.01 1.01 1.03 1.06 1.03 1.01 
1.01 1.03 1.02 1.04 1.06 1.02 1.04 1.04 1.01 1.02 
1.01 1.06 1.06 1.04 1.05 1.03 1.01 1.06 1.02 1.05 
1.05 1.06 1.06 1.06 1.01 1.06 1.05 1.03 1.06 1.06 
1.04 1.04 1.01 1.02 1.06 1.01 1.05 1.04 1.06 1.04 
1.05 1.06 1.04 1.01 1.06 1.04 1.02 1.03 1.06 1.01 
1.06 1.03 1.05 1.02 1.02 1.03 1.04 1.04 1.05 1.03 
1.05 1.06 1.03 1.01 1.05 1.02 1.01 1.06 1.04 1.04 
1.05 1.06 1.03 1.05 1.03 1.05 1.02 1.06 1.02 1.04 
1.06 1.02 1.01 1.03 1.01 1.01 1.01 1.04 1.02 1.04 
1.02 1.01 1.02 1.05 1.02 1.03 1.04 1.05 1.02 1.06 
1.03 1.05 1.05 1.04 1.06 1.03 1.03 1.04 1.01 1.04 
1.03 1.02 1.03 1.05 1.05 1.02 1.04 1.04 1.03 1.06 
1.05 1.02 1.03 1.04 1.01 1.04 1.04 1.02 1.03 1.05 
1.04 1.06 1.04 1.01 1.02 1.01 1.05 1.05 1.01 1.03 
1.04 1.02 1.05 1.04 1.01 1.04 1.05 1.01 1.05 1.05 
1.03 1.03 1.03 1.02 1.02 1.01 1.01 1.06 1.02 1.06 
1.04 1.04 1.01 1.01 1.06 1.03 1.05 1.03 1.01 1.01 
1.01 1.06 1.01 1.04 1.05 1.02 1.06 1.05 1.05 1.05 
1.01 1.05 1.03 1.06 1.02 1.04 1.05 1.03 1.06 1.02 
1.03 1.01 1.03 1.04 1.05 1.04 1.02 1.03 1.02 1.05 
1.06 1.02 1.03 1.02 1.01 1.03 1.01 1.05 1.02 1.02 
1.03 1.05 1.02 1.06 1.06 1.05 1.04 1.01 1.04 1.03 
1.03 1.04 1.06 1.06 1.01 1.02 1.04 1.05 1.05 1.01 
1.06 1.06 1.01 1.04 1.01 1.05 1.06 1.01 1.05 1.02 
1.05 1.02 1.02 1.06 1.03 1.05 1.02 1.05 1.02 1.01 
1.01 1.03 1.03 1.04 1.06 1.05 1.05 1.04 1.03 1.03 
1.03 1.01 1.01 1.02 1.01 1.02 1.05 1.01 1.05 1.01 
1.01 1.02 1.02 1.03 1.02 1.03 1.02 1.02 1.03 1.02 
1.03 1.02 1.04 1.02 1.03 1.01 1.06 1.05 1.01 1.01 
1.06 1.01 1.02 1.01 1.03 1.04 1.06 1.04 1.01 1.03 
1.03 1.02 1.04 1.02 1.06 1.03 1.05 1.05 1.01 1.06 
1.04 1.01 1.02 1.06 1.01 1.06 1.01 1.01 1.05 1.02 
1.02 1.02 1.05 1.06 1.05 1.03 1.01 1.06 1.03 1.04 
1.01 1.04 1.04 1.04 1.05 1.01 1.04 1.04 1.04 1.03 
1.04 1.03 1.01 1.03 1.05 1.03 1.06 1.01 1.03 1.05 
1.06 1.01 1.03 1.06 1.05 1.01 1.05 1.01 1.05 1.05 
1.02 1.06 1.04 1.02 1.03 1.06 1.02 1.06 1.04 1.06 
1.01 1.05 1.06 1.02 1.04 1.01 1.06 1.01 1.05 1.02 
1.03 1.06 1.05 1.01 1.02 1.02 1.03 1.01 1.03 1.04 
1.02 1.01 1.06 1.04 1.03 1.05 1.03 1.03 1.01 1.04 
1.02 1.05 1.02 1.06 1.01 1.03 1.04 1.04 1.02 1.02 
1.06 1.02 1.01 1.01 1.02 1.01 1.04 1.06 1.03 1.01 
1.01 1.06 1.06 1.01 1.06 1.02 1.04 1.06 1.04 1.02 
1.06 1.05 1.05 1.03 1.02 1.01 1.05 1.05 1.05 1.02 
1.06 1.06 1.06 1.04 1.03 1.05 1.04 1.04 1.02 1.04 
1.05 1.06 1.01 1.02 1.01 1.04 1.04 1.02 1.01 1.05 
1.05 1.02 1.04 1.04 1.02 1.04 1.04 1.05 1.05 1.02 
1.05 1.06 1.01 1.05 1.04 1.01 1.01 1.06 1.02 1.05 
1.06 1.06 1.02 1.03 1.03 1.01 1.04 1.05 1.04 1.05 
1.03 1.05 1.05 1.01 1.04 1.04 1.01 1.03 1.02 1.05 
1.04 1.02 1.05 1.02 1.03 1.02 1.06 1.05 1.05 1.05 
1.05 1.05 1.03 1.01 1.04 1.04 1.05 1.04 1.05 1.01 
1.03 1.05 1.04 1.03 1.04 1.04 1.04 1.02 1.03 1.04 
1.06 1.02 1.04 1.03 1.03 1.05 1.05 1.03 1.04 1.02 
1.05 1.06 1.03 1.06 1.06 1.05 1.03 1.04 1.01 1.02 
1.03 1.05 1.04 1.06 1.02 1.04 1.01 1.01 1.06 1.01 
1.05 1.05 1.05 1.01 1.02 1.03 1.06 1.03 1.02 1.02 
1.01 1.03 1.02 1.02 1.06 1.03 1.03 1.02 1.03 1.02 
1.01 1.01 1.02 1.04 1.04 1.06 1.06 1.03 1.03 1.04 
1.02 1.04 1.03 1.04 1.03 1.04 1.05 1.01 1.04 1.05 
1.06 1.05 1.03 1.02 1.03 1.03 1.02 1.02 1.02 1.04 
1.03 1.03 1.01 1.06 1.04 1.04 1.04 1.05 1.02 1.04 
1.06 1.03 1.02 1.06 1.02 1.05 1.02 1.02 1.05 1.02 
1.01 1.06 1.05 1.06 1.04 1.02 1.01 1.06 1.01 1.01 
1.04 1.05 1.02 1.04 1.03 1.06 1.06 1.02 1.06 1.03 
1.02 1.04 1.06 1.04 1.05 1.01 1.05 1.04 1.02 1.03 
1.06 1.06 1.02 1.06 1.04 1.03 1.06 1.02 1.02 1.04 
1.05 1.05 1.04 1.01 1.04 1.01 1.02 1.01 1.04 1.05 
1.06 1.04 1.05 1.03 1.02 1.05 1.06 1.02 1.02 1.03 
1.02 1.01 1.05 1.02 1.01 1.04 1.04 1.04 1.06 1.02 
1.06 1.01 1.02 1.05 1.03 1.01 1.01 1.03 1.01 1.04 
1.06 1.04 1.01 1.06 1.01 1.06 1.03 1.02 1.05 1.05 
1.04 1.03 1.04 1.03 1.03 1.02 1.03 1.04 1.03 1.02 
1.01 1.04 1.04 1.04 1.03 1.05 1.01 1.03 1.01 1.02 
1.03 1.05 1.02 1.06 1.06 1.04 1.01 1.05 1.02 1.03 
1.04 1.04 1.06 1.06 1.06 1.04 1.05 1.02 1.06 1.03 
1.03 1.01 1.03 1.03 1.01 1.05 1.03 1.03 1.02 1.04 
1.05 1.01 1.02 1.06 1.05 1.04 1.05 1.02 1.05 1.05 
1.01 1.05 1.04 1.06 1.04 1.03 1.04 1.04 1.02 1.02 
