10
100
59 97 75 53 86 67 23 46 10 91 11 17 61 44 77 95 94 76 25 55 8 77 36 99 7 55 73 49 95 48 98 4 33 3 45 17 55 79 35 11 87 64 40 38 99 20 69 15 95 91 47 71 31 27 61 11 19 97 99 34 65 8 43 49 6 64 60 91 51 98 38 3 5 50 33 83 95 24 78 90 31 80 98 37 71 76 76 17 81 88 57 68 1 96 85 3 26 100 53 35 
1 9 4 3 8 4 5 2 4 7 
1.13 1.11 1.08 1.05 1.07 1.1 1.13 1.08 1.12 1.06 
1.1 1.07 1.05 1.11 1.07 1.13 1.06 1.12 1.08 1.11 
1.09 1.06 1.13 1.06 1.12 1.08 1.05 1.08 1.13 1.08 
1.09 1.09 1.08 1.09 1.12 1.14 1.12 1.07 1.08 1.13 
1.07 1.08 1.13 1.1 1.07 1.14 1.06 1.11 1.1 1.06 
1.11 1.06 1.08 1.14 1.07 1.1 1.11 1.05 1.08 1.1 
1.08 1.07 1.08 1.09 1.07 1.1 1.08 1.06 1.05 1.11 
1.08 1.1 1.14 1.05 1.13 1.11 1.08 1.14 1.11 1.1 
1.11 1.14 1.12 1.05 1.06 1.06 1.05 1.08 1.09 1.11 
1.05 1.1 1.08 1.14 1.1 1.05 1.05 1.06 1.13 1.05 
1.1 1.14 1.13 1.13 1.13 1.11 1.1 1.06 1.1 1.08 
1.07 1.11 1.08 1.13 1.11 1.1 1.07 1.05 1.07 1.12 
1.12 1.09 1.12 1.08 1.05 1.07 1.13 1.07 1.14 1.14 
1.11 1.1 1.14 1.05 1.11 1.05 1.08 1.09 1.1 1.11 
1.09 1.09 1.06 1.14 1.12 1.08 1.1 1.12 1.09 1.12 
1.14 1.09 1.14 1.06 1.06 1.08 1.13 1.05 1.11 1.1 
1.07 1.06 1.09 1.12 1.07 1.1 1.06 1.05 1.1 1.09 
1.06 1.12 1.06 1.09 1.14 1.05 1.05 1.14 1.05 1.13 
1.07 1.12 1.06 1.11 1.14 1.13 1.11 1.14 1.13 1.12 
1.09 1.1 1.1 1.11 1.06 1.07 1.11 1.08 1.08 1.05 
1.07 1.05 1.13 1.09 1.05 1.09 1.09 1.12 1.07 1.05 
1.12 1.07 1.11 1.1 1.06 1.12 1.05 1.1 1.06 1.09 
1.12 1.12 1.06 1.13 1.05 1.1 1.12 1.05 1.07 1.09 
1.05 1.09 1.11 1.05 1.08 1.13 1.09 1.11 1.09 1.09 
1.12 1.09 1.05 1.08 1.07 1.11 1.07 1.14 1.08 1.1 
1.1 1.13 1.14 1.12 1.12 1.07 1.07 1.14 1.14 1.12 
1.1 1.12 1.07 1.1 1.07 1.08 1.09 1.12 1.14 1.07 
1.06 1.1 1.11 1.13 1.14 1.06 1.05 1.07 1.07 1.14 
1.07 1.12 1.12 1.13 1.09 1.1 1.13 1.05 1.1 1.1 
1.05 1.1 1.12 1.06 1.14 1.07 1.07 1.12 1.14 1.13 
1.12 1.12 1.07 1.11 1.06 1.13 1.07 1.08 1.1 1.13 
1.07 1.1 1.1 1.07 1.12 1.06 1.06 1.09 1.07 1.13 
1.12 1.05 1.11 1.12 1.09 1.05 1.1 1.1 1.11 1.06 
1.05 1.11 1.12 1.07 1.11 1.09 1.09 1.12 1.1 1.07 
1.14 1.08 1.05 1.11 1.05 1.06 1.06 1.1 1.09 1.13 
1.11 1.1 1.14 1.14 1.09 1.09 1.1 1.1 1.07 1.14 
1.08 1.06 1.1 1.1 1.14 1.08 1.07 1.14 1.05 1.05 
1.1 1.13 1.13 1.05 1.14 1.08 1.1 1.14 1.12 1.07 
1.14 1.11 1.09 1.07 1.05 1.07 1.1 1.11 1.07 1.11 
1.11 1.05 1.11 1.05 1.13 1.12 1.08 1.09 1.11 1.06 
1.13 1.13 1.08 1.09 1.1 1.13 1.05 1.11 1.14 1.12 
1.1 1.05 1.05 1.05 1.05 1.14 1.1 1.05 1.08 1.09 
1.14 1.13 1.05 1.13 1.1 1.08 1.1 1.06 1.05 1.11 
1.1 1.07 1.13 1.09 1.13 1.13 1.08 1.07 1.14 1.07 
1.07 1.06 1.12 1.1 1.07 1.07 1.08 1.05 1.14 1.05 
1.08 1.07 1.07 1.14 1.1 1.14 1.07 1.12 1.11 1.09 
1.06 1.12 1.1 1.11 1.13 1.12 1.13 1.09 1.05 1.12 
1.14 1.09 1.05 1.09 1.05 1.13 1.09 1.13 1.09 1.1 
1.14 1.06 1.12 1.11 1.09 1.11 1.1 1.12 1.12 1.06 
1.12 1.09 1.05 1.09 1.07 1.12 1.12 1.07 1.05 1.05 
1.05 1.08 1.12 1.06 1.08 1.08 1.1 1.14 1.05 1.11 
1.12 1.13 1.09 1.13 1.08 1.13 1.08 1.09 1.06 1.09 
1.09 1.11 1.14 1.07 1.08 1.14 1.05 1.08 1.1 1.06 
1.09 1.13 1.13 1.06 1.06 1.13 1.07 1.14 1.14 1.09 
1.13 1.1 1.06 1.05 1.12 1.13 1.14 1.09 1.08 1.07 
1.05 1.09 1.08 1.1 1.12 1.11 1.13 1.07 1.13 1.07 
1.07 1.1 1.09 1.13 1.07 1.08 1.13 1.12 1.11 1.14 
1.05 1.06 1.13 1.11 1.05 1.09 1.06 1.11 1.07 1.12 
1.13 1.14 1.07 1.09 1.13 1.05 1.05 1.07 1.08 1.11 
1.11 1.12 1.05 1.08 1.05 1.07 1.09 1.1 1.12 1.06 
1.09 1.13 1.1 1.09 1.06 1.08 1.06 1.13 1.05 1.12 
1.07 1.06 1.05 1.08 1.13 1.05 1.09 1.07 1.13 1.07 
1.08 1.13 1.13 1.09 1.09 1.13 1.12 1.12 1.09 1.11 
1.05 1.07 1.14 1.1 1.05 1.08 1.06 1.06 1.12 1.12 
1.07 1.07 1.14 1.12 1.05 1.1 1.05 1.14 1.05 1.13 
1.1 1.09 1.14 1.13 1.14 1.13 1.14 1.1 1.14 1.14 
1.14 1.1 1.1 1.09 1.07 1.08 1.08 1.07 1.07 1.05 
1.11 1.06 1.14 1.1 1.11 1.07 1.14 1.12 1.08 1.13 
1.06 1.12 1.05 1.07 1.14 1.09 1.07 1.11 1.1 1.14 
1.05 1.09 1.07 1.13 1.08 1.1 1.07 1.1 1.13 1.12 
1.1 1.11 1.14 1.07 1.11 1.1 1.11 1.13 1.13 1.06 
1.11 1.06 1.06 1.05 1.05 1.12 1.14 1.08 1.08 1.07 
1.09 1.1 1.06 1.05 1.1 1.1 1.06 1.14 1.05 1.12 
1.07 1.11 1.12 1.12 1.06 1.13 1.08 1.1 1.1 1.14 
1.1 1.09 1.06 1.13 1.13 1.05 1.14 1.12 1.06 1.14 
1.08 1.11 1.13 1.1 1.12 1.06 1.07 1.14 1.11 1.05 
1.06 1.13 1.12 1.13 1.13 1.12 1.09 1.1 1.05 1.07 
1.07 1.12 1.13 1.12 1.14 1.05 1.14 1.09 1.07 1.12 
1.05 1.14 1.12 1.08 1.13 1.11 1.11 1.12 1.1 1.13 
1.1 1.11 1.1 1.08 1.12 1.14 1.13 1.08 1.08 1.14 
1.11 1.12 1.05 1.13 1.05 1.12 1.08 1.11 1.08 1.14 
1.11 1.05 1.14 1.11 1.1 1.13 1.13 1.09 1.05 1.09 
1.14 1.1 1.11 1.06 1.11 1.12 1.06 1.11 1.09 1.1 
1.1 1.1 1.07 1.1 1.1 1.14 1.12 1.08 1.14 1.07 
1.12 1.09 1.07 1.05 1.14 1.08 1.07 1.06 1.13 1.12 
1.09 1.1 1.1 1.08 1.08 1.05 1.08 1.08 1.09 1.13 
1.13 1.13 1.11 1.06 1.13 1.1 1.09 1.14 1.06 1.14 
1.1 1.08 1.08 1.1 1.11 1.08 1.12 1.08 1.07 1.12 
1.08 1.05 1.11 1.12 1.05 1.06 1.1 1.12 1.11 1.13 
1.09 1.1 1.07 1.06 1.1 1.13 1.09 1.14 1.13 1.13 
1.14 1.14 1.09 1.1 1.12 1.12 1.05 1.12 1.09 1.11 
1.13 1.09 1.12 1.11 1.05 1.07 1.08 1.05 1.1 1.13 
1.14 1.06 1.07 1.14 1.09 1.11 1.07 1.12 1.06 1.09 
1.14 1.14 1.06 1.08 1.08 1.09 1.14 1.1 1.12 1.09 
1.06 1.08 1.12 1.09 1.14 1.12 1.09 1.12 1.1 1.14 
1.12 1.08 1.1 1.09 1.06 1.06 1.08 1.12 1.05 1.07 
1.06 1.08 1.12 1.11 1.09 1.11 1.12 1.05 1.14 1.07 
1.11 1.1 1.14 1.07 1.12 1.14 1.05 1.06 1.06 1.09 
1.12 1.08 1.09 1.09 1.05 1.13 1.12 1.12 1.09 1.11 
1.09 1.1 1.11 1.06 1.12 1.14 1.11 1.13 1.12 1.12 
