10
100
25 18 91 49 49 44 71 95 10 5 98 99 43 26 57 58 70 40 54 98 28 76 96 65 57 33 89 37 58 59 61 40 40 96 52 73 52 83 27 55 82 10 43 76 10 40 71 68 50 68 63 83 40 41 65 20 34 98 26 100 27 68 32 91 11 29 83 77 59 11 34 7 82 78 83 39 91 74 18 13 36 28 26 52 91 42 56 21 7 22 11 13 26 39 56 9 32 94 19 5 
2 4 1 3 3 5 6 9 6 5 
1.06 1.04 1.06 1.04 1.01 1.01 1.05 1.02 1.03 1.06 
1.04 1.02 1.04 1.06 1.02 1.02 1.06 1.01 1.04 1.02 
1.03 1.05 1.02 1.03 1.06 1.04 1.03 1.05 1.06 1.05 
1.03 1.06 1.01 1.03 1.01 1.01 1.03 1.06 1.06 1.01 
1.02 1.06 1.01 1.06 1.02 1.02 1.01 1.04 1.04 1.05 
1.05 1.06 1.06 1.01 1.06 1.02 1.04 1.06 1.06 1.05 
1.05 1.03 1.01 1.05 1.05 1.05 1.06 1.02 1.03 1.01 
1.03 1.03 1.04 1.02 1.06 1.02 1.03 1.05 1.05 1.06 
1.03 1.02 1.01 1.02 1.06 1.03 1.06 1.03 1.01 1.05 
1.06 1.05 1.02 1.06 1.06 1.05 1.04 1.01 1.04 1.04 
1.01 1.02 1.06 1.03 1.02 1.02 1.05 1.02 1.03 1.06 
1.02 1.06 1.03 1.06 1.05 1.01 1.05 1.01 1.06 1.01 
1.04 1.03 1.06 1.02 1.03 1.01 1.02 1.01 1.04 1.01 
1.01 1.02 1.04 1.01 1.01 1.03 1.06 1.06 1.01 1.05 
1.05 1.04 1.06 1.06 1.05 1.01 1.06 1.03 1.06 1.05 
1.02 1.01 1.04 1.02 1.05 1.05 1.02 1.01 1.06 1.06 
1.01 1.01 1.03 1.05 1.02 1.06 1.02 1.04 1.05 1.02 
1.05 1.01 1.02 1.02 1.05 1.01 1.04 1.01 1.06 1.02 
1.06 1.02 1.04 1.03 1.03 1.04 1.05 1.05 1.01 1.01 
1.04 1.01 1.01 1.06 1.01 1.06 1.02 1.06 1.06 1.01 
1.06 1.02 1.05 1.03 1.02 1.01 1.03 1.01 1.02 1.01 
1.01 1.05 1.05 1.04 1.03 1.01 1.02 1.03 1.04 1.01 
1.02 1.06 1.03 1.01 1.04 1.05 1.04 1.04 1.03 1.03 
1.05 1.01 1.05 1.03 1.01 1.01 1.06 1.01 1.03 1.03 
1.04 1.05 1.01 1.01 1.02 1.01 1.04 1.02 1.05 1.05 
1.02 1.06 1.05 1.04 1.04 1.05 1.06 1.02 1.03 1.02 
1.05 1.05 1.05 1.05 1.06 1.01 1.04 1.06 1.02 1.05 
1.04 1.03 1.02 1.04 1.06 1.01 1.06 1.05 1.03 1.04 
1.05 1.03 1.02 1.01 1.04 1.02 1.04 1.06 1.03 1.04 
1.04 1.04 1.01 1.06 1.06 1.06 1.06 1.05 1.02 1.03 
1.01 1.02 1.05 1.03 1.05 1.05 1.03 1.06 1.05 1.04 
1.04 1.04 1.05 1.05 1.04 1.06 1.05 1.02 1.03 1.02 
1.01 1.01 1.01 1.05 1.06 1.04 1.06 1.05 1.03 1.01 
1.05 1.03 1.06 1.02 1.04 1.05 1.02 1.04 1.03 1.04 
1.04 1.02 1.06 1.05 1.01 1.03 1.04 1.04 1.01 1.03 
1.01 1.02 1.01 1.01 1.04 1.06 1.04 1.06 1.02 1.01 
1.01 1.06 1.04 1.03 1.01 1.02 1.06 1.05 1.05 1.03 
1.02 1.01 1.02 1.05 1.03 1.02 1.02 1.05 1.03 1.01 
1.01 1.05 1.02 1.01 1.02 1.02 1.05 1.04 1.04 1.05 
1.01 1.04 1.04 1.04 1.01 1.06 1.03 1.04 1.03 1.02 
1.01 1.04 1.06 1.04 1.03 1.04 1.01 1.06 1.03 1.05 
1.01 1.03 1.06 1.01 1.06 1.02 1.02 1.06 1.05 1.02 
1.01 1.05 1.02 1.03 1.03 1.01 1.06 1.01 1.01 1.04 
1.05 1.01 1.03 1.05 1.03 1.05 1.06 1.01 1.01 1.06 
1.02 1.03 1.03 1.03 1.04 1.02 1.03 1.06 1.02 1.05 
1.03 1.06 1.01 1.01 1.01 1.03 1.02 1.04 1.04 1.06 
1.06 1.04 1.05 1.02 1.03 1.04 1.04 1.05 1.06 1.01 
1.05 1.03 1.02 1.01 1.01 1.06 1.05 1.02 1.01 1.04 
1.01 1.01 1.06 1.01 1.02 1.05 1.06 1.05 1.02 1.03 
1.03 1.02 1.02 1.01 1.03 1.06 1.06 1.03 1.06 1.03 
1.03 1.04 1.01 1.05 1.06 1.02 1.01 1.02 1.04 1.04 
1.01 1.03 1.01 1.01 1.01 1.01 1.01 1.03 1.04 1.02 
1.04 1.05 1.02 1.06 1.05 1.05 1.03 1.03 1.05 1.01 
1.05 1.06 1.01 1.01 1.04 1.05 1.02 1.04 1.04 1.01 
1.06 1.02 1.06 1.06 1.01 1.01 1.02 1.05 1.03 1.03 
1.01 1.01 1.05 1.01 1.01 1.05 1.04 1.05 1.03 1.03 
1.04 1.06 1.05 1.05 1.03 1.02 1.05 1.01 1.05 1.01 
1.04 1.06 1.01 1.01 1.06 1.02 1.03 1.02 1.03 1.01 
1.01 1.03 1.05 1.01 1.05 1.05 1.02 1.06 1.04 1.05 
1.04 1.03 1.03 1.02 1.04 1.06 1.04 1.02 1.04 1.05 
1.02 1.01 1.06 1.03 1.06 1.01 1.01 1.05 1.04 1.01 
1.02 1.06 1.04 1.01 1.03 1.03 1.02 1.06 1.06 1.02 
1.01 1.02 1.01 1.02 1.05 1.01 1.01 1.06 1.03 1.05 
1.05 1.02 1.05 1.02 1.06 1.01 1.04 1.05 1.02 1.06 
1.03 1.06 1.04 1.03 1.02 1.01 1.05 1.05 1.06 1.05 
1.03 1.02 1.02 1.06 1.04 1.04 1.01 1.05 1.02 1.03 
1.06 1.04 1.02 1.03 1.04 1.04 1.04 1.05 1.03 1.06 
1.03 1.06 1.02 1.05 1.04 1.01 1.05 1.02 1.02 1.02 
1.03 1.05 1.06 1.04 1.06 1.05 1.01 1.06 1.02 1.04 
1.03 1.04 1.01 1.05 1.01 1.02 1.02 1.03 1.03 1.02 
1.02 1.04 1.02 1.04 1.04 1.01 1.02 1.01 1.02 1.06 
1.06 1.02 1.05 1.01 1.03 1.03 1.03 1.06 1.04 1.06 
1.01 1.04 1.05 1.05 1.02 1.01 1.05 1.05 1.04 1.05 
1.05 1.03 1.06 1.05 1.02 1.05 1.02 1.01 1.02 1.05 
1.06 1.04 1.05 1.05 1.01 1.03 1.04 1.03 1.04 1.02 
1.04 1.06 1.06 1.01 1.04 1.01 1.01 1.04 1.01 1.01 
1.04 1.04 1.04 1.01 1.03 1.04 1.01 1.03 1.06 1.03 
1.05 1.06 1.05 1.03 1.06 1.06 1.02 1.06 1.04 1.04 
1.04 1.05 1.05 1.03 1.05 1.04 1.05 1.05 1.02 1.06 
1.05 1.06 1.03 1.01 1.05 1.03 1.04 1.01 1.01 1.05 
1.02 1.06 1.03 1.06 1.06 1.05 1.05 1.06 1.05 1.02 
1.03 1.01 1.03 1.02 1.03 1.01 1.05 1.01 1.01 1.05 
1.05 1.03 1.03 1.05 1.04 1.06 1.05 1.01 1.02 1.05 
1.01 1.01 1.01 1.04 1.04 1.01 1.06 1.02 1.04 1.01 
1.02 1.05 1.03 1.01 1.01 1.03 1.01 1.04 1.01 1.02 
1.01 1.06 1.02 1.01 1.04 1.05 1.06 1.02 1.05 1.02 
1.05 1.06 1.01 1.04 1.02 1.05 1.02 1.04 1.03 1.01 
1.02 1.02 1.02 1.01 1.03 1.06 1.01 1.06 1.02 1.04 
1.01 1.03 1.03 1.02 1.05 1.01 1.06 1.03 1.01 1.06 
1.06 1.05 1.05 1.01 1.02 1.04 1.02 1.05 1.06 1.06 
1.02 1.05 1.06 1.03 1.01 1.02 1.05 1.02 1.04 1.03 
1.06 1.04 1.04 1.04 1.01 1.02 1.06 1.06 1.03 1.04 
1.05 1.05 1.01 1.05 1.03 1.04 1.06 1.06 1.02 1.04 
1.03 1.03 1.06 1.02 1.03 1.01 1.06 1.06 1.05 1.06 
1.03 1.06 1.01 1.04 1.05 1.01 1.01 1.02 1.01 1.02 
1.02 1.03 1.01 1.02 1.03 1.01 1.04 1.01 1.01 1.03 
1.02 1.02 1.05 1.05 1.03 1.03 1.03 1.04 1.02 1.05 
1.04 1.06 1.05 1.01 1.04 1.03 1.06 1.02 1.01 1.03 
1.02 1.02 1.03 1.01 1.04 1.01 1.05 1.04 1.01 1.03 
1.02 1.04 1.02 1.03 1.06 1.01 1.03 1.04 1.02 1.01 
