10
150
83 23 75 74 52 96 90 42 22 62 39 1 83 7 34 96 17 72 18 25 76 82 37 44 31 100 59 64 22 13 65 86 90 50 43 81 90 24 7 11 37 27 72 31 51 57 3 40 52 20 52 49 46 13 79 17 39 11 13 92 39 23 25 7 71 46 24 81 30 92 52 82 58 34 55 4 47 54 71 75 32 76 57 85 46 69 3 92 97 64 58 75 92 21 80 19 36 25 56 45 20 57 51 70 64 78 11 39 7 81 43 11 21 81 66 91 25 58 19 64 11 67 24 37 5 53 37 63 63 21 100 85 81 71 31 16 56 13 53 61 44 24 57 81 40 58 99 65 14 47 
4 6 1 3 3 4 5 1 5 2 
1.02 1.04 1.06 1.04 1.04 1.01 1.01 1.06 1.02 1.02 
1.05 1.02 1.06 1.06 1.05 1.03 1.02 1.02 1.06 1.01 
1.01 1.02 1.03 1.05 1.01 1.02 1.06 1.02 1.03 1.03 
1.01 1.05 1.03 1.04 1.01 1.06 1.05 1.05 1.04 1.03 
1.03 1.01 1.05 1.01 1.02 1.05 1.01 1.05 1.01 1.05 
1.04 1.04 1.02 1.06 1.06 1.02 1.05 1.03 1.06 1.06 
1.01 1.04 1.01 1.02 1.06 1.02 1.03 1.04 1.03 1.05 
1.02 1.06 1.06 1.06 1.03 1.05 1.03 1.01 1.05 1.04 
1.02 1.04 1.04 1.02 1.06 1.01 1.03 1.06 1.04 1.06 
1.05 1.04 1.06 1.03 1.06 1.04 1.05 1.03 1.04 1.05 
1.05 1.03 1.03 1.02 1.04 1.05 1.06 1.05 1.05 1.06 
1.02 1.05 1.02 1.02 1.02 1.06 1.02 1.04 1.02 1.06 
1.02 1.01 1.04 1.04 1.01 1.01 1.03 1.03 1.02 1.03 
1.03 1.05 1.01 1.01 1.02 1.02 1.03 1.04 1.03 1.02 
1.01 1.03 1.03 1.06 1.03 1.01 1.06 1.06 1.01 1.03 
1.01 1.06 1.02 1.06 1.06 1.03 1.06 1.05 1.04 1.01 
1.05 1.05 1.02 1.01 1.06 1.04 1.01 1.05 1.03 1.01 
1.06 1.01 1.06 1.04 1.01 1.02 1.05 1.04 1.04 1.02 
1.05 1.05 1.04 1.01 1.01 1.01 1.03 1.01 1.06 1.05 
1.03 1.03 1.03 1.01 1.02 1.03 1.01 1.01 1.02 1.04 
1.03 1.02 1.03 1.05 1.04 1.02 1.03 1.01 1.01 1.03 
1.04 1.04 1.05 1.04 1.01 1.02 1.02 1.03 1.05 1.05 
1.06 1.04 1.01 1.04 1.01 1.01 1.01 1.02 1.04 1.02 
1.06 1.01 1.04 1.04 1.06 1.02 1.01 1.05 1.01 1.02 
1.06 1.02 1.03 1.06 1.02 1.03 1.02 1.02 1.01 1.02 
1.06 1.02 1.02 1.04 1.02 1.04 1.05 1.03 1.05 1.06 
1.05 1.04 1.01 1.01 1.05 1.03 1.06 1.05 1.03 1.02 
1.01 1.01 1.05 1.05 1.04 1.05 1.04 1.04 1.03 1.06 
1.01 1.05 1.04 1.05 1.04 1.05 1.05 1.05 1.06 1.01 
1.05 1.06 1.03 1.03 1.06 1.04 1.04 1.02 1.01 1.02 
1.06 1.05 1.01 1.05 1.03 1.04 1.01 1.02 1.06 1.03 
1.02 1.03 1.01 1.01 1.02 1.03 1.03 1.05 1.06 1.04 
1.03 1.01 1.01 1.03 1.05 1.03 1.01 1.01 1.01 1.02 
1.03 1.02 1.06 1.06 1.04 1.01 1.06 1.06 1.02 1.06 
1.06 1.06 1.05 1.04 1.05 1.04 1.04 1.01 1.04 1.02 
1.05 1.05 1.02 1.02 1.01 1.06 1.02 1.06 1.02 1.04 
1.06 1.01 1.01 1.03 1.03 1.01 1.03 1.06 1.06 1.03 
1.01 1.05 1.03 1.05 1.02 1.02 1.04 1.04 1.02 1.04 
1.06 1.02 1.03 1.03 1.02 1.04 1.02 1.06 1.05 1.02 
1.04 1.04 1.05 1.01 1.04 1.06 1.05 1.04 1.06 1.03 
1.02 1.06 1.01 1.02 1.06 1.02 1.02 1.05 1.06 1.02 
1.04 1.06 1.04 1.03 1.04 1.01 1.01 1.06 1.04 1.03 
1.02 1.06 1.03 1.04 1.06 1.03 1.06 1.04 1.04 1.06 
1.01 1.04 1.01 1.02 1.03 1.04 1.03 1.03 1.02 1.06 
1.01 1.05 1.01 1.04 1.06 1.01 1.04 1.06 1.06 1.01 
1.01 1.02 1.03 1.06 1.03 1.04 1.04 1.04 1.05 1.03 
1.03 1.05 1.05 1.04 1.03 1.05 1.01 1.04 1.04 1.01 
1.03 1.05 1.04 1.01 1.03 1.01 1.02 1.03 1.01 1.05 
1.06 1.01 1.06 1.05 1.03 1.05 1.05 1.01 1.02 1.06 
1.06 1.06 1.05 1.04 1.02 1.05 1.05 1.01 1.01 1.03 
1.06 1.06 1.01 1.02 1.03 1.01 1.02 1.02 1.05 1.01 
1.04 1.01 1.01 1.04 1.05 1.03 1.05 1.02 1.01 1.03 
1.01 1.04 1.05 1.03 1.03 1.05 1.06 1.01 1.06 1.02 
1.05 1.05 1.04 1.06 1.02 1.04 1.06 1.01 1.03 1.04 
1.06 1.06 1.04 1.03 1.06 1.03 1.05 1.06 1.03 1.01 
1.05 1.05 1.01 1.06 1.04 1.03 1.05 1.05 1.01 1.03 
1.06 1.02 1.01 1.03 1.05 1.05 1.05 1.04 1.03 1.05 
1.01 1.04 1.05 1.05 1.03 1.03 1.04 1.01 1.02 1.03 
1.02 1.04 1.06 1.05 1.01 1.04 1.01 1.02 1.03 1.02 
1.02 1.02 1.04 1.06 1.02 1.01 1.06 1.05 1.02 1.02 
1.01 1.05 1.04 1.01 1.05 1.04 1.03 1.02 1.01 1.06 
1.02 1.05 1.03 1.01 1.03 1.04 1.01 1.04 1.01 1.03 
1.06 1.04 1.02 1.04 1.05 1.05 1.05 1.02 1.05 1.02 
1.03 1.01 1.05 1.05 1.02 1.01 1.05 1.03 1.06 1.04 
1.02 1.05 1.06 1.06 1.02 1.04 1.04 1.01 1.02 1.06 
1.02 1.05 1.03 1.06 1.03 1.01 1.05 1.05 1.02 1.02 
1.04 1.06 1.03 1.05 1.03 1.01 1.02 1.01 1.05 1.01 
1.05 1.01 1.01 1.04 1.06 1.05 1.02 1.01 1.03 1.05 
1.01 1.02 1.04 1.03 1.03 1.06 1.01 1.06 1.02 1.03 
1.03 1.06 1.06 1.03 1.01 1.05 1.02 1.03 1.06 1.04 
1.06 1.02 1.05 1.06 1.05 1.03 1.05 1.06 1.06 1.06 
1.04 1.03 1.04 1.04 1.05 1.06 1.05 1.05 1.02 1.05 
1.01 1.03 1.01 1.01 1.04 1.06 1.01 1.01 1.01 1.03 
1.04 1.01 1.01 1.05 1.04 1.04 1.03 1.06 1.05 1.04 
1.06 1.02 1.01 1.03 1.02 1.01 1.05 1.02 1.05 1.01 
1.03 1.01 1.01 1.03 1.04 1.06 1.02 1.01 1.05 1.04 
1.04 1.01 1.06 1.05 1.04 1.06 1.02 1.05 1.05 1.01 
1.02 1.01 1.01 1.05 1.04 1.04 1.03 1.05 1.01 1.04 
1.05 1.03 1.02 1.06 1.05 1.05 1.06 1.06 1.01 1.05 
1.01 1.03 1.02 1.04 1.01 1.01 1.05 1.04 1.03 1.05 
1.02 1.04 1.01 1.02 1.03 1.01 1.01 1.06 1.06 1.01 
1.04 1.04 1.04 1.03 1.03 1.04 1.06 1.02 1.06 1.01 
1.04 1.03 1.05 1.02 1.05 1.04 1.02 1.04 1.01 1.05 
1.02 1.05 1.04 1.05 1.04 1.02 1.03 1.06 1.05 1.04 
1.06 1.06 1.01 1.02 1.03 1.03 1.03 1.02 1.06 1.02 
1.02 1.06 1.04 1.01 1.06 1.06 1.06 1.03 1.01 1.03 
1.03 1.05 1.03 1.03 1.06 1.06 1.03 1.06 1.04 1.02 
1.01 1.06 1.03 1.02 1.04 1.03 1.02 1.03 1.03 1.03 
1.03 1.06 1.01 1.04 1.01 1.03 1.05 1.03 1.02 1.03 
1.04 1.05 1.06 1.06 1.06 1.02 1.01 1.02 1.01 1.03 
1.02 1.01 1.06 1.01 1.02 1.05 1.01 1.04 1.06 1.01 
1.03 1.05 1.04 1.06 1.01 1.02 1.01 1.06 1.02 1.04 
1.01 1.04 1.05 1.04 1.04 1.03 1.04 1.02 1.02 1.05 
1.02 1.02 1.02 1.01 1.02 1.02 1.06 1.06 1.05 1.01 
1.05 1.06 1.03 1.02 1.06 1.03 1.06 1.02 1.03 1.03 
1.01 1.01 1.06 1.03 1.01 1.05 1.02 1.04 1.06 1.03 
1.03 1.01 1.06 1.03 1.02 1.05 1.04 1.01 1.05 1.02 
1.04 1.02 1.04 1.04 1.06 1.05 1.05 1.05 1.05 1.06 
1.04 1.02 1.05 1.01 1.06 1.05 1.01 1.05 1.05 1.02 
1.06 1.05 1.06 1.04 1.06 1.03 1.01 1.03 1.02 1.05 
1.02 1.05 1.06 1.04 1.02 1.02 1.06 1.02 1.06 1.04 
1.04 1.02 1.01 1.06 1.04 1.01 1.05 1.02 1.03 1.03 
1.05 1.05 1.04 1.02 1.01 1.06 1.02 1.04 1.04 1.04 
1.02 1.06 1.06 1.02 1.02 1.06 1.01 1.02 1.01 1.04 
1.06 1.06 1.05 1.06 1.06 1.05 1.04 1.06 1.03 1.01 
1.05 1.06 1.01 1.06 1.03 1.01 1.02 1.01 1.05 1.06 
1.01 1.03 1.05 1.05 1.01 1.01 1.06 1.06 1.04 1.01 
1.05 1.06 1.05 1.05 1.01 1.03 1.01 1.03 1.02 1.05 
1.01 1.04 1.01 1.01 1.03 1.05 1.03 1.05 1.05 1.05 
1.03 1.06 1.01 1.02 1.01 1.04 1.03 1.04 1.03 1.05 
1.02 1.03 1.01 1.01 1.02 1.04 1.01 1.05 1.01 1.06 
1.02 1.05 1.02 1.01 1.05 1.05 1.04 1.02 1.04 1.02 
1.01 1.05 1.04 1.03 1.03 1.03 1.04 1.02 1.01 1.01 
1.03 1.01 1.04 1.06 1.04 1.04 1.04 1.01 1.05 1.05 
1.03 1.04 1.04 1.03 1.01 1.02 1.04 1.06 1.01 1.02 
1.06 1.05 1.05 1.03 1.05 1.05 1.05 1.05 1.04 1.04 
1.04 1.06 1.02 1.04 1.02 1.01 1.06 1.04 1.01 1.05 
1.01 1.01 1.02 1.03 1.05 1.03 1.01 1.01 1.01 1.05 
1.02 1.06 1.02 1.02 1.02 1.02 1.06 1.02 1.04 1.03 
1.02 1.03 1.05 1.03 1.03 1.04 1.04 1.06 1.03 1.06 
1.03 1.06 1.05 1.05 1.01 1.06 1.05 1.06 1.04 1.06 
1.04 1.06 1.01 1.02 1.02 1.01 1.04 1.02 1.06 1.01 
1.01 1.01 1.01 1.02 1.01 1.02 1.06 1.04 1.05 1.06 
1.05 1.06 1.03 1.05 1.03 1.06 1.02 1.03 1.03 1.01 
1.04 1.06 1.01 1.02 1.01 1.05 1.02 1.02 1.04 1.06 
1.01 1.02 1.06 1.06 1.01 1.03 1.02 1.03 1.02 1.06 
1.04 1.05 1.01 1.01 1.02 1.02 1.06 1.05 1.01 1.05 
1.03 1.03 1.06 1.05 1.03 1.01 1.04 1.01 1.02 1.01 
1.02 1.06 1.05 1.06 1.02 1.04 1.06 1.01 1.06 1.01 
1.05 1.03 1.01 1.04 1.02 1.06 1.03 1.06 1.01 1.04 
1.03 1.01 1.01 1.01 1.05 1.02 1.04 1.01 1.02 1.04 
1.04 1.03 1.06 1.05 1.01 1.02 1.05 1.01 1.04 1.06 
1.02 1.06 1.03 1.05 1.03 1.01 1.03 1.02 1.01 1.03 
1.02 1.03 1.01 1.05 1.06 1.02 1.01 1.02 1.02 1.02 
1.05 1.04 1.03 1.02 1.06 1.01 1.05 1.05 1.06 1.03 
1.06 1.02 1.01 1.04 1.03 1.03 1.05 1.02 1.03 1.04 
1.02 1.04 1.03 1.03 1.03 1.03 1.04 1.03 1.03 1.03 
1.02 1.01 1.04 1.03 1.06 1.06 1.05 1.05 1.03 1.06 
1.04 1.02 1.01 1.02 1.01 1.03 1.01 1.04 1.05 1.01 
1.01 1.01 1.06 1.05 1.04 1.06 1.04 1.03 1.06 1.04 
1.02 1.05 1.04 1.02 1.04 1.01 1.04 1.05 1.03 1.01 
1.04 1.04 1.03 1.04 1.04 1.03 1.01 1.03 1.05 1.05 
1.06 1.02 1.04 1.02 1.06 1.05 1.04 1.03 1.01 1.05 
1.06 1.04 1.02 1.02 1.01 1.05 1.05 1.02 1.01 1.04 
1.02 1.02 1.02 1.06 1.06 1.03 1.02 1.02 1.02 1.04 
1.02 1.05 1.03 1.02 1.03 1.01 1.05 1.02 1.04 1.05 
1.06 1.04 1.02 1.01 1.04 1.04 1.03 1.06 1.01 1.02 
1.01 1.04 1.01 1.02 1.05 1.05 1.01 1.03 1.04 1.06 
1.06 1.04 1.02 1.03 1.06 1.05 1.01 1.03 1.03 1.05 
1.06 1.03 1.05 1.05 1.03 1.05 1.03 1.04 1.02 1.02 
