10
150
82 77 53 12 69 14 27 85 26 97 42 65 5 63 81 70 38 67 28 93 1 10 95 73 17 36 80 14 64 64 35 68 91 65 4 40 68 19 61 58 61 24 33 12 63 41 24 25 19 55 28 69 40 6 67 80 41 86 90 2 56 73 85 30 67 70 24 14 69 83 86 85 57 37 39 2 79 58 3 60 95 71 1 71 58 55 53 98 2 56 62 45 81 25 71 33 25 32 40 41 51 28 96 39 85 42 100 32 52 79 90 84 22 77 95 14 32 23 25 71 95 50 10 35 52 77 93 44 62 63 86 14 55 24 40 68 97 9 64 89 74 80 77 85 30 96 62 6 1 20 
5 7 4 7 4 3 8 5 7 1 
1.04 1.01 1.06 1.02 1.02 1.01 1.03 1.06 1.02 1.06 
1.04 1.04 1.04 1.04 1.03 1.06 1.05 1.03 1.05 1.04 
1.01 1.04 1.03 1.03 1.04 1.01 1.01 1.01 1.01 1.04 
1.06 1.01 1.02 1.02 1.01 1.06 1.05 1.03 1.03 1.05 
1.03 1.04 1.06 1.06 1.03 1.01 1.05 1.02 1.04 1.04 
1.05 1.02 1.01 1.02 1.04 1.03 1.02 1.05 1.04 1.04 
1.06 1.06 1.01 1.04 1.03 1.01 1.04 1.03 1.02 1.01 
1.06 1.02 1.06 1.02 1.04 1.04 1.01 1.06 1.03 1.02 
1.02 1.02 1.02 1.01 1.04 1.03 1.04 1.02 1.03 1.02 
1.01 1.03 1.02 1.01 1.04 1.05 1.01 1.04 1.03 1.02 
1.05 1.06 1.05 1.05 1.04 1.04 1.03 1.06 1.03 1.06 
1.03 1.05 1.04 1.01 1.04 1.04 1.04 1.03 1.03 1.03 
1.02 1.03 1.06 1.06 1.01 1.03 1.01 1.05 1.01 1.06 
1.04 1.03 1.04 1.06 1.02 1.04 1.02 1.05 1.05 1.05 
1.02 1.04 1.01 1.05 1.04 1.05 1.05 1.02 1.03 1.05 
1.02 1.01 1.01 1.04 1.05 1.04 1.04 1.04 1.05 1.04 
1.01 1.04 1.02 1.01 1.06 1.02 1.01 1.02 1.04 1.01 
1.01 1.06 1.06 1.05 1.05 1.01 1.05 1.02 1.05 1.06 
1.04 1.05 1.06 1.05 1.02 1.03 1.02 1.03 1.06 1.05 
1.02 1.03 1.06 1.04 1.05 1.06 1.04 1.04 1.02 1.03 
1.02 1.04 1.03 1.04 1.06 1.05 1.06 1.01 1.01 1.04 
1.05 1.01 1.02 1.03 1.05 1.02 1.02 1.02 1.03 1.06 
1.03 1.03 1.04 1.05 1.01 1.04 1.01 1.02 1.03 1.04 
1.02 1.06 1.01 1.04 1.05 1.04 1.05 1.03 1.03 1.04 
1.03 1.05 1.02 1.02 1.06 1.03 1.05 1.04 1.04 1.03 
1.02 1.05 1.04 1.02 1.06 1.04 1.02 1.03 1.04 1.06 
1.01 1.04 1.02 1.02 1.02 1.01 1.06 1.02 1.03 1.03 
1.02 1.04 1.04 1.01 1.06 1.03 1.05 1.03 1.03 1.04 
1.04 1.05 1.01 1.05 1.02 1.03 1.06 1.03 1.04 1.04 
1.03 1.05 1.06 1.06 1.05 1.06 1.02 1.04 1.04 1.05 
1.01 1.05 1.01 1.02 1.02 1.06 1.05 1.01 1.05 1.05 
1.03 1.01 1.06 1.03 1.06 1.03 1.01 1.02 1.01 1.02 
1.06 1.05 1.01 1.03 1.03 1.01 1.04 1.01 1.01 1.01 
1.02 1.05 1.05 1.01 1.01 1.03 1.06 1.04 1.05 1.03 
1.06 1.03 1.05 1.06 1.05 1.01 1.03 1.06 1.03 1.05 
1.01 1.02 1.04 1.03 1.02 1.04 1.03 1.03 1.06 1.03 
1.05 1.03 1.02 1.05 1.02 1.03 1.06 1.06 1.06 1.04 
1.01 1.04 1.05 1.06 1.05 1.04 1.02 1.04 1.05 1.01 
1.05 1.06 1.04 1.01 1.06 1.06 1.02 1.03 1.06 1.03 
1.02 1.05 1.04 1.05 1.06 1.03 1.05 1.01 1.04 1.02 
1.05 1.06 1.06 1.03 1.03 1.06 1.04 1.02 1.04 1.06 
1.05 1.06 1.02 1.03 1.05 1.04 1.01 1.04 1.05 1.06 
1.01 1.06 1.01 1.04 1.06 1.01 1.03 1.04 1.02 1.05 
1.06 1.01 1.02 1.06 1.06 1.01 1.06 1.01 1.01 1.01 
1.02 1.03 1.05 1.02 1.05 1.06 1.04 1.04 1.06 1.03 
1.04 1.04 1.01 1.02 1.04 1.01 1.05 1.05 1.03 1.03 
1.04 1.01 1.06 1.02 1.03 1.04 1.01 1.01 1.01 1.01 
1.06 1.04 1.02 1.05 1.01 1.01 1.04 1.02 1.05 1.02 
1.06 1.05 1.04 1.02 1.05 1.05 1.05 1.04 1.03 1.03 
1.02 1.05 1.01 1.01 1.01 1.04 1.03 1.06 1.01 1.05 
1.05 1.02 1.01 1.04 1.02 1.04 1.06 1.02 1.06 1.03 
1.05 1.03 1.04 1.04 1.01 1.05 1.03 1.03 1.06 1.05 
1.06 1.03 1.03 1.01 1.02 1.02 1.01 1.02 1.05 1.04 
1.03 1.02 1.02 1.06 1.02 1.01 1.05 1.04 1.04 1.05 
1.02 1.04 1.02 1.03 1.02 1.02 1.01 1.04 1.03 1.04 
1.04 1.02 1.02 1.02 1.02 1.01 1.06 1.04 1.04 1.03 
1.05 1.04 1.04 1.02 1.05 1.03 1.02 1.06 1.04 1.04 
1.03 1.03 1.02 1.02 1.04 1.05 1.06 1.02 1.04 1.02 
1.06 1.03 1.03 1.03 1.06 1.01 1.03 1.06 1.01 1.03 
1.01 1.04 1.02 1.03 1.05 1.01 1.03 1.02 1.04 1.04 
1.04 1.02 1.02 1.03 1.01 1.03 1.06 1.01 1.05 1.02 
1.01 1.06 1.01 1.05 1.03 1.05 1.01 1.04 1.03 1.06 
1.02 1.03 1.06 1.04 1.04 1.01 1.05 1.02 1.02 1.05 
1.04 1.06 1.03 1.03 1.05 1.01 1.05 1.05 1.04 1.04 
1.06 1.01 1.06 1.06 1.03 1.04 1.01 1.04 1.06 1.06 
1.02 1.05 1.06 1.06 1.03 1.04 1.04 1.02 1.03 1.04 
1.03 1.05 1.02 1.03 1.01 1.02 1.06 1.04 1.06 1.01 
1.05 1.02 1.05 1.02 1.01 1.05 1.04 1.03 1.02 1.05 
1.01 1.01 1.03 1.06 1.01 1.06 1.05 1.03 1.03 1.02 
1.06 1.01 1.02 1.02 1.02 1.06 1.06 1.05 1.04 1.04 
1.03 1.04 1.01 1.06 1.03 1.05 1.05 1.04 1.01 1.02 
1.02 1.02 1.03 1.03 1.06 1.06 1.02 1.01 1.05 1.05 
1.01 1.05 1.05 1.03 1.02 1.05 1.02 1.04 1.04 1.06 
1.05 1.06 1.06 1.02 1.06 1.03 1.03 1.04 1.02 1.02 
1.02 1.03 1.02 1.01 1.04 1.06 1.03 1.03 1.02 1.04 
1.03 1.05 1.01 1.05 1.01 1.05 1.02 1.06 1.05 1.05 
1.03 1.05 1.06 1.04 1.03 1.06 1.05 1.01 1.01 1.05 
1.01 1.06 1.02 1.02 1.03 1.05 1.06 1.06 1.03 1.03 
1.01 1.03 1.05 1.02 1.04 1.02 1.02 1.03 1.02 1.01 
1.06 1.02 1.03 1.06 1.01 1.03 1.02 1.04 1.06 1.03 
1.04 1.02 1.06 1.01 1.06 1.05 1.04 1.01 1.05 1.06 
1.02 1.01 1.02 1.04 1.03 1.03 1.02 1.04 1.02 1.06 
1.01 1.05 1.05 1.01 1.06 1.06 1.06 1.06 1.04 1.04 
1.06 1.03 1.05 1.02 1.01 1.02 1.02 1.01 1.03 1.03 
1.04 1.04 1.03 1.02 1.05 1.05 1.03 1.01 1.01 1.02 
1.05 1.04 1.01 1.06 1.04 1.06 1.06 1.01 1.06 1.02 
1.02 1.02 1.05 1.06 1.06 1.05 1.03 1.06 1.03 1.06 
1.01 1.03 1.05 1.05 1.02 1.06 1.01 1.02 1.06 1.03 
1.03 1.02 1.02 1.05 1.05 1.05 1.02 1.06 1.04 1.03 
1.03 1.06 1.01 1.06 1.03 1.04 1.03 1.03 1.04 1.06 
1.01 1.05 1.02 1.06 1.04 1.04 1.03 1.04 1.01 1.05 
1.03 1.02 1.06 1.05 1.02 1.06 1.02 1.05 1.05 1.06 
1.01 1.02 1.03 1.05 1.01 1.02 1.05 1.06 1.03 1.02 
1.01 1.06 1.05 1.05 1.06 1.02 1.02 1.01 1.05 1.01 
1.03 1.04 1.04 1.05 1.04 1.04 1.03 1.06 1.02 1.02 
1.05 1.06 1.02 1.04 1.01 1.04 1.02 1.04 1.01 1.01 
1.03 1.06 1.02 1.05 1.02 1.04 1.04 1.04 1.06 1.04 
1.06 1.04 1.04 1.05 1.01 1.03 1.03 1.01 1.05 1.01 
1.02 1.04 1.03 1.06 1.01 1.01 1.06 1.03 1.05 1.06 
1.01 1.02 1.02 1.05 1.01 1.06 1.06 1.06 1.04 1.01 
1.06 1.01 1.02 1.02 1.02 1.05 1.04 1.06 1.01 1.06 
1.06 1.05 1.01 1.03 1.01 1.01 1.04 1.05 1.03 1.03 
1.03 1.01 1.04 1.04 1.05 1.05 1.05 1.06 1.06 1.01 
1.02 1.04 1.01 1.06 1.04 1.03 1.02 1.04 1.06 1.01 
1.06 1.02 1.01 1.01 1.03 1.03 1.02 1.03 1.02 1.06 
1.03 1.05 1.06 1.01 1.02 1.03 1.04 1.06 1.04 1.02 
1.01 1.01 1.01 1.04 1.04 1.06 1.06 1.01 1.03 1.03 
1.02 1.01 1.04 1.01 1.02 1.01 1.01 1.02 1.02 1.01 
1.04 1.04 1.05 1.06 1.01 1.06 1.01 1.04 1.01 1.02 
1.06 1.05 1.01 1.06 1.05 1.04 1.05 1.04 1.02 1.03 
1.05 1.01 1.02 1.01 1.03 1.02 1.03 1.02 1.04 1.02 
1.01 1.03 1.04 1.01 1.04 1.03 1.05 1.02 1.06 1.01 
1.01 1.06 1.02 1.02 1.01 1.06 1.02 1.01 1.04 1.04 
1.03 1.05 1.01 1.06 1.06 1.06 1.01 1.03 1.05 1.01 
1.04 1.02 1.06 1.01 1.01 1.06 1.05 1.03 1.02 1.01 
1.01 1.05 1.01 1.06 1.03 1.01 1.02 1.04 1.03 1.01 
1.04 1.03 1.06 1.06 1.06 1.04 1.02 1.06 1.05 1.03 
1.05 1.03 1.02 1.02 1.01 1.05 1.06 1.05 1.03 1.03 
1.01 1.01 1.01 1.04 1.05 1.01 1.06 1.01 1.06 1.06 
1.06 1.03 1.02 1.05 1.03 1.05 1.04 1.06 1.04 1.06 
1.06 1.04 1.05 1.01 1.03 1.04 1.02 1.03 1.02 1.04 
1.06 1.01 1.05 1.04 1.06 1.01 1.06 1.02 1.04 1.05 
1.03 1.02 1.06 1.02 1.03 1.04 1.04 1.03 1.04 1.03 
1.01 1.02 1.03 1.04 1.05 1.03 1.03 1.02 1.02 1.06 
1.03 1.03 1.06 1.02 1.06 1.05 1.04 1.01 1.03 1.06 
1.06 1.04 1.02 1.04 1.03 1.05 1.04 1.06 1.03 1.01 
1.01 1.01 1.04 1.01 1.04 1.05 1.06 1.06 1.06 1.02 
1.01 1.05 1.03 1.04 1.03 1.01 1.03 1.06 1.04 1.02 
1.06 1.06 1.03 1.03 1.06 1.02 1.05 1.05 1.03 1.05 
1.06 1.02 1.03 1.01 1.03 1.05 1.01 1.03 1.04 1.04 
1.01 1.04 1.03 1.01 1.05 1.06 1.04 1.05 1.03 1.02 
1.06 1.05 1.06 1.02 1.04 1.01 1.06 1.04 1.01 1.01 
1.04 1.02 1.01 1.03 1.04 1.03 1.06 1.01 1.01 1.03 
1.03 1.04 1.05 1.02 1.03 1.02 1.06 1.04 1.06 1.03 
1.04 1.03 1.01 1.04 1.04 1.01 1.06 1.05 1.06 1.04 
1.01 1.04 1.06 1.05 1.06 1.02 1.03 1.03 1.02 1.06 
1.01 1.03 1.05 1.06 1.01 1.06 1.05 1.01 1.03 1.04 
1.03 1.02 1.04 1.02 1.05 1.06 1.06 1.05 1.05 1.06 
1.04 1.03 1.05 1.01 1.02 1.01 1.04 1.06 1.01 1.01 
1.05 1.03 1.05 1.04 1.01 1.01 1.05 1.05 1.02 1.05 
1.04 1.05 1.05 1.01 1.04 1.05 1.04 1.01 1.04 1.01 
1.03 1.05 1.06 1.01 1.02 1.01 1.04 1.03 1.02 1.06 
1.01 1.03 1.03 1.03 1.04 1.05 1.04 1.04 1.03 1.01 
1.03 1.01 1.02 1.01 1.06 1.03 1.01 1.01 1.05 1.04 
1.05 1.03 1.06 1.02 1.05 1.03 1.05 1.06 1.03 1.03 
1.05 1.05 1.04 1.01 1.03 1.02 1.05 1.02 1.04 1.02 
1.03 1.03 1.03 1.04 1.01 1.02 1.06 1.03 1.06 1.04 
1.06 1.06 1.02 1.02 1.03 1.02 1.01 1.06 1.06 1.05 
1.02 1.05 1.03 1.06 1.04 1.03 1.03 1.01 1.02 1.01 
1.05 1.02 1.03 1.06 1.02 1.06 1.04 1.02 1.06 1.05 
