10
150
50 15 97 85 1 32 49 37 93 86 55 96 73 52 10 73 71 71 39 4 79 58 28 26 34 79 80 33 47 67 52 96 77 77 89 94 74 76 31 100 82 42 57 84 19 99 63 79 43 91 93 19 58 59 92 45 37 70 41 21 3 31 56 88 48 69 51 73 84 100 68 75 81 38 88 69 95 32 21 79 50 21 20 24 57 83 99 77 26 73 59 49 2 69 41 37 38 15 70 90 54 30 75 1 21 74 42 58 37 25 3 32 69 61 18 24 56 86 65 60 44 80 88 46 18 40 47 52 24 56 52 54 48 23 74 14 63 30 1 32 62 92 2 91 71 60 33 98 75 28 
2 3 3 3 3 1 2 3 1 3 
1.04 1.06 1.01 1.03 1.05 1.04 1.05 1.04 1.05 1.02 
1.01 1.01 1.05 1.01 1.04 1.01 1.02 1.02 1.06 1.03 
1.01 1.03 1.01 1.06 1.03 1.05 1.04 1.01 1.04 1.03 
1.01 1.01 1.04 1.01 1.06 1.06 1.06 1.01 1.03 1.02 
1.06 1.04 1.02 1.06 1.04 1.02 1.01 1.01 1.03 1.03 
1.03 1.06 1.05 1.01 1.04 1.02 1.03 1.02 1.03 1.03 
1.04 1.01 1.05 1.05 1.02 1.03 1.03 1.02 1.05 1.06 
1.05 1.03 1.03 1.06 1.02 1.05 1.04 1.05 1.01 1.01 
1.05 1.05 1.04 1.02 1.04 1.06 1.01 1.01 1.06 1.01 
1.05 1.04 1.05 1.04 1.06 1.04 1.04 1.02 1.04 1.04 
1.05 1.04 1.01 1.03 1.02 1.05 1.05 1.01 1.04 1.06 
1.03 1.04 1.06 1.06 1.05 1.03 1.03 1.04 1.01 1.04 
1.01 1.05 1.04 1.01 1.04 1.05 1.02 1.03 1.02 1.06 
1.04 1.01 1.01 1.06 1.05 1.04 1.04 1.03 1.03 1.02 
1.06 1.04 1.04 1.04 1.03 1.03 1.05 1.02 1.06 1.05 
1.05 1.02 1.02 1.02 1.04 1.03 1.06 1.04 1.03 1.05 
1.06 1.01 1.03 1.02 1.05 1.02 1.02 1.05 1.03 1.04 
1.06 1.02 1.03 1.04 1.05 1.05 1.01 1.01 1.02 1.02 
1.01 1.06 1.03 1.06 1.01 1.05 1.02 1.04 1.05 1.06 
1.02 1.05 1.02 1.06 1.01 1.06 1.05 1.05 1.06 1.06 
1.02 1.02 1.03 1.01 1.03 1.04 1.03 1.02 1.06 1.04 
1.04 1.06 1.03 1.01 1.01 1.01 1.02 1.05 1.01 1.05 
1.04 1.04 1.01 1.03 1.02 1.03 1.05 1.01 1.02 1.03 
1.03 1.04 1.06 1.01 1.03 1.04 1.05 1.03 1.01 1.06 
1.05 1.03 1.04 1.03 1.01 1.04 1.04 1.06 1.05 1.01 
1.01 1.05 1.03 1.02 1.02 1.04 1.03 1.02 1.03 1.06 
1.03 1.02 1.05 1.04 1.05 1.02 1.02 1.03 1.04 1.05 
1.04 1.06 1.01 1.02 1.01 1.02 1.05 1.03 1.04 1.03 
1.04 1.02 1.04 1.01 1.03 1.04 1.06 1.01 1.02 1.01 
1.04 1.02 1.03 1.02 1.03 1.01 1.02 1.06 1.04 1.02 
1.06 1.04 1.01 1.05 1.06 1.05 1.05 1.02 1.06 1.02 
1.03 1.05 1.02 1.04 1.02 1.06 1.05 1.06 1.03 1.03 
1.06 1.02 1.02 1.06 1.03 1.03 1.04 1.04 1.05 1.05 
1.06 1.01 1.02 1.04 1.01 1.01 1.02 1.02 1.06 1.05 
1.03 1.05 1.05 1.02 1.02 1.04 1.01 1.01 1.01 1.06 
1.02 1.05 1.05 1.03 1.03 1.01 1.01 1.01 1.02 1.02 
1.01 1.04 1.04 1.05 1.04 1.03 1.02 1.06 1.02 1.05 
1.05 1.04 1.02 1.02 1.01 1.05 1.03 1.06 1.02 1.05 
1.02 1.04 1.01 1.04 1.03 1.02 1.04 1.02 1.03 1.04 
1.05 1.04 1.01 1.01 1.06 1.04 1.03 1.02 1.06 1.02 
1.03 1.06 1.04 1.06 1.04 1.02 1.03 1.06 1.01 1.02 
1.04 1.02 1.06 1.04 1.06 1.05 1.01 1.05 1.03 1.02 
1.02 1.05 1.03 1.04 1.01 1.04 1.03 1.02 1.04 1.01 
1.03 1.06 1.05 1.03 1.03 1.04 1.01 1.01 1.05 1.05 
1.06 1.04 1.03 1.01 1.04 1.03 1.02 1.03 1.04 1.02 
1.02 1.06 1.01 1.06 1.03 1.05 1.04 1.01 1.03 1.03 
1.06 1.05 1.04 1.05 1.05 1.05 1.02 1.05 1.04 1.06 
1.01 1.04 1.05 1.04 1.03 1.05 1.01 1.01 1.01 1.05 
1.02 1.02 1.02 1.03 1.06 1.03 1.04 1.04 1.03 1.06 
1.02 1.04 1.01 1.01 1.06 1.06 1.06 1.06 1.06 1.06 
1.02 1.05 1.03 1.04 1.01 1.04 1.03 1.03 1.03 1.02 
1.04 1.03 1.02 1.05 1.04 1.01 1.04 1.06 1.03 1.06 
1.04 1.03 1.05 1.01 1.01 1.03 1.05 1.06 1.01 1.02 
1.02 1.06 1.05 1.03 1.02 1.03 1.01 1.06 1.01 1.04 
1.01 1.06 1.03 1.06 1.03 1.05 1.06 1.01 1.06 1.03 
1.05 1.06 1.03 1.04 1.02 1.05 1.06 1.03 1.05 1.03 
1.02 1.03 1.04 1.06 1.02 1.04 1.05 1.04 1.06 1.06 
1.01 1.05 1.06 1.01 1.02 1.01 1.05 1.02 1.04 1.06 
1.02 1.02 1.03 1.01 1.02 1.02 1.04 1.04 1.02 1.05 
1.04 1.01 1.05 1.05 1.04 1.05 1.06 1.03 1.01 1.06 
1.02 1.03 1.02 1.01 1.06 1.05 1.02 1.05 1.05 1.04 
1.04 1.01 1.05 1.01 1.04 1.06 1.04 1.01 1.05 1.05 
1.03 1.03 1.05 1.05 1.02 1.06 1.04 1.01 1.03 1.04 
1.02 1.03 1.05 1.05 1.06 1.05 1.06 1.04 1.01 1.01 
1.04 1.01 1.04 1.01 1.02 1.03 1.01 1.03 1.05 1.06 
1.05 1.01 1.01 1.02 1.02 1.05 1.03 1.06 1.01 1.03 
1.05 1.04 1.04 1.05 1.06 1.06 1.01 1.04 1.05 1.01 
1.05 1.02 1.02 1.05 1.01 1.01 1.01 1.03 1.03 1.03 
1.01 1.02 1.01 1.05 1.02 1.06 1.01 1.04 1.04 1.04 
1.04 1.04 1.02 1.05 1.06 1.01 1.02 1.04 1.06 1.02 
1.05 1.06 1.01 1.01 1.06 1.03 1.04 1.06 1.05 1.03 
1.06 1.04 1.03 1.01 1.01 1.06 1.02 1.05 1.05 1.05 
1.02 1.03 1.03 1.03 1.03 1.04 1.06 1.02 1.03 1.03 
1.06 1.04 1.03 1.02 1.04 1.04 1.03 1.05 1.03 1.04 
1.01 1.02 1.02 1.05 1.06 1.01 1.03 1.03 1.02 1.02 
1.03 1.03 1.02 1.01 1.04 1.03 1.02 1.03 1.04 1.04 
1.02 1.03 1.05 1.01 1.01 1.04 1.01 1.06 1.05 1.01 
1.04 1.04 1.03 1.02 1.01 1.04 1.06 1.01 1.04 1.03 
1.01 1.01 1.01 1.05 1.03 1.05 1.01 1.05 1.01 1.04 
1.01 1.05 1.04 1.06 1.01 1.02 1.06 1.04 1.01 1.06 
1.06 1.03 1.05 1.03 1.03 1.03 1.02 1.06 1.05 1.06 
1.02 1.02 1.05 1.03 1.03 1.05 1.03 1.03 1.02 1.04 
1.05 1.01 1.03 1.04 1.05 1.05 1.02 1.06 1.03 1.02 
1.03 1.01 1.01 1.01 1.05 1.06 1.06 1.01 1.06 1.06 
1.04 1.02 1.01 1.01 1.05 1.03 1.06 1.06 1.02 1.01 
1.02 1.04 1.05 1.02 1.03 1.05 1.01 1.04 1.04 1.02 
1.06 1.01 1.02 1.02 1.01 1.01 1.03 1.02 1.05 1.04 
1.01 1.04 1.05 1.06 1.06 1.01 1.02 1.05 1.02 1.04 
1.01 1.01 1.06 1.04 1.03 1.04 1.03 1.01 1.01 1.03 
1.04 1.03 1.02 1.06 1.03 1.04 1.03 1.05 1.05 1.02 
1.01 1.01 1.05 1.05 1.02 1.04 1.04 1.03 1.02 1.02 
1.03 1.04 1.05 1.04 1.04 1.02 1.05 1.04 1.05 1.05 
1.04 1.05 1.03 1.05 1.06 1.05 1.05 1.04 1.06 1.03 
1.01 1.01 1.02 1.06 1.04 1.03 1.01 1.02 1.01 1.02 
1.04 1.06 1.01 1.04 1.03 1.06 1.04 1.01 1.04 1.04 
1.04 1.06 1.05 1.06 1.03 1.03 1.06 1.01 1.02 1.05 
1.06 1.05 1.05 1.05 1.06 1.04 1.05 1.05 1.01 1.06 
1.05 1.03 1.04 1.06 1.05 1.01 1.05 1.04 1.05 1.03 
1.02 1.03 1.04 1.03 1.01 1.04 1.06 1.06 1.02 1.04 
1.06 1.06 1.05 1.04 1.06 1.01 1.05 1.04 1.05 1.05 
1.03 1.04 1.04 1.05 1.05 1.04 1.04 1.02 1.05 1.01 
1.01 1.06 1.05 1.01 1.03 1.04 1.04 1.05 1.03 1.05 
1.03 1.02 1.01 1.03 1.02 1.06 1.06 1.01 1.03 1.02 
1.04 1.04 1.03 1.02 1.02 1.02 1.04 1.06 1.06 1.04 
1.01 1.05 1.06 1.02 1.05 1.04 1.02 1.06 1.04 1.02 
1.02 1.03 1.02 1.01 1.06 1.05 1.04 1.02 1.01 1.02 
1.04 1.06 1.06 1.01 1.03 1.04 1.05 1.01 1.01 1.02 
1.03 1.04 1.01 1.04 1.03 1.04 1.01 1.04 1.02 1.03 
1.04 1.03 1.05 1.03 1.06 1.05 1.05 1.01 1.01 1.03 
1.04 1.04 1.04 1.04 1.03 1.05 1.05 1.05 1.03 1.02 
1.01 1.06 1.01 1.02 1.01 1.06 1.02 1.02 1.01 1.05 
1.05 1.03 1.01 1.06 1.03 1.02 1.06 1.06 1.04 1.06 
1.06 1.02 1.02 1.02 1.01 1.04 1.03 1.03 1.06 1.03 
1.04 1.06 1.05 1.04 1.03 1.03 1.01 1.05 1.06 1.01 
1.06 1.03 1.01 1.01 1.01 1.02 1.04 1.05 1.06 1.02 
1.06 1.05 1.02 1.06 1.01 1.01 1.05 1.03 1.01 1.03 
1.04 1.06 1.06 1.05 1.05 1.02 1.05 1.06 1.05 1.05 
1.03 1.06 1.05 1.01 1.02 1.05 1.03 1.03 1.06 1.05 
1.04 1.01 1.06 1.03 1.01 1.05 1.05 1.03 1.03 1.02 
1.06 1.06 1.01 1.06 1.05 1.06 1.02 1.03 1.01 1.04 
1.03 1.02 1.01 1.05 1.01 1.05 1.02 1.03 1.02 1.05 
1.06 1.06 1.03 1.06 1.02 1.03 1.05 1.02 1.01 1.03 
1.04 1.05 1.06 1.01 1.04 1.03 1.06 1.04 1.05 1.01 
1.02 1.01 1.03 1.05 1.01 1.02 1.04 1.06 1.06 1.05 
1.06 1.02 1.03 1.01 1.06 1.05 1.04 1.05 1.05 1.05 
1.01 1.05 1.03 1.05 1.03 1.03 1.02 1.01 1.02 1.05 
1.04 1.06 1.03 1.05 1.03 1.04 1.03 1.02 1.04 1.01 
1.03 1.04 1.06 1.02 1.05 1.01 1.03 1.02 1.05 1.04 
1.03 1.03 1.03 1.04 1.06 1.04 1.06 1.05 1.05 1.04 
1.03 1.04 1.01 1.02 1.06 1.06 1.05 1.01 1.03 1.04 
1.01 1.06 1.03 1.04 1.05 1.06 1.02 1.05 1.05 1.01 
1.03 1.03 1.05 1.04 1.05 1.02 1.06 1.02 1.03 1.02 
1.01 1.03 1.01 1.05 1.05 1.01 1.03 1.04 1.02 1.06 
1.06 1.06 1.01 1.05 1.06 1.06 1.01 1.05 1.02 1.04 
1.03 1.04 1.06 1.05 1.03 1.05 1.04 1.04 1.05 1.03 
1.02 1.01 1.03 1.05 1.03 1.03 1.03 1.03 1.02 1.02 
1.03 1.05 1.06 1.02 1.02 1.06 1.04 1.02 1.01 1.05 
1.01 1.01 1.05 1.01 1.05 1.05 1.02 1.01 1.06 1.03 
1.05 1.05 1.04 1.05 1.01 1.04 1.05 1.06 1.04 1.04 
1.03 1.02 1.02 1.02 1.01 1.01 1.02 1.01 1.02 1.05 
1.02 1.03 1.06 1.01 1.04 1.02 1.06 1.06 1.04 1.02 
1.05 1.06 1.06 1.01 1.03 1.01 1.05 1.05 1.05 1.03 
1.02 1.06 1.04 1.03 1.01 1.01 1.06 1.01 1.01 1.05 
1.05 1.02 1.04 1.03 1.04 1.06 1.05 1.02 1.01 1.01 
1.06 1.01 1.03 1.02 1.05 1.01 1.01 1.01 1.03 1.02 
1.02 1.05 1.05 1.04 1.01 1.04 1.04 1.02 1.05 1.03 
1.01 1.02 1.03 1.04 1.01 1.05 1.03 1.03 1.04 1.01 
1.01 1.03 1.03 1.02 1.04 1.01 1.02 1.06 1.03 1.02 
1.02 1.03 1.02 1.02 1.03 1.06 1.02 1.04 1.06 1.04 
1.01 1.04 1.03 1.04 1.04 1.06 1.04 1.03 1.05 1.05 
