10
100
51 40 98 69 73 45 13 87 82 29 69 28 16 16 43 38 32 15 89 99 40 38 43 26 67 92 46 71 28 85 24 98 66 21 49 91 98 79 46 81 73 68 88 36 100 13 43 65 29 10 48 87 4 4 51 97 69 33 89 29 64 3 65 95 50 23 89 18 54 3 76 58 9 93 90 35 93 14 63 77 4 33 83 80 79 56 86 34 48 29 19 23 61 69 2 40 34 30 63 15 
3 1 3 2 1 1 3 2 2 3 
1.13 1.11 1.05 1.08 1.12 1.07 1.13 1.1 1.1 1.14 
1.09 1.11 1.06 1.1 1.07 1.07 1.13 1.08 1.07 1.14 
1.11 1.08 1.13 1.07 1.09 1.08 1.11 1.06 1.14 1.1 
1.08 1.09 1.13 1.08 1.09 1.1 1.07 1.05 1.12 1.09 
1.08 1.1 1.12 1.11 1.1 1.09 1.09 1.09 1.08 1.12 
1.11 1.05 1.07 1.12 1.07 1.05 1.09 1.06 1.05 1.09 
1.12 1.08 1.11 1.14 1.13 1.08 1.08 1.08 1.14 1.05 
1.07 1.07 1.14 1.05 1.08 1.1 1.13 1.1 1.05 1.05 
1.09 1.09 1.07 1.06 1.11 1.13 1.1 1.14 1.08 1.08 
1.08 1.06 1.05 1.07 1.05 1.09 1.1 1.06 1.09 1.06 
1.07 1.11 1.11 1.13 1.12 1.07 1.12 1.14 1.1 1.08 
1.14 1.05 1.11 1.06 1.11 1.09 1.11 1.05 1.09 1.14 
1.14 1.07 1.13 1.09 1.05 1.12 1.11 1.08 1.14 1.13 
1.05 1.05 1.08 1.12 1.14 1.11 1.09 1.05 1.13 1.06 
1.13 1.12 1.11 1.09 1.05 1.12 1.1 1.07 1.11 1.06 
1.11 1.14 1.11 1.14 1.07 1.05 1.1 1.12 1.08 1.13 
1.09 1.1 1.12 1.09 1.13 1.07 1.07 1.06 1.08 1.05 
1.13 1.1 1.08 1.05 1.1 1.09 1.07 1.09 1.13 1.07 
1.05 1.12 1.06 1.13 1.07 1.12 1.07 1.08 1.13 1.06 
1.07 1.13 1.08 1.1 1.13 1.14 1.12 1.11 1.11 1.12 
1.13 1.12 1.08 1.06 1.13 1.1 1.08 1.09 1.09 1.08 
1.12 1.11 1.11 1.06 1.05 1.07 1.1 1.1 1.05 1.08 
1.14 1.1 1.12 1.1 1.06 1.1 1.09 1.06 1.13 1.08 
1.06 1.11 1.08 1.12 1.06 1.1 1.1 1.06 1.07 1.06 
1.05 1.07 1.12 1.11 1.09 1.13 1.05 1.1 1.06 1.08 
1.07 1.11 1.09 1.13 1.09 1.05 1.05 1.09 1.1 1.13 
1.08 1.08 1.11 1.07 1.13 1.08 1.09 1.14 1.1 1.1 
1.12 1.12 1.08 1.11 1.1 1.12 1.12 1.12 1.14 1.1 
1.07 1.13 1.1 1.12 1.05 1.1 1.08 1.09 1.13 1.08 
1.13 1.07 1.12 1.07 1.05 1.12 1.12 1.13 1.07 1.09 
1.06 1.13 1.12 1.12 1.05 1.14 1.06 1.09 1.09 1.05 
1.05 1.05 1.08 1.14 1.13 1.11 1.07 1.08 1.07 1.14 
1.09 1.1 1.09 1.07 1.1 1.11 1.06 1.09 1.08 1.11 
1.11 1.07 1.13 1.1 1.07 1.13 1.08 1.12 1.05 1.1 
1.07 1.07 1.11 1.1 1.06 1.07 1.09 1.13 1.07 1.1 
1.14 1.12 1.05 1.11 1.14 1.11 1.08 1.09 1.13 1.12 
1.14 1.11 1.08 1.05 1.11 1.11 1.12 1.05 1.05 1.11 
1.11 1.14 1.14 1.13 1.06 1.09 1.14 1.08 1.12 1.13 
1.09 1.09 1.07 1.07 1.09 1.12 1.05 1.06 1.12 1.06 
1.05 1.14 1.08 1.05 1.09 1.07 1.12 1.07 1.1 1.14 
1.08 1.06 1.07 1.13 1.08 1.06 1.14 1.14 1.1 1.12 
1.12 1.07 1.06 1.08 1.14 1.09 1.05 1.1 1.12 1.07 
1.05 1.1 1.14 1.07 1.1 1.08 1.08 1.14 1.12 1.07 
1.05 1.13 1.08 1.07 1.1 1.07 1.08 1.05 1.14 1.12 
1.13 1.12 1.13 1.08 1.1 1.09 1.09 1.12 1.08 1.08 
1.1 1.06 1.07 1.08 1.1 1.12 1.08 1.14 1.07 1.14 
1.08 1.08 1.06 1.09 1.05 1.14 1.08 1.1 1.14 1.06 
1.13 1.09 1.13 1.1 1.13 1.13 1.09 1.11 1.12 1.1 
1.05 1.05 1.14 1.05 1.14 1.1 1.08 1.05 1.13 1.06 
1.13 1.09 1.07 1.09 1.08 1.1 1.11 1.05 1.08 1.08 
1.06 1.12 1.1 1.05 1.08 1.1 1.14 1.13 1.13 1.06 
1.13 1.1 1.14 1.06 1.14 1.05 1.1 1.1 1.05 1.06 
1.06 1.13 1.09 1.1 1.05 1.08 1.09 1.05 1.07 1.13 
1.09 1.07 1.09 1.05 1.14 1.14 1.13 1.11 1.14 1.05 
1.09 1.08 1.12 1.06 1.09 1.1 1.09 1.07 1.14 1.08 
1.12 1.08 1.07 1.1 1.14 1.11 1.12 1.08 1.09 1.06 
1.05 1.12 1.13 1.06 1.06 1.14 1.09 1.05 1.06 1.05 
1.05 1.11 1.12 1.1 1.08 1.14 1.12 1.05 1.06 1.05 
1.05 1.05 1.08 1.13 1.06 1.1 1.05 1.11 1.12 1.05 
1.13 1.05 1.08 1.12 1.08 1.07 1.07 1.05 1.11 1.14 
1.11 1.09 1.13 1.08 1.05 1.05 1.14 1.08 1.12 1.12 
1.09 1.1 1.09 1.05 1.11 1.1 1.09 1.07 1.14 1.14 
1.14 1.12 1.08 1.14 1.08 1.11 1.14 1.05 1.12 1.05 
1.13 1.11 1.14 1.14 1.05 1.06 1.07 1.13 1.13 1.06 
1.07 1.1 1.1 1.12 1.14 1.05 1.09 1.07 1.09 1.06 
1.05 1.11 1.07 1.13 1.09 1.11 1.09 1.1 1.09 1.13 
1.13 1.07 1.12 1.09 1.12 1.13 1.14 1.13 1.09 1.14 
1.13 1.06 1.07 1.06 1.14 1.05 1.1 1.05 1.13 1.13 
1.08 1.05 1.05 1.1 1.09 1.09 1.11 1.14 1.14 1.13 
1.09 1.05 1.12 1.07 1.06 1.08 1.14 1.05 1.11 1.11 
1.14 1.05 1.06 1.1 1.07 1.07 1.14 1.13 1.12 1.06 
1.06 1.08 1.1 1.08 1.05 1.07 1.1 1.13 1.06 1.11 
1.05 1.11 1.1 1.05 1.06 1.09 1.12 1.14 1.14 1.06 
1.14 1.14 1.13 1.06 1.05 1.11 1.08 1.14 1.09 1.08 
1.05 1.07 1.06 1.06 1.12 1.14 1.09 1.1 1.08 1.1 
1.14 1.11 1.07 1.06 1.14 1.07 1.1 1.12 1.11 1.09 
1.14 1.09 1.13 1.12 1.05 1.14 1.07 1.09 1.06 1.14 
1.12 1.14 1.13 1.09 1.12 1.07 1.05 1.12 1.1 1.11 
1.13 1.07 1.12 1.06 1.06 1.09 1.11 1.13 1.14 1.1 
1.05 1.07 1.06 1.06 1.09 1.05 1.14 1.06 1.08 1.11 
1.07 1.1 1.05 1.13 1.1 1.11 1.07 1.13 1.13 1.08 
1.08 1.11 1.14 1.14 1.07 1.14 1.12 1.05 1.11 1.1 
1.14 1.12 1.05 1.13 1.05 1.12 1.07 1.11 1.14 1.13 
1.05 1.06 1.12 1.09 1.14 1.05 1.12 1.08 1.13 1.07 
1.08 1.1 1.08 1.12 1.1 1.14 1.13 1.13 1.14 1.05 
1.06 1.14 1.09 1.11 1.12 1.06 1.07 1.09 1.07 1.07 
1.06 1.06 1.07 1.1 1.09 1.09 1.12 1.07 1.14 1.09 
1.13 1.08 1.09 1.07 1.07 1.11 1.05 1.09 1.07 1.05 
1.06 1.06 1.14 1.06 1.05 1.1 1.14 1.1 1.1 1.14 
1.08 1.13 1.12 1.12 1.06 1.13 1.1 1.07 1.1 1.09 
1.12 1.1 1.13 1.06 1.12 1.1 1.07 1.12 1.07 1.11 
1.12 1.14 1.13 1.13 1.14 1.14 1.12 1.12 1.14 1.1 
1.13 1.12 1.11 1.13 1.08 1.06 1.11 1.07 1.05 1.08 
1.12 1.11 1.08 1.12 1.1 1.06 1.09 1.05 1.07 1.08 
1.07 1.05 1.14 1.06 1.11 1.13 1.13 1.05 1.07 1.08 
1.09 1.06 1.07 1.07 1.06 1.11 1.07 1.1 1.05 1.06 
1.07 1.07 1.09 1.07 1.05 1.13 1.07 1.08 1.08 1.07 
1.1 1.11 1.09 1.12 1.06 1.14 1.14 1.1 1.14 1.07 
1.1 1.09 1.07 1.12 1.1 1.08 1.12 1.11 1.11 1.05 
1.12 1.11 1.13 1.09 1.12 1.13 1.05 1.13 1.06 1.1 
