10
150
48 39 94 49 39 66 63 13 67 43 53 20 58 63 49 45 5 56 37 55 33 79 65 14 89 95 82 76 76 14 57 8 97 46 51 7 44 95 34 19 3 15 14 17 33 99 37 6 9 36 79 78 2 56 98 24 53 13 69 71 8 62 24 53 62 34 99 33 44 73 54 51 54 90 21 21 96 17 99 46 78 20 53 81 14 37 28 39 81 22 86 46 93 65 93 54 38 53 8 52 93 29 40 12 73 71 58 35 28 71 1 26 17 85 86 74 96 64 26 4 21 97 29 70 29 44 97 71 42 4 28 91 61 81 13 27 39 5 96 36 51 80 77 2 57 89 23 6 20 8 
1 4 5 2 3 8 4 7 1 8 
1.12 1.12 1.1 1.07 1.08 1.1 1.14 1.12 1.12 1.12 
1.14 1.05 1.1 1.1 1.06 1.05 1.08 1.05 1.12 1.1 
1.12 1.13 1.1 1.05 1.11 1.14 1.05 1.13 1.1 1.13 
1.07 1.05 1.07 1.13 1.08 1.12 1.05 1.14 1.12 1.1 
1.1 1.05 1.09 1.09 1.12 1.1 1.1 1.05 1.09 1.1 
1.11 1.13 1.13 1.07 1.07 1.05 1.13 1.13 1.07 1.11 
1.08 1.08 1.13 1.07 1.13 1.05 1.08 1.13 1.08 1.08 
1.14 1.05 1.12 1.06 1.07 1.12 1.13 1.1 1.11 1.12 
1.07 1.07 1.1 1.06 1.12 1.09 1.06 1.08 1.13 1.14 
1.07 1.12 1.14 1.09 1.07 1.1 1.05 1.14 1.08 1.11 
1.13 1.14 1.07 1.08 1.1 1.06 1.14 1.09 1.1 1.07 
1.11 1.07 1.06 1.13 1.1 1.07 1.06 1.05 1.07 1.05 
1.11 1.13 1.09 1.09 1.08 1.12 1.11 1.08 1.11 1.12 
1.07 1.07 1.07 1.14 1.05 1.09 1.08 1.13 1.12 1.13 
1.1 1.13 1.13 1.07 1.05 1.14 1.05 1.06 1.14 1.06 
1.14 1.07 1.06 1.06 1.1 1.05 1.05 1.11 1.09 1.12 
1.14 1.12 1.1 1.08 1.05 1.12 1.1 1.11 1.06 1.06 
1.09 1.09 1.12 1.06 1.06 1.11 1.09 1.09 1.13 1.11 
1.08 1.11 1.14 1.13 1.13 1.13 1.14 1.14 1.12 1.05 
1.07 1.12 1.07 1.12 1.07 1.11 1.05 1.14 1.11 1.07 
1.09 1.08 1.11 1.14 1.12 1.13 1.14 1.14 1.06 1.14 
1.09 1.07 1.14 1.12 1.09 1.13 1.06 1.1 1.07 1.11 
1.07 1.09 1.07 1.13 1.06 1.1 1.1 1.05 1.09 1.11 
1.14 1.06 1.08 1.11 1.1 1.13 1.12 1.12 1.07 1.06 
1.09 1.05 1.13 1.05 1.09 1.1 1.05 1.12 1.05 1.13 
1.14 1.13 1.14 1.07 1.09 1.08 1.1 1.12 1.11 1.06 
1.12 1.07 1.09 1.11 1.13 1.08 1.05 1.11 1.05 1.14 
1.11 1.13 1.06 1.1 1.06 1.06 1.06 1.13 1.1 1.13 
1.1 1.12 1.13 1.13 1.06 1.06 1.11 1.1 1.12 1.12 
1.13 1.07 1.12 1.05 1.09 1.1 1.12 1.09 1.09 1.13 
1.12 1.13 1.05 1.11 1.08 1.05 1.14 1.09 1.06 1.08 
1.11 1.05 1.08 1.14 1.05 1.14 1.07 1.14 1.14 1.06 
1.09 1.1 1.08 1.05 1.07 1.09 1.1 1.08 1.13 1.08 
1.14 1.08 1.05 1.12 1.09 1.09 1.12 1.14 1.07 1.14 
1.09 1.11 1.13 1.09 1.13 1.11 1.06 1.11 1.11 1.09 
1.11 1.11 1.13 1.14 1.1 1.11 1.09 1.12 1.11 1.05 
1.14 1.08 1.12 1.12 1.13 1.05 1.07 1.14 1.1 1.09 
1.1 1.05 1.09 1.14 1.06 1.14 1.05 1.14 1.14 1.09 
1.06 1.07 1.1 1.1 1.12 1.14 1.12 1.08 1.07 1.06 
1.08 1.07 1.13 1.07 1.12 1.12 1.07 1.12 1.1 1.11 
1.05 1.14 1.07 1.05 1.14 1.13 1.12 1.07 1.11 1.12 
1.12 1.07 1.05 1.06 1.05 1.13 1.13 1.14 1.07 1.09 
1.08 1.13 1.05 1.09 1.06 1.09 1.12 1.11 1.09 1.11 
1.07 1.05 1.07 1.11 1.09 1.14 1.12 1.08 1.11 1.1 
1.1 1.13 1.06 1.06 1.13 1.12 1.07 1.05 1.07 1.05 
1.11 1.11 1.14 1.09 1.07 1.06 1.09 1.08 1.1 1.06 
1.14 1.08 1.08 1.14 1.13 1.13 1.12 1.13 1.09 1.07 
1.06 1.14 1.08 1.13 1.13 1.1 1.06 1.13 1.1 1.05 
1.1 1.13 1.06 1.05 1.07 1.05 1.08 1.11 1.08 1.1 
1.13 1.14 1.13 1.12 1.05 1.12 1.1 1.12 1.12 1.07 
1.08 1.1 1.11 1.05 1.1 1.05 1.13 1.12 1.12 1.13 
1.14 1.06 1.07 1.07 1.07 1.1 1.07 1.11 1.14 1.05 
1.05 1.1 1.11 1.14 1.14 1.11 1.13 1.12 1.1 1.14 
1.12 1.09 1.1 1.12 1.14 1.11 1.12 1.12 1.06 1.05 
1.09 1.05 1.12 1.13 1.09 1.12 1.1 1.14 1.11 1.1 
1.06 1.12 1.12 1.08 1.1 1.13 1.14 1.1 1.06 1.08 
1.06 1.13 1.06 1.14 1.12 1.13 1.14 1.13 1.11 1.14 
1.05 1.08 1.08 1.05 1.06 1.09 1.06 1.1 1.11 1.12 
1.13 1.09 1.06 1.08 1.07 1.05 1.13 1.05 1.09 1.07 
1.12 1.05 1.05 1.11 1.13 1.07 1.12 1.13 1.09 1.14 
1.08 1.08 1.08 1.1 1.11 1.08 1.12 1.07 1.07 1.11 
1.14 1.13 1.07 1.14 1.06 1.1 1.13 1.13 1.06 1.13 
1.1 1.11 1.07 1.06 1.05 1.06 1.05 1.05 1.05 1.06 
1.06 1.08 1.13 1.06 1.05 1.1 1.06 1.09 1.13 1.09 
1.09 1.12 1.06 1.06 1.14 1.13 1.13 1.12 1.07 1.13 
1.12 1.1 1.06 1.08 1.06 1.08 1.09 1.1 1.12 1.12 
1.09 1.14 1.08 1.09 1.13 1.06 1.05 1.09 1.1 1.12 
1.13 1.14 1.1 1.11 1.1 1.1 1.13 1.12 1.14 1.11 
1.1 1.13 1.09 1.11 1.07 1.14 1.06 1.1 1.1 1.06 
1.05 1.11 1.09 1.13 1.1 1.06 1.07 1.14 1.1 1.09 
1.05 1.13 1.13 1.11 1.09 1.09 1.08 1.06 1.08 1.07 
1.07 1.06 1.12 1.07 1.07 1.05 1.08 1.08 1.05 1.07 
1.1 1.06 1.06 1.05 1.1 1.09 1.14 1.11 1.14 1.14 
1.08 1.09 1.06 1.11 1.05 1.13 1.09 1.12 1.14 1.07 
1.06 1.09 1.06 1.12 1.09 1.08 1.07 1.05 1.11 1.06 
1.09 1.08 1.14 1.08 1.11 1.13 1.1 1.1 1.06 1.05 
1.06 1.14 1.14 1.13 1.12 1.08 1.05 1.11 1.08 1.11 
1.14 1.13 1.05 1.09 1.11 1.14 1.06 1.08 1.11 1.08 
1.11 1.11 1.08 1.13 1.08 1.1 1.14 1.1 1.08 1.07 
1.14 1.12 1.13 1.09 1.11 1.07 1.13 1.11 1.06 1.08 
1.12 1.14 1.07 1.13 1.1 1.07 1.1 1.08 1.08 1.14 
1.09 1.14 1.05 1.13 1.05 1.07 1.11 1.1 1.06 1.11 
1.08 1.12 1.1 1.14 1.12 1.11 1.11 1.12 1.1 1.06 
1.08 1.05 1.14 1.05 1.11 1.08 1.14 1.1 1.09 1.13 
1.11 1.06 1.12 1.1 1.12 1.11 1.14 1.05 1.06 1.1 
1.14 1.07 1.09 1.06 1.1 1.09 1.08 1.09 1.08 1.11 
1.12 1.1 1.11 1.09 1.13 1.08 1.14 1.05 1.05 1.14 
1.08 1.06 1.1 1.11 1.05 1.12 1.12 1.05 1.07 1.08 
1.09 1.1 1.14 1.08 1.08 1.06 1.12 1.05 1.11 1.08 
1.1 1.13 1.06 1.05 1.08 1.05 1.08 1.12 1.13 1.13 
1.14 1.11 1.07 1.12 1.08 1.11 1.08 1.07 1.11 1.05 
1.1 1.07 1.05 1.06 1.08 1.07 1.07 1.06 1.1 1.05 
1.06 1.1 1.13 1.13 1.12 1.11 1.07 1.05 1.13 1.05 
1.07 1.07 1.06 1.11 1.12 1.07 1.09 1.1 1.05 1.11 
1.11 1.09 1.07 1.11 1.06 1.13 1.14 1.1 1.13 1.08 
1.14 1.12 1.06 1.13 1.13 1.05 1.06 1.08 1.14 1.1 
1.14 1.14 1.08 1.12 1.13 1.12 1.05 1.09 1.06 1.08 
1.06 1.05 1.08 1.09 1.11 1.09 1.09 1.05 1.09 1.14 
1.13 1.05 1.09 1.05 1.09 1.11 1.14 1.12 1.07 1.07 
1.08 1.05 1.13 1.06 1.12 1.13 1.1 1.14 1.05 1.14 
1.06 1.05 1.07 1.06 1.06 1.12 1.07 1.12 1.13 1.05 
1.06 1.13 1.05 1.12 1.12 1.08 1.1 1.08 1.09 1.09 
1.1 1.08 1.12 1.05 1.08 1.05 1.08 1.13 1.14 1.08 
1.11 1.12 1.11 1.06 1.11 1.12 1.14 1.06 1.1 1.13 
1.06 1.1 1.11 1.09 1.06 1.11 1.12 1.06 1.1 1.09 
1.07 1.12 1.14 1.06 1.12 1.11 1.07 1.11 1.1 1.06 
1.13 1.1 1.13 1.1 1.14 1.07 1.11 1.14 1.11 1.14 
1.08 1.14 1.13 1.14 1.08 1.12 1.08 1.05 1.05 1.14 
1.05 1.12 1.11 1.11 1.11 1.08 1.06 1.12 1.14 1.1 
1.06 1.13 1.14 1.09 1.05 1.09 1.08 1.13 1.09 1.06 
1.08 1.12 1.05 1.14 1.11 1.09 1.05 1.09 1.06 1.12 
1.11 1.11 1.05 1.13 1.05 1.13 1.09 1.12 1.09 1.07 
1.13 1.08 1.06 1.13 1.05 1.1 1.14 1.09 1.13 1.14 
1.05 1.13 1.07 1.09 1.05 1.12 1.08 1.1 1.11 1.14 
1.05 1.14 1.09 1.1 1.07 1.13 1.12 1.09 1.12 1.13 
1.09 1.1 1.14 1.05 1.11 1.09 1.13 1.11 1.14 1.11 
1.11 1.05 1.09 1.07 1.1 1.13 1.07 1.07 1.07 1.1 
1.12 1.09 1.05 1.05 1.05 1.05 1.1 1.06 1.12 1.09 
1.1 1.06 1.14 1.08 1.07 1.09 1.14 1.06 1.11 1.1 
1.05 1.09 1.07 1.08 1.08 1.13 1.06 1.08 1.06 1.08 
1.13 1.11 1.06 1.14 1.09 1.13 1.13 1.11 1.07 1.12 
1.13 1.05 1.13 1.1 1.12 1.05 1.14 1.13 1.13 1.05 
1.07 1.12 1.11 1.13 1.14 1.11 1.07 1.08 1.08 1.13 
1.1 1.11 1.12 1.12 1.06 1.14 1.12 1.1 1.08 1.12 
1.05 1.09 1.08 1.08 1.11 1.08 1.14 1.05 1.05 1.07 
1.14 1.13 1.08 1.14 1.09 1.07 1.09 1.13 1.12 1.07 
1.13 1.06 1.07 1.09 1.06 1.13 1.14 1.05 1.12 1.09 
1.11 1.09 1.1 1.12 1.07 1.08 1.14 1.06 1.11 1.07 
1.07 1.09 1.07 1.14 1.13 1.06 1.08 1.08 1.07 1.12 
1.07 1.05 1.1 1.08 1.11 1.1 1.08 1.08 1.09 1.07 
1.09 1.06 1.14 1.08 1.06 1.07 1.1 1.12 1.08 1.11 
1.12 1.1 1.11 1.11 1.05 1.13 1.1 1.09 1.06 1.06 
1.06 1.09 1.12 1.08 1.09 1.11 1.05 1.05 1.05 1.09 
1.09 1.1 1.11 1.06 1.07 1.06 1.06 1.06 1.09 1.11 
1.14 1.11 1.06 1.08 1.08 1.11 1.12 1.07 1.11 1.13 
1.11 1.1 1.06 1.1 1.1 1.13 1.14 1.14 1.12 1.12 
1.14 1.1 1.14 1.09 1.06 1.1 1.1 1.14 1.11 1.12 
1.05 1.12 1.09 1.06 1.08 1.05 1.08 1.09 1.08 1.07 
1.07 1.06 1.11 1.06 1.08 1.06 1.11 1.06 1.14 1.13 
1.06 1.06 1.1 1.05 1.05 1.06 1.12 1.12 1.13 1.14 
1.13 1.11 1.11 1.1 1.1 1.06 1.05 1.06 1.07 1.07 
1.08 1.14 1.07 1.08 1.13 1.09 1.13 1.13 1.09 1.09 
1.1 1.14 1.11 1.14 1.13 1.06 1.12 1.14 1.07 1.1 
1.09 1.1 1.05 1.05 1.11 1.13 1.11 1.05 1.1 1.05 
1.06 1.14 1.05 1.11 1.06 1.11 1.1 1.08 1.09 1.11 
1.05 1.07 1.12 1.09 1.11 1.11 1.05 1.08 1.12 1.13 
1.05 1.12 1.09 1.13 1.14 1.12 1.05 1.1 1.12 1.07 
1.06 1.05 1.14 1.06 1.05 1.11 1.07 1.11 1.06 1.14 
1.07 1.08 1.14 1.13 1.11 1.14 1.1 1.1 1.11 1.07 
1.13 1.14 1.06 1.14 1.07 1.07 1.12 1.06 1.09 1.09 
