10
100
91 32 87 62 84 31 78 39 29 7 61 33 87 14 58 20 97 87 55 26 8 69 13 98 65 78 2 27 81 16 60 30 87 73 83 22 25 35 56 32 52 10 59 76 38 73 2 11 68 50 39 21 81 98 80 28 36 92 65 69 5 1 82 35 23 4 42 58 84 75 15 26 98 38 10 88 32 70 73 24 64 80 43 19 67 7 12 67 18 96 69 81 20 49 79 18 72 67 99 50 
1 1 3 2 1 2 2 3 3 1 
1.11 1.11 1.11 1.08 1.13 1.14 1.11 1.13 1.07 1.1 
1.06 1.06 1.12 1.1 1.06 1.14 1.05 1.14 1.1 1.05 
1.06 1.11 1.08 1.08 1.07 1.09 1.12 1.07 1.14 1.11 
1.07 1.07 1.05 1.05 1.09 1.12 1.06 1.09 1.12 1.12 
1.07 1.12 1.12 1.12 1.06 1.13 1.12 1.06 1.07 1.08 
1.06 1.06 1.07 1.11 1.14 1.1 1.1 1.08 1.12 1.06 
1.13 1.07 1.05 1.09 1.09 1.14 1.1 1.12 1.07 1.11 
1.09 1.11 1.14 1.09 1.09 1.14 1.09 1.14 1.05 1.11 
1.11 1.09 1.05 1.05 1.09 1.11 1.14 1.1 1.12 1.14 
1.11 1.06 1.09 1.08 1.07 1.12 1.07 1.13 1.08 1.05 
1.14 1.06 1.12 1.1 1.09 1.08 1.08 1.14 1.1 1.06 
1.13 1.09 1.1 1.11 1.07 1.1 1.06 1.07 1.14 1.07 
1.13 1.08 1.06 1.07 1.08 1.06 1.14 1.06 1.1 1.11 
1.07 1.14 1.11 1.12 1.07 1.06 1.09 1.1 1.05 1.09 
1.05 1.08 1.09 1.08 1.08 1.13 1.07 1.08 1.06 1.14 
1.08 1.13 1.08 1.08 1.11 1.12 1.14 1.11 1.1 1.06 
1.06 1.06 1.06 1.09 1.13 1.08 1.06 1.09 1.07 1.12 
1.08 1.07 1.12 1.09 1.08 1.08 1.09 1.12 1.13 1.07 
1.14 1.09 1.08 1.1 1.05 1.09 1.07 1.13 1.12 1.1 
1.08 1.11 1.13 1.13 1.08 1.11 1.12 1.1 1.09 1.11 
1.09 1.13 1.12 1.13 1.08 1.1 1.12 1.12 1.14 1.05 
1.06 1.1 1.14 1.12 1.06 1.08 1.08 1.11 1.07 1.05 
1.11 1.11 1.13 1.13 1.1 1.06 1.12 1.08 1.1 1.13 
1.08 1.06 1.12 1.07 1.08 1.13 1.14 1.06 1.06 1.12 
1.09 1.13 1.11 1.07 1.08 1.06 1.08 1.05 1.11 1.08 
1.07 1.05 1.12 1.05 1.11 1.11 1.07 1.12 1.06 1.08 
1.09 1.1 1.09 1.06 1.08 1.11 1.13 1.08 1.14 1.06 
1.09 1.14 1.1 1.13 1.12 1.14 1.07 1.11 1.1 1.08 
1.09 1.05 1.14 1.09 1.07 1.06 1.08 1.11 1.13 1.13 
1.13 1.11 1.06 1.06 1.06 1.1 1.07 1.07 1.06 1.08 
1.12 1.05 1.07 1.06 1.1 1.06 1.1 1.13 1.13 1.12 
1.06 1.06 1.13 1.07 1.07 1.11 1.14 1.08 1.05 1.07 
1.1 1.1 1.09 1.07 1.06 1.14 1.09 1.06 1.12 1.1 
1.09 1.14 1.06 1.06 1.08 1.14 1.05 1.08 1.14 1.14 
1.11 1.13 1.06 1.13 1.05 1.06 1.14 1.08 1.09 1.12 
1.11 1.05 1.06 1.06 1.12 1.1 1.09 1.05 1.13 1.12 
1.13 1.12 1.1 1.06 1.13 1.07 1.05 1.12 1.11 1.12 
1.12 1.13 1.13 1.09 1.1 1.1 1.13 1.12 1.1 1.11 
1.14 1.11 1.05 1.13 1.14 1.12 1.06 1.12 1.11 1.1 
1.11 1.07 1.14 1.06 1.14 1.09 1.14 1.07 1.09 1.14 
1.11 1.05 1.09 1.14 1.09 1.11 1.05 1.11 1.07 1.08 
1.14 1.1 1.08 1.13 1.09 1.11 1.12 1.05 1.1 1.12 
1.1 1.09 1.14 1.09 1.05 1.09 1.14 1.07 1.1 1.11 
1.09 1.1 1.06 1.12 1.06 1.14 1.06 1.12 1.06 1.14 
1.1 1.14 1.08 1.06 1.09 1.06 1.07 1.12 1.05 1.07 
1.12 1.14 1.13 1.07 1.1 1.07 1.11 1.14 1.13 1.07 
1.12 1.06 1.11 1.11 1.08 1.13 1.07 1.09 1.1 1.13 
1.14 1.11 1.14 1.11 1.07 1.07 1.05 1.11 1.11 1.06 
1.11 1.05 1.14 1.1 1.09 1.09 1.05 1.1 1.11 1.1 
1.07 1.09 1.1 1.05 1.11 1.05 1.07 1.06 1.06 1.13 
1.07 1.11 1.11 1.08 1.13 1.14 1.09 1.05 1.14 1.12 
1.1 1.11 1.14 1.11 1.07 1.06 1.05 1.14 1.06 1.14 
1.13 1.13 1.06 1.07 1.14 1.07 1.11 1.05 1.07 1.07 
1.14 1.12 1.12 1.1 1.05 1.09 1.08 1.1 1.07 1.06 
1.05 1.08 1.08 1.07 1.07 1.09 1.06 1.12 1.12 1.05 
1.1 1.08 1.07 1.08 1.12 1.09 1.06 1.11 1.09 1.08 
1.1 1.08 1.12 1.14 1.12 1.11 1.11 1.13 1.06 1.08 
1.12 1.14 1.08 1.12 1.09 1.07 1.1 1.06 1.07 1.12 
1.07 1.13 1.14 1.1 1.13 1.13 1.07 1.13 1.08 1.11 
1.07 1.07 1.08 1.08 1.13 1.07 1.06 1.1 1.14 1.08 
1.09 1.13 1.1 1.13 1.11 1.11 1.08 1.08 1.09 1.11 
1.05 1.08 1.13 1.13 1.08 1.07 1.14 1.06 1.05 1.05 
1.13 1.08 1.09 1.11 1.11 1.05 1.06 1.05 1.07 1.05 
1.14 1.11 1.05 1.08 1.1 1.09 1.13 1.06 1.11 1.11 
1.14 1.13 1.09 1.05 1.05 1.07 1.14 1.09 1.05 1.14 
1.11 1.11 1.12 1.14 1.07 1.08 1.11 1.08 1.09 1.09 
1.14 1.05 1.12 1.09 1.11 1.06 1.06 1.06 1.05 1.1 
1.11 1.05 1.1 1.07 1.09 1.1 1.08 1.1 1.1 1.12 
1.06 1.06 1.1 1.08 1.08 1.14 1.07 1.09 1.12 1.14 
1.06 1.11 1.08 1.05 1.13 1.1 1.11 1.13 1.13 1.13 
1.09 1.14 1.09 1.1 1.12 1.05 1.11 1.13 1.08 1.1 
1.12 1.1 1.13 1.12 1.09 1.06 1.05 1.12 1.12 1.05 
1.06 1.06 1.14 1.1 1.12 1.08 1.05 1.14 1.13 1.08 
1.06 1.12 1.13 1.12 1.09 1.07 1.12 1.13 1.1 1.09 
1.09 1.12 1.14 1.07 1.12 1.12 1.06 1.05 1.05 1.14 
1.07 1.08 1.1 1.11 1.08 1.11 1.09 1.13 1.11 1.13 
1.09 1.12 1.08 1.11 1.08 1.09 1.12 1.14 1.14 1.05 
1.11 1.14 1.08 1.1 1.08 1.07 1.08 1.09 1.14 1.05 
1.11 1.14 1.09 1.09 1.05 1.12 1.12 1.14 1.13 1.06 
1.08 1.09 1.06 1.14 1.09 1.06 1.1 1.07 1.07 1.09 
1.05 1.14 1.09 1.12 1.11 1.08 1.12 1.14 1.07 1.09 
1.05 1.14 1.1 1.11 1.06 1.1 1.11 1.12 1.11 1.09 
1.06 1.14 1.06 1.07 1.11 1.05 1.09 1.09 1.13 1.12 
1.13 1.12 1.09 1.12 1.07 1.09 1.08 1.06 1.06 1.11 
1.07 1.13 1.1 1.12 1.13 1.07 1.06 1.11 1.06 1.13 
1.08 1.06 1.08 1.1 1.14 1.05 1.12 1.1 1.13 1.08 
1.07 1.11 1.1 1.13 1.12 1.05 1.07 1.11 1.1 1.09 
1.13 1.12 1.11 1.07 1.08 1.11 1.08 1.08 1.1 1.08 
1.13 1.14 1.05 1.13 1.06 1.09 1.12 1.07 1.11 1.08 
1.14 1.09 1.07 1.11 1.14 1.08 1.09 1.05 1.13 1.11 
1.09 1.07 1.08 1.11 1.11 1.09 1.09 1.05 1.13 1.08 
1.11 1.1 1.12 1.07 1.05 1.11 1.11 1.12 1.05 1.05 
1.1 1.07 1.09 1.11 1.08 1.08 1.14 1.11 1.14 1.11 
1.08 1.05 1.11 1.06 1.12 1.1 1.08 1.12 1.14 1.11 
1.12 1.14 1.06 1.13 1.05 1.09 1.1 1.08 1.05 1.12 
1.12 1.11 1.14 1.08 1.1 1.08 1.14 1.1 1.07 1.09 
1.09 1.13 1.13 1.1 1.05 1.11 1.11 1.13 1.07 1.13 
1.07 1.11 1.13 1.13 1.13 1.14 1.12 1.12 1.05 1.11 
1.06 1.08 1.09 1.13 1.13 1.06 1.12 1.07 1.09 1.08 
1.1 1.06 1.13 1.14 1.08 1.07 1.14 1.14 1.11 1.06 
