10
150
22 54 69 79 51 52 36 95 70 24 43 98 96 78 22 39 35 20 17 83 86 91 95 72 96 77 59 67 16 40 98 57 42 90 91 38 4 91 23 90 47 100 25 49 4 6 33 9 67 7 59 17 38 26 11 52 25 49 6 90 37 49 80 34 50 74 11 37 58 93 14 54 79 10 39 38 60 7 6 98 78 96 84 70 36 58 51 37 57 81 18 19 49 25 27 25 3 4 91 23 1 60 69 58 17 56 67 81 42 31 25 89 82 21 52 16 11 73 70 14 47 27 27 45 33 91 60 83 64 82 25 65 46 70 8 11 93 76 59 81 65 9 54 40 62 45 62 88 95 45 
1 4 1 5 5 8 9 7 3 4 
1.05 1.14 1.1 1.05 1.1 1.07 1.06 1.1 1.12 1.12 
1.08 1.08 1.08 1.09 1.05 1.12 1.05 1.08 1.12 1.05 
1.09 1.13 1.09 1.09 1.11 1.1 1.07 1.12 1.14 1.07 
1.07 1.11 1.09 1.12 1.12 1.06 1.09 1.1 1.06 1.14 
1.07 1.14 1.12 1.06 1.05 1.09 1.09 1.13 1.14 1.07 
1.06 1.13 1.08 1.08 1.14 1.1 1.1 1.13 1.14 1.11 
1.13 1.05 1.07 1.1 1.07 1.14 1.1 1.1 1.08 1.05 
1.14 1.06 1.06 1.08 1.12 1.1 1.09 1.09 1.13 1.09 
1.05 1.1 1.05 1.1 1.14 1.14 1.05 1.08 1.11 1.08 
1.12 1.06 1.1 1.05 1.11 1.06 1.07 1.08 1.1 1.11 
1.05 1.06 1.12 1.11 1.14 1.08 1.06 1.11 1.07 1.07 
1.05 1.1 1.08 1.12 1.09 1.09 1.07 1.1 1.08 1.12 
1.13 1.09 1.11 1.1 1.06 1.05 1.05 1.11 1.06 1.05 
1.12 1.08 1.09 1.05 1.12 1.09 1.12 1.07 1.1 1.11 
1.13 1.12 1.07 1.05 1.08 1.09 1.14 1.08 1.14 1.1 
1.11 1.09 1.07 1.11 1.12 1.08 1.09 1.1 1.05 1.1 
1.05 1.06 1.07 1.06 1.11 1.1 1.07 1.09 1.12 1.09 
1.13 1.06 1.11 1.06 1.09 1.12 1.1 1.08 1.07 1.14 
1.06 1.08 1.11 1.12 1.05 1.13 1.05 1.05 1.1 1.1 
1.07 1.14 1.14 1.07 1.07 1.07 1.09 1.07 1.07 1.1 
1.08 1.12 1.13 1.07 1.13 1.1 1.05 1.1 1.14 1.09 
1.07 1.07 1.06 1.1 1.05 1.12 1.06 1.09 1.12 1.06 
1.1 1.06 1.06 1.08 1.14 1.09 1.11 1.05 1.1 1.06 
1.1 1.11 1.09 1.08 1.07 1.08 1.06 1.11 1.06 1.05 
1.13 1.11 1.12 1.05 1.11 1.12 1.13 1.09 1.07 1.12 
1.1 1.08 1.12 1.05 1.11 1.11 1.07 1.08 1.11 1.05 
1.13 1.05 1.13 1.11 1.06 1.13 1.07 1.08 1.06 1.13 
1.13 1.12 1.1 1.07 1.14 1.11 1.11 1.05 1.13 1.08 
1.1 1.11 1.07 1.12 1.06 1.13 1.12 1.06 1.12 1.06 
1.07 1.13 1.12 1.08 1.07 1.05 1.12 1.13 1.09 1.12 
1.09 1.06 1.12 1.06 1.07 1.1 1.07 1.12 1.08 1.05 
1.13 1.13 1.14 1.11 1.08 1.14 1.12 1.14 1.11 1.08 
1.08 1.09 1.12 1.06 1.13 1.1 1.1 1.06 1.12 1.08 
1.12 1.13 1.05 1.06 1.11 1.14 1.11 1.05 1.06 1.14 
1.09 1.11 1.12 1.11 1.12 1.11 1.09 1.09 1.14 1.08 
1.12 1.11 1.13 1.1 1.08 1.08 1.08 1.05 1.1 1.11 
1.06 1.14 1.08 1.14 1.05 1.05 1.07 1.05 1.09 1.08 
1.05 1.05 1.09 1.1 1.11 1.08 1.06 1.05 1.12 1.11 
1.06 1.09 1.08 1.08 1.1 1.07 1.09 1.09 1.13 1.08 
1.1 1.05 1.08 1.09 1.09 1.1 1.07 1.06 1.11 1.12 
1.13 1.12 1.08 1.1 1.1 1.1 1.08 1.13 1.09 1.14 
1.1 1.09 1.1 1.06 1.1 1.1 1.09 1.09 1.05 1.09 
1.1 1.12 1.06 1.08 1.11 1.12 1.08 1.1 1.05 1.1 
1.08 1.08 1.08 1.09 1.14 1.11 1.07 1.07 1.05 1.09 
1.1 1.12 1.13 1.13 1.05 1.11 1.08 1.06 1.05 1.11 
1.11 1.12 1.11 1.11 1.1 1.11 1.12 1.11 1.12 1.06 
1.13 1.05 1.12 1.11 1.08 1.06 1.07 1.09 1.05 1.09 
1.12 1.1 1.13 1.13 1.09 1.09 1.08 1.07 1.1 1.07 
1.09 1.09 1.08 1.13 1.1 1.11 1.14 1.07 1.11 1.07 
1.12 1.07 1.12 1.08 1.09 1.12 1.06 1.05 1.1 1.11 
1.14 1.06 1.1 1.13 1.14 1.07 1.05 1.13 1.14 1.1 
1.06 1.14 1.11 1.13 1.14 1.09 1.07 1.13 1.07 1.05 
1.13 1.13 1.06 1.11 1.11 1.05 1.11 1.07 1.05 1.11 
1.05 1.08 1.05 1.11 1.09 1.1 1.06 1.1 1.13 1.12 
1.07 1.05 1.14 1.1 1.14 1.11 1.09 1.06 1.09 1.13 
1.12 1.14 1.13 1.06 1.14 1.08 1.07 1.1 1.14 1.06 
1.07 1.09 1.14 1.13 1.05 1.11 1.11 1.06 1.06 1.14 
1.11 1.12 1.05 1.14 1.07 1.07 1.07 1.05 1.09 1.09 
1.05 1.14 1.07 1.09 1.11 1.07 1.14 1.13 1.14 1.09 
1.14 1.12 1.05 1.09 1.14 1.09 1.08 1.1 1.07 1.13 
1.05 1.09 1.06 1.13 1.09 1.13 1.06 1.06 1.08 1.11 
1.07 1.08 1.1 1.06 1.08 1.13 1.08 1.1 1.14 1.13 
1.12 1.1 1.07 1.14 1.05 1.14 1.07 1.07 1.08 1.05 
1.09 1.12 1.05 1.11 1.14 1.05 1.14 1.07 1.09 1.05 
1.12 1.13 1.1 1.13 1.12 1.08 1.07 1.06 1.07 1.1 
1.07 1.12 1.06 1.14 1.06 1.06 1.06 1.14 1.14 1.13 
1.06 1.1 1.1 1.12 1.14 1.12 1.06 1.11 1.05 1.14 
1.08 1.08 1.1 1.08 1.12 1.07 1.12 1.14 1.11 1.07 
1.06 1.06 1.07 1.14 1.11 1.11 1.12 1.1 1.09 1.12 
1.09 1.12 1.11 1.09 1.14 1.09 1.1 1.11 1.12 1.1 
1.12 1.13 1.14 1.08 1.14 1.12 1.11 1.09 1.08 1.1 
1.1 1.08 1.05 1.06 1.06 1.14 1.12 1.14 1.09 1.09 
1.11 1.1 1.06 1.05 1.08 1.06 1.11 1.14 1.12 1.06 
1.06 1.05 1.07 1.07 1.11 1.06 1.12 1.07 1.09 1.11 
1.09 1.06 1.12 1.13 1.09 1.09 1.08 1.12 1.05 1.08 
1.13 1.05 1.06 1.07 1.08 1.05 1.14 1.12 1.08 1.09 
1.08 1.05 1.13 1.11 1.14 1.06 1.09 1.06 1.11 1.05 
1.05 1.1 1.12 1.13 1.14 1.13 1.11 1.13 1.08 1.09 
1.08 1.09 1.11 1.09 1.06 1.06 1.07 1.13 1.07 1.11 
1.13 1.07 1.12 1.1 1.13 1.12 1.11 1.08 1.11 1.14 
1.14 1.14 1.05 1.06 1.11 1.11 1.05 1.13 1.1 1.14 
1.08 1.06 1.05 1.13 1.05 1.1 1.13 1.08 1.09 1.08 
1.09 1.08 1.05 1.12 1.14 1.13 1.08 1.1 1.12 1.13 
1.11 1.13 1.14 1.14 1.05 1.05 1.13 1.05 1.05 1.09 
1.09 1.11 1.14 1.14 1.08 1.12 1.09 1.09 1.13 1.12 
1.09 1.09 1.09 1.13 1.06 1.07 1.09 1.09 1.09 1.06 
1.05 1.05 1.1 1.09 1.1 1.09 1.12 1.12 1.08 1.12 
1.14 1.13 1.12 1.14 1.07 1.08 1.05 1.12 1.1 1.13 
1.06 1.14 1.09 1.05 1.12 1.09 1.12 1.09 1.11 1.05 
1.09 1.1 1.1 1.08 1.12 1.13 1.1 1.05 1.05 1.14 
1.07 1.06 1.07 1.14 1.13 1.14 1.06 1.09 1.07 1.09 
1.1 1.07 1.11 1.09 1.09 1.06 1.08 1.1 1.14 1.09 
1.08 1.07 1.1 1.05 1.13 1.14 1.11 1.08 1.08 1.13 
1.1 1.06 1.05 1.07 1.12 1.08 1.05 1.13 1.05 1.12 
1.05 1.05 1.07 1.08 1.05 1.11 1.08 1.13 1.14 1.06 
1.12 1.08 1.14 1.14 1.08 1.14 1.09 1.06 1.1 1.11 
1.07 1.11 1.05 1.09 1.1 1.13 1.11 1.1 1.07 1.1 
1.12 1.13 1.08 1.07 1.08 1.14 1.05 1.07 1.06 1.06 
1.13 1.13 1.09 1.11 1.08 1.08 1.13 1.08 1.13 1.08 
1.05 1.05 1.12 1.05 1.1 1.05 1.11 1.08 1.1 1.11 
1.09 1.07 1.08 1.13 1.1 1.11 1.13 1.06 1.07 1.05 
1.08 1.05 1.05 1.11 1.11 1.05 1.13 1.09 1.11 1.12 
1.08 1.1 1.1 1.09 1.05 1.07 1.13 1.08 1.13 1.14 
1.08 1.1 1.06 1.06 1.13 1.13 1.08 1.05 1.13 1.09 
1.05 1.06 1.12 1.07 1.05 1.11 1.12 1.12 1.12 1.11 
1.13 1.13 1.08 1.06 1.08 1.08 1.09 1.11 1.12 1.07 
1.08 1.05 1.06 1.14 1.09 1.11 1.13 1.08 1.1 1.07 
1.1 1.06 1.08 1.09 1.12 1.13 1.12 1.07 1.13 1.07 
1.13 1.12 1.06 1.06 1.06 1.1 1.07 1.12 1.13 1.05 
1.09 1.12 1.1 1.08 1.06 1.06 1.14 1.08 1.05 1.07 
1.09 1.13 1.1 1.06 1.11 1.08 1.05 1.07 1.1 1.1 
1.08 1.11 1.08 1.06 1.12 1.05 1.14 1.12 1.11 1.06 
1.05 1.09 1.08 1.12 1.08 1.11 1.12 1.07 1.06 1.08 
1.05 1.13 1.08 1.13 1.06 1.08 1.07 1.14 1.11 1.14 
1.05 1.1 1.13 1.05 1.06 1.11 1.09 1.11 1.06 1.14 
1.05 1.12 1.08 1.12 1.07 1.12 1.08 1.12 1.1 1.09 
1.14 1.14 1.11 1.13 1.07 1.13 1.08 1.07 1.07 1.09 
1.05 1.1 1.14 1.14 1.08 1.12 1.06 1.1 1.08 1.11 
1.12 1.1 1.08 1.07 1.06 1.14 1.1 1.13 1.14 1.11 
1.11 1.11 1.12 1.14 1.1 1.12 1.05 1.08 1.08 1.08 
1.11 1.14 1.05 1.1 1.1 1.1 1.06 1.11 1.06 1.11 
1.09 1.08 1.05 1.13 1.14 1.05 1.12 1.08 1.1 1.08 
1.08 1.14 1.09 1.11 1.12 1.13 1.12 1.11 1.14 1.06 
1.07 1.11 1.05 1.13 1.11 1.14 1.14 1.11 1.1 1.09 
1.09 1.1 1.14 1.09 1.11 1.09 1.09 1.08 1.09 1.12 
1.06 1.05 1.13 1.11 1.06 1.11 1.07 1.11 1.05 1.06 
1.05 1.06 1.08 1.09 1.14 1.11 1.1 1.05 1.07 1.05 
1.06 1.14 1.14 1.09 1.14 1.09 1.12 1.07 1.13 1.14 
1.09 1.11 1.12 1.13 1.05 1.1 1.07 1.14 1.12 1.1 
1.08 1.12 1.11 1.13 1.13 1.1 1.05 1.07 1.12 1.06 
1.13 1.07 1.14 1.05 1.07 1.08 1.09 1.09 1.11 1.06 
1.12 1.06 1.11 1.11 1.06 1.08 1.11 1.08 1.11 1.09 
1.06 1.08 1.08 1.14 1.08 1.13 1.14 1.1 1.1 1.1 
1.05 1.14 1.08 1.05 1.12 1.06 1.09 1.09 1.11 1.05 
1.13 1.14 1.12 1.12 1.12 1.13 1.13 1.11 1.14 1.13 
1.08 1.1 1.1 1.11 1.07 1.09 1.07 1.06 1.05 1.1 
1.05 1.05 1.1 1.1 1.07 1.14 1.07 1.1 1.07 1.08 
1.13 1.14 1.06 1.07 1.05 1.12 1.06 1.07 1.05 1.06 
1.07 1.14 1.08 1.13 1.06 1.06 1.11 1.08 1.09 1.13 
1.08 1.05 1.11 1.1 1.05 1.12 1.07 1.14 1.1 1.07 
1.05 1.1 1.06 1.1 1.13 1.08 1.06 1.14 1.06 1.06 
1.12 1.1 1.08 1.06 1.1 1.11 1.06 1.05 1.06 1.14 
1.1 1.13 1.06 1.09 1.06 1.14 1.1 1.07 1.1 1.12 
1.13 1.14 1.06 1.1 1.05 1.09 1.14 1.11 1.14 1.11 
1.13 1.14 1.09 1.14 1.05 1.09 1.06 1.06 1.05 1.09 
1.05 1.1 1.07 1.06 1.14 1.09 1.08 1.05 1.08 1.12 
1.09 1.13 1.14 1.06 1.05 1.14 1.09 1.14 1.1 1.13 
1.1 1.14 1.13 1.08 1.08 1.14 1.12 1.11 1.12 1.11 
1.1 1.09 1.08 1.14 1.11 1.11 1.14 1.05 1.11 1.07 
1.06 1.08 1.09 1.08 1.13 1.05 1.08 1.13 1.07 1.08 
