10
200
5 23 25 6 93 92 25 82 27 30 69 26 54 48 55 86 63 97 20 43 65 33 26 42 27 36 40 37 93 97 16 45 97 70 82 8 31 54 64 10 30 35 23 71 74 73 25 71 83 43 37 64 51 12 50 51 47 49 8 77 97 77 83 85 66 100 93 79 82 41 22 82 24 62 39 65 60 97 40 15 59 60 61 61 6 36 42 92 41 27 17 80 81 55 76 14 7 46 88 53 27 63 17 43 5 13 63 81 95 83 36 73 79 76 19 30 94 76 9 94 45 22 38 95 84 71 35 95 32 2 65 90 41 86 83 8 79 58 84 83 44 11 35 77 7 91 17 94 72 19 49 97 72 50 76 65 74 13 59 94 94 34 92 11 96 21 78 70 68 27 93 22 9 77 75 1 88 65 21 34 91 71 76 76 81 63 76 20 47 49 65 55 92 37 11 24 25 96 40 24 
9 6 3 5 8 9 6 7 5 2 
1.12 1.08 1.07 1.11 1.13 1.08 1.13 1.13 1.06 1.1 
1.1 1.05 1.06 1.13 1.08 1.06 1.12 1.14 1.09 1.13 
1.14 1.07 1.07 1.06 1.09 1.09 1.05 1.07 1.12 1.13 
1.13 1.08 1.08 1.05 1.08 1.05 1.05 1.14 1.06 1.12 
1.14 1.11 1.08 1.11 1.13 1.14 1.06 1.09 1.11 1.1 
1.1 1.11 1.05 1.09 1.07 1.08 1.06 1.13 1.05 1.14 
1.14 1.08 1.06 1.06 1.14 1.11 1.05 1.05 1.08 1.13 
1.06 1.13 1.06 1.06 1.12 1.09 1.13 1.13 1.07 1.07 
1.08 1.13 1.12 1.08 1.13 1.05 1.05 1.08 1.13 1.07 
1.05 1.14 1.11 1.11 1.12 1.1 1.14 1.05 1.11 1.11 
1.06 1.1 1.09 1.06 1.12 1.06 1.1 1.06 1.09 1.05 
1.11 1.08 1.06 1.06 1.14 1.08 1.14 1.14 1.06 1.13 
1.1 1.1 1.07 1.12 1.05 1.13 1.13 1.05 1.1 1.05 
1.07 1.13 1.09 1.08 1.1 1.14 1.14 1.14 1.06 1.06 
1.08 1.13 1.12 1.12 1.14 1.11 1.11 1.07 1.07 1.05 
1.07 1.09 1.13 1.06 1.08 1.11 1.1 1.08 1.09 1.06 
1.07 1.08 1.14 1.13 1.05 1.11 1.05 1.14 1.1 1.09 
1.14 1.11 1.09 1.08 1.12 1.09 1.08 1.13 1.12 1.1 
1.12 1.05 1.08 1.1 1.12 1.09 1.14 1.05 1.05 1.11 
1.14 1.13 1.09 1.09 1.08 1.06 1.1 1.08 1.1 1.12 
1.05 1.07 1.1 1.11 1.06 1.1 1.1 1.11 1.14 1.1 
1.05 1.05 1.05 1.09 1.13 1.08 1.05 1.14 1.11 1.06 
1.06 1.09 1.1 1.1 1.08 1.13 1.13 1.08 1.08 1.13 
1.09 1.14 1.06 1.14 1.06 1.1 1.09 1.06 1.13 1.08 
1.07 1.13 1.12 1.08 1.07 1.14 1.11 1.13 1.06 1.14 
1.1 1.08 1.13 1.13 1.13 1.12 1.09 1.05 1.12 1.12 
1.13 1.14 1.09 1.09 1.11 1.11 1.08 1.08 1.06 1.08 
1.05 1.08 1.07 1.14 1.07 1.08 1.06 1.05 1.09 1.13 
1.08 1.06 1.11 1.07 1.11 1.1 1.09 1.06 1.1 1.07 
1.08 1.11 1.09 1.12 1.12 1.1 1.08 1.12 1.08 1.07 
1.14 1.11 1.08 1.05 1.1 1.12 1.06 1.13 1.14 1.13 
1.1 1.05 1.14 1.09 1.11 1.09 1.12 1.09 1.06 1.08 
1.09 1.14 1.05 1.11 1.14 1.12 1.1 1.09 1.12 1.08 
1.08 1.08 1.13 1.05 1.06 1.14 1.13 1.1 1.09 1.09 
1.08 1.14 1.06 1.07 1.06 1.07 1.07 1.14 1.1 1.13 
1.1 1.05 1.09 1.14 1.12 1.08 1.05 1.14 1.09 1.07 
1.05 1.08 1.07 1.1 1.11 1.11 1.13 1.09 1.14 1.1 
1.1 1.1 1.09 1.05 1.07 1.06 1.14 1.06 1.11 1.11 
1.1 1.12 1.13 1.09 1.12 1.09 1.14 1.12 1.07 1.12 
1.08 1.14 1.11 1.09 1.12 1.11 1.09 1.06 1.06 1.07 
1.05 1.13 1.11 1.14 1.11 1.13 1.13 1.05 1.05 1.05 
1.14 1.14 1.06 1.13 1.14 1.08 1.05 1.06 1.09 1.09 
1.08 1.13 1.1 1.06 1.13 1.08 1.1 1.12 1.12 1.05 
1.1 1.09 1.09 1.05 1.12 1.08 1.1 1.11 1.06 1.08 
1.07 1.12 1.07 1.05 1.13 1.07 1.08 1.06 1.13 1.08 
1.1 1.14 1.1 1.09 1.1 1.09 1.05 1.13 1.11 1.13 
1.08 1.09 1.14 1.14 1.1 1.13 1.07 1.11 1.12 1.12 
1.14 1.09 1.14 1.12 1.13 1.08 1.05 1.09 1.13 1.11 
1.05 1.09 1.14 1.06 1.06 1.07 1.12 1.05 1.11 1.11 
1.07 1.1 1.09 1.12 1.09 1.13 1.13 1.09 1.14 1.07 
1.13 1.13 1.05 1.05 1.06 1.08 1.08 1.11 1.08 1.06 
1.06 1.05 1.07 1.07 1.13 1.05 1.14 1.05 1.1 1.06 
1.06 1.06 1.07 1.13 1.1 1.11 1.05 1.12 1.12 1.08 
1.13 1.13 1.1 1.11 1.09 1.11 1.08 1.09 1.14 1.12 
1.09 1.05 1.12 1.14 1.14 1.07 1.13 1.12 1.1 1.09 
1.05 1.07 1.12 1.05 1.06 1.05 1.11 1.09 1.1 1.14 
1.13 1.11 1.05 1.09 1.1 1.14 1.12 1.07 1.07 1.06 
1.14 1.09 1.12 1.09 1.11 1.05 1.05 1.05 1.05 1.07 
1.13 1.14 1.14 1.1 1.1 1.12 1.09 1.08 1.12 1.05 
1.14 1.14 1.09 1.13 1.09 1.09 1.11 1.13 1.13 1.06 
1.13 1.09 1.13 1.07 1.05 1.13 1.12 1.12 1.12 1.14 
1.06 1.08 1.09 1.07 1.05 1.12 1.1 1.06 1.06 1.05 
1.07 1.06 1.12 1.14 1.1 1.11 1.11 1.09 1.13 1.13 
1.09 1.06 1.12 1.13 1.06 1.06 1.13 1.08 1.09 1.06 
1.07 1.06 1.05 1.07 1.08 1.1 1.09 1.14 1.12 1.1 
1.09 1.05 1.05 1.09 1.09 1.11 1.06 1.11 1.08 1.09 
1.09 1.09 1.05 1.05 1.14 1.08 1.09 1.09 1.13 1.06 
1.05 1.06 1.11 1.13 1.13 1.06 1.13 1.05 1.11 1.1 
1.09 1.09 1.14 1.14 1.09 1.13 1.14 1.09 1.08 1.14 
1.05 1.1 1.13 1.14 1.05 1.07 1.06 1.1 1.12 1.05 
1.13 1.1 1.05 1.06 1.12 1.06 1.12 1.08 1.1 1.05 
1.07 1.08 1.09 1.08 1.08 1.11 1.11 1.09 1.05 1.08 
1.09 1.14 1.08 1.12 1.07 1.07 1.07 1.08 1.09 1.14 
1.05 1.08 1.11 1.07 1.11 1.1 1.14 1.08 1.14 1.07 
1.1 1.1 1.1 1.06 1.07 1.07 1.1 1.07 1.05 1.06 
1.12 1.12 1.1 1.14 1.1 1.12 1.08 1.09 1.06 1.08 
1.13 1.13 1.14 1.12 1.05 1.06 1.14 1.11 1.08 1.05 
1.08 1.12 1.11 1.11 1.09 1.1 1.05 1.09 1.07 1.05 
1.05 1.14 1.08 1.1 1.12 1.14 1.07 1.13 1.08 1.09 
1.13 1.07 1.06 1.11 1.13 1.14 1.13 1.08 1.09 1.14 
1.11 1.05 1.05 1.12 1.05 1.07 1.12 1.05 1.13 1.11 
1.1 1.08 1.1 1.06 1.06 1.06 1.1 1.05 1.12 1.13 
1.13 1.08 1.05 1.05 1.06 1.1 1.07 1.07 1.1 1.07 
1.08 1.13 1.1 1.07 1.13 1.07 1.07 1.05 1.06 1.08 
1.14 1.08 1.13 1.1 1.09 1.05 1.07 1.13 1.05 1.06 
1.08 1.09 1.08 1.12 1.12 1.07 1.09 1.13 1.05 1.05 
1.09 1.1 1.05 1.05 1.07 1.05 1.09 1.05 1.11 1.12 
1.14 1.11 1.12 1.12 1.08 1.14 1.12 1.12 1.07 1.08 
1.08 1.06 1.05 1.12 1.06 1.06 1.08 1.05 1.1 1.09 
1.06 1.13 1.1 1.13 1.07 1.1 1.08 1.08 1.06 1.14 
1.05 1.05 1.06 1.11 1.11 1.07 1.13 1.1 1.13 1.14 
1.14 1.05 1.08 1.1 1.12 1.11 1.07 1.09 1.09 1.11 
1.14 1.12 1.06 1.07 1.09 1.09 1.05 1.12 1.11 1.07 
1.06 1.06 1.14 1.09 1.14 1.12 1.14 1.07 1.14 1.06 
1.1 1.1 1.12 1.09 1.13 1.08 1.12 1.13 1.11 1.12 
1.09 1.07 1.09 1.13 1.08 1.07 1.06 1.12 1.12 1.07 
1.12 1.07 1.1 1.08 1.14 1.08 1.13 1.08 1.05 1.06 
1.14 1.08 1.07 1.11 1.09 1.13 1.11 1.13 1.09 1.1 
1.1 1.12 1.12 1.05 1.09 1.06 1.14 1.11 1.12 1.13 
1.11 1.09 1.07 1.09 1.13 1.08 1.09 1.07 1.08 1.13 
1.06 1.11 1.12 1.12 1.07 1.13 1.09 1.14 1.12 1.12 
1.08 1.09 1.08 1.1 1.14 1.05 1.13 1.07 1.13 1.13 
1.08 1.05 1.12 1.06 1.12 1.06 1.11 1.05 1.1 1.05 
1.14 1.06 1.14 1.06 1.08 1.12 1.07 1.09 1.06 1.11 
1.07 1.14 1.11 1.08 1.12 1.09 1.07 1.13 1.09 1.1 
1.14 1.05 1.06 1.09 1.05 1.08 1.05 1.09 1.08 1.11 
1.08 1.07 1.1 1.13 1.05 1.12 1.08 1.06 1.11 1.05 
1.06 1.06 1.13 1.06 1.13 1.05 1.07 1.11 1.13 1.1 
1.13 1.09 1.09 1.11 1.12 1.14 1.05 1.06 1.06 1.1 
1.13 1.07 1.07 1.12 1.14 1.05 1.1 1.14 1.06 1.08 
1.09 1.09 1.11 1.08 1.12 1.09 1.05 1.12 1.13 1.13 
1.13 1.12 1.1 1.13 1.05 1.08 1.14 1.06 1.07 1.12 
1.1 1.1 1.07 1.07 1.11 1.09 1.1 1.12 1.09 1.11 
1.13 1.13 1.14 1.08 1.14 1.11 1.06 1.12 1.07 1.11 
1.08 1.08 1.14 1.05 1.06 1.08 1.1 1.06 1.07 1.06 
1.13 1.09 1.06 1.06 1.13 1.11 1.1 1.07 1.09 1.09 
1.14 1.12 1.11 1.07 1.14 1.09 1.1 1.11 1.05 1.06 
1.14 1.14 1.09 1.11 1.11 1.11 1.1 1.13 1.13 1.08 
1.07 1.1 1.14 1.06 1.11 1.09 1.12 1.1 1.08 1.06 
1.14 1.1 1.06 1.08 1.12 1.07 1.07 1.12 1.1 1.1 
1.09 1.1 1.1 1.11 1.06 1.09 1.08 1.1 1.08 1.05 
1.09 1.11 1.06 1.13 1.07 1.05 1.09 1.08 1.06 1.08 
1.07 1.09 1.11 1.13 1.05 1.08 1.09 1.14 1.08 1.05 
1.12 1.12 1.09 1.14 1.14 1.14 1.07 1.11 1.05 1.1 
1.06 1.06 1.06 1.05 1.05 1.09 1.06 1.08 1.12 1.14 
1.05 1.1 1.07 1.14 1.05 1.13 1.12 1.07 1.07 1.06 
1.07 1.11 1.12 1.11 1.08 1.11 1.09 1.08 1.07 1.12 
1.13 1.09 1.05 1.14 1.13 1.06 1.07 1.05 1.14 1.14 
1.05 1.06 1.08 1.14 1.14 1.09 1.11 1.09 1.13 1.12 
1.14 1.07 1.11 1.06 1.09 1.11 1.08 1.1 1.06 1.07 
1.12 1.13 1.07 1.11 1.11 1.09 1.11 1.05 1.06 1.1 
1.06 1.06 1.05 1.06 1.08 1.09 1.1 1.11 1.13 1.13 
1.06 1.11 1.13 1.1 1.08 1.07 1.12 1.12 1.13 1.06 
1.05 1.07 1.08 1.11 1.1 1.12 1.08 1.07 1.06 1.05 
1.06 1.1 1.06 1.14 1.13 1.05 1.11 1.13 1.13 1.07 
1.11 1.1 1.06 1.05 1.14 1.12 1.08 1.12 1.11 1.13 
1.12 1.12 1.12 1.06 1.06 1.1 1.09 1.11 1.05 1.05 
1.05 1.1 1.08 1.14 1.05 1.07 1.08 1.11 1.06 1.1 
1.14 1.1 1.14 1.1 1.05 1.09 1.1 1.07 1.08 1.09 
1.07 1.14 1.11 1.13 1.05 1.06 1.05 1.07 1.08 1.06 
1.13 1.09 1.11 1.05 1.1 1.1 1.14 1.09 1.05 1.11 
1.06 1.09 1.12 1.09 1.09 1.11 1.09 1.06 1.06 1.08 
1.1 1.08 1.13 1.05 1.12 1.08 1.12 1.09 1.07 1.05 
1.09 1.08 1.11 1.14 1.14 1.06 1.06 1.11 1.09 1.1 
1.09 1.11 1.09 1.11 1.11 1.06 1.09 1.07 1.08 1.07 
1.06 1.11 1.1 1.05 1.13 1.06 1.12 1.13 1.09 1.05 
1.1 1.05 1.05 1.14 1.13 1.12 1.14 1.11 1.08 1.05 
1.14 1.06 1.07 1.1 1.12 1.06 1.09 1.09 1.09 1.12 
1.07 1.14 1.05 1.12 1.11 1.13 1.1 1.05 1.09 1.05 
1.11 1.11 1.1 1.14 1.13 1.07 1.07 1.09 1.08 1.12 
1.11 1.07 1.14 1.11 1.06 1.05 1.06 1.07 1.09 1.08 
1.13 1.12 1.11 1.14 1.12 1.09 1.13 1.13 1.13 1.12 
1.12 1.07 1.05 1.11 1.07 1.11 1.11 1.1 1.11 1.14 
1.09 1.09 1.14 1.06 1.1 1.07 1.12 1.14 1.07 1.1 
1.13 1.08 1.05 1.09 1.14 1.09 1.06 1.12 1.14 1.06 
1.08 1.07 1.05 1.14 1.06 1.05 1.1 1.11 1.09 1.13 
1.11 1.08 1.1 1.08 1.1 1.13 1.11 1.08 1.13 1.12 
1.09 1.08 1.13 1.1 1.08 1.09 1.12 1.14 1.13 1.11 
1.07 1.14 1.12 1.09 1.12 1.07 1.14 1.08 1.14 1.14 
1.06 1.05 1.12 1.13 1.11 1.07 1.14 1.09 1.09 1.11 
1.05 1.11 1.05 1.13 1.08 1.13 1.05 1.14 1.08 1.11 
1.05 1.13 1.12 1.12 1.08 1.07 1.06 1.07 1.1 1.08 
1.09 1.11 1.06 1.05 1.06 1.05 1.13 1.11 1.05 1.12 
1.14 1.1 1.09 1.08 1.12 1.09 1.14 1.06 1.09 1.13 
1.08 1.09 1.07 1.08 1.12 1.13 1.12 1.09 1.07 1.09 
1.12 1.11 1.11 1.07 1.07 1.07 1.09 1.13 1.05 1.1 
1.1 1.07 1.06 1.08 1.11 1.07 1.05 1.12 1.13 1.11 
1.06 1.12 1.1 1.09 1.08 1.13 1.06 1.1 1.09 1.14 
1.08 1.08 1.14 1.05 1.11 1.07 1.07 1.06 1.11 1.09 
1.07 1.09 1.12 1.07 1.11 1.14 1.11 1.05 1.11 1.07 
1.1 1.12 1.14 1.13 1.07 1.13 1.14 1.11 1.11 1.12 
1.09 1.14 1.07 1.05 1.12 1.13 1.13 1.12 1.07 1.06 
1.07 1.1 1.08 1.05 1.1 1.11 1.13 1.08 1.14 1.09 
1.1 1.06 1.05 1.1 1.11 1.06 1.09 1.06 1.12 1.12 
1.05 1.05 1.11 1.11 1.08 1.12 1.05 1.05 1.11 1.13 
1.1 1.13 1.13 1.11 1.14 1.14 1.14 1.07 1.12 1.08 
1.05 1.14 1.1 1.09 1.05 1.07 1.13 1.13 1.08 1.14 
1.05 1.14 1.11 1.1 1.14 1.11 1.12 1.08 1.09 1.05 
1.08 1.11 1.12 1.08 1.11 1.09 1.08 1.06 1.08 1.09 
1.06 1.05 1.08 1.11 1.14 1.05 1.12 1.12 1.14 1.09 
1.07 1.06 1.11 1.05 1.12 1.13 1.1 1.11 1.11 1.06 
1.14 1.08 1.1 1.05 1.11 1.09 1.14 1.11 1.11 1.12 
1.13 1.11 1.11 1.08 1.07 1.1 1.13 1.1 1.12 1.12 
1.13 1.09 1.07 1.08 1.11 1.13 1.14 1.05 1.14 1.13 
1.07 1.07 1.05 1.12 1.09 1.14 1.05 1.07 1.11 1.06 
1.05 1.13 1.07 1.09 1.11 1.13 1.09 1.06 1.11 1.1 
1.1 1.08 1.05 1.11 1.1 1.13 1.14 1.11 1.09 1.08 
1.12 1.12 1.14 1.08 1.13 1.05 1.12 1.06 1.11 1.08 
1.14 1.13 1.12 1.11 1.08 1.14 1.1 1.13 1.08 1.14 
1.13 1.09 1.1 1.07 1.11 1.06 1.12 1.06 1.08 1.07 
1.1 1.13 1.07 1.05 1.11 1.1 1.08 1.05 1.14 1.08 
1.11 1.05 1.11 1.14 1.11 1.07 1.05 1.08 1.12 1.08 
1.1 1.13 1.12 1.07 1.08 1.14 1.05 1.1 1.05 1.06 
1.11 1.07 1.13 1.09 1.14 1.06 1.09 1.08 1.07 1.06 
1.11 1.13 1.11 1.14 1.07 1.14 1.07 1.11 1.09 1.14 
1.1 1.1 1.11 1.13 1.08 1.12 1.09 1.14 1.08 1.11 
1.11 1.08 1.1 1.12 1.12 1.08 1.13 1.09 1.14 1.1 
1.07 1.11 1.07 1.08 1.12 1.05 1.1 1.09 1.05 1.07 
1.08 1.08 1.07 1.05 1.08 1.12 1.08 1.08 1.11 1.13 
1.12 1.07 1.05 1.13 1.14 1.06 1.12 1.13 1.11 1.08 
