10
100
31 93 14 82 32 14 34 50 20 89 20 4 46 90 90 89 46 97 40 83 75 17 37 15 2 72 97 93 73 29 25 30 35 18 3 79 1 57 72 12 28 96 7 40 99 100 56 27 31 26 1 35 73 19 64 67 33 46 29 33 53 67 9 63 83 3 91 69 74 41 62 81 54 11 67 18 27 1 32 81 56 57 21 88 32 19 58 81 56 59 14 76 43 21 14 12 23 96 61 47 
3 8 1 7 2 7 5 4 9 6 
1.05 1.05 1.02 1.03 1.03 1.01 1.02 1.01 1.05 1.06 
1.04 1.06 1.05 1.01 1.06 1.04 1.05 1.03 1.02 1.06 
1.01 1.05 1.03 1.04 1.02 1.05 1.01 1.01 1.03 1.03 
1.01 1.02 1.03 1.01 1.05 1.03 1.03 1.04 1.06 1.02 
1.06 1.04 1.04 1.04 1.02 1.02 1.06 1.05 1.02 1.02 
1.05 1.03 1.04 1.02 1.03 1.05 1.06 1.05 1.03 1.05 
1.03 1.03 1.05 1.03 1.04 1.01 1.01 1.05 1.02 1.04 
1.01 1.01 1.04 1.04 1.01 1.04 1.03 1.06 1.05 1.04 
1.04 1.04 1.01 1.02 1.06 1.02 1.02 1.02 1.06 1.06 
1.02 1.04 1.06 1.01 1.04 1.04 1.03 1.05 1.03 1.05 
1.03 1.06 1.05 1.05 1.02 1.01 1.02 1.05 1.05 1.05 
1.06 1.02 1.04 1.03 1.01 1.06 1.06 1.05 1.01 1.02 
1.02 1.02 1.05 1.05 1.03 1.03 1.06 1.03 1.05 1.01 
1.01 1.06 1.06 1.02 1.06 1.05 1.04 1.03 1.05 1.03 
1.01 1.03 1.02 1.01 1.02 1.02 1.06 1.06 1.03 1.05 
1.04 1.04 1.02 1.05 1.02 1.05 1.02 1.06 1.03 1.06 
1.03 1.02 1.04 1.04 1.04 1.06 1.04 1.01 1.04 1.06 
1.04 1.05 1.04 1.06 1.05 1.01 1.05 1.05 1.05 1.03 
1.05 1.04 1.03 1.05 1.04 1.01 1.01 1.01 1.04 1.05 
1.03 1.04 1.03 1.02 1.04 1.04 1.04 1.05 1.06 1.06 
1.05 1.01 1.05 1.01 1.04 1.05 1.05 1.01 1.05 1.05 
1.01 1.01 1.01 1.02 1.04 1.06 1.06 1.02 1.01 1.02 
1.03 1.02 1.05 1.05 1.03 1.04 1.03 1.05 1.02 1.02 
1.02 1.03 1.06 1.05 1.01 1.06 1.04 1.02 1.02 1.04 
1.01 1.04 1.01 1.01 1.03 1.06 1.05 1.01 1.04 1.01 
1.04 1.03 1.02 1.06 1.06 1.06 1.05 1.03 1.02 1.04 
1.05 1.03 1.04 1.05 1.02 1.06 1.04 1.06 1.03 1.06 
1.04 1.01 1.02 1.02 1.03 1.01 1.04 1.04 1.01 1.03 
1.02 1.06 1.04 1.03 1.02 1.03 1.06 1.05 1.01 1.01 
1.05 1.06 1.02 1.05 1.05 1.01 1.01 1.05 1.06 1.02 
1.05 1.02 1.04 1.05 1.04 1.05 1.01 1.03 1.05 1.01 
1.05 1.02 1.04 1.04 1.06 1.04 1.01 1.06 1.05 1.01 
1.03 1.02 1.06 1.06 1.01 1.04 1.06 1.04 1.02 1.06 
1.06 1.03 1.03 1.02 1.03 1.06 1.02 1.03 1.05 1.02 
1.04 1.06 1.06 1.03 1.01 1.01 1.04 1.05 1.04 1.03 
1.04 1.03 1.01 1.03 1.02 1.01 1.02 1.04 1.01 1.03 
1.04 1.05 1.05 1.06 1.01 1.06 1.05 1.02 1.05 1.05 
1.02 1.01 1.04 1.03 1.06 1.04 1.06 1.06 1.03 1.01 
1.04 1.05 1.01 1.02 1.01 1.05 1.03 1.05 1.02 1.05 
1.02 1.05 1.03 1.04 1.03 1.04 1.04 1.04 1.02 1.06 
1.05 1.06 1.05 1.05 1.02 1.06 1.03 1.04 1.02 1.01 
1.03 1.05 1.02 1.05 1.04 1.05 1.01 1.04 1.05 1.05 
1.06 1.03 1.05 1.05 1.01 1.03 1.06 1.03 1.05 1.06 
1.04 1.02 1.06 1.04 1.02 1.05 1.04 1.02 1.06 1.06 
1.05 1.06 1.02 1.04 1.02 1.05 1.02 1.01 1.06 1.05 
1.05 1.04 1.01 1.06 1.05 1.03 1.05 1.04 1.05 1.04 
1.04 1.06 1.06 1.03 1.05 1.02 1.01 1.05 1.05 1.02 
1.01 1.05 1.01 1.04 1.05 1.05 1.04 1.04 1.03 1.01 
1.03 1.04 1.02 1.01 1.06 1.01 1.01 1.04 1.06 1.01 
1.04 1.04 1.05 1.02 1.05 1.06 1.04 1.04 1.06 1.01 
1.04 1.06 1.06 1.06 1.01 1.03 1.04 1.01 1.01 1.02 
1.04 1.05 1.01 1.05 1.04 1.01 1.03 1.04 1.04 1.01 
1.01 1.06 1.05 1.04 1.05 1.05 1.03 1.06 1.03 1.06 
1.04 1.04 1.01 1.05 1.06 1.03 1.02 1.04 1.05 1.05 
1.04 1.06 1.05 1.06 1.04 1.06 1.05 1.05 1.04 1.04 
1.03 1.05 1.04 1.01 1.06 1.05 1.04 1.05 1.02 1.04 
1.06 1.04 1.04 1.06 1.03 1.05 1.05 1.05 1.06 1.03 
1.05 1.04 1.03 1.06 1.06 1.05 1.06 1.01 1.01 1.04 
1.04 1.06 1.06 1.01 1.01 1.05 1.06 1.02 1.06 1.06 
1.02 1.04 1.04 1.06 1.01 1.04 1.04 1.02 1.04 1.04 
1.04 1.01 1.03 1.06 1.01 1.05 1.04 1.05 1.06 1.04 
1.02 1.04 1.04 1.04 1.03 1.02 1.02 1.04 1.02 1.02 
1.05 1.04 1.04 1.05 1.03 1.02 1.06 1.05 1.01 1.04 
1.01 1.01 1.03 1.02 1.03 1.06 1.03 1.02 1.01 1.03 
1.01 1.06 1.04 1.04 1.04 1.06 1.04 1.01 1.03 1.02 
1.06 1.02 1.02 1.05 1.04 1.03 1.04 1.03 1.02 1.02 
1.03 1.01 1.06 1.04 1.03 1.04 1.05 1.03 1.05 1.02 
1.01 1.02 1.06 1.01 1.01 1.06 1.01 1.06 1.03 1.04 
1.06 1.05 1.02 1.01 1.02 1.05 1.02 1.01 1.02 1.03 
1.02 1.04 1.04 1.01 1.06 1.02 1.05 1.01 1.05 1.06 
1.04 1.02 1.01 1.03 1.03 1.06 1.03 1.04 1.04 1.02 
1.01 1.02 1.05 1.01 1.04 1.01 1.03 1.06 1.05 1.05 
1.06 1.01 1.05 1.03 1.01 1.02 1.03 1.06 1.06 1.03 
1.03 1.02 1.05 1.06 1.01 1.03 1.06 1.02 1.02 1.03 
1.05 1.01 1.05 1.03 1.06 1.01 1.03 1.03 1.03 1.06 
1.02 1.04 1.02 1.02 1.02 1.04 1.04 1.01 1.01 1.06 
1.04 1.01 1.04 1.02 1.06 1.01 1.03 1.03 1.05 1.01 
1.06 1.02 1.02 1.03 1.02 1.02 1.01 1.04 1.02 1.04 
1.04 1.06 1.03 1.01 1.02 1.04 1.03 1.03 1.02 1.04 
1.03 1.01 1.02 1.05 1.05 1.03 1.06 1.01 1.04 1.03 
1.02 1.01 1.06 1.04 1.06 1.03 1.06 1.01 1.03 1.06 
1.03 1.05 1.06 1.02 1.02 1.02 1.02 1.01 1.04 1.06 
1.02 1.04 1.03 1.01 1.03 1.06 1.04 1.05 1.01 1.03 
1.04 1.06 1.03 1.04 1.05 1.04 1.01 1.01 1.03 1.05 
1.01 1.04 1.02 1.03 1.01 1.04 1.05 1.02 1.06 1.04 
1.01 1.04 1.02 1.06 1.05 1.05 1.01 1.02 1.01 1.05 
1.06 1.05 1.02 1.01 1.01 1.02 1.05 1.06 1.03 1.02 
1.06 1.01 1.02 1.02 1.01 1.03 1.05 1.04 1.06 1.05 
1.06 1.06 1.01 1.02 1.05 1.06 1.06 1.01 1.06 1.04 
1.06 1.02 1.04 1.02 1.04 1.03 1.05 1.04 1.04 1.02 
1.02 1.06 1.06 1.01 1.04 1.02 1.06 1.04 1.02 1.02 
1.01 1.06 1.01 1.03 1.03 1.05 1.04 1.04 1.03 1.02 
1.01 1.06 1.02 1.01 1.01 1.05 1.06 1.03 1.02 1.03 
1.05 1.02 1.05 1.06 1.06 1.02 1.03 1.06 1.04 1.06 
1.06 1.04 1.04 1.05 1.02 1.06 1.05 1.06 1.05 1.02 
1.02 1.01 1.03 1.06 1.02 1.05 1.04 1.02 1.03 1.01 
1.02 1.01 1.06 1.01 1.02 1.02 1.04 1.06 1.04 1.04 
1.04 1.04 1.01 1.04 1.05 1.03 1.02 1.01 1.05 1.01 
1.03 1.04 1.01 1.01 1.05 1.04 1.06 1.05 1.03 1.04 
1.03 1.04 1.06 1.01 1.05 1.05 1.06 1.05 1.02 1.01 
