10
200
22 71 57 54 28 52 51 20 36 9 89 26 63 18 1 81 3 23 13 49 38 52 71 67 47 49 56 91 49 100 55 53 57 76 4 52 58 53 64 95 3 2 58 88 53 45 46 25 65 97 82 69 44 80 82 67 45 91 72 25 55 11 47 47 52 97 96 65 9 30 79 15 71 48 63 47 72 43 92 40 74 51 47 81 13 44 35 56 56 83 83 72 58 21 4 85 57 70 85 38 39 88 20 35 95 3 30 13 22 43 34 95 50 84 6 90 70 65 58 74 20 25 81 82 68 97 10 66 61 54 47 96 69 98 56 13 36 80 49 77 17 49 12 56 17 85 50 42 59 71 60 94 48 40 19 54 43 48 27 26 88 34 55 78 67 77 29 36 58 15 71 79 62 11 15 56 98 65 67 3 8 97 24 50 90 76 12 68 100 26 33 61 34 85 44 7 89 80 2 88 
2 3 2 1 2 1 2 1 1 3 
1.12 1.11 1.07 1.12 1.09 1.13 1.12 1.08 1.1 1.08 
1.05 1.1 1.13 1.05 1.09 1.13 1.06 1.13 1.1 1.08 
1.06 1.13 1.12 1.09 1.14 1.1 1.08 1.13 1.07 1.06 
1.11 1.09 1.11 1.08 1.09 1.05 1.05 1.14 1.05 1.08 
1.11 1.1 1.07 1.05 1.1 1.06 1.1 1.12 1.07 1.05 
1.13 1.05 1.13 1.07 1.06 1.07 1.06 1.08 1.06 1.06 
1.09 1.1 1.07 1.08 1.13 1.09 1.07 1.11 1.08 1.13 
1.06 1.07 1.1 1.14 1.14 1.1 1.05 1.12 1.08 1.1 
1.06 1.1 1.08 1.08 1.1 1.1 1.08 1.06 1.09 1.08 
1.13 1.07 1.05 1.1 1.11 1.1 1.05 1.1 1.09 1.05 
1.11 1.08 1.07 1.1 1.06 1.06 1.14 1.12 1.14 1.13 
1.13 1.11 1.11 1.14 1.09 1.14 1.1 1.08 1.08 1.14 
1.06 1.11 1.13 1.13 1.11 1.08 1.09 1.07 1.11 1.09 
1.11 1.1 1.11 1.14 1.1 1.06 1.08 1.14 1.06 1.14 
1.09 1.09 1.09 1.06 1.1 1.14 1.14 1.08 1.13 1.1 
1.14 1.13 1.06 1.07 1.11 1.1 1.08 1.09 1.07 1.12 
1.06 1.06 1.11 1.14 1.07 1.11 1.07 1.08 1.09 1.08 
1.06 1.07 1.05 1.08 1.06 1.07 1.11 1.14 1.13 1.05 
1.09 1.06 1.08 1.06 1.12 1.11 1.07 1.09 1.11 1.07 
1.08 1.14 1.13 1.09 1.12 1.08 1.11 1.08 1.12 1.12 
1.13 1.1 1.1 1.06 1.09 1.13 1.09 1.09 1.05 1.08 
1.09 1.14 1.14 1.05 1.1 1.12 1.08 1.05 1.12 1.05 
1.06 1.14 1.1 1.09 1.09 1.06 1.08 1.12 1.1 1.09 
1.05 1.07 1.08 1.11 1.11 1.12 1.07 1.1 1.1 1.14 
1.13 1.12 1.13 1.14 1.1 1.14 1.14 1.12 1.1 1.08 
1.07 1.11 1.07 1.06 1.07 1.11 1.1 1.05 1.13 1.06 
1.09 1.11 1.06 1.09 1.07 1.05 1.14 1.09 1.06 1.13 
1.13 1.14 1.07 1.1 1.13 1.1 1.09 1.05 1.14 1.07 
1.1 1.14 1.09 1.06 1.05 1.09 1.06 1.13 1.14 1.06 
1.06 1.11 1.12 1.12 1.12 1.08 1.05 1.12 1.07 1.14 
1.09 1.1 1.11 1.08 1.13 1.07 1.07 1.11 1.13 1.06 
1.09 1.13 1.06 1.07 1.14 1.14 1.11 1.09 1.05 1.11 
1.1 1.13 1.06 1.12 1.09 1.08 1.1 1.05 1.14 1.14 
1.06 1.14 1.14 1.07 1.09 1.11 1.05 1.07 1.13 1.13 
1.08 1.11 1.14 1.06 1.1 1.13 1.09 1.1 1.1 1.08 
1.06 1.14 1.11 1.07 1.13 1.07 1.09 1.08 1.13 1.07 
1.09 1.13 1.11 1.08 1.12 1.06 1.11 1.09 1.08 1.07 
1.12 1.11 1.1 1.14 1.07 1.05 1.06 1.08 1.13 1.14 
1.07 1.06 1.12 1.05 1.09 1.06 1.07 1.14 1.09 1.1 
1.09 1.05 1.07 1.11 1.08 1.05 1.06 1.11 1.13 1.08 
1.08 1.08 1.13 1.08 1.09 1.14 1.06 1.06 1.08 1.12 
1.14 1.05 1.14 1.05 1.14 1.13 1.11 1.05 1.05 1.06 
1.14 1.11 1.09 1.14 1.06 1.08 1.08 1.11 1.12 1.11 
1.08 1.09 1.09 1.14 1.14 1.07 1.09 1.13 1.06 1.12 
1.06 1.05 1.12 1.09 1.11 1.09 1.06 1.11 1.06 1.13 
1.07 1.05 1.14 1.05 1.13 1.14 1.12 1.07 1.06 1.11 
1.1 1.14 1.12 1.08 1.12 1.13 1.09 1.11 1.08 1.14 
1.09 1.06 1.11 1.12 1.14 1.09 1.09 1.07 1.12 1.1 
1.08 1.1 1.07 1.14 1.11 1.09 1.11 1.07 1.1 1.06 
1.06 1.05 1.13 1.06 1.13 1.06 1.14 1.05 1.06 1.1 
1.13 1.07 1.09 1.11 1.12 1.11 1.1 1.14 1.11 1.11 
1.05 1.05 1.12 1.08 1.13 1.12 1.05 1.07 1.12 1.1 
1.1 1.11 1.14 1.1 1.05 1.13 1.05 1.14 1.05 1.06 
1.05 1.07 1.07 1.13 1.09 1.1 1.1 1.1 1.1 1.14 
1.09 1.13 1.07 1.08 1.07 1.08 1.14 1.08 1.06 1.07 
1.12 1.07 1.1 1.06 1.12 1.06 1.12 1.05 1.13 1.09 
1.07 1.11 1.07 1.06 1.13 1.06 1.13 1.12 1.09 1.07 
1.13 1.14 1.1 1.11 1.14 1.06 1.11 1.06 1.05 1.05 
1.12 1.11 1.09 1.07 1.06 1.09 1.05 1.1 1.08 1.06 
1.08 1.1 1.05 1.07 1.05 1.12 1.09 1.12 1.05 1.06 
1.12 1.08 1.1 1.06 1.09 1.11 1.1 1.11 1.11 1.07 
1.14 1.06 1.13 1.07 1.07 1.07 1.05 1.14 1.1 1.07 
1.12 1.14 1.12 1.12 1.14 1.06 1.09 1.07 1.07 1.08 
1.12 1.06 1.13 1.13 1.12 1.09 1.06 1.12 1.06 1.1 
1.12 1.11 1.07 1.12 1.09 1.1 1.05 1.14 1.07 1.09 
1.13 1.06 1.14 1.09 1.05 1.12 1.09 1.11 1.05 1.1 
1.08 1.12 1.14 1.05 1.12 1.06 1.08 1.05 1.14 1.11 
1.12 1.05 1.14 1.05 1.12 1.07 1.06 1.09 1.1 1.09 
1.13 1.06 1.08 1.08 1.11 1.11 1.05 1.14 1.11 1.08 
1.08 1.08 1.07 1.11 1.1 1.12 1.13 1.07 1.11 1.11 
1.08 1.14 1.1 1.08 1.07 1.13 1.14 1.06 1.09 1.08 
1.12 1.14 1.12 1.05 1.13 1.09 1.14 1.13 1.09 1.11 
1.06 1.07 1.08 1.12 1.06 1.12 1.14 1.1 1.05 1.13 
1.12 1.08 1.14 1.1 1.08 1.07 1.1 1.13 1.07 1.13 
1.09 1.08 1.05 1.12 1.07 1.09 1.05 1.1 1.1 1.09 
1.12 1.1 1.12 1.1 1.05 1.07 1.14 1.13 1.12 1.1 
1.1 1.08 1.12 1.11 1.06 1.09 1.1 1.07 1.08 1.13 
1.11 1.14 1.09 1.13 1.11 1.13 1.14 1.1 1.1 1.13 
1.13 1.13 1.11 1.06 1.14 1.06 1.1 1.07 1.14 1.13 
1.11 1.09 1.14 1.1 1.14 1.05 1.05 1.11 1.13 1.12 
1.14 1.06 1.09 1.06 1.05 1.07 1.05 1.13 1.13 1.08 
1.14 1.09 1.05 1.13 1.05 1.06 1.13 1.13 1.11 1.13 
1.06 1.13 1.07 1.08 1.14 1.09 1.1 1.09 1.1 1.1 
1.14 1.13 1.06 1.1 1.08 1.14 1.07 1.06 1.1 1.09 
1.06 1.07 1.06 1.08 1.09 1.07 1.11 1.05 1.1 1.14 
1.07 1.06 1.11 1.08 1.05 1.13 1.11 1.05 1.14 1.07 
1.1 1.1 1.08 1.05 1.08 1.12 1.1 1.08 1.12 1.12 
1.12 1.12 1.05 1.09 1.05 1.09 1.12 1.07 1.14 1.08 
1.09 1.05 1.08 1.05 1.08 1.09 1.05 1.09 1.05 1.1 
1.06 1.08 1.08 1.05 1.13 1.14 1.14 1.07 1.09 1.06 
1.09 1.14 1.05 1.05 1.08 1.1 1.07 1.09 1.11 1.13 
1.05 1.07 1.1 1.07 1.12 1.11 1.13 1.14 1.11 1.12 
1.09 1.1 1.11 1.08 1.06 1.06 1.07 1.08 1.09 1.09 
1.1 1.09 1.13 1.12 1.05 1.05 1.09 1.08 1.1 1.08 
1.06 1.1 1.13 1.05 1.05 1.08 1.1 1.11 1.07 1.1 
1.14 1.08 1.07 1.08 1.05 1.09 1.12 1.11 1.07 1.11 
1.12 1.1 1.11 1.13 1.1 1.09 1.06 1.1 1.14 1.12 
1.05 1.09 1.14 1.1 1.12 1.14 1.14 1.12 1.12 1.1 
1.11 1.07 1.1 1.1 1.12 1.11 1.08 1.1 1.09 1.07 
1.13 1.11 1.1 1.08 1.12 1.05 1.08 1.14 1.13 1.1 
1.05 1.12 1.12 1.06 1.12 1.05 1.08 1.11 1.07 1.09 
1.08 1.07 1.05 1.13 1.09 1.11 1.09 1.11 1.05 1.12 
1.1 1.13 1.09 1.09 1.12 1.13 1.13 1.12 1.13 1.07 
1.13 1.08 1.07 1.07 1.07 1.08 1.08 1.05 1.14 1.1 
1.12 1.05 1.09 1.05 1.09 1.12 1.06 1.11 1.06 1.05 
1.11 1.12 1.11 1.05 1.1 1.08 1.1 1.11 1.07 1.05 
1.07 1.11 1.14 1.12 1.13 1.05 1.12 1.05 1.14 1.06 
1.12 1.06 1.09 1.09 1.14 1.12 1.12 1.08 1.05 1.1 
1.12 1.13 1.14 1.11 1.11 1.05 1.08 1.13 1.08 1.14 
1.11 1.11 1.06 1.05 1.08 1.07 1.06 1.09 1.06 1.1 
1.07 1.14 1.06 1.08 1.06 1.05 1.09 1.07 1.07 1.05 
1.1 1.13 1.12 1.13 1.06 1.13 1.09 1.08 1.08 1.14 
1.12 1.13 1.13 1.11 1.14 1.08 1.06 1.1 1.14 1.06 
1.11 1.14 1.06 1.07 1.11 1.14 1.08 1.14 1.1 1.06 
1.09 1.11 1.14 1.12 1.07 1.07 1.12 1.13 1.05 1.09 
1.06 1.08 1.06 1.08 1.09 1.08 1.13 1.11 1.14 1.11 
1.05 1.14 1.07 1.08 1.12 1.05 1.07 1.07 1.08 1.06 
1.07 1.07 1.06 1.14 1.07 1.1 1.13 1.14 1.1 1.1 
1.14 1.12 1.06 1.14 1.13 1.07 1.05 1.14 1.07 1.14 
1.1 1.1 1.06 1.1 1.12 1.11 1.07 1.08 1.1 1.11 
1.09 1.08 1.12 1.14 1.08 1.12 1.06 1.11 1.14 1.06 
1.14 1.05 1.14 1.08 1.13 1.07 1.12 1.12 1.1 1.08 
1.07 1.08 1.09 1.06 1.06 1.1 1.12 1.13 1.09 1.09 
1.09 1.13 1.13 1.08 1.08 1.05 1.09 1.1 1.05 1.05 
1.11 1.1 1.14 1.11 1.12 1.09 1.11 1.14 1.12 1.13 
1.12 1.1 1.08 1.11 1.05 1.07 1.09 1.13 1.06 1.09 
1.08 1.1 1.11 1.05 1.14 1.05 1.08 1.09 1.06 1.08 
1.14 1.14 1.07 1.1 1.11 1.13 1.09 1.11 1.1 1.09 
1.13 1.08 1.07 1.06 1.09 1.05 1.09 1.1 1.12 1.05 
1.05 1.09 1.05 1.09 1.14 1.08 1.11 1.05 1.14 1.11 
1.07 1.14 1.12 1.1 1.14 1.05 1.08 1.08 1.11 1.08 
1.11 1.07 1.07 1.07 1.06 1.05 1.06 1.14 1.05 1.12 
1.12 1.11 1.14 1.07 1.06 1.12 1.12 1.13 1.11 1.09 
1.14 1.12 1.06 1.1 1.13 1.12 1.13 1.05 1.09 1.09 
1.13 1.1 1.05 1.12 1.07 1.13 1.14 1.14 1.09 1.06 
1.11 1.05 1.13 1.12 1.13 1.06 1.07 1.07 1.07 1.12 
1.11 1.13 1.06 1.06 1.07 1.08 1.06 1.07 1.11 1.08 
1.12 1.07 1.12 1.05 1.06 1.12 1.08 1.1 1.05 1.07 
1.09 1.13 1.06 1.09 1.08 1.11 1.08 1.05 1.12 1.14 
1.13 1.11 1.07 1.14 1.07 1.08 1.07 1.05 1.07 1.08 
1.14 1.09 1.07 1.08 1.06 1.05 1.14 1.14 1.1 1.13 
1.13 1.08 1.09 1.09 1.08 1.12 1.14 1.13 1.08 1.12 
1.14 1.07 1.07 1.11 1.07 1.12 1.1 1.13 1.1 1.1 
1.14 1.09 1.09 1.09 1.09 1.09 1.13 1.12 1.13 1.13 
1.14 1.07 1.13 1.12 1.1 1.11 1.11 1.1 1.11 1.08 
1.09 1.11 1.07 1.07 1.12 1.06 1.05 1.14 1.05 1.12 
1.14 1.09 1.14 1.05 1.13 1.06 1.09 1.07 1.07 1.11 
1.13 1.1 1.07 1.14 1.11 1.13 1.14 1.07 1.12 1.12 
1.06 1.11 1.05 1.13 1.13 1.1 1.06 1.05 1.07 1.07 
1.1 1.08 1.07 1.05 1.05 1.07 1.08 1.07 1.05 1.09 
1.05 1.06 1.09 1.14 1.13 1.1 1.09 1.08 1.11 1.06 
1.13 1.11 1.08 1.08 1.11 1.08 1.12 1.12 1.11 1.11 
1.09 1.08 1.07 1.13 1.1 1.12 1.05 1.1 1.08 1.1 
1.09 1.1 1.11 1.14 1.06 1.13 1.05 1.07 1.09 1.12 
1.13 1.13 1.14 1.05 1.09 1.14 1.08 1.05 1.09 1.11 
1.08 1.13 1.13 1.14 1.14 1.06 1.14 1.08 1.06 1.13 
1.12 1.13 1.07 1.11 1.11 1.08 1.14 1.11 1.06 1.11 
1.08 1.1 1.1 1.06 1.08 1.13 1.09 1.07 1.12 1.12 
1.05 1.05 1.09 1.1 1.07 1.13 1.06 1.07 1.14 1.13 
1.11 1.12 1.11 1.12 1.11 1.07 1.08 1.12 1.11 1.05 
1.12 1.05 1.11 1.07 1.1 1.05 1.12 1.13 1.07 1.1 
1.12 1.11 1.14 1.08 1.12 1.05 1.09 1.1 1.12 1.05 
1.06 1.07 1.13 1.1 1.06 1.05 1.1 1.1 1.14 1.12 
1.09 1.11 1.1 1.05 1.06 1.06 1.11 1.1 1.06 1.13 
1.12 1.11 1.07 1.09 1.05 1.12 1.14 1.11 1.12 1.07 
1.14 1.06 1.08 1.1 1.1 1.11 1.06 1.12 1.13 1.09 
1.06 1.13 1.11 1.1 1.14 1.09 1.09 1.08 1.13 1.13 
1.14 1.07 1.13 1.07 1.08 1.11 1.13 1.09 1.13 1.09 
1.13 1.14 1.14 1.07 1.09 1.06 1.14 1.1 1.05 1.07 
1.06 1.06 1.13 1.14 1.14 1.05 1.07 1.05 1.1 1.05 
1.14 1.11 1.05 1.12 1.05 1.1 1.09 1.07 1.14 1.08 
1.14 1.09 1.11 1.13 1.13 1.05 1.1 1.1 1.12 1.07 
1.07 1.08 1.05 1.09 1.09 1.07 1.14 1.11 1.06 1.05 
1.1 1.06 1.09 1.06 1.06 1.08 1.06 1.05 1.13 1.09 
1.13 1.13 1.11 1.06 1.14 1.1 1.07 1.11 1.13 1.1 
1.08 1.05 1.07 1.14 1.13 1.07 1.05 1.07 1.05 1.05 
1.11 1.11 1.13 1.11 1.07 1.1 1.06 1.12 1.14 1.12 
1.14 1.12 1.12 1.05 1.14 1.12 1.08 1.07 1.06 1.14 
1.07 1.14 1.1 1.11 1.12 1.07 1.14 1.07 1.1 1.06 
1.05 1.09 1.05 1.07 1.13 1.06 1.05 1.05 1.12 1.06 
1.12 1.12 1.12 1.08 1.1 1.07 1.08 1.13 1.1 1.06 
1.05 1.12 1.07 1.08 1.11 1.09 1.08 1.08 1.08 1.14 
1.09 1.06 1.07 1.1 1.05 1.07 1.05 1.12 1.05 1.09 
1.14 1.11 1.11 1.13 1.06 1.08 1.08 1.05 1.09 1.05 
1.09 1.11 1.06 1.08 1.11 1.08 1.09 1.11 1.06 1.06 
1.06 1.05 1.08 1.05 1.09 1.08 1.09 1.13 1.06 1.1 
1.05 1.08 1.12 1.14 1.09 1.09 1.06 1.11 1.06 1.07 
1.07 1.12 1.08 1.08 1.14 1.05 1.08 1.12 1.12 1.1 
1.13 1.09 1.14 1.12 1.05 1.13 1.11 1.08 1.07 1.1 
1.08 1.14 1.1 1.1 1.14 1.08 1.07 1.1 1.1 1.14 
1.13 1.08 1.09 1.07 1.11 1.12 1.05 1.1 1.09 1.08 
1.07 1.08 1.13 1.13 1.11 1.12 1.13 1.13 1.14 1.1 
1.05 1.08 1.11 1.08 1.11 1.07 1.09 1.1 1.14 1.08 
1.11 1.08 1.14 1.13 1.11 1.07 1.06 1.13 1.09 1.13 
1.14 1.13 1.07 1.06 1.05 1.09 1.05 1.14 1.09 1.11 
1.1 1.05 1.05 1.08 1.1 1.05 1.07 1.07 1.06 1.07 
1.08 1.08 1.05 1.08 1.13 1.1 1.05 1.09 1.05 1.13 
1.13 1.14 1.08 1.08 1.06 1.11 1.14 1.12 1.08 1.12 
1.08 1.1 1.12 1.1 1.05 1.07 1.11 1.09 1.14 1.07 
1.11 1.08 1.06 1.06 1.14 1.13 1.14 1.12 1.08 1.11 
