10
100
35 30 17 90 94 36 62 45 32 38 89 98 34 9 29 85 37 32 42 82 91 46 21 31 75 24 2 70 20 2 97 63 24 75 39 57 85 56 7 73 84 97 40 86 85 90 53 99 69 5 74 46 1 63 12 71 100 40 60 41 47 38 64 58 84 85 91 40 41 21 67 10 46 76 95 85 46 15 5 29 16 42 80 92 68 46 67 36 66 79 22 46 29 14 81 69 9 12 38 1 
2 3 3 1 1 2 3 3 3 2 
1.13 1.06 1.08 1.08 1.11 1.1 1.14 1.08 1.14 1.12 
1.11 1.12 1.07 1.09 1.08 1.14 1.08 1.05 1.06 1.09 
1.05 1.07 1.11 1.09 1.14 1.08 1.1 1.06 1.14 1.09 
1.07 1.11 1.13 1.12 1.09 1.06 1.06 1.13 1.13 1.1 
1.05 1.1 1.13 1.1 1.08 1.05 1.11 1.07 1.13 1.06 
1.12 1.07 1.06 1.07 1.07 1.09 1.05 1.09 1.13 1.09 
1.08 1.13 1.07 1.06 1.11 1.14 1.1 1.05 1.11 1.09 
1.07 1.13 1.13 1.07 1.12 1.06 1.07 1.07 1.07 1.07 
1.14 1.14 1.06 1.09 1.1 1.13 1.08 1.1 1.12 1.05 
1.09 1.11 1.05 1.14 1.07 1.11 1.13 1.07 1.05 1.07 
1.05 1.08 1.05 1.14 1.09 1.05 1.11 1.13 1.09 1.09 
1.08 1.09 1.11 1.07 1.14 1.1 1.11 1.12 1.06 1.07 
1.09 1.11 1.14 1.05 1.14 1.05 1.09 1.05 1.09 1.14 
1.1 1.05 1.11 1.07 1.11 1.09 1.12 1.13 1.06 1.09 
1.13 1.06 1.06 1.08 1.14 1.09 1.09 1.08 1.1 1.08 
1.05 1.09 1.08 1.05 1.1 1.06 1.07 1.06 1.11 1.13 
1.13 1.1 1.11 1.06 1.12 1.12 1.05 1.11 1.08 1.13 
1.07 1.05 1.07 1.06 1.12 1.07 1.11 1.14 1.11 1.08 
1.08 1.09 1.1 1.13 1.11 1.09 1.11 1.09 1.12 1.11 
1.12 1.13 1.05 1.05 1.11 1.05 1.06 1.11 1.06 1.07 
1.1 1.07 1.06 1.05 1.05 1.11 1.14 1.13 1.12 1.12 
1.1 1.12 1.07 1.13 1.13 1.06 1.13 1.13 1.06 1.06 
1.08 1.06 1.1 1.1 1.06 1.1 1.09 1.05 1.07 1.14 
1.08 1.14 1.1 1.13 1.1 1.05 1.12 1.07 1.08 1.07 
1.05 1.14 1.07 1.07 1.1 1.1 1.1 1.09 1.11 1.11 
1.06 1.05 1.06 1.09 1.14 1.09 1.07 1.12 1.11 1.09 
1.09 1.09 1.12 1.11 1.09 1.05 1.12 1.12 1.05 1.12 
1.13 1.1 1.05 1.06 1.08 1.05 1.12 1.12 1.12 1.12 
1.07 1.09 1.08 1.05 1.12 1.05 1.06 1.13 1.09 1.07 
1.05 1.1 1.14 1.13 1.1 1.11 1.12 1.13 1.1 1.09 
1.05 1.07 1.13 1.11 1.05 1.06 1.09 1.05 1.09 1.06 
1.09 1.1 1.05 1.11 1.08 1.08 1.12 1.07 1.12 1.14 
1.08 1.08 1.05 1.08 1.06 1.08 1.14 1.11 1.05 1.05 
1.08 1.06 1.08 1.1 1.09 1.14 1.06 1.06 1.08 1.08 
1.05 1.08 1.1 1.14 1.11 1.07 1.12 1.11 1.07 1.05 
1.05 1.06 1.09 1.11 1.12 1.14 1.06 1.07 1.09 1.06 
1.11 1.14 1.06 1.09 1.1 1.06 1.07 1.14 1.14 1.12 
1.12 1.05 1.12 1.05 1.07 1.05 1.14 1.06 1.07 1.13 
1.08 1.14 1.07 1.09 1.12 1.14 1.1 1.07 1.09 1.12 
1.05 1.07 1.12 1.1 1.13 1.07 1.11 1.08 1.07 1.12 
1.11 1.08 1.1 1.13 1.14 1.08 1.12 1.12 1.08 1.08 
1.09 1.09 1.06 1.06 1.05 1.11 1.1 1.07 1.11 1.14 
1.1 1.1 1.09 1.08 1.13 1.1 1.05 1.06 1.11 1.1 
1.14 1.11 1.06 1.12 1.1 1.14 1.05 1.09 1.12 1.08 
1.05 1.06 1.14 1.12 1.06 1.09 1.13 1.05 1.12 1.07 
1.1 1.14 1.05 1.11 1.11 1.08 1.05 1.09 1.12 1.13 
1.08 1.12 1.1 1.12 1.14 1.14 1.08 1.09 1.07 1.08 
1.13 1.06 1.06 1.05 1.13 1.08 1.1 1.13 1.11 1.05 
1.12 1.1 1.08 1.1 1.14 1.07 1.09 1.08 1.08 1.05 
1.07 1.13 1.08 1.1 1.11 1.14 1.14 1.13 1.08 1.06 
1.1 1.11 1.1 1.1 1.08 1.11 1.1 1.08 1.12 1.12 
1.12 1.1 1.13 1.05 1.13 1.13 1.14 1.1 1.14 1.09 
1.07 1.14 1.14 1.09 1.11 1.14 1.1 1.08 1.12 1.11 
1.13 1.13 1.14 1.08 1.05 1.09 1.07 1.12 1.05 1.12 
1.11 1.12 1.06 1.05 1.09 1.13 1.05 1.12 1.14 1.11 
1.12 1.08 1.11 1.13 1.12 1.14 1.13 1.09 1.07 1.11 
1.06 1.09 1.08 1.09 1.13 1.1 1.12 1.13 1.08 1.05 
1.05 1.05 1.06 1.12 1.09 1.07 1.09 1.06 1.13 1.14 
1.07 1.1 1.09 1.12 1.06 1.07 1.1 1.09 1.11 1.14 
1.08 1.08 1.12 1.08 1.09 1.11 1.05 1.08 1.08 1.14 
1.12 1.09 1.09 1.07 1.1 1.1 1.11 1.07 1.1 1.14 
1.09 1.09 1.05 1.06 1.08 1.08 1.11 1.14 1.09 1.09 
1.12 1.07 1.06 1.11 1.12 1.1 1.08 1.09 1.1 1.06 
1.13 1.11 1.09 1.1 1.07 1.11 1.07 1.07 1.05 1.12 
1.14 1.07 1.09 1.12 1.1 1.14 1.06 1.12 1.05 1.09 
1.13 1.1 1.07 1.13 1.13 1.09 1.14 1.05 1.07 1.05 
1.05 1.13 1.13 1.09 1.13 1.09 1.07 1.12 1.07 1.14 
1.14 1.13 1.1 1.09 1.09 1.1 1.1 1.1 1.12 1.09 
1.1 1.08 1.06 1.13 1.14 1.1 1.06 1.11 1.1 1.12 
1.13 1.08 1.05 1.13 1.09 1.06 1.11 1.12 1.11 1.14 
1.12 1.05 1.06 1.12 1.13 1.09 1.14 1.06 1.05 1.08 
1.05 1.12 1.06 1.09 1.06 1.07 1.08 1.08 1.13 1.08 
1.08 1.12 1.1 1.08 1.09 1.14 1.09 1.06 1.08 1.05 
1.06 1.09 1.14 1.08 1.09 1.06 1.13 1.12 1.11 1.07 
1.07 1.14 1.08 1.14 1.12 1.14 1.13 1.07 1.11 1.09 
1.08 1.13 1.14 1.07 1.06 1.06 1.09 1.08 1.11 1.06 
1.11 1.08 1.14 1.1 1.11 1.07 1.13 1.11 1.06 1.06 
1.06 1.1 1.12 1.14 1.06 1.06 1.07 1.11 1.09 1.12 
1.07 1.05 1.08 1.1 1.07 1.06 1.08 1.14 1.13 1.08 
1.06 1.1 1.11 1.09 1.05 1.07 1.13 1.1 1.07 1.09 
1.09 1.1 1.07 1.14 1.1 1.05 1.06 1.11 1.08 1.08 
1.12 1.05 1.1 1.09 1.13 1.06 1.08 1.11 1.14 1.14 
1.14 1.14 1.06 1.09 1.12 1.1 1.08 1.13 1.1 1.12 
1.1 1.13 1.12 1.08 1.1 1.13 1.09 1.06 1.13 1.06 
1.13 1.13 1.13 1.11 1.09 1.09 1.08 1.11 1.06 1.1 
1.05 1.07 1.09 1.13 1.14 1.05 1.08 1.14 1.07 1.13 
1.12 1.09 1.06 1.06 1.05 1.08 1.12 1.06 1.12 1.07 
1.11 1.12 1.11 1.11 1.07 1.07 1.08 1.1 1.13 1.08 
1.13 1.11 1.08 1.12 1.06 1.11 1.1 1.14 1.14 1.05 
1.11 1.08 1.12 1.07 1.11 1.06 1.14 1.14 1.05 1.12 
1.14 1.11 1.12 1.06 1.07 1.1 1.1 1.1 1.09 1.13 
1.12 1.09 1.13 1.08 1.14 1.09 1.08 1.07 1.06 1.1 
1.07 1.1 1.06 1.13 1.05 1.08 1.09 1.07 1.06 1.08 
1.09 1.08 1.14 1.12 1.08 1.08 1.13 1.07 1.1 1.08 
1.11 1.06 1.1 1.07 1.11 1.11 1.07 1.12 1.08 1.09 
1.11 1.05 1.05 1.06 1.08 1.05 1.14 1.12 1.07 1.14 
1.13 1.1 1.11 1.13 1.08 1.06 1.14 1.09 1.14 1.11 
1.14 1.06 1.05 1.05 1.09 1.13 1.1 1.14 1.07 1.14 
1.12 1.11 1.09 1.06 1.13 1.11 1.14 1.09 1.13 1.13 
1.13 1.07 1.06 1.11 1.12 1.12 1.06 1.09 1.06 1.1 
