10
150
21 2 97 21 37 78 23 34 9 79 23 23 68 54 81 70 1 24 43 30 91 20 17 27 33 11 68 100 75 55 4 21 24 73 81 89 19 31 31 13 20 84 90 41 80 14 92 82 47 6 8 45 93 98 74 19 19 68 68 74 20 57 41 63 16 44 20 68 31 7 72 48 4 43 1 100 76 16 41 33 90 23 99 19 25 20 48 80 92 6 16 41 68 1 96 68 47 10 50 43 8 52 100 96 47 22 48 86 87 20 31 62 5 3 89 1 74 90 21 85 75 5 89 66 84 55 16 75 19 98 10 90 51 29 60 56 49 23 93 8 41 38 59 14 80 11 82 91 52 59 
2 3 2 1 1 3 2 2 2 2 
1.01 1.06 1.04 1.06 1.05 1.04 1.06 1.05 1.02 1.03 
1.06 1.03 1.04 1.04 1.03 1.06 1.01 1.05 1.04 1.04 
1.02 1.03 1.02 1.05 1.04 1.04 1.02 1.05 1.01 1.01 
1.04 1.02 1.04 1.05 1.06 1.02 1.04 1.01 1.03 1.01 
1.06 1.03 1.06 1.03 1.05 1.02 1.03 1.03 1.05 1.02 
1.03 1.02 1.03 1.03 1.03 1.02 1.06 1.03 1.04 1.01 
1.04 1.03 1.06 1.03 1.03 1.02 1.05 1.05 1.06 1.06 
1.01 1.05 1.02 1.01 1.01 1.04 1.01 1.05 1.03 1.02 
1.05 1.02 1.02 1.02 1.03 1.03 1.01 1.01 1.05 1.04 
1.06 1.06 1.05 1.06 1.01 1.01 1.02 1.05 1.03 1.02 
1.06 1.03 1.04 1.01 1.01 1.04 1.01 1.03 1.01 1.03 
1.06 1.06 1.03 1.06 1.02 1.04 1.06 1.05 1.02 1.01 
1.01 1.06 1.03 1.01 1.01 1.04 1.05 1.05 1.04 1.03 
1.02 1.05 1.01 1.02 1.05 1.01 1.06 1.06 1.06 1.04 
1.01 1.05 1.06 1.05 1.04 1.02 1.02 1.01 1.03 1.06 
1.06 1.05 1.04 1.04 1.04 1.03 1.04 1.02 1.04 1.02 
1.05 1.04 1.05 1.03 1.02 1.05 1.06 1.06 1.03 1.05 
1.05 1.02 1.01 1.02 1.01 1.02 1.03 1.04 1.03 1.04 
1.03 1.04 1.03 1.02 1.06 1.04 1.04 1.05 1.03 1.05 
1.03 1.04 1.02 1.04 1.05 1.04 1.02 1.06 1.03 1.03 
1.06 1.01 1.06 1.04 1.03 1.02 1.06 1.04 1.04 1.04 
1.06 1.06 1.02 1.06 1.05 1.02 1.01 1.06 1.02 1.03 
1.05 1.03 1.06 1.06 1.06 1.03 1.05 1.05 1.01 1.04 
1.03 1.04 1.04 1.04 1.03 1.01 1.01 1.03 1.04 1.06 
1.06 1.04 1.04 1.04 1.05 1.02 1.04 1.06 1.05 1.03 
1.03 1.02 1.04 1.04 1.05 1.02 1.05 1.04 1.04 1.04 
1.05 1.05 1.02 1.05 1.06 1.04 1.01 1.04 1.03 1.02 
1.01 1.05 1.02 1.05 1.06 1.06 1.01 1.01 1.04 1.01 
1.02 1.04 1.02 1.02 1.01 1.05 1.05 1.01 1.04 1.05 
1.01 1.06 1.01 1.01 1.04 1.05 1.01 1.04 1.03 1.04 
1.04 1.06 1.03 1.02 1.04 1.03 1.01 1.03 1.02 1.05 
1.05 1.04 1.06 1.05 1.02 1.03 1.01 1.01 1.01 1.03 
1.01 1.05 1.03 1.04 1.02 1.02 1.02 1.02 1.01 1.02 
1.01 1.06 1.01 1.05 1.02 1.04 1.05 1.05 1.05 1.05 
1.05 1.06 1.04 1.04 1.05 1.05 1.05 1.06 1.06 1.02 
1.05 1.03 1.03 1.05 1.01 1.06 1.02 1.02 1.06 1.05 
1.04 1.01 1.05 1.02 1.03 1.04 1.06 1.05 1.03 1.05 
1.04 1.04 1.03 1.02 1.02 1.05 1.02 1.04 1.01 1.04 
1.01 1.01 1.03 1.02 1.01 1.01 1.06 1.06 1.04 1.01 
1.05 1.05 1.06 1.04 1.04 1.05 1.06 1.05 1.03 1.04 
1.01 1.06 1.03 1.03 1.04 1.03 1.05 1.06 1.06 1.02 
1.01 1.02 1.04 1.06 1.05 1.06 1.01 1.04 1.04 1.01 
1.05 1.01 1.03 1.03 1.01 1.05 1.04 1.02 1.01 1.02 
1.01 1.04 1.02 1.06 1.06 1.05 1.03 1.06 1.03 1.05 
1.04 1.05 1.04 1.01 1.06 1.01 1.04 1.04 1.02 1.05 
1.03 1.01 1.01 1.03 1.06 1.06 1.05 1.06 1.05 1.04 
1.06 1.03 1.02 1.02 1.02 1.03 1.03 1.03 1.03 1.01 
1.05 1.05 1.04 1.03 1.05 1.01 1.04 1.04 1.06 1.04 
1.03 1.01 1.05 1.01 1.06 1.03 1.03 1.05 1.04 1.02 
1.04 1.06 1.04 1.02 1.06 1.01 1.06 1.02 1.03 1.02 
1.02 1.06 1.03 1.04 1.06 1.06 1.04 1.01 1.06 1.01 
1.01 1.03 1.04 1.05 1.03 1.04 1.03 1.02 1.02 1.05 
1.04 1.02 1.01 1.01 1.04 1.05 1.05 1.04 1.04 1.01 
1.04 1.02 1.03 1.02 1.03 1.03 1.03 1.01 1.01 1.02 
1.03 1.04 1.06 1.05 1.02 1.01 1.06 1.03 1.05 1.04 
1.02 1.06 1.05 1.04 1.02 1.06 1.04 1.02 1.01 1.04 
1.03 1.03 1.06 1.05 1.06 1.01 1.05 1.05 1.04 1.06 
1.02 1.04 1.03 1.02 1.03 1.03 1.06 1.02 1.04 1.05 
1.05 1.02 1.05 1.05 1.02 1.01 1.04 1.04 1.05 1.06 
1.02 1.05 1.06 1.01 1.02 1.03 1.02 1.06 1.06 1.01 
1.01 1.06 1.01 1.03 1.01 1.05 1.03 1.04 1.04 1.02 
1.01 1.05 1.04 1.03 1.01 1.06 1.06 1.03 1.01 1.04 
1.03 1.01 1.03 1.02 1.04 1.05 1.03 1.03 1.06 1.06 
1.03 1.04 1.01 1.04 1.04 1.02 1.02 1.06 1.04 1.01 
1.04 1.01 1.05 1.04 1.04 1.05 1.01 1.01 1.02 1.04 
1.05 1.04 1.01 1.04 1.01 1.05 1.03 1.06 1.01 1.05 
1.02 1.05 1.06 1.06 1.03 1.04 1.03 1.02 1.01 1.02 
1.02 1.03 1.01 1.01 1.01 1.05 1.03 1.01 1.05 1.03 
1.04 1.02 1.05 1.03 1.02 1.04 1.03 1.05 1.01 1.01 
1.02 1.01 1.01 1.06 1.05 1.04 1.01 1.04 1.03 1.01 
1.02 1.03 1.06 1.05 1.02 1.06 1.03 1.04 1.02 1.01 
1.05 1.01 1.02 1.05 1.02 1.04 1.04 1.03 1.03 1.04 
1.04 1.03 1.02 1.05 1.03 1.01 1.06 1.03 1.04 1.06 
1.05 1.05 1.05 1.05 1.06 1.02 1.02 1.02 1.05 1.06 
1.02 1.05 1.04 1.01 1.03 1.01 1.04 1.06 1.06 1.03 
1.03 1.03 1.04 1.03 1.03 1.02 1.03 1.01 1.02 1.02 
1.03 1.04 1.05 1.01 1.02 1.04 1.01 1.02 1.06 1.03 
1.04 1.04 1.03 1.06 1.02 1.05 1.06 1.02 1.01 1.02 
1.05 1.06 1.06 1.03 1.05 1.03 1.06 1.06 1.06 1.06 
1.04 1.01 1.06 1.05 1.01 1.05 1.05 1.06 1.01 1.04 
1.02 1.05 1.06 1.01 1.04 1.06 1.01 1.06 1.04 1.03 
1.01 1.01 1.05 1.04 1.02 1.02 1.04 1.04 1.06 1.02 
1.02 1.02 1.02 1.02 1.06 1.05 1.04 1.06 1.06 1.06 
1.02 1.05 1.04 1.05 1.06 1.02 1.04 1.01 1.02 1.04 
1.01 1.02 1.01 1.06 1.05 1.06 1.05 1.03 1.04 1.06 
1.05 1.04 1.06 1.01 1.04 1.05 1.06 1.01 1.04 1.05 
1.06 1.06 1.03 1.02 1.01 1.05 1.06 1.04 1.03 1.01 
1.05 1.02 1.03 1.04 1.01 1.01 1.06 1.02 1.06 1.04 
1.02 1.02 1.03 1.03 1.01 1.01 1.04 1.04 1.02 1.03 
1.01 1.01 1.02 1.04 1.06 1.02 1.06 1.01 1.06 1.02 
1.04 1.06 1.05 1.01 1.02 1.04 1.01 1.01 1.02 1.04 
1.01 1.02 1.06 1.02 1.01 1.06 1.05 1.06 1.05 1.04 
1.04 1.02 1.04 1.01 1.05 1.05 1.01 1.06 1.01 1.05 
1.03 1.04 1.02 1.05 1.04 1.02 1.04 1.06 1.04 1.03 
1.03 1.02 1.05 1.01 1.06 1.01 1.01 1.02 1.01 1.02 
1.05 1.03 1.05 1.06 1.01 1.05 1.01 1.05 1.03 1.01 
1.01 1.03 1.04 1.01 1.03 1.05 1.02 1.06 1.03 1.06 
1.04 1.06 1.06 1.04 1.02 1.04 1.03 1.02 1.01 1.02 
1.02 1.02 1.04 1.06 1.04 1.03 1.04 1.02 1.04 1.05 
1.04 1.03 1.05 1.03 1.05 1.06 1.06 1.02 1.04 1.06 
1.05 1.04 1.06 1.03 1.06 1.02 1.06 1.06 1.06 1.01 
1.04 1.05 1.04 1.04 1.03 1.03 1.02 1.04 1.04 1.02 
1.01 1.04 1.06 1.01 1.01 1.05 1.03 1.06 1.02 1.05 
1.04 1.05 1.02 1.02 1.06 1.03 1.06 1.04 1.04 1.06 
1.06 1.01 1.02 1.02 1.02 1.02 1.06 1.02 1.01 1.01 
1.05 1.06 1.03 1.06 1.06 1.02 1.06 1.06 1.05 1.04 
1.03 1.06 1.05 1.05 1.06 1.03 1.04 1.03 1.03 1.06 
1.06 1.03 1.04 1.04 1.04 1.01 1.04 1.02 1.02 1.05 
1.02 1.03 1.02 1.02 1.05 1.06 1.03 1.01 1.05 1.03 
1.02 1.01 1.03 1.03 1.03 1.01 1.02 1.05 1.05 1.04 
1.01 1.06 1.05 1.01 1.06 1.05 1.04 1.03 1.03 1.02 
1.02 1.02 1.02 1.05 1.01 1.01 1.05 1.04 1.03 1.01 
1.06 1.02 1.04 1.02 1.01 1.06 1.04 1.01 1.05 1.04 
1.01 1.01 1.06 1.05 1.01 1.01 1.04 1.06 1.06 1.03 
1.06 1.04 1.01 1.02 1.01 1.01 1.06 1.06 1.05 1.03 
1.04 1.01 1.05 1.04 1.04 1.02 1.04 1.05 1.03 1.05 
1.06 1.02 1.01 1.02 1.01 1.03 1.02 1.03 1.05 1.02 
1.05 1.06 1.03 1.02 1.01 1.04 1.04 1.06 1.02 1.02 
1.01 1.01 1.02 1.06 1.05 1.05 1.02 1.02 1.03 1.01 
1.02 1.04 1.05 1.05 1.01 1.06 1.01 1.06 1.05 1.05 
1.06 1.04 1.05 1.03 1.03 1.02 1.06 1.01 1.05 1.03 
1.05 1.04 1.03 1.02 1.03 1.01 1.01 1.01 1.04 1.02 
1.06 1.02 1.05 1.01 1.02 1.03 1.05 1.06 1.04 1.06 
1.02 1.02 1.01 1.05 1.06 1.05 1.04 1.02 1.04 1.01 
1.03 1.01 1.02 1.04 1.01 1.02 1.01 1.01 1.04 1.01 
1.01 1.05 1.01 1.03 1.03 1.02 1.02 1.04 1.06 1.01 
1.01 1.01 1.05 1.03 1.05 1.04 1.01 1.05 1.03 1.01 
1.06 1.01 1.03 1.01 1.05 1.01 1.03 1.03 1.04 1.06 
1.02 1.01 1.03 1.02 1.06 1.04 1.04 1.03 1.02 1.06 
1.02 1.02 1.01 1.01 1.04 1.06 1.06 1.03 1.04 1.06 
1.03 1.03 1.01 1.02 1.05 1.01 1.06 1.06 1.03 1.04 
1.02 1.03 1.02 1.06 1.02 1.06 1.04 1.06 1.06 1.03 
1.05 1.01 1.03 1.02 1.04 1.04 1.02 1.03 1.05 1.05 
1.01 1.01 1.02 1.04 1.04 1.03 1.05 1.02 1.02 1.06 
1.01 1.06 1.05 1.05 1.01 1.04 1.02 1.06 1.03 1.01 
1.02 1.06 1.01 1.04 1.06 1.06 1.04 1.03 1.02 1.03 
1.03 1.04 1.05 1.02 1.05 1.02 1.03 1.01 1.02 1.02 
1.03 1.05 1.04 1.01 1.03 1.05 1.01 1.02 1.02 1.01 
1.05 1.05 1.02 1.01 1.05 1.01 1.04 1.02 1.04 1.02 
1.06 1.03 1.02 1.05 1.06 1.04 1.03 1.01 1.03 1.02 
1.05 1.01 1.05 1.03 1.03 1.04 1.01 1.04 1.05 1.06 
1.01 1.04 1.04 1.05 1.01 1.03 1.04 1.03 1.05 1.05 
1.04 1.01 1.02 1.03 1.03 1.02 1.01 1.06 1.06 1.05 
1.06 1.05 1.03 1.03 1.01 1.06 1.01 1.01 1.04 1.05 
1.05 1.06 1.05 1.05 1.01 1.04 1.01 1.03 1.04 1.03 
1.05 1.04 1.06 1.02 1.01 1.04 1.03 1.02 1.04 1.03 
1.01 1.04 1.02 1.02 1.03 1.06 1.05 1.04 1.06 1.02 
1.06 1.05 1.02 1.02 1.04 1.01 1.04 1.04 1.06 1.02 
1.04 1.02 1.02 1.02 1.06 1.03 1.05 1.02 1.05 1.02 
1.01 1.06 1.05 1.05 1.02 1.04 1.01 1.02 1.03 1.02 
