10
150
9 73 96 92 45 69 50 72 91 70 10 2 2 24 20 1 50 5 32 74 6 63 3 25 72 42 43 51 27 93 42 20 95 8 8 100 82 22 40 36 85 64 87 14 50 33 39 13 85 75 56 97 93 19 44 75 52 80 64 91 70 77 37 11 6 51 24 19 45 81 46 66 79 87 91 36 2 94 25 100 26 74 39 60 66 55 82 78 41 88 40 58 17 32 47 93 18 59 28 60 34 33 29 69 60 65 4 41 99 37 1 51 64 12 58 91 34 44 28 27 56 97 61 23 68 26 100 51 40 6 88 68 62 30 85 18 48 5 99 8 59 31 97 77 19 27 9 28 48 23 
9 4 2 2 6 7 6 3 4 8 
1.03 1.02 1.04 1.02 1.02 1.04 1.04 1.02 1.01 1.03 
1.04 1.04 1.06 1.01 1.01 1.03 1.04 1.01 1.01 1.04 
1.02 1.06 1.02 1.02 1.05 1.01 1.01 1.04 1.05 1.03 
1.04 1.04 1.03 1.02 1.03 1.02 1.03 1.03 1.01 1.02 
1.02 1.03 1.03 1.04 1.04 1.01 1.04 1.01 1.02 1.04 
1.02 1.04 1.01 1.03 1.03 1.01 1.01 1.05 1.05 1.01 
1.03 1.06 1.06 1.01 1.02 1.05 1.03 1.02 1.02 1.03 
1.02 1.05 1.02 1.01 1.05 1.05 1.01 1.05 1.04 1.06 
1.05 1.03 1.02 1.01 1.04 1.04 1.05 1.03 1.02 1.05 
1.06 1.04 1.04 1.04 1.06 1.05 1.05 1.01 1.04 1.04 
1.03 1.06 1.03 1.06 1.02 1.01 1.04 1.03 1.03 1.02 
1.06 1.04 1.03 1.04 1.04 1.02 1.03 1.01 1.01 1.03 
1.04 1.03 1.06 1.04 1.05 1.03 1.03 1.02 1.06 1.03 
1.01 1.05 1.06 1.06 1.05 1.05 1.03 1.05 1.04 1.03 
1.04 1.03 1.06 1.05 1.03 1.06 1.02 1.05 1.01 1.02 
1.01 1.02 1.05 1.03 1.02 1.02 1.06 1.03 1.05 1.01 
1.01 1.03 1.06 1.06 1.06 1.03 1.04 1.03 1.01 1.01 
1.06 1.01 1.02 1.02 1.06 1.06 1.02 1.05 1.03 1.02 
1.01 1.03 1.03 1.04 1.06 1.05 1.02 1.03 1.06 1.05 
1.04 1.06 1.06 1.05 1.04 1.02 1.02 1.03 1.01 1.01 
1.02 1.05 1.01 1.03 1.01 1.04 1.05 1.04 1.03 1.02 
1.05 1.04 1.03 1.03 1.02 1.03 1.06 1.06 1.01 1.03 
1.06 1.01 1.05 1.06 1.04 1.01 1.05 1.04 1.03 1.01 
1.04 1.04 1.03 1.06 1.01 1.04 1.04 1.01 1.05 1.01 
1.01 1.05 1.04 1.01 1.04 1.02 1.06 1.04 1.02 1.04 
1.01 1.05 1.04 1.06 1.01 1.05 1.06 1.05 1.05 1.04 
1.01 1.03 1.01 1.01 1.05 1.02 1.04 1.03 1.02 1.03 
1.01 1.05 1.06 1.03 1.01 1.06 1.02 1.02 1.02 1.03 
1.02 1.02 1.02 1.05 1.03 1.05 1.02 1.03 1.04 1.01 
1.03 1.06 1.06 1.03 1.05 1.05 1.06 1.06 1.02 1.06 
1.04 1.02 1.01 1.05 1.04 1.04 1.02 1.06 1.06 1.05 
1.04 1.03 1.04 1.05 1.05 1.02 1.06 1.06 1.06 1.01 
1.02 1.03 1.05 1.01 1.02 1.05 1.06 1.03 1.01 1.03 
1.03 1.01 1.04 1.04 1.03 1.03 1.06 1.05 1.01 1.02 
1.03 1.01 1.04 1.03 1.06 1.05 1.02 1.02 1.03 1.03 
1.01 1.02 1.02 1.02 1.06 1.01 1.03 1.01 1.03 1.03 
1.03 1.04 1.01 1.05 1.06 1.01 1.02 1.06 1.05 1.06 
1.01 1.05 1.01 1.04 1.03 1.02 1.06 1.06 1.05 1.04 
1.03 1.01 1.06 1.02 1.03 1.02 1.02 1.01 1.05 1.06 
1.04 1.04 1.02 1.06 1.04 1.04 1.05 1.01 1.02 1.03 
1.03 1.02 1.04 1.05 1.03 1.04 1.01 1.01 1.04 1.03 
1.02 1.01 1.03 1.03 1.03 1.03 1.03 1.03 1.05 1.02 
1.03 1.03 1.05 1.04 1.01 1.01 1.01 1.05 1.04 1.04 
1.01 1.05 1.01 1.03 1.06 1.01 1.01 1.02 1.06 1.03 
1.01 1.01 1.04 1.01 1.05 1.05 1.02 1.02 1.06 1.05 
1.06 1.01 1.06 1.02 1.03 1.01 1.03 1.04 1.01 1.02 
1.05 1.01 1.05 1.03 1.06 1.05 1.02 1.03 1.06 1.02 
1.01 1.03 1.06 1.02 1.02 1.01 1.04 1.06 1.04 1.01 
1.03 1.02 1.01 1.01 1.05 1.06 1.06 1.06 1.04 1.02 
1.03 1.01 1.03 1.06 1.05 1.02 1.04 1.02 1.02 1.01 
1.01 1.01 1.03 1.05 1.02 1.01 1.02 1.05 1.05 1.04 
1.05 1.03 1.01 1.04 1.03 1.05 1.06 1.05 1.04 1.04 
1.01 1.05 1.03 1.04 1.05 1.02 1.06 1.05 1.02 1.04 
1.05 1.02 1.06 1.02 1.03 1.06 1.05 1.02 1.02 1.06 
1.06 1.05 1.06 1.03 1.06 1.01 1.02 1.04 1.03 1.03 
1.04 1.05 1.02 1.04 1.02 1.01 1.04 1.04 1.04 1.06 
1.01 1.04 1.03 1.03 1.04 1.03 1.04 1.03 1.02 1.05 
1.04 1.04 1.01 1.05 1.01 1.02 1.02 1.04 1.04 1.04 
1.03 1.02 1.02 1.05 1.02 1.01 1.06 1.05 1.06 1.04 
1.03 1.06 1.03 1.05 1.06 1.03 1.02 1.06 1.05 1.03 
1.03 1.02 1.01 1.04 1.01 1.02 1.06 1.05 1.04 1.02 
1.06 1.04 1.03 1.02 1.02 1.05 1.04 1.06 1.01 1.03 
1.01 1.04 1.01 1.01 1.03 1.01 1.05 1.05 1.02 1.04 
1.01 1.05 1.01 1.03 1.04 1.03 1.05 1.04 1.02 1.03 
1.02 1.01 1.06 1.05 1.02 1.03 1.01 1.05 1.04 1.01 
1.06 1.04 1.02 1.01 1.03 1.02 1.02 1.03 1.04 1.03 
1.05 1.06 1.03 1.02 1.01 1.06 1.03 1.04 1.06 1.05 
1.05 1.05 1.06 1.02 1.04 1.04 1.03 1.01 1.01 1.06 
1.01 1.01 1.01 1.02 1.02 1.01 1.06 1.05 1.04 1.01 
1.02 1.03 1.02 1.02 1.06 1.01 1.05 1.03 1.06 1.02 
1.04 1.04 1.04 1.01 1.04 1.01 1.06 1.06 1.04 1.01 
1.01 1.04 1.01 1.06 1.04 1.02 1.06 1.03 1.04 1.06 
1.05 1.05 1.03 1.02 1.01 1.05 1.02 1.01 1.06 1.05 
1.01 1.05 1.01 1.01 1.05 1.06 1.03 1.04 1.05 1.02 
1.05 1.01 1.03 1.03 1.03 1.03 1.05 1.05 1.02 1.01 
1.03 1.01 1.06 1.01 1.01 1.02 1.01 1.05 1.03 1.01 
1.06 1.04 1.03 1.04 1.05 1.05 1.02 1.03 1.06 1.05 
1.02 1.03 1.01 1.01 1.05 1.02 1.04 1.02 1.05 1.04 
1.01 1.02 1.05 1.03 1.06 1.05 1.05 1.02 1.02 1.02 
1.05 1.03 1.04 1.01 1.06 1.06 1.04 1.01 1.06 1.03 
1.03 1.02 1.05 1.01 1.01 1.03 1.04 1.02 1.03 1.02 
1.03 1.04 1.05 1.02 1.01 1.02 1.06 1.03 1.05 1.01 
1.01 1.04 1.03 1.06 1.03 1.03 1.06 1.02 1.04 1.05 
1.01 1.03 1.04 1.02 1.04 1.01 1.03 1.01 1.04 1.01 
1.06 1.05 1.03 1.01 1.05 1.03 1.05 1.01 1.02 1.02 
1.01 1.06 1.05 1.03 1.05 1.05 1.05 1.06 1.04 1.02 
1.05 1.01 1.05 1.02 1.05 1.01 1.05 1.01 1.04 1.05 
1.03 1.03 1.03 1.03 1.03 1.02 1.02 1.05 1.03 1.03 
1.06 1.04 1.02 1.06 1.06 1.03 1.05 1.05 1.05 1.06 
1.01 1.06 1.05 1.04 1.03 1.05 1.05 1.02 1.03 1.06 
1.03 1.05 1.02 1.05 1.01 1.03 1.01 1.01 1.02 1.05 
1.06 1.02 1.02 1.04 1.04 1.03 1.03 1.04 1.04 1.03 
1.04 1.04 1.05 1.02 1.06 1.01 1.03 1.04 1.06 1.06 
1.05 1.06 1.02 1.06 1.04 1.03 1.01 1.02 1.06 1.03 
1.02 1.01 1.05 1.04 1.01 1.05 1.03 1.02 1.06 1.04 
1.05 1.06 1.04 1.05 1.02 1.06 1.06 1.04 1.03 1.04 
1.06 1.05 1.03 1.05 1.05 1.01 1.03 1.04 1.06 1.04 
1.04 1.04 1.04 1.06 1.02 1.03 1.03 1.01 1.02 1.05 
1.04 1.04 1.06 1.05 1.06 1.05 1.01 1.05 1.01 1.04 
1.04 1.01 1.02 1.05 1.01 1.05 1.01 1.04 1.03 1.03 
1.02 1.06 1.03 1.03 1.03 1.04 1.03 1.05 1.04 1.02 
1.03 1.06 1.04 1.02 1.03 1.04 1.05 1.01 1.04 1.03 
1.03 1.01 1.04 1.06 1.01 1.02 1.01 1.01 1.02 1.06 
1.02 1.03 1.02 1.04 1.02 1.05 1.06 1.04 1.04 1.05 
1.06 1.03 1.05 1.04 1.03 1.04 1.03 1.02 1.05 1.05 
1.01 1.05 1.01 1.05 1.04 1.05 1.03 1.02 1.04 1.03 
1.04 1.03 1.06 1.01 1.03 1.04 1.06 1.06 1.01 1.04 
1.05 1.02 1.02 1.05 1.06 1.06 1.03 1.04 1.04 1.02 
1.06 1.03 1.04 1.05 1.06 1.02 1.04 1.05 1.04 1.06 
1.04 1.01 1.03 1.05 1.04 1.03 1.03 1.04 1.01 1.05 
1.03 1.06 1.02 1.03 1.04 1.06 1.02 1.01 1.06 1.04 
1.04 1.03 1.01 1.03 1.06 1.01 1.02 1.02 1.02 1.05 
1.01 1.01 1.03 1.01 1.02 1.06 1.01 1.06 1.06 1.06 
1.03 1.04 1.03 1.03 1.05 1.02 1.02 1.01 1.04 1.06 
1.03 1.06 1.02 1.04 1.01 1.03 1.02 1.02 1.04 1.01 
1.01 1.03 1.05 1.01 1.04 1.02 1.01 1.01 1.03 1.04 
1.01 1.06 1.05 1.06 1.03 1.06 1.02 1.02 1.02 1.04 
1.04 1.01 1.05 1.06 1.02 1.06 1.01 1.01 1.02 1.03 
1.01 1.01 1.01 1.04 1.05 1.01 1.01 1.06 1.05 1.04 
1.06 1.06 1.03 1.02 1.01 1.05 1.06 1.03 1.03 1.04 
1.03 1.05 1.05 1.02 1.05 1.03 1.04 1.04 1.05 1.01 
1.04 1.04 1.03 1.01 1.03 1.04 1.02 1.05 1.05 1.05 
1.03 1.04 1.03 1.06 1.05 1.06 1.01 1.04 1.05 1.01 
1.02 1.03 1.06 1.02 1.01 1.02 1.03 1.03 1.01 1.05 
1.02 1.04 1.04 1.03 1.05 1.03 1.01 1.06 1.04 1.01 
1.02 1.05 1.02 1.01 1.04 1.03 1.05 1.02 1.03 1.06 
1.06 1.06 1.06 1.02 1.02 1.03 1.06 1.01 1.04 1.06 
1.05 1.04 1.05 1.04 1.05 1.03 1.03 1.04 1.01 1.06 
1.05 1.01 1.06 1.03 1.02 1.06 1.03 1.06 1.01 1.03 
1.02 1.06 1.05 1.06 1.06 1.05 1.03 1.02 1.03 1.06 
1.01 1.01 1.06 1.01 1.02 1.06 1.03 1.04 1.06 1.01 
1.06 1.05 1.04 1.04 1.02 1.03 1.03 1.03 1.01 1.06 
1.05 1.03 1.05 1.05 1.01 1.01 1.04 1.01 1.03 1.03 
1.06 1.06 1.02 1.04 1.05 1.01 1.04 1.03 1.04 1.05 
1.05 1.04 1.02 1.04 1.06 1.04 1.02 1.02 1.01 1.02 
1.06 1.06 1.01 1.04 1.04 1.02 1.01 1.01 1.06 1.02 
1.05 1.04 1.05 1.02 1.01 1.03 1.03 1.01 1.01 1.03 
1.05 1.03 1.04 1.01 1.01 1.01 1.02 1.06 1.05 1.06 
1.06 1.02 1.04 1.04 1.01 1.02 1.05 1.06 1.02 1.04 
1.03 1.04 1.04 1.02 1.03 1.03 1.01 1.06 1.06 1.04 
1.02 1.02 1.02 1.03 1.02 1.01 1.04 1.04 1.06 1.04 
1.05 1.04 1.06 1.06 1.02 1.03 1.05 1.01 1.06 1.03 
1.05 1.02 1.01 1.06 1.04 1.03 1.06 1.03 1.01 1.06 
1.04 1.05 1.06 1.03 1.06 1.02 1.06 1.01 1.03 1.02 
1.06 1.05 1.06 1.03 1.06 1.04 1.05 1.06 1.03 1.04 
1.02 1.02 1.04 1.03 1.06 1.05 1.06 1.01 1.06 1.01 
1.05 1.05 1.03 1.01 1.03 1.05 1.06 1.03 1.04 1.03 
1.02 1.05 1.04 1.05 1.05 1.06 1.01 1.03 1.04 1.02 
1.05 1.06 1.06 1.04 1.01 1.06 1.01 1.06 1.03 1.02 
1.02 1.01 1.06 1.02 1.06 1.05 1.05 1.06 1.05 1.03 
