10
150
15 2 22 16 83 26 49 83 27 29 38 38 40 58 80 5 11 36 9 48 63 84 84 11 22 2 60 36 38 22 14 75 41 39 85 73 75 44 36 68 4 51 31 5 18 58 58 11 63 52 7 16 74 68 46 78 82 20 97 3 83 13 37 28 21 8 55 38 10 88 11 38 56 18 11 7 68 9 7 29 85 44 92 16 99 89 77 25 77 32 89 65 64 94 26 96 70 50 30 48 44 49 67 13 44 40 8 75 54 16 79 58 7 45 21 37 2 55 16 87 31 21 42 25 33 35 38 8 33 23 60 42 11 14 97 11 23 40 44 82 16 9 97 51 55 37 70 43 88 35 
5 7 5 7 6 7 1 5 1 7 
1.02 1.05 1.01 1.05 1.01 1.01 1.02 1.03 1.05 1.04 
1.03 1.05 1.05 1.05 1.05 1.03 1.03 1.04 1.03 1.01 
1.02 1.05 1.06 1.06 1.05 1.03 1.03 1.06 1.01 1.02 
1.01 1.01 1.05 1.04 1.03 1.06 1.05 1.05 1.05 1.04 
1.04 1.04 1.02 1.03 1.06 1.01 1.01 1.03 1.03 1.05 
1.01 1.06 1.06 1.01 1.06 1.06 1.01 1.05 1.05 1.06 
1.05 1.06 1.01 1.04 1.03 1.02 1.03 1.02 1.04 1.02 
1.05 1.06 1.03 1.06 1.04 1.01 1.05 1.01 1.06 1.03 
1.03 1.01 1.06 1.05 1.03 1.05 1.03 1.06 1.01 1.03 
1.04 1.03 1.01 1.03 1.03 1.06 1.05 1.04 1.02 1.05 
1.01 1.04 1.05 1.05 1.01 1.02 1.01 1.04 1.05 1.05 
1.03 1.02 1.02 1.02 1.02 1.05 1.06 1.05 1.05 1.05 
1.04 1.01 1.06 1.02 1.06 1.05 1.05 1.06 1.02 1.03 
1.05 1.06 1.06 1.03 1.06 1.02 1.05 1.02 1.03 1.02 
1.03 1.04 1.04 1.01 1.03 1.05 1.06 1.01 1.05 1.05 
1.02 1.06 1.06 1.05 1.03 1.02 1.05 1.02 1.04 1.03 
1.06 1.01 1.04 1.06 1.03 1.01 1.06 1.05 1.04 1.06 
1.03 1.02 1.05 1.05 1.02 1.05 1.05 1.02 1.04 1.02 
1.05 1.01 1.01 1.02 1.01 1.01 1.05 1.02 1.01 1.06 
1.04 1.02 1.06 1.05 1.01 1.04 1.03 1.03 1.03 1.05 
1.02 1.06 1.03 1.02 1.05 1.04 1.06 1.05 1.04 1.01 
1.04 1.06 1.03 1.02 1.05 1.02 1.02 1.01 1.05 1.01 
1.06 1.02 1.02 1.03 1.03 1.05 1.05 1.03 1.03 1.03 
1.03 1.06 1.03 1.04 1.03 1.01 1.06 1.02 1.05 1.06 
1.02 1.06 1.01 1.06 1.05 1.06 1.02 1.02 1.06 1.02 
1.04 1.05 1.02 1.06 1.02 1.01 1.05 1.05 1.06 1.02 
1.01 1.06 1.03 1.06 1.02 1.06 1.05 1.03 1.06 1.05 
1.05 1.01 1.06 1.05 1.06 1.02 1.05 1.02 1.04 1.05 
1.06 1.02 1.04 1.01 1.05 1.05 1.06 1.05 1.04 1.01 
1.06 1.04 1.04 1.01 1.02 1.06 1.04 1.01 1.06 1.04 
1.05 1.01 1.05 1.01 1.03 1.02 1.01 1.06 1.02 1.02 
1.03 1.01 1.02 1.06 1.05 1.03 1.05 1.06 1.05 1.04 
1.03 1.05 1.02 1.03 1.05 1.04 1.04 1.03 1.01 1.01 
1.01 1.06 1.01 1.06 1.01 1.05 1.02 1.03 1.06 1.03 
1.03 1.01 1.02 1.04 1.06 1.03 1.02 1.06 1.06 1.01 
1.01 1.05 1.03 1.02 1.06 1.04 1.02 1.01 1.03 1.05 
1.06 1.04 1.06 1.02 1.03 1.02 1.03 1.05 1.04 1.04 
1.05 1.04 1.01 1.06 1.06 1.03 1.06 1.05 1.01 1.02 
1.06 1.06 1.02 1.03 1.04 1.06 1.01 1.05 1.02 1.06 
1.05 1.02 1.02 1.04 1.05 1.06 1.06 1.05 1.04 1.02 
1.05 1.06 1.04 1.03 1.01 1.05 1.01 1.03 1.06 1.06 
1.04 1.02 1.05 1.04 1.03 1.03 1.01 1.06 1.03 1.03 
1.06 1.03 1.05 1.03 1.05 1.05 1.04 1.04 1.02 1.05 
1.04 1.01 1.01 1.03 1.02 1.04 1.05 1.05 1.01 1.03 
1.04 1.02 1.04 1.05 1.01 1.06 1.02 1.02 1.03 1.05 
1.02 1.06 1.04 1.03 1.01 1.02 1.04 1.06 1.02 1.06 
1.05 1.02 1.01 1.03 1.03 1.01 1.04 1.02 1.01 1.02 
1.06 1.02 1.01 1.03 1.05 1.03 1.04 1.02 1.01 1.03 
1.05 1.03 1.05 1.03 1.05 1.02 1.05 1.06 1.06 1.04 
1.01 1.05 1.03 1.03 1.05 1.05 1.02 1.02 1.02 1.01 
1.02 1.04 1.04 1.02 1.04 1.02 1.01 1.05 1.02 1.05 
1.05 1.02 1.03 1.06 1.04 1.01 1.02 1.04 1.02 1.02 
1.01 1.05 1.01 1.04 1.03 1.02 1.03 1.06 1.02 1.06 
1.04 1.04 1.03 1.02 1.02 1.05 1.04 1.03 1.03 1.03 
1.03 1.05 1.04 1.06 1.05 1.04 1.05 1.04 1.05 1.02 
1.01 1.01 1.02 1.02 1.02 1.04 1.03 1.02 1.02 1.05 
1.04 1.03 1.03 1.04 1.06 1.06 1.01 1.03 1.01 1.06 
1.01 1.06 1.06 1.02 1.01 1.02 1.06 1.01 1.05 1.03 
1.02 1.06 1.04 1.06 1.05 1.03 1.02 1.04 1.03 1.04 
1.02 1.04 1.01 1.01 1.01 1.06 1.04 1.02 1.03 1.01 
1.04 1.03 1.04 1.02 1.02 1.06 1.02 1.05 1.03 1.02 
1.01 1.02 1.02 1.05 1.01 1.03 1.05 1.04 1.06 1.02 
1.04 1.02 1.01 1.04 1.03 1.03 1.02 1.05 1.06 1.06 
1.02 1.03 1.03 1.02 1.04 1.06 1.01 1.03 1.05 1.04 
1.03 1.03 1.06 1.02 1.04 1.02 1.03 1.01 1.01 1.03 
1.05 1.04 1.02 1.02 1.02 1.01 1.02 1.03 1.01 1.06 
1.02 1.06 1.01 1.01 1.03 1.01 1.03 1.03 1.02 1.05 
1.03 1.05 1.06 1.05 1.02 1.03 1.05 1.01 1.02 1.02 
1.05 1.02 1.06 1.01 1.06 1.03 1.03 1.05 1.03 1.04 
1.02 1.06 1.03 1.01 1.06 1.03 1.01 1.02 1.02 1.04 
1.04 1.06 1.02 1.03 1.05 1.04 1.03 1.04 1.05 1.05 
1.04 1.03 1.02 1.05 1.05 1.05 1.01 1.01 1.06 1.03 
1.01 1.02 1.05 1.05 1.04 1.01 1.05 1.03 1.01 1.01 
1.01 1.06 1.03 1.01 1.05 1.04 1.06 1.01 1.01 1.06 
1.01 1.04 1.01 1.04 1.02 1.05 1.02 1.03 1.03 1.01 
1.02 1.04 1.05 1.04 1.01 1.02 1.05 1.03 1.05 1.04 
1.06 1.06 1.03 1.03 1.06 1.06 1.04 1.05 1.06 1.04 
1.02 1.05 1.04 1.03 1.04 1.06 1.04 1.04 1.04 1.02 
1.03 1.03 1.01 1.04 1.04 1.06 1.01 1.01 1.04 1.01 
1.06 1.06 1.06 1.06 1.02 1.06 1.03 1.02 1.05 1.06 
1.06 1.05 1.05 1.04 1.02 1.04 1.02 1.04 1.05 1.03 
1.05 1.03 1.04 1.02 1.05 1.03 1.02 1.01 1.03 1.06 
1.06 1.02 1.05 1.06 1.02 1.05 1.02 1.05 1.01 1.04 
1.03 1.04 1.06 1.03 1.06 1.01 1.02 1.01 1.05 1.03 
1.02 1.03 1.05 1.01 1.01 1.06 1.01 1.04 1.05 1.03 
1.01 1.04 1.02 1.06 1.06 1.01 1.03 1.05 1.02 1.04 
1.05 1.04 1.06 1.04 1.01 1.04 1.03 1.01 1.04 1.02 
1.03 1.06 1.03 1.04 1.05 1.04 1.04 1.05 1.01 1.03 
1.04 1.05 1.05 1.06 1.01 1.01 1.03 1.03 1.01 1.04 
1.06 1.02 1.03 1.06 1.06 1.01 1.01 1.03 1.04 1.06 
1.03 1.05 1.06 1.05 1.02 1.06 1.01 1.05 1.03 1.05 
1.01 1.05 1.06 1.05 1.05 1.02 1.04 1.01 1.05 1.02 
1.03 1.06 1.02 1.02 1.04 1.05 1.02 1.02 1.03 1.03 
1.02 1.03 1.01 1.04 1.03 1.03 1.05 1.01 1.01 1.02 
1.01 1.03 1.06 1.03 1.05 1.06 1.04 1.02 1.05 1.05 
1.06 1.06 1.04 1.01 1.06 1.05 1.01 1.02 1.02 1.01 
1.02 1.02 1.01 1.01 1.03 1.05 1.02 1.01 1.04 1.03 
1.02 1.06 1.05 1.01 1.01 1.06 1.04 1.04 1.05 1.01 
1.02 1.03 1.04 1.01 1.04 1.03 1.01 1.06 1.02 1.01 
1.02 1.01 1.06 1.05 1.03 1.01 1.06 1.05 1.01 1.02 
1.05 1.01 1.03 1.01 1.06 1.02 1.02 1.01 1.06 1.03 
1.04 1.05 1.06 1.04 1.06 1.06 1.06 1.01 1.04 1.03 
1.05 1.01 1.01 1.06 1.04 1.01 1.04 1.06 1.06 1.06 
1.05 1.01 1.01 1.03 1.02 1.04 1.02 1.05 1.01 1.05 
1.03 1.01 1.03 1.03 1.02 1.03 1.06 1.05 1.05 1.01 
1.05 1.06 1.01 1.06 1.01 1.06 1.01 1.05 1.04 1.01 
1.02 1.02 1.01 1.01 1.05 1.04 1.05 1.02 1.03 1.06 
1.03 1.01 1.06 1.04 1.03 1.04 1.04 1.06 1.06 1.01 
1.03 1.01 1.06 1.03 1.01 1.02 1.03 1.06 1.01 1.02 
1.02 1.05 1.01 1.03 1.01 1.01 1.04 1.04 1.04 1.03 
1.01 1.02 1.04 1.05 1.06 1.05 1.04 1.03 1.05 1.05 
1.03 1.06 1.02 1.01 1.06 1.05 1.06 1.03 1.03 1.03 
1.03 1.04 1.03 1.04 1.04 1.03 1.01 1.02 1.04 1.06 
1.06 1.05 1.02 1.02 1.06 1.02 1.03 1.05 1.02 1.01 
1.02 1.02 1.06 1.04 1.05 1.01 1.05 1.02 1.01 1.01 
1.01 1.06 1.04 1.04 1.06 1.05 1.01 1.02 1.01 1.01 
1.03 1.04 1.03 1.01 1.04 1.01 1.03 1.06 1.06 1.04 
1.04 1.01 1.03 1.01 1.05 1.04 1.01 1.01 1.03 1.06 
1.02 1.02 1.02 1.02 1.04 1.06 1.05 1.05 1.04 1.06 
1.03 1.06 1.02 1.01 1.05 1.03 1.03 1.06 1.04 1.02 
1.04 1.05 1.04 1.04 1.01 1.03 1.04 1.01 1.03 1.03 
1.05 1.05 1.01 1.06 1.06 1.05 1.04 1.06 1.06 1.03 
1.02 1.01 1.03 1.04 1.04 1.03 1.05 1.06 1.03 1.05 
1.05 1.02 1.01 1.04 1.06 1.02 1.03 1.01 1.06 1.01 
1.02 1.03 1.03 1.05 1.03 1.02 1.04 1.03 1.04 1.04 
1.06 1.06 1.06 1.06 1.05 1.06 1.02 1.01 1.01 1.01 
1.06 1.05 1.06 1.06 1.01 1.05 1.05 1.04 1.01 1.05 
1.05 1.02 1.06 1.05 1.01 1.05 1.03 1.06 1.02 1.06 
1.03 1.06 1.05 1.05 1.02 1.05 1.01 1.05 1.02 1.03 
1.06 1.01 1.05 1.06 1.03 1.06 1.01 1.02 1.04 1.06 
1.04 1.02 1.01 1.03 1.01 1.04 1.06 1.05 1.01 1.03 
1.04 1.05 1.04 1.06 1.05 1.03 1.05 1.01 1.03 1.02 
1.04 1.02 1.06 1.05 1.03 1.02 1.06 1.03 1.02 1.05 
1.01 1.06 1.06 1.04 1.04 1.06 1.02 1.06 1.05 1.02 
1.02 1.04 1.01 1.02 1.05 1.04 1.05 1.03 1.02 1.03 
1.01 1.06 1.06 1.04 1.05 1.06 1.03 1.05 1.06 1.05 
1.03 1.02 1.02 1.05 1.06 1.05 1.01 1.04 1.04 1.05 
1.03 1.01 1.01 1.01 1.05 1.05 1.03 1.04 1.05 1.05 
1.03 1.05 1.03 1.02 1.02 1.01 1.04 1.03 1.03 1.01 
1.04 1.01 1.04 1.06 1.01 1.02 1.01 1.01 1.02 1.04 
1.03 1.03 1.04 1.03 1.04 1.02 1.06 1.06 1.02 1.06 
1.02 1.06 1.01 1.05 1.01 1.04 1.06 1.01 1.01 1.05 
1.01 1.04 1.03 1.04 1.06 1.03 1.02 1.05 1.03 1.04 
1.03 1.03 1.02 1.02 1.06 1.03 1.02 1.02 1.03 1.02 
1.05 1.05 1.04 1.04 1.01 1.04 1.02 1.05 1.02 1.06 
1.01 1.04 1.02 1.04 1.05 1.02 1.04 1.02 1.02 1.02 
1.03 1.04 1.05 1.02 1.06 1.04 1.05 1.06 1.02 1.02 
1.04 1.01 1.03 1.05 1.01 1.05 1.01 1.03 1.01 1.05 
1.06 1.02 1.06 1.03 1.05 1.05 1.02 1.01 1.06 1.02 
1.04 1.04 1.05 1.06 1.03 1.06 1.05 1.01 1.05 1.03 
