20
400
8 99 29 60 97 17 7 31 84 56 65 5 40 34 70 26 70 69 22 72 12 59 57 86 13 14 48 54 22 27 2 82 51 38 22 33 65 18 29 6 79 67 79 99 79 31 97 73 86 14 53 95 38 63 41 50 82 84 97 88 71 9 96 68 26 80 45 44 42 89 42 20 75 86 57 90 23 86 16 94 73 9 82 81 43 23 44 32 88 54 22 51 10 29 83 23 68 15 46 2 23 75 46 73 93 81 58 94 86 93 29 9 27 22 1 77 77 14 99 67 32 48 38 78 87 34 83 11 69 52 29 27 12 16 4 94 12 68 28 67 88 17 38 29 41 65 22 72 3 44 39 5 41 70 87 14 30 36 16 89 53 79 81 10 93 21 21 63 77 43 97 40 91 19 21 55 2 7 76 93 58 85 3 26 71 12 59 10 8 11 10 5 5 5 12 47 63 60 69 23 23 22 50 17 9 57 52 79 58 90 84 77 61 77 66 67 42 78 63 59 40 71 60 94 4 48 84 16 25 75 24 71 82 65 59 79 30 25 48 51 86 12 50 100 40 92 35 20 31 89 98 24 19 56 99 53 22 46 78 58 99 68 98 26 46 53 11 78 20 81 24 78 57 51 66 13 3 34 27 36 81 11 50 14 84 42 95 33 64 17 61 32 50 45 7 5 8 76 88 5 57 83 2 90 3 65 76 72 35 71 58 88 92 65 53 40 51 1 20 43 25 63 91 96 80 5 2 40 47 80 84 65 65 86 4 44 53 33 11 10 31 39 16 7 29 52 32 27 52 5 50 18 29 67 38 54 48 84 4 94 7 55 84 29 78 46 91 15 62 42 57 67 35 39 88 18 51 18 63 67 24 27 28 47 65 28 99 47 79 81 5 15 97 75 24 14 42 14 59 8 
3 2 1 7 1 5 8 1 4 1 8 1 8 2 3 3 1 2 8 1 
1.13 1.06 1.05 1.05 1.1 1.06 1.13 1.09 1.14 1.12 1.12 1.14 1.1 1.08 1.09 1.06 1.05 1.07 1.14 1.14 
1.07 1.13 1.11 1.08 1.14 1.07 1.12 1.08 1.1 1.1 1.05 1.13 1.13 1.08 1.11 1.05 1.14 1.14 1.09 1.13 
1.13 1.09 1.09 1.14 1.07 1.1 1.11 1.13 1.06 1.07 1.13 1.1 1.09 1.14 1.07 1.05 1.05 1.05 1.07 1.07 
1.13 1.1 1.06 1.09 1.08 1.09 1.05 1.08 1.12 1.1 1.12 1.14 1.12 1.07 1.06 1.09 1.09 1.1 1.1 1.06 
1.06 1.11 1.07 1.05 1.06 1.13 1.05 1.05 1.08 1.11 1.13 1.05 1.1 1.12 1.08 1.14 1.07 1.06 1.13 1.12 
1.11 1.11 1.09 1.13 1.13 1.14 1.07 1.08 1.1 1.12 1.12 1.13 1.08 1.13 1.11 1.07 1.09 1.06 1.05 1.09 
1.11 1.11 1.13 1.13 1.08 1.06 1.06 1.1 1.14 1.05 1.14 1.11 1.05 1.09 1.06 1.05 1.1 1.09 1.07 1.13 
1.13 1.1 1.12 1.09 1.06 1.13 1.13 1.1 1.14 1.11 1.13 1.12 1.09 1.13 1.09 1.14 1.06 1.14 1.06 1.13 
1.07 1.05 1.1 1.14 1.1 1.11 1.09 1.11 1.14 1.06 1.12 1.09 1.11 1.12 1.08 1.1 1.09 1.12 1.13 1.07 
1.12 1.1 1.13 1.1 1.11 1.08 1.11 1.1 1.06 1.05 1.12 1.06 1.13 1.06 1.05 1.05 1.11 1.13 1.06 1.1 
1.14 1.06 1.05 1.13 1.14 1.05 1.14 1.09 1.14 1.09 1.1 1.09 1.14 1.09 1.06 1.08 1.11 1.14 1.08 1.05 
1.14 1.09 1.14 1.05 1.05 1.13 1.12 1.09 1.05 1.07 1.06 1.13 1.14 1.14 1.14 1.14 1.05 1.09 1.08 1.09 
1.07 1.1 1.08 1.08 1.14 1.14 1.1 1.11 1.11 1.05 1.06 1.1 1.12 1.07 1.14 1.11 1.05 1.08 1.12 1.12 
1.11 1.11 1.06 1.09 1.11 1.08 1.11 1.13 1.13 1.13 1.13 1.13 1.13 1.08 1.12 1.1 1.13 1.07 1.09 1.1 
1.1 1.13 1.14 1.13 1.05 1.1 1.13 1.1 1.14 1.06 1.13 1.06 1.08 1.09 1.14 1.06 1.06 1.07 1.05 1.07 
1.07 1.12 1.1 1.12 1.12 1.09 1.1 1.1 1.1 1.14 1.06 1.12 1.11 1.06 1.12 1.07 1.11 1.08 1.06 1.05 
1.07 1.08 1.13 1.14 1.12 1.14 1.08 1.09 1.05 1.14 1.12 1.09 1.09 1.1 1.07 1.07 1.13 1.11 1.08 1.1 
1.09 1.13 1.08 1.12 1.07 1.06 1.06 1.11 1.12 1.11 1.11 1.13 1.14 1.07 1.12 1.13 1.11 1.12 1.08 1.14 
1.11 1.1 1.09 1.13 1.07 1.13 1.08 1.07 1.13 1.06 1.11 1.13 1.12 1.05 1.13 1.05 1.11 1.09 1.09 1.06 
1.14 1.05 1.06 1.07 1.14 1.06 1.09 1.05 1.08 1.08 1.13 1.06 1.05 1.1 1.12 1.14 1.07 1.05 1.05 1.1 
1.06 1.11 1.09 1.09 1.07 1.14 1.11 1.08 1.05 1.07 1.09 1.09 1.14 1.06 1.1 1.12 1.12 1.09 1.14 1.12 
1.1 1.13 1.12 1.11 1.11 1.1 1.09 1.1 1.11 1.1 1.13 1.13 1.05 1.12 1.06 1.08 1.06 1.05 1.13 1.12 
1.11 1.1 1.06 1.09 1.1 1.11 1.08 1.07 1.12 1.05 1.07 1.09 1.07 1.05 1.05 1.1 1.12 1.07 1.07 1.14 
1.13 1.13 1.11 1.13 1.12 1.1 1.14 1.12 1.11 1.13 1.07 1.13 1.12 1.05 1.09 1.09 1.08 1.07 1.05 1.07 
1.07 1.12 1.07 1.06 1.14 1.08 1.12 1.08 1.13 1.09 1.08 1.12 1.1 1.12 1.11 1.07 1.12 1.12 1.08 1.05 
1.06 1.12 1.05 1.08 1.09 1.1 1.13 1.11 1.1 1.06 1.13 1.08 1.13 1.13 1.08 1.06 1.08 1.12 1.05 1.13 
1.14 1.12 1.14 1.14 1.11 1.14 1.09 1.08 1.14 1.06 1.07 1.08 1.13 1.06 1.07 1.1 1.06 1.08 1.13 1.1 
1.09 1.11 1.08 1.11 1.13 1.1 1.07 1.14 1.09 1.07 1.11 1.06 1.07 1.1 1.06 1.12 1.09 1.11 1.05 1.09 
1.08 1.1 1.09 1.14 1.14 1.06 1.12 1.1 1.14 1.12 1.07 1.1 1.14 1.12 1.14 1.14 1.06 1.1 1.1 1.11 
1.06 1.12 1.06 1.05 1.05 1.11 1.06 1.09 1.1 1.14 1.11 1.07 1.11 1.14 1.06 1.05 1.06 1.1 1.13 1.05 
1.14 1.07 1.09 1.07 1.1 1.07 1.05 1.07 1.1 1.06 1.05 1.14 1.06 1.1 1.08 1.11 1.07 1.11 1.08 1.11 
1.1 1.07 1.06 1.1 1.06 1.1 1.14 1.06 1.06 1.09 1.12 1.14 1.14 1.06 1.07 1.08 1.11 1.12 1.11 1.11 
1.12 1.08 1.05 1.1 1.05 1.09 1.1 1.12 1.14 1.06 1.05 1.1 1.12 1.12 1.11 1.09 1.05 1.12 1.14 1.09 
1.07 1.07 1.11 1.14 1.11 1.11 1.09 1.08 1.09 1.13 1.12 1.07 1.12 1.13 1.12 1.14 1.07 1.12 1.12 1.11 
1.06 1.12 1.07 1.14 1.09 1.1 1.14 1.14 1.11 1.06 1.05 1.14 1.13 1.09 1.12 1.09 1.14 1.07 1.12 1.13 
1.09 1.13 1.05 1.07 1.09 1.05 1.09 1.12 1.11 1.07 1.09 1.07 1.11 1.13 1.13 1.08 1.08 1.05 1.11 1.07 
1.09 1.05 1.09 1.1 1.13 1.07 1.14 1.06 1.13 1.07 1.14 1.13 1.12 1.1 1.09 1.13 1.14 1.13 1.1 1.07 
1.08 1.14 1.13 1.12 1.09 1.08 1.13 1.09 1.07 1.06 1.09 1.13 1.05 1.11 1.14 1.12 1.13 1.13 1.05 1.09 
1.06 1.13 1.13 1.09 1.09 1.09 1.1 1.1 1.1 1.13 1.05 1.12 1.11 1.13 1.06 1.11 1.07 1.11 1.09 1.1 
1.08 1.08 1.12 1.13 1.11 1.12 1.06 1.08 1.12 1.13 1.05 1.12 1.08 1.1 1.09 1.07 1.12 1.13 1.12 1.1 
1.05 1.08 1.11 1.06 1.07 1.05 1.11 1.06 1.05 1.06 1.12 1.1 1.09 1.09 1.12 1.07 1.12 1.1 1.08 1.05 
1.07 1.08 1.09 1.14 1.06 1.1 1.05 1.1 1.11 1.1 1.06 1.12 1.11 1.11 1.1 1.06 1.08 1.06 1.12 1.08 
1.05 1.09 1.12 1.09 1.12 1.09 1.1 1.05 1.05 1.07 1.1 1.05 1.06 1.1 1.1 1.1 1.05 1.13 1.09 1.07 
1.06 1.14 1.08 1.07 1.08 1.13 1.06 1.07 1.12 1.11 1.14 1.11 1.09 1.08 1.13 1.09 1.05 1.08 1.1 1.12 
1.07 1.07 1.08 1.12 1.12 1.14 1.1 1.1 1.08 1.08 1.13 1.09 1.05 1.07 1.06 1.14 1.14 1.09 1.06 1.12 
1.08 1.06 1.11 1.12 1.1 1.14 1.14 1.13 1.06 1.08 1.05 1.08 1.11 1.06 1.07 1.05 1.05 1.05 1.07 1.1 
1.09 1.13 1.1 1.13 1.12 1.09 1.07 1.1 1.07 1.09 1.12 1.14 1.11 1.08 1.05 1.12 1.14 1.14 1.1 1.11 
1.13 1.13 1.09 1.08 1.13 1.14 1.06 1.05 1.08 1.09 1.14 1.11 1.14 1.09 1.07 1.1 1.08 1.1 1.11 1.14 
1.08 1.08 1.1 1.05 1.13 1.11 1.05 1.08 1.09 1.06 1.13 1.12 1.14 1.07 1.06 1.13 1.09 1.08 1.13 1.09 
1.14 1.14 1.05 1.13 1.14 1.12 1.1 1.11 1.06 1.08 1.06 1.09 1.14 1.08 1.13 1.08 1.09 1.05 1.13 1.07 
1.05 1.07 1.07 1.13 1.14 1.13 1.07 1.12 1.12 1.08 1.06 1.1 1.13 1.1 1.08 1.07 1.12 1.05 1.05 1.08 
1.05 1.14 1.11 1.13 1.08 1.08 1.13 1.13 1.14 1.12 1.14 1.14 1.07 1.11 1.12 1.05 1.12 1.11 1.08 1.08 
1.13 1.08 1.13 1.12 1.12 1.09 1.05 1.14 1.12 1.06 1.13 1.1 1.07 1.08 1.06 1.07 1.1 1.14 1.09 1.08 
1.08 1.06 1.06 1.06 1.12 1.06 1.06 1.11 1.11 1.07 1.13 1.06 1.1 1.1 1.12 1.13 1.08 1.13 1.05 1.07 
1.05 1.11 1.08 1.12 1.09 1.08 1.1 1.1 1.14 1.09 1.11 1.12 1.14 1.08 1.13 1.09 1.11 1.1 1.08 1.1 
1.09 1.11 1.09 1.07 1.12 1.1 1.13 1.06 1.13 1.08 1.11 1.07 1.08 1.08 1.1 1.09 1.11 1.1 1.05 1.07 
1.07 1.1 1.05 1.14 1.13 1.1 1.14 1.12 1.12 1.05 1.07 1.05 1.09 1.07 1.08 1.05 1.1 1.06 1.06 1.09 
1.07 1.11 1.13 1.11 1.05 1.13 1.1 1.12 1.14 1.12 1.09 1.05 1.06 1.13 1.1 1.08 1.07 1.05 1.13 1.1 
1.13 1.07 1.13 1.14 1.05 1.07 1.1 1.09 1.08 1.06 1.09 1.13 1.05 1.06 1.07 1.08 1.07 1.05 1.14 1.08 
1.13 1.1 1.13 1.13 1.12 1.07 1.08 1.13 1.14 1.13 1.08 1.06 1.13 1.08 1.06 1.12 1.09 1.13 1.06 1.11 
1.07 1.09 1.14 1.13 1.07 1.07 1.09 1.12 1.09 1.09 1.08 1.14 1.06 1.06 1.09 1.1 1.08 1.06 1.12 1.09 
1.09 1.09 1.09 1.07 1.11 1.07 1.07 1.08 1.11 1.05 1.13 1.08 1.11 1.07 1.09 1.08 1.11 1.1 1.06 1.1 
1.07 1.11 1.11 1.13 1.06 1.11 1.09 1.13 1.12 1.09 1.08 1.05 1.05 1.11 1.09 1.14 1.11 1.12 1.14 1.07 
1.06 1.12 1.11 1.12 1.11 1.13 1.07 1.11 1.11 1.13 1.08 1.14 1.11 1.06 1.13 1.08 1.11 1.05 1.12 1.14 
1.12 1.12 1.12 1.11 1.05 1.12 1.07 1.06 1.12 1.11 1.09 1.06 1.1 1.06 1.12 1.05 1.06 1.13 1.13 1.12 
1.14 1.14 1.11 1.1 1.14 1.08 1.08 1.11 1.1 1.07 1.13 1.14 1.13 1.08 1.07 1.08 1.08 1.14 1.13 1.11 
1.09 1.06 1.05 1.08 1.05 1.06 1.08 1.05 1.08 1.12 1.07 1.08 1.1 1.13 1.06 1.05 1.05 1.13 1.09 1.13 
1.12 1.08 1.12 1.05 1.08 1.08 1.09 1.09 1.1 1.08 1.07 1.06 1.08 1.13 1.1 1.06 1.1 1.13 1.13 1.09 
1.08 1.08 1.13 1.07 1.14 1.05 1.08 1.08 1.07 1.13 1.11 1.05 1.07 1.08 1.11 1.07 1.13 1.09 1.06 1.05 
1.07 1.12 1.13 1.07 1.12 1.1 1.08 1.14 1.06 1.05 1.05 1.11 1.13 1.1 1.08 1.1 1.11 1.08 1.09 1.11 
1.07 1.14 1.08 1.14 1.12 1.07 1.06 1.05 1.14 1.08 1.09 1.11 1.12 1.13 1.14 1.07 1.08 1.07 1.12 1.11 
1.05 1.06 1.14 1.11 1.05 1.1 1.12 1.09 1.14 1.13 1.05 1.1 1.13 1.09 1.08 1.13 1.14 1.14 1.07 1.14 
1.1 1.11 1.1 1.11 1.14 1.09 1.07 1.12 1.08 1.05 1.09 1.09 1.14 1.09 1.07 1.09 1.07 1.11 1.07 1.11 
1.07 1.05 1.11 1.1 1.05 1.06 1.09 1.05 1.09 1.1 1.09 1.06 1.11 1.09 1.05 1.06 1.11 1.09 1.06 1.13 
1.05 1.05 1.1 1.08 1.13 1.1 1.11 1.08 1.12 1.05 1.14 1.07 1.12 1.12 1.13 1.13 1.14 1.14 1.14 1.09 
1.06 1.13 1.05 1.08 1.05 1.08 1.07 1.07 1.12 1.08 1.07 1.05 1.14 1.13 1.1 1.13 1.11 1.14 1.07 1.05 
1.06 1.09 1.11 1.07 1.13 1.12 1.13 1.08 1.13 1.1 1.13 1.11 1.06 1.14 1.11 1.14 1.12 1.14 1.05 1.05 
1.08 1.05 1.12 1.08 1.05 1.12 1.08 1.07 1.07 1.05 1.05 1.13 1.06 1.09 1.08 1.08 1.12 1.11 1.09 1.08 
1.12 1.08 1.14 1.14 1.09 1.11 1.09 1.13 1.07 1.14 1.11 1.1 1.13 1.05 1.1 1.11 1.1 1.12 1.05 1.12 
1.13 1.08 1.13 1.09 1.12 1.07 1.1 1.12 1.11 1.07 1.06 1.14 1.06 1.08 1.14 1.11 1.07 1.14 1.07 1.11 
1.13 1.09 1.07 1.1 1.06 1.08 1.07 1.12 1.14 1.11 1.06 1.06 1.06 1.07 1.1 1.05 1.11 1.09 1.07 1.12 
1.07 1.09 1.11 1.11 1.1 1.08 1.09 1.07 1.05 1.11 1.06 1.07 1.13 1.1 1.05 1.13 1.11 1.09 1.07 1.14 
1.14 1.07 1.12 1.14 1.13 1.12 1.09 1.11 1.1 1.11 1.1 1.06 1.07 1.09 1.08 1.1 1.14 1.12 1.14 1.13 
1.06 1.14 1.13 1.08 1.05 1.08 1.05 1.05 1.09 1.08 1.09 1.13 1.11 1.14 1.13 1.1 1.13 1.13 1.09 1.08 
1.05 1.14 1.09 1.11 1.06 1.09 1.11 1.06 1.09 1.06 1.09 1.1 1.07 1.09 1.14 1.09 1.13 1.09 1.1 1.09 
1.07 1.07 1.11 1.12 1.06 1.05 1.09 1.05 1.12 1.13 1.11 1.1 1.12 1.11 1.1 1.08 1.14 1.13 1.08 1.09 
1.1 1.14 1.1 1.05 1.12 1.14 1.05 1.13 1.08 1.09 1.13 1.07 1.11 1.06 1.14 1.1 1.05 1.06 1.08 1.11 
1.06 1.12 1.14 1.1 1.06 1.12 1.08 1.1 1.11 1.07 1.12 1.08 1.13 1.13 1.06 1.13 1.14 1.14 1.14 1.06 
1.09 1.05 1.06 1.14 1.06 1.13 1.14 1.11 1.08 1.1 1.13 1.14 1.06 1.05 1.05 1.11 1.05 1.06 1.09 1.08 
1.06 1.11 1.07 1.11 1.09 1.05 1.13 1.07 1.14 1.09 1.12 1.09 1.12 1.05 1.05 1.1 1.11 1.08 1.13 1.07 
1.06 1.08 1.05 1.08 1.09 1.08 1.09 1.08 1.07 1.09 1.09 1.12 1.14 1.11 1.07 1.12 1.1 1.06 1.1 1.07 
1.1 1.12 1.13 1.12 1.14 1.09 1.09 1.13 1.1 1.05 1.14 1.13 1.14 1.1 1.12 1.05 1.05 1.12 1.13 1.08 
1.08 1.05 1.05 1.09 1.08 1.07 1.13 1.1 1.13 1.1 1.09 1.08 1.11 1.14 1.11 1.11 1.06 1.11 1.06 1.14 
1.14 1.08 1.09 1.11 1.08 1.06 1.08 1.12 1.11 1.11 1.07 1.07 1.05 1.06 1.1 1.07 1.07 1.13 1.1 1.1 
1.05 1.13 1.06 1.07 1.07 1.07 1.13 1.11 1.1 1.05 1.08 1.06 1.1 1.09 1.05 1.08 1.07 1.06 1.07 1.08 
1.06 1.11 1.05 1.06 1.08 1.08 1.07 1.05 1.13 1.14 1.14 1.1 1.08 1.07 1.1 1.13 1.05 1.05 1.06 1.13 
1.13 1.13 1.1 1.07 1.12 1.11 1.14 1.09 1.08 1.1 1.14 1.06 1.14 1.11 1.09 1.11 1.08 1.13 1.05 1.11 
1.1 1.1 1.07 1.1 1.07 1.08 1.13 1.07 1.08 1.05 1.1 1.14 1.12 1.05 1.07 1.11 1.11 1.06 1.1 1.09 
1.11 1.11 1.09 1.08 1.12 1.06 1.12 1.05 1.08 1.12 1.09 1.06 1.13 1.14 1.12 1.07 1.06 1.13 1.13 1.14 
1.12 1.1 1.13 1.13 1.09 1.08 1.14 1.11 1.11 1.08 1.1 1.09 1.08 1.07 1.08 1.13 1.07 1.1 1.12 1.1 
1.11 1.13 1.12 1.07 1.05 1.09 1.09 1.11 1.1 1.08 1.11 1.13 1.13 1.14 1.06 1.06 1.11 1.1 1.05 1.09 
1.05 1.07 1.06 1.14 1.08 1.06 1.1 1.06 1.13 1.12 1.05 1.13 1.11 1.05 1.05 1.14 1.06 1.09 1.08 1.07 
1.06 1.14 1.06 1.1 1.14 1.12 1.13 1.13 1.08 1.07 1.08 1.14 1.1 1.07 1.07 1.09 1.08 1.07 1.14 1.08 
1.12 1.08 1.12 1.09 1.06 1.05 1.05 1.13 1.05 1.14 1.09 1.14 1.14 1.14 1.14 1.14 1.08 1.12 1.1 1.05 
1.07 1.07 1.07 1.09 1.14 1.12 1.07 1.13 1.13 1.06 1.06 1.14 1.07 1.12 1.14 1.11 1.14 1.11 1.1 1.05 
1.05 1.07 1.05 1.11 1.09 1.08 1.11 1.06 1.1 1.12 1.11 1.12 1.07 1.08 1.1 1.05 1.1 1.1 1.12 1.1 
1.1 1.06 1.06 1.14 1.11 1.12 1.09 1.12 1.07 1.11 1.1 1.08 1.1 1.1 1.13 1.07 1.14 1.14 1.11 1.13 
1.11 1.1 1.07 1.07 1.14 1.14 1.13 1.07 1.12 1.06 1.09 1.09 1.07 1.1 1.05 1.05 1.13 1.14 1.09 1.06 
1.13 1.13 1.05 1.05 1.12 1.14 1.09 1.11 1.11 1.13 1.14 1.12 1.11 1.1 1.11 1.11 1.07 1.05 1.14 1.08 
1.09 1.14 1.14 1.07 1.14 1.06 1.11 1.07 1.06 1.1 1.11 1.1 1.06 1.13 1.1 1.11 1.1 1.11 1.11 1.08 
1.09 1.06 1.05 1.08 1.06 1.14 1.14 1.06 1.06 1.07 1.07 1.05 1.1 1.1 1.05 1.13 1.12 1.13 1.14 1.11 
1.08 1.1 1.11 1.09 1.12 1.14 1.12 1.07 1.11 1.08 1.05 1.08 1.13 1.13 1.05 1.06 1.13 1.08 1.11 1.08 
1.06 1.14 1.14 1.12 1.11 1.08 1.08 1.08 1.1 1.09 1.06 1.11 1.11 1.08 1.05 1.06 1.09 1.14 1.07 1.08 
1.12 1.09 1.1 1.12 1.11 1.13 1.08 1.13 1.05 1.05 1.11 1.1 1.14 1.07 1.08 1.14 1.13 1.14 1.1 1.13 
1.05 1.09 1.14 1.14 1.12 1.06 1.09 1.14 1.06 1.08 1.07 1.09 1.1 1.08 1.14 1.06 1.14 1.08 1.14 1.07 
1.11 1.07 1.11 1.06 1.09 1.1 1.12 1.1 1.11 1.12 1.12 1.05 1.09 1.13 1.11 1.13 1.06 1.05 1.1 1.06 
1.14 1.12 1.1 1.07 1.11 1.11 1.13 1.12 1.12 1.14 1.09 1.05 1.11 1.09 1.14 1.13 1.11 1.09 1.11 1.07 
1.11 1.1 1.1 1.11 1.14 1.07 1.07 1.06 1.13 1.07 1.05 1.13 1.14 1.11 1.11 1.13 1.09 1.13 1.06 1.13 
1.06 1.13 1.06 1.05 1.09 1.08 1.13 1.1 1.1 1.08 1.07 1.12 1.14 1.06 1.12 1.11 1.12 1.05 1.06 1.13 
1.14 1.06 1.12 1.06 1.06 1.13 1.1 1.05 1.13 1.1 1.12 1.1 1.05 1.07 1.11 1.09 1.13 1.08 1.1 1.09 
1.1 1.11 1.06 1.08 1.11 1.11 1.08 1.08 1.07 1.09 1.06 1.09 1.08 1.1 1.07 1.14 1.14 1.07 1.09 1.1 
1.14 1.11 1.09 1.07 1.11 1.08 1.14 1.06 1.13 1.11 1.07 1.06 1.13 1.14 1.09 1.14 1.08 1.07 1.09 1.08 
1.07 1.13 1.12 1.12 1.11 1.11 1.1 1.07 1.09 1.05 1.09 1.13 1.06 1.05 1.09 1.06 1.11 1.12 1.05 1.13 
1.07 1.1 1.07 1.11 1.11 1.09 1.05 1.06 1.12 1.07 1.1 1.05 1.13 1.13 1.06 1.07 1.08 1.06 1.1 1.08 
1.06 1.08 1.14 1.11 1.06 1.06 1.11 1.12 1.07 1.05 1.14 1.1 1.06 1.08 1.06 1.08 1.13 1.13 1.07 1.11 
1.13 1.08 1.05 1.12 1.1 1.08 1.08 1.07 1.06 1.06 1.12 1.08 1.14 1.1 1.05 1.05 1.05 1.06 1.13 1.09 
1.12 1.08 1.12 1.12 1.13 1.09 1.06 1.08 1.08 1.06 1.1 1.07 1.08 1.12 1.12 1.1 1.09 1.14 1.13 1.09 
1.09 1.11 1.08 1.1 1.11 1.08 1.08 1.12 1.13 1.11 1.07 1.08 1.07 1.07 1.08 1.13 1.11 1.14 1.1 1.13 
1.09 1.08 1.11 1.09 1.1 1.13 1.11 1.13 1.14 1.05 1.06 1.12 1.12 1.1 1.08 1.11 1.11 1.08 1.13 1.11 
1.09 1.05 1.13 1.08 1.11 1.06 1.13 1.12 1.14 1.09 1.13 1.08 1.06 1.05 1.07 1.13 1.11 1.08 1.06 1.08 
1.06 1.09 1.07 1.09 1.09 1.11 1.08 1.14 1.14 1.12 1.05 1.08 1.08 1.1 1.12 1.1 1.14 1.07 1.11 1.07 
1.07 1.12 1.13 1.13 1.11 1.07 1.09 1.08 1.09 1.06 1.14 1.07 1.07 1.14 1.12 1.11 1.05 1.08 1.12 1.1 
1.12 1.14 1.09 1.08 1.1 1.12 1.13 1.13 1.06 1.14 1.1 1.07 1.1 1.07 1.12 1.08 1.13 1.14 1.1 1.11 
1.05 1.13 1.08 1.05 1.05 1.12 1.07 1.09 1.09 1.11 1.07 1.13 1.05 1.14 1.09 1.06 1.14 1.06 1.12 1.06 
1.14 1.05 1.05 1.09 1.06 1.1 1.06 1.14 1.05 1.12 1.14 1.12 1.11 1.14 1.12 1.14 1.14 1.13 1.11 1.11 
1.11 1.08 1.14 1.12 1.1 1.09 1.08 1.07 1.11 1.08 1.09 1.12 1.13 1.14 1.06 1.06 1.06 1.09 1.09 1.12 
1.14 1.13 1.09 1.12 1.11 1.11 1.14 1.07 1.13 1.11 1.05 1.12 1.06 1.13 1.05 1.07 1.12 1.14 1.11 1.1 
1.13 1.1 1.06 1.13 1.12 1.14 1.07 1.07 1.12 1.06 1.1 1.06 1.08 1.11 1.11 1.07 1.05 1.08 1.07 1.09 
1.1 1.11 1.12 1.05 1.08 1.07 1.12 1.12 1.14 1.11 1.05 1.1 1.12 1.14 1.12 1.08 1.11 1.13 1.09 1.12 
1.13 1.07 1.14 1.14 1.1 1.09 1.11 1.12 1.14 1.07 1.07 1.09 1.11 1.09 1.13 1.09 1.08 1.06 1.14 1.08 
1.06 1.13 1.06 1.06 1.13 1.06 1.07 1.05 1.11 1.05 1.06 1.08 1.11 1.11 1.07 1.05 1.13 1.09 1.13 1.11 
1.13 1.12 1.14 1.06 1.11 1.14 1.12 1.05 1.09 1.05 1.13 1.06 1.07 1.12 1.07 1.09 1.13 1.08 1.07 1.06 
1.13 1.11 1.11 1.05 1.13 1.08 1.05 1.07 1.05 1.07 1.11 1.13 1.14 1.07 1.13 1.06 1.13 1.07 1.09 1.14 
1.14 1.13 1.13 1.14 1.12 1.1 1.08 1.06 1.05 1.1 1.11 1.12 1.05 1.12 1.12 1.14 1.08 1.08 1.09 1.13 
1.07 1.11 1.08 1.13 1.13 1.12 1.14 1.08 1.11 1.14 1.12 1.11 1.11 1.06 1.05 1.12 1.07 1.07 1.11 1.09 
1.09 1.11 1.08 1.08 1.11 1.11 1.07 1.05 1.06 1.13 1.13 1.12 1.09 1.07 1.05 1.14 1.08 1.06 1.06 1.05 
1.1 1.13 1.09 1.08 1.12 1.08 1.13 1.09 1.12 1.11 1.07 1.13 1.06 1.09 1.14 1.1 1.08 1.05 1.13 1.11 
1.06 1.07 1.07 1.13 1.11 1.09 1.14 1.13 1.08 1.05 1.09 1.06 1.11 1.07 1.07 1.06 1.11 1.09 1.08 1.07 
1.08 1.14 1.1 1.13 1.11 1.05 1.05 1.1 1.07 1.06 1.14 1.05 1.11 1.06 1.06 1.13 1.08 1.07 1.13 1.14 
1.05 1.14 1.09 1.1 1.06 1.09 1.11 1.13 1.1 1.05 1.06 1.07 1.12 1.07 1.1 1.14 1.08 1.12 1.14 1.07 
1.14 1.08 1.08 1.09 1.11 1.08 1.14 1.09 1.14 1.14 1.13 1.14 1.05 1.08 1.13 1.14 1.08 1.11 1.1 1.12 
1.13 1.11 1.07 1.13 1.1 1.08 1.13 1.13 1.1 1.1 1.05 1.07 1.12 1.12 1.14 1.06 1.11 1.12 1.13 1.08 
1.13 1.14 1.12 1.12 1.09 1.06 1.13 1.09 1.07 1.08 1.12 1.09 1.09 1.05 1.08 1.05 1.13 1.06 1.08 1.09 
1.05 1.07 1.06 1.07 1.12 1.1 1.06 1.14 1.08 1.14 1.08 1.06 1.09 1.07 1.14 1.09 1.06 1.11 1.05 1.06 
1.06 1.14 1.07 1.06 1.13 1.1 1.13 1.13 1.06 1.06 1.12 1.09 1.14 1.07 1.11 1.14 1.09 1.13 1.12 1.14 
1.06 1.12 1.05 1.06 1.05 1.05 1.09 1.13 1.12 1.09 1.14 1.14 1.1 1.09 1.1 1.13 1.14 1.14 1.14 1.13 
1.13 1.08 1.05 1.13 1.09 1.1 1.07 1.11 1.11 1.08 1.05 1.06 1.09 1.06 1.05 1.13 1.12 1.14 1.14 1.08 
1.13 1.07 1.09 1.05 1.13 1.07 1.12 1.13 1.08 1.12 1.1 1.06 1.05 1.12 1.05 1.1 1.09 1.07 1.07 1.13 
1.08 1.13 1.14 1.07 1.12 1.1 1.08 1.06 1.07 1.1 1.08 1.12 1.08 1.1 1.14 1.14 1.14 1.12 1.14 1.06 
1.13 1.12 1.13 1.07 1.11 1.1 1.13 1.1 1.09 1.14 1.11 1.11 1.07 1.08 1.05 1.14 1.1 1.14 1.14 1.08 
1.08 1.11 1.07 1.11 1.13 1.1 1.07 1.14 1.12 1.14 1.14 1.06 1.12 1.07 1.09 1.13 1.09 1.06 1.07 1.05 
1.13 1.09 1.05 1.1 1.13 1.1 1.06 1.12 1.14 1.14 1.14 1.1 1.13 1.13 1.07 1.14 1.1 1.06 1.06 1.14 
1.09 1.1 1.08 1.07 1.08 1.05 1.05 1.08 1.14 1.05 1.07 1.06 1.06 1.12 1.05 1.1 1.13 1.09 1.13 1.06 
1.09 1.08 1.1 1.13 1.11 1.12 1.08 1.13 1.07 1.12 1.05 1.07 1.11 1.08 1.12 1.12 1.06 1.09 1.07 1.07 
1.09 1.13 1.14 1.06 1.13 1.11 1.08 1.1 1.13 1.12 1.08 1.12 1.05 1.1 1.1 1.12 1.13 1.07 1.05 1.13 
1.09 1.12 1.13 1.1 1.1 1.11 1.14 1.12 1.14 1.13 1.1 1.05 1.14 1.08 1.1 1.07 1.05 1.14 1.06 1.08 
1.08 1.05 1.11 1.11 1.14 1.13 1.09 1.08 1.13 1.12 1.1 1.14 1.07 1.1 1.09 1.14 1.12 1.14 1.06 1.14 
1.08 1.08 1.11 1.09 1.05 1.08 1.11 1.07 1.14 1.09 1.13 1.06 1.13 1.11 1.1 1.05 1.07 1.09 1.08 1.05 
1.12 1.13 1.07 1.12 1.09 1.06 1.11 1.14 1.07 1.09 1.06 1.09 1.12 1.06 1.09 1.06 1.05 1.09 1.14 1.07 
1.06 1.06 1.08 1.07 1.1 1.06 1.06 1.06 1.07 1.06 1.09 1.1 1.07 1.08 1.09 1.14 1.11 1.09 1.07 1.11 
1.07 1.12 1.09 1.09 1.12 1.09 1.1 1.12 1.11 1.09 1.07 1.11 1.12 1.09 1.1 1.12 1.13 1.14 1.14 1.05 
1.08 1.1 1.14 1.1 1.12 1.05 1.11 1.13 1.13 1.05 1.05 1.07 1.06 1.13 1.14 1.14 1.08 1.07 1.13 1.08 
1.1 1.08 1.12 1.12 1.11 1.11 1.09 1.11 1.07 1.1 1.05 1.09 1.05 1.11 1.07 1.14 1.1 1.12 1.07 1.07 
1.12 1.11 1.06 1.09 1.14 1.1 1.07 1.07 1.08 1.12 1.13 1.12 1.07 1.14 1.12 1.11 1.05 1.06 1.13 1.14 
1.13 1.14 1.11 1.09 1.07 1.09 1.1 1.09 1.14 1.05 1.13 1.06 1.12 1.06 1.07 1.12 1.09 1.12 1.14 1.08 
1.12 1.08 1.12 1.13 1.14 1.11 1.1 1.07 1.05 1.09 1.13 1.1 1.14 1.07 1.09 1.12 1.1 1.06 1.06 1.07 
1.1 1.05 1.12 1.13 1.09 1.1 1.12 1.05 1.05 1.05 1.14 1.06 1.14 1.13 1.14 1.05 1.13 1.05 1.06 1.11 
1.08 1.05 1.07 1.05 1.1 1.07 1.13 1.14 1.1 1.07 1.12 1.07 1.1 1.06 1.12 1.1 1.12 1.05 1.07 1.05 
1.1 1.1 1.05 1.12 1.13 1.1 1.14 1.07 1.09 1.09 1.06 1.08 1.08 1.06 1.09 1.08 1.13 1.13 1.09 1.09 
1.1 1.06 1.08 1.09 1.13 1.06 1.07 1.06 1.1 1.11 1.06 1.1 1.09 1.05 1.05 1.11 1.06 1.09 1.06 1.1 
1.13 1.13 1.13 1.09 1.1 1.12 1.05 1.1 1.11 1.05 1.1 1.14 1.14 1.11 1.12 1.14 1.05 1.11 1.13 1.1 
1.11 1.1 1.07 1.11 1.09 1.07 1.13 1.12 1.06 1.1 1.14 1.12 1.13 1.13 1.09 1.1 1.13 1.08 1.08 1.12 
1.08 1.09 1.1 1.13 1.06 1.1 1.06 1.1 1.12 1.13 1.05 1.13 1.09 1.11 1.11 1.06 1.11 1.12 1.09 1.06 
1.09 1.07 1.13 1.12 1.14 1.11 1.1 1.06 1.05 1.12 1.11 1.13 1.1 1.07 1.05 1.07 1.06 1.13 1.07 1.14 
1.08 1.12 1.14 1.1 1.05 1.13 1.09 1.06 1.13 1.12 1.09 1.14 1.14 1.1 1.06 1.12 1.13 1.09 1.1 1.07 
1.13 1.09 1.12 1.1 1.07 1.05 1.13 1.07 1.07 1.1 1.08 1.13 1.14 1.1 1.12 1.1 1.14 1.1 1.07 1.07 
1.05 1.12 1.14 1.06 1.09 1.07 1.06 1.05 1.1 1.08 1.1 1.06 1.12 1.09 1.07 1.1 1.07 1.12 1.11 1.08 
1.11 1.07 1.07 1.1 1.06 1.11 1.09 1.08 1.07 1.09 1.13 1.14 1.12 1.08 1.06 1.07 1.1 1.1 1.08 1.11 
1.08 1.05 1.12 1.07 1.12 1.09 1.14 1.11 1.1 1.07 1.14 1.05 1.11 1.14 1.1 1.12 1.13 1.13 1.13 1.08 
1.05 1.12 1.08 1.06 1.07 1.11 1.1 1.06 1.05 1.13 1.09 1.07 1.12 1.08 1.14 1.08 1.13 1.13 1.08 1.14 
1.07 1.1 1.14 1.12 1.12 1.13 1.11 1.13 1.06 1.13 1.11 1.11 1.1 1.07 1.1 1.14 1.1 1.06 1.14 1.08 
1.09 1.11 1.06 1.14 1.1 1.12 1.06 1.05 1.14 1.09 1.11 1.07 1.05 1.12 1.07 1.12 1.11 1.09 1.09 1.14 
1.12 1.07 1.1 1.06 1.14 1.06 1.09 1.05 1.14 1.11 1.12 1.08 1.08 1.06 1.14 1.05 1.12 1.11 1.12 1.11 
1.1 1.05 1.07 1.1 1.11 1.09 1.13 1.05 1.1 1.1 1.12 1.05 1.07 1.09 1.11 1.1 1.12 1.1 1.06 1.11 
1.1 1.13 1.09 1.11 1.14 1.1 1.12 1.11 1.13 1.11 1.09 1.12 1.14 1.14 1.09 1.08 1.11 1.07 1.05 1.09 
1.13 1.1 1.12 1.11 1.09 1.09 1.11 1.08 1.09 1.13 1.07 1.11 1.08 1.09 1.05 1.12 1.06 1.09 1.14 1.05 
1.08 1.08 1.14 1.11 1.06 1.14 1.08 1.12 1.07 1.1 1.1 1.05 1.08 1.09 1.12 1.1 1.13 1.11 1.11 1.05 
1.14 1.08 1.07 1.1 1.07 1.06 1.11 1.09 1.07 1.07 1.14 1.11 1.08 1.06 1.12 1.11 1.14 1.12 1.12 1.1 
1.1 1.1 1.12 1.1 1.09 1.13 1.05 1.11 1.08 1.11 1.08 1.14 1.11 1.07 1.08 1.13 1.1 1.11 1.11 1.07 
1.05 1.12 1.14 1.14 1.06 1.11 1.11 1.08 1.08 1.13 1.13 1.14 1.11 1.06 1.13 1.07 1.06 1.14 1.05 1.13 
1.07 1.05 1.13 1.13 1.1 1.05 1.14 1.13 1.11 1.1 1.07 1.12 1.11 1.14 1.05 1.14 1.14 1.1 1.11 1.1 
1.11 1.13 1.06 1.11 1.09 1.06 1.13 1.09 1.09 1.14 1.06 1.1 1.12 1.12 1.05 1.07 1.05 1.12 1.14 1.07 
1.11 1.1 1.1 1.12 1.11 1.12 1.05 1.05 1.1 1.13 1.13 1.09 1.12 1.08 1.07 1.11 1.14 1.09 1.12 1.08 
1.08 1.1 1.07 1.11 1.12 1.1 1.08 1.12 1.1 1.1 1.08 1.12 1.09 1.09 1.14 1.06 1.1 1.07 1.14 1.06 
1.09 1.09 1.13 1.07 1.08 1.12 1.12 1.07 1.08 1.06 1.11 1.1 1.11 1.1 1.1 1.1 1.08 1.11 1.08 1.07 
1.11 1.05 1.14 1.13 1.09 1.11 1.13 1.07 1.09 1.07 1.09 1.08 1.1 1.11 1.05 1.11 1.08 1.05 1.13 1.08 
1.07 1.13 1.09 1.1 1.07 1.07 1.13 1.1 1.14 1.11 1.1 1.14 1.14 1.07 1.07 1.07 1.09 1.14 1.08 1.11 
1.1 1.11 1.13 1.08 1.11 1.05 1.08 1.08 1.14 1.09 1.09 1.05 1.07 1.11 1.08 1.14 1.05 1.05 1.14 1.07 
1.12 1.1 1.12 1.06 1.09 1.07 1.14 1.08 1.08 1.12 1.07 1.12 1.08 1.13 1.12 1.05 1.11 1.13 1.12 1.11 
1.1 1.08 1.05 1.07 1.12 1.07 1.12 1.13 1.12 1.11 1.06 1.12 1.05 1.08 1.08 1.08 1.14 1.09 1.11 1.09 
1.09 1.13 1.12 1.07 1.1 1.13 1.1 1.07 1.11 1.14 1.06 1.08 1.12 1.11 1.09 1.11 1.14 1.14 1.1 1.08 
1.12 1.1 1.07 1.06 1.06 1.09 1.09 1.1 1.14 1.14 1.14 1.12 1.05 1.13 1.06 1.1 1.11 1.09 1.14 1.07 
1.07 1.13 1.08 1.1 1.14 1.14 1.07 1.14 1.09 1.13 1.08 1.13 1.07 1.08 1.09 1.08 1.12 1.05 1.09 1.09 
1.12 1.12 1.13 1.09 1.06 1.08 1.07 1.1 1.09 1.06 1.08 1.14 1.06 1.06 1.12 1.12 1.09 1.07 1.05 1.06 
1.09 1.08 1.12 1.14 1.1 1.06 1.12 1.13 1.07 1.08 1.06 1.11 1.11 1.1 1.1 1.1 1.14 1.1 1.06 1.13 
1.14 1.1 1.1 1.09 1.06 1.1 1.13 1.13 1.06 1.1 1.12 1.14 1.05 1.06 1.11 1.12 1.14 1.06 1.08 1.13 
1.09 1.07 1.09 1.11 1.13 1.06 1.06 1.05 1.11 1.12 1.13 1.09 1.13 1.14 1.14 1.05 1.14 1.09 1.05 1.08 
1.14 1.05 1.14 1.1 1.1 1.13 1.05 1.05 1.09 1.11 1.08 1.11 1.08 1.06 1.05 1.11 1.12 1.09 1.1 1.13 
1.14 1.14 1.12 1.1 1.11 1.06 1.09 1.05 1.13 1.09 1.08 1.11 1.13 1.08 1.11 1.12 1.07 1.09 1.09 1.1 
1.06 1.13 1.05 1.09 1.05 1.05 1.14 1.1 1.09 1.05 1.08 1.11 1.11 1.14 1.1 1.1 1.12 1.11 1.12 1.12 
1.05 1.14 1.05 1.07 1.05 1.11 1.12 1.05 1.1 1.14 1.05 1.14 1.1 1.11 1.1 1.07 1.06 1.06 1.14 1.13 
1.05 1.05 1.08 1.08 1.06 1.14 1.09 1.12 1.13 1.11 1.11 1.13 1.07 1.06 1.13 1.08 1.13 1.05 1.12 1.1 
1.07 1.08 1.09 1.09 1.13 1.12 1.07 1.06 1.09 1.09 1.13 1.1 1.13 1.05 1.12 1.06 1.11 1.14 1.12 1.11 
1.05 1.06 1.1 1.09 1.08 1.09 1.08 1.06 1.1 1.08 1.13 1.07 1.05 1.09 1.12 1.05 1.1 1.13 1.06 1.05 
1.14 1.06 1.05 1.05 1.07 1.14 1.05 1.14 1.07 1.05 1.13 1.14 1.12 1.09 1.11 1.1 1.1 1.07 1.1 1.14 
1.1 1.07 1.05 1.14 1.09 1.07 1.14 1.1 1.1 1.05 1.14 1.12 1.06 1.07 1.13 1.13 1.05 1.08 1.1 1.13 
1.14 1.14 1.08 1.07 1.09 1.09 1.11 1.11 1.09 1.12 1.13 1.11 1.14 1.07 1.05 1.12 1.06 1.13 1.07 1.1 
1.11 1.12 1.13 1.11 1.11 1.05 1.12 1.14 1.11 1.06 1.07 1.06 1.14 1.05 1.06 1.05 1.05 1.08 1.07 1.11 
1.13 1.11 1.07 1.06 1.13 1.1 1.05 1.07 1.06 1.13 1.06 1.06 1.06 1.07 1.05 1.13 1.07 1.06 1.1 1.11 
1.11 1.13 1.14 1.08 1.13 1.05 1.07 1.09 1.12 1.09 1.11 1.11 1.11 1.14 1.09 1.06 1.07 1.12 1.07 1.06 
1.09 1.06 1.07 1.07 1.12 1.14 1.07 1.08 1.06 1.06 1.11 1.05 1.11 1.1 1.11 1.07 1.12 1.06 1.07 1.14 
1.06 1.14 1.11 1.12 1.09 1.12 1.08 1.13 1.09 1.07 1.07 1.06 1.05 1.07 1.08 1.13 1.07 1.1 1.1 1.05 
1.05 1.13 1.1 1.05 1.13 1.14 1.12 1.06 1.12 1.06 1.06 1.11 1.14 1.09 1.05 1.13 1.09 1.12 1.12 1.07 
1.08 1.05 1.08 1.1 1.08 1.14 1.1 1.05 1.09 1.05 1.12 1.12 1.09 1.07 1.05 1.08 1.05 1.07 1.14 1.11 
1.06 1.05 1.09 1.1 1.05 1.08 1.07 1.09 1.06 1.06 1.11 1.11 1.12 1.07 1.11 1.11 1.12 1.05 1.14 1.07 
1.09 1.08 1.08 1.09 1.1 1.08 1.12 1.11 1.05 1.12 1.12 1.13 1.14 1.11 1.11 1.12 1.14 1.13 1.12 1.12 
1.14 1.06 1.13 1.13 1.08 1.11 1.1 1.06 1.09 1.14 1.06 1.09 1.1 1.11 1.11 1.09 1.13 1.1 1.08 1.05 
1.06 1.05 1.14 1.1 1.12 1.08 1.08 1.05 1.06 1.12 1.13 1.11 1.06 1.13 1.11 1.1 1.08 1.11 1.13 1.12 
1.07 1.11 1.14 1.05 1.11 1.09 1.08 1.11 1.09 1.07 1.13 1.11 1.05 1.08 1.06 1.05 1.09 1.08 1.1 1.06 
1.07 1.07 1.12 1.08 1.13 1.14 1.08 1.13 1.09 1.13 1.06 1.05 1.12 1.13 1.13 1.12 1.07 1.12 1.05 1.05 
1.12 1.14 1.08 1.07 1.11 1.13 1.09 1.07 1.06 1.06 1.08 1.07 1.13 1.08 1.07 1.11 1.09 1.05 1.12 1.05 
1.06 1.09 1.08 1.08 1.13 1.12 1.06 1.1 1.12 1.09 1.07 1.07 1.11 1.09 1.09 1.12 1.12 1.06 1.05 1.09 
1.13 1.1 1.14 1.07 1.05 1.06 1.13 1.07 1.05 1.05 1.09 1.05 1.09 1.11 1.05 1.09 1.07 1.08 1.12 1.08 
1.12 1.08 1.14 1.1 1.1 1.09 1.06 1.14 1.14 1.09 1.06 1.06 1.13 1.06 1.14 1.05 1.14 1.11 1.1 1.07 
1.12 1.12 1.11 1.07 1.13 1.05 1.05 1.08 1.11 1.07 1.1 1.14 1.14 1.08 1.08 1.06 1.1 1.09 1.14 1.13 
1.14 1.14 1.05 1.1 1.07 1.14 1.05 1.05 1.14 1.12 1.1 1.14 1.11 1.1 1.07 1.06 1.11 1.11 1.07 1.08 
1.05 1.05 1.1 1.11 1.05 1.09 1.1 1.06 1.06 1.07 1.09 1.11 1.11 1.05 1.08 1.1 1.07 1.08 1.13 1.09 
1.14 1.1 1.06 1.05 1.1 1.09 1.05 1.12 1.11 1.13 1.12 1.14 1.11 1.08 1.08 1.06 1.07 1.07 1.08 1.09 
1.06 1.07 1.11 1.06 1.08 1.08 1.08 1.13 1.08 1.06 1.14 1.1 1.05 1.05 1.1 1.12 1.07 1.13 1.09 1.1 
1.07 1.14 1.06 1.1 1.12 1.14 1.08 1.12 1.07 1.1 1.06 1.12 1.13 1.06 1.09 1.09 1.07 1.1 1.09 1.12 
1.07 1.06 1.07 1.12 1.07 1.09 1.05 1.12 1.05 1.13 1.06 1.08 1.13 1.08 1.09 1.1 1.09 1.13 1.13 1.06 
1.08 1.1 1.05 1.06 1.06 1.09 1.13 1.05 1.1 1.05 1.05 1.09 1.06 1.13 1.09 1.1 1.13 1.07 1.05 1.14 
1.11 1.11 1.08 1.11 1.13 1.06 1.1 1.11 1.09 1.07 1.1 1.07 1.14 1.08 1.05 1.06 1.05 1.06 1.13 1.07 
1.09 1.11 1.13 1.06 1.06 1.12 1.06 1.09 1.14 1.12 1.14 1.12 1.12 1.08 1.14 1.12 1.09 1.11 1.13 1.11 
1.14 1.11 1.13 1.08 1.14 1.08 1.1 1.11 1.06 1.06 1.08 1.05 1.1 1.12 1.05 1.13 1.06 1.07 1.06 1.14 
1.08 1.14 1.05 1.06 1.06 1.14 1.11 1.07 1.13 1.05 1.12 1.07 1.05 1.07 1.1 1.09 1.08 1.07 1.05 1.13 
1.06 1.09 1.12 1.1 1.09 1.08 1.07 1.12 1.1 1.05 1.09 1.12 1.06 1.08 1.12 1.13 1.09 1.14 1.14 1.07 
1.11 1.1 1.05 1.14 1.07 1.05 1.14 1.11 1.13 1.09 1.14 1.07 1.14 1.11 1.14 1.11 1.08 1.07 1.06 1.14 
1.06 1.08 1.13 1.12 1.08 1.08 1.11 1.08 1.07 1.08 1.11 1.1 1.09 1.09 1.05 1.05 1.1 1.07 1.13 1.1 
1.08 1.05 1.08 1.08 1.05 1.14 1.14 1.05 1.13 1.11 1.07 1.07 1.05 1.12 1.07 1.11 1.13 1.12 1.05 1.11 
1.06 1.12 1.08 1.11 1.11 1.06 1.09 1.07 1.12 1.09 1.13 1.08 1.11 1.13 1.11 1.05 1.12 1.06 1.06 1.13 
1.06 1.05 1.08 1.12 1.06 1.09 1.08 1.1 1.14 1.08 1.12 1.06 1.12 1.07 1.11 1.1 1.09 1.08 1.05 1.11 
1.1 1.07 1.12 1.06 1.07 1.07 1.09 1.13 1.13 1.13 1.11 1.08 1.08 1.09 1.05 1.11 1.06 1.1 1.1 1.05 
1.05 1.14 1.14 1.14 1.09 1.06 1.14 1.12 1.09 1.11 1.09 1.1 1.09 1.07 1.05 1.07 1.05 1.08 1.05 1.11 
1.1 1.05 1.11 1.09 1.08 1.13 1.14 1.08 1.14 1.09 1.09 1.09 1.09 1.14 1.1 1.13 1.13 1.13 1.13 1.06 
1.12 1.06 1.07 1.06 1.11 1.1 1.11 1.09 1.09 1.12 1.09 1.08 1.06 1.13 1.09 1.1 1.09 1.11 1.05 1.11 
1.1 1.07 1.07 1.13 1.14 1.11 1.14 1.14 1.14 1.07 1.12 1.11 1.09 1.13 1.08 1.06 1.14 1.06 1.08 1.1 
1.13 1.12 1.13 1.13 1.1 1.09 1.09 1.12 1.05 1.07 1.11 1.1 1.06 1.08 1.13 1.1 1.07 1.05 1.13 1.14 
1.07 1.12 1.14 1.1 1.14 1.06 1.1 1.12 1.14 1.08 1.14 1.13 1.07 1.12 1.06 1.13 1.1 1.06 1.11 1.1 
1.1 1.07 1.13 1.14 1.11 1.05 1.1 1.07 1.11 1.07 1.05 1.12 1.07 1.14 1.1 1.11 1.1 1.05 1.11 1.09 
1.13 1.06 1.05 1.1 1.11 1.05 1.13 1.08 1.09 1.13 1.12 1.07 1.11 1.05 1.09 1.12 1.14 1.08 1.06 1.05 
1.13 1.14 1.14 1.11 1.11 1.07 1.12 1.13 1.1 1.11 1.06 1.09 1.06 1.13 1.14 1.08 1.09 1.05 1.14 1.09 
1.1 1.12 1.14 1.12 1.05 1.05 1.09 1.09 1.05 1.09 1.07 1.05 1.07 1.14 1.11 1.11 1.13 1.11 1.1 1.14 
1.06 1.06 1.08 1.14 1.12 1.08 1.08 1.14 1.09 1.14 1.05 1.13 1.13 1.05 1.13 1.14 1.09 1.14 1.09 1.13 
1.11 1.12 1.09 1.09 1.05 1.07 1.12 1.11 1.07 1.14 1.07 1.11 1.05 1.13 1.05 1.11 1.11 1.07 1.05 1.13 
1.07 1.06 1.06 1.05 1.09 1.13 1.1 1.06 1.13 1.14 1.08 1.07 1.09 1.07 1.09 1.08 1.05 1.07 1.06 1.09 
1.1 1.06 1.13 1.12 1.13 1.09 1.07 1.06 1.07 1.11 1.07 1.06 1.09 1.07 1.11 1.06 1.11 1.13 1.13 1.14 
1.11 1.1 1.09 1.06 1.09 1.07 1.06 1.12 1.05 1.06 1.09 1.14 1.11 1.11 1.14 1.1 1.11 1.06 1.11 1.08 
1.12 1.12 1.14 1.08 1.09 1.14 1.13 1.09 1.05 1.05 1.06 1.05 1.07 1.07 1.1 1.13 1.13 1.12 1.07 1.12 
1.09 1.13 1.13 1.1 1.14 1.06 1.07 1.1 1.12 1.1 1.09 1.05 1.09 1.14 1.13 1.08 1.13 1.05 1.05 1.05 
1.1 1.08 1.14 1.05 1.09 1.07 1.09 1.09 1.12 1.06 1.1 1.06 1.08 1.12 1.13 1.06 1.14 1.11 1.14 1.07 
1.12 1.13 1.11 1.06 1.06 1.08 1.1 1.08 1.05 1.13 1.05 1.06 1.09 1.12 1.13 1.1 1.13 1.06 1.1 1.06 
1.11 1.06 1.11 1.12 1.07 1.13 1.13 1.05 1.1 1.05 1.09 1.1 1.14 1.13 1.07 1.11 1.13 1.06 1.11 1.07 
1.14 1.14 1.13 1.07 1.06 1.13 1.1 1.13 1.09 1.09 1.13 1.05 1.13 1.08 1.12 1.06 1.13 1.11 1.09 1.09 
1.13 1.09 1.11 1.13 1.11 1.08 1.1 1.12 1.13 1.12 1.11 1.13 1.13 1.09 1.05 1.11 1.09 1.11 1.09 1.11 
1.05 1.09 1.07 1.12 1.13 1.12 1.09 1.13 1.06 1.06 1.1 1.05 1.05 1.12 1.14 1.05 1.09 1.06 1.07 1.05 
1.13 1.08 1.08 1.08 1.05 1.06 1.06 1.11 1.09 1.08 1.08 1.13 1.11 1.06 1.13 1.1 1.07 1.06 1.13 1.11 
1.08 1.08 1.09 1.09 1.06 1.05 1.09 1.09 1.05 1.12 1.14 1.1 1.11 1.12 1.05 1.13 1.14 1.07 1.13 1.08 
1.09 1.06 1.14 1.12 1.1 1.07 1.07 1.05 1.07 1.05 1.12 1.08 1.1 1.09 1.07 1.08 1.05 1.14 1.14 1.08 
1.13 1.12 1.11 1.14 1.09 1.09 1.08 1.07 1.06 1.06 1.1 1.13 1.14 1.09 1.07 1.08 1.07 1.08 1.07 1.1 
1.14 1.09 1.1 1.14 1.13 1.08 1.12 1.08 1.05 1.1 1.13 1.05 1.06 1.08 1.1 1.13 1.12 1.13 1.05 1.06 
1.08 1.08 1.13 1.13 1.14 1.14 1.08 1.11 1.11 1.07 1.06 1.06 1.05 1.06 1.13 1.06 1.06 1.13 1.06 1.1 
1.09 1.12 1.11 1.13 1.11 1.1 1.12 1.1 1.06 1.07 1.09 1.1 1.09 1.07 1.1 1.1 1.09 1.05 1.11 1.13 
1.12 1.1 1.08 1.14 1.11 1.11 1.12 1.07 1.07 1.12 1.13 1.13 1.05 1.1 1.14 1.09 1.08 1.1 1.13 1.09 
1.13 1.11 1.06 1.06 1.05 1.1 1.06 1.09 1.07 1.05 1.12 1.07 1.06 1.11 1.05 1.07 1.08 1.1 1.08 1.06 
1.08 1.1 1.13 1.1 1.08 1.11 1.06 1.08 1.12 1.12 1.05 1.07 1.13 1.06 1.05 1.06 1.09 1.12 1.09 1.1 
1.12 1.05 1.1 1.11 1.08 1.1 1.1 1.11 1.14 1.07 1.13 1.14 1.05 1.13 1.05 1.12 1.06 1.05 1.14 1.05 
1.05 1.12 1.09 1.14 1.05 1.06 1.06 1.09 1.14 1.07 1.13 1.14 1.08 1.11 1.11 1.13 1.09 1.13 1.07 1.07 
1.07 1.1 1.09 1.07 1.14 1.13 1.07 1.1 1.1 1.08 1.05 1.12 1.1 1.07 1.12 1.12 1.14 1.09 1.09 1.06 
1.06 1.05 1.11 1.13 1.13 1.13 1.09 1.07 1.08 1.13 1.11 1.13 1.05 1.13 1.06 1.05 1.09 1.08 1.09 1.13 
1.09 1.14 1.1 1.12 1.14 1.13 1.06 1.1 1.14 1.05 1.09 1.08 1.14 1.12 1.06 1.12 1.05 1.14 1.09 1.06 
1.05 1.1 1.14 1.11 1.1 1.1 1.07 1.11 1.1 1.12 1.13 1.11 1.13 1.08 1.07 1.14 1.14 1.05 1.05 1.08 
1.09 1.13 1.1 1.1 1.13 1.1 1.1 1.12 1.14 1.09 1.05 1.06 1.12 1.09 1.12 1.1 1.09 1.07 1.14 1.05 
1.13 1.1 1.12 1.09 1.07 1.08 1.1 1.09 1.14 1.12 1.06 1.05 1.05 1.13 1.08 1.13 1.05 1.12 1.07 1.09 
1.1 1.1 1.13 1.06 1.09 1.13 1.1 1.09 1.11 1.11 1.09 1.06 1.1 1.11 1.14 1.06 1.11 1.13 1.07 1.08 
1.08 1.08 1.13 1.09 1.11 1.1 1.08 1.1 1.11 1.07 1.1 1.08 1.07 1.14 1.06 1.1 1.08 1.1 1.1 1.14 
1.07 1.12 1.07 1.11 1.12 1.11 1.09 1.13 1.06 1.12 1.12 1.08 1.14 1.07 1.1 1.05 1.13 1.09 1.05 1.11 
1.08 1.09 1.07 1.05 1.13 1.11 1.13 1.05 1.05 1.08 1.12 1.11 1.07 1.1 1.09 1.11 1.1 1.05 1.12 1.13 
1.13 1.09 1.06 1.06 1.1 1.05 1.05 1.11 1.11 1.06 1.08 1.07 1.14 1.07 1.06 1.07 1.07 1.09 1.08 1.14 
1.06 1.08 1.09 1.05 1.14 1.07 1.11 1.11 1.07 1.11 1.06 1.09 1.08 1.07 1.07 1.1 1.12 1.12 1.11 1.09 
1.08 1.07 1.08 1.05 1.1 1.13 1.09 1.12 1.12 1.08 1.09 1.12 1.11 1.09 1.08 1.12 1.12 1.05 1.13 1.08 
1.09 1.11 1.11 1.14 1.12 1.13 1.05 1.13 1.05 1.09 1.07 1.05 1.13 1.14 1.06 1.14 1.1 1.07 1.13 1.07 
1.12 1.06 1.1 1.1 1.08 1.07 1.05 1.13 1.07 1.12 1.14 1.13 1.13 1.13 1.05 1.14 1.08 1.12 1.1 1.12 
1.08 1.12 1.07 1.11 1.08 1.09 1.09 1.07 1.12 1.11 1.12 1.11 1.1 1.09 1.11 1.11 1.12 1.11 1.08 1.1 
1.05 1.14 1.06 1.06 1.09 1.05 1.11 1.12 1.06 1.13 1.07 1.08 1.12 1.07 1.09 1.1 1.14 1.11 1.1 1.07 
1.06 1.05 1.14 1.05 1.11 1.09 1.06 1.06 1.06 1.13 1.11 1.09 1.11 1.11 1.05 1.14 1.11 1.09 1.09 1.06 
1.09 1.06 1.11 1.08 1.13 1.08 1.11 1.11 1.07 1.05 1.12 1.11 1.05 1.08 1.09 1.08 1.11 1.07 1.05 1.05 
1.11 1.07 1.06 1.05 1.07 1.1 1.05 1.12 1.09 1.09 1.09 1.08 1.12 1.14 1.11 1.09 1.06 1.13 1.1 1.06 
1.12 1.11 1.07 1.1 1.11 1.1 1.13 1.1 1.09 1.11 1.05 1.13 1.05 1.13 1.14 1.13 1.05 1.13 1.11 1.11 
1.08 1.1 1.05 1.13 1.13 1.09 1.06 1.14 1.11 1.14 1.12 1.12 1.1 1.1 1.09 1.13 1.06 1.06 1.05 1.08 
1.11 1.08 1.07 1.13 1.06 1.11 1.1 1.07 1.06 1.13 1.1 1.1 1.12 1.06 1.14 1.12 1.14 1.13 1.07 1.12 
1.12 1.05 1.07 1.11 1.13 1.06 1.1 1.14 1.11 1.11 1.14 1.06 1.14 1.05 1.14 1.08 1.05 1.07 1.06 1.07 
1.05 1.07 1.08 1.08 1.05 1.05 1.05 1.05 1.06 1.08 1.07 1.06 1.07 1.12 1.14 1.07 1.08 1.05 1.05 1.12 
1.07 1.07 1.05 1.06 1.09 1.06 1.08 1.07 1.11 1.1 1.06 1.08 1.06 1.09 1.11 1.06 1.06 1.05 1.14 1.06 
1.1 1.06 1.07 1.08 1.09 1.13 1.1 1.06 1.12 1.13 1.1 1.1 1.12 1.08 1.12 1.07 1.14 1.13 1.09 1.13 
1.14 1.08 1.06 1.1 1.14 1.07 1.07 1.08 1.14 1.1 1.09 1.1 1.11 1.09 1.08 1.09 1.14 1.07 1.05 1.06 
1.09 1.12 1.05 1.05 1.07 1.14 1.07 1.06 1.12 1.13 1.06 1.11 1.09 1.14 1.05 1.14 1.06 1.12 1.09 1.13 
1.05 1.12 1.06 1.11 1.14 1.09 1.1 1.14 1.14 1.1 1.07 1.1 1.1 1.06 1.09 1.08 1.11 1.05 1.11 1.12 
1.06 1.07 1.06 1.12 1.09 1.13 1.12 1.05 1.12 1.11 1.11 1.13 1.11 1.13 1.06 1.1 1.11 1.08 1.11 1.08 
1.06 1.09 1.07 1.1 1.06 1.14 1.11 1.12 1.14 1.06 1.08 1.14 1.12 1.13 1.14 1.11 1.09 1.11 1.1 1.06 
1.07 1.12 1.13 1.08 1.07 1.08 1.08 1.08 1.14 1.09 1.08 1.06 1.09 1.05 1.05 1.13 1.11 1.1 1.05 1.08 
1.09 1.06 1.14 1.08 1.1 1.12 1.06 1.08 1.07 1.1 1.06 1.08 1.05 1.14 1.1 1.05 1.09 1.06 1.09 1.1 
1.1 1.1 1.11 1.09 1.09 1.12 1.13 1.14 1.14 1.07 1.09 1.12 1.11 1.05 1.12 1.14 1.09 1.1 1.14 1.14 
1.05 1.12 1.13 1.07 1.09 1.05 1.06 1.13 1.05 1.05 1.08 1.09 1.06 1.05 1.14 1.12 1.07 1.08 1.07 1.09 
1.13 1.08 1.12 1.05 1.08 1.06 1.06 1.14 1.08 1.07 1.1 1.08 1.06 1.07 1.1 1.08 1.06 1.11 1.12 1.08 
1.13 1.14 1.08 1.1 1.14 1.14 1.1 1.07 1.14 1.12 1.12 1.08 1.13 1.13 1.12 1.12 1.12 1.11 1.11 1.13 
1.14 1.13 1.06 1.11 1.11 1.14 1.06 1.11 1.12 1.12 1.13 1.14 1.1 1.07 1.06 1.06 1.07 1.07 1.05 1.11 
1.08 1.12 1.07 1.07 1.11 1.08 1.13 1.06 1.08 1.06 1.13 1.11 1.14 1.08 1.1 1.14 1.05 1.06 1.06 1.05 
1.06 1.08 1.06 1.1 1.11 1.14 1.11 1.06 1.14 1.08 1.1 1.06 1.07 1.09 1.14 1.14 1.05 1.08 1.1 1.1 
1.11 1.07 1.06 1.06 1.14 1.14 1.1 1.11 1.14 1.09 1.1 1.1 1.08 1.09 1.11 1.06 1.12 1.13 1.06 1.08 
1.11 1.09 1.05 1.12 1.14 1.05 1.05 1.08 1.14 1.08 1.07 1.05 1.06 1.12 1.05 1.08 1.1 1.07 1.1 1.13 
1.11 1.1 1.12 1.09 1.11 1.12 1.14 1.07 1.12 1.07 1.11 1.13 1.13 1.13 1.06 1.14 1.1 1.07 1.14 1.14 
1.06 1.14 1.14 1.06 1.07 1.12 1.08 1.05 1.09 1.12 1.12 1.06 1.09 1.13 1.11 1.09 1.08 1.09 1.13 1.13 
1.12 1.08 1.08 1.07 1.07 1.09 1.1 1.09 1.08 1.07 1.1 1.08 1.08 1.11 1.14 1.1 1.08 1.05 1.1 1.12 
1.06 1.05 1.1 1.05 1.12 1.1 1.13 1.05 1.12 1.07 1.1 1.1 1.06 1.13 1.06 1.06 1.07 1.07 1.11 1.05 
1.13 1.07 1.09 1.11 1.07 1.13 1.13 1.08 1.11 1.08 1.09 1.09 1.13 1.05 1.06 1.12 1.08 1.11 1.08 1.1 
1.11 1.05 1.05 1.1 1.11 1.05 1.11 1.06 1.07 1.12 1.14 1.14 1.09 1.11 1.11 1.09 1.09 1.06 1.1 1.12 
1.13 1.12 1.11 1.07 1.09 1.05 1.06 1.06 1.14 1.07 1.11 1.08 1.11 1.11 1.08 1.11 1.07 1.12 1.11 1.13 
1.1 1.1 1.09 1.13 1.1 1.14 1.13 1.14 1.09 1.12 1.13 1.05 1.1 1.05 1.11 1.09 1.13 1.07 1.07 1.14 
1.11 1.14 1.14 1.08 1.1 1.07 1.11 1.14 1.09 1.13 1.11 1.14 1.11 1.09 1.08 1.12 1.11 1.06 1.14 1.08 
1.14 1.09 1.12 1.06 1.06 1.13 1.11 1.06 1.07 1.11 1.12 1.09 1.07 1.05 1.14 1.12 1.14 1.05 1.08 1.1 
1.1 1.13 1.11 1.13 1.13 1.07 1.12 1.06 1.05 1.1 1.12 1.09 1.09 1.05 1.14 1.14 1.06 1.06 1.07 1.13 
1.08 1.06 1.09 1.06 1.11 1.08 1.11 1.12 1.11 1.13 1.08 1.14 1.1 1.09 1.06 1.14 1.14 1.11 1.13 1.12 
1.12 1.13 1.11 1.08 1.12 1.12 1.13 1.08 1.14 1.06 1.14 1.11 1.05 1.07 1.08 1.11 1.08 1.14 1.13 1.05 
1.13 1.12 1.14 1.14 1.08 1.06 1.1 1.09 1.11 1.13 1.13 1.05 1.05 1.11 1.05 1.05 1.05 1.11 1.07 1.05 
1.05 1.11 1.06 1.05 1.1 1.12 1.06 1.13 1.13 1.09 1.13 1.1 1.1 1.14 1.09 1.11 1.11 1.12 1.05 1.07 
1.13 1.06 1.08 1.12 1.07 1.1 1.07 1.05 1.07 1.14 1.05 1.12 1.06 1.09 1.07 1.14 1.06 1.12 1.09 1.12 
1.14 1.05 1.09 1.13 1.12 1.12 1.09 1.1 1.11 1.12 1.06 1.13 1.08 1.13 1.05 1.12 1.08 1.14 1.06 1.05 
1.09 1.08 1.09 1.07 1.09 1.13 1.1 1.1 1.1 1.07 1.05 1.12 1.13 1.08 1.11 1.12 1.12 1.12 1.12 1.14 
1.14 1.14 1.07 1.12 1.11 1.1 1.05 1.1 1.05 1.13 1.05 1.11 1.07 1.08 1.09 1.09 1.09 1.11 1.11 1.1 
1.1 1.11 1.14 1.1 1.05 1.12 1.08 1.1 1.09 1.05 1.13 1.06 1.07 1.12 1.12 1.07 1.08 1.07 1.14 1.06 
1.05 1.09 1.11 1.09 1.12 1.1 1.06 1.05 1.07 1.11 1.13 1.14 1.12 1.08 1.09 1.07 1.05 1.12 1.07 1.13 
1.13 1.13 1.1 1.14 1.09 1.12 1.06 1.14 1.1 1.14 1.12 1.13 1.1 1.06 1.09 1.11 1.09 1.06 1.14 1.08 
1.1 1.11 1.14 1.08 1.11 1.06 1.09 1.06 1.06 1.06 1.05 1.12 1.05 1.12 1.13 1.09 1.07 1.1 1.05 1.11 
1.14 1.11 1.11 1.05 1.13 1.13 1.06 1.11 1.08 1.08 1.12 1.11 1.12 1.07 1.14 1.09 1.14 1.09 1.1 1.08 
1.06 1.13 1.13 1.11 1.1 1.11 1.05 1.09 1.12 1.12 1.13 1.11 1.1 1.06 1.14 1.07 1.11 1.14 1.09 1.1 
1.12 1.06 1.05 1.11 1.13 1.07 1.14 1.12 1.12 1.09 1.12 1.09 1.06 1.05 1.14 1.14 1.06 1.14 1.07 1.05 
1.14 1.12 1.09 1.12 1.1 1.09 1.08 1.05 1.12 1.13 1.07 1.11 1.1 1.05 1.14 1.11 1.08 1.09 1.08 1.05 
1.09 1.09 1.07 1.07 1.1 1.07 1.05 1.08 1.14 1.14 1.09 1.09 1.07 1.1 1.05 1.07 1.09 1.11 1.09 1.05 
1.12 1.06 1.14 1.14 1.06 1.11 1.11 1.11 1.1 1.1 1.12 1.14 1.13 1.05 1.08 1.06 1.13 1.07 1.09 1.14 
1.1 1.14 1.09 1.12 1.12 1.05 1.1 1.11 1.11 1.06 1.09 1.11 1.12 1.09 1.12 1.14 1.14 1.12 1.08 1.06 
1.1 1.14 1.11 1.12 1.12 1.06 1.09 1.09 1.14 1.08 1.09 1.1 1.07 1.12 1.13 1.07 1.08 1.07 1.12 1.11 
1.06 1.08 1.1 1.1 1.11 1.12 1.05 1.13 1.05 1.06 1.05 1.14 1.14 1.14 1.06 1.11 1.1 1.05 1.06 1.14 
1.05 1.1 1.09 1.14 1.06 1.07 1.05 1.08 1.07 1.11 1.05 1.14 1.08 1.05 1.11 1.06 1.1 1.07 1.14 1.09 
1.06 1.13 1.07 1.12 1.12 1.09 1.12 1.08 1.09 1.1 1.06 1.11 1.11 1.08 1.13 1.13 1.09 1.14 1.12 1.07 
1.06 1.08 1.08 1.08 1.06 1.11 1.14 1.14 1.14 1.05 1.14 1.06 1.12 1.05 1.05 1.14 1.06 1.11 1.06 1.08 
1.11 1.11 1.1 1.1 1.06 1.08 1.05 1.13 1.11 1.1 1.13 1.09 1.08 1.06 1.07 1.1 1.14 1.08 1.11 1.09 
1.07 1.06 1.11 1.1 1.08 1.06 1.1 1.07 1.08 1.06 1.05 1.06 1.14 1.07 1.1 1.08 1.07 1.05 1.14 1.09 
1.09 1.14 1.12 1.14 1.13 1.11 1.13 1.12 1.13 1.08 1.05 1.09 1.09 1.11 1.07 1.06 1.06 1.1 1.08 1.12 
1.1 1.09 1.12 1.13 1.12 1.07 1.1 1.05 1.11 1.09 1.13 1.06 1.05 1.08 1.07 1.13 1.1 1.14 1.12 1.11 
1.08 1.11 1.07 1.12 1.11 1.05 1.08 1.06 1.14 1.07 1.1 1.05 1.05 1.07 1.08 1.14 1.05 1.09 1.05 1.08 
1.06 1.07 1.09 1.13 1.1 1.05 1.07 1.13 1.08 1.13 1.14 1.13 1.06 1.14 1.11 1.09 1.1 1.14 1.07 1.05 
1.11 1.12 1.08 1.11 1.14 1.06 1.1 1.06 1.05 1.06 1.11 1.13 1.11 1.08 1.13 1.07 1.13 1.09 1.1 1.07 
1.07 1.11 1.08 1.11 1.09 1.11 1.09 1.13 1.1 1.1 1.11 1.14 1.12 1.07 1.14 1.06 1.08 1.13 1.1 1.13 
1.1 1.12 1.14 1.05 1.07 1.07 1.08 1.07 1.12 1.14 1.14 1.08 1.14 1.12 1.12 1.14 1.07 1.08 1.05 1.08 
1.06 1.05 1.07 1.11 1.07 1.09 1.13 1.09 1.05 1.12 1.12 1.12 1.13 1.09 1.12 1.11 1.08 1.05 1.11 1.12 
1.07 1.06 1.06 1.07 1.13 1.13 1.08 1.13 1.12 1.05 1.05 1.06 1.14 1.09 1.06 1.1 1.11 1.07 1.13 1.06 
1.08 1.13 1.14 1.14 1.11 1.05 1.06 1.1 1.13 1.12 1.05 1.14 1.13 1.09 1.08 1.05 1.07 1.06 1.11 1.13 
1.08 1.14 1.07 1.14 1.09 1.11 1.11 1.07 1.07 1.12 1.12 1.08 1.11 1.14 1.07 1.12 1.14 1.08 1.09 1.07 
1.07 1.13 1.09 1.1 1.11 1.07 1.06 1.11 1.09 1.11 1.06 1.14 1.11 1.13 1.11 1.08 1.14 1.05 1.13 1.1 
1.07 1.09 1.12 1.1 1.13 1.09 1.08 1.05 1.08 1.06 1.13 1.05 1.08 1.12 1.09 1.07 1.08 1.06 1.11 1.07 
1.05 1.1 1.12 1.07 1.11 1.08 1.09 1.09 1.11 1.07 1.11 1.06 1.14 1.1 1.06 1.07 1.09 1.12 1.13 1.06 
1.07 1.11 1.08 1.13 1.09 1.13 1.13 1.12 1.06 1.06 1.13 1.06 1.1 1.13 1.09 1.13 1.1 1.14 1.07 1.1 
1.05 1.07 1.1 1.12 1.07 1.1 1.05 1.06 1.05 1.13 1.08 1.14 1.1 1.08 1.1 1.09 1.08 1.06 1.14 1.1 
1.13 1.05 1.11 1.11 1.12 1.13 1.09 1.11 1.14 1.07 1.09 1.14 1.07 1.09 1.12 1.14 1.06 1.11 1.05 1.09 
1.06 1.05 1.09 1.1 1.09 1.13 1.06 1.06 1.08 1.07 1.08 1.06 1.09 1.1 1.09 1.13 1.1 1.06 1.14 1.08 
1.1 1.06 1.12 1.12 1.1 1.11 1.11 1.13 1.13 1.14 1.06 1.13 1.1 1.08 1.11 1.07 1.08 1.1 1.08 1.09 
1.12 1.1 1.13 1.13 1.11 1.07 1.13 1.09 1.13 1.13 1.06 1.11 1.11 1.09 1.09 1.14 1.12 1.11 1.09 1.13 
1.09 1.05 1.14 1.14 1.08 1.07 1.06 1.07 1.06 1.13 1.12 1.07 1.14 1.07 1.06 1.07 1.07 1.06 1.08 1.12 
1.12 1.07 1.14 1.09 1.1 1.11 1.12 1.07 1.05 1.09 1.07 1.1 1.09 1.07 1.1 1.09 1.13 1.11 1.14 1.09 
