20
300
80 57 34 47 37 8 64 63 9 63 81 80 9 82 68 40 43 50 100 48 82 27 32 44 38 90 93 49 25 56 19 43 18 27 79 55 13 95 48 34 16 36 42 58 60 78 43 41 74 48 20 80 16 65 3 38 59 40 29 45 87 68 19 68 45 7 72 14 31 82 69 97 49 49 47 50 67 79 25 85 22 5 91 44 24 64 6 64 62 59 6 67 80 81 76 48 32 35 63 60 6 78 89 53 32 28 57 80 88 63 13 35 14 90 1 39 36 90 66 80 43 88 99 82 64 17 31 82 99 78 41 86 83 41 57 77 65 92 32 23 49 85 54 67 59 1 5 86 46 60 89 43 43 61 22 47 24 39 13 83 11 68 98 44 100 45 45 50 61 61 32 84 97 20 89 59 43 39 65 32 73 39 39 59 45 83 53 46 7 95 68 31 42 73 94 73 59 12 9 64 79 23 93 54 13 58 74 96 96 69 75 14 66 74 70 36 13 59 45 14 25 16 28 85 15 21 61 74 87 16 56 78 20 30 83 54 36 2 85 9 30 21 68 92 32 28 12 25 56 19 18 48 46 16 83 41 91 12 66 2 45 76 52 32 63 98 73 56 66 8 53 64 63 61 80 85 43 47 59 15 25 1 64 35 71 22 71 41 16 42 46 38 80 96 11 3 68 79 40 91 
1 1 2 1 1 2 3 2 1 3 1 2 1 3 2 3 2 1 3 2 
1.13 1.07 1.05 1.09 1.12 1.11 1.14 1.09 1.07 1.07 1.1 1.07 1.14 1.14 1.11 1.13 1.1 1.13 1.08 1.12 
1.14 1.11 1.06 1.1 1.12 1.09 1.08 1.1 1.11 1.07 1.06 1.11 1.12 1.05 1.07 1.08 1.12 1.05 1.12 1.07 
1.07 1.12 1.13 1.09 1.14 1.13 1.09 1.14 1.1 1.08 1.1 1.08 1.07 1.08 1.1 1.06 1.12 1.1 1.14 1.14 
1.06 1.11 1.1 1.08 1.06 1.1 1.08 1.09 1.12 1.07 1.07 1.08 1.07 1.06 1.14 1.07 1.08 1.07 1.11 1.09 
1.05 1.08 1.09 1.13 1.07 1.05 1.06 1.06 1.1 1.06 1.05 1.13 1.06 1.05 1.11 1.09 1.08 1.09 1.13 1.09 
1.13 1.05 1.05 1.07 1.08 1.14 1.13 1.06 1.14 1.09 1.09 1.13 1.08 1.07 1.09 1.12 1.09 1.12 1.11 1.11 
1.13 1.05 1.09 1.12 1.07 1.11 1.13 1.09 1.09 1.1 1.14 1.09 1.08 1.09 1.13 1.05 1.06 1.14 1.12 1.09 
1.06 1.07 1.12 1.07 1.06 1.11 1.08 1.12 1.08 1.13 1.06 1.14 1.13 1.07 1.14 1.11 1.06 1.06 1.06 1.1 
1.11 1.13 1.13 1.1 1.07 1.14 1.11 1.1 1.11 1.06 1.1 1.05 1.08 1.08 1.07 1.12 1.08 1.14 1.11 1.14 
1.05 1.06 1.09 1.08 1.09 1.1 1.11 1.11 1.08 1.12 1.11 1.05 1.08 1.12 1.05 1.05 1.05 1.1 1.07 1.09 
1.07 1.12 1.11 1.05 1.07 1.12 1.12 1.1 1.14 1.14 1.06 1.14 1.07 1.05 1.08 1.06 1.08 1.08 1.05 1.05 
1.09 1.09 1.12 1.09 1.09 1.09 1.05 1.05 1.06 1.08 1.11 1.06 1.06 1.12 1.05 1.11 1.05 1.07 1.05 1.08 
1.08 1.13 1.07 1.11 1.06 1.13 1.1 1.05 1.08 1.05 1.08 1.08 1.1 1.05 1.11 1.05 1.05 1.1 1.07 1.05 
1.07 1.09 1.08 1.07 1.08 1.05 1.13 1.14 1.14 1.1 1.14 1.14 1.09 1.07 1.05 1.08 1.14 1.06 1.08 1.1 
1.08 1.13 1.1 1.13 1.12 1.14 1.13 1.06 1.11 1.11 1.07 1.06 1.05 1.07 1.14 1.05 1.1 1.1 1.1 1.05 
1.1 1.1 1.14 1.07 1.14 1.14 1.13 1.06 1.12 1.08 1.11 1.13 1.12 1.11 1.11 1.11 1.09 1.13 1.12 1.05 
1.09 1.11 1.06 1.05 1.1 1.05 1.13 1.07 1.11 1.11 1.07 1.13 1.14 1.05 1.09 1.05 1.12 1.14 1.13 1.12 
1.05 1.11 1.07 1.05 1.13 1.07 1.1 1.07 1.12 1.1 1.08 1.05 1.12 1.08 1.14 1.1 1.07 1.14 1.08 1.09 
1.12 1.13 1.07 1.08 1.06 1.12 1.13 1.11 1.11 1.06 1.09 1.07 1.09 1.13 1.08 1.1 1.1 1.1 1.09 1.11 
1.07 1.14 1.06 1.12 1.13 1.08 1.13 1.12 1.11 1.09 1.08 1.07 1.13 1.12 1.05 1.06 1.1 1.11 1.07 1.12 
1.05 1.14 1.14 1.06 1.07 1.14 1.14 1.1 1.09 1.13 1.08 1.1 1.13 1.11 1.14 1.09 1.12 1.07 1.13 1.1 
1.12 1.07 1.07 1.08 1.09 1.12 1.12 1.05 1.06 1.08 1.12 1.12 1.12 1.1 1.12 1.07 1.09 1.1 1.05 1.1 
1.09 1.08 1.08 1.05 1.13 1.12 1.13 1.11 1.09 1.07 1.07 1.13 1.11 1.06 1.13 1.06 1.12 1.13 1.13 1.09 
1.13 1.07 1.08 1.1 1.08 1.12 1.05 1.05 1.14 1.14 1.05 1.05 1.13 1.09 1.11 1.11 1.07 1.11 1.11 1.07 
1.07 1.08 1.14 1.08 1.07 1.05 1.07 1.14 1.08 1.05 1.13 1.05 1.14 1.12 1.13 1.1 1.09 1.12 1.11 1.12 
1.07 1.12 1.12 1.08 1.11 1.1 1.1 1.09 1.08 1.08 1.12 1.14 1.07 1.14 1.08 1.13 1.1 1.1 1.13 1.1 
1.11 1.12 1.06 1.05 1.05 1.09 1.08 1.13 1.06 1.05 1.11 1.06 1.14 1.14 1.1 1.08 1.14 1.13 1.14 1.1 
1.09 1.06 1.09 1.07 1.14 1.05 1.11 1.11 1.09 1.13 1.11 1.14 1.12 1.06 1.06 1.14 1.05 1.1 1.05 1.11 
1.08 1.14 1.12 1.08 1.08 1.13 1.11 1.11 1.05 1.07 1.12 1.05 1.1 1.09 1.14 1.11 1.08 1.13 1.05 1.1 
1.1 1.05 1.14 1.09 1.05 1.12 1.11 1.11 1.05 1.07 1.06 1.11 1.06 1.07 1.09 1.09 1.06 1.07 1.08 1.12 
1.14 1.08 1.1 1.11 1.07 1.06 1.07 1.08 1.13 1.11 1.11 1.11 1.14 1.07 1.06 1.12 1.12 1.06 1.12 1.09 
1.09 1.06 1.11 1.1 1.12 1.11 1.07 1.11 1.05 1.06 1.12 1.06 1.08 1.12 1.13 1.09 1.08 1.11 1.09 1.11 
1.11 1.09 1.06 1.1 1.08 1.06 1.07 1.13 1.12 1.05 1.08 1.07 1.06 1.12 1.09 1.07 1.11 1.08 1.13 1.12 
1.13 1.14 1.06 1.14 1.14 1.13 1.06 1.05 1.07 1.09 1.13 1.14 1.09 1.09 1.12 1.14 1.06 1.05 1.12 1.08 
1.12 1.12 1.05 1.06 1.12 1.05 1.07 1.09 1.05 1.06 1.12 1.13 1.12 1.14 1.06 1.09 1.12 1.05 1.13 1.12 
1.12 1.14 1.11 1.14 1.07 1.09 1.13 1.1 1.07 1.08 1.07 1.06 1.06 1.14 1.09 1.13 1.14 1.11 1.05 1.09 
1.11 1.11 1.09 1.12 1.13 1.08 1.14 1.12 1.06 1.14 1.14 1.09 1.07 1.12 1.07 1.05 1.09 1.07 1.13 1.13 
1.05 1.11 1.11 1.11 1.05 1.08 1.14 1.07 1.05 1.14 1.07 1.12 1.08 1.05 1.05 1.14 1.13 1.1 1.13 1.06 
1.05 1.12 1.08 1.09 1.14 1.07 1.11 1.12 1.11 1.05 1.06 1.06 1.05 1.13 1.12 1.1 1.14 1.06 1.13 1.11 
1.07 1.12 1.05 1.14 1.1 1.14 1.14 1.08 1.12 1.13 1.09 1.08 1.12 1.05 1.09 1.07 1.11 1.07 1.11 1.06 
1.12 1.13 1.05 1.13 1.14 1.06 1.12 1.14 1.05 1.13 1.08 1.05 1.05 1.14 1.12 1.14 1.08 1.09 1.14 1.07 
1.11 1.05 1.08 1.07 1.05 1.07 1.11 1.13 1.12 1.13 1.12 1.13 1.12 1.08 1.09 1.05 1.06 1.08 1.06 1.08 
1.09 1.08 1.09 1.08 1.1 1.09 1.11 1.05 1.14 1.06 1.12 1.06 1.05 1.06 1.11 1.11 1.07 1.13 1.07 1.09 
1.13 1.09 1.07 1.08 1.05 1.08 1.12 1.06 1.1 1.05 1.12 1.05 1.14 1.09 1.13 1.09 1.12 1.13 1.08 1.08 
1.07 1.14 1.1 1.06 1.14 1.14 1.05 1.07 1.05 1.13 1.08 1.08 1.14 1.12 1.14 1.09 1.11 1.07 1.1 1.14 
1.05 1.13 1.14 1.05 1.09 1.09 1.09 1.05 1.05 1.05 1.05 1.14 1.1 1.1 1.1 1.14 1.13 1.13 1.08 1.1 
1.08 1.06 1.14 1.06 1.12 1.08 1.11 1.07 1.05 1.05 1.06 1.08 1.09 1.14 1.05 1.07 1.05 1.06 1.07 1.13 
1.12 1.13 1.1 1.08 1.09 1.12 1.07 1.08 1.11 1.12 1.14 1.13 1.12 1.13 1.07 1.14 1.12 1.06 1.1 1.06 
1.14 1.1 1.1 1.09 1.07 1.08 1.05 1.13 1.06 1.08 1.13 1.11 1.06 1.13 1.05 1.11 1.05 1.12 1.05 1.11 
1.08 1.08 1.09 1.13 1.09 1.09 1.09 1.11 1.13 1.14 1.1 1.09 1.1 1.06 1.06 1.13 1.12 1.1 1.08 1.1 
1.13 1.07 1.08 1.1 1.06 1.13 1.05 1.07 1.09 1.11 1.05 1.09 1.09 1.07 1.09 1.11 1.12 1.05 1.12 1.1 
1.05 1.06 1.1 1.09 1.06 1.11 1.05 1.14 1.1 1.1 1.11 1.06 1.12 1.11 1.1 1.06 1.13 1.13 1.07 1.05 
1.05 1.1 1.09 1.13 1.11 1.06 1.11 1.1 1.12 1.07 1.05 1.12 1.06 1.14 1.12 1.13 1.09 1.13 1.09 1.13 
1.12 1.1 1.11 1.14 1.08 1.11 1.11 1.1 1.09 1.13 1.07 1.09 1.1 1.11 1.05 1.11 1.1 1.07 1.14 1.1 
1.12 1.06 1.13 1.06 1.11 1.13 1.06 1.14 1.13 1.06 1.1 1.11 1.14 1.12 1.08 1.05 1.06 1.11 1.11 1.08 
1.12 1.1 1.09 1.13 1.05 1.11 1.1 1.11 1.12 1.06 1.14 1.12 1.08 1.1 1.12 1.12 1.13 1.09 1.06 1.1 
1.07 1.11 1.11 1.14 1.11 1.1 1.06 1.1 1.07 1.08 1.09 1.07 1.11 1.12 1.12 1.08 1.14 1.06 1.1 1.13 
1.1 1.11 1.09 1.05 1.05 1.14 1.08 1.07 1.12 1.09 1.11 1.14 1.09 1.1 1.07 1.13 1.1 1.1 1.14 1.06 
1.07 1.13 1.06 1.1 1.11 1.12 1.12 1.11 1.11 1.12 1.14 1.1 1.05 1.1 1.06 1.08 1.1 1.08 1.11 1.09 
1.09 1.14 1.13 1.08 1.1 1.11 1.1 1.11 1.05 1.08 1.1 1.11 1.08 1.1 1.14 1.05 1.12 1.13 1.05 1.1 
1.05 1.11 1.12 1.1 1.12 1.14 1.07 1.06 1.13 1.13 1.12 1.13 1.07 1.12 1.06 1.08 1.09 1.1 1.12 1.07 
1.09 1.06 1.14 1.1 1.1 1.05 1.05 1.11 1.05 1.05 1.1 1.13 1.11 1.05 1.06 1.1 1.09 1.07 1.06 1.06 
1.1 1.11 1.14 1.07 1.12 1.09 1.11 1.05 1.1 1.05 1.13 1.06 1.1 1.08 1.14 1.11 1.09 1.08 1.07 1.12 
1.09 1.1 1.13 1.05 1.1 1.12 1.09 1.07 1.1 1.08 1.14 1.05 1.14 1.05 1.14 1.14 1.05 1.07 1.11 1.06 
1.06 1.09 1.11 1.1 1.09 1.05 1.09 1.1 1.11 1.05 1.07 1.09 1.08 1.1 1.11 1.1 1.09 1.12 1.11 1.05 
1.07 1.08 1.13 1.14 1.06 1.09 1.13 1.05 1.07 1.12 1.1 1.12 1.12 1.09 1.05 1.13 1.07 1.13 1.09 1.08 
1.1 1.11 1.05 1.14 1.09 1.09 1.08 1.07 1.08 1.09 1.08 1.06 1.09 1.07 1.09 1.12 1.09 1.12 1.1 1.08 
1.14 1.13 1.1 1.06 1.1 1.11 1.08 1.1 1.12 1.1 1.14 1.12 1.14 1.06 1.13 1.12 1.11 1.12 1.06 1.13 
1.13 1.06 1.08 1.08 1.12 1.1 1.13 1.07 1.05 1.1 1.08 1.08 1.05 1.05 1.08 1.1 1.12 1.1 1.06 1.07 
1.11 1.12 1.13 1.1 1.05 1.11 1.14 1.08 1.14 1.07 1.08 1.13 1.07 1.09 1.08 1.07 1.12 1.14 1.14 1.12 
1.14 1.06 1.12 1.09 1.09 1.12 1.14 1.12 1.11 1.14 1.05 1.11 1.07 1.09 1.05 1.14 1.08 1.08 1.13 1.05 
1.14 1.09 1.12 1.12 1.07 1.05 1.07 1.14 1.11 1.1 1.08 1.1 1.08 1.06 1.13 1.1 1.1 1.13 1.06 1.14 
1.09 1.07 1.1 1.05 1.14 1.08 1.06 1.07 1.06 1.1 1.14 1.12 1.06 1.12 1.1 1.13 1.07 1.13 1.05 1.12 
1.12 1.11 1.09 1.06 1.13 1.08 1.09 1.11 1.05 1.12 1.06 1.09 1.06 1.11 1.09 1.1 1.07 1.12 1.12 1.05 
1.13 1.07 1.07 1.14 1.08 1.09 1.05 1.11 1.12 1.13 1.1 1.08 1.13 1.13 1.13 1.13 1.13 1.14 1.14 1.09 
1.1 1.05 1.09 1.11 1.12 1.08 1.08 1.05 1.09 1.13 1.06 1.09 1.08 1.1 1.09 1.06 1.12 1.08 1.05 1.05 
1.05 1.07 1.12 1.08 1.06 1.11 1.08 1.06 1.14 1.12 1.11 1.11 1.11 1.1 1.12 1.14 1.1 1.08 1.12 1.05 
1.1 1.06 1.1 1.13 1.1 1.07 1.06 1.1 1.12 1.08 1.08 1.07 1.06 1.1 1.1 1.05 1.09 1.13 1.09 1.14 
1.14 1.07 1.08 1.1 1.12 1.11 1.12 1.12 1.06 1.09 1.13 1.05 1.14 1.07 1.08 1.09 1.11 1.05 1.12 1.13 
1.05 1.13 1.11 1.08 1.12 1.06 1.11 1.1 1.05 1.09 1.07 1.13 1.13 1.08 1.13 1.07 1.1 1.13 1.12 1.09 
1.07 1.12 1.12 1.11 1.06 1.14 1.09 1.06 1.1 1.08 1.11 1.12 1.09 1.14 1.09 1.06 1.14 1.1 1.11 1.06 
1.11 1.09 1.14 1.08 1.06 1.09 1.13 1.1 1.05 1.1 1.09 1.12 1.1 1.09 1.13 1.08 1.09 1.05 1.07 1.13 
1.13 1.13 1.06 1.12 1.13 1.05 1.14 1.11 1.12 1.12 1.06 1.14 1.06 1.05 1.12 1.1 1.12 1.09 1.06 1.06 
1.09 1.11 1.12 1.11 1.13 1.05 1.1 1.07 1.06 1.12 1.14 1.14 1.13 1.08 1.08 1.1 1.12 1.05 1.06 1.06 
1.06 1.11 1.1 1.14 1.12 1.11 1.06 1.06 1.06 1.14 1.13 1.13 1.11 1.09 1.14 1.09 1.09 1.05 1.14 1.09 
1.14 1.05 1.05 1.09 1.13 1.11 1.1 1.09 1.06 1.08 1.09 1.12 1.11 1.09 1.12 1.13 1.07 1.13 1.1 1.09 
1.1 1.08 1.08 1.08 1.1 1.08 1.14 1.05 1.13 1.05 1.13 1.07 1.09 1.1 1.12 1.11 1.11 1.06 1.09 1.14 
1.08 1.06 1.13 1.13 1.12 1.06 1.06 1.13 1.1 1.11 1.14 1.06 1.06 1.09 1.05 1.07 1.14 1.08 1.1 1.1 
1.13 1.05 1.07 1.1 1.11 1.12 1.1 1.1 1.06 1.13 1.12 1.13 1.13 1.07 1.1 1.1 1.12 1.1 1.08 1.06 
1.1 1.08 1.05 1.1 1.07 1.05 1.11 1.11 1.12 1.05 1.12 1.05 1.12 1.06 1.13 1.09 1.07 1.07 1.13 1.09 
1.11 1.06 1.08 1.13 1.11 1.07 1.06 1.09 1.07 1.08 1.09 1.13 1.13 1.08 1.09 1.1 1.12 1.07 1.06 1.07 
1.07 1.13 1.13 1.13 1.09 1.05 1.05 1.07 1.12 1.14 1.05 1.13 1.12 1.05 1.1 1.1 1.11 1.06 1.14 1.06 
1.06 1.12 1.12 1.05 1.14 1.11 1.06 1.05 1.12 1.05 1.1 1.05 1.11 1.13 1.06 1.05 1.14 1.12 1.09 1.1 
1.1 1.14 1.11 1.13 1.08 1.13 1.09 1.08 1.08 1.12 1.05 1.06 1.06 1.05 1.07 1.09 1.14 1.13 1.13 1.13 
1.13 1.14 1.12 1.1 1.07 1.06 1.08 1.08 1.14 1.06 1.08 1.05 1.12 1.07 1.07 1.14 1.1 1.12 1.11 1.08 
1.08 1.12 1.06 1.14 1.09 1.07 1.14 1.08 1.13 1.06 1.05 1.09 1.11 1.07 1.14 1.06 1.11 1.12 1.07 1.14 
1.14 1.09 1.1 1.12 1.07 1.09 1.07 1.13 1.1 1.12 1.06 1.07 1.14 1.14 1.09 1.07 1.06 1.11 1.07 1.14 
1.12 1.08 1.1 1.1 1.1 1.12 1.1 1.1 1.12 1.12 1.13 1.08 1.14 1.13 1.08 1.05 1.13 1.09 1.06 1.07 
1.06 1.13 1.11 1.14 1.13 1.08 1.1 1.08 1.05 1.09 1.08 1.07 1.14 1.05 1.12 1.11 1.08 1.05 1.05 1.06 
1.11 1.12 1.1 1.12 1.08 1.14 1.14 1.09 1.11 1.1 1.14 1.08 1.09 1.11 1.07 1.1 1.07 1.14 1.14 1.09 
1.13 1.07 1.05 1.1 1.13 1.1 1.09 1.05 1.07 1.08 1.14 1.13 1.1 1.14 1.1 1.14 1.09 1.06 1.08 1.13 
1.06 1.06 1.13 1.09 1.1 1.1 1.11 1.05 1.06 1.1 1.14 1.12 1.05 1.14 1.08 1.11 1.1 1.11 1.13 1.05 
1.11 1.09 1.09 1.08 1.08 1.06 1.11 1.07 1.08 1.07 1.13 1.13 1.08 1.08 1.12 1.05 1.14 1.06 1.05 1.07 
1.09 1.06 1.09 1.1 1.13 1.13 1.13 1.09 1.14 1.14 1.05 1.12 1.14 1.05 1.12 1.08 1.06 1.08 1.11 1.1 
1.06 1.09 1.11 1.14 1.05 1.14 1.06 1.05 1.09 1.11 1.05 1.08 1.13 1.1 1.1 1.09 1.05 1.1 1.06 1.13 
1.11 1.08 1.1 1.1 1.08 1.05 1.05 1.06 1.14 1.05 1.09 1.07 1.13 1.11 1.13 1.12 1.14 1.12 1.07 1.1 
1.07 1.12 1.05 1.09 1.09 1.1 1.08 1.12 1.14 1.14 1.13 1.08 1.09 1.05 1.08 1.06 1.14 1.07 1.12 1.08 
1.1 1.13 1.06 1.06 1.11 1.05 1.07 1.1 1.14 1.12 1.07 1.11 1.1 1.11 1.13 1.11 1.13 1.07 1.08 1.14 
1.1 1.07 1.05 1.09 1.07 1.09 1.13 1.11 1.09 1.1 1.05 1.05 1.1 1.11 1.08 1.1 1.06 1.14 1.09 1.1 
1.12 1.1 1.08 1.07 1.07 1.09 1.13 1.05 1.11 1.11 1.07 1.06 1.09 1.07 1.13 1.14 1.08 1.08 1.06 1.12 
1.08 1.1 1.08 1.09 1.07 1.06 1.13 1.11 1.12 1.05 1.08 1.07 1.05 1.14 1.06 1.12 1.14 1.05 1.13 1.1 
1.07 1.14 1.1 1.09 1.11 1.08 1.11 1.14 1.09 1.05 1.05 1.08 1.05 1.09 1.13 1.14 1.13 1.12 1.06 1.06 
1.13 1.06 1.06 1.08 1.09 1.05 1.09 1.07 1.05 1.13 1.14 1.14 1.05 1.1 1.05 1.05 1.09 1.06 1.07 1.13 
1.14 1.12 1.1 1.12 1.1 1.09 1.08 1.09 1.14 1.09 1.07 1.1 1.07 1.13 1.07 1.06 1.1 1.07 1.09 1.06 
1.06 1.11 1.09 1.13 1.09 1.05 1.12 1.11 1.14 1.05 1.14 1.14 1.09 1.09 1.06 1.13 1.1 1.14 1.13 1.13 
1.13 1.13 1.1 1.08 1.06 1.09 1.14 1.08 1.11 1.09 1.12 1.05 1.12 1.08 1.14 1.06 1.13 1.07 1.07 1.07 
1.14 1.11 1.12 1.07 1.08 1.07 1.05 1.12 1.08 1.06 1.05 1.13 1.08 1.08 1.08 1.11 1.12 1.13 1.07 1.06 
1.11 1.12 1.1 1.05 1.07 1.13 1.13 1.07 1.09 1.06 1.09 1.1 1.09 1.1 1.09 1.13 1.05 1.08 1.07 1.08 
1.11 1.08 1.07 1.08 1.08 1.12 1.07 1.12 1.05 1.09 1.14 1.13 1.1 1.1 1.11 1.13 1.11 1.12 1.05 1.11 
1.11 1.09 1.08 1.06 1.05 1.07 1.12 1.11 1.1 1.14 1.13 1.07 1.07 1.1 1.09 1.06 1.08 1.11 1.05 1.12 
1.09 1.14 1.06 1.05 1.13 1.09 1.06 1.09 1.12 1.08 1.12 1.09 1.06 1.11 1.1 1.12 1.14 1.12 1.09 1.09 
1.11 1.11 1.08 1.06 1.12 1.07 1.13 1.09 1.12 1.12 1.11 1.11 1.08 1.12 1.05 1.12 1.05 1.09 1.14 1.13 
1.07 1.05 1.06 1.08 1.05 1.14 1.06 1.11 1.05 1.08 1.08 1.06 1.14 1.05 1.1 1.12 1.06 1.12 1.14 1.06 
1.09 1.09 1.09 1.1 1.09 1.13 1.1 1.13 1.06 1.1 1.09 1.08 1.11 1.13 1.1 1.07 1.09 1.07 1.13 1.1 
1.11 1.12 1.06 1.14 1.05 1.05 1.13 1.06 1.13 1.13 1.12 1.07 1.12 1.12 1.12 1.06 1.07 1.05 1.14 1.05 
1.09 1.13 1.09 1.12 1.07 1.06 1.1 1.08 1.14 1.1 1.07 1.08 1.13 1.05 1.07 1.14 1.12 1.08 1.05 1.09 
1.11 1.06 1.11 1.05 1.12 1.11 1.06 1.14 1.12 1.08 1.08 1.12 1.07 1.07 1.05 1.12 1.11 1.08 1.08 1.08 
1.06 1.07 1.12 1.09 1.1 1.06 1.14 1.06 1.09 1.08 1.12 1.14 1.06 1.1 1.07 1.05 1.07 1.06 1.05 1.13 
1.13 1.08 1.06 1.1 1.08 1.14 1.13 1.08 1.05 1.11 1.11 1.09 1.08 1.12 1.11 1.12 1.14 1.11 1.13 1.09 
1.1 1.14 1.07 1.14 1.08 1.08 1.09 1.14 1.09 1.13 1.06 1.08 1.07 1.07 1.07 1.14 1.14 1.13 1.11 1.06 
1.12 1.06 1.11 1.08 1.05 1.14 1.06 1.1 1.13 1.05 1.08 1.1 1.1 1.06 1.13 1.09 1.07 1.14 1.14 1.05 
1.07 1.12 1.05 1.14 1.1 1.12 1.14 1.12 1.06 1.06 1.1 1.09 1.07 1.11 1.07 1.13 1.1 1.11 1.05 1.1 
1.13 1.13 1.14 1.12 1.08 1.14 1.14 1.1 1.06 1.05 1.1 1.06 1.1 1.06 1.1 1.14 1.13 1.07 1.11 1.13 
1.13 1.09 1.08 1.14 1.08 1.09 1.11 1.05 1.13 1.08 1.14 1.11 1.05 1.05 1.07 1.1 1.08 1.1 1.1 1.06 
1.06 1.05 1.05 1.14 1.05 1.05 1.14 1.11 1.06 1.05 1.12 1.05 1.12 1.06 1.05 1.05 1.1 1.09 1.11 1.07 
1.08 1.1 1.1 1.08 1.08 1.08 1.13 1.1 1.09 1.1 1.06 1.12 1.1 1.06 1.09 1.07 1.1 1.14 1.14 1.07 
1.1 1.07 1.1 1.08 1.06 1.05 1.12 1.12 1.12 1.13 1.1 1.06 1.11 1.09 1.08 1.1 1.07 1.08 1.09 1.11 
1.12 1.07 1.14 1.13 1.14 1.06 1.05 1.13 1.13 1.12 1.12 1.11 1.06 1.11 1.09 1.11 1.07 1.07 1.07 1.1 
1.06 1.11 1.08 1.11 1.07 1.08 1.1 1.1 1.06 1.13 1.1 1.13 1.11 1.09 1.1 1.06 1.06 1.11 1.1 1.05 
1.12 1.13 1.1 1.14 1.14 1.13 1.11 1.07 1.05 1.08 1.09 1.09 1.09 1.13 1.1 1.12 1.05 1.14 1.08 1.05 
1.05 1.09 1.05 1.09 1.11 1.05 1.05 1.14 1.09 1.09 1.08 1.06 1.09 1.07 1.1 1.05 1.11 1.08 1.11 1.14 
1.09 1.11 1.08 1.08 1.06 1.07 1.14 1.08 1.14 1.14 1.06 1.09 1.09 1.05 1.07 1.11 1.1 1.06 1.05 1.14 
1.14 1.1 1.11 1.14 1.14 1.05 1.08 1.13 1.06 1.11 1.06 1.08 1.14 1.13 1.14 1.06 1.09 1.08 1.06 1.14 
1.05 1.07 1.05 1.11 1.11 1.13 1.07 1.1 1.05 1.1 1.06 1.07 1.1 1.06 1.09 1.07 1.08 1.1 1.13 1.14 
1.11 1.14 1.13 1.1 1.1 1.14 1.12 1.12 1.11 1.13 1.05 1.05 1.1 1.13 1.1 1.14 1.08 1.06 1.12 1.13 
1.13 1.14 1.09 1.11 1.07 1.12 1.12 1.08 1.1 1.14 1.14 1.05 1.08 1.06 1.1 1.14 1.14 1.06 1.1 1.11 
1.09 1.1 1.07 1.11 1.11 1.05 1.07 1.07 1.12 1.13 1.11 1.11 1.08 1.13 1.13 1.11 1.07 1.08 1.07 1.08 
1.11 1.12 1.09 1.08 1.06 1.05 1.09 1.05 1.11 1.13 1.12 1.12 1.09 1.12 1.14 1.12 1.1 1.07 1.08 1.05 
1.05 1.08 1.09 1.07 1.09 1.14 1.12 1.14 1.06 1.06 1.11 1.09 1.05 1.14 1.1 1.1 1.14 1.07 1.14 1.08 
1.07 1.07 1.13 1.1 1.07 1.09 1.09 1.12 1.07 1.09 1.09 1.11 1.07 1.12 1.08 1.13 1.07 1.1 1.12 1.13 
1.1 1.1 1.12 1.14 1.07 1.14 1.13 1.05 1.05 1.06 1.11 1.08 1.11 1.07 1.09 1.07 1.14 1.05 1.08 1.07 
1.09 1.05 1.14 1.06 1.1 1.14 1.14 1.1 1.08 1.07 1.11 1.13 1.13 1.12 1.12 1.05 1.07 1.06 1.11 1.14 
1.14 1.06 1.08 1.06 1.1 1.09 1.08 1.08 1.09 1.06 1.13 1.14 1.05 1.09 1.08 1.06 1.14 1.07 1.11 1.05 
1.05 1.12 1.13 1.07 1.07 1.12 1.12 1.08 1.06 1.1 1.13 1.08 1.09 1.09 1.11 1.13 1.08 1.14 1.05 1.14 
1.13 1.11 1.09 1.05 1.13 1.13 1.06 1.06 1.07 1.12 1.14 1.11 1.12 1.09 1.07 1.06 1.1 1.12 1.08 1.11 
1.11 1.06 1.11 1.08 1.12 1.11 1.06 1.12 1.11 1.12 1.07 1.08 1.09 1.12 1.12 1.13 1.09 1.05 1.14 1.12 
1.11 1.07 1.06 1.11 1.12 1.12 1.08 1.14 1.1 1.07 1.08 1.14 1.06 1.14 1.05 1.13 1.08 1.13 1.13 1.11 
1.08 1.06 1.12 1.11 1.09 1.14 1.05 1.11 1.09 1.11 1.1 1.08 1.14 1.07 1.05 1.14 1.06 1.09 1.14 1.06 
1.08 1.11 1.07 1.14 1.06 1.09 1.05 1.13 1.12 1.09 1.09 1.07 1.08 1.1 1.08 1.12 1.09 1.07 1.08 1.06 
1.14 1.06 1.09 1.07 1.09 1.12 1.13 1.05 1.08 1.12 1.05 1.05 1.13 1.14 1.07 1.05 1.09 1.05 1.06 1.05 
1.12 1.1 1.11 1.13 1.06 1.1 1.05 1.08 1.12 1.06 1.11 1.05 1.12 1.14 1.07 1.12 1.13 1.08 1.1 1.11 
1.07 1.07 1.06 1.08 1.1 1.12 1.11 1.08 1.08 1.05 1.08 1.05 1.05 1.05 1.08 1.1 1.09 1.11 1.07 1.09 
1.09 1.13 1.05 1.11 1.11 1.12 1.14 1.05 1.05 1.09 1.08 1.13 1.13 1.08 1.07 1.14 1.11 1.09 1.07 1.12 
1.14 1.1 1.11 1.08 1.1 1.1 1.12 1.07 1.05 1.07 1.12 1.1 1.12 1.06 1.12 1.07 1.1 1.13 1.13 1.12 
1.07 1.07 1.06 1.09 1.09 1.13 1.06 1.06 1.08 1.13 1.13 1.11 1.05 1.1 1.12 1.12 1.11 1.13 1.07 1.09 
1.08 1.11 1.14 1.09 1.08 1.12 1.11 1.06 1.06 1.13 1.06 1.06 1.09 1.08 1.11 1.14 1.12 1.11 1.14 1.11 
1.08 1.1 1.08 1.13 1.12 1.11 1.1 1.1 1.05 1.13 1.06 1.11 1.13 1.13 1.09 1.1 1.12 1.08 1.1 1.09 
1.05 1.08 1.08 1.05 1.14 1.06 1.09 1.05 1.13 1.08 1.07 1.14 1.12 1.06 1.14 1.08 1.14 1.08 1.11 1.11 
1.07 1.13 1.08 1.05 1.09 1.1 1.07 1.14 1.14 1.08 1.07 1.08 1.1 1.11 1.11 1.06 1.09 1.09 1.08 1.07 
1.1 1.14 1.09 1.08 1.09 1.13 1.09 1.08 1.09 1.08 1.07 1.13 1.11 1.07 1.14 1.14 1.12 1.12 1.08 1.1 
1.08 1.05 1.05 1.08 1.05 1.05 1.09 1.07 1.06 1.06 1.07 1.05 1.11 1.05 1.05 1.05 1.06 1.06 1.14 1.06 
1.12 1.11 1.11 1.13 1.12 1.08 1.11 1.06 1.13 1.11 1.11 1.05 1.13 1.11 1.08 1.12 1.07 1.1 1.13 1.12 
1.14 1.09 1.12 1.12 1.12 1.09 1.08 1.08 1.09 1.09 1.08 1.14 1.08 1.06 1.09 1.11 1.05 1.06 1.14 1.06 
1.13 1.08 1.07 1.12 1.14 1.12 1.08 1.05 1.05 1.05 1.13 1.05 1.08 1.08 1.11 1.11 1.13 1.1 1.1 1.08 
1.08 1.05 1.08 1.07 1.05 1.13 1.05 1.1 1.1 1.05 1.1 1.1 1.14 1.12 1.08 1.13 1.06 1.06 1.11 1.08 
1.13 1.06 1.07 1.1 1.1 1.09 1.05 1.14 1.08 1.12 1.11 1.12 1.1 1.09 1.14 1.09 1.05 1.1 1.13 1.14 
1.11 1.05 1.14 1.09 1.05 1.05 1.14 1.14 1.12 1.11 1.08 1.11 1.12 1.11 1.06 1.12 1.07 1.06 1.12 1.08 
1.12 1.08 1.11 1.11 1.06 1.14 1.1 1.14 1.13 1.07 1.08 1.14 1.11 1.1 1.05 1.08 1.05 1.1 1.06 1.05 
1.08 1.05 1.14 1.13 1.07 1.06 1.12 1.1 1.12 1.05 1.09 1.08 1.14 1.12 1.1 1.12 1.08 1.05 1.08 1.11 
1.14 1.06 1.07 1.13 1.13 1.1 1.07 1.07 1.08 1.09 1.06 1.13 1.06 1.14 1.07 1.12 1.13 1.13 1.11 1.09 
1.05 1.06 1.1 1.05 1.09 1.06 1.05 1.14 1.06 1.12 1.08 1.05 1.11 1.09 1.13 1.08 1.12 1.11 1.1 1.09 
1.06 1.11 1.08 1.07 1.11 1.08 1.07 1.09 1.06 1.12 1.08 1.05 1.11 1.1 1.11 1.06 1.05 1.05 1.13 1.11 
1.05 1.12 1.05 1.12 1.12 1.12 1.05 1.14 1.06 1.08 1.1 1.08 1.14 1.12 1.11 1.08 1.14 1.05 1.11 1.12 
1.12 1.06 1.13 1.09 1.13 1.06 1.05 1.1 1.05 1.05 1.08 1.08 1.05 1.06 1.11 1.14 1.06 1.12 1.06 1.05 
1.11 1.07 1.06 1.11 1.05 1.12 1.11 1.13 1.1 1.1 1.05 1.12 1.1 1.11 1.05 1.08 1.11 1.08 1.12 1.06 
1.05 1.14 1.14 1.1 1.1 1.06 1.08 1.06 1.1 1.13 1.07 1.12 1.07 1.09 1.14 1.08 1.1 1.11 1.08 1.08 
1.13 1.11 1.05 1.08 1.13 1.1 1.09 1.09 1.06 1.11 1.11 1.09 1.11 1.08 1.14 1.1 1.08 1.09 1.12 1.08 
1.06 1.06 1.09 1.08 1.14 1.05 1.06 1.12 1.12 1.1 1.05 1.11 1.13 1.06 1.14 1.12 1.07 1.06 1.06 1.11 
1.08 1.13 1.06 1.14 1.07 1.12 1.12 1.11 1.14 1.07 1.14 1.05 1.05 1.14 1.05 1.12 1.1 1.13 1.07 1.06 
1.11 1.05 1.08 1.07 1.06 1.09 1.14 1.09 1.07 1.11 1.08 1.08 1.08 1.08 1.05 1.11 1.12 1.12 1.1 1.12 
1.05 1.06 1.08 1.12 1.07 1.09 1.09 1.06 1.11 1.13 1.08 1.05 1.07 1.1 1.1 1.06 1.08 1.12 1.07 1.11 
1.06 1.13 1.08 1.11 1.13 1.1 1.13 1.05 1.06 1.08 1.11 1.06 1.11 1.09 1.12 1.14 1.11 1.13 1.09 1.08 
1.09 1.14 1.09 1.12 1.11 1.14 1.05 1.09 1.07 1.08 1.12 1.07 1.14 1.08 1.09 1.08 1.07 1.06 1.12 1.05 
1.05 1.11 1.13 1.1 1.1 1.14 1.05 1.14 1.08 1.05 1.06 1.08 1.14 1.05 1.1 1.05 1.06 1.13 1.07 1.13 
1.06 1.14 1.06 1.11 1.12 1.14 1.05 1.08 1.13 1.12 1.1 1.14 1.14 1.11 1.06 1.05 1.06 1.1 1.08 1.05 
1.12 1.06 1.06 1.08 1.1 1.06 1.08 1.11 1.06 1.09 1.13 1.07 1.14 1.08 1.07 1.12 1.07 1.06 1.08 1.07 
1.11 1.05 1.07 1.07 1.14 1.12 1.11 1.07 1.1 1.13 1.13 1.08 1.13 1.12 1.09 1.09 1.07 1.06 1.09 1.13 
1.12 1.12 1.05 1.08 1.12 1.07 1.13 1.05 1.09 1.1 1.13 1.1 1.08 1.12 1.1 1.05 1.07 1.08 1.07 1.05 
1.06 1.1 1.06 1.13 1.12 1.08 1.12 1.05 1.07 1.05 1.07 1.12 1.13 1.06 1.11 1.13 1.14 1.13 1.12 1.11 
1.12 1.14 1.14 1.12 1.11 1.09 1.06 1.07 1.1 1.09 1.14 1.1 1.06 1.11 1.12 1.13 1.12 1.1 1.06 1.07 
1.05 1.07 1.1 1.08 1.05 1.05 1.14 1.05 1.07 1.08 1.12 1.05 1.09 1.09 1.07 1.09 1.14 1.14 1.05 1.07 
1.08 1.08 1.06 1.11 1.09 1.1 1.09 1.1 1.1 1.06 1.11 1.13 1.06 1.06 1.13 1.07 1.05 1.07 1.14 1.12 
1.09 1.06 1.14 1.14 1.05 1.05 1.05 1.08 1.08 1.09 1.05 1.08 1.05 1.08 1.09 1.11 1.08 1.13 1.13 1.1 
1.13 1.08 1.08 1.13 1.14 1.1 1.13 1.09 1.11 1.09 1.13 1.05 1.14 1.13 1.05 1.13 1.07 1.1 1.13 1.07 
1.14 1.14 1.08 1.1 1.11 1.09 1.11 1.11 1.05 1.12 1.14 1.12 1.05 1.06 1.06 1.08 1.1 1.13 1.06 1.08 
1.08 1.09 1.1 1.05 1.08 1.13 1.05 1.06 1.06 1.14 1.1 1.13 1.06 1.05 1.09 1.05 1.09 1.06 1.09 1.14 
1.08 1.1 1.11 1.07 1.08 1.12 1.14 1.09 1.13 1.07 1.1 1.05 1.11 1.11 1.12 1.07 1.08 1.06 1.14 1.12 
1.06 1.06 1.06 1.1 1.13 1.12 1.13 1.14 1.12 1.09 1.08 1.12 1.06 1.1 1.11 1.09 1.05 1.14 1.06 1.06 
1.07 1.05 1.05 1.08 1.06 1.05 1.07 1.08 1.14 1.13 1.14 1.08 1.13 1.12 1.11 1.11 1.14 1.1 1.06 1.1 
1.05 1.06 1.06 1.14 1.11 1.1 1.14 1.12 1.11 1.14 1.11 1.07 1.09 1.05 1.06 1.14 1.08 1.05 1.11 1.09 
1.1 1.14 1.1 1.13 1.08 1.14 1.13 1.11 1.11 1.07 1.12 1.13 1.13 1.05 1.13 1.11 1.09 1.05 1.14 1.07 
1.13 1.05 1.13 1.11 1.09 1.12 1.11 1.05 1.08 1.09 1.14 1.11 1.05 1.13 1.11 1.08 1.12 1.11 1.14 1.11 
1.12 1.13 1.11 1.13 1.14 1.14 1.14 1.08 1.06 1.05 1.05 1.1 1.13 1.11 1.12 1.12 1.08 1.13 1.1 1.07 
1.14 1.11 1.12 1.1 1.14 1.12 1.11 1.08 1.07 1.07 1.05 1.12 1.06 1.1 1.12 1.11 1.06 1.06 1.09 1.14 
1.13 1.1 1.1 1.08 1.13 1.06 1.11 1.09 1.13 1.12 1.12 1.05 1.05 1.13 1.13 1.11 1.11 1.13 1.06 1.08 
1.06 1.06 1.12 1.05 1.14 1.08 1.07 1.13 1.08 1.09 1.08 1.06 1.05 1.12 1.14 1.06 1.07 1.12 1.12 1.05 
1.1 1.13 1.14 1.12 1.14 1.13 1.09 1.1 1.13 1.08 1.14 1.12 1.08 1.12 1.13 1.11 1.09 1.05 1.1 1.06 
1.09 1.08 1.08 1.09 1.06 1.05 1.09 1.07 1.13 1.13 1.09 1.13 1.12 1.11 1.08 1.08 1.05 1.06 1.08 1.14 
1.07 1.09 1.1 1.05 1.05 1.13 1.06 1.06 1.1 1.05 1.12 1.05 1.06 1.12 1.09 1.06 1.09 1.14 1.13 1.06 
1.13 1.13 1.13 1.08 1.12 1.09 1.12 1.09 1.07 1.12 1.08 1.09 1.09 1.05 1.05 1.13 1.12 1.12 1.08 1.07 
1.05 1.06 1.06 1.09 1.05 1.11 1.11 1.12 1.13 1.05 1.08 1.06 1.07 1.14 1.12 1.09 1.14 1.13 1.07 1.12 
1.1 1.09 1.11 1.13 1.1 1.11 1.12 1.14 1.12 1.12 1.11 1.13 1.08 1.07 1.12 1.09 1.14 1.08 1.13 1.09 
1.12 1.07 1.13 1.06 1.05 1.09 1.14 1.11 1.08 1.14 1.13 1.05 1.11 1.09 1.06 1.1 1.08 1.11 1.14 1.07 
1.13 1.11 1.11 1.09 1.06 1.08 1.06 1.1 1.07 1.14 1.06 1.1 1.07 1.09 1.1 1.1 1.05 1.12 1.06 1.14 
1.09 1.12 1.12 1.13 1.11 1.06 1.12 1.13 1.08 1.08 1.14 1.07 1.14 1.1 1.07 1.08 1.06 1.13 1.11 1.13 
1.08 1.08 1.12 1.14 1.14 1.11 1.07 1.13 1.06 1.13 1.14 1.13 1.1 1.13 1.12 1.11 1.14 1.07 1.13 1.1 
1.11 1.1 1.07 1.05 1.08 1.05 1.08 1.05 1.08 1.14 1.11 1.1 1.09 1.11 1.09 1.12 1.1 1.11 1.09 1.1 
1.07 1.06 1.09 1.11 1.08 1.05 1.08 1.1 1.07 1.13 1.07 1.11 1.09 1.07 1.14 1.12 1.07 1.12 1.08 1.13 
1.09 1.07 1.06 1.12 1.05 1.13 1.11 1.11 1.1 1.07 1.14 1.12 1.05 1.05 1.09 1.11 1.14 1.14 1.09 1.07 
1.1 1.06 1.07 1.06 1.11 1.09 1.1 1.06 1.13 1.09 1.05 1.14 1.14 1.08 1.08 1.09 1.05 1.05 1.06 1.1 
1.12 1.11 1.05 1.12 1.14 1.08 1.08 1.14 1.12 1.06 1.09 1.09 1.08 1.05 1.05 1.1 1.05 1.06 1.13 1.09 
1.05 1.06 1.08 1.07 1.11 1.07 1.14 1.08 1.14 1.07 1.11 1.08 1.07 1.05 1.06 1.09 1.06 1.13 1.13 1.11 
1.06 1.11 1.06 1.09 1.12 1.1 1.11 1.09 1.1 1.13 1.05 1.09 1.08 1.07 1.09 1.05 1.07 1.05 1.14 1.07 
1.1 1.09 1.13 1.07 1.11 1.13 1.09 1.06 1.14 1.1 1.08 1.09 1.07 1.14 1.1 1.05 1.06 1.13 1.1 1.13 
1.05 1.06 1.12 1.09 1.06 1.12 1.1 1.05 1.12 1.08 1.08 1.06 1.05 1.11 1.08 1.06 1.11 1.14 1.05 1.1 
1.11 1.07 1.11 1.13 1.06 1.09 1.06 1.08 1.05 1.1 1.14 1.12 1.13 1.08 1.07 1.1 1.14 1.08 1.11 1.06 
1.09 1.07 1.08 1.05 1.08 1.05 1.06 1.06 1.06 1.08 1.1 1.1 1.07 1.13 1.07 1.12 1.07 1.08 1.13 1.05 
1.08 1.13 1.13 1.11 1.14 1.12 1.09 1.13 1.07 1.07 1.05 1.05 1.07 1.1 1.14 1.13 1.12 1.07 1.12 1.1 
1.1 1.13 1.13 1.12 1.05 1.06 1.05 1.1 1.07 1.09 1.12 1.13 1.07 1.14 1.14 1.12 1.12 1.12 1.14 1.13 
1.14 1.11 1.13 1.07 1.08 1.08 1.09 1.14 1.1 1.09 1.1 1.05 1.08 1.11 1.14 1.13 1.14 1.06 1.11 1.08 
1.09 1.06 1.08 1.07 1.08 1.09 1.09 1.1 1.05 1.14 1.06 1.06 1.11 1.14 1.07 1.09 1.11 1.05 1.12 1.11 
1.05 1.11 1.12 1.06 1.09 1.1 1.09 1.1 1.14 1.07 1.13 1.05 1.13 1.13 1.14 1.14 1.07 1.11 1.11 1.13 
1.11 1.06 1.13 1.1 1.1 1.14 1.13 1.06 1.05 1.14 1.14 1.13 1.05 1.1 1.13 1.08 1.05 1.08 1.11 1.14 
1.12 1.13 1.09 1.1 1.06 1.14 1.05 1.05 1.13 1.06 1.06 1.1 1.06 1.08 1.12 1.1 1.05 1.05 1.11 1.1 
1.1 1.13 1.11 1.12 1.06 1.08 1.09 1.1 1.09 1.07 1.08 1.1 1.05 1.08 1.07 1.12 1.05 1.06 1.14 1.06 
1.12 1.05 1.08 1.12 1.14 1.13 1.11 1.06 1.1 1.09 1.12 1.12 1.14 1.07 1.13 1.14 1.13 1.05 1.1 1.07 
1.08 1.08 1.1 1.11 1.13 1.12 1.12 1.06 1.14 1.06 1.1 1.08 1.06 1.07 1.1 1.08 1.11 1.07 1.08 1.07 
1.05 1.07 1.05 1.07 1.13 1.06 1.11 1.1 1.07 1.05 1.05 1.11 1.12 1.13 1.06 1.08 1.07 1.12 1.09 1.11 
1.06 1.08 1.13 1.13 1.08 1.14 1.1 1.13 1.11 1.1 1.1 1.1 1.13 1.14 1.12 1.14 1.08 1.13 1.13 1.13 
1.1 1.12 1.07 1.07 1.14 1.07 1.09 1.11 1.06 1.06 1.14 1.09 1.06 1.09 1.05 1.1 1.07 1.08 1.12 1.14 
1.07 1.13 1.14 1.14 1.07 1.14 1.07 1.12 1.13 1.06 1.07 1.09 1.09 1.14 1.14 1.08 1.08 1.07 1.12 1.11 
1.06 1.12 1.05 1.07 1.08 1.13 1.08 1.11 1.07 1.06 1.11 1.06 1.06 1.1 1.1 1.06 1.14 1.14 1.14 1.1 
1.12 1.13 1.1 1.06 1.09 1.09 1.1 1.13 1.13 1.11 1.08 1.05 1.09 1.08 1.06 1.06 1.1 1.06 1.09 1.13 
1.14 1.11 1.05 1.13 1.06 1.1 1.08 1.12 1.06 1.06 1.07 1.07 1.06 1.14 1.06 1.07 1.14 1.06 1.13 1.13 
1.12 1.09 1.08 1.12 1.08 1.1 1.12 1.09 1.11 1.12 1.13 1.13 1.11 1.05 1.1 1.1 1.14 1.14 1.05 1.05 
1.05 1.14 1.13 1.09 1.08 1.13 1.06 1.1 1.14 1.07 1.07 1.13 1.05 1.1 1.09 1.07 1.14 1.06 1.06 1.09 
1.08 1.11 1.12 1.07 1.08 1.13 1.09 1.08 1.11 1.06 1.13 1.09 1.08 1.1 1.09 1.13 1.1 1.13 1.1 1.14 
1.12 1.12 1.09 1.14 1.11 1.09 1.14 1.11 1.14 1.12 1.1 1.13 1.14 1.12 1.08 1.12 1.13 1.09 1.13 1.08 
1.07 1.11 1.1 1.09 1.14 1.05 1.07 1.11 1.12 1.05 1.08 1.06 1.09 1.08 1.08 1.06 1.09 1.08 1.14 1.11 
1.11 1.1 1.12 1.14 1.09 1.05 1.13 1.12 1.1 1.07 1.1 1.11 1.11 1.05 1.08 1.07 1.12 1.13 1.05 1.1 
1.13 1.13 1.09 1.05 1.06 1.09 1.12 1.1 1.13 1.06 1.05 1.08 1.07 1.1 1.06 1.1 1.11 1.11 1.1 1.12 
1.06 1.05 1.14 1.06 1.07 1.05 1.14 1.1 1.08 1.07 1.1 1.12 1.07 1.06 1.05 1.14 1.12 1.05 1.07 1.05 
1.13 1.05 1.07 1.13 1.06 1.07 1.09 1.08 1.14 1.07 1.1 1.14 1.12 1.05 1.07 1.14 1.14 1.07 1.13 1.13 
1.08 1.14 1.08 1.11 1.06 1.12 1.06 1.11 1.07 1.14 1.12 1.1 1.14 1.09 1.06 1.08 1.05 1.11 1.11 1.12 
1.12 1.05 1.13 1.09 1.12 1.11 1.13 1.13 1.07 1.05 1.11 1.13 1.06 1.1 1.07 1.05 1.14 1.07 1.13 1.05 
1.09 1.13 1.05 1.1 1.11 1.06 1.13 1.12 1.11 1.11 1.06 1.13 1.09 1.05 1.05 1.1 1.1 1.13 1.12 1.06 
1.12 1.13 1.06 1.09 1.08 1.09 1.14 1.07 1.12 1.09 1.07 1.14 1.07 1.1 1.14 1.14 1.09 1.08 1.06 1.08 
1.08 1.14 1.11 1.13 1.07 1.13 1.06 1.06 1.08 1.12 1.06 1.11 1.14 1.11 1.14 1.07 1.06 1.13 1.05 1.05 
1.1 1.06 1.12 1.1 1.12 1.13 1.08 1.07 1.07 1.09 1.07 1.13 1.07 1.09 1.07 1.05 1.08 1.13 1.08 1.06 
1.07 1.08 1.09 1.11 1.08 1.07 1.12 1.06 1.14 1.14 1.09 1.08 1.09 1.08 1.08 1.1 1.14 1.13 1.09 1.1 
1.09 1.13 1.11 1.1 1.09 1.07 1.1 1.14 1.06 1.14 1.06 1.08 1.11 1.05 1.07 1.06 1.06 1.13 1.08 1.07 
1.06 1.08 1.06 1.13 1.08 1.12 1.09 1.06 1.08 1.1 1.05 1.12 1.11 1.08 1.09 1.1 1.1 1.08 1.1 1.12 
1.08 1.07 1.05 1.09 1.14 1.09 1.14 1.11 1.11 1.12 1.06 1.09 1.12 1.07 1.14 1.06 1.12 1.06 1.07 1.1 
1.07 1.1 1.05 1.11 1.08 1.13 1.05 1.14 1.08 1.09 1.14 1.08 1.05 1.12 1.11 1.08 1.07 1.06 1.11 1.05 
1.1 1.06 1.09 1.12 1.06 1.14 1.1 1.05 1.11 1.11 1.05 1.08 1.07 1.05 1.1 1.12 1.05 1.06 1.07 1.08 
1.14 1.12 1.14 1.14 1.14 1.12 1.08 1.14 1.09 1.14 1.11 1.14 1.09 1.13 1.12 1.12 1.1 1.09 1.06 1.13 
1.09 1.12 1.06 1.07 1.11 1.13 1.12 1.14 1.14 1.09 1.14 1.05 1.12 1.06 1.14 1.09 1.13 1.07 1.05 1.1 
1.06 1.13 1.12 1.13 1.14 1.07 1.05 1.09 1.12 1.1 1.1 1.05 1.14 1.07 1.14 1.13 1.08 1.13 1.09 1.06 
1.08 1.14 1.12 1.06 1.06 1.09 1.1 1.11 1.11 1.05 1.06 1.11 1.14 1.06 1.08 1.06 1.08 1.1 1.06 1.13 
1.13 1.11 1.11 1.11 1.12 1.08 1.13 1.05 1.1 1.12 1.05 1.09 1.12 1.07 1.09 1.1 1.06 1.12 1.07 1.07 
1.14 1.08 1.09 1.06 1.14 1.1 1.08 1.14 1.06 1.1 1.07 1.13 1.06 1.14 1.11 1.05 1.07 1.13 1.09 1.13 
1.1 1.14 1.1 1.08 1.06 1.12 1.1 1.12 1.05 1.06 1.11 1.14 1.1 1.08 1.09 1.12 1.08 1.07 1.14 1.07 
1.13 1.09 1.14 1.11 1.05 1.05 1.1 1.08 1.13 1.12 1.11 1.14 1.05 1.1 1.05 1.12 1.11 1.11 1.13 1.09 
1.07 1.11 1.14 1.07 1.13 1.1 1.14 1.14 1.1 1.1 1.1 1.08 1.07 1.09 1.09 1.14 1.12 1.1 1.09 1.08 
1.1 1.06 1.12 1.09 1.13 1.14 1.05 1.09 1.12 1.07 1.14 1.08 1.13 1.06 1.06 1.11 1.12 1.08 1.14 1.1 
1.12 1.05 1.05 1.12 1.08 1.11 1.1 1.07 1.07 1.07 1.1 1.08 1.12 1.11 1.1 1.09 1.06 1.12 1.1 1.08 
1.05 1.06 1.12 1.08 1.06 1.05 1.13 1.08 1.07 1.11 1.14 1.07 1.13 1.14 1.07 1.07 1.12 1.05 1.11 1.07 
1.13 1.05 1.1 1.13 1.1 1.07 1.07 1.07 1.13 1.14 1.14 1.1 1.12 1.08 1.05 1.06 1.09 1.07 1.1 1.13 
1.06 1.08 1.13 1.13 1.06 1.05 1.12 1.06 1.12 1.1 1.08 1.11 1.08 1.06 1.07 1.1 1.13 1.11 1.13 1.13 
1.07 1.06 1.1 1.14 1.14 1.06 1.12 1.12 1.08 1.1 1.14 1.06 1.14 1.09 1.11 1.1 1.09 1.1 1.07 1.07 
1.12 1.09 1.07 1.1 1.12 1.11 1.09 1.08 1.06 1.09 1.09 1.12 1.13 1.09 1.1 1.13 1.08 1.06 1.13 1.11 
1.09 1.13 1.14 1.11 1.12 1.08 1.14 1.05 1.12 1.06 1.06 1.07 1.06 1.1 1.06 1.11 1.1 1.07 1.09 1.09 
1.05 1.11 1.07 1.08 1.09 1.05 1.1 1.08 1.13 1.08 1.14 1.08 1.1 1.05 1.06 1.13 1.12 1.05 1.14 1.13 
1.05 1.05 1.12 1.06 1.08 1.09 1.09 1.11 1.13 1.06 1.11 1.1 1.06 1.11 1.07 1.12 1.07 1.09 1.13 1.12 
1.1 1.06 1.06 1.06 1.07 1.05 1.08 1.05 1.11 1.08 1.08 1.1 1.07 1.08 1.11 1.13 1.11 1.07 1.07 1.08 
1.13 1.08 1.06 1.11 1.08 1.14 1.06 1.06 1.13 1.06 1.13 1.1 1.11 1.11 1.09 1.12 1.06 1.08 1.07 1.12 
1.06 1.12 1.1 1.14 1.12 1.08 1.13 1.07 1.09 1.11 1.11 1.07 1.09 1.1 1.1 1.09 1.12 1.1 1.1 1.09 
1.12 1.1 1.06 1.05 1.14 1.07 1.11 1.14 1.11 1.14 1.05 1.13 1.11 1.06 1.14 1.14 1.12 1.09 1.07 1.05 
1.08 1.09 1.06 1.1 1.07 1.06 1.05 1.14 1.05 1.07 1.08 1.12 1.12 1.12 1.05 1.11 1.1 1.07 1.05 1.09 
1.1 1.12 1.08 1.12 1.08 1.1 1.05 1.14 1.14 1.13 1.07 1.06 1.12 1.1 1.14 1.05 1.14 1.13 1.06 1.05 
