20
300
48 13 57 26 95 19 44 100 21 39 60 96 63 97 97 87 40 53 7 32 81 92 100 76 88 26 56 27 41 45 98 74 61 30 16 62 19 7 59 16 93 89 52 92 80 75 2 15 10 6 64 84 95 27 26 71 49 82 15 29 13 27 34 3 79 30 34 5 72 23 17 20 62 52 96 43 56 99 79 78 80 51 65 16 98 69 31 11 53 58 20 73 99 92 16 10 12 38 22 7 91 15 32 77 58 77 46 18 8 21 7 71 51 47 24 75 74 28 53 15 27 84 73 7 77 30 31 27 50 12 34 77 39 83 94 94 17 6 56 80 74 38 13 67 35 18 94 34 36 28 78 44 52 23 46 2 55 82 17 31 29 45 52 83 9 7 53 88 22 88 16 10 96 64 80 77 86 20 94 53 55 71 15 33 79 35 85 90 64 69 100 70 55 58 1 12 88 19 11 11 33 64 88 23 2 65 9 54 6 77 18 51 32 14 92 91 44 80 100 61 68 61 25 67 90 73 41 49 24 64 52 26 22 44 69 13 86 83 56 90 74 9 56 4 65 93 21 33 87 82 41 88 23 48 24 19 66 80 64 97 93 68 22 69 37 2 58 72 70 48 97 20 47 4 41 13 76 28 5 48 69 1 58 78 50 28 49 97 29 62 5 17 4 44 43 18 11 13 29 49 
1 7 5 5 7 7 1 2 1 1 5 9 6 9 9 2 8 6 9 2 
1.03 1.02 1.02 1.01 1.02 1.01 1.03 1.06 1.04 1.04 1.02 1.06 1.06 1.05 1.06 1.05 1.04 1.03 1.04 1.06 
1.04 1.05 1.02 1.03 1.02 1.05 1.04 1.05 1.05 1.01 1.04 1.01 1.04 1.06 1.05 1.02 1.05 1.03 1.04 1.04 
1.04 1.03 1.02 1.02 1.04 1.06 1.03 1.05 1.02 1.04 1.03 1.02 1.03 1.05 1.04 1.04 1.06 1.01 1.06 1.03 
1.01 1.02 1.04 1.03 1.02 1.05 1.03 1.06 1.04 1.04 1.05 1.06 1.03 1.01 1.01 1.04 1.03 1.06 1.03 1.05 
1.05 1.01 1.06 1.02 1.04 1.06 1.05 1.03 1.01 1.02 1.06 1.02 1.05 1.03 1.04 1.06 1.01 1.03 1.06 1.01 
1.04 1.02 1.05 1.06 1.06 1.06 1.05 1.03 1.04 1.01 1.03 1.06 1.06 1.05 1.03 1.01 1.03 1.04 1.01 1.05 
1.01 1.03 1.01 1.03 1.04 1.02 1.02 1.03 1.04 1.06 1.05 1.02 1.05 1.03 1.04 1.05 1.06 1.06 1.05 1.02 
1.02 1.02 1.02 1.05 1.04 1.05 1.05 1.03 1.04 1.02 1.04 1.05 1.06 1.06 1.03 1.02 1.05 1.03 1.01 1.01 
1.04 1.06 1.05 1.02 1.02 1.04 1.04 1.05 1.02 1.01 1.05 1.01 1.05 1.05 1.02 1.03 1.02 1.02 1.02 1.01 
1.01 1.01 1.02 1.04 1.02 1.03 1.04 1.04 1.03 1.06 1.01 1.01 1.05 1.03 1.01 1.03 1.06 1.02 1.02 1.03 
1.02 1.01 1.01 1.03 1.05 1.02 1.01 1.02 1.05 1.01 1.03 1.01 1.02 1.03 1.03 1.05 1.05 1.01 1.06 1.06 
1.02 1.05 1.04 1.06 1.04 1.05 1.01 1.03 1.05 1.03 1.06 1.05 1.04 1.04 1.02 1.06 1.03 1.03 1.02 1.03 
1.05 1.04 1.06 1.06 1.05 1.05 1.06 1.03 1.01 1.01 1.06 1.03 1.02 1.04 1.01 1.03 1.02 1.06 1.02 1.03 
1.05 1.06 1.02 1.03 1.05 1.01 1.06 1.05 1.06 1.03 1.03 1.05 1.04 1.04 1.03 1.05 1.03 1.03 1.06 1.06 
1.06 1.01 1.03 1.04 1.04 1.05 1.04 1.05 1.05 1.01 1.01 1.03 1.05 1.03 1.05 1.04 1.06 1.02 1.04 1.04 
1.05 1.06 1.06 1.01 1.06 1.02 1.05 1.05 1.01 1.03 1.01 1.03 1.05 1.02 1.05 1.05 1.05 1.03 1.01 1.03 
1.04 1.04 1.06 1.04 1.02 1.06 1.01 1.01 1.03 1.06 1.04 1.06 1.06 1.03 1.03 1.02 1.06 1.02 1.02 1.05 
1.03 1.05 1.03 1.05 1.01 1.02 1.06 1.01 1.04 1.02 1.01 1.06 1.01 1.02 1.01 1.06 1.01 1.05 1.02 1.02 
1.03 1.06 1.02 1.04 1.05 1.01 1.05 1.01 1.01 1.03 1.06 1.03 1.06 1.01 1.05 1.03 1.05 1.05 1.06 1.04 
1.01 1.01 1.05 1.02 1.05 1.04 1.01 1.05 1.03 1.02 1.05 1.01 1.03 1.04 1.01 1.03 1.04 1.02 1.05 1.01 
1.02 1.05 1.02 1.06 1.03 1.04 1.05 1.02 1.05 1.03 1.06 1.04 1.02 1.03 1.01 1.06 1.05 1.06 1.06 1.06 
1.06 1.06 1.04 1.05 1.05 1.06 1.05 1.02 1.02 1.03 1.05 1.03 1.01 1.04 1.05 1.02 1.04 1.06 1.05 1.03 
1.03 1.04 1.05 1.04 1.03 1.06 1.01 1.01 1.03 1.06 1.04 1.04 1.04 1.03 1.02 1.02 1.02 1.06 1.01 1.01 
1.04 1.03 1.05 1.06 1.04 1.02 1.02 1.06 1.04 1.04 1.02 1.03 1.02 1.06 1.03 1.01 1.04 1.06 1.03 1.06 
1.04 1.01 1.04 1.05 1.02 1.06 1.05 1.01 1.05 1.04 1.03 1.03 1.01 1.05 1.03 1.02 1.04 1.06 1.06 1.04 
1.05 1.03 1.06 1.01 1.01 1.05 1.06 1.05 1.01 1.02 1.01 1.06 1.03 1.02 1.05 1.05 1.01 1.06 1.03 1.05 
1.02 1.03 1.01 1.05 1.02 1.06 1.06 1.02 1.02 1.02 1.02 1.03 1.06 1.03 1.05 1.04 1.03 1.01 1.06 1.04 
1.03 1.01 1.04 1.03 1.04 1.01 1.06 1.03 1.03 1.01 1.03 1.05 1.06 1.02 1.06 1.02 1.05 1.02 1.01 1.03 
1.03 1.03 1.05 1.02 1.02 1.03 1.02 1.06 1.06 1.05 1.03 1.01 1.03 1.05 1.05 1.06 1.03 1.03 1.03 1.05 
1.05 1.01 1.05 1.02 1.04 1.05 1.04 1.02 1.04 1.06 1.02 1.02 1.05 1.02 1.06 1.04 1.01 1.04 1.06 1.06 
1.04 1.03 1.06 1.03 1.06 1.03 1.06 1.03 1.01 1.04 1.06 1.04 1.06 1.06 1.05 1.05 1.04 1.01 1.05 1.01 
1.03 1.04 1.03 1.04 1.02 1.01 1.02 1.06 1.02 1.05 1.05 1.03 1.05 1.03 1.06 1.04 1.04 1.05 1.05 1.05 
1.03 1.06 1.03 1.03 1.02 1.06 1.04 1.05 1.04 1.02 1.04 1.01 1.04 1.02 1.06 1.06 1.06 1.05 1.05 1.06 
1.02 1.01 1.01 1.04 1.03 1.03 1.05 1.05 1.04 1.03 1.04 1.04 1.04 1.01 1.02 1.05 1.02 1.04 1.06 1.02 
1.03 1.06 1.03 1.02 1.06 1.06 1.01 1.05 1.03 1.01 1.05 1.05 1.01 1.06 1.06 1.02 1.02 1.03 1.01 1.06 
1.06 1.05 1.02 1.03 1.01 1.05 1.03 1.01 1.05 1.06 1.03 1.01 1.04 1.03 1.06 1.03 1.04 1.06 1.05 1.03 
1.05 1.02 1.02 1.02 1.06 1.01 1.04 1.04 1.06 1.03 1.01 1.03 1.01 1.05 1.04 1.01 1.04 1.04 1.06 1.02 
1.01 1.01 1.06 1.03 1.06 1.02 1.06 1.04 1.06 1.04 1.03 1.03 1.02 1.03 1.01 1.04 1.03 1.02 1.04 1.03 
1.03 1.05 1.01 1.02 1.04 1.03 1.04 1.01 1.05 1.02 1.03 1.05 1.06 1.05 1.02 1.01 1.02 1.01 1.05 1.06 
1.04 1.02 1.05 1.01 1.02 1.06 1.05 1.02 1.05 1.05 1.03 1.03 1.05 1.04 1.03 1.03 1.01 1.03 1.04 1.06 
1.05 1.02 1.02 1.02 1.01 1.01 1.01 1.02 1.02 1.05 1.04 1.06 1.06 1.02 1.05 1.01 1.03 1.02 1.06 1.05 
1.01 1.06 1.03 1.03 1.05 1.02 1.02 1.01 1.03 1.06 1.02 1.02 1.05 1.04 1.02 1.02 1.05 1.05 1.03 1.05 
1.04 1.04 1.03 1.03 1.05 1.03 1.02 1.02 1.02 1.03 1.04 1.06 1.03 1.03 1.02 1.02 1.04 1.01 1.04 1.02 
1.04 1.04 1.03 1.02 1.01 1.05 1.06 1.06 1.05 1.03 1.02 1.01 1.01 1.05 1.02 1.06 1.01 1.03 1.04 1.05 
1.02 1.01 1.03 1.04 1.04 1.04 1.01 1.03 1.05 1.01 1.04 1.03 1.05 1.04 1.03 1.04 1.04 1.02 1.05 1.05 
1.04 1.06 1.02 1.02 1.06 1.02 1.04 1.04 1.06 1.03 1.01 1.02 1.04 1.06 1.05 1.04 1.04 1.01 1.02 1.05 
1.06 1.06 1.04 1.01 1.03 1.03 1.02 1.05 1.01 1.03 1.03 1.02 1.02 1.02 1.05 1.05 1.03 1.03 1.03 1.04 
1.01 1.06 1.02 1.03 1.06 1.02 1.05 1.06 1.06 1.04 1.05 1.05 1.03 1.02 1.06 1.06 1.04 1.01 1.01 1.05 
1.06 1.06 1.04 1.06 1.03 1.04 1.03 1.04 1.03 1.01 1.02 1.01 1.05 1.04 1.05 1.05 1.06 1.03 1.02 1.05 
1.01 1.06 1.05 1.04 1.03 1.03 1.01 1.02 1.05 1.02 1.05 1.05 1.02 1.02 1.01 1.06 1.02 1.02 1.04 1.05 
1.01 1.05 1.01 1.04 1.04 1.01 1.05 1.02 1.05 1.01 1.06 1.04 1.02 1.01 1.06 1.03 1.01 1.05 1.05 1.01 
1.03 1.05 1.06 1.04 1.06 1.02 1.05 1.02 1.02 1.01 1.02 1.05 1.05 1.01 1.02 1.03 1.05 1.02 1.02 1.03 
1.02 1.06 1.05 1.02 1.03 1.03 1.04 1.05 1.06 1.02 1.06 1.03 1.06 1.03 1.04 1.02 1.04 1.06 1.03 1.01 
1.05 1.01 1.01 1.01 1.01 1.06 1.02 1.05 1.04 1.02 1.02 1.04 1.03 1.03 1.02 1.04 1.06 1.04 1.06 1.02 
1.01 1.05 1.01 1.05 1.03 1.04 1.02 1.02 1.01 1.03 1.06 1.05 1.06 1.02 1.04 1.04 1.06 1.02 1.05 1.05 
1.02 1.01 1.02 1.01 1.05 1.02 1.03 1.05 1.01 1.02 1.01 1.05 1.06 1.06 1.01 1.05 1.03 1.01 1.02 1.04 
1.02 1.03 1.05 1.03 1.06 1.05 1.02 1.05 1.03 1.03 1.03 1.06 1.06 1.02 1.02 1.02 1.03 1.03 1.02 1.02 
1.06 1.05 1.01 1.05 1.03 1.02 1.05 1.02 1.06 1.04 1.02 1.03 1.05 1.04 1.03 1.03 1.05 1.05 1.01 1.06 
1.03 1.03 1.02 1.05 1.02 1.01 1.02 1.03 1.01 1.02 1.06 1.01 1.03 1.05 1.02 1.01 1.03 1.06 1.05 1.04 
1.06 1.05 1.04 1.05 1.02 1.06 1.03 1.06 1.02 1.02 1.01 1.05 1.05 1.04 1.03 1.02 1.05 1.04 1.03 1.03 
1.06 1.03 1.05 1.01 1.01 1.03 1.06 1.06 1.03 1.05 1.03 1.05 1.06 1.04 1.01 1.01 1.02 1.05 1.04 1.01 
1.04 1.03 1.05 1.02 1.05 1.02 1.01 1.06 1.02 1.03 1.05 1.01 1.03 1.02 1.04 1.01 1.01 1.03 1.05 1.05 
1.01 1.04 1.01 1.06 1.01 1.05 1.04 1.06 1.06 1.03 1.06 1.06 1.03 1.06 1.05 1.06 1.01 1.05 1.04 1.05 
1.04 1.02 1.04 1.04 1.04 1.03 1.01 1.02 1.06 1.05 1.06 1.03 1.05 1.03 1.05 1.02 1.04 1.02 1.02 1.01 
1.03 1.04 1.03 1.02 1.05 1.02 1.03 1.04 1.06 1.01 1.02 1.02 1.01 1.01 1.03 1.06 1.06 1.01 1.02 1.01 
1.04 1.04 1.04 1.04 1.04 1.01 1.02 1.05 1.05 1.03 1.02 1.03 1.05 1.03 1.01 1.05 1.01 1.05 1.04 1.05 
1.05 1.04 1.06 1.05 1.01 1.01 1.02 1.02 1.02 1.01 1.02 1.03 1.02 1.04 1.03 1.01 1.04 1.01 1.04 1.03 
1.03 1.03 1.01 1.04 1.04 1.06 1.03 1.02 1.06 1.03 1.06 1.02 1.03 1.03 1.06 1.01 1.03 1.02 1.06 1.03 
1.02 1.05 1.01 1.01 1.02 1.03 1.03 1.03 1.03 1.05 1.05 1.05 1.05 1.06 1.02 1.05 1.02 1.04 1.01 1.01 
1.03 1.06 1.03 1.05 1.04 1.06 1.04 1.05 1.06 1.01 1.06 1.06 1.03 1.06 1.06 1.06 1.04 1.01 1.05 1.05 
1.01 1.06 1.01 1.05 1.05 1.03 1.06 1.01 1.03 1.02 1.03 1.01 1.03 1.03 1.02 1.06 1.04 1.01 1.01 1.01 
1.02 1.05 1.05 1.02 1.05 1.04 1.05 1.01 1.06 1.05 1.03 1.02 1.03 1.04 1.01 1.06 1.04 1.05 1.02 1.01 
1.03 1.02 1.04 1.05 1.06 1.02 1.03 1.06 1.05 1.02 1.01 1.04 1.06 1.06 1.05 1.01 1.05 1.03 1.06 1.04 
1.03 1.01 1.05 1.05 1.02 1.01 1.03 1.01 1.02 1.04 1.06 1.05 1.04 1.02 1.01 1.04 1.06 1.01 1.01 1.05 
1.03 1.01 1.02 1.02 1.01 1.06 1.05 1.04 1.06 1.01 1.02 1.06 1.05 1.01 1.06 1.03 1.04 1.06 1.05 1.01 
1.02 1.06 1.06 1.03 1.04 1.05 1.02 1.05 1.04 1.03 1.06 1.04 1.04 1.05 1.01 1.02 1.05 1.03 1.06 1.05 
1.06 1.03 1.05 1.04 1.04 1.02 1.06 1.03 1.01 1.05 1.04 1.03 1.01 1.02 1.03 1.05 1.05 1.06 1.01 1.06 
1.01 1.04 1.04 1.04 1.05 1.05 1.03 1.06 1.01 1.05 1.06 1.05 1.06 1.05 1.03 1.05 1.01 1.04 1.03 1.02 
1.03 1.05 1.01 1.02 1.01 1.01 1.01 1.03 1.01 1.01 1.03 1.04 1.01 1.02 1.06 1.02 1.03 1.05 1.06 1.05 
1.04 1.03 1.03 1.02 1.02 1.06 1.04 1.04 1.03 1.05 1.04 1.02 1.03 1.04 1.04 1.03 1.02 1.01 1.06 1.06 
1.02 1.01 1.04 1.06 1.01 1.03 1.02 1.03 1.03 1.06 1.06 1.06 1.04 1.05 1.04 1.03 1.01 1.03 1.05 1.04 
1.06 1.01 1.04 1.06 1.01 1.01 1.05 1.04 1.03 1.03 1.05 1.06 1.06 1.06 1.02 1.05 1.02 1.05 1.04 1.06 
1.01 1.04 1.05 1.04 1.05 1.01 1.01 1.01 1.06 1.04 1.01 1.04 1.05 1.04 1.05 1.01 1.05 1.02 1.05 1.06 
1.01 1.03 1.01 1.04 1.04 1.06 1.01 1.03 1.06 1.06 1.01 1.02 1.02 1.03 1.01 1.04 1.02 1.02 1.02 1.04 
1.01 1.05 1.06 1.04 1.05 1.03 1.05 1.02 1.02 1.03 1.04 1.05 1.01 1.01 1.02 1.06 1.01 1.03 1.06 1.06 
1.06 1.02 1.05 1.01 1.02 1.05 1.05 1.05 1.06 1.04 1.02 1.03 1.01 1.06 1.02 1.03 1.04 1.03 1.06 1.04 
1.03 1.02 1.02 1.05 1.06 1.05 1.03 1.02 1.05 1.05 1.06 1.06 1.06 1.04 1.02 1.04 1.01 1.02 1.06 1.02 
1.04 1.05 1.04 1.04 1.01 1.01 1.05 1.05 1.02 1.06 1.04 1.06 1.06 1.05 1.03 1.03 1.06 1.03 1.01 1.01 
1.01 1.06 1.01 1.05 1.01 1.06 1.05 1.02 1.03 1.06 1.02 1.01 1.03 1.05 1.05 1.06 1.05 1.06 1.06 1.04 
1.02 1.01 1.02 1.03 1.01 1.05 1.06 1.06 1.01 1.01 1.01 1.06 1.04 1.04 1.03 1.06 1.04 1.04 1.01 1.06 
1.05 1.01 1.05 1.01 1.05 1.01 1.03 1.01 1.06 1.05 1.06 1.03 1.01 1.02 1.03 1.05 1.01 1.01 1.04 1.02 
1.04 1.01 1.05 1.01 1.02 1.04 1.02 1.01 1.05 1.06 1.06 1.03 1.01 1.02 1.01 1.05 1.02 1.01 1.02 1.02 
1.03 1.03 1.03 1.03 1.06 1.03 1.05 1.01 1.04 1.03 1.01 1.01 1.04 1.05 1.04 1.04 1.04 1.02 1.03 1.05 
1.03 1.04 1.06 1.06 1.01 1.01 1.05 1.02 1.03 1.05 1.06 1.04 1.06 1.06 1.01 1.04 1.02 1.04 1.06 1.06 
1.06 1.06 1.05 1.02 1.06 1.02 1.02 1.04 1.04 1.01 1.02 1.04 1.05 1.06 1.01 1.06 1.04 1.06 1.02 1.01 
1.01 1.06 1.03 1.04 1.03 1.04 1.06 1.04 1.03 1.01 1.01 1.01 1.05 1.04 1.06 1.01 1.02 1.02 1.05 1.01 
1.05 1.02 1.03 1.02 1.01 1.04 1.03 1.01 1.05 1.01 1.04 1.01 1.02 1.02 1.02 1.05 1.05 1.01 1.05 1.02 
1.05 1.01 1.02 1.01 1.06 1.01 1.03 1.01 1.02 1.01 1.04 1.04 1.06 1.01 1.03 1.06 1.02 1.04 1.06 1.04 
1.06 1.02 1.03 1.01 1.01 1.05 1.05 1.02 1.05 1.03 1.04 1.02 1.01 1.04 1.01 1.03 1.06 1.03 1.05 1.03 
1.02 1.01 1.05 1.02 1.03 1.06 1.03 1.01 1.03 1.02 1.04 1.05 1.04 1.05 1.05 1.05 1.05 1.01 1.02 1.04 
1.06 1.06 1.03 1.03 1.06 1.03 1.03 1.04 1.01 1.02 1.02 1.04 1.04 1.06 1.04 1.02 1.03 1.04 1.03 1.03 
1.02 1.05 1.05 1.03 1.04 1.06 1.03 1.02 1.04 1.02 1.05 1.03 1.03 1.02 1.03 1.04 1.05 1.01 1.02 1.01 
1.02 1.05 1.02 1.05 1.02 1.06 1.02 1.03 1.05 1.06 1.05 1.04 1.02 1.05 1.05 1.02 1.04 1.02 1.02 1.06 
1.05 1.01 1.01 1.02 1.02 1.01 1.01 1.06 1.06 1.04 1.02 1.01 1.06 1.06 1.03 1.01 1.02 1.01 1.05 1.04 
1.03 1.04 1.06 1.05 1.01 1.04 1.04 1.04 1.05 1.02 1.05 1.01 1.01 1.01 1.06 1.04 1.05 1.06 1.01 1.06 
1.01 1.01 1.06 1.02 1.05 1.04 1.06 1.03 1.04 1.06 1.03 1.04 1.03 1.01 1.02 1.06 1.04 1.06 1.05 1.05 
1.03 1.06 1.05 1.02 1.04 1.06 1.04 1.02 1.05 1.05 1.05 1.05 1.06 1.01 1.01 1.03 1.06 1.04 1.05 1.01 
1.04 1.01 1.01 1.03 1.06 1.01 1.03 1.04 1.02 1.01 1.03 1.06 1.03 1.05 1.05 1.04 1.05 1.01 1.06 1.05 
1.01 1.06 1.02 1.06 1.03 1.03 1.01 1.03 1.01 1.04 1.06 1.06 1.05 1.04 1.01 1.06 1.01 1.06 1.03 1.04 
1.05 1.04 1.04 1.01 1.06 1.05 1.04 1.02 1.05 1.06 1.03 1.06 1.01 1.03 1.04 1.01 1.04 1.04 1.02 1.05 
1.01 1.02 1.04 1.05 1.04 1.01 1.02 1.02 1.05 1.06 1.05 1.01 1.06 1.06 1.04 1.02 1.02 1.04 1.03 1.01 
1.02 1.05 1.03 1.02 1.04 1.04 1.05 1.01 1.04 1.06 1.06 1.02 1.05 1.06 1.05 1.01 1.04 1.06 1.06 1.04 
1.05 1.03 1.02 1.06 1.03 1.01 1.04 1.03 1.02 1.02 1.01 1.01 1.02 1.04 1.06 1.05 1.03 1.01 1.01 1.02 
1.06 1.06 1.05 1.03 1.03 1.02 1.02 1.01 1.01 1.01 1.03 1.03 1.03 1.03 1.06 1.02 1.03 1.04 1.04 1.03 
1.02 1.01 1.04 1.06 1.04 1.01 1.01 1.06 1.04 1.06 1.03 1.01 1.03 1.06 1.02 1.05 1.06 1.02 1.01 1.02 
1.01 1.04 1.04 1.02 1.05 1.06 1.05 1.06 1.03 1.03 1.02 1.06 1.05 1.06 1.06 1.06 1.01 1.04 1.06 1.04 
1.04 1.04 1.01 1.06 1.03 1.02 1.04 1.02 1.04 1.04 1.06 1.05 1.05 1.05 1.01 1.06 1.04 1.01 1.03 1.06 
1.01 1.04 1.03 1.02 1.04 1.05 1.03 1.02 1.01 1.03 1.01 1.02 1.03 1.01 1.05 1.01 1.06 1.06 1.03 1.01 
1.04 1.01 1.02 1.03 1.04 1.02 1.06 1.02 1.03 1.02 1.05 1.03 1.04 1.03 1.01 1.05 1.04 1.01 1.02 1.01 
1.05 1.05 1.02 1.03 1.04 1.04 1.01 1.04 1.05 1.06 1.03 1.05 1.03 1.05 1.05 1.01 1.02 1.04 1.04 1.03 
1.02 1.01 1.04 1.06 1.01 1.06 1.02 1.06 1.03 1.03 1.06 1.02 1.04 1.04 1.02 1.06 1.04 1.01 1.03 1.06 
1.03 1.06 1.03 1.03 1.05 1.04 1.02 1.01 1.02 1.01 1.06 1.05 1.06 1.04 1.01 1.02 1.02 1.05 1.03 1.01 
1.01 1.03 1.01 1.06 1.01 1.06 1.06 1.06 1.05 1.03 1.04 1.03 1.05 1.02 1.01 1.04 1.05 1.04 1.01 1.06 
1.03 1.05 1.04 1.03 1.02 1.03 1.01 1.02 1.05 1.04 1.04 1.03 1.06 1.03 1.05 1.01 1.02 1.03 1.02 1.02 
1.04 1.02 1.01 1.02 1.02 1.02 1.01 1.03 1.04 1.01 1.04 1.03 1.01 1.06 1.02 1.06 1.02 1.06 1.03 1.05 
1.04 1.04 1.02 1.04 1.06 1.03 1.06 1.05 1.01 1.01 1.04 1.01 1.04 1.03 1.03 1.02 1.06 1.05 1.02 1.05 
1.06 1.03 1.06 1.01 1.01 1.02 1.02 1.05 1.01 1.01 1.02 1.04 1.04 1.05 1.05 1.01 1.05 1.03 1.01 1.01 
1.02 1.04 1.06 1.05 1.05 1.02 1.06 1.01 1.03 1.01 1.02 1.03 1.02 1.02 1.03 1.01 1.06 1.03 1.06 1.03 
1.02 1.03 1.03 1.01 1.05 1.02 1.03 1.05 1.01 1.06 1.02 1.01 1.01 1.04 1.05 1.03 1.05 1.06 1.04 1.01 
1.06 1.02 1.03 1.06 1.01 1.01 1.01 1.04 1.04 1.03 1.01 1.01 1.01 1.05 1.03 1.01 1.05 1.06 1.03 1.05 
1.06 1.02 1.03 1.04 1.06 1.04 1.04 1.04 1.02 1.05 1.06 1.01 1.04 1.06 1.02 1.06 1.03 1.04 1.01 1.03 
1.04 1.01 1.02 1.04 1.05 1.05 1.04 1.02 1.01 1.03 1.05 1.04 1.06 1.01 1.05 1.05 1.06 1.03 1.03 1.05 
1.01 1.02 1.06 1.04 1.01 1.05 1.06 1.02 1.03 1.06 1.04 1.04 1.01 1.01 1.01 1.06 1.01 1.06 1.04 1.03 
1.04 1.05 1.05 1.03 1.02 1.04 1.03 1.01 1.04 1.03 1.02 1.05 1.02 1.03 1.04 1.04 1.02 1.05 1.05 1.03 
1.01 1.06 1.01 1.02 1.03 1.03 1.04 1.04 1.03 1.04 1.01 1.04 1.02 1.03 1.02 1.05 1.05 1.01 1.03 1.03 
1.03 1.03 1.05 1.03 1.03 1.02 1.03 1.01 1.06 1.06 1.03 1.04 1.02 1.02 1.01 1.02 1.06 1.03 1.01 1.01 
1.03 1.01 1.06 1.06 1.05 1.04 1.04 1.06 1.01 1.03 1.03 1.01 1.05 1.03 1.02 1.02 1.01 1.03 1.01 1.06 
1.05 1.05 1.02 1.06 1.05 1.02 1.01 1.01 1.01 1.05 1.05 1.04 1.06 1.05 1.06 1.06 1.04 1.02 1.01 1.03 
1.01 1.03 1.02 1.06 1.04 1.03 1.04 1.04 1.01 1.02 1.01 1.05 1.01 1.04 1.06 1.02 1.04 1.03 1.06 1.04 
1.01 1.03 1.01 1.02 1.03 1.04 1.01 1.06 1.03 1.04 1.02 1.05 1.02 1.03 1.06 1.04 1.05 1.03 1.04 1.06 
1.03 1.02 1.03 1.03 1.03 1.05 1.06 1.03 1.02 1.04 1.05 1.06 1.05 1.01 1.01 1.06 1.01 1.01 1.03 1.01 
1.06 1.06 1.02 1.03 1.06 1.04 1.03 1.02 1.01 1.02 1.04 1.02 1.01 1.06 1.01 1.03 1.02 1.01 1.05 1.05 
1.06 1.05 1.03 1.02 1.02 1.03 1.01 1.05 1.06 1.02 1.06 1.05 1.05 1.06 1.03 1.06 1.06 1.02 1.03 1.02 
1.01 1.06 1.06 1.05 1.02 1.02 1.06 1.02 1.05 1.06 1.05 1.03 1.02 1.03 1.04 1.05 1.02 1.03 1.05 1.05 
1.04 1.04 1.05 1.01 1.05 1.02 1.03 1.05 1.06 1.02 1.05 1.01 1.01 1.04 1.01 1.01 1.04 1.01 1.06 1.01 
1.03 1.06 1.02 1.04 1.04 1.02 1.02 1.02 1.01 1.06 1.04 1.05 1.03 1.06 1.03 1.05 1.03 1.04 1.02 1.01 
1.05 1.04 1.06 1.04 1.05 1.03 1.05 1.04 1.05 1.01 1.05 1.02 1.02 1.05 1.01 1.05 1.01 1.04 1.03 1.01 
1.04 1.06 1.02 1.03 1.01 1.06 1.06 1.06 1.03 1.04 1.02 1.06 1.02 1.06 1.04 1.02 1.05 1.03 1.06 1.02 
1.01 1.02 1.04 1.06 1.04 1.02 1.04 1.01 1.06 1.05 1.06 1.05 1.02 1.02 1.01 1.04 1.02 1.04 1.06 1.05 
1.03 1.04 1.03 1.03 1.03 1.06 1.03 1.02 1.03 1.02 1.05 1.04 1.01 1.04 1.06 1.01 1.02 1.05 1.01 1.01 
1.02 1.05 1.05 1.01 1.05 1.01 1.04 1.02 1.06 1.02 1.01 1.01 1.03 1.05 1.05 1.02 1.01 1.06 1.03 1.04 
1.05 1.06 1.06 1.04 1.01 1.05 1.05 1.03 1.01 1.06 1.05 1.06 1.02 1.02 1.02 1.04 1.04 1.04 1.02 1.04 
1.05 1.04 1.05 1.01 1.04 1.01 1.02 1.06 1.03 1.02 1.03 1.05 1.03 1.01 1.04 1.05 1.04 1.01 1.03 1.05 
1.01 1.02 1.02 1.01 1.04 1.06 1.06 1.03 1.06 1.06 1.05 1.03 1.01 1.03 1.05 1.01 1.06 1.06 1.02 1.03 
1.01 1.06 1.01 1.06 1.05 1.01 1.03 1.04 1.05 1.03 1.04 1.01 1.05 1.03 1.04 1.01 1.02 1.01 1.02 1.03 
1.01 1.03 1.01 1.03 1.05 1.02 1.02 1.04 1.03 1.04 1.03 1.06 1.04 1.05 1.01 1.04 1.05 1.06 1.03 1.05 
1.05 1.05 1.04 1.03 1.02 1.05 1.04 1.02 1.03 1.02 1.06 1.05 1.05 1.06 1.01 1.05 1.02 1.01 1.06 1.01 
1.04 1.03 1.06 1.02 1.03 1.01 1.02 1.05 1.03 1.05 1.05 1.02 1.04 1.02 1.04 1.01 1.02 1.02 1.05 1.03 
1.02 1.05 1.06 1.03 1.05 1.01 1.01 1.01 1.05 1.01 1.01 1.01 1.06 1.05 1.06 1.05 1.06 1.06 1.05 1.03 
1.01 1.06 1.03 1.02 1.02 1.01 1.01 1.04 1.02 1.02 1.03 1.03 1.05 1.04 1.01 1.04 1.03 1.03 1.01 1.04 
1.02 1.06 1.02 1.03 1.03 1.04 1.05 1.06 1.03 1.06 1.06 1.02 1.01 1.05 1.03 1.02 1.05 1.04 1.01 1.02 
1.03 1.06 1.06 1.05 1.03 1.05 1.05 1.05 1.01 1.02 1.01 1.06 1.02 1.06 1.03 1.06 1.05 1.01 1.05 1.03 
1.03 1.01 1.05 1.04 1.06 1.06 1.02 1.04 1.03 1.05 1.06 1.06 1.01 1.01 1.06 1.06 1.01 1.04 1.02 1.01 
1.05 1.01 1.06 1.06 1.01 1.01 1.06 1.01 1.05 1.01 1.03 1.05 1.01 1.01 1.06 1.02 1.05 1.05 1.04 1.06 
1.06 1.06 1.06 1.06 1.05 1.05 1.05 1.01 1.05 1.03 1.05 1.05 1.04 1.03 1.06 1.03 1.01 1.05 1.06 1.05 
1.03 1.02 1.05 1.04 1.06 1.02 1.03 1.06 1.02 1.02 1.01 1.01 1.04 1.05 1.04 1.05 1.06 1.03 1.04 1.01 
1.04 1.06 1.06 1.02 1.06 1.02 1.05 1.04 1.06 1.05 1.03 1.01 1.05 1.05 1.01 1.03 1.02 1.02 1.06 1.01 
1.03 1.05 1.02 1.03 1.01 1.05 1.01 1.06 1.06 1.03 1.02 1.06 1.03 1.02 1.05 1.05 1.04 1.05 1.01 1.04 
1.01 1.03 1.05 1.03 1.03 1.06 1.02 1.03 1.03 1.06 1.01 1.06 1.06 1.06 1.01 1.05 1.03 1.06 1.05 1.06 
1.03 1.05 1.01 1.01 1.02 1.03 1.05 1.03 1.01 1.06 1.06 1.01 1.02 1.06 1.05 1.04 1.06 1.03 1.04 1.02 
1.01 1.02 1.04 1.06 1.04 1.04 1.05 1.06 1.01 1.06 1.02 1.06 1.02 1.03 1.03 1.03 1.01 1.03 1.04 1.03 
1.04 1.02 1.01 1.02 1.03 1.05 1.02 1.06 1.05 1.06 1.05 1.05 1.05 1.01 1.01 1.04 1.03 1.01 1.02 1.05 
1.04 1.04 1.04 1.06 1.04 1.01 1.03 1.03 1.05 1.05 1.05 1.03 1.05 1.01 1.05 1.05 1.05 1.02 1.04 1.03 
1.06 1.03 1.02 1.02 1.05 1.04 1.02 1.01 1.01 1.06 1.06 1.05 1.05 1.06 1.02 1.03 1.02 1.02 1.01 1.04 
1.01 1.03 1.04 1.06 1.02 1.06 1.03 1.02 1.05 1.01 1.03 1.06 1.01 1.03 1.03 1.04 1.05 1.05 1.01 1.02 
1.01 1.02 1.06 1.06 1.06 1.06 1.02 1.05 1.02 1.06 1.03 1.03 1.04 1.01 1.05 1.01 1.01 1.02 1.05 1.06 
1.03 1.04 1.03 1.02 1.02 1.02 1.03 1.05 1.03 1.02 1.06 1.02 1.06 1.01 1.06 1.03 1.05 1.06 1.06 1.05 
1.04 1.02 1.04 1.03 1.03 1.01 1.05 1.01 1.02 1.04 1.01 1.02 1.04 1.03 1.03 1.05 1.04 1.03 1.02 1.04 
1.02 1.04 1.02 1.03 1.02 1.05 1.01 1.02 1.05 1.05 1.05 1.03 1.04 1.03 1.04 1.05 1.04 1.04 1.04 1.05 
1.01 1.01 1.02 1.03 1.05 1.05 1.01 1.03 1.03 1.05 1.06 1.06 1.06 1.02 1.02 1.04 1.04 1.03 1.01 1.02 
1.03 1.05 1.03 1.02 1.01 1.01 1.05 1.04 1.03 1.02 1.04 1.01 1.06 1.05 1.06 1.02 1.02 1.01 1.01 1.01 
1.05 1.02 1.06 1.02 1.05 1.04 1.05 1.05 1.02 1.01 1.04 1.05 1.06 1.04 1.05 1.05 1.03 1.03 1.04 1.02 
1.01 1.02 1.06 1.04 1.05 1.01 1.03 1.01 1.03 1.05 1.02 1.01 1.01 1.04 1.06 1.01 1.03 1.01 1.05 1.06 
1.03 1.04 1.05 1.04 1.04 1.01 1.02 1.06 1.02 1.02 1.02 1.06 1.03 1.02 1.06 1.02 1.02 1.03 1.02 1.06 
1.03 1.06 1.04 1.04 1.05 1.01 1.04 1.02 1.01 1.05 1.06 1.04 1.06 1.04 1.04 1.02 1.03 1.06 1.05 1.04 
1.02 1.01 1.01 1.03 1.03 1.01 1.02 1.04 1.02 1.04 1.01 1.05 1.03 1.06 1.06 1.01 1.04 1.01 1.03 1.06 
1.06 1.04 1.05 1.02 1.03 1.02 1.01 1.03 1.01 1.05 1.06 1.05 1.02 1.01 1.05 1.04 1.04 1.02 1.01 1.02 
1.02 1.02 1.05 1.03 1.04 1.03 1.02 1.05 1.05 1.05 1.03 1.05 1.01 1.02 1.02 1.04 1.05 1.04 1.01 1.06 
1.06 1.02 1.05 1.04 1.04 1.04 1.04 1.04 1.01 1.01 1.04 1.05 1.01 1.02 1.04 1.04 1.05 1.01 1.06 1.01 
1.04 1.01 1.02 1.04 1.06 1.03 1.03 1.03 1.01 1.06 1.05 1.01 1.02 1.05 1.06 1.05 1.06 1.03 1.06 1.02 
1.02 1.02 1.01 1.02 1.05 1.06 1.06 1.02 1.02 1.04 1.05 1.06 1.04 1.04 1.01 1.04 1.03 1.05 1.03 1.05 
1.02 1.02 1.06 1.03 1.02 1.05 1.01 1.05 1.06 1.02 1.06 1.05 1.02 1.06 1.06 1.02 1.04 1.01 1.02 1.03 
1.05 1.05 1.03 1.03 1.04 1.02 1.03 1.06 1.05 1.01 1.03 1.05 1.04 1.06 1.04 1.06 1.05 1.01 1.04 1.03 
1.05 1.05 1.03 1.05 1.02 1.03 1.05 1.04 1.03 1.01 1.06 1.04 1.05 1.02 1.03 1.04 1.03 1.04 1.02 1.01 
1.05 1.03 1.01 1.01 1.03 1.01 1.01 1.01 1.06 1.01 1.01 1.06 1.02 1.02 1.01 1.01 1.02 1.04 1.06 1.06 
1.03 1.01 1.05 1.05 1.03 1.04 1.03 1.06 1.01 1.04 1.04 1.02 1.05 1.02 1.05 1.06 1.02 1.01 1.05 1.01 
1.03 1.02 1.05 1.03 1.04 1.05 1.04 1.05 1.04 1.05 1.05 1.01 1.04 1.05 1.01 1.05 1.03 1.06 1.03 1.06 
1.04 1.02 1.05 1.02 1.02 1.01 1.01 1.05 1.04 1.01 1.06 1.03 1.05 1.06 1.01 1.01 1.05 1.04 1.01 1.05 
1.03 1.01 1.06 1.01 1.01 1.02 1.04 1.02 1.02 1.06 1.04 1.05 1.05 1.01 1.01 1.03 1.03 1.02 1.05 1.06 
1.03 1.06 1.05 1.02 1.02 1.01 1.03 1.01 1.05 1.01 1.04 1.06 1.04 1.06 1.02 1.05 1.05 1.06 1.05 1.01 
1.03 1.06 1.04 1.02 1.05 1.03 1.06 1.02 1.04 1.05 1.06 1.06 1.04 1.02 1.06 1.03 1.03 1.01 1.05 1.01 
1.05 1.02 1.03 1.01 1.06 1.02 1.02 1.05 1.02 1.05 1.06 1.01 1.02 1.04 1.03 1.04 1.01 1.03 1.06 1.05 
1.06 1.06 1.05 1.05 1.04 1.05 1.03 1.03 1.03 1.06 1.02 1.04 1.06 1.04 1.01 1.04 1.06 1.06 1.03 1.02 
1.01 1.03 1.03 1.01 1.02 1.04 1.04 1.02 1.03 1.05 1.01 1.01 1.06 1.01 1.02 1.06 1.01 1.06 1.02 1.06 
1.06 1.02 1.06 1.05 1.06 1.05 1.02 1.01 1.06 1.06 1.03 1.03 1.05 1.02 1.01 1.04 1.02 1.03 1.05 1.06 
1.03 1.02 1.01 1.02 1.04 1.03 1.05 1.01 1.02 1.06 1.04 1.03 1.05 1.06 1.05 1.01 1.02 1.01 1.06 1.01 
1.02 1.03 1.01 1.02 1.04 1.03 1.06 1.05 1.06 1.04 1.06 1.01 1.05 1.02 1.06 1.03 1.01 1.02 1.03 1.05 
1.02 1.03 1.05 1.03 1.04 1.02 1.02 1.01 1.05 1.06 1.04 1.02 1.03 1.01 1.03 1.02 1.01 1.04 1.02 1.05 
1.05 1.01 1.02 1.01 1.05 1.01 1.03 1.05 1.04 1.03 1.06 1.01 1.01 1.06 1.01 1.01 1.04 1.03 1.03 1.04 
1.05 1.04 1.05 1.05 1.02 1.01 1.03 1.05 1.05 1.06 1.06 1.04 1.04 1.03 1.05 1.05 1.03 1.04 1.05 1.06 
1.05 1.02 1.04 1.06 1.05 1.01 1.03 1.02 1.02 1.06 1.02 1.03 1.03 1.01 1.05 1.01 1.05 1.05 1.04 1.06 
1.04 1.01 1.06 1.03 1.03 1.04 1.02 1.05 1.01 1.02 1.04 1.03 1.02 1.04 1.06 1.03 1.05 1.04 1.06 1.03 
1.04 1.01 1.02 1.06 1.06 1.01 1.06 1.01 1.05 1.05 1.02 1.03 1.02 1.04 1.01 1.06 1.06 1.04 1.01 1.01 
1.01 1.01 1.02 1.06 1.06 1.01 1.06 1.03 1.02 1.03 1.02 1.03 1.05 1.02 1.01 1.02 1.02 1.01 1.02 1.02 
1.01 1.05 1.01 1.01 1.02 1.03 1.03 1.05 1.04 1.05 1.06 1.01 1.03 1.06 1.06 1.02 1.02 1.05 1.06 1.05 
1.01 1.02 1.01 1.02 1.02 1.01 1.04 1.06 1.02 1.05 1.05 1.01 1.05 1.01 1.03 1.03 1.01 1.04 1.02 1.03 
1.02 1.03 1.04 1.02 1.04 1.03 1.02 1.03 1.01 1.05 1.05 1.05 1.01 1.05 1.02 1.03 1.01 1.06 1.01 1.01 
1.01 1.03 1.06 1.05 1.06 1.02 1.05 1.04 1.06 1.06 1.05 1.01 1.03 1.03 1.01 1.02 1.01 1.03 1.04 1.04 
1.04 1.05 1.03 1.02 1.02 1.06 1.05 1.02 1.05 1.06 1.02 1.06 1.05 1.02 1.06 1.02 1.01 1.03 1.02 1.03 
1.02 1.03 1.02 1.05 1.01 1.03 1.04 1.03 1.05 1.02 1.02 1.04 1.03 1.06 1.05 1.03 1.04 1.01 1.06 1.05 
1.05 1.01 1.02 1.04 1.06 1.04 1.03 1.03 1.06 1.04 1.06 1.06 1.05 1.04 1.03 1.01 1.06 1.06 1.03 1.06 
1.04 1.03 1.01 1.01 1.04 1.03 1.03 1.03 1.02 1.06 1.03 1.03 1.03 1.01 1.05 1.02 1.05 1.01 1.01 1.02 
1.02 1.06 1.05 1.06 1.05 1.01 1.01 1.04 1.06 1.01 1.06 1.03 1.04 1.03 1.04 1.05 1.04 1.04 1.05 1.01 
1.01 1.06 1.03 1.05 1.03 1.06 1.01 1.01 1.01 1.01 1.05 1.03 1.03 1.05 1.05 1.01 1.05 1.03 1.05 1.02 
1.05 1.06 1.04 1.05 1.04 1.04 1.05 1.03 1.06 1.02 1.02 1.04 1.03 1.01 1.01 1.01 1.04 1.02 1.05 1.02 
1.01 1.05 1.05 1.01 1.02 1.01 1.03 1.04 1.06 1.02 1.04 1.02 1.03 1.01 1.05 1.05 1.03 1.01 1.02 1.01 
1.04 1.06 1.02 1.01 1.01 1.05 1.03 1.01 1.03 1.05 1.02 1.03 1.03 1.05 1.03 1.01 1.02 1.02 1.06 1.03 
1.02 1.04 1.01 1.03 1.02 1.04 1.05 1.05 1.04 1.04 1.01 1.06 1.03 1.01 1.02 1.04 1.02 1.02 1.05 1.04 
1.05 1.03 1.05 1.01 1.03 1.05 1.06 1.03 1.03 1.02 1.01 1.01 1.06 1.05 1.03 1.02 1.02 1.01 1.01 1.01 
1.05 1.02 1.05 1.01 1.04 1.06 1.04 1.02 1.04 1.02 1.05 1.06 1.03 1.06 1.06 1.01 1.01 1.02 1.06 1.01 
1.06 1.02 1.01 1.05 1.01 1.01 1.03 1.04 1.01 1.03 1.05 1.06 1.06 1.03 1.03 1.05 1.05 1.05 1.04 1.03 
1.06 1.06 1.04 1.04 1.03 1.02 1.05 1.02 1.05 1.04 1.03 1.06 1.05 1.02 1.03 1.01 1.01 1.03 1.02 1.04 
1.04 1.05 1.05 1.02 1.05 1.03 1.03 1.05 1.02 1.01 1.01 1.05 1.03 1.01 1.01 1.03 1.03 1.01 1.02 1.03 
1.05 1.03 1.04 1.02 1.03 1.03 1.02 1.06 1.01 1.04 1.03 1.01 1.06 1.05 1.02 1.02 1.04 1.04 1.01 1.04 
1.06 1.04 1.01 1.01 1.03 1.03 1.03 1.02 1.06 1.02 1.05 1.05 1.01 1.05 1.05 1.06 1.03 1.05 1.05 1.06 
1.03 1.02 1.06 1.01 1.06 1.04 1.03 1.03 1.01 1.04 1.05 1.05 1.02 1.04 1.06 1.04 1.03 1.05 1.01 1.06 
1.03 1.05 1.01 1.05 1.03 1.06 1.05 1.05 1.05 1.05 1.01 1.02 1.04 1.02 1.03 1.01 1.02 1.06 1.02 1.04 
1.04 1.03 1.02 1.05 1.05 1.05 1.05 1.03 1.03 1.03 1.04 1.06 1.02 1.06 1.06 1.01 1.03 1.01 1.04 1.06 
1.02 1.05 1.04 1.02 1.03 1.04 1.02 1.04 1.03 1.05 1.03 1.04 1.01 1.03 1.02 1.04 1.02 1.01 1.02 1.05 
1.02 1.05 1.05 1.01 1.04 1.01 1.02 1.02 1.01 1.03 1.02 1.02 1.05 1.01 1.02 1.03 1.06 1.06 1.04 1.03 
1.05 1.03 1.02 1.04 1.06 1.05 1.05 1.05 1.01 1.06 1.03 1.04 1.01 1.05 1.01 1.04 1.04 1.04 1.01 1.02 
1.05 1.02 1.06 1.04 1.06 1.02 1.04 1.04 1.02 1.06 1.04 1.03 1.02 1.06 1.03 1.01 1.02 1.05 1.04 1.01 
1.02 1.06 1.05 1.03 1.02 1.01 1.01 1.03 1.04 1.06 1.04 1.05 1.03 1.01 1.06 1.05 1.04 1.05 1.04 1.04 
1.02 1.04 1.06 1.01 1.06 1.01 1.03 1.06 1.06 1.03 1.02 1.05 1.04 1.01 1.02 1.05 1.02 1.01 1.05 1.05 
1.05 1.06 1.06 1.06 1.06 1.04 1.03 1.05 1.04 1.04 1.02 1.02 1.02 1.05 1.04 1.06 1.04 1.04 1.03 1.01 
1.03 1.03 1.01 1.02 1.04 1.03 1.01 1.04 1.05 1.02 1.03 1.04 1.06 1.02 1.04 1.06 1.03 1.03 1.03 1.05 
1.06 1.06 1.01 1.06 1.06 1.05 1.04 1.01 1.02 1.02 1.05 1.01 1.01 1.01 1.05 1.03 1.03 1.03 1.04 1.02 
1.02 1.06 1.02 1.02 1.05 1.05 1.05 1.01 1.02 1.06 1.06 1.03 1.03 1.05 1.03 1.05 1.04 1.03 1.05 1.06 
1.04 1.02 1.03 1.06 1.04 1.01 1.06 1.03 1.01 1.03 1.01 1.02 1.02 1.06 1.06 1.02 1.02 1.03 1.06 1.05 
1.02 1.01 1.01 1.03 1.01 1.01 1.01 1.01 1.02 1.04 1.01 1.06 1.05 1.06 1.04 1.02 1.05 1.01 1.04 1.05 
1.04 1.03 1.05 1.03 1.02 1.01 1.03 1.05 1.06 1.06 1.04 1.03 1.04 1.03 1.04 1.04 1.01 1.06 1.05 1.02 
1.03 1.04 1.06 1.01 1.02 1.02 1.06 1.01 1.01 1.05 1.01 1.01 1.02 1.03 1.02 1.05 1.04 1.03 1.04 1.01 
1.02 1.02 1.02 1.03 1.02 1.06 1.05 1.05 1.02 1.06 1.05 1.01 1.06 1.03 1.05 1.05 1.05 1.06 1.01 1.03 
1.01 1.05 1.05 1.04 1.01 1.03 1.02 1.02 1.04 1.02 1.01 1.05 1.01 1.01 1.01 1.04 1.05 1.01 1.01 1.06 
1.02 1.03 1.04 1.03 1.04 1.03 1.03 1.01 1.03 1.02 1.02 1.01 1.01 1.06 1.04 1.04 1.05 1.02 1.04 1.03 
1.06 1.06 1.05 1.01 1.06 1.01 1.05 1.03 1.01 1.02 1.02 1.03 1.02 1.03 1.04 1.03 1.04 1.06 1.02 1.06 
1.05 1.05 1.06 1.04 1.05 1.02 1.06 1.01 1.05 1.03 1.03 1.04 1.04 1.03 1.02 1.03 1.05 1.05 1.04 1.01 
1.01 1.06 1.06 1.01 1.02 1.03 1.01 1.02 1.02 1.01 1.04 1.04 1.01 1.06 1.04 1.05 1.03 1.05 1.03 1.06 
1.04 1.04 1.01 1.02 1.06 1.04 1.04 1.06 1.06 1.01 1.05 1.05 1.02 1.05 1.02 1.04 1.01 1.03 1.04 1.06 
1.02 1.03 1.01 1.02 1.01 1.01 1.02 1.06 1.03 1.03 1.02 1.04 1.01 1.02 1.06 1.02 1.03 1.05 1.02 1.05 
1.02 1.04 1.04 1.04 1.02 1.05 1.04 1.03 1.02 1.04 1.01 1.05 1.04 1.02 1.04 1.02 1.04 1.03 1.06 1.02 
1.03 1.04 1.02 1.05 1.02 1.03 1.06 1.03 1.02 1.01 1.06 1.05 1.02 1.01 1.01 1.01 1.04 1.05 1.01 1.03 
1.05 1.01 1.04 1.06 1.01 1.01 1.04 1.01 1.03 1.06 1.04 1.06 1.05 1.03 1.03 1.04 1.02 1.03 1.01 1.06 
1.04 1.06 1.02 1.01 1.06 1.06 1.03 1.04 1.05 1.02 1.03 1.01 1.05 1.04 1.04 1.01 1.04 1.04 1.04 1.05 
1.03 1.02 1.02 1.05 1.01 1.03 1.03 1.01 1.03 1.02 1.04 1.01 1.01 1.05 1.03 1.05 1.03 1.03 1.02 1.04 
1.01 1.04 1.02 1.02 1.05 1.03 1.06 1.03 1.06 1.03 1.01 1.03 1.01 1.05 1.06 1.06 1.03 1.02 1.03 1.03 
1.03 1.04 1.02 1.05 1.01 1.02 1.01 1.01 1.02 1.03 1.05 1.01 1.01 1.04 1.05 1.05 1.05 1.04 1.04 1.01 
1.01 1.02 1.01 1.02 1.03 1.03 1.02 1.03 1.04 1.03 1.03 1.02 1.04 1.03 1.05 1.04 1.05 1.04 1.06 1.04 
1.05 1.05 1.02 1.05 1.01 1.04 1.04 1.01 1.06 1.05 1.06 1.06 1.01 1.01 1.04 1.03 1.03 1.05 1.04 1.04 
1.03 1.06 1.05 1.03 1.05 1.03 1.03 1.05 1.06 1.01 1.01 1.06 1.03 1.03 1.05 1.03 1.06 1.04 1.02 1.04 
1.03 1.05 1.04 1.01 1.05 1.05 1.04 1.03 1.06 1.05 1.06 1.04 1.03 1.01 1.05 1.05 1.02 1.01 1.05 1.06 
1.01 1.06 1.04 1.02 1.06 1.06 1.05 1.04 1.05 1.06 1.03 1.05 1.06 1.06 1.06 1.02 1.06 1.06 1.03 1.06 
1.05 1.04 1.02 1.03 1.06 1.04 1.06 1.02 1.05 1.05 1.05 1.04 1.04 1.05 1.06 1.01 1.01 1.04 1.04 1.06 
1.02 1.06 1.05 1.04 1.06 1.06 1.04 1.06 1.02 1.01 1.06 1.03 1.04 1.05 1.02 1.04 1.02 1.05 1.01 1.02 
1.01 1.03 1.05 1.04 1.05 1.01 1.05 1.04 1.01 1.03 1.01 1.01 1.04 1.06 1.05 1.01 1.05 1.03 1.06 1.06 
1.02 1.01 1.04 1.04 1.04 1.02 1.04 1.02 1.02 1.02 1.02 1.06 1.01 1.05 1.06 1.03 1.04 1.02 1.01 1.04 
1.04 1.01 1.06 1.06 1.03 1.06 1.03 1.05 1.02 1.03 1.04 1.05 1.01 1.06 1.02 1.01 1.02 1.05 1.05 1.02 
1.01 1.01 1.01 1.02 1.03 1.01 1.02 1.02 1.03 1.02 1.05 1.05 1.03 1.04 1.03 1.03 1.02 1.06 1.05 1.01 
1.02 1.02 1.04 1.03 1.02 1.04 1.04 1.05 1.06 1.04 1.06 1.05 1.02 1.01 1.06 1.03 1.04 1.05 1.01 1.05 
1.04 1.03 1.01 1.04 1.01 1.04 1.05 1.03 1.04 1.03 1.06 1.05 1.03 1.04 1.02 1.06 1.03 1.03 1.06 1.05 
1.01 1.03 1.01 1.02 1.05 1.02 1.02 1.04 1.03 1.05 1.04 1.01 1.05 1.01 1.04 1.05 1.04 1.03 1.02 1.04 
1.06 1.01 1.04 1.05 1.02 1.03 1.01 1.02 1.02 1.03 1.05 1.06 1.02 1.05 1.02 1.01 1.02 1.03 1.04 1.02 
1.02 1.06 1.04 1.05 1.02 1.06 1.06 1.01 1.02 1.05 1.06 1.02 1.06 1.06 1.03 1.02 1.05 1.01 1.04 1.03 
1.06 1.01 1.05 1.05 1.05 1.02 1.04 1.05 1.05 1.01 1.02 1.02 1.01 1.03 1.06 1.02 1.05 1.02 1.05 1.04 
1.03 1.01 1.05 1.01 1.06 1.04 1.02 1.06 1.03 1.03 1.03 1.06 1.02 1.02 1.04 1.02 1.03 1.01 1.01 1.02 
1.02 1.02 1.02 1.05 1.01 1.02 1.01 1.02 1.01 1.02 1.04 1.05 1.04 1.03 1.04 1.05 1.02 1.05 1.05 1.04 
1.03 1.05 1.04 1.04 1.01 1.04 1.03 1.01 1.04 1.04 1.03 1.04 1.01 1.06 1.04 1.06 1.06 1.06 1.04 1.01 
1.05 1.02 1.03 1.05 1.03 1.02 1.06 1.03 1.06 1.05 1.01 1.01 1.04 1.01 1.06 1.01 1.03 1.02 1.06 1.03 
1.03 1.04 1.02 1.02 1.04 1.02 1.05 1.02 1.04 1.03 1.06 1.03 1.06 1.02 1.02 1.05 1.06 1.01 1.05 1.06 
1.06 1.02 1.04 1.04 1.02 1.01 1.03 1.06 1.05 1.06 1.02 1.04 1.05 1.05 1.03 1.03 1.03 1.05 1.01 1.03 
1.01 1.03 1.02 1.04 1.02 1.04 1.06 1.04 1.02 1.06 1.05 1.06 1.01 1.01 1.04 1.06 1.01 1.03 1.03 1.05 
1.01 1.04 1.03 1.05 1.04 1.01 1.03 1.06 1.04 1.03 1.02 1.02 1.04 1.02 1.01 1.05 1.06 1.04 1.06 1.06 
1.01 1.03 1.02 1.02 1.02 1.02 1.04 1.02 1.02 1.05 1.02 1.02 1.04 1.06 1.05 1.01 1.05 1.01 1.04 1.04 
1.04 1.01 1.03 1.06 1.05 1.04 1.03 1.06 1.02 1.04 1.05 1.02 1.04 1.03 1.01 1.06 1.02 1.02 1.06 1.03 
1.04 1.01 1.03 1.01 1.01 1.04 1.01 1.06 1.04 1.01 1.04 1.05 1.06 1.01 1.05 1.04 1.01 1.06 1.04 1.06 
1.02 1.04 1.01 1.01 1.02 1.04 1.01 1.04 1.03 1.01 1.05 1.03 1.04 1.04 1.05 1.02 1.02 1.05 1.03 1.04 
1.04 1.04 1.05 1.05 1.05 1.03 1.06 1.03 1.03 1.04 1.02 1.06 1.06 1.04 1.02 1.06 1.05 1.01 1.04 1.06 
1.02 1.02 1.01 1.05 1.04 1.02 1.06 1.02 1.04 1.01 1.04 1.04 1.06 1.02 1.04 1.02 1.01 1.03 1.02 1.04 
1.06 1.01 1.04 1.03 1.01 1.03 1.06 1.04 1.06 1.02 1.02 1.06 1.03 1.02 1.06 1.05 1.01 1.06 1.06 1.03 
1.05 1.03 1.04 1.06 1.05 1.02 1.01 1.05 1.06 1.01 1.03 1.02 1.06 1.04 1.05 1.04 1.05 1.03 1.05 1.04 
