20
300
28 38 47 79 24 15 31 81 48 68 49 52 28 36 15 73 71 74 4 60 23 49 77 12 67 79 81 30 20 25 55 67 52 19 14 81 9 38 88 2 41 61 72 66 84 76 20 2 98 82 20 69 27 61 2 47 17 16 78 76 25 20 94 66 84 27 13 26 87 89 21 5 92 80 20 77 11 51 39 65 94 64 2 46 1 26 44 7 4 65 16 63 81 37 98 4 16 82 6 84 78 56 65 44 58 47 9 87 62 63 56 68 5 6 16 82 83 22 97 67 26 68 98 5 40 51 65 25 49 37 62 8 70 72 74 83 6 55 31 22 16 98 10 53 57 95 32 33 7 7 7 80 54 96 34 39 11 24 5 8 62 42 48 49 76 87 54 27 80 56 42 98 49 54 91 40 49 15 19 76 33 55 8 37 41 21 30 27 32 63 56 42 16 82 74 44 39 3 66 88 5 74 70 56 30 17 77 22 98 81 21 11 51 60 53 35 14 15 67 57 74 91 4 90 77 5 14 92 27 66 22 85 80 30 14 28 90 14 97 99 95 11 14 61 79 24 81 14 49 45 28 4 94 14 22 57 95 64 50 11 41 74 89 43 22 6 75 69 89 29 71 10 76 52 46 11 60 73 86 53 63 49 99 1 86 55 37 18 62 1 60 45 4 74 21 29 53 56 89 23 
6 9 9 5 5 3 9 1 3 6 3 2 9 8 6 6 1 3 7 7 
1.02 1.04 1.02 1.05 1.06 1.01 1.06 1.06 1.05 1.02 1.04 1.04 1.05 1.03 1.04 1.04 1.01 1.01 1.01 1.03 
1.01 1.06 1.06 1.04 1.03 1.05 1.06 1.06 1.06 1.03 1.04 1.05 1.03 1.06 1.02 1.05 1.05 1.03 1.03 1.05 
1.06 1.06 1.01 1.03 1.02 1.06 1.03 1.02 1.03 1.02 1.03 1.01 1.02 1.05 1.06 1.01 1.05 1.04 1.01 1.05 
1.04 1.02 1.05 1.06 1.01 1.02 1.04 1.06 1.04 1.05 1.02 1.01 1.04 1.01 1.04 1.05 1.01 1.05 1.04 1.02 
1.06 1.03 1.04 1.01 1.03 1.04 1.06 1.06 1.04 1.06 1.05 1.04 1.01 1.02 1.04 1.05 1.02 1.06 1.02 1.05 
1.04 1.03 1.06 1.06 1.01 1.05 1.01 1.04 1.06 1.02 1.01 1.02 1.03 1.03 1.04 1.05 1.01 1.03 1.04 1.06 
1.01 1.01 1.06 1.05 1.05 1.03 1.05 1.02 1.06 1.01 1.06 1.05 1.04 1.03 1.01 1.01 1.04 1.01 1.05 1.06 
1.05 1.02 1.06 1.04 1.04 1.06 1.06 1.02 1.02 1.02 1.01 1.04 1.06 1.02 1.03 1.03 1.03 1.02 1.04 1.06 
1.02 1.05 1.05 1.01 1.05 1.03 1.03 1.02 1.02 1.03 1.06 1.06 1.02 1.01 1.02 1.05 1.05 1.05 1.02 1.01 
1.04 1.03 1.06 1.03 1.06 1.05 1.05 1.05 1.02 1.03 1.04 1.06 1.05 1.04 1.04 1.05 1.05 1.01 1.03 1.01 
1.06 1.02 1.03 1.06 1.02 1.06 1.02 1.03 1.05 1.06 1.04 1.03 1.04 1.02 1.03 1.03 1.04 1.06 1.04 1.05 
1.02 1.01 1.04 1.02 1.06 1.06 1.05 1.02 1.02 1.06 1.05 1.03 1.06 1.04 1.04 1.03 1.03 1.02 1.05 1.03 
1.05 1.01 1.01 1.05 1.05 1.02 1.06 1.03 1.04 1.01 1.02 1.02 1.04 1.02 1.04 1.02 1.05 1.03 1.04 1.06 
1.05 1.02 1.05 1.03 1.02 1.03 1.01 1.04 1.03 1.01 1.04 1.04 1.05 1.04 1.04 1.04 1.01 1.01 1.01 1.06 
1.01 1.02 1.01 1.04 1.03 1.04 1.02 1.01 1.02 1.05 1.06 1.06 1.03 1.02 1.04 1.03 1.03 1.01 1.03 1.04 
1.05 1.01 1.06 1.05 1.02 1.01 1.05 1.05 1.01 1.02 1.05 1.01 1.04 1.01 1.04 1.02 1.05 1.06 1.06 1.05 
1.06 1.02 1.03 1.04 1.05 1.02 1.02 1.01 1.06 1.03 1.06 1.04 1.02 1.01 1.06 1.05 1.04 1.05 1.02 1.05 
1.04 1.06 1.03 1.05 1.05 1.04 1.05 1.06 1.01 1.03 1.05 1.01 1.04 1.06 1.05 1.05 1.03 1.05 1.01 1.02 
1.06 1.05 1.04 1.01 1.04 1.04 1.01 1.01 1.06 1.02 1.06 1.05 1.05 1.03 1.05 1.05 1.05 1.04 1.06 1.01 
1.04 1.01 1.06 1.01 1.06 1.04 1.01 1.06 1.01 1.05 1.04 1.06 1.01 1.02 1.02 1.04 1.05 1.06 1.04 1.04 
1.05 1.03 1.03 1.05 1.04 1.03 1.01 1.06 1.03 1.01 1.02 1.06 1.04 1.01 1.02 1.01 1.05 1.02 1.05 1.03 
1.01 1.02 1.05 1.02 1.01 1.01 1.05 1.01 1.06 1.06 1.03 1.06 1.05 1.06 1.05 1.06 1.03 1.04 1.05 1.03 
1.03 1.03 1.06 1.06 1.05 1.05 1.04 1.05 1.06 1.03 1.03 1.01 1.03 1.01 1.05 1.05 1.02 1.06 1.02 1.01 
1.04 1.04 1.06 1.02 1.05 1.06 1.04 1.01 1.03 1.02 1.02 1.05 1.01 1.02 1.06 1.02 1.04 1.03 1.01 1.01 
1.04 1.04 1.02 1.06 1.01 1.01 1.06 1.04 1.06 1.03 1.03 1.06 1.04 1.04 1.01 1.03 1.06 1.05 1.05 1.01 
1.05 1.06 1.06 1.02 1.02 1.02 1.02 1.05 1.04 1.01 1.02 1.06 1.03 1.06 1.04 1.05 1.02 1.04 1.04 1.06 
1.01 1.02 1.02 1.04 1.03 1.06 1.03 1.06 1.03 1.05 1.05 1.01 1.04 1.06 1.01 1.01 1.03 1.01 1.01 1.02 
1.04 1.01 1.02 1.01 1.01 1.06 1.04 1.04 1.01 1.01 1.02 1.04 1.05 1.03 1.05 1.04 1.01 1.02 1.03 1.02 
1.02 1.01 1.06 1.03 1.04 1.03 1.06 1.01 1.05 1.05 1.05 1.03 1.03 1.01 1.06 1.05 1.01 1.04 1.04 1.02 
1.01 1.06 1.02 1.05 1.02 1.01 1.04 1.05 1.04 1.04 1.01 1.04 1.05 1.05 1.06 1.04 1.06 1.05 1.02 1.01 
1.02 1.02 1.02 1.03 1.03 1.05 1.02 1.02 1.02 1.05 1.06 1.06 1.04 1.03 1.05 1.01 1.06 1.03 1.02 1.01 
1.05 1.02 1.03 1.01 1.03 1.04 1.05 1.04 1.05 1.01 1.05 1.04 1.02 1.05 1.02 1.03 1.02 1.01 1.06 1.05 
1.03 1.02 1.01 1.01 1.06 1.06 1.03 1.05 1.04 1.03 1.03 1.04 1.01 1.03 1.03 1.02 1.05 1.02 1.06 1.04 
1.05 1.05 1.01 1.01 1.05 1.04 1.06 1.02 1.01 1.02 1.05 1.05 1.04 1.03 1.05 1.02 1.02 1.05 1.06 1.01 
1.05 1.02 1.03 1.05 1.03 1.05 1.04 1.04 1.01 1.02 1.04 1.06 1.02 1.03 1.04 1.05 1.01 1.06 1.05 1.01 
1.01 1.06 1.03 1.03 1.02 1.03 1.06 1.01 1.05 1.04 1.01 1.05 1.04 1.02 1.06 1.06 1.03 1.05 1.04 1.03 
1.02 1.04 1.04 1.03 1.03 1.02 1.06 1.03 1.02 1.04 1.02 1.03 1.02 1.06 1.04 1.02 1.01 1.02 1.01 1.03 
1.02 1.05 1.02 1.04 1.01 1.03 1.05 1.02 1.03 1.02 1.03 1.02 1.01 1.02 1.01 1.02 1.03 1.04 1.05 1.04 
1.02 1.02 1.04 1.03 1.05 1.05 1.03 1.06 1.06 1.06 1.03 1.02 1.04 1.02 1.01 1.01 1.06 1.01 1.06 1.04 
1.01 1.06 1.06 1.04 1.02 1.02 1.04 1.04 1.06 1.02 1.01 1.06 1.05 1.04 1.04 1.01 1.03 1.03 1.04 1.02 
1.06 1.03 1.03 1.05 1.05 1.04 1.05 1.02 1.06 1.06 1.01 1.05 1.05 1.05 1.02 1.04 1.04 1.02 1.04 1.06 
1.01 1.06 1.02 1.06 1.01 1.01 1.01 1.04 1.06 1.04 1.03 1.04 1.03 1.02 1.06 1.02 1.01 1.05 1.04 1.03 
1.04 1.02 1.05 1.02 1.03 1.02 1.05 1.01 1.04 1.05 1.04 1.02 1.03 1.03 1.06 1.05 1.04 1.06 1.04 1.02 
1.01 1.03 1.01 1.05 1.06 1.01 1.01 1.02 1.03 1.03 1.06 1.03 1.01 1.04 1.01 1.04 1.02 1.06 1.05 1.02 
1.06 1.05 1.03 1.01 1.04 1.03 1.03 1.04 1.06 1.01 1.06 1.03 1.05 1.01 1.03 1.03 1.05 1.03 1.05 1.02 
1.02 1.02 1.06 1.04 1.01 1.04 1.03 1.02 1.05 1.03 1.04 1.06 1.01 1.05 1.05 1.03 1.05 1.06 1.04 1.06 
1.03 1.01 1.05 1.04 1.02 1.02 1.03 1.03 1.05 1.01 1.03 1.02 1.02 1.02 1.02 1.01 1.06 1.01 1.01 1.06 
1.03 1.06 1.06 1.01 1.05 1.01 1.02 1.04 1.01 1.06 1.06 1.03 1.06 1.04 1.05 1.06 1.05 1.03 1.03 1.04 
1.05 1.01 1.04 1.06 1.06 1.01 1.03 1.01 1.02 1.04 1.06 1.01 1.06 1.05 1.01 1.04 1.03 1.02 1.05 1.03 
1.02 1.03 1.01 1.02 1.02 1.02 1.01 1.04 1.04 1.04 1.01 1.02 1.01 1.02 1.02 1.05 1.05 1.01 1.01 1.05 
1.05 1.01 1.06 1.04 1.03 1.06 1.03 1.02 1.04 1.02 1.06 1.03 1.01 1.04 1.03 1.05 1.04 1.03 1.06 1.03 
1.04 1.01 1.06 1.02 1.04 1.01 1.03 1.01 1.03 1.03 1.02 1.06 1.05 1.06 1.01 1.02 1.02 1.01 1.02 1.04 
1.04 1.01 1.01 1.03 1.05 1.03 1.01 1.05 1.02 1.01 1.03 1.01 1.06 1.04 1.04 1.02 1.03 1.01 1.05 1.05 
1.02 1.03 1.01 1.05 1.04 1.04 1.04 1.06 1.06 1.04 1.06 1.01 1.02 1.06 1.05 1.06 1.04 1.04 1.01 1.02 
1.02 1.02 1.04 1.05 1.06 1.03 1.01 1.03 1.06 1.01 1.03 1.06 1.01 1.02 1.06 1.05 1.06 1.04 1.01 1.03 
1.02 1.05 1.03 1.02 1.04 1.05 1.02 1.02 1.03 1.04 1.03 1.03 1.03 1.03 1.03 1.04 1.01 1.06 1.06 1.05 
1.02 1.01 1.04 1.01 1.05 1.04 1.06 1.06 1.01 1.04 1.06 1.04 1.06 1.06 1.05 1.06 1.05 1.03 1.02 1.05 
1.04 1.05 1.03 1.03 1.02 1.02 1.02 1.06 1.05 1.06 1.01 1.05 1.02 1.06 1.06 1.05 1.01 1.02 1.03 1.03 
1.06 1.03 1.02 1.04 1.03 1.04 1.04 1.01 1.02 1.01 1.02 1.03 1.06 1.06 1.04 1.01 1.03 1.06 1.03 1.03 
1.01 1.05 1.03 1.02 1.02 1.04 1.05 1.03 1.02 1.03 1.05 1.04 1.06 1.01 1.05 1.06 1.01 1.03 1.03 1.02 
1.06 1.01 1.03 1.05 1.04 1.02 1.03 1.06 1.03 1.04 1.02 1.02 1.04 1.06 1.04 1.05 1.06 1.01 1.03 1.06 
1.04 1.05 1.05 1.05 1.02 1.06 1.01 1.06 1.05 1.04 1.05 1.01 1.03 1.02 1.03 1.05 1.04 1.05 1.02 1.04 
1.03 1.04 1.03 1.06 1.01 1.04 1.04 1.03 1.05 1.03 1.01 1.05 1.05 1.01 1.03 1.01 1.06 1.06 1.01 1.01 
1.02 1.02 1.01 1.05 1.01 1.03 1.02 1.03 1.03 1.04 1.05 1.06 1.03 1.02 1.05 1.05 1.06 1.01 1.04 1.01 
1.02 1.02 1.05 1.06 1.02 1.01 1.05 1.03 1.04 1.05 1.04 1.06 1.04 1.01 1.01 1.02 1.04 1.01 1.06 1.01 
1.03 1.01 1.04 1.01 1.06 1.02 1.05 1.01 1.05 1.05 1.04 1.04 1.06 1.02 1.01 1.06 1.04 1.05 1.04 1.03 
1.01 1.03 1.06 1.02 1.06 1.05 1.03 1.05 1.04 1.01 1.01 1.04 1.03 1.05 1.02 1.04 1.03 1.06 1.01 1.01 
1.06 1.06 1.03 1.04 1.06 1.05 1.02 1.06 1.01 1.04 1.02 1.01 1.06 1.06 1.03 1.06 1.05 1.06 1.06 1.03 
1.05 1.01 1.02 1.04 1.06 1.06 1.02 1.03 1.04 1.01 1.05 1.05 1.01 1.02 1.03 1.02 1.04 1.05 1.02 1.03 
1.04 1.06 1.01 1.02 1.04 1.03 1.01 1.01 1.01 1.02 1.06 1.06 1.04 1.02 1.06 1.06 1.06 1.06 1.02 1.02 
1.04 1.01 1.06 1.04 1.06 1.04 1.06 1.03 1.04 1.03 1.04 1.06 1.04 1.01 1.02 1.06 1.03 1.04 1.01 1.02 
1.01 1.02 1.03 1.05 1.02 1.06 1.03 1.02 1.02 1.01 1.06 1.01 1.02 1.01 1.06 1.03 1.02 1.06 1.03 1.02 
1.05 1.01 1.06 1.06 1.01 1.01 1.05 1.04 1.05 1.02 1.05 1.03 1.02 1.02 1.02 1.06 1.06 1.04 1.03 1.01 
1.03 1.05 1.04 1.02 1.06 1.03 1.01 1.03 1.02 1.04 1.02 1.04 1.04 1.01 1.02 1.06 1.04 1.04 1.05 1.01 
1.02 1.04 1.05 1.01 1.06 1.04 1.01 1.06 1.04 1.04 1.05 1.04 1.01 1.06 1.01 1.06 1.02 1.02 1.04 1.01 
1.03 1.01 1.03 1.02 1.03 1.01 1.03 1.06 1.04 1.05 1.04 1.02 1.04 1.02 1.02 1.05 1.01 1.06 1.05 1.05 
1.04 1.05 1.03 1.06 1.01 1.04 1.01 1.01 1.01 1.04 1.05 1.03 1.03 1.03 1.03 1.03 1.05 1.03 1.06 1.05 
1.01 1.05 1.02 1.06 1.05 1.04 1.02 1.02 1.04 1.06 1.06 1.04 1.05 1.04 1.01 1.06 1.02 1.02 1.02 1.02 
1.04 1.05 1.04 1.06 1.04 1.03 1.06 1.01 1.01 1.03 1.03 1.02 1.04 1.02 1.04 1.06 1.01 1.04 1.02 1.01 
1.04 1.04 1.02 1.06 1.04 1.05 1.02 1.03 1.02 1.06 1.05 1.05 1.06 1.02 1.02 1.06 1.03 1.04 1.02 1.01 
1.05 1.01 1.01 1.06 1.04 1.05 1.04 1.05 1.06 1.04 1.06 1.03 1.06 1.02 1.06 1.04 1.04 1.01 1.04 1.06 
1.06 1.02 1.04 1.02 1.03 1.03 1.05 1.02 1.03 1.02 1.04 1.02 1.02 1.06 1.03 1.02 1.01 1.06 1.01 1.03 
1.06 1.01 1.06 1.01 1.03 1.02 1.06 1.05 1.02 1.02 1.04 1.01 1.06 1.06 1.04 1.01 1.04 1.03 1.04 1.04 
1.03 1.02 1.03 1.03 1.01 1.01 1.02 1.01 1.03 1.03 1.03 1.05 1.02 1.01 1.01 1.02 1.01 1.02 1.03 1.01 
1.02 1.05 1.02 1.03 1.05 1.06 1.06 1.06 1.06 1.05 1.05 1.01 1.01 1.04 1.03 1.03 1.06 1.04 1.04 1.06 
1.03 1.06 1.04 1.05 1.01 1.02 1.01 1.01 1.02 1.01 1.05 1.05 1.06 1.06 1.02 1.05 1.06 1.06 1.03 1.04 
1.05 1.01 1.06 1.04 1.03 1.03 1.06 1.05 1.03 1.02 1.06 1.02 1.06 1.03 1.05 1.03 1.04 1.06 1.05 1.04 
1.03 1.03 1.04 1.05 1.01 1.02 1.05 1.06 1.01 1.02 1.05 1.06 1.06 1.04 1.04 1.06 1.03 1.03 1.06 1.04 
1.05 1.01 1.04 1.02 1.03 1.01 1.04 1.02 1.03 1.01 1.01 1.04 1.03 1.04 1.05 1.05 1.02 1.02 1.03 1.05 
1.01 1.06 1.02 1.01 1.05 1.01 1.03 1.06 1.03 1.06 1.03 1.05 1.03 1.01 1.06 1.04 1.02 1.02 1.01 1.03 
1.02 1.01 1.03 1.06 1.06 1.02 1.06 1.06 1.03 1.01 1.02 1.05 1.06 1.02 1.02 1.05 1.05 1.05 1.02 1.06 
1.05 1.02 1.03 1.01 1.04 1.05 1.01 1.03 1.03 1.03 1.05 1.04 1.02 1.04 1.04 1.01 1.03 1.01 1.03 1.03 
1.01 1.06 1.05 1.01 1.05 1.03 1.02 1.01 1.05 1.03 1.03 1.01 1.03 1.03 1.06 1.02 1.06 1.03 1.01 1.04 
1.06 1.04 1.06 1.05 1.04 1.04 1.04 1.06 1.05 1.01 1.06 1.06 1.02 1.01 1.06 1.02 1.05 1.03 1.05 1.04 
1.05 1.03 1.06 1.04 1.01 1.06 1.02 1.05 1.06 1.04 1.02 1.06 1.06 1.06 1.06 1.05 1.03 1.01 1.05 1.06 
1.02 1.02 1.02 1.01 1.01 1.05 1.03 1.05 1.02 1.06 1.06 1.01 1.05 1.02 1.06 1.04 1.03 1.02 1.01 1.03 
1.01 1.02 1.02 1.02 1.05 1.05 1.04 1.02 1.05 1.06 1.02 1.06 1.02 1.05 1.02 1.05 1.03 1.04 1.05 1.04 
1.05 1.02 1.01 1.03 1.06 1.02 1.01 1.01 1.02 1.01 1.05 1.05 1.05 1.02 1.04 1.01 1.05 1.03 1.04 1.01 
1.05 1.05 1.04 1.06 1.02 1.02 1.04 1.03 1.04 1.05 1.02 1.02 1.01 1.03 1.05 1.06 1.05 1.01 1.05 1.05 
1.05 1.04 1.05 1.04 1.01 1.06 1.05 1.02 1.06 1.03 1.03 1.03 1.06 1.03 1.05 1.03 1.02 1.05 1.06 1.01 
1.05 1.04 1.03 1.04 1.04 1.05 1.06 1.05 1.03 1.01 1.05 1.06 1.01 1.03 1.04 1.05 1.03 1.02 1.03 1.05 
1.05 1.02 1.03 1.01 1.06 1.05 1.05 1.04 1.06 1.04 1.03 1.06 1.03 1.04 1.02 1.01 1.03 1.02 1.04 1.06 
1.01 1.04 1.05 1.02 1.04 1.04 1.06 1.01 1.02 1.02 1.04 1.05 1.04 1.04 1.02 1.06 1.02 1.04 1.06 1.04 
1.02 1.05 1.05 1.02 1.05 1.04 1.03 1.04 1.05 1.05 1.02 1.04 1.03 1.04 1.01 1.06 1.01 1.03 1.03 1.04 
1.01 1.02 1.03 1.06 1.01 1.04 1.03 1.03 1.02 1.01 1.02 1.02 1.05 1.02 1.04 1.05 1.05 1.02 1.05 1.05 
1.04 1.02 1.06 1.05 1.03 1.05 1.04 1.06 1.02 1.04 1.04 1.05 1.02 1.04 1.06 1.02 1.06 1.04 1.06 1.01 
1.04 1.02 1.02 1.01 1.01 1.01 1.01 1.03 1.01 1.05 1.04 1.01 1.01 1.01 1.06 1.04 1.04 1.03 1.04 1.01 
1.03 1.03 1.05 1.02 1.01 1.02 1.03 1.02 1.04 1.04 1.04 1.06 1.05 1.02 1.05 1.04 1.05 1.06 1.04 1.05 
1.04 1.01 1.03 1.06 1.04 1.04 1.02 1.04 1.01 1.06 1.04 1.06 1.04 1.06 1.06 1.06 1.03 1.01 1.03 1.01 
1.04 1.02 1.01 1.01 1.01 1.01 1.03 1.04 1.06 1.03 1.05 1.05 1.05 1.03 1.02 1.03 1.06 1.05 1.01 1.06 
1.03 1.01 1.02 1.06 1.02 1.02 1.03 1.05 1.06 1.01 1.02 1.03 1.05 1.02 1.05 1.06 1.02 1.06 1.06 1.05 
1.05 1.03 1.03 1.02 1.06 1.05 1.01 1.02 1.06 1.02 1.02 1.01 1.02 1.04 1.04 1.06 1.01 1.05 1.05 1.01 
1.06 1.02 1.06 1.04 1.01 1.02 1.03 1.06 1.06 1.05 1.02 1.02 1.06 1.02 1.03 1.02 1.04 1.04 1.05 1.04 
1.06 1.03 1.01 1.03 1.04 1.01 1.01 1.03 1.05 1.03 1.03 1.04 1.01 1.06 1.04 1.05 1.04 1.04 1.03 1.03 
1.04 1.05 1.02 1.03 1.01 1.06 1.06 1.06 1.06 1.05 1.02 1.06 1.01 1.06 1.04 1.01 1.05 1.06 1.01 1.04 
1.05 1.06 1.01 1.03 1.02 1.01 1.06 1.02 1.03 1.06 1.01 1.05 1.01 1.06 1.04 1.06 1.06 1.03 1.05 1.05 
1.02 1.03 1.06 1.03 1.01 1.04 1.01 1.01 1.05 1.01 1.05 1.02 1.02 1.06 1.01 1.06 1.05 1.05 1.06 1.02 
1.03 1.05 1.02 1.05 1.05 1.05 1.02 1.04 1.05 1.03 1.05 1.06 1.01 1.03 1.02 1.06 1.01 1.01 1.05 1.01 
1.04 1.03 1.01 1.03 1.06 1.03 1.03 1.04 1.05 1.06 1.01 1.02 1.02 1.03 1.02 1.05 1.06 1.06 1.06 1.04 
1.06 1.02 1.01 1.04 1.02 1.03 1.02 1.05 1.06 1.02 1.05 1.02 1.03 1.01 1.03 1.04 1.02 1.05 1.02 1.06 
1.05 1.04 1.04 1.05 1.01 1.06 1.01 1.02 1.04 1.04 1.02 1.04 1.03 1.04 1.06 1.02 1.01 1.02 1.06 1.05 
1.02 1.04 1.05 1.05 1.01 1.01 1.06 1.05 1.04 1.05 1.01 1.02 1.04 1.02 1.01 1.06 1.01 1.06 1.06 1.02 
1.04 1.05 1.05 1.03 1.04 1.04 1.03 1.05 1.05 1.04 1.05 1.06 1.02 1.05 1.01 1.06 1.01 1.04 1.02 1.04 
1.01 1.04 1.01 1.02 1.06 1.02 1.02 1.06 1.06 1.01 1.03 1.06 1.04 1.02 1.06 1.05 1.05 1.06 1.04 1.05 
1.02 1.05 1.05 1.04 1.01 1.05 1.05 1.05 1.03 1.06 1.03 1.02 1.02 1.04 1.01 1.03 1.05 1.06 1.02 1.04 
1.05 1.03 1.03 1.06 1.02 1.03 1.04 1.03 1.03 1.04 1.01 1.01 1.01 1.02 1.03 1.04 1.03 1.01 1.06 1.05 
1.01 1.01 1.04 1.04 1.03 1.02 1.04 1.06 1.01 1.02 1.03 1.04 1.03 1.04 1.04 1.04 1.01 1.02 1.01 1.03 
1.05 1.06 1.04 1.01 1.01 1.04 1.02 1.05 1.05 1.06 1.06 1.06 1.02 1.01 1.01 1.06 1.03 1.02 1.01 1.01 
1.04 1.02 1.03 1.01 1.04 1.05 1.04 1.02 1.02 1.05 1.05 1.04 1.06 1.06 1.06 1.03 1.04 1.04 1.01 1.03 
1.06 1.04 1.05 1.03 1.05 1.06 1.04 1.03 1.03 1.02 1.01 1.06 1.02 1.06 1.02 1.01 1.03 1.02 1.06 1.04 
1.03 1.06 1.05 1.03 1.04 1.06 1.02 1.05 1.03 1.05 1.02 1.02 1.02 1.04 1.06 1.02 1.05 1.06 1.06 1.03 
1.03 1.04 1.05 1.06 1.01 1.02 1.01 1.02 1.01 1.04 1.06 1.03 1.04 1.06 1.05 1.03 1.03 1.02 1.04 1.05 
1.04 1.05 1.02 1.01 1.03 1.06 1.03 1.03 1.03 1.01 1.01 1.01 1.06 1.03 1.01 1.03 1.01 1.05 1.04 1.01 
1.06 1.01 1.03 1.05 1.06 1.04 1.05 1.03 1.04 1.02 1.02 1.06 1.02 1.06 1.06 1.04 1.04 1.06 1.03 1.01 
1.03 1.04 1.06 1.01 1.03 1.03 1.01 1.02 1.02 1.03 1.03 1.03 1.04 1.04 1.01 1.01 1.05 1.04 1.02 1.05 
1.04 1.02 1.06 1.01 1.06 1.01 1.06 1.02 1.06 1.02 1.01 1.05 1.03 1.05 1.01 1.02 1.04 1.01 1.02 1.02 
1.05 1.01 1.04 1.06 1.02 1.02 1.02 1.01 1.03 1.03 1.04 1.04 1.01 1.03 1.03 1.03 1.01 1.06 1.04 1.05 
1.02 1.04 1.02 1.05 1.06 1.04 1.04 1.01 1.06 1.02 1.02 1.06 1.03 1.05 1.03 1.04 1.03 1.01 1.03 1.02 
1.04 1.03 1.06 1.02 1.06 1.03 1.05 1.02 1.01 1.01 1.05 1.03 1.05 1.06 1.02 1.03 1.01 1.03 1.02 1.04 
1.01 1.04 1.05 1.01 1.05 1.06 1.05 1.06 1.06 1.04 1.02 1.02 1.01 1.02 1.04 1.04 1.06 1.01 1.04 1.03 
1.06 1.06 1.01 1.01 1.05 1.06 1.05 1.06 1.02 1.04 1.05 1.02 1.02 1.04 1.06 1.05 1.05 1.04 1.03 1.02 
1.03 1.05 1.05 1.05 1.03 1.04 1.06 1.04 1.05 1.02 1.05 1.03 1.04 1.01 1.02 1.04 1.02 1.03 1.01 1.04 
1.06 1.05 1.05 1.05 1.06 1.05 1.03 1.05 1.03 1.06 1.04 1.05 1.04 1.06 1.01 1.01 1.02 1.03 1.05 1.05 
1.02 1.03 1.05 1.03 1.03 1.02 1.01 1.06 1.05 1.05 1.05 1.04 1.06 1.04 1.03 1.04 1.05 1.04 1.02 1.05 
1.02 1.02 1.06 1.03 1.01 1.04 1.04 1.05 1.05 1.02 1.01 1.04 1.04 1.01 1.04 1.06 1.03 1.01 1.04 1.05 
1.03 1.02 1.04 1.01 1.02 1.04 1.02 1.03 1.02 1.06 1.06 1.06 1.01 1.03 1.05 1.06 1.04 1.05 1.04 1.01 
1.01 1.03 1.02 1.05 1.01 1.02 1.04 1.05 1.05 1.05 1.05 1.02 1.02 1.06 1.05 1.04 1.02 1.02 1.06 1.03 
1.06 1.03 1.02 1.06 1.01 1.01 1.04 1.02 1.01 1.01 1.06 1.06 1.02 1.01 1.03 1.03 1.06 1.05 1.05 1.05 
1.06 1.02 1.01 1.01 1.05 1.03 1.06 1.02 1.01 1.04 1.05 1.03 1.03 1.06 1.04 1.04 1.02 1.03 1.03 1.03 
1.02 1.06 1.06 1.03 1.01 1.05 1.04 1.04 1.04 1.06 1.05 1.04 1.03 1.02 1.05 1.03 1.05 1.01 1.02 1.03 
1.03 1.05 1.05 1.04 1.05 1.05 1.02 1.03 1.02 1.01 1.02 1.02 1.01 1.06 1.03 1.06 1.04 1.05 1.05 1.03 
1.01 1.06 1.02 1.05 1.02 1.03 1.05 1.05 1.04 1.04 1.05 1.06 1.02 1.01 1.04 1.03 1.05 1.06 1.06 1.05 
1.05 1.05 1.02 1.06 1.04 1.06 1.01 1.05 1.02 1.01 1.01 1.02 1.01 1.05 1.02 1.03 1.05 1.01 1.05 1.06 
1.01 1.03 1.01 1.01 1.04 1.02 1.05 1.05 1.06 1.01 1.05 1.05 1.01 1.03 1.03 1.03 1.03 1.03 1.06 1.02 
1.04 1.03 1.01 1.04 1.05 1.06 1.03 1.05 1.05 1.02 1.05 1.01 1.03 1.05 1.05 1.03 1.06 1.02 1.01 1.05 
1.05 1.04 1.03 1.05 1.06 1.03 1.04 1.04 1.04 1.03 1.05 1.03 1.06 1.03 1.05 1.02 1.06 1.02 1.03 1.04 
1.05 1.06 1.05 1.03 1.06 1.06 1.01 1.06 1.06 1.02 1.02 1.05 1.05 1.03 1.02 1.02 1.05 1.04 1.01 1.03 
1.01 1.05 1.06 1.05 1.05 1.02 1.03 1.01 1.03 1.05 1.06 1.05 1.06 1.05 1.03 1.03 1.04 1.01 1.03 1.03 
1.05 1.06 1.02 1.04 1.06 1.02 1.03 1.06 1.01 1.05 1.06 1.02 1.05 1.01 1.02 1.03 1.03 1.03 1.01 1.02 
1.03 1.04 1.05 1.01 1.02 1.05 1.01 1.01 1.04 1.06 1.01 1.05 1.06 1.05 1.01 1.03 1.02 1.05 1.06 1.04 
1.03 1.06 1.04 1.02 1.03 1.05 1.05 1.01 1.05 1.04 1.05 1.03 1.06 1.01 1.03 1.03 1.04 1.05 1.06 1.06 
1.03 1.03 1.06 1.01 1.02 1.01 1.06 1.03 1.02 1.01 1.06 1.03 1.01 1.04 1.05 1.02 1.01 1.01 1.01 1.06 
1.04 1.02 1.01 1.03 1.04 1.01 1.06 1.05 1.05 1.01 1.05 1.01 1.02 1.04 1.05 1.04 1.03 1.03 1.04 1.03 
1.03 1.06 1.05 1.02 1.06 1.01 1.05 1.06 1.04 1.03 1.01 1.06 1.04 1.05 1.03 1.02 1.06 1.04 1.06 1.02 
1.01 1.03 1.01 1.05 1.06 1.05 1.02 1.02 1.05 1.01 1.03 1.02 1.05 1.03 1.05 1.04 1.05 1.05 1.03 1.05 
1.01 1.02 1.05 1.03 1.02 1.03 1.06 1.01 1.05 1.05 1.04 1.02 1.03 1.01 1.04 1.03 1.01 1.05 1.03 1.02 
1.04 1.01 1.05 1.05 1.01 1.01 1.03 1.02 1.04 1.06 1.04 1.01 1.02 1.04 1.01 1.03 1.05 1.02 1.03 1.04 
1.01 1.01 1.02 1.05 1.05 1.01 1.02 1.06 1.03 1.02 1.06 1.04 1.02 1.05 1.02 1.04 1.06 1.06 1.03 1.05 
1.05 1.06 1.04 1.02 1.02 1.04 1.06 1.04 1.01 1.02 1.03 1.06 1.05 1.02 1.06 1.04 1.05 1.01 1.02 1.05 
1.03 1.05 1.02 1.02 1.03 1.01 1.01 1.02 1.04 1.06 1.02 1.05 1.05 1.03 1.03 1.05 1.01 1.04 1.02 1.01 
1.01 1.03 1.06 1.04 1.04 1.06 1.05 1.04 1.06 1.03 1.01 1.03 1.04 1.01 1.06 1.05 1.02 1.02 1.03 1.05 
1.04 1.06 1.06 1.03 1.01 1.06 1.05 1.05 1.02 1.01 1.05 1.06 1.02 1.06 1.05 1.04 1.04 1.02 1.01 1.05 
1.02 1.02 1.04 1.06 1.06 1.06 1.02 1.02 1.06 1.02 1.03 1.03 1.05 1.05 1.05 1.04 1.01 1.01 1.04 1.05 
1.02 1.03 1.06 1.04 1.06 1.01 1.06 1.01 1.02 1.04 1.06 1.02 1.01 1.02 1.06 1.01 1.04 1.02 1.04 1.05 
1.06 1.01 1.04 1.05 1.03 1.03 1.06 1.01 1.06 1.05 1.01 1.04 1.01 1.06 1.01 1.06 1.02 1.03 1.01 1.01 
1.04 1.03 1.05 1.03 1.01 1.03 1.06 1.04 1.03 1.05 1.04 1.04 1.02 1.06 1.05 1.02 1.03 1.01 1.03 1.03 
1.01 1.03 1.01 1.06 1.06 1.05 1.05 1.04 1.02 1.01 1.05 1.05 1.03 1.05 1.02 1.03 1.01 1.03 1.01 1.03 
1.01 1.03 1.05 1.02 1.01 1.05 1.03 1.02 1.03 1.01 1.02 1.01 1.06 1.03 1.02 1.05 1.06 1.05 1.02 1.02 
1.05 1.05 1.06 1.05 1.06 1.03 1.04 1.02 1.02 1.02 1.04 1.03 1.03 1.01 1.05 1.03 1.01 1.04 1.05 1.03 
1.02 1.01 1.06 1.06 1.04 1.01 1.06 1.06 1.05 1.04 1.04 1.02 1.02 1.03 1.06 1.02 1.01 1.05 1.03 1.03 
1.03 1.04 1.02 1.05 1.02 1.05 1.02 1.06 1.03 1.03 1.04 1.02 1.05 1.05 1.05 1.04 1.02 1.01 1.03 1.03 
1.06 1.03 1.02 1.06 1.03 1.06 1.03 1.03 1.01 1.01 1.03 1.03 1.04 1.01 1.01 1.03 1.02 1.04 1.01 1.01 
1.02 1.03 1.02 1.01 1.02 1.05 1.01 1.06 1.02 1.01 1.06 1.01 1.03 1.02 1.04 1.03 1.03 1.05 1.04 1.03 
1.05 1.04 1.03 1.01 1.01 1.03 1.05 1.02 1.01 1.06 1.06 1.06 1.06 1.04 1.03 1.03 1.04 1.05 1.03 1.04 
1.01 1.04 1.04 1.01 1.03 1.05 1.03 1.06 1.05 1.06 1.02 1.01 1.03 1.04 1.01 1.02 1.03 1.04 1.06 1.06 
1.06 1.04 1.02 1.02 1.02 1.02 1.05 1.02 1.01 1.06 1.02 1.04 1.06 1.02 1.03 1.06 1.03 1.06 1.03 1.03 
1.05 1.02 1.01 1.01 1.03 1.02 1.04 1.02 1.03 1.05 1.01 1.02 1.04 1.02 1.04 1.02 1.06 1.06 1.03 1.06 
1.06 1.04 1.02 1.03 1.01 1.01 1.05 1.01 1.03 1.05 1.06 1.03 1.03 1.05 1.03 1.04 1.05 1.04 1.04 1.02 
1.01 1.02 1.04 1.02 1.02 1.02 1.01 1.04 1.03 1.02 1.04 1.04 1.02 1.02 1.03 1.02 1.03 1.04 1.04 1.02 
1.02 1.06 1.01 1.02 1.06 1.03 1.04 1.02 1.05 1.05 1.05 1.06 1.06 1.01 1.01 1.03 1.01 1.05 1.03 1.02 
1.06 1.02 1.04 1.05 1.04 1.01 1.03 1.01 1.04 1.03 1.05 1.02 1.06 1.03 1.02 1.04 1.01 1.02 1.01 1.01 
1.03 1.05 1.04 1.04 1.03 1.04 1.05 1.04 1.05 1.05 1.06 1.05 1.05 1.06 1.05 1.05 1.06 1.03 1.02 1.06 
1.06 1.06 1.06 1.01 1.04 1.02 1.01 1.03 1.01 1.04 1.01 1.02 1.03 1.06 1.03 1.01 1.04 1.01 1.01 1.02 
1.02 1.03 1.06 1.03 1.03 1.02 1.03 1.02 1.02 1.02 1.02 1.02 1.05 1.05 1.05 1.06 1.03 1.06 1.05 1.01 
1.03 1.05 1.06 1.02 1.03 1.06 1.02 1.04 1.04 1.04 1.01 1.06 1.03 1.03 1.06 1.03 1.03 1.06 1.01 1.01 
1.01 1.04 1.03 1.03 1.04 1.03 1.01 1.01 1.02 1.05 1.02 1.01 1.05 1.05 1.04 1.02 1.05 1.03 1.05 1.02 
1.02 1.05 1.01 1.02 1.03 1.06 1.03 1.04 1.01 1.02 1.05 1.06 1.04 1.05 1.04 1.04 1.05 1.04 1.01 1.01 
1.01 1.03 1.02 1.01 1.01 1.02 1.05 1.01 1.03 1.06 1.03 1.04 1.02 1.03 1.02 1.05 1.02 1.04 1.02 1.01 
1.02 1.03 1.05 1.04 1.06 1.02 1.04 1.02 1.06 1.06 1.01 1.03 1.06 1.06 1.06 1.06 1.02 1.03 1.05 1.03 
1.03 1.01 1.03 1.04 1.03 1.06 1.06 1.06 1.03 1.03 1.01 1.03 1.01 1.01 1.02 1.02 1.01 1.03 1.02 1.02 
1.06 1.02 1.05 1.01 1.05 1.02 1.06 1.01 1.03 1.06 1.01 1.02 1.01 1.03 1.05 1.04 1.05 1.06 1.03 1.02 
1.05 1.05 1.03 1.03 1.04 1.06 1.03 1.01 1.06 1.02 1.02 1.03 1.02 1.06 1.01 1.06 1.04 1.05 1.03 1.02 
1.02 1.05 1.06 1.03 1.02 1.04 1.05 1.03 1.03 1.01 1.03 1.03 1.02 1.04 1.02 1.04 1.05 1.02 1.02 1.02 
1.04 1.05 1.05 1.06 1.06 1.02 1.01 1.04 1.05 1.01 1.03 1.01 1.02 1.06 1.06 1.02 1.03 1.05 1.04 1.01 
1.06 1.01 1.05 1.05 1.01 1.03 1.04 1.04 1.01 1.03 1.01 1.01 1.05 1.02 1.03 1.06 1.03 1.06 1.03 1.06 
1.05 1.01 1.02 1.04 1.02 1.03 1.05 1.02 1.05 1.02 1.04 1.05 1.06 1.06 1.02 1.04 1.03 1.02 1.04 1.04 
1.03 1.01 1.03 1.03 1.01 1.05 1.02 1.04 1.04 1.02 1.05 1.04 1.03 1.05 1.01 1.05 1.02 1.04 1.02 1.02 
1.04 1.01 1.03 1.06 1.06 1.06 1.02 1.06 1.06 1.01 1.04 1.03 1.04 1.02 1.02 1.06 1.01 1.02 1.03 1.06 
1.03 1.01 1.01 1.01 1.04 1.02 1.02 1.03 1.03 1.05 1.01 1.03 1.04 1.05 1.04 1.02 1.06 1.01 1.05 1.06 
1.02 1.03 1.02 1.06 1.06 1.02 1.06 1.03 1.04 1.03 1.02 1.01 1.01 1.04 1.03 1.06 1.04 1.06 1.02 1.01 
1.06 1.05 1.04 1.06 1.06 1.06 1.01 1.05 1.05 1.03 1.01 1.06 1.04 1.06 1.06 1.06 1.01 1.04 1.05 1.02 
1.01 1.02 1.03 1.01 1.03 1.01 1.05 1.06 1.02 1.02 1.05 1.05 1.01 1.02 1.04 1.01 1.03 1.01 1.04 1.04 
1.06 1.03 1.05 1.05 1.01 1.05 1.01 1.04 1.05 1.04 1.02 1.04 1.06 1.03 1.06 1.06 1.05 1.05 1.04 1.06 
1.04 1.01 1.01 1.06 1.04 1.06 1.03 1.01 1.03 1.02 1.06 1.05 1.04 1.03 1.03 1.03 1.06 1.05 1.04 1.05 
1.04 1.03 1.06 1.06 1.03 1.01 1.04 1.03 1.05 1.02 1.01 1.06 1.02 1.01 1.01 1.04 1.02 1.01 1.06 1.01 
1.01 1.06 1.02 1.05 1.01 1.05 1.03 1.04 1.04 1.04 1.03 1.03 1.04 1.02 1.05 1.03 1.02 1.02 1.02 1.03 
1.06 1.04 1.02 1.05 1.06 1.01 1.03 1.03 1.04 1.01 1.05 1.02 1.06 1.03 1.05 1.01 1.05 1.01 1.02 1.05 
1.01 1.03 1.02 1.03 1.05 1.05 1.03 1.06 1.05 1.02 1.06 1.06 1.01 1.05 1.05 1.03 1.05 1.05 1.03 1.01 
1.03 1.06 1.02 1.06 1.04 1.01 1.01 1.04 1.03 1.05 1.03 1.01 1.05 1.02 1.01 1.01 1.05 1.04 1.06 1.03 
1.02 1.01 1.06 1.05 1.01 1.01 1.05 1.01 1.01 1.03 1.02 1.06 1.06 1.02 1.06 1.03 1.06 1.04 1.04 1.03 
1.06 1.03 1.02 1.02 1.03 1.04 1.01 1.01 1.04 1.02 1.03 1.03 1.03 1.05 1.06 1.04 1.03 1.02 1.04 1.01 
1.06 1.06 1.02 1.05 1.03 1.05 1.01 1.03 1.03 1.02 1.06 1.01 1.03 1.05 1.03 1.02 1.04 1.01 1.05 1.02 
1.04 1.04 1.06 1.03 1.06 1.01 1.01 1.05 1.05 1.03 1.04 1.06 1.05 1.06 1.05 1.04 1.06 1.05 1.05 1.06 
1.03 1.04 1.03 1.01 1.06 1.06 1.01 1.06 1.04 1.06 1.05 1.05 1.03 1.02 1.05 1.02 1.01 1.02 1.03 1.03 
1.05 1.04 1.06 1.01 1.03 1.05 1.04 1.06 1.02 1.05 1.01 1.03 1.05 1.03 1.06 1.02 1.02 1.02 1.04 1.02 
1.02 1.04 1.03 1.06 1.03 1.05 1.05 1.05 1.03 1.02 1.04 1.05 1.04 1.04 1.06 1.01 1.06 1.05 1.03 1.02 
1.04 1.05 1.03 1.01 1.06 1.01 1.05 1.06 1.06 1.03 1.06 1.01 1.03 1.02 1.05 1.01 1.03 1.03 1.05 1.05 
1.03 1.04 1.06 1.02 1.01 1.04 1.02 1.05 1.05 1.02 1.05 1.06 1.04 1.02 1.03 1.02 1.06 1.05 1.02 1.06 
1.04 1.01 1.05 1.02 1.03 1.01 1.06 1.03 1.04 1.02 1.05 1.03 1.04 1.02 1.03 1.03 1.06 1.06 1.03 1.03 
1.01 1.01 1.06 1.04 1.05 1.03 1.06 1.03 1.06 1.03 1.01 1.04 1.02 1.06 1.02 1.02 1.03 1.05 1.04 1.02 
1.03 1.06 1.05 1.06 1.02 1.04 1.02 1.02 1.02 1.06 1.03 1.02 1.04 1.01 1.06 1.04 1.04 1.01 1.01 1.04 
1.04 1.03 1.01 1.02 1.05 1.06 1.02 1.04 1.03 1.01 1.01 1.05 1.02 1.05 1.03 1.01 1.01 1.02 1.02 1.05 
1.04 1.02 1.05 1.01 1.04 1.02 1.04 1.02 1.01 1.05 1.06 1.03 1.04 1.05 1.05 1.05 1.06 1.05 1.05 1.01 
1.04 1.05 1.02 1.04 1.01 1.01 1.03 1.04 1.06 1.02 1.02 1.01 1.02 1.02 1.01 1.03 1.04 1.05 1.04 1.01 
1.05 1.01 1.05 1.06 1.02 1.01 1.05 1.06 1.06 1.03 1.03 1.04 1.03 1.03 1.03 1.03 1.01 1.01 1.03 1.06 
1.02 1.06 1.02 1.02 1.03 1.01 1.01 1.05 1.03 1.06 1.05 1.06 1.03 1.02 1.02 1.02 1.03 1.06 1.05 1.03 
1.01 1.06 1.06 1.03 1.04 1.03 1.01 1.03 1.03 1.01 1.03 1.06 1.04 1.03 1.02 1.05 1.03 1.03 1.04 1.02 
1.06 1.05 1.03 1.05 1.01 1.05 1.01 1.05 1.01 1.06 1.01 1.06 1.05 1.03 1.01 1.03 1.04 1.01 1.03 1.05 
1.01 1.02 1.03 1.05 1.01 1.01 1.01 1.01 1.01 1.06 1.02 1.05 1.02 1.06 1.02 1.03 1.05 1.04 1.06 1.04 
1.02 1.06 1.04 1.04 1.04 1.06 1.03 1.03 1.04 1.01 1.02 1.01 1.04 1.03 1.05 1.02 1.03 1.05 1.01 1.03 
1.06 1.02 1.03 1.03 1.01 1.05 1.01 1.04 1.02 1.06 1.01 1.03 1.03 1.03 1.04 1.01 1.03 1.05 1.05 1.02 
1.02 1.01 1.04 1.01 1.05 1.02 1.01 1.06 1.04 1.06 1.04 1.06 1.04 1.05 1.02 1.03 1.03 1.03 1.04 1.04 
1.03 1.03 1.06 1.05 1.05 1.05 1.05 1.02 1.04 1.06 1.06 1.01 1.01 1.01 1.03 1.04 1.02 1.01 1.01 1.06 
1.05 1.06 1.03 1.06 1.06 1.01 1.02 1.05 1.05 1.04 1.05 1.06 1.03 1.05 1.03 1.03 1.02 1.04 1.02 1.04 
1.05 1.03 1.03 1.01 1.02 1.01 1.03 1.06 1.06 1.04 1.03 1.03 1.05 1.01 1.02 1.04 1.01 1.04 1.06 1.04 
1.02 1.05 1.01 1.03 1.03 1.05 1.04 1.02 1.05 1.02 1.03 1.02 1.02 1.02 1.01 1.03 1.05 1.04 1.03 1.06 
1.04 1.01 1.02 1.01 1.02 1.01 1.01 1.06 1.03 1.02 1.06 1.01 1.05 1.02 1.06 1.03 1.01 1.05 1.02 1.03 
1.05 1.01 1.03 1.05 1.02 1.01 1.01 1.01 1.01 1.02 1.04 1.05 1.06 1.03 1.05 1.01 1.02 1.06 1.03 1.01 
1.06 1.05 1.02 1.01 1.06 1.04 1.04 1.03 1.05 1.02 1.02 1.03 1.06 1.06 1.03 1.06 1.03 1.01 1.02 1.02 
1.04 1.01 1.05 1.04 1.01 1.04 1.01 1.03 1.06 1.01 1.03 1.05 1.04 1.03 1.04 1.05 1.05 1.05 1.02 1.03 
1.04 1.06 1.04 1.01 1.01 1.04 1.04 1.02 1.03 1.06 1.02 1.04 1.01 1.01 1.02 1.04 1.02 1.05 1.06 1.01 
1.04 1.02 1.05 1.05 1.04 1.01 1.02 1.06 1.02 1.05 1.06 1.01 1.05 1.04 1.06 1.05 1.04 1.03 1.04 1.01 
1.06 1.02 1.01 1.02 1.03 1.06 1.06 1.02 1.01 1.04 1.06 1.06 1.04 1.04 1.03 1.04 1.02 1.01 1.03 1.05 
1.03 1.01 1.05 1.04 1.06 1.06 1.03 1.04 1.02 1.04 1.01 1.02 1.01 1.01 1.03 1.04 1.06 1.06 1.03 1.03 
1.02 1.06 1.06 1.03 1.02 1.01 1.03 1.03 1.04 1.01 1.01 1.04 1.04 1.06 1.05 1.03 1.04 1.06 1.03 1.04 
1.02 1.01 1.01 1.02 1.05 1.01 1.01 1.01 1.05 1.05 1.05 1.05 1.04 1.01 1.04 1.04 1.01 1.06 1.04 1.05 
1.01 1.01 1.02 1.06 1.02 1.04 1.06 1.05 1.04 1.04 1.02 1.05 1.04 1.04 1.06 1.02 1.06 1.04 1.04 1.02 
1.02 1.02 1.05 1.01 1.04 1.01 1.04 1.04 1.02 1.05 1.02 1.04 1.05 1.01 1.02 1.06 1.06 1.04 1.01 1.03 
1.04 1.02 1.02 1.02 1.01 1.03 1.04 1.05 1.03 1.04 1.06 1.01 1.06 1.01 1.05 1.04 1.01 1.05 1.03 1.01 
1.01 1.01 1.01 1.03 1.01 1.06 1.06 1.03 1.01 1.06 1.04 1.03 1.05 1.05 1.06 1.06 1.02 1.06 1.03 1.06 
1.05 1.01 1.05 1.05 1.04 1.02 1.01 1.03 1.03 1.03 1.04 1.04 1.03 1.02 1.06 1.03 1.02 1.05 1.03 1.04 
1.05 1.04 1.06 1.03 1.04 1.06 1.05 1.03 1.01 1.04 1.04 1.06 1.06 1.05 1.03 1.06 1.06 1.01 1.05 1.01 
1.01 1.02 1.05 1.05 1.05 1.03 1.05 1.05 1.06 1.06 1.06 1.02 1.04 1.04 1.03 1.04 1.01 1.05 1.01 1.01 
1.02 1.03 1.02 1.04 1.03 1.01 1.03 1.03 1.03 1.02 1.02 1.01 1.02 1.03 1.06 1.03 1.01 1.06 1.01 1.06 
1.06 1.04 1.04 1.04 1.01 1.06 1.01 1.04 1.04 1.01 1.04 1.03 1.01 1.06 1.01 1.05 1.02 1.03 1.04 1.02 
1.02 1.03 1.05 1.02 1.02 1.06 1.03 1.03 1.06 1.04 1.06 1.05 1.03 1.05 1.06 1.03 1.03 1.04 1.01 1.06 
1.02 1.04 1.06 1.05 1.05 1.06 1.05 1.01 1.04 1.05 1.06 1.06 1.01 1.04 1.02 1.04 1.02 1.04 1.02 1.01 
1.04 1.05 1.04 1.05 1.04 1.01 1.05 1.02 1.01 1.02 1.05 1.03 1.02 1.02 1.02 1.04 1.02 1.05 1.05 1.03 
1.04 1.01 1.05 1.06 1.03 1.03 1.03 1.06 1.06 1.04 1.04 1.02 1.06 1.05 1.06 1.01 1.01 1.04 1.04 1.05 
1.06 1.06 1.05 1.04 1.03 1.03 1.05 1.05 1.06 1.03 1.01 1.06 1.06 1.03 1.01 1.01 1.05 1.01 1.02 1.02 
1.05 1.01 1.02 1.02 1.05 1.06 1.04 1.04 1.06 1.04 1.06 1.03 1.06 1.03 1.04 1.02 1.02 1.03 1.01 1.05 
1.04 1.04 1.01 1.03 1.01 1.05 1.02 1.04 1.01 1.04 1.02 1.02 1.04 1.06 1.04 1.04 1.01 1.06 1.05 1.06 
1.04 1.05 1.01 1.01 1.01 1.03 1.06 1.03 1.05 1.03 1.02 1.05 1.02 1.04 1.04 1.03 1.02 1.01 1.05 1.05 
1.06 1.05 1.02 1.01 1.05 1.05 1.04 1.06 1.05 1.05 1.05 1.06 1.06 1.02 1.01 1.04 1.06 1.02 1.01 1.02 
1.02 1.03 1.02 1.04 1.01 1.04 1.06 1.04 1.03 1.04 1.03 1.05 1.02 1.05 1.04 1.02 1.02 1.01 1.03 1.05 
1.02 1.05 1.04 1.01 1.05 1.03 1.03 1.03 1.06 1.06 1.06 1.01 1.02 1.06 1.06 1.03 1.02 1.03 1.03 1.03 
1.04 1.02 1.06 1.05 1.02 1.06 1.02 1.02 1.06 1.04 1.01 1.02 1.02 1.05 1.03 1.06 1.05 1.03 1.01 1.03 
1.01 1.05 1.05 1.06 1.04 1.05 1.04 1.02 1.01 1.01 1.02 1.04 1.04 1.03 1.06 1.06 1.05 1.04 1.04 1.02 
1.02 1.02 1.04 1.04 1.01 1.03 1.06 1.04 1.06 1.01 1.01 1.01 1.04 1.05 1.01 1.06 1.02 1.06 1.06 1.06 
1.01 1.01 1.01 1.02 1.03 1.05 1.02 1.02 1.03 1.02 1.01 1.04 1.01 1.01 1.03 1.04 1.02 1.05 1.01 1.06 
1.06 1.03 1.04 1.03 1.04 1.04 1.02 1.04 1.03 1.05 1.01 1.03 1.05 1.03 1.03 1.05 1.01 1.02 1.02 1.05 
1.02 1.01 1.03 1.06 1.02 1.01 1.06 1.05 1.04 1.05 1.03 1.01 1.05 1.05 1.06 1.04 1.03 1.03 1.06 1.01 
1.06 1.02 1.01 1.01 1.06 1.01 1.04 1.06 1.02 1.02 1.06 1.03 1.03 1.01 1.02 1.04 1.03 1.04 1.03 1.06 
1.06 1.05 1.06 1.01 1.05 1.02 1.02 1.06 1.01 1.04 1.04 1.02 1.01 1.03 1.05 1.03 1.04 1.03 1.02 1.02 
1.03 1.01 1.01 1.02 1.04 1.01 1.01 1.03 1.04 1.02 1.03 1.03 1.05 1.05 1.06 1.03 1.02 1.05 1.04 1.05 
1.05 1.04 1.02 1.05 1.05 1.06 1.03 1.02 1.05 1.03 1.04 1.04 1.02 1.03 1.01 1.01 1.05 1.03 1.04 1.06 
1.02 1.05 1.04 1.05 1.01 1.03 1.04 1.03 1.04 1.06 1.04 1.02 1.06 1.05 1.03 1.06 1.05 1.01 1.05 1.06 
1.06 1.03 1.06 1.05 1.04 1.05 1.04 1.06 1.02 1.03 1.06 1.04 1.02 1.05 1.03 1.03 1.06 1.03 1.01 1.03 
1.05 1.02 1.05 1.06 1.03 1.02 1.05 1.02 1.03 1.03 1.04 1.01 1.06 1.02 1.05 1.01 1.02 1.01 1.03 1.06 
1.06 1.01 1.05 1.02 1.03 1.01 1.06 1.04 1.03 1.04 1.03 1.06 1.04 1.01 1.05 1.05 1.01 1.03 1.04 1.05 
1.04 1.06 1.06 1.04 1.02 1.04 1.03 1.03 1.06 1.06 1.03 1.05 1.06 1.01 1.05 1.06 1.03 1.01 1.01 1.05 
1.03 1.02 1.06 1.05 1.04 1.01 1.01 1.01 1.02 1.01 1.01 1.04 1.04 1.02 1.02 1.05 1.02 1.02 1.04 1.01 
1.05 1.01 1.06 1.05 1.02 1.01 1.03 1.04 1.02 1.03 1.01 1.03 1.04 1.02 1.02 1.04 1.04 1.04 1.05 1.03 
1.04 1.04 1.04 1.02 1.04 1.01 1.02 1.01 1.06 1.03 1.05 1.06 1.02 1.02 1.04 1.01 1.06 1.01 1.01 1.03 
1.06 1.03 1.06 1.05 1.01 1.01 1.03 1.01 1.06 1.04 1.05 1.05 1.02 1.03 1.03 1.04 1.01 1.05 1.02 1.01 
1.02 1.01 1.06 1.06 1.05 1.05 1.03 1.04 1.06 1.06 1.04 1.03 1.01 1.03 1.05 1.05 1.05 1.04 1.03 1.05 
1.04 1.05 1.02 1.04 1.01 1.04 1.03 1.03 1.01 1.04 1.01 1.04 1.04 1.02 1.01 1.06 1.05 1.05 1.04 1.02 
1.05 1.04 1.04 1.05 1.01 1.02 1.02 1.04 1.04 1.06 1.06 1.04 1.01 1.03 1.06 1.01 1.03 1.06 1.06 1.01 
1.05 1.06 1.03 1.05 1.02 1.03 1.04 1.01 1.05 1.01 1.05 1.05 1.03 1.03 1.05 1.04 1.03 1.03 1.05 1.04 
1.01 1.03 1.05 1.03 1.04 1.04 1.01 1.05 1.01 1.01 1.06 1.01 1.05 1.06 1.02 1.03 1.05 1.05 1.04 1.05 
