20
400
25 3 37 84 21 91 53 64 39 85 76 21 77 52 30 3 37 73 79 71 73 63 38 73 67 68 21 46 52 11 77 5 57 52 41 44 66 9 14 78 7 62 41 27 97 99 44 90 34 100 85 42 11 29 77 76 92 39 61 20 81 92 94 74 36 90 6 47 71 14 21 68 72 94 21 70 2 27 42 71 78 53 29 52 5 19 35 71 75 79 72 30 41 53 8 33 83 51 2 9 17 18 28 69 7 91 34 2 94 4 50 69 17 68 26 48 60 43 64 57 39 47 95 17 35 80 91 85 13 78 19 49 63 1 53 82 46 68 10 18 80 62 22 33 67 33 10 26 59 15 51 27 65 87 22 65 11 56 55 23 70 32 67 100 49 75 21 91 88 97 34 87 45 1 23 35 1 80 31 83 62 78 58 96 64 27 65 93 26 60 11 66 26 55 8 61 55 48 92 75 22 26 45 16 55 86 17 6 22 29 98 95 6 44 11 5 40 7 88 97 19 42 44 87 14 40 58 77 10 1 61 34 2 91 37 58 52 79 39 31 95 12 3 73 42 52 7 17 29 87 10 82 70 81 42 54 61 27 55 100 85 4 30 97 75 72 52 100 92 9 27 21 42 78 89 74 98 80 18 21 24 39 37 92 7 21 25 22 59 41 86 21 32 34 1 80 18 69 56 7 5 5 23 13 53 57 26 57 78 99 44 60 16 19 91 10 35 6 21 3 57 84 26 4 12 64 79 54 33 94 67 18 69 93 36 98 44 30 96 95 3 17 96 71 90 99 85 61 69 80 25 38 34 45 4 90 32 64 8 52 87 43 21 46 8 67 82 25 21 26 72 28 32 70 16 14 25 31 50 80 38 19 2 87 98 97 36 27 76 40 100 29 5 28 44 43 52 49 44 2 
2 3 3 3 3 3 2 3 3 2 3 3 1 1 2 3 3 3 2 1 
1.03 1.03 1.04 1.06 1.05 1.04 1.06 1.06 1.03 1.03 1.04 1.06 1.05 1.01 1.01 1.04 1.05 1.02 1.01 1.06 
1.06 1.02 1.05 1.03 1.04 1.04 1.03 1.03 1.01 1.06 1.03 1.02 1.06 1.04 1.04 1.03 1.06 1.01 1.03 1.06 
1.05 1.06 1.04 1.05 1.06 1.03 1.05 1.06 1.04 1.02 1.04 1.01 1.05 1.04 1.06 1.06 1.05 1.04 1.05 1.01 
1.03 1.02 1.05 1.05 1.03 1.03 1.04 1.05 1.02 1.05 1.03 1.02 1.04 1.05 1.03 1.06 1.01 1.03 1.02 1.01 
1.06 1.03 1.05 1.06 1.01 1.05 1.03 1.01 1.01 1.06 1.04 1.02 1.05 1.02 1.06 1.02 1.05 1.05 1.03 1.03 
1.02 1.06 1.01 1.05 1.04 1.04 1.03 1.01 1.01 1.02 1.03 1.06 1.03 1.06 1.02 1.04 1.04 1.04 1.02 1.01 
1.01 1.06 1.05 1.06 1.04 1.01 1.01 1.01 1.05 1.02 1.04 1.02 1.01 1.04 1.06 1.01 1.06 1.02 1.02 1.04 
1.05 1.04 1.04 1.06 1.02 1.05 1.04 1.04 1.03 1.02 1.01 1.02 1.05 1.02 1.05 1.02 1.06 1.03 1.06 1.05 
1.03 1.04 1.03 1.02 1.05 1.03 1.02 1.05 1.05 1.05 1.01 1.05 1.02 1.04 1.05 1.04 1.01 1.01 1.03 1.06 
1.01 1.03 1.01 1.01 1.04 1.02 1.06 1.02 1.05 1.05 1.06 1.02 1.01 1.05 1.04 1.03 1.03 1.05 1.05 1.03 
1.04 1.03 1.04 1.01 1.06 1.04 1.01 1.03 1.05 1.03 1.01 1.03 1.06 1.04 1.01 1.03 1.01 1.06 1.04 1.03 
1.04 1.01 1.01 1.03 1.06 1.05 1.05 1.05 1.03 1.01 1.06 1.06 1.03 1.06 1.05 1.04 1.05 1.04 1.03 1.05 
1.03 1.04 1.04 1.05 1.02 1.02 1.03 1.06 1.04 1.02 1.04 1.06 1.06 1.03 1.05 1.03 1.05 1.06 1.04 1.02 
1.02 1.01 1.05 1.04 1.04 1.01 1.05 1.04 1.02 1.02 1.06 1.01 1.05 1.01 1.01 1.04 1.04 1.01 1.05 1.05 
1.04 1.02 1.02 1.06 1.02 1.04 1.03 1.01 1.03 1.02 1.06 1.05 1.01 1.03 1.02 1.06 1.04 1.04 1.02 1.05 
1.06 1.02 1.06 1.04 1.05 1.06 1.02 1.01 1.05 1.04 1.05 1.06 1.06 1.03 1.02 1.02 1.05 1.02 1.05 1.04 
1.04 1.04 1.02 1.04 1.04 1.05 1.03 1.05 1.02 1.04 1.05 1.04 1.04 1.01 1.05 1.01 1.06 1.02 1.05 1.01 
1.02 1.05 1.04 1.04 1.04 1.01 1.03 1.04 1.01 1.04 1.02 1.02 1.06 1.02 1.04 1.04 1.04 1.05 1.01 1.06 
1.06 1.01 1.06 1.01 1.04 1.05 1.05 1.05 1.06 1.03 1.04 1.06 1.02 1.06 1.04 1.05 1.02 1.04 1.01 1.01 
1.04 1.04 1.02 1.06 1.05 1.01 1.06 1.01 1.06 1.05 1.05 1.06 1.03 1.06 1.01 1.02 1.05 1.03 1.06 1.01 
1.01 1.03 1.03 1.04 1.05 1.05 1.03 1.06 1.05 1.02 1.03 1.03 1.03 1.03 1.01 1.01 1.01 1.06 1.05 1.05 
1.06 1.03 1.01 1.03 1.06 1.03 1.03 1.03 1.04 1.06 1.06 1.02 1.01 1.04 1.05 1.06 1.01 1.03 1.06 1.02 
1.06 1.03 1.03 1.03 1.05 1.01 1.06 1.02 1.06 1.05 1.05 1.01 1.06 1.03 1.05 1.02 1.03 1.02 1.04 1.03 
1.05 1.06 1.01 1.03 1.05 1.02 1.03 1.04 1.03 1.02 1.04 1.02 1.06 1.05 1.05 1.05 1.02 1.02 1.01 1.01 
1.02 1.06 1.04 1.02 1.06 1.06 1.01 1.06 1.05 1.06 1.02 1.02 1.05 1.05 1.01 1.05 1.04 1.05 1.04 1.05 
1.02 1.01 1.03 1.03 1.06 1.06 1.06 1.02 1.05 1.04 1.06 1.06 1.03 1.06 1.03 1.02 1.01 1.06 1.04 1.02 
1.03 1.02 1.06 1.01 1.02 1.05 1.06 1.06 1.02 1.01 1.06 1.04 1.04 1.05 1.03 1.05 1.02 1.02 1.06 1.01 
1.05 1.05 1.05 1.01 1.03 1.04 1.03 1.03 1.01 1.02 1.05 1.02 1.03 1.04 1.03 1.02 1.02 1.04 1.06 1.03 
1.05 1.02 1.01 1.04 1.02 1.06 1.01 1.01 1.04 1.03 1.05 1.04 1.06 1.06 1.05 1.02 1.04 1.06 1.05 1.02 
1.04 1.03 1.02 1.04 1.06 1.01 1.01 1.06 1.02 1.05 1.05 1.05 1.01 1.03 1.06 1.02 1.03 1.04 1.01 1.01 
1.01 1.02 1.02 1.06 1.03 1.03 1.01 1.06 1.06 1.03 1.05 1.01 1.01 1.01 1.05 1.04 1.05 1.05 1.04 1.06 
1.02 1.06 1.05 1.05 1.02 1.06 1.01 1.05 1.01 1.05 1.01 1.04 1.04 1.01 1.05 1.05 1.04 1.03 1.05 1.05 
1.05 1.03 1.05 1.03 1.03 1.04 1.02 1.04 1.02 1.04 1.04 1.03 1.06 1.05 1.05 1.02 1.04 1.02 1.06 1.04 
1.03 1.01 1.01 1.06 1.05 1.05 1.02 1.06 1.04 1.02 1.03 1.04 1.02 1.02 1.05 1.03 1.06 1.01 1.02 1.05 
1.05 1.02 1.01 1.02 1.06 1.04 1.04 1.03 1.03 1.06 1.02 1.03 1.06 1.01 1.04 1.04 1.03 1.03 1.04 1.03 
1.02 1.05 1.04 1.01 1.06 1.04 1.05 1.02 1.06 1.01 1.01 1.03 1.05 1.01 1.04 1.04 1.03 1.01 1.02 1.01 
1.05 1.01 1.05 1.05 1.02 1.06 1.01 1.05 1.05 1.03 1.04 1.05 1.02 1.06 1.02 1.04 1.01 1.03 1.03 1.01 
1.06 1.02 1.03 1.03 1.01 1.01 1.04 1.06 1.02 1.04 1.05 1.02 1.02 1.06 1.02 1.02 1.06 1.02 1.02 1.05 
1.03 1.03 1.02 1.05 1.03 1.01 1.01 1.04 1.06 1.01 1.05 1.01 1.06 1.05 1.05 1.01 1.02 1.06 1.01 1.06 
1.01 1.01 1.06 1.05 1.04 1.05 1.01 1.05 1.01 1.04 1.05 1.01 1.04 1.06 1.02 1.04 1.02 1.01 1.06 1.02 
1.02 1.02 1.05 1.03 1.02 1.06 1.04 1.05 1.02 1.06 1.01 1.05 1.01 1.02 1.05 1.02 1.05 1.03 1.04 1.02 
1.05 1.04 1.02 1.01 1.01 1.04 1.04 1.03 1.01 1.04 1.03 1.06 1.05 1.03 1.05 1.05 1.06 1.05 1.02 1.05 
1.05 1.01 1.03 1.06 1.03 1.03 1.06 1.03 1.05 1.01 1.04 1.05 1.06 1.06 1.04 1.06 1.06 1.02 1.06 1.04 
1.02 1.01 1.04 1.06 1.04 1.06 1.04 1.06 1.01 1.04 1.05 1.03 1.05 1.06 1.03 1.06 1.01 1.02 1.03 1.03 
1.03 1.05 1.03 1.04 1.03 1.02 1.05 1.04 1.03 1.06 1.02 1.02 1.01 1.06 1.06 1.05 1.01 1.06 1.01 1.05 
1.06 1.01 1.05 1.06 1.05 1.03 1.03 1.02 1.04 1.02 1.03 1.05 1.04 1.06 1.06 1.04 1.01 1.04 1.03 1.02 
1.05 1.05 1.02 1.03 1.02 1.06 1.04 1.01 1.05 1.06 1.05 1.01 1.03 1.04 1.04 1.05 1.05 1.04 1.02 1.05 
1.06 1.01 1.01 1.03 1.05 1.04 1.03 1.01 1.03 1.06 1.03 1.05 1.05 1.05 1.04 1.05 1.05 1.05 1.01 1.01 
1.05 1.02 1.04 1.03 1.04 1.03 1.04 1.05 1.05 1.05 1.02 1.02 1.04 1.01 1.01 1.01 1.02 1.05 1.02 1.04 
1.03 1.01 1.02 1.06 1.04 1.02 1.02 1.05 1.02 1.05 1.02 1.04 1.03 1.06 1.05 1.04 1.01 1.03 1.05 1.06 
1.04 1.04 1.01 1.03 1.05 1.04 1.03 1.04 1.01 1.03 1.06 1.06 1.02 1.01 1.02 1.04 1.05 1.03 1.02 1.06 
1.01 1.02 1.02 1.03 1.06 1.05 1.04 1.03 1.05 1.02 1.03 1.01 1.02 1.04 1.02 1.05 1.05 1.04 1.01 1.02 
1.05 1.01 1.05 1.01 1.01 1.01 1.01 1.01 1.02 1.02 1.03 1.05 1.04 1.02 1.02 1.05 1.05 1.02 1.05 1.04 
1.06 1.04 1.04 1.03 1.06 1.04 1.06 1.02 1.05 1.04 1.04 1.06 1.05 1.03 1.05 1.03 1.06 1.02 1.02 1.04 
1.03 1.04 1.04 1.05 1.01 1.06 1.01 1.01 1.06 1.05 1.04 1.04 1.04 1.01 1.02 1.03 1.01 1.06 1.06 1.02 
1.02 1.05 1.03 1.02 1.04 1.02 1.04 1.03 1.04 1.06 1.03 1.05 1.03 1.03 1.05 1.04 1.06 1.05 1.06 1.06 
1.01 1.03 1.06 1.05 1.06 1.01 1.04 1.06 1.01 1.01 1.03 1.02 1.02 1.01 1.03 1.06 1.02 1.01 1.05 1.02 
1.05 1.03 1.04 1.01 1.05 1.04 1.02 1.02 1.05 1.05 1.03 1.04 1.05 1.06 1.04 1.06 1.01 1.04 1.01 1.06 
1.03 1.03 1.04 1.05 1.05 1.05 1.05 1.03 1.05 1.02 1.01 1.04 1.02 1.01 1.03 1.02 1.03 1.05 1.06 1.06 
1.05 1.03 1.04 1.02 1.03 1.04 1.03 1.03 1.03 1.02 1.05 1.04 1.06 1.02 1.04 1.05 1.06 1.05 1.04 1.04 
1.05 1.01 1.06 1.01 1.01 1.06 1.03 1.03 1.04 1.04 1.05 1.02 1.03 1.03 1.01 1.01 1.06 1.01 1.06 1.05 
1.04 1.04 1.06 1.06 1.03 1.02 1.02 1.04 1.04 1.01 1.05 1.01 1.06 1.04 1.06 1.06 1.05 1.05 1.01 1.01 
1.05 1.03 1.05 1.05 1.06 1.03 1.01 1.02 1.03 1.05 1.02 1.03 1.05 1.05 1.05 1.05 1.02 1.01 1.03 1.05 
1.02 1.03 1.01 1.02 1.06 1.03 1.05 1.01 1.05 1.04 1.03 1.06 1.06 1.06 1.04 1.06 1.04 1.05 1.05 1.06 
1.02 1.06 1.01 1.03 1.06 1.05 1.02 1.03 1.05 1.03 1.03 1.06 1.01 1.01 1.03 1.04 1.01 1.06 1.02 1.05 
1.05 1.03 1.05 1.03 1.02 1.02 1.05 1.04 1.01 1.01 1.03 1.06 1.05 1.04 1.03 1.06 1.01 1.05 1.01 1.05 
1.03 1.06 1.06 1.02 1.01 1.01 1.03 1.01 1.05 1.01 1.02 1.01 1.02 1.04 1.03 1.06 1.04 1.02 1.01 1.06 
1.06 1.06 1.03 1.01 1.01 1.04 1.06 1.06 1.06 1.03 1.06 1.04 1.01 1.05 1.04 1.03 1.02 1.04 1.05 1.02 
1.04 1.03 1.03 1.06 1.03 1.05 1.06 1.02 1.02 1.04 1.02 1.06 1.04 1.06 1.05 1.02 1.03 1.06 1.01 1.04 
1.04 1.01 1.04 1.03 1.01 1.02 1.02 1.03 1.03 1.04 1.04 1.02 1.01 1.06 1.05 1.01 1.01 1.04 1.06 1.03 
1.04 1.03 1.02 1.01 1.03 1.06 1.04 1.04 1.03 1.05 1.04 1.02 1.04 1.03 1.06 1.05 1.02 1.06 1.03 1.02 
1.01 1.02 1.02 1.06 1.01 1.02 1.02 1.06 1.06 1.03 1.03 1.06 1.05 1.03 1.05 1.06 1.02 1.03 1.04 1.01 
1.06 1.06 1.03 1.05 1.04 1.05 1.02 1.04 1.01 1.04 1.03 1.04 1.06 1.05 1.05 1.01 1.05 1.05 1.05 1.04 
1.02 1.04 1.04 1.02 1.03 1.06 1.02 1.06 1.02 1.03 1.05 1.02 1.05 1.05 1.03 1.02 1.04 1.02 1.04 1.05 
1.06 1.05 1.06 1.04 1.03 1.03 1.02 1.03 1.03 1.05 1.04 1.05 1.06 1.03 1.06 1.02 1.02 1.04 1.04 1.05 
1.06 1.04 1.04 1.04 1.02 1.06 1.05 1.03 1.06 1.02 1.06 1.01 1.04 1.06 1.02 1.01 1.01 1.04 1.03 1.03 
1.05 1.02 1.03 1.01 1.01 1.01 1.03 1.01 1.02 1.05 1.03 1.05 1.06 1.06 1.02 1.04 1.06 1.06 1.01 1.06 
1.05 1.04 1.01 1.01 1.06 1.01 1.04 1.02 1.04 1.04 1.06 1.01 1.06 1.04 1.05 1.03 1.03 1.04 1.01 1.05 
1.06 1.06 1.03 1.02 1.06 1.05 1.01 1.03 1.02 1.02 1.03 1.02 1.01 1.05 1.02 1.05 1.04 1.01 1.02 1.01 
1.03 1.05 1.04 1.06 1.01 1.03 1.01 1.04 1.03 1.03 1.03 1.01 1.06 1.01 1.06 1.04 1.05 1.02 1.03 1.06 
1.02 1.02 1.06 1.03 1.02 1.05 1.01 1.05 1.03 1.03 1.06 1.05 1.03 1.02 1.04 1.04 1.02 1.02 1.05 1.05 
1.02 1.03 1.01 1.03 1.05 1.03 1.04 1.02 1.04 1.06 1.02 1.06 1.03 1.01 1.06 1.02 1.05 1.04 1.06 1.05 
1.06 1.05 1.03 1.01 1.04 1.01 1.04 1.04 1.02 1.01 1.01 1.03 1.04 1.03 1.05 1.06 1.02 1.01 1.06 1.01 
1.04 1.01 1.06 1.03 1.02 1.03 1.01 1.06 1.06 1.02 1.05 1.03 1.03 1.06 1.02 1.04 1.01 1.01 1.04 1.05 
1.02 1.04 1.03 1.04 1.02 1.04 1.01 1.04 1.01 1.05 1.03 1.03 1.05 1.02 1.03 1.04 1.03 1.04 1.03 1.04 
1.02 1.03 1.03 1.06 1.04 1.06 1.03 1.01 1.02 1.04 1.06 1.05 1.04 1.01 1.05 1.06 1.01 1.02 1.02 1.06 
1.03 1.06 1.05 1.01 1.04 1.03 1.01 1.06 1.04 1.02 1.03 1.05 1.04 1.06 1.06 1.02 1.02 1.01 1.06 1.02 
1.02 1.05 1.03 1.01 1.03 1.04 1.01 1.04 1.03 1.02 1.03 1.05 1.01 1.03 1.02 1.05 1.05 1.04 1.06 1.06 
1.02 1.01 1.02 1.06 1.06 1.05 1.02 1.04 1.06 1.05 1.04 1.04 1.06 1.06 1.01 1.01 1.06 1.01 1.03 1.02 
1.05 1.03 1.02 1.01 1.01 1.03 1.01 1.05 1.02 1.01 1.04 1.01 1.02 1.03 1.02 1.02 1.03 1.03 1.04 1.02 
1.03 1.02 1.03 1.05 1.04 1.06 1.02 1.06 1.03 1.02 1.05 1.01 1.06 1.03 1.01 1.04 1.06 1.03 1.06 1.01 
1.01 1.02 1.01 1.02 1.03 1.04 1.01 1.06 1.06 1.04 1.06 1.04 1.04 1.01 1.03 1.06 1.03 1.05 1.01 1.04 
1.05 1.04 1.01 1.06 1.04 1.05 1.02 1.05 1.03 1.03 1.05 1.03 1.01 1.06 1.04 1.04 1.03 1.03 1.03 1.04 
1.06 1.05 1.03 1.04 1.05 1.02 1.02 1.03 1.05 1.04 1.02 1.02 1.01 1.03 1.03 1.04 1.01 1.01 1.04 1.02 
1.06 1.06 1.05 1.02 1.02 1.03 1.02 1.03 1.06 1.04 1.05 1.05 1.03 1.04 1.04 1.06 1.04 1.06 1.03 1.01 
1.01 1.01 1.04 1.01 1.01 1.02 1.02 1.02 1.06 1.03 1.03 1.06 1.06 1.02 1.06 1.04 1.04 1.02 1.03 1.06 
1.02 1.06 1.03 1.05 1.01 1.03 1.02 1.05 1.04 1.06 1.05 1.03 1.06 1.03 1.03 1.04 1.04 1.03 1.05 1.06 
1.04 1.05 1.03 1.02 1.01 1.03 1.05 1.02 1.02 1.06 1.05 1.05 1.03 1.02 1.03 1.02 1.05 1.05 1.05 1.02 
1.02 1.02 1.02 1.06 1.04 1.02 1.03 1.04 1.06 1.01 1.02 1.01 1.02 1.06 1.05 1.05 1.02 1.01 1.02 1.03 
1.03 1.03 1.01 1.05 1.03 1.04 1.06 1.03 1.02 1.06 1.01 1.06 1.06 1.06 1.02 1.05 1.02 1.06 1.03 1.02 
1.02 1.04 1.05 1.01 1.04 1.06 1.02 1.02 1.06 1.06 1.05 1.03 1.03 1.03 1.05 1.04 1.02 1.02 1.01 1.05 
1.05 1.05 1.04 1.05 1.05 1.02 1.03 1.04 1.05 1.05 1.03 1.03 1.03 1.05 1.01 1.05 1.06 1.06 1.02 1.06 
1.03 1.06 1.01 1.06 1.01 1.02 1.01 1.01 1.02 1.03 1.02 1.04 1.02 1.06 1.05 1.02 1.04 1.06 1.06 1.04 
1.03 1.01 1.02 1.05 1.05 1.02 1.02 1.05 1.04 1.01 1.03 1.02 1.02 1.03 1.04 1.06 1.04 1.04 1.04 1.01 
1.01 1.04 1.03 1.02 1.05 1.06 1.03 1.06 1.03 1.05 1.03 1.06 1.05 1.06 1.02 1.01 1.05 1.02 1.04 1.02 
1.02 1.01 1.06 1.02 1.03 1.06 1.06 1.05 1.02 1.02 1.04 1.02 1.02 1.01 1.01 1.02 1.06 1.05 1.03 1.02 
1.04 1.03 1.04 1.05 1.06 1.02 1.01 1.04 1.05 1.01 1.02 1.01 1.06 1.06 1.03 1.05 1.03 1.05 1.04 1.02 
1.04 1.03 1.05 1.03 1.04 1.03 1.06 1.02 1.05 1.05 1.01 1.03 1.06 1.03 1.02 1.04 1.04 1.02 1.02 1.03 
1.04 1.02 1.06 1.06 1.04 1.04 1.06 1.03 1.03 1.03 1.05 1.01 1.03 1.03 1.02 1.02 1.02 1.02 1.02 1.01 
1.04 1.06 1.04 1.01 1.04 1.01 1.04 1.02 1.06 1.06 1.01 1.01 1.01 1.03 1.04 1.06 1.02 1.01 1.05 1.06 
1.03 1.01 1.02 1.01 1.03 1.05 1.01 1.06 1.06 1.02 1.03 1.02 1.05 1.02 1.06 1.01 1.05 1.02 1.06 1.04 
1.05 1.06 1.02 1.01 1.02 1.04 1.03 1.05 1.02 1.02 1.05 1.05 1.04 1.03 1.05 1.06 1.04 1.03 1.03 1.03 
1.03 1.01 1.02 1.02 1.02 1.02 1.01 1.01 1.02 1.06 1.02 1.03 1.05 1.02 1.06 1.06 1.06 1.03 1.01 1.06 
1.06 1.06 1.05 1.01 1.01 1.01 1.04 1.04 1.01 1.05 1.04 1.02 1.01 1.01 1.04 1.04 1.03 1.02 1.04 1.04 
1.03 1.04 1.06 1.04 1.06 1.02 1.01 1.04 1.02 1.02 1.05 1.05 1.02 1.05 1.01 1.04 1.06 1.04 1.03 1.06 
1.03 1.03 1.02 1.02 1.06 1.06 1.03 1.05 1.05 1.06 1.01 1.02 1.04 1.04 1.03 1.01 1.01 1.02 1.05 1.02 
1.04 1.01 1.05 1.05 1.02 1.04 1.05 1.02 1.06 1.03 1.06 1.01 1.05 1.03 1.06 1.06 1.06 1.04 1.03 1.06 
1.05 1.05 1.02 1.04 1.02 1.05 1.04 1.01 1.03 1.02 1.03 1.01 1.05 1.02 1.05 1.05 1.03 1.05 1.03 1.02 
1.04 1.06 1.02 1.01 1.01 1.05 1.04 1.05 1.02 1.02 1.04 1.01 1.02 1.05 1.01 1.03 1.06 1.05 1.04 1.05 
1.03 1.04 1.04 1.06 1.06 1.04 1.06 1.06 1.04 1.06 1.06 1.02 1.02 1.04 1.05 1.02 1.01 1.06 1.03 1.03 
1.02 1.02 1.01 1.01 1.04 1.03 1.01 1.06 1.05 1.05 1.04 1.04 1.01 1.03 1.02 1.03 1.05 1.03 1.02 1.05 
1.06 1.01 1.02 1.01 1.01 1.05 1.01 1.01 1.03 1.04 1.05 1.01 1.02 1.06 1.03 1.01 1.05 1.02 1.03 1.04 
1.01 1.03 1.04 1.03 1.03 1.03 1.03 1.06 1.06 1.01 1.03 1.03 1.03 1.06 1.03 1.06 1.05 1.01 1.02 1.02 
1.04 1.03 1.06 1.03 1.03 1.04 1.01 1.06 1.06 1.04 1.01 1.05 1.02 1.05 1.02 1.01 1.03 1.05 1.01 1.03 
1.04 1.04 1.02 1.06 1.05 1.03 1.04 1.02 1.05 1.04 1.03 1.04 1.02 1.03 1.01 1.05 1.04 1.06 1.02 1.03 
1.04 1.02 1.03 1.02 1.04 1.03 1.02 1.03 1.01 1.04 1.02 1.06 1.02 1.02 1.02 1.01 1.03 1.03 1.06 1.04 
1.02 1.06 1.06 1.02 1.05 1.03 1.04 1.02 1.03 1.02 1.03 1.03 1.02 1.02 1.01 1.03 1.05 1.01 1.06 1.03 
1.05 1.03 1.06 1.06 1.05 1.05 1.06 1.06 1.06 1.06 1.03 1.03 1.02 1.01 1.03 1.05 1.06 1.04 1.03 1.03 
1.05 1.06 1.05 1.01 1.04 1.03 1.06 1.02 1.05 1.01 1.01 1.06 1.01 1.05 1.03 1.03 1.02 1.03 1.05 1.01 
1.02 1.03 1.01 1.02 1.06 1.05 1.01 1.06 1.03 1.01 1.04 1.01 1.03 1.05 1.03 1.03 1.06 1.03 1.05 1.02 
1.05 1.01 1.06 1.02 1.03 1.06 1.05 1.06 1.03 1.03 1.02 1.03 1.02 1.05 1.03 1.06 1.04 1.04 1.05 1.06 
1.03 1.03 1.04 1.01 1.01 1.02 1.04 1.04 1.02 1.02 1.02 1.06 1.02 1.06 1.04 1.02 1.05 1.05 1.04 1.06 
1.06 1.01 1.04 1.03 1.03 1.04 1.05 1.05 1.01 1.01 1.01 1.02 1.01 1.02 1.06 1.01 1.03 1.01 1.04 1.02 
1.04 1.06 1.01 1.02 1.03 1.04 1.05 1.06 1.04 1.05 1.06 1.06 1.02 1.04 1.04 1.02 1.01 1.06 1.03 1.06 
1.04 1.02 1.01 1.06 1.03 1.01 1.04 1.03 1.02 1.05 1.01 1.04 1.04 1.01 1.04 1.06 1.06 1.01 1.01 1.02 
1.01 1.02 1.04 1.03 1.02 1.05 1.01 1.01 1.03 1.01 1.05 1.02 1.06 1.03 1.06 1.05 1.04 1.04 1.04 1.01 
1.05 1.04 1.02 1.02 1.06 1.03 1.04 1.05 1.04 1.03 1.05 1.02 1.05 1.01 1.05 1.02 1.06 1.06 1.01 1.06 
1.06 1.01 1.04 1.06 1.01 1.02 1.04 1.03 1.05 1.01 1.03 1.04 1.01 1.04 1.03 1.02 1.06 1.02 1.05 1.01 
1.05 1.04 1.04 1.03 1.04 1.04 1.05 1.02 1.03 1.01 1.04 1.02 1.02 1.01 1.03 1.03 1.01 1.05 1.05 1.04 
1.05 1.02 1.01 1.06 1.03 1.05 1.06 1.06 1.04 1.03 1.01 1.03 1.04 1.06 1.03 1.01 1.04 1.01 1.02 1.01 
1.06 1.04 1.06 1.04 1.02 1.05 1.06 1.04 1.03 1.04 1.03 1.05 1.02 1.03 1.04 1.03 1.03 1.03 1.04 1.01 
1.05 1.04 1.03 1.01 1.06 1.01 1.04 1.02 1.04 1.02 1.03 1.06 1.01 1.03 1.02 1.05 1.06 1.01 1.05 1.02 
1.06 1.05 1.03 1.05 1.02 1.02 1.03 1.01 1.01 1.05 1.05 1.01 1.04 1.05 1.03 1.01 1.05 1.05 1.05 1.02 
1.05 1.06 1.06 1.01 1.05 1.03 1.05 1.04 1.05 1.03 1.02 1.01 1.01 1.01 1.02 1.04 1.04 1.03 1.02 1.03 
1.02 1.01 1.03 1.02 1.04 1.04 1.06 1.02 1.04 1.03 1.02 1.04 1.06 1.03 1.03 1.05 1.04 1.04 1.05 1.04 
1.06 1.05 1.04 1.04 1.04 1.04 1.02 1.04 1.05 1.03 1.03 1.05 1.03 1.02 1.05 1.05 1.05 1.03 1.01 1.05 
1.03 1.03 1.03 1.03 1.01 1.04 1.06 1.02 1.01 1.01 1.02 1.06 1.03 1.03 1.01 1.02 1.02 1.05 1.03 1.06 
1.02 1.06 1.03 1.04 1.06 1.03 1.04 1.02 1.01 1.04 1.01 1.06 1.01 1.04 1.02 1.04 1.02 1.03 1.02 1.04 
1.03 1.02 1.02 1.05 1.01 1.01 1.05 1.06 1.06 1.02 1.03 1.02 1.05 1.01 1.05 1.04 1.02 1.06 1.06 1.06 
1.03 1.01 1.04 1.03 1.01 1.03 1.03 1.04 1.05 1.05 1.06 1.05 1.02 1.04 1.05 1.04 1.03 1.03 1.03 1.05 
1.06 1.06 1.01 1.05 1.06 1.05 1.02 1.06 1.06 1.01 1.03 1.04 1.02 1.06 1.02 1.05 1.05 1.06 1.03 1.01 
1.03 1.02 1.02 1.06 1.03 1.05 1.02 1.05 1.01 1.05 1.04 1.02 1.04 1.04 1.06 1.06 1.05 1.06 1.04 1.01 
1.04 1.02 1.01 1.06 1.05 1.05 1.01 1.06 1.06 1.03 1.01 1.01 1.03 1.02 1.02 1.03 1.01 1.06 1.02 1.01 
1.05 1.02 1.02 1.02 1.01 1.06 1.04 1.06 1.06 1.02 1.05 1.06 1.01 1.01 1.06 1.06 1.04 1.05 1.04 1.03 
1.03 1.01 1.03 1.01 1.02 1.06 1.06 1.04 1.04 1.05 1.03 1.03 1.01 1.02 1.01 1.02 1.02 1.01 1.05 1.04 
1.01 1.04 1.01 1.02 1.06 1.01 1.01 1.01 1.03 1.06 1.02 1.03 1.02 1.05 1.05 1.05 1.01 1.01 1.01 1.05 
1.06 1.01 1.01 1.02 1.01 1.04 1.06 1.03 1.05 1.01 1.01 1.03 1.01 1.01 1.06 1.04 1.03 1.01 1.01 1.01 
1.02 1.04 1.02 1.03 1.04 1.05 1.02 1.06 1.06 1.03 1.03 1.05 1.01 1.06 1.03 1.01 1.01 1.05 1.01 1.05 
1.05 1.02 1.01 1.04 1.05 1.03 1.03 1.05 1.05 1.01 1.02 1.01 1.05 1.03 1.06 1.06 1.01 1.02 1.02 1.01 
1.01 1.01 1.04 1.01 1.04 1.01 1.01 1.01 1.03 1.04 1.06 1.01 1.05 1.05 1.03 1.01 1.02 1.01 1.06 1.05 
1.05 1.06 1.06 1.06 1.04 1.03 1.01 1.04 1.04 1.02 1.05 1.05 1.06 1.03 1.04 1.06 1.01 1.02 1.01 1.05 
1.03 1.04 1.01 1.02 1.06 1.04 1.05 1.01 1.02 1.03 1.03 1.01 1.05 1.04 1.02 1.01 1.01 1.06 1.01 1.04 
1.02 1.01 1.06 1.01 1.05 1.05 1.01 1.05 1.02 1.05 1.04 1.05 1.03 1.05 1.05 1.05 1.02 1.03 1.02 1.01 
1.06 1.01 1.06 1.01 1.03 1.05 1.06 1.05 1.06 1.04 1.04 1.04 1.03 1.03 1.03 1.06 1.01 1.03 1.02 1.04 
1.06 1.04 1.06 1.04 1.06 1.06 1.01 1.01 1.05 1.04 1.04 1.02 1.02 1.05 1.02 1.01 1.04 1.03 1.04 1.05 
1.05 1.04 1.03 1.01 1.06 1.06 1.04 1.03 1.03 1.05 1.06 1.05 1.06 1.05 1.04 1.05 1.05 1.06 1.05 1.01 
1.01 1.03 1.04 1.05 1.05 1.01 1.04 1.04 1.01 1.04 1.05 1.04 1.05 1.06 1.02 1.05 1.02 1.02 1.04 1.04 
1.05 1.03 1.06 1.01 1.04 1.01 1.06 1.03 1.05 1.01 1.05 1.02 1.04 1.03 1.04 1.01 1.06 1.05 1.06 1.01 
1.03 1.03 1.05 1.03 1.01 1.02 1.03 1.01 1.03 1.04 1.03 1.06 1.05 1.01 1.02 1.06 1.04 1.01 1.02 1.02 
1.04 1.04 1.05 1.06 1.02 1.04 1.02 1.03 1.01 1.03 1.04 1.02 1.02 1.02 1.05 1.02 1.04 1.06 1.02 1.02 
1.05 1.06 1.04 1.04 1.01 1.03 1.02 1.01 1.01 1.05 1.05 1.06 1.03 1.03 1.04 1.02 1.02 1.01 1.03 1.06 
1.05 1.06 1.06 1.05 1.04 1.06 1.01 1.06 1.02 1.04 1.02 1.01 1.02 1.01 1.01 1.03 1.02 1.02 1.03 1.05 
1.06 1.04 1.01 1.05 1.06 1.04 1.02 1.03 1.01 1.02 1.03 1.01 1.06 1.02 1.03 1.03 1.03 1.04 1.05 1.04 
1.05 1.06 1.04 1.01 1.06 1.04 1.02 1.04 1.04 1.04 1.03 1.05 1.06 1.06 1.05 1.05 1.02 1.05 1.05 1.02 
1.02 1.06 1.01 1.06 1.03 1.06 1.05 1.06 1.01 1.06 1.06 1.05 1.02 1.04 1.06 1.02 1.01 1.03 1.02 1.04 
1.05 1.04 1.06 1.04 1.02 1.01 1.03 1.05 1.06 1.05 1.02 1.06 1.05 1.05 1.01 1.04 1.03 1.01 1.02 1.03 
1.06 1.04 1.04 1.04 1.04 1.02 1.02 1.05 1.01 1.06 1.01 1.04 1.04 1.03 1.01 1.06 1.06 1.05 1.03 1.03 
1.04 1.06 1.04 1.04 1.04 1.05 1.03 1.04 1.02 1.03 1.01 1.01 1.04 1.02 1.03 1.06 1.06 1.05 1.04 1.02 
1.06 1.05 1.06 1.04 1.04 1.01 1.02 1.06 1.02 1.04 1.06 1.06 1.05 1.01 1.03 1.03 1.06 1.02 1.02 1.05 
1.01 1.02 1.04 1.05 1.03 1.04 1.02 1.06 1.02 1.01 1.03 1.05 1.02 1.06 1.01 1.01 1.03 1.02 1.03 1.04 
1.01 1.06 1.04 1.03 1.05 1.01 1.01 1.04 1.06 1.03 1.02 1.02 1.05 1.05 1.06 1.06 1.05 1.03 1.05 1.03 
1.04 1.03 1.04 1.01 1.01 1.02 1.04 1.05 1.06 1.05 1.05 1.05 1.04 1.06 1.03 1.03 1.03 1.04 1.05 1.06 
1.05 1.06 1.01 1.04 1.04 1.01 1.04 1.03 1.03 1.02 1.04 1.04 1.02 1.02 1.01 1.01 1.05 1.06 1.02 1.02 
1.04 1.03 1.01 1.05 1.06 1.02 1.05 1.03 1.04 1.06 1.01 1.03 1.05 1.04 1.06 1.06 1.05 1.02 1.03 1.03 
1.06 1.01 1.06 1.03 1.02 1.02 1.04 1.01 1.02 1.02 1.03 1.03 1.01 1.04 1.05 1.03 1.03 1.03 1.03 1.04 
1.04 1.03 1.01 1.02 1.02 1.04 1.06 1.02 1.01 1.01 1.01 1.02 1.03 1.05 1.03 1.01 1.04 1.01 1.01 1.05 
1.05 1.03 1.01 1.05 1.05 1.01 1.05 1.02 1.03 1.06 1.04 1.03 1.06 1.03 1.01 1.02 1.04 1.02 1.04 1.03 
1.06 1.04 1.02 1.03 1.06 1.02 1.04 1.03 1.06 1.04 1.05 1.02 1.01 1.03 1.05 1.06 1.03 1.02 1.01 1.02 
1.02 1.03 1.06 1.04 1.01 1.05 1.02 1.06 1.05 1.04 1.05 1.02 1.06 1.01 1.06 1.03 1.06 1.06 1.05 1.04 
1.06 1.02 1.04 1.02 1.03 1.02 1.03 1.02 1.02 1.05 1.06 1.01 1.04 1.04 1.01 1.04 1.05 1.06 1.01 1.03 
1.05 1.04 1.06 1.06 1.02 1.06 1.05 1.05 1.01 1.03 1.02 1.03 1.02 1.05 1.02 1.02 1.01 1.06 1.01 1.02 
1.01 1.02 1.06 1.04 1.03 1.05 1.05 1.03 1.04 1.06 1.04 1.04 1.06 1.02 1.02 1.04 1.05 1.03 1.03 1.06 
1.03 1.03 1.06 1.02 1.01 1.04 1.02 1.02 1.01 1.02 1.02 1.02 1.01 1.03 1.01 1.03 1.05 1.06 1.01 1.03 
1.01 1.06 1.03 1.02 1.04 1.03 1.04 1.05 1.02 1.04 1.04 1.03 1.02 1.01 1.03 1.06 1.06 1.01 1.06 1.02 
1.04 1.02 1.06 1.01 1.04 1.02 1.02 1.05 1.04 1.02 1.04 1.01 1.02 1.04 1.06 1.03 1.03 1.02 1.03 1.02 
1.05 1.01 1.01 1.01 1.03 1.01 1.06 1.01 1.06 1.04 1.01 1.01 1.05 1.03 1.02 1.01 1.02 1.02 1.05 1.05 
1.06 1.05 1.04 1.04 1.05 1.04 1.02 1.02 1.04 1.03 1.03 1.06 1.03 1.03 1.01 1.05 1.02 1.06 1.03 1.02 
1.03 1.01 1.04 1.06 1.04 1.05 1.04 1.02 1.04 1.03 1.03 1.02 1.04 1.03 1.03 1.02 1.04 1.04 1.03 1.02 
1.02 1.05 1.06 1.02 1.01 1.04 1.06 1.02 1.03 1.01 1.04 1.03 1.05 1.02 1.02 1.05 1.06 1.05 1.02 1.06 
1.03 1.06 1.06 1.03 1.03 1.04 1.01 1.03 1.04 1.04 1.01 1.02 1.04 1.04 1.04 1.04 1.01 1.05 1.04 1.04 
1.01 1.04 1.06 1.05 1.01 1.01 1.01 1.04 1.06 1.03 1.01 1.03 1.05 1.04 1.02 1.05 1.04 1.04 1.05 1.02 
1.01 1.04 1.05 1.03 1.02 1.04 1.04 1.05 1.02 1.05 1.04 1.02 1.03 1.03 1.03 1.05 1.02 1.04 1.03 1.06 
1.04 1.01 1.05 1.04 1.01 1.03 1.06 1.01 1.05 1.05 1.05 1.05 1.04 1.03 1.04 1.04 1.06 1.01 1.02 1.06 
1.06 1.02 1.04 1.03 1.01 1.06 1.05 1.04 1.01 1.02 1.04 1.03 1.03 1.04 1.03 1.06 1.06 1.03 1.02 1.06 
1.02 1.01 1.05 1.01 1.04 1.01 1.02 1.02 1.03 1.05 1.04 1.06 1.02 1.04 1.06 1.02 1.06 1.03 1.01 1.01 
1.04 1.05 1.05 1.04 1.04 1.03 1.01 1.06 1.06 1.06 1.05 1.02 1.06 1.02 1.04 1.02 1.06 1.05 1.05 1.04 
1.02 1.02 1.02 1.02 1.01 1.05 1.01 1.06 1.03 1.05 1.05 1.04 1.01 1.03 1.03 1.02 1.03 1.04 1.05 1.06 
1.04 1.04 1.05 1.04 1.04 1.02 1.01 1.06 1.06 1.04 1.02 1.05 1.04 1.03 1.04 1.03 1.01 1.05 1.05 1.03 
1.02 1.01 1.03 1.06 1.06 1.06 1.03 1.04 1.01 1.06 1.02 1.05 1.03 1.02 1.02 1.03 1.05 1.01 1.02 1.05 
1.06 1.02 1.01 1.05 1.05 1.06 1.05 1.04 1.02 1.05 1.06 1.04 1.05 1.01 1.04 1.05 1.03 1.02 1.01 1.05 
1.03 1.01 1.04 1.04 1.01 1.06 1.03 1.02 1.01 1.06 1.01 1.03 1.02 1.05 1.06 1.01 1.01 1.04 1.06 1.05 
1.01 1.01 1.03 1.05 1.03 1.02 1.02 1.01 1.04 1.05 1.04 1.04 1.05 1.01 1.01 1.02 1.04 1.01 1.06 1.04 
1.06 1.03 1.03 1.01 1.02 1.01 1.05 1.02 1.06 1.02 1.04 1.01 1.05 1.03 1.06 1.01 1.05 1.04 1.02 1.01 
1.02 1.05 1.06 1.02 1.05 1.06 1.01 1.04 1.01 1.01 1.05 1.06 1.02 1.04 1.02 1.04 1.04 1.06 1.01 1.05 
1.02 1.06 1.03 1.03 1.01 1.03 1.04 1.02 1.02 1.03 1.02 1.02 1.04 1.03 1.05 1.01 1.02 1.02 1.05 1.02 
1.02 1.05 1.01 1.05 1.03 1.03 1.06 1.04 1.01 1.05 1.01 1.01 1.03 1.02 1.01 1.02 1.04 1.05 1.05 1.05 
1.01 1.05 1.06 1.01 1.01 1.06 1.06 1.02 1.05 1.05 1.04 1.01 1.03 1.03 1.06 1.01 1.03 1.06 1.03 1.06 
1.04 1.04 1.03 1.03 1.05 1.05 1.03 1.03 1.02 1.05 1.05 1.05 1.02 1.04 1.05 1.01 1.01 1.06 1.01 1.06 
1.01 1.01 1.06 1.05 1.04 1.02 1.06 1.05 1.03 1.04 1.02 1.02 1.06 1.01 1.05 1.04 1.04 1.04 1.01 1.05 
1.03 1.05 1.01 1.01 1.01 1.05 1.05 1.04 1.03 1.06 1.02 1.02 1.06 1.06 1.01 1.01 1.04 1.02 1.04 1.01 
1.04 1.04 1.03 1.06 1.05 1.02 1.05 1.06 1.06 1.05 1.05 1.03 1.06 1.03 1.01 1.06 1.01 1.06 1.03 1.02 
1.02 1.02 1.03 1.03 1.06 1.06 1.04 1.05 1.01 1.06 1.05 1.05 1.05 1.02 1.02 1.06 1.05 1.03 1.06 1.02 
1.06 1.01 1.04 1.02 1.04 1.05 1.04 1.02 1.01 1.06 1.03 1.01 1.02 1.06 1.03 1.02 1.01 1.04 1.03 1.02 
1.02 1.04 1.05 1.04 1.06 1.05 1.05 1.06 1.05 1.02 1.06 1.01 1.01 1.04 1.04 1.06 1.04 1.06 1.06 1.06 
1.03 1.04 1.03 1.02 1.01 1.02 1.01 1.02 1.02 1.06 1.04 1.01 1.04 1.01 1.04 1.05 1.04 1.05 1.06 1.05 
1.06 1.01 1.01 1.04 1.02 1.06 1.02 1.04 1.06 1.04 1.05 1.02 1.02 1.04 1.04 1.01 1.04 1.02 1.03 1.05 
1.01 1.06 1.06 1.06 1.03 1.05 1.04 1.04 1.01 1.04 1.04 1.05 1.03 1.04 1.02 1.04 1.01 1.01 1.02 1.06 
1.04 1.03 1.06 1.05 1.01 1.04 1.02 1.04 1.04 1.05 1.01 1.02 1.02 1.04 1.05 1.05 1.04 1.06 1.05 1.03 
1.04 1.02 1.02 1.06 1.03 1.03 1.02 1.06 1.06 1.01 1.06 1.02 1.02 1.03 1.01 1.01 1.04 1.06 1.03 1.05 
1.01 1.05 1.01 1.01 1.04 1.04 1.03 1.05 1.06 1.06 1.05 1.01 1.02 1.03 1.05 1.02 1.04 1.01 1.03 1.03 
1.06 1.02 1.01 1.05 1.02 1.02 1.06 1.02 1.02 1.04 1.04 1.03 1.02 1.01 1.02 1.06 1.01 1.01 1.05 1.02 
1.03 1.01 1.02 1.06 1.01 1.01 1.05 1.06 1.06 1.04 1.03 1.04 1.02 1.04 1.03 1.06 1.04 1.02 1.03 1.06 
1.06 1.01 1.05 1.06 1.02 1.02 1.03 1.02 1.04 1.04 1.06 1.05 1.02 1.01 1.01 1.03 1.06 1.01 1.06 1.01 
1.02 1.05 1.01 1.04 1.03 1.06 1.04 1.01 1.06 1.03 1.01 1.04 1.04 1.02 1.02 1.01 1.02 1.04 1.02 1.02 
1.04 1.03 1.02 1.05 1.04 1.02 1.05 1.06 1.01 1.01 1.03 1.02 1.01 1.05 1.01 1.01 1.01 1.02 1.01 1.03 
1.06 1.04 1.05 1.06 1.01 1.01 1.06 1.06 1.06 1.03 1.01 1.05 1.01 1.01 1.03 1.01 1.03 1.05 1.01 1.05 
1.01 1.02 1.02 1.02 1.05 1.06 1.03 1.06 1.02 1.03 1.02 1.02 1.04 1.01 1.03 1.02 1.06 1.01 1.06 1.06 
1.02 1.01 1.06 1.02 1.02 1.02 1.05 1.02 1.06 1.06 1.05 1.06 1.01 1.03 1.05 1.01 1.05 1.04 1.05 1.02 
1.02 1.06 1.03 1.01 1.05 1.06 1.03 1.01 1.03 1.04 1.04 1.04 1.03 1.02 1.02 1.05 1.04 1.04 1.06 1.05 
1.02 1.05 1.06 1.01 1.05 1.04 1.05 1.05 1.04 1.04 1.02 1.06 1.01 1.05 1.01 1.02 1.06 1.05 1.06 1.01 
1.04 1.06 1.04 1.01 1.04 1.01 1.03 1.06 1.04 1.03 1.01 1.03 1.03 1.06 1.04 1.03 1.02 1.01 1.04 1.05 
1.06 1.04 1.03 1.05 1.01 1.06 1.05 1.06 1.02 1.02 1.06 1.01 1.02 1.03 1.06 1.06 1.02 1.05 1.05 1.01 
1.02 1.01 1.03 1.01 1.05 1.03 1.03 1.01 1.05 1.05 1.03 1.03 1.01 1.03 1.02 1.06 1.02 1.01 1.03 1.02 
1.03 1.05 1.05 1.06 1.04 1.01 1.06 1.04 1.05 1.06 1.01 1.01 1.06 1.06 1.04 1.01 1.01 1.04 1.06 1.04 
1.02 1.01 1.02 1.06 1.04 1.05 1.01 1.02 1.04 1.04 1.05 1.05 1.05 1.06 1.04 1.05 1.01 1.03 1.06 1.04 
1.02 1.01 1.01 1.03 1.03 1.04 1.06 1.06 1.02 1.01 1.03 1.04 1.06 1.03 1.01 1.03 1.02 1.01 1.06 1.05 
1.01 1.04 1.01 1.02 1.01 1.01 1.05 1.05 1.03 1.03 1.04 1.04 1.06 1.04 1.02 1.02 1.04 1.02 1.05 1.03 
1.06 1.04 1.04 1.02 1.02 1.06 1.01 1.05 1.02 1.05 1.02 1.06 1.04 1.03 1.05 1.05 1.02 1.06 1.02 1.04 
1.04 1.06 1.03 1.01 1.05 1.03 1.03 1.01 1.01 1.04 1.04 1.05 1.06 1.06 1.05 1.01 1.06 1.06 1.06 1.03 
1.01 1.05 1.05 1.04 1.02 1.05 1.05 1.05 1.04 1.02 1.02 1.03 1.04 1.01 1.02 1.06 1.01 1.06 1.01 1.06 
1.03 1.03 1.06 1.01 1.03 1.03 1.03 1.02 1.04 1.03 1.02 1.05 1.05 1.03 1.03 1.02 1.04 1.04 1.05 1.06 
1.06 1.05 1.03 1.01 1.03 1.06 1.04 1.06 1.05 1.02 1.04 1.03 1.03 1.02 1.05 1.04 1.02 1.01 1.05 1.04 
1.01 1.03 1.04 1.04 1.04 1.02 1.03 1.01 1.04 1.02 1.04 1.05 1.03 1.03 1.03 1.03 1.01 1.05 1.05 1.06 
1.02 1.01 1.06 1.05 1.05 1.02 1.01 1.05 1.01 1.04 1.03 1.01 1.04 1.06 1.01 1.06 1.01 1.04 1.02 1.06 
1.06 1.05 1.01 1.04 1.01 1.04 1.03 1.03 1.06 1.06 1.05 1.03 1.06 1.02 1.03 1.06 1.06 1.06 1.02 1.02 
1.06 1.04 1.01 1.02 1.02 1.06 1.03 1.06 1.03 1.02 1.06 1.04 1.05 1.03 1.03 1.06 1.03 1.06 1.04 1.05 
1.06 1.03 1.03 1.04 1.02 1.05 1.04 1.05 1.03 1.02 1.05 1.06 1.05 1.01 1.01 1.01 1.04 1.05 1.04 1.06 
1.06 1.05 1.03 1.06 1.04 1.02 1.02 1.06 1.04 1.03 1.04 1.03 1.01 1.01 1.02 1.02 1.05 1.01 1.04 1.01 
1.04 1.01 1.06 1.03 1.06 1.05 1.06 1.04 1.06 1.03 1.02 1.03 1.05 1.03 1.02 1.05 1.06 1.02 1.03 1.06 
1.04 1.05 1.05 1.03 1.04 1.05 1.01 1.02 1.03 1.04 1.02 1.05 1.06 1.06 1.03 1.06 1.01 1.01 1.02 1.04 
1.04 1.01 1.01 1.04 1.05 1.04 1.01 1.01 1.05 1.04 1.02 1.03 1.06 1.05 1.06 1.02 1.02 1.03 1.02 1.06 
1.03 1.04 1.02 1.06 1.02 1.01 1.03 1.01 1.05 1.06 1.05 1.03 1.03 1.01 1.04 1.03 1.06 1.06 1.04 1.03 
1.02 1.04 1.05 1.03 1.03 1.01 1.01 1.02 1.02 1.04 1.03 1.03 1.06 1.03 1.05 1.03 1.04 1.01 1.01 1.06 
1.05 1.02 1.02 1.03 1.06 1.02 1.04 1.03 1.01 1.01 1.03 1.06 1.02 1.01 1.03 1.03 1.01 1.05 1.02 1.02 
1.04 1.02 1.04 1.02 1.02 1.01 1.03 1.01 1.02 1.06 1.01 1.03 1.04 1.06 1.06 1.02 1.01 1.01 1.01 1.04 
1.05 1.03 1.05 1.05 1.05 1.04 1.02 1.01 1.04 1.02 1.05 1.06 1.06 1.01 1.03 1.02 1.04 1.01 1.02 1.04 
1.03 1.04 1.01 1.05 1.04 1.02 1.05 1.03 1.01 1.04 1.05 1.03 1.04 1.02 1.05 1.01 1.04 1.06 1.02 1.02 
1.01 1.03 1.03 1.06 1.03 1.01 1.06 1.04 1.01 1.03 1.03 1.01 1.06 1.03 1.02 1.02 1.01 1.02 1.01 1.06 
1.03 1.05 1.02 1.04 1.01 1.05 1.05 1.01 1.05 1.02 1.05 1.01 1.01 1.05 1.03 1.01 1.04 1.01 1.05 1.06 
1.01 1.05 1.04 1.03 1.04 1.03 1.02 1.06 1.06 1.06 1.05 1.04 1.03 1.03 1.03 1.02 1.05 1.02 1.01 1.06 
1.06 1.06 1.06 1.01 1.05 1.01 1.01 1.06 1.04 1.05 1.06 1.05 1.05 1.06 1.05 1.01 1.06 1.01 1.03 1.05 
1.02 1.01 1.01 1.01 1.06 1.05 1.01 1.06 1.06 1.01 1.05 1.02 1.02 1.01 1.04 1.03 1.04 1.03 1.03 1.01 
1.02 1.02 1.03 1.03 1.05 1.04 1.06 1.02 1.06 1.05 1.01 1.06 1.06 1.01 1.01 1.06 1.01 1.03 1.04 1.01 
1.02 1.02 1.06 1.04 1.01 1.01 1.03 1.05 1.04 1.03 1.01 1.02 1.04 1.06 1.06 1.01 1.04 1.06 1.06 1.03 
1.02 1.04 1.01 1.06 1.04 1.03 1.03 1.04 1.04 1.02 1.06 1.04 1.04 1.05 1.06 1.05 1.01 1.05 1.05 1.04 
1.03 1.06 1.06 1.06 1.06 1.06 1.05 1.03 1.01 1.03 1.02 1.05 1.05 1.01 1.04 1.02 1.04 1.06 1.06 1.04 
1.01 1.06 1.03 1.03 1.01 1.04 1.05 1.02 1.06 1.01 1.06 1.04 1.06 1.06 1.02 1.03 1.05 1.02 1.04 1.02 
1.04 1.03 1.04 1.06 1.04 1.06 1.04 1.01 1.04 1.04 1.03 1.05 1.01 1.05 1.02 1.05 1.04 1.05 1.02 1.02 
1.05 1.06 1.01 1.06 1.04 1.02 1.05 1.04 1.06 1.06 1.02 1.05 1.04 1.01 1.06 1.05 1.05 1.01 1.05 1.01 
1.04 1.02 1.02 1.02 1.03 1.05 1.01 1.04 1.05 1.05 1.06 1.04 1.01 1.02 1.01 1.06 1.01 1.01 1.04 1.06 
1.05 1.02 1.04 1.03 1.03 1.03 1.02 1.04 1.03 1.02 1.03 1.04 1.04 1.05 1.03 1.05 1.06 1.06 1.04 1.01 
1.03 1.02 1.01 1.05 1.04 1.04 1.01 1.03 1.06 1.06 1.01 1.06 1.05 1.02 1.04 1.05 1.02 1.04 1.05 1.05 
1.05 1.03 1.01 1.05 1.04 1.06 1.04 1.01 1.06 1.05 1.02 1.04 1.05 1.03 1.05 1.06 1.04 1.02 1.06 1.06 
1.06 1.04 1.03 1.03 1.02 1.01 1.06 1.03 1.04 1.06 1.06 1.05 1.01 1.01 1.05 1.06 1.06 1.06 1.06 1.06 
1.02 1.06 1.01 1.02 1.05 1.05 1.01 1.02 1.01 1.05 1.01 1.03 1.01 1.03 1.03 1.06 1.03 1.01 1.05 1.02 
1.03 1.06 1.01 1.01 1.01 1.04 1.03 1.06 1.02 1.05 1.04 1.06 1.05 1.06 1.02 1.02 1.04 1.04 1.05 1.05 
1.04 1.05 1.03 1.03 1.03 1.02 1.06 1.04 1.01 1.03 1.03 1.04 1.02 1.03 1.02 1.06 1.02 1.04 1.06 1.02 
1.04 1.04 1.02 1.04 1.05 1.03 1.02 1.02 1.02 1.06 1.03 1.06 1.05 1.05 1.03 1.04 1.05 1.01 1.02 1.01 
1.02 1.05 1.06 1.03 1.02 1.04 1.03 1.01 1.03 1.04 1.01 1.05 1.04 1.01 1.04 1.05 1.01 1.02 1.06 1.05 
1.04 1.01 1.05 1.04 1.02 1.01 1.06 1.01 1.01 1.01 1.01 1.06 1.03 1.04 1.06 1.02 1.05 1.02 1.05 1.06 
1.05 1.06 1.04 1.04 1.02 1.06 1.02 1.04 1.01 1.05 1.02 1.01 1.04 1.01 1.04 1.04 1.04 1.05 1.02 1.04 
1.03 1.06 1.01 1.04 1.01 1.06 1.04 1.02 1.04 1.03 1.02 1.05 1.01 1.03 1.01 1.02 1.01 1.03 1.01 1.02 
1.06 1.04 1.04 1.03 1.01 1.01 1.01 1.05 1.02 1.01 1.03 1.04 1.01 1.01 1.02 1.02 1.03 1.05 1.01 1.02 
1.06 1.02 1.04 1.04 1.03 1.04 1.01 1.04 1.04 1.06 1.05 1.03 1.03 1.02 1.04 1.05 1.06 1.05 1.04 1.04 
1.04 1.03 1.04 1.04 1.04 1.03 1.06 1.01 1.01 1.02 1.05 1.05 1.05 1.05 1.06 1.02 1.01 1.01 1.04 1.06 
1.01 1.01 1.06 1.06 1.02 1.04 1.06 1.04 1.03 1.01 1.01 1.04 1.06 1.04 1.03 1.05 1.05 1.06 1.03 1.02 
1.01 1.01 1.06 1.01 1.02 1.04 1.06 1.02 1.04 1.03 1.06 1.05 1.06 1.04 1.01 1.02 1.05 1.06 1.04 1.05 
1.01 1.05 1.02 1.05 1.05 1.06 1.02 1.06 1.06 1.05 1.06 1.02 1.02 1.01 1.04 1.02 1.01 1.03 1.03 1.01 
1.03 1.02 1.01 1.02 1.03 1.05 1.02 1.02 1.01 1.01 1.04 1.01 1.03 1.01 1.02 1.04 1.03 1.02 1.04 1.01 
1.01 1.04 1.04 1.04 1.05 1.06 1.02 1.06 1.01 1.02 1.03 1.04 1.01 1.05 1.02 1.02 1.05 1.05 1.02 1.05 
1.06 1.03 1.05 1.03 1.04 1.05 1.01 1.02 1.06 1.02 1.03 1.05 1.02 1.01 1.03 1.05 1.04 1.05 1.06 1.04 
1.01 1.05 1.04 1.05 1.02 1.04 1.02 1.02 1.04 1.04 1.05 1.04 1.02 1.06 1.06 1.02 1.06 1.05 1.01 1.04 
1.04 1.03 1.02 1.02 1.01 1.01 1.03 1.03 1.02 1.04 1.04 1.01 1.03 1.06 1.05 1.06 1.04 1.01 1.03 1.05 
1.04 1.05 1.03 1.06 1.05 1.06 1.03 1.05 1.01 1.03 1.03 1.03 1.04 1.03 1.01 1.04 1.02 1.02 1.01 1.05 
1.06 1.05 1.03 1.04 1.04 1.01 1.02 1.04 1.05 1.06 1.03 1.04 1.04 1.01 1.05 1.02 1.06 1.05 1.02 1.06 
1.06 1.05 1.04 1.04 1.05 1.04 1.04 1.06 1.05 1.06 1.03 1.02 1.02 1.06 1.02 1.02 1.06 1.06 1.02 1.01 
1.01 1.03 1.02 1.03 1.01 1.06 1.03 1.03 1.04 1.05 1.02 1.02 1.02 1.02 1.04 1.02 1.05 1.02 1.02 1.05 
1.02 1.03 1.01 1.01 1.01 1.03 1.03 1.03 1.04 1.02 1.05 1.06 1.04 1.02 1.05 1.05 1.03 1.04 1.04 1.01 
1.03 1.06 1.05 1.06 1.03 1.04 1.03 1.04 1.02 1.06 1.03 1.06 1.05 1.03 1.06 1.05 1.02 1.05 1.06 1.01 
1.01 1.01 1.03 1.04 1.03 1.01 1.04 1.06 1.05 1.02 1.04 1.01 1.03 1.02 1.05 1.05 1.02 1.02 1.02 1.05 
1.02 1.02 1.01 1.04 1.02 1.05 1.06 1.01 1.05 1.04 1.04 1.01 1.01 1.03 1.03 1.06 1.03 1.01 1.05 1.06 
1.03 1.01 1.05 1.02 1.06 1.02 1.05 1.06 1.06 1.05 1.03 1.03 1.02 1.03 1.01 1.05 1.03 1.03 1.01 1.02 
1.03 1.05 1.05 1.03 1.05 1.02 1.01 1.03 1.01 1.02 1.03 1.06 1.06 1.05 1.06 1.03 1.01 1.02 1.03 1.02 
1.01 1.01 1.02 1.01 1.04 1.06 1.03 1.01 1.02 1.02 1.06 1.02 1.02 1.02 1.05 1.04 1.02 1.04 1.04 1.04 
1.05 1.04 1.06 1.03 1.03 1.03 1.05 1.03 1.04 1.03 1.03 1.06 1.06 1.02 1.03 1.06 1.06 1.03 1.01 1.01 
1.04 1.02 1.05 1.06 1.05 1.04 1.06 1.05 1.02 1.01 1.04 1.04 1.02 1.05 1.05 1.05 1.06 1.01 1.04 1.05 
1.01 1.04 1.02 1.02 1.06 1.05 1.05 1.03 1.05 1.06 1.04 1.01 1.02 1.06 1.05 1.05 1.01 1.05 1.01 1.05 
1.04 1.01 1.03 1.01 1.02 1.01 1.03 1.04 1.02 1.03 1.02 1.04 1.01 1.05 1.04 1.05 1.01 1.04 1.05 1.03 
1.04 1.05 1.03 1.04 1.03 1.06 1.04 1.06 1.06 1.05 1.03 1.03 1.01 1.03 1.02 1.06 1.02 1.04 1.03 1.03 
1.04 1.01 1.01 1.04 1.06 1.06 1.04 1.04 1.04 1.06 1.01 1.01 1.01 1.06 1.06 1.03 1.03 1.04 1.06 1.02 
1.03 1.05 1.04 1.06 1.03 1.01 1.03 1.02 1.03 1.04 1.01 1.04 1.05 1.05 1.03 1.04 1.01 1.04 1.06 1.04 
1.02 1.03 1.05 1.04 1.01 1.04 1.03 1.01 1.04 1.05 1.06 1.02 1.02 1.03 1.02 1.03 1.01 1.03 1.06 1.04 
1.05 1.05 1.05 1.04 1.03 1.01 1.05 1.06 1.01 1.01 1.06 1.02 1.05 1.04 1.03 1.06 1.06 1.06 1.02 1.01 
1.05 1.05 1.02 1.03 1.02 1.04 1.05 1.04 1.03 1.05 1.01 1.01 1.05 1.04 1.05 1.01 1.04 1.02 1.06 1.06 
1.02 1.04 1.03 1.03 1.01 1.05 1.04 1.06 1.01 1.06 1.03 1.03 1.03 1.05 1.04 1.01 1.06 1.06 1.04 1.04 
1.02 1.05 1.03 1.02 1.05 1.05 1.03 1.01 1.01 1.06 1.06 1.01 1.05 1.05 1.03 1.04 1.03 1.04 1.02 1.01 
1.01 1.03 1.06 1.06 1.04 1.03 1.05 1.01 1.05 1.04 1.05 1.06 1.01 1.05 1.05 1.04 1.06 1.03 1.01 1.04 
1.05 1.06 1.03 1.06 1.03 1.03 1.02 1.02 1.02 1.03 1.03 1.04 1.02 1.01 1.03 1.05 1.03 1.02 1.04 1.01 
1.05 1.02 1.06 1.01 1.02 1.05 1.03 1.05 1.05 1.05 1.03 1.04 1.04 1.05 1.01 1.02 1.03 1.04 1.05 1.02 
1.01 1.05 1.06 1.04 1.01 1.06 1.04 1.01 1.03 1.04 1.03 1.04 1.02 1.04 1.03 1.06 1.06 1.05 1.03 1.06 
1.04 1.03 1.01 1.06 1.03 1.01 1.04 1.06 1.01 1.02 1.06 1.02 1.06 1.04 1.04 1.06 1.03 1.04 1.03 1.06 
1.06 1.05 1.02 1.04 1.04 1.06 1.06 1.04 1.01 1.04 1.03 1.01 1.04 1.03 1.05 1.01 1.03 1.02 1.06 1.04 
1.01 1.03 1.03 1.01 1.01 1.03 1.03 1.05 1.02 1.05 1.06 1.02 1.05 1.05 1.01 1.06 1.01 1.06 1.04 1.06 
1.04 1.06 1.06 1.05 1.06 1.04 1.02 1.06 1.04 1.06 1.03 1.05 1.04 1.04 1.03 1.04 1.04 1.01 1.03 1.06 
1.03 1.03 1.06 1.01 1.01 1.02 1.04 1.05 1.03 1.01 1.02 1.03 1.06 1.02 1.01 1.06 1.02 1.05 1.01 1.01 
1.05 1.01 1.04 1.02 1.05 1.05 1.01 1.04 1.01 1.02 1.05 1.04 1.03 1.03 1.06 1.03 1.06 1.01 1.02 1.01 
1.05 1.05 1.05 1.06 1.05 1.05 1.02 1.02 1.01 1.04 1.05 1.03 1.03 1.06 1.06 1.03 1.05 1.01 1.05 1.02 
1.04 1.02 1.01 1.05 1.02 1.05 1.04 1.01 1.03 1.02 1.04 1.03 1.02 1.05 1.05 1.05 1.04 1.01 1.03 1.03 
1.05 1.04 1.06 1.01 1.02 1.03 1.04 1.02 1.04 1.03 1.05 1.03 1.03 1.03 1.05 1.04 1.05 1.06 1.04 1.04 
1.01 1.02 1.04 1.03 1.01 1.05 1.02 1.01 1.02 1.06 1.04 1.04 1.01 1.03 1.02 1.02 1.02 1.02 1.06 1.04 
1.02 1.05 1.04 1.04 1.04 1.01 1.05 1.04 1.02 1.01 1.03 1.02 1.06 1.01 1.06 1.06 1.06 1.06 1.02 1.01 
1.01 1.01 1.06 1.05 1.04 1.03 1.02 1.01 1.02 1.02 1.03 1.04 1.05 1.04 1.02 1.01 1.01 1.06 1.02 1.02 
1.04 1.02 1.03 1.04 1.06 1.04 1.02 1.02 1.01 1.06 1.02 1.04 1.04 1.03 1.01 1.06 1.06 1.02 1.04 1.04 
1.01 1.05 1.05 1.06 1.01 1.01 1.01 1.01 1.06 1.02 1.05 1.01 1.06 1.03 1.06 1.06 1.06 1.03 1.01 1.06 
1.01 1.05 1.01 1.03 1.06 1.02 1.03 1.01 1.06 1.02 1.02 1.02 1.06 1.01 1.04 1.02 1.06 1.05 1.01 1.02 
1.03 1.02 1.06 1.06 1.04 1.01 1.04 1.02 1.05 1.04 1.04 1.01 1.05 1.04 1.03 1.02 1.05 1.03 1.05 1.01 
1.05 1.05 1.03 1.05 1.02 1.04 1.03 1.03 1.04 1.05 1.01 1.06 1.02 1.04 1.01 1.04 1.03 1.05 1.04 1.02 
1.02 1.02 1.03 1.06 1.04 1.05 1.04 1.02 1.03 1.02 1.05 1.04 1.05 1.02 1.04 1.02 1.01 1.03 1.06 1.05 
1.01 1.05 1.02 1.04 1.02 1.02 1.06 1.05 1.02 1.05 1.01 1.05 1.06 1.05 1.02 1.06 1.05 1.03 1.02 1.05 
1.03 1.05 1.06 1.06 1.04 1.01 1.05 1.03 1.05 1.04 1.05 1.01 1.01 1.04 1.01 1.03 1.02 1.02 1.04 1.04 
1.03 1.02 1.01 1.01 1.01 1.02 1.03 1.05 1.02 1.02 1.04 1.04 1.06 1.04 1.06 1.03 1.02 1.05 1.02 1.01 
1.03 1.01 1.06 1.02 1.01 1.02 1.05 1.05 1.05 1.06 1.01 1.02 1.06 1.06 1.02 1.05 1.01 1.01 1.01 1.04 
1.05 1.03 1.03 1.01 1.05 1.05 1.03 1.06 1.05 1.03 1.03 1.05 1.04 1.03 1.06 1.05 1.04 1.05 1.01 1.06 
1.03 1.06 1.05 1.06 1.04 1.03 1.02 1.01 1.01 1.05 1.02 1.05 1.05 1.06 1.05 1.05 1.05 1.02 1.04 1.03 
1.05 1.01 1.06 1.05 1.02 1.02 1.06 1.03 1.03 1.01 1.04 1.05 1.04 1.06 1.05 1.05 1.06 1.05 1.02 1.02 
1.06 1.06 1.02 1.04 1.01 1.03 1.04 1.05 1.06 1.05 1.05 1.03 1.06 1.01 1.02 1.05 1.02 1.04 1.06 1.02 
1.04 1.06 1.05 1.02 1.03 1.05 1.04 1.02 1.01 1.04 1.01 1.01 1.06 1.06 1.06 1.04 1.03 1.02 1.06 1.04 
1.02 1.01 1.05 1.06 1.02 1.01 1.04 1.02 1.03 1.01 1.02 1.05 1.03 1.06 1.05 1.02 1.01 1.03 1.06 1.02 
1.06 1.02 1.01 1.03 1.04 1.05 1.03 1.04 1.06 1.05 1.03 1.05 1.02 1.04 1.02 1.05 1.03 1.01 1.06 1.04 
1.05 1.03 1.04 1.06 1.03 1.05 1.06 1.06 1.06 1.01 1.03 1.02 1.01 1.01 1.06 1.01 1.03 1.05 1.01 1.02 
1.04 1.03 1.06 1.06 1.03 1.06 1.02 1.05 1.01 1.02 1.04 1.02 1.05 1.03 1.05 1.04 1.05 1.01 1.02 1.01 
1.03 1.02 1.06 1.05 1.02 1.05 1.02 1.06 1.03 1.01 1.02 1.02 1.04 1.02 1.06 1.04 1.01 1.03 1.02 1.01 
1.02 1.02 1.01 1.01 1.02 1.02 1.01 1.03 1.03 1.01 1.04 1.06 1.01 1.04 1.03 1.05 1.02 1.01 1.06 1.05 
1.01 1.06 1.05 1.03 1.01 1.01 1.05 1.05 1.03 1.05 1.06 1.06 1.06 1.04 1.01 1.06 1.06 1.04 1.02 1.06 
1.02 1.01 1.04 1.06 1.06 1.03 1.06 1.01 1.02 1.03 1.02 1.04 1.01 1.04 1.02 1.04 1.05 1.04 1.05 1.01 
1.06 1.04 1.05 1.01 1.04 1.04 1.02 1.06 1.06 1.06 1.05 1.02 1.05 1.03 1.02 1.02 1.03 1.05 1.03 1.06 
1.04 1.05 1.04 1.06 1.06 1.04 1.05 1.03 1.03 1.02 1.01 1.01 1.06 1.02 1.05 1.05 1.01 1.03 1.03 1.02 
1.05 1.06 1.05 1.05 1.02 1.05 1.03 1.06 1.01 1.04 1.01 1.05 1.05 1.01 1.01 1.05 1.05 1.06 1.02 1.01 
1.02 1.01 1.03 1.06 1.04 1.02 1.06 1.04 1.04 1.03 1.04 1.01 1.05 1.02 1.04 1.04 1.02 1.05 1.03 1.01 
1.02 1.05 1.05 1.01 1.06 1.05 1.03 1.05 1.06 1.04 1.06 1.02 1.03 1.06 1.05 1.04 1.05 1.03 1.03 1.01 
1.01 1.06 1.03 1.02 1.06 1.04 1.02 1.01 1.02 1.01 1.01 1.05 1.01 1.04 1.03 1.03 1.05 1.01 1.01 1.05 
1.06 1.04 1.02 1.02 1.02 1.05 1.02 1.05 1.05 1.05 1.04 1.01 1.06 1.05 1.05 1.05 1.01 1.02 1.06 1.03 
1.04 1.03 1.05 1.04 1.06 1.03 1.01 1.06 1.05 1.05 1.05 1.04 1.06 1.02 1.06 1.03 1.05 1.05 1.06 1.06 
1.06 1.03 1.01 1.01 1.02 1.04 1.02 1.03 1.03 1.04 1.04 1.02 1.03 1.06 1.01 1.01 1.02 1.06 1.03 1.02 
1.01 1.06 1.01 1.02 1.06 1.05 1.06 1.04 1.01 1.06 1.03 1.05 1.03 1.03 1.02 1.06 1.06 1.02 1.03 1.03 
1.06 1.01 1.06 1.03 1.02 1.05 1.06 1.01 1.06 1.01 1.06 1.04 1.03 1.02 1.06 1.05 1.02 1.03 1.06 1.03 
1.01 1.03 1.04 1.01 1.01 1.05 1.02 1.01 1.02 1.06 1.02 1.06 1.05 1.05 1.04 1.03 1.03 1.06 1.06 1.06 
1.02 1.02 1.06 1.01 1.05 1.03 1.02 1.04 1.02 1.03 1.04 1.03 1.05 1.04 1.04 1.06 1.03 1.03 1.06 1.01 
1.03 1.02 1.03 1.05 1.03 1.01 1.05 1.01 1.03 1.04 1.04 1.06 1.05 1.05 1.01 1.04 1.02 1.05 1.04 1.01 
1.05 1.02 1.05 1.04 1.02 1.06 1.05 1.04 1.02 1.03 1.02 1.04 1.04 1.03 1.05 1.03 1.01 1.02 1.02 1.06 
1.02 1.01 1.06 1.06 1.06 1.02 1.06 1.06 1.03 1.04 1.04 1.05 1.01 1.04 1.04 1.01 1.03 1.06 1.01 1.04 
1.02 1.04 1.02 1.03 1.01 1.04 1.02 1.03 1.03 1.06 1.03 1.01 1.05 1.01 1.04 1.06 1.01 1.03 1.06 1.06 
1.03 1.02 1.02 1.05 1.06 1.03 1.03 1.01 1.02 1.01 1.02 1.01 1.03 1.02 1.04 1.04 1.01 1.06 1.03 1.03 
1.05 1.01 1.04 1.05 1.01 1.02 1.05 1.03 1.04 1.05 1.01 1.05 1.05 1.05 1.05 1.06 1.02 1.01 1.04 1.03 
1.04 1.02 1.03 1.05 1.06 1.02 1.03 1.02 1.03 1.06 1.06 1.04 1.05 1.01 1.03 1.02 1.06 1.01 1.05 1.05 
1.05 1.04 1.05 1.06 1.01 1.03 1.05 1.01 1.02 1.04 1.06 1.04 1.04 1.03 1.06 1.04 1.02 1.03 1.02 1.01 
1.03 1.04 1.03 1.06 1.05 1.06 1.05 1.03 1.03 1.02 1.06 1.06 1.02 1.01 1.03 1.06 1.01 1.06 1.02 1.05 
1.04 1.03 1.02 1.01 1.06 1.01 1.03 1.01 1.01 1.03 1.01 1.02 1.04 1.05 1.03 1.02 1.05 1.01 1.05 1.05 
1.02 1.06 1.04 1.04 1.05 1.03 1.01 1.05 1.04 1.05 1.01 1.03 1.06 1.05 1.03 1.05 1.03 1.04 1.03 1.06 
1.04 1.02 1.06 1.02 1.05 1.03 1.02 1.04 1.04 1.02 1.01 1.01 1.02 1.06 1.02 1.01 1.06 1.02 1.05 1.02 
1.05 1.06 1.05 1.03 1.04 1.02 1.01 1.02 1.05 1.01 1.06 1.02 1.04 1.04 1.05 1.03 1.06 1.04 1.06 1.06 
1.05 1.06 1.03 1.04 1.06 1.06 1.01 1.02 1.01 1.02 1.05 1.02 1.04 1.02 1.01 1.04 1.03 1.03 1.04 1.01 
1.05 1.02 1.03 1.02 1.03 1.01 1.05 1.02 1.01 1.02 1.06 1.04 1.05 1.01 1.01 1.03 1.04 1.02 1.01 1.06 
1.02 1.04 1.04 1.06 1.06 1.06 1.05 1.04 1.02 1.02 1.04 1.02 1.02 1.06 1.06 1.05 1.04 1.02 1.06 1.05 
1.03 1.01 1.04 1.03 1.04 1.02 1.01 1.01 1.05 1.04 1.02 1.01 1.02 1.02 1.05 1.05 1.02 1.01 1.01 1.01 
1.06 1.01 1.03 1.03 1.06 1.02 1.03 1.04 1.06 1.02 1.04 1.05 1.03 1.03 1.06 1.05 1.04 1.01 1.02 1.02 
1.06 1.06 1.04 1.02 1.06 1.03 1.06 1.02 1.04 1.06 1.05 1.04 1.03 1.02 1.01 1.01 1.06 1.04 1.01 1.02 
1.03 1.01 1.04 1.02 1.06 1.06 1.05 1.04 1.02 1.04 1.03 1.01 1.03 1.04 1.06 1.03 1.05 1.03 1.01 1.02 
1.05 1.01 1.03 1.04 1.03 1.05 1.02 1.01 1.04 1.05 1.06 1.06 1.01 1.02 1.02 1.05 1.06 1.04 1.03 1.02 
1.03 1.06 1.06 1.04 1.05 1.04 1.01 1.04 1.05 1.05 1.02 1.03 1.02 1.03 1.02 1.01 1.03 1.05 1.05 1.01 
