20
200
85 89 48 71 92 49 46 86 9 70 20 4 64 75 86 16 29 52 72 86 41 89 82 70 24 97 53 60 26 25 27 41 78 62 89 8 1 90 7 36 61 29 3 17 57 2 10 25 54 91 63 78 15 79 93 81 17 50 88 37 82 50 62 92 75 29 64 17 27 49 54 18 78 47 39 8 61 51 6 1 12 68 32 1 42 75 71 48 51 68 46 70 80 33 42 29 91 73 40 75 61 16 57 84 60 85 74 90 16 93 52 13 48 6 58 2 37 66 52 18 39 65 100 68 33 96 91 35 66 28 79 69 39 38 54 45 67 52 41 90 40 99 54 27 32 83 78 38 88 68 43 64 24 75 46 39 95 92 36 87 5 77 55 89 10 35 18 33 24 2 28 6 27 75 61 59 68 22 13 36 68 66 86 13 74 80 28 70 36 10 43 13 70 51 1 35 96 86 29 9 
2 2 1 2 3 3 3 3 1 2 1 2 1 1 1 3 1 2 1 1 
1.04 1.02 1.04 1.06 1.04 1.04 1.03 1.06 1.04 1.01 1.02 1.03 1.05 1.06 1.01 1.01 1.04 1.04 1.01 1.05 
1.06 1.02 1.06 1.06 1.04 1.04 1.05 1.05 1.01 1.04 1.01 1.04 1.01 1.02 1.04 1.06 1.02 1.03 1.04 1.02 
1.03 1.05 1.03 1.06 1.01 1.04 1.05 1.05 1.06 1.03 1.06 1.02 1.05 1.03 1.06 1.06 1.03 1.02 1.04 1.05 
1.05 1.01 1.04 1.03 1.03 1.04 1.01 1.03 1.02 1.06 1.06 1.04 1.05 1.05 1.02 1.05 1.01 1.05 1.02 1.01 
1.04 1.05 1.06 1.04 1.02 1.02 1.03 1.02 1.06 1.06 1.03 1.05 1.03 1.05 1.01 1.04 1.04 1.06 1.04 1.06 
1.01 1.03 1.05 1.05 1.01 1.01 1.06 1.02 1.03 1.06 1.01 1.03 1.06 1.04 1.01 1.03 1.03 1.01 1.02 1.04 
1.01 1.06 1.06 1.06 1.06 1.03 1.04 1.06 1.02 1.06 1.03 1.04 1.06 1.01 1.06 1.01 1.05 1.04 1.05 1.06 
1.03 1.01 1.01 1.05 1.01 1.01 1.03 1.02 1.02 1.04 1.05 1.03 1.05 1.02 1.03 1.03 1.06 1.03 1.01 1.01 
1.01 1.02 1.02 1.01 1.03 1.04 1.01 1.06 1.06 1.02 1.02 1.05 1.01 1.06 1.01 1.04 1.06 1.06 1.04 1.03 
1.01 1.03 1.02 1.03 1.03 1.05 1.05 1.03 1.03 1.05 1.01 1.02 1.02 1.05 1.04 1.05 1.06 1.05 1.05 1.01 
1.05 1.04 1.01 1.06 1.02 1.05 1.06 1.05 1.03 1.06 1.01 1.01 1.03 1.03 1.04 1.02 1.03 1.03 1.04 1.05 
1.02 1.05 1.05 1.04 1.04 1.03 1.05 1.01 1.01 1.06 1.06 1.04 1.03 1.04 1.04 1.03 1.05 1.06 1.03 1.04 
1.05 1.02 1.03 1.03 1.06 1.02 1.05 1.05 1.03 1.02 1.06 1.06 1.02 1.01 1.01 1.06 1.06 1.02 1.06 1.05 
1.04 1.04 1.04 1.04 1.04 1.01 1.04 1.05 1.04 1.05 1.06 1.05 1.01 1.02 1.04 1.05 1.04 1.05 1.01 1.05 
1.04 1.02 1.06 1.05 1.06 1.03 1.05 1.03 1.02 1.02 1.03 1.04 1.05 1.05 1.02 1.06 1.02 1.06 1.05 1.05 
1.03 1.03 1.01 1.01 1.05 1.02 1.02 1.02 1.02 1.01 1.01 1.04 1.05 1.01 1.04 1.04 1.04 1.02 1.03 1.02 
1.04 1.01 1.06 1.03 1.04 1.05 1.06 1.02 1.03 1.02 1.05 1.01 1.06 1.04 1.04 1.02 1.04 1.02 1.01 1.06 
1.01 1.06 1.05 1.03 1.03 1.03 1.02 1.06 1.05 1.02 1.05 1.02 1.05 1.03 1.02 1.01 1.03 1.02 1.02 1.06 
1.05 1.04 1.01 1.03 1.04 1.03 1.04 1.05 1.03 1.02 1.04 1.02 1.01 1.06 1.06 1.02 1.03 1.06 1.01 1.04 
1.04 1.02 1.06 1.02 1.02 1.04 1.05 1.05 1.02 1.06 1.03 1.04 1.04 1.04 1.05 1.02 1.01 1.05 1.04 1.05 
1.04 1.03 1.01 1.04 1.01 1.06 1.06 1.03 1.01 1.06 1.02 1.05 1.03 1.03 1.03 1.05 1.06 1.03 1.05 1.02 
1.05 1.04 1.05 1.02 1.03 1.05 1.03 1.06 1.03 1.02 1.03 1.03 1.04 1.03 1.02 1.01 1.04 1.01 1.03 1.03 
1.05 1.02 1.05 1.04 1.03 1.01 1.06 1.03 1.03 1.06 1.01 1.03 1.02 1.02 1.04 1.01 1.01 1.05 1.06 1.02 
1.03 1.04 1.02 1.02 1.06 1.05 1.06 1.02 1.04 1.01 1.02 1.04 1.02 1.04 1.04 1.02 1.06 1.02 1.03 1.01 
1.05 1.06 1.04 1.04 1.01 1.03 1.01 1.05 1.01 1.02 1.01 1.05 1.04 1.03 1.06 1.01 1.04 1.05 1.04 1.04 
1.03 1.03 1.01 1.04 1.01 1.04 1.02 1.06 1.02 1.05 1.05 1.06 1.06 1.06 1.03 1.06 1.05 1.03 1.04 1.05 
1.05 1.03 1.04 1.02 1.02 1.01 1.02 1.05 1.04 1.02 1.06 1.06 1.04 1.05 1.02 1.05 1.02 1.02 1.03 1.04 
1.06 1.03 1.06 1.01 1.04 1.04 1.04 1.05 1.03 1.03 1.06 1.03 1.01 1.01 1.05 1.02 1.05 1.01 1.03 1.04 
1.01 1.06 1.04 1.05 1.02 1.05 1.04 1.06 1.06 1.06 1.05 1.05 1.04 1.06 1.04 1.01 1.05 1.04 1.03 1.05 
1.06 1.03 1.03 1.03 1.04 1.05 1.02 1.04 1.04 1.06 1.04 1.05 1.04 1.06 1.05 1.02 1.02 1.01 1.01 1.05 
1.02 1.06 1.04 1.05 1.02 1.03 1.04 1.01 1.01 1.03 1.02 1.01 1.04 1.05 1.05 1.04 1.05 1.06 1.01 1.05 
1.01 1.02 1.05 1.03 1.06 1.02 1.05 1.03 1.03 1.05 1.03 1.01 1.02 1.02 1.03 1.06 1.04 1.02 1.06 1.06 
1.06 1.06 1.01 1.04 1.01 1.02 1.05 1.03 1.05 1.06 1.01 1.02 1.06 1.06 1.06 1.03 1.01 1.05 1.04 1.03 
1.05 1.05 1.01 1.06 1.01 1.01 1.01 1.01 1.01 1.01 1.02 1.04 1.02 1.03 1.03 1.02 1.06 1.02 1.03 1.04 
1.06 1.01 1.05 1.05 1.05 1.04 1.06 1.06 1.02 1.05 1.06 1.01 1.02 1.06 1.03 1.03 1.03 1.05 1.03 1.01 
1.04 1.02 1.03 1.06 1.06 1.03 1.02 1.05 1.04 1.04 1.03 1.03 1.03 1.06 1.05 1.03 1.03 1.04 1.03 1.05 
1.04 1.05 1.06 1.06 1.05 1.06 1.06 1.01 1.05 1.05 1.06 1.02 1.06 1.03 1.06 1.03 1.01 1.06 1.06 1.02 
1.05 1.02 1.04 1.03 1.05 1.05 1.01 1.02 1.06 1.04 1.05 1.01 1.03 1.05 1.03 1.03 1.01 1.06 1.02 1.05 
1.04 1.05 1.03 1.02 1.03 1.06 1.05 1.04 1.04 1.02 1.03 1.03 1.04 1.03 1.03 1.02 1.06 1.02 1.06 1.04 
1.05 1.01 1.01 1.04 1.04 1.01 1.06 1.03 1.02 1.05 1.05 1.06 1.06 1.06 1.01 1.06 1.03 1.01 1.02 1.04 
1.01 1.01 1.06 1.05 1.02 1.05 1.03 1.03 1.01 1.03 1.06 1.02 1.03 1.05 1.05 1.03 1.05 1.05 1.06 1.01 
1.01 1.03 1.02 1.02 1.06 1.06 1.03 1.04 1.05 1.02 1.01 1.04 1.02 1.05 1.01 1.01 1.01 1.04 1.05 1.03 
1.04 1.02 1.05 1.01 1.05 1.05 1.06 1.02 1.01 1.03 1.02 1.01 1.03 1.06 1.05 1.04 1.05 1.04 1.02 1.03 
1.04 1.04 1.04 1.05 1.06 1.04 1.06 1.06 1.04 1.06 1.04 1.01 1.01 1.01 1.04 1.01 1.05 1.01 1.06 1.05 
1.02 1.03 1.03 1.06 1.06 1.06 1.05 1.02 1.03 1.06 1.02 1.02 1.04 1.01 1.04 1.06 1.04 1.06 1.06 1.01 
1.04 1.03 1.05 1.02 1.01 1.04 1.04 1.06 1.04 1.06 1.03 1.05 1.05 1.03 1.04 1.02 1.01 1.03 1.04 1.05 
1.04 1.01 1.01 1.06 1.06 1.05 1.06 1.06 1.01 1.03 1.04 1.03 1.01 1.02 1.01 1.03 1.04 1.06 1.02 1.03 
1.03 1.06 1.06 1.01 1.05 1.06 1.02 1.03 1.01 1.06 1.06 1.01 1.04 1.05 1.04 1.04 1.03 1.02 1.04 1.01 
1.01 1.02 1.02 1.05 1.04 1.02 1.03 1.03 1.06 1.01 1.02 1.06 1.01 1.01 1.01 1.06 1.02 1.04 1.05 1.02 
1.06 1.01 1.06 1.03 1.02 1.03 1.03 1.03 1.01 1.04 1.02 1.06 1.03 1.01 1.04 1.01 1.06 1.05 1.05 1.02 
1.05 1.01 1.04 1.06 1.01 1.01 1.04 1.01 1.05 1.01 1.01 1.04 1.06 1.04 1.06 1.04 1.02 1.05 1.02 1.06 
1.03 1.01 1.01 1.02 1.04 1.04 1.05 1.02 1.05 1.06 1.03 1.03 1.04 1.04 1.02 1.02 1.03 1.02 1.06 1.04 
1.05 1.03 1.01 1.03 1.02 1.02 1.06 1.01 1.04 1.03 1.02 1.03 1.04 1.05 1.01 1.06 1.02 1.03 1.03 1.03 
1.03 1.01 1.05 1.05 1.04 1.06 1.06 1.05 1.05 1.01 1.06 1.03 1.01 1.02 1.04 1.01 1.01 1.05 1.05 1.01 
1.01 1.03 1.05 1.01 1.06 1.05 1.06 1.05 1.03 1.06 1.04 1.03 1.03 1.06 1.06 1.03 1.04 1.03 1.04 1.04 
1.05 1.04 1.03 1.04 1.01 1.04 1.05 1.05 1.06 1.05 1.04 1.04 1.02 1.01 1.06 1.02 1.02 1.05 1.03 1.06 
1.02 1.05 1.01 1.03 1.04 1.01 1.05 1.06 1.02 1.01 1.02 1.06 1.06 1.02 1.02 1.02 1.05 1.03 1.06 1.03 
1.04 1.02 1.04 1.03 1.01 1.02 1.05 1.02 1.05 1.06 1.06 1.02 1.04 1.06 1.06 1.06 1.01 1.06 1.02 1.01 
1.02 1.06 1.02 1.06 1.01 1.05 1.04 1.06 1.04 1.01 1.03 1.06 1.03 1.01 1.01 1.05 1.02 1.03 1.06 1.04 
1.05 1.02 1.01 1.05 1.03 1.06 1.05 1.03 1.05 1.04 1.01 1.03 1.01 1.06 1.06 1.06 1.01 1.04 1.04 1.01 
1.05 1.05 1.04 1.06 1.01 1.02 1.01 1.01 1.06 1.02 1.06 1.03 1.02 1.02 1.01 1.06 1.01 1.05 1.03 1.03 
1.06 1.03 1.04 1.05 1.02 1.02 1.05 1.05 1.06 1.03 1.05 1.04 1.04 1.01 1.05 1.01 1.03 1.01 1.04 1.06 
1.04 1.06 1.05 1.05 1.05 1.04 1.05 1.06 1.02 1.05 1.06 1.05 1.02 1.02 1.06 1.02 1.01 1.02 1.06 1.06 
1.06 1.01 1.06 1.01 1.02 1.02 1.04 1.04 1.04 1.05 1.06 1.03 1.05 1.01 1.02 1.02 1.03 1.03 1.01 1.04 
1.06 1.01 1.04 1.05 1.06 1.04 1.01 1.04 1.03 1.04 1.04 1.06 1.02 1.02 1.03 1.04 1.04 1.01 1.03 1.04 
1.02 1.04 1.01 1.01 1.04 1.05 1.05 1.01 1.01 1.03 1.03 1.03 1.04 1.01 1.04 1.06 1.03 1.01 1.01 1.02 
1.03 1.06 1.01 1.02 1.01 1.03 1.04 1.06 1.04 1.06 1.02 1.01 1.02 1.02 1.05 1.01 1.05 1.04 1.04 1.02 
1.03 1.03 1.01 1.04 1.03 1.01 1.03 1.01 1.01 1.05 1.03 1.03 1.05 1.02 1.02 1.05 1.02 1.06 1.01 1.03 
1.05 1.01 1.03 1.05 1.01 1.01 1.02 1.04 1.06 1.02 1.02 1.04 1.01 1.01 1.01 1.04 1.01 1.05 1.03 1.05 
1.05 1.06 1.04 1.04 1.04 1.06 1.05 1.04 1.03 1.06 1.05 1.06 1.04 1.03 1.03 1.01 1.03 1.01 1.06 1.04 
1.02 1.03 1.01 1.03 1.05 1.06 1.02 1.06 1.04 1.02 1.04 1.05 1.04 1.06 1.02 1.04 1.05 1.02 1.02 1.01 
1.04 1.01 1.01 1.04 1.03 1.05 1.01 1.05 1.01 1.05 1.01 1.04 1.06 1.06 1.01 1.03 1.03 1.02 1.03 1.01 
1.06 1.04 1.04 1.04 1.04 1.04 1.05 1.03 1.02 1.05 1.06 1.01 1.01 1.06 1.04 1.02 1.01 1.01 1.06 1.06 
1.04 1.06 1.03 1.03 1.01 1.03 1.02 1.02 1.03 1.03 1.06 1.05 1.06 1.06 1.06 1.01 1.06 1.05 1.03 1.01 
1.04 1.05 1.01 1.02 1.06 1.04 1.03 1.05 1.01 1.02 1.02 1.01 1.06 1.02 1.02 1.04 1.01 1.01 1.03 1.04 
1.01 1.01 1.05 1.03 1.04 1.04 1.06 1.02 1.02 1.05 1.04 1.05 1.05 1.02 1.05 1.01 1.01 1.02 1.05 1.02 
1.05 1.06 1.01 1.01 1.06 1.02 1.01 1.06 1.04 1.03 1.05 1.02 1.03 1.06 1.01 1.02 1.04 1.03 1.04 1.06 
1.05 1.01 1.02 1.05 1.02 1.04 1.06 1.06 1.04 1.01 1.03 1.02 1.05 1.03 1.06 1.05 1.03 1.02 1.03 1.02 
1.04 1.05 1.06 1.03 1.03 1.03 1.06 1.03 1.01 1.04 1.01 1.06 1.02 1.03 1.01 1.04 1.06 1.05 1.01 1.05 
1.03 1.01 1.04 1.05 1.06 1.01 1.01 1.01 1.01 1.02 1.02 1.03 1.03 1.03 1.02 1.05 1.05 1.03 1.02 1.03 
1.04 1.03 1.05 1.03 1.01 1.01 1.05 1.01 1.01 1.01 1.05 1.02 1.06 1.05 1.01 1.06 1.01 1.06 1.06 1.02 
1.06 1.06 1.04 1.03 1.01 1.05 1.01 1.05 1.03 1.04 1.06 1.03 1.03 1.04 1.05 1.04 1.01 1.01 1.02 1.01 
1.06 1.06 1.02 1.04 1.06 1.01 1.04 1.02 1.03 1.06 1.04 1.06 1.05 1.04 1.06 1.05 1.06 1.01 1.06 1.05 
1.05 1.01 1.04 1.04 1.02 1.04 1.02 1.06 1.01 1.03 1.02 1.03 1.03 1.02 1.02 1.01 1.06 1.01 1.05 1.02 
1.03 1.06 1.06 1.06 1.05 1.06 1.06 1.03 1.04 1.02 1.06 1.03 1.02 1.02 1.04 1.04 1.02 1.01 1.03 1.04 
1.05 1.06 1.05 1.02 1.05 1.05 1.03 1.01 1.03 1.05 1.03 1.03 1.05 1.02 1.06 1.04 1.06 1.04 1.04 1.05 
1.05 1.04 1.03 1.02 1.03 1.01 1.01 1.02 1.05 1.04 1.02 1.05 1.03 1.06 1.03 1.06 1.05 1.04 1.02 1.03 
1.01 1.01 1.04 1.04 1.03 1.05 1.03 1.05 1.03 1.03 1.02 1.04 1.02 1.05 1.03 1.01 1.06 1.04 1.02 1.01 
1.01 1.05 1.04 1.04 1.03 1.04 1.03 1.06 1.02 1.03 1.05 1.03 1.02 1.01 1.02 1.06 1.04 1.06 1.04 1.06 
1.05 1.03 1.01 1.03 1.06 1.06 1.06 1.02 1.04 1.05 1.05 1.06 1.02 1.01 1.02 1.05 1.04 1.01 1.02 1.06 
1.02 1.02 1.06 1.02 1.05 1.01 1.06 1.05 1.01 1.01 1.04 1.04 1.05 1.06 1.02 1.02 1.04 1.05 1.05 1.04 
1.02 1.04 1.04 1.04 1.05 1.02 1.04 1.05 1.04 1.05 1.01 1.03 1.01 1.01 1.06 1.05 1.03 1.05 1.04 1.04 
1.06 1.06 1.05 1.06 1.03 1.02 1.05 1.01 1.02 1.06 1.02 1.05 1.06 1.04 1.05 1.02 1.01 1.06 1.06 1.03 
1.01 1.02 1.06 1.05 1.05 1.04 1.04 1.02 1.05 1.01 1.05 1.01 1.04 1.05 1.06 1.02 1.03 1.05 1.06 1.05 
1.02 1.01 1.03 1.05 1.05 1.03 1.02 1.01 1.06 1.03 1.03 1.04 1.02 1.02 1.03 1.03 1.02 1.01 1.02 1.03 
1.01 1.04 1.01 1.04 1.02 1.02 1.01 1.03 1.05 1.03 1.05 1.06 1.01 1.01 1.01 1.05 1.03 1.04 1.02 1.06 
1.02 1.02 1.03 1.03 1.05 1.05 1.03 1.02 1.06 1.06 1.02 1.01 1.01 1.04 1.02 1.02 1.02 1.06 1.06 1.02 
1.01 1.06 1.05 1.05 1.04 1.04 1.01 1.04 1.01 1.06 1.02 1.06 1.05 1.05 1.06 1.03 1.05 1.02 1.06 1.04 
1.04 1.06 1.05 1.06 1.03 1.01 1.01 1.06 1.02 1.01 1.06 1.02 1.05 1.05 1.01 1.06 1.04 1.02 1.01 1.01 
1.02 1.05 1.06 1.01 1.06 1.01 1.01 1.03 1.03 1.06 1.02 1.06 1.01 1.01 1.03 1.05 1.05 1.03 1.06 1.05 
1.01 1.02 1.05 1.06 1.06 1.05 1.06 1.01 1.03 1.06 1.01 1.01 1.06 1.05 1.02 1.06 1.01 1.03 1.03 1.05 
1.05 1.03 1.02 1.02 1.02 1.01 1.04 1.01 1.05 1.04 1.05 1.02 1.03 1.03 1.05 1.01 1.05 1.02 1.01 1.02 
1.03 1.06 1.05 1.06 1.04 1.03 1.03 1.02 1.04 1.03 1.02 1.04 1.06 1.04 1.06 1.01 1.01 1.06 1.06 1.05 
1.01 1.02 1.05 1.05 1.06 1.01 1.01 1.02 1.05 1.05 1.05 1.01 1.04 1.02 1.05 1.04 1.05 1.04 1.05 1.02 
1.06 1.05 1.04 1.01 1.03 1.01 1.05 1.03 1.02 1.02 1.06 1.02 1.03 1.01 1.05 1.06 1.02 1.06 1.03 1.02 
1.02 1.04 1.03 1.01 1.02 1.02 1.03 1.04 1.03 1.02 1.04 1.01 1.02 1.03 1.01 1.01 1.03 1.06 1.03 1.05 
1.04 1.03 1.03 1.03 1.05 1.02 1.06 1.03 1.04 1.04 1.01 1.04 1.04 1.05 1.06 1.03 1.05 1.06 1.03 1.02 
1.03 1.06 1.03 1.04 1.06 1.05 1.05 1.05 1.02 1.01 1.04 1.02 1.04 1.05 1.03 1.05 1.04 1.01 1.05 1.05 
1.06 1.06 1.06 1.02 1.02 1.02 1.03 1.06 1.06 1.05 1.03 1.01 1.03 1.04 1.02 1.02 1.01 1.04 1.05 1.04 
1.04 1.06 1.05 1.03 1.05 1.02 1.02 1.01 1.01 1.02 1.05 1.04 1.01 1.02 1.04 1.01 1.05 1.02 1.06 1.02 
1.06 1.02 1.03 1.06 1.02 1.06 1.05 1.01 1.03 1.03 1.06 1.01 1.02 1.01 1.04 1.01 1.01 1.04 1.06 1.01 
1.01 1.01 1.05 1.06 1.02 1.01 1.06 1.02 1.04 1.05 1.05 1.06 1.06 1.01 1.03 1.04 1.01 1.04 1.05 1.06 
1.01 1.06 1.06 1.06 1.05 1.05 1.06 1.04 1.04 1.02 1.06 1.06 1.06 1.04 1.04 1.03 1.06 1.04 1.02 1.06 
1.03 1.06 1.01 1.01 1.02 1.05 1.06 1.06 1.04 1.04 1.05 1.02 1.02 1.06 1.05 1.06 1.06 1.04 1.03 1.01 
1.06 1.02 1.06 1.04 1.02 1.01 1.05 1.06 1.03 1.05 1.06 1.06 1.02 1.02 1.04 1.06 1.01 1.02 1.03 1.04 
1.06 1.02 1.01 1.04 1.06 1.01 1.03 1.05 1.05 1.02 1.01 1.06 1.06 1.06 1.04 1.03 1.04 1.04 1.06 1.03 
1.01 1.03 1.01 1.05 1.03 1.01 1.04 1.04 1.03 1.06 1.02 1.03 1.03 1.06 1.05 1.03 1.02 1.01 1.01 1.06 
1.04 1.03 1.01 1.03 1.04 1.06 1.05 1.05 1.01 1.01 1.01 1.03 1.02 1.05 1.05 1.02 1.06 1.02 1.06 1.03 
1.03 1.05 1.05 1.01 1.02 1.04 1.03 1.02 1.05 1.06 1.04 1.03 1.05 1.04 1.03 1.03 1.02 1.06 1.04 1.06 
1.06 1.03 1.06 1.06 1.02 1.02 1.05 1.02 1.01 1.04 1.02 1.04 1.02 1.03 1.05 1.03 1.02 1.01 1.03 1.06 
1.05 1.02 1.01 1.01 1.04 1.06 1.05 1.01 1.04 1.04 1.01 1.03 1.05 1.02 1.04 1.03 1.01 1.05 1.01 1.01 
1.06 1.04 1.06 1.01 1.02 1.04 1.06 1.05 1.02 1.03 1.04 1.04 1.03 1.01 1.01 1.01 1.03 1.06 1.01 1.05 
1.03 1.02 1.02 1.03 1.06 1.01 1.02 1.01 1.02 1.06 1.01 1.02 1.03 1.03 1.03 1.01 1.06 1.03 1.06 1.06 
1.04 1.04 1.05 1.05 1.02 1.06 1.01 1.05 1.01 1.03 1.02 1.03 1.05 1.03 1.04 1.01 1.05 1.01 1.05 1.01 
1.04 1.02 1.02 1.03 1.02 1.05 1.06 1.02 1.04 1.06 1.04 1.01 1.04 1.04 1.02 1.01 1.06 1.03 1.06 1.04 
1.05 1.03 1.03 1.04 1.04 1.01 1.01 1.05 1.04 1.04 1.06 1.04 1.04 1.01 1.06 1.02 1.03 1.01 1.03 1.01 
1.05 1.04 1.06 1.02 1.02 1.01 1.01 1.01 1.06 1.05 1.01 1.02 1.06 1.03 1.06 1.01 1.06 1.04 1.01 1.02 
1.03 1.02 1.06 1.03 1.02 1.05 1.01 1.04 1.02 1.01 1.02 1.01 1.06 1.04 1.04 1.02 1.04 1.05 1.03 1.06 
1.02 1.05 1.01 1.06 1.06 1.05 1.01 1.06 1.06 1.06 1.02 1.01 1.04 1.06 1.06 1.05 1.01 1.02 1.06 1.04 
1.03 1.01 1.03 1.02 1.01 1.06 1.03 1.01 1.02 1.06 1.02 1.03 1.05 1.01 1.02 1.02 1.04 1.05 1.01 1.02 
1.05 1.01 1.05 1.03 1.03 1.01 1.01 1.06 1.05 1.04 1.03 1.04 1.05 1.05 1.05 1.05 1.05 1.04 1.05 1.04 
1.05 1.05 1.02 1.05 1.06 1.03 1.02 1.05 1.04 1.03 1.06 1.02 1.03 1.03 1.01 1.03 1.04 1.01 1.04 1.03 
1.01 1.05 1.02 1.05 1.03 1.05 1.04 1.04 1.05 1.06 1.05 1.03 1.02 1.06 1.06 1.03 1.03 1.04 1.02 1.06 
1.01 1.03 1.02 1.01 1.03 1.02 1.04 1.05 1.06 1.05 1.01 1.03 1.04 1.01 1.04 1.01 1.05 1.03 1.06 1.06 
1.01 1.02 1.05 1.03 1.04 1.06 1.04 1.06 1.05 1.05 1.04 1.04 1.02 1.01 1.04 1.02 1.06 1.06 1.06 1.04 
1.02 1.05 1.04 1.01 1.06 1.04 1.03 1.03 1.03 1.05 1.04 1.05 1.04 1.01 1.05 1.03 1.01 1.01 1.02 1.04 
1.06 1.02 1.04 1.04 1.05 1.01 1.06 1.03 1.06 1.01 1.05 1.04 1.01 1.01 1.04 1.02 1.04 1.06 1.02 1.05 
1.01 1.05 1.06 1.04 1.03 1.01 1.06 1.02 1.02 1.04 1.05 1.06 1.01 1.04 1.03 1.04 1.03 1.02 1.02 1.06 
1.02 1.04 1.02 1.02 1.03 1.03 1.01 1.05 1.02 1.04 1.01 1.02 1.04 1.02 1.03 1.06 1.02 1.04 1.02 1.05 
1.03 1.01 1.04 1.03 1.03 1.03 1.01 1.01 1.04 1.06 1.01 1.06 1.04 1.05 1.02 1.06 1.02 1.05 1.03 1.01 
1.05 1.02 1.04 1.01 1.04 1.02 1.03 1.06 1.05 1.04 1.03 1.04 1.06 1.03 1.05 1.06 1.06 1.05 1.01 1.01 
1.03 1.04 1.06 1.05 1.05 1.04 1.02 1.05 1.05 1.01 1.01 1.04 1.02 1.06 1.02 1.06 1.01 1.04 1.02 1.05 
1.05 1.03 1.02 1.02 1.05 1.06 1.04 1.02 1.05 1.04 1.05 1.01 1.05 1.01 1.02 1.02 1.06 1.03 1.01 1.02 
1.03 1.01 1.03 1.05 1.03 1.06 1.05 1.04 1.04 1.03 1.01 1.04 1.05 1.05 1.04 1.01 1.05 1.05 1.03 1.06 
1.01 1.02 1.05 1.03 1.06 1.03 1.04 1.04 1.05 1.06 1.02 1.02 1.01 1.02 1.04 1.02 1.01 1.04 1.05 1.01 
1.02 1.03 1.04 1.02 1.04 1.04 1.02 1.02 1.02 1.02 1.02 1.05 1.01 1.01 1.04 1.06 1.01 1.06 1.01 1.06 
1.03 1.03 1.04 1.04 1.05 1.02 1.04 1.06 1.03 1.05 1.03 1.06 1.03 1.04 1.06 1.05 1.03 1.06 1.03 1.01 
1.04 1.04 1.02 1.04 1.01 1.01 1.02 1.01 1.03 1.05 1.06 1.03 1.05 1.02 1.04 1.06 1.03 1.06 1.05 1.05 
1.03 1.04 1.02 1.03 1.04 1.05 1.03 1.06 1.04 1.01 1.02 1.05 1.04 1.03 1.04 1.04 1.05 1.01 1.05 1.04 
1.04 1.05 1.06 1.06 1.03 1.04 1.05 1.03 1.03 1.03 1.06 1.01 1.06 1.05 1.02 1.01 1.05 1.01 1.01 1.02 
1.03 1.04 1.04 1.01 1.03 1.05 1.02 1.01 1.02 1.01 1.06 1.02 1.01 1.02 1.04 1.04 1.01 1.03 1.01 1.05 
1.05 1.05 1.01 1.04 1.06 1.01 1.01 1.01 1.05 1.06 1.05 1.04 1.03 1.03 1.06 1.06 1.03 1.02 1.06 1.02 
1.03 1.04 1.01 1.05 1.01 1.01 1.02 1.05 1.04 1.05 1.04 1.06 1.05 1.02 1.02 1.05 1.06 1.04 1.01 1.04 
1.01 1.03 1.01 1.03 1.05 1.01 1.05 1.01 1.05 1.04 1.05 1.04 1.06 1.01 1.06 1.02 1.04 1.04 1.06 1.06 
1.02 1.04 1.01 1.05 1.03 1.05 1.02 1.04 1.05 1.02 1.06 1.03 1.03 1.06 1.01 1.06 1.03 1.05 1.05 1.04 
1.02 1.06 1.05 1.02 1.04 1.06 1.04 1.01 1.02 1.01 1.02 1.06 1.05 1.02 1.02 1.01 1.01 1.05 1.04 1.05 
1.05 1.05 1.03 1.01 1.02 1.03 1.06 1.02 1.04 1.01 1.04 1.06 1.06 1.03 1.02 1.03 1.04 1.05 1.02 1.01 
1.02 1.04 1.01 1.06 1.05 1.03 1.01 1.03 1.01 1.04 1.05 1.04 1.05 1.05 1.05 1.03 1.01 1.06 1.04 1.03 
1.01 1.03 1.04 1.04 1.01 1.01 1.03 1.04 1.02 1.02 1.02 1.01 1.03 1.01 1.06 1.03 1.01 1.03 1.05 1.02 
1.06 1.05 1.01 1.06 1.02 1.06 1.06 1.01 1.01 1.05 1.03 1.06 1.06 1.04 1.06 1.03 1.04 1.05 1.04 1.06 
1.03 1.03 1.06 1.02 1.06 1.02 1.01 1.02 1.05 1.06 1.02 1.06 1.01 1.04 1.04 1.01 1.02 1.04 1.02 1.02 
1.04 1.04 1.02 1.02 1.06 1.01 1.01 1.06 1.03 1.01 1.05 1.03 1.04 1.05 1.04 1.01 1.01 1.01 1.06 1.04 
1.06 1.06 1.02 1.05 1.01 1.01 1.02 1.03 1.01 1.06 1.02 1.01 1.04 1.06 1.02 1.04 1.02 1.04 1.03 1.04 
1.06 1.03 1.01 1.06 1.01 1.06 1.02 1.06 1.05 1.05 1.05 1.06 1.01 1.02 1.06 1.01 1.04 1.02 1.05 1.04 
1.03 1.02 1.04 1.03 1.06 1.03 1.03 1.02 1.06 1.04 1.02 1.04 1.03 1.03 1.03 1.02 1.04 1.04 1.06 1.04 
1.03 1.06 1.05 1.05 1.01 1.04 1.05 1.01 1.06 1.01 1.02 1.03 1.02 1.04 1.02 1.03 1.01 1.02 1.03 1.04 
1.06 1.01 1.06 1.01 1.03 1.01 1.03 1.04 1.02 1.01 1.02 1.05 1.03 1.01 1.02 1.01 1.06 1.04 1.05 1.05 
1.06 1.04 1.01 1.04 1.06 1.04 1.03 1.02 1.05 1.02 1.06 1.02 1.03 1.05 1.05 1.02 1.04 1.05 1.01 1.01 
1.04 1.05 1.01 1.01 1.04 1.01 1.02 1.05 1.06 1.06 1.02 1.05 1.03 1.04 1.04 1.02 1.01 1.04 1.03 1.01 
1.01 1.01 1.02 1.02 1.06 1.02 1.06 1.01 1.03 1.04 1.01 1.02 1.03 1.06 1.06 1.03 1.02 1.02 1.06 1.02 
1.06 1.02 1.04 1.03 1.05 1.03 1.01 1.03 1.01 1.02 1.06 1.04 1.04 1.05 1.01 1.01 1.04 1.04 1.02 1.05 
1.03 1.06 1.05 1.06 1.02 1.04 1.02 1.04 1.04 1.06 1.05 1.03 1.01 1.05 1.03 1.06 1.05 1.06 1.05 1.04 
1.02 1.06 1.01 1.06 1.06 1.06 1.03 1.03 1.06 1.03 1.05 1.01 1.01 1.02 1.02 1.04 1.01 1.05 1.05 1.05 
1.05 1.04 1.03 1.01 1.06 1.02 1.02 1.04 1.02 1.06 1.02 1.02 1.02 1.05 1.05 1.01 1.06 1.02 1.06 1.01 
1.06 1.06 1.01 1.02 1.05 1.03 1.05 1.01 1.02 1.05 1.06 1.01 1.05 1.05 1.04 1.01 1.01 1.01 1.04 1.06 
1.03 1.01 1.04 1.06 1.01 1.06 1.03 1.03 1.01 1.02 1.04 1.04 1.02 1.03 1.01 1.01 1.03 1.03 1.02 1.05 
1.06 1.03 1.03 1.02 1.02 1.05 1.02 1.06 1.05 1.01 1.05 1.04 1.06 1.03 1.05 1.05 1.01 1.05 1.06 1.03 
1.03 1.02 1.03 1.03 1.01 1.03 1.03 1.01 1.05 1.06 1.03 1.05 1.02 1.03 1.02 1.04 1.03 1.01 1.01 1.02 
1.01 1.04 1.03 1.05 1.03 1.02 1.05 1.02 1.03 1.01 1.05 1.02 1.04 1.04 1.06 1.03 1.06 1.01 1.01 1.05 
1.01 1.05 1.05 1.02 1.02 1.03 1.06 1.06 1.05 1.01 1.03 1.02 1.01 1.02 1.05 1.02 1.01 1.06 1.01 1.02 
1.06 1.06 1.05 1.02 1.03 1.04 1.06 1.03 1.05 1.05 1.02 1.05 1.03 1.01 1.04 1.03 1.05 1.05 1.05 1.06 
1.01 1.01 1.06 1.03 1.01 1.05 1.05 1.02 1.01 1.04 1.04 1.01 1.05 1.04 1.05 1.05 1.03 1.06 1.03 1.02 
1.03 1.01 1.03 1.04 1.04 1.06 1.02 1.01 1.02 1.03 1.01 1.01 1.02 1.03 1.02 1.06 1.06 1.01 1.01 1.04 
1.06 1.05 1.05 1.06 1.02 1.03 1.02 1.06 1.03 1.02 1.03 1.06 1.01 1.04 1.04 1.03 1.01 1.01 1.06 1.03 
1.01 1.03 1.06 1.06 1.04 1.01 1.01 1.02 1.01 1.06 1.04 1.03 1.02 1.03 1.06 1.02 1.03 1.03 1.02 1.05 
1.02 1.04 1.01 1.02 1.01 1.01 1.06 1.05 1.01 1.02 1.04 1.06 1.03 1.03 1.03 1.04 1.01 1.03 1.05 1.04 
1.05 1.04 1.04 1.02 1.02 1.03 1.05 1.04 1.05 1.01 1.05 1.03 1.02 1.06 1.05 1.02 1.01 1.04 1.06 1.03 
1.02 1.03 1.04 1.02 1.05 1.04 1.05 1.06 1.06 1.01 1.05 1.05 1.06 1.06 1.06 1.01 1.05 1.03 1.01 1.05 
1.03 1.03 1.01 1.02 1.05 1.06 1.05 1.05 1.02 1.06 1.01 1.04 1.04 1.02 1.01 1.04 1.03 1.06 1.06 1.06 
1.04 1.02 1.02 1.05 1.04 1.04 1.02 1.01 1.01 1.05 1.06 1.02 1.03 1.02 1.03 1.06 1.04 1.06 1.05 1.05 
1.06 1.05 1.03 1.05 1.04 1.05 1.06 1.04 1.03 1.02 1.06 1.01 1.02 1.02 1.02 1.01 1.03 1.03 1.04 1.01 
1.06 1.03 1.02 1.06 1.06 1.03 1.02 1.04 1.06 1.03 1.06 1.04 1.05 1.03 1.05 1.03 1.05 1.06 1.01 1.04 
1.06 1.06 1.03 1.05 1.02 1.04 1.05 1.05 1.05 1.04 1.03 1.02 1.03 1.05 1.02 1.03 1.03 1.02 1.06 1.03 
1.05 1.05 1.03 1.06 1.03 1.06 1.03 1.05 1.04 1.05 1.04 1.05 1.01 1.03 1.04 1.02 1.04 1.01 1.02 1.02 
1.02 1.05 1.05 1.05 1.05 1.04 1.02 1.06 1.04 1.01 1.05 1.05 1.06 1.04 1.06 1.06 1.05 1.06 1.01 1.05 
1.04 1.02 1.05 1.06 1.05 1.06 1.02 1.01 1.02 1.03 1.05 1.02 1.04 1.04 1.04 1.05 1.04 1.04 1.01 1.03 
1.02 1.02 1.01 1.04 1.02 1.02 1.05 1.02 1.02 1.05 1.04 1.02 1.03 1.04 1.04 1.05 1.01 1.05 1.05 1.03 
1.06 1.02 1.02 1.02 1.05 1.02 1.05 1.01 1.01 1.04 1.05 1.05 1.02 1.01 1.03 1.03 1.01 1.05 1.04 1.04 
1.04 1.03 1.02 1.05 1.01 1.03 1.02 1.06 1.05 1.03 1.05 1.03 1.02 1.04 1.04 1.05 1.03 1.06 1.02 1.02 
1.03 1.05 1.06 1.04 1.02 1.03 1.05 1.06 1.06 1.02 1.04 1.04 1.03 1.02 1.05 1.01 1.05 1.05 1.04 1.02 
