20
400
72 52 61 61 79 23 44 82 76 62 11 67 16 69 95 46 63 14 39 37 47 88 71 98 38 85 3 16 73 14 28 86 90 46 71 68 78 77 82 8 71 70 94 14 98 90 33 99 39 6 28 78 29 7 88 89 3 81 30 55 51 34 95 54 58 55 73 38 96 40 31 94 54 92 35 27 65 35 70 19 24 67 100 5 49 63 81 5 8 95 43 33 9 81 61 13 75 5 23 98 88 67 26 71 3 15 90 27 48 2 67 11 67 75 73 23 7 61 71 56 64 59 78 73 3 19 57 64 37 99 96 42 91 12 34 53 60 81 3 42 55 89 58 3 7 28 49 19 76 99 10 31 40 17 86 39 98 80 53 94 69 92 57 6 16 23 62 48 92 9 37 7 75 90 43 78 52 73 18 82 75 47 22 88 3 33 77 5 36 24 83 52 54 54 55 4 91 50 51 21 28 35 42 62 39 71 64 13 67 34 54 79 36 36 3 3 13 83 41 48 71 15 56 73 72 36 23 17 16 10 49 64 58 44 88 92 23 23 28 39 10 23 53 12 100 97 80 44 90 95 27 23 39 46 48 86 99 74 84 76 76 83 68 52 73 70 64 53 84 41 46 13 40 100 65 29 22 28 22 1 19 41 99 88 79 43 38 11 4 84 49 42 62 49 28 25 14 62 14 8 21 83 99 82 38 69 57 15 66 60 65 25 11 81 9 79 51 31 12 87 18 30 9 26 11 21 16 45 27 20 97 30 46 8 75 19 18 90 84 34 9 85 49 54 6 56 64 69 19 35 88 51 34 28 81 6 5 9 57 94 15 93 99 30 79 72 57 83 51 67 87 17 5 99 82 53 37 84 89 10 96 9 87 90 71 42 33 38 6 59 79 16 74 7 54 93 57 99 7 95 
1 1 2 2 1 3 3 1 1 1 1 2 2 1 1 2 2 2 2 1 
1.06 1.05 1.06 1.02 1.03 1.06 1.05 1.06 1.05 1.03 1.03 1.01 1.05 1.03 1.03 1.03 1.04 1.06 1.01 1.02 
1.04 1.03 1.01 1.01 1.02 1.03 1.04 1.03 1.06 1.05 1.05 1.03 1.05 1.05 1.06 1.01 1.01 1.06 1.04 1.06 
1.02 1.04 1.06 1.02 1.06 1.01 1.03 1.06 1.04 1.03 1.04 1.02 1.01 1.04 1.04 1.01 1.02 1.01 1.03 1.01 
1.01 1.05 1.06 1.01 1.05 1.01 1.04 1.06 1.04 1.03 1.04 1.01 1.01 1.04 1.02 1.03 1.01 1.04 1.01 1.02 
1.04 1.05 1.04 1.03 1.03 1.02 1.03 1.04 1.04 1.06 1.04 1.02 1.03 1.04 1.05 1.02 1.01 1.01 1.06 1.01 
1.03 1.01 1.05 1.04 1.04 1.04 1.05 1.05 1.02 1.01 1.02 1.02 1.04 1.06 1.05 1.03 1.06 1.01 1.03 1.03 
1.04 1.05 1.05 1.06 1.02 1.04 1.03 1.01 1.02 1.04 1.06 1.05 1.01 1.06 1.01 1.02 1.05 1.04 1.01 1.01 
1.03 1.03 1.02 1.02 1.01 1.03 1.03 1.05 1.01 1.04 1.05 1.01 1.04 1.02 1.01 1.06 1.05 1.01 1.05 1.05 
1.03 1.02 1.03 1.03 1.06 1.01 1.03 1.04 1.03 1.01 1.05 1.06 1.02 1.06 1.01 1.06 1.02 1.02 1.05 1.05 
1.05 1.05 1.05 1.04 1.05 1.02 1.04 1.02 1.03 1.05 1.04 1.03 1.06 1.03 1.06 1.02 1.06 1.06 1.01 1.03 
1.03 1.06 1.06 1.05 1.01 1.04 1.01 1.03 1.03 1.03 1.02 1.04 1.04 1.04 1.01 1.03 1.06 1.05 1.05 1.04 
1.02 1.02 1.05 1.02 1.06 1.01 1.03 1.03 1.02 1.05 1.05 1.02 1.01 1.05 1.04 1.02 1.06 1.02 1.04 1.04 
1.01 1.02 1.04 1.02 1.04 1.03 1.05 1.03 1.04 1.01 1.04 1.05 1.01 1.05 1.03 1.06 1.01 1.04 1.06 1.06 
1.05 1.04 1.02 1.04 1.04 1.02 1.05 1.04 1.05 1.02 1.04 1.02 1.05 1.01 1.03 1.06 1.06 1.06 1.02 1.01 
1.06 1.04 1.05 1.02 1.03 1.05 1.05 1.06 1.01 1.02 1.06 1.06 1.06 1.05 1.03 1.03 1.03 1.03 1.02 1.04 
1.06 1.03 1.01 1.04 1.05 1.02 1.06 1.02 1.01 1.03 1.03 1.04 1.02 1.06 1.01 1.05 1.06 1.02 1.01 1.01 
1.06 1.03 1.03 1.05 1.02 1.06 1.01 1.06 1.04 1.02 1.01 1.01 1.03 1.05 1.01 1.04 1.04 1.05 1.01 1.04 
1.02 1.06 1.04 1.05 1.06 1.06 1.06 1.01 1.06 1.05 1.05 1.06 1.01 1.01 1.01 1.06 1.01 1.05 1.06 1.06 
1.04 1.04 1.02 1.05 1.01 1.01 1.06 1.06 1.03 1.01 1.04 1.03 1.04 1.01 1.03 1.05 1.05 1.06 1.03 1.02 
1.06 1.06 1.04 1.02 1.02 1.03 1.06 1.01 1.05 1.02 1.04 1.02 1.05 1.03 1.04 1.06 1.05 1.05 1.03 1.03 
1.04 1.06 1.06 1.05 1.03 1.04 1.04 1.03 1.02 1.03 1.02 1.03 1.01 1.01 1.06 1.04 1.03 1.01 1.05 1.03 
1.01 1.02 1.03 1.05 1.06 1.01 1.01 1.04 1.03 1.03 1.01 1.03 1.06 1.06 1.01 1.03 1.03 1.04 1.06 1.02 
1.01 1.04 1.01 1.02 1.02 1.02 1.03 1.05 1.03 1.06 1.01 1.01 1.04 1.03 1.01 1.02 1.02 1.04 1.01 1.05 
1.06 1.03 1.05 1.03 1.02 1.05 1.02 1.05 1.03 1.03 1.01 1.06 1.03 1.05 1.01 1.06 1.02 1.01 1.02 1.03 
1.01 1.01 1.02 1.03 1.06 1.02 1.02 1.04 1.05 1.04 1.05 1.04 1.03 1.04 1.05 1.02 1.02 1.01 1.05 1.06 
1.04 1.04 1.05 1.06 1.01 1.04 1.06 1.04 1.01 1.05 1.01 1.03 1.03 1.06 1.06 1.03 1.04 1.04 1.04 1.06 
1.06 1.01 1.01 1.05 1.06 1.02 1.03 1.01 1.04 1.02 1.06 1.05 1.02 1.06 1.01 1.03 1.01 1.03 1.04 1.03 
1.05 1.06 1.01 1.03 1.06 1.03 1.01 1.02 1.01 1.04 1.03 1.01 1.04 1.03 1.01 1.01 1.02 1.02 1.02 1.01 
1.05 1.04 1.02 1.05 1.02 1.06 1.04 1.06 1.02 1.06 1.02 1.06 1.03 1.03 1.02 1.04 1.01 1.05 1.04 1.04 
1.03 1.01 1.03 1.05 1.03 1.04 1.06 1.05 1.03 1.03 1.05 1.02 1.06 1.01 1.01 1.03 1.05 1.03 1.02 1.04 
1.03 1.04 1.04 1.05 1.02 1.05 1.04 1.04 1.04 1.05 1.01 1.02 1.03 1.05 1.06 1.05 1.05 1.04 1.03 1.02 
1.06 1.05 1.03 1.05 1.03 1.01 1.05 1.06 1.03 1.05 1.01 1.06 1.06 1.06 1.04 1.01 1.06 1.04 1.04 1.01 
1.04 1.01 1.06 1.03 1.02 1.05 1.04 1.02 1.02 1.03 1.02 1.01 1.02 1.06 1.06 1.06 1.03 1.01 1.05 1.03 
1.06 1.05 1.05 1.03 1.04 1.04 1.05 1.06 1.02 1.06 1.04 1.01 1.01 1.06 1.04 1.02 1.06 1.06 1.03 1.01 
1.05 1.02 1.03 1.01 1.03 1.06 1.04 1.03 1.03 1.03 1.02 1.02 1.01 1.05 1.06 1.01 1.04 1.01 1.06 1.04 
1.01 1.03 1.04 1.05 1.02 1.04 1.02 1.06 1.04 1.04 1.04 1.03 1.06 1.05 1.05 1.03 1.06 1.01 1.03 1.05 
1.04 1.06 1.01 1.06 1.02 1.02 1.04 1.05 1.02 1.01 1.01 1.02 1.03 1.03 1.03 1.01 1.02 1.05 1.02 1.02 
1.04 1.04 1.06 1.01 1.01 1.06 1.06 1.01 1.04 1.03 1.01 1.03 1.02 1.01 1.06 1.03 1.03 1.04 1.03 1.04 
1.06 1.04 1.04 1.01 1.05 1.05 1.02 1.03 1.05 1.01 1.04 1.01 1.03 1.04 1.01 1.06 1.03 1.05 1.04 1.04 
1.05 1.02 1.04 1.04 1.01 1.03 1.03 1.01 1.06 1.06 1.03 1.05 1.05 1.02 1.03 1.03 1.06 1.05 1.02 1.03 
1.04 1.04 1.03 1.06 1.02 1.02 1.03 1.02 1.05 1.02 1.05 1.04 1.04 1.01 1.06 1.01 1.02 1.03 1.04 1.03 
1.04 1.01 1.04 1.01 1.04 1.05 1.02 1.06 1.06 1.04 1.04 1.06 1.05 1.04 1.01 1.01 1.03 1.02 1.01 1.04 
1.01 1.04 1.06 1.05 1.05 1.06 1.01 1.06 1.04 1.03 1.05 1.06 1.03 1.01 1.04 1.05 1.04 1.02 1.04 1.03 
1.05 1.06 1.01 1.06 1.01 1.06 1.02 1.03 1.01 1.03 1.05 1.06 1.01 1.02 1.05 1.02 1.03 1.01 1.01 1.05 
1.02 1.04 1.03 1.06 1.04 1.01 1.04 1.04 1.05 1.01 1.02 1.06 1.04 1.04 1.06 1.01 1.05 1.04 1.02 1.05 
1.06 1.03 1.05 1.02 1.04 1.06 1.02 1.04 1.01 1.06 1.05 1.01 1.06 1.05 1.04 1.05 1.06 1.01 1.01 1.04 
1.05 1.03 1.04 1.06 1.02 1.06 1.04 1.03 1.02 1.01 1.04 1.02 1.01 1.03 1.01 1.05 1.05 1.01 1.03 1.03 
1.01 1.01 1.02 1.06 1.01 1.04 1.02 1.04 1.06 1.04 1.05 1.06 1.06 1.03 1.04 1.05 1.06 1.04 1.02 1.03 
1.06 1.02 1.04 1.03 1.03 1.01 1.02 1.06 1.03 1.05 1.06 1.01 1.04 1.04 1.01 1.01 1.04 1.04 1.01 1.03 
1.04 1.04 1.04 1.02 1.04 1.05 1.05 1.05 1.01 1.05 1.04 1.01 1.03 1.01 1.04 1.03 1.03 1.04 1.01 1.04 
1.03 1.04 1.04 1.03 1.02 1.03 1.06 1.05 1.05 1.05 1.04 1.03 1.04 1.02 1.01 1.03 1.05 1.01 1.03 1.03 
1.01 1.05 1.04 1.02 1.05 1.04 1.06 1.01 1.05 1.04 1.06 1.06 1.05 1.06 1.06 1.05 1.06 1.01 1.01 1.01 
1.02 1.05 1.05 1.05 1.02 1.03 1.06 1.01 1.05 1.05 1.02 1.06 1.04 1.05 1.04 1.04 1.06 1.01 1.04 1.03 
1.01 1.03 1.01 1.04 1.05 1.01 1.03 1.02 1.05 1.04 1.03 1.04 1.02 1.05 1.06 1.06 1.02 1.04 1.01 1.03 
1.06 1.01 1.05 1.02 1.01 1.02 1.03 1.06 1.04 1.06 1.01 1.04 1.06 1.02 1.06 1.03 1.06 1.01 1.03 1.04 
1.04 1.01 1.01 1.02 1.06 1.03 1.04 1.01 1.02 1.06 1.05 1.06 1.04 1.04 1.05 1.01 1.03 1.04 1.05 1.01 
1.05 1.04 1.02 1.02 1.01 1.04 1.02 1.02 1.05 1.05 1.04 1.03 1.03 1.03 1.06 1.02 1.03 1.04 1.02 1.01 
1.04 1.01 1.02 1.06 1.04 1.01 1.05 1.02 1.04 1.06 1.04 1.02 1.01 1.01 1.06 1.02 1.05 1.01 1.06 1.05 
1.03 1.03 1.01 1.01 1.04 1.04 1.02 1.04 1.01 1.06 1.06 1.03 1.02 1.04 1.02 1.02 1.03 1.02 1.05 1.01 
1.01 1.01 1.06 1.06 1.06 1.04 1.05 1.04 1.06 1.04 1.03 1.02 1.04 1.02 1.04 1.06 1.03 1.02 1.05 1.02 
1.02 1.04 1.02 1.03 1.02 1.06 1.06 1.02 1.04 1.04 1.03 1.01 1.01 1.02 1.01 1.02 1.01 1.05 1.01 1.02 
1.01 1.05 1.06 1.06 1.06 1.01 1.01 1.01 1.06 1.05 1.03 1.01 1.02 1.04 1.01 1.04 1.03 1.01 1.02 1.03 
1.03 1.01 1.01 1.01 1.06 1.02 1.02 1.03 1.03 1.01 1.03 1.06 1.03 1.04 1.06 1.02 1.05 1.06 1.05 1.03 
1.01 1.03 1.02 1.06 1.03 1.06 1.01 1.04 1.06 1.04 1.01 1.05 1.03 1.05 1.05 1.06 1.01 1.01 1.02 1.05 
1.06 1.04 1.04 1.05 1.04 1.01 1.04 1.04 1.01 1.05 1.04 1.02 1.03 1.01 1.06 1.06 1.05 1.06 1.02 1.03 
1.04 1.01 1.01 1.01 1.02 1.02 1.03 1.03 1.01 1.02 1.04 1.01 1.05 1.01 1.05 1.01 1.04 1.04 1.05 1.04 
1.06 1.01 1.01 1.05 1.03 1.03 1.05 1.06 1.06 1.04 1.04 1.04 1.05 1.06 1.06 1.04 1.02 1.02 1.03 1.03 
1.04 1.05 1.02 1.02 1.03 1.06 1.04 1.06 1.02 1.01 1.02 1.01 1.06 1.05 1.04 1.04 1.06 1.05 1.03 1.04 
1.04 1.03 1.06 1.04 1.05 1.06 1.05 1.03 1.05 1.04 1.05 1.05 1.04 1.02 1.06 1.03 1.04 1.04 1.01 1.02 
1.01 1.06 1.01 1.01 1.05 1.05 1.01 1.01 1.04 1.01 1.06 1.02 1.01 1.06 1.03 1.03 1.05 1.01 1.06 1.03 
1.06 1.06 1.03 1.03 1.04 1.03 1.05 1.01 1.03 1.05 1.02 1.02 1.06 1.03 1.06 1.05 1.03 1.06 1.05 1.02 
1.04 1.03 1.03 1.05 1.04 1.03 1.03 1.01 1.06 1.04 1.02 1.02 1.01 1.01 1.02 1.06 1.01 1.04 1.05 1.01 
1.04 1.04 1.01 1.01 1.01 1.05 1.04 1.06 1.03 1.06 1.04 1.03 1.04 1.03 1.05 1.03 1.02 1.01 1.02 1.03 
1.04 1.03 1.01 1.03 1.04 1.04 1.01 1.01 1.04 1.01 1.04 1.02 1.04 1.03 1.02 1.04 1.04 1.06 1.01 1.01 
1.04 1.01 1.04 1.05 1.06 1.03 1.01 1.01 1.06 1.02 1.04 1.01 1.02 1.01 1.01 1.02 1.06 1.01 1.01 1.05 
1.01 1.06 1.03 1.06 1.04 1.01 1.05 1.06 1.05 1.01 1.03 1.03 1.03 1.03 1.06 1.06 1.02 1.01 1.01 1.06 
1.06 1.02 1.04 1.02 1.01 1.06 1.05 1.03 1.02 1.02 1.04 1.03 1.05 1.05 1.02 1.04 1.04 1.03 1.05 1.05 
1.06 1.01 1.03 1.02 1.02 1.02 1.01 1.04 1.03 1.05 1.01 1.01 1.06 1.05 1.05 1.05 1.01 1.02 1.03 1.03 
1.06 1.01 1.04 1.06 1.01 1.04 1.02 1.02 1.01 1.02 1.01 1.05 1.01 1.04 1.03 1.01 1.01 1.04 1.05 1.05 
1.05 1.02 1.02 1.03 1.05 1.01 1.03 1.03 1.03 1.03 1.03 1.05 1.01 1.04 1.04 1.03 1.01 1.06 1.03 1.01 
1.04 1.03 1.05 1.05 1.02 1.02 1.05 1.02 1.03 1.05 1.06 1.06 1.04 1.06 1.03 1.04 1.02 1.03 1.04 1.01 
1.04 1.05 1.01 1.03 1.02 1.02 1.03 1.02 1.06 1.01 1.03 1.01 1.05 1.02 1.05 1.03 1.01 1.06 1.02 1.06 
1.03 1.05 1.04 1.06 1.01 1.02 1.01 1.01 1.06 1.01 1.04 1.04 1.02 1.01 1.04 1.05 1.03 1.01 1.06 1.02 
1.02 1.03 1.03 1.05 1.05 1.04 1.02 1.04 1.04 1.05 1.05 1.03 1.03 1.05 1.05 1.06 1.03 1.03 1.06 1.06 
1.05 1.04 1.02 1.03 1.02 1.01 1.01 1.06 1.02 1.02 1.02 1.01 1.06 1.04 1.01 1.02 1.03 1.05 1.04 1.03 
1.02 1.05 1.02 1.04 1.04 1.05 1.06 1.03 1.02 1.03 1.04 1.05 1.01 1.05 1.02 1.04 1.03 1.06 1.06 1.03 
1.02 1.05 1.02 1.06 1.03 1.02 1.03 1.04 1.05 1.05 1.05 1.05 1.02 1.03 1.01 1.06 1.03 1.02 1.02 1.01 
1.05 1.06 1.05 1.03 1.06 1.02 1.06 1.02 1.03 1.02 1.03 1.04 1.04 1.05 1.03 1.03 1.03 1.01 1.04 1.04 
1.03 1.02 1.06 1.05 1.03 1.05 1.04 1.03 1.01 1.03 1.01 1.04 1.01 1.03 1.05 1.05 1.06 1.01 1.03 1.04 
1.04 1.02 1.05 1.06 1.05 1.06 1.02 1.05 1.01 1.01 1.03 1.04 1.02 1.02 1.01 1.02 1.01 1.03 1.04 1.06 
1.02 1.06 1.01 1.05 1.06 1.02 1.02 1.02 1.03 1.06 1.01 1.03 1.01 1.06 1.06 1.05 1.06 1.02 1.02 1.05 
1.03 1.01 1.01 1.01 1.01 1.01 1.02 1.01 1.06 1.05 1.03 1.03 1.06 1.03 1.04 1.04 1.06 1.06 1.06 1.03 
1.05 1.01 1.01 1.06 1.03 1.06 1.02 1.03 1.03 1.02 1.01 1.05 1.06 1.03 1.04 1.01 1.01 1.01 1.06 1.04 
1.01 1.01 1.03 1.01 1.04 1.05 1.01 1.02 1.06 1.05 1.01 1.02 1.04 1.04 1.03 1.06 1.01 1.05 1.06 1.04 
1.04 1.04 1.01 1.04 1.01 1.05 1.02 1.03 1.02 1.06 1.05 1.04 1.01 1.01 1.01 1.06 1.03 1.06 1.05 1.04 
1.01 1.02 1.01 1.05 1.04 1.01 1.03 1.02 1.04 1.05 1.02 1.03 1.02 1.01 1.04 1.04 1.06 1.05 1.03 1.06 
1.06 1.01 1.04 1.04 1.05 1.02 1.05 1.05 1.06 1.01 1.02 1.01 1.06 1.05 1.05 1.05 1.02 1.05 1.06 1.01 
1.02 1.05 1.06 1.02 1.04 1.01 1.01 1.06 1.02 1.01 1.03 1.02 1.05 1.04 1.01 1.05 1.04 1.06 1.04 1.01 
1.05 1.06 1.02 1.02 1.04 1.02 1.04 1.06 1.05 1.02 1.06 1.06 1.05 1.03 1.01 1.06 1.06 1.05 1.06 1.06 
1.06 1.01 1.05 1.02 1.04 1.04 1.02 1.06 1.04 1.06 1.06 1.05 1.05 1.04 1.05 1.01 1.05 1.05 1.01 1.05 
1.04 1.04 1.02 1.03 1.06 1.04 1.06 1.03 1.01 1.03 1.05 1.01 1.02 1.01 1.05 1.06 1.01 1.02 1.02 1.02 
1.05 1.05 1.05 1.04 1.02 1.03 1.04 1.03 1.05 1.01 1.02 1.03 1.03 1.03 1.02 1.05 1.06 1.06 1.02 1.06 
1.06 1.03 1.05 1.06 1.05 1.05 1.03 1.05 1.02 1.02 1.01 1.02 1.04 1.03 1.02 1.01 1.03 1.05 1.03 1.04 
1.01 1.04 1.01 1.01 1.02 1.01 1.02 1.05 1.05 1.03 1.01 1.06 1.01 1.01 1.03 1.04 1.04 1.06 1.05 1.01 
1.03 1.04 1.06 1.02 1.06 1.06 1.03 1.05 1.01 1.04 1.02 1.01 1.02 1.03 1.05 1.06 1.04 1.06 1.01 1.04 
1.06 1.05 1.03 1.02 1.05 1.05 1.05 1.06 1.01 1.04 1.04 1.05 1.05 1.03 1.05 1.03 1.01 1.06 1.01 1.02 
1.04 1.03 1.02 1.06 1.02 1.01 1.01 1.04 1.06 1.04 1.05 1.01 1.06 1.04 1.02 1.05 1.01 1.06 1.03 1.06 
1.01 1.06 1.06 1.02 1.02 1.06 1.04 1.01 1.01 1.05 1.06 1.05 1.03 1.04 1.02 1.04 1.06 1.02 1.04 1.02 
1.03 1.02 1.04 1.05 1.05 1.01 1.02 1.06 1.05 1.04 1.06 1.01 1.02 1.01 1.05 1.01 1.06 1.03 1.02 1.02 
1.05 1.02 1.06 1.01 1.02 1.04 1.04 1.06 1.05 1.04 1.02 1.06 1.03 1.04 1.03 1.05 1.04 1.03 1.06 1.06 
1.06 1.02 1.06 1.04 1.01 1.01 1.01 1.01 1.05 1.03 1.03 1.01 1.05 1.03 1.04 1.05 1.04 1.01 1.04 1.04 
1.03 1.03 1.03 1.01 1.06 1.05 1.05 1.03 1.01 1.02 1.06 1.03 1.06 1.02 1.01 1.04 1.01 1.04 1.02 1.03 
1.06 1.06 1.01 1.01 1.05 1.06 1.06 1.04 1.02 1.04 1.04 1.01 1.05 1.01 1.05 1.03 1.02 1.02 1.01 1.02 
1.01 1.01 1.02 1.04 1.04 1.03 1.05 1.01 1.06 1.05 1.03 1.06 1.02 1.04 1.01 1.04 1.05 1.04 1.04 1.05 
1.02 1.05 1.04 1.03 1.04 1.06 1.04 1.05 1.01 1.03 1.04 1.01 1.01 1.04 1.04 1.05 1.01 1.03 1.03 1.05 
1.05 1.01 1.01 1.04 1.04 1.01 1.05 1.04 1.04 1.03 1.05 1.03 1.03 1.04 1.04 1.05 1.06 1.04 1.06 1.04 
1.01 1.02 1.01 1.05 1.05 1.03 1.01 1.02 1.03 1.02 1.02 1.06 1.02 1.02 1.05 1.04 1.02 1.01 1.05 1.04 
1.01 1.02 1.01 1.02 1.04 1.06 1.02 1.03 1.04 1.02 1.05 1.04 1.04 1.06 1.01 1.01 1.04 1.06 1.06 1.06 
1.03 1.03 1.06 1.04 1.06 1.03 1.05 1.05 1.02 1.06 1.02 1.02 1.02 1.02 1.04 1.03 1.05 1.02 1.02 1.06 
1.05 1.04 1.01 1.06 1.04 1.04 1.01 1.04 1.01 1.03 1.05 1.02 1.03 1.04 1.01 1.02 1.06 1.06 1.03 1.06 
1.01 1.03 1.06 1.01 1.02 1.03 1.01 1.02 1.01 1.06 1.04 1.01 1.03 1.02 1.02 1.04 1.03 1.06 1.02 1.01 
1.02 1.05 1.04 1.02 1.04 1.06 1.01 1.04 1.02 1.05 1.06 1.06 1.04 1.06 1.04 1.03 1.04 1.06 1.01 1.03 
1.05 1.01 1.06 1.03 1.02 1.06 1.03 1.01 1.04 1.03 1.02 1.05 1.01 1.02 1.03 1.02 1.05 1.01 1.03 1.03 
1.01 1.06 1.02 1.04 1.05 1.06 1.06 1.04 1.06 1.01 1.06 1.01 1.01 1.05 1.01 1.03 1.05 1.06 1.03 1.05 
1.06 1.05 1.03 1.01 1.06 1.05 1.01 1.01 1.03 1.02 1.05 1.05 1.02 1.01 1.03 1.03 1.03 1.02 1.02 1.04 
1.05 1.05 1.06 1.05 1.05 1.06 1.02 1.01 1.01 1.02 1.03 1.05 1.06 1.02 1.05 1.03 1.06 1.01 1.02 1.01 
1.04 1.01 1.03 1.06 1.05 1.02 1.02 1.01 1.05 1.04 1.03 1.01 1.03 1.02 1.01 1.01 1.06 1.04 1.05 1.06 
1.01 1.02 1.01 1.06 1.06 1.04 1.01 1.02 1.03 1.06 1.06 1.03 1.06 1.04 1.06 1.05 1.02 1.03 1.05 1.03 
1.05 1.04 1.01 1.02 1.01 1.02 1.03 1.05 1.05 1.03 1.06 1.06 1.02 1.03 1.05 1.01 1.06 1.03 1.05 1.03 
1.01 1.04 1.02 1.02 1.05 1.01 1.05 1.05 1.01 1.05 1.03 1.03 1.04 1.02 1.03 1.06 1.04 1.03 1.02 1.06 
1.01 1.05 1.04 1.02 1.04 1.05 1.02 1.05 1.03 1.03 1.05 1.05 1.02 1.03 1.05 1.01 1.05 1.06 1.04 1.04 
1.01 1.02 1.02 1.06 1.05 1.04 1.03 1.06 1.04 1.05 1.02 1.06 1.03 1.04 1.03 1.04 1.05 1.05 1.05 1.02 
1.04 1.02 1.03 1.01 1.05 1.01 1.03 1.01 1.02 1.02 1.03 1.02 1.04 1.05 1.02 1.02 1.04 1.03 1.03 1.04 
1.02 1.04 1.03 1.02 1.01 1.04 1.05 1.05 1.06 1.04 1.03 1.03 1.04 1.02 1.01 1.05 1.02 1.05 1.02 1.01 
1.05 1.03 1.01 1.02 1.02 1.05 1.04 1.06 1.04 1.06 1.02 1.01 1.03 1.04 1.01 1.05 1.01 1.04 1.01 1.02 
1.04 1.06 1.04 1.04 1.03 1.04 1.04 1.03 1.03 1.06 1.02 1.06 1.05 1.04 1.02 1.02 1.06 1.06 1.06 1.05 
1.04 1.03 1.02 1.04 1.03 1.02 1.04 1.02 1.04 1.04 1.03 1.01 1.05 1.03 1.04 1.06 1.01 1.06 1.03 1.06 
1.06 1.02 1.05 1.06 1.01 1.03 1.04 1.01 1.03 1.02 1.04 1.01 1.06 1.05 1.01 1.04 1.06 1.04 1.05 1.04 
1.05 1.01 1.01 1.03 1.06 1.05 1.03 1.05 1.02 1.02 1.01 1.04 1.02 1.04 1.05 1.02 1.05 1.03 1.01 1.04 
1.05 1.04 1.05 1.05 1.02 1.06 1.05 1.04 1.01 1.02 1.03 1.06 1.06 1.04 1.04 1.02 1.01 1.04 1.05 1.04 
1.05 1.02 1.04 1.06 1.04 1.04 1.04 1.03 1.01 1.06 1.04 1.04 1.02 1.05 1.06 1.01 1.03 1.06 1.05 1.02 
1.03 1.06 1.04 1.03 1.04 1.02 1.04 1.01 1.05 1.05 1.06 1.02 1.05 1.06 1.02 1.03 1.01 1.04 1.04 1.06 
1.04 1.06 1.04 1.02 1.03 1.01 1.02 1.02 1.06 1.05 1.04 1.03 1.01 1.06 1.02 1.04 1.02 1.04 1.04 1.02 
1.03 1.06 1.04 1.01 1.01 1.02 1.04 1.02 1.03 1.02 1.05 1.04 1.05 1.06 1.01 1.05 1.04 1.01 1.01 1.02 
1.04 1.04 1.02 1.03 1.06 1.02 1.04 1.05 1.06 1.06 1.06 1.02 1.03 1.01 1.01 1.06 1.04 1.06 1.02 1.06 
1.06 1.06 1.01 1.04 1.03 1.04 1.05 1.04 1.03 1.03 1.03 1.06 1.02 1.05 1.05 1.05 1.04 1.04 1.04 1.05 
1.05 1.05 1.04 1.04 1.02 1.06 1.05 1.03 1.02 1.01 1.04 1.02 1.01 1.01 1.05 1.03 1.03 1.05 1.02 1.01 
1.02 1.03 1.04 1.05 1.02 1.01 1.02 1.05 1.03 1.04 1.02 1.06 1.04 1.04 1.03 1.03 1.05 1.05 1.05 1.05 
1.04 1.05 1.05 1.04 1.05 1.03 1.02 1.06 1.03 1.05 1.03 1.01 1.04 1.05 1.02 1.01 1.04 1.02 1.03 1.06 
1.04 1.01 1.06 1.06 1.05 1.01 1.03 1.06 1.03 1.04 1.04 1.06 1.01 1.06 1.05 1.03 1.01 1.05 1.06 1.03 
1.03 1.03 1.05 1.05 1.04 1.05 1.06 1.04 1.03 1.01 1.02 1.05 1.04 1.05 1.05 1.04 1.06 1.05 1.06 1.04 
1.02 1.03 1.03 1.01 1.02 1.05 1.05 1.03 1.03 1.04 1.03 1.05 1.02 1.01 1.01 1.02 1.02 1.05 1.04 1.05 
1.02 1.06 1.04 1.02 1.05 1.06 1.04 1.01 1.04 1.02 1.03 1.04 1.04 1.06 1.04 1.01 1.05 1.01 1.03 1.01 
1.01 1.02 1.04 1.04 1.03 1.03 1.04 1.05 1.02 1.02 1.02 1.06 1.01 1.01 1.01 1.01 1.04 1.06 1.05 1.01 
1.06 1.02 1.05 1.02 1.06 1.01 1.05 1.03 1.03 1.03 1.03 1.01 1.03 1.01 1.03 1.02 1.02 1.03 1.01 1.03 
1.02 1.04 1.02 1.04 1.01 1.03 1.03 1.05 1.02 1.03 1.06 1.01 1.05 1.05 1.01 1.05 1.01 1.01 1.05 1.04 
1.04 1.04 1.02 1.06 1.05 1.01 1.02 1.04 1.06 1.03 1.01 1.01 1.03 1.06 1.01 1.02 1.05 1.01 1.03 1.06 
1.01 1.05 1.01 1.03 1.05 1.06 1.03 1.02 1.01 1.06 1.01 1.06 1.02 1.02 1.02 1.01 1.01 1.06 1.04 1.03 
1.05 1.06 1.01 1.03 1.03 1.05 1.05 1.01 1.03 1.01 1.04 1.01 1.02 1.02 1.03 1.01 1.01 1.03 1.05 1.06 
1.01 1.05 1.06 1.06 1.05 1.03 1.03 1.06 1.06 1.03 1.03 1.05 1.04 1.06 1.02 1.04 1.02 1.03 1.04 1.02 
1.01 1.06 1.04 1.03 1.02 1.05 1.04 1.06 1.04 1.05 1.01 1.02 1.04 1.03 1.04 1.02 1.04 1.02 1.02 1.02 
1.05 1.03 1.03 1.03 1.04 1.02 1.06 1.02 1.01 1.06 1.04 1.06 1.04 1.02 1.05 1.01 1.01 1.05 1.04 1.01 
1.02 1.01 1.05 1.01 1.04 1.04 1.05 1.03 1.05 1.03 1.03 1.01 1.03 1.06 1.03 1.01 1.03 1.02 1.05 1.02 
1.01 1.02 1.05 1.02 1.01 1.05 1.05 1.06 1.04 1.02 1.03 1.01 1.06 1.05 1.02 1.04 1.06 1.06 1.03 1.05 
1.02 1.03 1.02 1.02 1.02 1.05 1.01 1.06 1.06 1.01 1.06 1.06 1.02 1.05 1.02 1.05 1.03 1.01 1.04 1.03 
1.01 1.03 1.01 1.05 1.06 1.04 1.06 1.03 1.03 1.06 1.02 1.05 1.04 1.01 1.04 1.03 1.01 1.02 1.02 1.06 
1.02 1.05 1.03 1.03 1.06 1.06 1.06 1.03 1.03 1.02 1.01 1.03 1.01 1.02 1.01 1.03 1.01 1.01 1.03 1.05 
1.03 1.02 1.04 1.04 1.02 1.03 1.06 1.03 1.02 1.03 1.06 1.06 1.06 1.02 1.06 1.04 1.06 1.02 1.06 1.03 
1.03 1.02 1.01 1.03 1.01 1.03 1.04 1.05 1.04 1.01 1.03 1.05 1.01 1.01 1.03 1.04 1.02 1.05 1.04 1.03 
1.06 1.04 1.05 1.01 1.06 1.01 1.06 1.01 1.04 1.03 1.06 1.06 1.05 1.03 1.02 1.03 1.03 1.06 1.01 1.02 
1.05 1.05 1.05 1.04 1.06 1.01 1.05 1.06 1.04 1.04 1.04 1.06 1.06 1.03 1.02 1.02 1.06 1.02 1.01 1.05 
1.06 1.06 1.06 1.01 1.02 1.01 1.04 1.02 1.04 1.04 1.04 1.06 1.02 1.05 1.06 1.01 1.06 1.01 1.04 1.06 
1.05 1.04 1.02 1.01 1.04 1.04 1.03 1.04 1.03 1.06 1.01 1.04 1.02 1.05 1.03 1.05 1.05 1.06 1.03 1.05 
1.06 1.03 1.03 1.02 1.06 1.04 1.06 1.01 1.05 1.01 1.01 1.03 1.01 1.02 1.02 1.04 1.05 1.06 1.05 1.03 
1.04 1.05 1.03 1.01 1.05 1.02 1.05 1.05 1.03 1.05 1.02 1.05 1.02 1.02 1.01 1.01 1.05 1.02 1.05 1.01 
1.06 1.05 1.05 1.05 1.02 1.04 1.04 1.06 1.05 1.01 1.06 1.06 1.01 1.06 1.02 1.02 1.05 1.01 1.06 1.02 
1.02 1.04 1.04 1.01 1.05 1.06 1.04 1.04 1.05 1.03 1.05 1.02 1.04 1.03 1.05 1.01 1.06 1.05 1.02 1.01 
1.05 1.02 1.02 1.01 1.05 1.05 1.04 1.06 1.01 1.04 1.05 1.05 1.06 1.05 1.05 1.02 1.03 1.05 1.02 1.04 
1.04 1.05 1.04 1.05 1.06 1.02 1.03 1.04 1.02 1.01 1.03 1.02 1.04 1.04 1.02 1.06 1.03 1.02 1.03 1.02 
1.06 1.06 1.06 1.02 1.01 1.04 1.05 1.01 1.03 1.06 1.02 1.05 1.03 1.04 1.01 1.02 1.02 1.04 1.05 1.01 
1.05 1.02 1.04 1.05 1.02 1.03 1.02 1.02 1.05 1.01 1.01 1.06 1.01 1.03 1.02 1.04 1.03 1.05 1.02 1.02 
1.06 1.02 1.02 1.02 1.05 1.02 1.03 1.04 1.06 1.02 1.02 1.03 1.01 1.05 1.02 1.03 1.02 1.01 1.06 1.04 
1.06 1.02 1.04 1.06 1.04 1.06 1.03 1.01 1.02 1.06 1.05 1.02 1.02 1.04 1.02 1.05 1.02 1.01 1.02 1.02 
1.04 1.01 1.05 1.06 1.06 1.06 1.05 1.01 1.05 1.01 1.06 1.05 1.05 1.02 1.05 1.01 1.06 1.04 1.05 1.01 
1.01 1.01 1.01 1.01 1.02 1.05 1.01 1.05 1.02 1.01 1.04 1.01 1.03 1.03 1.05 1.05 1.04 1.04 1.02 1.01 
1.05 1.04 1.01 1.04 1.06 1.03 1.05 1.03 1.06 1.03 1.05 1.05 1.03 1.03 1.01 1.02 1.05 1.01 1.02 1.06 
1.01 1.05 1.04 1.04 1.01 1.02 1.04 1.04 1.06 1.01 1.05 1.06 1.05 1.04 1.04 1.05 1.02 1.05 1.02 1.03 
1.02 1.03 1.01 1.04 1.01 1.04 1.01 1.03 1.03 1.05 1.05 1.01 1.03 1.03 1.02 1.06 1.04 1.06 1.04 1.06 
1.04 1.06 1.04 1.06 1.06 1.06 1.01 1.06 1.05 1.05 1.04 1.04 1.06 1.04 1.03 1.02 1.03 1.04 1.01 1.04 
1.05 1.01 1.06 1.01 1.06 1.03 1.02 1.02 1.02 1.01 1.01 1.03 1.06 1.05 1.02 1.02 1.04 1.02 1.02 1.02 
1.04 1.03 1.04 1.01 1.05 1.02 1.04 1.04 1.02 1.05 1.01 1.03 1.02 1.03 1.01 1.05 1.02 1.05 1.01 1.04 
1.06 1.03 1.01 1.02 1.01 1.06 1.03 1.04 1.01 1.04 1.02 1.03 1.02 1.04 1.02 1.03 1.04 1.04 1.01 1.02 
1.04 1.03 1.03 1.05 1.02 1.03 1.03 1.02 1.03 1.03 1.01 1.03 1.04 1.02 1.04 1.02 1.04 1.03 1.03 1.05 
1.02 1.02 1.01 1.02 1.03 1.03 1.04 1.01 1.05 1.06 1.05 1.05 1.01 1.04 1.06 1.02 1.01 1.03 1.02 1.04 
1.05 1.03 1.05 1.05 1.04 1.05 1.02 1.03 1.01 1.04 1.02 1.02 1.04 1.06 1.05 1.06 1.02 1.06 1.05 1.04 
1.03 1.01 1.06 1.03 1.05 1.06 1.02 1.06 1.02 1.03 1.04 1.02 1.02 1.03 1.01 1.04 1.02 1.04 1.03 1.02 
1.01 1.04 1.03 1.02 1.04 1.04 1.01 1.05 1.03 1.06 1.03 1.01 1.05 1.05 1.02 1.05 1.05 1.03 1.01 1.05 
1.06 1.03 1.06 1.01 1.06 1.04 1.03 1.03 1.01 1.05 1.03 1.01 1.04 1.02 1.05 1.02 1.04 1.06 1.05 1.05 
1.03 1.05 1.03 1.06 1.04 1.05 1.05 1.04 1.03 1.02 1.01 1.04 1.02 1.05 1.06 1.04 1.03 1.05 1.04 1.01 
1.06 1.04 1.01 1.05 1.03 1.04 1.04 1.02 1.03 1.01 1.01 1.01 1.01 1.06 1.01 1.04 1.04 1.05 1.03 1.06 
1.05 1.01 1.03 1.02 1.06 1.04 1.03 1.06 1.04 1.04 1.06 1.04 1.06 1.05 1.02 1.02 1.03 1.01 1.02 1.05 
1.04 1.01 1.02 1.03 1.06 1.05 1.05 1.05 1.05 1.03 1.05 1.05 1.06 1.03 1.02 1.02 1.02 1.06 1.05 1.02 
1.06 1.04 1.02 1.02 1.01 1.02 1.05 1.01 1.04 1.05 1.03 1.03 1.05 1.01 1.02 1.02 1.04 1.01 1.04 1.01 
1.02 1.02 1.01 1.06 1.01 1.05 1.04 1.05 1.04 1.04 1.02 1.01 1.06 1.05 1.06 1.06 1.05 1.03 1.04 1.05 
1.03 1.02 1.02 1.06 1.01 1.06 1.03 1.05 1.05 1.01 1.06 1.02 1.02 1.04 1.03 1.03 1.06 1.05 1.03 1.03 
1.02 1.03 1.05 1.02 1.06 1.01 1.02 1.02 1.05 1.01 1.03 1.05 1.05 1.04 1.04 1.03 1.06 1.04 1.02 1.02 
1.05 1.02 1.03 1.04 1.06 1.02 1.05 1.05 1.06 1.01 1.03 1.02 1.02 1.05 1.02 1.06 1.06 1.06 1.01 1.05 
1.04 1.06 1.03 1.04 1.06 1.03 1.05 1.03 1.01 1.05 1.04 1.01 1.02 1.05 1.04 1.04 1.02 1.01 1.06 1.03 
1.06 1.04 1.05 1.05 1.06 1.02 1.02 1.05 1.01 1.01 1.01 1.04 1.04 1.03 1.03 1.04 1.01 1.04 1.01 1.01 
1.05 1.04 1.01 1.04 1.02 1.04 1.05 1.03 1.06 1.05 1.04 1.06 1.04 1.06 1.05 1.02 1.02 1.01 1.01 1.02 
1.04 1.06 1.04 1.06 1.04 1.05 1.04 1.04 1.03 1.05 1.06 1.04 1.02 1.02 1.05 1.03 1.04 1.06 1.02 1.02 
1.02 1.05 1.05 1.03 1.01 1.02 1.03 1.04 1.02 1.01 1.01 1.02 1.02 1.06 1.04 1.04 1.01 1.06 1.04 1.06 
1.02 1.01 1.04 1.06 1.06 1.01 1.01 1.03 1.01 1.05 1.02 1.03 1.04 1.06 1.03 1.05 1.05 1.02 1.02 1.06 
1.01 1.02 1.05 1.06 1.01 1.02 1.02 1.01 1.05 1.06 1.01 1.05 1.01 1.03 1.02 1.05 1.06 1.04 1.03 1.06 
1.06 1.04 1.01 1.03 1.02 1.01 1.04 1.05 1.01 1.03 1.01 1.05 1.06 1.05 1.01 1.01 1.05 1.02 1.05 1.06 
1.03 1.05 1.01 1.03 1.02 1.01 1.05 1.04 1.05 1.03 1.01 1.05 1.05 1.03 1.04 1.03 1.06 1.01 1.01 1.06 
1.06 1.01 1.02 1.04 1.04 1.04 1.01 1.04 1.04 1.02 1.01 1.03 1.06 1.03 1.02 1.03 1.06 1.02 1.01 1.05 
1.04 1.04 1.01 1.06 1.02 1.01 1.05 1.06 1.04 1.02 1.05 1.02 1.02 1.04 1.03 1.02 1.01 1.01 1.04 1.04 
1.04 1.06 1.04 1.03 1.02 1.03 1.06 1.04 1.04 1.05 1.04 1.05 1.02 1.05 1.04 1.01 1.06 1.03 1.02 1.03 
1.04 1.03 1.03 1.02 1.04 1.04 1.01 1.05 1.05 1.02 1.02 1.01 1.05 1.02 1.06 1.06 1.02 1.01 1.01 1.04 
1.06 1.05 1.03 1.03 1.03 1.04 1.01 1.03 1.02 1.05 1.04 1.05 1.01 1.04 1.03 1.05 1.04 1.01 1.02 1.04 
1.01 1.05 1.01 1.04 1.03 1.02 1.04 1.02 1.01 1.05 1.03 1.04 1.01 1.05 1.04 1.02 1.01 1.03 1.02 1.05 
1.01 1.04 1.03 1.05 1.02 1.05 1.01 1.02 1.01 1.04 1.02 1.03 1.06 1.06 1.04 1.05 1.04 1.04 1.01 1.04 
1.05 1.02 1.04 1.06 1.03 1.05 1.03 1.05 1.03 1.02 1.01 1.03 1.04 1.04 1.02 1.05 1.02 1.03 1.04 1.04 
1.02 1.01 1.01 1.02 1.03 1.02 1.02 1.04 1.04 1.05 1.01 1.05 1.06 1.03 1.03 1.01 1.03 1.04 1.05 1.06 
1.02 1.02 1.06 1.05 1.03 1.02 1.01 1.06 1.05 1.05 1.04 1.06 1.02 1.03 1.06 1.06 1.02 1.05 1.05 1.04 
1.02 1.05 1.06 1.01 1.01 1.05 1.01 1.05 1.04 1.06 1.06 1.04 1.01 1.03 1.02 1.04 1.04 1.02 1.04 1.01 
1.05 1.04 1.05 1.03 1.01 1.05 1.06 1.04 1.04 1.02 1.03 1.04 1.05 1.04 1.04 1.06 1.03 1.01 1.01 1.05 
1.06 1.01 1.01 1.05 1.02 1.06 1.01 1.02 1.04 1.01 1.02 1.03 1.03 1.05 1.02 1.04 1.05 1.05 1.05 1.05 
1.04 1.06 1.02 1.04 1.02 1.04 1.06 1.05 1.05 1.03 1.05 1.06 1.02 1.01 1.06 1.01 1.01 1.06 1.01 1.06 
1.04 1.02 1.01 1.05 1.06 1.06 1.03 1.06 1.04 1.01 1.05 1.04 1.02 1.05 1.06 1.04 1.05 1.05 1.06 1.06 
1.01 1.03 1.03 1.03 1.01 1.02 1.05 1.01 1.02 1.03 1.01 1.03 1.02 1.02 1.05 1.06 1.05 1.01 1.01 1.01 
1.02 1.01 1.02 1.01 1.01 1.01 1.01 1.05 1.04 1.01 1.06 1.06 1.03 1.01 1.06 1.05 1.06 1.02 1.03 1.04 
1.03 1.03 1.01 1.06 1.03 1.02 1.03 1.05 1.06 1.05 1.06 1.06 1.01 1.01 1.05 1.03 1.05 1.02 1.03 1.03 
1.06 1.06 1.05 1.01 1.03 1.04 1.03 1.06 1.05 1.01 1.02 1.01 1.06 1.03 1.06 1.06 1.05 1.04 1.01 1.04 
1.01 1.02 1.04 1.04 1.03 1.06 1.04 1.01 1.04 1.04 1.03 1.01 1.02 1.02 1.04 1.01 1.01 1.04 1.05 1.05 
1.06 1.06 1.06 1.05 1.06 1.04 1.05 1.06 1.03 1.03 1.01 1.02 1.02 1.02 1.04 1.06 1.04 1.06 1.03 1.06 
1.01 1.04 1.02 1.01 1.02 1.06 1.05 1.06 1.03 1.01 1.04 1.06 1.06 1.01 1.04 1.06 1.06 1.02 1.05 1.03 
1.04 1.01 1.02 1.05 1.01 1.03 1.04 1.05 1.06 1.04 1.03 1.02 1.06 1.04 1.01 1.03 1.05 1.06 1.02 1.06 
1.01 1.05 1.04 1.02 1.02 1.01 1.06 1.06 1.01 1.04 1.06 1.01 1.02 1.03 1.02 1.04 1.06 1.01 1.04 1.05 
1.04 1.06 1.04 1.03 1.03 1.06 1.02 1.05 1.02 1.02 1.04 1.06 1.05 1.06 1.05 1.01 1.04 1.05 1.02 1.01 
1.03 1.02 1.04 1.03 1.02 1.01 1.02 1.03 1.03 1.02 1.01 1.03 1.05 1.01 1.05 1.01 1.04 1.06 1.02 1.01 
1.03 1.04 1.01 1.05 1.01 1.01 1.05 1.02 1.05 1.05 1.05 1.04 1.05 1.02 1.03 1.06 1.03 1.05 1.02 1.02 
1.02 1.04 1.04 1.05 1.05 1.01 1.03 1.04 1.02 1.03 1.03 1.06 1.03 1.04 1.03 1.01 1.01 1.02 1.02 1.02 
1.02 1.03 1.02 1.01 1.01 1.04 1.05 1.03 1.02 1.01 1.02 1.01 1.01 1.06 1.02 1.02 1.03 1.05 1.01 1.01 
1.04 1.06 1.03 1.03 1.01 1.02 1.04 1.05 1.01 1.06 1.04 1.05 1.01 1.01 1.05 1.02 1.02 1.02 1.04 1.01 
1.01 1.02 1.01 1.01 1.01 1.02 1.01 1.04 1.02 1.03 1.01 1.06 1.04 1.06 1.03 1.01 1.03 1.02 1.03 1.05 
1.01 1.03 1.05 1.02 1.03 1.05 1.06 1.01 1.03 1.02 1.02 1.01 1.02 1.06 1.01 1.04 1.05 1.06 1.05 1.04 
1.06 1.04 1.01 1.04 1.05 1.04 1.05 1.04 1.04 1.01 1.06 1.01 1.02 1.04 1.05 1.05 1.01 1.06 1.01 1.06 
1.02 1.02 1.04 1.06 1.06 1.03 1.05 1.02 1.06 1.06 1.02 1.01 1.04 1.02 1.01 1.06 1.04 1.04 1.01 1.05 
1.01 1.03 1.05 1.04 1.01 1.05 1.01 1.05 1.01 1.06 1.02 1.06 1.06 1.02 1.03 1.01 1.06 1.02 1.05 1.06 
1.04 1.02 1.06 1.02 1.02 1.02 1.05 1.01 1.03 1.04 1.05 1.05 1.04 1.01 1.05 1.03 1.04 1.06 1.02 1.02 
1.03 1.03 1.05 1.05 1.01 1.05 1.03 1.05 1.04 1.01 1.05 1.02 1.05 1.04 1.04 1.06 1.05 1.04 1.05 1.02 
1.01 1.03 1.02 1.03 1.04 1.05 1.03 1.06 1.06 1.03 1.03 1.05 1.04 1.03 1.02 1.06 1.04 1.05 1.02 1.06 
1.03 1.05 1.06 1.03 1.06 1.06 1.02 1.01 1.06 1.02 1.01 1.02 1.02 1.01 1.01 1.06 1.01 1.06 1.03 1.02 
1.04 1.03 1.06 1.03 1.03 1.04 1.05 1.02 1.06 1.04 1.01 1.03 1.06 1.05 1.02 1.04 1.06 1.02 1.02 1.04 
1.05 1.02 1.01 1.02 1.03 1.02 1.06 1.02 1.02 1.04 1.05 1.01 1.06 1.06 1.03 1.01 1.01 1.02 1.02 1.03 
1.03 1.06 1.04 1.01 1.05 1.06 1.03 1.05 1.02 1.06 1.06 1.06 1.01 1.02 1.05 1.03 1.01 1.06 1.05 1.04 
1.06 1.04 1.04 1.05 1.01 1.03 1.01 1.06 1.01 1.05 1.01 1.03 1.02 1.01 1.01 1.03 1.05 1.01 1.02 1.05 
1.06 1.05 1.03 1.06 1.05 1.06 1.04 1.04 1.06 1.05 1.04 1.06 1.01 1.04 1.02 1.03 1.01 1.01 1.05 1.06 
1.05 1.03 1.01 1.04 1.06 1.03 1.03 1.04 1.01 1.06 1.05 1.02 1.06 1.03 1.01 1.03 1.01 1.02 1.05 1.05 
1.01 1.04 1.06 1.05 1.02 1.01 1.05 1.06 1.05 1.02 1.04 1.02 1.03 1.06 1.03 1.04 1.05 1.06 1.04 1.06 
1.05 1.04 1.04 1.05 1.02 1.04 1.04 1.02 1.06 1.05 1.01 1.05 1.05 1.02 1.03 1.01 1.01 1.01 1.04 1.01 
1.02 1.04 1.02 1.04 1.06 1.01 1.01 1.02 1.02 1.05 1.02 1.01 1.04 1.01 1.04 1.04 1.04 1.02 1.03 1.06 
1.03 1.05 1.02 1.03 1.06 1.01 1.01 1.05 1.05 1.05 1.01 1.03 1.06 1.01 1.03 1.05 1.05 1.04 1.05 1.02 
1.04 1.02 1.02 1.02 1.04 1.05 1.02 1.02 1.02 1.01 1.01 1.04 1.04 1.06 1.06 1.04 1.04 1.02 1.01 1.04 
1.05 1.03 1.06 1.04 1.02 1.01 1.05 1.03 1.04 1.05 1.04 1.01 1.01 1.05 1.06 1.03 1.06 1.06 1.04 1.04 
1.06 1.06 1.04 1.01 1.03 1.06 1.04 1.01 1.04 1.03 1.02 1.02 1.03 1.03 1.02 1.06 1.05 1.04 1.04 1.01 
1.06 1.02 1.06 1.03 1.01 1.04 1.01 1.01 1.01 1.04 1.02 1.05 1.02 1.02 1.04 1.01 1.01 1.05 1.06 1.04 
1.03 1.02 1.04 1.04 1.06 1.03 1.03 1.02 1.01 1.04 1.06 1.06 1.06 1.03 1.05 1.06 1.05 1.03 1.03 1.01 
1.03 1.05 1.02 1.04 1.06 1.01 1.02 1.05 1.01 1.03 1.02 1.06 1.02 1.01 1.05 1.02 1.01 1.05 1.04 1.04 
1.05 1.02 1.03 1.04 1.02 1.02 1.01 1.03 1.06 1.06 1.02 1.04 1.01 1.05 1.06 1.04 1.01 1.04 1.04 1.06 
1.02 1.04 1.01 1.05 1.02 1.06 1.02 1.01 1.06 1.06 1.05 1.05 1.03 1.04 1.03 1.06 1.03 1.01 1.05 1.01 
1.05 1.01 1.03 1.01 1.03 1.04 1.04 1.04 1.02 1.05 1.02 1.05 1.06 1.04 1.04 1.06 1.05 1.01 1.01 1.01 
1.02 1.05 1.04 1.02 1.02 1.02 1.02 1.06 1.06 1.01 1.06 1.04 1.01 1.04 1.04 1.03 1.04 1.02 1.06 1.04 
1.02 1.06 1.01 1.01 1.03 1.02 1.01 1.03 1.03 1.01 1.06 1.03 1.04 1.02 1.06 1.02 1.01 1.02 1.01 1.05 
1.01 1.04 1.02 1.04 1.06 1.03 1.02 1.02 1.05 1.02 1.03 1.03 1.01 1.05 1.05 1.03 1.01 1.04 1.06 1.05 
1.05 1.06 1.03 1.02 1.04 1.02 1.01 1.02 1.02 1.02 1.03 1.03 1.04 1.03 1.01 1.06 1.02 1.01 1.01 1.01 
1.05 1.06 1.06 1.04 1.03 1.02 1.06 1.06 1.03 1.05 1.05 1.03 1.02 1.05 1.03 1.05 1.02 1.01 1.05 1.06 
1.04 1.04 1.05 1.03 1.02 1.06 1.01 1.04 1.02 1.06 1.05 1.04 1.04 1.02 1.06 1.06 1.05 1.01 1.03 1.01 
1.03 1.04 1.02 1.03 1.04 1.03 1.03 1.05 1.01 1.03 1.01 1.03 1.01 1.02 1.05 1.04 1.02 1.04 1.01 1.01 
1.01 1.04 1.05 1.02 1.04 1.04 1.03 1.02 1.06 1.04 1.04 1.05 1.05 1.01 1.06 1.06 1.04 1.06 1.01 1.05 
1.02 1.06 1.04 1.01 1.06 1.03 1.05 1.01 1.05 1.02 1.06 1.06 1.03 1.03 1.01 1.01 1.01 1.04 1.01 1.03 
1.05 1.04 1.06 1.06 1.05 1.06 1.06 1.04 1.03 1.02 1.03 1.04 1.02 1.02 1.02 1.05 1.02 1.01 1.04 1.01 
1.02 1.02 1.06 1.06 1.01 1.03 1.03 1.02 1.01 1.04 1.01 1.06 1.06 1.05 1.03 1.03 1.04 1.04 1.04 1.06 
1.05 1.03 1.01 1.02 1.04 1.03 1.03 1.03 1.04 1.03 1.03 1.04 1.03 1.05 1.05 1.04 1.06 1.06 1.03 1.02 
1.02 1.06 1.02 1.04 1.03 1.06 1.05 1.01 1.04 1.06 1.02 1.02 1.01 1.05 1.06 1.02 1.06 1.04 1.01 1.04 
1.02 1.02 1.05 1.05 1.06 1.05 1.01 1.01 1.02 1.06 1.02 1.03 1.05 1.03 1.03 1.02 1.06 1.02 1.05 1.01 
1.03 1.06 1.03 1.01 1.02 1.03 1.05 1.05 1.06 1.01 1.02 1.01 1.04 1.06 1.06 1.06 1.04 1.06 1.01 1.04 
1.03 1.04 1.05 1.04 1.01 1.05 1.02 1.04 1.01 1.03 1.01 1.06 1.01 1.01 1.01 1.06 1.06 1.01 1.02 1.06 
1.01 1.03 1.05 1.04 1.06 1.05 1.02 1.06 1.04 1.03 1.01 1.01 1.04 1.04 1.04 1.01 1.05 1.04 1.05 1.01 
1.06 1.03 1.03 1.06 1.01 1.05 1.06 1.02 1.06 1.04 1.05 1.04 1.06 1.05 1.05 1.06 1.04 1.05 1.05 1.01 
1.02 1.02 1.01 1.01 1.01 1.06 1.01 1.05 1.01 1.06 1.02 1.04 1.03 1.05 1.02 1.06 1.06 1.02 1.01 1.04 
1.04 1.04 1.02 1.04 1.05 1.01 1.06 1.05 1.04 1.06 1.05 1.04 1.05 1.01 1.02 1.02 1.02 1.04 1.04 1.06 
1.05 1.03 1.03 1.06 1.02 1.04 1.06 1.06 1.03 1.04 1.04 1.01 1.01 1.06 1.01 1.01 1.05 1.05 1.06 1.02 
1.01 1.03 1.04 1.04 1.02 1.02 1.06 1.02 1.03 1.06 1.06 1.01 1.06 1.01 1.02 1.02 1.01 1.04 1.01 1.01 
1.02 1.05 1.05 1.04 1.06 1.06 1.03 1.01 1.01 1.03 1.01 1.03 1.02 1.06 1.06 1.05 1.01 1.03 1.04 1.02 
1.03 1.06 1.02 1.05 1.05 1.02 1.03 1.04 1.03 1.04 1.02 1.05 1.05 1.03 1.05 1.03 1.01 1.05 1.01 1.01 
1.01 1.01 1.02 1.03 1.02 1.03 1.01 1.06 1.05 1.05 1.06 1.03 1.06 1.04 1.02 1.05 1.03 1.06 1.06 1.05 
1.03 1.06 1.02 1.03 1.01 1.05 1.06 1.05 1.03 1.03 1.03 1.04 1.06 1.02 1.06 1.03 1.05 1.05 1.01 1.01 
1.01 1.06 1.02 1.01 1.01 1.04 1.02 1.02 1.02 1.01 1.05 1.05 1.04 1.04 1.03 1.06 1.05 1.03 1.01 1.05 
1.02 1.03 1.03 1.05 1.04 1.04 1.03 1.02 1.06 1.03 1.05 1.01 1.01 1.05 1.03 1.06 1.03 1.04 1.02 1.04 
1.03 1.04 1.04 1.05 1.06 1.06 1.05 1.05 1.05 1.02 1.06 1.04 1.03 1.01 1.02 1.01 1.06 1.01 1.03 1.05 
1.01 1.04 1.06 1.04 1.05 1.02 1.05 1.05 1.01 1.03 1.03 1.06 1.05 1.05 1.03 1.03 1.01 1.04 1.03 1.01 
1.02 1.03 1.01 1.05 1.05 1.02 1.06 1.03 1.01 1.04 1.06 1.04 1.06 1.01 1.01 1.01 1.02 1.02 1.03 1.02 
1.05 1.01 1.05 1.06 1.06 1.02 1.04 1.06 1.06 1.06 1.01 1.06 1.03 1.06 1.01 1.01 1.06 1.06 1.01 1.02 
1.03 1.01 1.03 1.02 1.05 1.06 1.04 1.05 1.05 1.03 1.05 1.06 1.03 1.04 1.06 1.04 1.05 1.03 1.02 1.01 
1.06 1.01 1.01 1.01 1.04 1.01 1.04 1.03 1.05 1.01 1.02 1.05 1.05 1.04 1.02 1.01 1.01 1.05 1.01 1.03 
1.05 1.05 1.01 1.06 1.03 1.02 1.03 1.05 1.02 1.06 1.06 1.03 1.05 1.03 1.01 1.01 1.04 1.04 1.05 1.03 
1.03 1.03 1.05 1.01 1.04 1.01 1.01 1.02 1.04 1.02 1.05 1.04 1.05 1.04 1.04 1.05 1.01 1.05 1.05 1.04 
1.03 1.01 1.06 1.03 1.02 1.05 1.04 1.01 1.02 1.03 1.02 1.02 1.04 1.04 1.03 1.02 1.06 1.05 1.05 1.05 
1.04 1.06 1.03 1.06 1.03 1.05 1.04 1.06 1.03 1.05 1.04 1.01 1.01 1.06 1.02 1.05 1.02 1.04 1.04 1.05 
1.04 1.03 1.05 1.04 1.03 1.02 1.04 1.05 1.01 1.06 1.02 1.03 1.02 1.03 1.02 1.04 1.01 1.04 1.01 1.06 
1.03 1.02 1.02 1.04 1.04 1.04 1.01 1.02 1.02 1.02 1.05 1.03 1.01 1.05 1.05 1.01 1.03 1.01 1.02 1.03 
1.03 1.06 1.01 1.03 1.03 1.05 1.04 1.02 1.06 1.06 1.04 1.02 1.05 1.01 1.04 1.06 1.04 1.05 1.01 1.04 
1.06 1.01 1.06 1.01 1.02 1.01 1.04 1.06 1.02 1.04 1.02 1.05 1.01 1.02 1.05 1.03 1.01 1.04 1.05 1.01 
1.05 1.02 1.04 1.06 1.05 1.02 1.06 1.06 1.05 1.05 1.02 1.03 1.06 1.01 1.06 1.05 1.03 1.06 1.04 1.04 
1.01 1.03 1.04 1.04 1.05 1.06 1.01 1.01 1.01 1.04 1.05 1.03 1.06 1.04 1.04 1.03 1.04 1.03 1.04 1.02 
1.04 1.04 1.04 1.04 1.01 1.06 1.05 1.04 1.04 1.02 1.06 1.06 1.03 1.04 1.04 1.05 1.01 1.02 1.05 1.04 
1.02 1.04 1.04 1.05 1.06 1.02 1.04 1.05 1.03 1.01 1.02 1.05 1.04 1.04 1.02 1.04 1.02 1.01 1.03 1.06 
1.06 1.03 1.04 1.01 1.02 1.03 1.05 1.01 1.04 1.02 1.01 1.04 1.04 1.03 1.04 1.02 1.06 1.06 1.04 1.04 
1.03 1.01 1.01 1.06 1.04 1.01 1.03 1.06 1.04 1.05 1.01 1.02 1.04 1.01 1.06 1.05 1.02 1.06 1.03 1.02 
1.05 1.04 1.03 1.06 1.05 1.01 1.05 1.04 1.04 1.06 1.04 1.02 1.02 1.06 1.06 1.02 1.02 1.03 1.01 1.03 
1.05 1.06 1.03 1.02 1.01 1.03 1.01 1.06 1.06 1.01 1.06 1.03 1.02 1.03 1.03 1.03 1.02 1.05 1.03 1.06 
1.01 1.05 1.02 1.05 1.02 1.01 1.01 1.06 1.02 1.02 1.02 1.01 1.06 1.01 1.01 1.02 1.04 1.03 1.01 1.06 
1.05 1.04 1.03 1.04 1.05 1.06 1.01 1.04 1.06 1.05 1.06 1.06 1.04 1.02 1.01 1.06 1.04 1.04 1.04 1.02 
1.03 1.04 1.06 1.04 1.02 1.06 1.02 1.06 1.05 1.02 1.03 1.06 1.06 1.05 1.03 1.06 1.05 1.03 1.01 1.06 
1.04 1.05 1.03 1.05 1.05 1.05 1.03 1.06 1.03 1.03 1.03 1.06 1.04 1.04 1.02 1.04 1.05 1.05 1.06 1.06 
1.04 1.06 1.05 1.03 1.01 1.03 1.06 1.05 1.01 1.03 1.04 1.04 1.03 1.01 1.03 1.03 1.05 1.03 1.02 1.04 
1.05 1.05 1.05 1.05 1.03 1.06 1.06 1.02 1.05 1.04 1.01 1.01 1.02 1.04 1.03 1.06 1.06 1.04 1.06 1.05 
1.06 1.06 1.03 1.05 1.05 1.05 1.03 1.03 1.04 1.02 1.04 1.06 1.05 1.02 1.04 1.01 1.01 1.06 1.04 1.06 
1.01 1.05 1.02 1.02 1.06 1.04 1.02 1.04 1.03 1.03 1.03 1.06 1.01 1.04 1.06 1.04 1.02 1.04 1.01 1.04 
1.01 1.06 1.04 1.03 1.02 1.05 1.06 1.01 1.01 1.04 1.01 1.04 1.06 1.01 1.01 1.04 1.06 1.06 1.02 1.03 
1.06 1.01 1.03 1.05 1.06 1.01 1.05 1.05 1.03 1.06 1.05 1.03 1.03 1.01 1.02 1.02 1.04 1.01 1.04 1.02 
1.05 1.02 1.04 1.06 1.04 1.02 1.03 1.01 1.03 1.05 1.01 1.05 1.05 1.01 1.04 1.04 1.03 1.05 1.05 1.01 
1.05 1.04 1.02 1.01 1.04 1.03 1.02 1.06 1.06 1.05 1.06 1.03 1.06 1.02 1.03 1.05 1.04 1.05 1.06 1.06 
1.06 1.02 1.06 1.01 1.02 1.06 1.06 1.02 1.05 1.02 1.06 1.05 1.05 1.03 1.03 1.05 1.03 1.06 1.01 1.02 
1.03 1.06 1.03 1.05 1.03 1.04 1.06 1.03 1.03 1.03 1.02 1.02 1.03 1.01 1.04 1.05 1.05 1.04 1.04 1.06 
1.05 1.03 1.06 1.02 1.01 1.05 1.03 1.03 1.06 1.05 1.04 1.05 1.03 1.06 1.04 1.03 1.06 1.01 1.02 1.03 
1.04 1.02 1.04 1.06 1.04 1.03 1.01 1.06 1.06 1.02 1.03 1.06 1.06 1.02 1.02 1.05 1.03 1.03 1.06 1.04 
1.06 1.06 1.05 1.02 1.05 1.06 1.04 1.02 1.04 1.03 1.05 1.05 1.05 1.04 1.02 1.03 1.04 1.06 1.01 1.01 
1.04 1.03 1.04 1.04 1.02 1.02 1.02 1.03 1.02 1.04 1.06 1.06 1.06 1.02 1.02 1.01 1.02 1.04 1.01 1.02 
1.01 1.06 1.03 1.06 1.02 1.01 1.04 1.03 1.06 1.06 1.06 1.03 1.02 1.05 1.05 1.01 1.05 1.04 1.04 1.03 
1.05 1.05 1.05 1.05 1.02 1.04 1.02 1.01 1.06 1.03 1.01 1.02 1.06 1.06 1.02 1.03 1.04 1.03 1.03 1.01 
1.01 1.01 1.02 1.03 1.03 1.01 1.04 1.04 1.03 1.04 1.03 1.05 1.05 1.03 1.03 1.02 1.03 1.04 1.03 1.03 
1.03 1.01 1.04 1.02 1.02 1.05 1.01 1.03 1.06 1.01 1.03 1.03 1.04 1.03 1.06 1.01 1.01 1.03 1.02 1.01 
1.02 1.06 1.01 1.06 1.06 1.06 1.04 1.06 1.06 1.04 1.03 1.04 1.04 1.01 1.04 1.04 1.03 1.01 1.01 1.05 
1.03 1.03 1.02 1.02 1.01 1.02 1.03 1.06 1.06 1.03 1.04 1.02 1.02 1.06 1.01 1.01 1.05 1.01 1.02 1.05 
1.01 1.05 1.01 1.01 1.04 1.06 1.03 1.06 1.06 1.04 1.04 1.04 1.03 1.06 1.03 1.02 1.02 1.06 1.05 1.02 
1.01 1.03 1.04 1.06 1.01 1.06 1.05 1.05 1.05 1.06 1.05 1.01 1.03 1.06 1.01 1.03 1.02 1.02 1.01 1.04 
1.05 1.02 1.06 1.03 1.03 1.04 1.01 1.04 1.06 1.03 1.06 1.02 1.03 1.06 1.02 1.05 1.03 1.01 1.05 1.05 
1.06 1.03 1.01 1.03 1.03 1.01 1.05 1.05 1.03 1.02 1.01 1.03 1.03 1.03 1.05 1.02 1.01 1.04 1.04 1.05 
1.06 1.01 1.01 1.06 1.03 1.06 1.02 1.06 1.04 1.01 1.04 1.02 1.02 1.02 1.05 1.05 1.05 1.01 1.04 1.06 
1.01 1.04 1.02 1.06 1.01 1.06 1.02 1.06 1.06 1.04 1.04 1.04 1.01 1.05 1.06 1.01 1.01 1.02 1.06 1.02 
1.05 1.02 1.04 1.05 1.06 1.05 1.02 1.02 1.06 1.04 1.04 1.03 1.04 1.06 1.06 1.06 1.06 1.01 1.05 1.06 
1.03 1.04 1.04 1.02 1.01 1.01 1.05 1.04 1.03 1.06 1.01 1.02 1.05 1.02 1.05 1.03 1.01 1.04 1.05 1.01 
1.02 1.06 1.01 1.06 1.05 1.05 1.05 1.01 1.04 1.06 1.02 1.05 1.02 1.03 1.06 1.03 1.04 1.05 1.01 1.02 
1.01 1.01 1.02 1.01 1.05 1.01 1.06 1.01 1.04 1.01 1.04 1.05 1.06 1.01 1.06 1.06 1.05 1.03 1.06 1.06 
1.01 1.01 1.04 1.02 1.02 1.03 1.06 1.02 1.02 1.03 1.04 1.02 1.04 1.03 1.03 1.01 1.05 1.03 1.03 1.01 
1.06 1.06 1.01 1.01 1.01 1.01 1.02 1.02 1.06 1.02 1.05 1.06 1.02 1.04 1.06 1.02 1.03 1.05 1.02 1.05 
1.01 1.01 1.06 1.02 1.04 1.04 1.02 1.03 1.05 1.02 1.06 1.06 1.03 1.02 1.01 1.04 1.05 1.04 1.01 1.05 
1.01 1.04 1.04 1.06 1.02 1.03 1.02 1.02 1.06 1.02 1.05 1.04 1.01 1.06 1.02 1.01 1.03 1.03 1.03 1.05 
1.04 1.04 1.06 1.05 1.05 1.01 1.05 1.03 1.03 1.06 1.01 1.04 1.05 1.03 1.06 1.03 1.06 1.04 1.04 1.01 
1.02 1.06 1.03 1.04 1.01 1.01 1.03 1.04 1.01 1.05 1.03 1.02 1.01 1.05 1.02 1.01 1.01 1.01 1.06 1.04 
1.01 1.04 1.06 1.06 1.06 1.02 1.01 1.04 1.06 1.02 1.01 1.04 1.03 1.02 1.06 1.02 1.06 1.02 1.06 1.04 
1.05 1.04 1.02 1.02 1.01 1.01 1.02 1.01 1.06 1.04 1.04 1.02 1.04 1.06 1.05 1.06 1.01 1.03 1.05 1.06 
1.01 1.03 1.03 1.03 1.04 1.03 1.03 1.06 1.03 1.06 1.04 1.01 1.03 1.01 1.06 1.06 1.06 1.03 1.06 1.02 
1.02 1.06 1.05 1.05 1.01 1.01 1.02 1.06 1.06 1.01 1.01 1.03 1.06 1.03 1.02 1.01 1.02 1.04 1.03 1.04 
1.04 1.01 1.04 1.05 1.03 1.04 1.02 1.01 1.02 1.01 1.01 1.01 1.02 1.03 1.01 1.01 1.04 1.06 1.01 1.01 
1.06 1.02 1.03 1.04 1.05 1.06 1.04 1.01 1.01 1.04 1.04 1.01 1.04 1.03 1.01 1.06 1.03 1.01 1.01 1.05 
1.01 1.01 1.01 1.06 1.06 1.05 1.04 1.01 1.04 1.01 1.03 1.04 1.02 1.01 1.04 1.06 1.04 1.04 1.04 1.06 
1.06 1.03 1.02 1.05 1.05 1.04 1.04 1.04 1.02 1.04 1.03 1.01 1.01 1.05 1.06 1.04 1.01 1.01 1.04 1.04 
1.04 1.04 1.04 1.06 1.02 1.04 1.04 1.06 1.04 1.05 1.03 1.03 1.04 1.04 1.02 1.05 1.05 1.02 1.06 1.02 
1.01 1.05 1.02 1.01 1.06 1.03 1.04 1.01 1.02 1.03 1.05 1.05 1.06 1.05 1.03 1.06 1.03 1.01 1.05 1.03 
1.02 1.03 1.01 1.06 1.01 1.03 1.02 1.03 1.04 1.03 1.01 1.04 1.04 1.06 1.05 1.04 1.03 1.02 1.04 1.05 
1.03 1.03 1.05 1.03 1.01 1.04 1.05 1.03 1.02 1.03 1.02 1.04 1.03 1.02 1.04 1.02 1.04 1.06 1.02 1.03 
1.05 1.01 1.03 1.01 1.06 1.05 1.06 1.04 1.03 1.05 1.03 1.05 1.03 1.04 1.06 1.04 1.04 1.02 1.01 1.04 
1.01 1.06 1.03 1.02 1.05 1.02 1.02 1.03 1.03 1.02 1.03 1.04 1.06 1.01 1.04 1.02 1.04 1.06 1.05 1.02 
1.05 1.06 1.02 1.06 1.01 1.02 1.05 1.05 1.05 1.01 1.03 1.02 1.02 1.03 1.06 1.05 1.06 1.02 1.04 1.02 
1.05 1.06 1.05 1.01 1.01 1.03 1.05 1.04 1.02 1.03 1.04 1.01 1.03 1.04 1.02 1.04 1.04 1.03 1.03 1.05 
1.05 1.01 1.04 1.04 1.01 1.02 1.02 1.02 1.02 1.02 1.05 1.03 1.05 1.05 1.02 1.06 1.03 1.06 1.03 1.06 
1.05 1.03 1.04 1.06 1.02 1.03 1.04 1.01 1.02 1.03 1.03 1.01 1.03 1.02 1.01 1.06 1.06 1.02 1.02 1.05 
1.02 1.02 1.01 1.05 1.05 1.06 1.05 1.03 1.01 1.05 1.06 1.05 1.05 1.06 1.06 1.06 1.06 1.01 1.05 1.06 
1.05 1.03 1.01 1.06 1.01 1.02 1.06 1.01 1.03 1.05 1.02 1.01 1.04 1.04 1.06 1.01 1.02 1.01 1.04 1.03 
1.03 1.01 1.04 1.04 1.01 1.06 1.02 1.06 1.02 1.02 1.04 1.03 1.04 1.03 1.03 1.01 1.05 1.01 1.05 1.02 
1.06 1.05 1.04 1.02 1.04 1.04 1.02 1.04 1.02 1.04 1.06 1.02 1.02 1.05 1.03 1.06 1.04 1.05 1.06 1.03 
1.03 1.02 1.06 1.03 1.02 1.03 1.04 1.03 1.06 1.03 1.05 1.06 1.01 1.06 1.04 1.03 1.04 1.02 1.05 1.01 
1.04 1.02 1.03 1.03 1.03 1.05 1.06 1.02 1.02 1.03 1.02 1.01 1.05 1.05 1.05 1.05 1.03 1.06 1.06 1.05 
1.03 1.04 1.02 1.06 1.04 1.02 1.04 1.03 1.05 1.06 1.02 1.02 1.03 1.01 1.05 1.01 1.02 1.06 1.05 1.02 
1.06 1.05 1.01 1.05 1.05 1.06 1.03 1.06 1.02 1.04 1.03 1.06 1.04 1.02 1.06 1.04 1.01 1.04 1.01 1.06 
1.01 1.05 1.02 1.02 1.01 1.01 1.05 1.01 1.04 1.03 1.04 1.01 1.01 1.04 1.04 1.06 1.01 1.03 1.05 1.03 
1.06 1.01 1.06 1.06 1.06 1.06 1.06 1.02 1.02 1.02 1.06 1.01 1.04 1.01 1.05 1.05 1.03 1.04 1.03 1.02 
1.01 1.04 1.06 1.06 1.01 1.06 1.01 1.01 1.04 1.03 1.01 1.05 1.05 1.03 1.02 1.02 1.06 1.02 1.03 1.05 
1.03 1.03 1.01 1.02 1.06 1.04 1.05 1.03 1.02 1.02 1.03 1.04 1.06 1.02 1.02 1.02 1.04 1.06 1.02 1.01 
1.01 1.01 1.05 1.05 1.06 1.02 1.05 1.01 1.03 1.03 1.05 1.03 1.03 1.03 1.02 1.06 1.02 1.04 1.01 1.05 
1.02 1.05 1.02 1.06 1.06 1.03 1.04 1.04 1.01 1.06 1.03 1.05 1.04 1.05 1.06 1.05 1.04 1.03 1.01 1.04 
1.01 1.04 1.02 1.05 1.03 1.05 1.03 1.01 1.01 1.03 1.01 1.02 1.06 1.03 1.04 1.04 1.01 1.05 1.02 1.04 
1.03 1.06 1.04 1.02 1.02 1.01 1.04 1.04 1.03 1.03 1.06 1.02 1.02 1.04 1.04 1.06 1.06 1.01 1.05 1.06 
1.01 1.01 1.03 1.02 1.03 1.01 1.05 1.03 1.06 1.06 1.05 1.01 1.03 1.06 1.06 1.04 1.04 1.04 1.02 1.06 
1.06 1.06 1.04 1.02 1.05 1.04 1.01 1.05 1.06 1.03 1.01 1.06 1.03 1.02 1.04 1.03 1.01 1.03 1.02 1.01 
