20
200
9 85 20 96 98 53 59 52 15 89 40 29 90 71 39 71 10 19 30 67 48 32 39 3 32 3 21 65 70 81 53 21 53 63 78 1 62 13 17 93 43 71 85 94 58 92 86 7 81 100 92 59 8 1 94 57 33 60 92 85 30 8 34 47 88 48 22 14 23 53 68 34 99 38 35 8 69 63 39 5 40 27 96 26 45 66 34 68 77 18 71 44 50 66 57 16 45 47 20 57 74 45 82 56 8 38 14 96 47 41 17 22 39 46 43 17 36 59 89 99 62 6 67 7 85 17 53 91 93 70 46 41 74 13 84 42 8 47 81 70 77 96 65 58 71 27 10 39 83 28 76 22 34 82 24 37 16 75 11 9 54 88 7 36 72 93 18 49 50 41 34 69 38 50 43 52 11 76 34 57 20 1 67 50 13 40 22 80 53 2 67 9 87 5 78 35 15 73 48 12 
2 4 4 7 3 5 6 4 5 9 8 9 2 4 9 5 7 4 6 1 
1.06 1.06 1.01 1.02 1.03 1.04 1.02 1.01 1.01 1.02 1.03 1.02 1.03 1.04 1.03 1.06 1.06 1.01 1.05 1.06 
1.06 1.06 1.01 1.05 1.01 1.06 1.04 1.06 1.04 1.04 1.04 1.04 1.01 1.05 1.03 1.02 1.02 1.01 1.05 1.02 
1.06 1.04 1.01 1.06 1.05 1.01 1.02 1.04 1.01 1.06 1.05 1.02 1.03 1.04 1.02 1.04 1.06 1.05 1.04 1.06 
1.02 1.03 1.05 1.04 1.06 1.05 1.02 1.06 1.02 1.05 1.05 1.06 1.03 1.01 1.06 1.03 1.06 1.04 1.04 1.03 
1.05 1.02 1.04 1.06 1.04 1.06 1.06 1.04 1.06 1.01 1.02 1.06 1.05 1.01 1.04 1.03 1.05 1.01 1.01 1.05 
1.05 1.02 1.01 1.02 1.03 1.05 1.05 1.01 1.02 1.01 1.04 1.02 1.03 1.02 1.05 1.03 1.02 1.02 1.01 1.03 
1.04 1.06 1.06 1.05 1.03 1.02 1.02 1.06 1.05 1.06 1.04 1.04 1.06 1.05 1.03 1.03 1.04 1.06 1.01 1.01 
1.04 1.03 1.05 1.05 1.06 1.04 1.02 1.05 1.02 1.05 1.05 1.04 1.01 1.06 1.04 1.02 1.05 1.05 1.06 1.06 
1.03 1.02 1.05 1.06 1.05 1.06 1.01 1.05 1.03 1.06 1.06 1.02 1.06 1.05 1.06 1.01 1.04 1.02 1.01 1.01 
1.04 1.03 1.04 1.01 1.05 1.06 1.03 1.06 1.02 1.06 1.02 1.06 1.06 1.02 1.06 1.04 1.02 1.01 1.02 1.06 
1.05 1.01 1.06 1.05 1.03 1.01 1.04 1.03 1.05 1.04 1.06 1.04 1.06 1.02 1.01 1.03 1.02 1.05 1.03 1.01 
1.02 1.04 1.06 1.04 1.04 1.02 1.01 1.01 1.02 1.06 1.06 1.05 1.06 1.04 1.05 1.03 1.02 1.01 1.04 1.02 
1.04 1.04 1.04 1.05 1.03 1.06 1.03 1.05 1.03 1.05 1.02 1.06 1.02 1.06 1.01 1.03 1.05 1.02 1.01 1.01 
1.06 1.05 1.02 1.02 1.02 1.01 1.05 1.03 1.03 1.02 1.01 1.05 1.04 1.02 1.06 1.05 1.04 1.01 1.06 1.05 
1.04 1.05 1.01 1.06 1.01 1.06 1.03 1.03 1.04 1.04 1.05 1.05 1.06 1.03 1.04 1.02 1.06 1.06 1.05 1.02 
1.05 1.05 1.06 1.03 1.04 1.02 1.06 1.01 1.02 1.04 1.04 1.02 1.05 1.01 1.03 1.06 1.01 1.01 1.04 1.03 
1.04 1.03 1.01 1.01 1.06 1.03 1.02 1.06 1.03 1.06 1.06 1.02 1.05 1.04 1.06 1.05 1.01 1.06 1.04 1.06 
1.05 1.01 1.05 1.02 1.02 1.01 1.02 1.01 1.05 1.03 1.02 1.01 1.04 1.03 1.01 1.06 1.05 1.03 1.01 1.01 
1.02 1.05 1.06 1.06 1.01 1.04 1.03 1.02 1.03 1.04 1.02 1.06 1.01 1.03 1.04 1.06 1.06 1.03 1.04 1.06 
1.05 1.01 1.04 1.06 1.02 1.01 1.06 1.02 1.03 1.02 1.05 1.06 1.04 1.01 1.01 1.05 1.01 1.03 1.05 1.01 
1.02 1.03 1.05 1.06 1.04 1.01 1.02 1.04 1.06 1.03 1.05 1.04 1.02 1.05 1.05 1.05 1.02 1.02 1.02 1.01 
1.02 1.06 1.04 1.05 1.01 1.02 1.06 1.06 1.02 1.01 1.06 1.04 1.03 1.01 1.03 1.02 1.02 1.01 1.05 1.03 
1.02 1.01 1.03 1.03 1.01 1.03 1.05 1.05 1.06 1.06 1.05 1.05 1.06 1.03 1.05 1.03 1.01 1.01 1.01 1.04 
1.03 1.06 1.01 1.06 1.01 1.03 1.06 1.03 1.05 1.03 1.03 1.06 1.02 1.05 1.02 1.06 1.04 1.03 1.04 1.03 
1.06 1.03 1.04 1.05 1.04 1.03 1.01 1.04 1.05 1.04 1.02 1.06 1.03 1.02 1.06 1.02 1.06 1.06 1.05 1.01 
1.05 1.05 1.06 1.06 1.02 1.02 1.04 1.05 1.04 1.05 1.06 1.01 1.06 1.05 1.01 1.03 1.02 1.04 1.02 1.06 
1.04 1.03 1.04 1.01 1.01 1.05 1.01 1.05 1.05 1.03 1.05 1.03 1.06 1.03 1.02 1.04 1.01 1.02 1.05 1.03 
1.04 1.03 1.04 1.04 1.04 1.02 1.05 1.06 1.01 1.06 1.06 1.04 1.06 1.05 1.01 1.04 1.01 1.05 1.03 1.04 
1.03 1.03 1.04 1.06 1.04 1.02 1.02 1.02 1.01 1.03 1.01 1.06 1.04 1.05 1.04 1.01 1.04 1.04 1.06 1.05 
1.06 1.02 1.03 1.02 1.04 1.04 1.05 1.06 1.03 1.04 1.03 1.06 1.04 1.06 1.04 1.06 1.04 1.05 1.03 1.05 
1.04 1.05 1.06 1.03 1.03 1.04 1.06 1.01 1.06 1.03 1.04 1.02 1.02 1.02 1.03 1.06 1.01 1.04 1.05 1.01 
1.02 1.01 1.01 1.02 1.04 1.01 1.04 1.02 1.01 1.04 1.03 1.04 1.03 1.06 1.01 1.05 1.04 1.04 1.05 1.04 
1.04 1.02 1.02 1.05 1.05 1.01 1.05 1.02 1.01 1.05 1.04 1.04 1.05 1.02 1.05 1.02 1.06 1.02 1.02 1.02 
1.06 1.06 1.02 1.04 1.01 1.06 1.03 1.02 1.05 1.03 1.06 1.04 1.02 1.05 1.06 1.03 1.05 1.04 1.02 1.01 
1.03 1.05 1.06 1.06 1.06 1.03 1.06 1.01 1.06 1.04 1.02 1.03 1.03 1.05 1.03 1.04 1.02 1.01 1.04 1.05 
1.02 1.01 1.03 1.05 1.06 1.02 1.04 1.01 1.06 1.01 1.04 1.03 1.04 1.01 1.01 1.06 1.06 1.02 1.06 1.04 
1.04 1.03 1.06 1.01 1.01 1.01 1.02 1.01 1.04 1.02 1.04 1.02 1.02 1.02 1.06 1.03 1.01 1.05 1.01 1.05 
1.02 1.02 1.03 1.03 1.04 1.06 1.01 1.05 1.04 1.03 1.03 1.06 1.04 1.06 1.05 1.05 1.06 1.02 1.01 1.04 
1.02 1.02 1.04 1.04 1.06 1.04 1.03 1.01 1.04 1.06 1.05 1.01 1.01 1.03 1.05 1.01 1.06 1.02 1.04 1.04 
1.04 1.02 1.04 1.06 1.03 1.02 1.03 1.02 1.04 1.02 1.05 1.02 1.04 1.03 1.02 1.03 1.03 1.05 1.06 1.03 
1.01 1.05 1.02 1.04 1.03 1.06 1.03 1.02 1.05 1.06 1.01 1.04 1.05 1.01 1.05 1.01 1.03 1.05 1.02 1.01 
1.03 1.04 1.04 1.02 1.04 1.02 1.06 1.02 1.05 1.05 1.05 1.04 1.02 1.06 1.03 1.04 1.02 1.02 1.02 1.01 
1.03 1.04 1.03 1.01 1.04 1.03 1.04 1.06 1.05 1.04 1.02 1.03 1.06 1.02 1.04 1.02 1.04 1.01 1.05 1.02 
1.04 1.03 1.04 1.01 1.05 1.03 1.02 1.04 1.02 1.01 1.02 1.01 1.02 1.06 1.02 1.02 1.03 1.04 1.02 1.04 
1.04 1.01 1.01 1.04 1.01 1.01 1.04 1.01 1.05 1.06 1.03 1.03 1.02 1.01 1.03 1.03 1.03 1.01 1.02 1.05 
1.02 1.01 1.01 1.01 1.05 1.06 1.06 1.06 1.04 1.04 1.05 1.06 1.01 1.05 1.02 1.05 1.06 1.02 1.05 1.01 
1.02 1.01 1.02 1.04 1.06 1.02 1.04 1.05 1.02 1.06 1.05 1.06 1.03 1.05 1.01 1.01 1.05 1.04 1.02 1.02 
1.02 1.02 1.02 1.06 1.06 1.06 1.06 1.02 1.02 1.05 1.03 1.02 1.01 1.06 1.01 1.03 1.06 1.01 1.03 1.02 
1.04 1.05 1.05 1.06 1.06 1.01 1.01 1.04 1.01 1.03 1.02 1.05 1.06 1.04 1.01 1.05 1.03 1.01 1.02 1.05 
1.04 1.06 1.06 1.05 1.04 1.04 1.06 1.03 1.02 1.02 1.06 1.01 1.04 1.03 1.05 1.03 1.05 1.01 1.03 1.06 
1.03 1.01 1.04 1.04 1.03 1.06 1.04 1.04 1.04 1.01 1.04 1.05 1.02 1.03 1.06 1.03 1.03 1.03 1.02 1.06 
1.02 1.03 1.05 1.01 1.03 1.02 1.05 1.06 1.06 1.01 1.03 1.06 1.03 1.05 1.01 1.06 1.04 1.04 1.02 1.06 
1.05 1.03 1.04 1.03 1.01 1.04 1.04 1.06 1.03 1.04 1.05 1.03 1.05 1.05 1.01 1.04 1.01 1.02 1.06 1.01 
1.04 1.04 1.06 1.04 1.01 1.06 1.01 1.04 1.03 1.03 1.01 1.04 1.06 1.04 1.05 1.02 1.02 1.04 1.04 1.02 
1.02 1.02 1.05 1.01 1.05 1.01 1.03 1.01 1.05 1.06 1.02 1.01 1.06 1.04 1.06 1.01 1.02 1.02 1.06 1.01 
1.04 1.05 1.03 1.02 1.05 1.04 1.01 1.03 1.01 1.04 1.06 1.06 1.02 1.03 1.03 1.03 1.06 1.05 1.04 1.06 
1.05 1.04 1.03 1.06 1.05 1.01 1.02 1.06 1.06 1.04 1.05 1.05 1.04 1.03 1.05 1.03 1.02 1.02 1.04 1.06 
1.04 1.02 1.03 1.02 1.04 1.01 1.03 1.02 1.04 1.04 1.06 1.03 1.04 1.01 1.02 1.03 1.01 1.06 1.03 1.01 
1.03 1.05 1.01 1.05 1.02 1.01 1.03 1.03 1.03 1.04 1.01 1.05 1.06 1.05 1.03 1.01 1.02 1.02 1.01 1.03 
1.06 1.02 1.01 1.03 1.03 1.03 1.01 1.05 1.04 1.03 1.04 1.03 1.05 1.04 1.04 1.02 1.06 1.06 1.01 1.05 
1.05 1.03 1.02 1.04 1.02 1.05 1.01 1.04 1.03 1.04 1.02 1.03 1.01 1.05 1.06 1.01 1.04 1.01 1.06 1.06 
1.02 1.04 1.03 1.04 1.05 1.02 1.04 1.01 1.03 1.01 1.02 1.03 1.01 1.03 1.04 1.02 1.05 1.04 1.05 1.02 
1.06 1.02 1.06 1.06 1.02 1.03 1.03 1.01 1.02 1.05 1.04 1.05 1.01 1.05 1.06 1.03 1.01 1.05 1.03 1.01 
1.06 1.02 1.01 1.02 1.02 1.01 1.01 1.05 1.06 1.02 1.05 1.02 1.01 1.04 1.01 1.01 1.01 1.02 1.04 1.02 
1.06 1.01 1.04 1.06 1.05 1.04 1.05 1.04 1.03 1.06 1.03 1.03 1.05 1.01 1.06 1.05 1.06 1.01 1.03 1.05 
1.01 1.01 1.02 1.01 1.01 1.05 1.04 1.05 1.02 1.04 1.06 1.06 1.03 1.03 1.03 1.04 1.03 1.06 1.06 1.04 
1.05 1.05 1.03 1.06 1.03 1.01 1.05 1.05 1.01 1.04 1.05 1.04 1.04 1.02 1.02 1.06 1.05 1.05 1.02 1.03 
1.04 1.04 1.06 1.02 1.05 1.01 1.05 1.01 1.02 1.04 1.05 1.02 1.04 1.04 1.02 1.02 1.05 1.02 1.06 1.03 
1.06 1.06 1.05 1.01 1.02 1.03 1.06 1.01 1.06 1.01 1.05 1.02 1.02 1.06 1.04 1.06 1.04 1.06 1.06 1.02 
1.01 1.04 1.02 1.01 1.03 1.03 1.02 1.04 1.05 1.01 1.03 1.05 1.04 1.04 1.06 1.04 1.04 1.03 1.02 1.01 
1.06 1.01 1.01 1.01 1.04 1.01 1.04 1.05 1.03 1.06 1.02 1.02 1.06 1.03 1.02 1.02 1.03 1.04 1.01 1.06 
1.03 1.06 1.04 1.06 1.03 1.06 1.04 1.06 1.06 1.03 1.06 1.05 1.05 1.03 1.02 1.03 1.03 1.06 1.04 1.02 
1.05 1.06 1.03 1.02 1.06 1.01 1.02 1.06 1.06 1.03 1.04 1.06 1.02 1.04 1.01 1.06 1.04 1.03 1.03 1.01 
1.01 1.03 1.01 1.02 1.02 1.04 1.06 1.02 1.06 1.05 1.04 1.03 1.02 1.05 1.02 1.01 1.05 1.04 1.02 1.04 
1.06 1.02 1.03 1.03 1.05 1.01 1.05 1.06 1.02 1.03 1.02 1.02 1.04 1.05 1.01 1.05 1.02 1.04 1.01 1.05 
1.05 1.04 1.03 1.01 1.03 1.05 1.03 1.04 1.04 1.06 1.04 1.06 1.02 1.03 1.04 1.04 1.01 1.05 1.01 1.06 
1.01 1.04 1.05 1.06 1.05 1.01 1.04 1.05 1.02 1.06 1.05 1.04 1.01 1.01 1.04 1.06 1.01 1.06 1.02 1.02 
1.06 1.01 1.03 1.03 1.01 1.01 1.02 1.01 1.01 1.03 1.04 1.05 1.06 1.02 1.04 1.06 1.01 1.05 1.03 1.01 
1.04 1.06 1.04 1.04 1.05 1.02 1.05 1.01 1.06 1.03 1.01 1.01 1.01 1.01 1.05 1.04 1.03 1.02 1.03 1.04 
1.01 1.05 1.06 1.04 1.02 1.01 1.02 1.01 1.01 1.02 1.06 1.03 1.02 1.01 1.06 1.01 1.03 1.02 1.06 1.02 
1.05 1.03 1.03 1.04 1.02 1.01 1.02 1.04 1.05 1.06 1.05 1.02 1.05 1.06 1.06 1.05 1.05 1.02 1.05 1.02 
1.03 1.03 1.05 1.04 1.04 1.03 1.01 1.06 1.04 1.01 1.02 1.02 1.01 1.02 1.04 1.02 1.01 1.01 1.03 1.04 
1.04 1.01 1.03 1.03 1.06 1.02 1.02 1.03 1.04 1.01 1.03 1.06 1.02 1.04 1.03 1.06 1.02 1.04 1.02 1.04 
1.03 1.06 1.01 1.06 1.04 1.03 1.02 1.06 1.01 1.02 1.02 1.01 1.02 1.01 1.06 1.02 1.03 1.06 1.06 1.04 
1.02 1.03 1.05 1.01 1.05 1.04 1.04 1.04 1.06 1.01 1.06 1.03 1.02 1.01 1.03 1.01 1.02 1.06 1.04 1.01 
1.05 1.03 1.01 1.06 1.02 1.06 1.06 1.04 1.04 1.06 1.01 1.03 1.03 1.02 1.05 1.04 1.04 1.03 1.01 1.06 
1.04 1.05 1.01 1.02 1.05 1.05 1.01 1.06 1.02 1.03 1.03 1.02 1.03 1.06 1.05 1.03 1.03 1.06 1.05 1.06 
1.06 1.04 1.03 1.02 1.03 1.05 1.04 1.03 1.03 1.01 1.06 1.02 1.02 1.02 1.03 1.03 1.01 1.02 1.01 1.04 
1.05 1.06 1.03 1.04 1.02 1.05 1.02 1.05 1.03 1.06 1.01 1.03 1.02 1.02 1.02 1.06 1.05 1.02 1.06 1.06 
1.01 1.02 1.05 1.06 1.04 1.03 1.03 1.03 1.03 1.02 1.01 1.06 1.04 1.01 1.06 1.03 1.01 1.04 1.01 1.01 
1.01 1.02 1.02 1.06 1.02 1.06 1.06 1.04 1.04 1.05 1.03 1.02 1.01 1.06 1.01 1.01 1.03 1.04 1.03 1.02 
1.06 1.04 1.04 1.04 1.04 1.02 1.01 1.06 1.04 1.03 1.04 1.04 1.02 1.06 1.01 1.02 1.03 1.03 1.02 1.03 
1.05 1.05 1.06 1.06 1.04 1.02 1.04 1.01 1.04 1.02 1.01 1.03 1.05 1.06 1.06 1.01 1.05 1.03 1.04 1.01 
1.04 1.03 1.01 1.01 1.04 1.03 1.05 1.03 1.02 1.04 1.03 1.04 1.01 1.02 1.01 1.04 1.04 1.04 1.05 1.04 
1.04 1.03 1.03 1.03 1.02 1.03 1.06 1.06 1.01 1.06 1.05 1.04 1.02 1.02 1.01 1.01 1.01 1.03 1.02 1.04 
1.05 1.05 1.01 1.03 1.06 1.05 1.04 1.04 1.03 1.05 1.06 1.03 1.01 1.06 1.04 1.02 1.05 1.04 1.06 1.06 
1.03 1.05 1.04 1.04 1.06 1.04 1.02 1.03 1.06 1.06 1.04 1.01 1.03 1.01 1.04 1.03 1.06 1.04 1.04 1.03 
1.01 1.04 1.01 1.06 1.05 1.04 1.05 1.04 1.03 1.05 1.06 1.02 1.04 1.01 1.02 1.06 1.06 1.01 1.02 1.04 
1.04 1.04 1.06 1.02 1.04 1.02 1.04 1.04 1.04 1.04 1.02 1.05 1.06 1.03 1.05 1.06 1.03 1.03 1.02 1.04 
1.05 1.05 1.05 1.01 1.02 1.06 1.04 1.02 1.03 1.03 1.02 1.03 1.04 1.06 1.02 1.04 1.03 1.02 1.04 1.03 
1.03 1.03 1.05 1.01 1.02 1.06 1.06 1.04 1.04 1.02 1.03 1.06 1.01 1.05 1.05 1.06 1.02 1.02 1.04 1.04 
1.06 1.06 1.05 1.06 1.02 1.04 1.06 1.04 1.03 1.05 1.03 1.06 1.01 1.03 1.02 1.04 1.05 1.03 1.02 1.02 
1.01 1.01 1.04 1.01 1.06 1.02 1.05 1.05 1.03 1.03 1.04 1.01 1.04 1.06 1.06 1.06 1.02 1.02 1.01 1.02 
1.02 1.05 1.02 1.06 1.01 1.06 1.04 1.05 1.03 1.04 1.06 1.04 1.02 1.05 1.06 1.02 1.05 1.01 1.01 1.05 
1.05 1.05 1.02 1.01 1.06 1.05 1.05 1.04 1.02 1.05 1.01 1.06 1.03 1.01 1.02 1.04 1.04 1.04 1.04 1.05 
1.02 1.04 1.06 1.05 1.01 1.06 1.06 1.02 1.02 1.06 1.03 1.06 1.05 1.03 1.03 1.03 1.02 1.03 1.06 1.03 
1.02 1.05 1.02 1.03 1.06 1.01 1.06 1.02 1.04 1.02 1.05 1.01 1.03 1.02 1.04 1.03 1.06 1.06 1.04 1.06 
1.01 1.02 1.04 1.02 1.04 1.06 1.06 1.04 1.06 1.06 1.03 1.04 1.04 1.04 1.01 1.03 1.04 1.02 1.01 1.01 
1.06 1.01 1.04 1.02 1.05 1.04 1.01 1.03 1.03 1.01 1.02 1.01 1.01 1.03 1.06 1.04 1.02 1.06 1.04 1.03 
1.05 1.01 1.04 1.04 1.06 1.04 1.06 1.01 1.06 1.04 1.06 1.03 1.02 1.05 1.03 1.02 1.03 1.05 1.06 1.04 
1.02 1.05 1.06 1.06 1.05 1.03 1.05 1.03 1.04 1.06 1.02 1.05 1.02 1.04 1.04 1.06 1.04 1.03 1.06 1.06 
1.06 1.06 1.02 1.03 1.01 1.03 1.06 1.06 1.03 1.01 1.05 1.01 1.01 1.02 1.05 1.02 1.04 1.06 1.06 1.04 
1.02 1.04 1.01 1.03 1.03 1.05 1.05 1.06 1.04 1.02 1.01 1.03 1.05 1.04 1.03 1.05 1.06 1.01 1.03 1.03 
1.06 1.06 1.06 1.03 1.04 1.06 1.03 1.01 1.05 1.02 1.05 1.04 1.03 1.02 1.06 1.06 1.01 1.04 1.01 1.03 
1.02 1.04 1.05 1.05 1.02 1.02 1.01 1.06 1.05 1.01 1.01 1.06 1.02 1.06 1.01 1.05 1.01 1.04 1.06 1.02 
1.06 1.05 1.04 1.03 1.06 1.06 1.04 1.03 1.03 1.03 1.02 1.03 1.06 1.01 1.05 1.05 1.05 1.03 1.01 1.03 
1.01 1.01 1.03 1.02 1.05 1.05 1.04 1.02 1.03 1.02 1.03 1.02 1.03 1.01 1.04 1.06 1.01 1.04 1.04 1.04 
1.03 1.03 1.05 1.06 1.06 1.04 1.01 1.06 1.01 1.06 1.01 1.01 1.03 1.01 1.01 1.02 1.03 1.06 1.06 1.03 
1.05 1.02 1.05 1.04 1.01 1.04 1.03 1.02 1.01 1.04 1.04 1.06 1.04 1.03 1.03 1.05 1.03 1.05 1.06 1.02 
1.05 1.05 1.03 1.01 1.03 1.04 1.01 1.03 1.03 1.05 1.04 1.06 1.04 1.04 1.02 1.05 1.05 1.06 1.06 1.05 
1.04 1.01 1.06 1.01 1.03 1.03 1.01 1.01 1.02 1.04 1.06 1.04 1.01 1.03 1.06 1.05 1.05 1.02 1.03 1.02 
1.01 1.03 1.06 1.02 1.04 1.06 1.06 1.02 1.04 1.04 1.05 1.03 1.05 1.05 1.03 1.05 1.06 1.02 1.06 1.06 
1.05 1.05 1.01 1.06 1.06 1.06 1.06 1.06 1.01 1.02 1.02 1.03 1.05 1.01 1.02 1.01 1.01 1.04 1.05 1.06 
1.02 1.04 1.02 1.05 1.05 1.01 1.05 1.01 1.01 1.04 1.05 1.06 1.01 1.04 1.02 1.06 1.02 1.06 1.04 1.06 
1.03 1.01 1.04 1.01 1.02 1.03 1.05 1.01 1.06 1.04 1.01 1.04 1.05 1.02 1.06 1.02 1.05 1.02 1.06 1.02 
1.01 1.01 1.01 1.02 1.01 1.06 1.01 1.03 1.04 1.03 1.06 1.03 1.02 1.05 1.01 1.02 1.03 1.01 1.05 1.04 
1.02 1.06 1.02 1.04 1.01 1.02 1.03 1.02 1.03 1.06 1.05 1.02 1.01 1.03 1.05 1.04 1.03 1.01 1.02 1.06 
1.01 1.05 1.06 1.02 1.03 1.02 1.02 1.04 1.04 1.05 1.02 1.04 1.06 1.02 1.06 1.03 1.06 1.04 1.05 1.05 
1.01 1.03 1.04 1.06 1.02 1.02 1.06 1.01 1.06 1.06 1.02 1.03 1.03 1.06 1.03 1.06 1.01 1.04 1.02 1.02 
1.04 1.03 1.01 1.02 1.06 1.01 1.05 1.01 1.02 1.05 1.05 1.04 1.03 1.03 1.02 1.04 1.05 1.06 1.02 1.02 
1.02 1.01 1.01 1.06 1.03 1.02 1.03 1.06 1.03 1.05 1.03 1.03 1.02 1.06 1.05 1.01 1.04 1.05 1.01 1.06 
1.02 1.04 1.02 1.05 1.05 1.06 1.05 1.04 1.06 1.06 1.05 1.04 1.02 1.01 1.03 1.06 1.05 1.06 1.04 1.01 
1.01 1.06 1.01 1.03 1.06 1.05 1.01 1.02 1.06 1.02 1.02 1.03 1.01 1.03 1.02 1.01 1.03 1.03 1.03 1.05 
1.01 1.06 1.04 1.04 1.03 1.06 1.05 1.05 1.02 1.02 1.01 1.03 1.03 1.06 1.04 1.05 1.02 1.06 1.01 1.05 
1.04 1.06 1.03 1.03 1.02 1.05 1.05 1.01 1.04 1.02 1.03 1.04 1.03 1.05 1.01 1.01 1.03 1.02 1.03 1.02 
1.05 1.03 1.02 1.06 1.05 1.05 1.05 1.05 1.03 1.02 1.03 1.01 1.04 1.01 1.01 1.02 1.03 1.02 1.03 1.06 
1.03 1.02 1.05 1.06 1.03 1.06 1.02 1.06 1.01 1.04 1.06 1.02 1.02 1.02 1.05 1.05 1.04 1.02 1.01 1.02 
1.06 1.01 1.01 1.03 1.04 1.06 1.04 1.05 1.03 1.04 1.06 1.03 1.05 1.01 1.03 1.02 1.01 1.05 1.02 1.03 
1.06 1.05 1.04 1.02 1.04 1.05 1.03 1.02 1.03 1.05 1.03 1.02 1.04 1.05 1.05 1.06 1.02 1.06 1.04 1.06 
1.02 1.05 1.01 1.02 1.02 1.02 1.04 1.02 1.04 1.06 1.01 1.03 1.06 1.05 1.05 1.03 1.04 1.06 1.03 1.02 
1.01 1.02 1.02 1.04 1.02 1.02 1.01 1.05 1.02 1.01 1.04 1.04 1.04 1.03 1.01 1.06 1.06 1.03 1.02 1.02 
1.03 1.02 1.06 1.04 1.04 1.03 1.04 1.04 1.06 1.05 1.01 1.02 1.02 1.03 1.06 1.03 1.06 1.02 1.01 1.02 
1.01 1.06 1.02 1.03 1.01 1.02 1.02 1.05 1.06 1.01 1.01 1.03 1.04 1.02 1.03 1.02 1.06 1.01 1.03 1.06 
1.01 1.02 1.01 1.01 1.04 1.06 1.03 1.02 1.06 1.02 1.05 1.05 1.04 1.05 1.06 1.04 1.04 1.06 1.04 1.04 
1.01 1.04 1.04 1.05 1.06 1.02 1.04 1.04 1.05 1.05 1.05 1.01 1.06 1.06 1.03 1.04 1.02 1.04 1.01 1.02 
1.01 1.06 1.05 1.05 1.04 1.04 1.04 1.06 1.05 1.04 1.04 1.03 1.02 1.05 1.05 1.01 1.01 1.03 1.02 1.03 
1.06 1.03 1.06 1.06 1.03 1.03 1.05 1.03 1.01 1.03 1.06 1.05 1.06 1.01 1.03 1.02 1.05 1.01 1.01 1.05 
1.02 1.06 1.06 1.01 1.03 1.02 1.05 1.06 1.04 1.03 1.03 1.03 1.01 1.03 1.04 1.03 1.03 1.03 1.01 1.03 
1.01 1.04 1.01 1.02 1.03 1.02 1.01 1.01 1.01 1.02 1.06 1.03 1.02 1.06 1.04 1.05 1.04 1.02 1.04 1.01 
1.02 1.04 1.06 1.06 1.05 1.05 1.04 1.06 1.02 1.06 1.03 1.03 1.03 1.04 1.05 1.01 1.03 1.05 1.03 1.03 
1.05 1.01 1.03 1.03 1.02 1.04 1.01 1.06 1.03 1.03 1.02 1.05 1.01 1.04 1.01 1.01 1.04 1.03 1.06 1.02 
1.03 1.06 1.05 1.06 1.04 1.03 1.03 1.06 1.05 1.04 1.02 1.03 1.04 1.04 1.06 1.03 1.04 1.06 1.01 1.03 
1.04 1.05 1.04 1.04 1.04 1.05 1.04 1.06 1.05 1.01 1.02 1.04 1.03 1.01 1.05 1.02 1.01 1.03 1.05 1.06 
1.01 1.03 1.05 1.02 1.03 1.04 1.01 1.04 1.05 1.02 1.02 1.04 1.01 1.06 1.02 1.01 1.04 1.05 1.02 1.04 
1.05 1.02 1.05 1.04 1.06 1.01 1.01 1.01 1.02 1.04 1.03 1.02 1.06 1.06 1.04 1.05 1.06 1.05 1.05 1.05 
1.02 1.02 1.05 1.06 1.04 1.04 1.05 1.06 1.05 1.02 1.05 1.05 1.03 1.04 1.03 1.06 1.05 1.04 1.04 1.01 
1.03 1.02 1.02 1.01 1.01 1.06 1.01 1.02 1.01 1.06 1.05 1.05 1.03 1.01 1.01 1.02 1.01 1.03 1.03 1.02 
1.05 1.06 1.05 1.03 1.01 1.03 1.06 1.05 1.02 1.06 1.05 1.04 1.01 1.06 1.06 1.02 1.02 1.05 1.01 1.04 
1.04 1.04 1.05 1.05 1.04 1.04 1.01 1.05 1.04 1.01 1.06 1.05 1.06 1.06 1.04 1.04 1.05 1.01 1.03 1.03 
1.02 1.04 1.04 1.01 1.01 1.01 1.01 1.01 1.06 1.06 1.04 1.05 1.05 1.01 1.03 1.02 1.04 1.01 1.04 1.05 
1.04 1.01 1.03 1.06 1.01 1.04 1.01 1.06 1.05 1.04 1.04 1.03 1.02 1.04 1.03 1.01 1.04 1.01 1.04 1.02 
1.05 1.05 1.04 1.01 1.04 1.03 1.03 1.01 1.03 1.03 1.05 1.02 1.04 1.03 1.06 1.04 1.06 1.01 1.01 1.06 
1.05 1.04 1.06 1.02 1.03 1.04 1.05 1.04 1.02 1.03 1.01 1.02 1.02 1.05 1.05 1.01 1.05 1.01 1.06 1.01 
1.01 1.06 1.03 1.04 1.03 1.03 1.01 1.02 1.03 1.06 1.02 1.01 1.05 1.05 1.05 1.03 1.03 1.02 1.06 1.05 
1.04 1.03 1.01 1.05 1.06 1.02 1.04 1.02 1.04 1.02 1.06 1.06 1.02 1.06 1.03 1.03 1.05 1.01 1.05 1.03 
1.05 1.03 1.04 1.03 1.02 1.04 1.05 1.05 1.02 1.04 1.06 1.02 1.04 1.03 1.02 1.02 1.05 1.04 1.04 1.03 
1.03 1.06 1.01 1.01 1.01 1.01 1.06 1.04 1.03 1.05 1.01 1.01 1.04 1.02 1.03 1.03 1.01 1.01 1.03 1.05 
1.01 1.06 1.03 1.01 1.01 1.03 1.02 1.06 1.04 1.06 1.05 1.05 1.03 1.04 1.06 1.03 1.04 1.03 1.06 1.03 
1.05 1.01 1.06 1.03 1.05 1.06 1.02 1.03 1.03 1.01 1.05 1.06 1.01 1.04 1.04 1.06 1.06 1.03 1.06 1.01 
1.03 1.06 1.05 1.04 1.03 1.04 1.06 1.03 1.02 1.03 1.03 1.05 1.03 1.01 1.02 1.02 1.05 1.03 1.02 1.03 
1.04 1.02 1.02 1.02 1.03 1.05 1.02 1.03 1.01 1.04 1.04 1.03 1.01 1.05 1.04 1.04 1.02 1.06 1.05 1.02 
1.02 1.03 1.05 1.01 1.03 1.05 1.03 1.05 1.02 1.04 1.01 1.01 1.05 1.03 1.02 1.04 1.01 1.05 1.03 1.01 
1.05 1.04 1.01 1.05 1.03 1.03 1.03 1.03 1.02 1.02 1.01 1.03 1.05 1.02 1.03 1.04 1.02 1.02 1.05 1.01 
1.03 1.01 1.05 1.05 1.04 1.01 1.05 1.06 1.02 1.03 1.01 1.04 1.06 1.02 1.03 1.03 1.06 1.05 1.06 1.06 
1.01 1.04 1.02 1.01 1.03 1.05 1.02 1.03 1.02 1.04 1.04 1.03 1.03 1.03 1.04 1.02 1.03 1.04 1.02 1.02 
1.05 1.05 1.06 1.05 1.05 1.01 1.02 1.02 1.04 1.01 1.03 1.01 1.04 1.06 1.06 1.05 1.02 1.06 1.02 1.01 
1.01 1.06 1.04 1.02 1.03 1.04 1.03 1.02 1.06 1.05 1.03 1.01 1.06 1.02 1.05 1.03 1.01 1.01 1.05 1.05 
1.03 1.03 1.05 1.02 1.04 1.02 1.01 1.02 1.06 1.05 1.05 1.05 1.06 1.05 1.03 1.03 1.05 1.06 1.06 1.05 
1.02 1.04 1.04 1.06 1.05 1.03 1.05 1.02 1.04 1.06 1.06 1.04 1.05 1.03 1.01 1.05 1.06 1.05 1.03 1.04 
1.05 1.02 1.03 1.02 1.06 1.02 1.05 1.03 1.01 1.01 1.05 1.03 1.03 1.05 1.04 1.01 1.03 1.02 1.02 1.04 
1.05 1.04 1.03 1.03 1.02 1.03 1.03 1.03 1.06 1.03 1.02 1.02 1.03 1.03 1.03 1.02 1.05 1.06 1.06 1.06 
1.02 1.04 1.03 1.03 1.03 1.03 1.05 1.02 1.03 1.04 1.04 1.03 1.01 1.05 1.01 1.02 1.04 1.02 1.05 1.04 
1.04 1.04 1.02 1.03 1.05 1.05 1.03 1.04 1.02 1.05 1.04 1.01 1.03 1.01 1.05 1.04 1.03 1.04 1.03 1.06 
1.05 1.05 1.01 1.05 1.06 1.01 1.06 1.03 1.02 1.02 1.06 1.01 1.02 1.02 1.03 1.02 1.02 1.06 1.05 1.02 
1.01 1.04 1.01 1.05 1.03 1.05 1.01 1.03 1.02 1.02 1.01 1.01 1.02 1.03 1.05 1.01 1.03 1.04 1.02 1.05 
1.03 1.02 1.06 1.04 1.02 1.05 1.02 1.04 1.05 1.06 1.02 1.02 1.03 1.02 1.03 1.01 1.06 1.02 1.01 1.03 
1.04 1.05 1.03 1.02 1.03 1.05 1.03 1.01 1.05 1.01 1.06 1.04 1.02 1.04 1.01 1.02 1.06 1.01 1.06 1.05 
1.06 1.04 1.01 1.05 1.03 1.05 1.01 1.06 1.04 1.05 1.01 1.02 1.02 1.01 1.02 1.02 1.01 1.05 1.02 1.02 
1.04 1.04 1.04 1.05 1.05 1.01 1.05 1.02 1.03 1.04 1.05 1.04 1.04 1.06 1.04 1.02 1.03 1.02 1.04 1.01 
1.05 1.02 1.03 1.06 1.05 1.01 1.06 1.02 1.04 1.05 1.04 1.06 1.06 1.03 1.03 1.02 1.02 1.03 1.05 1.01 
1.06 1.03 1.03 1.03 1.03 1.05 1.03 1.01 1.06 1.03 1.04 1.01 1.05 1.03 1.05 1.04 1.01 1.04 1.01 1.03 
1.02 1.03 1.05 1.05 1.02 1.04 1.03 1.01 1.06 1.04 1.06 1.04 1.02 1.05 1.05 1.05 1.06 1.06 1.03 1.03 
1.03 1.04 1.05 1.02 1.02 1.01 1.01 1.02 1.04 1.02 1.06 1.04 1.05 1.01 1.06 1.06 1.01 1.01 1.06 1.03 
1.06 1.01 1.02 1.06 1.03 1.02 1.03 1.06 1.06 1.05 1.04 1.04 1.03 1.01 1.04 1.05 1.04 1.05 1.03 1.05 
1.05 1.04 1.05 1.06 1.01 1.04 1.03 1.06 1.06 1.04 1.01 1.03 1.01 1.02 1.03 1.04 1.02 1.03 1.03 1.03 
1.01 1.05 1.02 1.05 1.04 1.01 1.05 1.04 1.01 1.05 1.03 1.02 1.05 1.04 1.01 1.01 1.02 1.02 1.04 1.03 
1.01 1.03 1.02 1.05 1.02 1.06 1.01 1.02 1.06 1.06 1.01 1.01 1.02 1.06 1.03 1.02 1.04 1.04 1.06 1.03 
1.05 1.04 1.01 1.04 1.03 1.04 1.02 1.04 1.05 1.04 1.02 1.03 1.02 1.01 1.01 1.03 1.03 1.01 1.05 1.01 
1.05 1.01 1.06 1.01 1.01 1.05 1.02 1.02 1.06 1.01 1.01 1.01 1.03 1.02 1.02 1.04 1.02 1.02 1.06 1.03 
1.05 1.06 1.05 1.05 1.05 1.06 1.01 1.04 1.06 1.04 1.05 1.04 1.01 1.06 1.03 1.04 1.05 1.02 1.02 1.02 
