20
200
23 18 38 12 15 3 92 16 47 45 70 31 64 61 75 15 3 97 31 45 22 60 40 77 76 93 31 87 45 99 9 92 72 25 27 30 14 99 91 33 59 1 51 26 51 19 59 20 1 21 66 24 71 83 69 73 70 7 84 1 43 89 61 46 34 76 6 72 42 39 65 58 58 59 46 80 6 55 33 24 21 64 48 91 37 46 63 41 39 94 78 84 88 46 63 82 9 93 64 6 91 4 99 40 95 25 77 43 96 21 12 74 48 82 33 6 60 21 64 51 34 14 56 65 49 88 74 84 76 2 57 19 82 24 93 98 94 81 41 91 53 78 33 87 20 63 8 24 8 32 33 76 91 59 32 99 21 88 71 10 91 89 9 28 30 12 35 29 63 33 34 57 6 4 52 90 80 31 70 85 10 48 17 67 86 89 52 30 28 67 22 53 54 44 16 5 12 28 65 37 
2 1 2 2 1 2 1 2 3 1 1 2 3 3 2 3 1 3 2 2 
1.01 1.04 1.05 1.06 1.01 1.03 1.04 1.02 1.04 1.03 1.06 1.01 1.02 1.04 1.02 1.03 1.01 1.04 1.06 1.03 
1.03 1.06 1.01 1.03 1.05 1.06 1.02 1.05 1.04 1.06 1.05 1.05 1.05 1.04 1.03 1.01 1.01 1.02 1.06 1.04 
1.04 1.05 1.05 1.04 1.03 1.03 1.03 1.04 1.02 1.04 1.06 1.02 1.04 1.01 1.06 1.02 1.01 1.02 1.02 1.05 
1.03 1.02 1.02 1.01 1.02 1.01 1.04 1.04 1.02 1.02 1.05 1.05 1.04 1.05 1.02 1.01 1.05 1.06 1.03 1.04 
1.04 1.03 1.06 1.04 1.06 1.04 1.02 1.01 1.02 1.01 1.06 1.04 1.01 1.02 1.05 1.03 1.05 1.04 1.06 1.06 
1.06 1.05 1.01 1.02 1.04 1.02 1.03 1.03 1.02 1.06 1.06 1.06 1.05 1.06 1.04 1.06 1.06 1.03 1.04 1.01 
1.02 1.01 1.06 1.01 1.06 1.01 1.02 1.02 1.03 1.01 1.06 1.05 1.03 1.01 1.04 1.06 1.06 1.05 1.04 1.04 
1.05 1.05 1.02 1.03 1.03 1.03 1.06 1.03 1.04 1.01 1.05 1.06 1.04 1.06 1.06 1.01 1.06 1.02 1.01 1.06 
1.02 1.05 1.03 1.06 1.06 1.04 1.01 1.06 1.06 1.03 1.01 1.01 1.01 1.01 1.03 1.04 1.05 1.02 1.04 1.06 
1.04 1.03 1.03 1.06 1.03 1.04 1.05 1.03 1.03 1.01 1.03 1.06 1.06 1.02 1.01 1.01 1.04 1.04 1.02 1.01 
1.04 1.06 1.01 1.02 1.05 1.04 1.02 1.03 1.04 1.01 1.02 1.04 1.01 1.05 1.06 1.06 1.05 1.02 1.04 1.06 
1.03 1.06 1.01 1.06 1.02 1.03 1.05 1.06 1.01 1.03 1.05 1.06 1.02 1.05 1.01 1.04 1.01 1.02 1.06 1.05 
1.05 1.02 1.03 1.03 1.05 1.01 1.04 1.06 1.01 1.06 1.05 1.05 1.02 1.03 1.01 1.06 1.01 1.02 1.04 1.02 
1.04 1.01 1.01 1.04 1.01 1.04 1.05 1.03 1.01 1.03 1.01 1.06 1.01 1.05 1.02 1.06 1.05 1.06 1.06 1.05 
1.03 1.06 1.04 1.03 1.04 1.02 1.01 1.04 1.06 1.06 1.05 1.04 1.04 1.06 1.02 1.04 1.02 1.05 1.03 1.04 
1.06 1.01 1.01 1.01 1.06 1.02 1.03 1.01 1.06 1.05 1.01 1.06 1.04 1.04 1.01 1.04 1.05 1.02 1.06 1.05 
1.04 1.03 1.06 1.04 1.05 1.05 1.05 1.06 1.06 1.02 1.04 1.02 1.03 1.01 1.01 1.06 1.04 1.05 1.06 1.02 
1.04 1.02 1.03 1.04 1.05 1.06 1.05 1.03 1.02 1.01 1.03 1.05 1.01 1.04 1.02 1.06 1.06 1.06 1.06 1.05 
1.01 1.01 1.06 1.02 1.02 1.01 1.01 1.02 1.06 1.01 1.06 1.06 1.04 1.06 1.04 1.04 1.02 1.06 1.06 1.02 
1.06 1.05 1.03 1.05 1.05 1.01 1.01 1.03 1.01 1.06 1.05 1.05 1.01 1.04 1.03 1.05 1.06 1.01 1.03 1.04 
1.03 1.06 1.03 1.04 1.01 1.05 1.04 1.02 1.04 1.02 1.04 1.05 1.02 1.04 1.01 1.03 1.01 1.01 1.03 1.03 
1.05 1.02 1.05 1.04 1.05 1.01 1.04 1.05 1.02 1.03 1.06 1.02 1.01 1.05 1.05 1.05 1.02 1.01 1.06 1.05 
1.02 1.02 1.06 1.01 1.04 1.06 1.01 1.02 1.04 1.04 1.05 1.05 1.01 1.06 1.06 1.02 1.04 1.06 1.05 1.05 
1.02 1.01 1.02 1.06 1.05 1.05 1.05 1.04 1.01 1.06 1.06 1.03 1.04 1.04 1.03 1.05 1.04 1.03 1.03 1.03 
1.02 1.02 1.03 1.06 1.01 1.02 1.06 1.05 1.03 1.03 1.03 1.02 1.05 1.01 1.03 1.01 1.04 1.04 1.05 1.05 
1.04 1.06 1.02 1.01 1.04 1.05 1.05 1.05 1.03 1.05 1.05 1.03 1.04 1.05 1.03 1.03 1.04 1.05 1.02 1.04 
1.04 1.03 1.06 1.03 1.04 1.03 1.04 1.01 1.04 1.06 1.04 1.05 1.04 1.06 1.05 1.01 1.02 1.05 1.06 1.05 
1.04 1.02 1.06 1.03 1.03 1.03 1.06 1.03 1.03 1.04 1.06 1.04 1.05 1.06 1.02 1.04 1.01 1.04 1.06 1.01 
1.06 1.02 1.04 1.03 1.06 1.04 1.03 1.04 1.04 1.01 1.01 1.02 1.06 1.06 1.03 1.04 1.05 1.05 1.06 1.03 
1.06 1.03 1.02 1.06 1.04 1.02 1.06 1.03 1.01 1.03 1.05 1.06 1.01 1.05 1.05 1.05 1.01 1.03 1.03 1.01 
1.06 1.04 1.06 1.06 1.05 1.04 1.04 1.05 1.05 1.01 1.01 1.06 1.05 1.03 1.03 1.04 1.03 1.03 1.04 1.04 
1.05 1.02 1.03 1.05 1.01 1.05 1.06 1.03 1.01 1.05 1.06 1.06 1.02 1.02 1.05 1.04 1.04 1.06 1.05 1.02 
1.05 1.02 1.04 1.02 1.01 1.06 1.03 1.05 1.04 1.01 1.06 1.05 1.01 1.06 1.04 1.03 1.01 1.01 1.05 1.02 
1.04 1.05 1.03 1.04 1.06 1.05 1.04 1.05 1.06 1.06 1.05 1.04 1.04 1.06 1.03 1.04 1.03 1.02 1.05 1.04 
1.01 1.02 1.05 1.03 1.05 1.05 1.06 1.01 1.03 1.05 1.02 1.03 1.06 1.03 1.04 1.05 1.06 1.06 1.04 1.06 
1.05 1.06 1.04 1.05 1.03 1.06 1.01 1.01 1.04 1.05 1.03 1.04 1.06 1.04 1.04 1.04 1.06 1.05 1.06 1.04 
1.02 1.05 1.02 1.06 1.01 1.01 1.01 1.04 1.06 1.01 1.06 1.02 1.03 1.04 1.06 1.03 1.04 1.04 1.06 1.06 
1.01 1.01 1.03 1.04 1.05 1.04 1.01 1.03 1.05 1.04 1.05 1.05 1.01 1.01 1.03 1.01 1.01 1.02 1.04 1.01 
1.04 1.03 1.04 1.02 1.05 1.06 1.01 1.03 1.06 1.04 1.04 1.04 1.02 1.04 1.06 1.05 1.05 1.04 1.06 1.06 
1.03 1.01 1.01 1.06 1.04 1.01 1.05 1.05 1.06 1.01 1.05 1.05 1.06 1.02 1.06 1.05 1.02 1.04 1.02 1.04 
1.04 1.03 1.02 1.04 1.03 1.06 1.04 1.04 1.03 1.06 1.01 1.05 1.01 1.02 1.02 1.06 1.04 1.01 1.03 1.02 
1.04 1.02 1.02 1.03 1.05 1.01 1.06 1.05 1.06 1.01 1.06 1.04 1.06 1.03 1.02 1.03 1.01 1.06 1.02 1.03 
1.06 1.04 1.06 1.04 1.01 1.06 1.06 1.02 1.03 1.02 1.05 1.05 1.01 1.02 1.05 1.04 1.06 1.04 1.05 1.03 
1.03 1.01 1.01 1.01 1.04 1.01 1.04 1.04 1.05 1.02 1.04 1.03 1.04 1.04 1.02 1.01 1.05 1.03 1.02 1.01 
1.02 1.06 1.02 1.01 1.02 1.01 1.03 1.01 1.01 1.03 1.03 1.05 1.05 1.03 1.05 1.06 1.02 1.05 1.01 1.04 
1.05 1.05 1.02 1.01 1.05 1.06 1.06 1.05 1.02 1.06 1.05 1.02 1.02 1.06 1.06 1.01 1.06 1.05 1.05 1.02 
1.05 1.04 1.06 1.04 1.04 1.05 1.04 1.05 1.06 1.02 1.02 1.01 1.06 1.04 1.05 1.02 1.02 1.06 1.02 1.05 
1.03 1.03 1.05 1.04 1.06 1.05 1.05 1.02 1.02 1.06 1.01 1.06 1.03 1.02 1.01 1.02 1.01 1.02 1.05 1.05 
1.06 1.04 1.03 1.02 1.05 1.01 1.05 1.03 1.04 1.04 1.04 1.02 1.06 1.02 1.04 1.02 1.06 1.05 1.04 1.02 
1.06 1.04 1.05 1.03 1.01 1.05 1.05 1.01 1.03 1.03 1.05 1.05 1.06 1.03 1.06 1.04 1.02 1.02 1.04 1.05 
1.06 1.03 1.04 1.02 1.02 1.05 1.04 1.02 1.02 1.06 1.03 1.04 1.02 1.01 1.04 1.02 1.02 1.04 1.02 1.04 
1.04 1.02 1.06 1.06 1.06 1.05 1.05 1.04 1.06 1.04 1.03 1.01 1.06 1.03 1.01 1.06 1.04 1.04 1.02 1.05 
1.06 1.04 1.05 1.04 1.01 1.05 1.02 1.05 1.02 1.06 1.04 1.03 1.02 1.04 1.04 1.01 1.02 1.02 1.02 1.03 
1.06 1.02 1.02 1.05 1.02 1.01 1.04 1.01 1.04 1.02 1.03 1.01 1.02 1.03 1.06 1.05 1.06 1.06 1.03 1.01 
1.06 1.03 1.06 1.01 1.01 1.03 1.03 1.01 1.02 1.01 1.04 1.06 1.06 1.06 1.01 1.02 1.04 1.04 1.01 1.06 
1.04 1.03 1.06 1.01 1.02 1.04 1.06 1.05 1.01 1.03 1.06 1.03 1.01 1.01 1.06 1.06 1.06 1.01 1.04 1.03 
1.04 1.02 1.02 1.02 1.05 1.05 1.05 1.06 1.04 1.02 1.02 1.06 1.03 1.03 1.05 1.01 1.03 1.03 1.04 1.01 
1.03 1.02 1.05 1.06 1.05 1.06 1.04 1.03 1.05 1.01 1.05 1.05 1.04 1.02 1.06 1.05 1.04 1.01 1.02 1.01 
1.04 1.05 1.05 1.03 1.04 1.05 1.04 1.05 1.06 1.04 1.02 1.02 1.01 1.02 1.04 1.01 1.03 1.02 1.04 1.02 
1.06 1.05 1.04 1.04 1.03 1.03 1.02 1.04 1.01 1.04 1.01 1.02 1.04 1.02 1.06 1.02 1.04 1.01 1.05 1.03 
1.02 1.06 1.02 1.02 1.06 1.04 1.02 1.04 1.06 1.05 1.05 1.01 1.06 1.05 1.04 1.04 1.04 1.02 1.04 1.02 
1.06 1.04 1.02 1.06 1.02 1.04 1.06 1.05 1.02 1.01 1.04 1.04 1.03 1.03 1.05 1.02 1.02 1.01 1.01 1.04 
1.06 1.05 1.02 1.04 1.02 1.01 1.05 1.01 1.04 1.03 1.03 1.02 1.06 1.01 1.03 1.04 1.04 1.05 1.04 1.01 
1.02 1.05 1.04 1.02 1.01 1.01 1.04 1.04 1.05 1.06 1.06 1.02 1.04 1.01 1.03 1.05 1.06 1.03 1.04 1.02 
1.03 1.06 1.04 1.05 1.04 1.03 1.05 1.03 1.05 1.06 1.04 1.04 1.02 1.04 1.05 1.03 1.05 1.02 1.06 1.01 
1.06 1.05 1.01 1.01 1.06 1.01 1.02 1.05 1.06 1.04 1.05 1.02 1.05 1.05 1.01 1.06 1.01 1.06 1.06 1.05 
1.04 1.03 1.04 1.03 1.05 1.04 1.03 1.05 1.02 1.05 1.01 1.03 1.06 1.01 1.02 1.04 1.05 1.01 1.03 1.04 
1.05 1.06 1.06 1.03 1.03 1.01 1.04 1.04 1.03 1.01 1.03 1.06 1.06 1.02 1.01 1.05 1.06 1.01 1.06 1.01 
1.01 1.04 1.03 1.05 1.06 1.01 1.06 1.02 1.02 1.01 1.01 1.05 1.05 1.02 1.06 1.01 1.04 1.06 1.01 1.05 
1.02 1.04 1.06 1.04 1.03 1.05 1.01 1.01 1.02 1.06 1.05 1.06 1.04 1.01 1.02 1.06 1.04 1.05 1.01 1.02 
1.05 1.05 1.02 1.02 1.02 1.06 1.05 1.05 1.02 1.01 1.05 1.02 1.04 1.04 1.03 1.04 1.03 1.02 1.04 1.04 
1.05 1.05 1.03 1.05 1.05 1.01 1.04 1.03 1.03 1.02 1.05 1.05 1.03 1.01 1.02 1.02 1.02 1.05 1.04 1.05 
1.02 1.05 1.02 1.05 1.05 1.06 1.05 1.02 1.03 1.03 1.01 1.06 1.01 1.04 1.06 1.01 1.02 1.06 1.06 1.05 
1.03 1.04 1.05 1.02 1.02 1.05 1.04 1.01 1.02 1.03 1.05 1.02 1.01 1.04 1.02 1.05 1.05 1.04 1.02 1.04 
1.06 1.02 1.02 1.02 1.04 1.03 1.06 1.06 1.01 1.06 1.06 1.03 1.05 1.05 1.06 1.01 1.05 1.06 1.01 1.05 
1.01 1.02 1.04 1.01 1.01 1.06 1.04 1.06 1.04 1.06 1.06 1.06 1.03 1.02 1.02 1.02 1.04 1.06 1.03 1.02 
1.02 1.03 1.02 1.02 1.02 1.01 1.01 1.05 1.03 1.04 1.05 1.05 1.01 1.02 1.06 1.01 1.03 1.05 1.05 1.01 
1.02 1.03 1.02 1.03 1.02 1.03 1.05 1.06 1.05 1.03 1.02 1.04 1.01 1.05 1.04 1.04 1.06 1.03 1.04 1.01 
1.03 1.04 1.06 1.03 1.02 1.04 1.01 1.01 1.02 1.03 1.01 1.03 1.01 1.04 1.04 1.01 1.03 1.04 1.03 1.01 
1.02 1.02 1.03 1.02 1.06 1.05 1.03 1.02 1.02 1.03 1.01 1.04 1.03 1.05 1.01 1.06 1.02 1.02 1.05 1.06 
1.06 1.03 1.04 1.06 1.01 1.05 1.06 1.05 1.04 1.06 1.05 1.06 1.02 1.04 1.02 1.05 1.03 1.04 1.03 1.01 
1.06 1.06 1.02 1.03 1.03 1.05 1.06 1.04 1.06 1.03 1.01 1.03 1.04 1.04 1.03 1.05 1.04 1.03 1.01 1.01 
1.03 1.01 1.01 1.03 1.04 1.05 1.04 1.06 1.03 1.02 1.06 1.02 1.01 1.05 1.03 1.05 1.01 1.04 1.05 1.04 
1.02 1.02 1.06 1.04 1.05 1.06 1.06 1.04 1.06 1.06 1.04 1.04 1.06 1.05 1.01 1.06 1.06 1.03 1.06 1.04 
1.03 1.04 1.05 1.02 1.02 1.02 1.01 1.05 1.05 1.04 1.02 1.04 1.04 1.01 1.03 1.06 1.01 1.04 1.03 1.06 
1.02 1.04 1.01 1.01 1.01 1.03 1.02 1.06 1.03 1.02 1.02 1.04 1.02 1.06 1.05 1.04 1.03 1.06 1.04 1.01 
1.03 1.05 1.02 1.04 1.03 1.04 1.03 1.04 1.05 1.02 1.04 1.05 1.01 1.01 1.06 1.03 1.06 1.06 1.01 1.05 
1.01 1.04 1.04 1.05 1.06 1.04 1.04 1.05 1.03 1.04 1.06 1.06 1.04 1.02 1.04 1.06 1.02 1.03 1.05 1.01 
1.03 1.04 1.02 1.02 1.01 1.01 1.03 1.05 1.05 1.04 1.06 1.04 1.06 1.05 1.03 1.06 1.04 1.02 1.02 1.01 
1.05 1.05 1.03 1.01 1.03 1.05 1.02 1.04 1.05 1.04 1.04 1.02 1.01 1.06 1.01 1.06 1.05 1.04 1.06 1.06 
1.05 1.06 1.03 1.01 1.06 1.05 1.03 1.01 1.04 1.02 1.04 1.05 1.03 1.04 1.04 1.05 1.01 1.02 1.04 1.03 
1.05 1.06 1.05 1.04 1.03 1.06 1.01 1.06 1.04 1.04 1.05 1.05 1.05 1.06 1.04 1.02 1.04 1.04 1.02 1.01 
1.06 1.02 1.04 1.01 1.04 1.03 1.06 1.01 1.02 1.01 1.02 1.04 1.04 1.02 1.01 1.04 1.06 1.05 1.04 1.05 
1.02 1.06 1.02 1.06 1.04 1.04 1.01 1.06 1.02 1.01 1.04 1.05 1.04 1.06 1.04 1.03 1.05 1.03 1.02 1.02 
1.03 1.04 1.01 1.01 1.05 1.06 1.04 1.01 1.06 1.03 1.02 1.05 1.06 1.06 1.04 1.06 1.06 1.04 1.05 1.06 
1.02 1.04 1.04 1.02 1.03 1.01 1.04 1.04 1.04 1.02 1.03 1.01 1.02 1.01 1.03 1.03 1.05 1.01 1.02 1.04 
1.03 1.05 1.06 1.01 1.02 1.05 1.04 1.04 1.05 1.02 1.01 1.06 1.01 1.06 1.01 1.03 1.01 1.03 1.05 1.03 
1.05 1.04 1.02 1.01 1.05 1.02 1.04 1.06 1.02 1.03 1.03 1.03 1.04 1.06 1.01 1.01 1.03 1.04 1.05 1.05 
1.04 1.04 1.05 1.04 1.02 1.04 1.05 1.05 1.02 1.06 1.04 1.04 1.05 1.05 1.06 1.05 1.04 1.03 1.05 1.02 
1.01 1.04 1.06 1.03 1.04 1.04 1.06 1.01 1.02 1.03 1.03 1.06 1.04 1.01 1.03 1.01 1.05 1.04 1.06 1.05 
1.05 1.02 1.03 1.03 1.05 1.05 1.04 1.03 1.06 1.06 1.01 1.01 1.05 1.06 1.05 1.01 1.01 1.05 1.01 1.02 
1.01 1.04 1.06 1.02 1.03 1.03 1.05 1.01 1.03 1.06 1.06 1.05 1.05 1.01 1.02 1.03 1.04 1.02 1.03 1.02 
1.01 1.04 1.06 1.03 1.04 1.03 1.02 1.04 1.02 1.01 1.04 1.01 1.01 1.04 1.05 1.06 1.06 1.03 1.04 1.01 
1.03 1.03 1.06 1.06 1.04 1.01 1.05 1.02 1.05 1.06 1.05 1.03 1.01 1.05 1.02 1.03 1.01 1.03 1.04 1.05 
1.02 1.06 1.02 1.05 1.03 1.02 1.01 1.03 1.06 1.02 1.01 1.02 1.01 1.04 1.04 1.06 1.02 1.04 1.03 1.03 
1.02 1.05 1.04 1.01 1.03 1.02 1.02 1.01 1.03 1.05 1.06 1.03 1.05 1.03 1.01 1.03 1.05 1.02 1.05 1.04 
1.06 1.04 1.03 1.05 1.04 1.05 1.04 1.01 1.02 1.03 1.05 1.01 1.03 1.06 1.05 1.05 1.04 1.06 1.06 1.02 
1.02 1.01 1.02 1.03 1.06 1.03 1.01 1.01 1.05 1.05 1.03 1.01 1.04 1.01 1.03 1.05 1.06 1.03 1.03 1.02 
1.06 1.05 1.04 1.01 1.05 1.01 1.04 1.02 1.02 1.03 1.06 1.01 1.01 1.02 1.02 1.03 1.02 1.06 1.03 1.03 
1.04 1.03 1.05 1.03 1.06 1.01 1.02 1.06 1.06 1.02 1.03 1.02 1.06 1.02 1.05 1.02 1.05 1.06 1.01 1.05 
1.02 1.05 1.04 1.02 1.02 1.03 1.01 1.02 1.03 1.03 1.05 1.05 1.05 1.02 1.03 1.03 1.01 1.02 1.03 1.05 
1.01 1.06 1.01 1.03 1.04 1.03 1.03 1.05 1.01 1.03 1.03 1.02 1.01 1.01 1.03 1.03 1.04 1.04 1.03 1.01 
1.05 1.06 1.02 1.04 1.01 1.02 1.01 1.02 1.02 1.01 1.05 1.02 1.01 1.01 1.06 1.01 1.03 1.04 1.01 1.03 
1.06 1.04 1.04 1.04 1.01 1.03 1.02 1.02 1.04 1.05 1.04 1.03 1.05 1.01 1.04 1.04 1.05 1.01 1.05 1.03 
1.06 1.01 1.03 1.06 1.05 1.03 1.05 1.05 1.04 1.03 1.06 1.01 1.03 1.05 1.01 1.05 1.06 1.04 1.01 1.01 
1.02 1.01 1.01 1.05 1.06 1.06 1.03 1.05 1.01 1.03 1.05 1.06 1.01 1.02 1.05 1.03 1.03 1.06 1.02 1.03 
1.03 1.02 1.03 1.05 1.06 1.06 1.04 1.01 1.05 1.02 1.02 1.05 1.03 1.05 1.06 1.02 1.03 1.01 1.06 1.05 
1.05 1.02 1.03 1.04 1.04 1.05 1.05 1.04 1.02 1.05 1.05 1.06 1.05 1.04 1.02 1.04 1.06 1.02 1.03 1.01 
1.03 1.02 1.05 1.05 1.05 1.01 1.05 1.05 1.04 1.01 1.03 1.06 1.06 1.01 1.03 1.05 1.02 1.06 1.04 1.02 
1.01 1.02 1.04 1.02 1.05 1.03 1.05 1.06 1.02 1.06 1.03 1.06 1.03 1.02 1.01 1.01 1.03 1.02 1.01 1.03 
1.05 1.06 1.01 1.01 1.03 1.04 1.03 1.04 1.05 1.01 1.02 1.02 1.01 1.06 1.05 1.01 1.01 1.02 1.01 1.05 
1.02 1.02 1.04 1.04 1.06 1.06 1.04 1.04 1.02 1.04 1.04 1.05 1.04 1.05 1.04 1.06 1.04 1.06 1.01 1.01 
1.03 1.06 1.01 1.01 1.06 1.02 1.02 1.01 1.04 1.04 1.02 1.05 1.04 1.03 1.01 1.01 1.06 1.02 1.06 1.02 
1.04 1.03 1.03 1.01 1.02 1.03 1.04 1.02 1.04 1.04 1.05 1.05 1.05 1.02 1.02 1.01 1.04 1.06 1.01 1.02 
1.02 1.01 1.06 1.02 1.05 1.05 1.02 1.06 1.01 1.01 1.04 1.03 1.04 1.01 1.04 1.04 1.05 1.02 1.04 1.04 
1.02 1.04 1.06 1.01 1.06 1.03 1.05 1.05 1.05 1.04 1.06 1.03 1.02 1.06 1.06 1.01 1.04 1.04 1.01 1.03 
1.06 1.05 1.03 1.05 1.01 1.02 1.05 1.01 1.01 1.04 1.02 1.05 1.04 1.04 1.03 1.06 1.02 1.02 1.03 1.05 
1.05 1.04 1.05 1.01 1.05 1.06 1.02 1.04 1.04 1.06 1.05 1.03 1.02 1.05 1.03 1.04 1.04 1.02 1.01 1.05 
1.01 1.05 1.06 1.04 1.03 1.01 1.02 1.05 1.04 1.05 1.02 1.05 1.02 1.06 1.01 1.03 1.01 1.06 1.03 1.03 
1.05 1.02 1.04 1.05 1.05 1.06 1.06 1.05 1.01 1.01 1.04 1.05 1.01 1.05 1.05 1.06 1.06 1.02 1.01 1.02 
1.05 1.05 1.02 1.02 1.04 1.05 1.05 1.05 1.01 1.05 1.05 1.06 1.04 1.02 1.04 1.02 1.06 1.06 1.04 1.04 
1.02 1.02 1.06 1.04 1.06 1.04 1.03 1.04 1.05 1.03 1.03 1.04 1.02 1.04 1.06 1.05 1.01 1.01 1.06 1.04 
1.04 1.03 1.04 1.04 1.06 1.05 1.05 1.01 1.06 1.01 1.04 1.04 1.06 1.03 1.04 1.03 1.05 1.04 1.04 1.05 
1.05 1.03 1.02 1.05 1.05 1.04 1.06 1.02 1.05 1.01 1.02 1.05 1.02 1.05 1.05 1.04 1.05 1.06 1.02 1.03 
1.01 1.05 1.03 1.06 1.04 1.05 1.06 1.02 1.04 1.02 1.03 1.01 1.01 1.04 1.04 1.01 1.06 1.03 1.06 1.03 
1.03 1.05 1.03 1.01 1.05 1.03 1.06 1.01 1.04 1.01 1.04 1.05 1.06 1.06 1.02 1.04 1.02 1.05 1.02 1.02 
1.02 1.06 1.04 1.05 1.01 1.04 1.01 1.01 1.06 1.03 1.05 1.01 1.04 1.02 1.02 1.05 1.02 1.05 1.03 1.02 
1.03 1.06 1.01 1.01 1.02 1.06 1.04 1.04 1.03 1.01 1.03 1.04 1.06 1.02 1.02 1.05 1.01 1.03 1.04 1.06 
1.06 1.03 1.04 1.04 1.02 1.02 1.05 1.01 1.02 1.01 1.05 1.01 1.03 1.03 1.05 1.04 1.01 1.05 1.06 1.04 
1.02 1.03 1.03 1.03 1.03 1.06 1.01 1.03 1.04 1.05 1.06 1.05 1.05 1.01 1.06 1.01 1.06 1.01 1.06 1.06 
1.02 1.03 1.06 1.06 1.01 1.04 1.04 1.02 1.06 1.06 1.01 1.06 1.05 1.05 1.01 1.04 1.01 1.04 1.01 1.06 
1.05 1.06 1.03 1.03 1.03 1.04 1.04 1.04 1.01 1.06 1.06 1.02 1.05 1.05 1.04 1.06 1.05 1.05 1.01 1.02 
1.04 1.05 1.06 1.03 1.03 1.05 1.02 1.04 1.04 1.06 1.05 1.05 1.01 1.06 1.01 1.06 1.05 1.02 1.01 1.05 
1.03 1.05 1.06 1.04 1.05 1.05 1.06 1.01 1.03 1.02 1.03 1.02 1.01 1.04 1.06 1.06 1.05 1.04 1.01 1.06 
1.05 1.02 1.05 1.02 1.06 1.02 1.02 1.02 1.01 1.04 1.04 1.03 1.03 1.01 1.04 1.06 1.06 1.03 1.04 1.02 
1.06 1.02 1.04 1.06 1.01 1.01 1.05 1.01 1.05 1.02 1.04 1.04 1.01 1.03 1.05 1.03 1.06 1.06 1.05 1.05 
1.04 1.02 1.04 1.03 1.05 1.05 1.02 1.03 1.01 1.02 1.05 1.04 1.04 1.05 1.04 1.02 1.01 1.04 1.01 1.03 
1.05 1.05 1.05 1.01 1.03 1.03 1.04 1.03 1.05 1.01 1.04 1.02 1.05 1.05 1.06 1.03 1.04 1.05 1.02 1.04 
1.03 1.06 1.01 1.04 1.01 1.01 1.01 1.03 1.02 1.01 1.02 1.06 1.02 1.03 1.02 1.03 1.05 1.05 1.01 1.02 
1.01 1.04 1.05 1.05 1.02 1.01 1.06 1.01 1.05 1.04 1.06 1.01 1.06 1.04 1.06 1.01 1.05 1.02 1.02 1.05 
1.01 1.02 1.03 1.02 1.03 1.04 1.06 1.03 1.05 1.04 1.03 1.01 1.04 1.05 1.05 1.06 1.06 1.05 1.04 1.02 
1.04 1.03 1.05 1.02 1.05 1.01 1.03 1.03 1.05 1.06 1.03 1.03 1.01 1.06 1.05 1.01 1.03 1.02 1.02 1.01 
1.05 1.04 1.03 1.01 1.06 1.06 1.05 1.05 1.01 1.01 1.06 1.02 1.04 1.03 1.04 1.02 1.01 1.01 1.04 1.01 
1.03 1.03 1.02 1.06 1.06 1.05 1.04 1.01 1.05 1.01 1.03 1.02 1.05 1.03 1.02 1.03 1.01 1.06 1.03 1.03 
1.02 1.06 1.05 1.04 1.04 1.05 1.03 1.01 1.06 1.04 1.06 1.05 1.06 1.03 1.06 1.04 1.02 1.06 1.06 1.01 
1.05 1.05 1.05 1.05 1.03 1.06 1.01 1.02 1.01 1.04 1.03 1.06 1.02 1.04 1.04 1.01 1.04 1.05 1.02 1.02 
1.05 1.03 1.05 1.04 1.03 1.02 1.02 1.05 1.02 1.04 1.05 1.01 1.05 1.04 1.01 1.02 1.06 1.02 1.01 1.01 
1.06 1.04 1.04 1.01 1.01 1.04 1.04 1.02 1.05 1.06 1.02 1.02 1.01 1.02 1.03 1.04 1.01 1.05 1.02 1.06 
1.05 1.03 1.02 1.06 1.02 1.01 1.05 1.06 1.05 1.03 1.01 1.05 1.04 1.05 1.02 1.02 1.02 1.01 1.06 1.04 
1.04 1.02 1.05 1.02 1.02 1.06 1.03 1.06 1.02 1.02 1.06 1.06 1.03 1.01 1.06 1.01 1.03 1.06 1.05 1.03 
1.05 1.04 1.03 1.02 1.03 1.01 1.01 1.04 1.04 1.04 1.03 1.06 1.05 1.03 1.05 1.03 1.03 1.01 1.05 1.01 
1.06 1.03 1.06 1.01 1.03 1.04 1.04 1.04 1.04 1.02 1.06 1.02 1.06 1.05 1.01 1.05 1.06 1.04 1.05 1.04 
1.03 1.04 1.04 1.01 1.02 1.03 1.01 1.04 1.02 1.04 1.01 1.04 1.03 1.06 1.04 1.03 1.05 1.02 1.01 1.03 
1.06 1.04 1.06 1.05 1.05 1.02 1.01 1.03 1.02 1.06 1.03 1.05 1.02 1.01 1.06 1.05 1.06 1.02 1.03 1.02 
1.06 1.03 1.02 1.06 1.05 1.05 1.04 1.03 1.06 1.04 1.06 1.02 1.02 1.03 1.05 1.03 1.02 1.03 1.02 1.03 
1.03 1.01 1.02 1.06 1.06 1.02 1.04 1.01 1.02 1.04 1.01 1.02 1.02 1.02 1.01 1.01 1.02 1.02 1.02 1.05 
1.03 1.06 1.04 1.05 1.06 1.06 1.05 1.01 1.04 1.06 1.05 1.02 1.03 1.03 1.02 1.04 1.01 1.01 1.02 1.06 
1.05 1.05 1.02 1.06 1.06 1.01 1.05 1.02 1.04 1.05 1.04 1.02 1.04 1.06 1.04 1.03 1.01 1.03 1.01 1.02 
1.04 1.05 1.04 1.03 1.02 1.04 1.03 1.04 1.06 1.04 1.04 1.05 1.05 1.03 1.06 1.01 1.01 1.06 1.02 1.04 
1.01 1.05 1.02 1.03 1.04 1.02 1.05 1.03 1.04 1.03 1.04 1.03 1.02 1.04 1.01 1.05 1.01 1.01 1.05 1.04 
1.03 1.01 1.01 1.05 1.02 1.02 1.04 1.04 1.05 1.04 1.04 1.06 1.01 1.06 1.06 1.03 1.02 1.02 1.05 1.05 
1.05 1.04 1.02 1.04 1.01 1.06 1.04 1.03 1.04 1.02 1.03 1.01 1.05 1.04 1.03 1.05 1.04 1.03 1.02 1.06 
1.01 1.01 1.03 1.03 1.01 1.05 1.03 1.05 1.03 1.02 1.06 1.06 1.02 1.03 1.05 1.04 1.05 1.01 1.06 1.04 
1.03 1.05 1.03 1.06 1.05 1.01 1.06 1.06 1.04 1.06 1.04 1.02 1.06 1.06 1.03 1.06 1.04 1.06 1.02 1.05 
1.03 1.04 1.06 1.06 1.06 1.06 1.05 1.03 1.03 1.04 1.01 1.06 1.05 1.04 1.05 1.04 1.01 1.02 1.03 1.06 
1.02 1.03 1.05 1.05 1.03 1.06 1.03 1.06 1.01 1.04 1.03 1.02 1.04 1.04 1.06 1.03 1.06 1.04 1.01 1.04 
1.06 1.02 1.01 1.02 1.03 1.01 1.06 1.02 1.04 1.01 1.02 1.02 1.02 1.04 1.01 1.04 1.04 1.05 1.06 1.06 
1.06 1.01 1.04 1.06 1.03 1.04 1.05 1.01 1.05 1.01 1.04 1.05 1.06 1.01 1.03 1.03 1.05 1.04 1.03 1.05 
1.04 1.06 1.06 1.02 1.04 1.03 1.05 1.01 1.05 1.05 1.05 1.05 1.03 1.06 1.04 1.03 1.01 1.05 1.01 1.02 
1.06 1.06 1.05 1.01 1.04 1.05 1.06 1.06 1.06 1.03 1.02 1.02 1.02 1.02 1.01 1.02 1.03 1.05 1.03 1.01 
1.05 1.06 1.01 1.05 1.03 1.05 1.03 1.04 1.02 1.01 1.06 1.05 1.01 1.03 1.03 1.05 1.03 1.05 1.04 1.04 
1.03 1.04 1.01 1.06 1.01 1.03 1.01 1.05 1.03 1.03 1.05 1.04 1.03 1.02 1.04 1.05 1.05 1.03 1.05 1.06 
1.01 1.03 1.02 1.06 1.02 1.05 1.03 1.05 1.05 1.04 1.03 1.05 1.04 1.03 1.05 1.04 1.01 1.05 1.01 1.04 
1.06 1.03 1.04 1.03 1.04 1.06 1.06 1.02 1.02 1.02 1.03 1.02 1.01 1.06 1.04 1.03 1.02 1.02 1.06 1.04 
1.01 1.06 1.01 1.06 1.03 1.05 1.02 1.04 1.03 1.06 1.05 1.03 1.06 1.04 1.02 1.02 1.04 1.06 1.05 1.01 
1.04 1.01 1.01 1.01 1.06 1.04 1.03 1.04 1.04 1.03 1.01 1.02 1.02 1.02 1.03 1.01 1.01 1.02 1.04 1.05 
1.04 1.04 1.03 1.06 1.04 1.02 1.01 1.03 1.06 1.02 1.04 1.01 1.05 1.04 1.05 1.03 1.01 1.03 1.04 1.06 
1.02 1.06 1.01 1.04 1.06 1.02 1.02 1.03 1.03 1.02 1.03 1.06 1.04 1.03 1.06 1.04 1.05 1.01 1.02 1.06 
1.05 1.06 1.02 1.03 1.03 1.01 1.06 1.06 1.05 1.06 1.02 1.06 1.05 1.03 1.02 1.06 1.05 1.06 1.03 1.04 
1.06 1.03 1.04 1.02 1.06 1.01 1.01 1.04 1.06 1.05 1.05 1.02 1.01 1.04 1.01 1.06 1.04 1.02 1.02 1.01 
1.02 1.05 1.06 1.03 1.06 1.02 1.04 1.01 1.04 1.06 1.03 1.01 1.05 1.01 1.06 1.06 1.03 1.01 1.01 1.06 
1.05 1.04 1.04 1.05 1.06 1.04 1.05 1.02 1.06 1.03 1.06 1.06 1.03 1.03 1.03 1.06 1.03 1.01 1.04 1.04 
1.06 1.06 1.06 1.01 1.04 1.04 1.01 1.04 1.03 1.03 1.01 1.05 1.06 1.02 1.06 1.03 1.03 1.04 1.05 1.06 
1.06 1.03 1.06 1.04 1.03 1.02 1.06 1.03 1.01 1.03 1.02 1.04 1.04 1.02 1.02 1.05 1.01 1.01 1.03 1.05 
1.05 1.03 1.02 1.04 1.02 1.01 1.05 1.06 1.03 1.06 1.03 1.04 1.03 1.05 1.04 1.04 1.04 1.03 1.06 1.06 
1.01 1.03 1.04 1.06 1.04 1.06 1.03 1.02 1.03 1.02 1.06 1.05 1.01 1.03 1.01 1.06 1.04 1.02 1.04 1.05 
1.05 1.04 1.05 1.06 1.04 1.01 1.01 1.05 1.06 1.02 1.01 1.02 1.05 1.03 1.05 1.06 1.05 1.01 1.03 1.06 
1.01 1.06 1.05 1.03 1.04 1.03 1.05 1.06 1.06 1.01 1.03 1.03 1.03 1.02 1.01 1.05 1.05 1.04 1.01 1.06 
1.06 1.03 1.05 1.05 1.05 1.06 1.03 1.03 1.02 1.05 1.05 1.04 1.01 1.06 1.03 1.05 1.01 1.01 1.01 1.04 
1.03 1.04 1.06 1.05 1.05 1.03 1.06 1.06 1.01 1.06 1.04 1.03 1.05 1.06 1.02 1.04 1.02 1.06 1.05 1.03 
