20
300
87 32 79 63 85 82 23 74 91 42 75 58 38 36 28 15 69 20 29 40 86 24 67 43 86 99 49 50 94 36 47 56 30 46 1 28 40 85 46 90 68 5 41 60 50 13 81 63 9 39 100 22 55 58 69 89 17 36 38 14 89 97 83 76 28 67 85 37 69 99 41 26 91 21 56 80 54 60 19 65 76 20 87 23 81 47 27 68 78 45 69 51 18 59 93 79 11 47 43 13 87 98 16 22 68 62 36 25 76 85 47 90 84 44 32 96 97 89 9 72 13 11 40 82 76 4 25 72 46 98 25 5 74 5 94 27 19 28 69 64 42 76 60 81 61 28 56 53 26 63 34 68 15 55 56 87 48 59 82 35 50 36 13 52 70 87 93 93 41 55 74 88 3 69 72 91 41 83 7 93 92 96 39 29 19 23 92 69 52 72 58 26 13 5 61 51 44 2 7 47 41 7 12 78 72 84 81 12 42 88 76 8 76 34 20 39 73 37 58 89 63 35 59 70 10 17 27 57 60 81 25 25 8 52 11 42 87 57 8 43 24 21 21 83 89 4 53 17 2 40 100 62 22 25 82 74 54 84 35 47 40 12 50 5 36 86 3 39 23 4 93 56 57 25 4 90 3 46 38 59 77 48 4 33 59 100 11 12 75 47 19 89 6 59 76 33 71 73 23 94 
1 1 2 1 1 1 3 3 2 2 2 1 1 3 1 2 3 2 1 3 
1.04 1.04 1.06 1.06 1.03 1.04 1.05 1.03 1.03 1.06 1.03 1.06 1.01 1.02 1.03 1.03 1.03 1.05 1.01 1.04 
1.01 1.02 1.05 1.04 1.05 1.02 1.04 1.04 1.03 1.04 1.02 1.01 1.03 1.02 1.03 1.01 1.02 1.05 1.05 1.06 
1.03 1.01 1.01 1.06 1.04 1.04 1.05 1.03 1.06 1.04 1.06 1.04 1.05 1.02 1.01 1.02 1.01 1.03 1.02 1.05 
1.06 1.06 1.02 1.03 1.03 1.02 1.03 1.03 1.01 1.06 1.06 1.05 1.03 1.04 1.06 1.01 1.02 1.03 1.05 1.05 
1.03 1.02 1.03 1.05 1.01 1.02 1.01 1.05 1.05 1.05 1.02 1.05 1.01 1.01 1.01 1.05 1.05 1.04 1.04 1.01 
1.02 1.01 1.04 1.01 1.01 1.03 1.04 1.04 1.02 1.05 1.03 1.05 1.02 1.01 1.04 1.02 1.03 1.01 1.02 1.06 
1.04 1.06 1.04 1.05 1.02 1.01 1.02 1.04 1.05 1.06 1.05 1.04 1.05 1.01 1.05 1.02 1.06 1.04 1.01 1.03 
1.01 1.02 1.01 1.04 1.03 1.01 1.04 1.06 1.02 1.05 1.06 1.04 1.05 1.03 1.04 1.04 1.05 1.04 1.04 1.01 
1.04 1.05 1.06 1.05 1.03 1.04 1.03 1.03 1.02 1.06 1.02 1.05 1.05 1.04 1.03 1.06 1.03 1.03 1.03 1.01 
1.01 1.03 1.05 1.01 1.06 1.04 1.03 1.01 1.04 1.06 1.06 1.05 1.05 1.02 1.03 1.02 1.04 1.02 1.04 1.05 
1.04 1.02 1.04 1.06 1.05 1.04 1.02 1.02 1.05 1.05 1.05 1.01 1.06 1.02 1.06 1.04 1.01 1.02 1.02 1.01 
1.05 1.06 1.01 1.01 1.04 1.05 1.04 1.04 1.04 1.05 1.02 1.05 1.05 1.02 1.02 1.04 1.04 1.01 1.05 1.06 
1.02 1.04 1.06 1.03 1.06 1.04 1.03 1.01 1.05 1.03 1.01 1.04 1.02 1.05 1.04 1.02 1.05 1.03 1.06 1.01 
1.06 1.01 1.04 1.04 1.05 1.05 1.03 1.04 1.02 1.03 1.01 1.02 1.06 1.01 1.03 1.02 1.01 1.05 1.04 1.03 
1.01 1.02 1.02 1.06 1.05 1.05 1.03 1.04 1.01 1.06 1.04 1.04 1.01 1.04 1.01 1.02 1.05 1.03 1.04 1.01 
1.03 1.01 1.05 1.03 1.05 1.02 1.05 1.06 1.04 1.01 1.01 1.04 1.05 1.05 1.04 1.04 1.03 1.05 1.02 1.06 
1.05 1.04 1.05 1.03 1.03 1.06 1.05 1.02 1.06 1.04 1.02 1.03 1.02 1.03 1.02 1.02 1.01 1.01 1.06 1.01 
1.05 1.04 1.01 1.05 1.04 1.06 1.01 1.06 1.05 1.05 1.01 1.01 1.04 1.05 1.04 1.01 1.06 1.06 1.06 1.02 
1.03 1.02 1.04 1.02 1.02 1.01 1.05 1.01 1.06 1.04 1.02 1.06 1.01 1.01 1.05 1.03 1.03 1.01 1.01 1.01 
1.06 1.01 1.05 1.04 1.05 1.03 1.02 1.01 1.03 1.05 1.03 1.03 1.02 1.03 1.03 1.01 1.04 1.03 1.05 1.06 
1.06 1.01 1.01 1.03 1.03 1.04 1.01 1.02 1.04 1.06 1.04 1.06 1.02 1.05 1.05 1.06 1.06 1.02 1.01 1.01 
1.04 1.03 1.06 1.01 1.05 1.03 1.01 1.02 1.01 1.03 1.05 1.04 1.05 1.04 1.06 1.03 1.05 1.01 1.03 1.05 
1.06 1.06 1.05 1.02 1.01 1.03 1.01 1.04 1.05 1.06 1.01 1.02 1.05 1.01 1.05 1.03 1.01 1.06 1.02 1.02 
1.05 1.03 1.01 1.05 1.03 1.05 1.06 1.01 1.02 1.06 1.01 1.04 1.06 1.02 1.05 1.04 1.04 1.06 1.03 1.03 
1.03 1.06 1.04 1.02 1.04 1.03 1.04 1.02 1.05 1.03 1.04 1.01 1.04 1.02 1.05 1.02 1.06 1.01 1.03 1.06 
1.05 1.05 1.04 1.06 1.02 1.02 1.04 1.04 1.06 1.02 1.03 1.06 1.01 1.02 1.01 1.02 1.02 1.05 1.04 1.01 
1.03 1.02 1.06 1.01 1.03 1.04 1.02 1.06 1.05 1.04 1.01 1.03 1.03 1.02 1.04 1.05 1.06 1.03 1.02 1.03 
1.01 1.04 1.04 1.06 1.03 1.01 1.06 1.02 1.04 1.05 1.04 1.03 1.04 1.02 1.01 1.06 1.05 1.02 1.02 1.02 
1.01 1.06 1.04 1.04 1.02 1.05 1.01 1.04 1.05 1.05 1.03 1.02 1.04 1.01 1.02 1.05 1.04 1.02 1.05 1.01 
1.04 1.05 1.06 1.04 1.03 1.04 1.05 1.06 1.06 1.05 1.01 1.05 1.01 1.01 1.03 1.04 1.04 1.04 1.02 1.06 
1.01 1.06 1.04 1.06 1.04 1.03 1.05 1.04 1.05 1.05 1.01 1.06 1.06 1.06 1.02 1.05 1.06 1.01 1.06 1.04 
1.01 1.05 1.02 1.05 1.01 1.01 1.04 1.01 1.04 1.01 1.04 1.06 1.06 1.06 1.06 1.03 1.04 1.04 1.02 1.04 
1.04 1.06 1.03 1.01 1.02 1.04 1.06 1.01 1.04 1.04 1.02 1.05 1.03 1.02 1.01 1.03 1.05 1.02 1.05 1.01 
1.05 1.03 1.01 1.01 1.04 1.03 1.03 1.01 1.02 1.02 1.02 1.06 1.04 1.04 1.01 1.06 1.01 1.04 1.05 1.01 
1.04 1.01 1.06 1.06 1.04 1.02 1.06 1.03 1.02 1.04 1.01 1.03 1.01 1.04 1.05 1.05 1.02 1.06 1.01 1.04 
1.04 1.01 1.03 1.03 1.06 1.02 1.05 1.04 1.05 1.03 1.02 1.05 1.02 1.05 1.04 1.03 1.05 1.03 1.02 1.06 
1.05 1.03 1.05 1.06 1.03 1.03 1.01 1.01 1.02 1.05 1.02 1.04 1.01 1.06 1.03 1.02 1.04 1.06 1.02 1.01 
1.06 1.01 1.01 1.05 1.01 1.03 1.06 1.01 1.03 1.02 1.04 1.06 1.02 1.02 1.05 1.03 1.02 1.05 1.03 1.03 
1.05 1.03 1.04 1.02 1.06 1.04 1.06 1.02 1.05 1.05 1.04 1.02 1.03 1.06 1.04 1.01 1.02 1.03 1.03 1.01 
1.02 1.01 1.02 1.04 1.06 1.05 1.01 1.03 1.04 1.05 1.03 1.06 1.02 1.03 1.06 1.01 1.02 1.01 1.06 1.01 
1.02 1.01 1.01 1.02 1.06 1.06 1.03 1.05 1.03 1.06 1.06 1.04 1.03 1.03 1.02 1.03 1.06 1.02 1.05 1.06 
1.04 1.02 1.05 1.04 1.01 1.03 1.01 1.05 1.01 1.02 1.05 1.04 1.05 1.02 1.05 1.02 1.02 1.01 1.03 1.06 
1.04 1.02 1.05 1.05 1.02 1.06 1.02 1.05 1.06 1.05 1.03 1.04 1.03 1.06 1.06 1.06 1.03 1.06 1.01 1.03 
1.04 1.05 1.05 1.04 1.02 1.04 1.05 1.05 1.04 1.06 1.04 1.04 1.06 1.05 1.06 1.06 1.06 1.03 1.03 1.05 
1.01 1.02 1.01 1.04 1.05 1.02 1.05 1.05 1.05 1.01 1.02 1.01 1.03 1.02 1.02 1.02 1.02 1.03 1.02 1.02 
1.02 1.05 1.06 1.06 1.06 1.05 1.02 1.06 1.02 1.04 1.03 1.03 1.04 1.05 1.05 1.04 1.01 1.01 1.04 1.01 
1.03 1.03 1.01 1.05 1.04 1.05 1.02 1.05 1.06 1.05 1.02 1.04 1.05 1.05 1.02 1.04 1.01 1.04 1.05 1.05 
1.02 1.06 1.06 1.04 1.05 1.06 1.01 1.03 1.04 1.01 1.05 1.06 1.02 1.05 1.02 1.05 1.05 1.02 1.03 1.04 
1.01 1.06 1.03 1.04 1.02 1.04 1.04 1.06 1.02 1.05 1.05 1.04 1.05 1.01 1.03 1.06 1.01 1.06 1.03 1.04 
1.02 1.05 1.04 1.01 1.05 1.01 1.01 1.05 1.03 1.06 1.04 1.02 1.05 1.03 1.01 1.04 1.02 1.03 1.01 1.02 
1.01 1.04 1.02 1.01 1.05 1.06 1.02 1.02 1.01 1.05 1.01 1.04 1.05 1.05 1.02 1.04 1.06 1.02 1.05 1.04 
1.02 1.03 1.04 1.01 1.04 1.04 1.03 1.03 1.01 1.06 1.02 1.04 1.04 1.04 1.05 1.05 1.05 1.03 1.06 1.03 
1.03 1.04 1.02 1.04 1.06 1.05 1.05 1.02 1.06 1.06 1.04 1.04 1.02 1.04 1.01 1.06 1.02 1.06 1.03 1.03 
1.05 1.03 1.04 1.01 1.06 1.06 1.03 1.05 1.02 1.01 1.01 1.04 1.02 1.03 1.01 1.04 1.04 1.05 1.05 1.04 
1.05 1.03 1.01 1.02 1.04 1.02 1.01 1.03 1.05 1.06 1.03 1.02 1.03 1.03 1.03 1.06 1.06 1.04 1.02 1.06 
1.02 1.06 1.03 1.02 1.06 1.03 1.06 1.01 1.02 1.06 1.01 1.01 1.06 1.03 1.02 1.01 1.03 1.01 1.05 1.05 
1.01 1.04 1.02 1.05 1.02 1.02 1.03 1.04 1.04 1.06 1.02 1.05 1.04 1.06 1.01 1.02 1.04 1.04 1.03 1.01 
1.06 1.04 1.04 1.04 1.02 1.06 1.05 1.05 1.05 1.03 1.01 1.02 1.06 1.02 1.05 1.03 1.05 1.05 1.02 1.05 
1.03 1.04 1.01 1.06 1.05 1.01 1.05 1.01 1.01 1.03 1.01 1.01 1.04 1.02 1.04 1.02 1.05 1.02 1.05 1.02 
1.01 1.02 1.01 1.03 1.04 1.01 1.06 1.02 1.04 1.04 1.03 1.02 1.02 1.06 1.02 1.06 1.01 1.03 1.02 1.01 
1.01 1.02 1.04 1.05 1.06 1.05 1.05 1.06 1.02 1.01 1.06 1.02 1.02 1.06 1.04 1.01 1.05 1.02 1.03 1.04 
1.01 1.02 1.01 1.06 1.01 1.01 1.03 1.02 1.01 1.04 1.02 1.01 1.03 1.02 1.06 1.02 1.06 1.05 1.02 1.04 
1.03 1.02 1.02 1.05 1.04 1.04 1.02 1.04 1.02 1.03 1.03 1.06 1.02 1.01 1.05 1.02 1.06 1.01 1.02 1.05 
1.04 1.06 1.05 1.06 1.03 1.05 1.06 1.03 1.04 1.02 1.05 1.03 1.01 1.03 1.04 1.06 1.02 1.05 1.05 1.03 
1.06 1.05 1.02 1.06 1.01 1.03 1.03 1.03 1.02 1.03 1.04 1.02 1.02 1.06 1.04 1.03 1.06 1.06 1.04 1.04 
1.02 1.02 1.06 1.01 1.01 1.03 1.03 1.05 1.01 1.01 1.06 1.04 1.06 1.04 1.06 1.01 1.02 1.02 1.02 1.01 
1.04 1.05 1.06 1.06 1.02 1.06 1.05 1.05 1.05 1.01 1.06 1.06 1.02 1.05 1.05 1.04 1.01 1.03 1.04 1.01 
1.03 1.05 1.03 1.06 1.06 1.04 1.03 1.04 1.03 1.02 1.04 1.01 1.03 1.02 1.06 1.02 1.03 1.02 1.02 1.01 
1.02 1.06 1.05 1.05 1.02 1.02 1.01 1.03 1.02 1.03 1.05 1.06 1.04 1.03 1.01 1.05 1.05 1.01 1.04 1.06 
1.06 1.06 1.05 1.03 1.06 1.02 1.06 1.05 1.01 1.06 1.04 1.04 1.02 1.01 1.05 1.02 1.02 1.06 1.01 1.05 
1.03 1.03 1.02 1.04 1.03 1.05 1.04 1.02 1.05 1.01 1.06 1.04 1.03 1.06 1.06 1.06 1.01 1.02 1.04 1.04 
1.06 1.04 1.01 1.06 1.06 1.04 1.05 1.03 1.04 1.03 1.03 1.02 1.02 1.02 1.01 1.02 1.03 1.05 1.06 1.06 
1.02 1.06 1.01 1.01 1.01 1.06 1.03 1.04 1.02 1.06 1.05 1.01 1.03 1.06 1.03 1.06 1.04 1.03 1.05 1.01 
1.04 1.06 1.05 1.02 1.06 1.03 1.02 1.05 1.03 1.01 1.06 1.06 1.02 1.04 1.03 1.02 1.05 1.03 1.04 1.06 
1.02 1.03 1.04 1.03 1.03 1.02 1.05 1.01 1.01 1.02 1.01 1.03 1.05 1.05 1.05 1.06 1.04 1.04 1.02 1.03 
1.01 1.03 1.02 1.03 1.02 1.02 1.06 1.05 1.04 1.01 1.03 1.05 1.06 1.05 1.02 1.01 1.03 1.04 1.06 1.04 
1.04 1.06 1.04 1.04 1.02 1.04 1.02 1.02 1.02 1.04 1.05 1.02 1.05 1.06 1.05 1.03 1.02 1.02 1.05 1.03 
1.06 1.05 1.05 1.02 1.03 1.01 1.02 1.06 1.03 1.05 1.02 1.05 1.01 1.05 1.02 1.05 1.06 1.03 1.02 1.01 
1.05 1.01 1.05 1.01 1.05 1.04 1.01 1.05 1.04 1.06 1.05 1.05 1.01 1.06 1.05 1.06 1.01 1.03 1.06 1.03 
1.03 1.05 1.01 1.04 1.04 1.01 1.03 1.05 1.03 1.06 1.05 1.06 1.03 1.05 1.04 1.06 1.04 1.05 1.06 1.05 
1.03 1.02 1.01 1.04 1.04 1.06 1.03 1.01 1.06 1.01 1.02 1.05 1.05 1.03 1.01 1.05 1.02 1.04 1.04 1.04 
1.05 1.05 1.06 1.02 1.01 1.06 1.03 1.06 1.04 1.01 1.03 1.03 1.06 1.04 1.02 1.05 1.02 1.04 1.05 1.04 
1.06 1.01 1.06 1.01 1.03 1.02 1.06 1.04 1.04 1.02 1.06 1.01 1.03 1.05 1.06 1.04 1.02 1.04 1.04 1.04 
1.05 1.01 1.04 1.04 1.01 1.04 1.05 1.05 1.02 1.02 1.03 1.01 1.01 1.03 1.02 1.05 1.05 1.03 1.06 1.02 
1.03 1.03 1.04 1.06 1.06 1.06 1.05 1.05 1.02 1.01 1.05 1.05 1.06 1.04 1.01 1.03 1.05 1.04 1.03 1.05 
1.04 1.05 1.02 1.06 1.01 1.05 1.01 1.06 1.03 1.01 1.05 1.03 1.06 1.01 1.05 1.05 1.04 1.01 1.01 1.04 
1.06 1.03 1.03 1.04 1.05 1.01 1.04 1.03 1.05 1.01 1.03 1.03 1.06 1.03 1.05 1.04 1.01 1.01 1.04 1.02 
1.03 1.02 1.05 1.02 1.03 1.05 1.04 1.03 1.04 1.01 1.03 1.02 1.04 1.04 1.03 1.04 1.03 1.03 1.06 1.01 
1.05 1.04 1.04 1.06 1.02 1.02 1.04 1.04 1.06 1.02 1.06 1.06 1.01 1.01 1.06 1.06 1.04 1.05 1.02 1.05 
1.05 1.04 1.05 1.01 1.05 1.03 1.05 1.04 1.05 1.04 1.06 1.05 1.03 1.01 1.06 1.04 1.06 1.04 1.01 1.06 
1.03 1.02 1.01 1.02 1.04 1.03 1.06 1.04 1.02 1.06 1.02 1.04 1.05 1.04 1.03 1.04 1.02 1.06 1.03 1.06 
1.05 1.03 1.02 1.03 1.04 1.01 1.05 1.04 1.06 1.03 1.06 1.04 1.04 1.03 1.01 1.04 1.05 1.02 1.06 1.05 
1.06 1.01 1.01 1.05 1.01 1.03 1.05 1.04 1.02 1.05 1.06 1.05 1.02 1.02 1.02 1.05 1.05 1.06 1.02 1.02 
1.04 1.01 1.06 1.03 1.02 1.01 1.03 1.02 1.01 1.01 1.03 1.06 1.04 1.02 1.01 1.06 1.04 1.01 1.04 1.04 
1.01 1.06 1.02 1.01 1.03 1.05 1.05 1.06 1.01 1.04 1.03 1.06 1.04 1.04 1.01 1.01 1.01 1.04 1.06 1.03 
1.04 1.04 1.01 1.04 1.03 1.01 1.06 1.04 1.02 1.05 1.03 1.01 1.03 1.05 1.01 1.02 1.05 1.02 1.01 1.04 
1.05 1.05 1.02 1.04 1.02 1.03 1.01 1.01 1.06 1.02 1.03 1.05 1.02 1.03 1.02 1.05 1.02 1.06 1.04 1.02 
1.02 1.01 1.06 1.02 1.03 1.02 1.05 1.01 1.02 1.03 1.06 1.05 1.01 1.01 1.06 1.01 1.05 1.04 1.03 1.01 
1.02 1.01 1.04 1.06 1.06 1.06 1.05 1.04 1.01 1.03 1.06 1.05 1.06 1.01 1.05 1.06 1.04 1.05 1.05 1.01 
1.04 1.04 1.01 1.01 1.03 1.03 1.03 1.03 1.02 1.03 1.05 1.01 1.05 1.01 1.03 1.04 1.05 1.04 1.04 1.05 
1.05 1.03 1.01 1.06 1.01 1.01 1.02 1.05 1.05 1.03 1.02 1.04 1.04 1.01 1.04 1.01 1.06 1.05 1.03 1.06 
1.06 1.04 1.06 1.02 1.04 1.03 1.04 1.04 1.04 1.03 1.05 1.01 1.02 1.04 1.01 1.02 1.02 1.01 1.04 1.02 
1.06 1.04 1.04 1.04 1.03 1.01 1.03 1.05 1.03 1.06 1.01 1.05 1.05 1.01 1.01 1.05 1.01 1.03 1.05 1.03 
1.01 1.04 1.06 1.02 1.01 1.01 1.04 1.06 1.05 1.03 1.05 1.02 1.04 1.05 1.05 1.04 1.04 1.04 1.03 1.02 
1.06 1.05 1.06 1.04 1.03 1.02 1.01 1.06 1.05 1.02 1.02 1.02 1.06 1.03 1.04 1.02 1.05 1.06 1.06 1.01 
1.03 1.05 1.03 1.06 1.02 1.04 1.03 1.04 1.05 1.01 1.03 1.06 1.06 1.04 1.04 1.04 1.05 1.03 1.04 1.05 
1.03 1.05 1.01 1.02 1.01 1.01 1.04 1.01 1.06 1.06 1.05 1.02 1.01 1.05 1.03 1.03 1.02 1.06 1.05 1.01 
1.02 1.01 1.04 1.04 1.06 1.03 1.03 1.02 1.04 1.04 1.02 1.01 1.01 1.04 1.05 1.03 1.03 1.06 1.02 1.04 
1.01 1.01 1.04 1.05 1.01 1.05 1.02 1.02 1.04 1.06 1.02 1.06 1.05 1.02 1.02 1.03 1.06 1.02 1.01 1.02 
1.03 1.03 1.01 1.02 1.06 1.01 1.03 1.03 1.01 1.06 1.06 1.03 1.03 1.02 1.06 1.01 1.05 1.06 1.06 1.02 
1.05 1.04 1.06 1.06 1.02 1.06 1.05 1.04 1.05 1.03 1.02 1.02 1.04 1.01 1.04 1.03 1.03 1.03 1.01 1.01 
1.04 1.06 1.02 1.02 1.02 1.03 1.01 1.03 1.01 1.04 1.05 1.02 1.06 1.03 1.05 1.02 1.01 1.02 1.05 1.02 
1.06 1.01 1.03 1.05 1.03 1.06 1.02 1.05 1.06 1.05 1.01 1.03 1.05 1.01 1.05 1.01 1.06 1.03 1.01 1.06 
1.03 1.04 1.04 1.03 1.03 1.01 1.05 1.05 1.01 1.01 1.02 1.02 1.05 1.01 1.05 1.01 1.02 1.02 1.02 1.01 
1.02 1.05 1.04 1.04 1.02 1.05 1.03 1.03 1.03 1.02 1.03 1.05 1.03 1.03 1.05 1.05 1.01 1.02 1.05 1.04 
1.01 1.05 1.01 1.01 1.03 1.01 1.04 1.03 1.05 1.05 1.06 1.04 1.05 1.04 1.02 1.03 1.01 1.03 1.02 1.03 
1.04 1.01 1.03 1.01 1.05 1.06 1.04 1.01 1.01 1.03 1.05 1.01 1.02 1.03 1.02 1.03 1.05 1.06 1.02 1.04 
1.06 1.03 1.05 1.02 1.06 1.04 1.03 1.05 1.04 1.01 1.06 1.04 1.03 1.02 1.05 1.01 1.01 1.04 1.05 1.04 
1.06 1.04 1.03 1.05 1.06 1.05 1.01 1.03 1.01 1.04 1.04 1.05 1.03 1.02 1.01 1.06 1.04 1.05 1.02 1.01 
1.01 1.05 1.05 1.03 1.04 1.05 1.04 1.03 1.01 1.03 1.03 1.01 1.02 1.05 1.06 1.03 1.02 1.05 1.02 1.01 
1.03 1.03 1.06 1.05 1.02 1.06 1.04 1.02 1.03 1.03 1.05 1.04 1.01 1.01 1.02 1.04 1.06 1.04 1.02 1.04 
1.04 1.02 1.05 1.03 1.05 1.02 1.06 1.04 1.02 1.03 1.06 1.05 1.06 1.05 1.02 1.01 1.01 1.04 1.03 1.03 
1.06 1.02 1.04 1.05 1.05 1.01 1.04 1.03 1.02 1.03 1.06 1.01 1.05 1.02 1.03 1.03 1.05 1.03 1.04 1.05 
1.03 1.01 1.06 1.04 1.05 1.06 1.05 1.02 1.01 1.04 1.02 1.03 1.02 1.06 1.02 1.04 1.05 1.05 1.02 1.01 
1.02 1.05 1.04 1.01 1.05 1.05 1.03 1.04 1.02 1.01 1.02 1.01 1.06 1.01 1.04 1.05 1.03 1.01 1.01 1.03 
1.05 1.04 1.01 1.05 1.03 1.06 1.05 1.06 1.03 1.03 1.04 1.04 1.02 1.05 1.06 1.02 1.04 1.06 1.03 1.04 
1.04 1.04 1.06 1.01 1.05 1.03 1.04 1.02 1.04 1.04 1.03 1.04 1.02 1.06 1.02 1.02 1.03 1.04 1.04 1.04 
1.03 1.01 1.02 1.01 1.03 1.03 1.05 1.02 1.05 1.03 1.02 1.06 1.04 1.05 1.05 1.04 1.01 1.02 1.04 1.05 
1.02 1.02 1.05 1.04 1.02 1.04 1.06 1.05 1.04 1.01 1.05 1.01 1.02 1.06 1.01 1.03 1.04 1.06 1.03 1.01 
1.06 1.02 1.04 1.01 1.03 1.02 1.03 1.03 1.04 1.06 1.03 1.05 1.03 1.06 1.01 1.04 1.05 1.04 1.02 1.01 
1.02 1.02 1.06 1.02 1.02 1.04 1.03 1.01 1.06 1.04 1.03 1.05 1.04 1.03 1.03 1.06 1.02 1.04 1.05 1.02 
1.01 1.04 1.01 1.04 1.03 1.06 1.02 1.01 1.02 1.04 1.04 1.02 1.03 1.03 1.04 1.06 1.05 1.04 1.04 1.04 
1.04 1.03 1.03 1.01 1.02 1.05 1.06 1.04 1.05 1.05 1.05 1.04 1.03 1.01 1.02 1.05 1.04 1.06 1.02 1.02 
1.04 1.06 1.06 1.05 1.01 1.02 1.01 1.06 1.02 1.05 1.01 1.02 1.04 1.01 1.01 1.01 1.06 1.04 1.02 1.02 
1.04 1.01 1.05 1.02 1.06 1.05 1.05 1.05 1.06 1.02 1.03 1.06 1.02 1.01 1.02 1.02 1.06 1.03 1.06 1.04 
1.06 1.05 1.06 1.06 1.02 1.04 1.02 1.04 1.03 1.03 1.01 1.01 1.04 1.06 1.02 1.01 1.03 1.04 1.04 1.03 
1.05 1.04 1.02 1.02 1.04 1.01 1.01 1.01 1.06 1.06 1.03 1.05 1.03 1.06 1.01 1.06 1.03 1.02 1.06 1.03 
1.03 1.01 1.05 1.04 1.04 1.03 1.06 1.04 1.05 1.01 1.02 1.06 1.05 1.03 1.01 1.05 1.02 1.01 1.02 1.03 
1.05 1.04 1.06 1.03 1.02 1.05 1.01 1.05 1.02 1.06 1.01 1.05 1.03 1.02 1.01 1.06 1.01 1.02 1.03 1.04 
1.02 1.05 1.04 1.01 1.03 1.06 1.02 1.04 1.06 1.04 1.01 1.01 1.01 1.06 1.02 1.04 1.04 1.03 1.01 1.01 
1.06 1.02 1.03 1.01 1.02 1.02 1.05 1.03 1.05 1.04 1.06 1.06 1.05 1.02 1.05 1.05 1.02 1.05 1.06 1.03 
1.06 1.02 1.02 1.01 1.04 1.04 1.01 1.03 1.01 1.06 1.03 1.03 1.05 1.01 1.03 1.04 1.04 1.05 1.03 1.02 
1.02 1.06 1.06 1.06 1.05 1.01 1.01 1.06 1.03 1.03 1.03 1.03 1.02 1.05 1.05 1.01 1.01 1.01 1.03 1.05 
1.01 1.03 1.05 1.06 1.01 1.04 1.06 1.05 1.02 1.01 1.05 1.02 1.02 1.06 1.02 1.01 1.02 1.04 1.04 1.03 
1.02 1.06 1.04 1.01 1.06 1.02 1.03 1.04 1.03 1.05 1.05 1.04 1.01 1.04 1.03 1.02 1.04 1.01 1.04 1.06 
1.01 1.01 1.04 1.02 1.03 1.06 1.01 1.04 1.06 1.03 1.06 1.01 1.04 1.02 1.03 1.04 1.06 1.02 1.02 1.04 
1.01 1.06 1.03 1.04 1.06 1.03 1.04 1.05 1.06 1.02 1.05 1.02 1.01 1.02 1.03 1.05 1.03 1.02 1.06 1.02 
1.06 1.02 1.01 1.01 1.01 1.01 1.06 1.03 1.04 1.03 1.06 1.04 1.01 1.06 1.05 1.02 1.01 1.02 1.02 1.06 
1.03 1.01 1.05 1.03 1.02 1.06 1.06 1.04 1.04 1.02 1.02 1.04 1.01 1.01 1.01 1.04 1.05 1.05 1.06 1.04 
1.03 1.06 1.06 1.06 1.05 1.06 1.06 1.02 1.05 1.03 1.05 1.01 1.01 1.04 1.03 1.05 1.05 1.02 1.05 1.04 
1.06 1.05 1.02 1.03 1.02 1.02 1.06 1.05 1.06 1.03 1.03 1.06 1.02 1.03 1.04 1.06 1.02 1.02 1.06 1.05 
1.06 1.02 1.04 1.01 1.02 1.04 1.02 1.05 1.02 1.04 1.02 1.05 1.03 1.02 1.05 1.06 1.01 1.01 1.05 1.05 
1.05 1.01 1.02 1.01 1.02 1.04 1.05 1.05 1.01 1.05 1.02 1.05 1.02 1.04 1.03 1.05 1.06 1.01 1.02 1.04 
1.03 1.02 1.04 1.04 1.06 1.05 1.03 1.06 1.05 1.03 1.03 1.01 1.04 1.06 1.01 1.04 1.01 1.03 1.02 1.04 
1.06 1.03 1.02 1.04 1.02 1.01 1.05 1.06 1.02 1.05 1.03 1.04 1.04 1.06 1.05 1.04 1.02 1.03 1.06 1.02 
1.05 1.06 1.06 1.04 1.03 1.01 1.02 1.01 1.05 1.02 1.06 1.03 1.06 1.01 1.04 1.02 1.05 1.04 1.04 1.03 
1.01 1.06 1.03 1.01 1.06 1.06 1.03 1.04 1.02 1.06 1.06 1.02 1.03 1.01 1.06 1.02 1.01 1.04 1.06 1.05 
1.01 1.05 1.05 1.02 1.06 1.01 1.01 1.03 1.05 1.04 1.02 1.03 1.06 1.04 1.03 1.02 1.03 1.02 1.01 1.05 
1.06 1.02 1.04 1.03 1.02 1.03 1.02 1.04 1.05 1.03 1.05 1.01 1.02 1.06 1.01 1.04 1.04 1.01 1.03 1.04 
1.03 1.03 1.04 1.03 1.03 1.05 1.03 1.01 1.06 1.05 1.06 1.06 1.02 1.01 1.02 1.02 1.02 1.02 1.06 1.01 
1.01 1.04 1.03 1.02 1.03 1.02 1.06 1.01 1.01 1.06 1.01 1.02 1.06 1.05 1.04 1.04 1.06 1.01 1.05 1.03 
1.02 1.03 1.04 1.06 1.05 1.03 1.02 1.02 1.02 1.04 1.04 1.04 1.02 1.01 1.05 1.05 1.06 1.03 1.03 1.04 
1.02 1.01 1.03 1.02 1.04 1.02 1.05 1.04 1.02 1.06 1.06 1.06 1.04 1.03 1.01 1.02 1.04 1.02 1.04 1.02 
1.05 1.01 1.03 1.06 1.05 1.01 1.05 1.04 1.03 1.05 1.01 1.02 1.05 1.06 1.05 1.02 1.04 1.02 1.01 1.02 
1.06 1.02 1.03 1.06 1.02 1.02 1.04 1.03 1.04 1.05 1.04 1.03 1.03 1.01 1.03 1.05 1.02 1.03 1.05 1.02 
1.02 1.06 1.05 1.04 1.03 1.04 1.06 1.05 1.01 1.06 1.06 1.05 1.05 1.05 1.06 1.03 1.04 1.04 1.03 1.03 
1.05 1.04 1.05 1.02 1.02 1.03 1.02 1.04 1.01 1.05 1.02 1.03 1.01 1.06 1.03 1.05 1.05 1.01 1.06 1.04 
1.03 1.06 1.05 1.02 1.03 1.04 1.01 1.01 1.02 1.05 1.06 1.05 1.05 1.04 1.04 1.03 1.05 1.05 1.01 1.03 
1.01 1.04 1.02 1.01 1.02 1.03 1.02 1.04 1.05 1.05 1.01 1.06 1.06 1.01 1.04 1.06 1.04 1.01 1.05 1.01 
1.02 1.05 1.01 1.06 1.04 1.04 1.06 1.03 1.01 1.03 1.02 1.01 1.05 1.06 1.02 1.03 1.06 1.01 1.02 1.02 
1.05 1.04 1.01 1.06 1.05 1.03 1.05 1.04 1.02 1.06 1.06 1.06 1.04 1.06 1.03 1.03 1.06 1.06 1.03 1.03 
1.05 1.05 1.02 1.04 1.06 1.05 1.02 1.06 1.04 1.03 1.03 1.01 1.06 1.04 1.03 1.02 1.04 1.01 1.05 1.01 
1.03 1.01 1.02 1.02 1.01 1.03 1.01 1.05 1.05 1.04 1.05 1.02 1.06 1.05 1.05 1.05 1.01 1.05 1.02 1.05 
1.01 1.04 1.02 1.04 1.03 1.03 1.02 1.01 1.03 1.01 1.02 1.01 1.01 1.02 1.01 1.04 1.06 1.06 1.03 1.03 
1.01 1.03 1.01 1.01 1.02 1.01 1.03 1.03 1.04 1.04 1.03 1.03 1.01 1.02 1.03 1.06 1.03 1.03 1.02 1.03 
1.06 1.06 1.04 1.03 1.03 1.04 1.02 1.04 1.02 1.03 1.01 1.04 1.06 1.06 1.03 1.03 1.01 1.03 1.01 1.03 
1.05 1.05 1.05 1.02 1.05 1.04 1.04 1.02 1.06 1.04 1.01 1.05 1.04 1.02 1.04 1.03 1.06 1.04 1.05 1.02 
1.01 1.02 1.05 1.04 1.06 1.03 1.05 1.03 1.06 1.03 1.03 1.04 1.05 1.04 1.05 1.02 1.04 1.06 1.05 1.03 
1.06 1.06 1.02 1.03 1.01 1.06 1.01 1.03 1.05 1.02 1.06 1.06 1.03 1.01 1.02 1.04 1.04 1.01 1.02 1.02 
1.02 1.03 1.04 1.04 1.01 1.04 1.05 1.01 1.04 1.06 1.05 1.04 1.01 1.02 1.05 1.02 1.04 1.06 1.05 1.06 
1.02 1.05 1.03 1.06 1.03 1.04 1.02 1.01 1.05 1.06 1.06 1.04 1.06 1.06 1.04 1.04 1.01 1.02 1.01 1.04 
1.05 1.06 1.03 1.04 1.06 1.06 1.04 1.01 1.04 1.05 1.06 1.03 1.02 1.05 1.06 1.01 1.04 1.01 1.03 1.04 
1.06 1.04 1.04 1.02 1.06 1.06 1.05 1.04 1.06 1.02 1.04 1.05 1.06 1.04 1.05 1.01 1.05 1.02 1.06 1.04 
1.01 1.03 1.04 1.06 1.01 1.02 1.06 1.03 1.03 1.06 1.02 1.06 1.03 1.03 1.02 1.04 1.02 1.05 1.02 1.03 
1.01 1.06 1.02 1.04 1.02 1.01 1.03 1.04 1.06 1.02 1.03 1.01 1.04 1.06 1.03 1.01 1.06 1.02 1.04 1.06 
1.03 1.05 1.02 1.02 1.02 1.05 1.04 1.04 1.04 1.01 1.01 1.03 1.02 1.02 1.05 1.01 1.05 1.03 1.03 1.05 
1.02 1.04 1.01 1.01 1.04 1.06 1.05 1.03 1.06 1.03 1.03 1.04 1.04 1.01 1.03 1.05 1.06 1.02 1.03 1.05 
1.06 1.06 1.02 1.02 1.02 1.02 1.06 1.05 1.02 1.05 1.04 1.04 1.03 1.05 1.05 1.04 1.05 1.01 1.04 1.06 
1.01 1.05 1.05 1.04 1.02 1.02 1.03 1.06 1.02 1.06 1.03 1.06 1.06 1.02 1.01 1.04 1.02 1.03 1.05 1.06 
1.02 1.02 1.05 1.04 1.06 1.04 1.06 1.05 1.02 1.03 1.01 1.01 1.02 1.05 1.06 1.05 1.04 1.01 1.01 1.06 
1.01 1.06 1.04 1.03 1.02 1.05 1.03 1.04 1.02 1.02 1.02 1.01 1.04 1.04 1.04 1.04 1.02 1.05 1.06 1.03 
1.02 1.06 1.01 1.06 1.05 1.03 1.05 1.02 1.05 1.05 1.01 1.03 1.05 1.04 1.05 1.05 1.04 1.06 1.05 1.04 
1.01 1.03 1.02 1.04 1.02 1.05 1.03 1.03 1.05 1.01 1.05 1.03 1.05 1.03 1.01 1.03 1.01 1.04 1.06 1.04 
1.03 1.04 1.03 1.04 1.06 1.01 1.04 1.04 1.06 1.03 1.05 1.02 1.02 1.01 1.04 1.06 1.04 1.03 1.02 1.06 
1.06 1.04 1.05 1.04 1.04 1.04 1.01 1.02 1.05 1.05 1.03 1.01 1.03 1.06 1.05 1.04 1.04 1.02 1.05 1.01 
1.03 1.04 1.01 1.05 1.03 1.04 1.02 1.06 1.05 1.02 1.04 1.03 1.02 1.02 1.04 1.05 1.04 1.05 1.06 1.05 
1.03 1.06 1.01 1.05 1.02 1.04 1.02 1.04 1.01 1.03 1.05 1.06 1.02 1.03 1.02 1.03 1.06 1.06 1.04 1.03 
1.02 1.03 1.05 1.04 1.02 1.05 1.05 1.03 1.05 1.06 1.06 1.05 1.02 1.01 1.06 1.01 1.06 1.02 1.01 1.01 
1.03 1.06 1.03 1.04 1.02 1.02 1.04 1.05 1.06 1.03 1.06 1.04 1.02 1.01 1.05 1.01 1.04 1.05 1.05 1.05 
1.03 1.01 1.01 1.05 1.01 1.01 1.01 1.05 1.01 1.03 1.06 1.04 1.02 1.05 1.05 1.04 1.03 1.01 1.01 1.02 
1.04 1.01 1.02 1.04 1.03 1.06 1.01 1.01 1.06 1.06 1.04 1.03 1.03 1.02 1.02 1.06 1.06 1.01 1.06 1.06 
1.04 1.05 1.01 1.06 1.04 1.04 1.05 1.05 1.01 1.02 1.02 1.03 1.01 1.01 1.04 1.06 1.02 1.05 1.01 1.03 
1.03 1.06 1.04 1.02 1.06 1.05 1.01 1.04 1.06 1.03 1.03 1.05 1.04 1.05 1.06 1.03 1.05 1.02 1.01 1.02 
1.01 1.03 1.01 1.01 1.01 1.01 1.04 1.02 1.06 1.06 1.04 1.02 1.04 1.02 1.01 1.05 1.04 1.02 1.06 1.04 
1.06 1.06 1.03 1.03 1.04 1.01 1.02 1.04 1.02 1.01 1.01 1.03 1.06 1.04 1.06 1.04 1.02 1.04 1.05 1.05 
1.05 1.03 1.03 1.01 1.05 1.06 1.06 1.05 1.06 1.02 1.05 1.01 1.06 1.04 1.04 1.03 1.03 1.05 1.05 1.02 
1.04 1.01 1.01 1.01 1.04 1.02 1.04 1.05 1.06 1.05 1.06 1.06 1.03 1.04 1.01 1.06 1.05 1.01 1.06 1.05 
1.01 1.05 1.05 1.06 1.06 1.01 1.02 1.05 1.03 1.01 1.03 1.06 1.04 1.02 1.05 1.02 1.04 1.05 1.03 1.01 
1.01 1.02 1.02 1.04 1.01 1.04 1.04 1.03 1.05 1.04 1.03 1.06 1.04 1.03 1.05 1.04 1.05 1.01 1.04 1.02 
1.02 1.04 1.01 1.01 1.06 1.02 1.02 1.01 1.05 1.03 1.03 1.01 1.01 1.01 1.05 1.04 1.06 1.01 1.06 1.05 
1.01 1.04 1.03 1.01 1.05 1.06 1.05 1.05 1.04 1.02 1.01 1.04 1.05 1.04 1.06 1.06 1.06 1.03 1.03 1.04 
1.01 1.02 1.01 1.05 1.02 1.02 1.01 1.03 1.02 1.04 1.03 1.02 1.02 1.04 1.02 1.04 1.04 1.04 1.05 1.04 
1.04 1.02 1.05 1.06 1.03 1.06 1.04 1.04 1.03 1.03 1.05 1.04 1.01 1.04 1.06 1.03 1.04 1.03 1.05 1.06 
1.06 1.01 1.04 1.05 1.03 1.04 1.03 1.06 1.01 1.01 1.03 1.05 1.02 1.01 1.02 1.06 1.06 1.01 1.03 1.06 
1.02 1.04 1.02 1.04 1.06 1.01 1.02 1.05 1.01 1.01 1.06 1.06 1.03 1.01 1.04 1.03 1.02 1.01 1.02 1.01 
1.04 1.05 1.04 1.06 1.06 1.05 1.06 1.01 1.01 1.03 1.06 1.01 1.02 1.06 1.01 1.02 1.04 1.05 1.05 1.03 
1.06 1.05 1.05 1.02 1.03 1.02 1.02 1.01 1.04 1.02 1.05 1.04 1.05 1.01 1.02 1.02 1.06 1.03 1.01 1.04 
1.05 1.02 1.05 1.01 1.01 1.06 1.04 1.03 1.02 1.05 1.04 1.04 1.06 1.03 1.04 1.02 1.03 1.06 1.02 1.02 
1.04 1.05 1.03 1.01 1.05 1.02 1.03 1.05 1.01 1.01 1.02 1.03 1.02 1.02 1.02 1.03 1.04 1.06 1.05 1.03 
1.05 1.03 1.03 1.02 1.04 1.02 1.05 1.01 1.02 1.03 1.05 1.05 1.06 1.01 1.05 1.06 1.01 1.04 1.02 1.01 
1.06 1.02 1.02 1.05 1.03 1.01 1.03 1.06 1.04 1.01 1.03 1.03 1.05 1.01 1.06 1.06 1.02 1.06 1.06 1.06 
1.04 1.05 1.03 1.05 1.02 1.02 1.03 1.03 1.04 1.04 1.04 1.04 1.03 1.01 1.05 1.02 1.03 1.01 1.03 1.01 
1.05 1.06 1.04 1.03 1.06 1.06 1.05 1.04 1.04 1.05 1.01 1.04 1.06 1.03 1.02 1.02 1.03 1.02 1.01 1.03 
1.02 1.02 1.01 1.03 1.05 1.04 1.05 1.05 1.02 1.04 1.03 1.03 1.04 1.06 1.04 1.04 1.05 1.01 1.05 1.04 
1.05 1.05 1.06 1.06 1.03 1.03 1.03 1.05 1.06 1.05 1.02 1.06 1.05 1.02 1.03 1.02 1.05 1.05 1.04 1.06 
1.05 1.05 1.03 1.03 1.03 1.02 1.05 1.01 1.05 1.05 1.05 1.01 1.02 1.03 1.01 1.04 1.03 1.03 1.02 1.01 
1.02 1.03 1.06 1.02 1.06 1.02 1.01 1.06 1.01 1.01 1.01 1.06 1.05 1.06 1.05 1.02 1.02 1.04 1.06 1.05 
1.01 1.01 1.03 1.04 1.04 1.03 1.04 1.05 1.03 1.02 1.03 1.05 1.04 1.03 1.05 1.05 1.06 1.03 1.05 1.05 
1.06 1.03 1.01 1.06 1.06 1.03 1.03 1.06 1.04 1.01 1.02 1.03 1.02 1.05 1.03 1.01 1.04 1.04 1.01 1.05 
1.03 1.04 1.04 1.06 1.04 1.03 1.03 1.04 1.06 1.05 1.01 1.02 1.03 1.05 1.06 1.03 1.02 1.02 1.04 1.02 
1.03 1.05 1.05 1.01 1.06 1.05 1.03 1.06 1.02 1.02 1.06 1.05 1.04 1.04 1.04 1.03 1.04 1.04 1.01 1.04 
1.04 1.01 1.01 1.02 1.02 1.04 1.02 1.06 1.06 1.05 1.02 1.03 1.03 1.05 1.05 1.06 1.03 1.02 1.06 1.02 
1.02 1.06 1.05 1.03 1.01 1.05 1.06 1.03 1.01 1.03 1.02 1.04 1.02 1.06 1.06 1.06 1.01 1.02 1.05 1.01 
1.03 1.06 1.03 1.06 1.06 1.03 1.04 1.04 1.04 1.04 1.06 1.01 1.01 1.02 1.06 1.04 1.04 1.03 1.02 1.06 
1.04 1.06 1.06 1.03 1.04 1.04 1.01 1.05 1.03 1.01 1.06 1.05 1.06 1.05 1.06 1.06 1.05 1.06 1.05 1.06 
1.04 1.02 1.05 1.06 1.04 1.02 1.06 1.03 1.06 1.05 1.04 1.03 1.01 1.01 1.01 1.01 1.02 1.04 1.02 1.04 
1.01 1.01 1.01 1.06 1.03 1.03 1.04 1.02 1.05 1.04 1.03 1.04 1.05 1.03 1.06 1.06 1.05 1.02 1.04 1.03 
1.05 1.05 1.06 1.04 1.03 1.06 1.01 1.02 1.06 1.01 1.05 1.05 1.06 1.06 1.04 1.05 1.01 1.04 1.03 1.03 
1.02 1.02 1.05 1.01 1.02 1.02 1.01 1.02 1.01 1.06 1.06 1.01 1.04 1.04 1.05 1.05 1.05 1.05 1.05 1.03 
1.04 1.04 1.04 1.05 1.02 1.05 1.06 1.04 1.03 1.05 1.03 1.06 1.02 1.02 1.04 1.02 1.06 1.02 1.05 1.03 
1.02 1.01 1.02 1.01 1.02 1.06 1.04 1.05 1.05 1.03 1.01 1.02 1.02 1.04 1.04 1.02 1.02 1.02 1.05 1.04 
1.03 1.05 1.05 1.02 1.03 1.03 1.03 1.05 1.05 1.01 1.03 1.04 1.03 1.05 1.01 1.06 1.01 1.02 1.01 1.03 
1.05 1.04 1.05 1.06 1.02 1.05 1.04 1.04 1.01 1.06 1.06 1.06 1.04 1.06 1.03 1.05 1.04 1.05 1.05 1.03 
1.05 1.02 1.04 1.06 1.05 1.01 1.03 1.04 1.06 1.03 1.06 1.02 1.04 1.06 1.06 1.02 1.02 1.06 1.04 1.04 
1.01 1.03 1.04 1.02 1.02 1.06 1.01 1.06 1.05 1.01 1.03 1.02 1.03 1.01 1.02 1.05 1.02 1.03 1.06 1.05 
1.02 1.02 1.01 1.03 1.03 1.02 1.03 1.03 1.06 1.03 1.02 1.03 1.05 1.02 1.02 1.05 1.04 1.05 1.01 1.04 
1.02 1.05 1.02 1.05 1.03 1.03 1.03 1.02 1.05 1.06 1.02 1.06 1.05 1.06 1.03 1.06 1.05 1.02 1.06 1.02 
1.06 1.02 1.06 1.06 1.03 1.03 1.06 1.05 1.06 1.03 1.06 1.06 1.04 1.05 1.04 1.06 1.03 1.02 1.05 1.02 
1.05 1.04 1.02 1.02 1.04 1.03 1.06 1.01 1.01 1.01 1.01 1.04 1.05 1.01 1.01 1.02 1.04 1.02 1.04 1.03 
1.03 1.03 1.05 1.01 1.06 1.05 1.05 1.04 1.05 1.05 1.04 1.04 1.03 1.01 1.05 1.04 1.02 1.06 1.02 1.06 
1.01 1.06 1.05 1.06 1.06 1.04 1.03 1.05 1.03 1.06 1.04 1.05 1.02 1.03 1.06 1.06 1.06 1.03 1.02 1.04 
1.04 1.01 1.04 1.01 1.05 1.04 1.05 1.01 1.01 1.01 1.04 1.06 1.03 1.05 1.02 1.06 1.05 1.01 1.06 1.06 
1.04 1.02 1.02 1.06 1.01 1.05 1.03 1.04 1.02 1.06 1.01 1.03 1.05 1.06 1.05 1.04 1.05 1.03 1.06 1.05 
1.06 1.04 1.04 1.04 1.02 1.03 1.06 1.05 1.02 1.06 1.03 1.04 1.03 1.02 1.06 1.03 1.05 1.05 1.04 1.01 
1.01 1.06 1.04 1.02 1.02 1.05 1.06 1.06 1.02 1.01 1.02 1.02 1.03 1.01 1.01 1.03 1.05 1.04 1.01 1.06 
1.03 1.01 1.06 1.02 1.01 1.05 1.02 1.01 1.01 1.01 1.04 1.06 1.03 1.04 1.04 1.03 1.01 1.06 1.06 1.02 
1.03 1.06 1.06 1.02 1.05 1.04 1.01 1.02 1.03 1.03 1.06 1.04 1.03 1.03 1.04 1.03 1.02 1.05 1.05 1.05 
1.04 1.03 1.03 1.04 1.06 1.06 1.01 1.05 1.06 1.03 1.01 1.01 1.02 1.05 1.06 1.02 1.05 1.05 1.06 1.03 
1.02 1.06 1.04 1.04 1.06 1.02 1.03 1.04 1.06 1.06 1.02 1.06 1.06 1.05 1.03 1.06 1.02 1.03 1.06 1.02 
1.03 1.05 1.03 1.01 1.02 1.04 1.06 1.01 1.01 1.06 1.01 1.04 1.04 1.03 1.03 1.05 1.04 1.05 1.03 1.04 
1.05 1.06 1.05 1.05 1.03 1.01 1.05 1.01 1.02 1.01 1.03 1.02 1.06 1.06 1.05 1.05 1.02 1.03 1.05 1.06 
1.04 1.03 1.06 1.02 1.05 1.06 1.03 1.02 1.06 1.01 1.05 1.04 1.02 1.05 1.06 1.06 1.02 1.01 1.06 1.06 
1.01 1.04 1.04 1.02 1.01 1.06 1.05 1.06 1.06 1.06 1.06 1.06 1.06 1.06 1.06 1.05 1.05 1.05 1.06 1.01 
1.01 1.06 1.03 1.01 1.04 1.05 1.02 1.06 1.06 1.04 1.06 1.04 1.01 1.04 1.06 1.01 1.04 1.03 1.01 1.03 
1.03 1.01 1.03 1.03 1.04 1.06 1.01 1.06 1.02 1.02 1.01 1.01 1.01 1.06 1.02 1.03 1.05 1.06 1.01 1.06 
1.05 1.04 1.05 1.02 1.02 1.06 1.05 1.06 1.03 1.05 1.06 1.03 1.06 1.03 1.02 1.03 1.03 1.05 1.01 1.02 
1.05 1.03 1.06 1.02 1.01 1.06 1.06 1.05 1.05 1.02 1.01 1.05 1.06 1.06 1.04 1.03 1.02 1.04 1.03 1.04 
1.04 1.01 1.04 1.03 1.05 1.02 1.06 1.03 1.05 1.03 1.05 1.06 1.05 1.01 1.03 1.06 1.03 1.05 1.03 1.04 
1.06 1.06 1.03 1.02 1.04 1.01 1.05 1.01 1.02 1.01 1.01 1.03 1.03 1.01 1.03 1.02 1.05 1.01 1.01 1.01 
1.03 1.06 1.03 1.03 1.01 1.04 1.01 1.06 1.04 1.05 1.02 1.01 1.03 1.06 1.03 1.02 1.05 1.05 1.04 1.05 
1.02 1.06 1.01 1.03 1.04 1.06 1.04 1.06 1.06 1.06 1.03 1.04 1.04 1.06 1.06 1.02 1.05 1.02 1.02 1.05 
1.03 1.03 1.03 1.05 1.02 1.01 1.03 1.06 1.06 1.06 1.05 1.06 1.04 1.01 1.03 1.03 1.06 1.02 1.05 1.04 
1.01 1.06 1.06 1.01 1.06 1.01 1.06 1.04 1.06 1.05 1.05 1.03 1.04 1.03 1.06 1.05 1.01 1.02 1.04 1.04 
1.06 1.01 1.01 1.01 1.01 1.06 1.04 1.01 1.02 1.06 1.03 1.03 1.05 1.05 1.03 1.03 1.02 1.01 1.01 1.01 
1.06 1.03 1.03 1.06 1.04 1.05 1.06 1.02 1.03 1.01 1.02 1.03 1.01 1.04 1.01 1.03 1.06 1.01 1.01 1.04 
1.05 1.02 1.04 1.06 1.06 1.01 1.05 1.03 1.01 1.01 1.04 1.02 1.06 1.04 1.05 1.03 1.04 1.03 1.01 1.04 
1.04 1.02 1.02 1.04 1.06 1.04 1.03 1.05 1.03 1.06 1.04 1.01 1.03 1.06 1.04 1.06 1.03 1.05 1.02 1.02 
1.03 1.03 1.05 1.04 1.05 1.04 1.03 1.02 1.01 1.05 1.05 1.02 1.01 1.06 1.06 1.04 1.04 1.05 1.05 1.04 
1.03 1.06 1.03 1.05 1.02 1.01 1.02 1.04 1.06 1.03 1.02 1.01 1.01 1.03 1.02 1.06 1.01 1.03 1.05 1.02 
1.05 1.01 1.05 1.06 1.03 1.03 1.06 1.04 1.03 1.04 1.03 1.06 1.06 1.04 1.02 1.03 1.01 1.03 1.06 1.01 
1.02 1.04 1.05 1.04 1.05 1.03 1.03 1.03 1.01 1.06 1.03 1.03 1.02 1.02 1.04 1.06 1.06 1.04 1.05 1.03 
1.05 1.03 1.04 1.06 1.05 1.06 1.01 1.03 1.01 1.05 1.06 1.03 1.06 1.06 1.06 1.04 1.04 1.01 1.05 1.04 
1.05 1.01 1.05 1.01 1.03 1.02 1.06 1.03 1.05 1.01 1.01 1.04 1.01 1.06 1.04 1.03 1.05 1.05 1.02 1.06 
1.06 1.05 1.03 1.01 1.03 1.02 1.03 1.04 1.03 1.05 1.01 1.06 1.04 1.03 1.03 1.04 1.05 1.02 1.01 1.04 
1.05 1.03 1.02 1.04 1.02 1.03 1.03 1.04 1.06 1.01 1.05 1.03 1.03 1.04 1.04 1.03 1.05 1.06 1.04 1.05 
1.06 1.01 1.05 1.03 1.03 1.01 1.01 1.02 1.02 1.01 1.01 1.04 1.01 1.02 1.01 1.06 1.05 1.03 1.02 1.06 
1.03 1.02 1.04 1.05 1.01 1.06 1.01 1.02 1.02 1.06 1.05 1.06 1.04 1.01 1.05 1.04 1.06 1.01 1.03 1.04 
1.03 1.01 1.06 1.06 1.01 1.02 1.04 1.06 1.06 1.06 1.04 1.02 1.05 1.02 1.01 1.02 1.02 1.03 1.02 1.06 
1.02 1.04 1.02 1.06 1.01 1.02 1.03 1.03 1.06 1.05 1.01 1.03 1.03 1.02 1.06 1.06 1.05 1.01 1.03 1.03 
1.01 1.03 1.03 1.05 1.02 1.01 1.02 1.02 1.05 1.05 1.03 1.06 1.05 1.02 1.02 1.04 1.04 1.02 1.06 1.01 
1.02 1.02 1.02 1.02 1.06 1.06 1.05 1.05 1.02 1.02 1.03 1.06 1.06 1.05 1.03 1.02 1.03 1.01 1.06 1.05 
1.03 1.02 1.04 1.03 1.05 1.03 1.02 1.03 1.02 1.04 1.03 1.04 1.04 1.05 1.05 1.01 1.05 1.03 1.04 1.06 
1.01 1.03 1.01 1.04 1.03 1.04 1.05 1.06 1.01 1.03 1.04 1.01 1.06 1.03 1.06 1.01 1.03 1.01 1.05 1.02 
1.01 1.05 1.04 1.06 1.01 1.06 1.03 1.01 1.01 1.04 1.02 1.03 1.03 1.03 1.03 1.04 1.02 1.02 1.01 1.01 
1.06 1.01 1.02 1.03 1.01 1.04 1.04 1.01 1.02 1.01 1.01 1.01 1.06 1.05 1.05 1.01 1.05 1.04 1.02 1.03 
1.02 1.01 1.04 1.06 1.04 1.05 1.03 1.05 1.01 1.01 1.05 1.06 1.01 1.06 1.06 1.04 1.03 1.04 1.06 1.05 
1.03 1.05 1.06 1.05 1.04 1.02 1.04 1.02 1.05 1.03 1.02 1.04 1.06 1.02 1.02 1.06 1.06 1.01 1.04 1.02 
1.02 1.03 1.05 1.06 1.06 1.03 1.03 1.02 1.06 1.05 1.04 1.04 1.04 1.02 1.06 1.01 1.05 1.01 1.06 1.03 
1.02 1.01 1.02 1.01 1.04 1.02 1.01 1.02 1.03 1.06 1.04 1.01 1.01 1.06 1.02 1.06 1.06 1.06 1.01 1.02 
1.04 1.04 1.04 1.02 1.03 1.06 1.02 1.06 1.02 1.01 1.03 1.04 1.02 1.04 1.06 1.04 1.01 1.01 1.01 1.02 
