20
200
40 55 57 31 71 90 80 60 57 47 83 45 96 40 87 81 17 65 38 80 17 19 60 9 31 68 61 96 89 54 4 56 28 28 59 90 54 65 16 15 59 76 11 34 59 59 17 45 37 92 72 37 92 29 72 52 33 31 70 48 70 9 92 65 49 10 72 3 56 24 32 71 27 95 100 22 74 73 21 92 17 7 27 83 90 44 62 9 50 8 14 45 6 80 78 85 59 64 69 8 80 21 36 66 79 12 76 28 70 98 88 19 27 30 1 45 18 96 20 91 58 51 91 46 15 46 84 9 71 65 10 21 70 71 6 89 58 91 45 85 50 43 74 46 30 60 79 92 65 17 7 6 34 28 54 85 89 82 1 84 32 75 71 31 23 89 20 31 68 40 72 92 31 18 39 16 19 19 100 99 25 71 23 84 81 91 11 67 34 34 92 19 46 69 20 65 6 89 31 94 
5 4 8 4 6 7 1 9 5 3 4 5 4 3 6 6 5 7 5 1 
1.06 1.03 1.06 1.03 1.01 1.01 1.02 1.05 1.05 1.06 1.01 1.02 1.03 1.06 1.06 1.02 1.03 1.03 1.01 1.06 
1.02 1.05 1.01 1.05 1.02 1.03 1.01 1.04 1.04 1.06 1.01 1.02 1.06 1.03 1.01 1.05 1.06 1.05 1.06 1.06 
1.02 1.04 1.04 1.02 1.06 1.06 1.06 1.04 1.02 1.06 1.03 1.05 1.04 1.06 1.02 1.06 1.03 1.05 1.05 1.04 
1.01 1.03 1.01 1.01 1.05 1.06 1.02 1.06 1.02 1.02 1.03 1.02 1.06 1.01 1.02 1.02 1.03 1.01 1.02 1.05 
1.06 1.01 1.05 1.01 1.06 1.02 1.03 1.06 1.03 1.01 1.06 1.06 1.03 1.01 1.03 1.01 1.02 1.06 1.05 1.03 
1.06 1.06 1.02 1.03 1.04 1.03 1.06 1.03 1.02 1.01 1.04 1.01 1.06 1.04 1.04 1.01 1.03 1.03 1.02 1.06 
1.02 1.01 1.02 1.01 1.01 1.04 1.01 1.01 1.05 1.05 1.04 1.02 1.02 1.04 1.06 1.05 1.03 1.02 1.04 1.02 
1.03 1.06 1.02 1.06 1.06 1.01 1.05 1.05 1.06 1.02 1.01 1.06 1.02 1.01 1.03 1.03 1.06 1.04 1.03 1.02 
1.04 1.05 1.02 1.04 1.06 1.06 1.06 1.02 1.02 1.04 1.02 1.02 1.06 1.04 1.06 1.01 1.03 1.02 1.04 1.01 
1.01 1.03 1.01 1.04 1.01 1.03 1.02 1.03 1.02 1.01 1.01 1.02 1.06 1.02 1.03 1.02 1.02 1.05 1.03 1.03 
1.01 1.03 1.01 1.04 1.03 1.03 1.02 1.05 1.01 1.06 1.05 1.02 1.04 1.01 1.02 1.05 1.03 1.04 1.04 1.01 
1.03 1.03 1.04 1.06 1.06 1.04 1.01 1.01 1.06 1.05 1.04 1.06 1.02 1.01 1.02 1.03 1.06 1.01 1.05 1.04 
1.01 1.03 1.01 1.06 1.03 1.06 1.02 1.02 1.02 1.01 1.03 1.04 1.02 1.01 1.01 1.03 1.04 1.04 1.04 1.04 
1.06 1.04 1.05 1.06 1.02 1.01 1.03 1.04 1.03 1.01 1.06 1.05 1.02 1.06 1.02 1.06 1.02 1.02 1.02 1.05 
1.02 1.02 1.03 1.01 1.05 1.05 1.02 1.04 1.05 1.06 1.05 1.06 1.02 1.06 1.06 1.02 1.06 1.03 1.02 1.01 
1.02 1.03 1.03 1.02 1.06 1.01 1.06 1.03 1.05 1.02 1.03 1.04 1.04 1.06 1.06 1.05 1.04 1.02 1.05 1.04 
1.04 1.01 1.01 1.02 1.02 1.01 1.01 1.04 1.06 1.05 1.02 1.01 1.02 1.01 1.02 1.02 1.06 1.03 1.01 1.06 
1.02 1.05 1.01 1.06 1.03 1.03 1.02 1.03 1.03 1.04 1.04 1.02 1.04 1.04 1.04 1.04 1.02 1.04 1.03 1.06 
1.05 1.03 1.03 1.06 1.04 1.03 1.03 1.05 1.05 1.04 1.06 1.04 1.03 1.03 1.02 1.03 1.02 1.03 1.04 1.06 
1.03 1.02 1.05 1.03 1.03 1.05 1.06 1.03 1.02 1.06 1.01 1.06 1.04 1.01 1.03 1.04 1.03 1.03 1.01 1.06 
1.02 1.06 1.06 1.06 1.02 1.05 1.03 1.06 1.05 1.02 1.05 1.05 1.03 1.02 1.05 1.01 1.03 1.02 1.02 1.03 
1.04 1.03 1.01 1.04 1.05 1.03 1.02 1.01 1.01 1.01 1.03 1.02 1.05 1.04 1.03 1.05 1.02 1.05 1.04 1.03 
1.06 1.05 1.05 1.02 1.01 1.06 1.05 1.03 1.05 1.02 1.06 1.02 1.04 1.04 1.05 1.01 1.01 1.03 1.05 1.05 
1.02 1.01 1.03 1.02 1.04 1.06 1.01 1.06 1.02 1.04 1.01 1.04 1.04 1.04 1.04 1.02 1.04 1.03 1.01 1.01 
1.06 1.01 1.06 1.05 1.01 1.01 1.05 1.02 1.01 1.02 1.03 1.03 1.03 1.05 1.05 1.01 1.06 1.01 1.02 1.05 
1.05 1.06 1.03 1.06 1.02 1.02 1.03 1.04 1.01 1.03 1.03 1.05 1.03 1.04 1.03 1.03 1.04 1.04 1.04 1.05 
1.01 1.04 1.02 1.02 1.01 1.01 1.05 1.03 1.02 1.05 1.01 1.01 1.03 1.05 1.04 1.06 1.06 1.01 1.06 1.01 
1.02 1.03 1.04 1.06 1.04 1.03 1.03 1.04 1.01 1.05 1.03 1.01 1.03 1.05 1.06 1.05 1.04 1.06 1.06 1.01 
1.02 1.03 1.02 1.04 1.04 1.05 1.06 1.06 1.03 1.04 1.01 1.06 1.02 1.04 1.02 1.03 1.04 1.01 1.02 1.06 
1.01 1.06 1.05 1.06 1.02 1.06 1.03 1.02 1.05 1.02 1.02 1.01 1.01 1.05 1.05 1.04 1.01 1.05 1.06 1.06 
1.04 1.05 1.01 1.04 1.03 1.04 1.03 1.04 1.03 1.04 1.03 1.04 1.05 1.01 1.05 1.04 1.05 1.03 1.06 1.02 
1.01 1.05 1.03 1.05 1.04 1.05 1.03 1.05 1.05 1.05 1.06 1.05 1.05 1.02 1.06 1.02 1.06 1.01 1.04 1.03 
1.02 1.06 1.02 1.04 1.03 1.03 1.04 1.03 1.01 1.04 1.06 1.06 1.02 1.03 1.04 1.04 1.05 1.01 1.05 1.05 
1.05 1.01 1.01 1.01 1.05 1.03 1.04 1.02 1.02 1.05 1.05 1.01 1.04 1.03 1.05 1.05 1.02 1.06 1.03 1.03 
1.05 1.05 1.01 1.03 1.01 1.02 1.04 1.05 1.03 1.05 1.05 1.01 1.01 1.02 1.01 1.05 1.01 1.02 1.02 1.03 
1.01 1.04 1.01 1.02 1.01 1.06 1.01 1.02 1.02 1.01 1.05 1.05 1.05 1.01 1.05 1.06 1.01 1.04 1.01 1.01 
1.03 1.04 1.03 1.02 1.01 1.04 1.04 1.02 1.05 1.02 1.05 1.01 1.06 1.04 1.02 1.05 1.04 1.05 1.03 1.02 
1.04 1.01 1.05 1.03 1.01 1.04 1.06 1.06 1.06 1.03 1.03 1.05 1.01 1.02 1.04 1.05 1.03 1.03 1.05 1.03 
1.06 1.01 1.02 1.02 1.04 1.05 1.04 1.04 1.03 1.03 1.05 1.04 1.01 1.04 1.03 1.02 1.04 1.03 1.03 1.06 
1.03 1.04 1.01 1.03 1.02 1.06 1.02 1.04 1.03 1.03 1.06 1.03 1.05 1.05 1.02 1.03 1.01 1.04 1.02 1.03 
1.03 1.01 1.05 1.05 1.01 1.04 1.03 1.05 1.03 1.04 1.02 1.04 1.03 1.05 1.05 1.03 1.02 1.02 1.05 1.04 
1.01 1.02 1.05 1.03 1.06 1.05 1.04 1.01 1.05 1.01 1.06 1.06 1.03 1.03 1.02 1.02 1.01 1.04 1.01 1.06 
1.04 1.04 1.03 1.05 1.04 1.04 1.05 1.06 1.06 1.01 1.03 1.06 1.03 1.04 1.03 1.02 1.05 1.05 1.01 1.02 
1.05 1.04 1.02 1.01 1.03 1.04 1.06 1.01 1.04 1.05 1.06 1.01 1.06 1.04 1.01 1.04 1.06 1.02 1.01 1.06 
1.03 1.01 1.05 1.05 1.03 1.01 1.02 1.06 1.03 1.01 1.02 1.04 1.02 1.03 1.01 1.01 1.06 1.05 1.05 1.05 
1.04 1.03 1.03 1.01 1.06 1.06 1.04 1.02 1.04 1.01 1.06 1.02 1.05 1.06 1.02 1.04 1.03 1.02 1.04 1.06 
1.01 1.03 1.06 1.04 1.01 1.02 1.05 1.05 1.05 1.01 1.01 1.04 1.02 1.03 1.02 1.01 1.06 1.06 1.03 1.04 
1.01 1.01 1.01 1.05 1.05 1.01 1.06 1.06 1.02 1.05 1.04 1.03 1.02 1.04 1.05 1.06 1.03 1.01 1.04 1.03 
1.02 1.05 1.01 1.02 1.02 1.05 1.03 1.01 1.01 1.05 1.02 1.05 1.04 1.06 1.01 1.01 1.01 1.04 1.05 1.06 
1.03 1.06 1.03 1.02 1.04 1.06 1.01 1.01 1.06 1.02 1.01 1.02 1.02 1.03 1.03 1.02 1.05 1.03 1.04 1.05 
1.06 1.03 1.03 1.04 1.06 1.03 1.05 1.06 1.02 1.04 1.03 1.04 1.05 1.01 1.01 1.06 1.04 1.01 1.02 1.03 
1.04 1.05 1.03 1.06 1.06 1.04 1.01 1.05 1.06 1.01 1.04 1.02 1.05 1.03 1.01 1.02 1.01 1.04 1.02 1.05 
1.03 1.01 1.01 1.03 1.04 1.04 1.02 1.04 1.01 1.02 1.01 1.06 1.04 1.01 1.06 1.05 1.02 1.02 1.03 1.05 
1.05 1.05 1.06 1.02 1.04 1.03 1.02 1.04 1.01 1.06 1.05 1.02 1.01 1.06 1.06 1.02 1.02 1.01 1.06 1.01 
1.03 1.05 1.03 1.05 1.01 1.06 1.04 1.06 1.02 1.03 1.05 1.06 1.01 1.01 1.05 1.04 1.04 1.06 1.05 1.02 
1.03 1.03 1.01 1.02 1.04 1.03 1.05 1.06 1.02 1.02 1.01 1.01 1.05 1.04 1.06 1.01 1.01 1.03 1.03 1.06 
1.01 1.03 1.06 1.01 1.01 1.05 1.06 1.03 1.06 1.06 1.02 1.03 1.06 1.02 1.03 1.04 1.02 1.02 1.01 1.06 
1.03 1.05 1.05 1.01 1.03 1.05 1.02 1.06 1.05 1.05 1.01 1.01 1.02 1.06 1.03 1.04 1.05 1.03 1.06 1.06 
1.05 1.03 1.01 1.02 1.02 1.02 1.03 1.06 1.03 1.01 1.05 1.03 1.06 1.02 1.04 1.01 1.04 1.04 1.05 1.04 
1.06 1.02 1.01 1.02 1.04 1.06 1.05 1.02 1.01 1.06 1.02 1.06 1.06 1.05 1.01 1.04 1.04 1.02 1.03 1.06 
1.03 1.06 1.06 1.04 1.01 1.06 1.04 1.03 1.02 1.03 1.06 1.02 1.06 1.06 1.06 1.05 1.02 1.05 1.04 1.03 
1.01 1.04 1.01 1.01 1.01 1.03 1.02 1.06 1.01 1.03 1.02 1.02 1.02 1.04 1.03 1.05 1.06 1.03 1.03 1.04 
1.02 1.04 1.01 1.06 1.02 1.04 1.06 1.06 1.04 1.05 1.02 1.05 1.05 1.04 1.02 1.06 1.04 1.01 1.04 1.05 
1.05 1.05 1.02 1.02 1.05 1.05 1.01 1.03 1.01 1.05 1.05 1.03 1.05 1.02 1.02 1.03 1.01 1.06 1.03 1.04 
1.02 1.03 1.06 1.06 1.03 1.03 1.01 1.01 1.02 1.02 1.02 1.02 1.05 1.05 1.03 1.01 1.01 1.04 1.04 1.06 
1.04 1.06 1.01 1.01 1.03 1.03 1.06 1.06 1.03 1.01 1.02 1.01 1.05 1.03 1.02 1.02 1.05 1.06 1.04 1.06 
1.04 1.01 1.05 1.01 1.05 1.05 1.02 1.05 1.05 1.05 1.02 1.02 1.05 1.04 1.02 1.01 1.05 1.03 1.06 1.02 
1.05 1.01 1.05 1.05 1.04 1.04 1.02 1.02 1.05 1.02 1.05 1.06 1.06 1.04 1.03 1.01 1.04 1.04 1.02 1.05 
1.01 1.03 1.02 1.02 1.02 1.06 1.04 1.05 1.02 1.04 1.04 1.04 1.01 1.03 1.06 1.02 1.05 1.01 1.03 1.03 
1.03 1.05 1.03 1.04 1.01 1.01 1.04 1.05 1.05 1.06 1.03 1.05 1.05 1.04 1.04 1.03 1.03 1.01 1.01 1.01 
1.01 1.06 1.04 1.06 1.04 1.05 1.06 1.01 1.05 1.01 1.03 1.05 1.06 1.02 1.01 1.01 1.06 1.02 1.02 1.02 
1.02 1.04 1.02 1.01 1.04 1.02 1.04 1.02 1.02 1.01 1.04 1.01 1.02 1.03 1.01 1.05 1.05 1.05 1.02 1.02 
1.03 1.03 1.01 1.05 1.05 1.04 1.01 1.02 1.01 1.05 1.03 1.01 1.06 1.06 1.06 1.02 1.01 1.06 1.03 1.04 
1.04 1.03 1.03 1.04 1.01 1.03 1.05 1.03 1.06 1.05 1.03 1.04 1.05 1.05 1.01 1.05 1.03 1.05 1.05 1.03 
1.01 1.03 1.06 1.03 1.06 1.05 1.04 1.01 1.03 1.02 1.03 1.03 1.02 1.05 1.04 1.03 1.03 1.02 1.02 1.05 
1.04 1.05 1.06 1.05 1.04 1.02 1.01 1.01 1.02 1.02 1.01 1.04 1.03 1.05 1.04 1.05 1.02 1.03 1.04 1.06 
1.05 1.01 1.06 1.03 1.03 1.03 1.06 1.01 1.03 1.01 1.04 1.05 1.01 1.06 1.06 1.02 1.01 1.01 1.04 1.04 
1.01 1.01 1.06 1.06 1.03 1.05 1.05 1.04 1.04 1.05 1.01 1.01 1.03 1.05 1.03 1.02 1.01 1.01 1.03 1.01 
1.03 1.02 1.04 1.02 1.04 1.04 1.04 1.02 1.02 1.02 1.02 1.05 1.02 1.02 1.05 1.03 1.06 1.04 1.05 1.05 
1.04 1.05 1.01 1.01 1.05 1.05 1.01 1.05 1.02 1.03 1.05 1.03 1.04 1.04 1.01 1.01 1.04 1.06 1.03 1.06 
1.01 1.06 1.05 1.02 1.04 1.04 1.01 1.06 1.02 1.02 1.06 1.04 1.06 1.04 1.02 1.02 1.06 1.03 1.04 1.06 
1.01 1.03 1.01 1.03 1.05 1.04 1.05 1.01 1.04 1.03 1.02 1.03 1.01 1.05 1.04 1.04 1.04 1.01 1.01 1.04 
1.04 1.03 1.01 1.06 1.04 1.06 1.03 1.05 1.01 1.01 1.06 1.03 1.05 1.05 1.05 1.04 1.02 1.04 1.02 1.01 
1.04 1.03 1.01 1.05 1.01 1.05 1.04 1.01 1.02 1.06 1.06 1.06 1.01 1.01 1.06 1.02 1.02 1.01 1.02 1.01 
1.04 1.02 1.01 1.04 1.05 1.04 1.02 1.06 1.06 1.04 1.02 1.05 1.06 1.02 1.04 1.03 1.02 1.02 1.01 1.01 
1.03 1.05 1.05 1.01 1.05 1.04 1.01 1.05 1.04 1.01 1.05 1.01 1.04 1.03 1.05 1.06 1.03 1.06 1.02 1.02 
1.02 1.01 1.04 1.04 1.03 1.01 1.03 1.01 1.06 1.01 1.05 1.03 1.03 1.03 1.01 1.05 1.01 1.04 1.02 1.02 
1.04 1.02 1.01 1.04 1.01 1.06 1.01 1.01 1.01 1.02 1.01 1.01 1.02 1.02 1.04 1.03 1.06 1.03 1.01 1.02 
1.02 1.04 1.06 1.06 1.05 1.02 1.01 1.05 1.05 1.06 1.05 1.03 1.04 1.05 1.02 1.03 1.04 1.04 1.04 1.04 
1.03 1.03 1.02 1.06 1.05 1.01 1.06 1.05 1.04 1.04 1.02 1.04 1.05 1.04 1.06 1.05 1.04 1.02 1.03 1.05 
1.06 1.02 1.03 1.01 1.04 1.04 1.04 1.05 1.02 1.01 1.04 1.01 1.05 1.03 1.03 1.02 1.02 1.05 1.03 1.03 
1.01 1.01 1.02 1.04 1.05 1.06 1.06 1.03 1.06 1.01 1.01 1.01 1.01 1.03 1.03 1.02 1.02 1.06 1.04 1.02 
1.05 1.06 1.03 1.01 1.01 1.06 1.06 1.06 1.03 1.02 1.06 1.02 1.04 1.06 1.04 1.01 1.01 1.06 1.05 1.02 
1.04 1.01 1.05 1.04 1.02 1.04 1.04 1.03 1.01 1.03 1.04 1.01 1.06 1.03 1.04 1.03 1.05 1.03 1.06 1.03 
1.04 1.06 1.01 1.03 1.06 1.05 1.05 1.02 1.03 1.04 1.05 1.02 1.05 1.05 1.02 1.03 1.02 1.05 1.06 1.06 
1.02 1.02 1.01 1.05 1.02 1.05 1.01 1.04 1.03 1.03 1.01 1.01 1.06 1.05 1.06 1.05 1.03 1.02 1.01 1.02 
1.04 1.02 1.06 1.04 1.05 1.02 1.05 1.01 1.02 1.06 1.05 1.06 1.02 1.01 1.05 1.01 1.04 1.05 1.02 1.01 
1.03 1.04 1.05 1.05 1.04 1.05 1.03 1.01 1.03 1.01 1.06 1.03 1.03 1.06 1.06 1.04 1.06 1.02 1.02 1.01 
1.04 1.06 1.04 1.04 1.01 1.04 1.06 1.02 1.02 1.01 1.04 1.01 1.06 1.05 1.03 1.04 1.05 1.06 1.05 1.05 
1.03 1.02 1.03 1.02 1.04 1.06 1.06 1.05 1.05 1.02 1.01 1.01 1.05 1.04 1.01 1.03 1.05 1.02 1.01 1.05 
1.02 1.04 1.05 1.05 1.03 1.06 1.02 1.01 1.06 1.03 1.01 1.02 1.02 1.03 1.06 1.04 1.05 1.04 1.05 1.04 
1.04 1.06 1.06 1.03 1.06 1.04 1.02 1.06 1.01 1.05 1.02 1.05 1.03 1.04 1.04 1.01 1.01 1.03 1.04 1.01 
1.05 1.06 1.02 1.05 1.03 1.06 1.03 1.02 1.03 1.01 1.01 1.02 1.01 1.04 1.06 1.06 1.03 1.05 1.04 1.05 
1.04 1.06 1.01 1.05 1.04 1.02 1.03 1.02 1.02 1.02 1.05 1.05 1.06 1.02 1.03 1.01 1.02 1.01 1.06 1.05 
1.06 1.01 1.06 1.06 1.04 1.04 1.04 1.02 1.01 1.05 1.05 1.03 1.04 1.05 1.03 1.06 1.01 1.04 1.04 1.03 
1.06 1.03 1.01 1.04 1.06 1.02 1.06 1.03 1.01 1.03 1.04 1.04 1.06 1.02 1.04 1.02 1.06 1.02 1.03 1.04 
1.02 1.04 1.04 1.02 1.06 1.01 1.05 1.06 1.05 1.03 1.06 1.03 1.04 1.04 1.02 1.04 1.06 1.04 1.01 1.04 
1.06 1.02 1.04 1.02 1.01 1.06 1.04 1.03 1.05 1.06 1.06 1.05 1.01 1.04 1.01 1.05 1.01 1.06 1.03 1.02 
1.03 1.06 1.03 1.05 1.05 1.06 1.02 1.04 1.02 1.04 1.02 1.01 1.05 1.04 1.04 1.04 1.02 1.01 1.02 1.05 
1.04 1.03 1.04 1.02 1.03 1.05 1.04 1.04 1.03 1.02 1.05 1.03 1.03 1.06 1.01 1.02 1.02 1.03 1.01 1.04 
1.05 1.06 1.03 1.04 1.02 1.01 1.04 1.05 1.06 1.03 1.04 1.01 1.02 1.05 1.04 1.04 1.04 1.01 1.04 1.04 
1.01 1.03 1.03 1.02 1.06 1.06 1.05 1.05 1.05 1.04 1.03 1.04 1.02 1.06 1.01 1.02 1.05 1.03 1.02 1.03 
1.05 1.04 1.01 1.03 1.06 1.05 1.01 1.01 1.03 1.06 1.03 1.04 1.04 1.05 1.03 1.06 1.05 1.04 1.05 1.05 
1.06 1.02 1.02 1.01 1.01 1.03 1.03 1.05 1.02 1.01 1.05 1.03 1.03 1.04 1.02 1.06 1.02 1.02 1.04 1.04 
1.06 1.03 1.03 1.04 1.04 1.03 1.02 1.02 1.04 1.01 1.03 1.03 1.05 1.03 1.06 1.06 1.04 1.03 1.06 1.04 
1.05 1.04 1.02 1.04 1.02 1.04 1.03 1.01 1.06 1.06 1.05 1.03 1.04 1.04 1.05 1.05 1.06 1.03 1.01 1.01 
1.02 1.01 1.04 1.01 1.02 1.05 1.06 1.06 1.04 1.05 1.06 1.05 1.03 1.04 1.05 1.03 1.02 1.02 1.06 1.06 
1.06 1.05 1.04 1.04 1.02 1.06 1.03 1.01 1.03 1.06 1.04 1.05 1.05 1.03 1.02 1.04 1.03 1.04 1.05 1.06 
1.05 1.01 1.05 1.05 1.03 1.02 1.02 1.03 1.01 1.04 1.01 1.04 1.02 1.04 1.03 1.02 1.02 1.06 1.01 1.01 
1.03 1.04 1.03 1.03 1.04 1.05 1.04 1.03 1.05 1.04 1.05 1.04 1.01 1.06 1.04 1.01 1.02 1.04 1.03 1.05 
1.01 1.04 1.02 1.01 1.02 1.02 1.03 1.06 1.05 1.04 1.02 1.05 1.04 1.02 1.04 1.02 1.04 1.04 1.06 1.03 
1.03 1.02 1.04 1.04 1.02 1.02 1.04 1.03 1.06 1.02 1.06 1.04 1.02 1.02 1.05 1.06 1.03 1.01 1.03 1.03 
1.06 1.04 1.01 1.06 1.03 1.02 1.04 1.03 1.05 1.01 1.06 1.01 1.04 1.03 1.05 1.04 1.05 1.04 1.06 1.04 
1.01 1.06 1.06 1.04 1.04 1.04 1.02 1.03 1.04 1.06 1.01 1.02 1.01 1.02 1.02 1.01 1.05 1.06 1.06 1.05 
1.06 1.06 1.01 1.01 1.06 1.03 1.02 1.03 1.04 1.04 1.06 1.06 1.02 1.04 1.04 1.02 1.03 1.04 1.03 1.05 
1.04 1.03 1.01 1.05 1.05 1.06 1.03 1.01 1.05 1.02 1.02 1.01 1.03 1.02 1.01 1.04 1.02 1.05 1.05 1.01 
1.02 1.05 1.06 1.01 1.06 1.06 1.04 1.04 1.01 1.01 1.06 1.01 1.01 1.02 1.05 1.06 1.05 1.05 1.04 1.01 
1.02 1.03 1.02 1.04 1.03 1.01 1.03 1.02 1.01 1.03 1.03 1.02 1.02 1.03 1.04 1.04 1.04 1.01 1.04 1.02 
1.06 1.03 1.05 1.02 1.01 1.01 1.06 1.02 1.03 1.03 1.03 1.03 1.02 1.01 1.02 1.04 1.03 1.04 1.05 1.02 
1.01 1.01 1.04 1.02 1.03 1.03 1.04 1.01 1.05 1.05 1.05 1.01 1.01 1.03 1.03 1.01 1.05 1.06 1.05 1.05 
1.02 1.06 1.06 1.06 1.05 1.05 1.03 1.02 1.04 1.03 1.03 1.04 1.02 1.01 1.02 1.02 1.03 1.03 1.06 1.02 
1.05 1.05 1.01 1.06 1.03 1.01 1.05 1.02 1.04 1.03 1.05 1.06 1.05 1.02 1.05 1.02 1.06 1.04 1.03 1.04 
1.02 1.05 1.06 1.01 1.05 1.03 1.06 1.02 1.04 1.06 1.06 1.05 1.02 1.04 1.06 1.05 1.03 1.04 1.03 1.02 
1.01 1.02 1.05 1.06 1.06 1.03 1.05 1.06 1.06 1.06 1.04 1.03 1.05 1.05 1.04 1.06 1.01 1.04 1.06 1.03 
1.02 1.05 1.01 1.05 1.05 1.06 1.05 1.02 1.01 1.02 1.01 1.01 1.05 1.03 1.06 1.02 1.05 1.01 1.03 1.04 
1.05 1.05 1.03 1.03 1.01 1.06 1.05 1.04 1.04 1.04 1.01 1.01 1.03 1.01 1.02 1.06 1.03 1.03 1.06 1.02 
1.01 1.02 1.06 1.04 1.04 1.05 1.05 1.01 1.05 1.06 1.04 1.05 1.06 1.01 1.01 1.03 1.06 1.01 1.04 1.06 
1.03 1.04 1.01 1.01 1.05 1.03 1.05 1.05 1.04 1.05 1.06 1.03 1.04 1.06 1.06 1.01 1.02 1.04 1.03 1.03 
1.01 1.06 1.02 1.06 1.06 1.04 1.02 1.02 1.02 1.06 1.05 1.04 1.03 1.03 1.02 1.04 1.01 1.05 1.02 1.06 
1.06 1.04 1.05 1.04 1.01 1.03 1.03 1.01 1.02 1.01 1.03 1.05 1.01 1.05 1.06 1.01 1.05 1.01 1.06 1.06 
1.02 1.06 1.02 1.03 1.05 1.03 1.03 1.03 1.04 1.06 1.06 1.06 1.02 1.01 1.03 1.03 1.03 1.05 1.02 1.03 
1.01 1.01 1.01 1.05 1.06 1.04 1.06 1.05 1.06 1.01 1.04 1.02 1.01 1.03 1.04 1.01 1.03 1.06 1.02 1.01 
1.01 1.02 1.01 1.02 1.04 1.04 1.05 1.06 1.02 1.05 1.01 1.01 1.05 1.05 1.01 1.05 1.05 1.05 1.02 1.04 
1.03 1.02 1.04 1.06 1.04 1.01 1.05 1.02 1.03 1.06 1.03 1.03 1.04 1.03 1.01 1.05 1.02 1.06 1.05 1.04 
1.04 1.01 1.04 1.01 1.03 1.06 1.03 1.06 1.01 1.04 1.03 1.01 1.03 1.05 1.02 1.01 1.05 1.01 1.02 1.01 
1.04 1.05 1.01 1.02 1.04 1.05 1.03 1.06 1.04 1.01 1.05 1.06 1.03 1.03 1.02 1.04 1.02 1.06 1.02 1.05 
1.02 1.05 1.03 1.04 1.01 1.04 1.04 1.05 1.06 1.04 1.01 1.05 1.03 1.04 1.02 1.02 1.03 1.04 1.05 1.04 
1.01 1.06 1.04 1.06 1.03 1.01 1.05 1.04 1.06 1.02 1.05 1.03 1.06 1.04 1.06 1.02 1.05 1.01 1.01 1.03 
1.02 1.05 1.06 1.05 1.03 1.05 1.02 1.06 1.04 1.04 1.03 1.02 1.06 1.03 1.02 1.06 1.04 1.05 1.06 1.06 
1.01 1.03 1.02 1.03 1.02 1.01 1.04 1.02 1.02 1.02 1.03 1.02 1.06 1.03 1.02 1.06 1.02 1.05 1.06 1.01 
1.06 1.05 1.04 1.04 1.03 1.05 1.05 1.03 1.06 1.05 1.03 1.03 1.04 1.05 1.01 1.03 1.05 1.06 1.06 1.03 
1.05 1.05 1.06 1.05 1.01 1.04 1.01 1.02 1.01 1.02 1.05 1.04 1.05 1.05 1.04 1.01 1.05 1.02 1.06 1.01 
1.03 1.03 1.06 1.04 1.02 1.01 1.06 1.01 1.02 1.04 1.01 1.04 1.02 1.05 1.04 1.05 1.03 1.04 1.04 1.01 
1.03 1.05 1.01 1.02 1.04 1.03 1.02 1.04 1.05 1.01 1.01 1.05 1.01 1.02 1.02 1.06 1.02 1.01 1.04 1.06 
1.05 1.03 1.05 1.05 1.01 1.02 1.03 1.04 1.05 1.02 1.03 1.01 1.04 1.04 1.04 1.02 1.03 1.03 1.02 1.06 
1.01 1.06 1.01 1.04 1.01 1.02 1.05 1.04 1.01 1.03 1.02 1.02 1.03 1.06 1.02 1.05 1.04 1.05 1.06 1.05 
1.04 1.02 1.02 1.05 1.06 1.05 1.04 1.05 1.01 1.06 1.06 1.04 1.02 1.02 1.05 1.03 1.02 1.05 1.05 1.03 
1.01 1.06 1.05 1.02 1.03 1.03 1.04 1.02 1.06 1.01 1.04 1.04 1.02 1.01 1.02 1.03 1.06 1.03 1.01 1.01 
1.05 1.03 1.05 1.03 1.06 1.05 1.04 1.03 1.01 1.01 1.03 1.02 1.06 1.02 1.04 1.05 1.01 1.01 1.04 1.06 
1.03 1.02 1.04 1.05 1.02 1.02 1.05 1.01 1.01 1.04 1.01 1.05 1.03 1.02 1.03 1.04 1.02 1.03 1.02 1.04 
1.02 1.02 1.02 1.03 1.03 1.06 1.04 1.06 1.01 1.01 1.03 1.04 1.05 1.02 1.06 1.03 1.04 1.06 1.01 1.03 
1.05 1.03 1.04 1.01 1.02 1.01 1.05 1.01 1.05 1.04 1.02 1.01 1.05 1.06 1.05 1.03 1.03 1.04 1.04 1.06 
1.02 1.01 1.03 1.05 1.02 1.01 1.04 1.03 1.02 1.04 1.05 1.04 1.01 1.04 1.06 1.06 1.05 1.01 1.01 1.01 
1.01 1.06 1.01 1.06 1.05 1.05 1.06 1.01 1.06 1.03 1.05 1.01 1.05 1.06 1.06 1.02 1.03 1.03 1.03 1.05 
1.03 1.04 1.05 1.06 1.06 1.04 1.05 1.04 1.02 1.05 1.03 1.06 1.05 1.05 1.01 1.06 1.03 1.02 1.05 1.02 
1.01 1.01 1.02 1.02 1.01 1.06 1.06 1.04 1.02 1.03 1.01 1.01 1.01 1.01 1.01 1.04 1.04 1.03 1.01 1.03 
1.04 1.01 1.06 1.04 1.02 1.05 1.06 1.01 1.03 1.05 1.04 1.03 1.03 1.04 1.01 1.05 1.06 1.05 1.03 1.01 
1.01 1.06 1.02 1.06 1.06 1.01 1.02 1.04 1.02 1.01 1.03 1.01 1.05 1.02 1.02 1.02 1.02 1.05 1.05 1.04 
1.04 1.03 1.05 1.05 1.06 1.04 1.06 1.06 1.04 1.02 1.06 1.05 1.02 1.02 1.05 1.05 1.02 1.06 1.01 1.01 
1.05 1.03 1.06 1.03 1.02 1.02 1.01 1.03 1.01 1.03 1.06 1.06 1.05 1.05 1.01 1.05 1.03 1.01 1.01 1.04 
1.05 1.01 1.06 1.03 1.06 1.02 1.05 1.02 1.02 1.02 1.02 1.02 1.03 1.02 1.06 1.05 1.04 1.01 1.04 1.05 
1.02 1.03 1.05 1.05 1.04 1.03 1.02 1.05 1.03 1.02 1.01 1.02 1.05 1.06 1.03 1.01 1.04 1.06 1.06 1.02 
1.01 1.05 1.03 1.02 1.03 1.06 1.01 1.03 1.03 1.03 1.01 1.04 1.04 1.03 1.03 1.04 1.02 1.03 1.02 1.04 
1.04 1.04 1.05 1.05 1.04 1.05 1.05 1.02 1.05 1.04 1.05 1.05 1.06 1.03 1.06 1.06 1.04 1.06 1.02 1.03 
1.04 1.06 1.06 1.01 1.02 1.01 1.03 1.01 1.06 1.03 1.03 1.01 1.03 1.01 1.01 1.06 1.02 1.02 1.03 1.05 
1.03 1.02 1.01 1.05 1.05 1.06 1.05 1.01 1.04 1.06 1.01 1.06 1.04 1.02 1.02 1.02 1.01 1.03 1.02 1.05 
1.06 1.01 1.02 1.05 1.05 1.06 1.05 1.03 1.01 1.02 1.01 1.01 1.02 1.04 1.03 1.02 1.06 1.04 1.04 1.02 
1.06 1.03 1.06 1.04 1.03 1.05 1.05 1.02 1.05 1.03 1.04 1.04 1.05 1.06 1.02 1.01 1.02 1.03 1.05 1.06 
1.05 1.01 1.01 1.01 1.05 1.01 1.03 1.03 1.04 1.01 1.03 1.01 1.06 1.05 1.06 1.03 1.03 1.02 1.04 1.01 
1.04 1.01 1.03 1.05 1.02 1.06 1.03 1.06 1.06 1.02 1.04 1.04 1.01 1.06 1.04 1.01 1.05 1.03 1.06 1.04 
1.04 1.04 1.05 1.01 1.03 1.01 1.01 1.05 1.02 1.05 1.01 1.01 1.03 1.04 1.01 1.01 1.05 1.04 1.05 1.01 
1.06 1.03 1.01 1.05 1.02 1.05 1.02 1.04 1.03 1.05 1.04 1.04 1.02 1.03 1.01 1.01 1.02 1.02 1.01 1.03 
1.04 1.04 1.02 1.05 1.03 1.06 1.06 1.03 1.05 1.06 1.02 1.03 1.05 1.02 1.01 1.02 1.01 1.05 1.06 1.02 
1.01 1.06 1.05 1.01 1.01 1.06 1.02 1.02 1.01 1.06 1.05 1.01 1.03 1.01 1.04 1.06 1.04 1.01 1.01 1.04 
1.06 1.01 1.06 1.05 1.06 1.05 1.01 1.06 1.02 1.02 1.06 1.05 1.01 1.04 1.04 1.04 1.04 1.05 1.06 1.05 
1.03 1.02 1.01 1.02 1.05 1.06 1.05 1.04 1.03 1.05 1.02 1.03 1.03 1.01 1.04 1.01 1.05 1.01 1.02 1.06 
1.01 1.04 1.06 1.02 1.03 1.05 1.01 1.04 1.05 1.04 1.01 1.05 1.06 1.04 1.06 1.02 1.02 1.03 1.04 1.05 
1.05 1.04 1.01 1.01 1.05 1.03 1.01 1.04 1.05 1.04 1.01 1.03 1.05 1.01 1.03 1.06 1.01 1.03 1.02 1.06 
1.05 1.03 1.04 1.05 1.01 1.05 1.02 1.04 1.06 1.02 1.03 1.02 1.04 1.06 1.04 1.02 1.02 1.01 1.05 1.05 
1.01 1.01 1.05 1.03 1.03 1.06 1.03 1.05 1.03 1.06 1.02 1.03 1.01 1.04 1.02 1.04 1.03 1.05 1.03 1.05 
1.01 1.02 1.04 1.05 1.03 1.03 1.04 1.05 1.01 1.06 1.02 1.01 1.03 1.03 1.03 1.05 1.04 1.03 1.06 1.03 
1.04 1.04 1.01 1.04 1.01 1.06 1.02 1.01 1.02 1.06 1.04 1.06 1.03 1.04 1.06 1.03 1.03 1.02 1.05 1.03 
1.02 1.06 1.03 1.05 1.02 1.06 1.01 1.05 1.02 1.05 1.03 1.01 1.03 1.03 1.01 1.02 1.06 1.05 1.06 1.06 
1.05 1.06 1.01 1.04 1.02 1.06 1.01 1.05 1.04 1.04 1.05 1.05 1.06 1.06 1.04 1.02 1.02 1.02 1.03 1.05 
1.01 1.01 1.04 1.06 1.01 1.04 1.03 1.05 1.02 1.03 1.06 1.04 1.03 1.01 1.04 1.06 1.01 1.05 1.05 1.02 
1.01 1.01 1.01 1.02 1.02 1.04 1.01 1.03 1.02 1.02 1.03 1.02 1.01 1.05 1.03 1.06 1.02 1.01 1.05 1.06 
1.06 1.06 1.06 1.06 1.04 1.03 1.06 1.01 1.01 1.01 1.02 1.05 1.02 1.02 1.02 1.05 1.04 1.06 1.03 1.04 
1.02 1.05 1.02 1.01 1.04 1.03 1.03 1.04 1.01 1.06 1.06 1.03 1.01 1.06 1.02 1.03 1.05 1.06 1.03 1.03 
1.03 1.06 1.03 1.06 1.02 1.03 1.02 1.01 1.03 1.06 1.04 1.04 1.03 1.05 1.01 1.05 1.02 1.03 1.05 1.02 
1.04 1.05 1.06 1.04 1.05 1.01 1.01 1.06 1.01 1.01 1.05 1.01 1.05 1.04 1.05 1.02 1.04 1.02 1.03 1.02 
