20
300
64 22 32 55 58 14 64 50 18 85 23 5 71 77 40 76 71 87 14 29 7 1 13 25 59 39 14 6 92 1 46 68 39 60 74 38 87 49 57 19 98 64 52 8 68 42 66 72 77 40 80 99 24 21 23 7 76 29 90 1 30 52 85 2 91 34 98 61 67 16 62 12 25 88 31 85 25 28 21 35 76 44 61 8 11 85 65 82 39 53 94 89 79 96 54 67 54 35 62 11 99 40 7 70 30 49 70 55 1 45 54 52 59 24 17 69 47 69 95 45 24 85 58 71 100 15 9 55 75 51 60 28 45 87 8 8 26 7 87 62 56 7 61 88 26 99 76 22 45 37 85 1 80 35 16 34 80 67 58 33 43 35 89 50 96 46 96 51 68 18 32 80 75 56 94 46 90 56 1 62 39 98 62 57 2 9 39 95 67 66 29 9 60 5 49 98 4 50 92 95 56 74 94 63 69 38 24 39 74 13 98 41 99 10 76 34 62 13 66 58 74 35 69 32 41 82 44 23 50 17 73 79 2 63 64 63 50 23 77 51 50 57 69 4 53 51 57 87 45 86 6 50 40 49 80 58 74 14 45 26 9 81 29 11 31 74 72 89 19 58 95 40 63 68 23 51 87 43 26 49 14 32 7 60 29 66 48 14 100 86 98 74 85 88 40 80 10 25 48 37 
2 2 3 1 3 3 3 1 3 2 2 1 3 1 1 2 3 1 3 1 
1.02 1.04 1.05 1.03 1.05 1.02 1.04 1.06 1.03 1.06 1.01 1.02 1.04 1.06 1.01 1.04 1.03 1.01 1.01 1.05 
1.05 1.01 1.03 1.04 1.06 1.01 1.05 1.06 1.05 1.04 1.05 1.05 1.06 1.06 1.01 1.05 1.04 1.03 1.05 1.02 
1.01 1.05 1.05 1.02 1.06 1.01 1.02 1.02 1.06 1.01 1.03 1.04 1.01 1.01 1.05 1.06 1.04 1.04 1.01 1.03 
1.06 1.03 1.05 1.05 1.05 1.02 1.06 1.03 1.06 1.05 1.01 1.01 1.01 1.02 1.06 1.03 1.04 1.04 1.04 1.04 
1.06 1.02 1.05 1.03 1.03 1.06 1.01 1.02 1.02 1.04 1.03 1.01 1.03 1.04 1.04 1.05 1.02 1.02 1.01 1.03 
1.06 1.01 1.06 1.01 1.05 1.01 1.02 1.06 1.01 1.01 1.05 1.01 1.06 1.06 1.03 1.05 1.04 1.01 1.05 1.05 
1.03 1.03 1.06 1.06 1.01 1.03 1.03 1.06 1.01 1.05 1.06 1.02 1.04 1.01 1.06 1.05 1.04 1.04 1.02 1.02 
1.04 1.02 1.04 1.02 1.04 1.03 1.03 1.01 1.03 1.02 1.01 1.04 1.05 1.01 1.03 1.05 1.02 1.06 1.06 1.02 
1.05 1.02 1.01 1.03 1.05 1.03 1.01 1.03 1.03 1.06 1.03 1.01 1.02 1.05 1.01 1.04 1.01 1.03 1.03 1.05 
1.05 1.01 1.06 1.02 1.02 1.03 1.06 1.06 1.06 1.02 1.05 1.04 1.01 1.05 1.05 1.05 1.02 1.05 1.06 1.02 
1.04 1.05 1.01 1.05 1.05 1.02 1.01 1.03 1.02 1.03 1.02 1.04 1.06 1.02 1.04 1.02 1.04 1.01 1.05 1.06 
1.06 1.03 1.06 1.03 1.03 1.03 1.06 1.03 1.01 1.05 1.06 1.02 1.01 1.04 1.04 1.05 1.03 1.02 1.02 1.04 
1.02 1.03 1.03 1.03 1.04 1.01 1.01 1.03 1.06 1.06 1.02 1.04 1.03 1.02 1.06 1.02 1.03 1.02 1.02 1.05 
1.01 1.03 1.02 1.02 1.05 1.03 1.02 1.01 1.01 1.05 1.04 1.03 1.05 1.05 1.05 1.01 1.04 1.06 1.06 1.02 
1.04 1.01 1.05 1.02 1.03 1.02 1.04 1.04 1.02 1.02 1.04 1.06 1.02 1.05 1.06 1.01 1.01 1.01 1.06 1.04 
1.02 1.05 1.02 1.05 1.05 1.03 1.02 1.05 1.05 1.03 1.05 1.06 1.06 1.02 1.03 1.05 1.01 1.05 1.02 1.02 
1.03 1.05 1.05 1.02 1.05 1.02 1.04 1.04 1.04 1.03 1.03 1.01 1.02 1.02 1.02 1.06 1.02 1.03 1.06 1.06 
1.02 1.03 1.05 1.01 1.04 1.03 1.03 1.05 1.04 1.03 1.02 1.03 1.01 1.01 1.01 1.04 1.03 1.04 1.01 1.02 
1.01 1.05 1.01 1.03 1.02 1.04 1.06 1.01 1.02 1.03 1.04 1.03 1.05 1.06 1.02 1.04 1.05 1.05 1.05 1.01 
1.06 1.04 1.02 1.05 1.01 1.02 1.06 1.06 1.05 1.04 1.04 1.05 1.02 1.04 1.04 1.01 1.01 1.05 1.04 1.05 
1.03 1.05 1.03 1.01 1.04 1.01 1.02 1.02 1.01 1.05 1.03 1.01 1.06 1.04 1.03 1.01 1.01 1.01 1.04 1.05 
1.05 1.03 1.04 1.04 1.05 1.04 1.04 1.04 1.03 1.01 1.05 1.06 1.06 1.06 1.02 1.03 1.03 1.03 1.04 1.04 
1.06 1.03 1.02 1.06 1.01 1.02 1.02 1.02 1.01 1.04 1.03 1.04 1.01 1.03 1.05 1.05 1.05 1.01 1.02 1.01 
1.02 1.03 1.02 1.03 1.06 1.06 1.03 1.05 1.02 1.04 1.06 1.03 1.02 1.06 1.02 1.01 1.01 1.02 1.03 1.05 
1.04 1.04 1.06 1.01 1.05 1.06 1.03 1.01 1.05 1.06 1.02 1.04 1.05 1.03 1.03 1.06 1.04 1.01 1.06 1.06 
1.01 1.02 1.02 1.05 1.02 1.06 1.05 1.05 1.01 1.05 1.02 1.05 1.03 1.02 1.04 1.05 1.01 1.06 1.06 1.04 
1.03 1.03 1.04 1.04 1.06 1.03 1.04 1.06 1.04 1.03 1.03 1.05 1.02 1.02 1.05 1.03 1.05 1.05 1.06 1.01 
1.03 1.01 1.01 1.01 1.06 1.02 1.05 1.04 1.05 1.01 1.04 1.05 1.02 1.02 1.05 1.05 1.03 1.03 1.03 1.01 
1.06 1.02 1.04 1.03 1.01 1.05 1.05 1.05 1.02 1.01 1.03 1.04 1.04 1.03 1.06 1.02 1.04 1.06 1.01 1.03 
1.06 1.06 1.03 1.03 1.03 1.05 1.05 1.03 1.04 1.03 1.01 1.04 1.03 1.06 1.05 1.05 1.06 1.01 1.04 1.06 
1.03 1.04 1.04 1.05 1.01 1.01 1.02 1.02 1.04 1.02 1.04 1.02 1.05 1.03 1.03 1.02 1.04 1.06 1.03 1.05 
1.04 1.05 1.03 1.02 1.04 1.03 1.04 1.01 1.02 1.03 1.05 1.04 1.06 1.06 1.02 1.06 1.02 1.04 1.04 1.06 
1.04 1.06 1.01 1.04 1.03 1.02 1.02 1.05 1.02 1.04 1.01 1.06 1.01 1.01 1.03 1.04 1.06 1.01 1.03 1.02 
1.06 1.01 1.05 1.06 1.02 1.04 1.05 1.04 1.02 1.06 1.04 1.05 1.05 1.01 1.05 1.04 1.02 1.02 1.06 1.02 
1.04 1.01 1.01 1.04 1.04 1.01 1.05 1.01 1.01 1.04 1.06 1.06 1.01 1.01 1.02 1.01 1.06 1.06 1.02 1.04 
1.05 1.06 1.06 1.04 1.01 1.05 1.06 1.05 1.03 1.02 1.02 1.04 1.04 1.04 1.06 1.01 1.04 1.05 1.03 1.01 
1.06 1.01 1.01 1.06 1.01 1.05 1.02 1.04 1.04 1.01 1.03 1.01 1.04 1.06 1.03 1.02 1.01 1.04 1.06 1.02 
1.06 1.03 1.01 1.03 1.04 1.05 1.02 1.02 1.04 1.06 1.06 1.01 1.02 1.06 1.04 1.02 1.04 1.05 1.06 1.02 
1.05 1.06 1.02 1.06 1.02 1.01 1.01 1.02 1.02 1.03 1.05 1.03 1.03 1.02 1.02 1.06 1.01 1.03 1.02 1.05 
1.06 1.04 1.02 1.03 1.01 1.01 1.01 1.05 1.05 1.03 1.04 1.01 1.06 1.05 1.04 1.06 1.05 1.01 1.04 1.03 
1.06 1.04 1.02 1.01 1.06 1.05 1.01 1.06 1.06 1.04 1.02 1.03 1.04 1.03 1.05 1.01 1.02 1.06 1.05 1.04 
1.01 1.06 1.04 1.02 1.05 1.04 1.05 1.02 1.04 1.02 1.01 1.04 1.02 1.01 1.05 1.06 1.02 1.06 1.04 1.06 
1.04 1.02 1.02 1.03 1.02 1.03 1.02 1.04 1.03 1.05 1.03 1.06 1.04 1.04 1.02 1.02 1.03 1.03 1.06 1.04 
1.04 1.06 1.02 1.06 1.03 1.02 1.04 1.01 1.01 1.03 1.06 1.05 1.06 1.01 1.05 1.02 1.02 1.02 1.06 1.05 
1.04 1.04 1.03 1.04 1.01 1.04 1.01 1.04 1.01 1.06 1.01 1.03 1.05 1.01 1.06 1.05 1.05 1.02 1.06 1.06 
1.01 1.03 1.02 1.01 1.04 1.06 1.01 1.01 1.04 1.06 1.05 1.02 1.02 1.03 1.01 1.02 1.05 1.03 1.05 1.06 
1.03 1.04 1.04 1.01 1.02 1.03 1.05 1.04 1.02 1.05 1.03 1.02 1.05 1.06 1.05 1.01 1.02 1.01 1.04 1.03 
1.06 1.05 1.03 1.01 1.01 1.03 1.04 1.03 1.01 1.03 1.02 1.06 1.04 1.04 1.04 1.04 1.02 1.02 1.05 1.06 
1.04 1.01 1.06 1.06 1.06 1.04 1.01 1.01 1.05 1.03 1.03 1.05 1.04 1.02 1.05 1.05 1.05 1.04 1.06 1.05 
1.01 1.04 1.01 1.04 1.03 1.02 1.03 1.01 1.05 1.01 1.03 1.02 1.06 1.01 1.04 1.04 1.02 1.01 1.04 1.04 
1.02 1.01 1.01 1.01 1.02 1.05 1.03 1.03 1.06 1.06 1.01 1.02 1.03 1.02 1.05 1.02 1.04 1.05 1.01 1.05 
1.04 1.06 1.03 1.05 1.02 1.01 1.04 1.04 1.06 1.03 1.06 1.06 1.01 1.05 1.05 1.06 1.05 1.04 1.01 1.03 
1.03 1.03 1.03 1.03 1.02 1.01 1.06 1.01 1.03 1.03 1.03 1.03 1.02 1.03 1.01 1.02 1.02 1.01 1.02 1.01 
1.03 1.01 1.05 1.04 1.05 1.05 1.05 1.02 1.04 1.02 1.01 1.04 1.05 1.01 1.05 1.01 1.03 1.06 1.06 1.05 
1.05 1.04 1.01 1.06 1.01 1.04 1.04 1.06 1.05 1.05 1.06 1.03 1.05 1.04 1.05 1.01 1.03 1.05 1.01 1.05 
1.04 1.02 1.04 1.03 1.03 1.04 1.04 1.03 1.05 1.04 1.02 1.05 1.01 1.02 1.03 1.06 1.05 1.03 1.06 1.05 
1.02 1.05 1.02 1.03 1.02 1.06 1.04 1.01 1.03 1.05 1.01 1.05 1.03 1.01 1.01 1.05 1.01 1.02 1.06 1.04 
1.04 1.01 1.04 1.01 1.04 1.02 1.02 1.01 1.03 1.04 1.03 1.02 1.05 1.06 1.06 1.04 1.05 1.02 1.02 1.03 
1.04 1.06 1.01 1.06 1.03 1.06 1.06 1.05 1.01 1.05 1.01 1.04 1.05 1.04 1.02 1.01 1.05 1.06 1.02 1.03 
1.04 1.03 1.02 1.05 1.04 1.01 1.06 1.05 1.05 1.06 1.01 1.01 1.03 1.05 1.06 1.03 1.01 1.03 1.05 1.01 
1.02 1.05 1.05 1.03 1.01 1.05 1.05 1.01 1.06 1.01 1.02 1.03 1.05 1.02 1.04 1.05 1.06 1.06 1.02 1.03 
1.03 1.02 1.06 1.06 1.02 1.04 1.04 1.01 1.04 1.02 1.02 1.01 1.01 1.05 1.03 1.05 1.06 1.06 1.01 1.05 
1.03 1.01 1.06 1.04 1.04 1.04 1.05 1.04 1.02 1.02 1.05 1.01 1.04 1.04 1.02 1.02 1.06 1.04 1.01 1.05 
1.02 1.04 1.02 1.06 1.02 1.03 1.01 1.01 1.02 1.03 1.02 1.02 1.01 1.05 1.02 1.01 1.03 1.05 1.05 1.04 
1.01 1.01 1.02 1.02 1.04 1.02 1.02 1.02 1.03 1.05 1.01 1.01 1.06 1.01 1.01 1.04 1.04 1.01 1.05 1.05 
1.02 1.04 1.01 1.01 1.03 1.01 1.01 1.01 1.02 1.02 1.06 1.01 1.04 1.03 1.05 1.01 1.03 1.01 1.04 1.01 
1.02 1.03 1.01 1.04 1.05 1.06 1.05 1.04 1.06 1.03 1.02 1.01 1.01 1.04 1.02 1.05 1.05 1.01 1.05 1.06 
1.01 1.04 1.06 1.02 1.05 1.06 1.06 1.04 1.04 1.05 1.06 1.06 1.04 1.02 1.01 1.03 1.05 1.06 1.01 1.03 
1.02 1.05 1.01 1.05 1.05 1.05 1.02 1.02 1.04 1.02 1.06 1.06 1.06 1.02 1.05 1.03 1.04 1.02 1.02 1.04 
1.02 1.03 1.01 1.02 1.05 1.04 1.01 1.03 1.03 1.04 1.05 1.02 1.03 1.01 1.04 1.02 1.05 1.06 1.03 1.03 
1.01 1.03 1.05 1.02 1.05 1.01 1.03 1.05 1.06 1.01 1.05 1.06 1.02 1.04 1.02 1.06 1.02 1.03 1.02 1.03 
1.06 1.05 1.02 1.06 1.04 1.03 1.01 1.06 1.02 1.04 1.03 1.03 1.02 1.04 1.01 1.02 1.06 1.01 1.03 1.03 
1.02 1.06 1.05 1.03 1.06 1.04 1.04 1.02 1.03 1.02 1.05 1.06 1.06 1.05 1.03 1.04 1.05 1.02 1.03 1.02 
1.03 1.01 1.01 1.03 1.03 1.04 1.04 1.03 1.05 1.05 1.02 1.01 1.03 1.05 1.05 1.02 1.02 1.04 1.01 1.01 
1.03 1.01 1.02 1.03 1.02 1.05 1.03 1.01 1.05 1.04 1.02 1.06 1.02 1.05 1.01 1.04 1.01 1.03 1.04 1.02 
1.01 1.04 1.01 1.01 1.03 1.03 1.05 1.04 1.03 1.05 1.03 1.01 1.03 1.03 1.05 1.04 1.05 1.03 1.02 1.01 
1.04 1.03 1.06 1.05 1.01 1.04 1.05 1.06 1.05 1.01 1.01 1.04 1.05 1.04 1.04 1.02 1.04 1.01 1.03 1.06 
1.04 1.02 1.02 1.06 1.05 1.03 1.01 1.02 1.03 1.06 1.02 1.03 1.01 1.03 1.05 1.02 1.01 1.02 1.02 1.02 
1.02 1.04 1.05 1.06 1.02 1.04 1.05 1.05 1.04 1.03 1.04 1.02 1.02 1.04 1.04 1.01 1.06 1.01 1.02 1.06 
1.06 1.06 1.01 1.01 1.03 1.04 1.04 1.06 1.03 1.02 1.04 1.06 1.05 1.04 1.01 1.04 1.06 1.06 1.05 1.06 
1.03 1.01 1.06 1.05 1.01 1.03 1.03 1.05 1.03 1.05 1.04 1.05 1.01 1.02 1.05 1.01 1.04 1.04 1.04 1.02 
1.04 1.06 1.01 1.05 1.04 1.01 1.04 1.01 1.03 1.02 1.03 1.03 1.01 1.05 1.04 1.06 1.02 1.02 1.05 1.02 
1.06 1.02 1.02 1.04 1.01 1.03 1.06 1.03 1.01 1.05 1.01 1.01 1.04 1.05 1.04 1.05 1.01 1.03 1.04 1.03 
1.04 1.02 1.05 1.05 1.04 1.05 1.02 1.06 1.02 1.03 1.02 1.04 1.02 1.05 1.04 1.04 1.03 1.03 1.04 1.03 
1.06 1.03 1.05 1.06 1.02 1.03 1.02 1.01 1.03 1.06 1.05 1.05 1.04 1.01 1.05 1.04 1.04 1.06 1.06 1.06 
1.01 1.06 1.02 1.04 1.04 1.06 1.06 1.06 1.06 1.05 1.06 1.06 1.04 1.06 1.02 1.01 1.02 1.01 1.05 1.04 
1.03 1.04 1.06 1.05 1.04 1.01 1.01 1.05 1.05 1.06 1.03 1.03 1.01 1.01 1.06 1.06 1.04 1.04 1.03 1.05 
1.04 1.05 1.05 1.01 1.06 1.03 1.01 1.05 1.03 1.01 1.03 1.03 1.02 1.04 1.05 1.02 1.04 1.01 1.03 1.03 
1.02 1.05 1.03 1.06 1.01 1.04 1.05 1.05 1.01 1.05 1.03 1.06 1.01 1.03 1.01 1.05 1.01 1.06 1.04 1.05 
1.06 1.05 1.03 1.03 1.02 1.04 1.02 1.03 1.02 1.05 1.04 1.01 1.02 1.05 1.02 1.02 1.02 1.05 1.02 1.04 
1.03 1.05 1.02 1.01 1.02 1.06 1.06 1.04 1.01 1.05 1.03 1.04 1.05 1.06 1.05 1.02 1.03 1.04 1.06 1.01 
1.02 1.02 1.01 1.06 1.06 1.02 1.03 1.04 1.01 1.06 1.05 1.02 1.01 1.02 1.01 1.03 1.04 1.04 1.03 1.03 
1.06 1.02 1.03 1.05 1.05 1.02 1.05 1.03 1.01 1.06 1.05 1.05 1.05 1.02 1.04 1.04 1.04 1.04 1.04 1.06 
1.03 1.03 1.02 1.04 1.02 1.06 1.05 1.03 1.03 1.03 1.06 1.05 1.05 1.05 1.01 1.05 1.06 1.06 1.01 1.04 
1.04 1.06 1.03 1.01 1.01 1.03 1.01 1.02 1.06 1.01 1.05 1.05 1.02 1.01 1.04 1.05 1.06 1.01 1.04 1.06 
1.06 1.05 1.05 1.05 1.01 1.06 1.03 1.03 1.03 1.05 1.06 1.05 1.04 1.03 1.03 1.02 1.02 1.02 1.02 1.06 
1.01 1.05 1.03 1.06 1.02 1.04 1.02 1.04 1.06 1.05 1.06 1.03 1.02 1.04 1.01 1.04 1.03 1.05 1.03 1.02 
1.01 1.05 1.02 1.05 1.06 1.02 1.06 1.01 1.02 1.06 1.02 1.05 1.04 1.04 1.05 1.06 1.02 1.02 1.05 1.03 
1.04 1.05 1.05 1.01 1.05 1.03 1.06 1.01 1.05 1.01 1.06 1.03 1.02 1.05 1.05 1.05 1.01 1.05 1.01 1.01 
1.06 1.05 1.01 1.05 1.06 1.02 1.03 1.04 1.01 1.03 1.03 1.01 1.01 1.03 1.06 1.01 1.04 1.04 1.02 1.05 
1.04 1.06 1.04 1.02 1.01 1.06 1.06 1.01 1.06 1.05 1.05 1.06 1.02 1.04 1.01 1.03 1.01 1.06 1.01 1.03 
1.05 1.03 1.06 1.06 1.06 1.06 1.03 1.03 1.05 1.02 1.06 1.06 1.05 1.02 1.03 1.04 1.01 1.03 1.04 1.01 
1.03 1.06 1.05 1.04 1.02 1.01 1.03 1.02 1.03 1.06 1.04 1.04 1.03 1.02 1.02 1.02 1.01 1.01 1.04 1.02 
1.03 1.01 1.02 1.03 1.02 1.05 1.05 1.06 1.04 1.03 1.01 1.04 1.05 1.02 1.02 1.03 1.04 1.02 1.06 1.02 
1.04 1.04 1.06 1.03 1.03 1.02 1.03 1.06 1.05 1.02 1.06 1.01 1.01 1.02 1.05 1.05 1.01 1.01 1.05 1.03 
1.05 1.02 1.01 1.02 1.06 1.03 1.01 1.01 1.05 1.03 1.02 1.06 1.04 1.04 1.01 1.03 1.04 1.02 1.03 1.03 
1.01 1.01 1.03 1.01 1.05 1.03 1.03 1.03 1.05 1.06 1.06 1.06 1.01 1.03 1.01 1.02 1.04 1.03 1.05 1.03 
1.06 1.02 1.05 1.02 1.05 1.06 1.05 1.04 1.01 1.02 1.02 1.02 1.01 1.04 1.02 1.03 1.02 1.02 1.06 1.04 
1.05 1.06 1.02 1.01 1.02 1.04 1.01 1.02 1.05 1.02 1.04 1.03 1.03 1.01 1.04 1.03 1.02 1.03 1.03 1.04 
1.06 1.04 1.06 1.06 1.06 1.01 1.06 1.04 1.05 1.06 1.03 1.03 1.04 1.05 1.01 1.03 1.05 1.01 1.01 1.06 
1.02 1.02 1.06 1.04 1.01 1.04 1.03 1.03 1.06 1.06 1.02 1.04 1.04 1.05 1.05 1.05 1.05 1.03 1.02 1.05 
1.06 1.01 1.06 1.01 1.06 1.01 1.03 1.04 1.04 1.03 1.02 1.03 1.05 1.02 1.01 1.05 1.01 1.03 1.02 1.01 
1.06 1.01 1.05 1.01 1.02 1.03 1.02 1.06 1.04 1.06 1.06 1.01 1.05 1.02 1.01 1.06 1.01 1.01 1.01 1.01 
1.04 1.01 1.02 1.04 1.02 1.04 1.02 1.05 1.01 1.04 1.05 1.06 1.06 1.03 1.05 1.05 1.01 1.02 1.04 1.02 
1.02 1.06 1.01 1.01 1.06 1.01 1.01 1.03 1.03 1.05 1.06 1.02 1.04 1.02 1.01 1.05 1.04 1.05 1.04 1.01 
1.04 1.04 1.05 1.03 1.01 1.04 1.05 1.04 1.05 1.06 1.04 1.04 1.04 1.05 1.02 1.01 1.03 1.05 1.01 1.02 
1.01 1.03 1.04 1.04 1.04 1.05 1.02 1.06 1.06 1.06 1.03 1.04 1.02 1.03 1.05 1.05 1.01 1.04 1.06 1.03 
1.04 1.04 1.04 1.01 1.04 1.05 1.05 1.02 1.04 1.04 1.01 1.04 1.05 1.01 1.01 1.02 1.05 1.04 1.01 1.04 
1.02 1.02 1.05 1.01 1.04 1.03 1.03 1.03 1.03 1.01 1.01 1.02 1.01 1.06 1.06 1.04 1.06 1.02 1.06 1.01 
1.05 1.02 1.03 1.01 1.03 1.01 1.05 1.01 1.05 1.01 1.03 1.01 1.05 1.06 1.04 1.05 1.03 1.04 1.03 1.06 
1.06 1.05 1.03 1.06 1.03 1.06 1.05 1.02 1.03 1.02 1.06 1.01 1.06 1.03 1.05 1.02 1.05 1.01 1.02 1.02 
1.01 1.01 1.06 1.04 1.02 1.06 1.01 1.03 1.01 1.04 1.01 1.02 1.02 1.02 1.06 1.04 1.02 1.05 1.05 1.04 
1.06 1.01 1.05 1.05 1.01 1.05 1.05 1.04 1.02 1.05 1.01 1.03 1.04 1.06 1.02 1.02 1.03 1.01 1.06 1.05 
1.01 1.06 1.04 1.02 1.04 1.03 1.06 1.05 1.05 1.01 1.06 1.03 1.03 1.05 1.03 1.01 1.02 1.03 1.04 1.01 
1.06 1.06 1.05 1.01 1.02 1.04 1.02 1.02 1.05 1.04 1.01 1.04 1.02 1.01 1.05 1.05 1.06 1.06 1.04 1.04 
1.01 1.02 1.03 1.03 1.05 1.01 1.05 1.01 1.01 1.05 1.01 1.04 1.03 1.02 1.04 1.04 1.02 1.03 1.04 1.03 
1.06 1.05 1.05 1.01 1.06 1.05 1.06 1.02 1.05 1.02 1.06 1.04 1.04 1.02 1.03 1.03 1.05 1.03 1.02 1.02 
1.02 1.06 1.04 1.05 1.05 1.01 1.04 1.06 1.03 1.03 1.06 1.01 1.05 1.03 1.05 1.03 1.03 1.05 1.01 1.02 
1.04 1.02 1.06 1.02 1.03 1.03 1.06 1.02 1.02 1.06 1.06 1.04 1.02 1.06 1.05 1.05 1.05 1.05 1.06 1.04 
1.05 1.02 1.03 1.01 1.03 1.06 1.03 1.01 1.02 1.01 1.06 1.06 1.03 1.04 1.03 1.06 1.03 1.04 1.04 1.03 
1.02 1.03 1.03 1.06 1.02 1.02 1.02 1.06 1.06 1.06 1.06 1.03 1.05 1.02 1.03 1.03 1.04 1.06 1.05 1.01 
1.06 1.01 1.03 1.01 1.01 1.02 1.03 1.03 1.02 1.06 1.03 1.01 1.03 1.05 1.01 1.05 1.05 1.02 1.04 1.01 
1.04 1.04 1.04 1.05 1.04 1.02 1.06 1.06 1.01 1.03 1.02 1.06 1.02 1.03 1.03 1.05 1.05 1.03 1.03 1.05 
1.01 1.03 1.03 1.05 1.06 1.05 1.04 1.02 1.01 1.06 1.02 1.01 1.06 1.01 1.03 1.04 1.04 1.02 1.05 1.04 
1.04 1.01 1.04 1.06 1.03 1.03 1.01 1.05 1.03 1.02 1.03 1.03 1.03 1.02 1.03 1.02 1.04 1.05 1.01 1.02 
1.04 1.02 1.06 1.01 1.01 1.03 1.03 1.03 1.02 1.04 1.03 1.02 1.02 1.03 1.01 1.02 1.01 1.05 1.05 1.01 
1.06 1.03 1.05 1.05 1.06 1.01 1.06 1.04 1.04 1.04 1.03 1.04 1.01 1.01 1.04 1.06 1.05 1.02 1.02 1.03 
1.02 1.02 1.04 1.03 1.02 1.03 1.05 1.02 1.02 1.02 1.03 1.05 1.03 1.01 1.06 1.03 1.06 1.06 1.02 1.02 
1.04 1.06 1.04 1.02 1.05 1.05 1.06 1.06 1.05 1.05 1.05 1.06 1.01 1.04 1.06 1.02 1.05 1.06 1.05 1.03 
1.03 1.02 1.04 1.02 1.02 1.06 1.06 1.05 1.06 1.05 1.05 1.05 1.01 1.02 1.02 1.05 1.06 1.01 1.03 1.06 
1.05 1.02 1.01 1.03 1.02 1.02 1.04 1.02 1.01 1.01 1.02 1.02 1.01 1.04 1.02 1.01 1.05 1.02 1.06 1.04 
1.03 1.04 1.04 1.02 1.06 1.06 1.03 1.05 1.01 1.04 1.03 1.04 1.06 1.01 1.02 1.01 1.03 1.04 1.04 1.05 
1.06 1.04 1.02 1.03 1.06 1.01 1.03 1.04 1.03 1.05 1.02 1.02 1.06 1.04 1.03 1.06 1.05 1.03 1.02 1.05 
1.01 1.06 1.02 1.02 1.05 1.04 1.02 1.05 1.03 1.06 1.06 1.06 1.02 1.03 1.01 1.03 1.03 1.03 1.06 1.01 
1.03 1.01 1.06 1.02 1.01 1.03 1.04 1.06 1.04 1.01 1.02 1.01 1.04 1.01 1.01 1.03 1.02 1.05 1.03 1.04 
1.04 1.06 1.02 1.03 1.05 1.04 1.03 1.04 1.01 1.04 1.03 1.01 1.06 1.02 1.01 1.05 1.06 1.06 1.02 1.01 
1.02 1.03 1.04 1.06 1.03 1.05 1.03 1.04 1.04 1.05 1.05 1.06 1.01 1.05 1.03 1.06 1.01 1.03 1.05 1.05 
1.06 1.06 1.01 1.04 1.05 1.06 1.03 1.01 1.05 1.06 1.05 1.04 1.02 1.03 1.01 1.01 1.03 1.04 1.04 1.02 
1.06 1.05 1.01 1.01 1.03 1.03 1.03 1.02 1.04 1.03 1.01 1.02 1.05 1.03 1.02 1.01 1.06 1.05 1.02 1.02 
1.01 1.03 1.03 1.02 1.03 1.06 1.04 1.02 1.02 1.05 1.02 1.04 1.04 1.03 1.06 1.06 1.02 1.04 1.02 1.04 
1.04 1.06 1.03 1.06 1.01 1.06 1.06 1.01 1.01 1.02 1.02 1.06 1.06 1.06 1.03 1.05 1.05 1.02 1.04 1.04 
1.03 1.03 1.06 1.04 1.02 1.04 1.06 1.01 1.05 1.02 1.01 1.06 1.05 1.03 1.04 1.06 1.02 1.05 1.06 1.05 
1.05 1.01 1.06 1.05 1.02 1.04 1.02 1.06 1.02 1.02 1.04 1.03 1.01 1.02 1.02 1.02 1.03 1.02 1.03 1.05 
1.03 1.05 1.05 1.02 1.04 1.04 1.05 1.03 1.06 1.01 1.06 1.02 1.01 1.03 1.03 1.06 1.01 1.02 1.06 1.02 
1.02 1.02 1.03 1.06 1.04 1.01 1.02 1.04 1.01 1.03 1.06 1.03 1.06 1.04 1.02 1.05 1.06 1.06 1.06 1.04 
1.02 1.06 1.04 1.01 1.01 1.05 1.03 1.02 1.02 1.05 1.03 1.02 1.01 1.04 1.01 1.05 1.03 1.06 1.06 1.01 
1.02 1.05 1.05 1.06 1.01 1.06 1.04 1.01 1.01 1.01 1.03 1.04 1.06 1.03 1.05 1.03 1.02 1.01 1.04 1.04 
1.05 1.03 1.05 1.05 1.05 1.04 1.04 1.01 1.06 1.05 1.05 1.03 1.04 1.02 1.06 1.05 1.05 1.05 1.06 1.01 
1.04 1.04 1.05 1.04 1.04 1.04 1.01 1.05 1.05 1.01 1.04 1.02 1.06 1.01 1.04 1.06 1.04 1.06 1.01 1.05 
1.01 1.04 1.04 1.02 1.04 1.02 1.04 1.03 1.04 1.02 1.02 1.05 1.06 1.05 1.02 1.04 1.02 1.04 1.06 1.01 
1.04 1.04 1.04 1.01 1.05 1.03 1.05 1.06 1.06 1.05 1.04 1.04 1.04 1.03 1.04 1.02 1.04 1.05 1.01 1.01 
1.04 1.03 1.04 1.05 1.05 1.01 1.04 1.05 1.05 1.05 1.01 1.04 1.06 1.04 1.03 1.04 1.05 1.01 1.05 1.01 
1.03 1.06 1.01 1.05 1.02 1.01 1.06 1.03 1.03 1.04 1.02 1.01 1.02 1.04 1.01 1.02 1.02 1.06 1.01 1.02 
1.03 1.04 1.05 1.04 1.02 1.04 1.05 1.06 1.05 1.05 1.02 1.06 1.06 1.01 1.01 1.06 1.01 1.06 1.03 1.06 
1.06 1.03 1.05 1.06 1.01 1.05 1.03 1.05 1.05 1.03 1.06 1.04 1.01 1.05 1.06 1.05 1.02 1.06 1.06 1.04 
1.04 1.01 1.06 1.06 1.02 1.01 1.04 1.02 1.03 1.05 1.04 1.03 1.05 1.03 1.02 1.05 1.04 1.02 1.02 1.06 
1.05 1.02 1.04 1.04 1.02 1.05 1.02 1.02 1.02 1.03 1.06 1.04 1.04 1.03 1.06 1.06 1.04 1.06 1.03 1.01 
1.05 1.05 1.06 1.01 1.05 1.01 1.06 1.01 1.04 1.01 1.01 1.05 1.01 1.05 1.06 1.05 1.02 1.04 1.03 1.04 
1.03 1.03 1.02 1.03 1.05 1.01 1.02 1.01 1.02 1.02 1.04 1.02 1.06 1.02 1.06 1.01 1.01 1.05 1.05 1.05 
1.03 1.06 1.06 1.01 1.01 1.06 1.03 1.04 1.02 1.06 1.05 1.01 1.06 1.02 1.02 1.05 1.04 1.05 1.04 1.02 
1.02 1.01 1.01 1.05 1.02 1.04 1.02 1.06 1.01 1.05 1.03 1.02 1.01 1.02 1.04 1.04 1.02 1.03 1.06 1.05 
1.03 1.03 1.06 1.04 1.06 1.04 1.06 1.06 1.02 1.06 1.03 1.06 1.01 1.01 1.05 1.01 1.06 1.05 1.06 1.03 
1.02 1.04 1.05 1.05 1.03 1.03 1.01 1.01 1.05 1.02 1.02 1.05 1.05 1.01 1.06 1.01 1.03 1.02 1.05 1.05 
1.03 1.02 1.05 1.02 1.02 1.03 1.04 1.03 1.01 1.03 1.01 1.01 1.05 1.03 1.01 1.03 1.04 1.06 1.05 1.05 
1.02 1.03 1.04 1.04 1.03 1.04 1.02 1.04 1.06 1.04 1.02 1.01 1.04 1.05 1.04 1.01 1.06 1.01 1.04 1.03 
1.01 1.03 1.04 1.05 1.04 1.02 1.05 1.06 1.04 1.04 1.05 1.03 1.02 1.05 1.05 1.04 1.06 1.06 1.03 1.06 
1.06 1.05 1.01 1.01 1.06 1.01 1.01 1.01 1.05 1.06 1.06 1.06 1.01 1.04 1.02 1.04 1.06 1.06 1.06 1.01 
1.06 1.01 1.03 1.02 1.04 1.06 1.01 1.04 1.02 1.02 1.06 1.04 1.01 1.05 1.06 1.02 1.03 1.02 1.01 1.01 
1.03 1.05 1.02 1.04 1.05 1.06 1.01 1.04 1.02 1.01 1.02 1.04 1.03 1.03 1.03 1.01 1.02 1.02 1.04 1.03 
1.02 1.02 1.01 1.01 1.02 1.01 1.01 1.06 1.02 1.06 1.04 1.02 1.06 1.02 1.02 1.04 1.06 1.02 1.03 1.04 
1.06 1.01 1.04 1.05 1.03 1.01 1.02 1.03 1.02 1.05 1.05 1.02 1.05 1.04 1.06 1.02 1.03 1.03 1.04 1.03 
1.06 1.05 1.02 1.03 1.06 1.01 1.03 1.04 1.03 1.02 1.02 1.06 1.06 1.02 1.04 1.05 1.03 1.06 1.06 1.04 
1.03 1.03 1.05 1.06 1.01 1.06 1.06 1.05 1.05 1.03 1.01 1.06 1.01 1.02 1.01 1.03 1.05 1.06 1.04 1.03 
1.02 1.06 1.02 1.06 1.03 1.06 1.06 1.03 1.02 1.04 1.01 1.03 1.06 1.02 1.03 1.05 1.06 1.04 1.06 1.04 
1.05 1.02 1.02 1.01 1.04 1.03 1.05 1.03 1.01 1.05 1.05 1.04 1.02 1.06 1.01 1.05 1.04 1.01 1.05 1.03 
1.02 1.06 1.04 1.01 1.06 1.02 1.03 1.05 1.05 1.04 1.01 1.02 1.03 1.01 1.01 1.01 1.04 1.06 1.05 1.04 
1.04 1.01 1.02 1.02 1.02 1.02 1.01 1.02 1.02 1.05 1.05 1.04 1.05 1.06 1.02 1.05 1.01 1.01 1.01 1.02 
1.05 1.06 1.02 1.05 1.05 1.06 1.04 1.05 1.03 1.04 1.06 1.02 1.06 1.01 1.03 1.06 1.06 1.05 1.01 1.05 
1.03 1.03 1.03 1.04 1.04 1.04 1.01 1.06 1.05 1.02 1.05 1.05 1.05 1.04 1.02 1.06 1.02 1.02 1.01 1.06 
1.01 1.03 1.06 1.04 1.06 1.01 1.04 1.02 1.04 1.03 1.02 1.04 1.05 1.01 1.01 1.02 1.06 1.04 1.05 1.03 
1.04 1.03 1.01 1.03 1.05 1.03 1.04 1.02 1.06 1.03 1.05 1.01 1.01 1.03 1.03 1.05 1.03 1.06 1.03 1.01 
1.04 1.05 1.06 1.04 1.04 1.02 1.05 1.06 1.06 1.04 1.02 1.03 1.05 1.05 1.05 1.05 1.01 1.05 1.03 1.02 
1.01 1.03 1.01 1.06 1.04 1.06 1.02 1.06 1.04 1.04 1.06 1.03 1.03 1.06 1.05 1.01 1.06 1.01 1.04 1.03 
1.01 1.04 1.02 1.04 1.06 1.05 1.03 1.06 1.05 1.02 1.02 1.05 1.05 1.06 1.05 1.04 1.01 1.03 1.05 1.06 
1.05 1.05 1.01 1.04 1.03 1.04 1.06 1.02 1.05 1.04 1.04 1.02 1.01 1.03 1.03 1.01 1.05 1.03 1.06 1.06 
1.03 1.02 1.01 1.01 1.03 1.06 1.05 1.01 1.06 1.02 1.02 1.06 1.04 1.05 1.06 1.03 1.06 1.01 1.03 1.06 
1.05 1.05 1.01 1.04 1.04 1.03 1.03 1.04 1.04 1.03 1.05 1.05 1.01 1.05 1.04 1.01 1.04 1.05 1.06 1.06 
1.05 1.05 1.06 1.05 1.06 1.04 1.03 1.05 1.05 1.03 1.06 1.04 1.02 1.05 1.02 1.04 1.05 1.01 1.02 1.01 
1.02 1.06 1.06 1.04 1.01 1.03 1.01 1.05 1.04 1.03 1.06 1.01 1.04 1.05 1.05 1.02 1.06 1.02 1.05 1.05 
1.02 1.04 1.06 1.01 1.04 1.05 1.05 1.06 1.03 1.04 1.02 1.05 1.05 1.05 1.01 1.05 1.01 1.06 1.05 1.06 
1.03 1.06 1.03 1.01 1.03 1.06 1.01 1.06 1.03 1.02 1.05 1.06 1.04 1.04 1.01 1.04 1.05 1.05 1.06 1.01 
1.06 1.06 1.05 1.03 1.01 1.06 1.01 1.01 1.03 1.05 1.06 1.06 1.05 1.03 1.04 1.03 1.02 1.04 1.05 1.01 
1.01 1.04 1.05 1.04 1.02 1.01 1.03 1.06 1.05 1.04 1.04 1.05 1.03 1.03 1.04 1.05 1.04 1.04 1.04 1.03 
1.02 1.01 1.06 1.04 1.02 1.02 1.05 1.03 1.05 1.01 1.02 1.02 1.04 1.03 1.05 1.03 1.02 1.02 1.03 1.03 
1.04 1.04 1.03 1.02 1.01 1.03 1.04 1.05 1.03 1.05 1.06 1.02 1.03 1.06 1.04 1.01 1.05 1.04 1.04 1.02 
1.02 1.03 1.04 1.06 1.04 1.04 1.04 1.04 1.03 1.05 1.01 1.06 1.03 1.01 1.04 1.01 1.06 1.04 1.01 1.04 
1.05 1.03 1.02 1.01 1.03 1.03 1.05 1.04 1.05 1.06 1.04 1.02 1.03 1.01 1.03 1.02 1.05 1.05 1.02 1.01 
1.02 1.06 1.06 1.06 1.03 1.03 1.06 1.03 1.05 1.05 1.05 1.06 1.05 1.06 1.02 1.06 1.02 1.06 1.01 1.02 
1.01 1.05 1.05 1.04 1.06 1.04 1.03 1.01 1.01 1.02 1.01 1.03 1.02 1.01 1.02 1.06 1.06 1.06 1.04 1.04 
1.05 1.01 1.01 1.02 1.03 1.04 1.02 1.06 1.02 1.03 1.02 1.01 1.04 1.04 1.02 1.02 1.03 1.02 1.06 1.06 
1.02 1.04 1.03 1.03 1.05 1.06 1.05 1.01 1.03 1.06 1.06 1.06 1.04 1.06 1.05 1.06 1.05 1.05 1.01 1.05 
1.02 1.04 1.05 1.02 1.06 1.03 1.01 1.03 1.04 1.02 1.03 1.04 1.04 1.04 1.01 1.04 1.05 1.03 1.04 1.02 
1.03 1.01 1.03 1.04 1.02 1.05 1.05 1.02 1.06 1.06 1.01 1.02 1.03 1.04 1.02 1.06 1.01 1.05 1.04 1.04 
1.04 1.06 1.05 1.03 1.05 1.04 1.02 1.01 1.05 1.02 1.01 1.02 1.06 1.04 1.06 1.06 1.02 1.04 1.04 1.05 
1.01 1.03 1.01 1.01 1.04 1.01 1.01 1.04 1.01 1.05 1.02 1.06 1.06 1.04 1.06 1.06 1.04 1.03 1.06 1.02 
1.02 1.04 1.06 1.04 1.01 1.01 1.05 1.01 1.01 1.03 1.06 1.06 1.02 1.01 1.01 1.03 1.05 1.06 1.02 1.03 
1.05 1.03 1.03 1.02 1.06 1.06 1.06 1.04 1.02 1.01 1.03 1.02 1.03 1.05 1.04 1.05 1.02 1.03 1.02 1.05 
1.06 1.02 1.01 1.03 1.02 1.03 1.05 1.01 1.02 1.02 1.06 1.04 1.06 1.06 1.03 1.06 1.01 1.02 1.02 1.04 
1.06 1.06 1.01 1.03 1.02 1.06 1.06 1.05 1.02 1.03 1.02 1.02 1.06 1.01 1.04 1.06 1.02 1.05 1.06 1.04 
1.05 1.05 1.02 1.06 1.01 1.06 1.05 1.03 1.04 1.05 1.06 1.05 1.04 1.02 1.03 1.01 1.01 1.02 1.06 1.05 
1.02 1.03 1.01 1.05 1.03 1.03 1.05 1.06 1.06 1.05 1.04 1.03 1.05 1.06 1.04 1.04 1.02 1.01 1.02 1.03 
1.05 1.05 1.06 1.06 1.02 1.03 1.04 1.01 1.02 1.03 1.04 1.06 1.02 1.03 1.03 1.03 1.05 1.02 1.05 1.03 
1.01 1.03 1.04 1.02 1.01 1.06 1.06 1.05 1.01 1.03 1.05 1.05 1.01 1.05 1.01 1.04 1.03 1.01 1.04 1.06 
1.01 1.03 1.04 1.01 1.01 1.02 1.01 1.06 1.01 1.01 1.04 1.02 1.04 1.03 1.06 1.06 1.02 1.02 1.06 1.01 
1.05 1.03 1.05 1.03 1.06 1.02 1.03 1.02 1.06 1.02 1.05 1.04 1.04 1.03 1.04 1.01 1.02 1.01 1.02 1.04 
1.04 1.03 1.06 1.06 1.05 1.02 1.06 1.06 1.01 1.03 1.05 1.05 1.03 1.03 1.05 1.06 1.03 1.02 1.06 1.03 
1.06 1.06 1.01 1.01 1.04 1.02 1.05 1.06 1.03 1.04 1.01 1.04 1.06 1.02 1.02 1.02 1.05 1.03 1.03 1.05 
1.06 1.05 1.04 1.06 1.02 1.06 1.04 1.05 1.03 1.06 1.03 1.05 1.03 1.06 1.02 1.02 1.06 1.02 1.04 1.03 
1.04 1.06 1.04 1.04 1.06 1.06 1.04 1.03 1.01 1.06 1.05 1.01 1.05 1.03 1.05 1.03 1.04 1.03 1.05 1.05 
1.02 1.01 1.03 1.01 1.05 1.02 1.05 1.02 1.01 1.02 1.05 1.02 1.06 1.03 1.03 1.05 1.01 1.03 1.04 1.06 
1.01 1.04 1.06 1.02 1.06 1.01 1.04 1.05 1.05 1.02 1.03 1.01 1.03 1.02 1.02 1.04 1.04 1.02 1.03 1.01 
1.05 1.06 1.06 1.04 1.04 1.05 1.02 1.04 1.01 1.05 1.01 1.06 1.01 1.03 1.01 1.06 1.01 1.01 1.03 1.05 
1.03 1.06 1.04 1.05 1.05 1.04 1.02 1.03 1.06 1.06 1.04 1.04 1.03 1.04 1.03 1.05 1.05 1.02 1.05 1.02 
1.01 1.05 1.05 1.05 1.06 1.03 1.06 1.03 1.05 1.03 1.06 1.06 1.04 1.02 1.04 1.04 1.04 1.03 1.01 1.01 
1.05 1.06 1.04 1.05 1.01 1.04 1.05 1.02 1.04 1.06 1.04 1.02 1.06 1.01 1.02 1.02 1.01 1.06 1.05 1.02 
1.03 1.05 1.06 1.02 1.06 1.01 1.01 1.05 1.03 1.04 1.01 1.05 1.05 1.04 1.06 1.06 1.06 1.04 1.05 1.02 
1.05 1.03 1.01 1.05 1.02 1.04 1.05 1.04 1.05 1.01 1.05 1.05 1.01 1.01 1.06 1.04 1.01 1.04 1.04 1.01 
1.06 1.01 1.01 1.04 1.02 1.06 1.04 1.03 1.03 1.06 1.01 1.02 1.02 1.01 1.02 1.02 1.03 1.04 1.01 1.02 
1.05 1.06 1.06 1.03 1.05 1.03 1.02 1.04 1.01 1.01 1.06 1.03 1.04 1.06 1.02 1.02 1.06 1.03 1.06 1.02 
1.04 1.06 1.01 1.05 1.02 1.03 1.05 1.01 1.06 1.06 1.06 1.05 1.05 1.06 1.05 1.05 1.03 1.01 1.06 1.06 
1.06 1.05 1.03 1.06 1.02 1.05 1.04 1.02 1.06 1.03 1.03 1.06 1.06 1.05 1.01 1.05 1.04 1.05 1.05 1.05 
1.06 1.06 1.06 1.06 1.05 1.03 1.02 1.06 1.06 1.04 1.05 1.05 1.05 1.02 1.05 1.03 1.06 1.04 1.01 1.03 
1.03 1.06 1.05 1.03 1.01 1.05 1.06 1.03 1.06 1.04 1.01 1.05 1.02 1.02 1.01 1.02 1.04 1.06 1.05 1.03 
1.06 1.02 1.05 1.02 1.03 1.02 1.06 1.03 1.01 1.03 1.04 1.04 1.04 1.06 1.05 1.04 1.02 1.01 1.02 1.03 
1.03 1.01 1.06 1.04 1.05 1.03 1.05 1.03 1.01 1.03 1.03 1.05 1.05 1.04 1.04 1.03 1.05 1.05 1.02 1.05 
1.03 1.06 1.01 1.04 1.01 1.01 1.05 1.04 1.04 1.02 1.01 1.06 1.04 1.04 1.02 1.03 1.01 1.03 1.04 1.02 
1.06 1.06 1.04 1.03 1.06 1.05 1.01 1.04 1.05 1.03 1.02 1.03 1.03 1.01 1.06 1.04 1.04 1.03 1.05 1.03 
1.01 1.02 1.04 1.06 1.01 1.01 1.03 1.05 1.06 1.03 1.06 1.05 1.04 1.02 1.05 1.04 1.04 1.05 1.06 1.04 
1.05 1.02 1.05 1.06 1.04 1.05 1.02 1.05 1.06 1.04 1.02 1.03 1.06 1.03 1.06 1.02 1.01 1.01 1.04 1.01 
1.05 1.05 1.03 1.02 1.02 1.04 1.02 1.01 1.01 1.06 1.02 1.03 1.02 1.02 1.05 1.05 1.05 1.04 1.03 1.04 
1.04 1.06 1.04 1.06 1.04 1.02 1.03 1.01 1.01 1.01 1.02 1.01 1.03 1.02 1.01 1.06 1.04 1.04 1.01 1.04 
1.06 1.03 1.01 1.06 1.01 1.05 1.02 1.01 1.02 1.06 1.03 1.04 1.01 1.01 1.05 1.04 1.05 1.02 1.01 1.05 
1.05 1.05 1.02 1.02 1.06 1.06 1.06 1.02 1.02 1.05 1.01 1.02 1.01 1.03 1.05 1.03 1.04 1.04 1.01 1.03 
1.05 1.05 1.01 1.01 1.06 1.04 1.06 1.06 1.02 1.05 1.01 1.01 1.04 1.04 1.01 1.06 1.03 1.03 1.03 1.05 
1.05 1.05 1.06 1.04 1.05 1.02 1.05 1.04 1.02 1.01 1.06 1.02 1.02 1.03 1.04 1.06 1.01 1.03 1.06 1.04 
1.06 1.04 1.01 1.05 1.05 1.06 1.02 1.06 1.05 1.06 1.01 1.06 1.04 1.02 1.04 1.03 1.01 1.03 1.03 1.05 
1.02 1.02 1.01 1.05 1.03 1.06 1.04 1.02 1.06 1.05 1.04 1.05 1.05 1.03 1.01 1.04 1.04 1.01 1.02 1.06 
1.06 1.02 1.04 1.03 1.02 1.04 1.05 1.06 1.01 1.04 1.03 1.04 1.06 1.01 1.05 1.06 1.02 1.06 1.01 1.02 
1.02 1.01 1.04 1.05 1.01 1.06 1.03 1.02 1.05 1.01 1.04 1.05 1.03 1.01 1.06 1.02 1.06 1.05 1.06 1.05 
1.06 1.05 1.02 1.06 1.03 1.04 1.06 1.06 1.04 1.04 1.05 1.05 1.06 1.06 1.04 1.06 1.03 1.01 1.02 1.02 
1.01 1.06 1.05 1.02 1.03 1.04 1.02 1.03 1.04 1.03 1.04 1.05 1.03 1.06 1.04 1.06 1.06 1.01 1.03 1.04 
1.02 1.02 1.02 1.02 1.02 1.03 1.04 1.05 1.02 1.02 1.05 1.05 1.05 1.04 1.05 1.03 1.06 1.05 1.04 1.03 
1.02 1.02 1.03 1.06 1.01 1.03 1.01 1.05 1.05 1.04 1.02 1.01 1.05 1.04 1.03 1.06 1.06 1.04 1.06 1.05 
1.05 1.03 1.05 1.04 1.02 1.01 1.02 1.01 1.06 1.05 1.06 1.05 1.05 1.04 1.03 1.01 1.04 1.06 1.02 1.03 
1.03 1.06 1.03 1.02 1.05 1.03 1.03 1.03 1.03 1.04 1.05 1.06 1.04 1.04 1.03 1.02 1.04 1.02 1.04 1.04 
1.02 1.06 1.03 1.02 1.04 1.01 1.01 1.04 1.02 1.02 1.03 1.01 1.01 1.06 1.03 1.06 1.01 1.03 1.02 1.06 
1.01 1.04 1.05 1.02 1.04 1.06 1.06 1.03 1.05 1.05 1.02 1.01 1.03 1.02 1.03 1.03 1.06 1.06 1.05 1.06 
1.02 1.05 1.03 1.06 1.03 1.04 1.02 1.06 1.01 1.06 1.06 1.06 1.02 1.06 1.06 1.02 1.04 1.05 1.05 1.06 
1.01 1.05 1.02 1.02 1.02 1.03 1.02 1.04 1.03 1.05 1.01 1.06 1.01 1.04 1.05 1.03 1.02 1.05 1.03 1.05 
1.03 1.02 1.06 1.06 1.02 1.03 1.06 1.02 1.04 1.04 1.05 1.06 1.06 1.03 1.04 1.06 1.04 1.02 1.05 1.01 
1.01 1.06 1.06 1.06 1.03 1.04 1.06 1.05 1.04 1.03 1.06 1.06 1.01 1.02 1.02 1.03 1.06 1.03 1.02 1.05 
1.03 1.06 1.01 1.02 1.06 1.01 1.03 1.06 1.03 1.03 1.02 1.03 1.04 1.03 1.06 1.03 1.03 1.05 1.04 1.04 
1.06 1.02 1.03 1.03 1.02 1.02 1.04 1.06 1.05 1.02 1.02 1.06 1.05 1.03 1.01 1.06 1.01 1.01 1.06 1.05 
1.05 1.02 1.04 1.02 1.06 1.02 1.05 1.05 1.04 1.05 1.04 1.05 1.01 1.06 1.03 1.01 1.06 1.04 1.03 1.06 
1.05 1.05 1.04 1.02 1.05 1.05 1.01 1.02 1.01 1.02 1.03 1.02 1.03 1.04 1.05 1.01 1.01 1.02 1.02 1.01 
1.04 1.02 1.03 1.06 1.05 1.02 1.02 1.01 1.03 1.01 1.03 1.06 1.06 1.04 1.03 1.02 1.06 1.05 1.06 1.02 
1.02 1.01 1.04 1.01 1.04 1.01 1.01 1.05 1.02 1.06 1.02 1.01 1.06 1.06 1.05 1.04 1.01 1.02 1.06 1.06 
1.04 1.05 1.02 1.03 1.06 1.06 1.02 1.01 1.02 1.04 1.04 1.04 1.06 1.04 1.04 1.01 1.04 1.01 1.05 1.01 
1.02 1.02 1.03 1.02 1.05 1.02 1.06 1.01 1.05 1.05 1.03 1.05 1.04 1.04 1.03 1.03 1.06 1.01 1.01 1.06 
1.05 1.06 1.03 1.05 1.01 1.06 1.03 1.03 1.02 1.04 1.05 1.04 1.06 1.01 1.05 1.03 1.03 1.06 1.05 1.06 
1.06 1.06 1.04 1.01 1.03 1.06 1.01 1.03 1.06 1.02 1.04 1.05 1.02 1.02 1.02 1.01 1.05 1.01 1.05 1.04 
1.03 1.06 1.03 1.03 1.06 1.03 1.04 1.01 1.02 1.06 1.02 1.04 1.01 1.01 1.02 1.01 1.06 1.03 1.02 1.04 
1.04 1.03 1.02 1.05 1.02 1.06 1.02 1.05 1.05 1.01 1.06 1.06 1.03 1.01 1.04 1.05 1.05 1.06 1.04 1.05 
1.05 1.03 1.03 1.05 1.04 1.02 1.03 1.05 1.02 1.02 1.04 1.01 1.03 1.02 1.03 1.06 1.06 1.04 1.05 1.03 
1.02 1.02 1.01 1.05 1.05 1.05 1.04 1.06 1.05 1.04 1.02 1.02 1.05 1.05 1.01 1.06 1.06 1.03 1.03 1.04 
1.05 1.06 1.05 1.05 1.04 1.01 1.05 1.06 1.01 1.06 1.04 1.03 1.02 1.02 1.01 1.05 1.01 1.03 1.05 1.01 
1.02 1.01 1.05 1.03 1.03 1.06 1.03 1.05 1.02 1.04 1.04 1.04 1.05 1.03 1.01 1.03 1.05 1.02 1.02 1.02 
1.03 1.06 1.02 1.06 1.02 1.01 1.06 1.04 1.02 1.05 1.04 1.01 1.06 1.01 1.05 1.02 1.04 1.06 1.02 1.03 
1.04 1.05 1.01 1.03 1.05 1.04 1.05 1.02 1.06 1.04 1.01 1.05 1.06 1.06 1.02 1.05 1.01 1.05 1.02 1.05 
1.01 1.05 1.04 1.03 1.06 1.06 1.06 1.06 1.04 1.04 1.06 1.02 1.03 1.06 1.05 1.06 1.04 1.05 1.02 1.06 
1.02 1.02 1.01 1.03 1.01 1.06 1.02 1.02 1.03 1.03 1.05 1.02 1.04 1.05 1.03 1.02 1.02 1.03 1.02 1.06 
1.05 1.02 1.03 1.01 1.04 1.06 1.04 1.02 1.03 1.04 1.04 1.06 1.05 1.04 1.06 1.02 1.01 1.06 1.03 1.03 
1.03 1.05 1.06 1.04 1.04 1.01 1.03 1.03 1.02 1.04 1.02 1.03 1.06 1.02 1.01 1.01 1.03 1.03 1.02 1.03 
1.05 1.01 1.03 1.03 1.03 1.01 1.02 1.05 1.01 1.05 1.05 1.05 1.01 1.02 1.03 1.05 1.06 1.01 1.04 1.03 
1.05 1.05 1.05 1.02 1.04 1.01 1.04 1.03 1.04 1.03 1.03 1.05 1.04 1.06 1.02 1.06 1.02 1.03 1.05 1.04 
1.05 1.01 1.04 1.02 1.04 1.03 1.02 1.01 1.06 1.03 1.06 1.04 1.04 1.04 1.03 1.06 1.05 1.05 1.03 1.06 
1.04 1.04 1.06 1.01 1.04 1.02 1.01 1.02 1.05 1.06 1.04 1.02 1.03 1.02 1.03 1.01 1.03 1.04 1.02 1.03 
1.01 1.01 1.05 1.03 1.01 1.01 1.02 1.02 1.06 1.06 1.04 1.05 1.02 1.06 1.01 1.01 1.04 1.05 1.06 1.04 
1.01 1.02 1.04 1.02 1.03 1.04 1.06 1.05 1.04 1.03 1.02 1.02 1.04 1.03 1.05 1.02 1.05 1.02 1.06 1.02 
1.04 1.06 1.01 1.01 1.05 1.01 1.04 1.06 1.05 1.04 1.06 1.01 1.04 1.03 1.01 1.05 1.03 1.03 1.05 1.03 
