20
200
21 58 30 9 55 94 16 83 65 14 63 1 48 76 48 4 59 34 51 41 31 98 81 60 86 74 36 17 71 73 95 14 35 85 95 35 82 51 21 93 73 39 80 37 22 1 1 100 61 64 34 18 2 81 64 96 55 56 28 1 99 49 75 6 79 41 93 10 68 93 39 54 85 84 17 28 78 93 7 33 85 76 5 81 41 18 68 63 4 93 39 14 49 72 24 54 65 78 15 86 89 54 96 18 37 64 12 87 44 98 96 26 16 41 73 57 23 16 59 49 89 37 72 21 96 8 96 34 82 21 59 36 50 49 2 75 10 95 6 46 6 70 25 44 49 27 86 67 80 1 23 49 83 37 41 57 8 3 7 35 1 88 55 92 46 10 54 96 62 61 10 64 86 83 97 94 24 6 24 18 72 44 69 68 65 75 88 40 18 91 91 81 98 65 68 9 37 85 4 19 
3 1 2 2 1 3 1 2 3 2 3 1 2 1 1 3 2 1 1 3 
1.09 1.06 1.1 1.11 1.08 1.06 1.1 1.05 1.05 1.06 1.13 1.09 1.09 1.08 1.14 1.07 1.14 1.14 1.08 1.05 
1.11 1.11 1.06 1.14 1.11 1.12 1.08 1.1 1.08 1.09 1.13 1.08 1.09 1.08 1.1 1.12 1.08 1.07 1.05 1.06 
1.11 1.09 1.07 1.13 1.07 1.05 1.12 1.14 1.14 1.13 1.14 1.05 1.11 1.11 1.06 1.14 1.1 1.09 1.07 1.12 
1.05 1.11 1.08 1.08 1.05 1.06 1.05 1.12 1.1 1.08 1.09 1.05 1.12 1.12 1.06 1.14 1.13 1.11 1.08 1.14 
1.07 1.08 1.08 1.06 1.08 1.14 1.05 1.05 1.1 1.14 1.1 1.05 1.12 1.08 1.07 1.05 1.05 1.06 1.07 1.08 
1.11 1.09 1.05 1.05 1.11 1.05 1.05 1.13 1.11 1.08 1.1 1.1 1.08 1.05 1.12 1.13 1.14 1.12 1.14 1.14 
1.13 1.11 1.07 1.05 1.14 1.05 1.06 1.12 1.14 1.08 1.1 1.06 1.1 1.09 1.14 1.06 1.09 1.1 1.1 1.09 
1.14 1.12 1.14 1.08 1.14 1.12 1.07 1.11 1.13 1.12 1.13 1.09 1.05 1.09 1.08 1.11 1.12 1.12 1.08 1.12 
1.09 1.14 1.13 1.11 1.05 1.06 1.1 1.06 1.1 1.13 1.08 1.14 1.09 1.14 1.11 1.11 1.07 1.07 1.07 1.05 
1.05 1.06 1.12 1.11 1.09 1.06 1.05 1.12 1.06 1.12 1.13 1.14 1.12 1.06 1.11 1.09 1.08 1.13 1.07 1.12 
1.14 1.11 1.05 1.09 1.05 1.06 1.14 1.14 1.11 1.14 1.14 1.1 1.13 1.07 1.11 1.11 1.14 1.05 1.07 1.07 
1.06 1.07 1.05 1.1 1.14 1.08 1.09 1.13 1.12 1.06 1.07 1.06 1.12 1.06 1.07 1.08 1.06 1.14 1.06 1.06 
1.11 1.09 1.13 1.07 1.07 1.12 1.14 1.11 1.08 1.07 1.11 1.09 1.09 1.09 1.07 1.05 1.09 1.14 1.05 1.14 
1.1 1.08 1.05 1.09 1.05 1.06 1.05 1.1 1.12 1.08 1.05 1.1 1.1 1.12 1.06 1.07 1.09 1.13 1.08 1.14 
1.14 1.08 1.07 1.05 1.1 1.1 1.08 1.11 1.12 1.13 1.09 1.11 1.13 1.08 1.12 1.1 1.05 1.07 1.11 1.07 
1.11 1.12 1.09 1.05 1.09 1.14 1.14 1.14 1.05 1.12 1.1 1.12 1.09 1.12 1.07 1.12 1.06 1.14 1.08 1.13 
1.06 1.13 1.08 1.09 1.12 1.12 1.06 1.08 1.07 1.09 1.07 1.06 1.11 1.1 1.07 1.1 1.12 1.05 1.07 1.05 
1.12 1.06 1.08 1.06 1.09 1.09 1.05 1.08 1.14 1.09 1.07 1.09 1.12 1.13 1.13 1.06 1.11 1.13 1.09 1.14 
1.06 1.1 1.11 1.06 1.08 1.1 1.12 1.14 1.07 1.1 1.07 1.11 1.12 1.06 1.06 1.08 1.07 1.13 1.14 1.1 
1.12 1.1 1.09 1.12 1.12 1.08 1.07 1.09 1.06 1.11 1.09 1.13 1.06 1.06 1.1 1.13 1.07 1.11 1.11 1.14 
1.08 1.06 1.07 1.07 1.13 1.14 1.05 1.07 1.08 1.11 1.09 1.07 1.14 1.07 1.1 1.09 1.08 1.08 1.12 1.08 
1.08 1.08 1.09 1.14 1.13 1.08 1.11 1.06 1.09 1.13 1.14 1.06 1.11 1.05 1.05 1.14 1.09 1.05 1.11 1.1 
1.14 1.09 1.1 1.12 1.09 1.11 1.05 1.1 1.12 1.09 1.14 1.06 1.08 1.13 1.07 1.11 1.12 1.14 1.08 1.05 
1.05 1.14 1.13 1.05 1.12 1.09 1.07 1.08 1.13 1.13 1.14 1.08 1.1 1.14 1.07 1.12 1.08 1.05 1.05 1.1 
1.1 1.07 1.11 1.13 1.14 1.08 1.13 1.07 1.05 1.06 1.07 1.09 1.07 1.12 1.12 1.06 1.05 1.05 1.14 1.1 
1.12 1.1 1.09 1.14 1.06 1.08 1.1 1.06 1.11 1.09 1.1 1.07 1.08 1.12 1.09 1.1 1.11 1.13 1.12 1.08 
1.14 1.08 1.08 1.1 1.07 1.07 1.05 1.14 1.12 1.06 1.06 1.08 1.13 1.08 1.12 1.05 1.09 1.14 1.07 1.05 
1.05 1.13 1.06 1.06 1.11 1.13 1.12 1.14 1.12 1.06 1.14 1.06 1.05 1.06 1.12 1.09 1.14 1.07 1.12 1.08 
1.09 1.06 1.09 1.13 1.12 1.13 1.05 1.08 1.14 1.12 1.09 1.11 1.11 1.13 1.13 1.13 1.1 1.1 1.08 1.05 
1.09 1.11 1.08 1.14 1.05 1.14 1.08 1.07 1.11 1.1 1.09 1.14 1.05 1.06 1.08 1.11 1.11 1.11 1.11 1.05 
1.05 1.11 1.07 1.05 1.05 1.05 1.12 1.09 1.12 1.05 1.11 1.08 1.13 1.07 1.1 1.11 1.12 1.14 1.08 1.07 
1.13 1.06 1.1 1.07 1.07 1.06 1.12 1.09 1.11 1.11 1.08 1.07 1.13 1.13 1.13 1.08 1.14 1.1 1.12 1.11 
1.05 1.13 1.13 1.11 1.09 1.1 1.1 1.09 1.11 1.1 1.12 1.08 1.12 1.13 1.09 1.11 1.12 1.1 1.07 1.12 
1.09 1.13 1.09 1.09 1.06 1.07 1.13 1.07 1.08 1.12 1.13 1.14 1.14 1.13 1.09 1.05 1.11 1.05 1.13 1.14 
1.13 1.1 1.14 1.06 1.05 1.08 1.06 1.13 1.12 1.1 1.11 1.07 1.13 1.08 1.14 1.1 1.05 1.05 1.06 1.13 
1.12 1.11 1.07 1.07 1.11 1.08 1.06 1.1 1.11 1.12 1.11 1.09 1.13 1.11 1.11 1.12 1.13 1.09 1.07 1.13 
1.11 1.14 1.11 1.11 1.08 1.11 1.11 1.13 1.09 1.06 1.06 1.09 1.11 1.12 1.12 1.14 1.06 1.09 1.13 1.05 
1.14 1.06 1.07 1.06 1.05 1.11 1.09 1.1 1.06 1.06 1.06 1.06 1.06 1.06 1.07 1.06 1.13 1.14 1.11 1.13 
1.14 1.12 1.13 1.06 1.11 1.11 1.13 1.06 1.11 1.06 1.08 1.05 1.13 1.09 1.07 1.14 1.09 1.14 1.08 1.1 
1.09 1.05 1.14 1.09 1.06 1.11 1.07 1.07 1.1 1.07 1.1 1.11 1.09 1.09 1.12 1.05 1.07 1.1 1.08 1.09 
1.07 1.11 1.09 1.07 1.07 1.05 1.13 1.08 1.09 1.08 1.11 1.09 1.14 1.14 1.06 1.05 1.13 1.11 1.11 1.07 
1.12 1.12 1.05 1.05 1.13 1.13 1.11 1.05 1.14 1.05 1.11 1.14 1.08 1.08 1.07 1.08 1.09 1.14 1.08 1.11 
1.13 1.11 1.11 1.1 1.07 1.13 1.08 1.11 1.12 1.05 1.06 1.05 1.12 1.13 1.12 1.1 1.12 1.08 1.09 1.14 
1.14 1.07 1.13 1.05 1.1 1.14 1.09 1.12 1.11 1.13 1.1 1.08 1.05 1.07 1.12 1.09 1.13 1.14 1.12 1.09 
1.14 1.12 1.12 1.13 1.14 1.09 1.11 1.1 1.07 1.08 1.06 1.09 1.13 1.08 1.08 1.05 1.08 1.11 1.08 1.1 
1.11 1.08 1.11 1.12 1.11 1.14 1.06 1.12 1.12 1.12 1.07 1.12 1.06 1.1 1.09 1.05 1.07 1.11 1.05 1.05 
1.13 1.09 1.06 1.09 1.11 1.12 1.07 1.13 1.11 1.13 1.12 1.06 1.08 1.08 1.1 1.1 1.05 1.09 1.08 1.08 
1.06 1.09 1.05 1.06 1.14 1.13 1.08 1.13 1.14 1.07 1.14 1.1 1.08 1.06 1.12 1.07 1.13 1.08 1.13 1.09 
1.05 1.14 1.09 1.13 1.07 1.12 1.08 1.1 1.13 1.14 1.1 1.1 1.05 1.13 1.12 1.11 1.12 1.11 1.08 1.05 
1.13 1.1 1.08 1.06 1.09 1.09 1.12 1.1 1.09 1.1 1.11 1.13 1.11 1.12 1.05 1.11 1.08 1.12 1.06 1.05 
1.14 1.11 1.1 1.14 1.08 1.12 1.08 1.06 1.13 1.14 1.11 1.06 1.08 1.08 1.14 1.08 1.09 1.08 1.14 1.09 
1.09 1.08 1.05 1.14 1.1 1.14 1.06 1.09 1.06 1.12 1.06 1.07 1.07 1.11 1.12 1.09 1.14 1.06 1.14 1.08 
1.06 1.13 1.07 1.14 1.14 1.07 1.12 1.11 1.14 1.05 1.09 1.09 1.08 1.1 1.13 1.06 1.12 1.09 1.06 1.06 
1.06 1.12 1.06 1.14 1.11 1.13 1.07 1.14 1.06 1.13 1.09 1.1 1.06 1.09 1.09 1.06 1.08 1.11 1.1 1.13 
1.14 1.12 1.09 1.1 1.11 1.12 1.09 1.12 1.09 1.09 1.05 1.12 1.06 1.14 1.14 1.12 1.08 1.1 1.14 1.12 
1.14 1.11 1.11 1.09 1.13 1.1 1.07 1.08 1.09 1.11 1.09 1.14 1.06 1.07 1.14 1.07 1.1 1.05 1.09 1.07 
1.12 1.07 1.13 1.1 1.11 1.13 1.06 1.05 1.1 1.11 1.09 1.14 1.06 1.1 1.06 1.13 1.06 1.07 1.05 1.12 
1.12 1.09 1.07 1.12 1.07 1.12 1.11 1.14 1.07 1.14 1.05 1.12 1.08 1.09 1.08 1.08 1.12 1.06 1.09 1.12 
1.1 1.06 1.06 1.08 1.11 1.06 1.1 1.14 1.06 1.14 1.12 1.08 1.11 1.1 1.13 1.14 1.1 1.07 1.05 1.14 
1.07 1.05 1.07 1.12 1.08 1.05 1.07 1.13 1.07 1.05 1.05 1.14 1.13 1.07 1.13 1.12 1.1 1.1 1.06 1.06 
1.13 1.13 1.14 1.12 1.14 1.12 1.13 1.13 1.09 1.13 1.08 1.05 1.07 1.09 1.14 1.06 1.09 1.09 1.05 1.07 
1.07 1.05 1.06 1.14 1.05 1.07 1.13 1.09 1.07 1.06 1.06 1.14 1.13 1.12 1.13 1.09 1.14 1.12 1.13 1.08 
1.12 1.08 1.08 1.05 1.1 1.12 1.07 1.13 1.07 1.05 1.07 1.13 1.14 1.08 1.14 1.06 1.13 1.06 1.1 1.09 
1.11 1.08 1.14 1.08 1.11 1.07 1.1 1.12 1.06 1.1 1.06 1.12 1.07 1.07 1.11 1.06 1.09 1.08 1.08 1.12 
1.14 1.08 1.11 1.14 1.13 1.08 1.06 1.11 1.14 1.05 1.14 1.11 1.09 1.08 1.13 1.1 1.08 1.07 1.11 1.1 
1.06 1.06 1.12 1.07 1.08 1.05 1.07 1.07 1.08 1.07 1.09 1.05 1.13 1.06 1.07 1.11 1.05 1.13 1.14 1.08 
1.08 1.11 1.06 1.08 1.07 1.08 1.08 1.1 1.06 1.12 1.09 1.09 1.13 1.05 1.05 1.05 1.09 1.05 1.1 1.12 
1.11 1.07 1.11 1.13 1.11 1.06 1.14 1.05 1.1 1.13 1.14 1.08 1.14 1.11 1.14 1.09 1.12 1.12 1.05 1.07 
1.08 1.13 1.1 1.12 1.12 1.1 1.14 1.11 1.14 1.14 1.12 1.14 1.07 1.12 1.08 1.07 1.07 1.11 1.09 1.05 
1.11 1.14 1.07 1.06 1.07 1.06 1.05 1.09 1.07 1.1 1.14 1.07 1.05 1.07 1.06 1.14 1.07 1.05 1.14 1.13 
1.05 1.14 1.06 1.14 1.11 1.11 1.08 1.08 1.11 1.07 1.07 1.09 1.06 1.05 1.12 1.13 1.07 1.1 1.08 1.07 
1.1 1.09 1.06 1.13 1.08 1.14 1.12 1.1 1.06 1.11 1.05 1.1 1.14 1.14 1.07 1.06 1.12 1.1 1.08 1.05 
1.09 1.05 1.12 1.06 1.14 1.1 1.05 1.14 1.05 1.14 1.14 1.1 1.1 1.09 1.13 1.13 1.05 1.06 1.06 1.09 
1.12 1.06 1.05 1.09 1.14 1.05 1.08 1.1 1.1 1.1 1.1 1.07 1.1 1.14 1.08 1.1 1.1 1.12 1.08 1.05 
1.12 1.06 1.07 1.12 1.05 1.1 1.13 1.1 1.1 1.07 1.1 1.05 1.08 1.1 1.1 1.13 1.08 1.13 1.05 1.13 
1.09 1.08 1.08 1.11 1.13 1.05 1.13 1.11 1.06 1.12 1.08 1.11 1.1 1.09 1.09 1.06 1.1 1.08 1.08 1.13 
1.08 1.09 1.09 1.13 1.09 1.13 1.12 1.13 1.13 1.11 1.1 1.1 1.07 1.12 1.13 1.13 1.11 1.11 1.11 1.1 
1.13 1.1 1.13 1.05 1.05 1.07 1.12 1.06 1.1 1.13 1.07 1.09 1.12 1.13 1.05 1.11 1.08 1.13 1.06 1.09 
1.07 1.07 1.1 1.11 1.08 1.12 1.11 1.08 1.08 1.06 1.1 1.12 1.1 1.06 1.07 1.1 1.08 1.05 1.14 1.08 
1.05 1.07 1.07 1.09 1.07 1.11 1.08 1.08 1.05 1.12 1.05 1.14 1.1 1.07 1.08 1.08 1.08 1.1 1.05 1.13 
1.07 1.07 1.14 1.11 1.11 1.11 1.09 1.09 1.1 1.08 1.07 1.08 1.12 1.12 1.06 1.06 1.09 1.06 1.09 1.1 
1.14 1.08 1.05 1.1 1.11 1.05 1.12 1.06 1.11 1.08 1.13 1.07 1.07 1.12 1.13 1.05 1.05 1.14 1.07 1.09 
1.08 1.06 1.07 1.08 1.13 1.1 1.06 1.07 1.11 1.1 1.11 1.14 1.08 1.09 1.08 1.12 1.13 1.08 1.06 1.11 
1.11 1.07 1.05 1.09 1.14 1.11 1.13 1.11 1.09 1.05 1.05 1.05 1.07 1.06 1.11 1.11 1.11 1.11 1.11 1.06 
1.05 1.14 1.06 1.05 1.12 1.05 1.05 1.14 1.05 1.1 1.06 1.14 1.14 1.05 1.1 1.14 1.12 1.12 1.09 1.05 
1.07 1.05 1.14 1.12 1.07 1.14 1.06 1.1 1.13 1.1 1.06 1.1 1.08 1.1 1.08 1.12 1.05 1.09 1.14 1.11 
1.11 1.08 1.12 1.1 1.11 1.08 1.12 1.09 1.06 1.11 1.12 1.08 1.12 1.14 1.12 1.11 1.12 1.06 1.06 1.08 
1.1 1.07 1.09 1.08 1.09 1.08 1.06 1.12 1.09 1.11 1.09 1.1 1.11 1.06 1.05 1.12 1.05 1.08 1.09 1.09 
1.13 1.08 1.09 1.07 1.12 1.08 1.05 1.08 1.11 1.13 1.11 1.07 1.1 1.1 1.08 1.13 1.08 1.11 1.08 1.13 
1.06 1.09 1.07 1.06 1.13 1.11 1.06 1.09 1.09 1.05 1.12 1.07 1.14 1.11 1.1 1.09 1.1 1.11 1.14 1.1 
1.07 1.07 1.14 1.08 1.13 1.05 1.14 1.06 1.12 1.11 1.14 1.12 1.08 1.05 1.12 1.1 1.1 1.05 1.13 1.13 
1.13 1.13 1.05 1.07 1.14 1.08 1.11 1.11 1.07 1.13 1.14 1.1 1.06 1.08 1.09 1.1 1.14 1.1 1.14 1.08 
1.13 1.07 1.12 1.05 1.07 1.13 1.06 1.06 1.08 1.06 1.1 1.05 1.09 1.14 1.08 1.1 1.05 1.06 1.11 1.08 
1.11 1.08 1.11 1.05 1.13 1.1 1.08 1.12 1.14 1.07 1.1 1.06 1.1 1.12 1.09 1.08 1.05 1.06 1.1 1.13 
1.05 1.07 1.09 1.09 1.06 1.06 1.12 1.09 1.11 1.05 1.11 1.05 1.11 1.1 1.11 1.08 1.13 1.11 1.12 1.13 
1.1 1.08 1.08 1.11 1.08 1.08 1.09 1.14 1.09 1.09 1.05 1.14 1.11 1.11 1.07 1.14 1.05 1.05 1.1 1.11 
1.13 1.09 1.1 1.08 1.09 1.08 1.06 1.08 1.14 1.06 1.07 1.08 1.14 1.14 1.11 1.08 1.09 1.1 1.08 1.06 
1.06 1.12 1.1 1.06 1.13 1.08 1.12 1.1 1.09 1.05 1.08 1.09 1.14 1.08 1.1 1.14 1.08 1.08 1.11 1.12 
1.05 1.05 1.07 1.06 1.07 1.11 1.07 1.05 1.06 1.07 1.07 1.14 1.07 1.1 1.08 1.09 1.07 1.09 1.12 1.08 
1.12 1.09 1.06 1.08 1.1 1.1 1.07 1.07 1.07 1.11 1.14 1.06 1.06 1.09 1.05 1.09 1.1 1.07 1.12 1.05 
1.06 1.06 1.07 1.14 1.06 1.11 1.12 1.13 1.09 1.06 1.08 1.07 1.12 1.05 1.05 1.09 1.06 1.07 1.05 1.11 
1.08 1.08 1.09 1.13 1.12 1.06 1.07 1.06 1.11 1.06 1.1 1.07 1.07 1.14 1.1 1.11 1.12 1.07 1.09 1.1 
1.05 1.09 1.07 1.09 1.13 1.05 1.05 1.14 1.1 1.13 1.14 1.11 1.1 1.11 1.13 1.1 1.06 1.05 1.14 1.14 
1.14 1.12 1.08 1.08 1.12 1.05 1.06 1.09 1.11 1.1 1.06 1.08 1.1 1.08 1.13 1.05 1.07 1.13 1.06 1.12 
1.13 1.05 1.14 1.08 1.14 1.06 1.14 1.12 1.1 1.06 1.14 1.1 1.1 1.13 1.13 1.07 1.08 1.12 1.14 1.13 
1.09 1.1 1.14 1.14 1.13 1.09 1.14 1.07 1.1 1.07 1.12 1.07 1.1 1.13 1.09 1.11 1.14 1.07 1.05 1.12 
1.05 1.09 1.13 1.13 1.14 1.13 1.11 1.1 1.07 1.11 1.1 1.11 1.08 1.07 1.13 1.08 1.1 1.14 1.11 1.08 
1.13 1.08 1.08 1.13 1.07 1.09 1.09 1.05 1.05 1.14 1.07 1.11 1.06 1.11 1.14 1.06 1.13 1.06 1.12 1.12 
1.06 1.12 1.12 1.13 1.09 1.07 1.13 1.07 1.12 1.09 1.14 1.08 1.09 1.09 1.11 1.09 1.11 1.12 1.08 1.08 
1.1 1.06 1.07 1.08 1.09 1.12 1.07 1.14 1.11 1.08 1.12 1.09 1.13 1.08 1.05 1.08 1.1 1.05 1.14 1.08 
1.08 1.06 1.05 1.06 1.13 1.1 1.06 1.12 1.07 1.12 1.05 1.11 1.07 1.13 1.11 1.12 1.06 1.11 1.14 1.11 
1.06 1.08 1.06 1.12 1.07 1.08 1.11 1.07 1.07 1.05 1.05 1.06 1.14 1.11 1.06 1.07 1.11 1.08 1.14 1.08 
1.1 1.11 1.07 1.13 1.07 1.05 1.1 1.1 1.11 1.14 1.14 1.1 1.08 1.1 1.07 1.09 1.07 1.11 1.12 1.1 
1.13 1.06 1.07 1.1 1.07 1.07 1.06 1.12 1.08 1.11 1.06 1.11 1.06 1.05 1.13 1.05 1.09 1.1 1.09 1.12 
1.08 1.12 1.12 1.11 1.06 1.1 1.11 1.07 1.05 1.08 1.13 1.11 1.05 1.09 1.14 1.07 1.05 1.14 1.1 1.06 
1.14 1.13 1.07 1.06 1.07 1.07 1.09 1.1 1.13 1.1 1.08 1.11 1.09 1.05 1.08 1.07 1.1 1.06 1.06 1.11 
1.12 1.05 1.06 1.11 1.05 1.05 1.12 1.1 1.05 1.1 1.08 1.14 1.08 1.14 1.12 1.07 1.06 1.05 1.09 1.07 
1.05 1.05 1.07 1.06 1.12 1.07 1.08 1.08 1.12 1.14 1.14 1.06 1.1 1.06 1.14 1.1 1.06 1.13 1.09 1.12 
1.08 1.07 1.06 1.11 1.07 1.12 1.08 1.05 1.1 1.07 1.06 1.09 1.06 1.11 1.05 1.08 1.05 1.08 1.1 1.11 
1.08 1.08 1.11 1.07 1.06 1.12 1.05 1.11 1.09 1.13 1.12 1.1 1.06 1.05 1.14 1.09 1.05 1.09 1.13 1.09 
1.07 1.08 1.06 1.05 1.13 1.08 1.12 1.12 1.12 1.08 1.12 1.05 1.09 1.06 1.1 1.08 1.07 1.13 1.09 1.11 
1.12 1.08 1.07 1.12 1.06 1.11 1.07 1.11 1.07 1.08 1.05 1.12 1.1 1.12 1.09 1.12 1.1 1.1 1.08 1.1 
1.05 1.12 1.13 1.06 1.05 1.07 1.08 1.08 1.13 1.09 1.05 1.09 1.12 1.13 1.14 1.11 1.07 1.08 1.06 1.12 
1.11 1.11 1.09 1.13 1.12 1.09 1.06 1.1 1.08 1.08 1.12 1.14 1.06 1.12 1.1 1.13 1.08 1.07 1.09 1.13 
1.07 1.14 1.05 1.1 1.09 1.12 1.08 1.1 1.11 1.14 1.09 1.07 1.06 1.13 1.09 1.09 1.13 1.07 1.08 1.14 
1.12 1.08 1.05 1.13 1.11 1.11 1.05 1.06 1.08 1.1 1.11 1.09 1.08 1.06 1.05 1.14 1.1 1.14 1.1 1.12 
1.12 1.08 1.08 1.09 1.07 1.05 1.05 1.07 1.1 1.1 1.11 1.11 1.13 1.07 1.09 1.09 1.09 1.09 1.06 1.14 
1.12 1.1 1.05 1.05 1.12 1.05 1.12 1.12 1.08 1.07 1.08 1.1 1.09 1.1 1.09 1.05 1.08 1.11 1.14 1.07 
1.1 1.13 1.13 1.14 1.09 1.12 1.14 1.11 1.13 1.05 1.13 1.09 1.07 1.09 1.05 1.14 1.06 1.13 1.12 1.08 
1.05 1.11 1.08 1.12 1.11 1.1 1.14 1.06 1.12 1.09 1.08 1.1 1.07 1.13 1.12 1.08 1.06 1.12 1.14 1.14 
1.12 1.05 1.05 1.14 1.13 1.07 1.09 1.12 1.11 1.13 1.09 1.11 1.12 1.06 1.13 1.09 1.11 1.14 1.1 1.06 
1.08 1.12 1.1 1.14 1.1 1.14 1.08 1.14 1.13 1.08 1.09 1.05 1.1 1.05 1.05 1.08 1.13 1.06 1.12 1.11 
1.05 1.07 1.12 1.09 1.05 1.12 1.13 1.09 1.06 1.14 1.12 1.1 1.1 1.09 1.1 1.1 1.1 1.09 1.14 1.07 
1.11 1.12 1.12 1.13 1.09 1.05 1.09 1.12 1.14 1.1 1.14 1.14 1.09 1.05 1.06 1.13 1.05 1.08 1.12 1.05 
1.14 1.08 1.08 1.06 1.07 1.1 1.06 1.12 1.13 1.1 1.13 1.07 1.05 1.11 1.12 1.09 1.08 1.12 1.13 1.07 
1.14 1.07 1.09 1.1 1.05 1.11 1.13 1.06 1.07 1.12 1.08 1.07 1.13 1.05 1.12 1.08 1.1 1.1 1.09 1.14 
1.13 1.05 1.05 1.13 1.11 1.09 1.07 1.11 1.1 1.08 1.05 1.13 1.08 1.12 1.1 1.07 1.12 1.07 1.05 1.05 
1.1 1.13 1.06 1.14 1.14 1.13 1.09 1.07 1.11 1.09 1.11 1.12 1.13 1.1 1.06 1.14 1.1 1.11 1.07 1.08 
1.13 1.06 1.08 1.13 1.14 1.07 1.08 1.12 1.07 1.11 1.11 1.13 1.06 1.1 1.09 1.13 1.1 1.11 1.11 1.06 
1.06 1.11 1.09 1.09 1.06 1.07 1.07 1.09 1.05 1.11 1.08 1.06 1.08 1.13 1.06 1.07 1.07 1.1 1.11 1.14 
1.12 1.07 1.13 1.14 1.09 1.13 1.05 1.06 1.13 1.06 1.1 1.07 1.14 1.14 1.11 1.05 1.07 1.11 1.14 1.07 
1.12 1.14 1.11 1.14 1.12 1.09 1.07 1.11 1.1 1.13 1.09 1.08 1.12 1.07 1.07 1.05 1.07 1.12 1.12 1.06 
1.14 1.1 1.05 1.08 1.06 1.06 1.11 1.13 1.12 1.1 1.05 1.11 1.05 1.06 1.11 1.14 1.05 1.08 1.14 1.08 
1.11 1.08 1.08 1.09 1.13 1.09 1.11 1.12 1.06 1.09 1.14 1.07 1.08 1.09 1.14 1.12 1.07 1.05 1.14 1.06 
1.05 1.11 1.11 1.08 1.05 1.1 1.13 1.13 1.14 1.14 1.12 1.05 1.13 1.06 1.1 1.13 1.08 1.1 1.06 1.13 
1.06 1.1 1.1 1.08 1.05 1.09 1.14 1.05 1.14 1.13 1.14 1.06 1.12 1.07 1.12 1.13 1.05 1.08 1.1 1.12 
1.14 1.11 1.05 1.11 1.07 1.08 1.12 1.1 1.06 1.06 1.1 1.07 1.05 1.12 1.08 1.13 1.08 1.12 1.07 1.06 
1.07 1.12 1.11 1.13 1.06 1.08 1.14 1.09 1.12 1.11 1.09 1.05 1.07 1.08 1.13 1.11 1.11 1.06 1.09 1.13 
1.07 1.07 1.05 1.11 1.05 1.07 1.12 1.07 1.06 1.07 1.05 1.08 1.08 1.07 1.09 1.05 1.07 1.07 1.1 1.08 
1.06 1.13 1.07 1.13 1.06 1.12 1.13 1.13 1.13 1.05 1.07 1.14 1.06 1.07 1.08 1.07 1.06 1.1 1.13 1.11 
1.11 1.14 1.13 1.12 1.14 1.12 1.09 1.1 1.09 1.11 1.09 1.11 1.09 1.07 1.13 1.06 1.14 1.07 1.09 1.11 
1.06 1.13 1.1 1.06 1.08 1.08 1.1 1.13 1.05 1.09 1.06 1.12 1.07 1.08 1.09 1.07 1.12 1.06 1.06 1.07 
1.08 1.05 1.13 1.13 1.11 1.11 1.1 1.13 1.13 1.1 1.13 1.13 1.14 1.08 1.13 1.12 1.05 1.05 1.05 1.1 
1.05 1.07 1.07 1.09 1.13 1.05 1.11 1.12 1.14 1.08 1.14 1.11 1.11 1.06 1.12 1.07 1.1 1.13 1.1 1.08 
1.14 1.07 1.11 1.14 1.07 1.08 1.06 1.07 1.14 1.13 1.11 1.1 1.08 1.06 1.06 1.05 1.09 1.1 1.08 1.06 
1.05 1.06 1.07 1.09 1.08 1.14 1.08 1.08 1.08 1.13 1.13 1.12 1.07 1.12 1.08 1.06 1.13 1.05 1.05 1.14 
1.06 1.12 1.09 1.1 1.05 1.05 1.08 1.07 1.07 1.05 1.14 1.12 1.1 1.14 1.09 1.13 1.05 1.12 1.11 1.11 
1.13 1.09 1.12 1.06 1.14 1.13 1.11 1.13 1.05 1.11 1.13 1.12 1.13 1.09 1.05 1.06 1.13 1.14 1.11 1.05 
1.05 1.05 1.07 1.14 1.11 1.13 1.13 1.12 1.08 1.12 1.14 1.13 1.13 1.08 1.07 1.11 1.13 1.08 1.13 1.11 
1.09 1.1 1.12 1.06 1.07 1.08 1.05 1.08 1.06 1.08 1.05 1.06 1.08 1.14 1.06 1.07 1.09 1.13 1.06 1.11 
1.14 1.08 1.08 1.1 1.14 1.09 1.14 1.1 1.05 1.06 1.11 1.14 1.08 1.11 1.05 1.12 1.05 1.09 1.06 1.07 
1.11 1.13 1.1 1.11 1.1 1.05 1.06 1.13 1.09 1.13 1.12 1.09 1.1 1.14 1.07 1.07 1.05 1.14 1.12 1.11 
1.1 1.05 1.12 1.07 1.09 1.06 1.06 1.09 1.1 1.08 1.08 1.1 1.14 1.06 1.05 1.11 1.14 1.12 1.07 1.08 
1.09 1.09 1.09 1.11 1.07 1.1 1.13 1.11 1.05 1.14 1.09 1.07 1.1 1.14 1.13 1.1 1.08 1.08 1.07 1.08 
1.09 1.07 1.05 1.11 1.1 1.11 1.13 1.13 1.11 1.1 1.09 1.13 1.11 1.06 1.11 1.13 1.13 1.14 1.09 1.09 
1.07 1.13 1.12 1.12 1.1 1.14 1.09 1.08 1.12 1.08 1.09 1.12 1.09 1.08 1.1 1.12 1.12 1.12 1.05 1.1 
1.05 1.09 1.08 1.11 1.08 1.06 1.13 1.08 1.1 1.06 1.09 1.1 1.07 1.05 1.11 1.09 1.13 1.11 1.07 1.1 
1.12 1.14 1.12 1.1 1.1 1.07 1.09 1.06 1.14 1.07 1.1 1.09 1.05 1.05 1.12 1.08 1.07 1.13 1.13 1.08 
1.11 1.1 1.07 1.11 1.11 1.1 1.06 1.14 1.05 1.13 1.07 1.05 1.12 1.14 1.06 1.05 1.12 1.09 1.11 1.13 
1.11 1.1 1.13 1.1 1.12 1.12 1.05 1.09 1.07 1.09 1.07 1.07 1.13 1.09 1.14 1.05 1.14 1.06 1.12 1.12 
1.07 1.08 1.05 1.14 1.05 1.09 1.06 1.12 1.14 1.08 1.12 1.12 1.14 1.05 1.13 1.14 1.06 1.1 1.13 1.06 
1.1 1.13 1.14 1.14 1.14 1.05 1.1 1.09 1.09 1.12 1.05 1.14 1.12 1.06 1.1 1.14 1.12 1.1 1.06 1.14 
1.09 1.11 1.1 1.12 1.05 1.1 1.05 1.09 1.08 1.05 1.05 1.05 1.11 1.11 1.09 1.12 1.07 1.08 1.05 1.12 
1.11 1.1 1.11 1.14 1.1 1.14 1.11 1.1 1.13 1.11 1.14 1.13 1.13 1.07 1.14 1.12 1.09 1.12 1.1 1.11 
1.11 1.11 1.08 1.13 1.09 1.12 1.1 1.08 1.07 1.06 1.14 1.14 1.12 1.11 1.13 1.05 1.06 1.09 1.07 1.11 
1.11 1.07 1.11 1.12 1.07 1.06 1.14 1.11 1.11 1.07 1.12 1.13 1.13 1.07 1.05 1.13 1.14 1.08 1.09 1.11 
1.1 1.09 1.14 1.08 1.14 1.14 1.09 1.05 1.14 1.11 1.14 1.13 1.07 1.14 1.07 1.09 1.06 1.12 1.14 1.12 
1.07 1.07 1.13 1.06 1.07 1.07 1.08 1.14 1.09 1.08 1.08 1.09 1.07 1.07 1.11 1.13 1.11 1.13 1.11 1.05 
1.05 1.05 1.14 1.07 1.07 1.08 1.05 1.14 1.12 1.12 1.09 1.1 1.05 1.06 1.08 1.11 1.08 1.07 1.05 1.07 
1.1 1.1 1.11 1.06 1.11 1.06 1.09 1.12 1.13 1.06 1.08 1.13 1.06 1.11 1.09 1.07 1.05 1.05 1.05 1.06 
1.06 1.05 1.05 1.13 1.12 1.14 1.08 1.11 1.06 1.13 1.09 1.06 1.06 1.06 1.14 1.11 1.06 1.07 1.06 1.1 
1.1 1.11 1.05 1.06 1.05 1.07 1.13 1.07 1.08 1.07 1.07 1.14 1.13 1.09 1.1 1.12 1.05 1.09 1.12 1.08 
1.09 1.13 1.05 1.11 1.1 1.05 1.07 1.08 1.07 1.08 1.08 1.08 1.08 1.12 1.14 1.13 1.09 1.05 1.12 1.08 
1.11 1.14 1.06 1.12 1.09 1.05 1.09 1.08 1.05 1.09 1.12 1.14 1.08 1.07 1.1 1.05 1.06 1.12 1.1 1.06 
1.09 1.07 1.12 1.11 1.09 1.12 1.05 1.11 1.05 1.09 1.14 1.09 1.09 1.06 1.14 1.07 1.06 1.11 1.07 1.14 
1.1 1.1 1.12 1.13 1.14 1.07 1.09 1.08 1.1 1.13 1.05 1.14 1.1 1.13 1.05 1.07 1.07 1.1 1.1 1.09 
1.09 1.14 1.12 1.12 1.12 1.14 1.1 1.11 1.09 1.11 1.06 1.11 1.14 1.13 1.08 1.08 1.08 1.07 1.07 1.09 
1.05 1.13 1.08 1.11 1.14 1.14 1.05 1.07 1.13 1.08 1.05 1.09 1.13 1.14 1.13 1.11 1.08 1.08 1.12 1.13 
1.13 1.09 1.12 1.08 1.09 1.08 1.06 1.1 1.14 1.1 1.13 1.13 1.05 1.1 1.12 1.08 1.06 1.1 1.08 1.1 
1.1 1.09 1.1 1.08 1.07 1.08 1.13 1.09 1.09 1.11 1.08 1.11 1.05 1.11 1.13 1.14 1.12 1.08 1.12 1.08 
1.08 1.12 1.12 1.13 1.12 1.08 1.06 1.13 1.05 1.07 1.13 1.05 1.09 1.13 1.11 1.1 1.12 1.07 1.12 1.1 
1.13 1.14 1.07 1.12 1.08 1.13 1.05 1.07 1.11 1.12 1.1 1.13 1.14 1.09 1.11 1.08 1.06 1.11 1.06 1.09 
1.08 1.14 1.08 1.09 1.08 1.12 1.08 1.07 1.14 1.09 1.13 1.11 1.1 1.09 1.07 1.11 1.08 1.08 1.08 1.14 
1.08 1.1 1.09 1.11 1.1 1.05 1.08 1.12 1.1 1.07 1.06 1.1 1.13 1.07 1.05 1.09 1.11 1.06 1.11 1.08 
1.13 1.1 1.06 1.05 1.14 1.08 1.08 1.13 1.09 1.1 1.12 1.09 1.09 1.14 1.14 1.1 1.06 1.06 1.11 1.1 
1.07 1.08 1.05 1.05 1.12 1.06 1.09 1.08 1.07 1.09 1.08 1.14 1.08 1.1 1.09 1.07 1.07 1.08 1.09 1.13 
1.06 1.14 1.05 1.08 1.13 1.13 1.13 1.07 1.06 1.08 1.06 1.14 1.05 1.12 1.11 1.1 1.07 1.1 1.1 1.11 
1.13 1.07 1.08 1.1 1.11 1.07 1.09 1.1 1.05 1.12 1.1 1.13 1.06 1.05 1.07 1.14 1.08 1.06 1.12 1.08 
1.14 1.11 1.14 1.09 1.14 1.05 1.1 1.1 1.08 1.11 1.1 1.05 1.1 1.07 1.14 1.09 1.07 1.07 1.06 1.07 
1.12 1.06 1.11 1.08 1.11 1.07 1.08 1.14 1.08 1.05 1.1 1.06 1.12 1.14 1.13 1.13 1.06 1.08 1.09 1.1 
