20
200
80 22 34 22 6 64 85 52 30 54 55 78 33 42 56 28 65 45 71 90 7 40 70 81 46 15 37 18 50 97 76 89 69 92 43 62 77 61 51 67 98 7 78 42 80 45 19 66 40 36 36 68 36 69 16 13 45 63 40 48 77 93 36 45 24 75 78 39 54 97 82 2 10 51 12 21 41 15 82 85 78 84 5 76 12 77 91 79 24 89 3 78 13 28 24 29 14 58 97 34 63 63 68 62 74 55 45 40 7 70 57 49 17 26 92 37 92 63 20 88 16 63 48 24 67 44 12 58 50 95 65 83 51 30 7 25 79 17 36 11 66 72 40 25 76 100 75 99 87 39 87 56 28 48 3 29 70 31 87 19 24 41 45 46 99 24 60 79 88 2 82 37 99 39 15 90 52 7 7 67 41 37 56 6 80 44 2 58 54 27 95 77 72 12 11 37 14 16 2 20 
2 2 2 2 2 2 2 3 2 2 1 2 3 1 2 2 2 2 1 1 
1.14 1.11 1.06 1.1 1.11 1.12 1.09 1.09 1.12 1.12 1.13 1.11 1.11 1.08 1.09 1.05 1.14 1.14 1.05 1.05 
1.08 1.08 1.12 1.1 1.05 1.11 1.05 1.06 1.11 1.07 1.1 1.14 1.11 1.11 1.07 1.13 1.14 1.11 1.08 1.06 
1.07 1.08 1.11 1.12 1.05 1.09 1.06 1.12 1.11 1.09 1.09 1.07 1.09 1.06 1.07 1.05 1.11 1.07 1.13 1.07 
1.12 1.05 1.07 1.06 1.07 1.05 1.1 1.05 1.1 1.11 1.14 1.08 1.1 1.1 1.13 1.12 1.13 1.05 1.13 1.06 
1.07 1.1 1.11 1.12 1.08 1.08 1.06 1.13 1.11 1.07 1.11 1.08 1.1 1.13 1.14 1.07 1.05 1.08 1.11 1.13 
1.08 1.09 1.05 1.05 1.1 1.07 1.07 1.07 1.08 1.07 1.13 1.12 1.12 1.11 1.09 1.1 1.1 1.05 1.12 1.07 
1.08 1.09 1.11 1.07 1.08 1.12 1.13 1.11 1.07 1.08 1.1 1.1 1.06 1.11 1.13 1.12 1.06 1.05 1.07 1.1 
1.05 1.09 1.14 1.09 1.12 1.08 1.1 1.1 1.13 1.07 1.11 1.05 1.14 1.07 1.13 1.14 1.06 1.12 1.1 1.05 
1.1 1.06 1.12 1.07 1.12 1.14 1.07 1.08 1.06 1.07 1.13 1.14 1.1 1.12 1.1 1.1 1.08 1.07 1.14 1.11 
1.13 1.09 1.11 1.14 1.11 1.14 1.1 1.06 1.1 1.12 1.13 1.09 1.11 1.11 1.14 1.11 1.09 1.11 1.06 1.06 
1.12 1.1 1.06 1.12 1.09 1.1 1.09 1.05 1.09 1.1 1.05 1.14 1.08 1.11 1.1 1.12 1.1 1.12 1.14 1.09 
1.05 1.12 1.1 1.1 1.12 1.05 1.08 1.1 1.06 1.12 1.14 1.11 1.1 1.08 1.09 1.05 1.11 1.11 1.12 1.11 
1.06 1.05 1.06 1.12 1.09 1.12 1.07 1.06 1.12 1.06 1.07 1.1 1.14 1.14 1.14 1.11 1.1 1.11 1.08 1.11 
1.07 1.07 1.13 1.05 1.08 1.06 1.06 1.12 1.05 1.11 1.13 1.06 1.13 1.09 1.12 1.06 1.09 1.14 1.11 1.1 
1.13 1.09 1.12 1.14 1.07 1.12 1.06 1.09 1.09 1.09 1.08 1.08 1.09 1.12 1.13 1.12 1.14 1.11 1.07 1.07 
1.1 1.1 1.1 1.11 1.05 1.08 1.05 1.07 1.14 1.12 1.13 1.11 1.08 1.14 1.09 1.14 1.05 1.1 1.14 1.11 
1.12 1.1 1.13 1.09 1.05 1.09 1.05 1.11 1.06 1.06 1.08 1.11 1.08 1.11 1.08 1.08 1.13 1.11 1.11 1.12 
1.06 1.1 1.1 1.08 1.14 1.14 1.05 1.05 1.1 1.09 1.12 1.05 1.1 1.14 1.14 1.05 1.07 1.05 1.13 1.08 
1.06 1.14 1.08 1.08 1.12 1.14 1.11 1.14 1.05 1.05 1.13 1.14 1.13 1.05 1.13 1.07 1.09 1.11 1.11 1.06 
1.09 1.11 1.05 1.06 1.11 1.14 1.11 1.13 1.09 1.06 1.11 1.14 1.14 1.13 1.06 1.12 1.05 1.14 1.06 1.12 
1.1 1.08 1.11 1.05 1.14 1.05 1.13 1.07 1.09 1.1 1.12 1.1 1.09 1.09 1.07 1.12 1.12 1.09 1.14 1.1 
1.08 1.12 1.08 1.06 1.14 1.08 1.1 1.08 1.11 1.07 1.1 1.06 1.14 1.12 1.11 1.08 1.11 1.11 1.11 1.12 
1.07 1.05 1.12 1.07 1.06 1.13 1.06 1.11 1.06 1.12 1.13 1.13 1.13 1.12 1.11 1.05 1.08 1.09 1.1 1.11 
1.09 1.1 1.08 1.09 1.08 1.05 1.09 1.12 1.08 1.11 1.08 1.07 1.05 1.13 1.13 1.14 1.13 1.12 1.06 1.12 
1.13 1.1 1.09 1.08 1.05 1.12 1.12 1.12 1.14 1.14 1.06 1.14 1.11 1.11 1.12 1.13 1.12 1.11 1.12 1.08 
1.1 1.13 1.14 1.06 1.09 1.12 1.05 1.14 1.09 1.12 1.14 1.14 1.06 1.07 1.14 1.13 1.07 1.11 1.05 1.1 
1.13 1.07 1.07 1.14 1.1 1.12 1.12 1.05 1.07 1.05 1.13 1.05 1.08 1.07 1.09 1.12 1.07 1.13 1.08 1.08 
1.11 1.05 1.07 1.06 1.12 1.14 1.08 1.12 1.09 1.1 1.13 1.06 1.08 1.1 1.05 1.09 1.13 1.14 1.08 1.09 
1.06 1.13 1.12 1.1 1.06 1.11 1.1 1.06 1.06 1.07 1.12 1.09 1.05 1.14 1.13 1.09 1.13 1.07 1.14 1.08 
1.11 1.09 1.14 1.12 1.13 1.07 1.08 1.1 1.12 1.08 1.12 1.1 1.07 1.05 1.13 1.1 1.1 1.12 1.13 1.09 
1.05 1.08 1.07 1.08 1.07 1.05 1.06 1.09 1.14 1.08 1.14 1.08 1.14 1.11 1.1 1.11 1.1 1.06 1.07 1.08 
1.05 1.14 1.12 1.11 1.09 1.07 1.08 1.13 1.09 1.1 1.06 1.1 1.06 1.09 1.14 1.12 1.06 1.11 1.08 1.08 
1.05 1.09 1.07 1.09 1.05 1.12 1.09 1.08 1.09 1.13 1.06 1.12 1.11 1.05 1.08 1.11 1.13 1.11 1.08 1.1 
1.11 1.14 1.1 1.13 1.05 1.06 1.14 1.12 1.11 1.1 1.12 1.12 1.07 1.06 1.11 1.06 1.05 1.11 1.1 1.1 
1.05 1.11 1.12 1.09 1.1 1.09 1.09 1.13 1.06 1.09 1.07 1.1 1.12 1.08 1.07 1.09 1.12 1.09 1.11 1.13 
1.1 1.11 1.12 1.14 1.05 1.13 1.14 1.09 1.1 1.12 1.06 1.1 1.14 1.08 1.13 1.08 1.06 1.08 1.1 1.06 
1.14 1.05 1.07 1.12 1.06 1.07 1.1 1.1 1.05 1.07 1.05 1.07 1.08 1.06 1.1 1.13 1.13 1.08 1.13 1.14 
1.08 1.07 1.11 1.05 1.14 1.07 1.05 1.06 1.07 1.12 1.07 1.09 1.07 1.05 1.11 1.11 1.1 1.13 1.05 1.1 
1.08 1.08 1.07 1.11 1.08 1.07 1.09 1.14 1.12 1.09 1.1 1.14 1.09 1.06 1.09 1.14 1.12 1.05 1.13 1.14 
1.1 1.05 1.08 1.12 1.12 1.07 1.14 1.06 1.13 1.06 1.14 1.06 1.13 1.1 1.05 1.1 1.08 1.06 1.08 1.14 
1.14 1.08 1.06 1.07 1.05 1.13 1.1 1.07 1.11 1.12 1.09 1.11 1.06 1.07 1.08 1.08 1.12 1.1 1.1 1.1 
1.13 1.12 1.14 1.09 1.1 1.09 1.13 1.09 1.09 1.09 1.07 1.13 1.06 1.06 1.11 1.12 1.06 1.1 1.09 1.07 
1.11 1.12 1.08 1.07 1.11 1.1 1.13 1.08 1.07 1.12 1.13 1.1 1.08 1.14 1.05 1.06 1.11 1.09 1.14 1.09 
1.08 1.11 1.12 1.09 1.11 1.07 1.07 1.12 1.05 1.07 1.14 1.1 1.11 1.1 1.1 1.07 1.05 1.08 1.05 1.13 
1.12 1.14 1.08 1.07 1.14 1.1 1.09 1.1 1.14 1.11 1.12 1.05 1.05 1.14 1.06 1.11 1.07 1.05 1.07 1.12 
1.09 1.07 1.13 1.1 1.07 1.07 1.13 1.12 1.06 1.12 1.07 1.1 1.06 1.13 1.09 1.07 1.1 1.05 1.05 1.09 
1.11 1.09 1.09 1.12 1.05 1.13 1.11 1.13 1.11 1.08 1.07 1.11 1.11 1.12 1.11 1.14 1.14 1.05 1.06 1.13 
1.13 1.1 1.11 1.08 1.09 1.09 1.12 1.07 1.1 1.06 1.11 1.05 1.12 1.08 1.14 1.08 1.14 1.14 1.05 1.12 
1.06 1.12 1.12 1.12 1.13 1.12 1.12 1.11 1.05 1.09 1.07 1.07 1.08 1.05 1.11 1.06 1.14 1.06 1.13 1.12 
1.06 1.07 1.13 1.09 1.1 1.14 1.05 1.06 1.05 1.1 1.1 1.11 1.14 1.09 1.12 1.14 1.06 1.07 1.09 1.13 
1.08 1.11 1.1 1.05 1.09 1.14 1.1 1.12 1.1 1.05 1.07 1.09 1.09 1.06 1.08 1.09 1.1 1.06 1.11 1.09 
1.07 1.11 1.05 1.05 1.12 1.09 1.07 1.09 1.14 1.13 1.05 1.12 1.12 1.11 1.08 1.06 1.05 1.07 1.12 1.07 
1.05 1.08 1.11 1.09 1.08 1.13 1.11 1.12 1.13 1.14 1.14 1.1 1.08 1.07 1.05 1.05 1.13 1.05 1.08 1.12 
1.14 1.06 1.07 1.07 1.12 1.05 1.07 1.14 1.08 1.06 1.12 1.1 1.1 1.14 1.11 1.05 1.09 1.08 1.12 1.05 
1.11 1.12 1.14 1.1 1.13 1.05 1.1 1.12 1.07 1.13 1.09 1.14 1.07 1.1 1.05 1.08 1.13 1.05 1.05 1.08 
1.13 1.06 1.06 1.08 1.12 1.11 1.05 1.12 1.09 1.06 1.13 1.13 1.08 1.09 1.1 1.08 1.08 1.11 1.06 1.09 
1.11 1.07 1.08 1.08 1.05 1.05 1.09 1.14 1.13 1.09 1.13 1.08 1.07 1.09 1.06 1.12 1.07 1.1 1.09 1.1 
1.14 1.06 1.06 1.13 1.11 1.13 1.06 1.07 1.14 1.12 1.11 1.06 1.11 1.05 1.13 1.13 1.07 1.1 1.09 1.07 
1.14 1.06 1.12 1.14 1.1 1.14 1.09 1.07 1.13 1.07 1.08 1.06 1.11 1.1 1.05 1.11 1.13 1.07 1.12 1.13 
1.06 1.14 1.08 1.08 1.12 1.07 1.09 1.08 1.07 1.09 1.05 1.07 1.11 1.14 1.06 1.07 1.05 1.07 1.11 1.1 
1.13 1.08 1.06 1.13 1.09 1.13 1.12 1.14 1.14 1.11 1.07 1.05 1.07 1.06 1.13 1.08 1.13 1.11 1.07 1.14 
1.12 1.11 1.11 1.1 1.11 1.12 1.11 1.08 1.09 1.13 1.08 1.14 1.14 1.05 1.07 1.06 1.12 1.13 1.05 1.09 
1.13 1.14 1.06 1.07 1.07 1.1 1.08 1.09 1.14 1.13 1.13 1.07 1.09 1.05 1.13 1.06 1.12 1.07 1.07 1.08 
1.09 1.06 1.11 1.14 1.05 1.07 1.08 1.14 1.09 1.1 1.1 1.05 1.05 1.08 1.11 1.06 1.14 1.06 1.07 1.08 
1.14 1.05 1.09 1.14 1.14 1.13 1.05 1.12 1.09 1.09 1.1 1.1 1.09 1.14 1.06 1.14 1.12 1.14 1.1 1.14 
1.11 1.08 1.07 1.12 1.08 1.13 1.14 1.1 1.12 1.08 1.14 1.1 1.05 1.14 1.09 1.11 1.08 1.07 1.09 1.09 
1.09 1.06 1.14 1.1 1.11 1.07 1.11 1.13 1.11 1.13 1.05 1.11 1.06 1.09 1.08 1.12 1.09 1.05 1.07 1.1 
1.05 1.12 1.14 1.1 1.14 1.14 1.06 1.13 1.1 1.14 1.08 1.08 1.06 1.06 1.13 1.09 1.14 1.08 1.09 1.06 
1.12 1.09 1.05 1.08 1.13 1.09 1.1 1.11 1.11 1.08 1.06 1.09 1.13 1.07 1.12 1.09 1.06 1.06 1.07 1.06 
1.12 1.05 1.13 1.11 1.05 1.07 1.14 1.14 1.07 1.07 1.11 1.1 1.05 1.06 1.05 1.1 1.05 1.13 1.14 1.07 
1.12 1.13 1.1 1.11 1.07 1.05 1.13 1.12 1.13 1.07 1.12 1.1 1.07 1.12 1.05 1.05 1.07 1.1 1.12 1.09 
1.13 1.07 1.13 1.08 1.14 1.06 1.05 1.09 1.06 1.11 1.08 1.07 1.05 1.12 1.06 1.13 1.14 1.11 1.11 1.09 
1.12 1.13 1.05 1.09 1.09 1.1 1.1 1.13 1.1 1.05 1.08 1.14 1.06 1.07 1.07 1.13 1.09 1.13 1.13 1.06 
1.11 1.12 1.08 1.14 1.05 1.12 1.08 1.09 1.05 1.05 1.12 1.11 1.12 1.12 1.12 1.12 1.09 1.13 1.1 1.06 
1.14 1.08 1.12 1.1 1.06 1.11 1.14 1.06 1.1 1.07 1.11 1.14 1.14 1.07 1.09 1.08 1.12 1.11 1.1 1.06 
1.06 1.1 1.06 1.05 1.09 1.05 1.14 1.13 1.08 1.11 1.08 1.07 1.14 1.12 1.13 1.14 1.07 1.1 1.12 1.05 
1.09 1.12 1.1 1.1 1.08 1.1 1.07 1.08 1.14 1.14 1.06 1.06 1.13 1.1 1.12 1.14 1.12 1.13 1.07 1.06 
1.12 1.1 1.1 1.06 1.09 1.05 1.13 1.06 1.09 1.05 1.11 1.11 1.12 1.1 1.09 1.13 1.08 1.05 1.1 1.08 
1.1 1.13 1.11 1.12 1.09 1.13 1.13 1.09 1.08 1.06 1.05 1.05 1.06 1.1 1.06 1.14 1.14 1.09 1.08 1.08 
1.08 1.07 1.07 1.1 1.07 1.14 1.14 1.14 1.12 1.07 1.12 1.12 1.05 1.1 1.12 1.11 1.07 1.14 1.13 1.14 
1.11 1.13 1.05 1.13 1.11 1.05 1.07 1.09 1.06 1.06 1.11 1.13 1.1 1.07 1.13 1.1 1.1 1.12 1.13 1.06 
1.11 1.05 1.14 1.08 1.1 1.1 1.13 1.1 1.12 1.07 1.1 1.1 1.05 1.06 1.07 1.1 1.11 1.1 1.1 1.08 
1.09 1.13 1.14 1.11 1.09 1.13 1.08 1.08 1.08 1.12 1.08 1.09 1.14 1.07 1.09 1.07 1.14 1.11 1.1 1.14 
1.13 1.05 1.12 1.13 1.11 1.05 1.14 1.08 1.12 1.13 1.07 1.11 1.09 1.1 1.05 1.09 1.07 1.1 1.13 1.09 
1.06 1.08 1.14 1.06 1.13 1.06 1.09 1.09 1.05 1.06 1.11 1.05 1.12 1.06 1.06 1.06 1.08 1.08 1.1 1.05 
1.12 1.07 1.1 1.09 1.07 1.13 1.1 1.06 1.09 1.08 1.05 1.11 1.09 1.08 1.13 1.1 1.08 1.12 1.12 1.09 
1.09 1.09 1.11 1.06 1.13 1.13 1.09 1.13 1.13 1.07 1.13 1.12 1.11 1.09 1.07 1.05 1.14 1.09 1.06 1.09 
1.08 1.13 1.11 1.08 1.11 1.1 1.07 1.06 1.08 1.09 1.14 1.09 1.11 1.13 1.08 1.09 1.13 1.12 1.13 1.05 
1.07 1.12 1.12 1.13 1.07 1.05 1.1 1.05 1.06 1.14 1.06 1.05 1.07 1.11 1.06 1.05 1.06 1.06 1.09 1.05 
1.12 1.05 1.14 1.1 1.12 1.14 1.1 1.06 1.13 1.09 1.06 1.13 1.14 1.09 1.07 1.11 1.14 1.11 1.12 1.05 
1.1 1.06 1.14 1.08 1.1 1.12 1.05 1.12 1.09 1.09 1.14 1.08 1.13 1.12 1.11 1.13 1.1 1.1 1.12 1.14 
1.07 1.12 1.06 1.08 1.06 1.13 1.13 1.14 1.12 1.05 1.12 1.1 1.07 1.11 1.14 1.05 1.09 1.12 1.09 1.06 
1.13 1.09 1.08 1.08 1.12 1.14 1.07 1.07 1.14 1.09 1.11 1.06 1.1 1.11 1.11 1.09 1.08 1.1 1.06 1.13 
1.05 1.07 1.14 1.1 1.09 1.05 1.06 1.14 1.05 1.05 1.1 1.14 1.06 1.13 1.11 1.12 1.09 1.07 1.1 1.09 
1.07 1.11 1.11 1.06 1.08 1.13 1.14 1.12 1.05 1.1 1.06 1.09 1.11 1.08 1.1 1.14 1.05 1.07 1.05 1.14 
1.05 1.09 1.12 1.07 1.05 1.12 1.1 1.09 1.14 1.13 1.08 1.06 1.11 1.13 1.14 1.12 1.06 1.12 1.12 1.08 
1.11 1.11 1.12 1.07 1.12 1.08 1.11 1.11 1.1 1.08 1.13 1.13 1.13 1.13 1.14 1.14 1.11 1.06 1.11 1.09 
1.06 1.09 1.06 1.09 1.07 1.1 1.13 1.11 1.05 1.11 1.07 1.09 1.11 1.05 1.08 1.08 1.12 1.14 1.13 1.12 
1.1 1.08 1.06 1.12 1.14 1.09 1.12 1.06 1.12 1.13 1.08 1.05 1.1 1.07 1.1 1.1 1.05 1.06 1.14 1.06 
1.07 1.12 1.11 1.05 1.08 1.06 1.09 1.13 1.08 1.08 1.06 1.14 1.06 1.14 1.07 1.12 1.09 1.11 1.1 1.08 
1.09 1.07 1.05 1.14 1.08 1.13 1.14 1.12 1.1 1.14 1.11 1.07 1.07 1.06 1.13 1.07 1.12 1.08 1.11 1.11 
1.13 1.11 1.07 1.12 1.09 1.1 1.11 1.11 1.14 1.07 1.09 1.08 1.07 1.08 1.11 1.11 1.09 1.05 1.07 1.13 
1.05 1.12 1.08 1.11 1.08 1.09 1.05 1.1 1.06 1.1 1.08 1.06 1.1 1.09 1.08 1.13 1.07 1.1 1.14 1.06 
1.08 1.07 1.07 1.09 1.06 1.07 1.11 1.11 1.06 1.13 1.13 1.05 1.12 1.1 1.1 1.12 1.09 1.08 1.09 1.14 
1.05 1.05 1.09 1.09 1.07 1.14 1.13 1.12 1.12 1.06 1.08 1.05 1.06 1.05 1.11 1.07 1.13 1.1 1.11 1.05 
1.11 1.07 1.11 1.07 1.1 1.12 1.14 1.12 1.06 1.07 1.06 1.05 1.07 1.09 1.12 1.07 1.12 1.07 1.07 1.13 
1.13 1.06 1.12 1.13 1.08 1.11 1.05 1.06 1.12 1.05 1.07 1.14 1.11 1.13 1.07 1.12 1.1 1.08 1.12 1.13 
1.09 1.07 1.1 1.08 1.08 1.05 1.11 1.05 1.12 1.14 1.06 1.07 1.07 1.1 1.1 1.14 1.05 1.06 1.07 1.07 
1.12 1.14 1.09 1.14 1.05 1.12 1.09 1.08 1.1 1.05 1.06 1.14 1.13 1.1 1.11 1.11 1.09 1.13 1.14 1.1 
1.1 1.12 1.11 1.09 1.14 1.05 1.08 1.05 1.06 1.09 1.06 1.05 1.08 1.13 1.12 1.1 1.05 1.1 1.14 1.07 
1.1 1.07 1.06 1.09 1.05 1.09 1.14 1.13 1.11 1.11 1.08 1.07 1.08 1.08 1.14 1.08 1.13 1.11 1.14 1.07 
1.13 1.06 1.14 1.1 1.12 1.08 1.06 1.13 1.09 1.05 1.12 1.06 1.08 1.13 1.14 1.13 1.13 1.14 1.1 1.08 
1.05 1.11 1.14 1.07 1.13 1.12 1.05 1.05 1.05 1.09 1.13 1.13 1.05 1.1 1.1 1.08 1.05 1.11 1.07 1.1 
1.1 1.07 1.08 1.11 1.11 1.14 1.11 1.08 1.12 1.14 1.07 1.12 1.1 1.13 1.06 1.08 1.12 1.09 1.05 1.09 
1.07 1.1 1.14 1.14 1.06 1.09 1.08 1.12 1.14 1.08 1.14 1.12 1.13 1.14 1.14 1.09 1.09 1.08 1.1 1.09 
1.07 1.06 1.05 1.12 1.14 1.14 1.06 1.13 1.11 1.06 1.06 1.09 1.13 1.1 1.11 1.11 1.13 1.07 1.08 1.1 
1.05 1.07 1.14 1.1 1.11 1.08 1.08 1.05 1.12 1.09 1.05 1.05 1.12 1.07 1.1 1.09 1.11 1.06 1.12 1.14 
1.11 1.1 1.07 1.09 1.07 1.05 1.06 1.13 1.07 1.08 1.13 1.07 1.14 1.07 1.09 1.13 1.09 1.05 1.09 1.14 
1.12 1.11 1.06 1.05 1.12 1.08 1.13 1.13 1.06 1.08 1.11 1.1 1.13 1.08 1.14 1.1 1.13 1.09 1.05 1.08 
1.06 1.09 1.13 1.07 1.11 1.06 1.09 1.06 1.05 1.07 1.07 1.09 1.14 1.08 1.08 1.08 1.1 1.11 1.14 1.1 
1.06 1.09 1.06 1.09 1.07 1.06 1.05 1.12 1.13 1.08 1.05 1.13 1.09 1.06 1.12 1.14 1.14 1.09 1.09 1.1 
1.11 1.14 1.14 1.13 1.12 1.11 1.14 1.09 1.1 1.09 1.13 1.09 1.11 1.05 1.13 1.14 1.14 1.13 1.07 1.06 
1.11 1.13 1.07 1.05 1.1 1.1 1.12 1.12 1.11 1.07 1.05 1.09 1.06 1.11 1.07 1.05 1.1 1.05 1.09 1.05 
1.13 1.06 1.11 1.06 1.08 1.12 1.06 1.14 1.13 1.05 1.1 1.1 1.14 1.14 1.09 1.09 1.14 1.08 1.06 1.11 
1.1 1.14 1.13 1.14 1.13 1.1 1.09 1.11 1.14 1.12 1.05 1.14 1.11 1.09 1.08 1.06 1.1 1.12 1.13 1.05 
1.12 1.14 1.1 1.12 1.11 1.1 1.09 1.12 1.1 1.08 1.07 1.1 1.11 1.08 1.05 1.06 1.14 1.12 1.09 1.14 
1.13 1.13 1.06 1.13 1.09 1.06 1.13 1.14 1.09 1.11 1.05 1.12 1.11 1.1 1.08 1.08 1.05 1.09 1.09 1.07 
1.1 1.08 1.11 1.12 1.14 1.08 1.1 1.14 1.12 1.1 1.11 1.06 1.08 1.12 1.1 1.14 1.12 1.08 1.14 1.13 
1.14 1.12 1.06 1.05 1.07 1.13 1.1 1.13 1.1 1.14 1.09 1.05 1.07 1.08 1.08 1.07 1.1 1.12 1.11 1.09 
1.14 1.09 1.13 1.07 1.14 1.05 1.11 1.13 1.14 1.14 1.13 1.06 1.14 1.14 1.12 1.05 1.05 1.09 1.08 1.13 
1.08 1.09 1.06 1.1 1.08 1.12 1.08 1.06 1.12 1.13 1.1 1.08 1.08 1.12 1.09 1.1 1.07 1.06 1.13 1.05 
1.08 1.08 1.11 1.12 1.11 1.09 1.1 1.1 1.1 1.14 1.09 1.1 1.14 1.08 1.13 1.11 1.11 1.1 1.1 1.13 
1.09 1.09 1.09 1.06 1.05 1.09 1.11 1.12 1.07 1.05 1.12 1.07 1.08 1.05 1.14 1.06 1.11 1.06 1.08 1.05 
1.08 1.08 1.05 1.12 1.09 1.06 1.1 1.08 1.11 1.08 1.11 1.12 1.07 1.11 1.1 1.11 1.12 1.09 1.12 1.11 
1.07 1.13 1.13 1.13 1.13 1.07 1.07 1.06 1.13 1.07 1.09 1.13 1.11 1.09 1.13 1.12 1.12 1.13 1.09 1.13 
1.13 1.05 1.07 1.06 1.11 1.09 1.14 1.08 1.11 1.13 1.14 1.05 1.12 1.06 1.05 1.07 1.06 1.07 1.14 1.11 
1.08 1.08 1.09 1.14 1.05 1.12 1.09 1.11 1.07 1.08 1.09 1.11 1.05 1.07 1.14 1.12 1.13 1.05 1.05 1.09 
1.08 1.13 1.11 1.13 1.09 1.13 1.14 1.1 1.14 1.09 1.07 1.06 1.11 1.11 1.06 1.07 1.11 1.13 1.07 1.12 
1.14 1.12 1.06 1.11 1.05 1.14 1.06 1.14 1.06 1.05 1.05 1.12 1.12 1.12 1.05 1.13 1.12 1.05 1.14 1.06 
1.07 1.14 1.09 1.12 1.05 1.09 1.07 1.06 1.05 1.06 1.14 1.1 1.11 1.07 1.08 1.09 1.12 1.08 1.12 1.07 
1.05 1.12 1.09 1.14 1.1 1.08 1.13 1.1 1.13 1.08 1.06 1.06 1.13 1.07 1.06 1.12 1.12 1.06 1.14 1.14 
1.13 1.09 1.08 1.07 1.12 1.09 1.08 1.09 1.07 1.11 1.14 1.13 1.06 1.12 1.1 1.08 1.13 1.13 1.05 1.09 
1.1 1.1 1.14 1.07 1.1 1.11 1.08 1.13 1.14 1.13 1.1 1.11 1.13 1.06 1.05 1.05 1.09 1.1 1.12 1.06 
1.05 1.07 1.12 1.06 1.06 1.06 1.12 1.06 1.08 1.12 1.07 1.05 1.09 1.11 1.1 1.12 1.06 1.09 1.14 1.08 
1.1 1.14 1.13 1.06 1.12 1.12 1.1 1.07 1.06 1.12 1.11 1.14 1.05 1.14 1.13 1.13 1.13 1.07 1.09 1.06 
1.11 1.11 1.14 1.13 1.06 1.09 1.09 1.14 1.09 1.09 1.06 1.1 1.11 1.12 1.13 1.1 1.14 1.1 1.1 1.13 
1.09 1.09 1.07 1.06 1.11 1.06 1.14 1.09 1.1 1.11 1.14 1.07 1.08 1.11 1.09 1.12 1.14 1.1 1.11 1.14 
1.1 1.1 1.1 1.13 1.13 1.09 1.07 1.1 1.05 1.1 1.05 1.12 1.06 1.07 1.14 1.13 1.11 1.06 1.13 1.09 
1.08 1.06 1.07 1.07 1.12 1.06 1.12 1.07 1.12 1.14 1.12 1.05 1.14 1.12 1.11 1.06 1.07 1.07 1.11 1.13 
1.09 1.11 1.13 1.11 1.1 1.13 1.09 1.14 1.08 1.12 1.06 1.06 1.11 1.12 1.1 1.13 1.1 1.05 1.05 1.06 
1.11 1.08 1.07 1.07 1.08 1.12 1.05 1.11 1.1 1.1 1.06 1.14 1.09 1.13 1.14 1.11 1.06 1.05 1.12 1.1 
1.05 1.1 1.05 1.12 1.14 1.09 1.07 1.08 1.14 1.08 1.13 1.1 1.05 1.1 1.1 1.09 1.1 1.1 1.09 1.08 
1.12 1.1 1.14 1.12 1.1 1.08 1.1 1.05 1.11 1.05 1.11 1.12 1.06 1.08 1.08 1.09 1.12 1.05 1.07 1.09 
1.07 1.07 1.06 1.08 1.07 1.06 1.1 1.06 1.14 1.05 1.09 1.12 1.06 1.06 1.07 1.07 1.05 1.08 1.08 1.14 
1.13 1.09 1.09 1.13 1.12 1.14 1.09 1.08 1.11 1.1 1.05 1.09 1.12 1.08 1.08 1.07 1.09 1.06 1.13 1.11 
1.07 1.08 1.09 1.14 1.13 1.14 1.12 1.06 1.14 1.13 1.09 1.07 1.09 1.09 1.12 1.05 1.06 1.06 1.14 1.07 
1.09 1.13 1.07 1.13 1.13 1.07 1.06 1.12 1.14 1.06 1.05 1.07 1.14 1.13 1.08 1.1 1.05 1.13 1.07 1.08 
1.13 1.05 1.11 1.12 1.11 1.11 1.06 1.09 1.08 1.12 1.07 1.05 1.09 1.08 1.09 1.1 1.07 1.13 1.08 1.12 
1.05 1.12 1.07 1.11 1.1 1.09 1.14 1.05 1.1 1.07 1.08 1.08 1.09 1.14 1.08 1.08 1.11 1.09 1.14 1.05 
1.11 1.11 1.14 1.11 1.05 1.09 1.11 1.12 1.11 1.09 1.12 1.1 1.08 1.14 1.11 1.14 1.06 1.08 1.14 1.11 
1.13 1.05 1.13 1.13 1.05 1.11 1.11 1.12 1.09 1.05 1.05 1.12 1.11 1.05 1.11 1.12 1.13 1.12 1.1 1.1 
1.09 1.05 1.13 1.13 1.08 1.07 1.09 1.05 1.1 1.13 1.06 1.07 1.09 1.13 1.07 1.14 1.13 1.06 1.12 1.11 
1.12 1.12 1.05 1.08 1.13 1.07 1.09 1.11 1.05 1.13 1.12 1.12 1.07 1.06 1.05 1.1 1.13 1.09 1.1 1.12 
1.1 1.06 1.08 1.13 1.07 1.1 1.11 1.12 1.1 1.13 1.13 1.06 1.1 1.1 1.1 1.13 1.14 1.13 1.09 1.06 
1.12 1.14 1.05 1.08 1.12 1.1 1.1 1.07 1.14 1.07 1.07 1.1 1.09 1.14 1.09 1.12 1.1 1.06 1.13 1.11 
1.05 1.06 1.11 1.06 1.11 1.12 1.08 1.05 1.1 1.08 1.13 1.08 1.1 1.13 1.1 1.11 1.05 1.07 1.09 1.11 
1.06 1.06 1.14 1.07 1.14 1.14 1.07 1.13 1.1 1.06 1.11 1.1 1.1 1.11 1.12 1.12 1.12 1.11 1.07 1.11 
1.06 1.1 1.11 1.13 1.08 1.05 1.12 1.14 1.09 1.13 1.11 1.07 1.13 1.14 1.11 1.05 1.09 1.05 1.1 1.09 
1.05 1.14 1.13 1.13 1.1 1.08 1.14 1.1 1.14 1.05 1.11 1.05 1.05 1.1 1.08 1.12 1.09 1.1 1.13 1.07 
1.11 1.06 1.06 1.1 1.1 1.09 1.14 1.11 1.08 1.06 1.11 1.07 1.08 1.11 1.1 1.09 1.14 1.13 1.1 1.13 
1.09 1.08 1.12 1.07 1.11 1.06 1.12 1.05 1.14 1.05 1.11 1.06 1.07 1.07 1.14 1.11 1.12 1.14 1.13 1.08 
1.06 1.11 1.08 1.07 1.08 1.11 1.09 1.08 1.1 1.11 1.13 1.09 1.14 1.05 1.07 1.05 1.09 1.13 1.09 1.13 
1.11 1.05 1.05 1.14 1.13 1.08 1.07 1.07 1.07 1.08 1.13 1.14 1.07 1.11 1.09 1.12 1.05 1.05 1.12 1.13 
1.05 1.09 1.08 1.06 1.07 1.08 1.05 1.06 1.08 1.13 1.08 1.05 1.1 1.12 1.07 1.07 1.14 1.08 1.08 1.13 
1.06 1.09 1.07 1.14 1.09 1.1 1.07 1.05 1.14 1.1 1.09 1.09 1.12 1.05 1.12 1.11 1.13 1.06 1.05 1.05 
1.06 1.13 1.07 1.11 1.05 1.14 1.07 1.12 1.05 1.08 1.07 1.07 1.06 1.06 1.11 1.08 1.06 1.06 1.13 1.13 
1.08 1.11 1.08 1.06 1.11 1.14 1.14 1.11 1.13 1.07 1.05 1.05 1.1 1.09 1.14 1.06 1.06 1.11 1.05 1.12 
1.06 1.08 1.08 1.14 1.11 1.11 1.07 1.13 1.11 1.08 1.05 1.08 1.11 1.07 1.12 1.13 1.12 1.12 1.13 1.06 
1.07 1.12 1.05 1.05 1.12 1.13 1.08 1.08 1.09 1.07 1.12 1.14 1.12 1.14 1.06 1.05 1.09 1.12 1.11 1.07 
1.05 1.05 1.07 1.1 1.12 1.14 1.13 1.1 1.14 1.09 1.08 1.06 1.14 1.13 1.06 1.11 1.05 1.11 1.07 1.12 
1.09 1.09 1.07 1.13 1.1 1.06 1.09 1.13 1.07 1.07 1.08 1.11 1.05 1.06 1.11 1.11 1.05 1.11 1.11 1.06 
1.1 1.13 1.1 1.14 1.07 1.12 1.07 1.09 1.08 1.09 1.1 1.12 1.13 1.09 1.06 1.1 1.06 1.14 1.14 1.11 
1.1 1.06 1.13 1.08 1.07 1.06 1.09 1.13 1.11 1.14 1.07 1.09 1.13 1.1 1.13 1.06 1.13 1.05 1.09 1.08 
1.09 1.08 1.11 1.11 1.14 1.09 1.07 1.06 1.13 1.12 1.09 1.12 1.11 1.07 1.12 1.05 1.05 1.09 1.1 1.09 
1.09 1.09 1.13 1.12 1.06 1.09 1.13 1.09 1.1 1.07 1.13 1.1 1.1 1.11 1.14 1.14 1.06 1.13 1.14 1.07 
1.14 1.14 1.08 1.11 1.08 1.12 1.11 1.07 1.08 1.09 1.09 1.07 1.11 1.12 1.12 1.14 1.13 1.08 1.08 1.05 
1.08 1.08 1.1 1.14 1.08 1.1 1.14 1.12 1.05 1.07 1.08 1.08 1.09 1.05 1.12 1.11 1.1 1.08 1.06 1.06 
1.09 1.07 1.1 1.06 1.14 1.13 1.08 1.11 1.12 1.12 1.07 1.14 1.14 1.05 1.13 1.07 1.11 1.1 1.07 1.06 
1.14 1.11 1.05 1.09 1.07 1.13 1.09 1.09 1.12 1.11 1.14 1.05 1.12 1.07 1.05 1.12 1.09 1.14 1.11 1.11 
1.08 1.08 1.11 1.06 1.13 1.1 1.11 1.14 1.09 1.09 1.07 1.06 1.14 1.09 1.05 1.1 1.1 1.06 1.06 1.13 
1.08 1.12 1.13 1.06 1.14 1.13 1.05 1.05 1.14 1.07 1.08 1.11 1.12 1.08 1.14 1.11 1.05 1.06 1.07 1.06 
1.14 1.11 1.05 1.07 1.12 1.07 1.11 1.08 1.05 1.14 1.13 1.06 1.11 1.12 1.07 1.11 1.06 1.07 1.1 1.08 
1.06 1.14 1.09 1.13 1.12 1.12 1.14 1.06 1.07 1.09 1.13 1.07 1.07 1.08 1.12 1.13 1.05 1.13 1.08 1.06 
1.09 1.11 1.08 1.07 1.07 1.11 1.07 1.09 1.1 1.11 1.08 1.1 1.12 1.11 1.09 1.06 1.11 1.12 1.05 1.1 
1.08 1.11 1.13 1.08 1.14 1.06 1.09 1.07 1.05 1.14 1.12 1.14 1.06 1.09 1.12 1.07 1.05 1.07 1.08 1.07 
1.13 1.11 1.06 1.11 1.12 1.07 1.14 1.09 1.08 1.06 1.06 1.08 1.12 1.13 1.11 1.05 1.08 1.07 1.09 1.07 
1.14 1.1 1.05 1.14 1.05 1.14 1.13 1.13 1.1 1.13 1.1 1.06 1.12 1.13 1.09 1.05 1.09 1.06 1.14 1.05 
1.07 1.05 1.05 1.08 1.06 1.1 1.08 1.11 1.14 1.12 1.05 1.06 1.11 1.12 1.12 1.11 1.08 1.11 1.13 1.14 
1.14 1.06 1.11 1.11 1.09 1.06 1.12 1.05 1.07 1.14 1.1 1.07 1.12 1.09 1.1 1.09 1.07 1.06 1.08 1.08 
1.09 1.09 1.1 1.13 1.07 1.09 1.07 1.05 1.14 1.12 1.09 1.05 1.07 1.08 1.1 1.1 1.07 1.12 1.11 1.05 
