20
300
52 9 84 63 24 68 93 31 76 55 30 65 43 91 1 74 46 96 17 34 84 45 62 44 17 11 50 23 75 88 90 27 22 95 13 93 80 71 29 99 51 81 47 19 59 46 98 81 8 84 71 87 57 20 91 97 72 48 80 65 12 93 44 40 93 84 60 22 46 33 65 91 33 40 53 91 31 71 84 79 93 68 83 79 31 71 48 54 78 15 87 21 96 81 65 16 79 80 67 87 38 59 13 68 37 72 75 20 2 23 56 3 75 82 98 7 38 62 5 60 23 34 19 42 40 82 87 63 47 91 44 12 35 37 37 93 92 21 83 35 12 36 62 69 6 32 91 94 38 37 85 35 41 99 28 64 47 6 3 64 34 85 4 16 13 67 20 43 36 28 75 19 66 64 70 31 48 57 16 17 20 57 34 6 42 1 65 56 81 47 92 11 26 99 31 4 4 38 68 29 19 31 24 17 91 6 99 83 75 20 87 48 99 96 14 74 17 27 55 70 39 47 84 37 54 67 13 43 77 80 3 72 5 71 5 60 47 81 95 61 7 95 61 78 87 48 74 78 67 67 58 85 76 33 65 46 58 58 38 22 19 11 2 36 33 52 64 41 86 87 80 6 74 13 62 60 57 51 54 35 71 8 70 38 8 9 36 17 59 37 33 84 18 29 60 20 87 11 47 40 
7 4 8 5 5 7 5 5 2 8 9 4 1 8 5 4 7 4 4 9 
1.12 1.06 1.11 1.14 1.05 1.12 1.07 1.11 1.13 1.06 1.11 1.1 1.07 1.11 1.11 1.1 1.1 1.14 1.13 1.09 
1.14 1.14 1.09 1.1 1.08 1.11 1.13 1.08 1.08 1.12 1.08 1.14 1.09 1.13 1.14 1.06 1.09 1.05 1.09 1.1 
1.06 1.09 1.08 1.11 1.05 1.13 1.14 1.14 1.05 1.09 1.12 1.14 1.12 1.12 1.11 1.05 1.1 1.05 1.05 1.13 
1.08 1.06 1.06 1.05 1.11 1.06 1.12 1.05 1.06 1.13 1.1 1.1 1.09 1.1 1.06 1.07 1.06 1.13 1.13 1.08 
1.13 1.11 1.12 1.14 1.12 1.12 1.1 1.12 1.11 1.12 1.12 1.12 1.08 1.13 1.08 1.1 1.09 1.13 1.07 1.07 
1.08 1.06 1.12 1.08 1.06 1.13 1.05 1.13 1.1 1.05 1.07 1.11 1.05 1.1 1.11 1.09 1.07 1.1 1.11 1.14 
1.07 1.08 1.14 1.09 1.13 1.13 1.05 1.06 1.09 1.1 1.06 1.08 1.06 1.11 1.06 1.13 1.13 1.11 1.06 1.06 
1.11 1.11 1.09 1.06 1.08 1.14 1.07 1.12 1.12 1.1 1.11 1.08 1.13 1.11 1.11 1.07 1.11 1.07 1.07 1.09 
1.08 1.11 1.14 1.09 1.05 1.06 1.05 1.09 1.09 1.05 1.14 1.1 1.08 1.07 1.07 1.11 1.06 1.06 1.06 1.11 
1.07 1.1 1.1 1.11 1.11 1.06 1.11 1.07 1.14 1.09 1.12 1.12 1.05 1.05 1.05 1.11 1.08 1.13 1.09 1.13 
1.08 1.13 1.13 1.11 1.12 1.05 1.06 1.14 1.1 1.06 1.07 1.07 1.11 1.1 1.12 1.06 1.13 1.07 1.05 1.12 
1.07 1.13 1.08 1.08 1.06 1.06 1.13 1.06 1.12 1.14 1.06 1.06 1.14 1.12 1.11 1.08 1.06 1.1 1.14 1.06 
1.14 1.07 1.08 1.12 1.09 1.1 1.09 1.08 1.08 1.12 1.06 1.13 1.05 1.08 1.09 1.08 1.05 1.08 1.08 1.12 
1.13 1.11 1.05 1.05 1.05 1.1 1.08 1.09 1.14 1.06 1.05 1.11 1.13 1.08 1.07 1.12 1.09 1.14 1.05 1.09 
1.05 1.13 1.14 1.13 1.1 1.14 1.14 1.05 1.11 1.09 1.13 1.12 1.11 1.05 1.1 1.09 1.1 1.09 1.11 1.09 
1.06 1.07 1.12 1.06 1.14 1.13 1.13 1.12 1.08 1.1 1.1 1.1 1.14 1.1 1.11 1.09 1.05 1.09 1.11 1.1 
1.05 1.13 1.06 1.1 1.13 1.06 1.05 1.13 1.06 1.09 1.07 1.05 1.06 1.11 1.05 1.14 1.11 1.14 1.05 1.11 
1.09 1.12 1.14 1.05 1.12 1.05 1.05 1.13 1.05 1.07 1.06 1.1 1.14 1.14 1.13 1.05 1.12 1.09 1.05 1.12 
1.07 1.06 1.12 1.1 1.14 1.08 1.1 1.12 1.07 1.06 1.05 1.09 1.1 1.09 1.05 1.09 1.06 1.12 1.13 1.12 
1.06 1.06 1.09 1.05 1.11 1.1 1.11 1.1 1.09 1.09 1.14 1.13 1.14 1.13 1.1 1.05 1.12 1.06 1.06 1.09 
1.07 1.06 1.09 1.08 1.06 1.05 1.05 1.08 1.06 1.12 1.14 1.1 1.13 1.05 1.07 1.14 1.1 1.13 1.07 1.06 
1.12 1.12 1.06 1.05 1.06 1.08 1.05 1.07 1.06 1.11 1.11 1.1 1.05 1.14 1.1 1.05 1.07 1.08 1.12 1.12 
1.05 1.12 1.13 1.05 1.07 1.13 1.08 1.1 1.11 1.12 1.13 1.12 1.13 1.09 1.14 1.06 1.09 1.08 1.14 1.05 
1.12 1.06 1.05 1.06 1.09 1.05 1.06 1.1 1.1 1.1 1.05 1.13 1.11 1.12 1.11 1.08 1.08 1.14 1.12 1.12 
1.11 1.07 1.09 1.13 1.12 1.05 1.09 1.13 1.12 1.14 1.11 1.13 1.14 1.13 1.05 1.05 1.06 1.07 1.11 1.1 
1.08 1.13 1.05 1.06 1.13 1.07 1.13 1.14 1.13 1.09 1.08 1.11 1.09 1.08 1.12 1.12 1.13 1.09 1.09 1.09 
1.13 1.06 1.12 1.14 1.11 1.12 1.05 1.08 1.05 1.08 1.11 1.08 1.13 1.14 1.14 1.07 1.1 1.09 1.12 1.1 
1.05 1.06 1.05 1.14 1.13 1.11 1.14 1.13 1.1 1.14 1.08 1.13 1.09 1.08 1.12 1.13 1.14 1.09 1.08 1.14 
1.09 1.06 1.13 1.11 1.06 1.14 1.1 1.08 1.1 1.12 1.11 1.13 1.1 1.09 1.05 1.12 1.12 1.1 1.09 1.11 
1.06 1.14 1.06 1.14 1.11 1.14 1.11 1.13 1.1 1.08 1.1 1.08 1.05 1.13 1.14 1.06 1.11 1.09 1.1 1.07 
1.08 1.06 1.05 1.09 1.06 1.1 1.06 1.09 1.09 1.05 1.11 1.08 1.12 1.1 1.13 1.11 1.11 1.1 1.12 1.05 
1.11 1.07 1.07 1.09 1.07 1.11 1.08 1.1 1.07 1.12 1.1 1.11 1.06 1.09 1.1 1.06 1.12 1.13 1.09 1.14 
1.14 1.1 1.05 1.13 1.11 1.1 1.12 1.09 1.12 1.14 1.07 1.12 1.11 1.1 1.12 1.1 1.11 1.06 1.07 1.1 
1.05 1.09 1.06 1.06 1.05 1.08 1.08 1.06 1.05 1.06 1.14 1.08 1.12 1.12 1.09 1.06 1.13 1.14 1.06 1.08 
1.14 1.14 1.1 1.11 1.09 1.11 1.05 1.08 1.08 1.13 1.07 1.1 1.07 1.06 1.07 1.08 1.12 1.07 1.07 1.12 
1.07 1.07 1.05 1.08 1.05 1.13 1.11 1.09 1.1 1.06 1.07 1.07 1.08 1.13 1.1 1.13 1.14 1.08 1.1 1.12 
1.07 1.08 1.13 1.13 1.08 1.13 1.09 1.11 1.06 1.11 1.08 1.11 1.13 1.05 1.12 1.05 1.14 1.12 1.13 1.12 
1.07 1.12 1.07 1.05 1.11 1.13 1.13 1.13 1.12 1.08 1.14 1.11 1.12 1.13 1.06 1.14 1.11 1.14 1.12 1.1 
1.09 1.09 1.12 1.1 1.1 1.1 1.14 1.14 1.1 1.13 1.09 1.06 1.11 1.12 1.09 1.13 1.09 1.14 1.1 1.05 
1.06 1.09 1.14 1.13 1.14 1.14 1.05 1.1 1.14 1.05 1.13 1.07 1.13 1.11 1.11 1.12 1.07 1.06 1.08 1.14 
1.13 1.13 1.06 1.09 1.07 1.06 1.07 1.12 1.07 1.06 1.09 1.08 1.05 1.13 1.08 1.09 1.1 1.07 1.05 1.08 
1.11 1.14 1.1 1.13 1.08 1.09 1.07 1.09 1.08 1.07 1.12 1.06 1.14 1.08 1.05 1.1 1.12 1.06 1.05 1.07 
1.12 1.05 1.1 1.13 1.13 1.14 1.12 1.1 1.14 1.12 1.11 1.13 1.14 1.06 1.12 1.1 1.1 1.13 1.1 1.13 
1.09 1.07 1.12 1.09 1.1 1.11 1.11 1.06 1.08 1.09 1.08 1.07 1.06 1.07 1.1 1.09 1.05 1.14 1.14 1.13 
1.11 1.07 1.08 1.08 1.08 1.09 1.11 1.07 1.05 1.11 1.11 1.09 1.06 1.06 1.08 1.13 1.13 1.06 1.06 1.11 
1.09 1.05 1.08 1.09 1.14 1.14 1.11 1.13 1.14 1.09 1.14 1.09 1.1 1.09 1.07 1.11 1.11 1.08 1.09 1.05 
1.09 1.06 1.08 1.05 1.11 1.12 1.07 1.11 1.09 1.12 1.1 1.13 1.12 1.14 1.11 1.14 1.11 1.09 1.13 1.06 
1.12 1.07 1.07 1.11 1.05 1.05 1.09 1.05 1.13 1.06 1.07 1.09 1.08 1.06 1.05 1.1 1.1 1.06 1.08 1.08 
1.06 1.09 1.08 1.05 1.08 1.12 1.12 1.1 1.09 1.12 1.13 1.11 1.14 1.05 1.06 1.08 1.05 1.05 1.12 1.1 
1.09 1.13 1.05 1.1 1.14 1.11 1.13 1.13 1.08 1.05 1.09 1.09 1.13 1.08 1.12 1.12 1.05 1.13 1.14 1.12 
1.09 1.1 1.06 1.06 1.05 1.05 1.09 1.06 1.13 1.12 1.1 1.11 1.14 1.13 1.11 1.09 1.12 1.1 1.09 1.13 
1.06 1.11 1.14 1.09 1.14 1.09 1.14 1.14 1.06 1.13 1.07 1.07 1.07 1.1 1.11 1.14 1.11 1.09 1.12 1.06 
1.13 1.06 1.13 1.1 1.08 1.11 1.08 1.07 1.07 1.07 1.11 1.05 1.13 1.13 1.05 1.13 1.07 1.08 1.09 1.11 
1.1 1.12 1.05 1.08 1.12 1.06 1.07 1.12 1.06 1.09 1.09 1.13 1.11 1.13 1.1 1.06 1.13 1.12 1.06 1.14 
1.09 1.05 1.11 1.07 1.09 1.11 1.1 1.1 1.09 1.07 1.13 1.08 1.07 1.07 1.12 1.1 1.13 1.12 1.11 1.07 
1.13 1.11 1.09 1.1 1.12 1.11 1.14 1.14 1.12 1.14 1.07 1.05 1.13 1.09 1.14 1.1 1.08 1.11 1.1 1.08 
1.13 1.08 1.07 1.13 1.13 1.1 1.08 1.06 1.06 1.09 1.1 1.14 1.11 1.11 1.09 1.08 1.05 1.14 1.07 1.12 
1.09 1.1 1.12 1.11 1.1 1.07 1.14 1.1 1.05 1.05 1.14 1.12 1.13 1.06 1.09 1.13 1.09 1.13 1.08 1.09 
1.06 1.06 1.09 1.14 1.07 1.07 1.05 1.06 1.09 1.05 1.05 1.07 1.06 1.06 1.14 1.07 1.12 1.14 1.07 1.08 
1.11 1.12 1.08 1.06 1.07 1.1 1.09 1.07 1.14 1.11 1.07 1.09 1.14 1.09 1.09 1.1 1.06 1.09 1.05 1.05 
1.1 1.12 1.14 1.11 1.13 1.08 1.13 1.1 1.08 1.14 1.07 1.12 1.13 1.06 1.06 1.07 1.06 1.14 1.08 1.12 
1.11 1.12 1.07 1.05 1.1 1.13 1.14 1.13 1.1 1.09 1.11 1.13 1.12 1.08 1.11 1.11 1.11 1.08 1.07 1.09 
1.1 1.06 1.09 1.05 1.09 1.12 1.05 1.05 1.12 1.11 1.08 1.13 1.13 1.1 1.12 1.08 1.1 1.08 1.06 1.1 
1.11 1.1 1.12 1.09 1.09 1.1 1.09 1.05 1.05 1.14 1.12 1.07 1.09 1.14 1.1 1.14 1.13 1.07 1.13 1.14 
1.11 1.05 1.05 1.06 1.08 1.07 1.13 1.13 1.13 1.1 1.09 1.13 1.08 1.14 1.14 1.07 1.09 1.08 1.1 1.1 
1.09 1.1 1.08 1.1 1.1 1.12 1.06 1.14 1.09 1.05 1.08 1.14 1.11 1.12 1.06 1.12 1.06 1.1 1.06 1.11 
1.1 1.11 1.06 1.09 1.14 1.06 1.07 1.06 1.1 1.12 1.08 1.05 1.05 1.08 1.09 1.13 1.05 1.06 1.13 1.06 
1.07 1.08 1.13 1.08 1.05 1.1 1.08 1.09 1.14 1.13 1.13 1.07 1.12 1.11 1.13 1.13 1.09 1.11 1.06 1.1 
1.08 1.1 1.11 1.09 1.05 1.05 1.11 1.12 1.13 1.06 1.07 1.14 1.13 1.06 1.1 1.1 1.05 1.09 1.05 1.05 
1.05 1.1 1.09 1.06 1.08 1.06 1.12 1.12 1.1 1.08 1.08 1.1 1.05 1.14 1.07 1.13 1.14 1.07 1.1 1.12 
1.09 1.08 1.05 1.07 1.07 1.13 1.14 1.05 1.12 1.09 1.09 1.11 1.09 1.08 1.06 1.13 1.06 1.08 1.1 1.05 
1.08 1.06 1.13 1.13 1.13 1.05 1.05 1.05 1.1 1.06 1.14 1.11 1.13 1.06 1.09 1.1 1.07 1.09 1.05 1.06 
1.05 1.05 1.14 1.09 1.07 1.09 1.12 1.11 1.06 1.07 1.08 1.09 1.13 1.11 1.11 1.09 1.11 1.14 1.1 1.1 
1.11 1.14 1.05 1.06 1.08 1.11 1.09 1.06 1.09 1.14 1.13 1.09 1.05 1.07 1.08 1.09 1.08 1.05 1.08 1.14 
1.05 1.1 1.08 1.11 1.05 1.12 1.07 1.09 1.06 1.09 1.06 1.07 1.06 1.11 1.12 1.14 1.13 1.05 1.08 1.09 
1.13 1.13 1.13 1.14 1.06 1.14 1.1 1.09 1.12 1.14 1.13 1.11 1.12 1.07 1.08 1.07 1.05 1.09 1.13 1.13 
1.11 1.05 1.09 1.07 1.08 1.05 1.14 1.05 1.06 1.08 1.11 1.05 1.11 1.14 1.09 1.12 1.12 1.13 1.07 1.14 
1.06 1.1 1.11 1.05 1.13 1.08 1.11 1.12 1.09 1.13 1.07 1.1 1.1 1.08 1.06 1.11 1.07 1.06 1.05 1.06 
1.05 1.14 1.12 1.1 1.11 1.07 1.07 1.1 1.11 1.1 1.09 1.12 1.11 1.14 1.08 1.13 1.07 1.07 1.07 1.07 
1.05 1.1 1.09 1.12 1.12 1.12 1.11 1.08 1.13 1.13 1.13 1.09 1.11 1.11 1.05 1.1 1.08 1.06 1.08 1.08 
1.05 1.07 1.06 1.1 1.13 1.09 1.12 1.08 1.05 1.08 1.08 1.07 1.11 1.11 1.08 1.1 1.07 1.13 1.14 1.11 
1.05 1.09 1.11 1.13 1.05 1.13 1.14 1.12 1.09 1.11 1.14 1.06 1.14 1.06 1.14 1.1 1.09 1.05 1.07 1.05 
1.07 1.09 1.07 1.13 1.14 1.09 1.1 1.05 1.07 1.09 1.1 1.11 1.09 1.12 1.13 1.14 1.14 1.08 1.11 1.06 
1.14 1.08 1.13 1.11 1.08 1.13 1.06 1.07 1.14 1.09 1.1 1.11 1.06 1.14 1.14 1.08 1.12 1.14 1.07 1.12 
1.1 1.11 1.07 1.13 1.05 1.05 1.07 1.09 1.14 1.1 1.12 1.07 1.09 1.05 1.06 1.07 1.05 1.09 1.09 1.12 
1.08 1.07 1.1 1.14 1.07 1.06 1.05 1.07 1.08 1.13 1.05 1.14 1.13 1.13 1.11 1.11 1.05 1.06 1.06 1.05 
1.05 1.08 1.05 1.06 1.08 1.08 1.05 1.07 1.07 1.12 1.05 1.1 1.13 1.13 1.11 1.07 1.14 1.13 1.07 1.05 
1.11 1.12 1.14 1.05 1.1 1.06 1.11 1.08 1.08 1.05 1.14 1.14 1.07 1.12 1.12 1.06 1.14 1.08 1.11 1.08 
1.07 1.1 1.14 1.1 1.14 1.07 1.05 1.05 1.09 1.09 1.1 1.07 1.14 1.06 1.09 1.1 1.13 1.09 1.06 1.08 
1.11 1.12 1.13 1.11 1.07 1.05 1.13 1.06 1.13 1.07 1.08 1.07 1.08 1.12 1.08 1.12 1.1 1.07 1.07 1.11 
1.05 1.05 1.11 1.11 1.09 1.09 1.05 1.05 1.11 1.1 1.14 1.13 1.14 1.07 1.08 1.08 1.13 1.14 1.08 1.05 
1.07 1.12 1.14 1.09 1.13 1.12 1.06 1.13 1.1 1.14 1.09 1.08 1.09 1.09 1.1 1.12 1.12 1.08 1.11 1.08 
1.13 1.13 1.13 1.14 1.05 1.09 1.09 1.08 1.11 1.13 1.07 1.1 1.09 1.14 1.14 1.12 1.08 1.1 1.14 1.05 
1.08 1.08 1.05 1.05 1.08 1.09 1.05 1.07 1.11 1.08 1.05 1.14 1.13 1.1 1.13 1.1 1.12 1.08 1.13 1.11 
1.09 1.12 1.08 1.12 1.12 1.05 1.1 1.09 1.13 1.12 1.06 1.11 1.12 1.14 1.08 1.05 1.11 1.11 1.05 1.07 
1.1 1.12 1.05 1.14 1.08 1.07 1.13 1.11 1.12 1.05 1.06 1.06 1.12 1.06 1.06 1.13 1.06 1.05 1.07 1.12 
1.11 1.13 1.13 1.11 1.08 1.09 1.14 1.05 1.06 1.06 1.14 1.11 1.07 1.05 1.06 1.13 1.05 1.13 1.05 1.13 
1.11 1.07 1.06 1.06 1.06 1.1 1.08 1.12 1.12 1.09 1.05 1.14 1.07 1.11 1.11 1.06 1.11 1.07 1.07 1.08 
1.09 1.14 1.14 1.07 1.14 1.05 1.12 1.12 1.14 1.11 1.05 1.07 1.11 1.14 1.14 1.14 1.07 1.14 1.13 1.11 
1.14 1.11 1.1 1.09 1.1 1.06 1.05 1.05 1.13 1.07 1.12 1.06 1.09 1.12 1.12 1.08 1.09 1.13 1.07 1.05 
1.09 1.05 1.06 1.07 1.13 1.08 1.12 1.09 1.07 1.07 1.09 1.06 1.09 1.1 1.05 1.06 1.06 1.07 1.06 1.06 
1.14 1.1 1.14 1.1 1.09 1.12 1.08 1.12 1.12 1.13 1.12 1.08 1.11 1.06 1.08 1.1 1.07 1.11 1.06 1.08 
1.11 1.07 1.14 1.06 1.08 1.14 1.14 1.06 1.11 1.06 1.13 1.08 1.1 1.07 1.09 1.13 1.13 1.11 1.1 1.14 
1.1 1.12 1.07 1.05 1.07 1.14 1.12 1.07 1.12 1.07 1.11 1.06 1.06 1.06 1.05 1.08 1.11 1.14 1.13 1.05 
1.13 1.09 1.14 1.05 1.1 1.11 1.11 1.12 1.12 1.08 1.09 1.08 1.06 1.14 1.09 1.07 1.12 1.09 1.1 1.05 
1.09 1.07 1.07 1.07 1.11 1.1 1.14 1.08 1.05 1.08 1.05 1.14 1.08 1.1 1.05 1.12 1.08 1.06 1.1 1.08 
1.05 1.11 1.1 1.05 1.11 1.1 1.12 1.1 1.07 1.11 1.14 1.05 1.1 1.05 1.14 1.14 1.08 1.05 1.07 1.07 
1.05 1.14 1.05 1.05 1.1 1.05 1.1 1.09 1.1 1.09 1.1 1.06 1.06 1.1 1.13 1.1 1.07 1.1 1.12 1.14 
1.14 1.12 1.13 1.1 1.1 1.1 1.05 1.1 1.11 1.13 1.07 1.13 1.08 1.12 1.12 1.09 1.14 1.05 1.05 1.13 
1.1 1.06 1.08 1.07 1.12 1.12 1.1 1.08 1.06 1.11 1.14 1.09 1.13 1.11 1.05 1.07 1.12 1.14 1.11 1.06 
1.11 1.09 1.09 1.07 1.1 1.14 1.08 1.1 1.07 1.05 1.14 1.13 1.13 1.11 1.11 1.13 1.12 1.07 1.05 1.06 
1.09 1.11 1.08 1.06 1.07 1.08 1.05 1.1 1.13 1.1 1.14 1.05 1.07 1.07 1.09 1.05 1.05 1.13 1.11 1.09 
1.06 1.13 1.13 1.14 1.14 1.08 1.09 1.13 1.1 1.1 1.1 1.08 1.07 1.13 1.11 1.09 1.05 1.12 1.13 1.06 
1.09 1.12 1.1 1.12 1.13 1.1 1.13 1.1 1.06 1.13 1.09 1.13 1.09 1.08 1.05 1.11 1.06 1.05 1.06 1.07 
1.08 1.11 1.05 1.05 1.08 1.09 1.11 1.11 1.13 1.14 1.09 1.12 1.08 1.06 1.09 1.08 1.06 1.05 1.07 1.11 
1.1 1.09 1.14 1.11 1.11 1.06 1.07 1.13 1.09 1.12 1.11 1.13 1.05 1.09 1.1 1.11 1.05 1.06 1.06 1.08 
1.08 1.12 1.06 1.07 1.11 1.09 1.05 1.13 1.13 1.1 1.13 1.12 1.09 1.1 1.07 1.08 1.08 1.13 1.07 1.09 
1.09 1.07 1.14 1.08 1.14 1.14 1.12 1.07 1.09 1.06 1.09 1.13 1.11 1.1 1.08 1.14 1.07 1.09 1.08 1.1 
1.1 1.07 1.12 1.12 1.12 1.06 1.06 1.11 1.13 1.07 1.11 1.07 1.05 1.06 1.13 1.09 1.06 1.06 1.1 1.13 
1.1 1.11 1.12 1.13 1.12 1.1 1.11 1.1 1.07 1.05 1.1 1.07 1.08 1.12 1.09 1.07 1.1 1.05 1.05 1.09 
1.11 1.08 1.12 1.06 1.1 1.1 1.07 1.1 1.08 1.12 1.05 1.06 1.07 1.13 1.09 1.11 1.1 1.06 1.06 1.12 
1.07 1.13 1.05 1.07 1.08 1.13 1.12 1.08 1.05 1.14 1.06 1.14 1.1 1.06 1.14 1.07 1.06 1.05 1.06 1.07 
1.1 1.14 1.05 1.11 1.09 1.1 1.13 1.1 1.12 1.11 1.13 1.06 1.05 1.06 1.09 1.08 1.08 1.13 1.07 1.05 
1.14 1.1 1.12 1.11 1.07 1.14 1.07 1.11 1.12 1.09 1.08 1.11 1.12 1.11 1.11 1.08 1.14 1.09 1.08 1.13 
1.12 1.14 1.12 1.11 1.11 1.06 1.06 1.09 1.13 1.12 1.11 1.07 1.06 1.07 1.09 1.07 1.08 1.14 1.14 1.09 
1.13 1.06 1.06 1.1 1.11 1.07 1.13 1.08 1.11 1.08 1.06 1.09 1.09 1.13 1.12 1.13 1.09 1.09 1.09 1.13 
1.1 1.05 1.14 1.13 1.11 1.14 1.11 1.07 1.06 1.05 1.13 1.14 1.07 1.1 1.05 1.09 1.12 1.09 1.13 1.05 
1.07 1.08 1.12 1.12 1.06 1.05 1.07 1.07 1.07 1.08 1.05 1.14 1.13 1.08 1.14 1.1 1.07 1.13 1.07 1.06 
1.12 1.12 1.08 1.09 1.07 1.13 1.11 1.13 1.07 1.11 1.08 1.14 1.08 1.09 1.1 1.07 1.05 1.06 1.12 1.11 
1.13 1.08 1.12 1.07 1.1 1.08 1.08 1.07 1.09 1.06 1.08 1.09 1.14 1.05 1.12 1.1 1.12 1.05 1.12 1.09 
1.11 1.11 1.14 1.07 1.12 1.08 1.07 1.12 1.08 1.14 1.05 1.13 1.07 1.05 1.14 1.06 1.12 1.13 1.08 1.05 
1.08 1.11 1.14 1.07 1.09 1.14 1.13 1.08 1.1 1.13 1.12 1.1 1.05 1.09 1.09 1.11 1.14 1.07 1.05 1.11 
1.14 1.05 1.12 1.07 1.09 1.08 1.14 1.08 1.08 1.05 1.1 1.05 1.09 1.14 1.05 1.14 1.12 1.11 1.08 1.12 
1.1 1.09 1.07 1.09 1.13 1.05 1.09 1.13 1.09 1.14 1.12 1.13 1.14 1.09 1.1 1.06 1.1 1.13 1.06 1.09 
1.07 1.05 1.13 1.07 1.05 1.09 1.12 1.09 1.05 1.08 1.11 1.05 1.13 1.07 1.06 1.05 1.14 1.06 1.11 1.08 
1.1 1.06 1.11 1.07 1.09 1.09 1.07 1.12 1.07 1.13 1.12 1.06 1.14 1.05 1.13 1.14 1.14 1.1 1.05 1.12 
1.09 1.14 1.06 1.06 1.11 1.1 1.14 1.06 1.13 1.09 1.1 1.13 1.06 1.13 1.1 1.07 1.11 1.13 1.1 1.09 
1.09 1.1 1.12 1.08 1.11 1.12 1.11 1.09 1.12 1.11 1.06 1.13 1.07 1.11 1.1 1.12 1.06 1.06 1.09 1.05 
1.08 1.06 1.1 1.1 1.07 1.06 1.05 1.05 1.08 1.06 1.07 1.12 1.14 1.11 1.09 1.05 1.1 1.11 1.07 1.13 
1.08 1.14 1.07 1.09 1.11 1.09 1.07 1.08 1.05 1.11 1.11 1.14 1.08 1.1 1.13 1.14 1.07 1.09 1.11 1.06 
1.12 1.11 1.06 1.07 1.1 1.09 1.06 1.11 1.14 1.1 1.13 1.13 1.05 1.08 1.05 1.11 1.09 1.08 1.13 1.11 
1.13 1.13 1.05 1.13 1.05 1.05 1.11 1.13 1.09 1.05 1.07 1.12 1.09 1.14 1.06 1.11 1.1 1.12 1.07 1.13 
1.12 1.1 1.06 1.14 1.07 1.07 1.09 1.11 1.08 1.08 1.05 1.14 1.13 1.13 1.13 1.05 1.06 1.05 1.11 1.12 
1.06 1.12 1.1 1.12 1.11 1.09 1.05 1.07 1.07 1.07 1.08 1.09 1.06 1.12 1.06 1.11 1.11 1.13 1.07 1.13 
1.11 1.13 1.1 1.09 1.05 1.13 1.09 1.11 1.1 1.08 1.14 1.11 1.08 1.14 1.05 1.05 1.1 1.1 1.13 1.05 
1.1 1.08 1.07 1.1 1.13 1.07 1.14 1.12 1.1 1.06 1.13 1.06 1.11 1.07 1.05 1.09 1.11 1.07 1.06 1.13 
1.07 1.12 1.09 1.09 1.08 1.13 1.05 1.12 1.12 1.11 1.07 1.05 1.07 1.12 1.13 1.07 1.06 1.1 1.12 1.1 
1.14 1.08 1.11 1.12 1.07 1.06 1.14 1.13 1.13 1.12 1.1 1.05 1.14 1.06 1.13 1.13 1.05 1.09 1.13 1.12 
1.07 1.11 1.13 1.14 1.12 1.09 1.09 1.09 1.11 1.09 1.14 1.05 1.12 1.14 1.12 1.14 1.05 1.08 1.07 1.06 
1.09 1.12 1.05 1.06 1.13 1.14 1.09 1.13 1.09 1.13 1.1 1.08 1.14 1.05 1.05 1.08 1.13 1.07 1.09 1.13 
1.08 1.09 1.09 1.11 1.11 1.07 1.11 1.11 1.11 1.11 1.12 1.13 1.09 1.07 1.06 1.1 1.07 1.07 1.06 1.14 
1.13 1.08 1.13 1.09 1.1 1.05 1.06 1.06 1.06 1.08 1.09 1.08 1.06 1.1 1.05 1.09 1.07 1.07 1.13 1.14 
1.1 1.08 1.05 1.13 1.05 1.05 1.09 1.08 1.09 1.13 1.05 1.12 1.11 1.14 1.14 1.11 1.1 1.12 1.13 1.13 
1.13 1.08 1.05 1.07 1.1 1.12 1.1 1.14 1.09 1.11 1.09 1.06 1.13 1.09 1.07 1.05 1.13 1.1 1.09 1.13 
1.13 1.05 1.07 1.08 1.14 1.14 1.11 1.05 1.14 1.1 1.14 1.1 1.1 1.07 1.12 1.09 1.05 1.07 1.13 1.07 
1.07 1.11 1.06 1.12 1.06 1.1 1.14 1.05 1.11 1.13 1.12 1.1 1.08 1.11 1.12 1.14 1.11 1.06 1.14 1.08 
1.05 1.11 1.13 1.14 1.09 1.05 1.06 1.06 1.14 1.11 1.14 1.07 1.14 1.13 1.11 1.11 1.08 1.11 1.08 1.06 
1.11 1.09 1.12 1.12 1.05 1.05 1.14 1.05 1.08 1.12 1.12 1.09 1.07 1.13 1.1 1.06 1.08 1.09 1.13 1.13 
1.07 1.06 1.09 1.06 1.07 1.07 1.05 1.12 1.1 1.06 1.07 1.06 1.13 1.06 1.1 1.14 1.08 1.12 1.12 1.06 
1.12 1.12 1.14 1.11 1.1 1.14 1.09 1.11 1.12 1.09 1.1 1.11 1.1 1.1 1.11 1.13 1.08 1.05 1.05 1.09 
1.1 1.08 1.08 1.09 1.07 1.09 1.1 1.07 1.12 1.07 1.12 1.06 1.12 1.1 1.06 1.05 1.06 1.05 1.05 1.14 
1.1 1.13 1.14 1.11 1.1 1.13 1.08 1.13 1.12 1.13 1.07 1.05 1.13 1.1 1.06 1.14 1.12 1.1 1.07 1.13 
1.08 1.06 1.12 1.1 1.1 1.11 1.14 1.1 1.08 1.1 1.11 1.09 1.11 1.07 1.05 1.06 1.08 1.13 1.09 1.06 
1.09 1.1 1.09 1.08 1.08 1.12 1.06 1.14 1.09 1.07 1.13 1.09 1.08 1.12 1.09 1.12 1.12 1.09 1.12 1.13 
1.12 1.08 1.13 1.11 1.13 1.13 1.05 1.13 1.11 1.13 1.08 1.08 1.1 1.06 1.14 1.1 1.11 1.09 1.13 1.11 
1.14 1.06 1.14 1.07 1.07 1.05 1.13 1.11 1.08 1.05 1.09 1.06 1.06 1.12 1.07 1.12 1.14 1.09 1.08 1.11 
1.09 1.13 1.13 1.12 1.06 1.08 1.12 1.12 1.06 1.13 1.14 1.05 1.06 1.07 1.09 1.05 1.11 1.11 1.09 1.05 
1.06 1.06 1.09 1.1 1.07 1.14 1.12 1.08 1.07 1.07 1.08 1.09 1.08 1.13 1.05 1.05 1.1 1.05 1.07 1.05 
1.12 1.12 1.06 1.05 1.12 1.09 1.14 1.1 1.05 1.12 1.09 1.12 1.13 1.14 1.14 1.13 1.06 1.14 1.12 1.13 
1.05 1.13 1.05 1.13 1.06 1.13 1.08 1.07 1.12 1.05 1.1 1.11 1.12 1.14 1.12 1.07 1.1 1.06 1.09 1.07 
1.08 1.1 1.11 1.11 1.12 1.11 1.07 1.13 1.11 1.1 1.09 1.13 1.09 1.13 1.07 1.1 1.09 1.05 1.12 1.12 
1.1 1.08 1.05 1.09 1.09 1.09 1.11 1.1 1.11 1.07 1.13 1.14 1.1 1.07 1.14 1.05 1.06 1.11 1.09 1.11 
1.05 1.12 1.06 1.13 1.11 1.1 1.06 1.12 1.05 1.08 1.08 1.11 1.12 1.08 1.11 1.05 1.12 1.05 1.13 1.09 
1.09 1.14 1.06 1.13 1.08 1.11 1.1 1.11 1.14 1.1 1.06 1.08 1.11 1.11 1.12 1.14 1.05 1.06 1.08 1.07 
1.13 1.11 1.09 1.06 1.1 1.09 1.1 1.11 1.07 1.09 1.1 1.09 1.05 1.1 1.08 1.07 1.14 1.07 1.05 1.14 
1.06 1.07 1.08 1.12 1.05 1.12 1.1 1.11 1.07 1.11 1.05 1.06 1.1 1.06 1.09 1.14 1.14 1.08 1.06 1.1 
1.12 1.11 1.11 1.07 1.12 1.13 1.06 1.12 1.13 1.11 1.12 1.14 1.14 1.05 1.13 1.08 1.07 1.09 1.14 1.12 
1.11 1.13 1.06 1.1 1.09 1.1 1.1 1.08 1.05 1.07 1.1 1.09 1.08 1.08 1.08 1.14 1.06 1.05 1.14 1.07 
1.12 1.08 1.13 1.13 1.12 1.12 1.1 1.08 1.08 1.09 1.12 1.12 1.07 1.1 1.12 1.13 1.1 1.07 1.06 1.09 
1.12 1.07 1.1 1.11 1.06 1.07 1.05 1.11 1.14 1.07 1.11 1.13 1.13 1.05 1.14 1.1 1.13 1.13 1.08 1.13 
1.11 1.08 1.1 1.06 1.13 1.05 1.13 1.12 1.14 1.05 1.09 1.08 1.08 1.1 1.08 1.13 1.06 1.08 1.13 1.14 
1.11 1.08 1.07 1.11 1.09 1.06 1.12 1.07 1.06 1.06 1.08 1.11 1.09 1.08 1.1 1.05 1.07 1.11 1.11 1.09 
1.07 1.1 1.06 1.11 1.05 1.07 1.11 1.05 1.13 1.11 1.1 1.08 1.09 1.08 1.06 1.08 1.05 1.05 1.14 1.05 
1.06 1.13 1.09 1.07 1.09 1.07 1.06 1.14 1.09 1.1 1.09 1.11 1.05 1.06 1.06 1.11 1.13 1.08 1.11 1.09 
1.14 1.09 1.05 1.05 1.13 1.12 1.05 1.13 1.09 1.1 1.14 1.07 1.07 1.14 1.05 1.1 1.13 1.13 1.1 1.13 
1.12 1.09 1.05 1.14 1.08 1.11 1.09 1.1 1.13 1.14 1.08 1.08 1.07 1.11 1.1 1.05 1.07 1.06 1.1 1.11 
1.06 1.07 1.14 1.14 1.11 1.13 1.08 1.05 1.07 1.05 1.08 1.14 1.13 1.12 1.13 1.09 1.11 1.11 1.07 1.07 
1.12 1.13 1.05 1.1 1.09 1.05 1.13 1.05 1.14 1.1 1.12 1.12 1.07 1.07 1.08 1.07 1.11 1.13 1.08 1.05 
1.14 1.11 1.12 1.06 1.09 1.09 1.05 1.07 1.1 1.11 1.05 1.1 1.09 1.12 1.08 1.06 1.08 1.1 1.13 1.12 
1.13 1.14 1.13 1.09 1.1 1.08 1.06 1.14 1.12 1.12 1.13 1.14 1.13 1.08 1.08 1.09 1.08 1.06 1.14 1.14 
1.09 1.05 1.09 1.1 1.1 1.13 1.14 1.11 1.09 1.1 1.14 1.1 1.1 1.12 1.05 1.06 1.06 1.12 1.12 1.1 
1.12 1.05 1.14 1.05 1.08 1.05 1.14 1.1 1.1 1.05 1.13 1.14 1.05 1.05 1.07 1.06 1.13 1.13 1.11 1.06 
1.07 1.05 1.13 1.05 1.14 1.08 1.11 1.05 1.07 1.07 1.1 1.1 1.14 1.07 1.12 1.1 1.08 1.14 1.08 1.14 
1.06 1.06 1.14 1.12 1.11 1.07 1.1 1.11 1.08 1.1 1.13 1.14 1.12 1.11 1.14 1.12 1.05 1.14 1.07 1.09 
1.1 1.05 1.14 1.11 1.07 1.14 1.12 1.11 1.12 1.13 1.09 1.1 1.11 1.09 1.13 1.14 1.11 1.05 1.1 1.1 
1.07 1.12 1.11 1.13 1.05 1.14 1.07 1.11 1.06 1.12 1.07 1.13 1.12 1.14 1.08 1.05 1.14 1.1 1.14 1.05 
1.14 1.1 1.08 1.13 1.14 1.13 1.12 1.07 1.1 1.09 1.11 1.11 1.14 1.09 1.11 1.06 1.09 1.14 1.05 1.09 
1.12 1.09 1.1 1.11 1.05 1.1 1.06 1.14 1.09 1.09 1.14 1.13 1.07 1.09 1.11 1.12 1.11 1.08 1.14 1.08 
1.07 1.05 1.1 1.11 1.11 1.07 1.1 1.05 1.14 1.13 1.1 1.1 1.06 1.05 1.06 1.07 1.12 1.09 1.13 1.12 
1.08 1.07 1.11 1.12 1.14 1.05 1.12 1.09 1.08 1.11 1.06 1.06 1.06 1.08 1.14 1.07 1.14 1.06 1.08 1.05 
1.08 1.13 1.12 1.14 1.06 1.1 1.05 1.08 1.13 1.07 1.12 1.09 1.14 1.09 1.13 1.11 1.11 1.08 1.08 1.07 
1.11 1.05 1.12 1.08 1.11 1.07 1.12 1.1 1.13 1.14 1.13 1.06 1.05 1.09 1.09 1.11 1.08 1.1 1.06 1.12 
1.05 1.09 1.13 1.1 1.06 1.08 1.1 1.12 1.07 1.07 1.09 1.14 1.08 1.06 1.08 1.05 1.07 1.08 1.11 1.14 
1.09 1.08 1.12 1.09 1.08 1.13 1.06 1.13 1.12 1.09 1.11 1.06 1.11 1.11 1.06 1.12 1.13 1.1 1.07 1.05 
1.06 1.12 1.09 1.08 1.09 1.14 1.08 1.08 1.14 1.06 1.1 1.05 1.07 1.14 1.11 1.05 1.09 1.06 1.06 1.07 
1.14 1.13 1.07 1.05 1.08 1.09 1.12 1.09 1.11 1.1 1.1 1.09 1.11 1.1 1.08 1.08 1.1 1.08 1.07 1.06 
1.14 1.09 1.06 1.13 1.08 1.14 1.1 1.11 1.06 1.05 1.05 1.12 1.1 1.08 1.12 1.12 1.1 1.09 1.13 1.06 
1.05 1.08 1.12 1.14 1.11 1.13 1.13 1.11 1.07 1.09 1.13 1.13 1.09 1.05 1.1 1.06 1.14 1.1 1.06 1.06 
1.06 1.14 1.11 1.1 1.05 1.09 1.08 1.14 1.13 1.13 1.09 1.13 1.05 1.12 1.09 1.05 1.14 1.07 1.11 1.08 
1.12 1.11 1.12 1.1 1.1 1.14 1.11 1.07 1.06 1.14 1.06 1.08 1.13 1.07 1.06 1.08 1.08 1.12 1.06 1.12 
1.1 1.11 1.06 1.06 1.12 1.08 1.07 1.09 1.07 1.11 1.1 1.14 1.14 1.05 1.09 1.12 1.13 1.06 1.07 1.14 
1.06 1.12 1.05 1.08 1.1 1.07 1.07 1.06 1.12 1.14 1.08 1.09 1.14 1.05 1.09 1.11 1.11 1.14 1.09 1.14 
1.12 1.13 1.08 1.05 1.12 1.13 1.13 1.1 1.07 1.1 1.08 1.06 1.14 1.1 1.05 1.07 1.14 1.12 1.05 1.12 
1.09 1.05 1.05 1.07 1.08 1.1 1.09 1.12 1.08 1.09 1.07 1.1 1.12 1.14 1.11 1.05 1.13 1.07 1.12 1.13 
1.11 1.14 1.08 1.08 1.1 1.06 1.06 1.14 1.09 1.11 1.1 1.14 1.06 1.14 1.13 1.13 1.14 1.1 1.1 1.06 
1.08 1.05 1.08 1.06 1.14 1.06 1.06 1.08 1.07 1.09 1.12 1.12 1.12 1.11 1.1 1.07 1.11 1.09 1.14 1.06 
1.14 1.1 1.06 1.14 1.05 1.06 1.1 1.07 1.05 1.14 1.14 1.11 1.09 1.13 1.06 1.08 1.09 1.14 1.05 1.07 
1.08 1.09 1.11 1.14 1.1 1.14 1.13 1.06 1.11 1.11 1.05 1.12 1.06 1.14 1.07 1.11 1.08 1.13 1.05 1.11 
1.1 1.12 1.07 1.14 1.12 1.1 1.05 1.05 1.05 1.12 1.12 1.14 1.07 1.09 1.07 1.08 1.11 1.05 1.11 1.14 
1.12 1.13 1.05 1.07 1.06 1.09 1.1 1.05 1.13 1.12 1.14 1.06 1.11 1.11 1.08 1.14 1.12 1.1 1.14 1.12 
1.12 1.08 1.08 1.09 1.07 1.11 1.08 1.13 1.05 1.14 1.12 1.1 1.05 1.12 1.14 1.08 1.12 1.11 1.05 1.14 
1.05 1.09 1.09 1.13 1.08 1.08 1.14 1.11 1.13 1.13 1.09 1.11 1.08 1.1 1.12 1.06 1.07 1.06 1.06 1.11 
1.14 1.05 1.12 1.09 1.09 1.13 1.08 1.06 1.1 1.12 1.14 1.06 1.06 1.12 1.05 1.08 1.12 1.11 1.11 1.05 
1.08 1.13 1.1 1.12 1.09 1.1 1.14 1.08 1.05 1.06 1.07 1.09 1.08 1.1 1.06 1.11 1.08 1.09 1.05 1.09 
1.07 1.11 1.06 1.12 1.1 1.14 1.06 1.11 1.08 1.09 1.11 1.06 1.06 1.06 1.1 1.11 1.13 1.09 1.12 1.07 
1.07 1.11 1.13 1.12 1.08 1.1 1.08 1.05 1.07 1.06 1.13 1.14 1.14 1.12 1.08 1.05 1.06 1.13 1.08 1.07 
1.1 1.06 1.1 1.08 1.13 1.12 1.05 1.06 1.13 1.09 1.09 1.08 1.07 1.09 1.12 1.09 1.09 1.07 1.06 1.13 
1.06 1.09 1.14 1.1 1.14 1.06 1.08 1.14 1.11 1.07 1.12 1.12 1.13 1.1 1.06 1.1 1.08 1.05 1.05 1.14 
1.12 1.05 1.13 1.13 1.13 1.06 1.05 1.07 1.14 1.05 1.07 1.13 1.08 1.11 1.12 1.1 1.11 1.13 1.14 1.14 
1.11 1.06 1.1 1.05 1.14 1.14 1.08 1.08 1.12 1.08 1.07 1.09 1.09 1.05 1.06 1.09 1.07 1.1 1.09 1.14 
1.13 1.07 1.1 1.12 1.06 1.06 1.1 1.09 1.05 1.08 1.08 1.05 1.07 1.1 1.09 1.05 1.14 1.08 1.09 1.05 
1.05 1.11 1.07 1.06 1.1 1.06 1.08 1.07 1.14 1.11 1.12 1.11 1.07 1.13 1.05 1.07 1.06 1.11 1.05 1.1 
1.06 1.09 1.1 1.13 1.1 1.06 1.05 1.05 1.13 1.14 1.09 1.13 1.07 1.12 1.06 1.05 1.13 1.08 1.12 1.06 
1.11 1.1 1.08 1.08 1.12 1.12 1.1 1.14 1.13 1.12 1.09 1.08 1.06 1.08 1.08 1.05 1.1 1.11 1.14 1.12 
1.13 1.06 1.12 1.1 1.07 1.11 1.1 1.14 1.07 1.11 1.05 1.11 1.07 1.1 1.12 1.12 1.05 1.13 1.12 1.08 
1.06 1.05 1.1 1.05 1.07 1.06 1.06 1.13 1.11 1.11 1.09 1.05 1.08 1.12 1.07 1.13 1.06 1.06 1.07 1.08 
1.07 1.1 1.07 1.13 1.14 1.07 1.06 1.11 1.07 1.08 1.05 1.09 1.12 1.12 1.11 1.1 1.07 1.06 1.06 1.12 
1.08 1.05 1.14 1.11 1.1 1.09 1.06 1.07 1.09 1.05 1.08 1.06 1.1 1.07 1.12 1.05 1.11 1.14 1.1 1.12 
1.08 1.1 1.05 1.06 1.09 1.14 1.1 1.13 1.14 1.06 1.06 1.13 1.06 1.09 1.1 1.14 1.05 1.07 1.05 1.08 
1.12 1.1 1.13 1.08 1.11 1.07 1.1 1.13 1.13 1.11 1.08 1.12 1.09 1.05 1.06 1.09 1.11 1.13 1.11 1.14 
1.1 1.07 1.08 1.11 1.1 1.07 1.09 1.11 1.1 1.13 1.13 1.06 1.09 1.08 1.08 1.1 1.06 1.1 1.06 1.06 
1.1 1.06 1.09 1.12 1.12 1.08 1.11 1.07 1.09 1.14 1.06 1.12 1.08 1.13 1.11 1.13 1.11 1.09 1.13 1.06 
1.06 1.11 1.08 1.12 1.1 1.05 1.06 1.13 1.05 1.05 1.1 1.05 1.1 1.09 1.12 1.09 1.06 1.09 1.11 1.13 
1.12 1.13 1.12 1.14 1.11 1.1 1.08 1.13 1.11 1.13 1.07 1.11 1.12 1.08 1.05 1.1 1.14 1.14 1.08 1.13 
1.09 1.08 1.12 1.05 1.08 1.14 1.05 1.13 1.08 1.06 1.08 1.13 1.1 1.09 1.14 1.14 1.14 1.1 1.09 1.06 
1.06 1.1 1.05 1.09 1.08 1.06 1.08 1.07 1.07 1.14 1.11 1.05 1.07 1.07 1.09 1.11 1.13 1.14 1.06 1.07 
1.1 1.11 1.12 1.08 1.06 1.08 1.06 1.08 1.11 1.07 1.06 1.14 1.05 1.1 1.09 1.13 1.1 1.13 1.13 1.1 
1.11 1.07 1.1 1.14 1.13 1.12 1.1 1.1 1.05 1.05 1.05 1.14 1.11 1.08 1.07 1.14 1.05 1.06 1.1 1.13 
1.12 1.13 1.08 1.1 1.09 1.08 1.1 1.09 1.11 1.07 1.09 1.1 1.13 1.07 1.14 1.13 1.1 1.09 1.05 1.05 
1.07 1.12 1.07 1.09 1.14 1.07 1.1 1.06 1.05 1.1 1.06 1.09 1.1 1.06 1.11 1.14 1.05 1.08 1.1 1.11 
1.06 1.11 1.08 1.14 1.06 1.11 1.12 1.07 1.1 1.05 1.14 1.09 1.08 1.06 1.09 1.07 1.11 1.08 1.09 1.14 
1.07 1.05 1.11 1.11 1.1 1.14 1.05 1.07 1.13 1.11 1.07 1.06 1.08 1.13 1.08 1.11 1.14 1.14 1.11 1.07 
1.12 1.1 1.14 1.05 1.05 1.05 1.13 1.11 1.05 1.08 1.12 1.07 1.08 1.09 1.06 1.09 1.08 1.06 1.05 1.06 
1.09 1.09 1.08 1.12 1.09 1.06 1.12 1.06 1.09 1.06 1.1 1.12 1.11 1.09 1.13 1.05 1.06 1.11 1.05 1.1 
1.05 1.05 1.06 1.12 1.1 1.09 1.08 1.05 1.07 1.1 1.11 1.05 1.13 1.08 1.11 1.14 1.13 1.09 1.05 1.07 
1.06 1.08 1.11 1.08 1.13 1.08 1.13 1.06 1.13 1.08 1.11 1.09 1.05 1.11 1.1 1.1 1.05 1.09 1.08 1.09 
1.1 1.09 1.09 1.05 1.09 1.07 1.07 1.07 1.14 1.12 1.06 1.05 1.14 1.12 1.1 1.08 1.09 1.08 1.12 1.11 
1.13 1.1 1.06 1.07 1.13 1.14 1.14 1.14 1.06 1.05 1.11 1.07 1.14 1.1 1.12 1.06 1.09 1.07 1.14 1.1 
1.08 1.11 1.09 1.06 1.14 1.08 1.07 1.05 1.12 1.13 1.05 1.07 1.09 1.06 1.08 1.14 1.06 1.12 1.14 1.13 
1.1 1.05 1.06 1.1 1.05 1.06 1.14 1.13 1.1 1.14 1.1 1.14 1.11 1.08 1.08 1.14 1.11 1.06 1.13 1.1 
1.09 1.11 1.09 1.11 1.14 1.1 1.11 1.07 1.09 1.09 1.11 1.1 1.1 1.13 1.12 1.11 1.07 1.12 1.06 1.1 
1.09 1.07 1.08 1.1 1.13 1.07 1.07 1.08 1.11 1.08 1.09 1.08 1.14 1.11 1.14 1.11 1.06 1.13 1.12 1.05 
1.05 1.13 1.05 1.09 1.13 1.13 1.1 1.09 1.05 1.1 1.1 1.1 1.11 1.08 1.08 1.05 1.1 1.13 1.06 1.11 
1.14 1.14 1.05 1.06 1.09 1.07 1.12 1.14 1.06 1.05 1.08 1.11 1.14 1.1 1.14 1.13 1.07 1.13 1.12 1.1 
1.06 1.09 1.12 1.08 1.14 1.11 1.05 1.05 1.06 1.05 1.06 1.11 1.13 1.14 1.13 1.07 1.11 1.14 1.05 1.08 
1.09 1.11 1.07 1.06 1.06 1.11 1.12 1.07 1.12 1.11 1.06 1.07 1.09 1.1 1.05 1.13 1.14 1.06 1.07 1.13 
1.08 1.13 1.05 1.08 1.13 1.11 1.11 1.06 1.05 1.12 1.08 1.06 1.09 1.13 1.07 1.09 1.07 1.06 1.12 1.06 
1.05 1.06 1.07 1.11 1.1 1.05 1.11 1.08 1.12 1.13 1.14 1.07 1.05 1.14 1.11 1.13 1.05 1.05 1.14 1.12 
1.09 1.08 1.1 1.14 1.14 1.07 1.06 1.09 1.09 1.12 1.13 1.05 1.13 1.08 1.13 1.05 1.12 1.11 1.06 1.13 
1.09 1.08 1.11 1.07 1.12 1.14 1.12 1.08 1.13 1.11 1.14 1.13 1.08 1.14 1.12 1.07 1.09 1.12 1.12 1.13 
1.14 1.1 1.14 1.09 1.14 1.12 1.12 1.12 1.05 1.12 1.05 1.05 1.14 1.07 1.08 1.08 1.13 1.05 1.05 1.14 
1.09 1.14 1.11 1.14 1.05 1.1 1.09 1.14 1.07 1.06 1.11 1.08 1.14 1.08 1.12 1.11 1.11 1.09 1.09 1.12 
1.1 1.08 1.07 1.12 1.12 1.06 1.13 1.07 1.08 1.11 1.12 1.12 1.05 1.14 1.08 1.08 1.1 1.14 1.12 1.08 
1.12 1.06 1.05 1.12 1.13 1.12 1.12 1.07 1.11 1.09 1.14 1.14 1.14 1.07 1.09 1.13 1.05 1.06 1.05 1.1 
1.14 1.12 1.13 1.09 1.11 1.09 1.08 1.12 1.12 1.14 1.12 1.14 1.11 1.08 1.14 1.06 1.09 1.05 1.09 1.12 
1.12 1.14 1.05 1.14 1.09 1.12 1.14 1.12 1.07 1.13 1.06 1.11 1.12 1.06 1.13 1.06 1.09 1.1 1.07 1.07 
1.14 1.13 1.14 1.06 1.11 1.05 1.14 1.09 1.14 1.12 1.08 1.1 1.05 1.09 1.07 1.13 1.1 1.11 1.05 1.08 
1.07 1.11 1.1 1.13 1.05 1.08 1.07 1.08 1.08 1.14 1.13 1.14 1.06 1.05 1.05 1.05 1.12 1.11 1.07 1.08 
1.1 1.11 1.1 1.09 1.13 1.07 1.13 1.05 1.07 1.13 1.07 1.1 1.12 1.14 1.14 1.1 1.13 1.06 1.11 1.06 
1.11 1.13 1.06 1.08 1.13 1.05 1.09 1.11 1.11 1.12 1.14 1.12 1.13 1.13 1.11 1.1 1.14 1.08 1.09 1.09 
1.07 1.11 1.05 1.06 1.08 1.06 1.12 1.11 1.06 1.09 1.09 1.12 1.11 1.08 1.06 1.07 1.09 1.07 1.1 1.1 
1.09 1.08 1.12 1.07 1.12 1.06 1.09 1.08 1.09 1.11 1.05 1.06 1.09 1.13 1.12 1.14 1.06 1.13 1.07 1.11 
1.06 1.14 1.1 1.11 1.1 1.07 1.07 1.08 1.09 1.12 1.07 1.13 1.08 1.09 1.05 1.14 1.1 1.14 1.13 1.12 
1.06 1.12 1.11 1.12 1.11 1.08 1.06 1.11 1.07 1.05 1.13 1.05 1.05 1.05 1.08 1.08 1.07 1.06 1.07 1.14 
1.1 1.08 1.06 1.05 1.11 1.14 1.13 1.13 1.1 1.07 1.12 1.05 1.06 1.07 1.06 1.1 1.12 1.05 1.05 1.13 
1.11 1.09 1.06 1.06 1.07 1.14 1.11 1.14 1.08 1.09 1.08 1.08 1.14 1.07 1.13 1.09 1.13 1.07 1.07 1.11 
1.1 1.07 1.07 1.05 1.12 1.14 1.14 1.08 1.13 1.07 1.09 1.11 1.12 1.09 1.11 1.09 1.06 1.14 1.14 1.12 
1.08 1.12 1.08 1.07 1.12 1.12 1.13 1.08 1.08 1.14 1.09 1.1 1.12 1.12 1.06 1.13 1.08 1.05 1.09 1.11 
1.08 1.09 1.05 1.12 1.07 1.14 1.08 1.11 1.08 1.12 1.07 1.13 1.1 1.13 1.11 1.08 1.12 1.05 1.08 1.1 
1.11 1.06 1.11 1.11 1.05 1.11 1.07 1.14 1.07 1.1 1.06 1.09 1.1 1.13 1.06 1.07 1.05 1.12 1.1 1.1 
1.09 1.08 1.14 1.06 1.12 1.14 1.13 1.06 1.11 1.13 1.1 1.05 1.12 1.07 1.07 1.13 1.1 1.12 1.14 1.08 
1.05 1.12 1.07 1.11 1.1 1.06 1.12 1.09 1.09 1.06 1.11 1.11 1.08 1.13 1.06 1.1 1.05 1.06 1.1 1.13 
1.12 1.05 1.1 1.05 1.1 1.12 1.06 1.09 1.11 1.06 1.13 1.09 1.11 1.07 1.09 1.12 1.1 1.08 1.11 1.09 
1.14 1.07 1.11 1.14 1.14 1.09 1.07 1.14 1.11 1.09 1.11 1.14 1.1 1.07 1.07 1.13 1.12 1.14 1.13 1.12 
1.11 1.12 1.1 1.12 1.08 1.08 1.1 1.11 1.08 1.09 1.09 1.06 1.14 1.09 1.13 1.09 1.12 1.1 1.11 1.08 
1.07 1.08 1.09 1.07 1.11 1.1 1.07 1.09 1.1 1.13 1.14 1.08 1.07 1.06 1.13 1.12 1.13 1.06 1.06 1.05 
1.11 1.07 1.11 1.09 1.05 1.07 1.13 1.13 1.12 1.12 1.11 1.11 1.12 1.12 1.13 1.05 1.07 1.09 1.1 1.09 
1.09 1.14 1.07 1.06 1.11 1.14 1.13 1.05 1.08 1.05 1.14 1.09 1.14 1.08 1.13 1.06 1.08 1.11 1.05 1.09 
1.08 1.09 1.12 1.14 1.06 1.05 1.13 1.08 1.08 1.05 1.08 1.09 1.07 1.11 1.1 1.09 1.08 1.12 1.11 1.07 
1.11 1.13 1.14 1.08 1.06 1.14 1.13 1.14 1.1 1.05 1.08 1.07 1.09 1.13 1.08 1.1 1.06 1.09 1.05 1.05 
