20
300
16 38 28 11 19 51 16 37 11 90 87 17 47 26 63 9 89 77 26 46 90 65 94 61 46 79 86 79 93 41 48 34 43 86 69 32 20 44 41 23 35 55 8 2 4 68 76 39 11 52 91 21 11 54 7 80 10 39 37 35 15 1 15 49 58 5 61 56 19 1 90 33 1 40 14 48 84 8 66 95 41 66 12 52 49 36 1 80 25 96 24 97 16 82 28 80 37 24 36 43 22 49 30 85 86 83 61 19 91 90 87 41 11 83 19 94 96 66 38 33 69 34 21 36 32 74 86 57 69 73 30 78 36 2 86 69 41 14 37 37 58 78 45 19 30 99 86 60 69 43 67 50 69 69 2 85 91 13 70 56 84 82 15 5 58 55 66 17 62 35 37 75 44 48 2 38 21 42 51 89 84 25 24 47 26 85 80 100 86 49 53 94 61 78 98 87 50 16 66 66 62 76 91 72 38 60 68 21 49 41 58 74 79 75 65 54 90 62 71 60 68 83 88 95 85 20 92 49 67 13 34 63 23 35 65 82 22 22 44 58 56 86 21 35 92 45 29 100 20 80 90 70 86 31 18 22 26 34 45 70 94 50 5 30 48 43 96 57 11 58 81 85 100 70 55 79 86 67 14 28 84 52 95 89 14 93 42 12 59 47 9 23 74 87 68 92 10 92 24 2 
8 4 3 7 6 7 3 9 3 9 7 4 8 5 1 7 5 6 4 1 
1.05 1.03 1.06 1.01 1.03 1.04 1.02 1.05 1.05 1.04 1.06 1.05 1.01 1.03 1.06 1.06 1.01 1.04 1.02 1.04 
1.04 1.03 1.06 1.04 1.04 1.06 1.02 1.02 1.04 1.02 1.02 1.05 1.01 1.06 1.03 1.05 1.01 1.05 1.06 1.01 
1.04 1.03 1.04 1.03 1.03 1.02 1.03 1.03 1.06 1.02 1.02 1.01 1.06 1.04 1.04 1.03 1.03 1.04 1.01 1.02 
1.02 1.05 1.01 1.03 1.05 1.06 1.02 1.03 1.01 1.04 1.01 1.06 1.06 1.05 1.02 1.03 1.02 1.04 1.04 1.03 
1.06 1.04 1.06 1.05 1.04 1.02 1.03 1.03 1.01 1.02 1.04 1.04 1.02 1.01 1.06 1.03 1.01 1.03 1.01 1.04 
1.06 1.06 1.06 1.04 1.06 1.02 1.03 1.04 1.03 1.01 1.03 1.01 1.05 1.02 1.02 1.03 1.06 1.06 1.01 1.05 
1.05 1.01 1.01 1.05 1.02 1.02 1.05 1.03 1.04 1.01 1.01 1.05 1.04 1.03 1.02 1.06 1.06 1.04 1.01 1.05 
1.01 1.03 1.03 1.06 1.03 1.01 1.06 1.03 1.01 1.03 1.04 1.02 1.03 1.06 1.06 1.03 1.04 1.05 1.05 1.06 
1.01 1.01 1.02 1.05 1.04 1.06 1.02 1.04 1.06 1.04 1.02 1.05 1.02 1.02 1.06 1.01 1.01 1.01 1.05 1.04 
1.02 1.01 1.03 1.01 1.06 1.05 1.06 1.01 1.06 1.05 1.02 1.06 1.03 1.01 1.05 1.03 1.03 1.06 1.02 1.03 
1.03 1.06 1.05 1.03 1.04 1.01 1.02 1.03 1.06 1.01 1.05 1.06 1.01 1.02 1.02 1.03 1.04 1.05 1.03 1.01 
1.03 1.02 1.02 1.04 1.06 1.02 1.03 1.04 1.05 1.02 1.02 1.02 1.06 1.01 1.05 1.01 1.02 1.06 1.04 1.06 
1.01 1.03 1.02 1.04 1.04 1.06 1.05 1.01 1.04 1.04 1.01 1.04 1.06 1.01 1.02 1.05 1.06 1.01 1.05 1.03 
1.05 1.01 1.02 1.05 1.03 1.04 1.05 1.04 1.06 1.03 1.04 1.03 1.02 1.02 1.02 1.06 1.06 1.03 1.03 1.04 
1.01 1.04 1.05 1.01 1.02 1.06 1.05 1.05 1.03 1.02 1.01 1.06 1.04 1.01 1.01 1.06 1.03 1.01 1.01 1.02 
1.06 1.04 1.05 1.05 1.05 1.06 1.06 1.01 1.02 1.06 1.06 1.04 1.05 1.03 1.01 1.04 1.05 1.03 1.05 1.06 
1.03 1.01 1.05 1.06 1.02 1.05 1.02 1.05 1.03 1.06 1.01 1.01 1.06 1.05 1.01 1.05 1.05 1.03 1.01 1.06 
1.02 1.05 1.02 1.06 1.05 1.05 1.05 1.04 1.01 1.06 1.02 1.03 1.06 1.03 1.05 1.04 1.04 1.06 1.05 1.04 
1.05 1.06 1.01 1.06 1.01 1.02 1.06 1.02 1.03 1.02 1.03 1.01 1.01 1.03 1.02 1.05 1.02 1.02 1.04 1.01 
1.05 1.01 1.01 1.02 1.04 1.01 1.04 1.05 1.01 1.04 1.04 1.06 1.06 1.04 1.01 1.06 1.01 1.01 1.01 1.01 
1.02 1.01 1.02 1.03 1.06 1.02 1.05 1.04 1.06 1.02 1.04 1.05 1.04 1.02 1.02 1.04 1.01 1.01 1.05 1.04 
1.01 1.06 1.05 1.02 1.05 1.02 1.02 1.01 1.03 1.06 1.06 1.01 1.03 1.01 1.06 1.06 1.02 1.01 1.03 1.04 
1.01 1.04 1.02 1.01 1.05 1.06 1.03 1.06 1.03 1.04 1.01 1.04 1.06 1.04 1.03 1.06 1.06 1.01 1.06 1.05 
1.02 1.01 1.01 1.03 1.06 1.02 1.06 1.01 1.01 1.04 1.04 1.02 1.03 1.06 1.06 1.03 1.05 1.05 1.06 1.01 
1.03 1.04 1.06 1.06 1.05 1.04 1.05 1.05 1.01 1.01 1.05 1.01 1.05 1.01 1.03 1.03 1.03 1.01 1.02 1.04 
1.03 1.01 1.01 1.05 1.06 1.02 1.04 1.01 1.06 1.06 1.02 1.04 1.02 1.03 1.01 1.01 1.05 1.03 1.04 1.01 
1.01 1.06 1.05 1.03 1.06 1.02 1.05 1.06 1.01 1.02 1.02 1.06 1.01 1.01 1.02 1.03 1.06 1.06 1.03 1.01 
1.04 1.06 1.06 1.04 1.05 1.01 1.02 1.06 1.05 1.03 1.05 1.04 1.01 1.04 1.03 1.02 1.05 1.04 1.03 1.06 
1.03 1.03 1.03 1.06 1.04 1.06 1.03 1.03 1.01 1.06 1.01 1.06 1.06 1.05 1.06 1.02 1.04 1.04 1.01 1.03 
1.05 1.01 1.01 1.06 1.02 1.01 1.03 1.03 1.02 1.05 1.01 1.03 1.03 1.06 1.04 1.06 1.03 1.01 1.06 1.01 
1.01 1.02 1.04 1.06 1.01 1.01 1.04 1.03 1.01 1.02 1.03 1.01 1.03 1.05 1.01 1.01 1.05 1.05 1.03 1.05 
1.01 1.03 1.05 1.04 1.02 1.03 1.01 1.02 1.04 1.04 1.06 1.01 1.02 1.04 1.01 1.04 1.01 1.02 1.04 1.01 
1.03 1.01 1.06 1.03 1.03 1.06 1.04 1.06 1.04 1.02 1.02 1.03 1.06 1.02 1.01 1.04 1.06 1.03 1.04 1.01 
1.03 1.06 1.01 1.02 1.02 1.03 1.01 1.02 1.04 1.04 1.01 1.05 1.01 1.01 1.06 1.04 1.03 1.02 1.05 1.01 
1.03 1.06 1.03 1.06 1.03 1.06 1.02 1.01 1.04 1.02 1.02 1.05 1.02 1.01 1.03 1.03 1.03 1.06 1.06 1.01 
1.03 1.06 1.04 1.06 1.01 1.03 1.05 1.01 1.05 1.01 1.02 1.01 1.03 1.06 1.06 1.01 1.04 1.02 1.01 1.04 
1.05 1.05 1.03 1.03 1.03 1.01 1.05 1.06 1.03 1.03 1.04 1.02 1.02 1.06 1.03 1.01 1.06 1.03 1.02 1.03 
1.05 1.05 1.01 1.05 1.05 1.02 1.01 1.02 1.05 1.04 1.02 1.05 1.05 1.06 1.03 1.06 1.06 1.05 1.04 1.01 
1.05 1.05 1.01 1.04 1.05 1.01 1.04 1.03 1.01 1.06 1.04 1.05 1.01 1.02 1.06 1.03 1.05 1.02 1.01 1.04 
1.01 1.04 1.05 1.01 1.05 1.02 1.02 1.05 1.05 1.06 1.06 1.01 1.04 1.06 1.03 1.02 1.06 1.01 1.03 1.01 
1.05 1.03 1.05 1.03 1.03 1.01 1.06 1.01 1.02 1.06 1.06 1.01 1.03 1.06 1.02 1.04 1.02 1.05 1.03 1.03 
1.06 1.06 1.03 1.04 1.05 1.06 1.01 1.05 1.04 1.03 1.06 1.06 1.06 1.06 1.01 1.06 1.01 1.03 1.04 1.01 
1.01 1.04 1.04 1.05 1.04 1.06 1.04 1.01 1.05 1.03 1.03 1.01 1.01 1.04 1.02 1.01 1.02 1.01 1.06 1.04 
1.04 1.05 1.02 1.06 1.04 1.01 1.01 1.02 1.03 1.02 1.02 1.05 1.06 1.06 1.01 1.02 1.04 1.04 1.04 1.01 
1.04 1.03 1.02 1.02 1.01 1.06 1.03 1.04 1.05 1.02 1.06 1.03 1.02 1.01 1.02 1.04 1.06 1.03 1.05 1.05 
1.03 1.03 1.04 1.02 1.04 1.04 1.04 1.06 1.01 1.06 1.04 1.05 1.03 1.05 1.04 1.05 1.03 1.05 1.06 1.03 
1.03 1.05 1.03 1.03 1.01 1.04 1.04 1.04 1.01 1.06 1.01 1.04 1.04 1.04 1.02 1.01 1.06 1.05 1.04 1.02 
1.02 1.04 1.02 1.02 1.01 1.04 1.03 1.06 1.06 1.01 1.04 1.01 1.03 1.01 1.04 1.01 1.02 1.02 1.06 1.06 
1.04 1.01 1.06 1.06 1.01 1.01 1.01 1.04 1.06 1.05 1.01 1.01 1.04 1.02 1.06 1.06 1.03 1.02 1.06 1.04 
1.02 1.06 1.03 1.01 1.01 1.04 1.05 1.04 1.05 1.02 1.05 1.01 1.05 1.04 1.02 1.03 1.04 1.04 1.02 1.04 
1.02 1.06 1.03 1.02 1.01 1.05 1.05 1.02 1.01 1.02 1.03 1.01 1.01 1.06 1.01 1.01 1.04 1.01 1.02 1.05 
1.05 1.01 1.03 1.02 1.05 1.04 1.03 1.03 1.02 1.05 1.06 1.01 1.01 1.01 1.06 1.05 1.06 1.03 1.05 1.06 
1.06 1.04 1.04 1.03 1.06 1.04 1.05 1.05 1.03 1.04 1.04 1.03 1.06 1.03 1.02 1.03 1.04 1.01 1.02 1.03 
1.06 1.04 1.02 1.01 1.02 1.02 1.05 1.05 1.02 1.06 1.04 1.02 1.05 1.04 1.04 1.06 1.04 1.06 1.01 1.06 
1.02 1.01 1.05 1.03 1.03 1.04 1.05 1.06 1.05 1.03 1.01 1.01 1.04 1.04 1.01 1.02 1.04 1.03 1.05 1.01 
1.01 1.02 1.03 1.03 1.06 1.04 1.06 1.02 1.02 1.02 1.06 1.06 1.02 1.06 1.03 1.03 1.01 1.02 1.02 1.04 
1.03 1.06 1.06 1.04 1.03 1.05 1.04 1.04 1.04 1.06 1.02 1.04 1.06 1.05 1.01 1.04 1.06 1.02 1.06 1.04 
1.02 1.03 1.02 1.04 1.06 1.03 1.01 1.06 1.06 1.03 1.06 1.03 1.02 1.05 1.04 1.01 1.01 1.06 1.06 1.06 
1.02 1.06 1.06 1.01 1.02 1.05 1.02 1.06 1.02 1.05 1.04 1.03 1.04 1.05 1.05 1.01 1.04 1.01 1.02 1.04 
1.05 1.05 1.03 1.06 1.03 1.02 1.02 1.01 1.03 1.04 1.04 1.06 1.06 1.03 1.05 1.05 1.01 1.06 1.06 1.04 
1.02 1.01 1.01 1.02 1.06 1.04 1.02 1.02 1.01 1.04 1.01 1.01 1.01 1.04 1.01 1.03 1.04 1.02 1.04 1.03 
1.06 1.01 1.06 1.05 1.03 1.06 1.06 1.05 1.02 1.05 1.04 1.04 1.03 1.01 1.05 1.01 1.02 1.02 1.01 1.06 
1.04 1.04 1.03 1.02 1.02 1.03 1.03 1.02 1.02 1.06 1.04 1.06 1.06 1.03 1.04 1.06 1.06 1.03 1.03 1.03 
1.02 1.06 1.04 1.04 1.05 1.05 1.02 1.03 1.06 1.03 1.06 1.02 1.01 1.04 1.01 1.06 1.02 1.04 1.01 1.03 
1.02 1.02 1.05 1.01 1.04 1.03 1.02 1.05 1.01 1.05 1.02 1.06 1.01 1.01 1.04 1.01 1.03 1.06 1.06 1.03 
1.04 1.05 1.04 1.05 1.04 1.06 1.04 1.01 1.04 1.03 1.03 1.04 1.04 1.03 1.03 1.02 1.03 1.02 1.03 1.04 
1.01 1.01 1.04 1.01 1.03 1.05 1.02 1.01 1.02 1.02 1.04 1.06 1.04 1.02 1.03 1.05 1.04 1.02 1.05 1.01 
1.01 1.04 1.02 1.02 1.01 1.04 1.02 1.04 1.01 1.04 1.02 1.02 1.03 1.03 1.01 1.01 1.05 1.04 1.05 1.05 
1.06 1.01 1.01 1.03 1.02 1.01 1.03 1.03 1.02 1.02 1.01 1.01 1.02 1.03 1.04 1.06 1.04 1.06 1.06 1.05 
1.05 1.02 1.03 1.06 1.01 1.03 1.02 1.01 1.02 1.04 1.04 1.02 1.02 1.04 1.05 1.05 1.05 1.06 1.05 1.02 
1.05 1.01 1.02 1.05 1.02 1.06 1.03 1.02 1.03 1.06 1.02 1.03 1.05 1.06 1.04 1.06 1.06 1.06 1.01 1.02 
1.01 1.05 1.02 1.06 1.04 1.03 1.04 1.03 1.02 1.05 1.02 1.03 1.05 1.01 1.02 1.04 1.01 1.01 1.04 1.03 
1.01 1.02 1.06 1.05 1.02 1.06 1.03 1.06 1.05 1.04 1.06 1.05 1.03 1.02 1.02 1.03 1.01 1.01 1.04 1.01 
1.04 1.02 1.02 1.05 1.03 1.06 1.05 1.04 1.05 1.02 1.06 1.03 1.01 1.05 1.04 1.06 1.05 1.02 1.03 1.03 
1.04 1.02 1.02 1.03 1.02 1.03 1.05 1.04 1.02 1.04 1.06 1.02 1.05 1.03 1.03 1.01 1.04 1.05 1.06 1.05 
1.01 1.06 1.01 1.02 1.05 1.01 1.04 1.06 1.06 1.04 1.01 1.01 1.01 1.04 1.05 1.05 1.04 1.05 1.06 1.01 
1.04 1.01 1.03 1.03 1.03 1.02 1.03 1.04 1.04 1.06 1.04 1.02 1.02 1.03 1.01 1.01 1.01 1.04 1.06 1.05 
1.06 1.02 1.02 1.03 1.01 1.05 1.02 1.01 1.02 1.04 1.06 1.03 1.05 1.04 1.06 1.03 1.01 1.01 1.02 1.02 
1.04 1.03 1.05 1.02 1.04 1.06 1.02 1.01 1.06 1.04 1.05 1.02 1.02 1.06 1.05 1.06 1.01 1.01 1.03 1.02 
1.05 1.03 1.04 1.03 1.01 1.05 1.04 1.03 1.06 1.06 1.02 1.04 1.04 1.04 1.01 1.03 1.06 1.06 1.02 1.06 
1.01 1.03 1.02 1.05 1.02 1.06 1.03 1.01 1.06 1.06 1.02 1.01 1.05 1.05 1.04 1.01 1.02 1.04 1.06 1.02 
1.05 1.01 1.03 1.02 1.03 1.05 1.04 1.01 1.03 1.05 1.06 1.01 1.01 1.01 1.04 1.03 1.06 1.05 1.05 1.03 
1.05 1.04 1.04 1.01 1.01 1.05 1.06 1.05 1.06 1.01 1.03 1.05 1.06 1.01 1.05 1.04 1.05 1.04 1.05 1.01 
1.01 1.01 1.01 1.02 1.03 1.02 1.01 1.04 1.04 1.03 1.04 1.04 1.06 1.02 1.03 1.05 1.02 1.02 1.05 1.05 
1.03 1.05 1.06 1.02 1.01 1.02 1.04 1.05 1.03 1.01 1.06 1.05 1.05 1.03 1.05 1.05 1.03 1.02 1.03 1.02 
1.04 1.01 1.01 1.05 1.01 1.06 1.03 1.06 1.06 1.04 1.05 1.03 1.04 1.04 1.06 1.06 1.02 1.06 1.06 1.06 
1.04 1.05 1.01 1.04 1.02 1.05 1.06 1.05 1.01 1.02 1.01 1.01 1.06 1.04 1.06 1.06 1.05 1.05 1.01 1.05 
1.02 1.06 1.06 1.04 1.06 1.05 1.01 1.01 1.01 1.05 1.02 1.02 1.04 1.02 1.05 1.01 1.06 1.06 1.03 1.04 
1.04 1.06 1.01 1.05 1.02 1.05 1.05 1.03 1.05 1.06 1.06 1.02 1.02 1.04 1.03 1.06 1.02 1.02 1.01 1.03 
1.02 1.03 1.05 1.02 1.04 1.02 1.05 1.05 1.02 1.04 1.02 1.06 1.03 1.01 1.03 1.03 1.06 1.01 1.06 1.01 
1.03 1.05 1.04 1.02 1.05 1.05 1.01 1.04 1.02 1.06 1.01 1.05 1.01 1.05 1.05 1.06 1.01 1.05 1.01 1.01 
1.06 1.06 1.01 1.03 1.02 1.04 1.06 1.06 1.06 1.06 1.02 1.03 1.06 1.04 1.03 1.04 1.06 1.01 1.04 1.02 
1.04 1.05 1.05 1.02 1.02 1.02 1.02 1.02 1.02 1.01 1.01 1.05 1.01 1.06 1.01 1.06 1.04 1.06 1.02 1.06 
1.01 1.03 1.06 1.06 1.05 1.03 1.01 1.03 1.01 1.03 1.03 1.06 1.01 1.03 1.03 1.03 1.03 1.06 1.05 1.02 
1.01 1.06 1.04 1.04 1.04 1.06 1.01 1.01 1.06 1.06 1.02 1.02 1.06 1.03 1.04 1.03 1.04 1.06 1.02 1.06 
1.03 1.03 1.03 1.01 1.02 1.05 1.04 1.01 1.05 1.04 1.06 1.05 1.02 1.06 1.04 1.04 1.03 1.04 1.04 1.01 
1.02 1.06 1.02 1.02 1.04 1.04 1.02 1.06 1.04 1.04 1.01 1.02 1.01 1.04 1.01 1.02 1.04 1.01 1.04 1.02 
1.01 1.04 1.05 1.02 1.04 1.01 1.05 1.06 1.05 1.06 1.05 1.06 1.01 1.01 1.06 1.04 1.03 1.05 1.06 1.03 
1.04 1.06 1.01 1.02 1.05 1.06 1.03 1.05 1.04 1.04 1.01 1.02 1.06 1.04 1.03 1.02 1.06 1.06 1.01 1.02 
1.04 1.05 1.05 1.01 1.06 1.02 1.03 1.01 1.06 1.02 1.05 1.05 1.04 1.06 1.02 1.01 1.03 1.06 1.06 1.02 
1.06 1.06 1.06 1.05 1.02 1.06 1.04 1.06 1.06 1.05 1.05 1.03 1.03 1.01 1.01 1.03 1.03 1.01 1.05 1.02 
1.03 1.01 1.06 1.04 1.01 1.05 1.06 1.02 1.03 1.04 1.06 1.02 1.06 1.04 1.04 1.02 1.01 1.04 1.02 1.02 
1.01 1.01 1.04 1.06 1.01 1.03 1.06 1.03 1.04 1.01 1.02 1.05 1.03 1.03 1.04 1.01 1.03 1.01 1.05 1.03 
1.03 1.01 1.03 1.05 1.01 1.02 1.01 1.05 1.02 1.02 1.02 1.06 1.02 1.01 1.06 1.04 1.05 1.06 1.03 1.02 
1.02 1.06 1.05 1.03 1.03 1.02 1.06 1.03 1.03 1.04 1.02 1.01 1.01 1.01 1.04 1.02 1.04 1.04 1.03 1.02 
1.06 1.06 1.02 1.03 1.01 1.01 1.03 1.02 1.03 1.04 1.04 1.06 1.04 1.06 1.05 1.04 1.05 1.03 1.05 1.03 
1.06 1.06 1.01 1.05 1.01 1.04 1.03 1.06 1.01 1.01 1.04 1.01 1.02 1.03 1.05 1.05 1.05 1.05 1.01 1.04 
1.01 1.03 1.05 1.06 1.03 1.03 1.06 1.06 1.02 1.04 1.02 1.02 1.02 1.03 1.04 1.04 1.05 1.04 1.02 1.04 
1.05 1.04 1.04 1.03 1.06 1.05 1.05 1.01 1.03 1.02 1.05 1.01 1.02 1.06 1.04 1.02 1.03 1.04 1.04 1.06 
1.06 1.06 1.04 1.06 1.04 1.01 1.05 1.03 1.03 1.01 1.04 1.03 1.02 1.01 1.04 1.06 1.02 1.01 1.04 1.04 
1.01 1.05 1.03 1.06 1.01 1.04 1.06 1.03 1.05 1.01 1.03 1.05 1.06 1.05 1.06 1.06 1.06 1.03 1.06 1.02 
1.01 1.04 1.01 1.02 1.01 1.03 1.05 1.05 1.04 1.04 1.05 1.05 1.06 1.02 1.01 1.04 1.05 1.01 1.01 1.03 
1.02 1.01 1.03 1.04 1.05 1.03 1.02 1.02 1.01 1.05 1.02 1.06 1.05 1.03 1.03 1.06 1.05 1.06 1.03 1.06 
1.06 1.02 1.06 1.05 1.03 1.04 1.02 1.02 1.02 1.06 1.05 1.03 1.06 1.03 1.05 1.02 1.01 1.06 1.06 1.06 
1.06 1.06 1.06 1.05 1.05 1.05 1.05 1.01 1.04 1.01 1.02 1.06 1.02 1.01 1.03 1.05 1.06 1.01 1.05 1.03 
1.05 1.03 1.03 1.04 1.04 1.05 1.04 1.01 1.03 1.06 1.02 1.03 1.01 1.01 1.01 1.02 1.06 1.04 1.05 1.02 
1.05 1.06 1.05 1.04 1.02 1.02 1.03 1.06 1.01 1.01 1.06 1.02 1.03 1.02 1.06 1.05 1.04 1.03 1.04 1.03 
1.06 1.06 1.03 1.06 1.01 1.02 1.05 1.01 1.01 1.03 1.04 1.04 1.05 1.06 1.04 1.05 1.06 1.02 1.06 1.04 
1.05 1.06 1.05 1.02 1.04 1.03 1.04 1.03 1.01 1.03 1.03 1.03 1.04 1.03 1.06 1.04 1.05 1.01 1.04 1.03 
1.05 1.04 1.06 1.04 1.01 1.06 1.03 1.06 1.02 1.03 1.02 1.06 1.01 1.04 1.02 1.02 1.06 1.02 1.01 1.04 
1.04 1.03 1.03 1.05 1.01 1.01 1.05 1.06 1.01 1.01 1.05 1.05 1.04 1.01 1.05 1.03 1.01 1.04 1.01 1.06 
1.05 1.06 1.02 1.01 1.04 1.03 1.04 1.02 1.06 1.01 1.04 1.01 1.01 1.01 1.03 1.02 1.04 1.01 1.04 1.04 
1.02 1.03 1.02 1.06 1.04 1.01 1.04 1.04 1.01 1.03 1.06 1.06 1.04 1.05 1.05 1.02 1.05 1.04 1.04 1.05 
1.05 1.04 1.05 1.03 1.06 1.01 1.04 1.05 1.03 1.01 1.01 1.04 1.05 1.05 1.05 1.05 1.02 1.04 1.01 1.02 
1.06 1.01 1.01 1.02 1.02 1.04 1.01 1.04 1.06 1.05 1.01 1.06 1.06 1.05 1.02 1.03 1.04 1.02 1.06 1.01 
1.04 1.01 1.05 1.01 1.04 1.04 1.01 1.06 1.01 1.01 1.06 1.04 1.05 1.03 1.06 1.01 1.01 1.01 1.02 1.06 
1.01 1.03 1.04 1.06 1.01 1.04 1.05 1.02 1.01 1.06 1.03 1.01 1.01 1.03 1.01 1.05 1.06 1.04 1.04 1.02 
1.03 1.04 1.06 1.05 1.06 1.03 1.03 1.02 1.03 1.02 1.04 1.01 1.03 1.03 1.03 1.04 1.04 1.06 1.03 1.05 
1.01 1.03 1.01 1.03 1.01 1.01 1.06 1.03 1.01 1.03 1.03 1.01 1.01 1.02 1.06 1.01 1.02 1.04 1.03 1.06 
1.05 1.01 1.03 1.05 1.01 1.01 1.02 1.05 1.05 1.05 1.01 1.03 1.02 1.05 1.01 1.04 1.02 1.03 1.01 1.06 
1.02 1.05 1.04 1.04 1.02 1.01 1.06 1.01 1.04 1.03 1.02 1.02 1.04 1.01 1.01 1.05 1.05 1.01 1.05 1.04 
1.02 1.05 1.01 1.03 1.03 1.04 1.05 1.06 1.05 1.04 1.05 1.03 1.06 1.02 1.05 1.03 1.02 1.05 1.02 1.04 
1.04 1.03 1.04 1.01 1.03 1.02 1.04 1.05 1.02 1.01 1.04 1.05 1.03 1.02 1.05 1.04 1.05 1.04 1.03 1.02 
1.03 1.04 1.03 1.01 1.05 1.06 1.05 1.01 1.06 1.06 1.02 1.01 1.03 1.01 1.06 1.06 1.06 1.05 1.02 1.05 
1.01 1.01 1.04 1.01 1.02 1.02 1.05 1.06 1.06 1.01 1.06 1.02 1.01 1.04 1.04 1.04 1.04 1.03 1.02 1.01 
1.05 1.04 1.02 1.03 1.02 1.05 1.04 1.02 1.05 1.01 1.05 1.02 1.04 1.04 1.02 1.04 1.01 1.06 1.04 1.06 
1.02 1.05 1.05 1.03 1.03 1.03 1.05 1.03 1.05 1.06 1.06 1.05 1.01 1.06 1.03 1.03 1.05 1.04 1.04 1.06 
1.02 1.02 1.05 1.01 1.03 1.04 1.01 1.05 1.04 1.01 1.03 1.05 1.03 1.01 1.06 1.02 1.05 1.01 1.06 1.02 
1.05 1.05 1.06 1.02 1.05 1.04 1.06 1.04 1.03 1.06 1.05 1.02 1.01 1.04 1.03 1.01 1.03 1.04 1.05 1.06 
1.02 1.01 1.04 1.04 1.03 1.05 1.01 1.03 1.01 1.04 1.03 1.01 1.05 1.03 1.06 1.06 1.02 1.05 1.01 1.06 
1.04 1.06 1.03 1.03 1.02 1.05 1.04 1.01 1.06 1.06 1.06 1.02 1.02 1.03 1.01 1.02 1.02 1.01 1.02 1.05 
1.01 1.01 1.02 1.05 1.05 1.03 1.04 1.02 1.06 1.05 1.06 1.02 1.01 1.02 1.05 1.06 1.06 1.01 1.02 1.03 
1.02 1.01 1.03 1.02 1.01 1.01 1.06 1.04 1.06 1.05 1.01 1.04 1.01 1.03 1.04 1.05 1.06 1.01 1.03 1.04 
1.01 1.01 1.03 1.05 1.05 1.05 1.03 1.06 1.04 1.03 1.03 1.05 1.03 1.01 1.05 1.02 1.05 1.03 1.03 1.01 
1.03 1.01 1.04 1.01 1.06 1.02 1.06 1.06 1.01 1.05 1.06 1.01 1.04 1.05 1.01 1.02 1.06 1.06 1.03 1.02 
1.03 1.02 1.02 1.03 1.06 1.01 1.05 1.03 1.02 1.01 1.01 1.01 1.05 1.03 1.05 1.06 1.03 1.03 1.06 1.05 
1.06 1.03 1.05 1.04 1.06 1.03 1.01 1.02 1.03 1.03 1.04 1.02 1.03 1.04 1.05 1.04 1.01 1.01 1.05 1.05 
1.03 1.03 1.01 1.03 1.04 1.05 1.06 1.02 1.05 1.06 1.06 1.06 1.06 1.01 1.04 1.06 1.02 1.01 1.01 1.02 
1.06 1.05 1.04 1.01 1.01 1.04 1.02 1.04 1.05 1.04 1.05 1.06 1.03 1.05 1.03 1.05 1.06 1.06 1.01 1.04 
1.04 1.03 1.06 1.03 1.04 1.06 1.03 1.04 1.01 1.06 1.05 1.05 1.02 1.02 1.02 1.01 1.02 1.02 1.02 1.01 
1.01 1.02 1.03 1.01 1.05 1.06 1.05 1.01 1.01 1.04 1.06 1.05 1.02 1.02 1.01 1.05 1.02 1.02 1.06 1.02 
1.03 1.06 1.03 1.05 1.02 1.01 1.02 1.05 1.04 1.06 1.01 1.01 1.06 1.04 1.01 1.02 1.06 1.02 1.04 1.06 
1.06 1.02 1.02 1.06 1.06 1.03 1.04 1.06 1.05 1.01 1.01 1.01 1.06 1.04 1.06 1.03 1.01 1.02 1.02 1.01 
1.05 1.02 1.01 1.01 1.02 1.04 1.05 1.01 1.06 1.02 1.06 1.03 1.04 1.02 1.04 1.03 1.03 1.06 1.02 1.05 
1.02 1.01 1.06 1.05 1.05 1.05 1.06 1.05 1.05 1.04 1.05 1.06 1.02 1.02 1.05 1.05 1.03 1.03 1.03 1.04 
1.03 1.01 1.05 1.04 1.02 1.03 1.06 1.05 1.02 1.03 1.02 1.03 1.05 1.04 1.04 1.01 1.05 1.01 1.01 1.04 
1.06 1.02 1.05 1.05 1.04 1.05 1.05 1.02 1.03 1.02 1.04 1.04 1.02 1.05 1.04 1.03 1.06 1.05 1.04 1.04 
1.04 1.04 1.01 1.05 1.06 1.04 1.06 1.05 1.02 1.06 1.02 1.06 1.02 1.03 1.04 1.05 1.03 1.03 1.04 1.04 
1.04 1.06 1.05 1.05 1.06 1.04 1.03 1.05 1.06 1.03 1.01 1.01 1.05 1.02 1.06 1.06 1.04 1.03 1.05 1.04 
1.01 1.04 1.02 1.06 1.03 1.02 1.05 1.03 1.02 1.03 1.06 1.06 1.02 1.02 1.02 1.02 1.05 1.04 1.03 1.02 
1.03 1.01 1.01 1.04 1.05 1.01 1.02 1.02 1.02 1.03 1.03 1.05 1.05 1.01 1.01 1.01 1.05 1.01 1.04 1.03 
1.04 1.02 1.01 1.05 1.04 1.02 1.03 1.01 1.03 1.05 1.06 1.03 1.06 1.04 1.06 1.04 1.01 1.02 1.06 1.02 
1.04 1.02 1.03 1.06 1.04 1.04 1.01 1.03 1.01 1.03 1.05 1.04 1.02 1.02 1.02 1.06 1.01 1.03 1.03 1.03 
1.05 1.04 1.06 1.06 1.02 1.02 1.01 1.06 1.04 1.02 1.02 1.06 1.03 1.01 1.03 1.04 1.05 1.06 1.05 1.03 
1.06 1.06 1.05 1.04 1.02 1.03 1.01 1.04 1.04 1.01 1.02 1.05 1.03 1.01 1.06 1.03 1.01 1.02 1.04 1.06 
1.02 1.02 1.06 1.04 1.06 1.02 1.01 1.01 1.02 1.01 1.01 1.05 1.05 1.02 1.02 1.05 1.06 1.05 1.04 1.06 
1.03 1.02 1.02 1.04 1.05 1.01 1.04 1.05 1.03 1.04 1.01 1.04 1.04 1.05 1.04 1.05 1.04 1.05 1.06 1.04 
1.04 1.04 1.05 1.02 1.06 1.04 1.03 1.02 1.05 1.02 1.06 1.05 1.01 1.06 1.02 1.05 1.03 1.04 1.04 1.03 
1.02 1.06 1.03 1.03 1.05 1.01 1.03 1.06 1.01 1.06 1.04 1.05 1.04 1.05 1.03 1.06 1.05 1.03 1.04 1.04 
1.04 1.03 1.01 1.05 1.04 1.03 1.06 1.05 1.04 1.05 1.03 1.05 1.02 1.06 1.06 1.01 1.01 1.03 1.06 1.04 
1.01 1.05 1.01 1.05 1.04 1.04 1.04 1.04 1.05 1.06 1.03 1.02 1.06 1.04 1.05 1.01 1.03 1.01 1.02 1.03 
1.05 1.04 1.05 1.05 1.01 1.04 1.05 1.05 1.02 1.02 1.01 1.06 1.05 1.02 1.01 1.03 1.01 1.03 1.04 1.03 
1.01 1.06 1.01 1.03 1.05 1.06 1.05 1.04 1.03 1.02 1.05 1.01 1.02 1.02 1.04 1.06 1.05 1.04 1.06 1.02 
1.03 1.04 1.06 1.06 1.04 1.05 1.05 1.04 1.06 1.02 1.05 1.02 1.04 1.01 1.04 1.03 1.06 1.01 1.04 1.05 
1.06 1.04 1.03 1.02 1.04 1.03 1.03 1.06 1.06 1.06 1.03 1.05 1.03 1.02 1.03 1.02 1.03 1.05 1.02 1.03 
1.05 1.02 1.05 1.02 1.06 1.05 1.03 1.02 1.02 1.04 1.06 1.05 1.01 1.02 1.03 1.03 1.04 1.04 1.04 1.02 
1.06 1.03 1.03 1.05 1.01 1.02 1.01 1.05 1.02 1.02 1.06 1.06 1.06 1.01 1.04 1.03 1.02 1.03 1.02 1.06 
1.03 1.03 1.03 1.01 1.04 1.04 1.01 1.03 1.06 1.05 1.02 1.05 1.04 1.01 1.04 1.05 1.02 1.02 1.03 1.05 
1.02 1.01 1.05 1.02 1.05 1.04 1.03 1.02 1.05 1.01 1.01 1.04 1.05 1.04 1.05 1.06 1.04 1.01 1.05 1.05 
1.01 1.05 1.06 1.02 1.01 1.06 1.06 1.02 1.04 1.05 1.06 1.05 1.04 1.02 1.01 1.01 1.03 1.02 1.01 1.03 
1.03 1.06 1.01 1.04 1.01 1.06 1.04 1.06 1.04 1.06 1.02 1.04 1.01 1.02 1.03 1.04 1.04 1.06 1.06 1.03 
1.05 1.01 1.01 1.04 1.06 1.06 1.03 1.03 1.06 1.01 1.03 1.04 1.05 1.05 1.06 1.04 1.02 1.03 1.06 1.06 
1.02 1.05 1.02 1.01 1.01 1.02 1.01 1.03 1.01 1.05 1.05 1.02 1.02 1.05 1.01 1.05 1.06 1.04 1.02 1.01 
1.06 1.03 1.05 1.04 1.01 1.03 1.02 1.02 1.04 1.02 1.03 1.02 1.01 1.06 1.02 1.02 1.06 1.05 1.05 1.06 
1.06 1.05 1.06 1.02 1.02 1.01 1.05 1.01 1.05 1.06 1.04 1.06 1.03 1.04 1.05 1.02 1.03 1.03 1.02 1.03 
1.06 1.03 1.01 1.01 1.06 1.06 1.04 1.04 1.02 1.03 1.04 1.01 1.04 1.02 1.03 1.06 1.03 1.06 1.06 1.02 
1.02 1.03 1.01 1.05 1.02 1.06 1.04 1.06 1.04 1.05 1.06 1.01 1.01 1.03 1.04 1.03 1.03 1.06 1.06 1.03 
1.06 1.04 1.04 1.01 1.06 1.03 1.06 1.03 1.04 1.02 1.05 1.01 1.02 1.05 1.05 1.05 1.01 1.04 1.04 1.06 
1.04 1.04 1.04 1.01 1.03 1.02 1.02 1.04 1.05 1.02 1.03 1.03 1.03 1.02 1.03 1.06 1.06 1.02 1.05 1.04 
1.04 1.05 1.04 1.04 1.03 1.06 1.06 1.02 1.04 1.05 1.05 1.01 1.03 1.06 1.05 1.05 1.03 1.06 1.02 1.06 
1.06 1.01 1.03 1.01 1.05 1.02 1.06 1.03 1.05 1.04 1.02 1.06 1.03 1.03 1.01 1.03 1.03 1.05 1.01 1.04 
1.05 1.05 1.04 1.06 1.03 1.01 1.04 1.06 1.06 1.02 1.05 1.04 1.05 1.01 1.04 1.06 1.02 1.04 1.01 1.03 
1.02 1.02 1.06 1.04 1.02 1.04 1.02 1.05 1.06 1.06 1.05 1.02 1.05 1.01 1.02 1.01 1.03 1.03 1.05 1.05 
1.06 1.01 1.05 1.04 1.01 1.02 1.05 1.06 1.05 1.04 1.06 1.04 1.05 1.06 1.03 1.06 1.06 1.03 1.04 1.05 
1.04 1.03 1.06 1.06 1.03 1.05 1.01 1.05 1.04 1.04 1.02 1.05 1.02 1.05 1.02 1.04 1.06 1.02 1.02 1.01 
1.01 1.02 1.02 1.01 1.01 1.06 1.03 1.03 1.03 1.05 1.02 1.02 1.01 1.06 1.06 1.01 1.02 1.01 1.04 1.04 
1.03 1.04 1.05 1.01 1.03 1.03 1.03 1.02 1.03 1.01 1.01 1.04 1.05 1.06 1.02 1.04 1.01 1.06 1.02 1.04 
1.04 1.04 1.02 1.01 1.03 1.03 1.02 1.02 1.06 1.03 1.02 1.02 1.04 1.03 1.04 1.06 1.03 1.05 1.02 1.05 
1.03 1.03 1.05 1.01 1.02 1.02 1.01 1.06 1.03 1.06 1.03 1.04 1.04 1.05 1.04 1.04 1.02 1.01 1.06 1.06 
1.03 1.03 1.04 1.01 1.05 1.01 1.03 1.05 1.03 1.06 1.05 1.01 1.02 1.04 1.04 1.01 1.02 1.02 1.01 1.05 
1.06 1.03 1.01 1.04 1.01 1.04 1.02 1.03 1.06 1.06 1.02 1.02 1.06 1.02 1.02 1.06 1.01 1.06 1.04 1.04 
1.03 1.04 1.01 1.02 1.04 1.01 1.01 1.02 1.01 1.04 1.02 1.04 1.05 1.05 1.02 1.03 1.03 1.01 1.01 1.01 
1.02 1.03 1.05 1.04 1.02 1.02 1.03 1.05 1.05 1.05 1.04 1.02 1.02 1.04 1.06 1.02 1.03 1.06 1.06 1.02 
1.02 1.03 1.02 1.04 1.06 1.03 1.06 1.04 1.05 1.06 1.02 1.04 1.01 1.04 1.05 1.05 1.06 1.04 1.03 1.03 
1.01 1.02 1.04 1.02 1.05 1.01 1.02 1.02 1.05 1.05 1.03 1.02 1.06 1.01 1.01 1.06 1.02 1.01 1.03 1.06 
1.02 1.01 1.02 1.01 1.06 1.02 1.03 1.03 1.02 1.01 1.02 1.02 1.06 1.05 1.03 1.05 1.02 1.05 1.04 1.04 
1.04 1.04 1.03 1.03 1.03 1.04 1.02 1.01 1.01 1.06 1.05 1.02 1.03 1.06 1.04 1.01 1.05 1.01 1.01 1.04 
1.02 1.05 1.05 1.05 1.01 1.02 1.01 1.02 1.04 1.01 1.02 1.05 1.02 1.03 1.06 1.03 1.02 1.06 1.03 1.04 
1.04 1.02 1.03 1.04 1.06 1.06 1.01 1.03 1.04 1.01 1.05 1.03 1.02 1.02 1.02 1.01 1.06 1.05 1.02 1.06 
1.03 1.01 1.05 1.05 1.05 1.02 1.03 1.04 1.04 1.03 1.06 1.02 1.06 1.04 1.04 1.01 1.02 1.01 1.02 1.02 
1.06 1.06 1.06 1.05 1.06 1.04 1.05 1.01 1.02 1.02 1.01 1.02 1.02 1.04 1.03 1.01 1.05 1.01 1.04 1.03 
1.01 1.03 1.05 1.01 1.03 1.02 1.02 1.06 1.06 1.04 1.06 1.02 1.06 1.01 1.06 1.04 1.06 1.03 1.03 1.06 
1.06 1.05 1.03 1.03 1.06 1.04 1.04 1.06 1.06 1.03 1.03 1.06 1.02 1.02 1.03 1.04 1.02 1.05 1.03 1.06 
1.04 1.02 1.06 1.06 1.05 1.06 1.05 1.06 1.01 1.01 1.06 1.01 1.02 1.03 1.01 1.06 1.05 1.05 1.01 1.03 
1.02 1.05 1.05 1.06 1.02 1.03 1.02 1.06 1.03 1.01 1.04 1.02 1.01 1.01 1.06 1.06 1.03 1.06 1.02 1.06 
1.02 1.02 1.04 1.01 1.01 1.02 1.03 1.03 1.06 1.03 1.02 1.05 1.01 1.03 1.04 1.06 1.05 1.01 1.02 1.02 
1.05 1.01 1.03 1.05 1.03 1.05 1.06 1.02 1.04 1.04 1.05 1.01 1.02 1.03 1.04 1.02 1.01 1.04 1.01 1.05 
1.02 1.06 1.01 1.03 1.02 1.04 1.04 1.01 1.06 1.02 1.04 1.03 1.03 1.01 1.06 1.06 1.01 1.05 1.04 1.05 
1.06 1.06 1.04 1.03 1.05 1.02 1.04 1.05 1.03 1.01 1.05 1.05 1.01 1.06 1.01 1.02 1.06 1.02 1.05 1.02 
1.03 1.03 1.03 1.02 1.03 1.01 1.06 1.03 1.01 1.06 1.01 1.02 1.05 1.04 1.06 1.05 1.04 1.05 1.03 1.02 
1.02 1.03 1.01 1.02 1.06 1.05 1.04 1.06 1.04 1.01 1.02 1.01 1.01 1.02 1.05 1.06 1.06 1.03 1.01 1.01 
1.06 1.04 1.06 1.06 1.05 1.02 1.04 1.05 1.05 1.02 1.05 1.05 1.06 1.06 1.06 1.03 1.04 1.04 1.06 1.02 
1.06 1.01 1.06 1.03 1.05 1.01 1.02 1.01 1.03 1.05 1.04 1.06 1.05 1.02 1.01 1.04 1.06 1.04 1.04 1.01 
1.01 1.01 1.06 1.02 1.04 1.04 1.01 1.04 1.01 1.01 1.06 1.05 1.04 1.05 1.03 1.06 1.05 1.04 1.03 1.06 
1.06 1.06 1.01 1.04 1.04 1.02 1.02 1.06 1.02 1.05 1.02 1.05 1.05 1.02 1.01 1.03 1.06 1.01 1.01 1.04 
1.06 1.06 1.03 1.06 1.01 1.03 1.05 1.01 1.04 1.04 1.02 1.04 1.02 1.03 1.06 1.02 1.02 1.04 1.05 1.04 
1.03 1.04 1.02 1.03 1.03 1.03 1.06 1.05 1.01 1.03 1.01 1.03 1.05 1.03 1.01 1.06 1.04 1.04 1.01 1.02 
1.02 1.03 1.03 1.02 1.02 1.04 1.06 1.03 1.02 1.04 1.05 1.05 1.04 1.03 1.02 1.04 1.02 1.01 1.05 1.05 
1.04 1.03 1.01 1.04 1.03 1.06 1.06 1.04 1.05 1.06 1.03 1.06 1.02 1.04 1.04 1.02 1.04 1.04 1.01 1.03 
1.03 1.02 1.01 1.03 1.06 1.05 1.04 1.04 1.02 1.04 1.01 1.04 1.04 1.01 1.01 1.03 1.05 1.03 1.02 1.03 
1.03 1.04 1.05 1.06 1.03 1.03 1.06 1.06 1.02 1.05 1.06 1.06 1.03 1.02 1.06 1.05 1.06 1.06 1.04 1.04 
1.04 1.03 1.05 1.04 1.03 1.03 1.05 1.03 1.03 1.06 1.05 1.01 1.03 1.02 1.02 1.03 1.06 1.05 1.02 1.02 
1.05 1.05 1.05 1.01 1.06 1.04 1.01 1.04 1.06 1.06 1.06 1.03 1.01 1.01 1.01 1.06 1.03 1.05 1.02 1.01 
1.02 1.03 1.01 1.01 1.05 1.02 1.06 1.06 1.03 1.04 1.04 1.04 1.06 1.04 1.02 1.04 1.01 1.06 1.03 1.03 
1.02 1.05 1.04 1.05 1.03 1.06 1.03 1.03 1.04 1.03 1.01 1.02 1.06 1.06 1.06 1.01 1.02 1.05 1.03 1.05 
1.02 1.02 1.06 1.01 1.06 1.04 1.02 1.06 1.05 1.01 1.01 1.03 1.03 1.05 1.06 1.06 1.03 1.06 1.03 1.04 
1.02 1.03 1.02 1.01 1.06 1.04 1.02 1.02 1.01 1.02 1.04 1.03 1.06 1.06 1.02 1.05 1.06 1.01 1.05 1.06 
1.02 1.03 1.02 1.06 1.06 1.04 1.03 1.04 1.06 1.06 1.01 1.06 1.03 1.01 1.03 1.04 1.03 1.05 1.03 1.02 
1.06 1.01 1.02 1.01 1.04 1.01 1.05 1.01 1.02 1.04 1.05 1.03 1.03 1.03 1.03 1.03 1.06 1.01 1.06 1.05 
1.06 1.01 1.04 1.06 1.06 1.04 1.01 1.02 1.01 1.01 1.05 1.04 1.06 1.01 1.05 1.04 1.03 1.01 1.02 1.06 
1.06 1.01 1.04 1.06 1.05 1.06 1.02 1.06 1.03 1.02 1.05 1.06 1.02 1.01 1.03 1.03 1.04 1.02 1.02 1.01 
1.01 1.02 1.03 1.03 1.02 1.04 1.05 1.05 1.03 1.05 1.01 1.03 1.01 1.05 1.05 1.02 1.06 1.03 1.03 1.04 
1.01 1.02 1.06 1.03 1.03 1.03 1.04 1.01 1.02 1.05 1.06 1.01 1.06 1.04 1.04 1.01 1.06 1.04 1.06 1.01 
1.03 1.05 1.04 1.01 1.06 1.01 1.05 1.02 1.05 1.03 1.04 1.03 1.04 1.04 1.02 1.05 1.01 1.05 1.05 1.05 
1.02 1.01 1.05 1.05 1.06 1.02 1.06 1.03 1.06 1.01 1.02 1.05 1.02 1.05 1.01 1.03 1.05 1.05 1.06 1.02 
1.05 1.06 1.06 1.04 1.02 1.02 1.05 1.04 1.04 1.01 1.02 1.06 1.06 1.02 1.04 1.04 1.06 1.01 1.01 1.01 
1.03 1.03 1.02 1.04 1.04 1.01 1.02 1.02 1.05 1.01 1.02 1.01 1.06 1.01 1.04 1.04 1.05 1.02 1.05 1.06 
1.05 1.01 1.04 1.03 1.05 1.06 1.02 1.06 1.01 1.03 1.04 1.06 1.06 1.04 1.01 1.01 1.05 1.01 1.04 1.02 
1.01 1.05 1.03 1.03 1.05 1.05 1.02 1.05 1.05 1.03 1.04 1.06 1.05 1.05 1.06 1.01 1.06 1.05 1.03 1.03 
1.01 1.05 1.03 1.02 1.02 1.04 1.01 1.02 1.02 1.03 1.06 1.04 1.03 1.01 1.02 1.06 1.03 1.04 1.04 1.04 
1.06 1.04 1.01 1.01 1.05 1.05 1.04 1.01 1.02 1.01 1.03 1.02 1.03 1.01 1.06 1.02 1.05 1.01 1.04 1.04 
1.02 1.03 1.06 1.02 1.02 1.06 1.04 1.01 1.02 1.03 1.02 1.01 1.04 1.05 1.03 1.05 1.05 1.03 1.04 1.04 
1.03 1.04 1.02 1.06 1.05 1.01 1.01 1.03 1.01 1.03 1.06 1.02 1.06 1.01 1.04 1.03 1.06 1.02 1.05 1.01 
1.04 1.04 1.05 1.03 1.06 1.01 1.06 1.04 1.04 1.02 1.04 1.04 1.02 1.05 1.01 1.05 1.01 1.05 1.01 1.05 
1.06 1.03 1.02 1.03 1.06 1.02 1.05 1.01 1.02 1.01 1.05 1.04 1.02 1.01 1.04 1.06 1.03 1.04 1.02 1.03 
1.01 1.04 1.05 1.02 1.04 1.04 1.04 1.04 1.05 1.01 1.01 1.01 1.01 1.01 1.03 1.04 1.02 1.02 1.05 1.04 
1.05 1.02 1.06 1.04 1.01 1.03 1.04 1.01 1.06 1.02 1.03 1.02 1.04 1.02 1.05 1.04 1.03 1.03 1.03 1.04 
1.06 1.03 1.03 1.05 1.04 1.01 1.03 1.02 1.06 1.02 1.04 1.04 1.01 1.01 1.03 1.04 1.02 1.02 1.04 1.05 
1.01 1.05 1.02 1.02 1.04 1.05 1.04 1.05 1.04 1.04 1.01 1.04 1.02 1.01 1.05 1.02 1.03 1.03 1.06 1.06 
1.04 1.03 1.05 1.04 1.05 1.06 1.02 1.04 1.01 1.01 1.05 1.05 1.06 1.01 1.04 1.06 1.03 1.01 1.05 1.03 
1.01 1.03 1.03 1.03 1.03 1.06 1.03 1.02 1.01 1.05 1.04 1.04 1.04 1.03 1.04 1.06 1.04 1.05 1.03 1.01 
1.04 1.06 1.04 1.06 1.02 1.04 1.01 1.03 1.06 1.06 1.01 1.01 1.04 1.04 1.01 1.03 1.06 1.04 1.04 1.06 
1.04 1.01 1.02 1.05 1.04 1.04 1.06 1.02 1.02 1.05 1.05 1.05 1.03 1.04 1.06 1.06 1.04 1.02 1.05 1.02 
1.04 1.01 1.06 1.06 1.02 1.05 1.05 1.02 1.02 1.02 1.03 1.05 1.05 1.01 1.02 1.05 1.02 1.03 1.03 1.06 
1.03 1.06 1.03 1.04 1.04 1.01 1.04 1.06 1.01 1.03 1.02 1.04 1.03 1.03 1.02 1.02 1.01 1.01 1.02 1.03 
1.05 1.05 1.04 1.04 1.03 1.04 1.02 1.05 1.06 1.01 1.05 1.03 1.03 1.02 1.03 1.04 1.01 1.05 1.02 1.06 
1.01 1.02 1.05 1.06 1.01 1.04 1.04 1.06 1.01 1.04 1.06 1.04 1.04 1.01 1.05 1.02 1.04 1.02 1.05 1.01 
1.01 1.02 1.03 1.06 1.03 1.04 1.01 1.03 1.04 1.02 1.04 1.03 1.02 1.01 1.02 1.02 1.03 1.05 1.02 1.04 
1.04 1.02 1.03 1.04 1.02 1.06 1.02 1.04 1.05 1.03 1.02 1.05 1.06 1.05 1.05 1.04 1.01 1.02 1.01 1.04 
1.05 1.02 1.02 1.03 1.02 1.04 1.01 1.03 1.02 1.02 1.04 1.01 1.03 1.01 1.05 1.02 1.03 1.05 1.06 1.03 
1.05 1.03 1.01 1.03 1.04 1.04 1.01 1.02 1.01 1.02 1.02 1.06 1.06 1.02 1.01 1.05 1.01 1.01 1.05 1.01 
1.03 1.01 1.04 1.03 1.05 1.05 1.01 1.01 1.04 1.01 1.01 1.01 1.05 1.04 1.04 1.06 1.05 1.01 1.02 1.04 
1.04 1.06 1.01 1.06 1.05 1.05 1.02 1.02 1.03 1.02 1.04 1.04 1.05 1.04 1.03 1.03 1.06 1.06 1.06 1.04 
1.06 1.04 1.03 1.05 1.03 1.06 1.06 1.06 1.05 1.04 1.06 1.06 1.01 1.06 1.03 1.06 1.06 1.03 1.01 1.04 
1.04 1.03 1.01 1.03 1.02 1.05 1.03 1.06 1.01 1.04 1.04 1.06 1.01 1.03 1.05 1.06 1.01 1.01 1.05 1.03 
1.01 1.03 1.05 1.01 1.02 1.03 1.05 1.03 1.01 1.03 1.06 1.04 1.06 1.06 1.02 1.05 1.06 1.02 1.02 1.03 
1.01 1.01 1.05 1.02 1.05 1.06 1.06 1.05 1.06 1.05 1.01 1.03 1.04 1.06 1.02 1.03 1.01 1.04 1.05 1.06 
1.05 1.05 1.05 1.04 1.01 1.02 1.05 1.06 1.04 1.03 1.02 1.05 1.06 1.05 1.01 1.04 1.05 1.01 1.06 1.05 
1.01 1.01 1.06 1.05 1.01 1.06 1.03 1.01 1.05 1.05 1.03 1.06 1.01 1.05 1.01 1.05 1.04 1.01 1.03 1.06 
1.01 1.01 1.01 1.04 1.01 1.03 1.05 1.01 1.04 1.02 1.03 1.03 1.06 1.03 1.03 1.03 1.04 1.05 1.03 1.06 
1.03 1.01 1.04 1.04 1.04 1.01 1.02 1.01 1.02 1.05 1.06 1.04 1.06 1.04 1.02 1.01 1.04 1.05 1.03 1.06 
1.03 1.05 1.01 1.02 1.06 1.06 1.03 1.01 1.06 1.04 1.06 1.05 1.06 1.02 1.03 1.02 1.02 1.01 1.02 1.03 
1.02 1.02 1.03 1.06 1.05 1.01 1.06 1.04 1.04 1.03 1.05 1.06 1.05 1.04 1.02 1.03 1.02 1.03 1.02 1.05 
1.04 1.06 1.06 1.01 1.03 1.02 1.02 1.05 1.01 1.03 1.06 1.02 1.04 1.06 1.06 1.05 1.02 1.03 1.02 1.01 
1.02 1.05 1.05 1.04 1.02 1.03 1.06 1.02 1.02 1.04 1.06 1.04 1.06 1.03 1.02 1.06 1.06 1.05 1.03 1.01 
1.04 1.06 1.03 1.01 1.04 1.01 1.05 1.02 1.01 1.04 1.04 1.05 1.06 1.05 1.05 1.05 1.06 1.05 1.03 1.06 
1.05 1.05 1.05 1.04 1.03 1.05 1.02 1.01 1.01 1.05 1.01 1.06 1.02 1.06 1.03 1.03 1.01 1.03 1.01 1.04 
1.02 1.06 1.02 1.03 1.05 1.03 1.02 1.04 1.06 1.04 1.01 1.05 1.06 1.01 1.02 1.02 1.01 1.04 1.05 1.02 
1.05 1.02 1.02 1.03 1.03 1.02 1.06 1.04 1.06 1.06 1.06 1.02 1.03 1.02 1.03 1.06 1.04 1.01 1.01 1.06 
1.03 1.06 1.06 1.01 1.01 1.04 1.03 1.04 1.04 1.06 1.03 1.06 1.03 1.03 1.02 1.03 1.04 1.05 1.01 1.03 
1.06 1.04 1.06 1.03 1.03 1.01 1.05 1.03 1.01 1.02 1.05 1.01 1.03 1.03 1.04 1.01 1.01 1.05 1.04 1.03 
1.01 1.06 1.02 1.01 1.02 1.02 1.06 1.01 1.06 1.05 1.02 1.04 1.04 1.04 1.02 1.06 1.01 1.01 1.06 1.02 
1.04 1.04 1.04 1.06 1.03 1.03 1.04 1.06 1.05 1.02 1.02 1.04 1.02 1.06 1.05 1.06 1.04 1.02 1.02 1.06 
1.05 1.02 1.05 1.04 1.06 1.02 1.05 1.01 1.02 1.05 1.03 1.05 1.02 1.03 1.06 1.03 1.06 1.02 1.01 1.04 
1.05 1.04 1.06 1.04 1.03 1.02 1.04 1.04 1.03 1.04 1.02 1.02 1.04 1.03 1.02 1.05 1.04 1.03 1.02 1.03 
1.06 1.05 1.02 1.05 1.03 1.03 1.01 1.06 1.04 1.06 1.05 1.06 1.03 1.03 1.02 1.06 1.02 1.03 1.01 1.05 
1.01 1.02 1.01 1.03 1.04 1.01 1.04 1.04 1.05 1.02 1.03 1.05 1.04 1.01 1.02 1.04 1.03 1.06 1.02 1.02 
1.04 1.02 1.06 1.04 1.06 1.03 1.06 1.03 1.04 1.01 1.05 1.01 1.04 1.02 1.01 1.04 1.01 1.02 1.02 1.06 
1.02 1.04 1.02 1.02 1.02 1.01 1.05 1.01 1.02 1.04 1.06 1.02 1.01 1.03 1.01 1.01 1.05 1.02 1.01 1.06 
1.04 1.02 1.03 1.03 1.04 1.04 1.01 1.01 1.02 1.05 1.02 1.05 1.05 1.06 1.01 1.03 1.03 1.05 1.05 1.05 
