20
300
20 12 55 33 44 86 89 86 58 62 65 2 83 12 84 40 49 71 87 80 94 65 45 23 56 7 45 77 56 5 26 73 12 76 88 63 1 4 68 22 1 100 15 97 21 7 88 32 30 84 54 23 89 26 23 14 1 98 62 53 96 72 34 26 68 92 56 93 55 93 43 7 41 6 2 14 34 89 69 35 64 48 76 37 53 10 85 26 76 86 8 36 76 34 75 13 53 31 71 70 63 46 93 68 24 6 77 16 54 16 37 73 38 63 33 63 19 70 66 38 33 47 23 99 23 22 71 63 74 92 52 30 72 72 48 6 74 23 33 59 78 30 22 45 12 66 13 32 85 39 91 39 100 17 46 77 29 87 28 43 83 13 56 66 95 97 90 28 21 76 31 21 93 58 78 56 98 23 39 1 77 99 36 89 86 37 91 92 82 63 76 30 77 93 39 30 70 95 55 83 83 55 96 71 15 4 7 17 13 35 5 13 47 84 65 91 6 41 72 28 31 97 61 8 99 64 29 61 99 88 37 62 47 79 31 4 92 60 66 85 56 99 5 41 77 73 61 22 92 67 6 54 15 85 15 100 1 90 25 28 77 82 75 26 50 100 39 2 29 62 98 19 3 13 40 45 77 61 26 97 17 81 81 2 75 75 28 3 15 35 93 18 61 64 32 79 39 2 23 5 
1 4 2 9 4 2 2 6 2 9 6 3 3 1 4 7 3 9 8 3 
1.02 1.01 1.03 1.04 1.06 1.01 1.01 1.06 1.04 1.05 1.04 1.06 1.03 1.06 1.03 1.06 1.01 1.02 1.06 1.03 
1.01 1.03 1.04 1.03 1.01 1.05 1.02 1.02 1.04 1.05 1.03 1.06 1.01 1.04 1.06 1.01 1.02 1.03 1.04 1.06 
1.01 1.01 1.02 1.01 1.04 1.04 1.03 1.06 1.01 1.01 1.04 1.03 1.05 1.06 1.02 1.06 1.01 1.03 1.01 1.06 
1.05 1.05 1.05 1.04 1.03 1.04 1.04 1.06 1.06 1.03 1.03 1.02 1.03 1.03 1.01 1.05 1.06 1.02 1.05 1.06 
1.05 1.02 1.04 1.01 1.06 1.03 1.02 1.02 1.01 1.06 1.03 1.04 1.06 1.03 1.03 1.01 1.02 1.06 1.06 1.01 
1.03 1.01 1.05 1.03 1.01 1.03 1.03 1.06 1.05 1.06 1.01 1.01 1.02 1.04 1.05 1.04 1.06 1.04 1.05 1.04 
1.03 1.06 1.06 1.06 1.04 1.04 1.06 1.03 1.02 1.06 1.04 1.05 1.05 1.05 1.04 1.06 1.03 1.04 1.01 1.04 
1.02 1.04 1.05 1.03 1.06 1.05 1.03 1.05 1.06 1.03 1.04 1.04 1.05 1.04 1.02 1.03 1.04 1.02 1.04 1.03 
1.05 1.05 1.06 1.03 1.02 1.03 1.06 1.04 1.06 1.05 1.06 1.04 1.06 1.05 1.02 1.06 1.01 1.03 1.05 1.01 
1.05 1.06 1.05 1.02 1.02 1.06 1.01 1.03 1.02 1.02 1.05 1.03 1.05 1.06 1.03 1.04 1.05 1.03 1.06 1.01 
1.05 1.06 1.06 1.05 1.03 1.01 1.03 1.04 1.05 1.06 1.03 1.01 1.06 1.01 1.04 1.05 1.05 1.01 1.04 1.06 
1.06 1.05 1.06 1.04 1.02 1.03 1.03 1.05 1.05 1.02 1.06 1.04 1.02 1.03 1.01 1.01 1.04 1.06 1.04 1.06 
1.03 1.06 1.05 1.05 1.04 1.02 1.05 1.04 1.05 1.02 1.02 1.01 1.06 1.05 1.05 1.04 1.02 1.06 1.02 1.03 
1.04 1.04 1.05 1.05 1.04 1.06 1.05 1.02 1.04 1.02 1.05 1.06 1.04 1.01 1.06 1.06 1.01 1.04 1.04 1.05 
1.05 1.03 1.03 1.03 1.02 1.04 1.06 1.02 1.05 1.06 1.01 1.03 1.01 1.02 1.03 1.01 1.06 1.05 1.01 1.01 
1.05 1.03 1.06 1.04 1.04 1.05 1.02 1.03 1.05 1.05 1.02 1.04 1.05 1.01 1.03 1.05 1.06 1.06 1.04 1.03 
1.01 1.04 1.04 1.02 1.03 1.03 1.06 1.02 1.02 1.03 1.01 1.06 1.06 1.06 1.06 1.02 1.03 1.06 1.05 1.01 
1.03 1.03 1.04 1.06 1.03 1.06 1.02 1.04 1.03 1.05 1.03 1.05 1.04 1.06 1.05 1.03 1.05 1.05 1.05 1.01 
1.03 1.02 1.01 1.02 1.06 1.06 1.05 1.01 1.03 1.05 1.05 1.05 1.04 1.06 1.02 1.05 1.04 1.04 1.04 1.02 
1.06 1.02 1.05 1.05 1.02 1.03 1.01 1.04 1.05 1.04 1.02 1.01 1.04 1.02 1.06 1.04 1.05 1.01 1.01 1.02 
1.01 1.06 1.03 1.04 1.04 1.02 1.04 1.04 1.03 1.02 1.02 1.01 1.02 1.03 1.01 1.03 1.01 1.05 1.06 1.06 
1.01 1.04 1.01 1.02 1.05 1.04 1.01 1.01 1.04 1.02 1.06 1.04 1.03 1.06 1.02 1.01 1.04 1.01 1.03 1.04 
1.06 1.04 1.05 1.01 1.05 1.04 1.01 1.02 1.06 1.02 1.05 1.04 1.02 1.05 1.03 1.03 1.06 1.02 1.06 1.04 
1.05 1.03 1.06 1.04 1.01 1.06 1.04 1.04 1.03 1.05 1.01 1.04 1.04 1.02 1.01 1.05 1.04 1.05 1.02 1.02 
1.06 1.06 1.06 1.01 1.03 1.04 1.03 1.04 1.04 1.01 1.01 1.05 1.01 1.06 1.06 1.02 1.02 1.06 1.03 1.02 
1.01 1.01 1.02 1.03 1.02 1.02 1.04 1.03 1.01 1.02 1.04 1.06 1.01 1.05 1.01 1.06 1.01 1.01 1.04 1.06 
1.04 1.04 1.03 1.03 1.01 1.01 1.01 1.06 1.04 1.04 1.06 1.01 1.02 1.01 1.03 1.02 1.06 1.04 1.05 1.05 
1.03 1.05 1.05 1.01 1.06 1.01 1.01 1.01 1.04 1.05 1.04 1.03 1.03 1.01 1.04 1.04 1.03 1.02 1.04 1.03 
1.04 1.01 1.01 1.03 1.05 1.02 1.02 1.02 1.03 1.01 1.02 1.01 1.01 1.06 1.04 1.06 1.02 1.04 1.06 1.01 
1.01 1.02 1.03 1.02 1.01 1.05 1.04 1.03 1.02 1.05 1.03 1.03 1.03 1.05 1.04 1.03 1.03 1.06 1.01 1.01 
1.04 1.03 1.01 1.05 1.01 1.03 1.03 1.04 1.05 1.05 1.05 1.02 1.02 1.03 1.03 1.06 1.01 1.02 1.03 1.02 
1.02 1.01 1.02 1.01 1.01 1.03 1.02 1.02 1.05 1.06 1.03 1.04 1.05 1.03 1.05 1.06 1.02 1.06 1.01 1.01 
1.04 1.04 1.02 1.03 1.06 1.06 1.06 1.01 1.04 1.01 1.02 1.04 1.06 1.02 1.06 1.02 1.05 1.01 1.03 1.06 
1.04 1.04 1.03 1.03 1.02 1.01 1.06 1.04 1.02 1.04 1.04 1.02 1.01 1.06 1.01 1.04 1.02 1.05 1.01 1.02 
1.06 1.06 1.02 1.02 1.05 1.01 1.03 1.03 1.02 1.04 1.01 1.01 1.06 1.05 1.05 1.06 1.04 1.04 1.05 1.04 
1.04 1.03 1.04 1.05 1.03 1.04 1.03 1.02 1.06 1.05 1.06 1.03 1.04 1.03 1.03 1.05 1.04 1.01 1.05 1.03 
1.01 1.06 1.05 1.06 1.05 1.01 1.03 1.04 1.02 1.06 1.06 1.03 1.01 1.01 1.02 1.06 1.03 1.04 1.06 1.04 
1.01 1.04 1.05 1.05 1.04 1.04 1.03 1.06 1.05 1.06 1.05 1.02 1.06 1.03 1.05 1.03 1.06 1.01 1.01 1.06 
1.01 1.03 1.03 1.01 1.05 1.04 1.06 1.04 1.05 1.06 1.02 1.05 1.03 1.01 1.04 1.06 1.01 1.05 1.02 1.03 
1.06 1.02 1.03 1.03 1.03 1.05 1.05 1.03 1.04 1.01 1.01 1.06 1.06 1.05 1.03 1.02 1.01 1.04 1.06 1.06 
1.06 1.01 1.02 1.02 1.05 1.03 1.04 1.01 1.05 1.04 1.01 1.01 1.01 1.05 1.05 1.02 1.05 1.01 1.06 1.03 
1.05 1.02 1.06 1.02 1.03 1.05 1.04 1.06 1.02 1.05 1.02 1.03 1.03 1.04 1.06 1.05 1.04 1.06 1.01 1.01 
1.05 1.03 1.02 1.05 1.04 1.01 1.02 1.06 1.05 1.05 1.03 1.04 1.06 1.06 1.01 1.01 1.06 1.01 1.06 1.05 
1.02 1.05 1.01 1.02 1.02 1.03 1.04 1.01 1.06 1.05 1.05 1.03 1.06 1.03 1.03 1.02 1.01 1.01 1.05 1.03 
1.02 1.04 1.04 1.01 1.04 1.05 1.02 1.03 1.04 1.02 1.02 1.06 1.06 1.05 1.04 1.03 1.01 1.05 1.01 1.02 
1.04 1.05 1.04 1.04 1.02 1.04 1.05 1.03 1.01 1.05 1.06 1.02 1.06 1.03 1.03 1.03 1.03 1.05 1.05 1.01 
1.02 1.05 1.02 1.05 1.05 1.05 1.03 1.04 1.01 1.06 1.03 1.06 1.05 1.05 1.02 1.03 1.04 1.04 1.03 1.01 
1.03 1.02 1.03 1.06 1.05 1.02 1.01 1.03 1.02 1.06 1.05 1.02 1.06 1.04 1.02 1.03 1.03 1.03 1.04 1.05 
1.01 1.02 1.05 1.06 1.03 1.06 1.02 1.03 1.01 1.05 1.05 1.05 1.06 1.02 1.04 1.03 1.01 1.02 1.02 1.03 
1.04 1.01 1.06 1.05 1.01 1.05 1.03 1.04 1.02 1.01 1.02 1.05 1.02 1.03 1.03 1.03 1.05 1.04 1.01 1.06 
1.02 1.05 1.03 1.04 1.04 1.06 1.02 1.05 1.04 1.04 1.04 1.04 1.03 1.03 1.06 1.03 1.06 1.04 1.06 1.04 
1.05 1.05 1.05 1.06 1.01 1.01 1.03 1.02 1.06 1.02 1.06 1.03 1.03 1.02 1.05 1.03 1.05 1.06 1.01 1.01 
1.02 1.03 1.03 1.06 1.02 1.06 1.06 1.05 1.03 1.05 1.03 1.06 1.03 1.05 1.03 1.02 1.02 1.02 1.02 1.04 
1.06 1.06 1.03 1.05 1.04 1.06 1.03 1.06 1.02 1.03 1.03 1.05 1.05 1.04 1.06 1.04 1.02 1.01 1.06 1.06 
1.03 1.03 1.04 1.05 1.05 1.05 1.03 1.01 1.01 1.02 1.06 1.01 1.02 1.04 1.02 1.05 1.02 1.01 1.05 1.04 
1.02 1.03 1.01 1.04 1.01 1.01 1.01 1.02 1.01 1.06 1.02 1.04 1.05 1.03 1.04 1.05 1.06 1.03 1.01 1.03 
1.05 1.04 1.02 1.01 1.04 1.04 1.04 1.04 1.04 1.04 1.03 1.04 1.04 1.01 1.03 1.05 1.02 1.05 1.02 1.04 
1.03 1.01 1.01 1.04 1.05 1.03 1.03 1.02 1.02 1.05 1.01 1.01 1.01 1.04 1.04 1.02 1.01 1.02 1.01 1.01 
1.04 1.01 1.01 1.03 1.02 1.05 1.04 1.01 1.03 1.04 1.01 1.02 1.05 1.04 1.02 1.06 1.04 1.02 1.03 1.01 
1.05 1.02 1.06 1.01 1.01 1.01 1.04 1.03 1.06 1.06 1.03 1.03 1.01 1.03 1.05 1.04 1.06 1.04 1.04 1.05 
1.03 1.04 1.04 1.01 1.02 1.01 1.05 1.06 1.06 1.02 1.06 1.06 1.06 1.02 1.03 1.06 1.06 1.02 1.03 1.06 
1.01 1.02 1.01 1.05 1.06 1.05 1.01 1.02 1.06 1.02 1.01 1.02 1.05 1.03 1.04 1.01 1.05 1.04 1.06 1.05 
1.02 1.03 1.03 1.04 1.02 1.05 1.05 1.05 1.05 1.01 1.01 1.03 1.05 1.04 1.03 1.01 1.05 1.05 1.05 1.02 
1.06 1.01 1.06 1.01 1.03 1.03 1.04 1.05 1.02 1.02 1.05 1.06 1.03 1.01 1.02 1.06 1.03 1.03 1.06 1.03 
1.02 1.02 1.04 1.06 1.02 1.02 1.04 1.06 1.03 1.05 1.05 1.02 1.06 1.03 1.01 1.01 1.03 1.06 1.03 1.06 
1.06 1.05 1.06 1.03 1.01 1.06 1.03 1.03 1.02 1.06 1.06 1.01 1.06 1.04 1.05 1.06 1.05 1.05 1.04 1.06 
1.05 1.02 1.04 1.03 1.06 1.02 1.01 1.02 1.06 1.02 1.01 1.02 1.06 1.04 1.06 1.02 1.01 1.04 1.05 1.02 
1.02 1.06 1.05 1.04 1.06 1.02 1.04 1.01 1.01 1.01 1.03 1.03 1.03 1.01 1.05 1.01 1.02 1.06 1.02 1.03 
1.01 1.03 1.04 1.05 1.04 1.04 1.04 1.02 1.01 1.06 1.03 1.02 1.05 1.01 1.01 1.03 1.06 1.04 1.01 1.04 
1.02 1.02 1.04 1.02 1.04 1.02 1.01 1.05 1.04 1.03 1.06 1.03 1.04 1.04 1.03 1.03 1.03 1.03 1.06 1.05 
1.06 1.02 1.03 1.04 1.03 1.06 1.03 1.03 1.05 1.03 1.05 1.05 1.01 1.02 1.01 1.02 1.05 1.06 1.04 1.05 
1.01 1.04 1.06 1.05 1.04 1.05 1.02 1.04 1.01 1.03 1.04 1.06 1.01 1.05 1.03 1.02 1.03 1.05 1.01 1.04 
1.04 1.03 1.05 1.01 1.01 1.01 1.06 1.03 1.06 1.01 1.02 1.02 1.02 1.01 1.06 1.04 1.04 1.05 1.01 1.01 
1.01 1.03 1.03 1.06 1.06 1.04 1.04 1.03 1.05 1.06 1.05 1.01 1.03 1.06 1.01 1.05 1.04 1.03 1.06 1.02 
1.05 1.03 1.02 1.05 1.02 1.06 1.06 1.03 1.05 1.03 1.05 1.05 1.01 1.04 1.03 1.04 1.06 1.03 1.04 1.01 
1.03 1.01 1.05 1.06 1.02 1.02 1.01 1.02 1.01 1.06 1.04 1.05 1.03 1.06 1.05 1.02 1.03 1.05 1.03 1.01 
1.05 1.04 1.06 1.01 1.04 1.02 1.04 1.05 1.02 1.02 1.01 1.06 1.05 1.02 1.04 1.05 1.04 1.03 1.01 1.01 
1.05 1.05 1.03 1.05 1.05 1.04 1.04 1.04 1.02 1.04 1.01 1.06 1.04 1.03 1.05 1.05 1.03 1.06 1.03 1.04 
1.04 1.02 1.05 1.01 1.04 1.03 1.01 1.03 1.02 1.03 1.03 1.05 1.04 1.04 1.03 1.06 1.06 1.03 1.05 1.01 
1.03 1.05 1.04 1.01 1.03 1.06 1.06 1.04 1.06 1.04 1.04 1.06 1.03 1.04 1.03 1.05 1.06 1.04 1.02 1.03 
1.05 1.06 1.03 1.03 1.03 1.01 1.02 1.05 1.03 1.02 1.04 1.05 1.04 1.04 1.03 1.02 1.05 1.02 1.05 1.05 
1.06 1.04 1.03 1.03 1.02 1.06 1.02 1.02 1.02 1.03 1.03 1.03 1.03 1.03 1.03 1.05 1.02 1.02 1.02 1.01 
1.04 1.03 1.05 1.03 1.03 1.01 1.01 1.03 1.03 1.04 1.01 1.01 1.02 1.02 1.03 1.02 1.03 1.01 1.02 1.04 
1.05 1.02 1.04 1.01 1.02 1.02 1.06 1.04 1.04 1.03 1.01 1.04 1.01 1.03 1.02 1.01 1.03 1.03 1.06 1.03 
1.05 1.02 1.06 1.05 1.01 1.02 1.03 1.03 1.05 1.01 1.05 1.04 1.02 1.06 1.06 1.06 1.02 1.04 1.01 1.03 
1.04 1.06 1.06 1.02 1.01 1.03 1.03 1.01 1.06 1.02 1.02 1.05 1.04 1.01 1.06 1.05 1.03 1.04 1.05 1.04 
1.04 1.02 1.05 1.04 1.03 1.03 1.01 1.06 1.05 1.06 1.03 1.05 1.04 1.01 1.01 1.06 1.05 1.03 1.04 1.03 
1.04 1.03 1.05 1.03 1.06 1.05 1.06 1.02 1.02 1.04 1.01 1.04 1.05 1.04 1.03 1.01 1.06 1.02 1.03 1.04 
1.05 1.06 1.06 1.03 1.05 1.04 1.04 1.06 1.01 1.03 1.06 1.02 1.02 1.05 1.01 1.03 1.06 1.02 1.01 1.06 
1.01 1.02 1.03 1.04 1.05 1.01 1.04 1.06 1.01 1.02 1.05 1.03 1.06 1.06 1.06 1.02 1.05 1.03 1.03 1.05 
1.06 1.05 1.04 1.06 1.03 1.01 1.06 1.02 1.01 1.02 1.03 1.05 1.03 1.05 1.03 1.02 1.04 1.01 1.02 1.06 
1.02 1.02 1.05 1.04 1.06 1.03 1.06 1.05 1.03 1.05 1.03 1.04 1.03 1.01 1.02 1.04 1.03 1.02 1.02 1.02 
1.05 1.02 1.02 1.06 1.04 1.03 1.02 1.06 1.05 1.02 1.03 1.02 1.01 1.03 1.02 1.04 1.01 1.02 1.03 1.05 
1.06 1.04 1.06 1.02 1.02 1.02 1.02 1.04 1.05 1.02 1.04 1.02 1.03 1.06 1.04 1.02 1.03 1.04 1.01 1.03 
1.06 1.06 1.03 1.03 1.02 1.05 1.03 1.02 1.03 1.03 1.06 1.03 1.02 1.04 1.02 1.06 1.05 1.06 1.03 1.05 
1.03 1.04 1.03 1.02 1.01 1.03 1.03 1.04 1.03 1.04 1.06 1.05 1.02 1.06 1.05 1.04 1.01 1.03 1.05 1.03 
1.04 1.05 1.03 1.05 1.06 1.05 1.03 1.05 1.01 1.02 1.01 1.04 1.06 1.01 1.04 1.04 1.06 1.02 1.06 1.03 
1.02 1.03 1.03 1.03 1.06 1.02 1.01 1.03 1.04 1.01 1.04 1.01 1.02 1.06 1.06 1.04 1.03 1.05 1.03 1.04 
1.02 1.02 1.06 1.02 1.01 1.03 1.01 1.06 1.01 1.03 1.06 1.05 1.05 1.01 1.05 1.02 1.04 1.06 1.01 1.03 
1.06 1.04 1.04 1.05 1.06 1.06 1.01 1.01 1.05 1.03 1.05 1.06 1.06 1.01 1.01 1.02 1.06 1.01 1.05 1.04 
1.06 1.02 1.01 1.06 1.03 1.04 1.06 1.01 1.03 1.02 1.04 1.04 1.02 1.04 1.05 1.02 1.03 1.01 1.04 1.03 
1.03 1.06 1.06 1.03 1.05 1.01 1.04 1.03 1.02 1.01 1.06 1.01 1.02 1.05 1.05 1.01 1.02 1.05 1.04 1.05 
1.06 1.02 1.04 1.04 1.01 1.02 1.05 1.05 1.01 1.03 1.06 1.03 1.02 1.06 1.05 1.06 1.04 1.04 1.05 1.04 
1.06 1.01 1.02 1.02 1.02 1.06 1.02 1.02 1.05 1.06 1.02 1.01 1.03 1.06 1.04 1.02 1.01 1.01 1.06 1.05 
1.01 1.02 1.04 1.05 1.06 1.04 1.06 1.06 1.05 1.05 1.05 1.01 1.05 1.03 1.06 1.05 1.06 1.01 1.03 1.04 
1.01 1.02 1.06 1.04 1.05 1.04 1.04 1.03 1.02 1.01 1.02 1.03 1.02 1.04 1.05 1.02 1.03 1.04 1.03 1.02 
1.05 1.02 1.04 1.03 1.05 1.06 1.06 1.01 1.05 1.04 1.01 1.02 1.06 1.05 1.06 1.02 1.01 1.05 1.02 1.03 
1.03 1.01 1.06 1.04 1.04 1.02 1.06 1.06 1.06 1.04 1.03 1.05 1.05 1.02 1.05 1.05 1.02 1.02 1.02 1.04 
1.02 1.06 1.06 1.01 1.06 1.04 1.01 1.02 1.05 1.03 1.01 1.04 1.05 1.01 1.03 1.05 1.02 1.02 1.05 1.06 
1.04 1.06 1.04 1.02 1.06 1.06 1.06 1.04 1.01 1.06 1.06 1.02 1.05 1.05 1.02 1.02 1.02 1.03 1.06 1.06 
1.06 1.02 1.05 1.03 1.02 1.04 1.01 1.03 1.06 1.01 1.06 1.06 1.02 1.04 1.06 1.04 1.02 1.06 1.03 1.05 
1.01 1.04 1.03 1.06 1.02 1.01 1.05 1.05 1.01 1.01 1.05 1.02 1.05 1.06 1.01 1.02 1.01 1.04 1.04 1.06 
1.03 1.06 1.03 1.01 1.01 1.02 1.02 1.02 1.05 1.01 1.05 1.05 1.02 1.01 1.02 1.03 1.06 1.06 1.04 1.05 
1.06 1.02 1.02 1.05 1.06 1.05 1.01 1.04 1.03 1.02 1.01 1.01 1.02 1.05 1.05 1.02 1.03 1.04 1.06 1.06 
1.05 1.02 1.06 1.05 1.03 1.01 1.01 1.05 1.02 1.06 1.05 1.06 1.01 1.01 1.05 1.04 1.01 1.03 1.05 1.04 
1.06 1.05 1.02 1.05 1.05 1.04 1.03 1.06 1.02 1.05 1.05 1.01 1.02 1.04 1.01 1.01 1.01 1.04 1.06 1.03 
1.05 1.05 1.02 1.05 1.02 1.02 1.04 1.05 1.03 1.06 1.02 1.05 1.03 1.05 1.01 1.05 1.03 1.04 1.01 1.06 
1.05 1.01 1.01 1.03 1.02 1.02 1.02 1.02 1.06 1.03 1.01 1.05 1.02 1.01 1.02 1.04 1.01 1.06 1.06 1.02 
1.05 1.04 1.06 1.04 1.05 1.02 1.03 1.06 1.03 1.06 1.05 1.04 1.03 1.01 1.04 1.04 1.04 1.04 1.03 1.04 
1.03 1.05 1.01 1.01 1.05 1.04 1.03 1.06 1.02 1.03 1.04 1.02 1.05 1.01 1.03 1.02 1.06 1.05 1.02 1.06 
1.03 1.04 1.04 1.03 1.02 1.02 1.01 1.05 1.03 1.03 1.01 1.01 1.05 1.04 1.06 1.06 1.02 1.03 1.04 1.06 
1.05 1.01 1.04 1.03 1.04 1.06 1.06 1.04 1.05 1.04 1.06 1.06 1.03 1.03 1.04 1.05 1.05 1.04 1.04 1.03 
1.06 1.01 1.04 1.06 1.02 1.01 1.04 1.06 1.04 1.06 1.06 1.06 1.02 1.02 1.04 1.06 1.03 1.05 1.04 1.02 
1.01 1.06 1.04 1.04 1.02 1.05 1.05 1.06 1.03 1.05 1.05 1.06 1.05 1.06 1.02 1.04 1.06 1.04 1.02 1.03 
1.06 1.03 1.06 1.05 1.03 1.02 1.05 1.06 1.01 1.01 1.06 1.05 1.04 1.03 1.02 1.01 1.01 1.06 1.03 1.03 
1.02 1.04 1.01 1.05 1.05 1.04 1.02 1.03 1.06 1.01 1.03 1.01 1.02 1.04 1.04 1.01 1.04 1.02 1.05 1.06 
1.02 1.03 1.03 1.02 1.06 1.02 1.01 1.01 1.03 1.02 1.01 1.03 1.05 1.02 1.01 1.06 1.02 1.01 1.06 1.01 
1.03 1.02 1.05 1.01 1.05 1.01 1.02 1.03 1.05 1.03 1.04 1.01 1.06 1.04 1.06 1.04 1.04 1.05 1.01 1.03 
1.05 1.03 1.06 1.02 1.05 1.03 1.04 1.02 1.01 1.05 1.06 1.01 1.02 1.03 1.02 1.05 1.02 1.04 1.04 1.03 
1.06 1.03 1.05 1.02 1.02 1.01 1.06 1.04 1.01 1.02 1.02 1.06 1.01 1.05 1.04 1.02 1.02 1.02 1.04 1.05 
1.05 1.06 1.01 1.05 1.04 1.02 1.01 1.04 1.01 1.05 1.02 1.02 1.03 1.05 1.06 1.06 1.05 1.06 1.04 1.03 
1.02 1.04 1.01 1.01 1.05 1.02 1.01 1.06 1.04 1.03 1.01 1.06 1.04 1.04 1.05 1.04 1.03 1.01 1.02 1.04 
1.03 1.05 1.02 1.05 1.01 1.05 1.05 1.01 1.02 1.02 1.01 1.06 1.04 1.05 1.02 1.03 1.06 1.01 1.01 1.06 
1.06 1.04 1.01 1.02 1.05 1.01 1.01 1.02 1.01 1.06 1.03 1.02 1.02 1.06 1.06 1.01 1.05 1.01 1.01 1.02 
1.05 1.01 1.03 1.02 1.03 1.04 1.06 1.02 1.01 1.02 1.01 1.05 1.03 1.03 1.04 1.06 1.02 1.02 1.03 1.05 
1.03 1.03 1.05 1.05 1.03 1.03 1.03 1.05 1.01 1.05 1.03 1.01 1.01 1.02 1.04 1.04 1.01 1.01 1.05 1.01 
1.02 1.04 1.01 1.03 1.06 1.06 1.03 1.05 1.06 1.05 1.01 1.06 1.06 1.03 1.04 1.06 1.03 1.06 1.02 1.02 
1.02 1.01 1.05 1.04 1.05 1.01 1.02 1.04 1.01 1.01 1.03 1.02 1.04 1.02 1.03 1.06 1.06 1.05 1.06 1.05 
1.04 1.02 1.02 1.06 1.06 1.04 1.06 1.04 1.04 1.04 1.01 1.02 1.03 1.03 1.03 1.04 1.05 1.01 1.04 1.05 
1.06 1.02 1.03 1.06 1.02 1.06 1.02 1.01 1.05 1.05 1.05 1.01 1.02 1.03 1.04 1.01 1.06 1.06 1.02 1.05 
1.01 1.01 1.04 1.04 1.02 1.02 1.05 1.02 1.01 1.04 1.04 1.02 1.06 1.02 1.05 1.03 1.04 1.06 1.05 1.05 
1.03 1.02 1.06 1.04 1.01 1.02 1.02 1.05 1.03 1.03 1.04 1.06 1.03 1.02 1.02 1.04 1.06 1.02 1.05 1.04 
1.02 1.03 1.02 1.02 1.04 1.05 1.03 1.03 1.03 1.01 1.02 1.02 1.01 1.03 1.06 1.05 1.04 1.06 1.06 1.01 
1.01 1.01 1.02 1.01 1.02 1.01 1.01 1.02 1.03 1.04 1.04 1.02 1.03 1.06 1.03 1.06 1.05 1.03 1.01 1.06 
1.02 1.04 1.03 1.04 1.04 1.01 1.05 1.01 1.05 1.04 1.04 1.05 1.01 1.05 1.03 1.03 1.03 1.01 1.05 1.01 
1.02 1.05 1.03 1.05 1.03 1.06 1.04 1.03 1.03 1.03 1.02 1.05 1.01 1.01 1.03 1.04 1.06 1.06 1.01 1.01 
1.01 1.06 1.05 1.06 1.02 1.02 1.04 1.04 1.03 1.02 1.01 1.02 1.06 1.03 1.02 1.01 1.02 1.03 1.03 1.06 
1.03 1.01 1.01 1.04 1.01 1.05 1.06 1.04 1.04 1.06 1.02 1.02 1.06 1.03 1.01 1.03 1.02 1.02 1.03 1.01 
1.04 1.03 1.05 1.06 1.05 1.06 1.05 1.05 1.04 1.02 1.04 1.05 1.05 1.04 1.06 1.03 1.05 1.02 1.02 1.01 
1.05 1.01 1.02 1.03 1.03 1.01 1.06 1.03 1.06 1.06 1.06 1.01 1.03 1.02 1.01 1.04 1.02 1.05 1.01 1.02 
1.03 1.05 1.02 1.03 1.06 1.04 1.03 1.03 1.01 1.04 1.03 1.06 1.03 1.03 1.06 1.05 1.03 1.02 1.02 1.05 
1.06 1.04 1.03 1.01 1.04 1.01 1.06 1.04 1.04 1.05 1.02 1.01 1.01 1.06 1.03 1.03 1.05 1.02 1.02 1.06 
1.01 1.03 1.06 1.04 1.01 1.01 1.05 1.02 1.06 1.04 1.02 1.05 1.03 1.06 1.01 1.06 1.02 1.04 1.04 1.05 
1.05 1.04 1.04 1.01 1.04 1.05 1.01 1.06 1.02 1.02 1.06 1.03 1.06 1.01 1.06 1.06 1.06 1.04 1.06 1.05 
1.01 1.05 1.03 1.04 1.02 1.02 1.02 1.04 1.04 1.03 1.02 1.04 1.02 1.05 1.02 1.01 1.06 1.04 1.05 1.05 
1.04 1.02 1.02 1.01 1.03 1.04 1.03 1.03 1.06 1.04 1.05 1.05 1.05 1.01 1.01 1.06 1.03 1.06 1.04 1.06 
1.02 1.06 1.04 1.02 1.01 1.06 1.06 1.06 1.01 1.06 1.03 1.01 1.02 1.05 1.04 1.01 1.01 1.04 1.03 1.06 
1.03 1.02 1.04 1.03 1.02 1.02 1.06 1.04 1.03 1.06 1.02 1.01 1.06 1.01 1.02 1.02 1.01 1.03 1.04 1.02 
1.03 1.06 1.01 1.03 1.04 1.03 1.06 1.04 1.02 1.04 1.06 1.05 1.04 1.02 1.02 1.06 1.06 1.03 1.01 1.02 
1.04 1.01 1.02 1.02 1.05 1.01 1.03 1.01 1.01 1.06 1.05 1.04 1.01 1.02 1.06 1.02 1.02 1.01 1.02 1.06 
1.04 1.02 1.05 1.05 1.06 1.04 1.05 1.01 1.03 1.04 1.04 1.05 1.03 1.01 1.05 1.02 1.05 1.02 1.03 1.04 
1.01 1.05 1.02 1.06 1.02 1.03 1.06 1.05 1.02 1.05 1.05 1.06 1.05 1.04 1.03 1.05 1.02 1.02 1.03 1.01 
1.03 1.01 1.03 1.04 1.05 1.05 1.03 1.02 1.02 1.02 1.02 1.06 1.06 1.06 1.05 1.02 1.03 1.01 1.04 1.06 
1.06 1.02 1.05 1.01 1.03 1.04 1.03 1.06 1.01 1.04 1.01 1.05 1.04 1.02 1.03 1.04 1.01 1.02 1.06 1.05 
1.04 1.01 1.05 1.02 1.04 1.05 1.02 1.03 1.06 1.04 1.06 1.02 1.06 1.04 1.02 1.02 1.02 1.04 1.04 1.01 
1.03 1.03 1.03 1.02 1.04 1.05 1.06 1.06 1.03 1.06 1.03 1.06 1.04 1.03 1.03 1.02 1.04 1.06 1.03 1.02 
1.03 1.04 1.02 1.06 1.06 1.05 1.03 1.01 1.02 1.02 1.01 1.05 1.04 1.03 1.02 1.04 1.03 1.02 1.02 1.04 
1.05 1.05 1.02 1.04 1.06 1.06 1.01 1.03 1.01 1.06 1.04 1.03 1.03 1.05 1.01 1.03 1.06 1.01 1.01 1.04 
1.05 1.06 1.03 1.03 1.03 1.05 1.06 1.02 1.01 1.05 1.04 1.03 1.05 1.05 1.06 1.03 1.03 1.04 1.01 1.06 
1.04 1.03 1.06 1.06 1.03 1.02 1.03 1.02 1.06 1.06 1.02 1.03 1.01 1.06 1.03 1.04 1.05 1.04 1.05 1.03 
1.04 1.01 1.05 1.04 1.01 1.06 1.05 1.06 1.02 1.04 1.05 1.02 1.01 1.04 1.02 1.06 1.06 1.01 1.06 1.03 
1.06 1.03 1.02 1.04 1.03 1.02 1.02 1.02 1.02 1.06 1.04 1.06 1.04 1.03 1.03 1.06 1.01 1.05 1.05 1.02 
1.04 1.02 1.03 1.04 1.02 1.02 1.06 1.03 1.02 1.03 1.01 1.02 1.02 1.05 1.02 1.06 1.06 1.05 1.02 1.02 
1.05 1.03 1.01 1.06 1.03 1.01 1.02 1.06 1.06 1.02 1.03 1.02 1.03 1.01 1.03 1.05 1.03 1.04 1.04 1.02 
1.01 1.05 1.06 1.06 1.06 1.04 1.02 1.03 1.01 1.03 1.05 1.04 1.05 1.03 1.04 1.01 1.02 1.02 1.04 1.05 
1.05 1.06 1.05 1.03 1.05 1.02 1.02 1.04 1.02 1.01 1.01 1.02 1.03 1.03 1.01 1.03 1.05 1.03 1.04 1.02 
1.04 1.06 1.05 1.06 1.04 1.02 1.06 1.02 1.02 1.06 1.03 1.02 1.05 1.03 1.03 1.04 1.02 1.05 1.06 1.01 
1.05 1.01 1.05 1.06 1.02 1.03 1.01 1.02 1.04 1.06 1.04 1.03 1.02 1.04 1.03 1.03 1.03 1.01 1.05 1.01 
1.02 1.01 1.06 1.04 1.06 1.02 1.06 1.06 1.06 1.04 1.05 1.05 1.03 1.03 1.06 1.03 1.02 1.05 1.06 1.06 
1.02 1.03 1.01 1.06 1.01 1.03 1.02 1.04 1.01 1.02 1.05 1.05 1.04 1.01 1.06 1.04 1.04 1.01 1.02 1.01 
1.01 1.05 1.05 1.03 1.03 1.02 1.05 1.02 1.05 1.01 1.01 1.06 1.05 1.06 1.04 1.02 1.05 1.05 1.04 1.01 
1.02 1.02 1.01 1.02 1.02 1.01 1.01 1.02 1.02 1.01 1.01 1.02 1.05 1.04 1.01 1.04 1.06 1.04 1.02 1.02 
1.03 1.05 1.03 1.03 1.01 1.05 1.03 1.06 1.02 1.01 1.01 1.01 1.04 1.03 1.04 1.01 1.01 1.03 1.05 1.03 
1.01 1.06 1.02 1.01 1.06 1.06 1.02 1.04 1.04 1.02 1.05 1.03 1.02 1.01 1.03 1.06 1.01 1.01 1.04 1.02 
1.01 1.03 1.03 1.02 1.02 1.06 1.06 1.03 1.06 1.02 1.06 1.06 1.02 1.05 1.04 1.04 1.02 1.01 1.03 1.01 
1.04 1.04 1.03 1.02 1.03 1.06 1.03 1.03 1.06 1.06 1.01 1.04 1.06 1.02 1.01 1.01 1.05 1.01 1.01 1.03 
1.01 1.06 1.01 1.04 1.01 1.04 1.01 1.04 1.02 1.02 1.01 1.03 1.02 1.02 1.01 1.05 1.01 1.04 1.01 1.03 
1.04 1.03 1.03 1.01 1.05 1.03 1.06 1.06 1.04 1.02 1.02 1.04 1.01 1.06 1.03 1.02 1.04 1.04 1.03 1.02 
1.01 1.01 1.01 1.06 1.03 1.05 1.01 1.02 1.01 1.05 1.05 1.06 1.02 1.05 1.06 1.01 1.05 1.06 1.02 1.02 
1.02 1.02 1.05 1.04 1.03 1.04 1.06 1.01 1.03 1.05 1.06 1.02 1.04 1.01 1.06 1.01 1.06 1.01 1.05 1.02 
1.01 1.03 1.02 1.01 1.05 1.06 1.06 1.03 1.01 1.01 1.01 1.06 1.05 1.01 1.04 1.02 1.05 1.02 1.06 1.04 
1.02 1.01 1.02 1.02 1.05 1.02 1.01 1.04 1.01 1.05 1.05 1.06 1.01 1.02 1.03 1.02 1.02 1.06 1.04 1.04 
1.03 1.06 1.05 1.03 1.03 1.04 1.03 1.05 1.02 1.04 1.05 1.05 1.05 1.02 1.01 1.03 1.02 1.01 1.01 1.04 
1.05 1.05 1.01 1.04 1.04 1.02 1.03 1.06 1.01 1.05 1.04 1.01 1.02 1.01 1.02 1.04 1.01 1.02 1.03 1.02 
1.01 1.02 1.06 1.05 1.04 1.06 1.03 1.03 1.06 1.02 1.04 1.02 1.04 1.02 1.02 1.02 1.01 1.03 1.04 1.04 
1.04 1.01 1.01 1.05 1.05 1.05 1.03 1.01 1.04 1.03 1.02 1.05 1.06 1.05 1.05 1.02 1.05 1.05 1.05 1.01 
1.02 1.06 1.02 1.03 1.03 1.02 1.01 1.01 1.03 1.06 1.03 1.02 1.04 1.05 1.06 1.05 1.06 1.05 1.03 1.01 
1.04 1.06 1.04 1.04 1.02 1.01 1.02 1.03 1.02 1.01 1.06 1.03 1.01 1.03 1.06 1.02 1.01 1.03 1.02 1.05 
1.06 1.01 1.04 1.01 1.06 1.02 1.06 1.06 1.03 1.01 1.04 1.05 1.06 1.06 1.04 1.05 1.02 1.04 1.02 1.02 
1.04 1.05 1.03 1.01 1.03 1.06 1.04 1.06 1.04 1.03 1.01 1.05 1.06 1.03 1.03 1.01 1.03 1.02 1.03 1.06 
1.01 1.06 1.04 1.06 1.05 1.04 1.03 1.06 1.06 1.05 1.06 1.04 1.04 1.05 1.02 1.06 1.02 1.03 1.06 1.06 
1.01 1.02 1.05 1.04 1.03 1.03 1.05 1.05 1.03 1.04 1.03 1.06 1.03 1.06 1.04 1.02 1.03 1.03 1.05 1.04 
1.04 1.02 1.06 1.04 1.03 1.01 1.06 1.05 1.06 1.04 1.01 1.02 1.03 1.05 1.06 1.01 1.03 1.01 1.04 1.01 
1.03 1.02 1.06 1.01 1.06 1.01 1.06 1.05 1.01 1.05 1.04 1.05 1.03 1.01 1.06 1.04 1.01 1.03 1.03 1.02 
1.05 1.05 1.05 1.05 1.06 1.03 1.02 1.05 1.04 1.05 1.02 1.02 1.03 1.04 1.04 1.04 1.05 1.05 1.06 1.03 
1.06 1.03 1.03 1.06 1.04 1.06 1.03 1.03 1.05 1.03 1.05 1.03 1.03 1.04 1.05 1.01 1.04 1.04 1.02 1.01 
1.06 1.02 1.01 1.01 1.03 1.04 1.03 1.04 1.04 1.02 1.03 1.02 1.02 1.05 1.02 1.05 1.06 1.06 1.01 1.01 
1.03 1.03 1.03 1.05 1.01 1.02 1.01 1.02 1.02 1.01 1.06 1.06 1.05 1.03 1.04 1.01 1.01 1.04 1.03 1.06 
1.01 1.03 1.05 1.03 1.03 1.03 1.03 1.02 1.03 1.01 1.04 1.02 1.03 1.05 1.01 1.02 1.04 1.06 1.01 1.01 
1.06 1.02 1.04 1.06 1.03 1.06 1.04 1.05 1.06 1.03 1.03 1.03 1.05 1.02 1.02 1.04 1.02 1.06 1.01 1.01 
1.04 1.01 1.06 1.03 1.03 1.03 1.01 1.01 1.03 1.02 1.02 1.03 1.06 1.01 1.05 1.02 1.03 1.02 1.05 1.01 
1.02 1.03 1.04 1.06 1.03 1.02 1.03 1.06 1.02 1.01 1.06 1.06 1.06 1.05 1.06 1.06 1.04 1.02 1.01 1.01 
1.06 1.05 1.06 1.02 1.06 1.06 1.02 1.04 1.02 1.03 1.01 1.02 1.01 1.01 1.02 1.02 1.05 1.02 1.03 1.01 
1.06 1.01 1.04 1.04 1.01 1.03 1.01 1.03 1.06 1.02 1.04 1.05 1.06 1.05 1.02 1.04 1.01 1.01 1.01 1.06 
1.03 1.01 1.04 1.04 1.04 1.04 1.03 1.01 1.06 1.04 1.04 1.03 1.05 1.03 1.04 1.06 1.02 1.01 1.01 1.02 
1.01 1.05 1.01 1.02 1.06 1.06 1.02 1.04 1.01 1.02 1.02 1.01 1.04 1.02 1.01 1.02 1.06 1.04 1.06 1.02 
1.01 1.06 1.02 1.05 1.05 1.05 1.04 1.01 1.05 1.01 1.06 1.04 1.02 1.03 1.06 1.06 1.04 1.06 1.04 1.04 
1.05 1.04 1.05 1.02 1.01 1.06 1.03 1.04 1.03 1.01 1.05 1.06 1.02 1.06 1.01 1.04 1.02 1.05 1.01 1.03 
1.01 1.03 1.04 1.05 1.04 1.06 1.03 1.04 1.02 1.05 1.01 1.01 1.04 1.05 1.06 1.03 1.03 1.03 1.03 1.05 
1.04 1.05 1.04 1.06 1.04 1.04 1.04 1.02 1.05 1.06 1.05 1.03 1.04 1.05 1.06 1.02 1.05 1.02 1.02 1.06 
1.03 1.05 1.01 1.04 1.03 1.06 1.06 1.02 1.03 1.03 1.02 1.06 1.04 1.02 1.06 1.01 1.04 1.05 1.05 1.03 
1.01 1.04 1.04 1.06 1.01 1.05 1.04 1.05 1.04 1.05 1.06 1.03 1.02 1.03 1.04 1.02 1.06 1.04 1.02 1.04 
1.04 1.04 1.05 1.01 1.03 1.03 1.05 1.04 1.04 1.06 1.04 1.06 1.04 1.03 1.03 1.03 1.03 1.04 1.06 1.01 
1.01 1.02 1.03 1.05 1.05 1.03 1.02 1.04 1.01 1.03 1.04 1.05 1.02 1.01 1.03 1.05 1.04 1.01 1.03 1.06 
1.03 1.01 1.04 1.01 1.01 1.05 1.06 1.03 1.02 1.04 1.03 1.05 1.05 1.04 1.03 1.01 1.05 1.04 1.06 1.05 
1.04 1.05 1.02 1.06 1.03 1.02 1.03 1.04 1.02 1.02 1.03 1.03 1.02 1.03 1.03 1.01 1.03 1.04 1.01 1.04 
1.01 1.05 1.04 1.06 1.01 1.05 1.05 1.04 1.05 1.05 1.03 1.02 1.01 1.05 1.05 1.04 1.01 1.03 1.04 1.03 
1.03 1.05 1.01 1.02 1.03 1.02 1.06 1.03 1.06 1.02 1.05 1.01 1.03 1.01 1.01 1.03 1.05 1.04 1.06 1.04 
1.01 1.02 1.03 1.04 1.02 1.04 1.01 1.04 1.04 1.06 1.02 1.06 1.05 1.02 1.04 1.04 1.04 1.02 1.05 1.02 
1.03 1.05 1.02 1.02 1.01 1.06 1.02 1.05 1.06 1.01 1.02 1.06 1.04 1.01 1.02 1.01 1.06 1.06 1.06 1.01 
1.02 1.01 1.03 1.06 1.01 1.01 1.04 1.04 1.02 1.05 1.02 1.01 1.06 1.06 1.02 1.04 1.03 1.06 1.06 1.05 
1.05 1.04 1.03 1.02 1.01 1.02 1.02 1.04 1.04 1.02 1.03 1.04 1.03 1.04 1.02 1.06 1.06 1.06 1.01 1.05 
1.06 1.01 1.02 1.01 1.06 1.05 1.02 1.03 1.03 1.05 1.05 1.05 1.01 1.01 1.06 1.05 1.02 1.03 1.04 1.01 
1.05 1.06 1.06 1.04 1.01 1.01 1.03 1.03 1.05 1.03 1.06 1.04 1.01 1.03 1.01 1.05 1.04 1.04 1.01 1.06 
1.04 1.01 1.05 1.04 1.02 1.03 1.01 1.01 1.04 1.05 1.03 1.04 1.03 1.06 1.01 1.03 1.06 1.01 1.02 1.04 
1.06 1.04 1.05 1.06 1.05 1.05 1.04 1.03 1.02 1.05 1.05 1.02 1.03 1.01 1.04 1.05 1.04 1.06 1.06 1.03 
1.06 1.02 1.01 1.01 1.02 1.02 1.03 1.02 1.01 1.06 1.02 1.01 1.05 1.04 1.04 1.01 1.04 1.04 1.03 1.06 
1.03 1.02 1.06 1.04 1.04 1.01 1.03 1.03 1.04 1.05 1.03 1.02 1.02 1.02 1.02 1.02 1.03 1.02 1.05 1.01 
1.03 1.04 1.01 1.01 1.04 1.05 1.04 1.06 1.04 1.01 1.04 1.01 1.06 1.05 1.05 1.01 1.06 1.04 1.03 1.01 
1.03 1.03 1.03 1.05 1.05 1.06 1.02 1.06 1.03 1.04 1.03 1.06 1.05 1.01 1.06 1.02 1.06 1.06 1.02 1.05 
1.01 1.02 1.04 1.05 1.03 1.04 1.02 1.01 1.04 1.05 1.05 1.04 1.05 1.04 1.03 1.05 1.03 1.02 1.06 1.01 
1.01 1.02 1.05 1.06 1.05 1.05 1.03 1.06 1.03 1.02 1.04 1.03 1.05 1.01 1.01 1.05 1.01 1.03 1.03 1.03 
1.06 1.02 1.06 1.03 1.01 1.01 1.01 1.01 1.04 1.04 1.02 1.03 1.04 1.06 1.01 1.06 1.06 1.02 1.06 1.06 
1.05 1.01 1.04 1.02 1.02 1.02 1.01 1.02 1.05 1.04 1.04 1.06 1.01 1.03 1.01 1.04 1.02 1.05 1.01 1.04 
1.04 1.02 1.04 1.02 1.02 1.03 1.01 1.04 1.02 1.04 1.02 1.03 1.03 1.05 1.02 1.03 1.06 1.03 1.03 1.05 
1.05 1.02 1.06 1.03 1.02 1.05 1.06 1.02 1.04 1.01 1.05 1.04 1.02 1.01 1.05 1.05 1.01 1.01 1.06 1.06 
1.01 1.03 1.01 1.02 1.01 1.05 1.06 1.03 1.05 1.03 1.03 1.04 1.06 1.03 1.03 1.06 1.05 1.03 1.03 1.05 
1.04 1.02 1.04 1.06 1.06 1.05 1.04 1.03 1.02 1.03 1.03 1.03 1.05 1.03 1.05 1.06 1.06 1.02 1.05 1.06 
1.06 1.03 1.05 1.02 1.02 1.05 1.01 1.05 1.01 1.05 1.04 1.03 1.01 1.04 1.01 1.01 1.02 1.02 1.01 1.05 
1.06 1.04 1.06 1.03 1.05 1.01 1.03 1.05 1.03 1.02 1.02 1.01 1.06 1.03 1.04 1.01 1.04 1.04 1.01 1.04 
1.05 1.06 1.06 1.05 1.03 1.02 1.02 1.06 1.01 1.03 1.04 1.02 1.03 1.03 1.01 1.01 1.03 1.01 1.03 1.01 
1.06 1.06 1.01 1.02 1.06 1.02 1.06 1.06 1.03 1.06 1.02 1.05 1.01 1.04 1.03 1.06 1.06 1.04 1.05 1.02 
1.06 1.06 1.01 1.06 1.02 1.01 1.03 1.03 1.03 1.02 1.05 1.01 1.02 1.02 1.02 1.06 1.04 1.04 1.06 1.03 
1.01 1.02 1.02 1.01 1.05 1.05 1.06 1.06 1.01 1.04 1.06 1.06 1.03 1.05 1.02 1.01 1.04 1.06 1.06 1.05 
1.06 1.03 1.04 1.03 1.04 1.06 1.05 1.05 1.03 1.03 1.02 1.03 1.01 1.01 1.05 1.04 1.04 1.03 1.04 1.05 
1.01 1.06 1.03 1.03 1.03 1.04 1.03 1.04 1.05 1.01 1.06 1.03 1.03 1.05 1.01 1.06 1.05 1.04 1.01 1.02 
1.03 1.03 1.02 1.01 1.01 1.05 1.02 1.03 1.03 1.06 1.06 1.02 1.05 1.04 1.03 1.01 1.05 1.05 1.02 1.01 
1.05 1.03 1.06 1.05 1.04 1.03 1.02 1.01 1.01 1.02 1.01 1.06 1.04 1.02 1.01 1.05 1.02 1.01 1.01 1.04 
1.05 1.02 1.06 1.03 1.06 1.06 1.05 1.01 1.01 1.01 1.01 1.05 1.05 1.02 1.06 1.04 1.03 1.03 1.03 1.01 
1.06 1.06 1.05 1.06 1.06 1.03 1.03 1.04 1.03 1.05 1.02 1.01 1.03 1.06 1.06 1.01 1.04 1.06 1.05 1.04 
1.04 1.05 1.02 1.05 1.06 1.05 1.02 1.04 1.01 1.04 1.06 1.03 1.01 1.06 1.05 1.03 1.06 1.02 1.05 1.02 
1.06 1.01 1.06 1.05 1.05 1.06 1.04 1.06 1.05 1.04 1.03 1.01 1.03 1.03 1.05 1.02 1.03 1.06 1.05 1.06 
1.02 1.01 1.05 1.01 1.05 1.01 1.03 1.03 1.02 1.04 1.05 1.02 1.02 1.03 1.03 1.01 1.01 1.05 1.06 1.04 
1.02 1.01 1.02 1.04 1.06 1.06 1.03 1.03 1.03 1.01 1.04 1.04 1.02 1.06 1.04 1.02 1.05 1.03 1.04 1.05 
1.06 1.02 1.05 1.06 1.06 1.01 1.03 1.01 1.06 1.02 1.04 1.04 1.04 1.01 1.02 1.01 1.03 1.06 1.05 1.02 
1.04 1.05 1.03 1.05 1.03 1.02 1.05 1.04 1.03 1.05 1.02 1.03 1.05 1.02 1.06 1.05 1.02 1.05 1.05 1.05 
1.05 1.03 1.06 1.03 1.01 1.05 1.05 1.04 1.03 1.03 1.03 1.04 1.06 1.02 1.06 1.03 1.02 1.05 1.02 1.05 
1.01 1.06 1.03 1.01 1.06 1.02 1.06 1.02 1.04 1.05 1.01 1.04 1.04 1.04 1.02 1.05 1.06 1.04 1.06 1.03 
1.03 1.03 1.03 1.01 1.04 1.05 1.03 1.06 1.04 1.01 1.03 1.02 1.03 1.04 1.04 1.02 1.05 1.04 1.05 1.04 
1.02 1.06 1.02 1.02 1.06 1.05 1.02 1.06 1.04 1.06 1.05 1.01 1.04 1.02 1.04 1.02 1.03 1.02 1.06 1.01 
1.01 1.03 1.02 1.02 1.05 1.03 1.04 1.05 1.05 1.04 1.04 1.04 1.05 1.06 1.04 1.02 1.04 1.02 1.05 1.03 
1.03 1.01 1.05 1.06 1.01 1.06 1.06 1.05 1.03 1.02 1.06 1.02 1.03 1.03 1.04 1.05 1.01 1.04 1.05 1.05 
1.03 1.01 1.03 1.06 1.01 1.04 1.01 1.01 1.04 1.04 1.06 1.06 1.04 1.06 1.04 1.01 1.02 1.06 1.05 1.05 
1.05 1.01 1.04 1.02 1.04 1.06 1.02 1.03 1.06 1.06 1.01 1.01 1.01 1.04 1.02 1.05 1.06 1.03 1.06 1.04 
1.04 1.05 1.02 1.06 1.02 1.04 1.06 1.01 1.03 1.02 1.06 1.03 1.06 1.01 1.02 1.01 1.01 1.06 1.02 1.01 
1.01 1.01 1.01 1.03 1.05 1.03 1.04 1.06 1.05 1.05 1.01 1.02 1.03 1.06 1.05 1.06 1.05 1.01 1.02 1.01 
1.05 1.03 1.03 1.01 1.04 1.06 1.06 1.06 1.06 1.06 1.04 1.02 1.03 1.06 1.01 1.01 1.04 1.05 1.04 1.02 
1.05 1.04 1.02 1.05 1.05 1.01 1.05 1.03 1.04 1.06 1.04 1.06 1.03 1.04 1.04 1.04 1.02 1.02 1.03 1.03 
1.03 1.04 1.03 1.04 1.06 1.03 1.01 1.05 1.03 1.04 1.04 1.01 1.06 1.05 1.02 1.06 1.02 1.01 1.01 1.04 
1.05 1.01 1.02 1.01 1.01 1.01 1.02 1.02 1.01 1.04 1.05 1.04 1.03 1.04 1.05 1.06 1.01 1.02 1.03 1.06 
1.05 1.02 1.04 1.03 1.02 1.05 1.03 1.03 1.06 1.04 1.05 1.03 1.01 1.06 1.01 1.01 1.04 1.04 1.05 1.04 
1.01 1.03 1.06 1.05 1.01 1.02 1.06 1.04 1.06 1.03 1.04 1.02 1.05 1.01 1.06 1.06 1.06 1.02 1.01 1.03 
1.02 1.04 1.05 1.05 1.03 1.03 1.05 1.04 1.03 1.03 1.06 1.04 1.01 1.01 1.03 1.02 1.05 1.04 1.06 1.06 
1.04 1.02 1.01 1.01 1.01 1.01 1.06 1.06 1.02 1.05 1.01 1.06 1.06 1.06 1.04 1.02 1.01 1.04 1.04 1.05 
1.04 1.02 1.03 1.05 1.06 1.01 1.04 1.04 1.05 1.03 1.04 1.04 1.04 1.03 1.04 1.01 1.03 1.03 1.03 1.02 
1.02 1.02 1.06 1.03 1.01 1.02 1.05 1.05 1.02 1.01 1.03 1.06 1.02 1.04 1.02 1.06 1.06 1.03 1.05 1.02 
1.02 1.04 1.03 1.04 1.02 1.06 1.05 1.03 1.02 1.01 1.04 1.06 1.04 1.01 1.04 1.03 1.04 1.05 1.02 1.02 
1.04 1.01 1.05 1.06 1.03 1.03 1.04 1.02 1.05 1.03 1.01 1.04 1.02 1.01 1.05 1.05 1.03 1.04 1.04 1.05 
1.01 1.04 1.03 1.01 1.05 1.06 1.01 1.05 1.02 1.04 1.06 1.02 1.06 1.04 1.04 1.05 1.04 1.01 1.03 1.04 
1.04 1.05 1.03 1.05 1.03 1.03 1.06 1.05 1.03 1.03 1.05 1.04 1.02 1.03 1.06 1.05 1.06 1.03 1.04 1.02 
1.01 1.05 1.02 1.02 1.01 1.01 1.04 1.01 1.06 1.04 1.01 1.06 1.02 1.05 1.06 1.05 1.03 1.04 1.02 1.05 
1.01 1.04 1.03 1.06 1.02 1.04 1.06 1.06 1.03 1.04 1.03 1.02 1.05 1.03 1.01 1.01 1.04 1.01 1.03 1.06 
1.03 1.02 1.01 1.05 1.04 1.01 1.01 1.02 1.05 1.04 1.02 1.06 1.04 1.06 1.03 1.02 1.02 1.05 1.05 1.01 
1.02 1.02 1.02 1.04 1.04 1.01 1.05 1.06 1.01 1.04 1.05 1.01 1.06 1.03 1.04 1.03 1.04 1.02 1.03 1.06 
1.02 1.01 1.01 1.02 1.06 1.03 1.01 1.03 1.06 1.04 1.01 1.03 1.03 1.01 1.03 1.02 1.06 1.02 1.01 1.05 
1.02 1.04 1.06 1.04 1.04 1.05 1.01 1.05 1.01 1.02 1.01 1.01 1.02 1.05 1.01 1.05 1.04 1.01 1.05 1.02 
1.01 1.03 1.01 1.02 1.05 1.02 1.05 1.06 1.01 1.05 1.05 1.01 1.06 1.03 1.04 1.05 1.03 1.02 1.05 1.05 
1.04 1.02 1.04 1.02 1.04 1.01 1.06 1.03 1.03 1.01 1.04 1.02 1.02 1.03 1.04 1.02 1.06 1.02 1.02 1.01 
1.04 1.06 1.03 1.01 1.04 1.01 1.06 1.02 1.01 1.06 1.01 1.06 1.05 1.01 1.01 1.03 1.03 1.05 1.02 1.02 
1.05 1.06 1.05 1.04 1.05 1.05 1.03 1.04 1.02 1.01 1.06 1.02 1.02 1.06 1.02 1.06 1.01 1.01 1.05 1.02 
