20
300
9 5 72 3 56 45 71 89 98 54 38 90 88 68 41 86 52 55 40 44 44 20 23 85 33 80 73 74 49 8 63 18 14 5 28 7 22 100 80 35 4 1 1 26 1 87 97 30 30 23 26 81 11 34 39 6 33 72 12 35 56 99 11 26 76 63 7 87 37 79 69 25 57 76 93 47 36 53 51 24 46 66 35 86 100 17 74 76 24 57 71 70 34 21 89 57 43 17 21 31 62 95 93 83 23 9 98 93 35 44 63 89 73 52 16 74 50 39 50 98 12 43 87 30 88 24 28 30 45 38 49 18 51 38 30 67 48 18 35 29 30 54 41 81 97 18 51 54 34 17 33 20 47 71 96 92 81 78 22 42 24 25 13 16 86 53 10 78 87 65 30 79 79 26 52 31 81 98 92 89 78 20 16 99 93 43 42 23 37 66 73 93 100 16 67 54 15 33 50 91 9 1 73 50 40 15 46 12 65 93 65 36 76 30 75 27 89 100 68 48 77 19 78 26 35 10 68 16 40 16 54 20 93 82 97 83 96 31 93 3 38 4 28 74 48 45 74 7 19 11 23 79 80 55 17 57 71 39 43 9 31 60 78 89 95 60 65 33 60 29 18 25 95 93 78 40 8 11 61 15 47 78 24 23 90 69 58 11 95 67 94 66 16 68 97 27 20 19 15 21 
7 4 8 4 8 1 6 8 3 1 3 4 2 5 2 1 6 7 7 8 
1.06 1.06 1.01 1.04 1.05 1.05 1.04 1.04 1.02 1.03 1.03 1.02 1.05 1.03 1.01 1.06 1.04 1.01 1.05 1.01 
1.05 1.03 1.03 1.03 1.01 1.02 1.04 1.04 1.02 1.01 1.03 1.05 1.06 1.06 1.04 1.04 1.06 1.01 1.01 1.01 
1.01 1.06 1.06 1.03 1.03 1.03 1.01 1.02 1.02 1.02 1.04 1.02 1.04 1.02 1.05 1.03 1.04 1.05 1.05 1.03 
1.02 1.01 1.04 1.01 1.06 1.05 1.01 1.05 1.06 1.05 1.02 1.06 1.03 1.06 1.02 1.06 1.01 1.05 1.05 1.06 
1.02 1.01 1.05 1.06 1.02 1.05 1.01 1.02 1.04 1.05 1.06 1.01 1.04 1.03 1.04 1.05 1.05 1.01 1.06 1.02 
1.02 1.03 1.01 1.05 1.05 1.01 1.03 1.06 1.01 1.05 1.03 1.06 1.01 1.06 1.05 1.02 1.03 1.06 1.03 1.01 
1.01 1.01 1.06 1.05 1.03 1.06 1.03 1.02 1.01 1.01 1.05 1.03 1.01 1.03 1.06 1.03 1.05 1.06 1.01 1.06 
1.03 1.01 1.03 1.06 1.04 1.02 1.01 1.03 1.02 1.03 1.06 1.04 1.02 1.05 1.01 1.02 1.05 1.06 1.01 1.04 
1.05 1.01 1.05 1.01 1.05 1.01 1.02 1.03 1.05 1.03 1.05 1.01 1.04 1.04 1.01 1.03 1.01 1.01 1.06 1.02 
1.01 1.04 1.06 1.02 1.06 1.04 1.01 1.03 1.04 1.04 1.03 1.06 1.03 1.02 1.01 1.03 1.06 1.01 1.04 1.03 
1.06 1.05 1.04 1.06 1.06 1.02 1.04 1.04 1.04 1.03 1.05 1.02 1.04 1.05 1.01 1.05 1.03 1.04 1.02 1.04 
1.01 1.05 1.02 1.02 1.04 1.03 1.02 1.02 1.05 1.01 1.02 1.01 1.05 1.01 1.06 1.06 1.03 1.01 1.05 1.01 
1.02 1.04 1.01 1.02 1.03 1.02 1.04 1.03 1.06 1.01 1.03 1.02 1.03 1.03 1.03 1.06 1.01 1.04 1.02 1.03 
1.01 1.04 1.02 1.04 1.04 1.01 1.03 1.02 1.04 1.01 1.06 1.04 1.04 1.06 1.05 1.04 1.03 1.05 1.02 1.02 
1.04 1.01 1.06 1.06 1.04 1.06 1.04 1.05 1.06 1.05 1.03 1.03 1.06 1.06 1.02 1.02 1.02 1.05 1.01 1.04 
1.02 1.06 1.03 1.02 1.01 1.01 1.02 1.05 1.06 1.01 1.03 1.02 1.01 1.06 1.01 1.01 1.03 1.06 1.03 1.02 
1.06 1.03 1.04 1.01 1.03 1.02 1.03 1.04 1.04 1.02 1.03 1.01 1.05 1.04 1.06 1.05 1.02 1.01 1.04 1.04 
1.04 1.02 1.05 1.06 1.04 1.04 1.01 1.04 1.05 1.03 1.05 1.02 1.04 1.01 1.06 1.06 1.05 1.05 1.04 1.03 
1.02 1.05 1.03 1.05 1.05 1.01 1.02 1.02 1.03 1.04 1.01 1.04 1.06 1.01 1.03 1.02 1.04 1.06 1.01 1.06 
1.04 1.04 1.06 1.04 1.02 1.05 1.04 1.01 1.01 1.03 1.02 1.06 1.01 1.04 1.05 1.02 1.03 1.06 1.06 1.02 
1.06 1.01 1.02 1.06 1.05 1.05 1.05 1.03 1.05 1.06 1.03 1.06 1.01 1.06 1.06 1.06 1.02 1.02 1.02 1.02 
1.01 1.04 1.06 1.06 1.01 1.06 1.02 1.03 1.03 1.06 1.01 1.04 1.02 1.02 1.05 1.05 1.05 1.06 1.03 1.04 
1.06 1.03 1.01 1.06 1.03 1.03 1.04 1.06 1.05 1.04 1.06 1.06 1.01 1.04 1.01 1.03 1.05 1.05 1.04 1.05 
1.03 1.01 1.04 1.01 1.02 1.03 1.02 1.06 1.03 1.06 1.01 1.05 1.01 1.02 1.04 1.05 1.02 1.02 1.06 1.04 
1.06 1.03 1.02 1.02 1.06 1.05 1.06 1.06 1.04 1.05 1.06 1.06 1.01 1.04 1.04 1.06 1.02 1.04 1.02 1.05 
1.04 1.06 1.04 1.02 1.03 1.05 1.04 1.02 1.04 1.05 1.05 1.01 1.04 1.01 1.02 1.01 1.01 1.04 1.04 1.03 
1.06 1.06 1.05 1.06 1.04 1.01 1.04 1.06 1.03 1.01 1.03 1.01 1.06 1.02 1.03 1.01 1.01 1.04 1.05 1.04 
1.04 1.06 1.01 1.03 1.02 1.04 1.06 1.06 1.01 1.04 1.06 1.01 1.02 1.04 1.04 1.04 1.01 1.02 1.01 1.06 
1.04 1.02 1.04 1.02 1.01 1.05 1.04 1.02 1.05 1.06 1.04 1.04 1.03 1.05 1.02 1.04 1.06 1.04 1.02 1.03 
1.02 1.01 1.04 1.04 1.04 1.05 1.03 1.04 1.06 1.03 1.06 1.02 1.03 1.05 1.01 1.04 1.04 1.03 1.01 1.02 
1.06 1.02 1.01 1.03 1.04 1.04 1.05 1.06 1.06 1.05 1.06 1.03 1.01 1.02 1.02 1.05 1.01 1.02 1.02 1.01 
1.02 1.03 1.03 1.01 1.01 1.03 1.04 1.06 1.02 1.01 1.06 1.04 1.06 1.06 1.02 1.02 1.05 1.02 1.04 1.05 
1.03 1.06 1.02 1.04 1.05 1.03 1.03 1.03 1.02 1.05 1.03 1.01 1.02 1.04 1.06 1.01 1.05 1.05 1.04 1.03 
1.06 1.01 1.02 1.06 1.04 1.01 1.06 1.02 1.02 1.03 1.02 1.04 1.04 1.03 1.06 1.01 1.04 1.04 1.05 1.01 
1.02 1.01 1.02 1.04 1.06 1.03 1.06 1.04 1.03 1.05 1.03 1.03 1.05 1.03 1.03 1.05 1.01 1.03 1.05 1.06 
1.03 1.06 1.01 1.03 1.03 1.03 1.06 1.04 1.06 1.05 1.06 1.06 1.01 1.01 1.05 1.06 1.01 1.03 1.03 1.02 
1.01 1.02 1.06 1.04 1.01 1.03 1.05 1.03 1.03 1.06 1.04 1.04 1.03 1.02 1.05 1.05 1.03 1.01 1.02 1.04 
1.06 1.03 1.01 1.06 1.05 1.03 1.02 1.01 1.01 1.02 1.03 1.01 1.06 1.02 1.05 1.05 1.06 1.06 1.05 1.06 
1.01 1.06 1.03 1.01 1.06 1.05 1.01 1.05 1.03 1.03 1.05 1.06 1.01 1.06 1.04 1.04 1.04 1.05 1.03 1.04 
1.05 1.05 1.05 1.04 1.01 1.03 1.04 1.06 1.01 1.04 1.06 1.04 1.04 1.03 1.02 1.04 1.06 1.05 1.05 1.04 
1.05 1.05 1.02 1.03 1.05 1.05 1.02 1.02 1.02 1.01 1.02 1.02 1.04 1.05 1.03 1.01 1.05 1.05 1.04 1.02 
1.03 1.06 1.02 1.05 1.05 1.05 1.02 1.04 1.06 1.04 1.01 1.01 1.02 1.06 1.03 1.02 1.05 1.02 1.01 1.04 
1.01 1.03 1.04 1.06 1.04 1.01 1.06 1.04 1.06 1.03 1.05 1.02 1.04 1.01 1.05 1.06 1.04 1.02 1.03 1.06 
1.04 1.02 1.04 1.01 1.05 1.01 1.02 1.03 1.04 1.02 1.01 1.05 1.03 1.04 1.06 1.06 1.02 1.02 1.06 1.01 
1.05 1.01 1.01 1.01 1.03 1.05 1.05 1.01 1.01 1.03 1.01 1.03 1.03 1.05 1.04 1.03 1.02 1.04 1.04 1.05 
1.01 1.01 1.01 1.04 1.02 1.02 1.01 1.01 1.03 1.04 1.05 1.03 1.01 1.06 1.04 1.04 1.05 1.06 1.05 1.01 
1.05 1.04 1.01 1.04 1.04 1.03 1.05 1.06 1.06 1.06 1.03 1.02 1.06 1.05 1.03 1.05 1.04 1.04 1.03 1.02 
1.03 1.06 1.04 1.03 1.04 1.05 1.03 1.02 1.06 1.06 1.02 1.01 1.01 1.06 1.05 1.05 1.05 1.05 1.06 1.06 
1.04 1.03 1.01 1.04 1.01 1.02 1.01 1.02 1.06 1.02 1.04 1.06 1.04 1.02 1.05 1.02 1.05 1.02 1.01 1.04 
1.05 1.03 1.01 1.03 1.01 1.04 1.05 1.01 1.05 1.05 1.05 1.06 1.06 1.05 1.04 1.02 1.03 1.04 1.02 1.02 
1.05 1.01 1.03 1.04 1.03 1.06 1.06 1.05 1.02 1.01 1.06 1.02 1.01 1.05 1.01 1.01 1.04 1.02 1.04 1.01 
1.03 1.01 1.01 1.06 1.02 1.06 1.01 1.01 1.01 1.06 1.03 1.03 1.05 1.05 1.06 1.02 1.03 1.06 1.04 1.02 
1.04 1.06 1.04 1.03 1.04 1.04 1.03 1.01 1.05 1.02 1.04 1.06 1.06 1.05 1.06 1.06 1.05 1.02 1.01 1.02 
1.04 1.02 1.05 1.04 1.01 1.02 1.05 1.03 1.05 1.02 1.03 1.01 1.02 1.05 1.01 1.03 1.05 1.03 1.06 1.05 
1.06 1.04 1.04 1.05 1.02 1.03 1.02 1.01 1.04 1.01 1.02 1.02 1.06 1.01 1.03 1.03 1.06 1.01 1.01 1.05 
1.06 1.02 1.01 1.03 1.02 1.02 1.04 1.03 1.01 1.06 1.01 1.02 1.04 1.02 1.05 1.01 1.03 1.03 1.04 1.04 
1.06 1.01 1.04 1.03 1.06 1.05 1.06 1.06 1.02 1.02 1.05 1.03 1.06 1.02 1.01 1.06 1.02 1.03 1.04 1.03 
1.06 1.03 1.03 1.01 1.04 1.03 1.02 1.01 1.04 1.03 1.02 1.05 1.01 1.01 1.01 1.05 1.02 1.01 1.03 1.06 
1.02 1.04 1.03 1.01 1.01 1.04 1.05 1.05 1.01 1.05 1.05 1.01 1.04 1.06 1.06 1.04 1.06 1.05 1.05 1.01 
1.04 1.06 1.06 1.02 1.01 1.05 1.02 1.04 1.01 1.05 1.03 1.04 1.04 1.04 1.05 1.02 1.04 1.03 1.04 1.01 
1.03 1.02 1.03 1.03 1.04 1.01 1.02 1.06 1.02 1.04 1.02 1.06 1.06 1.04 1.01 1.06 1.02 1.04 1.05 1.03 
1.06 1.02 1.05 1.06 1.05 1.02 1.01 1.05 1.04 1.05 1.02 1.03 1.02 1.04 1.06 1.04 1.03 1.02 1.03 1.03 
1.05 1.06 1.05 1.02 1.04 1.04 1.04 1.01 1.04 1.01 1.04 1.02 1.01 1.04 1.03 1.02 1.04 1.05 1.03 1.02 
1.03 1.03 1.03 1.02 1.04 1.01 1.05 1.02 1.02 1.01 1.06 1.03 1.04 1.01 1.03 1.02 1.06 1.03 1.02 1.06 
1.03 1.04 1.06 1.03 1.05 1.02 1.03 1.05 1.05 1.04 1.04 1.01 1.02 1.04 1.02 1.02 1.06 1.01 1.06 1.02 
1.02 1.05 1.02 1.02 1.04 1.05 1.05 1.06 1.02 1.05 1.02 1.02 1.05 1.01 1.04 1.04 1.02 1.04 1.05 1.03 
1.01 1.06 1.01 1.05 1.04 1.06 1.01 1.06 1.02 1.02 1.03 1.01 1.01 1.06 1.05 1.04 1.04 1.04 1.04 1.05 
1.02 1.02 1.03 1.04 1.04 1.05 1.06 1.04 1.03 1.05 1.06 1.01 1.01 1.02 1.02 1.06 1.03 1.01 1.05 1.02 
1.01 1.04 1.01 1.05 1.05 1.01 1.05 1.04 1.06 1.06 1.06 1.02 1.04 1.03 1.02 1.05 1.04 1.03 1.04 1.03 
1.05 1.01 1.03 1.02 1.01 1.06 1.05 1.01 1.04 1.06 1.06 1.01 1.02 1.01 1.01 1.02 1.01 1.03 1.02 1.02 
1.04 1.05 1.04 1.05 1.01 1.03 1.04 1.04 1.01 1.01 1.01 1.04 1.04 1.01 1.05 1.03 1.04 1.05 1.05 1.03 
1.04 1.03 1.06 1.05 1.02 1.06 1.03 1.01 1.04 1.06 1.05 1.05 1.01 1.06 1.02 1.03 1.04 1.06 1.04 1.02 
1.03 1.02 1.03 1.03 1.01 1.02 1.05 1.05 1.03 1.03 1.06 1.01 1.01 1.03 1.02 1.03 1.01 1.03 1.03 1.03 
1.02 1.02 1.01 1.04 1.04 1.01 1.06 1.04 1.04 1.05 1.02 1.05 1.04 1.06 1.06 1.05 1.03 1.01 1.02 1.01 
1.06 1.04 1.02 1.06 1.06 1.06 1.06 1.06 1.05 1.04 1.03 1.02 1.06 1.05 1.05 1.01 1.01 1.01 1.01 1.03 
1.01 1.04 1.04 1.04 1.03 1.03 1.06 1.01 1.04 1.01 1.03 1.06 1.01 1.02 1.02 1.05 1.01 1.03 1.06 1.03 
1.02 1.05 1.05 1.06 1.02 1.05 1.06 1.02 1.01 1.05 1.01 1.04 1.02 1.05 1.02 1.06 1.01 1.03 1.06 1.04 
1.03 1.04 1.01 1.06 1.01 1.05 1.06 1.01 1.05 1.06 1.01 1.03 1.04 1.06 1.05 1.06 1.01 1.03 1.03 1.01 
1.03 1.06 1.06 1.04 1.01 1.04 1.01 1.02 1.02 1.04 1.05 1.01 1.03 1.03 1.03 1.06 1.03 1.03 1.02 1.05 
1.01 1.01 1.04 1.06 1.01 1.03 1.01 1.02 1.06 1.01 1.05 1.06 1.03 1.05 1.04 1.06 1.05 1.05 1.06 1.05 
1.04 1.04 1.01 1.01 1.04 1.04 1.03 1.01 1.06 1.04 1.05 1.01 1.05 1.04 1.04 1.03 1.05 1.02 1.03 1.05 
1.05 1.01 1.05 1.04 1.06 1.06 1.06 1.01 1.01 1.06 1.03 1.04 1.03 1.05 1.06 1.03 1.03 1.01 1.03 1.04 
1.06 1.06 1.01 1.02 1.02 1.03 1.03 1.05 1.04 1.06 1.05 1.06 1.05 1.01 1.02 1.02 1.01 1.06 1.05 1.06 
1.05 1.05 1.04 1.04 1.06 1.06 1.06 1.03 1.02 1.06 1.02 1.04 1.05 1.03 1.05 1.01 1.04 1.05 1.03 1.05 
1.06 1.05 1.03 1.06 1.01 1.01 1.02 1.02 1.04 1.01 1.01 1.01 1.02 1.03 1.01 1.04 1.03 1.01 1.02 1.02 
1.06 1.05 1.04 1.02 1.01 1.02 1.01 1.03 1.02 1.04 1.04 1.02 1.06 1.02 1.04 1.04 1.04 1.03 1.01 1.01 
1.03 1.02 1.02 1.05 1.06 1.02 1.05 1.05 1.06 1.06 1.04 1.01 1.06 1.04 1.01 1.05 1.03 1.05 1.05 1.05 
1.05 1.05 1.04 1.03 1.03 1.05 1.03 1.02 1.02 1.05 1.05 1.01 1.03 1.01 1.02 1.06 1.02 1.01 1.04 1.03 
1.06 1.01 1.04 1.03 1.04 1.03 1.02 1.05 1.05 1.04 1.04 1.02 1.04 1.01 1.04 1.05 1.04 1.01 1.02 1.01 
1.03 1.03 1.05 1.06 1.01 1.01 1.02 1.05 1.03 1.01 1.02 1.03 1.02 1.02 1.01 1.01 1.05 1.04 1.03 1.01 
1.01 1.05 1.06 1.03 1.03 1.04 1.01 1.01 1.05 1.06 1.03 1.01 1.02 1.03 1.02 1.04 1.04 1.02 1.03 1.02 
1.03 1.06 1.04 1.06 1.04 1.05 1.04 1.06 1.03 1.03 1.01 1.05 1.03 1.06 1.02 1.06 1.06 1.02 1.04 1.06 
1.06 1.03 1.01 1.02 1.06 1.06 1.02 1.01 1.03 1.01 1.06 1.06 1.05 1.04 1.01 1.03 1.01 1.06 1.05 1.05 
1.01 1.05 1.02 1.01 1.04 1.02 1.02 1.04 1.06 1.01 1.06 1.04 1.02 1.04 1.06 1.01 1.05 1.02 1.01 1.06 
1.04 1.04 1.04 1.06 1.02 1.06 1.05 1.03 1.04 1.01 1.02 1.01 1.02 1.04 1.02 1.02 1.04 1.04 1.04 1.05 
1.06 1.05 1.01 1.04 1.02 1.02 1.06 1.03 1.04 1.06 1.01 1.03 1.05 1.02 1.06 1.02 1.04 1.03 1.06 1.02 
1.01 1.06 1.02 1.03 1.06 1.02 1.04 1.01 1.03 1.02 1.03 1.02 1.05 1.01 1.03 1.05 1.01 1.03 1.04 1.05 
1.02 1.05 1.03 1.06 1.03 1.03 1.05 1.03 1.02 1.03 1.04 1.01 1.06 1.06 1.05 1.01 1.06 1.01 1.06 1.06 
1.03 1.01 1.05 1.05 1.01 1.01 1.02 1.06 1.01 1.06 1.04 1.02 1.03 1.01 1.04 1.03 1.05 1.04 1.02 1.01 
1.05 1.03 1.02 1.06 1.02 1.03 1.03 1.02 1.01 1.01 1.04 1.03 1.01 1.03 1.04 1.04 1.01 1.01 1.01 1.02 
1.02 1.05 1.04 1.02 1.02 1.04 1.05 1.05 1.03 1.05 1.02 1.03 1.01 1.01 1.01 1.04 1.04 1.01 1.02 1.05 
1.03 1.04 1.05 1.01 1.02 1.06 1.05 1.05 1.02 1.01 1.01 1.04 1.04 1.06 1.03 1.05 1.06 1.03 1.05 1.01 
1.04 1.04 1.05 1.01 1.04 1.03 1.04 1.03 1.03 1.06 1.03 1.03 1.05 1.04 1.02 1.01 1.05 1.02 1.02 1.03 
1.04 1.01 1.02 1.05 1.01 1.03 1.05 1.04 1.01 1.04 1.05 1.06 1.05 1.01 1.01 1.04 1.01 1.05 1.02 1.02 
1.02 1.04 1.05 1.05 1.04 1.02 1.02 1.01 1.02 1.03 1.05 1.06 1.05 1.03 1.04 1.03 1.03 1.04 1.05 1.01 
1.04 1.04 1.04 1.05 1.06 1.06 1.05 1.05 1.03 1.05 1.03 1.02 1.03 1.05 1.06 1.03 1.04 1.06 1.02 1.02 
1.05 1.01 1.03 1.06 1.06 1.05 1.06 1.03 1.05 1.06 1.05 1.03 1.02 1.03 1.01 1.02 1.04 1.04 1.01 1.01 
1.05 1.03 1.05 1.02 1.02 1.02 1.02 1.06 1.02 1.04 1.03 1.05 1.03 1.04 1.06 1.01 1.02 1.03 1.06 1.01 
1.06 1.06 1.01 1.05 1.03 1.02 1.05 1.05 1.02 1.02 1.05 1.05 1.05 1.05 1.06 1.05 1.06 1.05 1.01 1.06 
1.04 1.06 1.02 1.01 1.01 1.05 1.05 1.04 1.04 1.05 1.04 1.01 1.01 1.04 1.04 1.04 1.05 1.01 1.06 1.01 
1.06 1.06 1.06 1.01 1.04 1.04 1.06 1.05 1.04 1.03 1.06 1.02 1.03 1.04 1.06 1.01 1.01 1.06 1.04 1.06 
1.02 1.03 1.02 1.02 1.02 1.05 1.02 1.05 1.05 1.04 1.02 1.02 1.04 1.03 1.02 1.06 1.01 1.06 1.04 1.01 
1.02 1.03 1.04 1.04 1.04 1.04 1.04 1.01 1.02 1.03 1.01 1.06 1.04 1.02 1.03 1.05 1.04 1.03 1.05 1.02 
1.02 1.01 1.03 1.01 1.01 1.01 1.04 1.02 1.04 1.06 1.05 1.01 1.03 1.03 1.05 1.01 1.03 1.02 1.06 1.03 
1.01 1.04 1.05 1.05 1.04 1.04 1.04 1.02 1.06 1.02 1.02 1.06 1.05 1.03 1.02 1.01 1.06 1.06 1.02 1.05 
1.04 1.05 1.02 1.04 1.06 1.05 1.05 1.06 1.03 1.04 1.06 1.04 1.06 1.01 1.04 1.01 1.06 1.05 1.03 1.01 
1.06 1.02 1.06 1.01 1.04 1.02 1.06 1.01 1.04 1.06 1.02 1.02 1.01 1.03 1.03 1.04 1.05 1.03 1.04 1.06 
1.04 1.01 1.04 1.04 1.06 1.02 1.04 1.04 1.06 1.01 1.06 1.03 1.02 1.05 1.06 1.04 1.01 1.01 1.03 1.02 
1.04 1.03 1.01 1.02 1.04 1.06 1.06 1.05 1.03 1.03 1.06 1.02 1.05 1.01 1.05 1.02 1.04 1.05 1.04 1.01 
1.04 1.04 1.05 1.04 1.05 1.03 1.05 1.03 1.04 1.05 1.05 1.04 1.02 1.06 1.05 1.02 1.02 1.04 1.02 1.01 
1.01 1.04 1.04 1.04 1.01 1.03 1.06 1.05 1.04 1.05 1.05 1.02 1.02 1.05 1.01 1.05 1.06 1.03 1.02 1.03 
1.04 1.02 1.04 1.06 1.04 1.03 1.06 1.05 1.05 1.01 1.05 1.05 1.01 1.01 1.05 1.05 1.02 1.04 1.02 1.02 
1.05 1.05 1.01 1.02 1.04 1.03 1.05 1.04 1.05 1.03 1.02 1.05 1.05 1.02 1.01 1.06 1.01 1.05 1.05 1.03 
1.01 1.06 1.03 1.05 1.04 1.02 1.03 1.05 1.01 1.06 1.06 1.06 1.06 1.01 1.06 1.04 1.01 1.04 1.06 1.05 
1.05 1.04 1.02 1.03 1.01 1.01 1.03 1.06 1.02 1.01 1.06 1.02 1.01 1.03 1.03 1.01 1.05 1.06 1.04 1.02 
1.03 1.03 1.03 1.02 1.03 1.06 1.04 1.01 1.04 1.05 1.03 1.06 1.03 1.01 1.05 1.02 1.04 1.05 1.01 1.01 
1.05 1.05 1.05 1.03 1.04 1.02 1.03 1.04 1.04 1.03 1.05 1.03 1.02 1.06 1.06 1.01 1.02 1.02 1.05 1.02 
1.04 1.06 1.03 1.05 1.05 1.06 1.05 1.02 1.05 1.02 1.02 1.02 1.01 1.03 1.03 1.04 1.03 1.05 1.04 1.06 
1.01 1.05 1.02 1.01 1.01 1.06 1.02 1.01 1.02 1.05 1.06 1.04 1.01 1.05 1.03 1.03 1.04 1.01 1.04 1.06 
1.06 1.06 1.01 1.06 1.03 1.03 1.05 1.02 1.01 1.04 1.02 1.04 1.03 1.04 1.05 1.04 1.01 1.03 1.02 1.03 
1.06 1.03 1.04 1.06 1.01 1.04 1.04 1.05 1.01 1.06 1.06 1.04 1.01 1.04 1.03 1.06 1.01 1.05 1.03 1.06 
1.02 1.05 1.05 1.05 1.05 1.06 1.01 1.02 1.02 1.02 1.02 1.04 1.05 1.05 1.05 1.04 1.03 1.05 1.03 1.06 
1.04 1.03 1.04 1.05 1.04 1.04 1.03 1.04 1.02 1.06 1.05 1.03 1.06 1.06 1.04 1.02 1.04 1.04 1.02 1.04 
1.04 1.05 1.02 1.03 1.04 1.03 1.03 1.03 1.04 1.02 1.02 1.04 1.02 1.03 1.05 1.02 1.06 1.02 1.06 1.02 
1.03 1.05 1.01 1.06 1.06 1.01 1.03 1.04 1.02 1.06 1.06 1.02 1.02 1.04 1.05 1.01 1.05 1.04 1.03 1.02 
1.05 1.04 1.05 1.06 1.04 1.04 1.01 1.04 1.02 1.04 1.01 1.05 1.06 1.02 1.05 1.03 1.01 1.06 1.03 1.03 
1.05 1.01 1.04 1.05 1.03 1.01 1.03 1.05 1.06 1.04 1.01 1.06 1.03 1.03 1.03 1.03 1.06 1.05 1.06 1.02 
1.03 1.04 1.03 1.01 1.06 1.02 1.05 1.03 1.02 1.06 1.02 1.04 1.03 1.06 1.01 1.01 1.04 1.04 1.06 1.06 
1.06 1.06 1.01 1.06 1.04 1.04 1.02 1.04 1.05 1.04 1.04 1.01 1.01 1.02 1.03 1.03 1.03 1.01 1.01 1.02 
1.03 1.05 1.02 1.06 1.04 1.05 1.01 1.02 1.02 1.05 1.03 1.02 1.02 1.04 1.06 1.05 1.02 1.02 1.06 1.04 
1.03 1.04 1.04 1.06 1.04 1.02 1.05 1.04 1.04 1.01 1.03 1.06 1.06 1.05 1.02 1.06 1.02 1.04 1.04 1.03 
1.05 1.06 1.02 1.02 1.06 1.04 1.04 1.06 1.06 1.01 1.06 1.05 1.04 1.06 1.06 1.05 1.01 1.01 1.03 1.05 
1.02 1.02 1.03 1.04 1.05 1.02 1.02 1.06 1.01 1.05 1.06 1.05 1.05 1.06 1.06 1.04 1.05 1.01 1.01 1.03 
1.01 1.05 1.06 1.06 1.04 1.04 1.06 1.03 1.01 1.01 1.02 1.01 1.01 1.04 1.05 1.03 1.06 1.04 1.02 1.04 
1.05 1.02 1.05 1.06 1.05 1.01 1.01 1.06 1.04 1.04 1.04 1.01 1.03 1.02 1.01 1.03 1.02 1.03 1.03 1.05 
1.06 1.05 1.05 1.02 1.02 1.01 1.02 1.04 1.03 1.05 1.01 1.02 1.06 1.02 1.04 1.02 1.04 1.04 1.01 1.05 
1.05 1.01 1.06 1.04 1.06 1.04 1.01 1.05 1.02 1.03 1.03 1.04 1.05 1.02 1.03 1.05 1.05 1.04 1.03 1.04 
1.04 1.05 1.03 1.06 1.05 1.06 1.02 1.02 1.04 1.06 1.01 1.04 1.06 1.03 1.06 1.06 1.05 1.02 1.04 1.04 
1.02 1.06 1.03 1.03 1.05 1.02 1.06 1.06 1.05 1.03 1.02 1.05 1.05 1.01 1.04 1.03 1.03 1.06 1.03 1.02 
1.04 1.01 1.03 1.06 1.02 1.06 1.03 1.02 1.06 1.02 1.03 1.01 1.01 1.03 1.06 1.01 1.04 1.01 1.02 1.03 
1.03 1.03 1.05 1.01 1.06 1.01 1.03 1.01 1.05 1.03 1.03 1.03 1.05 1.01 1.05 1.06 1.02 1.05 1.04 1.05 
1.05 1.05 1.02 1.01 1.06 1.04 1.03 1.01 1.01 1.01 1.03 1.03 1.01 1.05 1.01 1.06 1.04 1.05 1.02 1.03 
1.05 1.01 1.05 1.02 1.05 1.03 1.02 1.04 1.03 1.02 1.02 1.03 1.06 1.03 1.01 1.06 1.01 1.03 1.02 1.03 
1.01 1.04 1.01 1.01 1.04 1.03 1.06 1.05 1.06 1.03 1.06 1.03 1.02 1.04 1.01 1.06 1.01 1.06 1.01 1.06 
1.02 1.05 1.06 1.02 1.06 1.05 1.01 1.01 1.01 1.06 1.05 1.02 1.02 1.01 1.04 1.06 1.03 1.01 1.04 1.02 
1.03 1.03 1.03 1.05 1.04 1.02 1.05 1.02 1.06 1.06 1.01 1.06 1.05 1.02 1.03 1.01 1.04 1.01 1.06 1.04 
1.03 1.05 1.04 1.05 1.03 1.06 1.02 1.05 1.06 1.04 1.05 1.05 1.01 1.03 1.01 1.02 1.05 1.05 1.06 1.05 
1.06 1.04 1.05 1.05 1.04 1.02 1.01 1.02 1.02 1.04 1.06 1.04 1.01 1.05 1.04 1.01 1.02 1.03 1.03 1.04 
1.04 1.03 1.04 1.04 1.02 1.01 1.03 1.01 1.01 1.04 1.02 1.02 1.03 1.06 1.06 1.04 1.02 1.01 1.06 1.02 
1.03 1.06 1.04 1.05 1.04 1.01 1.04 1.05 1.06 1.04 1.03 1.05 1.02 1.06 1.02 1.01 1.05 1.05 1.01 1.06 
1.05 1.05 1.02 1.01 1.06 1.06 1.01 1.04 1.04 1.03 1.04 1.05 1.06 1.04 1.04 1.06 1.03 1.03 1.03 1.02 
1.04 1.01 1.03 1.03 1.04 1.02 1.01 1.05 1.01 1.01 1.05 1.03 1.01 1.03 1.06 1.03 1.06 1.02 1.03 1.04 
1.05 1.03 1.02 1.03 1.05 1.02 1.05 1.04 1.04 1.04 1.03 1.05 1.06 1.02 1.02 1.04 1.01 1.05 1.03 1.02 
1.06 1.04 1.06 1.01 1.03 1.03 1.06 1.03 1.06 1.02 1.03 1.02 1.05 1.05 1.05 1.06 1.03 1.01 1.05 1.06 
1.03 1.04 1.05 1.05 1.03 1.03 1.01 1.01 1.05 1.03 1.04 1.03 1.01 1.04 1.05 1.04 1.04 1.03 1.03 1.04 
1.03 1.02 1.05 1.04 1.04 1.01 1.05 1.04 1.06 1.05 1.04 1.01 1.03 1.01 1.03 1.03 1.04 1.02 1.02 1.05 
1.05 1.02 1.03 1.03 1.05 1.05 1.05 1.03 1.01 1.05 1.01 1.01 1.03 1.05 1.01 1.03 1.04 1.03 1.04 1.06 
1.05 1.04 1.03 1.06 1.01 1.01 1.01 1.01 1.05 1.05 1.03 1.03 1.06 1.04 1.05 1.04 1.06 1.01 1.01 1.03 
1.06 1.01 1.06 1.05 1.04 1.05 1.01 1.01 1.03 1.01 1.02 1.03 1.05 1.06 1.04 1.02 1.06 1.02 1.04 1.04 
1.02 1.01 1.03 1.02 1.06 1.05 1.06 1.02 1.05 1.02 1.02 1.01 1.02 1.05 1.05 1.05 1.01 1.03 1.02 1.05 
1.01 1.05 1.04 1.02 1.02 1.05 1.06 1.01 1.01 1.02 1.02 1.01 1.03 1.02 1.01 1.04 1.04 1.03 1.04 1.03 
1.01 1.02 1.03 1.06 1.06 1.02 1.02 1.06 1.05 1.04 1.01 1.06 1.01 1.01 1.04 1.01 1.03 1.03 1.05 1.02 
1.06 1.02 1.05 1.03 1.04 1.03 1.02 1.04 1.02 1.06 1.05 1.01 1.06 1.01 1.05 1.03 1.02 1.01 1.05 1.02 
1.02 1.04 1.05 1.05 1.02 1.06 1.04 1.05 1.05 1.02 1.03 1.02 1.03 1.06 1.03 1.01 1.05 1.03 1.02 1.04 
1.05 1.05 1.01 1.01 1.05 1.06 1.05 1.03 1.06 1.04 1.01 1.02 1.05 1.05 1.01 1.03 1.03 1.06 1.05 1.05 
1.02 1.05 1.01 1.02 1.03 1.03 1.03 1.02 1.06 1.04 1.01 1.02 1.06 1.02 1.01 1.05 1.01 1.01 1.03 1.04 
1.01 1.04 1.06 1.06 1.05 1.01 1.06 1.01 1.04 1.03 1.06 1.04 1.06 1.06 1.03 1.05 1.05 1.02 1.06 1.03 
1.05 1.06 1.01 1.05 1.05 1.05 1.04 1.04 1.04 1.02 1.01 1.01 1.06 1.05 1.03 1.04 1.04 1.06 1.01 1.06 
1.04 1.05 1.03 1.05 1.06 1.05 1.05 1.06 1.05 1.01 1.04 1.02 1.06 1.02 1.02 1.02 1.03 1.06 1.02 1.06 
1.02 1.01 1.01 1.05 1.04 1.01 1.04 1.03 1.03 1.03 1.05 1.04 1.03 1.04 1.02 1.04 1.05 1.06 1.04 1.06 
1.04 1.02 1.01 1.06 1.05 1.06 1.04 1.06 1.01 1.01 1.05 1.04 1.06 1.06 1.06 1.05 1.02 1.04 1.01 1.06 
1.01 1.01 1.01 1.06 1.03 1.04 1.02 1.04 1.04 1.01 1.01 1.03 1.05 1.05 1.06 1.02 1.06 1.05 1.05 1.02 
1.05 1.06 1.02 1.06 1.05 1.05 1.05 1.06 1.02 1.04 1.05 1.05 1.06 1.02 1.01 1.05 1.02 1.03 1.03 1.03 
1.02 1.02 1.03 1.02 1.04 1.02 1.01 1.01 1.03 1.05 1.01 1.04 1.02 1.03 1.01 1.06 1.04 1.02 1.02 1.03 
1.02 1.06 1.04 1.03 1.06 1.01 1.01 1.06 1.01 1.03 1.01 1.02 1.05 1.03 1.04 1.06 1.06 1.04 1.02 1.05 
1.01 1.05 1.06 1.04 1.01 1.03 1.04 1.03 1.02 1.05 1.05 1.03 1.03 1.04 1.01 1.06 1.02 1.06 1.04 1.02 
1.02 1.03 1.02 1.03 1.01 1.02 1.04 1.04 1.03 1.03 1.04 1.02 1.01 1.01 1.01 1.01 1.06 1.04 1.04 1.05 
1.01 1.02 1.02 1.03 1.06 1.01 1.02 1.03 1.03 1.01 1.06 1.04 1.01 1.03 1.05 1.03 1.03 1.02 1.01 1.05 
1.04 1.01 1.03 1.02 1.05 1.03 1.05 1.01 1.02 1.06 1.03 1.01 1.03 1.02 1.02 1.06 1.03 1.06 1.05 1.04 
1.04 1.04 1.03 1.05 1.01 1.04 1.01 1.05 1.02 1.03 1.03 1.06 1.04 1.02 1.01 1.01 1.04 1.01 1.05 1.01 
1.04 1.03 1.02 1.01 1.01 1.03 1.01 1.06 1.01 1.01 1.05 1.04 1.04 1.03 1.02 1.03 1.03 1.03 1.06 1.05 
1.02 1.04 1.02 1.04 1.03 1.02 1.03 1.06 1.01 1.06 1.03 1.06 1.02 1.01 1.03 1.02 1.06 1.04 1.05 1.04 
1.01 1.06 1.04 1.04 1.03 1.05 1.01 1.05 1.03 1.02 1.02 1.05 1.04 1.02 1.06 1.04 1.06 1.03 1.03 1.03 
1.04 1.02 1.01 1.01 1.04 1.04 1.02 1.03 1.02 1.02 1.05 1.05 1.03 1.05 1.04 1.03 1.03 1.04 1.03 1.05 
1.02 1.01 1.01 1.04 1.05 1.02 1.01 1.03 1.06 1.01 1.05 1.01 1.02 1.06 1.06 1.03 1.05 1.04 1.02 1.05 
1.06 1.04 1.04 1.04 1.06 1.02 1.04 1.02 1.01 1.05 1.02 1.06 1.01 1.03 1.02 1.04 1.03 1.01 1.05 1.03 
1.01 1.06 1.04 1.01 1.03 1.05 1.05 1.02 1.04 1.03 1.01 1.01 1.01 1.01 1.02 1.06 1.03 1.04 1.02 1.03 
1.06 1.05 1.04 1.06 1.04 1.03 1.03 1.06 1.01 1.05 1.04 1.01 1.05 1.06 1.01 1.06 1.06 1.05 1.03 1.05 
1.01 1.01 1.03 1.02 1.01 1.05 1.01 1.04 1.02 1.06 1.04 1.01 1.06 1.02 1.04 1.03 1.04 1.03 1.02 1.01 
1.04 1.01 1.04 1.06 1.04 1.05 1.04 1.05 1.04 1.04 1.04 1.02 1.05 1.03 1.03 1.05 1.04 1.01 1.03 1.05 
1.04 1.02 1.05 1.02 1.02 1.02 1.04 1.03 1.05 1.04 1.04 1.02 1.06 1.02 1.01 1.03 1.05 1.02 1.05 1.03 
1.05 1.02 1.02 1.05 1.05 1.01 1.02 1.02 1.03 1.05 1.02 1.01 1.06 1.01 1.02 1.02 1.01 1.03 1.04 1.01 
1.06 1.06 1.06 1.06 1.02 1.02 1.06 1.03 1.06 1.05 1.03 1.05 1.02 1.01 1.01 1.01 1.06 1.06 1.01 1.04 
1.06 1.06 1.02 1.01 1.04 1.05 1.05 1.02 1.03 1.01 1.01 1.05 1.02 1.01 1.04 1.02 1.06 1.04 1.04 1.03 
1.03 1.06 1.06 1.05 1.06 1.03 1.05 1.05 1.02 1.03 1.04 1.01 1.05 1.02 1.05 1.04 1.06 1.02 1.02 1.03 
1.01 1.01 1.06 1.05 1.01 1.01 1.06 1.05 1.01 1.04 1.03 1.06 1.01 1.05 1.06 1.06 1.03 1.04 1.02 1.06 
1.05 1.03 1.05 1.03 1.06 1.06 1.01 1.03 1.01 1.06 1.03 1.05 1.04 1.05 1.02 1.01 1.04 1.06 1.01 1.02 
1.06 1.02 1.01 1.06 1.05 1.06 1.01 1.06 1.04 1.01 1.04 1.03 1.06 1.03 1.04 1.05 1.02 1.01 1.06 1.01 
1.06 1.01 1.04 1.04 1.04 1.02 1.04 1.04 1.03 1.02 1.05 1.03 1.03 1.04 1.01 1.04 1.03 1.02 1.04 1.03 
1.05 1.04 1.05 1.04 1.06 1.01 1.03 1.06 1.05 1.01 1.02 1.03 1.04 1.06 1.02 1.03 1.03 1.02 1.05 1.04 
1.01 1.06 1.04 1.03 1.05 1.05 1.03 1.04 1.01 1.06 1.03 1.02 1.03 1.05 1.05 1.01 1.04 1.04 1.05 1.04 
1.02 1.03 1.04 1.04 1.01 1.03 1.06 1.04 1.04 1.04 1.06 1.05 1.01 1.02 1.02 1.05 1.06 1.01 1.05 1.04 
1.04 1.02 1.02 1.06 1.01 1.06 1.03 1.03 1.06 1.03 1.06 1.01 1.06 1.03 1.03 1.02 1.03 1.05 1.02 1.04 
1.02 1.04 1.04 1.03 1.04 1.01 1.04 1.06 1.01 1.01 1.05 1.03 1.03 1.05 1.03 1.01 1.01 1.05 1.06 1.04 
1.03 1.04 1.02 1.06 1.06 1.02 1.05 1.06 1.06 1.05 1.04 1.05 1.06 1.06 1.02 1.03 1.02 1.04 1.02 1.01 
1.05 1.01 1.02 1.02 1.03 1.03 1.04 1.05 1.06 1.06 1.03 1.05 1.04 1.06 1.01 1.05 1.02 1.04 1.06 1.06 
1.06 1.01 1.01 1.05 1.01 1.05 1.04 1.01 1.05 1.05 1.06 1.05 1.03 1.06 1.05 1.02 1.05 1.06 1.02 1.05 
1.04 1.03 1.04 1.03 1.03 1.03 1.06 1.03 1.04 1.02 1.01 1.05 1.05 1.03 1.01 1.01 1.03 1.03 1.04 1.02 
1.05 1.06 1.06 1.01 1.03 1.06 1.06 1.02 1.03 1.02 1.06 1.03 1.04 1.01 1.03 1.05 1.06 1.01 1.01 1.03 
1.06 1.05 1.02 1.01 1.05 1.05 1.02 1.06 1.06 1.01 1.02 1.04 1.06 1.05 1.04 1.01 1.01 1.05 1.03 1.04 
1.05 1.01 1.05 1.06 1.03 1.02 1.01 1.04 1.04 1.03 1.06 1.04 1.04 1.06 1.01 1.01 1.02 1.01 1.05 1.02 
1.05 1.02 1.03 1.06 1.02 1.02 1.03 1.02 1.04 1.04 1.06 1.05 1.02 1.01 1.05 1.04 1.02 1.01 1.03 1.06 
1.02 1.03 1.02 1.03 1.02 1.02 1.03 1.06 1.02 1.04 1.01 1.05 1.05 1.02 1.03 1.01 1.03 1.02 1.04 1.06 
1.05 1.02 1.06 1.02 1.05 1.05 1.02 1.05 1.03 1.03 1.02 1.02 1.05 1.02 1.06 1.01 1.02 1.05 1.02 1.04 
1.06 1.01 1.01 1.02 1.02 1.02 1.02 1.02 1.03 1.01 1.06 1.04 1.05 1.01 1.06 1.03 1.05 1.03 1.01 1.05 
1.04 1.06 1.06 1.02 1.01 1.06 1.02 1.03 1.02 1.04 1.06 1.02 1.01 1.06 1.03 1.01 1.05 1.01 1.04 1.06 
1.02 1.06 1.03 1.06 1.04 1.06 1.05 1.04 1.06 1.02 1.04 1.06 1.03 1.02 1.01 1.02 1.02 1.06 1.06 1.01 
1.06 1.06 1.06 1.06 1.04 1.02 1.03 1.03 1.05 1.06 1.05 1.04 1.03 1.05 1.05 1.06 1.03 1.01 1.04 1.04 
1.04 1.05 1.03 1.03 1.06 1.03 1.05 1.01 1.02 1.02 1.05 1.06 1.01 1.01 1.04 1.03 1.05 1.05 1.03 1.05 
1.06 1.04 1.06 1.03 1.03 1.01 1.03 1.04 1.03 1.06 1.02 1.04 1.05 1.04 1.01 1.05 1.03 1.05 1.06 1.06 
1.03 1.02 1.05 1.04 1.06 1.06 1.05 1.03 1.01 1.03 1.01 1.04 1.03 1.01 1.06 1.01 1.04 1.02 1.04 1.03 
1.06 1.05 1.04 1.02 1.05 1.03 1.04 1.06 1.05 1.01 1.02 1.06 1.01 1.04 1.04 1.05 1.02 1.05 1.03 1.03 
1.02 1.06 1.01 1.05 1.03 1.06 1.02 1.03 1.03 1.01 1.03 1.01 1.06 1.04 1.01 1.04 1.06 1.05 1.03 1.05 
1.05 1.01 1.03 1.06 1.02 1.04 1.04 1.04 1.01 1.04 1.04 1.04 1.04 1.04 1.03 1.05 1.06 1.03 1.06 1.04 
1.01 1.04 1.06 1.06 1.06 1.01 1.06 1.05 1.02 1.03 1.06 1.02 1.04 1.01 1.01 1.06 1.06 1.05 1.04 1.02 
1.05 1.06 1.01 1.05 1.03 1.04 1.01 1.03 1.06 1.02 1.04 1.01 1.02 1.02 1.01 1.02 1.03 1.06 1.03 1.03 
1.03 1.03 1.05 1.05 1.02 1.01 1.02 1.04 1.03 1.06 1.05 1.01 1.03 1.01 1.06 1.01 1.06 1.02 1.01 1.03 
1.02 1.03 1.03 1.03 1.05 1.01 1.06 1.04 1.06 1.05 1.06 1.05 1.03 1.02 1.03 1.02 1.04 1.03 1.01 1.01 
1.04 1.05 1.03 1.03 1.06 1.04 1.02 1.04 1.03 1.01 1.06 1.02 1.05 1.02 1.03 1.03 1.04 1.02 1.05 1.05 
1.05 1.03 1.06 1.02 1.05 1.02 1.04 1.05 1.04 1.05 1.01 1.05 1.02 1.05 1.06 1.03 1.02 1.05 1.01 1.03 
1.02 1.04 1.01 1.05 1.02 1.01 1.02 1.06 1.04 1.03 1.06 1.06 1.06 1.04 1.05 1.01 1.04 1.01 1.06 1.03 
1.06 1.03 1.03 1.05 1.04 1.02 1.06 1.05 1.04 1.03 1.03 1.06 1.06 1.01 1.03 1.05 1.05 1.06 1.05 1.04 
1.04 1.03 1.01 1.06 1.03 1.05 1.05 1.01 1.03 1.03 1.02 1.04 1.02 1.01 1.03 1.04 1.02 1.06 1.06 1.06 
1.01 1.04 1.03 1.05 1.04 1.06 1.06 1.05 1.05 1.03 1.06 1.02 1.02 1.03 1.03 1.03 1.02 1.01 1.03 1.02 
1.04 1.02 1.05 1.06 1.05 1.03 1.03 1.03 1.02 1.05 1.05 1.01 1.03 1.02 1.05 1.01 1.06 1.01 1.02 1.04 
1.03 1.06 1.06 1.02 1.05 1.04 1.03 1.03 1.01 1.04 1.03 1.05 1.05 1.04 1.05 1.01 1.01 1.02 1.04 1.05 
1.01 1.05 1.01 1.05 1.05 1.03 1.01 1.05 1.01 1.04 1.02 1.03 1.01 1.04 1.05 1.05 1.02 1.03 1.01 1.03 
1.06 1.04 1.03 1.04 1.05 1.05 1.06 1.04 1.06 1.06 1.05 1.02 1.02 1.03 1.02 1.01 1.02 1.05 1.01 1.01 
1.06 1.04 1.03 1.04 1.02 1.03 1.01 1.05 1.01 1.04 1.05 1.03 1.03 1.04 1.04 1.04 1.05 1.03 1.06 1.06 
1.05 1.06 1.03 1.05 1.06 1.01 1.06 1.02 1.04 1.03 1.02 1.01 1.03 1.05 1.06 1.04 1.04 1.03 1.01 1.05 
1.05 1.02 1.06 1.04 1.02 1.03 1.03 1.05 1.03 1.03 1.03 1.02 1.03 1.05 1.02 1.02 1.03 1.02 1.02 1.01 
1.02 1.03 1.03 1.06 1.04 1.06 1.06 1.05 1.04 1.02 1.05 1.02 1.03 1.05 1.02 1.03 1.06 1.03 1.04 1.04 
1.04 1.03 1.04 1.01 1.06 1.03 1.06 1.03 1.01 1.05 1.06 1.06 1.01 1.04 1.04 1.05 1.06 1.01 1.06 1.02 
1.01 1.06 1.05 1.04 1.05 1.01 1.01 1.03 1.02 1.05 1.05 1.02 1.01 1.04 1.02 1.01 1.05 1.02 1.01 1.01 
1.04 1.04 1.02 1.04 1.05 1.02 1.03 1.02 1.04 1.01 1.03 1.05 1.03 1.03 1.06 1.04 1.01 1.06 1.06 1.01 
1.01 1.01 1.04 1.03 1.01 1.05 1.03 1.06 1.01 1.05 1.01 1.03 1.02 1.01 1.05 1.04 1.02 1.02 1.03 1.02 
1.01 1.06 1.04 1.03 1.05 1.05 1.05 1.04 1.06 1.04 1.05 1.04 1.03 1.05 1.06 1.04 1.04 1.02 1.05 1.03 
1.06 1.02 1.04 1.02 1.05 1.02 1.05 1.01 1.03 1.02 1.06 1.01 1.04 1.04 1.04 1.03 1.03 1.03 1.05 1.03 
1.05 1.05 1.04 1.01 1.06 1.01 1.03 1.03 1.04 1.05 1.02 1.04 1.02 1.04 1.06 1.03 1.01 1.05 1.05 1.04 
1.03 1.04 1.06 1.01 1.05 1.02 1.05 1.01 1.06 1.03 1.06 1.01 1.03 1.01 1.02 1.04 1.05 1.01 1.05 1.05 
1.04 1.01 1.03 1.02 1.04 1.01 1.01 1.02 1.04 1.06 1.05 1.02 1.05 1.03 1.06 1.06 1.02 1.04 1.01 1.02 
1.03 1.03 1.04 1.05 1.04 1.04 1.05 1.06 1.03 1.01 1.01 1.06 1.05 1.06 1.01 1.06 1.03 1.06 1.03 1.05 
1.04 1.05 1.03 1.04 1.04 1.05 1.06 1.01 1.06 1.05 1.04 1.04 1.02 1.03 1.05 1.02 1.06 1.01 1.02 1.06 
1.05 1.02 1.03 1.05 1.04 1.01 1.04 1.05 1.04 1.03 1.01 1.05 1.06 1.05 1.04 1.01 1.02 1.05 1.06 1.04 
1.06 1.05 1.03 1.06 1.04 1.01 1.05 1.04 1.05 1.02 1.03 1.05 1.06 1.02 1.04 1.03 1.01 1.06 1.06 1.02 
1.02 1.04 1.04 1.06 1.03 1.04 1.04 1.06 1.03 1.05 1.03 1.06 1.04 1.05 1.04 1.02 1.04 1.01 1.01 1.06 
1.02 1.04 1.02 1.06 1.04 1.02 1.04 1.03 1.03 1.04 1.05 1.03 1.05 1.05 1.01 1.01 1.02 1.02 1.04 1.01 
1.06 1.06 1.06 1.05 1.01 1.01 1.05 1.05 1.06 1.05 1.01 1.02 1.05 1.04 1.06 1.06 1.01 1.03 1.05 1.06 
1.02 1.03 1.06 1.05 1.03 1.03 1.02 1.05 1.05 1.05 1.02 1.01 1.04 1.02 1.06 1.04 1.02 1.05 1.01 1.06 
1.03 1.05 1.05 1.01 1.06 1.06 1.05 1.06 1.04 1.03 1.04 1.05 1.03 1.03 1.01 1.02 1.01 1.06 1.01 1.03 
1.04 1.05 1.06 1.05 1.01 1.01 1.01 1.02 1.05 1.03 1.05 1.06 1.04 1.04 1.01 1.03 1.05 1.06 1.02 1.04 
1.04 1.06 1.03 1.01 1.03 1.02 1.06 1.03 1.04 1.03 1.05 1.02 1.04 1.06 1.03 1.04 1.04 1.05 1.05 1.02 
1.05 1.01 1.03 1.04 1.01 1.02 1.04 1.03 1.01 1.01 1.01 1.03 1.03 1.06 1.05 1.02 1.02 1.01 1.02 1.02 
1.04 1.05 1.01 1.06 1.06 1.06 1.01 1.05 1.04 1.04 1.02 1.01 1.03 1.02 1.01 1.06 1.01 1.06 1.02 1.06 
1.02 1.06 1.02 1.01 1.01 1.05 1.04 1.03 1.05 1.02 1.02 1.02 1.02 1.04 1.04 1.04 1.01 1.02 1.04 1.03 
1.01 1.01 1.04 1.02 1.03 1.06 1.06 1.03 1.04 1.05 1.05 1.05 1.06 1.01 1.06 1.06 1.03 1.04 1.02 1.01 
1.06 1.06 1.02 1.02 1.01 1.04 1.02 1.02 1.01 1.06 1.01 1.03 1.02 1.05 1.06 1.04 1.06 1.02 1.02 1.02 
1.01 1.05 1.03 1.05 1.03 1.01 1.05 1.03 1.01 1.01 1.02 1.03 1.04 1.03 1.06 1.06 1.01 1.01 1.03 1.03 
1.02 1.03 1.01 1.03 1.03 1.06 1.02 1.03 1.02 1.02 1.03 1.02 1.03 1.06 1.02 1.03 1.04 1.02 1.01 1.03 
1.03 1.06 1.02 1.06 1.06 1.06 1.04 1.05 1.03 1.03 1.05 1.01 1.04 1.02 1.01 1.02 1.01 1.05 1.06 1.02 
1.02 1.03 1.03 1.01 1.02 1.05 1.05 1.06 1.06 1.04 1.05 1.06 1.01 1.04 1.04 1.03 1.06 1.01 1.04 1.03 
1.02 1.04 1.04 1.03 1.03 1.01 1.04 1.01 1.03 1.04 1.06 1.05 1.01 1.03 1.03 1.01 1.01 1.05 1.03 1.02 
1.02 1.01 1.03 1.02 1.04 1.03 1.01 1.05 1.03 1.04 1.06 1.01 1.06 1.02 1.06 1.02 1.01 1.02 1.05 1.01 
1.01 1.03 1.01 1.06 1.01 1.02 1.04 1.04 1.06 1.04 1.05 1.04 1.04 1.03 1.01 1.04 1.05 1.04 1.01 1.06 
1.06 1.06 1.06 1.01 1.04 1.04 1.05 1.02 1.04 1.04 1.03 1.03 1.02 1.06 1.02 1.02 1.01 1.03 1.04 1.04 
1.04 1.03 1.01 1.05 1.02 1.06 1.02 1.04 1.04 1.06 1.06 1.05 1.05 1.02 1.02 1.06 1.05 1.04 1.01 1.04 
1.02 1.04 1.03 1.06 1.03 1.05 1.05 1.02 1.05 1.02 1.05 1.04 1.06 1.02 1.05 1.06 1.01 1.01 1.04 1.03 
1.02 1.01 1.05 1.02 1.01 1.06 1.06 1.03 1.05 1.06 1.06 1.02 1.01 1.02 1.02 1.01 1.02 1.01 1.06 1.06 
1.02 1.04 1.01 1.02 1.02 1.01 1.02 1.06 1.04 1.06 1.06 1.05 1.02 1.06 1.03 1.05 1.01 1.01 1.02 1.01 
1.04 1.02 1.03 1.05 1.02 1.03 1.06 1.05 1.05 1.06 1.01 1.02 1.05 1.03 1.05 1.03 1.03 1.06 1.02 1.06 
1.03 1.02 1.02 1.04 1.06 1.01 1.04 1.01 1.05 1.05 1.05 1.03 1.01 1.06 1.01 1.05 1.02 1.01 1.05 1.05 
1.02 1.03 1.03 1.03 1.05 1.04 1.01 1.01 1.04 1.05 1.03 1.05 1.05 1.06 1.02 1.02 1.03 1.01 1.02 1.03 
1.01 1.04 1.02 1.03 1.05 1.06 1.01 1.05 1.06 1.06 1.05 1.05 1.04 1.01 1.06 1.03 1.02 1.05 1.01 1.02 
1.01 1.02 1.02 1.01 1.03 1.04 1.01 1.03 1.05 1.04 1.01 1.01 1.02 1.02 1.05 1.02 1.05 1.04 1.05 1.06 
1.06 1.04 1.01 1.02 1.05 1.02 1.02 1.01 1.06 1.06 1.04 1.03 1.04 1.03 1.05 1.03 1.01 1.02 1.03 1.02 
1.01 1.06 1.05 1.03 1.05 1.05 1.02 1.04 1.06 1.03 1.03 1.01 1.06 1.01 1.03 1.03 1.01 1.06 1.06 1.02 
1.03 1.03 1.01 1.05 1.05 1.03 1.05 1.05 1.06 1.02 1.03 1.02 1.02 1.01 1.06 1.06 1.03 1.03 1.06 1.02 
1.02 1.03 1.02 1.05 1.03 1.01 1.01 1.05 1.06 1.05 1.01 1.05 1.03 1.06 1.06 1.06 1.05 1.04 1.02 1.02 
1.05 1.06 1.03 1.06 1.06 1.05 1.04 1.06 1.01 1.06 1.01 1.06 1.05 1.03 1.05 1.04 1.02 1.04 1.03 1.03 
1.01 1.01 1.01 1.01 1.02 1.02 1.01 1.06 1.02 1.03 1.02 1.04 1.02 1.01 1.01 1.02 1.06 1.04 1.01 1.04 
