20
300
3 15 29 37 8 97 71 11 29 65 26 36 87 92 93 32 17 35 71 90 87 75 30 96 27 95 67 68 46 92 58 55 34 97 52 67 35 61 50 71 24 10 75 75 23 79 18 17 28 8 17 18 97 84 14 50 5 47 64 35 47 9 61 99 22 75 9 3 3 41 48 91 9 55 56 96 23 4 57 9 98 52 19 89 85 37 50 100 19 68 11 60 96 37 5 61 82 56 65 12 81 97 51 44 32 18 90 63 46 8 82 24 37 7 75 64 62 82 81 2 54 19 46 18 51 90 40 30 74 48 24 12 95 1 29 38 89 74 65 31 49 45 44 89 29 82 23 27 5 19 72 21 44 94 11 78 67 65 28 33 38 91 53 15 4 9 7 60 49 3 40 16 82 56 57 100 32 47 65 17 85 60 43 60 32 55 16 31 57 79 22 7 27 25 98 58 89 93 65 99 63 13 45 19 59 30 11 66 56 44 14 31 66 70 30 100 6 60 41 62 99 90 26 95 100 54 97 1 32 6 31 22 92 12 46 72 20 1 91 99 17 75 13 24 8 23 57 61 67 67 4 10 64 44 100 14 34 50 35 27 40 50 56 2 75 44 12 58 99 55 96 54 45 46 80 77 68 48 67 34 26 34 60 73 84 36 88 88 12 13 28 9 49 78 46 87 28 46 15 54 
8 9 6 6 1 6 3 8 1 7 1 2 6 7 8 3 8 3 5 1 
1.04 1.01 1.04 1.02 1.06 1.03 1.03 1.06 1.05 1.02 1.05 1.06 1.06 1.02 1.05 1.03 1.03 1.01 1.05 1.02 
1.03 1.03 1.03 1.06 1.02 1.05 1.05 1.05 1.04 1.01 1.03 1.01 1.02 1.03 1.01 1.05 1.02 1.03 1.02 1.03 
1.01 1.03 1.05 1.05 1.06 1.04 1.04 1.04 1.05 1.06 1.06 1.05 1.03 1.03 1.05 1.01 1.02 1.02 1.05 1.02 
1.01 1.03 1.04 1.02 1.03 1.03 1.06 1.03 1.01 1.04 1.05 1.05 1.05 1.02 1.01 1.03 1.05 1.06 1.03 1.05 
1.03 1.01 1.02 1.01 1.02 1.02 1.01 1.05 1.04 1.06 1.02 1.02 1.02 1.03 1.01 1.06 1.06 1.06 1.06 1.03 
1.02 1.03 1.05 1.02 1.03 1.03 1.05 1.01 1.05 1.06 1.04 1.03 1.05 1.03 1.01 1.01 1.02 1.04 1.05 1.01 
1.05 1.05 1.03 1.06 1.01 1.03 1.01 1.06 1.03 1.03 1.05 1.01 1.02 1.03 1.02 1.05 1.04 1.02 1.04 1.03 
1.01 1.02 1.03 1.02 1.01 1.06 1.06 1.06 1.06 1.04 1.04 1.01 1.04 1.05 1.02 1.02 1.05 1.05 1.04 1.05 
1.05 1.06 1.01 1.04 1.05 1.06 1.04 1.05 1.05 1.01 1.01 1.02 1.01 1.02 1.05 1.05 1.06 1.02 1.04 1.04 
1.05 1.01 1.03 1.04 1.05 1.06 1.03 1.01 1.01 1.01 1.04 1.05 1.03 1.03 1.04 1.02 1.02 1.05 1.02 1.06 
1.06 1.02 1.02 1.01 1.02 1.02 1.06 1.01 1.01 1.06 1.03 1.01 1.05 1.03 1.04 1.06 1.04 1.04 1.01 1.03 
1.03 1.03 1.06 1.01 1.05 1.05 1.05 1.03 1.05 1.06 1.02 1.05 1.06 1.01 1.01 1.01 1.01 1.02 1.06 1.03 
1.01 1.06 1.03 1.02 1.06 1.05 1.03 1.06 1.02 1.05 1.03 1.03 1.04 1.01 1.06 1.06 1.04 1.04 1.05 1.04 
1.05 1.05 1.01 1.06 1.02 1.02 1.02 1.01 1.06 1.04 1.05 1.04 1.03 1.05 1.02 1.01 1.05 1.01 1.05 1.05 
1.06 1.04 1.03 1.03 1.05 1.03 1.04 1.03 1.05 1.05 1.04 1.06 1.03 1.06 1.01 1.04 1.02 1.04 1.03 1.03 
1.04 1.05 1.05 1.04 1.03 1.03 1.03 1.03 1.03 1.05 1.04 1.02 1.02 1.03 1.03 1.06 1.06 1.01 1.04 1.03 
1.06 1.04 1.04 1.05 1.03 1.01 1.04 1.01 1.05 1.05 1.04 1.06 1.05 1.01 1.01 1.02 1.03 1.05 1.06 1.02 
1.05 1.03 1.02 1.02 1.01 1.05 1.03 1.03 1.02 1.06 1.05 1.01 1.05 1.06 1.01 1.01 1.06 1.04 1.03 1.02 
1.01 1.01 1.01 1.04 1.02 1.01 1.06 1.06 1.02 1.01 1.03 1.06 1.02 1.04 1.06 1.01 1.02 1.03 1.03 1.02 
1.03 1.02 1.02 1.04 1.03 1.03 1.06 1.05 1.04 1.05 1.06 1.06 1.01 1.04 1.05 1.02 1.04 1.04 1.01 1.02 
1.05 1.01 1.03 1.04 1.04 1.06 1.04 1.02 1.04 1.05 1.06 1.04 1.02 1.03 1.01 1.03 1.01 1.01 1.01 1.01 
1.02 1.06 1.05 1.04 1.04 1.02 1.01 1.02 1.01 1.06 1.04 1.03 1.04 1.01 1.05 1.05 1.01 1.02 1.01 1.02 
1.01 1.01 1.01 1.01 1.06 1.03 1.02 1.01 1.06 1.04 1.06 1.04 1.05 1.02 1.05 1.05 1.06 1.03 1.06 1.05 
1.06 1.05 1.05 1.02 1.02 1.01 1.05 1.03 1.02 1.04 1.05 1.02 1.05 1.02 1.02 1.04 1.03 1.06 1.03 1.02 
1.02 1.01 1.04 1.06 1.02 1.05 1.06 1.06 1.06 1.05 1.02 1.02 1.04 1.06 1.03 1.03 1.01 1.06 1.03 1.06 
1.02 1.03 1.06 1.06 1.05 1.05 1.03 1.01 1.06 1.01 1.01 1.03 1.02 1.06 1.02 1.05 1.05 1.03 1.04 1.01 
1.02 1.05 1.02 1.01 1.05 1.06 1.06 1.06 1.06 1.04 1.02 1.03 1.05 1.03 1.03 1.06 1.04 1.04 1.03 1.01 
1.02 1.03 1.03 1.05 1.03 1.02 1.04 1.05 1.06 1.04 1.04 1.05 1.01 1.01 1.04 1.01 1.02 1.03 1.02 1.02 
1.06 1.02 1.06 1.06 1.06 1.04 1.06 1.04 1.01 1.02 1.04 1.05 1.05 1.02 1.01 1.03 1.05 1.01 1.06 1.04 
1.01 1.06 1.04 1.06 1.04 1.02 1.04 1.04 1.06 1.02 1.02 1.02 1.05 1.04 1.05 1.02 1.06 1.04 1.03 1.06 
1.02 1.01 1.06 1.04 1.03 1.03 1.05 1.02 1.05 1.06 1.01 1.05 1.06 1.01 1.01 1.02 1.03 1.03 1.01 1.05 
1.03 1.01 1.04 1.06 1.06 1.05 1.01 1.06 1.03 1.01 1.01 1.05 1.03 1.03 1.06 1.01 1.03 1.02 1.03 1.03 
1.03 1.03 1.01 1.03 1.03 1.05 1.05 1.02 1.05 1.06 1.03 1.06 1.03 1.02 1.01 1.03 1.04 1.05 1.01 1.01 
1.04 1.02 1.05 1.03 1.05 1.04 1.04 1.01 1.02 1.05 1.03 1.03 1.06 1.02 1.04 1.02 1.01 1.05 1.02 1.05 
1.03 1.01 1.04 1.04 1.03 1.03 1.05 1.03 1.06 1.04 1.02 1.04 1.02 1.01 1.01 1.05 1.01 1.02 1.02 1.03 
1.03 1.02 1.02 1.06 1.01 1.06 1.06 1.01 1.03 1.03 1.03 1.05 1.05 1.01 1.04 1.04 1.06 1.06 1.02 1.04 
1.04 1.01 1.02 1.04 1.03 1.03 1.01 1.05 1.04 1.01 1.05 1.01 1.03 1.03 1.01 1.05 1.04 1.04 1.04 1.02 
1.02 1.02 1.04 1.02 1.04 1.01 1.02 1.05 1.01 1.03 1.01 1.02 1.04 1.06 1.03 1.06 1.03 1.06 1.01 1.01 
1.01 1.02 1.01 1.02 1.02 1.02 1.06 1.02 1.05 1.02 1.06 1.05 1.06 1.02 1.04 1.01 1.05 1.01 1.05 1.06 
1.05 1.06 1.02 1.06 1.05 1.06 1.03 1.02 1.03 1.03 1.03 1.02 1.06 1.03 1.03 1.03 1.06 1.04 1.05 1.04 
1.03 1.05 1.06 1.02 1.02 1.06 1.05 1.02 1.06 1.02 1.05 1.03 1.06 1.05 1.04 1.06 1.06 1.05 1.01 1.03 
1.06 1.02 1.02 1.05 1.05 1.05 1.05 1.05 1.06 1.05 1.03 1.03 1.02 1.03 1.06 1.05 1.06 1.06 1.03 1.04 
1.02 1.02 1.02 1.03 1.04 1.01 1.05 1.01 1.01 1.06 1.02 1.06 1.01 1.02 1.01 1.06 1.03 1.01 1.05 1.01 
1.01 1.04 1.06 1.05 1.02 1.04 1.04 1.05 1.02 1.03 1.05 1.06 1.05 1.01 1.06 1.02 1.06 1.06 1.01 1.01 
1.03 1.03 1.01 1.04 1.03 1.03 1.04 1.03 1.05 1.05 1.02 1.02 1.01 1.06 1.06 1.02 1.03 1.02 1.03 1.06 
1.02 1.01 1.03 1.03 1.02 1.01 1.02 1.06 1.01 1.02 1.01 1.03 1.05 1.04 1.03 1.06 1.04 1.02 1.03 1.03 
1.01 1.03 1.06 1.01 1.05 1.01 1.06 1.01 1.04 1.05 1.06 1.02 1.03 1.05 1.01 1.04 1.02 1.02 1.03 1.02 
1.01 1.05 1.03 1.02 1.05 1.05 1.01 1.03 1.06 1.05 1.06 1.04 1.04 1.01 1.04 1.06 1.04 1.03 1.04 1.04 
1.02 1.01 1.06 1.05 1.03 1.05 1.04 1.02 1.01 1.04 1.06 1.05 1.01 1.03 1.01 1.01 1.06 1.06 1.02 1.04 
1.06 1.03 1.02 1.05 1.01 1.01 1.02 1.04 1.06 1.04 1.03 1.01 1.05 1.04 1.03 1.02 1.04 1.02 1.02 1.04 
1.06 1.05 1.02 1.06 1.04 1.04 1.02 1.01 1.01 1.06 1.03 1.03 1.05 1.04 1.06 1.03 1.04 1.06 1.06 1.01 
1.06 1.06 1.01 1.04 1.03 1.02 1.05 1.04 1.01 1.02 1.05 1.01 1.01 1.03 1.04 1.06 1.02 1.02 1.06 1.03 
1.04 1.05 1.05 1.01 1.01 1.03 1.06 1.03 1.01 1.01 1.03 1.05 1.01 1.02 1.02 1.06 1.02 1.02 1.01 1.04 
1.05 1.01 1.04 1.05 1.01 1.03 1.01 1.05 1.05 1.02 1.05 1.06 1.06 1.02 1.06 1.06 1.03 1.01 1.04 1.02 
1.01 1.04 1.03 1.01 1.01 1.06 1.05 1.02 1.06 1.04 1.05 1.03 1.06 1.01 1.01 1.03 1.01 1.03 1.04 1.03 
1.02 1.04 1.04 1.06 1.01 1.03 1.06 1.05 1.06 1.01 1.06 1.04 1.06 1.04 1.02 1.02 1.02 1.05 1.02 1.03 
1.04 1.05 1.03 1.03 1.05 1.04 1.01 1.02 1.01 1.05 1.04 1.05 1.03 1.06 1.01 1.04 1.02 1.05 1.05 1.02 
1.04 1.06 1.06 1.06 1.02 1.03 1.01 1.04 1.01 1.05 1.03 1.02 1.01 1.06 1.04 1.04 1.03 1.03 1.04 1.01 
1.02 1.01 1.01 1.03 1.02 1.06 1.01 1.02 1.04 1.04 1.04 1.02 1.04 1.02 1.03 1.04 1.05 1.03 1.04 1.03 
1.04 1.03 1.03 1.03 1.06 1.06 1.02 1.03 1.04 1.05 1.06 1.03 1.01 1.03 1.03 1.04 1.01 1.04 1.04 1.06 
1.01 1.04 1.06 1.02 1.05 1.04 1.04 1.03 1.02 1.02 1.05 1.06 1.01 1.01 1.06 1.02 1.06 1.06 1.06 1.06 
1.04 1.02 1.02 1.05 1.04 1.01 1.01 1.01 1.03 1.04 1.06 1.05 1.02 1.06 1.05 1.06 1.05 1.06 1.03 1.05 
1.01 1.03 1.01 1.03 1.04 1.06 1.02 1.04 1.01 1.04 1.06 1.06 1.06 1.01 1.06 1.06 1.02 1.03 1.05 1.05 
1.06 1.02 1.06 1.04 1.01 1.04 1.01 1.01 1.06 1.06 1.04 1.01 1.05 1.02 1.04 1.03 1.06 1.04 1.06 1.03 
1.01 1.05 1.06 1.06 1.06 1.04 1.05 1.06 1.04 1.04 1.05 1.05 1.05 1.06 1.04 1.03 1.03 1.03 1.04 1.01 
1.03 1.04 1.04 1.06 1.01 1.04 1.05 1.06 1.05 1.02 1.02 1.04 1.04 1.06 1.05 1.01 1.04 1.05 1.05 1.06 
1.06 1.02 1.02 1.01 1.05 1.06 1.06 1.02 1.03 1.03 1.03 1.03 1.05 1.06 1.05 1.05 1.06 1.03 1.02 1.06 
1.06 1.02 1.01 1.06 1.01 1.05 1.01 1.02 1.02 1.06 1.06 1.01 1.05 1.03 1.06 1.06 1.01 1.03 1.01 1.02 
1.06 1.01 1.01 1.03 1.01 1.06 1.01 1.01 1.06 1.02 1.01 1.02 1.04 1.03 1.01 1.04 1.05 1.05 1.06 1.05 
1.01 1.01 1.03 1.02 1.06 1.05 1.02 1.06 1.05 1.01 1.02 1.05 1.04 1.03 1.04 1.06 1.01 1.04 1.03 1.04 
1.05 1.05 1.05 1.05 1.05 1.03 1.04 1.03 1.01 1.02 1.01 1.05 1.05 1.02 1.06 1.04 1.01 1.06 1.04 1.05 
1.05 1.02 1.02 1.06 1.01 1.05 1.04 1.05 1.06 1.02 1.01 1.01 1.03 1.06 1.04 1.03 1.04 1.02 1.05 1.03 
1.05 1.04 1.01 1.04 1.05 1.04 1.03 1.02 1.04 1.06 1.02 1.02 1.03 1.02 1.06 1.02 1.03 1.05 1.05 1.05 
1.03 1.02 1.04 1.04 1.02 1.04 1.05 1.02 1.02 1.06 1.06 1.05 1.01 1.01 1.06 1.01 1.04 1.03 1.05 1.03 
1.04 1.01 1.03 1.02 1.01 1.03 1.01 1.02 1.02 1.03 1.01 1.01 1.06 1.01 1.04 1.03 1.04 1.02 1.02 1.03 
1.01 1.03 1.06 1.01 1.06 1.02 1.02 1.04 1.01 1.06 1.06 1.04 1.04 1.05 1.03 1.04 1.03 1.05 1.06 1.03 
1.02 1.06 1.01 1.03 1.04 1.03 1.01 1.05 1.02 1.04 1.05 1.04 1.06 1.03 1.03 1.06 1.03 1.05 1.05 1.06 
1.02 1.02 1.02 1.04 1.02 1.06 1.04 1.01 1.03 1.04 1.02 1.02 1.02 1.02 1.02 1.04 1.01 1.06 1.06 1.03 
1.03 1.01 1.03 1.04 1.02 1.04 1.01 1.02 1.05 1.01 1.05 1.04 1.01 1.03 1.04 1.05 1.03 1.01 1.05 1.05 
1.03 1.05 1.02 1.06 1.05 1.05 1.06 1.05 1.06 1.06 1.03 1.01 1.02 1.05 1.06 1.02 1.03 1.05 1.03 1.02 
1.04 1.03 1.05 1.04 1.04 1.03 1.04 1.02 1.06 1.06 1.06 1.02 1.03 1.02 1.06 1.05 1.06 1.06 1.05 1.03 
1.02 1.01 1.02 1.01 1.05 1.04 1.02 1.03 1.04 1.06 1.05 1.05 1.06 1.05 1.06 1.03 1.05 1.01 1.03 1.06 
1.06 1.06 1.01 1.03 1.02 1.03 1.04 1.04 1.05 1.03 1.04 1.04 1.01 1.01 1.02 1.02 1.05 1.02 1.05 1.04 
1.06 1.01 1.05 1.05 1.05 1.05 1.06 1.05 1.04 1.02 1.05 1.02 1.05 1.02 1.05 1.06 1.05 1.02 1.02 1.04 
1.04 1.05 1.03 1.02 1.04 1.04 1.02 1.06 1.04 1.01 1.04 1.03 1.03 1.02 1.06 1.02 1.03 1.05 1.03 1.05 
1.02 1.02 1.04 1.01 1.03 1.05 1.01 1.06 1.01 1.03 1.01 1.04 1.04 1.05 1.06 1.01 1.03 1.03 1.03 1.04 
1.05 1.01 1.04 1.05 1.05 1.01 1.05 1.05 1.02 1.03 1.03 1.03 1.06 1.06 1.03 1.04 1.03 1.04 1.03 1.04 
1.04 1.06 1.02 1.03 1.04 1.05 1.02 1.05 1.05 1.02 1.04 1.02 1.05 1.04 1.03 1.02 1.05 1.02 1.03 1.06 
1.04 1.01 1.05 1.06 1.05 1.04 1.02 1.06 1.06 1.03 1.05 1.04 1.04 1.05 1.01 1.04 1.03 1.04 1.05 1.03 
1.05 1.03 1.04 1.06 1.04 1.04 1.01 1.01 1.04 1.03 1.04 1.02 1.05 1.03 1.02 1.01 1.03 1.06 1.05 1.03 
1.05 1.05 1.01 1.04 1.02 1.02 1.02 1.06 1.02 1.04 1.05 1.05 1.05 1.02 1.02 1.03 1.01 1.05 1.03 1.04 
1.05 1.02 1.02 1.04 1.01 1.04 1.04 1.03 1.02 1.02 1.01 1.02 1.04 1.03 1.03 1.03 1.01 1.01 1.01 1.02 
1.05 1.06 1.03 1.02 1.02 1.01 1.01 1.04 1.04 1.02 1.01 1.04 1.02 1.02 1.01 1.01 1.03 1.06 1.01 1.05 
1.03 1.02 1.03 1.04 1.02 1.01 1.05 1.05 1.03 1.05 1.05 1.04 1.06 1.02 1.02 1.06 1.05 1.02 1.06 1.05 
1.04 1.03 1.05 1.04 1.05 1.01 1.05 1.04 1.04 1.05 1.03 1.03 1.03 1.06 1.01 1.04 1.02 1.02 1.03 1.03 
1.05 1.06 1.06 1.01 1.06 1.03 1.02 1.05 1.06 1.03 1.03 1.02 1.02 1.04 1.04 1.01 1.02 1.02 1.01 1.02 
1.05 1.03 1.01 1.02 1.01 1.02 1.01 1.01 1.04 1.04 1.05 1.02 1.02 1.01 1.06 1.03 1.02 1.04 1.03 1.06 
1.04 1.04 1.02 1.04 1.02 1.03 1.02 1.06 1.05 1.02 1.03 1.02 1.04 1.04 1.05 1.04 1.04 1.06 1.01 1.02 
1.06 1.03 1.01 1.06 1.04 1.05 1.04 1.06 1.06 1.06 1.01 1.04 1.06 1.06 1.05 1.05 1.01 1.02 1.05 1.03 
1.04 1.02 1.05 1.03 1.01 1.06 1.03 1.06 1.02 1.03 1.05 1.06 1.03 1.06 1.03 1.01 1.02 1.05 1.05 1.01 
1.05 1.06 1.03 1.05 1.02 1.05 1.01 1.02 1.04 1.06 1.02 1.01 1.01 1.05 1.01 1.01 1.05 1.05 1.02 1.04 
1.01 1.03 1.04 1.04 1.04 1.05 1.02 1.03 1.01 1.02 1.05 1.01 1.01 1.06 1.05 1.01 1.01 1.06 1.03 1.06 
1.05 1.04 1.04 1.03 1.06 1.01 1.04 1.05 1.05 1.01 1.06 1.01 1.04 1.04 1.03 1.03 1.02 1.05 1.05 1.06 
1.01 1.04 1.02 1.06 1.05 1.03 1.01 1.03 1.05 1.02 1.06 1.04 1.01 1.04 1.03 1.06 1.05 1.03 1.06 1.04 
1.01 1.01 1.02 1.04 1.02 1.02 1.04 1.03 1.05 1.04 1.06 1.05 1.05 1.06 1.01 1.01 1.04 1.03 1.04 1.03 
1.05 1.05 1.05 1.01 1.06 1.03 1.03 1.05 1.01 1.02 1.01 1.05 1.04 1.05 1.05 1.05 1.05 1.03 1.03 1.03 
1.03 1.03 1.01 1.05 1.04 1.02 1.02 1.04 1.06 1.01 1.04 1.04 1.06 1.01 1.01 1.06 1.03 1.03 1.04 1.03 
1.05 1.04 1.02 1.01 1.05 1.01 1.04 1.02 1.06 1.05 1.03 1.04 1.06 1.04 1.05 1.06 1.04 1.01 1.03 1.04 
1.06 1.05 1.02 1.01 1.02 1.01 1.05 1.04 1.03 1.06 1.06 1.01 1.02 1.04 1.06 1.03 1.06 1.03 1.03 1.02 
1.02 1.06 1.02 1.01 1.02 1.05 1.02 1.01 1.01 1.01 1.04 1.03 1.05 1.06 1.04 1.05 1.03 1.04 1.04 1.03 
1.06 1.02 1.06 1.06 1.06 1.02 1.01 1.02 1.06 1.01 1.02 1.03 1.05 1.01 1.04 1.01 1.01 1.04 1.04 1.04 
1.06 1.05 1.06 1.04 1.02 1.03 1.06 1.01 1.04 1.06 1.01 1.04 1.05 1.05 1.03 1.03 1.01 1.04 1.01 1.06 
1.02 1.05 1.03 1.06 1.01 1.06 1.02 1.01 1.05 1.03 1.01 1.01 1.06 1.02 1.03 1.06 1.05 1.04 1.01 1.02 
1.01 1.04 1.06 1.06 1.03 1.05 1.05 1.02 1.02 1.04 1.03 1.04 1.04 1.05 1.04 1.02 1.01 1.04 1.06 1.06 
1.06 1.03 1.06 1.04 1.02 1.04 1.01 1.06 1.04 1.02 1.05 1.05 1.02 1.04 1.03 1.02 1.04 1.04 1.06 1.06 
1.02 1.01 1.03 1.06 1.01 1.06 1.05 1.02 1.04 1.03 1.02 1.04 1.04 1.01 1.06 1.06 1.05 1.02 1.02 1.05 
1.02 1.03 1.01 1.02 1.01 1.06 1.03 1.01 1.02 1.01 1.02 1.06 1.02 1.01 1.01 1.02 1.04 1.02 1.04 1.03 
1.05 1.04 1.05 1.04 1.06 1.03 1.05 1.01 1.01 1.06 1.04 1.05 1.04 1.04 1.03 1.06 1.03 1.06 1.06 1.04 
1.03 1.06 1.02 1.05 1.04 1.05 1.05 1.01 1.05 1.04 1.06 1.02 1.01 1.05 1.06 1.05 1.05 1.02 1.05 1.06 
1.06 1.01 1.02 1.03 1.02 1.03 1.05 1.02 1.05 1.04 1.02 1.04 1.01 1.06 1.03 1.02 1.06 1.05 1.06 1.04 
1.01 1.02 1.06 1.04 1.02 1.01 1.05 1.04 1.06 1.02 1.06 1.03 1.05 1.01 1.05 1.03 1.03 1.03 1.06 1.05 
1.05 1.06 1.02 1.05 1.02 1.02 1.01 1.06 1.02 1.02 1.01 1.03 1.04 1.01 1.06 1.02 1.06 1.04 1.06 1.02 
1.03 1.01 1.05 1.05 1.01 1.01 1.06 1.05 1.04 1.01 1.02 1.06 1.05 1.02 1.04 1.06 1.06 1.05 1.04 1.06 
1.01 1.06 1.06 1.04 1.01 1.01 1.02 1.02 1.06 1.03 1.03 1.06 1.02 1.03 1.01 1.01 1.06 1.04 1.05 1.04 
1.01 1.02 1.01 1.06 1.03 1.03 1.01 1.03 1.03 1.06 1.02 1.01 1.02 1.01 1.03 1.02 1.01 1.03 1.03 1.03 
1.03 1.06 1.02 1.05 1.04 1.04 1.02 1.04 1.05 1.01 1.06 1.05 1.03 1.01 1.02 1.02 1.04 1.03 1.01 1.04 
1.05 1.05 1.02 1.03 1.04 1.02 1.04 1.03 1.02 1.01 1.05 1.04 1.05 1.02 1.06 1.06 1.02 1.05 1.06 1.01 
1.05 1.01 1.06 1.05 1.01 1.04 1.05 1.04 1.06 1.01 1.06 1.02 1.06 1.01 1.06 1.05 1.02 1.02 1.06 1.04 
1.05 1.04 1.02 1.04 1.05 1.05 1.06 1.02 1.05 1.02 1.01 1.05 1.04 1.06 1.03 1.05 1.03 1.06 1.06 1.05 
1.03 1.06 1.03 1.04 1.04 1.05 1.06 1.03 1.06 1.03 1.06 1.04 1.02 1.06 1.03 1.04 1.02 1.03 1.04 1.01 
1.03 1.02 1.04 1.05 1.03 1.01 1.05 1.03 1.04 1.01 1.02 1.03 1.04 1.06 1.02 1.06 1.01 1.03 1.05 1.05 
1.04 1.02 1.01 1.06 1.02 1.04 1.02 1.01 1.04 1.02 1.02 1.06 1.02 1.06 1.05 1.01 1.06 1.05 1.05 1.03 
1.02 1.06 1.05 1.01 1.06 1.03 1.05 1.04 1.02 1.04 1.06 1.04 1.04 1.01 1.02 1.03 1.02 1.02 1.01 1.02 
1.06 1.06 1.01 1.02 1.02 1.02 1.04 1.06 1.04 1.06 1.03 1.02 1.06 1.05 1.02 1.01 1.03 1.06 1.05 1.03 
1.06 1.06 1.03 1.03 1.04 1.02 1.06 1.02 1.06 1.02 1.03 1.05 1.01 1.04 1.01 1.02 1.05 1.04 1.04 1.02 
1.04 1.05 1.02 1.06 1.03 1.05 1.03 1.04 1.03 1.06 1.05 1.01 1.04 1.03 1.04 1.02 1.05 1.03 1.04 1.04 
1.03 1.02 1.02 1.03 1.05 1.03 1.04 1.05 1.03 1.04 1.03 1.05 1.02 1.06 1.02 1.06 1.01 1.05 1.06 1.01 
1.01 1.05 1.06 1.03 1.02 1.01 1.04 1.04 1.04 1.06 1.03 1.04 1.04 1.06 1.01 1.03 1.03 1.03 1.01 1.06 
1.06 1.04 1.02 1.04 1.01 1.01 1.03 1.03 1.01 1.01 1.04 1.02 1.03 1.06 1.05 1.03 1.04 1.04 1.01 1.05 
1.01 1.05 1.06 1.02 1.01 1.06 1.02 1.02 1.06 1.03 1.04 1.02 1.04 1.06 1.03 1.02 1.04 1.05 1.02 1.01 
1.05 1.06 1.01 1.04 1.05 1.03 1.05 1.05 1.01 1.05 1.05 1.06 1.02 1.06 1.05 1.05 1.05 1.02 1.03 1.01 
1.04 1.05 1.01 1.03 1.03 1.06 1.04 1.01 1.03 1.06 1.05 1.02 1.02 1.04 1.02 1.01 1.01 1.06 1.01 1.04 
1.02 1.06 1.02 1.01 1.05 1.05 1.06 1.01 1.05 1.05 1.03 1.01 1.01 1.03 1.01 1.04 1.06 1.01 1.06 1.05 
1.02 1.01 1.01 1.01 1.05 1.06 1.01 1.02 1.02 1.05 1.06 1.05 1.05 1.04 1.01 1.01 1.01 1.03 1.04 1.02 
1.05 1.05 1.02 1.05 1.04 1.05 1.01 1.06 1.02 1.03 1.03 1.03 1.01 1.02 1.04 1.06 1.01 1.06 1.02 1.03 
1.03 1.04 1.03 1.02 1.01 1.04 1.03 1.03 1.02 1.06 1.03 1.03 1.03 1.04 1.02 1.06 1.06 1.03 1.03 1.02 
1.04 1.04 1.06 1.03 1.06 1.04 1.06 1.04 1.06 1.05 1.06 1.03 1.02 1.03 1.04 1.05 1.05 1.06 1.06 1.03 
1.02 1.01 1.01 1.05 1.06 1.04 1.06 1.03 1.02 1.01 1.05 1.05 1.06 1.02 1.05 1.04 1.03 1.03 1.06 1.02 
1.02 1.04 1.01 1.05 1.05 1.03 1.01 1.05 1.03 1.06 1.06 1.06 1.02 1.03 1.05 1.06 1.05 1.03 1.02 1.04 
1.06 1.02 1.05 1.02 1.04 1.05 1.02 1.05 1.04 1.03 1.02 1.06 1.01 1.02 1.05 1.05 1.04 1.06 1.04 1.06 
1.02 1.02 1.01 1.06 1.05 1.02 1.01 1.03 1.01 1.01 1.06 1.06 1.01 1.04 1.01 1.02 1.05 1.03 1.02 1.03 
1.05 1.04 1.06 1.02 1.01 1.04 1.05 1.05 1.06 1.01 1.04 1.03 1.03 1.06 1.04 1.02 1.01 1.02 1.06 1.04 
1.05 1.02 1.03 1.02 1.04 1.06 1.02 1.02 1.04 1.02 1.05 1.01 1.06 1.02 1.05 1.02 1.02 1.02 1.01 1.04 
1.03 1.05 1.04 1.03 1.04 1.05 1.03 1.06 1.03 1.06 1.02 1.01 1.01 1.04 1.02 1.03 1.03 1.03 1.05 1.05 
1.02 1.05 1.05 1.04 1.05 1.04 1.05 1.04 1.01 1.05 1.05 1.06 1.05 1.04 1.03 1.01 1.06 1.01 1.06 1.05 
1.02 1.05 1.03 1.03 1.03 1.06 1.03 1.04 1.01 1.03 1.02 1.01 1.01 1.06 1.05 1.01 1.06 1.02 1.06 1.05 
1.03 1.05 1.06 1.06 1.03 1.02 1.02 1.06 1.04 1.01 1.06 1.06 1.04 1.05 1.04 1.02 1.04 1.04 1.06 1.06 
1.04 1.04 1.03 1.05 1.03 1.02 1.04 1.06 1.01 1.01 1.05 1.05 1.01 1.04 1.05 1.03 1.04 1.03 1.06 1.05 
1.02 1.05 1.06 1.02 1.05 1.05 1.01 1.04 1.01 1.04 1.04 1.04 1.06 1.03 1.01 1.04 1.06 1.06 1.03 1.02 
1.01 1.01 1.06 1.01 1.03 1.05 1.06 1.04 1.06 1.03 1.04 1.01 1.02 1.04 1.04 1.06 1.02 1.01 1.04 1.03 
1.04 1.02 1.03 1.06 1.04 1.05 1.02 1.05 1.04 1.02 1.06 1.01 1.01 1.05 1.06 1.03 1.01 1.03 1.01 1.06 
1.03 1.05 1.03 1.02 1.01 1.06 1.02 1.01 1.02 1.05 1.02 1.06 1.06 1.06 1.03 1.05 1.06 1.02 1.06 1.05 
1.05 1.06 1.01 1.03 1.06 1.05 1.05 1.05 1.02 1.01 1.04 1.02 1.02 1.06 1.04 1.01 1.04 1.04 1.05 1.06 
1.04 1.01 1.03 1.01 1.02 1.06 1.02 1.01 1.04 1.03 1.06 1.03 1.03 1.01 1.02 1.01 1.06 1.05 1.03 1.04 
1.01 1.04 1.01 1.01 1.03 1.04 1.05 1.05 1.06 1.04 1.01 1.01 1.03 1.03 1.03 1.01 1.04 1.04 1.01 1.02 
1.04 1.04 1.02 1.04 1.02 1.06 1.01 1.04 1.01 1.06 1.01 1.05 1.05 1.02 1.05 1.02 1.06 1.04 1.06 1.05 
1.03 1.03 1.06 1.03 1.01 1.03 1.03 1.02 1.03 1.03 1.03 1.01 1.01 1.05 1.04 1.02 1.04 1.03 1.05 1.04 
1.02 1.06 1.01 1.04 1.04 1.05 1.01 1.01 1.01 1.04 1.02 1.02 1.04 1.01 1.04 1.03 1.06 1.02 1.03 1.03 
1.01 1.01 1.03 1.01 1.02 1.02 1.05 1.04 1.04 1.01 1.06 1.01 1.02 1.02 1.01 1.05 1.05 1.04 1.05 1.05 
1.03 1.06 1.03 1.05 1.02 1.05 1.06 1.02 1.01 1.06 1.02 1.03 1.01 1.03 1.04 1.04 1.04 1.05 1.02 1.05 
1.05 1.06 1.06 1.06 1.05 1.04 1.04 1.01 1.05 1.03 1.01 1.02 1.06 1.02 1.05 1.01 1.03 1.01 1.05 1.01 
1.03 1.06 1.02 1.03 1.04 1.03 1.05 1.04 1.01 1.04 1.01 1.06 1.04 1.06 1.05 1.03 1.02 1.05 1.01 1.02 
1.04 1.02 1.04 1.02 1.03 1.01 1.03 1.04 1.04 1.01 1.04 1.01 1.06 1.03 1.03 1.06 1.04 1.04 1.03 1.04 
1.01 1.01 1.04 1.06 1.01 1.01 1.02 1.05 1.02 1.05 1.03 1.01 1.03 1.01 1.02 1.04 1.01 1.01 1.05 1.03 
1.05 1.03 1.04 1.05 1.03 1.01 1.02 1.04 1.02 1.04 1.03 1.06 1.01 1.04 1.03 1.06 1.04 1.03 1.05 1.01 
1.01 1.04 1.01 1.03 1.04 1.02 1.01 1.01 1.03 1.03 1.02 1.02 1.03 1.05 1.04 1.01 1.01 1.04 1.03 1.04 
1.05 1.02 1.06 1.05 1.06 1.02 1.02 1.01 1.02 1.06 1.02 1.04 1.02 1.04 1.04 1.03 1.03 1.01 1.04 1.05 
1.03 1.01 1.02 1.05 1.04 1.03 1.05 1.04 1.06 1.02 1.05 1.04 1.01 1.04 1.06 1.02 1.06 1.01 1.06 1.06 
1.02 1.06 1.02 1.05 1.06 1.05 1.03 1.02 1.01 1.06 1.04 1.02 1.06 1.02 1.03 1.05 1.01 1.05 1.02 1.04 
1.05 1.05 1.06 1.05 1.06 1.05 1.03 1.04 1.06 1.01 1.02 1.06 1.05 1.01 1.02 1.03 1.03 1.06 1.01 1.05 
1.04 1.02 1.04 1.05 1.05 1.04 1.02 1.01 1.03 1.02 1.06 1.03 1.05 1.06 1.06 1.03 1.02 1.05 1.04 1.06 
1.03 1.04 1.06 1.03 1.05 1.04 1.02 1.05 1.04 1.02 1.05 1.03 1.02 1.03 1.04 1.06 1.01 1.01 1.03 1.06 
1.06 1.02 1.05 1.06 1.02 1.05 1.02 1.01 1.04 1.03 1.03 1.05 1.05 1.02 1.04 1.06 1.03 1.05 1.06 1.03 
1.02 1.05 1.05 1.04 1.01 1.03 1.04 1.04 1.01 1.03 1.06 1.05 1.05 1.03 1.05 1.04 1.04 1.02 1.06 1.06 
1.02 1.01 1.04 1.06 1.01 1.03 1.05 1.02 1.04 1.06 1.01 1.04 1.03 1.04 1.01 1.03 1.02 1.02 1.02 1.04 
1.03 1.06 1.02 1.02 1.05 1.03 1.01 1.05 1.02 1.04 1.04 1.01 1.02 1.05 1.04 1.05 1.02 1.03 1.05 1.06 
1.04 1.03 1.05 1.01 1.03 1.05 1.05 1.01 1.06 1.04 1.02 1.05 1.03 1.05 1.02 1.01 1.01 1.04 1.04 1.03 
1.05 1.01 1.05 1.03 1.05 1.05 1.05 1.03 1.02 1.05 1.04 1.03 1.05 1.04 1.04 1.03 1.05 1.04 1.04 1.01 
1.04 1.01 1.06 1.02 1.03 1.06 1.05 1.02 1.03 1.04 1.01 1.03 1.06 1.05 1.02 1.02 1.02 1.05 1.06 1.02 
1.06 1.01 1.05 1.04 1.06 1.05 1.03 1.05 1.02 1.03 1.05 1.02 1.06 1.05 1.04 1.02 1.04 1.06 1.04 1.06 
1.01 1.01 1.02 1.03 1.04 1.02 1.06 1.03 1.05 1.04 1.03 1.06 1.01 1.02 1.04 1.06 1.02 1.04 1.04 1.02 
1.01 1.06 1.06 1.05 1.04 1.06 1.02 1.02 1.03 1.05 1.06 1.02 1.02 1.01 1.01 1.02 1.01 1.05 1.05 1.03 
1.04 1.01 1.04 1.06 1.01 1.02 1.05 1.03 1.03 1.02 1.03 1.01 1.03 1.04 1.03 1.03 1.01 1.06 1.04 1.06 
1.03 1.06 1.06 1.05 1.03 1.03 1.04 1.02 1.01 1.06 1.01 1.01 1.06 1.06 1.02 1.03 1.04 1.02 1.05 1.06 
1.01 1.03 1.03 1.01 1.06 1.01 1.04 1.03 1.06 1.02 1.01 1.03 1.02 1.01 1.01 1.06 1.02 1.03 1.01 1.05 
1.05 1.03 1.04 1.02 1.02 1.04 1.05 1.03 1.01 1.06 1.03 1.04 1.02 1.05 1.06 1.05 1.04 1.06 1.06 1.02 
1.01 1.02 1.06 1.02 1.02 1.05 1.02 1.03 1.02 1.06 1.02 1.02 1.02 1.01 1.06 1.03 1.01 1.05 1.06 1.06 
1.03 1.03 1.05 1.02 1.02 1.05 1.02 1.05 1.04 1.02 1.05 1.06 1.03 1.06 1.02 1.06 1.02 1.02 1.05 1.06 
1.04 1.03 1.01 1.04 1.04 1.06 1.05 1.03 1.04 1.03 1.03 1.01 1.05 1.05 1.01 1.01 1.06 1.05 1.02 1.02 
1.03 1.03 1.03 1.02 1.01 1.02 1.05 1.06 1.01 1.05 1.06 1.02 1.04 1.06 1.04 1.01 1.06 1.02 1.05 1.01 
1.03 1.02 1.06 1.06 1.03 1.01 1.05 1.02 1.05 1.01 1.03 1.05 1.05 1.05 1.01 1.05 1.01 1.02 1.06 1.01 
1.02 1.06 1.05 1.05 1.01 1.05 1.05 1.01 1.01 1.05 1.02 1.06 1.02 1.02 1.02 1.06 1.03 1.05 1.05 1.06 
1.05 1.03 1.05 1.03 1.05 1.06 1.06 1.02 1.02 1.02 1.05 1.06 1.01 1.02 1.03 1.06 1.06 1.03 1.01 1.05 
1.05 1.05 1.02 1.04 1.06 1.03 1.01 1.05 1.03 1.06 1.06 1.04 1.02 1.02 1.02 1.05 1.06 1.04 1.02 1.06 
1.03 1.04 1.02 1.01 1.02 1.05 1.03 1.06 1.01 1.03 1.01 1.05 1.05 1.01 1.01 1.06 1.02 1.02 1.05 1.03 
1.05 1.04 1.01 1.05 1.06 1.04 1.02 1.06 1.02 1.02 1.01 1.01 1.02 1.01 1.04 1.05 1.05 1.04 1.06 1.04 
1.01 1.03 1.02 1.06 1.06 1.02 1.05 1.01 1.01 1.05 1.04 1.06 1.05 1.03 1.04 1.01 1.02 1.02 1.06 1.03 
1.02 1.01 1.01 1.01 1.02 1.03 1.05 1.04 1.02 1.06 1.01 1.01 1.01 1.02 1.04 1.01 1.04 1.02 1.02 1.04 
1.05 1.03 1.05 1.06 1.03 1.01 1.03 1.05 1.06 1.04 1.02 1.04 1.04 1.01 1.06 1.03 1.01 1.06 1.05 1.01 
1.03 1.06 1.03 1.02 1.05 1.04 1.05 1.03 1.06 1.02 1.03 1.04 1.06 1.05 1.05 1.02 1.03 1.04 1.05 1.02 
1.06 1.01 1.02 1.04 1.03 1.01 1.06 1.05 1.02 1.02 1.06 1.04 1.04 1.01 1.05 1.02 1.01 1.03 1.06 1.03 
1.05 1.06 1.03 1.02 1.04 1.01 1.04 1.01 1.03 1.03 1.04 1.03 1.03 1.04 1.01 1.06 1.04 1.01 1.03 1.02 
1.04 1.03 1.05 1.01 1.05 1.03 1.02 1.05 1.02 1.05 1.01 1.05 1.05 1.06 1.04 1.01 1.01 1.05 1.04 1.01 
1.05 1.03 1.06 1.03 1.02 1.01 1.05 1.05 1.05 1.05 1.05 1.05 1.03 1.01 1.03 1.02 1.06 1.01 1.05 1.06 
1.03 1.02 1.02 1.02 1.06 1.02 1.04 1.01 1.03 1.03 1.01 1.01 1.01 1.06 1.04 1.03 1.01 1.06 1.01 1.06 
1.01 1.05 1.04 1.03 1.06 1.06 1.04 1.02 1.06 1.05 1.02 1.06 1.01 1.04 1.02 1.06 1.01 1.04 1.02 1.01 
1.04 1.05 1.06 1.05 1.03 1.05 1.04 1.04 1.02 1.02 1.06 1.04 1.03 1.05 1.02 1.03 1.01 1.02 1.04 1.03 
1.06 1.03 1.03 1.02 1.01 1.02 1.06 1.02 1.05 1.02 1.06 1.03 1.02 1.06 1.04 1.05 1.06 1.02 1.04 1.04 
1.02 1.03 1.03 1.04 1.05 1.02 1.03 1.04 1.05 1.05 1.03 1.01 1.01 1.01 1.01 1.03 1.05 1.02 1.02 1.02 
1.02 1.02 1.06 1.01 1.05 1.02 1.01 1.02 1.05 1.03 1.01 1.02 1.01 1.02 1.02 1.05 1.05 1.06 1.03 1.06 
1.03 1.06 1.06 1.03 1.05 1.01 1.02 1.02 1.03 1.03 1.01 1.03 1.01 1.01 1.02 1.02 1.06 1.05 1.05 1.01 
1.02 1.04 1.02 1.01 1.05 1.03 1.06 1.06 1.01 1.02 1.01 1.06 1.04 1.05 1.01 1.05 1.04 1.01 1.06 1.04 
1.04 1.06 1.04 1.06 1.05 1.01 1.03 1.05 1.04 1.06 1.06 1.06 1.04 1.05 1.03 1.06 1.06 1.03 1.06 1.01 
1.02 1.05 1.02 1.04 1.02 1.04 1.02 1.04 1.01 1.03 1.04 1.03 1.03 1.05 1.06 1.04 1.01 1.02 1.02 1.06 
1.04 1.01 1.03 1.06 1.04 1.06 1.04 1.02 1.03 1.06 1.04 1.03 1.06 1.01 1.03 1.05 1.05 1.03 1.06 1.05 
1.05 1.03 1.02 1.02 1.04 1.02 1.01 1.02 1.03 1.02 1.01 1.01 1.06 1.02 1.04 1.05 1.06 1.02 1.05 1.06 
1.05 1.02 1.02 1.01 1.05 1.04 1.06 1.01 1.01 1.06 1.02 1.06 1.05 1.01 1.03 1.05 1.02 1.05 1.04 1.06 
1.03 1.05 1.06 1.03 1.04 1.03 1.05 1.03 1.05 1.03 1.02 1.05 1.06 1.03 1.05 1.04 1.02 1.04 1.01 1.03 
1.02 1.05 1.04 1.05 1.01 1.06 1.05 1.06 1.06 1.06 1.01 1.03 1.03 1.03 1.01 1.06 1.01 1.03 1.01 1.01 
1.03 1.06 1.02 1.04 1.02 1.04 1.03 1.05 1.01 1.05 1.03 1.04 1.04 1.04 1.02 1.01 1.05 1.04 1.06 1.04 
1.06 1.04 1.02 1.02 1.01 1.04 1.05 1.03 1.02 1.02 1.01 1.04 1.05 1.04 1.02 1.04 1.05 1.05 1.02 1.05 
1.03 1.02 1.04 1.04 1.06 1.04 1.03 1.04 1.03 1.01 1.05 1.04 1.02 1.03 1.04 1.02 1.01 1.03 1.05 1.04 
1.06 1.04 1.05 1.01 1.06 1.01 1.06 1.05 1.02 1.05 1.03 1.01 1.03 1.04 1.04 1.02 1.01 1.05 1.01 1.01 
1.03 1.05 1.04 1.01 1.01 1.02 1.03 1.02 1.04 1.01 1.06 1.03 1.03 1.02 1.03 1.05 1.02 1.03 1.02 1.04 
1.03 1.03 1.05 1.05 1.03 1.05 1.06 1.06 1.06 1.01 1.06 1.03 1.01 1.02 1.03 1.02 1.03 1.03 1.05 1.05 
1.05 1.04 1.05 1.06 1.01 1.04 1.05 1.06 1.06 1.01 1.03 1.04 1.02 1.01 1.06 1.04 1.06 1.06 1.06 1.03 
1.03 1.06 1.06 1.03 1.03 1.04 1.03 1.05 1.02 1.01 1.03 1.02 1.03 1.05 1.05 1.01 1.06 1.06 1.05 1.04 
1.05 1.04 1.05 1.04 1.04 1.01 1.04 1.03 1.01 1.03 1.03 1.01 1.02 1.02 1.06 1.06 1.05 1.03 1.03 1.02 
1.06 1.06 1.01 1.02 1.06 1.04 1.01 1.05 1.02 1.02 1.01 1.02 1.03 1.04 1.06 1.03 1.06 1.01 1.03 1.03 
1.01 1.06 1.03 1.01 1.02 1.03 1.03 1.05 1.01 1.06 1.06 1.05 1.04 1.06 1.05 1.06 1.06 1.03 1.02 1.05 
1.03 1.04 1.01 1.04 1.03 1.04 1.03 1.06 1.06 1.03 1.03 1.03 1.04 1.05 1.02 1.06 1.04 1.05 1.01 1.05 
1.06 1.01 1.05 1.05 1.06 1.06 1.02 1.04 1.06 1.06 1.01 1.04 1.02 1.05 1.05 1.01 1.03 1.06 1.02 1.04 
1.01 1.04 1.05 1.02 1.02 1.04 1.01 1.03 1.05 1.02 1.04 1.05 1.01 1.04 1.03 1.04 1.01 1.04 1.06 1.05 
1.01 1.02 1.06 1.02 1.06 1.02 1.01 1.04 1.02 1.02 1.05 1.03 1.05 1.01 1.02 1.01 1.02 1.03 1.02 1.05 
1.05 1.06 1.06 1.03 1.01 1.05 1.05 1.06 1.04 1.03 1.04 1.02 1.02 1.01 1.03 1.04 1.02 1.01 1.01 1.06 
1.05 1.02 1.01 1.02 1.05 1.06 1.02 1.02 1.01 1.01 1.02 1.04 1.04 1.04 1.06 1.06 1.06 1.04 1.04 1.03 
1.02 1.04 1.06 1.06 1.01 1.06 1.01 1.01 1.04 1.01 1.04 1.02 1.02 1.04 1.01 1.04 1.06 1.04 1.05 1.02 
1.04 1.06 1.03 1.05 1.04 1.04 1.04 1.02 1.06 1.03 1.05 1.06 1.01 1.01 1.02 1.02 1.04 1.02 1.02 1.02 
1.05 1.04 1.03 1.02 1.02 1.04 1.03 1.06 1.06 1.05 1.03 1.01 1.01 1.02 1.03 1.04 1.02 1.02 1.06 1.01 
1.02 1.02 1.06 1.01 1.03 1.01 1.03 1.03 1.01 1.05 1.06 1.02 1.05 1.02 1.02 1.01 1.05 1.04 1.05 1.03 
1.02 1.01 1.01 1.04 1.06 1.01 1.05 1.05 1.04 1.04 1.05 1.05 1.05 1.01 1.01 1.03 1.02 1.03 1.03 1.06 
1.06 1.04 1.04 1.05 1.03 1.03 1.03 1.03 1.02 1.04 1.03 1.02 1.05 1.02 1.02 1.03 1.05 1.02 1.03 1.03 
1.06 1.06 1.04 1.06 1.02 1.05 1.06 1.04 1.02 1.02 1.05 1.06 1.03 1.04 1.04 1.02 1.02 1.05 1.03 1.03 
1.02 1.03 1.05 1.06 1.01 1.04 1.05 1.03 1.06 1.02 1.05 1.03 1.06 1.02 1.05 1.01 1.01 1.06 1.04 1.01 
1.01 1.03 1.01 1.01 1.04 1.04 1.06 1.01 1.04 1.02 1.02 1.05 1.02 1.01 1.06 1.04 1.05 1.05 1.01 1.05 
1.01 1.02 1.03 1.05 1.03 1.02 1.04 1.05 1.02 1.03 1.02 1.05 1.04 1.02 1.03 1.04 1.03 1.03 1.05 1.05 
1.06 1.01 1.06 1.02 1.04 1.04 1.01 1.03 1.06 1.02 1.03 1.03 1.03 1.03 1.06 1.05 1.03 1.03 1.06 1.01 
1.05 1.03 1.05 1.05 1.06 1.06 1.06 1.05 1.04 1.03 1.06 1.02 1.02 1.04 1.02 1.01 1.02 1.06 1.04 1.01 
1.04 1.03 1.04 1.02 1.01 1.01 1.05 1.02 1.06 1.01 1.01 1.03 1.04 1.02 1.06 1.02 1.06 1.03 1.06 1.06 
1.03 1.05 1.05 1.03 1.01 1.02 1.04 1.06 1.06 1.05 1.03 1.05 1.06 1.01 1.05 1.04 1.04 1.01 1.06 1.01 
1.04 1.06 1.01 1.04 1.03 1.02 1.06 1.01 1.06 1.05 1.03 1.04 1.04 1.05 1.02 1.01 1.04 1.02 1.06 1.06 
1.02 1.05 1.05 1.04 1.02 1.05 1.01 1.06 1.02 1.03 1.03 1.04 1.02 1.02 1.06 1.03 1.02 1.02 1.06 1.03 
1.05 1.06 1.02 1.06 1.01 1.03 1.05 1.04 1.03 1.06 1.03 1.03 1.04 1.02 1.02 1.01 1.05 1.05 1.04 1.04 
1.02 1.01 1.01 1.02 1.05 1.03 1.01 1.01 1.01 1.05 1.01 1.04 1.05 1.04 1.01 1.06 1.01 1.01 1.05 1.05 
1.01 1.06 1.05 1.04 1.01 1.03 1.04 1.03 1.02 1.05 1.06 1.03 1.04 1.05 1.02 1.04 1.01 1.05 1.01 1.05 
1.02 1.01 1.06 1.05 1.01 1.03 1.02 1.01 1.01 1.03 1.06 1.06 1.05 1.06 1.03 1.01 1.04 1.06 1.02 1.05 
1.05 1.02 1.02 1.06 1.05 1.05 1.06 1.01 1.01 1.04 1.02 1.01 1.02 1.01 1.01 1.05 1.06 1.01 1.06 1.01 
1.05 1.01 1.06 1.06 1.03 1.04 1.01 1.05 1.04 1.02 1.06 1.04 1.01 1.01 1.06 1.04 1.02 1.01 1.06 1.04 
1.06 1.04 1.04 1.02 1.04 1.03 1.04 1.03 1.02 1.02 1.01 1.03 1.05 1.03 1.06 1.01 1.04 1.03 1.05 1.03 
1.01 1.05 1.06 1.06 1.02 1.02 1.02 1.06 1.01 1.05 1.04 1.01 1.04 1.05 1.01 1.02 1.01 1.01 1.06 1.04 
1.06 1.02 1.02 1.05 1.05 1.01 1.04 1.02 1.01 1.03 1.06 1.06 1.06 1.04 1.01 1.02 1.01 1.02 1.03 1.06 
1.01 1.06 1.04 1.02 1.04 1.02 1.04 1.04 1.03 1.05 1.01 1.01 1.06 1.04 1.03 1.04 1.06 1.04 1.05 1.06 
1.04 1.06 1.06 1.01 1.01 1.03 1.06 1.05 1.03 1.03 1.01 1.05 1.04 1.02 1.01 1.04 1.04 1.03 1.06 1.06 
1.02 1.03 1.05 1.03 1.03 1.06 1.06 1.05 1.06 1.02 1.03 1.04 1.05 1.06 1.05 1.04 1.04 1.05 1.01 1.02 
1.06 1.03 1.01 1.01 1.01 1.06 1.04 1.05 1.03 1.04 1.06 1.05 1.05 1.01 1.03 1.06 1.02 1.06 1.06 1.04 
1.01 1.02 1.04 1.01 1.03 1.01 1.04 1.02 1.03 1.06 1.06 1.04 1.05 1.04 1.03 1.03 1.05 1.01 1.02 1.06 
1.02 1.03 1.03 1.04 1.01 1.03 1.05 1.05 1.03 1.04 1.03 1.04 1.06 1.03 1.01 1.02 1.01 1.03 1.04 1.05 
1.03 1.05 1.05 1.02 1.03 1.02 1.03 1.05 1.02 1.01 1.06 1.04 1.05 1.06 1.04 1.04 1.05 1.06 1.06 1.02 
1.03 1.06 1.05 1.01 1.06 1.05 1.06 1.02 1.02 1.04 1.06 1.04 1.04 1.06 1.06 1.01 1.03 1.03 1.04 1.04 
1.05 1.04 1.01 1.04 1.05 1.03 1.04 1.04 1.01 1.06 1.06 1.04 1.05 1.03 1.05 1.02 1.03 1.06 1.06 1.03 
1.01 1.06 1.05 1.01 1.06 1.02 1.06 1.06 1.03 1.01 1.04 1.05 1.03 1.01 1.04 1.03 1.05 1.02 1.02 1.02 
1.05 1.02 1.01 1.03 1.05 1.02 1.06 1.01 1.02 1.01 1.01 1.06 1.06 1.01 1.04 1.03 1.06 1.05 1.02 1.06 
1.03 1.03 1.03 1.04 1.02 1.01 1.06 1.02 1.03 1.04 1.01 1.05 1.05 1.01 1.02 1.05 1.04 1.05 1.02 1.01 
1.05 1.01 1.03 1.06 1.03 1.04 1.06 1.03 1.03 1.01 1.06 1.01 1.02 1.01 1.04 1.04 1.05 1.04 1.02 1.04 
1.03 1.05 1.03 1.05 1.01 1.05 1.03 1.04 1.04 1.05 1.03 1.01 1.05 1.04 1.03 1.02 1.05 1.05 1.04 1.06 
1.03 1.02 1.04 1.02 1.03 1.02 1.01 1.05 1.03 1.01 1.04 1.03 1.06 1.01 1.04 1.04 1.05 1.04 1.04 1.03 
1.06 1.06 1.05 1.06 1.05 1.01 1.01 1.05 1.05 1.03 1.03 1.05 1.05 1.06 1.03 1.04 1.06 1.01 1.02 1.04 
1.06 1.04 1.04 1.06 1.06 1.02 1.05 1.01 1.03 1.03 1.04 1.02 1.05 1.06 1.06 1.05 1.03 1.02 1.05 1.04 
1.03 1.01 1.01 1.02 1.06 1.02 1.03 1.06 1.06 1.04 1.02 1.05 1.02 1.05 1.04 1.02 1.01 1.04 1.04 1.01 
1.01 1.03 1.06 1.03 1.05 1.01 1.03 1.05 1.04 1.05 1.06 1.04 1.06 1.03 1.06 1.06 1.04 1.03 1.06 1.03 
1.06 1.01 1.02 1.01 1.04 1.02 1.05 1.04 1.05 1.01 1.03 1.01 1.05 1.06 1.01 1.02 1.05 1.05 1.01 1.03 
1.05 1.02 1.02 1.01 1.01 1.01 1.02 1.02 1.05 1.01 1.01 1.04 1.06 1.02 1.04 1.01 1.01 1.01 1.06 1.03 
1.05 1.03 1.05 1.04 1.04 1.03 1.03 1.02 1.04 1.02 1.04 1.01 1.01 1.05 1.05 1.02 1.04 1.02 1.04 1.01 
1.06 1.03 1.02 1.04 1.01 1.01 1.02 1.04 1.06 1.04 1.05 1.04 1.01 1.04 1.02 1.06 1.05 1.04 1.02 1.03 
1.04 1.06 1.02 1.02 1.02 1.02 1.06 1.06 1.02 1.03 1.03 1.02 1.05 1.05 1.03 1.03 1.04 1.05 1.02 1.05 
1.05 1.01 1.06 1.04 1.06 1.06 1.06 1.05 1.05 1.01 1.04 1.05 1.05 1.04 1.02 1.03 1.04 1.04 1.04 1.04 
1.02 1.02 1.05 1.04 1.06 1.05 1.05 1.06 1.01 1.04 1.02 1.04 1.05 1.05 1.03 1.02 1.05 1.06 1.02 1.03 
1.06 1.06 1.01 1.02 1.03 1.04 1.06 1.05 1.02 1.01 1.01 1.04 1.04 1.04 1.02 1.02 1.03 1.01 1.01 1.06 
1.04 1.06 1.02 1.04 1.05 1.04 1.01 1.05 1.03 1.04 1.05 1.01 1.02 1.01 1.04 1.05 1.02 1.02 1.06 1.01 
1.05 1.04 1.03 1.04 1.06 1.05 1.04 1.03 1.03 1.05 1.01 1.02 1.04 1.01 1.06 1.05 1.01 1.03 1.06 1.05 
