20
200
48 65 51 53 86 84 100 41 39 49 17 37 79 63 27 40 41 100 39 7 22 14 7 66 10 92 3 36 5 48 90 82 40 18 88 9 90 84 34 17 81 91 90 96 95 10 15 68 90 98 67 45 28 75 71 15 78 61 82 6 87 64 62 59 56 76 20 51 71 63 10 57 60 73 74 88 86 23 48 52 66 83 28 46 21 39 49 3 3 74 5 10 20 50 75 65 62 28 5 59 71 78 85 84 33 59 70 33 79 76 54 71 1 81 91 28 71 62 3 15 54 55 32 21 35 33 8 54 20 79 20 90 16 83 51 11 79 30 66 94 78 79 61 87 24 42 44 86 89 32 91 27 26 40 11 26 9 38 42 71 90 15 65 76 74 68 4 9 42 12 69 39 68 74 73 24 22 56 63 86 100 37 78 6 43 82 74 11 65 87 65 19 54 6 92 52 23 84 43 43 
4 7 7 2 4 1 2 3 6 9 8 1 7 7 1 5 8 5 2 8 
1.05 1.09 1.11 1.07 1.08 1.06 1.08 1.05 1.05 1.14 1.06 1.08 1.13 1.05 1.14 1.12 1.06 1.13 1.11 1.14 
1.08 1.08 1.06 1.14 1.05 1.14 1.11 1.13 1.11 1.11 1.06 1.14 1.05 1.14 1.14 1.08 1.11 1.09 1.13 1.09 
1.06 1.06 1.09 1.13 1.05 1.09 1.11 1.05 1.13 1.06 1.05 1.12 1.06 1.12 1.05 1.09 1.09 1.11 1.07 1.05 
1.14 1.1 1.1 1.11 1.14 1.12 1.14 1.12 1.12 1.06 1.09 1.09 1.1 1.09 1.11 1.08 1.11 1.14 1.14 1.05 
1.1 1.1 1.08 1.1 1.09 1.07 1.13 1.08 1.11 1.14 1.11 1.14 1.14 1.06 1.08 1.12 1.09 1.06 1.14 1.11 
1.14 1.07 1.13 1.05 1.09 1.07 1.12 1.08 1.07 1.08 1.05 1.14 1.13 1.1 1.13 1.05 1.08 1.14 1.1 1.1 
1.09 1.06 1.08 1.09 1.08 1.11 1.05 1.06 1.1 1.14 1.05 1.07 1.07 1.14 1.09 1.06 1.06 1.1 1.11 1.08 
1.14 1.11 1.05 1.11 1.06 1.06 1.14 1.06 1.05 1.11 1.08 1.14 1.05 1.14 1.1 1.08 1.11 1.07 1.07 1.12 
1.12 1.1 1.07 1.05 1.12 1.11 1.12 1.12 1.12 1.08 1.14 1.11 1.11 1.14 1.05 1.06 1.12 1.05 1.05 1.13 
1.07 1.1 1.14 1.1 1.14 1.14 1.13 1.14 1.07 1.09 1.12 1.09 1.08 1.1 1.14 1.13 1.05 1.1 1.06 1.08 
1.13 1.09 1.07 1.12 1.05 1.11 1.06 1.1 1.08 1.06 1.09 1.07 1.09 1.05 1.09 1.1 1.1 1.14 1.08 1.11 
1.06 1.13 1.11 1.06 1.1 1.08 1.07 1.11 1.09 1.11 1.07 1.13 1.08 1.09 1.05 1.07 1.1 1.05 1.08 1.07 
1.07 1.13 1.12 1.06 1.13 1.1 1.06 1.05 1.06 1.07 1.13 1.05 1.09 1.06 1.1 1.1 1.07 1.13 1.06 1.11 
1.09 1.12 1.12 1.08 1.08 1.12 1.08 1.13 1.13 1.12 1.05 1.14 1.07 1.07 1.08 1.09 1.14 1.11 1.13 1.07 
1.11 1.13 1.12 1.07 1.13 1.08 1.07 1.07 1.06 1.13 1.07 1.13 1.13 1.11 1.05 1.12 1.13 1.13 1.11 1.14 
1.12 1.11 1.09 1.1 1.11 1.14 1.05 1.14 1.06 1.09 1.12 1.11 1.05 1.11 1.08 1.1 1.11 1.1 1.07 1.1 
1.11 1.09 1.11 1.06 1.08 1.1 1.13 1.09 1.06 1.06 1.06 1.13 1.06 1.1 1.14 1.05 1.12 1.13 1.12 1.12 
1.12 1.1 1.12 1.1 1.11 1.11 1.09 1.14 1.08 1.06 1.09 1.13 1.14 1.05 1.12 1.06 1.12 1.12 1.14 1.08 
1.13 1.06 1.07 1.06 1.1 1.11 1.09 1.14 1.12 1.08 1.12 1.06 1.11 1.05 1.11 1.07 1.14 1.12 1.11 1.09 
1.1 1.09 1.11 1.14 1.08 1.12 1.09 1.14 1.1 1.11 1.14 1.11 1.07 1.1 1.07 1.1 1.12 1.05 1.12 1.11 
1.08 1.13 1.07 1.13 1.1 1.11 1.05 1.11 1.07 1.14 1.09 1.14 1.09 1.11 1.05 1.1 1.08 1.08 1.14 1.11 
1.09 1.13 1.08 1.12 1.13 1.1 1.1 1.12 1.11 1.06 1.13 1.07 1.06 1.14 1.05 1.1 1.13 1.06 1.09 1.06 
1.14 1.11 1.09 1.09 1.1 1.13 1.13 1.06 1.05 1.09 1.13 1.07 1.11 1.14 1.06 1.08 1.09 1.12 1.1 1.07 
1.07 1.09 1.08 1.14 1.05 1.07 1.1 1.09 1.06 1.1 1.05 1.05 1.07 1.07 1.11 1.07 1.06 1.11 1.11 1.1 
1.06 1.13 1.07 1.14 1.11 1.08 1.06 1.1 1.14 1.09 1.1 1.06 1.09 1.13 1.1 1.09 1.07 1.06 1.13 1.11 
1.09 1.11 1.07 1.14 1.07 1.09 1.06 1.07 1.09 1.1 1.1 1.1 1.09 1.11 1.14 1.08 1.08 1.09 1.06 1.05 
1.07 1.06 1.06 1.09 1.12 1.12 1.05 1.13 1.09 1.07 1.08 1.05 1.1 1.05 1.08 1.06 1.09 1.11 1.09 1.12 
1.1 1.06 1.09 1.09 1.08 1.13 1.06 1.07 1.08 1.13 1.13 1.1 1.08 1.05 1.06 1.09 1.1 1.11 1.05 1.05 
1.1 1.07 1.05 1.12 1.05 1.13 1.11 1.09 1.1 1.14 1.12 1.11 1.14 1.07 1.1 1.13 1.06 1.14 1.12 1.06 
1.08 1.13 1.06 1.11 1.11 1.05 1.09 1.14 1.12 1.09 1.08 1.1 1.1 1.14 1.11 1.09 1.09 1.09 1.1 1.08 
1.12 1.13 1.05 1.11 1.07 1.05 1.09 1.07 1.12 1.09 1.14 1.05 1.13 1.07 1.07 1.12 1.13 1.06 1.07 1.14 
1.09 1.11 1.08 1.07 1.14 1.1 1.05 1.07 1.05 1.14 1.09 1.1 1.09 1.12 1.07 1.09 1.1 1.08 1.13 1.08 
1.12 1.12 1.12 1.13 1.09 1.07 1.12 1.11 1.05 1.12 1.11 1.06 1.07 1.08 1.12 1.07 1.07 1.07 1.13 1.09 
1.12 1.14 1.14 1.13 1.07 1.12 1.06 1.05 1.1 1.13 1.06 1.09 1.07 1.13 1.07 1.08 1.1 1.13 1.12 1.05 
1.1 1.07 1.13 1.09 1.11 1.1 1.13 1.08 1.1 1.09 1.09 1.14 1.08 1.06 1.08 1.05 1.14 1.14 1.1 1.08 
1.05 1.09 1.06 1.07 1.06 1.1 1.1 1.1 1.09 1.05 1.07 1.12 1.11 1.09 1.13 1.1 1.14 1.14 1.1 1.13 
1.05 1.1 1.07 1.05 1.07 1.08 1.09 1.07 1.12 1.07 1.13 1.1 1.12 1.08 1.06 1.13 1.13 1.07 1.05 1.12 
1.13 1.07 1.07 1.12 1.08 1.12 1.14 1.08 1.12 1.1 1.11 1.13 1.08 1.08 1.09 1.06 1.06 1.13 1.09 1.11 
1.05 1.08 1.08 1.08 1.06 1.05 1.08 1.08 1.05 1.13 1.12 1.07 1.13 1.09 1.05 1.05 1.11 1.08 1.08 1.07 
1.1 1.06 1.1 1.09 1.06 1.11 1.05 1.08 1.14 1.07 1.07 1.12 1.11 1.09 1.09 1.1 1.07 1.1 1.06 1.06 
1.11 1.05 1.14 1.13 1.1 1.09 1.09 1.11 1.07 1.08 1.08 1.11 1.06 1.08 1.14 1.14 1.1 1.1 1.05 1.08 
1.08 1.07 1.07 1.05 1.12 1.11 1.14 1.06 1.07 1.11 1.07 1.14 1.13 1.05 1.05 1.06 1.08 1.09 1.11 1.07 
1.09 1.14 1.06 1.06 1.11 1.08 1.05 1.05 1.14 1.13 1.07 1.11 1.08 1.13 1.06 1.13 1.11 1.06 1.05 1.14 
1.11 1.06 1.1 1.12 1.08 1.06 1.07 1.09 1.09 1.1 1.14 1.11 1.07 1.07 1.06 1.13 1.1 1.14 1.05 1.11 
1.13 1.07 1.07 1.12 1.08 1.08 1.12 1.09 1.11 1.08 1.14 1.09 1.08 1.13 1.05 1.1 1.1 1.12 1.06 1.06 
1.14 1.1 1.07 1.12 1.06 1.08 1.11 1.14 1.07 1.1 1.07 1.11 1.1 1.05 1.11 1.06 1.1 1.14 1.11 1.12 
1.13 1.05 1.12 1.07 1.07 1.12 1.06 1.11 1.14 1.05 1.11 1.06 1.14 1.11 1.07 1.05 1.07 1.09 1.07 1.11 
1.07 1.08 1.09 1.13 1.13 1.13 1.13 1.06 1.14 1.13 1.1 1.05 1.07 1.05 1.06 1.05 1.1 1.08 1.05 1.08 
1.11 1.07 1.12 1.12 1.05 1.13 1.12 1.13 1.12 1.12 1.14 1.14 1.06 1.14 1.06 1.1 1.09 1.09 1.05 1.06 
1.08 1.11 1.07 1.05 1.09 1.08 1.13 1.12 1.08 1.11 1.1 1.09 1.09 1.1 1.07 1.09 1.1 1.14 1.08 1.11 
1.12 1.06 1.09 1.1 1.05 1.07 1.12 1.08 1.07 1.14 1.08 1.05 1.1 1.08 1.11 1.14 1.06 1.12 1.13 1.1 
1.08 1.08 1.1 1.14 1.13 1.12 1.05 1.1 1.1 1.14 1.05 1.12 1.06 1.1 1.1 1.11 1.07 1.13 1.05 1.13 
1.13 1.05 1.05 1.13 1.1 1.12 1.08 1.05 1.09 1.11 1.08 1.13 1.08 1.06 1.06 1.14 1.11 1.1 1.09 1.1 
1.09 1.07 1.09 1.07 1.14 1.12 1.05 1.1 1.06 1.14 1.12 1.14 1.06 1.06 1.07 1.11 1.12 1.11 1.1 1.07 
1.08 1.1 1.11 1.07 1.09 1.13 1.06 1.13 1.12 1.08 1.07 1.06 1.05 1.08 1.13 1.09 1.05 1.05 1.05 1.07 
1.13 1.1 1.07 1.06 1.07 1.14 1.1 1.09 1.05 1.1 1.12 1.05 1.1 1.05 1.08 1.08 1.05 1.09 1.12 1.1 
1.09 1.09 1.11 1.12 1.09 1.07 1.13 1.08 1.1 1.13 1.11 1.05 1.09 1.13 1.1 1.11 1.1 1.11 1.14 1.1 
1.06 1.11 1.08 1.06 1.12 1.09 1.07 1.09 1.07 1.05 1.13 1.1 1.08 1.14 1.1 1.05 1.07 1.06 1.09 1.11 
1.05 1.08 1.05 1.09 1.08 1.11 1.08 1.06 1.11 1.07 1.14 1.05 1.1 1.1 1.12 1.09 1.09 1.07 1.07 1.11 
1.07 1.12 1.13 1.08 1.14 1.05 1.06 1.07 1.13 1.09 1.11 1.08 1.06 1.08 1.07 1.12 1.07 1.1 1.06 1.11 
1.09 1.08 1.05 1.08 1.09 1.13 1.09 1.11 1.11 1.06 1.08 1.05 1.14 1.1 1.1 1.07 1.14 1.08 1.13 1.14 
1.05 1.1 1.1 1.07 1.14 1.13 1.09 1.09 1.13 1.05 1.13 1.07 1.11 1.14 1.12 1.06 1.14 1.1 1.07 1.14 
1.08 1.07 1.07 1.11 1.11 1.12 1.05 1.1 1.14 1.08 1.11 1.13 1.08 1.07 1.11 1.13 1.12 1.05 1.05 1.07 
1.14 1.08 1.13 1.1 1.08 1.09 1.07 1.07 1.05 1.07 1.06 1.05 1.09 1.06 1.06 1.06 1.08 1.06 1.14 1.1 
1.09 1.1 1.09 1.11 1.14 1.08 1.14 1.13 1.09 1.12 1.13 1.11 1.13 1.09 1.06 1.05 1.09 1.08 1.14 1.11 
1.06 1.1 1.07 1.06 1.05 1.06 1.13 1.09 1.12 1.08 1.05 1.09 1.12 1.08 1.06 1.1 1.12 1.11 1.13 1.09 
1.09 1.07 1.11 1.09 1.08 1.1 1.06 1.11 1.12 1.11 1.11 1.05 1.11 1.07 1.11 1.09 1.11 1.14 1.11 1.05 
1.06 1.06 1.13 1.12 1.09 1.11 1.1 1.06 1.13 1.08 1.12 1.07 1.08 1.08 1.08 1.1 1.1 1.07 1.13 1.08 
1.07 1.07 1.12 1.13 1.05 1.07 1.12 1.07 1.07 1.08 1.06 1.11 1.13 1.14 1.09 1.05 1.11 1.11 1.07 1.14 
1.1 1.06 1.1 1.08 1.1 1.14 1.09 1.11 1.14 1.12 1.14 1.14 1.05 1.05 1.05 1.13 1.14 1.14 1.08 1.13 
1.14 1.09 1.14 1.13 1.13 1.14 1.07 1.1 1.12 1.1 1.07 1.12 1.07 1.11 1.13 1.06 1.09 1.14 1.05 1.11 
1.14 1.07 1.09 1.08 1.09 1.11 1.12 1.07 1.06 1.05 1.05 1.07 1.12 1.09 1.12 1.14 1.08 1.06 1.11 1.1 
1.07 1.06 1.07 1.13 1.06 1.06 1.09 1.1 1.07 1.12 1.12 1.13 1.13 1.06 1.12 1.06 1.07 1.13 1.12 1.1 
1.08 1.11 1.11 1.09 1.14 1.06 1.05 1.06 1.07 1.08 1.05 1.06 1.11 1.05 1.1 1.08 1.07 1.14 1.05 1.09 
1.1 1.12 1.14 1.14 1.11 1.05 1.07 1.05 1.1 1.07 1.12 1.12 1.11 1.13 1.12 1.1 1.13 1.1 1.11 1.13 
1.11 1.11 1.11 1.08 1.12 1.07 1.1 1.08 1.14 1.08 1.09 1.14 1.08 1.07 1.06 1.07 1.07 1.11 1.09 1.06 
1.07 1.11 1.1 1.06 1.09 1.1 1.1 1.08 1.07 1.14 1.06 1.14 1.14 1.05 1.14 1.06 1.09 1.08 1.13 1.08 
1.13 1.05 1.08 1.12 1.13 1.06 1.11 1.07 1.14 1.1 1.12 1.1 1.08 1.08 1.08 1.12 1.07 1.12 1.1 1.1 
1.05 1.06 1.1 1.12 1.13 1.08 1.09 1.07 1.1 1.14 1.13 1.05 1.1 1.11 1.13 1.1 1.09 1.05 1.06 1.05 
1.14 1.08 1.12 1.12 1.07 1.1 1.11 1.11 1.13 1.06 1.11 1.1 1.09 1.05 1.07 1.12 1.11 1.08 1.12 1.13 
1.08 1.08 1.13 1.1 1.11 1.05 1.11 1.13 1.14 1.07 1.05 1.05 1.14 1.07 1.11 1.11 1.11 1.12 1.13 1.08 
1.14 1.05 1.12 1.12 1.08 1.12 1.08 1.07 1.14 1.07 1.07 1.05 1.12 1.1 1.13 1.05 1.06 1.07 1.12 1.09 
1.1 1.1 1.14 1.12 1.07 1.09 1.07 1.14 1.08 1.06 1.12 1.14 1.07 1.07 1.05 1.1 1.07 1.09 1.1 1.11 
1.13 1.11 1.11 1.12 1.06 1.12 1.07 1.05 1.1 1.1 1.14 1.11 1.14 1.08 1.09 1.09 1.13 1.05 1.07 1.14 
1.08 1.13 1.07 1.14 1.06 1.11 1.13 1.06 1.1 1.1 1.11 1.12 1.05 1.1 1.08 1.07 1.13 1.08 1.1 1.14 
1.1 1.14 1.09 1.1 1.11 1.07 1.08 1.13 1.05 1.12 1.12 1.07 1.11 1.09 1.08 1.13 1.08 1.09 1.14 1.07 
1.08 1.11 1.13 1.05 1.08 1.05 1.06 1.07 1.1 1.12 1.1 1.06 1.05 1.1 1.13 1.11 1.13 1.11 1.14 1.13 
1.06 1.06 1.05 1.14 1.06 1.06 1.13 1.08 1.06 1.05 1.12 1.1 1.12 1.06 1.12 1.06 1.09 1.12 1.1 1.11 
1.13 1.1 1.06 1.12 1.13 1.09 1.12 1.05 1.13 1.1 1.1 1.05 1.06 1.1 1.06 1.1 1.13 1.07 1.13 1.13 
1.07 1.11 1.12 1.11 1.06 1.07 1.09 1.06 1.13 1.08 1.06 1.14 1.09 1.06 1.1 1.13 1.14 1.13 1.14 1.11 
1.08 1.12 1.05 1.14 1.05 1.12 1.09 1.06 1.05 1.12 1.06 1.09 1.11 1.08 1.1 1.05 1.09 1.12 1.05 1.1 
1.1 1.05 1.06 1.06 1.05 1.07 1.14 1.09 1.13 1.09 1.08 1.1 1.06 1.08 1.14 1.14 1.14 1.08 1.05 1.13 
1.07 1.06 1.05 1.09 1.06 1.1 1.14 1.14 1.1 1.14 1.06 1.09 1.12 1.12 1.11 1.14 1.05 1.07 1.13 1.06 
1.13 1.09 1.07 1.09 1.08 1.1 1.11 1.12 1.12 1.06 1.14 1.08 1.12 1.12 1.06 1.12 1.09 1.08 1.08 1.06 
1.11 1.05 1.1 1.14 1.14 1.13 1.14 1.12 1.06 1.1 1.07 1.07 1.12 1.06 1.13 1.09 1.08 1.11 1.06 1.08 
1.08 1.08 1.06 1.12 1.14 1.08 1.05 1.13 1.05 1.12 1.09 1.08 1.12 1.09 1.11 1.13 1.05 1.09 1.09 1.06 
1.11 1.1 1.13 1.08 1.13 1.14 1.08 1.14 1.07 1.1 1.05 1.07 1.11 1.08 1.06 1.12 1.05 1.11 1.07 1.05 
1.06 1.09 1.14 1.05 1.08 1.14 1.12 1.09 1.14 1.1 1.08 1.13 1.14 1.05 1.11 1.14 1.09 1.08 1.05 1.09 
1.1 1.11 1.11 1.06 1.07 1.06 1.06 1.06 1.07 1.1 1.1 1.11 1.05 1.07 1.13 1.07 1.12 1.06 1.07 1.06 
1.05 1.07 1.09 1.12 1.07 1.07 1.09 1.08 1.14 1.09 1.14 1.11 1.05 1.12 1.07 1.06 1.14 1.11 1.11 1.07 
1.12 1.08 1.11 1.07 1.07 1.06 1.12 1.11 1.09 1.07 1.06 1.13 1.12 1.14 1.1 1.13 1.09 1.08 1.1 1.09 
1.13 1.11 1.09 1.13 1.05 1.06 1.11 1.08 1.13 1.05 1.13 1.11 1.1 1.08 1.06 1.08 1.08 1.11 1.07 1.07 
1.14 1.05 1.1 1.14 1.11 1.08 1.1 1.14 1.05 1.08 1.08 1.08 1.13 1.1 1.05 1.1 1.09 1.12 1.13 1.1 
1.13 1.13 1.1 1.06 1.1 1.08 1.13 1.1 1.13 1.11 1.09 1.11 1.09 1.14 1.13 1.08 1.06 1.13 1.08 1.1 
1.11 1.07 1.07 1.08 1.12 1.13 1.12 1.1 1.07 1.06 1.12 1.07 1.14 1.12 1.13 1.09 1.09 1.13 1.07 1.11 
1.13 1.08 1.06 1.12 1.06 1.11 1.08 1.08 1.07 1.11 1.06 1.11 1.1 1.1 1.14 1.08 1.07 1.1 1.08 1.06 
1.07 1.11 1.12 1.07 1.13 1.12 1.1 1.07 1.1 1.05 1.1 1.08 1.06 1.05 1.06 1.14 1.12 1.06 1.06 1.06 
1.08 1.08 1.14 1.08 1.09 1.11 1.12 1.14 1.09 1.08 1.12 1.1 1.1 1.13 1.09 1.14 1.13 1.09 1.05 1.08 
1.11 1.12 1.08 1.1 1.12 1.12 1.1 1.11 1.12 1.09 1.14 1.13 1.13 1.08 1.11 1.06 1.09 1.05 1.14 1.11 
1.1 1.11 1.14 1.07 1.13 1.12 1.09 1.05 1.14 1.06 1.05 1.13 1.07 1.08 1.1 1.13 1.14 1.09 1.05 1.11 
1.12 1.1 1.12 1.05 1.1 1.14 1.11 1.08 1.12 1.13 1.07 1.1 1.1 1.14 1.05 1.11 1.13 1.06 1.05 1.11 
1.07 1.08 1.05 1.12 1.1 1.05 1.14 1.13 1.05 1.06 1.05 1.11 1.11 1.07 1.14 1.07 1.13 1.07 1.12 1.09 
1.08 1.12 1.14 1.06 1.06 1.09 1.11 1.13 1.11 1.07 1.1 1.06 1.11 1.07 1.14 1.12 1.11 1.09 1.12 1.05 
1.06 1.07 1.06 1.05 1.1 1.12 1.08 1.05 1.1 1.09 1.07 1.14 1.1 1.05 1.1 1.1 1.09 1.14 1.06 1.06 
1.09 1.05 1.06 1.1 1.1 1.08 1.12 1.13 1.05 1.06 1.11 1.13 1.06 1.08 1.11 1.06 1.07 1.11 1.14 1.1 
1.13 1.05 1.08 1.1 1.05 1.1 1.12 1.13 1.14 1.08 1.09 1.09 1.11 1.08 1.13 1.06 1.14 1.07 1.13 1.1 
1.08 1.08 1.13 1.1 1.09 1.05 1.1 1.12 1.05 1.07 1.12 1.07 1.09 1.11 1.05 1.05 1.14 1.08 1.05 1.06 
1.12 1.09 1.14 1.11 1.1 1.11 1.05 1.12 1.08 1.1 1.11 1.08 1.07 1.09 1.05 1.06 1.09 1.14 1.13 1.12 
1.06 1.08 1.14 1.09 1.11 1.13 1.13 1.12 1.05 1.09 1.13 1.06 1.09 1.08 1.06 1.14 1.07 1.1 1.05 1.07 
1.11 1.07 1.06 1.1 1.08 1.06 1.11 1.07 1.11 1.07 1.13 1.07 1.05 1.09 1.07 1.11 1.13 1.11 1.05 1.05 
1.09 1.14 1.08 1.14 1.09 1.11 1.05 1.11 1.14 1.14 1.09 1.07 1.06 1.12 1.11 1.13 1.14 1.09 1.07 1.06 
1.14 1.07 1.14 1.1 1.07 1.12 1.12 1.1 1.14 1.09 1.13 1.08 1.09 1.09 1.14 1.14 1.11 1.07 1.05 1.14 
1.1 1.06 1.05 1.06 1.08 1.11 1.1 1.11 1.1 1.14 1.1 1.08 1.12 1.1 1.12 1.08 1.08 1.1 1.13 1.1 
1.13 1.13 1.09 1.14 1.09 1.07 1.12 1.05 1.12 1.06 1.13 1.12 1.06 1.14 1.1 1.09 1.11 1.13 1.07 1.11 
1.1 1.05 1.08 1.09 1.14 1.06 1.06 1.09 1.13 1.13 1.1 1.12 1.06 1.1 1.11 1.14 1.07 1.08 1.1 1.1 
1.12 1.06 1.09 1.09 1.14 1.14 1.05 1.13 1.13 1.08 1.06 1.06 1.09 1.14 1.12 1.07 1.11 1.09 1.14 1.06 
1.13 1.06 1.06 1.1 1.08 1.08 1.09 1.06 1.08 1.09 1.12 1.14 1.08 1.13 1.11 1.09 1.11 1.11 1.12 1.12 
1.13 1.09 1.1 1.05 1.14 1.14 1.08 1.07 1.05 1.05 1.1 1.11 1.1 1.05 1.11 1.14 1.05 1.08 1.08 1.12 
1.13 1.08 1.09 1.12 1.05 1.09 1.13 1.12 1.12 1.12 1.07 1.14 1.06 1.13 1.07 1.11 1.05 1.12 1.14 1.07 
1.05 1.05 1.09 1.09 1.11 1.09 1.09 1.07 1.06 1.11 1.13 1.11 1.11 1.1 1.1 1.13 1.07 1.07 1.08 1.07 
1.11 1.05 1.11 1.1 1.06 1.06 1.05 1.05 1.09 1.08 1.13 1.08 1.06 1.08 1.12 1.1 1.09 1.14 1.13 1.12 
1.1 1.13 1.1 1.09 1.08 1.05 1.07 1.12 1.13 1.09 1.13 1.06 1.05 1.09 1.06 1.14 1.12 1.14 1.14 1.12 
1.14 1.07 1.13 1.07 1.12 1.08 1.07 1.13 1.08 1.05 1.13 1.14 1.05 1.14 1.13 1.13 1.12 1.12 1.1 1.09 
1.11 1.1 1.06 1.07 1.05 1.06 1.12 1.13 1.05 1.09 1.1 1.11 1.09 1.09 1.12 1.05 1.08 1.06 1.14 1.13 
1.09 1.1 1.07 1.06 1.14 1.05 1.07 1.08 1.05 1.13 1.08 1.11 1.08 1.1 1.09 1.13 1.05 1.1 1.09 1.08 
1.11 1.13 1.08 1.13 1.09 1.1 1.06 1.13 1.1 1.08 1.11 1.13 1.12 1.07 1.06 1.08 1.08 1.11 1.12 1.11 
1.05 1.1 1.05 1.11 1.07 1.06 1.1 1.1 1.05 1.05 1.08 1.06 1.05 1.09 1.11 1.1 1.12 1.12 1.06 1.13 
1.11 1.12 1.11 1.14 1.12 1.06 1.14 1.11 1.13 1.14 1.1 1.05 1.14 1.07 1.05 1.12 1.1 1.06 1.08 1.07 
1.14 1.07 1.14 1.06 1.08 1.06 1.08 1.05 1.11 1.11 1.09 1.14 1.12 1.14 1.1 1.12 1.14 1.07 1.14 1.06 
1.1 1.13 1.08 1.09 1.06 1.12 1.11 1.05 1.06 1.14 1.06 1.07 1.07 1.12 1.13 1.13 1.12 1.12 1.07 1.09 
1.05 1.11 1.09 1.14 1.07 1.06 1.12 1.12 1.12 1.1 1.06 1.08 1.07 1.12 1.14 1.12 1.07 1.12 1.05 1.13 
1.14 1.13 1.14 1.09 1.07 1.12 1.05 1.06 1.13 1.1 1.12 1.07 1.06 1.14 1.12 1.14 1.09 1.06 1.14 1.11 
1.12 1.11 1.08 1.08 1.13 1.05 1.06 1.1 1.05 1.12 1.13 1.13 1.06 1.05 1.12 1.14 1.08 1.06 1.06 1.07 
1.1 1.1 1.12 1.08 1.08 1.09 1.11 1.08 1.06 1.13 1.12 1.12 1.05 1.05 1.11 1.13 1.09 1.1 1.09 1.14 
1.07 1.1 1.12 1.06 1.08 1.09 1.12 1.12 1.14 1.08 1.11 1.11 1.12 1.1 1.07 1.09 1.05 1.14 1.14 1.05 
1.05 1.05 1.11 1.08 1.05 1.14 1.05 1.06 1.11 1.09 1.12 1.12 1.14 1.13 1.12 1.09 1.1 1.11 1.13 1.06 
1.09 1.1 1.05 1.09 1.06 1.12 1.09 1.13 1.13 1.07 1.13 1.06 1.09 1.13 1.11 1.12 1.08 1.14 1.12 1.12 
1.08 1.06 1.05 1.06 1.05 1.09 1.08 1.14 1.08 1.12 1.13 1.09 1.09 1.1 1.11 1.14 1.07 1.06 1.11 1.05 
1.1 1.1 1.09 1.08 1.05 1.12 1.08 1.05 1.1 1.09 1.13 1.08 1.08 1.07 1.14 1.11 1.08 1.08 1.12 1.08 
1.12 1.14 1.08 1.1 1.06 1.12 1.08 1.07 1.13 1.07 1.11 1.12 1.1 1.09 1.14 1.14 1.07 1.1 1.07 1.06 
1.06 1.07 1.07 1.06 1.1 1.1 1.07 1.12 1.11 1.12 1.12 1.14 1.06 1.05 1.13 1.09 1.06 1.06 1.07 1.09 
1.1 1.11 1.14 1.12 1.07 1.12 1.08 1.06 1.09 1.11 1.1 1.14 1.08 1.08 1.11 1.07 1.13 1.14 1.06 1.07 
1.09 1.05 1.07 1.11 1.08 1.13 1.11 1.08 1.05 1.12 1.11 1.09 1.09 1.13 1.06 1.06 1.09 1.11 1.14 1.05 
1.05 1.07 1.1 1.11 1.05 1.14 1.13 1.14 1.12 1.07 1.08 1.08 1.11 1.12 1.07 1.1 1.12 1.1 1.06 1.11 
1.13 1.12 1.11 1.12 1.13 1.06 1.11 1.13 1.08 1.13 1.05 1.14 1.05 1.1 1.09 1.12 1.06 1.08 1.05 1.12 
1.13 1.12 1.12 1.1 1.08 1.09 1.14 1.13 1.14 1.09 1.1 1.08 1.13 1.1 1.14 1.1 1.08 1.12 1.1 1.1 
1.14 1.13 1.13 1.08 1.05 1.07 1.13 1.14 1.06 1.1 1.13 1.08 1.06 1.14 1.1 1.07 1.14 1.05 1.13 1.12 
1.08 1.11 1.08 1.12 1.14 1.09 1.08 1.06 1.11 1.11 1.05 1.06 1.05 1.13 1.1 1.08 1.14 1.12 1.13 1.12 
1.05 1.09 1.07 1.13 1.07 1.06 1.14 1.06 1.09 1.11 1.12 1.08 1.1 1.14 1.12 1.13 1.11 1.07 1.05 1.06 
1.05 1.11 1.14 1.07 1.1 1.1 1.12 1.11 1.07 1.08 1.09 1.11 1.07 1.14 1.12 1.12 1.06 1.11 1.09 1.14 
1.13 1.07 1.05 1.09 1.09 1.05 1.1 1.08 1.14 1.12 1.13 1.06 1.12 1.1 1.1 1.14 1.12 1.12 1.11 1.06 
1.09 1.11 1.09 1.14 1.12 1.09 1.12 1.13 1.05 1.05 1.11 1.14 1.06 1.05 1.09 1.08 1.06 1.1 1.14 1.07 
1.06 1.14 1.07 1.07 1.05 1.11 1.13 1.09 1.14 1.05 1.1 1.14 1.14 1.06 1.12 1.06 1.1 1.08 1.11 1.09 
1.11 1.11 1.08 1.11 1.08 1.11 1.1 1.08 1.06 1.11 1.09 1.08 1.13 1.11 1.06 1.14 1.07 1.06 1.13 1.07 
1.12 1.11 1.14 1.06 1.12 1.05 1.1 1.07 1.13 1.09 1.13 1.09 1.13 1.14 1.05 1.08 1.07 1.11 1.13 1.08 
1.13 1.08 1.1 1.06 1.11 1.09 1.14 1.07 1.14 1.08 1.13 1.08 1.1 1.13 1.09 1.12 1.14 1.05 1.13 1.1 
1.11 1.12 1.09 1.1 1.14 1.14 1.1 1.14 1.13 1.09 1.11 1.11 1.09 1.05 1.05 1.1 1.06 1.13 1.13 1.07 
1.1 1.05 1.06 1.07 1.07 1.11 1.07 1.05 1.11 1.06 1.12 1.11 1.12 1.06 1.1 1.12 1.06 1.06 1.07 1.07 
1.12 1.11 1.07 1.08 1.07 1.07 1.1 1.1 1.05 1.05 1.05 1.12 1.06 1.06 1.14 1.11 1.12 1.12 1.06 1.06 
1.12 1.13 1.06 1.14 1.14 1.09 1.07 1.11 1.08 1.08 1.09 1.1 1.09 1.12 1.09 1.09 1.12 1.1 1.09 1.1 
1.12 1.14 1.09 1.05 1.09 1.05 1.07 1.11 1.13 1.14 1.09 1.1 1.05 1.1 1.11 1.12 1.14 1.1 1.07 1.13 
1.08 1.14 1.07 1.05 1.07 1.06 1.05 1.07 1.1 1.09 1.09 1.05 1.09 1.09 1.06 1.1 1.08 1.08 1.1 1.06 
1.11 1.12 1.13 1.12 1.12 1.14 1.13 1.08 1.05 1.11 1.07 1.12 1.11 1.07 1.07 1.1 1.07 1.09 1.07 1.14 
1.08 1.09 1.1 1.05 1.05 1.12 1.14 1.06 1.06 1.06 1.07 1.14 1.09 1.08 1.14 1.05 1.11 1.11 1.1 1.14 
1.08 1.09 1.12 1.13 1.1 1.13 1.09 1.12 1.07 1.13 1.1 1.13 1.13 1.06 1.14 1.11 1.11 1.13 1.09 1.06 
1.05 1.11 1.12 1.1 1.05 1.12 1.1 1.06 1.14 1.11 1.1 1.06 1.13 1.08 1.07 1.08 1.07 1.07 1.11 1.08 
1.11 1.06 1.13 1.12 1.06 1.06 1.12 1.06 1.07 1.06 1.05 1.11 1.13 1.08 1.07 1.05 1.12 1.06 1.05 1.05 
1.07 1.06 1.07 1.09 1.06 1.05 1.13 1.12 1.09 1.13 1.13 1.06 1.14 1.08 1.07 1.12 1.13 1.11 1.12 1.13 
1.12 1.09 1.06 1.08 1.11 1.08 1.05 1.06 1.09 1.08 1.08 1.13 1.12 1.06 1.05 1.07 1.1 1.12 1.12 1.1 
1.14 1.14 1.1 1.12 1.09 1.07 1.14 1.12 1.12 1.07 1.11 1.05 1.13 1.05 1.05 1.07 1.12 1.13 1.14 1.13 
1.1 1.09 1.05 1.08 1.13 1.05 1.07 1.11 1.12 1.1 1.06 1.09 1.07 1.08 1.07 1.09 1.05 1.08 1.07 1.08 
1.12 1.11 1.08 1.07 1.1 1.11 1.11 1.13 1.1 1.1 1.08 1.06 1.1 1.09 1.14 1.05 1.1 1.11 1.06 1.13 
1.07 1.05 1.08 1.14 1.09 1.13 1.1 1.13 1.08 1.11 1.14 1.07 1.14 1.12 1.12 1.14 1.09 1.13 1.06 1.05 
1.08 1.06 1.1 1.09 1.14 1.08 1.14 1.08 1.08 1.11 1.07 1.07 1.07 1.1 1.12 1.14 1.1 1.09 1.05 1.11 
1.12 1.11 1.11 1.05 1.09 1.08 1.11 1.06 1.09 1.08 1.08 1.08 1.13 1.08 1.05 1.12 1.08 1.13 1.12 1.08 
1.06 1.09 1.12 1.06 1.06 1.07 1.1 1.08 1.09 1.1 1.05 1.08 1.05 1.05 1.09 1.05 1.09 1.06 1.05 1.1 
1.05 1.08 1.1 1.12 1.11 1.05 1.13 1.06 1.08 1.1 1.08 1.1 1.07 1.11 1.08 1.05 1.1 1.1 1.07 1.12 
1.11 1.05 1.08 1.09 1.11 1.11 1.12 1.13 1.11 1.06 1.06 1.05 1.14 1.11 1.12 1.07 1.09 1.07 1.08 1.09 
1.05 1.11 1.1 1.1 1.07 1.13 1.09 1.08 1.07 1.11 1.05 1.09 1.08 1.09 1.08 1.09 1.14 1.09 1.1 1.1 
1.13 1.12 1.1 1.1 1.11 1.13 1.08 1.11 1.08 1.13 1.13 1.12 1.12 1.12 1.05 1.11 1.11 1.13 1.09 1.13 
1.09 1.12 1.09 1.05 1.14 1.12 1.14 1.09 1.08 1.1 1.05 1.09 1.09 1.14 1.11 1.08 1.1 1.08 1.07 1.06 
1.06 1.11 1.1 1.09 1.12 1.08 1.07 1.09 1.05 1.13 1.05 1.05 1.13 1.08 1.07 1.06 1.06 1.07 1.12 1.12 
1.07 1.07 1.1 1.09 1.05 1.06 1.07 1.1 1.07 1.09 1.05 1.05 1.05 1.11 1.13 1.12 1.05 1.09 1.14 1.08 
1.07 1.11 1.13 1.12 1.14 1.08 1.09 1.11 1.14 1.08 1.1 1.08 1.11 1.12 1.14 1.13 1.14 1.11 1.11 1.05 
1.13 1.14 1.1 1.08 1.08 1.08 1.09 1.09 1.1 1.13 1.06 1.07 1.09 1.05 1.09 1.05 1.11 1.08 1.14 1.05 
1.06 1.11 1.11 1.1 1.05 1.12 1.05 1.09 1.12 1.11 1.12 1.1 1.07 1.08 1.09 1.1 1.1 1.13 1.08 1.1 
1.12 1.05 1.12 1.08 1.06 1.14 1.09 1.11 1.12 1.09 1.14 1.08 1.12 1.12 1.1 1.12 1.12 1.05 1.11 1.14 
1.07 1.13 1.14 1.14 1.07 1.12 1.13 1.11 1.14 1.05 1.06 1.14 1.07 1.05 1.05 1.13 1.14 1.08 1.1 1.07 
1.08 1.13 1.08 1.08 1.09 1.11 1.09 1.08 1.09 1.09 1.12 1.14 1.08 1.08 1.07 1.05 1.14 1.14 1.06 1.09 
1.07 1.07 1.12 1.1 1.06 1.09 1.05 1.1 1.13 1.11 1.09 1.06 1.12 1.1 1.1 1.06 1.05 1.1 1.1 1.11 
