2
40
16 19 85 48 49 48 56 33 82 38 28 97 60 25 100 54 2 42 5 30 16 66 51 33 84 20 97 40 79 39 42 4 7 21 71 50 6 25 79 88 
1 3 
1.02 1.03 
1.06 1.01 
1.06 1.03 
1.06 1.06 
1.04 1.06 
1.03 1.06 
1.02 1.01 
1.04 1.05 
1.05 1.06 
1.06 1.05 
1.05 1.05 
1.05 1.03 
1.04 1.03 
1.06 1.05 
1.06 1.06 
1.06 1.02 
1.05 1.01 
1.03 1.05 
1.06 1.04 
1.05 1.02 
1.02 1.04 
1.04 1.05 
1.06 1.04 
1.02 1.06 
1.02 1.04 
1.03 1.03 
1.04 1.05 
1.03 1.03 
1.06 1.02 
1.05 1.05 
1.04 1.01 
1.03 1.06 
1.06 1.02 
1.06 1.02 
1.02 1.05 
1.06 1.05 
1.06 1.06 
1.05 1.04 
1.02 1.04 
1.01 1.02 
