2
40
75 75 68 39 57 99 29 54 10 65 21 10 26 6 8 19 1 29 79 28 4 56 40 41 20 81 94 58 93 27 38 60 40 82 53 84 43 80 8 90 
5 9 
1.08 1.09 
1.08 1.08 
1.1 1.06 
1.12 1.06 
1.1 1.1 
1.12 1.11 
1.09 1.1 
1.09 1.11 
1.07 1.05 
1.1 1.05 
1.06 1.11 
1.11 1.09 
1.06 1.12 
1.12 1.12 
1.14 1.07 
1.11 1.09 
1.08 1.07 
1.13 1.08 
1.06 1.11 
1.06 1.06 
1.06 1.06 
1.08 1.1 
1.11 1.14 
1.08 1.05 
1.05 1.08 
1.13 1.06 
1.06 1.08 
1.07 1.05 
1.13 1.08 
1.13 1.14 
1.08 1.05 
1.12 1.1 
1.09 1.06 
1.05 1.12 
1.06 1.13 
1.12 1.07 
1.13 1.1 
1.14 1.14 
1.14 1.08 
1.11 1.09 
