2
40
40 100 2 8 96 20 85 28 56 61 34 53 1 4 89 99 76 70 5 91 44 58 58 20 76 50 91 47 99 68 47 10 81 80 82 8 20 39 26 100 
2 2 
1.03 1.02 
1.05 1.06 
1.01 1.05 
1.02 1.05 
1.02 1.02 
1.01 1.05 
1.02 1.06 
1.03 1.04 
1.06 1.01 
1.05 1.05 
1.04 1.01 
1.03 1.04 
1.05 1.01 
1.04 1.06 
1.06 1.04 
1.01 1.05 
1.04 1.03 
1.05 1.01 
1.02 1.01 
1.06 1.01 
1.06 1.02 
1.06 1.04 
1.01 1.02 
1.02 1.06 
1.01 1.03 
1.03 1.01 
1.01 1.02 
1.04 1.04 
1.06 1.02 
1.05 1.03 
1.01 1.01 
1.05 1.05 
1.02 1.04 
1.01 1.04 
1.01 1.01 
1.06 1.04 
1.05 1.05 
1.05 1.05 
1.04 1.06 
1.05 1.06 
