2
40
94 97 84 51 58 36 13 68 70 66 4 74 92 17 50 16 19 44 89 98 12 92 75 64 26 8 71 22 28 59 37 76 22 77 100 20 42 12 13 10 
2 2 
1.05 1.01 
1.01 1.06 
1.01 1.05 
1.04 1.06 
1.01 1.05 
1.05 1.06 
1.01 1.06 
1.06 1.05 
1.03 1.02 
1.01 1.06 
1.05 1.05 
1.04 1.05 
1.01 1.05 
1.03 1.04 
1.01 1.03 
1.04 1.01 
1.03 1.06 
1.04 1.04 
1.04 1.05 
1.03 1.03 
1.03 1.03 
1.01 1.03 
1.04 1.02 
1.01 1.01 
1.02 1.04 
1.06 1.03 
1.02 1.03 
1.03 1.04 
1.01 1.03 
1.01 1.02 
1.05 1.03 
1.05 1.04 
1.03 1.04 
1.03 1.06 
1.06 1.05 
1.04 1.03 
1.02 1.01 
1.05 1.05 
1.04 1.01 
1.04 1.04 
