2
40
90 54 45 66 4 71 70 40 69 38 25 57 89 67 97 59 87 21 33 26 77 10 92 43 22 88 10 90 84 22 88 78 25 39 15 63 56 78 7 20 
5 1 
1.07 1.06 
1.07 1.12 
1.13 1.09 
1.13 1.1 
1.14 1.06 
1.13 1.06 
1.12 1.1 
1.14 1.13 
1.08 1.11 
1.12 1.12 
1.13 1.1 
1.1 1.05 
1.05 1.05 
1.12 1.11 
1.09 1.07 
1.11 1.11 
1.14 1.05 
1.08 1.08 
1.14 1.13 
1.1 1.14 
1.06 1.05 
1.12 1.05 
1.06 1.07 
1.08 1.09 
1.12 1.06 
1.11 1.08 
1.11 1.13 
1.13 1.07 
1.09 1.1 
1.07 1.08 
1.05 1.07 
1.07 1.13 
1.11 1.08 
1.06 1.05 
1.09 1.09 
1.1 1.06 
1.07 1.07 
1.13 1.14 
1.06 1.14 
1.14 1.13 
