2
40
77 30 14 4 92 4 65 96 99 43 41 46 65 23 16 61 90 71 50 98 92 25 53 22 41 14 36 17 90 97 49 65 59 44 82 81 8 37 71 63 
4 5 
1.08 1.1 
1.13 1.07 
1.06 1.06 
1.05 1.08 
1.06 1.14 
1.09 1.12 
1.07 1.14 
1.12 1.08 
1.11 1.05 
1.07 1.14 
1.08 1.05 
1.13 1.11 
1.12 1.11 
1.07 1.11 
1.06 1.05 
1.12 1.11 
1.1 1.06 
1.12 1.07 
1.09 1.08 
1.08 1.08 
1.07 1.14 
1.07 1.05 
1.11 1.13 
1.08 1.12 
1.14 1.1 
1.1 1.05 
1.07 1.12 
1.13 1.06 
1.07 1.12 
1.12 1.05 
1.12 1.06 
1.12 1.08 
1.06 1.12 
1.08 1.13 
1.07 1.13 
1.13 1.07 
1.07 1.12 
1.12 1.1 
1.08 1.11 
1.13 1.09 
