2
40
13 75 50 31 29 96 84 34 28 46 1 86 91 73 39 72 94 97 74 62 9 17 1 40 28 98 73 79 90 73 94 59 100 79 67 11 43 96 68 78 
1 3 
1.07 1.07 
1.11 1.09 
1.1 1.09 
1.13 1.08 
1.09 1.06 
1.1 1.05 
1.12 1.13 
1.13 1.12 
1.09 1.07 
1.12 1.13 
1.06 1.14 
1.13 1.05 
1.07 1.05 
1.07 1.09 
1.12 1.1 
1.12 1.05 
1.12 1.05 
1.05 1.1 
1.09 1.08 
1.09 1.09 
1.05 1.13 
1.07 1.1 
1.05 1.08 
1.13 1.06 
1.09 1.12 
1.08 1.05 
1.09 1.12 
1.12 1.05 
1.14 1.1 
1.12 1.12 
1.1 1.05 
1.13 1.14 
1.08 1.13 
1.09 1.14 
1.05 1.11 
1.1 1.05 
1.13 1.08 
1.05 1.07 
1.07 1.11 
1.12 1.06 
