2
40
19 92 60 67 4 80 99 68 46 4 31 21 26 35 22 34 36 88 94 28 49 25 93 19 1 45 32 87 96 9 54 98 93 22 20 8 72 23 62 92 
3 2 
1.06 1.04 
1.03 1.05 
1.02 1.02 
1.02 1.01 
1.05 1.04 
1.06 1.01 
1.03 1.03 
1.02 1.04 
1.05 1.02 
1.01 1.02 
1.05 1.04 
1.01 1.01 
1.05 1.03 
1.03 1.02 
1.06 1.01 
1.06 1.01 
1.03 1.02 
1.03 1.01 
1.05 1.05 
1.03 1.04 
1.02 1.01 
1.04 1.06 
1.02 1.04 
1.03 1.05 
1.06 1.03 
1.03 1.01 
1.04 1.04 
1.02 1.03 
1.05 1.06 
1.03 1.05 
1.02 1.05 
1.04 1.04 
1.04 1.03 
1.06 1.03 
1.05 1.04 
1.03 1.04 
1.06 1.04 
1.02 1.05 
1.02 1.05 
1.05 1.01 
