5
50
16 38 31 83 69 34 6 48 51 23 52 30 54 48 11 10 92 45 74 38 28 77 70 85 35 75 2 67 11 18 17 85 85 6 37 60 10 28 42 6 24 17 67 24 94 68 72 35 89 48 
1 3 3 1 2 
1.1 1.1 1.12 1.09 1.09 
1.13 1.12 1.11 1.08 1.1 
1.08 1.14 1.05 1.07 1.13 
1.1 1.05 1.07 1.08 1.09 
1.13 1.07 1.14 1.07 1.13 
1.11 1.08 1.07 1.14 1.11 
1.09 1.07 1.07 1.12 1.08 
1.07 1.07 1.11 1.1 1.07 
1.12 1.05 1.07 1.07 1.1 
1.09 1.07 1.14 1.09 1.14 
1.13 1.11 1.13 1.11 1.13 
1.1 1.07 1.12 1.09 1.12 
1.1 1.09 1.08 1.12 1.06 
1.06 1.07 1.09 1.08 1.1 
1.13 1.07 1.11 1.05 1.12 
1.06 1.11 1.06 1.06 1.13 
1.11 1.05 1.14 1.09 1.05 
1.13 1.13 1.13 1.07 1.06 
1.05 1.06 1.14 1.07 1.13 
1.05 1.11 1.1 1.07 1.14 
1.14 1.14 1.13 1.07 1.08 
1.12 1.06 1.1 1.06 1.12 
1.06 1.08 1.14 1.09 1.09 
1.12 1.06 1.09 1.06 1.05 
1.11 1.12 1.13 1.09 1.12 
1.14 1.12 1.06 1.07 1.11 
1.09 1.05 1.1 1.14 1.14 
1.14 1.06 1.13 1.13 1.11 
1.11 1.13 1.12 1.14 1.14 
1.12 1.05 1.07 1.12 1.14 
1.09 1.14 1.08 1.08 1.11 
1.13 1.06 1.13 1.09 1.11 
1.11 1.14 1.12 1.12 1.08 
1.06 1.07 1.12 1.1 1.1 
1.07 1.11 1.08 1.09 1.07 
1.08 1.12 1.06 1.13 1.13 
1.14 1.08 1.12 1.14 1.13 
1.09 1.09 1.05 1.08 1.09 
1.06 1.05 1.13 1.13 1.12 
1.06 1.09 1.07 1.13 1.06 
1.14 1.08 1.11 1.07 1.13 
1.09 1.11 1.06 1.09 1.13 
1.07 1.07 1.1 1.12 1.13 
1.11 1.1 1.1 1.14 1.12 
1.1 1.12 1.14 1.05 1.08 
1.06 1.05 1.14 1.14 1.07 
1.1 1.1 1.06 1.11 1.09 
1.1 1.12 1.12 1.08 1.12 
1.08 1.07 1.11 1.05 1.11 
1.14 1.13 1.14 1.12 1.12 
