5
75
20 6 70 7 20 33 52 14 72 33 39 36 56 87 8 37 88 85 16 26 43 59 31 34 92 19 25 72 74 16 28 39 77 22 70 81 43 8 69 24 88 74 36 34 54 85 55 92 80 75 34 37 24 11 54 60 79 11 96 43 63 28 42 81 76 61 19 71 84 99 47 58 84 95 43 
1 2 8 5 5 
1.05 1.01 1.02 1.01 1.03 
1.01 1.01 1.03 1.03 1.03 
1.04 1.05 1.06 1.03 1.05 
1.06 1.03 1.01 1.05 1.01 
1.03 1.03 1.04 1.05 1.06 
1.06 1.03 1.02 1.06 1.02 
1.04 1.03 1.03 1.03 1.02 
1.02 1.06 1.02 1.02 1.06 
1.04 1.04 1.03 1.06 1.03 
1.05 1.06 1.04 1.04 1.01 
1.02 1.01 1.03 1.03 1.05 
1.03 1.03 1.02 1.05 1.03 
1.05 1.03 1.01 1.05 1.04 
1.02 1.01 1.05 1.06 1.03 
1.03 1.06 1.02 1.01 1.02 
1.04 1.01 1.06 1.04 1.01 
1.05 1.04 1.04 1.06 1.05 
1.06 1.05 1.03 1.06 1.01 
1.01 1.06 1.02 1.02 1.06 
1.02 1.01 1.05 1.04 1.02 
1.04 1.01 1.06 1.01 1.02 
1.03 1.02 1.02 1.01 1.02 
1.05 1.02 1.05 1.06 1.02 
1.06 1.04 1.01 1.04 1.06 
1.05 1.03 1.02 1.03 1.02 
1.04 1.06 1.05 1.03 1.02 
1.02 1.06 1.06 1.03 1.01 
1.03 1.04 1.04 1.05 1.04 
1.03 1.04 1.06 1.03 1.01 
1.02 1.03 1.06 1.06 1.04 
1.03 1.06 1.02 1.06 1.06 
1.01 1.01 1.06 1.05 1.04 
1.03 1.03 1.05 1.02 1.04 
1.06 1.06 1.04 1.04 1.01 
1.02 1.03 1.03 1.05 1.06 
1.05 1.05 1.04 1.04 1.06 
1.05 1.04 1.03 1.05 1.05 
1.05 1.02 1.04 1.05 1.03 
1.01 1.01 1.03 1.01 1.01 
1.02 1.05 1.05 1.03 1.02 
1.04 1.01 1.05 1.04 1.04 
1.01 1.03 1.04 1.01 1.03 
1.01 1.01 1.03 1.04 1.02 
1.04 1.03 1.02 1.05 1.06 
1.05 1.06 1.01 1.01 1.02 
1.01 1.04 1.01 1.03 1.06 
1.02 1.01 1.05 1.05 1.01 
1.05 1.04 1.01 1.05 1.05 
1.01 1.01 1.04 1.03 1.03 
1.05 1.05 1.06 1.02 1.03 
1.03 1.01 1.01 1.05 1.04 
1.04 1.04 1.01 1.02 1.06 
1.04 1.04 1.03 1.05 1.06 
1.04 1.01 1.06 1.05 1.01 
1.01 1.02 1.06 1.03 1.02 
1.06 1.06 1.04 1.05 1.03 
1.06 1.06 1.03 1.03 1.05 
1.01 1.01 1.06 1.03 1.03 
1.01 1.06 1.02 1.05 1.06 
1.03 1.03 1.05 1.05 1.02 
1.05 1.01 1.02 1.01 1.01 
1.02 1.02 1.01 1.02 1.01 
1.06 1.04 1.06 1.06 1.04 
1.04 1.02 1.04 1.01 1.03 
1.04 1.06 1.01 1.02 1.06 
1.03 1.03 1.03 1.06 1.05 
1.02 1.02 1.05 1.05 1.03 
1.05 1.06 1.05 1.05 1.06 
1.03 1.01 1.02 1.01 1.02 
1.05 1.04 1.05 1.01 1.01 
1.06 1.02 1.03 1.02 1.06 
1.02 1.05 1.03 1.03 1.01 
1.01 1.04 1.01 1.04 1.04 
1.02 1.01 1.06 1.03 1.05 
1.06 1.06 1.01 1.02 1.04 
