5
100
100 88 7 85 7 28 6 12 88 51 99 77 22 22 30 9 24 60 51 28 36 12 33 66 3 2 93 51 81 59 95 45 88 99 100 69 58 63 16 72 91 79 70 6 48 57 76 56 78 3 21 58 5 45 96 58 84 95 19 28 89 81 51 70 70 24 69 63 19 100 18 91 24 38 79 20 62 61 92 84 93 55 27 49 12 61 87 74 56 63 53 28 6 8 37 83 28 70 26 31 
3 8 8 3 4 
1.01 1.02 1.04 1.03 1.03 
1.03 1.03 1.06 1.03 1.01 
1.01 1.05 1.01 1.04 1.06 
1.05 1.02 1.05 1.03 1.06 
1.01 1.04 1.06 1.03 1.05 
1.01 1.01 1.01 1.05 1.02 
1.02 1.02 1.01 1.03 1.03 
1.01 1.03 1.02 1.05 1.01 
1.06 1.04 1.01 1.04 1.06 
1.06 1.02 1.01 1.05 1.04 
1.02 1.03 1.05 1.03 1.03 
1.03 1.01 1.06 1.03 1.05 
1.06 1.01 1.04 1.05 1.03 
1.02 1.03 1.02 1.06 1.05 
1.02 1.04 1.03 1.03 1.03 
1.02 1.06 1.04 1.06 1.02 
1.06 1.01 1.05 1.03 1.04 
1.04 1.06 1.01 1.01 1.06 
1.01 1.01 1.06 1.02 1.01 
1.02 1.03 1.06 1.01 1.01 
1.02 1.04 1.04 1.06 1.04 
1.06 1.06 1.04 1.04 1.02 
1.06 1.05 1.06 1.03 1.04 
1.04 1.01 1.06 1.02 1.01 
1.06 1.03 1.03 1.03 1.02 
1.04 1.03 1.03 1.04 1.06 
1.01 1.01 1.02 1.06 1.04 
1.01 1.02 1.04 1.06 1.02 
1.01 1.05 1.01 1.01 1.02 
1.02 1.04 1.06 1.06 1.02 
1.03 1.03 1.04 1.06 1.05 
1.01 1.01 1.05 1.06 1.06 
1.02 1.01 1.05 1.02 1.01 
1.06 1.06 1.02 1.04 1.03 
1.04 1.02 1.04 1.05 1.03 
1.02 1.05 1.05 1.04 1.02 
1.06 1.04 1.04 1.02 1.05 
1.04 1.05 1.01 1.03 1.06 
1.01 1.05 1.02 1.03 1.01 
1.04 1.02 1.06 1.03 1.05 
1.01 1.04 1.02 1.03 1.02 
1.03 1.06 1.06 1.06 1.06 
1.05 1.01 1.01 1.02 1.03 
1.04 1.02 1.04 1.02 1.06 
1.05 1.02 1.06 1.04 1.02 
1.06 1.03 1.06 1.02 1.05 
1.02 1.02 1.04 1.04 1.01 
1.01 1.06 1.06 1.05 1.05 
1.03 1.03 1.04 1.02 1.04 
1.05 1.05 1.06 1.03 1.06 
1.06 1.02 1.03 1.01 1.01 
1.03 1.05 1.01 1.03 1.06 
1.03 1.06 1.03 1.02 1.04 
1.05 1.01 1.02 1.05 1.02 
1.02 1.02 1.03 1.02 1.03 
1.03 1.06 1.02 1.02 1.06 
1.01 1.04 1.01 1.01 1.03 
1.02 1.04 1.03 1.04 1.05 
1.06 1.04 1.04 1.01 1.02 
1.01 1.06 1.04 1.06 1.03 
1.06 1.02 1.03 1.03 1.06 
1.02 1.02 1.04 1.06 1.06 
1.06 1.04 1.05 1.02 1.03 
1.06 1.02 1.03 1.05 1.03 
1.06 1.02 1.06 1.06 1.06 
1.01 1.03 1.06 1.04 1.02 
1.04 1.06 1.06 1.05 1.06 
1.02 1.03 1.05 1.05 1.06 
1.05 1.06 1.03 1.03 1.02 
1.02 1.04 1.04 1.03 1.04 
1.02 1.05 1.04 1.01 1.02 
1.01 1.06 1.01 1.06 1.05 
1.05 1.01 1.03 1.04 1.05 
1.05 1.02 1.04 1.04 1.03 
1.05 1.02 1.01 1.02 1.06 
1.05 1.05 1.02 1.04 1.03 
1.04 1.02 1.05 1.05 1.02 
1.05 1.05 1.01 1.04 1.03 
1.04 1.06 1.03 1.06 1.03 
1.01 1.02 1.04 1.03 1.05 
1.04 1.01 1.02 1.05 1.01 
1.06 1.03 1.02 1.05 1.04 
1.03 1.05 1.03 1.01 1.05 
1.06 1.01 1.01 1.03 1.02 
1.02 1.02 1.06 1.02 1.02 
1.02 1.06 1.05 1.04 1.04 
1.05 1.06 1.04 1.04 1.06 
1.01 1.01 1.03 1.05 1.03 
1.05 1.02 1.02 1.01 1.03 
1.05 1.06 1.02 1.05 1.05 
1.06 1.03 1.04 1.03 1.04 
1.01 1.05 1.01 1.03 1.01 
1.04 1.02 1.03 1.04 1.04 
1.04 1.03 1.04 1.04 1.04 
1.05 1.03 1.01 1.04 1.05 
1.01 1.05 1.02 1.02 1.05 
1.06 1.01 1.06 1.03 1.06 
1.04 1.01 1.01 1.05 1.02 
1.02 1.01 1.01 1.02 1.03 
1.02 1.02 1.06 1.01 1.04 
