5
75
58 74 76 38 15 76 74 9 85 7 93 80 98 29 1 52 24 14 40 8 73 15 42 54 92 95 48 18 52 80 80 56 6 76 55 9 23 53 83 17 82 9 10 100 47 33 41 89 61 38 86 78 81 74 68 45 99 93 77 34 93 35 71 86 86 31 90 35 56 20 1 94 89 39 9 
2 3 2 2 2 
1.02 1.01 1.04 1.01 1.01 
1.02 1.06 1.01 1.02 1.01 
1.06 1.05 1.02 1.05 1.01 
1.06 1.05 1.03 1.04 1.04 
1.06 1.04 1.06 1.03 1.05 
1.06 1.02 1.01 1.02 1.02 
1.02 1.04 1.02 1.01 1.05 
1.04 1.04 1.06 1.02 1.05 
1.02 1.05 1.01 1.03 1.05 
1.02 1.06 1.04 1.04 1.01 
1.05 1.02 1.04 1.04 1.04 
1.01 1.05 1.05 1.05 1.06 
1.03 1.05 1.01 1.05 1.03 
1.05 1.05 1.03 1.06 1.04 
1.06 1.03 1.02 1.02 1.06 
1.06 1.05 1.03 1.04 1.06 
1.06 1.03 1.02 1.06 1.06 
1.03 1.01 1.06 1.01 1.06 
1.02 1.01 1.04 1.03 1.04 
1.06 1.04 1.02 1.03 1.06 
1.02 1.03 1.03 1.01 1.01 
1.05 1.06 1.05 1.03 1.03 
1.05 1.04 1.02 1.03 1.01 
1.03 1.02 1.01 1.03 1.06 
1.06 1.02 1.03 1.02 1.01 
1.04 1.02 1.03 1.01 1.02 
1.03 1.05 1.02 1.02 1.05 
1.03 1.02 1.04 1.05 1.04 
1.01 1.02 1.02 1.06 1.04 
1.05 1.06 1.05 1.06 1.02 
1.04 1.02 1.01 1.06 1.02 
1.01 1.04 1.06 1.04 1.05 
1.04 1.05 1.01 1.05 1.01 
1.05 1.03 1.01 1.03 1.05 
1.02 1.01 1.05 1.05 1.05 
1.03 1.05 1.04 1.03 1.02 
1.02 1.06 1.05 1.06 1.05 
1.02 1.03 1.02 1.04 1.06 
1.02 1.04 1.01 1.04 1.03 
1.04 1.03 1.02 1.01 1.03 
1.01 1.04 1.03 1.01 1.06 
1.04 1.05 1.06 1.02 1.03 
1.06 1.06 1.03 1.04 1.02 
1.02 1.01 1.03 1.01 1.06 
1.04 1.03 1.01 1.03 1.03 
1.04 1.01 1.02 1.01 1.02 
1.02 1.01 1.06 1.03 1.03 
1.05 1.02 1.06 1.03 1.02 
1.04 1.06 1.01 1.01 1.04 
1.02 1.05 1.01 1.02 1.03 
1.02 1.06 1.02 1.04 1.05 
1.06 1.04 1.06 1.01 1.04 
1.02 1.02 1.04 1.03 1.06 
1.06 1.06 1.04 1.02 1.02 
1.01 1.01 1.02 1.03 1.06 
1.05 1.04 1.04 1.06 1.03 
1.01 1.03 1.06 1.06 1.04 
1.03 1.02 1.01 1.05 1.04 
1.04 1.03 1.05 1.05 1.03 
1.03 1.04 1.01 1.04 1.01 
1.03 1.06 1.03 1.06 1.03 
1.04 1.04 1.06 1.01 1.03 
1.01 1.04 1.06 1.04 1.03 
1.04 1.05 1.04 1.02 1.05 
1.03 1.03 1.04 1.05 1.01 
1.02 1.02 1.05 1.05 1.02 
1.05 1.05 1.04 1.03 1.04 
1.05 1.06 1.06 1.03 1.04 
1.06 1.03 1.01 1.03 1.04 
1.02 1.03 1.06 1.01 1.04 
1.02 1.06 1.02 1.06 1.04 
1.04 1.04 1.01 1.01 1.02 
1.06 1.03 1.03 1.03 1.04 
1.06 1.01 1.06 1.01 1.05 
1.03 1.01 1.06 1.05 1.03 
