5
100
44 70 23 75 34 65 74 39 5 82 60 52 54 98 58 85 39 39 29 24 33 53 63 33 28 88 25 29 39 100 41 12 32 62 86 3 51 35 21 14 78 33 10 89 6 16 48 84 68 43 45 24 42 20 6 32 23 70 25 68 71 60 19 88 52 89 21 13 54 82 73 36 53 31 34 43 25 61 25 20 49 67 5 34 20 60 26 6 4 29 67 99 71 56 61 94 80 76 76 53 
3 9 7 1 1 
1.14 1.13 1.09 1.13 1.13 
1.13 1.13 1.12 1.05 1.1 
1.13 1.05 1.13 1.11 1.06 
1.05 1.14 1.09 1.06 1.14 
1.06 1.1 1.11 1.07 1.05 
1.12 1.08 1.1 1.1 1.08 
1.11 1.14 1.11 1.05 1.07 
1.12 1.12 1.05 1.05 1.06 
1.11 1.05 1.11 1.11 1.13 
1.06 1.13 1.1 1.05 1.1 
1.14 1.09 1.08 1.09 1.11 
1.05 1.13 1.08 1.07 1.1 
1.05 1.07 1.05 1.13 1.14 
1.08 1.1 1.14 1.1 1.13 
1.05 1.13 1.13 1.05 1.1 
1.07 1.14 1.05 1.14 1.05 
1.1 1.06 1.1 1.06 1.1 
1.13 1.07 1.09 1.08 1.14 
1.1 1.07 1.05 1.06 1.1 
1.1 1.07 1.07 1.07 1.06 
1.14 1.1 1.1 1.08 1.1 
1.11 1.1 1.11 1.05 1.13 
1.09 1.06 1.07 1.13 1.06 
1.14 1.07 1.13 1.09 1.12 
1.1 1.13 1.05 1.05 1.06 
1.1 1.08 1.07 1.07 1.12 
1.07 1.14 1.12 1.1 1.07 
1.1 1.09 1.1 1.11 1.08 
1.05 1.05 1.1 1.08 1.11 
1.06 1.1 1.11 1.06 1.11 
1.09 1.06 1.1 1.07 1.09 
1.06 1.09 1.08 1.08 1.11 
1.11 1.06 1.14 1.14 1.14 
1.13 1.09 1.11 1.12 1.1 
1.07 1.11 1.1 1.14 1.13 
1.09 1.11 1.06 1.07 1.09 
1.05 1.12 1.05 1.08 1.08 
1.1 1.13 1.08 1.12 1.13 
1.07 1.06 1.06 1.12 1.08 
1.14 1.07 1.12 1.08 1.12 
1.13 1.08 1.06 1.08 1.08 
1.09 1.14 1.07 1.13 1.07 
1.12 1.1 1.06 1.06 1.14 
1.14 1.12 1.12 1.1 1.07 
1.05 1.05 1.05 1.08 1.12 
1.07 1.14 1.1 1.1 1.14 
1.14 1.05 1.14 1.1 1.06 
1.05 1.13 1.14 1.07 1.14 
1.05 1.1 1.06 1.12 1.1 
1.1 1.14 1.12 1.07 1.13 
1.09 1.11 1.05 1.14 1.09 
1.09 1.11 1.1 1.07 1.14 
1.05 1.13 1.06 1.11 1.1 
1.1 1.13 1.13 1.14 1.06 
1.1 1.1 1.05 1.11 1.12 
1.07 1.11 1.14 1.05 1.07 
1.09 1.06 1.14 1.1 1.06 
1.08 1.06 1.09 1.07 1.1 
1.06 1.06 1.1 1.11 1.09 
1.12 1.06 1.13 1.11 1.11 
1.07 1.14 1.05 1.14 1.14 
1.14 1.14 1.14 1.09 1.05 
1.1 1.13 1.12 1.07 1.13 
1.08 1.14 1.05 1.06 1.09 
1.06 1.14 1.11 1.13 1.14 
1.11 1.05 1.13 1.06 1.1 
1.06 1.05 1.12 1.07 1.06 
1.05 1.06 1.08 1.08 1.11 
1.09 1.14 1.1 1.12 1.11 
1.13 1.05 1.06 1.1 1.12 
1.12 1.12 1.07 1.09 1.07 
1.13 1.11 1.05 1.07 1.05 
1.06 1.09 1.14 1.12 1.12 
1.14 1.08 1.07 1.13 1.06 
1.07 1.11 1.05 1.12 1.07 
1.1 1.12 1.11 1.11 1.06 
1.06 1.12 1.09 1.06 1.1 
1.07 1.11 1.12 1.07 1.1 
1.14 1.11 1.12 1.12 1.14 
1.08 1.1 1.12 1.14 1.13 
1.11 1.05 1.12 1.05 1.07 
1.12 1.08 1.13 1.08 1.07 
1.09 1.09 1.12 1.13 1.05 
1.06 1.13 1.07 1.13 1.08 
1.08 1.11 1.1 1.12 1.09 
1.08 1.07 1.09 1.14 1.08 
1.13 1.05 1.06 1.06 1.11 
1.05 1.1 1.14 1.08 1.1 
1.09 1.05 1.08 1.14 1.07 
1.06 1.05 1.12 1.08 1.07 
1.05 1.09 1.11 1.11 1.12 
1.1 1.13 1.11 1.1 1.13 
1.12 1.09 1.05 1.05 1.11 
1.05 1.05 1.09 1.08 1.11 
1.11 1.06 1.07 1.11 1.05 
1.06 1.08 1.13 1.07 1.1 
1.12 1.13 1.12 1.09 1.11 
1.13 1.1 1.1 1.1 1.12 
1.05 1.12 1.12 1.08 1.12 
1.07 1.13 1.1 1.13 1.11 
