5
75
6 49 48 15 16 65 24 48 18 94 65 67 100 41 70 75 60 83 10 86 66 64 38 68 21 76 28 90 5 28 13 84 98 35 15 53 84 9 55 31 85 44 37 19 29 5 66 86 48 73 57 75 65 24 57 51 17 23 81 14 73 57 49 68 16 19 36 20 56 84 31 40 12 73 81 
1 7 8 9 8 
1.05 1.01 1.02 1.05 1.03 
1.02 1.01 1.05 1.03 1.03 
1.06 1.03 1.04 1.02 1.04 
1.05 1.01 1.04 1.02 1.03 
1.05 1.06 1.02 1.05 1.03 
1.03 1.04 1.02 1.01 1.02 
1.02 1.03 1.05 1.06 1.06 
1.06 1.03 1.02 1.01 1.02 
1.05 1.03 1.06 1.03 1.03 
1.05 1.01 1.03 1.01 1.04 
1.04 1.05 1.05 1.06 1.02 
1.05 1.06 1.02 1.05 1.05 
1.01 1.04 1.05 1.04 1.01 
1.02 1.01 1.02 1.01 1.05 
1.02 1.05 1.01 1.05 1.03 
1.04 1.04 1.03 1.05 1.04 
1.03 1.03 1.05 1.03 1.06 
1.04 1.04 1.03 1.04 1.01 
1.05 1.02 1.04 1.04 1.03 
1.06 1.02 1.05 1.06 1.03 
1.03 1.05 1.01 1.03 1.03 
1.05 1.06 1.06 1.01 1.04 
1.05 1.05 1.06 1.02 1.03 
1.01 1.02 1.04 1.06 1.05 
1.03 1.03 1.05 1.01 1.04 
1.02 1.05 1.03 1.02 1.04 
1.02 1.01 1.05 1.02 1.03 
1.05 1.04 1.03 1.05 1.05 
1.06 1.03 1.05 1.05 1.06 
1.05 1.05 1.03 1.05 1.03 
1.05 1.06 1.02 1.04 1.06 
1.03 1.05 1.01 1.06 1.02 
1.05 1.03 1.02 1.06 1.03 
1.01 1.05 1.01 1.02 1.06 
1.02 1.03 1.01 1.04 1.02 
1.06 1.05 1.04 1.05 1.06 
1.05 1.01 1.06 1.04 1.04 
1.04 1.03 1.01 1.06 1.03 
1.01 1.04 1.06 1.05 1.03 
1.02 1.02 1.02 1.02 1.03 
1.02 1.03 1.06 1.06 1.05 
1.05 1.04 1.01 1.04 1.04 
1.06 1.03 1.05 1.06 1.02 
1.02 1.01 1.02 1.03 1.06 
1.01 1.02 1.01 1.05 1.06 
1.01 1.06 1.06 1.01 1.03 
1.03 1.03 1.05 1.06 1.04 
1.06 1.03 1.05 1.01 1.03 
1.06 1.04 1.02 1.03 1.03 
1.04 1.02 1.05 1.05 1.06 
1.06 1.04 1.01 1.05 1.01 
1.02 1.01 1.06 1.06 1.01 
1.04 1.03 1.06 1.01 1.03 
1.03 1.06 1.03 1.01 1.06 
1.06 1.06 1.03 1.06 1.06 
1.04 1.06 1.02 1.03 1.05 
1.02 1.06 1.03 1.05 1.05 
1.01 1.01 1.06 1.02 1.04 
1.01 1.06 1.04 1.06 1.02 
1.05 1.04 1.04 1.04 1.02 
1.02 1.04 1.04 1.06 1.04 
1.04 1.03 1.02 1.05 1.01 
1.02 1.01 1.02 1.02 1.05 
1.05 1.05 1.01 1.06 1.03 
1.05 1.05 1.04 1.01 1.01 
1.05 1.06 1.05 1.05 1.02 
1.03 1.04 1.06 1.06 1.03 
1.02 1.05 1.02 1.01 1.01 
1.04 1.03 1.05 1.06 1.04 
1.05 1.01 1.02 1.05 1.02 
1.03 1.05 1.04 1.01 1.06 
1.03 1.05 1.02 1.03 1.01 
1.03 1.01 1.03 1.06 1.05 
1.06 1.01 1.05 1.06 1.05 
1.04 1.05 1.01 1.04 1.03 
