5
50
12 11 80 33 68 17 23 43 86 25 21 60 25 80 40 34 45 27 83 47 61 4 27 49 77 20 74 13 84 77 70 79 24 37 37 78 44 87 87 67 79 30 28 4 77 21 56 51 67 18 
6 9 6 9 1 
1.07 1.06 1.05 1.12 1.07 
1.06 1.1 1.14 1.08 1.11 
1.11 1.1 1.1 1.12 1.09 
1.14 1.14 1.14 1.06 1.1 
1.09 1.1 1.11 1.13 1.05 
1.14 1.08 1.12 1.1 1.07 
1.09 1.14 1.1 1.11 1.07 
1.1 1.05 1.11 1.11 1.13 
1.08 1.12 1.08 1.08 1.07 
1.05 1.08 1.09 1.08 1.1 
1.08 1.07 1.06 1.07 1.11 
1.14 1.05 1.08 1.06 1.12 
1.12 1.06 1.08 1.13 1.12 
1.05 1.14 1.11 1.11 1.09 
1.06 1.13 1.07 1.12 1.08 
1.14 1.07 1.05 1.11 1.07 
1.11 1.11 1.05 1.11 1.11 
1.14 1.07 1.06 1.08 1.11 
1.11 1.14 1.1 1.09 1.11 
1.11 1.09 1.1 1.07 1.06 
1.08 1.1 1.14 1.05 1.12 
1.1 1.14 1.08 1.06 1.13 
1.14 1.12 1.1 1.11 1.07 
1.05 1.07 1.09 1.12 1.14 
1.08 1.14 1.14 1.07 1.05 
1.13 1.11 1.07 1.08 1.08 
1.1 1.06 1.08 1.09 1.14 
1.12 1.12 1.08 1.08 1.05 
1.05 1.07 1.12 1.13 1.1 
1.05 1.07 1.12 1.1 1.11 
1.14 1.06 1.09 1.07 1.08 
1.08 1.09 1.08 1.13 1.05 
1.13 1.12 1.11 1.05 1.12 
1.14 1.12 1.12 1.06 1.12 
1.06 1.14 1.1 1.11 1.13 
1.1 1.07 1.05 1.11 1.09 
1.06 1.06 1.09 1.08 1.05 
1.1 1.14 1.07 1.1 1.1 
1.08 1.07 1.13 1.1 1.13 
1.07 1.12 1.07 1.1 1.08 
1.05 1.08 1.11 1.06 1.07 
1.14 1.12 1.08 1.1 1.09 
1.14 1.14 1.12 1.07 1.1 
1.07 1.1 1.12 1.13 1.05 
1.12 1.1 1.09 1.11 1.08 
1.14 1.11 1.08 1.1 1.13 
1.11 1.11 1.05 1.11 1.08 
1.11 1.14 1.08 1.09 1.12 
1.11 1.09 1.1 1.05 1.09 
1.14 1.12 1.08 1.11 1.09 
