5
50
67 7 99 72 41 71 13 65 84 2 45 26 24 23 49 90 28 62 31 28 62 35 75 96 24 97 80 89 94 10 70 75 66 57 7 55 46 52 9 86 49 7 48 82 77 65 32 31 43 21 
2 2 3 1 3 
1.08 1.11 1.12 1.11 1.08 
1.09 1.08 1.11 1.13 1.07 
1.09 1.09 1.07 1.12 1.1 
1.08 1.1 1.05 1.06 1.1 
1.07 1.14 1.09 1.09 1.1 
1.13 1.12 1.14 1.09 1.05 
1.13 1.07 1.1 1.06 1.14 
1.07 1.13 1.13 1.07 1.09 
1.13 1.07 1.11 1.1 1.09 
1.11 1.05 1.05 1.07 1.07 
1.14 1.08 1.05 1.06 1.1 
1.11 1.06 1.11 1.07 1.05 
1.05 1.11 1.09 1.06 1.07 
1.11 1.09 1.05 1.05 1.06 
1.05 1.07 1.1 1.14 1.07 
1.13 1.1 1.08 1.11 1.1 
1.14 1.12 1.09 1.08 1.09 
1.14 1.13 1.12 1.12 1.06 
1.07 1.09 1.11 1.07 1.11 
1.11 1.06 1.08 1.13 1.13 
1.07 1.11 1.12 1.13 1.06 
1.09 1.12 1.05 1.09 1.06 
1.08 1.05 1.13 1.14 1.11 
1.12 1.1 1.14 1.13 1.12 
1.09 1.07 1.12 1.08 1.05 
1.12 1.07 1.08 1.05 1.11 
1.08 1.09 1.08 1.11 1.14 
1.11 1.08 1.09 1.06 1.09 
1.07 1.09 1.14 1.05 1.11 
1.06 1.08 1.12 1.07 1.09 
1.13 1.06 1.14 1.1 1.05 
1.08 1.11 1.11 1.07 1.06 
1.09 1.14 1.06 1.13 1.08 
1.14 1.05 1.08 1.14 1.13 
1.06 1.08 1.14 1.1 1.09 
1.14 1.07 1.09 1.1 1.06 
1.07 1.1 1.11 1.1 1.1 
1.13 1.09 1.05 1.06 1.06 
1.14 1.08 1.14 1.11 1.14 
1.08 1.1 1.08 1.05 1.11 
1.05 1.13 1.11 1.09 1.09 
1.07 1.06 1.1 1.09 1.07 
1.12 1.09 1.07 1.07 1.06 
1.08 1.06 1.1 1.08 1.09 
1.09 1.07 1.06 1.07 1.05 
1.12 1.11 1.07 1.05 1.13 
1.13 1.12 1.08 1.13 1.13 
1.08 1.08 1.09 1.07 1.14 
1.12 1.11 1.14 1.12 1.14 
1.05 1.06 1.05 1.08 1.09 
