5
75
5 14 93 59 65 31 52 33 82 76 37 41 37 59 28 93 7 42 33 10 80 56 36 3 92 79 28 66 49 60 89 55 97 33 100 98 74 17 88 98 91 53 11 95 40 33 39 72 41 85 34 90 35 29 27 31 35 86 93 62 27 63 60 30 54 10 62 81 28 40 72 3 62 16 50 
2 1 2 3 3 
1.03 1.01 1.04 1.03 1.02 
1.02 1.01 1.01 1.03 1.02 
1.04 1.04 1.06 1.01 1.03 
1.04 1.01 1.01 1.01 1.03 
1.05 1.02 1.06 1.05 1.04 
1.05 1.06 1.05 1.01 1.02 
1.01 1.01 1.05 1.06 1.03 
1.02 1.03 1.06 1.04 1.04 
1.02 1.06 1.03 1.01 1.05 
1.04 1.06 1.02 1.05 1.02 
1.01 1.01 1.06 1.04 1.05 
1.03 1.06 1.06 1.04 1.02 
1.04 1.03 1.06 1.02 1.04 
1.06 1.03 1.01 1.04 1.05 
1.06 1.06 1.04 1.02 1.03 
1.06 1.05 1.04 1.02 1.01 
1.05 1.03 1.05 1.05 1.02 
1.01 1.06 1.02 1.04 1.04 
1.04 1.06 1.03 1.04 1.06 
1.05 1.05 1.01 1.06 1.01 
1.05 1.06 1.04 1.02 1.01 
1.03 1.01 1.04 1.04 1.05 
1.01 1.06 1.01 1.03 1.04 
1.04 1.01 1.01 1.05 1.01 
1.04 1.03 1.06 1.05 1.05 
1.04 1.05 1.01 1.02 1.02 
1.06 1.03 1.06 1.06 1.06 
1.04 1.04 1.03 1.03 1.02 
1.03 1.02 1.01 1.02 1.02 
1.02 1.04 1.06 1.04 1.02 
1.02 1.01 1.03 1.04 1.03 
1.06 1.02 1.05 1.05 1.05 
1.02 1.01 1.06 1.01 1.05 
1.06 1.02 1.05 1.05 1.01 
1.05 1.04 1.05 1.01 1.05 
1.03 1.01 1.04 1.01 1.03 
1.04 1.04 1.01 1.03 1.02 
1.01 1.05 1.06 1.04 1.06 
1.05 1.04 1.02 1.03 1.03 
1.04 1.06 1.03 1.04 1.03 
1.04 1.03 1.02 1.03 1.02 
1.04 1.03 1.02 1.02 1.05 
1.02 1.02 1.03 1.05 1.01 
1.02 1.02 1.03 1.05 1.01 
1.06 1.03 1.06 1.01 1.01 
1.05 1.03 1.04 1.05 1.01 
1.03 1.05 1.06 1.05 1.04 
1.04 1.02 1.01 1.04 1.01 
1.01 1.05 1.03 1.04 1.04 
1.02 1.06 1.06 1.04 1.02 
1.06 1.05 1.01 1.02 1.04 
1.03 1.05 1.05 1.02 1.06 
1.05 1.03 1.02 1.06 1.06 
1.03 1.05 1.06 1.02 1.06 
1.02 1.04 1.05 1.06 1.02 
1.03 1.06 1.01 1.02 1.02 
1.06 1.03 1.01 1.05 1.04 
1.05 1.03 1.04 1.02 1.01 
1.06 1.02 1.03 1.02 1.05 
1.02 1.06 1.05 1.02 1.06 
1.03 1.01 1.05 1.02 1.03 
1.04 1.02 1.05 1.03 1.03 
1.02 1.05 1.04 1.02 1.06 
1.03 1.06 1.04 1.06 1.01 
1.05 1.04 1.02 1.05 1.02 
1.04 1.02 1.02 1.02 1.06 
1.05 1.03 1.02 1.04 1.06 
1.06 1.02 1.01 1.05 1.03 
1.03 1.04 1.03 1.04 1.05 
1.06 1.03 1.02 1.05 1.05 
1.01 1.04 1.05 1.05 1.05 
1.06 1.02 1.04 1.01 1.02 
1.01 1.03 1.04 1.04 1.04 
1.05 1.01 1.06 1.02 1.06 
1.03 1.05 1.01 1.03 1.05 
