5
50
8 33 81 9 80 53 9 76 2 86 70 16 92 81 66 10 61 46 40 93 2 75 37 92 59 8 70 67 9 16 36 78 83 67 89 89 62 8 69 74 5 81 39 24 37 52 75 50 96 57 
2 1 3 2 3 
1.09 1.09 1.11 1.13 1.06 
1.08 1.07 1.05 1.14 1.06 
1.1 1.09 1.09 1.13 1.07 
1.13 1.11 1.12 1.11 1.13 
1.12 1.06 1.09 1.06 1.14 
1.13 1.1 1.11 1.11 1.05 
1.07 1.11 1.13 1.13 1.1 
1.05 1.11 1.14 1.08 1.1 
1.1 1.11 1.13 1.14 1.11 
1.1 1.13 1.11 1.13 1.07 
1.11 1.05 1.1 1.05 1.14 
1.09 1.12 1.1 1.09 1.09 
1.12 1.13 1.12 1.06 1.13 
1.08 1.13 1.05 1.13 1.11 
1.12 1.09 1.13 1.08 1.11 
1.13 1.1 1.12 1.05 1.13 
1.12 1.1 1.05 1.07 1.06 
1.05 1.12 1.05 1.06 1.05 
1.05 1.05 1.12 1.14 1.09 
1.09 1.08 1.1 1.07 1.08 
1.14 1.05 1.12 1.08 1.07 
1.09 1.11 1.11 1.13 1.09 
1.11 1.07 1.05 1.08 1.05 
1.06 1.08 1.12 1.09 1.09 
1.14 1.12 1.1 1.1 1.07 
1.07 1.13 1.14 1.12 1.07 
1.06 1.05 1.1 1.07 1.09 
1.08 1.11 1.1 1.1 1.14 
1.14 1.09 1.14 1.05 1.11 
1.08 1.07 1.13 1.08 1.14 
1.07 1.1 1.12 1.06 1.07 
1.13 1.09 1.09 1.07 1.11 
1.1 1.14 1.05 1.08 1.13 
1.14 1.12 1.14 1.11 1.14 
1.08 1.1 1.09 1.11 1.12 
1.09 1.1 1.14 1.11 1.1 
1.14 1.07 1.1 1.08 1.08 
1.14 1.07 1.08 1.11 1.08 
1.12 1.05 1.1 1.09 1.12 
1.09 1.14 1.1 1.11 1.08 
1.09 1.1 1.1 1.08 1.07 
1.07 1.07 1.07 1.09 1.06 
1.12 1.08 1.1 1.14 1.14 
1.09 1.1 1.1 1.09 1.09 
1.09 1.08 1.07 1.09 1.11 
1.08 1.05 1.11 1.09 1.09 
1.05 1.13 1.06 1.14 1.08 
1.11 1.1 1.05 1.1 1.08 
1.1 1.08 1.09 1.12 1.09 
1.1 1.14 1.12 1.06 1.1 
