5
75
3 60 77 4 42 18 38 4 46 21 37 66 47 25 84 97 59 65 95 28 43 93 72 99 73 21 42 90 95 91 95 45 79 19 90 92 14 90 38 49 27 33 48 28 42 94 51 78 48 95 42 29 36 66 42 34 78 38 40 8 11 11 77 25 50 55 28 31 54 99 100 8 31 80 71 
1 1 1 1 3 
1.03 1.03 1.03 1.03 1.04 
1.06 1.05 1.04 1.02 1.03 
1.01 1.02 1.01 1.06 1.06 
1.05 1.05 1.02 1.05 1.03 
1.01 1.03 1.03 1.02 1.06 
1.05 1.06 1.01 1.06 1.01 
1.02 1.05 1.06 1.06 1.06 
1.03 1.06 1.01 1.01 1.06 
1.02 1.03 1.01 1.01 1.05 
1.06 1.03 1.03 1.06 1.05 
1.03 1.02 1.05 1.03 1.01 
1.03 1.03 1.02 1.06 1.05 
1.03 1.06 1.06 1.05 1.03 
1.02 1.03 1.04 1.01 1.01 
1.04 1.01 1.04 1.06 1.03 
1.04 1.01 1.01 1.02 1.06 
1.04 1.04 1.03 1.01 1.05 
1.02 1.02 1.04 1.03 1.02 
1.03 1.05 1.06 1.02 1.06 
1.02 1.05 1.04 1.05 1.01 
1.01 1.01 1.01 1.06 1.05 
1.01 1.05 1.05 1.03 1.03 
1.01 1.02 1.04 1.06 1.04 
1.06 1.06 1.06 1.05 1.03 
1.01 1.05 1.05 1.02 1.03 
1.05 1.03 1.04 1.05 1.02 
1.03 1.05 1.05 1.05 1.06 
1.02 1.04 1.06 1.01 1.05 
1.05 1.04 1.06 1.01 1.04 
1.04 1.05 1.02 1.04 1.02 
1.04 1.01 1.05 1.03 1.04 
1.03 1.02 1.05 1.05 1.02 
1.04 1.01 1.03 1.01 1.04 
1.01 1.01 1.06 1.05 1.05 
1.06 1.04 1.05 1.01 1.02 
1.02 1.05 1.04 1.02 1.01 
1.01 1.02 1.02 1.04 1.04 
1.02 1.05 1.05 1.01 1.05 
1.04 1.02 1.05 1.03 1.05 
1.06 1.06 1.01 1.05 1.03 
1.05 1.04 1.04 1.05 1.01 
1.03 1.02 1.06 1.04 1.02 
1.05 1.01 1.06 1.04 1.03 
1.03 1.06 1.02 1.05 1.01 
1.02 1.03 1.01 1.01 1.04 
1.03 1.03 1.05 1.05 1.01 
1.04 1.01 1.01 1.03 1.04 
1.06 1.03 1.02 1.06 1.01 
1.05 1.03 1.04 1.01 1.04 
1.04 1.01 1.05 1.01 1.03 
1.04 1.06 1.06 1.01 1.02 
1.03 1.03 1.03 1.02 1.04 
1.02 1.05 1.06 1.01 1.05 
1.04 1.06 1.04 1.01 1.01 
1.04 1.01 1.03 1.04 1.03 
1.02 1.04 1.06 1.03 1.01 
1.05 1.05 1.02 1.01 1.02 
1.04 1.05 1.01 1.03 1.02 
1.01 1.06 1.04 1.01 1.06 
1.06 1.06 1.05 1.04 1.02 
1.02 1.02 1.06 1.03 1.01 
1.05 1.01 1.06 1.02 1.04 
1.05 1.02 1.03 1.05 1.05 
1.06 1.01 1.04 1.02 1.06 
1.05 1.06 1.03 1.06 1.02 
1.01 1.05 1.03 1.05 1.05 
1.03 1.05 1.01 1.01 1.03 
1.03 1.03 1.05 1.06 1.03 
1.06 1.05 1.06 1.04 1.05 
1.05 1.06 1.02 1.03 1.06 
1.04 1.05 1.02 1.02 1.03 
1.03 1.04 1.02 1.05 1.06 
1.04 1.04 1.03 1.06 1.03 
1.04 1.05 1.02 1.02 1.04 
1.04 1.04 1.02 1.05 1.04 
