5
75
38 51 35 67 56 84 27 39 2 6 16 56 29 67 91 39 44 26 87 15 96 53 89 93 15 68 76 22 11 38 88 2 45 98 49 67 65 73 1 27 36 18 93 75 39 97 19 4 61 48 96 62 92 51 94 83 56 20 84 97 73 90 17 59 5 13 94 4 69 34 95 41 57 71 3 
3 2 1 3 1 
1.09 1.08 1.06 1.09 1.14 
1.14 1.12 1.06 1.05 1.07 
1.07 1.14 1.08 1.08 1.08 
1.11 1.13 1.13 1.09 1.14 
1.05 1.14 1.08 1.14 1.07 
1.13 1.05 1.06 1.14 1.12 
1.08 1.09 1.09 1.11 1.12 
1.09 1.14 1.06 1.1 1.08 
1.08 1.13 1.09 1.14 1.06 
1.14 1.06 1.09 1.06 1.14 
1.1 1.12 1.05 1.08 1.1 
1.07 1.13 1.1 1.11 1.08 
1.07 1.09 1.13 1.1 1.09 
1.11 1.11 1.13 1.14 1.11 
1.11 1.08 1.09 1.14 1.05 
1.05 1.1 1.08 1.1 1.12 
1.13 1.13 1.1 1.11 1.1 
1.09 1.08 1.12 1.12 1.12 
1.11 1.08 1.09 1.11 1.09 
1.08 1.05 1.05 1.11 1.05 
1.13 1.05 1.07 1.13 1.14 
1.12 1.12 1.1 1.09 1.14 
1.07 1.13 1.08 1.08 1.09 
1.12 1.13 1.1 1.14 1.12 
1.14 1.07 1.05 1.07 1.13 
1.14 1.1 1.09 1.09 1.14 
1.12 1.07 1.08 1.11 1.08 
1.06 1.07 1.05 1.06 1.12 
1.06 1.1 1.08 1.06 1.11 
1.08 1.09 1.14 1.1 1.13 
1.1 1.05 1.1 1.11 1.14 
1.09 1.13 1.09 1.06 1.09 
1.06 1.08 1.11 1.1 1.06 
1.07 1.1 1.06 1.1 1.11 
1.09 1.05 1.07 1.13 1.1 
1.12 1.12 1.13 1.05 1.14 
1.1 1.11 1.07 1.05 1.12 
1.09 1.08 1.08 1.07 1.1 
1.12 1.12 1.07 1.05 1.14 
1.08 1.13 1.1 1.09 1.09 
1.05 1.07 1.08 1.06 1.05 
1.13 1.07 1.13 1.11 1.05 
1.13 1.09 1.14 1.14 1.13 
1.07 1.11 1.08 1.07 1.11 
1.08 1.1 1.1 1.08 1.07 
1.13 1.13 1.08 1.05 1.13 
1.1 1.11 1.1 1.05 1.11 
1.09 1.07 1.12 1.07 1.1 
1.08 1.06 1.07 1.08 1.14 
1.12 1.08 1.1 1.14 1.06 
1.06 1.11 1.05 1.12 1.14 
1.06 1.09 1.06 1.06 1.07 
1.06 1.12 1.06 1.07 1.12 
1.12 1.1 1.09 1.13 1.12 
1.13 1.11 1.13 1.1 1.14 
1.12 1.1 1.07 1.05 1.1 
1.13 1.06 1.08 1.05 1.08 
1.08 1.05 1.11 1.09 1.14 
1.06 1.1 1.14 1.14 1.09 
1.11 1.12 1.08 1.05 1.12 
1.05 1.09 1.05 1.05 1.06 
1.08 1.09 1.11 1.09 1.05 
1.1 1.05 1.05 1.14 1.13 
1.1 1.14 1.06 1.11 1.06 
1.05 1.05 1.14 1.08 1.13 
1.12 1.13 1.12 1.05 1.14 
1.11 1.07 1.08 1.09 1.07 
1.11 1.13 1.12 1.08 1.12 
1.06 1.08 1.05 1.06 1.07 
1.1 1.09 1.14 1.08 1.11 
1.11 1.13 1.13 1.12 1.12 
1.08 1.13 1.13 1.13 1.09 
1.07 1.09 1.06 1.05 1.11 
1.08 1.08 1.05 1.11 1.05 
1.09 1.11 1.14 1.06 1.05 
