5
50
7 100 16 44 35 62 27 31 17 41 90 71 99 95 100 27 76 5 42 97 19 84 57 72 8 32 77 11 44 25 9 28 31 78 24 13 72 32 91 35 63 19 79 11 85 70 46 82 93 17 
4 7 8 2 1 
1.02 1.06 1.03 1.01 1.04 
1.05 1.03 1.06 1.03 1.05 
1.06 1.04 1.01 1.06 1.04 
1.05 1.06 1.02 1.03 1.06 
1.05 1.06 1.03 1.02 1.04 
1.05 1.06 1.06 1.05 1.03 
1.02 1.05 1.01 1.04 1.02 
1.01 1.06 1.04 1.01 1.04 
1.03 1.01 1.06 1.06 1.04 
1.01 1.06 1.05 1.03 1.01 
1.05 1.05 1.06 1.05 1.06 
1.05 1.06 1.06 1.03 1.01 
1.01 1.03 1.01 1.03 1.01 
1.04 1.02 1.03 1.04 1.06 
1.05 1.03 1.05 1.01 1.05 
1.04 1.06 1.06 1.05 1.02 
1.06 1.02 1.06 1.01 1.03 
1.01 1.03 1.04 1.04 1.04 
1.06 1.04 1.06 1.03 1.05 
1.04 1.03 1.06 1.04 1.05 
1.06 1.06 1.05 1.01 1.05 
1.04 1.06 1.06 1.04 1.04 
1.01 1.04 1.05 1.01 1.06 
1.05 1.06 1.02 1.05 1.05 
1.01 1.03 1.02 1.01 1.04 
1.03 1.01 1.02 1.01 1.05 
1.04 1.04 1.01 1.04 1.05 
1.03 1.05 1.01 1.01 1.04 
1.01 1.03 1.01 1.05 1.02 
1.01 1.01 1.01 1.06 1.06 
1.04 1.02 1.05 1.06 1.03 
1.02 1.03 1.03 1.06 1.03 
1.01 1.02 1.02 1.02 1.04 
1.02 1.01 1.05 1.04 1.04 
1.06 1.04 1.05 1.04 1.02 
1.06 1.01 1.05 1.01 1.03 
1.05 1.04 1.01 1.05 1.04 
1.02 1.05 1.05 1.04 1.01 
1.06 1.04 1.02 1.05 1.04 
1.03 1.02 1.06 1.04 1.04 
1.02 1.04 1.01 1.06 1.04 
1.02 1.06 1.03 1.05 1.04 
1.06 1.06 1.04 1.03 1.02 
1.06 1.03 1.03 1.03 1.02 
1.02 1.03 1.05 1.04 1.05 
1.03 1.04 1.04 1.04 1.03 
1.06 1.02 1.04 1.06 1.02 
1.05 1.05 1.01 1.03 1.05 
1.06 1.01 1.02 1.04 1.05 
1.05 1.04 1.02 1.06 1.03 
