5
50
94 100 88 60 95 83 44 23 1 11 30 55 44 90 75 37 79 27 41 35 65 54 93 37 4 83 81 90 73 21 56 42 8 44 36 22 35 93 50 32 100 13 88 21 96 85 24 12 41 24 
7 1 1 5 1 
1.06 1.05 1.02 1.01 1.04 
1.01 1.06 1.01 1.01 1.01 
1.01 1.02 1.01 1.05 1.01 
1.01 1.01 1.06 1.04 1.06 
1.02 1.01 1.03 1.04 1.03 
1.06 1.02 1.04 1.02 1.01 
1.01 1.03 1.04 1.06 1.06 
1.02 1.02 1.05 1.05 1.02 
1.05 1.03 1.06 1.06 1.05 
1.01 1.04 1.05 1.06 1.06 
1.05 1.01 1.05 1.02 1.01 
1.01 1.04 1.03 1.01 1.01 
1.04 1.04 1.02 1.06 1.05 
1.03 1.06 1.03 1.06 1.03 
1.06 1.05 1.05 1.03 1.04 
1.06 1.06 1.02 1.03 1.04 
1.03 1.01 1.02 1.05 1.02 
1.01 1.06 1.03 1.04 1.06 
1.02 1.05 1.05 1.04 1.05 
1.02 1.06 1.03 1.02 1.02 
1.04 1.04 1.04 1.04 1.01 
1.02 1.02 1.06 1.04 1.05 
1.01 1.03 1.04 1.02 1.03 
1.01 1.03 1.04 1.04 1.02 
1.01 1.02 1.06 1.01 1.06 
1.05 1.05 1.06 1.06 1.01 
1.03 1.05 1.02 1.05 1.03 
1.03 1.03 1.02 1.06 1.02 
1.04 1.04 1.02 1.02 1.03 
1.05 1.02 1.05 1.03 1.04 
1.02 1.04 1.06 1.06 1.06 
1.05 1.06 1.04 1.02 1.06 
1.03 1.06 1.02 1.06 1.03 
1.06 1.04 1.03 1.04 1.05 
1.03 1.04 1.03 1.01 1.02 
1.04 1.03 1.01 1.02 1.05 
1.06 1.06 1.02 1.02 1.01 
1.03 1.02 1.05 1.04 1.04 
1.05 1.01 1.05 1.05 1.04 
1.01 1.04 1.06 1.04 1.02 
1.06 1.06 1.06 1.03 1.03 
1.03 1.03 1.06 1.05 1.01 
1.06 1.01 1.02 1.02 1.01 
1.06 1.06 1.04 1.06 1.06 
1.03 1.02 1.05 1.03 1.06 
1.05 1.01 1.04 1.02 1.01 
1.05 1.02 1.04 1.01 1.01 
1.01 1.06 1.04 1.05 1.06 
1.06 1.02 1.06 1.03 1.04 
1.02 1.06 1.04 1.02 1.06 
