5
50
67 36 60 41 44 57 55 98 40 10 58 3 24 38 39 17 98 92 3 90 88 98 21 68 50 27 24 92 49 36 92 45 59 13 99 73 56 72 10 54 49 46 5 13 17 56 99 63 58 97 
3 3 3 2 3 
1.04 1.02 1.01 1.02 1.03 
1.01 1.01 1.02 1.02 1.05 
1.01 1.05 1.03 1.06 1.04 
1.04 1.03 1.05 1.02 1.02 
1.02 1.05 1.01 1.02 1.02 
1.04 1.03 1.05 1.06 1.06 
1.04 1.04 1.02 1.05 1.06 
1.01 1.05 1.01 1.01 1.04 
1.06 1.01 1.04 1.06 1.06 
1.05 1.01 1.03 1.01 1.06 
1.02 1.01 1.01 1.01 1.03 
1.03 1.03 1.03 1.06 1.01 
1.04 1.02 1.06 1.05 1.03 
1.05 1.03 1.05 1.01 1.02 
1.06 1.06 1.05 1.06 1.02 
1.06 1.06 1.04 1.06 1.03 
1.01 1.02 1.05 1.05 1.04 
1.03 1.04 1.04 1.03 1.02 
1.02 1.02 1.04 1.01 1.03 
1.01 1.04 1.01 1.06 1.05 
1.04 1.06 1.04 1.04 1.02 
1.03 1.06 1.06 1.03 1.04 
1.03 1.05 1.05 1.01 1.05 
1.06 1.04 1.01 1.02 1.03 
1.04 1.01 1.02 1.01 1.05 
1.02 1.04 1.04 1.06 1.01 
1.04 1.02 1.03 1.06 1.03 
1.03 1.04 1.04 1.06 1.01 
1.01 1.03 1.06 1.01 1.04 
1.04 1.02 1.03 1.06 1.02 
1.03 1.05 1.05 1.06 1.06 
1.04 1.06 1.03 1.03 1.04 
1.06 1.03 1.02 1.06 1.04 
1.01 1.05 1.01 1.04 1.02 
1.04 1.05 1.03 1.04 1.03 
1.02 1.06 1.02 1.06 1.06 
1.01 1.05 1.04 1.05 1.02 
1.02 1.01 1.01 1.05 1.01 
1.02 1.04 1.06 1.04 1.02 
1.01 1.06 1.05 1.01 1.02 
1.05 1.04 1.02 1.06 1.05 
1.03 1.02 1.02 1.02 1.01 
1.03 1.03 1.02 1.05 1.03 
1.06 1.04 1.02 1.04 1.01 
1.01 1.03 1.05 1.05 1.04 
1.02 1.04 1.06 1.03 1.02 
1.05 1.01 1.04 1.04 1.04 
1.03 1.03 1.05 1.01 1.03 
1.05 1.04 1.05 1.01 1.01 
1.02 1.05 1.06 1.01 1.05 
