5
100
70 51 2 37 38 47 31 70 43 47 94 42 90 71 37 14 25 36 83 65 3 99 85 74 73 44 96 20 13 40 88 46 66 20 64 24 23 22 34 17 95 98 64 32 37 7 79 8 27 50 7 11 52 90 95 38 85 84 66 46 56 45 61 27 60 89 99 60 5 51 28 54 57 86 98 43 81 90 97 14 60 36 63 46 60 74 90 40 10 14 54 21 29 56 47 79 26 6 80 75 
9 1 8 7 7 
1.02 1.01 1.06 1.03 1.03 
1.04 1.03 1.05 1.01 1.05 
1.06 1.06 1.06 1.04 1.05 
1.06 1.02 1.02 1.02 1.03 
1.02 1.02 1.05 1.04 1.02 
1.06 1.06 1.05 1.05 1.05 
1.04 1.04 1.04 1.05 1.04 
1.06 1.03 1.02 1.01 1.02 
1.04 1.01 1.04 1.06 1.03 
1.02 1.05 1.04 1.03 1.05 
1.06 1.01 1.06 1.02 1.01 
1.03 1.06 1.03 1.01 1.06 
1.05 1.04 1.01 1.06 1.01 
1.03 1.03 1.02 1.06 1.02 
1.04 1.05 1.03 1.06 1.06 
1.02 1.06 1.05 1.06 1.04 
1.02 1.03 1.03 1.03 1.04 
1.05 1.01 1.04 1.05 1.01 
1.06 1.04 1.06 1.02 1.02 
1.01 1.05 1.04 1.03 1.02 
1.01 1.01 1.04 1.05 1.05 
1.02 1.06 1.01 1.06 1.03 
1.01 1.06 1.04 1.01 1.01 
1.03 1.02 1.05 1.06 1.03 
1.02 1.01 1.04 1.03 1.03 
1.05 1.02 1.04 1.03 1.02 
1.04 1.05 1.02 1.03 1.02 
1.04 1.05 1.03 1.05 1.01 
1.06 1.02 1.04 1.05 1.02 
1.02 1.03 1.02 1.04 1.06 
1.05 1.06 1.01 1.02 1.05 
1.01 1.05 1.06 1.02 1.06 
1.05 1.06 1.06 1.05 1.02 
1.01 1.04 1.06 1.02 1.02 
1.03 1.06 1.05 1.02 1.04 
1.04 1.03 1.04 1.02 1.02 
1.02 1.04 1.02 1.02 1.01 
1.02 1.05 1.01 1.05 1.02 
1.04 1.05 1.06 1.03 1.02 
1.04 1.05 1.03 1.05 1.01 
1.03 1.06 1.02 1.01 1.03 
1.06 1.03 1.05 1.02 1.05 
1.06 1.03 1.05 1.05 1.02 
1.05 1.01 1.02 1.06 1.05 
1.06 1.02 1.05 1.05 1.03 
1.03 1.04 1.03 1.04 1.06 
1.02 1.06 1.03 1.03 1.04 
1.05 1.05 1.06 1.02 1.02 
1.03 1.02 1.04 1.04 1.03 
1.03 1.03 1.01 1.02 1.05 
1.06 1.05 1.01 1.04 1.01 
1.02 1.01 1.04 1.02 1.02 
1.02 1.05 1.05 1.04 1.05 
1.02 1.05 1.04 1.06 1.02 
1.01 1.06 1.03 1.02 1.04 
1.04 1.03 1.03 1.03 1.04 
1.06 1.05 1.05 1.04 1.01 
1.05 1.04 1.06 1.01 1.03 
1.03 1.03 1.01 1.04 1.02 
1.05 1.01 1.04 1.06 1.06 
1.05 1.01 1.04 1.01 1.02 
1.06 1.04 1.03 1.03 1.06 
1.02 1.01 1.03 1.01 1.05 
1.06 1.04 1.01 1.04 1.06 
1.06 1.01 1.03 1.05 1.06 
1.04 1.05 1.03 1.02 1.05 
1.04 1.03 1.01 1.06 1.05 
1.05 1.06 1.05 1.02 1.04 
1.05 1.06 1.02 1.03 1.03 
1.05 1.05 1.03 1.03 1.06 
1.01 1.01 1.01 1.01 1.04 
1.05 1.03 1.04 1.02 1.04 
1.04 1.03 1.01 1.05 1.01 
1.05 1.06 1.02 1.06 1.01 
1.02 1.02 1.04 1.02 1.05 
1.04 1.02 1.06 1.05 1.06 
1.01 1.04 1.03 1.05 1.02 
1.04 1.02 1.04 1.01 1.02 
1.05 1.01 1.01 1.01 1.02 
1.01 1.06 1.04 1.04 1.03 
1.01 1.04 1.04 1.04 1.05 
1.01 1.03 1.02 1.03 1.01 
1.01 1.02 1.01 1.06 1.02 
1.04 1.06 1.02 1.04 1.06 
1.04 1.05 1.04 1.05 1.06 
1.04 1.03 1.04 1.04 1.06 
1.06 1.03 1.03 1.05 1.06 
1.04 1.04 1.03 1.01 1.03 
1.04 1.06 1.05 1.05 1.02 
1.06 1.05 1.02 1.02 1.03 
1.02 1.01 1.03 1.04 1.06 
1.02 1.04 1.05 1.02 1.02 
1.06 1.01 1.06 1.04 1.06 
1.05 1.02 1.01 1.01 1.03 
1.01 1.06 1.02 1.06 1.03 
1.01 1.01 1.06 1.06 1.02 
1.05 1.06 1.06 1.03 1.03 
1.05 1.05 1.04 1.03 1.01 
1.05 1.05 1.03 1.03 1.01 
1.04 1.03 1.03 1.01 1.05 
