5
100
56 66 33 34 12 64 66 16 43 3 26 55 69 99 61 69 96 7 38 11 71 93 16 31 32 74 87 29 52 69 80 90 82 21 2 48 18 75 62 98 47 45 18 99 10 47 71 56 22 27 88 63 33 68 97 93 76 87 77 44 2 26 48 74 69 4 96 48 78 36 86 70 54 73 84 10 32 14 20 35 16 75 35 76 1 64 34 97 16 97 9 13 17 46 43 49 65 55 14 52 
8 9 8 8 6 
1.01 1.05 1.05 1.06 1.05 
1.01 1.03 1.05 1.03 1.01 
1.01 1.06 1.06 1.05 1.04 
1.06 1.05 1.05 1.03 1.04 
1.01 1.05 1.04 1.03 1.02 
1.03 1.05 1.01 1.05 1.05 
1.02 1.03 1.05 1.01 1.05 
1.01 1.02 1.04 1.01 1.04 
1.05 1.05 1.05 1.02 1.02 
1.04 1.01 1.06 1.01 1.04 
1.01 1.06 1.03 1.04 1.02 
1.02 1.03 1.06 1.04 1.03 
1.03 1.06 1.03 1.04 1.04 
1.06 1.06 1.03 1.01 1.05 
1.06 1.03 1.02 1.03 1.02 
1.05 1.02 1.06 1.05 1.04 
1.04 1.01 1.04 1.02 1.02 
1.03 1.02 1.05 1.04 1.01 
1.02 1.05 1.02 1.05 1.01 
1.04 1.04 1.05 1.05 1.02 
1.02 1.03 1.01 1.05 1.02 
1.01 1.01 1.05 1.06 1.03 
1.01 1.03 1.02 1.02 1.02 
1.06 1.02 1.04 1.02 1.05 
1.05 1.04 1.04 1.06 1.04 
1.05 1.05 1.03 1.03 1.04 
1.05 1.01 1.05 1.03 1.05 
1.06 1.02 1.05 1.04 1.02 
1.06 1.05 1.03 1.01 1.01 
1.03 1.04 1.04 1.01 1.05 
1.03 1.02 1.05 1.06 1.05 
1.04 1.03 1.02 1.02 1.06 
1.03 1.05 1.05 1.03 1.06 
1.05 1.05 1.03 1.05 1.06 
1.03 1.04 1.05 1.03 1.04 
1.04 1.04 1.02 1.02 1.01 
1.01 1.01 1.06 1.06 1.02 
1.04 1.04 1.06 1.01 1.06 
1.03 1.02 1.02 1.03 1.02 
1.03 1.05 1.03 1.04 1.03 
1.03 1.06 1.05 1.02 1.02 
1.02 1.05 1.02 1.06 1.06 
1.05 1.02 1.02 1.03 1.02 
1.04 1.06 1.01 1.05 1.04 
1.03 1.05 1.05 1.03 1.03 
1.02 1.05 1.01 1.05 1.02 
1.03 1.06 1.05 1.05 1.03 
1.05 1.01 1.01 1.05 1.06 
1.05 1.03 1.03 1.06 1.02 
1.05 1.02 1.01 1.01 1.03 
1.03 1.05 1.05 1.02 1.03 
1.02 1.04 1.06 1.05 1.06 
1.04 1.02 1.02 1.05 1.04 
1.04 1.03 1.06 1.03 1.03 
1.06 1.06 1.02 1.03 1.01 
1.05 1.02 1.03 1.05 1.03 
1.01 1.02 1.04 1.02 1.06 
1.05 1.03 1.03 1.06 1.06 
1.04 1.01 1.06 1.03 1.04 
1.05 1.05 1.04 1.05 1.05 
1.04 1.05 1.06 1.02 1.03 
1.03 1.06 1.03 1.06 1.04 
1.02 1.05 1.06 1.04 1.04 
1.03 1.05 1.06 1.06 1.01 
1.05 1.02 1.03 1.04 1.01 
1.01 1.06 1.04 1.01 1.05 
1.06 1.03 1.02 1.02 1.01 
1.02 1.02 1.04 1.04 1.04 
1.04 1.06 1.05 1.03 1.06 
1.03 1.04 1.05 1.02 1.04 
1.03 1.05 1.02 1.01 1.05 
1.05 1.01 1.03 1.03 1.05 
1.02 1.01 1.02 1.06 1.03 
1.05 1.05 1.03 1.03 1.04 
1.02 1.06 1.06 1.01 1.01 
1.02 1.06 1.03 1.01 1.01 
1.01 1.01 1.01 1.01 1.05 
1.01 1.05 1.03 1.06 1.06 
1.06 1.03 1.05 1.03 1.06 
1.06 1.03 1.01 1.01 1.02 
1.06 1.05 1.02 1.03 1.04 
1.03 1.06 1.03 1.06 1.02 
1.06 1.05 1.02 1.06 1.01 
1.04 1.04 1.04 1.04 1.01 
1.06 1.06 1.05 1.06 1.06 
1.01 1.02 1.01 1.04 1.02 
1.03 1.01 1.03 1.02 1.03 
1.04 1.05 1.01 1.02 1.06 
1.02 1.06 1.04 1.02 1.01 
1.06 1.02 1.01 1.06 1.03 
1.03 1.02 1.05 1.01 1.03 
1.03 1.05 1.03 1.04 1.06 
1.04 1.02 1.04 1.01 1.04 
1.01 1.01 1.04 1.04 1.04 
1.06 1.02 1.03 1.05 1.03 
1.01 1.01 1.02 1.01 1.06 
1.01 1.06 1.03 1.04 1.05 
1.05 1.02 1.02 1.03 1.02 
1.05 1.05 1.04 1.01 1.01 
1.03 1.05 1.04 1.03 1.02 
