5
75
10 6 63 56 60 22 69 12 35 76 38 5 7 84 99 43 43 36 10 29 39 66 67 2 26 81 45 72 13 49 47 69 90 76 65 76 55 1 54 67 31 58 39 34 70 98 66 13 59 8 71 38 31 39 27 65 99 6 51 79 98 26 35 56 68 37 95 96 98 5 16 4 67 38 28 
1 7 9 8 2 
1.1 1.14 1.06 1.09 1.09 
1.1 1.12 1.13 1.07 1.09 
1.06 1.12 1.09 1.09 1.08 
1.13 1.09 1.12 1.06 1.08 
1.09 1.06 1.13 1.06 1.14 
1.09 1.08 1.07 1.06 1.14 
1.13 1.09 1.07 1.12 1.1 
1.1 1.1 1.08 1.09 1.09 
1.09 1.1 1.06 1.13 1.1 
1.1 1.12 1.14 1.05 1.08 
1.13 1.14 1.13 1.09 1.06 
1.05 1.05 1.13 1.09 1.06 
1.06 1.06 1.1 1.14 1.1 
1.13 1.13 1.07 1.08 1.12 
1.12 1.05 1.07 1.06 1.06 
1.05 1.14 1.1 1.1 1.08 
1.08 1.06 1.1 1.1 1.14 
1.14 1.1 1.07 1.05 1.09 
1.11 1.09 1.13 1.05 1.05 
1.12 1.09 1.07 1.13 1.08 
1.07 1.05 1.14 1.11 1.13 
1.08 1.09 1.08 1.05 1.06 
1.13 1.05 1.12 1.12 1.14 
1.12 1.06 1.13 1.06 1.08 
1.11 1.09 1.09 1.11 1.05 
1.11 1.13 1.14 1.11 1.12 
1.05 1.05 1.1 1.09 1.14 
1.11 1.14 1.14 1.07 1.13 
1.05 1.05 1.14 1.07 1.06 
1.09 1.06 1.14 1.14 1.07 
1.08 1.1 1.05 1.06 1.12 
1.08 1.09 1.05 1.05 1.08 
1.06 1.1 1.1 1.14 1.11 
1.07 1.14 1.13 1.1 1.12 
1.11 1.09 1.05 1.14 1.09 
1.14 1.06 1.07 1.08 1.06 
1.07 1.11 1.08 1.13 1.11 
1.05 1.1 1.06 1.11 1.08 
1.13 1.1 1.14 1.11 1.07 
1.07 1.13 1.1 1.11 1.13 
1.11 1.09 1.1 1.08 1.07 
1.05 1.08 1.14 1.08 1.13 
1.08 1.13 1.07 1.11 1.07 
1.05 1.05 1.11 1.12 1.05 
1.13 1.07 1.14 1.07 1.1 
1.14 1.06 1.07 1.12 1.07 
1.1 1.11 1.1 1.13 1.08 
1.1 1.06 1.11 1.14 1.12 
1.07 1.05 1.14 1.07 1.1 
1.09 1.06 1.14 1.08 1.11 
1.09 1.07 1.08 1.11 1.07 
1.1 1.1 1.06 1.11 1.06 
1.12 1.06 1.05 1.12 1.12 
1.09 1.12 1.12 1.06 1.07 
1.12 1.14 1.05 1.06 1.08 
1.07 1.07 1.14 1.06 1.14 
1.09 1.1 1.07 1.11 1.1 
1.07 1.1 1.05 1.08 1.08 
1.06 1.08 1.06 1.09 1.05 
1.09 1.05 1.08 1.07 1.05 
1.09 1.11 1.09 1.11 1.05 
1.11 1.06 1.12 1.1 1.14 
1.13 1.1 1.1 1.07 1.13 
1.13 1.11 1.12 1.11 1.05 
1.09 1.12 1.11 1.11 1.1 
1.08 1.11 1.06 1.07 1.11 
1.09 1.11 1.08 1.09 1.05 
1.11 1.08 1.14 1.14 1.12 
1.05 1.14 1.12 1.12 1.11 
1.08 1.09 1.08 1.06 1.08 
1.07 1.06 1.13 1.07 1.06 
1.05 1.12 1.11 1.07 1.12 
1.06 1.11 1.11 1.13 1.09 
1.14 1.14 1.11 1.13 1.06 
1.12 1.07 1.08 1.09 1.08 
