5
50
19 23 83 85 93 83 78 10 1 88 80 25 83 79 26 45 46 74 29 10 65 79 72 42 76 9 52 85 66 41 32 25 46 84 100 81 22 21 17 41 83 78 59 8 24 38 25 69 79 37 
2 2 1 2 3 
1.05 1.1 1.14 1.06 1.14 
1.06 1.07 1.12 1.05 1.13 
1.13 1.13 1.06 1.11 1.08 
1.05 1.1 1.12 1.11 1.08 
1.1 1.08 1.14 1.05 1.14 
1.06 1.06 1.1 1.11 1.09 
1.09 1.06 1.11 1.08 1.07 
1.14 1.13 1.08 1.14 1.11 
1.07 1.12 1.08 1.11 1.11 
1.09 1.08 1.12 1.06 1.13 
1.13 1.06 1.11 1.1 1.08 
1.05 1.07 1.06 1.13 1.06 
1.11 1.06 1.11 1.12 1.06 
1.1 1.09 1.06 1.12 1.05 
1.14 1.13 1.12 1.07 1.07 
1.09 1.1 1.06 1.14 1.07 
1.13 1.14 1.08 1.1 1.07 
1.08 1.1 1.13 1.07 1.13 
1.12 1.07 1.11 1.06 1.08 
1.08 1.07 1.06 1.09 1.13 
1.13 1.09 1.05 1.05 1.09 
1.13 1.07 1.13 1.13 1.11 
1.08 1.12 1.09 1.09 1.11 
1.13 1.14 1.06 1.12 1.07 
1.08 1.12 1.06 1.06 1.08 
1.13 1.09 1.13 1.09 1.11 
1.12 1.11 1.09 1.06 1.07 
1.09 1.06 1.1 1.05 1.12 
1.13 1.06 1.14 1.08 1.05 
1.09 1.06 1.09 1.12 1.1 
1.13 1.11 1.1 1.08 1.08 
1.12 1.11 1.05 1.06 1.14 
1.07 1.07 1.11 1.12 1.05 
1.1 1.05 1.06 1.07 1.1 
1.09 1.08 1.09 1.11 1.11 
1.08 1.06 1.08 1.13 1.09 
1.13 1.12 1.09 1.06 1.12 
1.11 1.08 1.08 1.08 1.06 
1.13 1.05 1.09 1.05 1.11 
1.08 1.1 1.07 1.13 1.13 
1.14 1.05 1.07 1.11 1.09 
1.1 1.12 1.12 1.13 1.09 
1.1 1.05 1.11 1.14 1.06 
1.14 1.11 1.09 1.12 1.13 
1.09 1.1 1.07 1.05 1.05 
1.13 1.05 1.07 1.05 1.07 
1.07 1.05 1.09 1.07 1.05 
1.08 1.14 1.11 1.13 1.06 
1.08 1.12 1.08 1.07 1.14 
1.12 1.13 1.1 1.11 1.1 
