5
100
100 96 92 98 98 94 93 99 96 90 92 95 96 100 91 97 96 99 96 91 95 100 99 90 100 98 91 98 99 97 100 94 94 94 97 96 93 90 90 99 90 97 96 93 90 100 97 95 93 95 98 97 93 94 97 94 92 98 93 93 93 90 98 98 99 94 95 95 99 95 91 98 96 97 99 99 91 97 91 90 100 100 94 92 94 100 98 97 98 94 98 96 98 90 91 90 98 95 14 7 
41 12 22 11 2 
1.0071 1 1.0377 1.0456 1.0035 
1.0011 1.0087 1.0102 1.0084 1.0423 
1.0383 1.0313 1.0432 1.0079 1.0082 
1 1.0116 1.0358 1.0343 1.0307 
1.0409 1.0415 1.0265 1.003 1.0072 
1.0317 1.0058 1.0281 1.0272 1.0257 
1.0257 1.024 1.0107 1.0311 1.0257 
1.0393 1.0471 1.0087 1.0243 1.0468 
1.0302 1.0088 1.0298 1.0082 1.0252 
1.0477 1.0457 1.0385 1.0293 1.0216 
1.0128 1.0394 1.0291 1.0271 1.0107 
1.0412 1.0332 1.0009 1.0292 1.0177 
1.0227 1.0205 1.0091 1.0191 1.0183 
1.0381 1.027 1.0132 1.0104 1.0318 
1.0114 1.0113 1.0374 1.0349 1.0152 
1.0327 1.0415 1.0337 1.0288 1.0255 
1.0177 1.0351 1.0468 1.0084 1.0377 
1.0246 1.002 1.0406 1.0162 1.0245 
1.0245 1.0341 1.0432 1.0058 1.0494 
1.0154 1.0094 1.0013 1.0038 1.0398 
1.0005 1.0339 1.0251 1.0073 1.0347 
1.0219 1.0479 1.0217 1.0145 1.0446 
1.01 1.0498 1.0297 1.0141 1.0425 
1.034 1.0199 1.0009 1.0156 1.0443 
1.0492 1.019 1.0474 1.0458 1.0079 
1.0288 1.0473 1.03 1.0064 1.0154 
1.0067 1.043 1.0326 1.0352 1.0175 
1.0177 1.0234 1.012 1.0393 1.0023 
1.044 1.0459 1.0118 1.0028 1.0376 
1.0445 1.0453 1.0035 1.0065 1.0326 
1.017 1.0212 1.038 1.0026 1.0459 
1.046 1.0477 1.02 1.0274 1.0283 
1.0281 1.0006 1.0487 1.0001 1.0068 
1.0192 1.0214 1.0241 1.0205 1.0194 
1.013 1.023 1.0114 1.0098 1.0139 
1.0046 1.0262 1.0267 1.0354 1.0448 
1.0328 1.003 1.0224 1.0192 1.0114 
1.0387 1.046 1.0114 1.0245 1.0464 
1.0143 1.0319 1.0326 1.0448 1.0044 
1.0363 1.047 1.0455 1.036 1.0408 
1.0398 1.0063 1.0084 1.0425 1.0058 
1.0414 1.013 1.0479 1.0303 1.0399 
1.0285 1 1.0151 1.0054 1.048 
1.0388 1.0408 1.0352 1.016 1.0329 
1.0243 1.0282 1.0065 1.0381 1.0474 
1.038 1.007 1.0139 1.0352 1.0141 
1.0144 1.0275 1.0072 1.0033 1.0194 
1.0141 1.0209 1.0095 1.0326 1.0345 
1.0204 1.0277 1.0289 1.025 1.0278 
1.016 1.0071 1.006 1.0104 1.0216 
1.0097 1.0188 1.0216 1.0256 1.0028 
1.0429 1.043 1.0346 1.0287 1.0094 
1.0114 1.0278 1.0068 1.0033 1.022 
1.0391 1.0323 1.0246 1.0278 1.0089 
1.0198 1.0116 1.04 1.0357 1.0032 
1.0203 1.0462 1.0482 1.0096 1.0259 
1.0041 1.0261 1.0425 1.0184 1.0415 
1.0252 1.0024 1.0018 1.0093 1.0374 
1.0069 1.0399 1.0397 1.0298 1.0134 
1.0327 1.0225 1.0372 1.0188 1.0051 
1.0057 1.048 1.0491 1.0361 1.0488 
1.0239 1.026 1.0199 1.007 1.0411 
1.0233 1.0026 1.0452 1.0446 1.0421 
1.018 1.0136 1.0036 1.0245 1.0425 
1.0023 1.0476 1.0342 1.0099 1.0224 
1.0429 1.0351 1.0128 1.0167 1.0198 
1.0357 1.0241 1.015 1.0452 1.0149 
1.01 1.0491 1.0311 1.0414 1.0253 
1.021 1.0242 1.0053 1.0228 1.0264 
1.0215 1.0213 1.0449 1.0024 1.0442 
1.0154 1.0217 1.044 1.0112 1.0184 
1.0449 1.0128 1.0463 1.0463 1.0397 
1.0287 1 1.0286 1.0443 1.0438 
1.0218 1.012 1.0412 1.0397 1.0105 
1.0446 1.0289 1.007 1.0337 1.0435 
1.049 1.0297 1.0192 1.0317 1.0403 
1.023 1.0365 1.0452 1.0219 1.0297 
1.0154 1.0028 1.0274 1.0183 1.0061 
1.0413 1.0154 1.0324 1.0198 1.005 
1.039 1.0148 1.0356 1.0124 1.0401 
1.0318 1.0405 1.0268 1.014 1.0187 
1.0155 1.0228 1.0155 1.0335 1.0485 
1.01 1.0129 1.0254 1.0301 1.0075 
1.0315 1.0437 1.0031 1.0461 1.011 
1.0047 1.0481 1.0455 1.0174 1.0338 
1.0088 1.0311 1.0221 1.0016 1.0315 
1.0312 1.0197 1.0331 1.0443 1.0108 
1.0474 1.0069 1.0452 1.0016 1.0164 
1.0359 1.0186 1.0051 1.0087 1.0372 
1.0345 1.0463 1.0376 1.0401 1.0313 
1.0389 1.0132 1.0188 1.0012 1.0039 
1.049 1.0157 1.0218 1.0115 1.0217 
1.0359 1.0072 1.0145 1.0449 1.0171 
1.0168 1.0081 1.0171 1.0106 1.0352 
1.0386 1.0444 1.024 1.0031 1.0278 
1.0379 1.0173 1.0159 1.0292 1.0298 
1.0387 1.0021 1.0102 1.012 1.0116 
1.0347 1.0122 1.0425 1.0002 1.012 
1.0399 1.0334 1.0304 1.0469 1.0283 
1.0068 1.0038 1.0474 1.0156 1.0017 
