5
50
97 93 92 96 94 98 92 91 96 99 95 95 98 95 92 92 95 92 93 98 96 96 98 96 92 90 96 95 97 91 100 99 96 91 95 94 97 91 99 98 96 91 96 99 93 98 100 99 96 11 
21 5 3 16 30 
1.0476 1.0329 1.0368 1.0192 1.0425 
1.0055 1.0434 1.0049 1.0441 1.0012 
1.0145 1.006 1.0218 1.0253 1.0139 
1.0423 1.0279 1.0496 1.0187 1.0029 
1.0049 1.0437 1.0366 1.0449 1.0193 
1.0195 1.0297 1.0416 1.0286 1.0105 
1.0488 1.0282 1.0455 1.0234 1.0114 
1.0201 1.0316 1.0171 1.0286 1.0263 
1.0313 1.0355 1.0185 1.0053 1.0412 
1.0308 1.0332 1.0445 1.0313 1.0256 
1.0321 1.0058 1.0146 1.0482 1.0481 
1.0144 1.0196 1.0222 1.0129 1.0161 
1.0035 1.045 1.0173 1.0466 1.0044 
1.0159 1.0292 1.0439 1.0253 1.0024 
1.0154 1.001 1.0245 1.0149 1.0186 
1.0313 1.0474 1.0022 1.0168 1.0018 
1.0287 1.0405 1.0458 1.0391 1.0202 
1.0125 1.0477 1.0414 1.0314 1.0324 
1.0334 1.0374 1.0372 1.0159 1.0333 
1.007 1.0487 1.0297 1.0018 1.0177 
1.0273 1.027 1.0263 1.0168 1.0192 
1.0485 1.0102 1.048 1.0213 1.0127 
1.0302 1.0099 1.0027 1.0125 1.0043 
1.0424 1.0023 1.0472 1.0061 1.0181 
1.0003 1.0432 1.0005 1.0093 1.0225 
1.0031 1.0492 1.0142 1.0222 1.0286 
1.0064 1.04 1.0187 1.036 1.0413 
1.0474 1.027 1.017 1.0235 1.0333 
1.0211 1.026 1.0396 1.0167 1.0285 
1.005 1.014 1.0194 1.0195 1.0124 
1.0019 1.0125 1.0076 1.0194 1.0158 
1.0302 1.0371 1.0466 1.0178 1.0093 
1.0351 1.0484 1.0018 1.0464 1.0119 
1.0152 1.03 1.0087 1.006 1.0426 
1.001 1.0257 1.017 1.0315 1.0076 
1.0227 1.0043 1.0258 1.0164 1.0109 
1.0382 1.0086 1.0065 1.0487 1.0077 
1.0474 1.0125 1.0127 1.0129 1.0428 
1.0423 1.002 1.0402 1.0462 1.0123 
1.0096 1.0237 1.0261 1.0195 1.0025 
1.0264 1.026 1.0202 1.0116 1.003 
1.0326 1.0011 1.0271 1.0411 1.0047 
1.0153 1.002 1.029 1.0424 1.0188 
1.0263 1.044 1.0351 1.0162 1.0329 
1.04 1.0213 1.0458 1.0078 1.0365 
1.0007 1.0477 1.02 1.0058 1.0439 
1.0303 1.026 1.0357 1.0324 1.0477 
1.0108 1.0113 1.0387 1.0301 1.035 
1.046 1.0428 1.0493 1.0384 1.0405 
1.004 1.0111 1.0204 1.0335 1.0356 
