5
100
276 238 646 353 669 339 806 199 409 106 226 927 449 172 291 503 575 860 622 605 40 901 396 675 465 752 165 115 862 467 784 328 110 605 531 855 730 131 6 288 324 784 920 208 481 884 357 848 535 38 595 718 991 720 107 886 979 205 798 158 565 790 108 859 279 815 46 450 690 426 771 677 386 546 796 490 180 48 425 448 913 565 494 818 682 937 44 100 831 744 982 184 568 893 355 874 537 751 305 978 
174 22 387 418 343 
1.0374 1.0115 1.0022 1.0098 1.0396 
1.0435 1.0112 1.0024 1.0327 1.0214 
1.0496 1.0351 1.0113 1.035 1.0165 
1.0127 1.0281 1.0342 1.0233 1.0141 
1.0133 1.011 1.0142 1.0493 1.0331 
1.0231 1.0279 1.0212 1.0386 1.0451 
1.0121 1.0095 1.0008 1.0492 1.0481 
1.0241 1.0261 1.0299 1.0286 1.0149 
1.0285 1.0373 1.0067 1.0444 1.0321 
1.0189 1.0323 1.0266 1.0048 1.0073 
1.0471 1.039 1.0313 1.001 1.0108 
1.0239 1.0297 1.0496 1.0414 1.0227 
1.0194 1.0459 1.01 1.0323 1.0495 
1.0062 1.0201 1.0153 1.0446 1.0177 
1.011 1.009 1.0007 1.0238 1.0176 
1.0172 1.0491 1.036 1.0229 1.0393 
1.0138 1.0152 1.0446 1.0416 1 
1.0152 1.0288 1.0239 1.0186 1.012 
1.038 1.0062 1.0391 1.011 1.0139 
1.0359 1.0485 1.0269 1.0165 1.0451 
1.0134 1.037 1.0072 1.0268 1.0218 
1.0403 1.0205 1.0196 1.0247 1.0023 
1.0131 1.0384 1.0469 1.0245 1.0091 
1.008 1.0379 1.0176 1.0114 1.0122 
1.0076 1.0228 1.0424 1.0469 1.0182 
1.0022 1.0314 1.0472 1.0437 1.0498 
1.0291 1.0471 1.0241 1.016 1.0084 
1.0249 1.0381 1.0095 1.0232 1.0091 
1.0067 1.0286 1.0396 1.0328 1.0044 
1.0347 1.0072 1.0229 1.0061 1.0474 
1.037 1.0387 1.0158 1.0078 1.0264 
1.0491 1.043 1.0294 1.0052 1.0033 
1.0087 1.0391 1.0033 1.0072 1.0076 
1.0012 1.0337 1.0237 1.0308 1.007 
1.0342 1.0066 1.0201 1.0205 1.0014 
1.0453 1.0368 1.0054 1.0366 1.0005 
1.0319 1.0119 1.0495 1.0443 1.0364 
1.0227 1.0118 1.0161 1.0428 1.0207 
1.0402 1.0323 1.002 1.0461 1.0049 
1.0407 1.0142 1.0375 1.0485 1.0343 
1.0123 1.0452 1.0122 1.028 1.0252 
1.032 1.0091 1.0126 1.0067 1.0258 
1.038 1.0337 1.0387 1.0433 1.0283 
1.0374 1.0207 1.01 1.0443 1.0302 
1.0163 1.0023 1.0264 1.0066 1.0327 
1.0285 1.0301 1.0383 1.0371 1.0143 
1.0494 1.0088 1.0459 1.0197 1.0166 
1.0186 1.0324 1.0351 1.0088 1.0356 
1.0004 1.0255 1.0028 1.0111 1.0127 
1.0421 1.0412 1.0367 1.0242 1.0183 
1.0431 1.0495 1.0015 1.0455 1.0462 
1.0089 1.0448 1.0037 1.0418 1.0237 
1.0356 1.0465 1.0185 1.0364 1.0295 
1.0361 1.0032 1.0296 1.0378 1.0271 
1.0388 1.029 1.0124 1.0101 1.0224 
1.0075 1.0131 1.0036 1.0111 1.0019 
1.0337 1.0334 1.0278 1.0379 1.0328 
1.0199 1.0368 1.0361 1.0368 1.0227 
1.0067 1.0389 1.0384 1.0134 1.0034 
1.0238 1.0156 1.0296 1.0285 1.0073 
1.0373 1.0462 1.0157 1.0253 1.0217 
1.0488 1.0389 1.0196 1.0381 1.0213 
1.0335 1.0369 1.0441 1.0436 1.0147 
1.0083 1.0143 1.04 1.0241 1.0025 
1.0078 1.0462 1.0154 1.0354 1.0439 
1.0193 1.0368 1.0418 1.0109 1.0454 
1.0225 1.0078 1.0126 1.0061 1.0249 
1.0209 1.005 1.044 1.0143 1.0467 
1.0095 1.0103 1.0286 1.0026 1.0241 
1.0008 1.0244 1.0027 1.0391 1.038 
1.023 1.0366 1.0454 1.0413 1.0049 
1.0137 1.0398 1.0401 1.0137 1.0486 
1.0302 1.0423 1.0156 1.009 1.0451 
1.0385 1.0105 1.0261 1 1.0046 
1.0377 1.0404 1.0345 1.0308 1.039 
1.0078 1.0309 1.0404 1.0203 1.0154 
1.0432 1.0217 1.0335 1.0343 1.0113 
1.0354 1.0165 1.0265 1.0368 1.02 
1.0139 1.0195 1.0159 1.0052 1.0349 
1.0182 1.0058 1 1.0017 1.0421 
1.0493 1.0492 1.0221 1.0082 1.0201 
1.0143 1.0125 1.0216 1.0457 1.0039 
1.0469 1.0396 1.0091 1.0433 1.0176 
1.0253 1.0017 1.0388 1.0114 1.0327 
1.0313 1.0013 1.0331 1.0479 1.0149 
1.0323 1.0082 1.0217 1.0351 1.0388 
1.0165 1.0342 1.0496 1.0299 1.0073 
1.0297 1.0129 1.0372 1.0353 1.0272 
1.0078 1.0161 1.0418 1.0014 1.0351 
1.0002 1.0225 1.0335 1.0141 1.0451 
1.0012 1.013 1.0198 1.048 1.0217 
1.0338 1.0087 1.0285 1.0401 1.0316 
1.0124 1.0279 1.0349 1.0316 1.0289 
1.032 1.0498 1.0174 1.002 1.0242 
1.029 1.0023 1.0375 1.0386 1.0429 
1.0256 1.0356 1.0146 1.0109 1.0202 
1.007 1.0079 1.0478 1.0043 1.0378 
1.0189 1.0261 1.002 1.0333 1.0087 
1.0055 1.0355 1.0407 1.0087 1.0488 
1.0078 1.0197 1.0273 1.0404 1.0057 
