10
500
612 372 682 228 509 220 2 714 863 588 90 155 771 652 360 979 740 548 892 757 652 880 712 577 664 201 306 768 505 554 575 799 157 690 975 696 369 27 34 828 986 962 973 402 562 640 673 505 203 738 663 51 150 400 390 461 31 878 455 433 278 13 71 633 655 106 419 664 393 309 157 148 868 115 783 262 329 31 74 585 601 53 311 589 275 6 538 614 321 373 536 685 611 684 749 4 313 68 892 460 627 62 438 11 831 270 708 270 110 968 806 144 125 238 75 870 808 740 335 295 341 707 594 732 776 259 465 254 303 624 999 749 584 373 161 597 164 249 654 307 408 689 337 946 929 637 917 733 997 737 173 605 864 496 395 126 514 521 294 573 768 413 60 545 246 427 829 931 128 463 245 594 199 523 348 603 145 188 517 365 558 228 665 492 637 950 424 762 33 347 526 993 819 669 112 206 65 497 166 881 950 919 823 700 925 896 742 568 864 418 272 291 676 534 644 745 371 872 881 879 9 709 674 390 536 218 912 428 959 955 112 158 828 219 454 536 501 328 640 139 153 452 300 384 7 73 160 997 747 659 692 60 589 673 470 483 966 480 938 259 318 265 827 318 928 555 916 356 304 427 382 457 43 9 437 860 671 354 482 726 417 303 494 231 390 398 859 834 130 470 386 83 997 982 691 759 384 715 710 758 185 901 525 507 537 398 236 278 261 983 99 254 997 388 647 662 494 135 14 852 10 797 168 632 326 759 300 725 300 82 55 685 462 550 847 118 605 525 970 541 837 657 716 743 78 93 229 968 453 232 316 787 563 662 916 982 96 341 470 303 746 629 886 423 921 267 344 962 186 889 633 896 928 169 260 204 214 189 37 107 290 128 373 734 712 861 983 553 570 566 237 422 765 928 861 600 819 39 231 557 189 582 934 933 533 403 875 488 930 43 586 379 493 358 10 629 350 783 439 104 483 366 853 857 366 140 355 191 880 946 939 262 489 292 304 588 117 338 923 291 722 614 110 431 22 548 267 257 337 412 72 743 35 767 792 227 526 22 460 513 297 164 124 281 932 297 889 137 616 49 988 154 52 457 562 250 304 422 407 242 503 324 389 920 894 890 745 991 194 924 989 226 731 959 652 661 335 471 558 203 
462 213 471 93 119 477 35 174 336 145 
1.02 1.0316 1.0444 1.0279 1.0451 1.014 1.0081 1.0462 1.0422 1.0424 
1.0139 1.0075 1.0283 1.0287 1.0499 1.0173 1.0195 1.0015 1.0203 1.0161 
1.025 1.004 1.038 1.0438 1.0164 1.0454 1.0076 1.0384 1.0237 1.0142 
1.0205 1.0449 1.0314 1.035 1.0037 1.0409 1.0401 1.0031 1.0077 1 
1.0263 1.0183 1.0264 1.0349 1.0175 1.0302 1.0078 1.0249 1.0438 1.0314 
1.0204 1.0202 1.0253 1.0283 1.0214 1.0202 1.0406 1.0108 1.0449 1.0295 
1.0284 1.0074 1.0162 1.0276 1.024 1.0256 1 1.0015 1.0048 1.0324 
1.0054 1.0012 1.0161 1.0169 1.0241 1.0347 1.0114 1.037 1.023 1.0225 
1.0013 1.029 1.0251 1.0092 1.0477 1.0488 1.0022 1.0404 1.0491 1.0268 
1.028 1.0105 1.0061 1.0334 1.0272 1.0394 1.007 1.0075 1.0478 1.0395 
1.0087 1.0123 1.0229 1.019 1.0197 1.037 1.0066 1.0127 1.0344 1.0449 
1.0464 1.0269 1.0071 1.0498 1.0493 1.008 1.0102 1.027 1.0294 1.0112 
1.0173 1.0091 1.0022 1.0406 1.0181 1.0046 1.0391 1.0429 1.0087 1.0451 
1.0158 1.048 1.0487 1.0214 1.0288 1.0211 1.0303 1.0376 1.0352 1.035 
1.0077 1.0023 1.0215 1.0033 1.0458 1.0207 1.0353 1.028 1.0348 1.043 
1.0178 1.0342 1.0292 1.0408 1.0409 1.0425 1.0224 1.009 1.0036 1.0256 
1.0161 1.0239 1.0004 1.0266 1.0452 1.0252 1.0074 1.0429 1.003 1.019 
1.0254 1.0472 1.0296 1.0174 1.0115 1.0081 1.01 1.0324 1.014 1.0069 
1.0134 1.0131 1.0213 1.0095 1.0382 1.0424 1.0252 1.0152 1.031 1.0404 
1.0149 1.0432 1.001 1.0363 1.0293 1.008 1.0386 1.0107 1.0127 1.0453 
1.0088 1.0254 1.0205 1.0354 1.0223 1.0127 1.0456 1.0461 1.0047 1.0094 
1.0364 1.046 1.0153 1.0258 1.0171 1.0281 1.0289 1.025 1.0408 1.0246 
1.0259 1.0383 1.0408 1.0227 1.0279 1.0497 1.038 1.0352 1.0233 1.0176 
1.0416 1.0304 1.0231 1.0117 1.0483 1.015 1.0044 1.0012 1.0459 1.0437 
1.0197 1.0008 1.0423 1.0063 1.0065 1.0218 1.0216 1.0333 1.0483 1.0407 
1.0044 1.0127 1.0394 1.0013 1.0345 1.0398 1.016 1.0342 1.0397 1.0073 
1.0136 1.0414 1.0336 1.002 1.014 1.0234 1.0414 1.035 1.022 1.0141 
1.0039 1.0221 1.0338 1.0127 1.0221 1.002 1.0302 1.048 1.0477 1.0096 
1.0318 1.0018 1.0104 1.0351 1.0313 1.0002 1.0223 1.0113 1.0269 1.0121 
1.0056 1.0104 1.0048 1.0497 1.0443 1.0055 1.0079 1.0201 1.033 1.0272 
1.0446 1.0386 1.0273 1.001 1.0148 1.0187 1.024 1.0373 1.0496 1.0231 
1.0205 1.0165 1.0002 1.042 1.038 1.0038 1.0274 1.012 1.0198 1.006 
1.0037 1.0352 1.0346 1.0367 1.0353 1.0431 1.049 1.0111 1.0468 1.0292 
1.0177 1.0106 1.0388 1.041 1.0431 1.041 1.0117 1.0099 1.001 1.0196 
1.0318 1.0221 1.0152 1.0047 1.0097 1.0053 1.0441 1.0409 1.0382 1.0388 
1.039 1.0108 1.0054 1.0499 1.0334 1.0119 1.0439 1.0206 1.0192 1.0306 
1.0274 1.0149 1.0181 1.0103 1.048 1.0329 1.0447 1.0051 1.0127 1.0112 
1.0138 1.0428 1.0142 1.0487 1.0195 1.0272 1.0049 1.0032 1.0166 1.0014 
1.0404 1.0357 1.0348 1.0303 1.0026 1.0203 1.0132 1.0216 1.043 1.0106 
1.0121 1.0238 1.0427 1.0324 1.0377 1.0347 1.0395 1.0124 1.0217 1.0239 
1.0444 1.0185 1.0473 1.0073 1.0378 1.0023 1.0404 1.0279 1.0196 1.0346 
1.0248 1.0202 1.0382 1.0096 1.0279 1.0483 1.0246 1.0172 1.0397 1.0346 
1.049 1.0404 1.0082 1.0493 1.0133 1.001 1.0346 1.0021 1.0273 1.0495 
1.0027 1.0232 1.0189 1.0383 1.0246 1.0003 1.0371 1.0185 1.0318 1.0491 
1.0456 1.0158 1.0153 1.0493 1.009 1.0472 1.0051 1.0126 1.0394 1.0361 
1.0364 1.003 1.0482 1.02 1.0306 1.0334 1.0025 1.0075 1.0479 1.0375 
1.0026 1.0165 1.0363 1.0036 1.0333 1.0446 1.0429 1.0421 1.0272 1.028 
1.0094 1.005 1.037 1.0237 1.0199 1.04 1.0078 1.0335 1.0265 1.0466 
1.0269 1.0295 1.0046 1.0118 1.0007 1.0313 1.0417 1.0009 1.0319 1.049 
1.048 1.0256 1.0302 1.0151 1.0404 1.0073 1.0238 1.0253 1.0343 1.0061 
1.0399 1.0177 1.009 1.0275 1.0097 1.0062 1.0478 1.0337 1.0324 1.0329 
1.018 1.0146 1.0025 1.0173 1.0033 1.0064 1.0169 1.0391 1.0271 1.0446 
1.0386 1.0439 1.0097 1.038 1.0484 1.0224 1.0491 1.0014 1.0382 1.0324 
1.0082 1.0326 1.0142 1.0232 1.0125 1.047 1.0187 1.045 1.0392 1.0018 
1.0348 1.0391 1.0216 1.0329 1.02 1.0372 1.0463 1.0382 1.0076 1.0072 
1.0385 1.0325 1.0416 1.0176 1.0123 1.0223 1.0461 1.0449 1.0391 1.0478 
1.033 1.0088 1.0325 1.0381 1.0326 1.0128 1.018 1.0423 1.0002 1.0161 
1.0391 1.0022 1.0176 1.0445 1.0221 1.0093 1.0187 1.0103 1.0016 1.0458 
1.0071 1.0245 1.0166 1.0238 1.0251 1.0162 1.0429 1.0166 1.0321 1.0413 
1.03 1.0035 1.007 1.0113 1.0021 1.0292 1.0279 1.0037 1.0126 1.0102 
1.0099 1.0094 1.0003 1.0224 1.0262 1.0474 1.0276 1.0265 1.0498 1.0291 
1.0218 1.0239 1.0236 1.0133 1.0255 1.0029 1.0088 1.0236 1.02 1.0151 
1.046 1.0193 1.0379 1.0468 1.0138 1.0106 1.0472 1.0388 1.0369 1.0156 
1.0067 1.0156 1.035 1.0021 1.003 1.0138 1.0104 1.0451 1.0084 1.0353 
1.0264 1.0232 1.0071 1.0005 1.0385 1.0174 1.045 1.049 1.0243 1.014 
1.0359 1.0455 1.0206 1.0425 1.0411 1.0277 1.0494 1.022 1.0485 1.0169 
1.0128 1.0205 1.0035 1.0287 1.0479 1.0392 1.0126 1.0303 1.0164 1.0371 
1.0278 1.0349 1.0239 1.0093 1.0458 1.0367 1.0339 1.0368 1.0481 1.0362 
1.0152 1.0258 1.0482 1.0186 1.0158 1.0268 1.0144 1.0446 1.0181 1.021 
1.018 1.0396 1.0127 1.0427 1.0187 1.0308 1.0134 1.0024 1.0182 1.0163 
1.0179 1.0059 1.0489 1.0425 1.0025 1.0254 1.004 1.0307 1.0422 1.0472 
1.0004 1.0135 1.037 1.0383 1.0117 1.0053 1.0422 1.0139 1.0254 1.0371 
1.04 1.0241 1.0026 1.0463 1.0175 1.0359 1.041 1.0051 1.0278 1.0184 
1.0439 1.0422 1.012 1.0059 1.0437 1.0005 1.0383 1.0433 1.0288 1.0368 
1.0425 1.0266 1.0334 1.0446 1.0306 1.0179 1.0393 1.0326 1.0336 1.0477 
1.0346 1.02 1.0167 1.0117 1.0498 1.0064 1.0084 1.0293 1.002 1.0297 
1.0264 1.0238 1.018 1.0188 1.0393 1.017 1.0074 1.0426 1.0121 1.0019 
1.045 1.0426 1.0378 1.0053 1.0287 1.0452 1.0489 1.0253 1.0017 1.0379 
1.0441 1.0247 1.0451 1.0262 1.0386 1.0317 1.0384 1.0257 1.0366 1.0044 
1.0226 1.004 1.0332 1.0462 1.0269 1.0365 1.0476 1.0056 1.0013 1.0274 
1.0471 1.0315 1.0354 1.0457 1.0079 1.043 1.0267 1.0487 1.0332 1.0318 
1.0241 1.0182 1.0316 1.0204 1.0029 1.0367 1.0349 1.0462 1.0285 1.0204 
1.0073 1.0452 1.0467 1.0458 1.0306 1.0041 1.0078 1.0189 1.005 1.0298 
1.0329 1.0354 1.0284 1.0259 1.0373 1.0233 1.0065 1.048 1.0411 1.0105 
1.0106 1.0029 1.0326 1.0273 1.0011 1.0093 1.0469 1.0276 1.0199 1.0275 
1.038 1.0323 1.0492 1.015 1.0307 1.0246 1.0362 1.0067 1.006 1.0264 
1.0299 1.0304 1.0491 1.0114 1.0498 1.0395 1.0458 1.0431 1.034 1.0348 
1.005 1.0341 1.0198 1.0379 1.0414 1.0019 1.0112 1.0485 1.0086 1.0234 
1.0433 1.0461 1.0089 1.0476 1.0345 1.049 1.0043 1.0011 1.0367 1.0003 
1.0478 1.0026 1.0375 1.0273 1.0161 1.0059 1.0167 1.0016 1.0338 1.0021 
1.018 1.0165 1.014 1.041 1.0347 1.0071 1.0392 1.0156 1.0104 1.0173 
1.0161 1.0395 1.0167 1.0291 1.0217 1.0014 1.0426 1.0151 1.0362 1.0079 
1.047 1.0489 1.014 1.044 1.0201 1.0394 1.0165 1.0335 1.0004 1.0214 
1.0051 1.004 1.0096 1.0124 1.0369 1.0014 1.045 1.0182 1.0221 1.0483 
1.0315 1.0473 1.0328 1.0437 1.0173 1.025 1.0075 1.0193 1.0232 1.0338 
1.0416 1.0257 1.0244 1.0039 1.0167 1.014 1.0439 1.0147 1.0291 1.0308 
1.0037 1.0024 1.0451 1.0393 1.0301 1.0405 1.0318 1.0032 1.0219 1.016 
1.0179 1.0366 1.0005 1.0296 1.0225 1.0214 1.0307 1.0425 1.0019 1.0065 
1.0494 1.0242 1.0481 1.0033 1.011 1.0071 1.0222 1.0291 1.0483 1.0499 
1.0485 1.0093 1.0449 1.0391 1.0202 1.0082 1.0316 1.0247 1.0262 1.0328 
1.0254 1.0396 1.0085 1.0036 1.0206 1.0471 1.0379 1.0032 1.0044 1.0313 
1.0485 1.0282 1.045 1.008 1.0066 1.0379 1.0347 1.0413 1.0014 1.0158 
1.0466 1.0246 1.0125 1.0217 1.0278 1.0362 1.0474 1.0409 1.0359 1.0378 
1.0174 1.0482 1.0311 1.0155 1.0304 1.0325 1.0149 1.0189 1.0015 1.0178 
1.0214 1.0086 1.0454 1.0328 1.0338 1.0395 1.0338 1.0251 1.0386 1.0266 
1.0329 1.0336 1.0024 1.0173 1.0246 1.0462 1.0178 1.0198 1.0057 1.0272 
1.0154 1.032 1.0417 1.029 1.0461 1.0376 1.0011 1.0093 1.0107 1.0363 
1.0284 1.0388 1.0031 1.0287 1.0485 1.0287 1.0367 1.0184 1.0162 1.0249 
1.0206 1.0041 1.0269 1.0288 1.0028 1.0356 1.0117 1.0287 1.0158 1.0262 
1.0247 1.0441 1.0163 1.0114 1.0319 1.046 1.0397 1.0336 1.023 1.0105 
1.032 1.0197 1.0498 1.0381 1.01 1.0101 1.0147 1.0307 1.0249 1.0271 
1.0293 1.0225 1.048 1.0219 1.0209 1.0008 1.0088 1.0358 1.0165 1.0368 
1.0382 1.0059 1.0186 1.0211 1.0116 1.0331 1.0136 1.0488 1.0467 1.029 
1.0457 1.0151 1.0032 1.0186 1.0202 1.0059 1.0108 1.0387 1.0354 1.0136 
1.02 1.0467 1.0451 1.0015 1.0464 1.0224 1.0338 1.0123 1.0314 1.0072 
1.0442 1.0365 1.0061 1.0269 1.0028 1.0245 1.0178 1.0293 1.0017 1.0246 
1.0103 1.0063 1.0305 1.016 1.0455 1.0046 1.0295 1.0305 1.0097 1.0378 
1.03 1.0355 1.0136 1.0377 1.0284 1.0135 1.0034 1.0119 1.0155 1.0324 
1.0323 1.0377 1.0268 1.0386 1.0369 1.0479 1.0272 1.0077 1.0321 1.0384 
1.0073 1.0395 1.0357 1.0458 1.0429 1.0088 1.034 1.009 1.0409 1.0183 
1.0029 1.0481 1.0489 1.0374 1.028 1.0128 1.0101 1.005 1.0417 1.0377 
1.0472 1.0405 1.0199 1.0178 1.0088 1.0487 1.0256 1.0381 1.0195 1.0498 
1.0217 1.0477 1.0345 1.0005 1.04 1.0116 1.0029 1.0028 1.0372 1.0082 
1.0104 1.0009 1.0418 1.0477 1.0235 1.0206 1.0289 1.0105 1.0137 1.0206 
1.0231 1.0341 1.0378 1.0221 1.003 1.0403 1.0273 1.044 1.0099 1.0113 
1.0116 1.0204 1.0042 1.0468 1.0031 1.0133 1.0294 1.0353 1.0118 1.0402 
1.0008 1.0113 1.0333 1.0048 1.0466 1.0321 1.04 1.0428 1.036 1.0483 
1.0092 1 1.0442 1.0032 1.0307 1.046 1.0371 1.0271 1.016 1.0233 
1.0126 1.0412 1.0471 1.0455 1.0207 1.0312 1.0297 1.0052 1.0449 1.0124 
1.0251 1.0432 1.0473 1.0264 1.0011 1.0242 1.0193 1.0342 1.0424 1.0482 
1.0386 1.0231 1.0327 1.0081 1.0407 1.011 1.0438 1.0446 1.0319 1.0258 
1.0244 1.007 1.0417 1.0233 1.0168 1.0075 1.013 1.0186 1.0199 1.0444 
1.0362 1.0026 1.0064 1.0204 1.043 1.0406 1.0482 1.0288 1.0241 1.0276 
1.0253 1.011 1.027 1.0269 1.0361 1.0239 1.0334 1.0106 1.0328 1.0031 
1.0171 1.0097 1.0181 1.0372 1.0171 1.0094 1.0232 1.0256 1.0229 1.0361 
1.0487 1.0015 1.0452 1.0062 1.0202 1.0408 1.031 1.0436 1.0251 1.0062 
1.0136 1.0266 1.0453 1.0419 1.0183 1.038 1.041 1.002 1.0051 1.0496 
1.0047 1.0168 1.0224 1.0116 1.0359 1.0237 1.0246 1.0227 1.0462 1.0254 
1.0125 1.0294 1.0111 1.0148 1.0225 1.0413 1.0156 1.0295 1.0316 1.0006 
1.0017 1.0193 1.0492 1.0097 1.0328 1.008 1.0496 1.03 1.0387 1.0183 
1.0005 1.0397 1.0206 1.0443 1.0285 1.0058 1.0023 1.0019 1.0312 1.0237 
1.0471 1.0426 1.0209 1.0036 1.041 1.021 1.0071 1.0362 1.0462 1.0181 
1.0085 1.0059 1.0176 1.0451 1.0343 1.0424 1.0028 1.0135 1.0354 1.0059 
1.0363 1.0167 1.0497 1.0261 1.0265 1.0437 1.0393 1.0032 1.0184 1.0248 
1.043 1.0368 1.0449 1.019 1.0379 1.036 1.0189 1.0251 1.0468 1.0102 
1.0201 1.0249 1.0293 1.0063 1.0249 1.0398 1.0042 1.0116 1.0019 1.0151 
1.0369 1.001 1.007 1.0398 1.0215 1.0287 1.0193 1.0171 1.0055 1.0134 
1.0442 1.0174 1.028 1.0307 1.033 1.0103 1.0497 1.0134 1.0179 1.0302 
1.0278 1.0233 1.0031 1.0285 1.0084 1.0244 1.0487 1.0004 1.0328 1.0377 
1.0272 1.01 1.0425 1.0196 1.0241 1.0283 1.0199 1.0244 1.0037 1.0155 
1.0088 1.0482 1.0398 1.0259 1.0161 1.0079 1.0162 1.0482 1.0164 1.0409 
1.0004 1.0343 1.0253 1.0262 1.0123 1.01 1.0105 1.0347 1.0302 1.0459 
1.0295 1.0354 1.034 1.025 1.0141 1.0482 1.0194 1.0374 1.0377 1.0344 
1.0389 1.0074 1.0472 1.0455 1.0043 1.0185 1.0227 1.0151 1.0267 1.0045 
1.0252 1.0334 1.0253 1.0338 1.0463 1.0338 1.049 1.041 1.0242 1.0183 
1.0035 1.0166 1.0421 1.0067 1.0354 1.0201 1.0338 1.0263 1.002 1.0243 
1.026 1.017 1.019 1.0373 1.0459 1.0487 1.0333 1.0347 1.0016 1.0364 
1.0283 1.0078 1.0369 1.0276 1.044 1.0163 1.0398 1.0248 1.0194 1.0227 
1.0113 1.0045 1.0221 1.0245 1.0307 1.0177 1.0454 1.0153 1.0377 1.0185 
1.0392 1.041 1.0018 1.0482 1.0351 1.0363 1.0073 1.0271 1.0116 1.0089 
1.0421 1.0465 1.0426 1.0428 1.0322 1.0432 1.0012 1.0214 1.0368 1.0189 
1.0338 1.0164 1.0111 1.0256 1.0056 1.0032 1.0369 1.002 1.0128 1.0406 
1.0352 1.0189 1.0256 1.0075 1.0401 1.0145 1.0168 1.0223 1.0037 1.0254 
1.0169 1.0202 1.0186 1.0111 1.015 1.031 1.0229 1.0449 1.0338 1.0067 
1.0335 1.0228 1.0106 1.0127 1.006 1.0158 1.0433 1.031 1.0215 1.0303 
1.0373 1.0057 1.0327 1.0202 1.0179 1.019 1.005 1.0467 1.0178 1.0395 
1.0348 1.0445 1.0499 1.0464 1.0478 1.0098 1.0029 1.0006 1.0136 1.034 
1.0452 1.0246 1.0115 1.0146 1.0191 1.0429 1.0092 1.0155 1.0134 1.0081 
1.0037 1.0179 1.03 1.0336 1.014 1.0212 1.0193 1.0156 1.0457 1.0127 
1.0032 1.049 1.047 1.0339 1.0239 1.0366 1.0283 1.0361 1.041 1.0127 
1.0364 1.03 1.0081 1.0028 1.0378 1.0291 1.0364 1.0179 1.0306 1.0105 
1.0178 1.0292 1.011 1.0135 1.0261 1.0004 1.0093 1.0197 1.0455 1.0051 
1.0233 1.0482 1.0158 1.0148 1.0103 1.0493 1.0216 1.0081 1.0435 1.0012 
1.0222 1.0153 1.0005 1.0354 1.0149 1.0099 1.0447 1.0222 1.0246 1.0315 
1.0271 1.0225 1.0238 1.0144 1.0367 1.0336 1.0225 1.0226 1.0496 1.0226 
1.012 1.0244 1.038 1.0491 1.026 1.0109 1.0255 1.045 1.0186 1.0031 
1.0463 1.0269 1.04 1.0128 1.0315 1.0282 1.0241 1.04 1.0461 1.0371 
1.0427 1.0378 1.0095 1.0421 1.0152 1.0479 1.0128 1.0122 1.0399 1.0424 
1.0391 1.029 1.0469 1.0212 1.0248 1.0059 1.0391 1.0445 1.0329 1.0279 
1.0369 1.0321 1.0443 1.0021 1.0228 1.016 1.0125 1.0155 1.0136 1.032 
1.0485 1.0311 1.0349 1.0009 1.0318 1.0193 1.0451 1.043 1.0261 1.0204 
1.0339 1.0196 1.0059 1.0239 1.0012 1.0217 1.0042 1.0193 1.0146 1.0096 
1.0307 1.0108 1.0378 1.0003 1.0071 1.0071 1.0266 1.0493 1.02 1.0034 
1.0006 1.0425 1.0399 1.029 1.0032 1.0375 1.0288 1.0261 1.0363 1.0273 
1.0058 1.0167 1.0414 1.0128 1.0051 1.0413 1.0387 1.0473 1.0354 1.0114 
1.0166 1.003 1.0099 1.0052 1.0252 1.0149 1.0466 1.0357 1.0155 1.0167 
1.0308 1.0038 1.0488 1.0305 1.0239 1.0159 1.027 1.0047 1.0285 1.0136 
1.0277 1.0269 1.043 1.0306 1.0499 1.0214 1.0389 1.0409 1.0194 1.037 
1.0127 1.011 1.0402 1.0119 1.039 1.002 1.0459 1.0476 1.0066 1.0459 
1.0078 1.0322 1.0257 1.0044 1.0377 1.0458 1.0124 1.0483 1.0405 1.0395 
1.036 1.039 1.024 1.0428 1.0106 1.0253 1.0086 1.0009 1.0327 1.0151 
1.0459 1.0286 1.0195 1.018 1.035 1.0495 1.01 1.0443 1.02 1.0182 
1.0193 1.0098 1.0032 1.0199 1.0019 1.0183 1.0201 1.037 1.0064 1.0162 
1.0088 1.0154 1.0338 1.0048 1.0264 1.0408 1.047 1.0086 1.0176 1.0169 
1.0126 1.0014 1.0372 1.0044 1.0008 1.0429 1.0086 1.0195 1.0152 1.001 
1.003 1.0221 1.0256 1.017 1.0287 1.0332 1.0373 1.038 1.0077 1.0204 
1.0185 1.0271 1.0284 1.0088 1.0207 1.0462 1.029 1.0115 1.0294 1.0483 
1.008 1.0145 1.005 1.0435 1.0316 1.022 1.0335 1.0172 1.0463 1.0317 
1.044 1.02 1.0237 1.0455 1.0355 1.021 1.0197 1.0126 1.0069 1.0119 
1.0388 1.0412 1.0236 1.0062 1.0268 1.0364 1.0031 1.0007 1.0185 1.0407 
1.0398 1.0336 1.0422 1.0027 1.0331 1.0409 1.0372 1.0034 1.0368 1.0294 
1.0144 1.0259 1.0126 1.0018 1.0002 1.0466 1.0369 1.0127 1.0426 1.0086 
1.0321 1.0067 1.0374 1.0054 1.0281 1.0124 1.036 1.0448 1.0305 1.028 
1.0209 1.0354 1.0025 1.0374 1.0406 1.0466 1.0204 1.0117 1.0011 1.0225 
1.0151 1.0122 1.0373 1.0319 1.0075 1.0456 1.0468 1.0317 1.0336 1.0272 
1.0412 1.001 1.0386 1.0257 1.0275 1.0478 1.0343 1.0489 1.0192 1.0403 
1.0299 1.0472 1.0087 1.0478 1.0041 1.0233 1.0245 1.0178 1.0143 1.0371 
1.0401 1.0215 1.0079 1.0393 1.0171 1.0095 1.019 1.0333 1.0207 1.0251 
1.0446 1.0102 1.0177 1.03 1.022 1.0208 1.0456 1.0212 1.0228 1.0328 
1.0173 1.0358 1.0247 1.0496 1.0238 1.005 1.0124 1.026 1.0462 1.0247 
1.0122 1.0398 1.0406 1.0407 1.017 1.0215 1.0369 1.0245 1.0077 1.019 
1.0184 1.0498 1.044 1.048 1.0053 1.0454 1.0282 1.0429 1.0244 1 
1.0162 1.0222 1.0058 1.0307 1.0426 1.0055 1.0474 1.0486 1.0379 1.0103 
1.0198 1.0322 1.0354 1.029 1.0051 1.0118 1.0094 1.0103 1.0343 1.0335 
1.0111 1.0394 1.0326 1.0001 1.0214 1.0215 1.011 1.0038 1.0306 1.0255 
1.036 1.0034 1.019 1.0354 1.038 1.0079 1.0312 1.0378 1.0304 1.0222 
1.0494 1.0392 1.0295 1.0417 1.0055 1.036 1.0019 1.0414 1.0072 1.0482 
1.005 1.0456 1.0171 1.0302 1.0221 1.0152 1.0015 1.0451 1.0074 1.0483 
1.049 1.0279 1.0255 1.049 1.028 1.0121 1.025 1.0298 1.0116 1.0217 
1.043 1.0374 1.0044 1.0357 1.0252 1.0113 1.014 1.0444 1.0495 1.008 
1.0247 1.0147 1.0489 1.0031 1.007 1.0025 1.0421 1.0291 1.0481 1.0275 
1.0408 1.0285 1.0235 1.0116 1.0273 1.026 1.0483 1.0255 1.0288 1.0457 
1.0092 1.0347 1.0451 1.0042 1.019 1.0406 1.0034 1.0055 1.0067 1.0437 
1.0017 1.0348 1.0349 1.0071 1.0204 1.039 1.016 1.0004 1.0103 1.0242 
1.033 1.0379 1.0389 1.0004 1.0285 1.0371 1.0186 1.0417 1.0241 1.0199 
1.0462 1.0146 1.0422 1.0301 1.0424 1.0006 1.0249 1.032 1.0495 1.0253 
1.0026 1.0456 1.0091 1.0167 1.026 1.0365 1.0051 1.0352 1.0296 1.0166 
1.0174 1.0045 1.0207 1.0401 1.0104 1.0104 1.0011 1.0476 1.0231 1.0247 
1.0308 1.0233 1.0285 1.0022 1.0331 1.017 1.0071 1.0262 1.0119 1.0286 
1.0226 1.0052 1.041 1.0212 1.0149 1.0163 1.0182 1.005 1.0199 1.0409 
1.0036 1.0464 1.0203 1.0421 1.0304 1.0346 1.0453 1.0041 1.0131 1.0118 
1.0035 1.0024 1.0133 1.0351 1.008 1.0342 1.0243 1.0267 1.0039 1.0058 
1.0088 1.0133 1.0399 1.0129 1.0419 1.0102 1.0281 1.0218 1.0469 1.0249 
1.0359 1.0313 1.0206 1.0374 1.0416 1.0072 1.0469 1.0133 1.0148 1.0443 
1.0023 1.0474 1.0154 1.0466 1.0212 1.011 1.0447 1.0157 1.039 1.0499 
1.044 1.0054 1.0334 1.0133 1.0231 1.0223 1.0184 1.0386 1.0045 1.0158 
1.0097 1.0299 1.0056 1.0489 1.0103 1.0395 1.0007 1.0151 1.0401 1.0316 
1.041 1.0234 1.034 1.0047 1.0377 1.0243 1.0465 1.0053 1.0067 1.0422 
1.0399 1.0227 1.0011 1.0395 1.008 1.0393 1.0285 1.0209 1.0111 1.0275 
1.0157 1.0029 1.036 1.0372 1.0356 1.0351 1.0063 1.032 1.0328 1.0294 
1.0458 1.0359 1.0342 1.0402 1.0238 1.0098 1.0115 1.0273 1.0128 1.009 
1.0162 1.0355 1.0244 1.037 1.0487 1.0439 1.0241 1.0198 1.0365 1.0493 
1.0106 1.0042 1.0259 1.0322 1.0472 1.0119 1.0142 1.022 1.0354 1.0196 
1.0426 1.0318 1.031 1.0367 1.0253 1.0339 1.0109 1.0374 1.0476 1.0122 
1.036 1.0237 1.0003 1.0075 1.0327 1.0141 1.0192 1.0496 1.005 1.0007 
1.0123 1.0114 1.0278 1.0482 1.0157 1.0476 1.0003 1.0493 1.0103 1.0212 
1.0016 1.0096 1.0241 1.0289 1.0018 1.012 1.0101 1.0198 1.0312 1.0184 
1.0264 1.0141 1.037 1.0455 1.0471 1.0498 1.0057 1.0204 1.0219 1.032 
1.0395 1.0117 1.0256 1.0176 1.0007 1.0147 1.0386 1.0185 1.0371 1.0425 
1.0477 1.008 1.0092 1.0347 1.0177 1.0421 1.0262 1.0233 1.0089 1.0497 
1.0248 1.036 1.0176 1.0094 1.0058 1.0111 1.0156 1.0139 1.031 1.0086 
1.0283 1.0153 1.0247 1.0268 1.0003 1.0347 1.0177 1.0115 1.0375 1.032 
1.0385 1.0452 1.0311 1.0102 1.0095 1.0106 1.0066 1.0213 1.0073 1.0035 
1.0262 1.0125 1.0017 1.0221 1.0408 1.0193 1.0372 1.0447 1.0297 1.008 
1.0269 1.0268 1.0064 1.0217 1.0468 1.0339 1.0185 1.0431 1.0139 1.0252 
1.0479 1.0469 1.0436 1.0249 1.0197 1.016 1.0041 1.0249 1.0401 1.0344 
1.0141 1.0225 1.0178 1.0499 1.0455 1.0184 1.0242 1.017 1.0183 1.034 
1.0375 1.0036 1.0284 1.0057 1.0403 1.0382 1.0036 1.0118 1.0129 1.026 
1.0251 1.0182 1.025 1.0436 1.0074 1.0205 1.004 1 1.045 1.0443 
1.037 1.0408 1.0236 1.0144 1.024 1.017 1.0438 1.0348 1.0464 1.0401 
1.0449 1.0348 1.0181 1.0252 1.0009 1.0214 1.0067 1.0035 1.0016 1.0034 
1.0047 1.0302 1.0335 1.0322 1.0169 1.0241 1.0197 1.0276 1.0323 1.0204 
1.0041 1.038 1.0087 1.0052 1.0483 1.0307 1.0128 1.0485 1.031 1.0142 
1.0249 1.0282 1.0244 1.0167 1.0355 1.0338 1.0301 1.0363 1.0252 1.0244 
1.0128 1.0119 1.0355 1.0321 1.0256 1.0344 1.0374 1.0352 1.0058 1.0129 
1.0002 1.0378 1.0076 1.0278 1.0098 1.03 1.0162 1.0103 1.0334 1.0394 
1.0382 1.0249 1.0469 1.0121 1.0033 1.0133 1.0045 1.0239 1.002 1.0347 
1.0351 1.0293 1.0176 1.0152 1.0122 1.0217 1.0078 1.0443 1.0471 1.0453 
1.0029 1.0036 1.0453 1.0268 1.0281 1.0374 1.0374 1.0428 1.0404 1.0328 
1.0163 1.0212 1.0239 1.0146 1.0193 1.0478 1.0364 1.0489 1.048 1.0231 
1.0029 1.0266 1.0414 1.045 1.012 1.0446 1.0387 1.0186 1.0368 1.034 
1.0456 1.0444 1.0406 1.0178 1.0025 1.0217 1.0389 1.0435 1.0084 1.016 
1.0463 1.0185 1.0231 1.0283 1.0201 1.0332 1.038 1.0093 1.0441 1.0351 
1.0431 1.0423 1.043 1.0281 1.046 1.0163 1.0271 1.006 1.0307 1.0489 
1.02 1.0046 1.0288 1.0174 1.0265 1.0179 1.0378 1.0365 1.01 1.0479 
1.0019 1.0472 1.0441 1.025 1.0196 1.0086 1.0056 1.0029 1.0455 1.0423 
1.0283 1.028 1.0214 1.0289 1.0289 1.0076 1.0394 1.0096 1.0026 1.0159 
1.0312 1.0288 1.038 1.033 1.0319 1.0473 1.0337 1.0231 1.0018 1.0452 
1.0154 1.0318 1.0239 1.0216 1.0331 1.0008 1.0496 1.0399 1.0132 1.0282 
1.0232 1.0138 1.0335 1.0208 1.0226 1.0334 1.0447 1.0322 1.0322 1.0397 
1.0205 1.0279 1.038 1.0045 1.0453 1.0483 1.0365 1.0355 1.0011 1.0004 
1.0231 1.0318 1.0222 1.0057 1.0392 1.03 1.0209 1.0119 1.0182 1.0097 
1.0224 1.0165 1.0493 1.0396 1.0126 1.0206 1.0174 1.0199 1.0248 1.002 
1.0275 1.0394 1.0444 1.0167 1.0067 1.005 1.0199 1.0322 1.0403 1.0082 
1.0223 1.0241 1.0344 1.0367 1.025 1.0288 1.0127 1.0008 1.0075 1.0383 
1.0047 1.0192 1.0098 1.0006 1.0178 1.0263 1.0033 1.0023 1.0006 1.0087 
1.0468 1.0389 1.0445 1.0168 1.0035 1.0407 1.0239 1.0429 1.0169 1.0186 
1.0104 1.0332 1.0065 1.016 1.0497 1.0103 1.0452 1.0126 1.0251 1.0413 
1.0244 1.0203 1.0497 1.0189 1.0288 1.0388 1.0189 1.0329 1.0131 1.001 
1.0055 1.0033 1.0458 1.0442 1.0257 1.0209 1.0085 1.0029 1.0274 1.0405 
1.0117 1.0441 1.03 1.0031 1.0249 1.0318 1.0411 1.013 1.0245 1.048 
1.0464 1.0229 1.0422 1.0427 1.045 1.0494 1.0334 1.0456 1.0056 1.0324 
1.0003 1.0232 1.0428 1.0407 1.0468 1.0483 1.0258 1.0494 1.0163 1.043 
1.0163 1.0301 1.0065 1.024 1.0288 1.0289 1.0338 1.0214 1.0349 1.008 
1.028 1.0049 1.0199 1.0426 1.0163 1.0044 1.0402 1.008 1.021 1.011 
1.0271 1.0002 1.0424 1.0088 1.0241 1.0212 1.0088 1.0071 1.0192 1.0216 
1.0081 1.0189 1.0139 1.0239 1.0274 1.0229 1.0486 1.0197 1.0017 1.0452 
1.0084 1.049 1.0483 1.0254 1.0047 1.0418 1.018 1.0182 1.0392 1.0019 
1.0463 1.0005 1.0252 1.0294 1.0255 1.0155 1.0263 1.0212 1.0075 1.029 
1.0268 1.0281 1.0147 1.0484 1.0049 1.0474 1.0008 1.0112 1.0281 1.0294 
1.0091 1.0046 1.0002 1.0458 1.0012 1.0074 1.026 1.0071 1.0001 1.0376 
1.0004 1.0448 1.0304 1.0357 1.0081 1.0116 1.0012 1.0417 1.0464 1.0075 
1.0457 1.0482 1.0085 1.0279 1.0413 1.0439 1.0249 1.0058 1.0231 1.008 
1.025 1.0106 1.0481 1.0449 1.0269 1.015 1.0264 1.0014 1.0055 1.0267 
1.0041 1.0302 1.0402 1.0369 1.0254 1.0371 1.0069 1.0296 1.0259 1.0497 
1.0435 1.0496 1.0497 1.0312 1.0403 1.0049 1.039 1.0051 1.0407 1.0143 
1.0214 1.035 1.0367 1.0068 1.0234 1.0224 1.0129 1.0096 1.0139 1.0334 
1.0307 1 1.0374 1.0278 1.0295 1.0316 1.0265 1.0311 1.0385 1.0414 
1.0252 1.0159 1.0305 1.031 1.0464 1.0403 1.0483 1.011 1.0176 1.0224 
1.004 1.0445 1.0395 1.0466 1.0067 1.0368 1.0013 1.0337 1.0064 1.0126 
1.0237 1.0085 1.032 1.0085 1.0118 1.0026 1.0434 1.0455 1.0061 1.0196 
1.0196 1.0266 1.033 1.0077 1.0252 1.0374 1.0131 1.0469 1.044 1.02 
1.0217 1.0233 1.0171 1.0316 1.0016 1.0191 1.0447 1.041 1.0065 1.0396 
1.0212 1.0202 1.0198 1.0343 1.0327 1.0446 1.005 1.0446 1.0151 1.0288 
1.0137 1.0035 1.0294 1.0096 1.0418 1.0061 1.0495 1.0221 1.02 1.0178 
1.0122 1.0038 1.035 1.0066 1.0137 1.0404 1.029 1.0081 1.0029 1.0278 
1.0295 1.0186 1.0413 1.0318 1.0397 1.0406 1.0023 1.0294 1.0066 1.0043 
1.0286 1.0146 1.0191 1.0431 1.0167 1.0096 1.0364 1.0331 1.0102 1.0375 
1.0452 1.0295 1.0037 1.0024 1.0263 1.0049 1.0085 1.0457 1.0165 1.0449 
1.0268 1.0041 1.0459 1.0363 1.0389 1.0369 1.0448 1.0431 1.0228 1.0023 
1.0181 1.0497 1.0296 1.0424 1.0385 1.0441 1.0268 1.0442 1.01 1.0248 
1.015 1.0496 1.033 1.0036 1.0122 1.0274 1.0299 1.0179 1.0475 1.0288 
1.0092 1.0399 1.0077 1.0213 1.0433 1.049 1.0374 1.0279 1.0429 1.0033 
1.0226 1.024 1.0497 1.0359 1.0413 1.0388 1.046 1.0181 1.0172 1.0258 
1.0446 1.0079 1.0294 1.0345 1.032 1.0176 1.024 1.0156 1.0351 1.0099 
1.0311 1.0343 1.0261 1.0058 1.0498 1.0027 1.0212 1.0272 1.0179 1.0339 
1.0192 1.0382 1.0462 1.0234 1 1.0357 1.0375 1.0097 1.0088 1.0058 
1.0187 1.0385 1.0073 1.0233 1.0235 1.0476 1.014 1.0283 1.0416 1.0182 
1.0236 1.0355 1.041 1.01 1.0326 1.0079 1.0034 1.0164 1.0146 1.0088 
1.0161 1.0407 1.0059 1.0174 1.0111 1.0311 1.0335 1.036 1.0076 1.0247 
1.0176 1.0468 1.0246 1.0109 1.0275 1.0026 1.0251 1.0047 1.0479 1.0183 
1.0173 1.0116 1.0388 1.0367 1.0131 1.0169 1.0252 1.037 1.0117 1.0054 
1.0469 1.0423 1.0219 1.0206 1.0389 1.0326 1.0206 1.0192 1.0194 1.0376 
1.0379 1.0098 1.0406 1.0332 1.028 1.0203 1.0462 1.0413 1.0132 1.008 
1.0065 1.0185 1.0391 1.0206 1.0059 1.0268 1.0378 1.0192 1.0167 1.013 
1.0108 1.0042 1.027 1.0205 1.0333 1.0488 1.0473 1.035 1.0009 1.0081 
1.0425 1.0321 1.0497 1.0206 1.0192 1.0362 1.0077 1.012 1.0131 1.0491 
1.0246 1.0129 1.0058 1.0432 1.0146 1.0345 1.0159 1.049 1.0172 1.0211 
1.0239 1.0315 1.0294 1.0457 1.0025 1.0465 1.0027 1.0178 1.0376 1.0245 
1.0446 1.0398 1.0227 1.0017 1.0416 1.0031 1.0187 1.0293 1.0158 1.0063 
1.0469 1.0263 1.0271 1.0112 1.0157 1.005 1.0479 1.0175 1.0215 1.0212 
1.0004 1.03 1.0139 1.0442 1.0391 1.0342 1.0026 1.0447 1.0102 1.019 
1.0166 1.0267 1.0101 1.0244 1.0458 1.0163 1.0439 1.033 1.0279 1.0118 
1.0434 1.0147 1.0482 1.041 1.0201 1.0319 1.0032 1.0459 1.0053 1.0326 
1.0106 1.0451 1.0482 1.0166 1.0472 1.0247 1.0044 1.0188 1.0256 1.0464 
1.0205 1.0345 1.0379 1.0002 1.0288 1.0469 1.002 1.0129 1.0211 1.0457 
1.036 1.0121 1.0049 1.001 1.0024 1.0447 1.0035 1.0297 1.0353 1.0104 
1.0032 1.0336 1.0065 1.0398 1.0222 1.0044 1.015 1.0025 1.0324 1.0205 
1.0016 1.004 1.0261 1.0295 1.0286 1.0252 1.0449 1.0107 1.001 1.0392 
1.039 1.0333 1.0057 1.0341 1.0272 1.0431 1.0109 1.0103 1.039 1.0498 
1.0261 1.0453 1.0437 1.0231 1.0248 1.0118 1.0457 1.0308 1.0285 1.0097 
1.0499 1.0316 1.0458 1.0302 1.0272 1.0221 1.0201 1.0381 1.0256 1.0404 
1.0072 1.0139 1.0175 1.0247 1.0236 1.011 1.0334 1.021 1.0331 1.021 
1.0157 1.0438 1.0435 1.0461 1.0287 1.0249 1.0358 1.0351 1.0391 1.0161 
1.0261 1.0038 1.0497 1.0393 1.0426 1.0323 1.0288 1.0437 1.0366 1.0242 
1.0003 1.0094 1.0273 1.0162 1.0114 1.0049 1.0031 1.0017 1.0127 1.0326 
1.021 1.0275 1.0272 1.0197 1.0257 1.0145 1.0458 1.0348 1.0025 1.0476 
1.011 1.0103 1.0162 1.0449 1.0175 1.0292 1.0044 1.0047 1.0133 1.0361 
1.0066 1.0478 1.0452 1.032 1.0267 1.0163 1.0264 1.0425 1.0279 1.0442 
1.0239 1.0209 1.0048 1.0179 1.0483 1.0223 1.0109 1.0312 1.0327 1.0163 
1.0191 1.0013 1.0444 1.0002 1.0111 1.0489 1.0352 1.0049 1.0359 1.0289 
1.0477 1.0435 1.0053 1.0259 1.0059 1.0013 1.0092 1.048 1.0296 1.0157 
1.0087 1.0252 1.0419 1.0038 1.0335 1.0245 1.0083 1.0028 1.0113 1.0491 
1.0393 1.0313 1.0225 1.0391 1.0336 1.0058 1.0433 1.0271 1.0241 1.0184 
1.0041 1.0077 1.0038 1.0009 1.0314 1.031 1.0402 1.0215 1.0141 1.0397 
1.0122 1.0131 1.0033 1.0144 1.011 1.0174 1.0149 1.0366 1.0479 1.0456 
1.0159 1.0001 1.012 1.0368 1.0043 1.0446 1.0006 1.0304 1.0224 1.0003 
1.0481 1.0165 1.0304 1.0044 1.0307 1.019 1.0111 1.0045 1.0063 1.0289 
1.0158 1.0267 1.0003 1.0026 1.0463 1.0033 1.0453 1.0459 1.0184 1.0181 
1.0284 1.0219 1.0071 1.0223 1.04 1.0147 1.0253 1.0117 1.0451 1.037 
1.0084 1.0112 1.0176 1.0444 1.0325 1.023 1.0357 1.0489 1.0402 1.0472 
1.0245 1.0475 1.031 1.0421 1.0241 1.0389 1.0463 1.0128 1.0211 1.015 
1.0257 1.0167 1.026 1.0093 1.0251 1.0025 1.0018 1.0114 1.0279 1.0057 
1.0246 1.0453 1.0313 1.0355 1.009 1.0153 1.0328 1.0046 1.0071 1.0484 
1.0188 1.0122 1.0081 1.0497 1.0047 1.0029 1.0419 1.0334 1.0315 1.0197 
1.0148 1.0291 1.0303 1.0439 1.0146 1.0187 1.0262 1.0298 1.0257 1.0021 
1.0432 1.0253 1.0048 1.0349 1.0214 1.0207 1.0148 1.0141 1.0192 1.0117 
1.0377 1.0314 1.0401 1.0016 1.0433 1.0063 1.0275 1.02 1.0462 1.034 
1.0111 1.0227 1.0384 1.0303 1.038 1.0059 1.0291 1.0207 1.0207 1.0191 
1.049 1.0496 1.0377 1.0406 1.0287 1.0419 1.0364 1.0437 1.0237 1.0006 
1.0419 1.017 1.048 1.0219 1.0049 1.0198 1.006 1.0061 1.0219 1.0188 
1.0344 1.0183 1.0145 1.0266 1.004 1.0392 1.0394 1.0456 1.0093 1.0427 
1.0159 1.0447 1.0124 1.0187 1.0398 1.032 1.0441 1.0157 1.0039 1.0104 
1.0173 1.0493 1.0323 1.0306 1.0199 1.0039 1.0035 1.0271 1.0143 1.0364 
1.0455 1.0081 1.0312 1.0007 1.0444 1.0351 1.0127 1.0179 1.0142 1.0204 
1.0455 1.0217 1.0194 1.0495 1.0387 1.0191 1.0435 1.0438 1.0334 1.0321 
1.0055 1.0025 1.0397 1.0367 1.0377 1.0104 1.0362 1.0446 1.034 1.0327 
1.0296 1.0058 1.0483 1.0483 1.0463 1.002 1.0307 1.031 1.0085 1.0001 
1.0004 1.0283 1.0397 1.0051 1.0392 1.0358 1.0275 1.0318 1.0476 1.0148 
1.0028 1.0337 1.0428 1.0272 1.0116 1.0302 1.0441 1.0213 1.0109 1.0408 
1.0376 1.0484 1.0094 1.0144 1.0118 1.0028 1.0399 1.003 1.0271 1.003 
1.0283 1.0176 1.0016 1.008 1.0447 1.0195 1.0032 1.0281 1.0177 1.0329 
1.02 1.0212 1.0205 1.0395 1.0177 1.0476 1.0162 1.0228 1.0458 1.0225 
1.0393 1.0297 1.0095 1.0183 1.0237 1.0142 1.0298 1.0067 1.0307 1.0177 
1.034 1.0352 1.0052 1.0474 1.0065 1.0124 1.0482 1.0055 1.0435 1.0299 
1.014 1.0433 1.0336 1.0259 1.032 1.0086 1.0327 1.0293 1.0028 1.002 
1.0262 1.0371 1.0209 1.0014 1.0381 1.0323 1.0426 1.0485 1.0113 1.0354 
1.0448 1.0434 1.0021 1.0444 1.0348 1.011 1.0161 1.0351 1.0386 1.0098 
1.0122 1.0242 1.0444 1.0356 1.0268 1.0368 1.0142 1.0262 1.0139 1.0101 
1.0205 1.0269 1.0499 1.0256 1.0401 1.0093 1.0194 1.0357 1.0216 1.0123 
1.024 1.025 1.0096 1.0371 1.0096 1.0461 1.036 1.0284 1.0162 1.0068 
1.0389 1.0356 1.015 1.0191 1.0494 1.0204 1.0232 1.0253 1.0214 1.0179 
1.0106 1.0101 1.0041 1.0481 1.001 1.0427 1.0054 1.0331 1.0157 1 
1.0127 1.0422 1.0475 1.0022 1.0102 1.0357 1.0043 1.0387 1.0434 1.0143 
1.0049 1.0491 1.0001 1.0229 1.0282 1.0488 1.0157 1.0099 1.012 1.0002 
1.0196 1.0388 1.0231 1.0256 1.0117 1.0215 1.0451 1.0305 1.0099 1.0465 
1.0167 1.0254 1.0144 1.0461 1.0001 1.0382 1.013 1.0165 1.0347 1.0159 
1.0081 1.0285 1.019 1.0281 1.0041 1.0181 1.0049 1.0033 1.0229 1.0115 
1.0371 1.038 1.0257 1.0311 1.0481 1.028 1.0403 1.0139 1.0366 1.0449 
1.0244 1.0221 1.0124 1.0147 1.0106 1.0303 1.0356 1.038 1.0353 1.0325 
1.0496 1.0273 1.027 1.0057 1.0304 1.0166 1.0142 1.0276 1.0182 1.0249 
1.0435 1.0039 1.0119 1.0023 1.0107 1.0396 1.0363 1.0217 1.0106 1.0209 
1.0418 1.0328 1.0046 1.0197 1.0164 1.0464 1.0085 1.0194 1.0426 1.0006 
1.0058 1.0275 1.0482 1.0016 1.0135 1.0219 1.0233 1.0085 1.0479 1.041 
1.0222 1.0013 1.0158 1.0107 1.0042 1.0242 1.0077 1.0261 1.0318 1.0296 
1.0283 1.0293 1.0357 1.0086 1.03 1.0123 1.0391 1.0281 1.0082 1.0361 
1.0256 1.0392 1.0309 1.0478 1.0229 1.0433 1.0235 1.0283 1.0435 1.0119 
1.004 1.0311 1.0141 1.0333 1.0478 1.027 1.0245 1.0489 1.0464 1.0287 
1.0058 1.0109 1.0496 1.0011 1.0353 1.0202 1.0186 1.0225 1.0448 1.0161 
1.0487 1.0248 1.0206 1.0043 1.0215 1.0033 1.0236 1.0055 1.0059 1.0442 
1.0491 1.0451 1.0357 1.0307 1.0183 1.04 1.0403 1.043 1.0148 1.009 
1.0454 1.049 1.0067 1.0467 1.0196 1.0163 1.0395 1.0368 1.0357 1.0398 
1.0412 1.0497 1.0427 1.0247 1.0291 1.0138 1.0463 1.0338 1.0168 1.0243 
1.0289 1.0102 1.0065 1.0478 1.0043 1.0022 1.006 1.0234 1.037 1.0238 
1.0094 1.031 1.047 1.0414 1.0261 1.0474 1.0263 1.0266 1.0358 1.0382 
1.0348 1.0066 1.0167 1.0168 1.0183 1.0466 1.0149 1.0231 1.0017 1.0388 
1.0497 1.0113 1.0039 1.0156 1.0244 1.0432 1.0217 1.0485 1.0023 1.0112 
1.001 1.0258 1.0012 1.006 1.0284 1.0008 1.0327 1.0492 1.0006 1.005 
1.024 1.0213 1.0435 1.0021 1.0029 1.0079 1.0433 1.0193 1.0266 1.0315 
1.0189 1.0279 1.0127 1.0036 1.0313 1.0444 1.0434 1.0256 1.0115 1.0482 
1.0258 1.0298 1.0116 1.0038 1.0183 1.0082 1.0213 1.0014 1.0226 1.0438 
1.0196 1.0232 1.0387 1.0476 1.0475 1.0386 1.0086 1.0158 1.0084 1.0236 
1.0483 1.0224 1.03 1.0439 1.027 1.0176 1.0345 1.0487 1.0193 1.023 
1.025 1.0207 1.0487 1.0151 1.0407 1.0343 1.0273 1.01 1.0116 1.001 
1.035 1.0455 1.0266 1.0173 1.0305 1.0421 1.0134 1.0351 1.0429 1.0124 
1.0436 1.0315 1.0296 1.027 1.0481 1.036 1.0301 1.0455 1.0033 1.0323 
1.0166 1.0312 1.0141 1.0378 1.0403 1.0484 1.0031 1.0151 1.007 1.0211 
1.0397 1.0438 1.0363 1.0009 1.0038 1.0287 1.0044 1.0208 1.0394 1.0204 
1.012 1.0185 1.0254 1.0402 1.0017 1.0065 1.0445 1.0134 1.0173 1.035 
1.0201 1.0174 1.0385 1.0399 1.046 1.0085 1.0201 1.0436 1.01 1.0123 
1.0484 1.0115 1.0309 1.0308 1.0201 1.0056 1.0338 1.0368 1.0116 1.0138 
1.0243 1.0331 1.0453 1.0378 1.0461 1.0114 1.0381 1.0467 1.0447 1.0185 
1.027 1.0064 1.0063 1.0206 1.0002 1.0194 1.0084 1.0014 1.0315 1.0136 
1.0119 1.0403 1.0274 1.0491 1.0379 1.0458 1.0231 1.0345 1.0113 1.0458 
1.0047 1.0187 1.0284 1.0453 1.0265 1.0459 1.0142 1.0121 1.021 1.0139 
1.0055 1.0037 1.0248 1.0122 1.0105 1.0305 1.0021 1.0142 1.0272 1.0151 
1.0411 1.0004 1.0019 1.0084 1.0087 1.0088 1.0179 1.0062 1.0131 1.038 
1.0008 1.0051 1.032 1.0434 1.0397 1.0086 1.0323 1.0243 1.0111 1.0473 
1.0442 1.0487 1.0113 1.0046 1.0231 1.0043 1.0399 1.0338 1.0333 1.0262 
1.0292 1.0347 1.0162 1.0483 1.0428 1.024 1.0156 1.0365 1.0362 1.0391 
1.0239 1.0456 1.0094 1.0122 1.0234 1.0136 1.0238 1.015 1.0437 1.0035 
1.0078 1.0468 1.0138 1.022 1.0278 1.0133 1.0347 1.0365 1.0247 1.0121 
1.0415 1.028 1.0493 1.0018 1.0208 1.0006 1.0171 1.0165 1.0101 1.0387 
1.0355 1.0317 1.0472 1.0126 1.0407 1.0059 1.0478 1.0188 1.008 1.0326 
1.0113 1.0199 1.0411 1.0356 1.0478 1.0025 1.0053 1.0316 1.0459 1.0152 
1.0383 1.0417 1.0131 1.0028 1.0497 1.018 1.0229 1.01 1.0463 1.0293 
1.0161 1.0393 1.0166 1.0008 1.0409 1.0465 1.0108 1.0038 1.0324 1.0395 
1.0202 1.0196 1.0401 1.0354 1.0476 1.0367 1.0493 1.0462 1.045 1.0485 
1.0472 1.0029 1.043 1.0208 1.0233 1.0015 1.0279 1.0449 1.0105 1.0477 
1.0484 1.035 1.0198 1.0496 1.0115 1.0268 1.0208 1.011 1.0052 1.0111 
1.0199 1.02 1.0464 1.041 1.0047 1.0376 1.0231 1.0415 1.0373 1.0197 
1.0294 1.0054 1.0454 1.0108 1.0013 1.0457 1.0288 1.0121 1.0048 1.0469 
1.0219 1.0215 1.0307 1.0007 1.0422 1.0484 1.0031 1.0161 1.0419 1.0149 
1.0059 1.0082 1.0385 1.0456 1.0235 1.041 1.0303 1.0202 1.0399 1.0127 
1.012 1.0372 1.022 1.0309 1.0013 1.0256 1.0343 1.0076 1.029 1.0401 
1.0402 1.0056 1.0192 1.0072 1.0467 1.008 1.0166 1.0016 1.0357 1.0191 
1.0171 1.0033 1.0109 1.0239 1.0048 1.0386 1.0266 1.0046 1.0427 1.0024 
1.0329 1.0115 1.0127 1.0199 1.0176 1.0364 1.0492 1.017 1.0132 1.0157 
1.0045 1.0284 1.0444 1.0286 1.0416 1.0172 1.0428 1.0209 1.0418 1.0197 
1.0046 1.0354 1.0292 1.0166 1.0075 1.005 1.0173 1.016 1.0049 1.0425 
1.0409 1.0289 1.0296 1.0438 1.0442 1.0103 1.0423 1.0169 1.0473 1.0265 
1.0252 1.0045 1.0286 1.0142 1.0322 1.0103 1.0483 1.0324 1.0314 1.0373 
1.0214 1.0234 1.036 1.0282 1.0114 1.0245 1.006 1.0431 1.04 1.0279 
1.0157 1.0326 1.0479 1.0006 1.0308 1.0106 1.016 1.0111 1.0228 1.0271 
1.0038 1.0286 1.0004 1.003 1.0293 1.0181 1.0497 1.0283 1.0257 1.0432 
1.0178 1.011 1.0246 1.0476 1.0145 1.0172 1.0437 1.0258 1.0329 1.0282 
1.0489 1.0229 1.0205 1.0291 1.0367 1.0438 1.0498 1.011 1.0303 1.0429 
1.0475 1.005 1.024 1.0429 1.0347 1.0121 1.0002 1.0056 1.0276 1.0203 
1.0069 1.0387 1.0035 1.0367 1.0093 1.0214 1.0021 1.0318 1.0368 1.018 
1.0072 1.0487 1.0052 1.0062 1.0121 1.0227 1.0274 1.0338 1.0192 1.0123 
1.0205 1.0398 1.0056 1.045 1.0403 1.0217 1.0473 1.0274 1.0236 1.0057 
1.0476 1.0069 1.0293 1.0337 1.0294 1.0077 1.0152 1.0113 1.0418 1.0117 
1.0412 1.0316 1.0411 1.0343 1.0088 1.0273 1.0145 1.0142 1.0439 1.0054 
1.0416 1.0067 1.0395 1.0272 1.0176 1.0015 1.005 1.0199 1.0431 1.0162 
1.0404 1.0349 1.0223 1.0387 1.0463 1.0028 1.029 1.035 1.0475 1.0245 
1.035 1.0262 1.0149 1.0421 1.0394 1.036 1.0414 1.0499 1.0294 1.0108 
1.0304 1.0153 1.0354 1.0047 1.0181 1.0407 1.0386 1.0121 1.0015 1.0178 
1.0268 1.0403 1.0035 1.0271 1.0459 1.0295 1.0192 1.0385 1.0323 1.0051 
1.0234 1.0053 1.0105 1.0043 1.0359 1.0348 1.0263 1.0072 1.027 1.0016 
1.0199 1.0297 1.0043 1.0227 1.0117 1.0115 1.0295 1.0371 1.0479 1.0012 
1.006 1.0482 1.0424 1.0371 1.0043 1.0072 1.0435 1.0267 1.0023 1.0167 
1.0121 1.0224 1.0185 1.0157 1.0281 1.0122 1.0326 1.0437 1.0192 1.0385 
1.0248 1.0007 1.0465 1.0445 1.0373 1.0161 1.0281 1.0343 1.032 1.0334 
1.0094 1.0228 1.0222 1.0197 1.0268 1.0116 1.0428 1.0371 1.018 1.0069 
1.0274 1.0384 1.0037 1.0398 1.0471 1.0087 1.0024 1.0454 1.0069 1.0283 
1.0245 1.0497 1.0292 1.0064 1.0311 1.0388 1.0442 1.0131 1.0314 1.0448 
1.0462 1.0379 1.0415 1.0141 1.0005 1.0465 1.0363 1.014 1.0348 1.0429 
1.0069 1.0339 1.0227 1.0072 1.0154 1.0011 1.0125 1.0472 1.0058 1.0094 
1.0114 1.0275 1.0448 1.0015 1.0465 1.0153 1.0233 1.0063 1.0438 1.0032 
1.0113 1.0164 1.0275 1.026 1.0438 1.0259 1.0453 1.0186 1.0201 1.0426 
