5
50
965 928 921 963 939 975 927 909 958 986 946 946 976 948 919 918 948 926 929 974 959 962 977 958 921 905 958 952 971 913 998 989 958 915 949 943 967 917 982 979 957 911 957 985 929 978 997 982 963 108 
340 408 281 56 64 
1.0432 1.0373 1.0205 1.0222 1.0318 
1.0387 1.0211 1.0432 1.0003 1.0209 
1.0178 1.0019 1.0306 1.012 1.0073 
1.0126 1.0043 1.0486 1.0037 1.023 
1.0419 1.003 1.0243 1.0358 1.0435 
1.0121 1.0328 1.0102 1.0208 1.0209 
1.0061 1.0037 1.0483 1.0173 1.0121 
1.0207 1.0131 1.0336 1.0465 1.0303 
1.0152 1.0241 1.0366 1.0385 1.0189 
1.0446 1.0387 1.0051 1.0007 1.0247 
1.0269 1.0029 1.0499 1.0054 1.0339 
1.0119 1.0153 1.0493 1.0266 1.0254 
1.0231 1.0187 1.0043 1.0194 1.0366 
1.0467 1.0319 1.0306 1.0068 1.0093 
1.0203 1.0032 1.0253 1.0062 1.0388 
1.0258 1.0061 1.0034 1.0023 1.0257 
1.0206 1.0236 1.0076 1.001 1.0362 
1.0154 1.048 1.027 1.0325 1.0293 
1.041 1.0474 1.0392 1.0463 1.0496 
1.047 1.0364 1.0399 1.0061 1.027 
1.0332 1.013 1.0397 1.0127 1.0244 
1.0019 1.0319 1.0067 1.0064 1.0156 
1.0054 1.0059 1.0457 1.0267 1.0383 
1.0003 1.017 1.0361 1.0458 1.0091 
1.0337 1.039 1.0115 1.0421 1.0403 
1.0289 1.0159 1.0304 1.0057 1.0351 
1.0327 1.0243 1.0149 1.0306 1.0428 
1.014 1.0124 1.0234 1.0028 1.0435 
1.0285 1.0472 1.0156 1.0013 1.0138 
1.0321 1.003 1.0002 1.0138 1.0097 
1.0008 1.0407 1.0339 1.0388 1.0494 
1.0416 1.0228 1.0001 1.0449 1.0209 
1.0125 1.0205 1.0424 1.0334 1.0386 
1.0102 1.0084 1.0436 1.0297 1.0061 
1.0138 1.0146 1.0028 1.0029 1.0448 
1.006 1.0499 1.0418 1.022 1.0195 
1.0393 1.0364 1.0203 1.0353 1.0417 
1.0395 1.045 1.0474 1.0011 1.0322 
1.0385 1.0211 1.0348 1.035 1.0149 
1.031 1.043 1.035 1.0292 1.0422 
1.0428 1.0094 1.0298 1.018 1.0045 
1.046 1.0154 1.0147 1.0083 1.0045 
1.0145 1.0196 1.0281 1.0091 1.0059 
1.0145 1.0385 1.0486 1.0144 1.0307 
1.0148 1.0329 1.0164 1.0449 1.0339 
1.0179 1.009 1.0367 1.0119 1.0002 
1.0352 1.0319 1.0315 1.0159 1.0216 
1.0214 1.0072 1.0286 1.0175 1.0034 
1.0033 1.0464 1.0255 1.0051 1.0093 
1.0022 1.0463 1.024 1.0226 1.0011 
