10
50
69 67 83 9 6 58 44 55 9 32 88 89 86 33 27 38 11 52 95 30 35 29 12 96 63 51 15 72 36 23 87 25 41 15 85 11 16 86 68 23 33 80 53 95 48 75 90 45 9 19 
32 7 18 35 26 7 15 14 38 2 
1.0102 1.0411 1.0138 1.0462 1.0305 1.0164 1.0013 1.0385 1.0309 1.0331 
1.001 1.0064 1.0404 1.0105 1.0016 1.0415 1.0074 1.0436 1.0149 1.0411 
1.0196 1.0429 1.0038 1.0399 1.0181 1.0031 1.0149 1.0419 1.0422 1.031 
1.0259 1.0392 1.0462 1.025 1.0073 1.0376 1.0096 1.0347 1.029 1.0331 
1.0044 1.018 1.0479 1.0354 1.0379 1.0111 1.0313 1.0291 1.0303 1.0321 
1.0065 1.0389 1.0002 1.0354 1.0406 1.023 1.0462 1.0091 1.0392 1.0318 
1.0185 1.0013 1.0377 1.0433 1.031 1.0177 1.0372 1.0416 1.0168 1.0047 
1.0043 1.01 1.0489 1.0147 1.0029 1.0428 1.0245 1.0195 1.0297 1.0296 
1.0496 1.0273 1.0074 1.0058 1.0153 1.0243 1.0235 1.0339 1.0341 1.0208 
1.0421 1.0065 1.044 1.0404 1.015 1.0144 1.0474 1.0008 1.046 1.0075 
1.02 1.0343 1.0459 1.0028 1.0184 1.016 1.0499 1.0435 1.041 1.0485 
1.0081 1.0091 1.0241 1.0132 1.0151 1.0485 1.0282 1.0428 1.0491 1.0064 
1.0038 1.0291 1.0276 1.0233 1.0162 1.0477 1.0087 1.046 1.0426 1.0339 
1.0133 1.0156 1.001 1.032 1.0244 1.0184 1.0225 1.0303 1.0131 1.0101 
1.0151 1.0311 1.0265 1.019 1.0002 1.0092 1.0413 1.0442 1.0119 1.0211 
1.0123 1.0401 1.0417 1.0063 1.0175 1.0169 1.0426 1.0465 1.0219 1.0318 
1.0194 1.0189 1.0094 1.0007 1.0441 1.0262 1.0398 1.0027 1.0316 1.0012 
1.0309 1.02 1.011 1.0272 1.0276 1.038 1.0263 1.0427 1.0152 1.0353 
1.0425 1.043 1.0181 1.0309 1.0363 1.0406 1.0167 1.0337 1.0142 1.0336 
1.0031 1.0009 1.045 1.0395 1.0151 1.0289 1.0473 1.0261 1.041 1.0482 
1.045 1.0074 1.0326 1.0316 1.0228 1.0471 1.0263 1.0298 1.0188 1.0338 
1.0262 1.0151 1.0329 1.0359 1.0129 1.0408 1.017 1.005 1.0019 1.0442 
1.0049 1.0294 1.0139 1.0093 1.0082 1.0217 1.0094 1.0472 1.015 1.0109 
1.0328 1.0131 1.0261 1.0399 1.0382 1.0075 1.001 1.0249 1.0433 1.0086 
1.0157 1.0109 1.005 1.0043 1.0057 1.0344 1.0295 1.0014 1.0119 1.0349 
1.0365 1.0034 1.0219 1.0278 1.0074 1.0218 1.023 1.0499 1.0008 1.0307 
1.0348 1.0101 1.0223 1.0256 1.0442 1.0049 1.0012 1.0419 1.013 1.0146 
1.0251 1.0239 1.0498 1.0144 1.0262 1.0121 1.0403 1.013 1.0494 1.0336 
1.0475 1.0273 1.0445 1.0212 1.0324 1.0001 1.0464 1.0265 1.0446 1.0205 
1.0232 1.0387 1.0275 1.027 1.0388 1.0029 1.0026 1.0405 1.0001 1.0332 
1.049 1.001 1.0472 1.0217 1.0291 1.0235 1.0483 1.045 1.0257 1.0268 
1.0298 1.0045 1.0413 1.0146 1.0248 1.0345 1.0368 1.0143 1.0463 1.0309 
1.0035 1.0151 1.0168 1.0086 1.0239 1.0152 1.0442 1.0084 1.0368 1.0235 
1.02 1.0376 1.0429 1.012 1.0341 1.0445 1.0297 1.0489 1.024 1.0441 
1.0345 1.028 1.034 1.0241 1.0092 1.0182 1.0062 1.0155 1.042 1.0388 
1.0172 1.0318 1.0211 1.0308 1.0164 1.0087 1.0148 1.0251 1.003 1.0255 
1.0467 1.0194 1.0138 1.0161 1.0046 1.0029 1.0393 1.047 1.049 1.0208 
1.0166 1.0086 1.0454 1.042 1.0276 1.0185 1.0158 1.0444 1.0118 1.0137 
1.0182 1.0388 1.0294 1.0189 1.0212 1.0233 1.0441 1.0118 1.0206 1.0343 
1.0283 1.023 1.0041 1.0023 1.025 1.0071 1.0079 1.0062 1.0225 1.0304 
1.0296 1.0238 1.0104 1.0349 1.024 1.0217 1.0481 1.0331 1.0434 1.0383 
1.0056 1.0099 1.0387 1.0067 1.0282 1.0281 1.0452 1.037 1.0163 1.0488 
1.0218 1.0439 1.0126 1.0463 1.0289 1.0351 1.0345 1.0068 1.0059 1.0473 
1.0385 1.0352 1.0121 1.0083 1.0235 1.0347 1.0422 1.0167 1.016 1.0066 
1.0459 1.0036 1.0158 1.0162 1.0136 1.0352 1.0119 1.0346 1.0029 1.0283 
1.0329 1.0012 1.0354 1.0253 1.0275 1.0304 1.0359 1.0388 1.0175 1.0198 
1.0386 1.0022 1.0248 1.0249 1.0323 1.0101 1.0182 1.0168 1.0322 1.0002 
1.0004 1.0199 1.0491 1.0327 1.0306 1.0489 1.0091 1.0104 1.0271 1.0333 
1.0325 1.0119 1.0116 1.039 1.0084 1.0303 1.0165 1.0492 1.0346 1.0038 
1.0095 1.0244 1.0024 1.0279 1.0215 1.0023 1.0473 1.0267 1.0174 1.0014 
