25
500
29 4 76 71 27 19 20 8 20 29 64 62 2 51 96 70 79 52 8 62 74 9 16 61 61 42 16 96 74 18 21 61 41 43 65 50 84 39 49 17 47 31 93 79 69 35 69 16 90 84 87 69 95 65 11 19 76 13 54 27 35 34 75 17 98 11 76 5 61 55 45 26 35 52 61 76 27 76 70 28 14 23 76 30 35 24 45 41 81 93 66 21 93 92 74 29 50 24 67 42 60 74 30 52 36 8 99 48 69 18 82 51 79 56 52 4 55 33 40 71 65 18 56 77 56 29 51 20 14 38 42 75 6 88 21 69 74 48 85 99 15 84 87 87 94 4 44 58 43 28 12 15 88 52 75 8 51 59 35 72 80 39 50 28 44 74 34 11 46 56 44 43 3 86 63 97 35 21 25 73 6 27 76 35 82 96 23 28 29 88 51 27 13 51 90 34 43 94 83 72 20 52 47 3 94 19 82 4 48 97 16 36 72 34 44 56 52 87 42 66 62 1 23 84 44 30 6 35 94 92 78 6 35 87 13 11 73 61 17 84 55 57 84 44 92 37 23 61 71 94 27 60 44 69 69 6 81 66 87 82 10 98 24 23 3 49 7 8 44 75 36 81 49 59 46 4 42 7 18 90 89 23 14 55 91 48 8 10 3 87 74 39 23 27 24 96 8 60 40 46 34 10 4 92 91 94 61 31 14 99 30 47 26 11 90 7 42 77 52 74 58 51 51 74 88 76 79 57 4 74 74 84 91 97 81 77 21 91 38 50 25 57 59 90 71 32 89 81 55 82 11 39 69 52 49 68 86 30 86 95 20 84 14 94 87 53 30 53 44 11 34 97 14 5 99 43 89 92 89 53 13 71 92 1 30 21 48 11 14 54 40 62 54 13 12 55 14 79 3 95 40 49 48 16 42 50 44 81 15 36 17 6 19 37 1 17 6 17 73 99 94 1 30 65 78 21 68 54 86 60 53 44 61 35 32 59 91 88 82 47 54 37 45 32 97 57 37 3 34 41 95 44 70 7 44 73 36 99 29 89 40 65 31 92 31 35 80 89 66 97 99 37 88 7 93 35 96 92 98 34 25 22 36 60 7 91 67 15 40 78 89 68 34 49 81 97 43 46 36 80 
26 19 6 14 10 30 19 8 7 27 13 25 47 48 3 2 12 42 38 3 9 39 11 41 28 
1.021 1.0464 1.0283 1.0169 1.0064 1.0008 1.0043 1.0063 1.0477 1.0131 1.0251 1.036 1.0034 1.0061 1.0277 1.0339 1.0002 1.0243 1.0449 1.0071 1.0035 1.0227 1.0259 1.0377 1.0143 
1.0102 1.038 1.0458 1.016 1.031 1.0484 1.0061 1.0352 1.0361 1.0159 1.0182 1.0008 1.0496 1.0136 1.0464 1.0241 1.0025 1.0477 1.0332 1.0033 1.0435 1.0456 1.031 1.0472 1.0352 
1.0221 1.0444 1.013 1.0066 1.0245 1.0089 1.017 1.0385 1.0094 1.0155 1.0299 1.0476 1.0117 1.0332 1.0122 1.0308 1.0304 1.0145 1.0269 1.0192 1.0388 1.0065 1.027 1.0067 1.0462 
1.0144 1.0383 1.0071 1.0132 1.0007 1.044 1.0455 1.0302 1.0403 1.031 1.0208 1.0421 1.0072 1.0458 1.0495 1.0045 1.0397 1.0193 1.0019 1.0306 1.0404 1.0035 1.0341 1.0464 1.0143 
1.0017 1.0343 1.0319 1.0033 1.0252 1.0152 1.0479 1.0441 1.0451 1.0215 1.0376 1.0029 1.0388 1.0232 1.0418 1.0274 1.0133 1.0397 1.0141 1.0391 1.024 1.0286 1.0063 1.0111 1.0249 
1.0371 1.0144 1.0194 1.0108 1.0212 1.0305 1.0436 1.047 1.026 1.0184 1.006 1.0036 1.0126 1.042 1.0167 1.0185 1.0253 1.0034 1.0305 1.0295 1.0043 1.0375 1.0482 1.0474 1.0281 
1.0027 1.0133 1.048 1.0093 1.0333 1.0365 1.0188 1.0332 1.0227 1.0106 1.0211 1.0425 1.008 1.0155 1.012 1.0089 1.0477 1.0363 1.0165 1.028 1.0297 1.0013 1.0078 1.0364 1.0452 
1.0286 1.0266 1.0197 1.0406 1.0366 1.0478 1.0268 1.0207 1.0143 1.0068 1.02 1.0426 1.0137 1.0004 1.0266 1.0119 1.0103 1.0183 1.0128 1.0197 1.034 1.0037 1.0305 1.0156 1.0182 
1.0111 1.0158 1.0242 1.0007 1.0201 1.0364 1.018 1.0181 1.0331 1.002 1.0291 1.0168 1.0107 1.0135 1.0279 1.0021 1.0058 1.0107 1.0304 1.0041 1.0079 1.0369 1.0423 1.0406 1.0053 
1.0489 1.038 1.0441 1.0107 1.0251 1.0454 1.0013 1.0042 1.0484 1.0274 1.0086 1.0366 1.0364 1.0072 1.0222 1.0488 1.0485 1.0002 1.0272 1.0168 1.0024 1.0074 1.0462 1.0197 1.003 
1.0009 1.0101 1.0497 1.0206 1.0409 1.0258 1.0247 1.0124 1.0241 1.0275 1.0257 1.0069 1.0107 1.041 1.0019 1.0198 1.0231 1.0362 1.0037 1.0078 1.0148 1.0164 1.0393 1.0316 1.0058 
1.0239 1.0477 1.0108 1.0195 1.0347 1.0162 1.0133 1.0475 1.0482 1.0457 1.0135 1.0419 1.0196 1.0384 1.0098 1.0047 1.0341 1.0192 1.0266 1.005 1.042 1.0333 1.0188 1.0103 1.0318 
1.0383 1.0281 1.0238 1.0055 1.0128 1.0186 1.0136 1.0465 1.0395 1.0428 1.0483 1.0151 1.0055 1.0064 1.0484 1.0487 1.0203 1.0118 1.023 1.0243 1.0048 1.0153 1.0115 1.0273 1.0231 
1.0146 1.0261 1.0377 1.0133 1.0326 1.0235 1.0079 1.0187 1.0385 1.0368 1.0201 1.0475 1.0213 1.0265 1.0057 1.0397 1.0122 1.0246 1.0303 1.0142 1.0151 1.044 1.0097 1.0291 1.0213 
1.0158 1.0252 1.0448 1.0323 1.0185 1.0347 1.0202 1.0149 1.0182 1.0142 1.0333 1.0201 1.0358 1.0444 1.0278 1.033 1.0072 1.0159 1.0106 1.0271 1.0358 1.0228 1.0199 1.0128 1.0295 
1.0094 1.0151 1.0439 1.0137 1.0164 1.0054 1.0046 1.0183 1.0027 1.0255 1.005 1.0081 1.0248 1.0245 1.0011 1.0458 1.0098 1.0208 1.0311 1.029 1.0122 1.0027 1.0193 1.0152 1.0284 
1.0423 1.0142 1.0186 1.0133 1.0366 1.0249 1.0448 1.0001 1.0469 1.0222 1.0449 1.0215 1.0402 1.0108 1.0128 1.0199 1.0301 1.0228 1.0015 1.03 1.0081 1.0069 1.0077 1.0117 1.0491 
1.0445 1.0233 1.0157 1.0118 1.0344 1.0113 1.0485 1.0224 1.0364 1.0136 1.0033 1.0237 1.012 1.0255 1.0096 1.0412 1.0442 1.0374 1.0383 1.0062 1.0186 1.025 1.0156 1.0115 1.0232 
1.005 1.0234 1.0169 1.0489 1.0423 1.0169 1.0348 1.0036 1.0012 1.0304 1.0047 1.0024 1.0462 1.0397 1.0233 1.0152 1.0447 1.0363 1.0232 1.0443 1.0006 1.017 1.0224 1.0325 1.033 
1.0243 1.0031 1.017 1.0274 1.0312 1.0384 1.0421 1.0371 1.0422 1.0122 1.004 1.0152 1.0171 1.037 1.0498 1.0071 1.0191 1.0087 1.0269 1.0445 1.0174 1.0136 1.0437 1.0248 1.0432 
1.0047 1.0017 1.0222 1.0307 1.0114 1.0477 1.0018 1.0012 1.0391 1.0047 1.0497 1.01 1.026 1.0301 1.0283 1.0146 1.029 1.0323 1.0191 1.0106 1.0077 1.0465 1.0206 1.0355 1.0125 
1.0252 1.0344 1.03 1.0283 1.0369 1.0287 1.0492 1.0227 1.0242 1.0202 1.0116 1.0145 1.0288 1.0061 1.001 1.0265 1.0405 1.0386 1.0483 1.0055 1.0163 1.0475 1.0323 1.0071 1 
1.0437 1.0476 1.0418 1.0015 1.0065 1.0472 1.0253 1.0207 1.0108 1.0212 1.0413 1.0347 1.0396 1.013 1.0055 1.0082 1.0441 1.0497 1.0149 1.0064 1.0205 1.0268 1.0054 1.036 1.0176 
1.0443 1.0242 1.0211 1.0458 1.0284 1.0441 1.0105 1.0254 1.0041 1.0267 1.0482 1.0219 1.0125 1.0484 1.0436 1.0493 1.0406 1.0035 1.0147 1.0063 1.0147 1.02 1.0101 1.0474 1.0337 
1.0314 1.0092 1.0044 1.019 1.0041 1.0396 1.0106 1.0488 1.0256 1.0097 1.0163 1.0227 1.0454 1.0232 1.0314 1.0354 1.0199 1.0341 1.0289 1.0271 1.0033 1.0337 1.0223 1.0169 1.0476 
1.0065 1.0127 1.0446 1.0301 1.0195 1.027 1.0085 1.0061 1.0107 1.0259 1.0053 1.0214 1.0133 1.0385 1.0383 1.0426 1.0493 1.0105 1.0028 1.0176 1.0311 1.0453 1.0223 1.0175 1.032 
1.0319 1.0042 1 1.018 1.0258 1.0046 1.01 1.0345 1.0049 1.0108 1.0382 1.0092 1.0105 1.0409 1.047 1.0331 1.0222 1.0309 1.0445 1.0415 1.0225 1.0184 1.0311 1.0251 1.0153 
1.0472 1.0251 1.0368 1.0046 1.0479 1.0125 1.0131 1.0437 1.0209 1.0494 1.026 1.0293 1.0068 1.0359 1.0215 1.0141 1.0084 1.0207 1.012 1.0455 1.034 1.0011 1.0395 1.0085 1.0085 
1.0383 1.0294 1.0342 1.0238 1.0095 1.0135 1.0099 1.0215 1.0097 1.0265 1.0474 1.0247 1.0172 1.013 1.0159 1.0452 1.0434 1.0008 1.0297 1.0364 1.0206 1.0048 1.0103 1.0235 1.0121 
1.0404 1.03 1.0326 1.0426 1.0451 1.046 1.0078 1.0219 1.0315 1.042 1.0113 1.0426 1.0466 1.0051 1.032 1.0252 1.0461 1.0317 1.0174 1.0297 1.0193 1.0352 1.0092 1.0052 1.0422 
1.0206 1.0014 1.0252 1.0002 1.0487 1.0096 1.0279 1.047 1.0355 1.0412 1.0042 1.0063 1.0238 1.0231 1.0457 1.0156 1.0146 1.0207 1.0381 1.0206 1.0236 1.0224 1.0491 1.048 1.0159 
1.0397 1.0247 1.0144 1.0006 1.0089 1.0392 1.0097 1.0192 1.0425 1.0001 1.015 1.0232 1.0308 1.0149 1.0107 1.011 1.0398 1.042 1.0279 1.0236 1.0057 1.0414 1.033 1.0213 1.0402 
1.0195 1.0304 1.004 1.0074 1.0439 1.0178 1.0356 1.0112 1.0126 1.0487 1.0227 1.0042 1.0275 1.0425 1.0199 1.0226 1.019 1.0049 1.0364 1.0187 1.0208 1.024 1.0483 1.0107 1.0046 
1.0131 1.0122 1.0244 1.0217 1.0146 1.0281 1.0142 1.03 1.0157 1.0429 1.0355 1.0495 1.0011 1.0463 1.0038 1.0038 1.0478 1.0476 1.0496 1.0369 1.0434 1.0138 1.0372 1.0446 1.0201 
1.0293 1.0188 1.0315 1.0123 1.0435 1.012 1.0302 1.0064 1.0416 1.0387 1.0038 1.0315 1.0014 1.0092 1.0289 1.0375 1.026 1.0495 1.0371 1.0035 1.0078 1.0383 1.0444 1.0053 1.0368 
1.0098 1.0348 1.0448 1.0158 1.0307 1.0094 1.0328 1.0052 1.0408 1.0302 1.0078 1.0161 1.0309 1.03 1.0272 1.0026 1.0223 1.0326 1.0308 1.008 1.0475 1.0485 1.0288 1.0205 1.0025 
1.0091 1.037 1.0495 1.0417 1.0035 1.0365 1.0105 1.0173 1.047 1.0159 1.0179 1.0037 1.0152 1.0364 1.0292 1.0386 1.035 1.0292 1.0095 1.0068 1.0043 1.0132 1.0479 1.0395 1.0376 
1.0003 1.0114 1.004 1.0336 1.0438 1.0128 1.0421 1.0224 1.0468 1.0247 1.0393 1.0431 1.0316 1.0005 1.0417 1.007 1.0092 1.0357 1.0016 1.0266 1.0463 1.0019 1.0231 1.0182 1.048 
1.0403 1.032 1.0231 1.0005 1.0156 1.0187 1.0296 1.0071 1.0026 1.0291 1.0487 1.0319 1.0208 1.0264 1.0417 1.0381 1.0173 1.0398 1.0145 1.0455 1.0277 1.0433 1.0224 1.0065 1.0048 
1.0064 1.0347 1.0456 1.0355 1.003 1.0102 1.0032 1.0258 1.0471 1.0224 1.0197 1.0289 1.0025 1.0435 1.0283 1.019 1.0023 1.0009 1.0138 1.0014 1.0078 1.0094 1.0226 1.0279 1.0465 
1.0152 1.0083 1.0213 1.0233 1.0357 1.0303 1.0148 1.0454 1.0396 1.0158 1.0314 1.0476 1.0191 1.0327 1.0068 1.0026 1.0347 1.0234 1.0266 1.0239 1.0024 1.0245 1.0219 1.0289 1.0402 
1.0319 1.0466 1.0258 1.0492 1.0253 1.0107 1.0229 1.0088 1.0215 1.0493 1.0238 1.0204 1.0291 1.0288 1.0017 1.0412 1.0103 1.049 1.0401 1.0072 1.0417 1.0245 1.0172 1.0082 1.0086 
1.0059 1.0301 1.0035 1.0124 1.0496 1.0432 1.0131 1.0233 1.0372 1.0073 1.0426 1.0244 1.0171 1.0308 1.0054 1.0314 1.0417 1.024 1.0045 1.0415 1.0069 1.0343 1.0019 1.027 1.0367 
1.0312 1.0449 1.0382 1.0169 1.0462 1.0076 1.0479 1.0295 1.036 1.0288 1.0224 1.0375 1.0053 1.0282 1.047 1.0392 1.0003 1.022 1.0113 1.0485 1.031 1.0005 1.0294 1.0136 1.0438 
1.0437 1.0092 1.0095 1.0041 1.0306 1.0123 1.0051 1.0358 1.007 1.0402 1.0223 1.0131 1.0202 1.028 1.042 1.0168 1.038 1.0145 1.021 1.0276 1.0178 1.0101 1.0037 1.0131 1.0279 
1.0306 1.0069 1.044 1.0433 1.0282 1.0459 1.0173 1.0283 1.0375 1.0474 1.0285 1.0055 1.0306 1.0496 1.0326 1.0264 1.0489 1.0028 1.028 1.0462 1.0145 1.0032 1.042 1.0486 1.0087 
1.0362 1.0016 1.026 1.0378 1.0245 1.0449 1.0318 1.0169 1.0413 1.039 1.0151 1.0157 1.0242 1.0229 1.0031 1.0379 1.0281 1.0467 1.0176 1.0179 1.028 1.0413 1.0366 1.0023 1.0244 
1.046 1.0051 1.0105 1.0084 1.0184 1.0059 1.0082 1.0391 1.0213 1.0474 1.027 1.0498 1.009 1.0365 1.0312 1.0275 1.0339 1.0238 1.0445 1.0033 1.0456 1.0406 1.0283 1.0366 1.0039 
1.0041 1.0086 1.0365 1.0222 1.0061 1.0448 1.0427 1.0016 1.013 1.025 1.0148 1.017 1.0398 1.0263 1.0129 1.0296 1.0351 1.0227 1.0205 1.0362 1.0457 1.0014 1.0349 1.0064 1.0398 
1.0189 1.0196 1.0189 1.0479 1.0405 1.0311 1.0207 1.0217 1.032 1.0068 1.0462 1.0307 1.0005 1.0477 1.0352 1.0482 1.0043 1.0415 1.0028 1.0043 1.0056 1.0412 1.0485 1.0459 1.0114 
1.009 1.0444 1.0477 1.0315 1.0133 1.0292 1.0031 1.0113 1.0482 1.0362 1.033 1.0356 1.0401 1.0206 1.0432 1.0119 1.0056 1.0285 1.011 1.0104 1.0457 1.0091 1.0123 1.0468 1.0198 
1.0478 1.0418 1.0026 1.0043 1.0059 1.0455 1.0315 1.0032 1.0425 1.0121 1.0122 1.0364 1.0348 1.0234 1.0389 1.0497 1.0052 1.0388 1.008 1.0228 1.029 1.0074 1.0208 1.0155 1.025 
1.009 1.015 1.0473 1.0149 1.0229 1.0421 1.0162 1.0489 1.0188 1.0034 1.0331 1.0251 1.0226 1.0395 1.0265 1.0032 1.0362 1.0445 1.0209 1.0008 1.0262 1.0209 1.0231 1.001 1.0123 
1.0389 1.0315 1.0008 1.0264 1.0492 1.0003 1.0253 1.0105 1.022 1.0363 1.0004 1.0369 1.0051 1.0089 1.0096 1.0328 1.0306 1.032 1.0388 1.032 1.0132 1.0139 1.017 1.0214 1.0355 
1.0414 1.0107 1.03 1.0142 1.0029 1.0129 1.0286 1.0159 1.0228 1.0163 1.0477 1.0125 1.0165 1.0403 1.0097 1.0148 1.0436 1.0349 1.011 1.0452 1.0151 1.0012 1.0162 1.0136 1.0058 
1.0019 1.0482 1.0024 1.0127 1.0346 1.0044 1.0256 1.0385 1.0273 1.0226 1.0274 1.0122 1.0208 1.0202 1.0098 1.0497 1.0315 1.0189 1.0445 1.0021 1.0412 1.0318 1.0408 1.0003 1.0175 
1.0377 1.0169 1.0106 1.0357 1.0023 1.0182 1.0061 1.0252 1.0115 1.0245 1.0053 1.0245 1.0489 1.0153 1.0339 1.0355 1.035 1.041 1.0328 1.0152 1.0245 1.0282 1.0159 1.0086 1.0269 
1.0002 1.0339 1.0435 1.0294 1.0303 1.0382 1.0028 1.0092 1.023 1.0133 1.039 1.0322 1.0366 1.0384 1.0182 1.0051 1.0225 1.0396 1.0227 1.0235 1.0148 1.0192 1.0029 1.014 1.0035 
1.0349 1.0076 1.0134 1.0083 1.045 1.0118 1.028 1.0066 1.0274 1.0233 1.0403 1.02 1.0391 1.0408 1.0073 1.0344 1.0191 1.028 1.0283 1.0047 1.0249 1.0466 1.0319 1.007 1.0186 
1.0219 1.0313 1.041 1.0096 1.0226 1.049 1.0079 1.001 1.0202 1.0061 1.0242 1.0414 1.0275 1.0446 1.012 1.0068 1.0242 1.0296 1.0069 1.0283 1.0144 1.0296 1.0469 1.0201 1.0066 
1.0406 1.0077 1.045 1.0247 1.0142 1.0142 1.0141 1.013 1.0263 1.0171 1.0242 1.0367 1.003 1.0496 1.0255 1.0155 1.0335 1.0293 1.0294 1.025 1.0456 1.0095 1.0079 1.0269 1.017 
1.0477 1.035 1.032 1.0467 1.0479 1.0131 1.0465 1.0004 1.0211 1.0216 1.023 1.0368 1.0212 1.0298 1.0239 1.0474 1.03 1.0024 1.0432 1.0244 1.0148 1.0112 1.0241 1.0307 1.0409 
1.0107 1.0491 1.0121 1.0409 1.0324 1.0298 1.03 1.002 1.0388 1.0311 1.0188 1.0496 1.0104 1.0333 1.0468 1.0003 1.0314 1.0106 1.0078 1.0304 1.0349 1.0431 1.0073 1.0227 1.0336 
1.0192 1.0114 1.0385 1.0265 1.01 1.0373 1.0059 1.0302 1.0469 1.0253 1.0157 1.0135 1.0222 1.0274 1.0466 1.0161 1.0214 1.0487 1.0094 1.0098 1.0165 1.0467 1.0104 1.0214 1.0128 
1.0243 1.0122 1.007 1.0069 1.0072 1.045 1.0079 1.0139 1.025 1.0002 1.0249 1.0083 1.0242 1.0309 1.0401 1.0412 1.0288 1.0151 1.0499 1.0269 1.0457 1.0343 1.0168 1.022 1.0354 
1.0292 1.0439 1.0365 1.048 1.0498 1.0386 1.0035 1.0067 1.0086 1.0356 1.0122 1.0492 1.0099 1.0121 1.0326 1.0188 1.0242 1.0221 1.0415 1.0433 1.0329 1.0092 1.011 1.0359 1.0455 
1.049 1.0146 1.0023 1.0047 1.0414 1.0242 1.0407 1.0094 1.0112 1.0246 1.0299 1.027 1.0308 1.036 1.011 1.01 1.0493 1.0162 1.0164 1.0336 1.0101 1.0061 1.0462 1.0103 1.0189 
1.046 1.0242 1.035 1.0373 1.0104 1.0293 1.0277 1.0334 1.0398 1.0462 1.0074 1.0407 1.0251 1.0261 1.0452 1.0185 1.0224 1.0028 1.0334 1.0189 1.0427 1.0433 1.0248 1.0383 1.0008 
1.0464 1.0187 1.0361 1.0443 1.0466 1.0492 1.0317 1.0488 1.0314 1.0203 1.0438 1.0197 1.0311 1.0345 1.0076 1.0012 1.0306 1.0484 1.0355 1.044 1.0389 1.0265 1.0114 1.0194 1.0048 
1.0403 1.048 1.0011 1.0487 1.0098 1.0247 1.0049 1.0081 1.0014 1.0279 1.0097 1.0055 1.0337 1.0085 1.045 1.03 1.0286 1.022 1.0211 1.0363 1.0067 1.0184 1.0081 1.0166 1.0438 
1.0274 1.0097 1.0262 1.0419 1.0475 1.0353 1.0086 1.0325 1.04 1.0021 1.0385 1.0434 1.0496 1.0348 1.005 1.0044 1.0436 1.0134 1.0246 1.0478 1.0128 1.0128 1.02 1.0362 1.0191 
1.0298 1.0295 1.0336 1.0477 1.0373 1.043 1.0426 1.0111 1.0461 1.0476 1.0245 1.0159 1.0376 1.0111 1.0281 1.01 1.028 1.0237 1.0453 1.036 1.0377 1.0379 1.0265 1.0452 1.0495 
1.025 1.0203 1.0436 1.0019 1.0291 1.0259 1.0255 1.0063 1.0379 1.0454 1.0093 1.0295 1.0066 1.0006 1.0087 1.0101 1.0323 1.0292 1.0251 1.0044 1.0473 1.0013 1.0042 1.0477 1.0013 
1.0137 1.0453 1.0482 1.0192 1.0069 1.0147 1.0071 1.0207 1.0088 1.0115 1.0454 1.0391 1.0405 1.0124 1.017 1.035 1.0247 1.009 1.0431 1.0319 1.0332 1.0159 1.0072 1.0292 1.0322 
1.0151 1.0045 1.0266 1.0331 1.0116 1.0251 1.0145 1.0115 1.0245 1.0449 1.0158 1.0144 1.0344 1.0352 1.0185 1.0085 1.0394 1.0478 1.0171 1.006 1.0173 1.0038 1.0336 1.0217 1.0381 
1.0203 1.0244 1.043 1.0016 1.0491 1.003 1.028 1.0147 1.0206 1.0162 1.0213 1.0022 1.0303 1.0259 1.0268 1.0322 1.0402 1.0488 1.0046 1.0104 1.0311 1.0181 1.0399 1.0352 1.0006 
1.034 1.0048 1.0356 1.0148 1.0393 1.0317 1.0498 1.024 1.0245 1.0118 1.0357 1.0193 1.015 1.013 1.0379 1.0299 1.0411 1.0133 1.0162 1.0357 1.0377 1.0155 1.0392 1.041 1.0439 
1.0127 1.0028 1.045 1.035 1.0448 1.0191 1.0327 1.0352 1.0061 1.0055 1.0467 1.031 1.002 1.0325 1.0049 1.0199 1.0318 1.0113 1.0343 1.0386 1.0249 1.0374 1.0434 1.0007 1.0429 
1.0403 1.0392 1.0447 1.0319 1.0053 1.0181 1.0114 1.0375 1.0377 1.0293 1.008 1.0101 1.0265 1.0172 1.031 1.0087 1.0159 1.0256 1.0497 1.0173 1.0134 1.0271 1.0365 1.0013 1.0451 
1.0361 1.044 1.0459 1.0281 1.0392 1.0057 1.0311 1.042 1.018 1.0415 1.0022 1.0251 1.033 1.0125 1.0343 1.0458 1.0155 1.0152 1.0175 1.0247 1.0378 1.0058 1.0018 1.0059 1.0262 
1.0065 1.0411 1.0048 1.0461 1.0279 1.0322 1.0044 1.0154 1.0208 1.0374 1.0064 1.0368 1.0178 1.0282 1.009 1.0018 1.0051 1.0203 1.002 1.0078 1.0396 1.0377 1.031 1.0341 1.0005 
1.0236 1.0465 1.0225 1.0021 1.0275 1.0153 1.0062 1.0315 1.0016 1.0312 1.0077 1.0253 1.0163 1.0068 1.0458 1.0208 1.048 1.0379 1.0192 1.0101 1.0214 1.0257 1.019 1.0158 1.0017 
1.0314 1.0088 1.0432 1.0462 1.0476 1.0214 1.0311 1.0266 1.0063 1.0096 1.0166 1.0108 1.0035 1.022 1.0445 1.0055 1.029 1.0451 1.0448 1.0051 1.0399 1.0498 1.0462 1.0019 1.0198 
1.0336 1.0066 1.0007 1.0341 1.0308 1.0397 1.0142 1.0174 1.0165 1.028 1.0183 1.0201 1.0127 1.0135 1.0263 1.0377 1.032 1.0274 1.0407 1.0342 1.0323 1.0382 1.0472 1.0466 1.0093 
1.0299 1.0066 1.0184 1.029 1.0114 1.0177 1.0112 1.0181 1.009 1.0233 1.0157 1.0202 1.0123 1.0129 1.0259 1.0484 1.03 1.0382 1.0037 1.0492 1.0468 1.0105 1.029 1.0328 1.0167 
1.0086 1.0178 1.0019 1.0447 1.0499 1.0175 1.0148 1.0323 1.0156 1.0309 1.0106 1.027 1.0396 1.0103 1.0015 1.0339 1.0224 1.0098 1.0267 1.0424 1.005 1.0351 1.0434 1.0361 1.0077 
1.02 1.0476 1.0498 1.0455 1.0343 1.0461 1.0483 1.0199 1.0115 1.041 1.0155 1.0012 1.0143 1.0406 1.0311 1.0101 1.016 1.024 1.0432 1.0491 1.0001 1.0497 1.042 1.018 1.0221 
1.0417 1.0476 1.0157 1.0348 1.0203 1.0178 1.0042 1.0214 1.0004 1.011 1.0157 1.016 1.0002 1.0169 1.0092 1.0033 1.0421 1.0182 1.0407 1.0444 1.0331 1.0135 1.0477 1.0362 1.0051 
1.0063 1.0334 1.0027 1.0195 1.0086 1.0401 1.0388 1.0324 1.0456 1.0418 1.0271 1.0226 1.0047 1.0459 1.007 1.0059 1.0078 1.0271 1.0289 1.0072 1.0218 1.0483 1.0475 1.0275 1.0168 
1.0492 1.0275 1.0223 1.0443 1.0265 1.0007 1.0113 1.0324 1.0173 1.0253 1.0355 1.0103 1.0483 1.0163 1.0418 1.0199 1.0286 1.026 1.0007 1.0005 1.0303 1.0497 1.0114 1.0145 1.0073 
1.0094 1.0235 1.0433 1.0419 1.0294 1.0142 1.0378 1.0327 1.022 1.0093 1.0464 1.0203 1.0459 1.0062 1.023 1.0044 1.0334 1.0322 1.0314 1.0159 1.0116 1.0452 1.047 1.0159 1.0039 
1.0263 1.0434 1.015 1.0459 1.02 1.0172 1.0019 1.0326 1.0158 1.0162 1.0476 1.0042 1.029 1.0075 1.0153 1.0447 1.0325 1.0469 1.0436 1.0317 1.0291 1.0297 1.0395 1.0119 1.0391 
1.0303 1.0455 1.0317 1.0405 1.0459 1.0118 1.0488 1.0082 1.0497 1.0139 1.0424 1.0338 1.0293 1.0317 1.0091 1.0222 1.0066 1.0169 1.0043 1.0208 1.0416 1.0424 1.0011 1.048 1.031 
1.0137 1.0418 1.0484 1.0469 1.039 1.0273 1.0456 1.0307 1.0232 1.0076 1.031 1.0288 1.0263 1.0106 1.0424 1.0199 1.028 1.0132 1.0071 1.0227 1.0123 1.0379 1.0142 1.0348 1.0008 
1.0089 1.0444 1.0215 1.0313 1.0089 1.0454 1.0348 1.038 1.0334 1.008 1.0315 1.0177 1.031 1.0321 1.0033 1.0487 1.0435 1.0462 1.0273 1.0107 1.021 1.0191 1.0326 1.0144 1.0255 
1.0272 1.0427 1.0041 1.0303 1.0043 1.006 1.0136 1.0475 1.0033 1.0254 1.0477 1.0442 1.0086 1.0022 1.0235 1.0409 1.0276 1.0366 1.0316 1.0402 1.0235 1.0305 1.001 1.0175 1.0175 
1.0121 1.0376 1.0308 1.0162 1.0205 1.0403 1.0236 1.0265 1.0039 1.0391 1.029 1.026 1.0494 1.003 1.0234 1.0072 1.0473 1.025 1.0252 1.0393 1.0084 1.0208 1.0187 1.0364 1.0351 
1.0155 1.0343 1.005 1.0456 1.0159 1.0347 1.0289 1.0271 1.0284 1.0456 1.0251 1.0477 1.0294 1.0024 1.0433 1.0337 1.0478 1.0462 1.043 1.0291 1.046 1.0134 1.018 1.0006 1.0418 
1.0251 1.0458 1.0331 1.0301 1.0484 1.005 1.0156 1.0419 1.024 1.0025 1.0397 1.0193 1.0205 1.0169 1.029 1.0258 1.0134 1.0318 1.0092 1.0151 1.0303 1.0185 1.0057 1.0016 1.0253 
1.0168 1.0134 1.0103 1.0215 1.0198 1.0419 1.0284 1.0365 1.0346 1.0102 1.0185 1.0351 1.0177 1.0099 1.0118 1.0392 1.0293 1.0084 1.0399 1.0039 1.0203 1.0471 1.0137 1.0369 1.0329 
1.0084 1.0411 1.0225 1.0452 1.0361 1.0242 1.022 1.0463 1.0251 1.0163 1.0485 1.0061 1.0435 1.0295 1.0064 1.0456 1.0317 1.0291 1.0077 1.0267 1.0192 1.0178 1.038 1.0197 1.0286 
1.0167 1.0074 1.007 1.0004 1.0283 1.0151 1.0153 1.0225 1.0342 1.0213 1.0423 1.0343 1.0037 1.0075 1.0175 1.0183 1.0212 1.0455 1.0158 1.0207 1.0421 1.0245 1.0133 1.0441 1.0189 
1.0454 1.0173 1.0337 1.0469 1.0244 1.0418 1.0313 1.0484 1.0342 1.0171 1.0273 1.0235 1.0246 1.0073 1.017 1.0009 1.0429 1.0309 1.0023 1.0068 1.0114 1.0339 1.0049 1.0155 1.0107 
1.0473 1.0118 1.0273 1.012 1.0093 1.0249 1.001 1.0242 1.027 1.0404 1.0385 1.0071 1.008 1.006 1.017 1.0075 1.0001 1.032 1.0481 1.0078 1.0238 1.0047 1.011 1.0499 1.0383 
1.0079 1.0414 1.0485 1.0132 1.0478 1.019 1.0423 1.0441 1.0408 1.0483 1.0325 1.0459 1.0025 1.0218 1.0472 1.0155 1.0457 1.0496 1.0339 1.0178 1.0192 1.0109 1.0008 1.0009 1.0423 
1.0261 1.0461 1.0247 1.01 1.0411 1.0092 1.0405 1.0425 1.0105 1.0259 1.0405 1.0444 1.0423 1.016 1.0327 1.0318 1.0131 1.0312 1.0495 1.0437 1.0377 1.0146 1.0251 1.045 1.0056 
1.0142 1.0116 1.0191 1.0285 1.0115 1.047 1.0481 1.0495 1.0022 1.0066 1.035 1.0238 1.0308 1.0158 1.0096 1.0188 1.0057 1.0347 1.0201 1.0484 1.0274 1.015 1.0442 1.0245 1.042 
1.0375 1.0394 1.0151 1.0266 1.0007 1.0269 1.0336 1.0465 1.0439 1.0348 1.005 1.037 1.0185 1.0091 1.0051 1.0312 1.0303 1.0396 1.0325 1.0054 1.0219 1.0093 1.0086 1.0155 1.0357 
1.0045 1.0375 1.0224 1.0455 1.0379 1.0301 1.011 1.0176 1.0383 1 1.0341 1.0358 1.0493 1.0252 1.0108 1.0099 1 1.0284 1.0218 1.0406 1.0043 1.0049 1.02 1.0475 1.0114 
1.0163 1.0404 1.0419 1.0075 1.0281 1.0217 1.044 1.0118 1.0159 1.0244 1.0273 1.0346 1.0259 1.0462 1.0085 1.0205 1.0253 1.0347 1.0265 1.0399 1.0008 1.0027 1.0187 1.0061 1.0004 
1.0143 1.0248 1.0291 1.0289 1.021 1.0006 1.0192 1.0379 1.0004 1.0114 1.0398 1.0396 1.0223 1.0044 1.011 1.0268 1.0264 1.0233 1.0029 1.0063 1.0408 1.0264 1.0434 1.03 1.0263 
1.0248 1.0154 1.0452 1.0298 1.0204 1.0225 1.0288 1.0328 1.0048 1.0215 1.0055 1.045 1.0191 1.0399 1.0399 1.0435 1.0222 1.0347 1.0271 1.0308 1.022 1.0216 1.0197 1.0221 1.0182 
1.0039 1.0302 1.0268 1.0177 1.0496 1.0134 1.0075 1.0082 1.039 1.0184 1.008 1.0021 1.0496 1.0281 1.0195 1.0433 1.039 1.0312 1.0415 1.0271 1.001 1.0282 1.0049 1.0377 1.0096 
1.0498 1.0462 1.0429 1.0481 1.0276 1.0323 1.0493 1.0416 1.0082 1.0213 1.0269 1.0091 1.0348 1.0465 1.0068 1.0399 1.0484 1.0458 1.0223 1.042 1.0496 1.0434 1.0288 1.032 1.0274 
1.0455 1.0089 1.015 1.0116 1.0433 1.0275 1.0056 1.0081 1.0291 1.0038 1.026 1.0164 1.0477 1.033 1.0093 1.046 1.0269 1.032 1.0193 1.006 1.0426 1.0493 1.017 1.0116 1.0296 
1.023 1.0395 1.0275 1.0242 1.0056 1.0437 1.007 1.034 1.0398 1.0218 1.0125 1.0145 1.0101 1.0292 1.0277 1.0256 1.0324 1.0417 1.0389 1.0097 1.038 1.0233 1.0173 1.0114 1.0321 
1.0164 1.0064 1.0382 1.0242 1.0082 1.006 1.0186 1.0101 1.0325 1.0296 1.0247 1.0402 1.0334 1.0349 1.0355 1.0358 1.0426 1.0329 1.0279 1.0367 1.0302 1.0288 1.0472 1.0202 1.0432 
1.0043 1.0097 1.0088 1.016 1.0207 1.0013 1.0101 1.0336 1.041 1.0261 1.0418 1.0248 1.0245 1.0232 1.0376 1.0192 1.0297 1.0384 1.005 1.0298 1.0133 1.0012 1.0036 1.0066 1.0384 
1.0364 1.0304 1.0009 1.0499 1.0373 1.0229 1.0294 1.0282 1.0398 1.0457 1.0359 1.0232 1.0118 1.0431 1.0155 1.0288 1.003 1.015 1.017 1.0045 1.0461 1.0165 1.0258 1.0156 1.0023 
1.0015 1.0313 1.0004 1.0103 1.014 1.0439 1.0474 1.0236 1.0205 1.0265 1.0047 1.0045 1.01 1.0302 1.0131 1.0388 1.0212 1.0045 1.0399 1.02 1.0456 1.0347 1.0181 1.0091 1.0357 
1.0282 1.0053 1.0022 1.0481 1.0399 1.0044 1.0338 1.0033 1.0256 1.0453 1.0075 1.0251 1.046 1.0152 1.0431 1.0349 1.0119 1.0246 1.0197 1.0188 1.0337 1.0444 1.0191 1.0136 1.029 
1.0307 1.0116 1.0227 1.0179 1.0208 1.0114 1.0484 1.0248 1.0114 1.0415 1.0287 1.0461 1.0464 1.0438 1.0134 1.0466 1.0419 1.0265 1.0125 1.0018 1.0068 1.0221 1.0077 1.0278 1.0166 
1.0121 1.0005 1.0321 1.0142 1.0202 1.0038 1.0167 1.0274 1.0379 1.0437 1.0232 1.0019 1.0276 1.0231 1.0086 1.0482 1.0492 1.0413 1.041 1.029 1.0203 1.0171 1.0443 1.0096 1.0093 
1.0425 1.0383 1.0171 1.0149 1.0484 1.011 1.0053 1.0497 1.0202 1.0188 1.0014 1.0286 1.0482 1.0139 1.0331 1.0351 1.0222 1.0433 1.0129 1.0453 1.0089 1.0282 1.0131 1.0493 1.0331 
1.0485 1.0457 1.0017 1.0187 1.0383 1.0355 1.0331 1.0188 1.0105 1.001 1.0496 1.0191 1.0484 1.0105 1.0357 1.0072 1.0254 1.0178 1.0312 1.0055 1.033 1.019 1.0248 1.0285 1.045 
1.0154 1.0292 1.0075 1.0016 1.0016 1.0045 1.0154 1.0007 1.0465 1.0231 1.0048 1.0143 1.0016 1.0175 1.0358 1.0008 1.0267 1.001 1.0342 1.0391 1.0269 1.0156 1.0314 1.0073 1.0052 
1.0113 1.0138 1.0364 1.0315 1.0176 1.0043 1.03 1.0006 1.0179 1.046 1.0394 1.0308 1.0094 1.0438 1.0303 1.0218 1.0435 1.0146 1.0006 1.0151 1.0136 1.0285 1.0494 1.012 1.0211 
1.0372 1.0483 1.0404 1.0363 1.0305 1.0051 1.0418 1.0068 1.0366 1.0222 1.0118 1.0357 1.0283 1.0273 1.0465 1 1.0041 1.015 1.0361 1.047 1.0074 1.0085 1.038 1.0219 1.0398 
1.0221 1.028 1.0384 1.0464 1.0049 1.0415 1.0087 1.0437 1.0412 1.0392 1.0174 1.0256 1.0368 1.0162 1.0252 1.0168 1.0347 1.0459 1.0369 1.0202 1.0475 1.0143 1.038 1.0406 1.0015 
1.0242 1.0162 1.0166 1.0269 1.002 1.0216 1.044 1.0195 1.0371 1.0401 1.0025 1.0433 1.003 1.0129 1.0255 1.0223 1.0256 1.0333 1.036 1.0282 1.0463 1.0244 1.0227 1.0112 1.0414 
1.0138 1.0135 1.0358 1.0217 1.0411 1.0166 1.0382 1.0235 1.0206 1.0424 1.0156 1.0464 1.0454 1.0003 1.0228 1.0108 1.0096 1.0277 1.018 1.0208 1.0066 1.0099 1.0352 1.004 1.0472 
1.0377 1.0063 1.0368 1.0129 1.0484 1.0315 1.0275 1.0017 1.0327 1.0345 1.0229 1.0224 1.0421 1.0034 1.0376 1.0329 1.0461 1.0089 1.0445 1.0268 1.0307 1.0352 1.0124 1.0461 1.0399 
1.0444 1.0293 1.0398 1.0468 1.0233 1.0468 1.0342 1.0278 1.0094 1.0259 1.0227 1.0206 1.0187 1.0319 1.0173 1.0161 1.0244 1.0288 1.0385 1.0332 1.0487 1.0077 1.004 1.0304 1.0152 
1.0259 1.0232 1.0098 1.0028 1.0033 1.0375 1.0212 1.0384 1.0389 1.0325 1.038 1.0428 1.0212 1.0049 1.0372 1.0036 1.0347 1.0094 1.015 1.0381 1.0464 1.0396 1.0162 1.0139 1.0335 
1.0264 1.0083 1.0149 1.0306 1.0308 1.0115 1.0082 1.0499 1.0152 1.0142 1.0107 1.0168 1.0036 1.0479 1.0009 1.004 1.0051 1.0147 1.046 1.0464 1.0315 1.0178 1.0324 1.0408 1.0022 
1.0328 1.0483 1.0419 1.036 1.0298 1.0123 1.0176 1.0166 1.0345 1.0125 1.0175 1.0147 1.0466 1.0086 1.0427 1.0305 1.0499 1.0137 1.0042 1.033 1.0337 1.0066 1.005 1.0283 1.0106 
1.0281 1.0292 1.0021 1.0321 1.001 1.0086 1.0306 1.0079 1.004 1.0037 1.0362 1.0372 1.0171 1.0149 1.0167 1.0119 1.0446 1.0012 1.0461 1.0302 1.022 1.0301 1.0239 1.0218 1.0131 
1.0417 1.0462 1.0025 1.0419 1.0091 1.0467 1.0117 1.0004 1.0053 1.0362 1.01 1.0154 1.0089 1.0248 1.0196 1.0456 1.0456 1.005 1.0133 1.0267 1.026 1.0347 1.0356 1.0073 1.013 
1.0044 1.0011 1.0353 1.028 1.0005 1.0406 1.0224 1.0203 1.0024 1.0264 1.0476 1.0399 1.0281 1.0063 1.0168 1.0013 1.0424 1.0188 1.0129 1.0225 1.0114 1.0298 1.0136 1.0194 1.0424 
1.02 1.0208 1.0011 1.0485 1.0105 1.016 1.0323 1.0039 1.0352 1.036 1.0319 1.0357 1.016 1.0016 1.0094 1.0459 1.011 1.0154 1.0078 1.0178 1.0084 1.001 1.0157 1.0177 1.02 
1.0118 1.0402 1.0408 1.003 1.0375 1.0017 1.0139 1.0102 1.0333 1.0037 1.0171 1.0402 1.0257 1.0265 1.0441 1.0458 1.0465 1.0244 1.0085 1.0136 1.0036 1.02 1.0101 1.0062 1.0484 
1.0028 1.0041 1.0346 1.0192 1.0222 1.041 1.0321 1.0118 1.0325 1.0176 1.0255 1.0165 1.0447 1.0205 1.0007 1.033 1.0073 1.0423 1.0038 1.0376 1.045 1.0135 1.0404 1.0437 1.0442 
1.0414 1.0013 1.0471 1.0112 1.0132 1.0225 1.0007 1.0285 1.0064 1.0339 1.0308 1.0122 1.0067 1.0483 1.0167 1.0296 1.0161 1.0434 1.0426 1.0111 1.048 1.0026 1.0127 1.0153 1.0266 
1.0365 1.0455 1.0484 1.0357 1.0407 1.0355 1.0133 1.0108 1.0424 1.0205 1.037 1.0089 1.0146 1.0109 1.0182 1.0405 1.0239 1.0378 1.0455 1.0212 1.0417 1.0351 1.022 1.0342 1.0479 
1.0239 1.0461 1.0445 1.0339 1.0269 1.0176 1.0496 1.0493 1.0328 1.0221 1.0462 1.0054 1.0307 1.0369 1.0167 1.0132 1.0318 1.0229 1.0164 1.0478 1.0456 1.0149 1.0425 1.0319 1.008 
1.0103 1.0493 1.0336 1.0334 1.0102 1.0472 1.0397 1.0147 1.0093 1.0468 1.0339 1.0075 1.0106 1.0376 1.0051 1.0058 1.0271 1.0464 1.0342 1.0265 1.0338 1.0327 1.0086 1.0283 1.0395 
1.0401 1.0048 1.0256 1.0452 1.0292 1.0338 1.0328 1.0328 1.0213 1.0323 1.0322 1.0472 1.0039 1.0417 1.0355 1.0319 1.0268 1.029 1.0142 1.0007 1.0408 1.0198 1.0102 1.0385 1.0421 
1.0443 1.0174 1.0256 1.0291 1.0294 1.0268 1.0055 1.0427 1.0325 1.0295 1.0185 1.0142 1.035 1.0425 1.0409 1.0297 1.0067 1.0069 1.0268 1.0499 1.029 1.0226 1.0167 1.0187 1.0131 
1.0181 1.0275 1.0362 1.0343 1.0111 1.0066 1.005 1.04 1.0361 1.0439 1.0072 1.0055 1.0367 1.0113 1.0296 1.0185 1.0407 1.0046 1.0079 1.016 1.0068 1.0306 1.0217 1.0235 1.0407 
1.0221 1.0079 1.0329 1.0088 1.0381 1.0415 1.0407 1.0412 1.037 1.0211 1.0229 1.0165 1 1.0455 1.0166 1.0127 1.0071 1.0346 1.0157 1.0142 1.0154 1.0374 1.0375 1.0467 1.0062 
1.021 1.037 1.0488 1.0463 1.0405 1.0064 1.0174 1.0394 1.0477 1.0333 1.0197 1.0189 1.0301 1.0069 1.0135 1.0389 1.0199 1.0046 1.0273 1.0122 1.0056 1.0064 1.0154 1.0364 1.0329 
1.0181 1.0008 1.0476 1.0186 1.0087 1.02 1.0324 1.0185 1.0068 1.0469 1.004 1.0341 1.0002 1.0328 1.0221 1.0159 1.0163 1.047 1.0499 1.0277 1.0282 1.0195 1.0222 1.0305 1.0314 
1.037 1.0048 1.0429 1.0363 1.0136 1.0166 1.0204 1.0463 1.0149 1.0364 1.0107 1.0351 1.0069 1.0062 1.0082 1.017 1.0099 1.0109 1.0392 1.0332 1.0332 1.0429 1.0062 1.0398 1.025 
1.0167 1.0394 1.001 1.0479 1.0362 1.0015 1.0043 1.032 1.011 1.0001 1.0202 1.0077 1.039 1.0429 1.0398 1.0106 1.0282 1.0367 1.0172 1.0154 1.0263 1.0485 1.031 1.0287 1.0494 
1.0084 1.0319 1.0231 1.0382 1.0358 1.0448 1.0078 1.0302 1.0094 1.0196 1.0455 1.0134 1.0279 1.0298 1.0183 1.0356 1.0089 1.0362 1.0024 1.0278 1.0426 1.0371 1.0114 1.0215 1.008 
1.0129 1.0044 1.0319 1.0216 1.0455 1.044 1.0003 1.0487 1.0294 1.0344 1.0204 1.049 1.0206 1.0152 1.019 1.0399 1.012 1.0368 1.0424 1.0286 1.0137 1.0412 1.005 1.0325 1.0299 
1.0105 1.0444 1.0124 1.029 1.0141 1.0021 1.0216 1.0472 1.0137 1.0454 1.0402 1.0287 1.0127 1.032 1.0098 1.0034 1.0339 1.0191 1.0372 1.013 1.0406 1.0337 1.0222 1.0275 1.0309 
1.0026 1.0032 1.014 1.019 1.0405 1.0265 1.034 1.026 1.0294 1.0419 1.0121 1.0012 1.0082 1.0129 1.0397 1.0184 1.0152 1.0066 1.0282 1.0343 1.0453 1.0496 1.0186 1.0392 1.0435 
1.015 1.0128 1.036 1.0229 1.0095 1.0489 1.011 1.0222 1.0409 1.0215 1.0093 1.0347 1.0317 1.0221 1.0438 1.0106 1.0247 1.0323 1.0282 1.0492 1.0027 1.0169 1.0438 1.0105 1.0273 
1.021 1.0012 1.0019 1.0383 1.0343 1.0028 1.0092 1.0245 1.0471 1.0068 1.0036 1.017 1.0266 1.022 1.047 1.0116 1.0453 1.0126 1.0021 1.0472 1.0088 1.0433 1.0451 1.0475 1.0374 
1.0399 1.0493 1.024 1.0264 1.0469 1.0461 1.0359 1.0324 1.0486 1.0384 1.0113 1.02 1.0046 1.0186 1.0045 1.0384 1.0176 1.0408 1.0219 1.0284 1.0094 1.0485 1.0091 1.031 1.0256 
1.002 1.0147 1.0222 1.032 1.0268 1.0012 1.0315 1.0276 1.0379 1.0215 1.0297 1.0424 1.0077 1.0092 1.0211 1.0314 1.0169 1.0359 1.0362 1.0059 1.0306 1.0442 1.0419 1.0292 1.0179 
1.0329 1.033 1.0036 1.0154 1.0236 1.0195 1.0344 1.0418 1.0306 1.005 1.0248 1.0331 1.0002 1.0405 1.0484 1.0092 1.0483 1.0488 1.0459 1.0031 1.0011 1.0172 1.0435 1.0139 1.0181 
1.0073 1.0221 1.0174 1.0063 1.0347 1.0486 1.0432 1.0281 1.0094 1.0127 1.0359 1.046 1.0344 1.0444 1.0473 1.0337 1.0401 1.0415 1.0243 1.0289 1.0465 1.0291 1.0287 1.0269 1.0003 
1.0347 1.0344 1.0162 1.0074 1.0021 1.0308 1.0259 1.002 1.027 1.0007 1.0274 1.0268 1.0456 1.0431 1.0171 1.0444 1.0026 1.0151 1.0406 1.0212 1.0042 1.0191 1.048 1.0018 1.006 
1.044 1.0025 1.007 1.0358 1.0104 1.0345 1.0376 1.0099 1.0029 1.0287 1.0499 1.0137 1.0374 1.0125 1.0228 1.0218 1.0462 1.0441 1.0235 1.0361 1.0424 1.0483 1.0121 1.0133 1.011 
1.0492 1.0316 1.0049 1.0494 1.0094 1.0011 1.0236 1.0458 1.0294 1.0089 1.0076 1.0399 1.0138 1.0087 1.0343 1.0232 1.0439 1.0127 1.0274 1.0284 1.0466 1.0164 1.0423 1.0221 1.0169 
1.0164 1.029 1.0107 1.032 1.0273 1.0232 1.0416 1.0332 1.0463 1.0074 1.0285 1.0125 1.0168 1.0306 1.0397 1.0219 1.0413 1.0229 1.044 1.0162 1.0453 1.0216 1.0203 1.0334 1.0359 
1.0388 1.0398 1.0055 1.0169 1.0487 1.0034 1.0065 1.0422 1.0222 1.0124 1.0408 1.0419 1.0384 1.0081 1.0084 1.0414 1.0384 1.0219 1.0439 1.0419 1.0446 1.0457 1.0125 1.0423 1.0029 
1.0283 1.0315 1.0465 1.0433 1.0253 1.0263 1.0155 1.0327 1.0095 1.0284 1.0258 1.0126 1.0051 1.0207 1.0438 1.0137 1.0335 1.0053 1.0024 1.0192 1.0485 1.0066 1.0292 1.0407 1.033 
1.0221 1.0329 1.034 1.0438 1.0108 1.0059 1.0153 1.0128 1.0386 1.0024 1.0254 1.0257 1.0184 1.0462 1.0136 1.0401 1.0397 1.032 1.033 1.0222 1.0209 1.0395 1.0371 1.0352 1.0452 
1.0191 1.0305 1.0305 1.0442 1.0174 1.0072 1.0169 1.0043 1.0377 1.0057 1.0436 1.0268 1.0016 1.0168 1.0391 1.0479 1.017 1.0252 1.0229 1.0091 1.0021 1.0286 1.0359 1.0062 1.0383 
1.0137 1.0058 1.0353 1.0002 1.0493 1.0199 1.0189 1.0129 1.0217 1.0315 1.0274 1.0428 1.0394 1.0004 1.0364 1.0408 1.0136 1.0416 1.0137 1.0283 1.0338 1.0008 1.0122 1.0082 1.0274 
1.0208 1.0217 1.0095 1.0178 1.0193 1.0494 1.0418 1.0162 1.0207 1.0225 1.0491 1.023 1.0116 1.02 1.0258 1.0434 1.0392 1.0197 1.0213 1.0157 1.0015 1.0461 1.0485 1.0465 1.0172 
1.0286 1.0335 1.0124 1.006 1.0159 1.0117 1.0284 1.037 1.003 1.0205 1.0175 1.0343 1.0067 1.0002 1.0066 1.0113 1.0381 1.0385 1.0238 1.0096 1.004 1.0333 1.0308 1.0477 1.001 
1.0446 1.0001 1.0402 1.0035 1.0234 1.0245 1.0333 1.0292 1.0477 1.0145 1.0377 1.0089 1.0234 1.0486 1.0223 1.0466 1.0199 1.0497 1.0197 1.0039 1.0386 1.0052 1.0088 1.0383 1.0464 
1.0102 1.0273 1.0351 1.0055 1.0197 1.0108 1.0322 1.0334 1.0299 1.0046 1.01 1.0227 1.0219 1.0092 1.0199 1.0464 1.0182 1.0241 1.0497 1.0338 1.0433 1.0303 1 1.0376 1.0096 
1.0128 1.0219 1.0195 1.0404 1.024 1.0026 1.0265 1.0333 1.0305 1.0427 1.0495 1.0043 1.0391 1.0209 1.0342 1.0082 1.0005 1.0096 1.0445 1.0175 1.0276 1.0019 1.0381 1.0245 1.011 
1.0355 1.0205 1.022 1.0318 1.0309 1.0096 1.0121 1.0222 1.0338 1.0496 1.0182 1.0313 1.0073 1.0152 1.0139 1.0294 1.0417 1.0401 1.0366 1.0064 1.0215 1.0457 1.0042 1.0128 1.0013 
1.024 1.0446 1.0008 1.0072 1.0336 1.0472 1.0234 1.0255 1.0018 1.022 1.0236 1.0109 1.0244 1.0075 1.0016 1.0482 1.0194 1.0027 1.0347 1.0329 1.0208 1.0157 1.0026 1.0356 1.0395 
1.0192 1.0397 1.0155 1.0192 1.0336 1.0139 1.003 1.0371 1.0479 1.0014 1.0109 1.0156 1.0231 1.0235 1.0409 1.0101 1.0152 1.0161 1.0048 1.046 1.023 1.0227 1.0121 1.0368 1.0354 
1.0214 1.003 1.031 1.0414 1.0035 1.0134 1.0003 1.0363 1.0293 1.0082 1.0082 1.0279 1.0051 1.0374 1.0007 1.0194 1.0349 1.0388 1.0033 1.0012 1.0491 1.038 1.042 1.0012 1.0261 
1.0314 1.0443 1.0483 1.0321 1.0044 1.0043 1.016 1.0422 1.0487 1.0126 1.017 1.0271 1.0489 1.0161 1.0066 1.0183 1.0053 1.0456 1.0383 1.0286 1.043 1.0455 1.0128 1.0132 1.0203 
1.0076 1.0041 1.0361 1.0354 1.038 1.0108 1.0037 1.0295 1.0114 1.0425 1.0484 1.0195 1.0079 1.0251 1.0008 1.041 1.0043 1.0346 1.0469 1.0282 1.0446 1.023 1.0137 1.0322 1.0398 
1.0053 1.0218 1.0202 1.0396 1.0092 1.0389 1.0015 1.0257 1.0201 1.0348 1.0365 1.0227 1.0329 1.0355 1.0186 1.0221 1.0076 1.0078 1.0138 1.0243 1.0446 1.0142 1.0313 1.0045 1.0021 
1.0241 1.0029 1.0306 1.0166 1.0054 1.0417 1.0247 1.0424 1.0005 1.0045 1.0221 1.021 1.0403 1.0091 1.0268 1.0037 1.0246 1.0374 1.0149 1.0302 1.0112 1.0348 1.0499 1.0117 1.0185 
1.0021 1.048 1.0174 1.0025 1.0449 1.0337 1.0471 1.0451 1.0062 1.0132 1.039 1.013 1.014 1.0404 1.0024 1.0417 1.0205 1.0391 1.0418 1.0326 1.0401 1.0091 1.0288 1.0258 1.0388 
1.0474 1.0039 1.0109 1.0181 1.0208 1.0459 1.0135 1.0147 1.0105 1.0377 1.0494 1.027 1.0147 1.04 1.0446 1.0101 1.0188 1.007 1.0197 1.0221 1.0256 1.031 1.0277 1.024 1.0114 
1.0197 1.041 1.0183 1.0005 1.0158 1.0072 1.0073 1.0401 1.0293 1.0172 1.0089 1.0169 1.0138 1.0406 1.0173 1.0343 1.0306 1.0216 1.0268 1.003 1.0209 1.0489 1.0021 1.0416 1.0383 
1.0151 1.0166 1.002 1.0201 1.0053 1.0135 1.0129 1.007 1.0203 1.0414 1.0004 1.0439 1.0288 1.0443 1.0306 1.0163 1.0267 1.0408 1.0422 1.0155 1.0493 1.0107 1.0093 1.0061 1.0154 
1.0403 1.0495 1.0457 1.0321 1.0479 1.0089 1.0048 1.0453 1.0481 1.0364 1.0277 1.0197 1.0226 1.0425 1.041 1.0389 1.0038 1.0412 1.046 1.0294 1.0171 1.0206 1.0025 1.0385 1.0281 
1.0298 1.0401 1.0304 1.0345 1.036 1.0214 1.041 1.0406 1.0377 1.0133 1.0135 1.0091 1.0466 1.0366 1.0429 1.0142 1.0283 1.0011 1.0376 1.0201 1.0093 1.0096 1.0449 1.0271 1.0043 
1.0172 1.0391 1.0477 1.0025 1.0068 1.0385 1.0053 1.019 1.0268 1.0267 1.0403 1.0056 1.049 1.0379 1.0174 1.0001 1.042 1.0143 1.0021 1.0137 1.018 1.0472 1.0131 1.0261 1.0141 
1.0208 1.0368 1.0366 1.032 1.0461 1.0297 1.0266 1.0188 1.0325 1.0005 1.0326 1.0059 1.0497 1.034 1.0477 1.0004 1.0222 1.038 1 1.0085 1.0325 1.0447 1.0483 1.0394 1.0433 
1.0089 1.037 1.0378 1.0342 1.043 1.0343 1.0498 1.006 1.0422 1.0383 1.0354 1.0106 1.0303 1.0176 1.035 1.0365 1.0251 1.0314 1.0042 1.0476 1.0458 1.0064 1.0322 1.0225 1.0034 
1.0189 1.0273 1.0307 1.0397 1.0194 1.0131 1.0346 1.0234 1.0342 1.0428 1.0364 1.0225 1.0293 1.0139 1.0445 1.0144 1.0193 1.0015 1.0129 1.025 1.019 1.0396 1.0192 1.0294 1.0332 
1.0373 1.0214 1.0263 1.0379 1.0361 1.0316 1.0203 1.0454 1.018 1.0023 1.02 1.0066 1.0064 1.0436 1.0214 1.0333 1.0343 1.0424 1.0006 1.047 1.0286 1.0125 1.047 1.0252 1.0162 
1.0372 1.003 1.0487 1.0258 1.02 1.0407 1.0169 1.0453 1.0131 1.0078 1.0373 1.019 1.0215 1.0384 1.034 1.0437 1.0464 1.0267 1.002 1.0088 1.0208 1.0475 1.0066 1.041 1.0048 
1.0466 1.0455 1.0122 1.0313 1.042 1.0387 1.0467 1.0245 1.0307 1.0229 1.0294 1.0002 1.0142 1.0484 1.0261 1.0283 1.0233 1.0058 1.0035 1.0395 1.0156 1.0226 1.0489 1.0222 1.0247 
1.0268 1.0027 1.0151 1.0014 1.0406 1.0033 1.0286 1.0264 1.0083 1.0187 1.0205 1.0402 1.0066 1.0147 1.0022 1.0249 1.0408 1.0294 1.0195 1.0475 1.0043 1.0322 1.029 1.0254 1.0399 
1.0359 1.0006 1.0489 1.0205 1.0322 1.049 1.0329 1.0277 1.0402 1.0164 1.0251 1.0088 1.0125 1.0328 1.037 1.0287 1.029 1.0446 1.0175 1.0471 1.0497 1.0277 1.0259 1.0005 1.0474 
1.0286 1.0234 1.0087 1.0202 1.0141 1.0478 1.0456 1.0243 1.0149 1.0201 1.0472 1.0274 1.0254 1.013 1.004 1.0124 1.0166 1.0421 1.0025 1.014 1.0425 1.0182 1.0219 1.0094 1.0358 
1.012 1.0079 1.0089 1.0485 1.0211 1.0292 1.0476 1.0034 1.0366 1.0466 1.0016 1.035 1.0441 1.0008 1.0469 1.0177 1.0233 1.0132 1.0189 1.0407 1.0045 1.0109 1.0301 1.0491 1.0417 
1.0268 1.0385 1.0161 1.0373 1.0322 1.0495 1.0286 1.0005 1.0121 1.0075 1.0114 1.0015 1.0296 1.0374 1.0417 1.044 1.04 1.0221 1.0302 1.0182 1.0396 1.0012 1.0388 1.0377 1.0197 
1.049 1.0333 1.0201 1.0023 1.0005 1.0222 1.0252 1.0278 1.0437 1.0487 1.0351 1.0028 1.005 1.0219 1.045 1.039 1.0384 1.0304 1.0016 1.007 1.0436 1.0322 1.0376 1.032 1.0055 
1.0481 1.0478 1.0448 1.0276 1.0264 1.0349 1.0318 1.0145 1.0089 1.0229 1.0078 1.0165 1.0123 1.0252 1.0155 1.0458 1.0117 1.0028 1.0099 1.0242 1.0432 1.0159 1.0397 1.0023 1.049 
1.0365 1.0225 1.032 1.0157 1.0214 1.0031 1.0297 1.0436 1.0342 1.0051 1.0058 1.0035 1.0181 1.0324 1.0434 1.0025 1.0498 1.0167 1.0209 1.0173 1.0169 1.037 1.0115 1.0202 1.0052 
1.028 1.0215 1.0076 1.0027 1.0252 1.0313 1.0442 1.0148 1.0326 1.0188 1.001 1.0382 1.044 1.0075 1.0313 1.0056 1.0081 1.0384 1.0383 1.0256 1.0378 1.0182 1.0095 1.0344 1.0366 
1.0223 1.0338 1.0109 1.034 1.0157 1.0386 1.0038 1.0114 1.0078 1.0093 1.0232 1.0243 1.0081 1.0259 1.0219 1.03 1.0287 1.0417 1.0159 1.0168 1.0258 1.0094 1.0104 1.0243 1.0177 
1.0167 1.0151 1.0357 1.0292 1.0313 1.0107 1.0346 1.0189 1.0261 1.0026 1.0084 1.0179 1.0217 1.0107 1.0394 1.0098 1.0066 1.0408 1.0032 1.0271 1.041 1.0171 1.0028 1.0134 1.0398 
1.0179 1.0207 1.0061 1.0322 1.0012 1.0193 1.0318 1.0499 1.0222 1.024 1.0176 1.0029 1.0166 1 1.0318 1.0303 1.023 1.0335 1.0249 1.0272 1.0419 1.0443 1.0239 1.0367 1.0472 
1.0452 1.0067 1.0157 1.01 1.0182 1.0099 1.0421 1.0228 1.0456 1.028 1.0408 1.0002 1.0146 1.0317 1.0207 1.0249 1.0184 1.0362 1.0494 1.0335 1.0047 1.0215 1.0306 1.0219 1.016 
1.0051 1.0261 1.0298 1.0139 1.0126 1.0476 1.0496 1.0214 1.027 1.0401 1.0338 1.0493 1.002 1.0438 1.0411 1.042 1.0183 1.033 1.0072 1.0111 1.0181 1.0263 1.0364 1.0253 1.0387 
1.0452 1.0428 1.016 1.0446 1.0063 1.0006 1.0036 1.0314 1.0229 1.0108 1.0082 1.0077 1.0197 1.0207 1.0199 1.0455 1.007 1.0453 1.0146 1.0197 1.0081 1.0256 1.0082 1.0191 1.0431 
1.0416 1.0083 1.0043 1.0195 1.005 1.0114 1.0331 1.0282 1.0266 1.0375 1.0241 1.0082 1.0062 1.0382 1.0041 1.0248 1.0216 1.0166 1.0075 1.021 1.0383 1.0166 1.0243 1.0461 1.0248 
1.0152 1.0285 1.0199 1.0374 1.0495 1.0428 1.0083 1.0039 1.0351 1.0498 1.0175 1.0449 1.0112 1.0388 1.0466 1.0173 1.0411 1.0488 1.0051 1.0177 1.0455 1.0084 1.0063 1.0424 1.034 
1.0061 1.0447 1.0186 1.0045 1.0332 1.02 1.0032 1.0048 1.0404 1.039 1.0231 1.0422 1.0436 1.0294 1.0144 1.0494 1.0302 1.0091 1.0015 1.0266 1.0264 1.0279 1.0172 1.0048 1.0037 
1.0411 1.0025 1.0455 1.0304 1.0408 1.0338 1.0279 1.0373 1.0288 1.0437 1.014 1.0432 1.0017 1.0349 1.0125 1.0138 1.0399 1.0445 1.0232 1.0197 1.0404 1.0405 1.0313 1.0139 1.0083 
1.0361 1.0433 1.0206 1.0365 1.0097 1.0128 1.0402 1.028 1.0367 1.0221 1.0408 1.0461 1.0035 1.0212 1.0042 1.0329 1.0272 1.0164 1.0135 1.0434 1.0015 1.0432 1.0464 1.0491 1.0221 
1.02 1.0342 1.0085 1.03 1.0168 1.039 1.0435 1.0218 1.018 1.0079 1.0432 1.0442 1.0208 1.0291 1.0032 1.0119 1.0466 1.038 1.0388 1.0058 1.013 1.0028 1.0114 1.0482 1.0469 
1.0271 1.0113 1.0278 1.0077 1.0017 1.0108 1.0419 1.0011 1.0244 1.0305 1.0242 1.021 1.0094 1.0488 1.0136 1.0412 1.0217 1.0288 1.0012 1.0411 1.0302 1.0449 1.0317 1.0077 1.0017 
1.0495 1.0225 1.0275 1.022 1.0404 1.0445 1.035 1.0486 1.0008 1.0425 1.0423 1.0165 1.0412 1.0214 1.0257 1.0353 1.04 1.0415 1.008 1.0255 1.0188 1.0353 1.0476 1.0074 1.0306 
1.0079 1.0074 1.0037 1.0301 1.0312 1.0083 1.0426 1.0417 1.0354 1.0219 1.0201 1.0209 1.0423 1.044 1.0003 1.0177 1.0482 1.0358 1.0169 1.0278 1.044 1.0401 1.0435 1.0074 1.0007 
1.0441 1.0002 1.0004 1.039 1.0129 1.0146 1.0492 1.0151 1.0136 1.0452 1.0071 1.015 1.0151 1.0027 1.0354 1.0198 1.0023 1.0447 1.0187 1.0301 1.0314 1.0323 1.0275 1.0439 1.0028 
1.0483 1.0029 1.0047 1.0084 1.003 1.0328 1.0405 1.0018 1.0194 1.0121 1.0227 1.0463 1.0204 1.0383 1.0203 1.0251 1.0465 1.0459 1.0421 1.0394 1.0249 1.0141 1.0085 1.0003 1.0167 
1.0476 1.0315 1.0153 1.0293 1.0022 1.0061 1.0402 1.0226 1.0207 1.0304 1.0049 1.0293 1.0492 1.0271 1.0254 1.0119 1.0401 1.016 1.0281 1.01 1.0384 1.0021 1.0135 1.0426 1.0344 
1.0106 1.0492 1.0402 1.0376 1.0007 1.0266 1.046 1.047 1.032 1.008 1.0001 1.047 1.0348 1.0407 1.0243 1.0335 1.0171 1.0253 1.0352 1.0499 1.0267 1.0154 1.019 1.0194 1.0337 
1.026 1.0266 1.0229 1.0087 1.0225 1.011 1.0092 1.0341 1.0068 1.0273 1.029 1.0228 1.0213 1.0122 1.0203 1.0062 1.0092 1.0152 1.0307 1.0267 1.0061 1.024 1.0117 1.0156 1.0255 
1.0451 1.0114 1.0026 1.0014 1.005 1.0027 1.0293 1.0483 1.0107 1.0488 1.0122 1.0053 1.0222 1.0282 1.0077 1.0423 1.0491 1.0215 1.0051 1.0231 1.0342 1.0233 1.0367 1.0093 1.0224 
1.0481 1.0291 1.0336 1.0152 1.0241 1.019 1.0024 1.0111 1.0199 1.0416 1.0081 1.0003 1.0448 1.0221 1.0175 1.0178 1.0059 1.0349 1.037 1.0161 1.0442 1.0424 1.0228 1.0002 1.0279 
1.0445 1.0269 1.0307 1.0295 1.022 1.0126 1.0012 1.0076 1.0165 1.0265 1.0308 1.0075 1.0023 1.0436 1.0162 1.0184 1.0308 1.0468 1.0318 1.0148 1.0093 1.0431 1.0007 1.0444 1.023 
1.0453 1.0219 1.0316 1.0304 1.026 1.0025 1.0211 1.015 1.003 1.0061 1.0073 1.0189 1.0144 1.0081 1.0276 1.0063 1.0172 1.0035 1.0239 1.0057 1.0238 1.0019 1.0096 1.0348 1.0238 
1.0118 1.0073 1.0341 1.006 1.0007 1.0206 1.0495 1.0137 1.0152 1.0365 1.0066 1.0006 1.0128 1.0337 1.0178 1.0475 1.0149 1.0003 1.0462 1.0006 1.0349 1.0293 1.0237 1.01 1.0249 
1.0033 1.0049 1.0354 1.0331 1.0295 1.011 1.0248 1.0027 1.0114 1.0177 1.0474 1.006 1.0008 1.031 1.0247 1.0377 1.0227 1.041 1.0095 1.012 1.005 1.0241 1.0356 1.0469 1.0201 
1.0115 1.0177 1.0275 1.0208 1.0337 1.0189 1.0098 1.0474 1.0374 1.035 1.0136 1.024 1.0479 1.0145 1.0061 1.0111 1.0272 1.0224 1.0437 1.0348 1.0145 1.0399 1.0005 1.0331 1.012 
1.0027 1.0192 1.0342 1.0054 1.0216 1.0424 1.0499 1.0075 1.0332 1.0363 1.0467 1.0085 1.0033 1.0391 1.006 1.003 1.0195 1.0209 1.0421 1.0271 1.0102 1.0201 1.0424 1.008 1.0039 
1.0143 1.0089 1.0172 1.0232 1.0076 1.0213 1.0135 1.0441 1.0009 1.0038 1.0107 1.032 1.0035 1.0445 1.0391 1.0484 1.0162 1.0279 1.0139 1.0282 1.0167 1.0472 1.0131 1.0236 1.0407 
1.0497 1.0074 1.0046 1.005 1.0289 1.0207 1.0054 1.0268 1.0355 1.0069 1.0411 1.0023 1.0198 1.0248 1.0189 1.0081 1.006 1.0318 1.0027 1.0292 1.0303 1.0231 1.0357 1.0299 1.0025 
1.0193 1.0112 1.0054 1.0107 1.0379 1.049 1.0165 1.0156 1.0211 1.0162 1.0213 1.0463 1.015 1.0242 1.0211 1.0442 1.0014 1.0087 1.0277 1.0288 1.0103 1.0192 1.0002 1.013 1.0183 
1.015 1.0342 1.0285 1.0383 1.001 1.0446 1.0111 1.0143 1.0224 1.0449 1.0343 1.0128 1.012 1.0427 1.0186 1.028 1.0194 1.0148 1.038 1.0488 1.0054 1.0185 1.0174 1.0157 1.0008 
1.0394 1.0205 1 1.0082 1.014 1.0102 1.0096 1.006 1.0029 1.032 1.0487 1.0447 1.032 1.0047 1.0159 1.0073 1.0371 1.001 1.0086 1.0424 1.0217 1.0475 1.0307 1.0409 1.0049 
1.0461 1.0191 1.0047 1.0176 1.0475 1.0148 1.0108 1.0127 1.0115 1.0323 1.0362 1.0137 1.0398 1.0024 1.0154 1.0126 1.005 1.0302 1.0045 1.0448 1.0172 1.0376 1.014 1.0036 1.0114 
1.0351 1.0343 1.0104 1.0476 1.0361 1.0332 1.0268 1.0075 1.0309 1.0416 1.0255 1.0369 1.0144 1.0181 1.0155 1.044 1.0076 1.0177 1.0487 1.0001 1.0366 1.0351 1.0064 1.0336 1.0245 
1.0088 1.0438 1.0193 1.0433 1.0465 1.0089 1.0185 1.0334 1.0492 1.0003 1.0471 1.0245 1.0242 1.0351 1.0036 1.0319 1.0266 1.0263 1.0445 1.0268 1.0207 1.0086 1.0011 1.015 1.0311 
1.0457 1.0263 1.0295 1.0328 1.0471 1.0219 1.028 1.0268 1.0407 1.0348 1.0243 1.0307 1.0369 1.043 1.0138 1.0127 1.0303 1.0113 1.0233 1.048 1.024 1.0414 1.0245 1.0109 1.0126 
1.0157 1.0418 1.0031 1.0225 1.0412 1.029 1.0491 1.0164 1.0099 1.0487 1.0053 1.0172 1.0489 1.0295 1.0415 1.0317 1.0008 1.015 1.0255 1.0108 1.0237 1.0148 1.0146 1.0274 1.0119 
1.0099 1.0141 1.0107 1.0455 1.0035 1.0364 1.0079 1.0258 1.0188 1.0448 1.0267 1.0138 1.0092 1.0317 1.0231 1.0295 1.0318 1.0249 1.0114 1.0352 1.0262 1.0236 1.0143 1.0341 1.0038 
1.0116 1.027 1.0014 1.044 1.035 1.0198 1.0035 1.0392 1.0078 1.0014 1.0125 1.0489 1.0324 1.0134 1.0369 1.0483 1.0048 1.014 1.0439 1.0308 1.0262 1.0362 1.043 1.0204 1.0201 
1.0245 1.0299 1.0308 1.0145 1.047 1.0419 1.0258 1.0259 1.0212 1.0348 1.0173 1.0418 1.0167 1.001 1.0092 1.0471 1.0455 1.0334 1.0258 1.0188 1.0384 1.044 1.0371 1.0476 1.0164 
1.0278 1.0274 1.0242 1.0305 1.0184 1.026 1.0144 1.0138 1.0197 1.0147 1.0394 1.0128 1.0306 1.0168 1.0076 1.0217 1.0045 1.0129 1.02 1.0351 1.0257 1.0487 1.0219 1.0386 1.0212 
1.0383 1.0065 1.0464 1.0221 1.046 1.0102 1.0356 1.0031 1.0213 1.0044 1.0121 1.0105 1.0375 1.0179 1.006 1.0436 1.0109 1.0413 1.0292 1.047 1.0358 1.0446 1.0266 1.0357 1.0206 
1.0456 1.0468 1.0123 1.0065 1.0014 1.0153 1.0138 1.0256 1.0202 1.0054 1.0363 1.0362 1.0354 1.0391 1.0094 1.0434 1.0365 1.0413 1.027 1.0173 1.0126 1.0243 1.0083 1.0147 1.0267 
1.0451 1.0443 1.0425 1.0077 1.0266 1.0018 1.0157 1.0319 1.0242 1.0215 1.0317 1.0074 1.0302 1.0404 1.0121 1.0488 1.0147 1.0045 1.0388 1.0416 1.0142 1.0276 1.0169 1.0272 1.033 
1.0121 1.0014 1.006 1.0311 1.0422 1.0333 1.0434 1.0331 1.0358 1.0432 1.0398 1.0053 1.0445 1.039 1.0061 1.0011 1.0047 1.0472 1.0368 1.0304 1.0286 1.0378 1.0219 1.0046 1.0049 
1.0355 1.0495 1.0176 1.0135 1.0466 1.0046 1.0135 1.0203 1.0494 1.0117 1.0317 1.0453 1.0358 1.0298 1.0046 1.0141 1.0217 1.0129 1.0391 1.0306 1.0129 1.0397 1.0161 1.0426 1.0495 
1.0199 1.006 1.024 1.001 1.0098 1.0135 1.0022 1.0351 1.0091 1.0453 1.018 1.0261 1.0035 1.0064 1.0124 1.0212 1.0458 1.0008 1.016 1.0036 1.0115 1.0216 1.0357 1.0082 1.0281 
1.0473 1.0449 1.0486 1.0148 1.0351 1.026 1.0387 1.0049 1.0433 1.0474 1.0159 1.047 1.027 1.0408 1.0432 1.0461 1.0129 1.0331 1.0341 1.0298 1.0201 1.0093 1.0005 1.0499 1.0293 
1.0171 1.0029 1.0048 1.0039 1.0135 1.0105 1.0391 1.0418 1.0439 1.0228 1.0041 1.0054 1.0057 1.0319 1.0266 1.0143 1.0144 1.0279 1.0318 1.046 1.0251 1.039 1.0385 1.0289 1.0297 
1.0384 1.0267 1.0443 1.0112 1.0213 1.0179 1.0311 1.017 1.039 1.0169 1.0493 1.0165 1.0292 1.0215 1.0274 1.0054 1.044 1.0481 1.0089 1.0121 1.0266 1.0419 1.0142 1.0354 1.0483 
1.0035 1.0452 1.0195 1.002 1.0166 1.048 1.0464 1.0452 1.0016 1.0229 1.0091 1.0144 1.0231 1.029 1.0449 1.0255 1.0191 1.0134 1.0277 1.046 1.0103 1.0286 1.006 1.0326 1.0244 
1.0016 1.0392 1.0403 1.0368 1.0311 1.0193 1.0234 1.0152 1.0075 1.0448 1.0123 1.0133 1.0374 1.0402 1.039 1.029 1.0311 1.0464 1.0378 1.0374 1.0494 1.0357 1.0183 1.0234 1.0292 
1.0325 1.0124 1.013 1.0357 1.0363 1.0478 1.0013 1.0011 1.0338 1.0447 1.0496 1.0457 1.0427 1.0386 1.011 1.0468 1.0318 1.0199 1.0137 1.0108 1.0197 1.0269 1.0212 1.045 1.0037 
1.0463 1.0157 1.0276 1.0116 1.0284 1.0289 1.0149 1.0303 1.0342 1.0426 1.0087 1.0393 1.0376 1.0344 1.0491 1.0063 1.0046 1.0444 1.0048 1.0309 1.0105 1.0256 1.0047 1.0177 1.0056 
1.0323 1.0477 1.0083 1.0443 1.0308 1.0288 1.0177 1.045 1.008 1.0219 1.024 1.0088 1.0025 1.0393 1.0266 1.0332 1.0112 1.0237 1.0293 1.0047 1.0006 1.0219 1.0003 1.0156 1.0375 
1.0249 1.004 1.0216 1.0311 1.004 1.0265 1.0166 1.0322 1.0473 1.0079 1.0186 1.0246 1.0212 1.012 1.0396 1.047 1.0335 1.0151 1.0212 1.0249 1.0058 1.0334 1.0391 1.0367 1.003 
1.0118 1.0213 1.0335 1.0271 1.0159 1.0396 1.0282 1.0383 1.0034 1.0163 1.0403 1.0024 1.0155 1.0308 1.0327 1.0285 1.008 1.0359 1.0371 1.0183 1.0129 1.0057 1.0179 1.0029 1.0491 
1.016 1.0178 1.019 1.0262 1.0015 1.036 1.0314 1.0178 1.0408 1.0378 1.0268 1.0361 1.0196 1.034 1.0006 1.0193 1.001 1.0067 1.0314 1.0481 1.0232 1.0018 1.0223 1.0272 1.021 
1.013 1.0479 1.0142 1.0497 1.0049 1.0436 1.0114 1.0019 1.0399 1.0448 1.0104 1.0436 1.0318 1.017 1.046 1.0325 1.0056 1.0337 1.0043 1.045 1.0322 1.0031 1.0095 1.0173 1.048 
1.0074 1.0213 1.0152 1.0366 1.0334 1.0482 1.0071 1.0185 1.0419 1.0086 1.0443 1.0477 1.0084 1.0362 1.0035 1.0409 1.0233 1.0279 1.0389 1.0458 1.0105 1.0204 1.0471 1.0429 1.049 
1.0235 1.0291 1.0488 1.0101 1.027 1.0419 1.0225 1.0281 1.0185 1.0325 1.0367 1.0051 1.0326 1.0198 1.0261 1.0368 1.0061 1.0165 1.0354 1.043 1.0254 1.007 1.0148 1.0292 1.0235 
1.0348 1.0287 1.0251 1.033 1.028 1.0464 1.0248 1.0267 1.0123 1.0389 1.0288 1.0265 1.0405 1.0027 1.015 1.0299 1.0475 1.0043 1.0044 1.0296 1.0394 1.03 1.0037 1.0428 1.0433 
1.0358 1.0393 1.0025 1.0305 1.0123 1.0149 1.0324 1.0287 1.0338 1.024 1.0474 1.0498 1.0305 1.0442 1.0101 1.0281 1.0065 1.0325 1.0272 1.0175 1.0017 1.0281 1.0053 1.0293 1.0203 
1.0104 1.0136 1.0388 1.0382 1.011 1.0181 1.0488 1.0461 1.0053 1.0129 1.0076 1.0323 1.0408 1.0463 1.0187 1.0167 1.0329 1.0488 1.0298 1.0433 1.0448 1.0499 1.0411 1.0154 1.0102 
1.0235 1.0089 1.02 1.0283 1.0013 1.0245 1.0114 1.0488 1.0342 1.026 1.0459 1.0423 1.0381 1.0306 1.0124 1.0382 1.0001 1.0107 1.0303 1.045 1.0362 1.046 1.0353 1.0237 1.0172 
1.0168 1.004 1.0223 1.032 1.0123 1.0473 1.0014 1.0046 1.0431 1.0488 1.0075 1.0342 1.0297 1.017 1.011 1.0287 1.0174 1.039 1.0053 1.0188 1.0367 1.0099 1.0121 1.0489 1.017 
1.0332 1.027 1.0138 1.0093 1.0233 1.0344 1.0311 1.0484 1.0189 1.0266 1.0255 1.0498 1.0441 1.0038 1.0045 1.03 1.0236 1.0157 1.0036 1.0386 1.0183 1.0316 1.0361 1.0218 1.0443 
1.0155 1.0095 1.0154 1.0429 1.0097 1.0193 1.0228 1.0281 1.0068 1.0168 1.0008 1.0202 1.0495 1.0367 1.0242 1.0085 1.0121 1.0098 1.0388 1.046 1.0424 1.0092 1.0454 1.0137 1.0305 
1.0191 1.0184 1.0062 1.0146 1.0405 1.0296 1.0027 1.0429 1.0424 1.012 1.0378 1.0371 1.0393 1.033 1.0235 1.0465 1.0498 1.0127 1.0377 1.0157 1.0057 1.0057 1.0071 1.0145 1.0472 
1.038 1.019 1.0043 1.0423 1.0231 1.0058 1.034 1.0467 1.0134 1.0471 1.0335 1.0476 1.0467 1.0458 1.0388 1.0332 1.0489 1.0272 1.0162 1.0121 1.0376 1.0346 1.0016 1.0437 1.0379 
1.0433 1.0031 1.001 1.013 1.0436 1.0236 1.0297 1.0032 1.012 1.0196 1.0294 1.0128 1.0276 1.0429 1.0124 1.0382 1.0329 1.0243 1.0308 1.0376 1.0423 1.0087 1.0308 1.0185 1.0492 
1.0386 1.0322 1.0154 1.0209 1.0197 1.0162 1.0196 1.0339 1.0207 1.0104 1.0085 1.0071 1.0145 1.0397 1.0206 1.0458 1.0145 1.0141 1.0224 1.0438 1.0249 1.0254 1.011 1.0081 1.0462 
1.0159 1.0055 1.0055 1.0394 1.0439 1.0404 1.0109 1.0387 1.019 1.0304 1.0328 1.0189 1.0448 1.0441 1.0283 1.0243 1.0437 1.0362 1.0045 1.0357 1.0124 1.0163 1.0471 1.0084 1.0385 
1.0221 1.0369 1.0323 1.0049 1.0203 1.023 1.0244 1.0159 1.0156 1.0357 1.049 1.0412 1.0077 1.0285 1.0402 1.0102 1.0121 1.008 1.0055 1.0134 1.0324 1.028 1.0319 1.0247 1.0057 
1.003 1.0478 1.0467 1.0239 1.0183 1.0329 1.0392 1.0205 1.0264 1.0451 1.0497 1.0317 1.0269 1.0002 1.0498 1.0182 1.0474 1.0098 1.0213 1.0142 1.0172 1.0166 1.0419 1.0218 1.0481 
1.0367 1.0394 1.0179 1.0066 1.0381 1.0064 1.0081 1.0409 1.0119 1.044 1.047 1.0144 1.0194 1.0247 1.0117 1.0496 1.0013 1.0454 1.0344 1.0481 1.038 1.0239 1.0026 1.0189 1.0022 
1.0425 1.0001 1.0483 1.0271 1.0215 1.0095 1.049 1.0278 1.0499 1.0419 1.0206 1.0467 1.0095 1.0039 1.0171 1.0204 1.0464 1.0396 1.0424 1.0121 1.0483 1.0017 1.0077 1.013 1.0377 
1.0411 1.0139 1.0144 1.0233 1.0397 1.0231 1.0307 1.0232 1.0331 1.015 1.0274 1.048 1.014 1.044 1.0447 1.0053 1.0424 1.0252 1.0344 1.0264 1.0083 1.0479 1.0006 1.022 1.0292 
1.0119 1.0282 1.0114 1.0317 1.039 1.0073 1.0016 1.0383 1.0343 1.026 1.0478 1.0461 1.02 1.0379 1.0149 1.0008 1.0432 1.0426 1.0488 1.0057 1.0035 1.0418 1.026 1.0042 1.0012 
1.0209 1.0174 1.0021 1.0102 1.0036 1.029 1.0439 1.0118 1.0239 1.0106 1.0085 1.0496 1.0086 1.0492 1.0129 1.0412 1.0155 1.0221 1.0398 1.0067 1.0177 1.0294 1.0447 1.031 1.0139 
1.0393 1.0241 1.0422 1.0207 1.0388 1.0392 1.0388 1.0417 1.0183 1.0013 1.0019 1.0154 1.0288 1.0353 1.0296 1.0254 1.037 1.024 1.0362 1.0262 1.049 1.0019 1.0494 1.0382 1.0426 
1.0082 1.0248 1.0178 1.031 1.0266 1.0091 1.0254 1.0134 1.037 1.0353 1.0447 1.0037 1.0332 1.0471 1.0252 1.0362 1.0339 1.0047 1.0033 1.0228 1.0018 1.0323 1.0246 1.0302 1.0019 
1.0329 1.0236 1.0293 1.0357 1.0459 1.0224 1.0201 1.0235 1.0265 1.048 1.0246 1.0119 1.0072 1.0038 1.0294 1.031 1.0293 1.0045 1.0407 1.0452 1.0443 1.0462 1.0427 1.0398 1.0446 
1.0352 1.0388 1.019 1.0156 1.0332 1.0245 1.0118 1.0144 1.0456 1.0016 1.0293 1.0232 1.0357 1.021 1.0167 1.0347 1.0418 1.0444 1.0095 1.0072 1.0455 1.0247 1.0246 1.0042 1.0454 
1.0298 1.0081 1.0208 1.0188 1.015 1.0211 1.0115 1.0407 1.0446 1.0396 1.0477 1.0055 1.0029 1.0013 1.0196 1.0415 1.0109 1.0101 1 1.0153 1.0029 1.0072 1.0297 1.0408 1.0117 
1.0322 1.0436 1.0129 1.024 1.0286 1.0307 1.0472 1.0306 1.0319 1 1.0265 1.0448 1.015 1.0058 1.0467 1.0112 1.0061 1.0062 1.0387 1.0125 1.0104 1.0049 1.0148 1.0119 1.0402 
1.0237 1.0413 1.0415 1.0303 1.0125 1.0179 1.0005 1.0395 1.0068 1.0113 1.0041 1.0317 1.0241 1.0177 1.0163 1.0465 1 1.0458 1.0219 1.0475 1.0261 1.0451 1.0229 1.0453 1.0406 
1.0497 1.0061 1.0374 1.0138 1.0039 1.0157 1.0248 1.0175 1.0364 1.041 1.0259 1.0215 1.0234 1.0253 1.0416 1.0091 1.0422 1.0098 1.0189 1.0332 1.0421 1.013 1.0325 1.0491 1.0457 
1.0312 1.0297 1.0273 1.0019 1.0437 1.004 1.0298 1.0443 1.0009 1.0465 1.0039 1.0212 1.0437 1.0427 1.0303 1.0163 1.0203 1.0266 1.036 1.0426 1.0067 1.0487 1.019 1.0233 1.0343 
1.0296 1.0011 1.0403 1.0369 1.0241 1.0238 1.0152 1.0292 1.0082 1.0093 1.0143 1.0476 1.049 1.005 1.0252 1.0357 1.0331 1.0274 1.0408 1.0002 1.0035 1.0169 1.0392 1.0467 1.0462 
1.0492 1.0381 1.0452 1.0413 1.0304 1.0113 1.0157 1.0459 1.035 1.0135 1.0074 1.049 1.0268 1.0323 1.0205 1.0216 1.0123 1.0108 1.0186 1.0046 1.0229 1.0373 1.0246 1.0317 1.0232 
1.0374 1.0496 1.0063 1.0344 1.0333 1.0088 1.0412 1.0414 1.0041 1.0049 1.0038 1.0398 1.013 1.0402 1.0314 1.0062 1.0137 1.0035 1.0352 1.0163 1.048 1.0281 1.0404 1.0103 1.0277 
1.0239 1.0154 1.0195 1.0152 1.0226 1.0422 1.018 1.0207 1.0359 1.0349 1.0389 1.0426 1.0172 1.0496 1.0411 1.039 1.0061 1.0174 1.0227 1.0208 1.0087 1.0384 1.0499 1.0277 1.0414 
1.0379 1.0263 1.0493 1.0462 1.047 1.0254 1.0023 1.0103 1.0224 1.0334 1.0164 1.0334 1.0464 1.0056 1.0278 1.0436 1.0391 1.0155 1.0037 1.0269 1.0482 1.0066 1.049 1.0023 1.0368 
1.0036 1.0272 1.0008 1.0315 1.042 1.02 1.0166 1.0322 1.0201 1.0498 1.0178 1.0125 1.0132 1.0065 1.015 1.0441 1.0283 1.0377 1.0091 1.0377 1.044 1.0003 1.0329 1.0194 1.0287 
1 1.0149 1.0025 1.0176 1.0183 1.0073 1.0174 1.0396 1.0369 1.0142 1.0369 1.0494 1.013 1.0078 1.0206 1.0329 1.0485 1.0035 1.0203 1.0236 1.0399 1.028 1.0224 1.0245 1.0188 
1.0159 1.0254 1.0089 1.0378 1.0011 1.0301 1.0416 1.0038 1.0026 1.0135 1.0176 1.012 1.0178 1.0378 1.0333 1.0279 1.0179 1.0431 1.026 1.0297 1.0076 1.0059 1.0326 1.018 1.0127 
1.0118 1.0403 1.0333 1.003 1.0499 1.0405 1.0224 1.0492 1.0003 1.0131 1.0212 1.0322 1.0458 1.0235 1.0304 1.0102 1.0402 1.0375 1.0034 1.0406 1.0273 1.0464 1.0139 1.0493 1.0237 
1.0203 1.0319 1.0379 1.0109 1.0397 1.0198 1.0493 1.0443 1.0448 1.0488 1.0194 1.0424 1.0478 1.0237 1.022 1.0456 1.0333 1.0088 1.0399 1.0411 1.0424 1.0413 1.0024 1.0075 1.0489 
1.0164 1.0352 1.0387 1.0363 1.0352 1.0206 1.0142 1.041 1.0283 1.0307 1.0356 1.0233 1.0352 1.0389 1.0334 1.0024 1.0027 1.001 1.0129 1.0466 1.0408 1.0157 1.0029 1.0372 1.0402 
1.0476 1.0413 1.0222 1.0373 1.0156 1.0022 1.0177 1.0366 1.0018 1.0483 1.0198 1.0178 1.0392 1.0392 1.0378 1.0394 1.0244 1.0268 1.0051 1.0381 1.0287 1.0335 1.0458 1.0426 1.0204 
1.0012 1.0129 1.038 1.0365 1.0489 1.0331 1.0363 1.0355 1.0148 1.009 1.0157 1.031 1.0194 1.0436 1.0236 1.0467 1.0331 1.0124 1.0342 1.0338 1.0313 1.0279 1.0363 1.0174 1.0352 
1.0126 1.0221 1.0107 1.0341 1.0219 1.0206 1.0374 1.0441 1.0288 1.0225 1.0358 1.0493 1.0435 1.049 1.0202 1.0144 1.0083 1.0395 1.0282 1.0201 1.0169 1.0219 1.0328 1.0165 1.0286 
1.0495 1.0012 1.0122 1.0156 1.025 1.0449 1.0317 1.0491 1.0201 1.0485 1.0406 1.0415 1.0466 1.025 1.0326 1.0483 1.0175 1.0363 1.0085 1.0315 1.0347 1.0251 1.0092 1.0478 1.015 
1.0048 1.0233 1.0225 1.0302 1.0095 1.0226 1.0424 1.0217 1.0133 1.0155 1.0426 1.0123 1.0449 1.0375 1.0434 1.0111 1.0273 1.0396 1.0329 1.0082 1.0058 1.0237 1.0313 1.0123 1.0288 
1.0125 1.0244 1.0043 1.0101 1.019 1.0074 1.0407 1.0336 1.0139 1.0055 1.0018 1.0061 1.0294 1.0497 1.0016 1.0371 1.0368 1.0484 1.0399 1.019 1.0474 1.0302 1.0405 1.0039 1.0336 
1.0117 1.0243 1.0193 1.0056 1.0135 1.0193 1.0061 1.0397 1.0366 1.0033 1.0379 1.0404 1.0232 1.0352 1.0286 1.0083 1.002 1.021 1.0154 1.0044 1.0257 1.0329 1.0341 1.0301 1.0295 
1.0269 1.0485 1.0065 1.0432 1.0463 1.0299 1.0333 1.0344 1.0215 1.0079 1.0397 1.0096 1.0167 1.0022 1 1.0036 1.0245 1.0119 1.0171 1.0299 1.0328 1.0291 1.0385 1.0387 1.0034 
1.0367 1.023 1.0213 1.0019 1.0375 1.0381 1.0266 1.0005 1.0012 1.007 1.0183 1.0128 1.0286 1.0117 1.0214 1.0277 1.0007 1.0077 1.0101 1.0491 1.0227 1.0424 1.0446 1.0259 1.038 
1.0431 1.0416 1.0375 1.0189 1.0484 1.0066 1.0458 1.0254 1.007 1.0201 1.0379 1.029 1.0193 1.0178 1.0388 1.0017 1.0447 1.0476 1.0136 1.0178 1.0338 1.0107 1.005 1.0335 1.0183 
1.0078 1.0036 1.0216 1.0043 1.0234 1.0164 1.0358 1.036 1.0247 1.0462 1.0269 1.0137 1.037 1.0459 1.0472 1.0253 1.024 1.0164 1.0312 1.0137 1.0219 1.0081 1.0342 1.0089 1.045 
1.0419 1.014 1.0198 1.0005 1.0204 1.0286 1.0309 1.0246 1.0406 1.0209 1.0318 1.0405 1.0055 1.0277 1.0101 1.0211 1.0484 1.0304 1.0292 1.0489 1.0128 1.0046 1.0471 1.0215 1.0254 
1.0422 1.0233 1.0484 1.022 1.0397 1.0196 1.0342 1.007 1.0053 1.0283 1.0339 1.0182 1.038 1.0245 1.0081 1.0062 1.0179 1.0096 1.011 1.0449 1.0497 1.0107 1.0021 1.0229 1.0244 
1.0445 1.0055 1.0065 1.0295 1.042 1.0229 1.0225 1.0048 1.0389 1.0477 1.029 1.0224 1.04 1.0072 1.0144 1.0207 1.0301 1.0407 1.0009 1.0274 1.0092 1.0084 1.0195 1.0276 1.0347 
1.0171 1.0029 1.021 1.0494 1.0144 1.0254 1.0027 1.0016 1.0071 1.045 1.037 1.0299 1.0179 1.0118 1.0103 1.0364 1.0307 1.0318 1.0397 1.0336 1.0423 1.0357 1.0184 1.0118 1.0149 
1.0287 1.0382 1.0382 1.0279 1.0426 1.0369 1.0121 1.0052 1.0167 1.0405 1.0186 1.0109 1.0202 1.0304 1.0241 1.0414 1.0008 1.0293 1.0278 1.0217 1.0132 1.0141 1.0075 1.0026 1.0144 
1.0087 1.0181 1.0131 1.0086 1.0439 1.0145 1.0451 1.0363 1.0025 1.0151 1.0213 1.0497 1.0043 1.0127 1.009 1.0171 1.0436 1.0039 1.0395 1.0181 1.0174 1.0279 1.0172 1.0043 1.0147 
1.0259 1.0286 1.0359 1.0275 1.0486 1.0057 1.0153 1.0333 1.0312 1.0494 1.0169 1.0448 1.0181 1.003 1.0426 1.0355 1.0206 1.0227 1.0422 1.0328 1.0425 1.0333 1.0002 1.026 1.0216 
1.0347 1.0264 1.0455 1.0339 1 1.0365 1.0384 1.0151 1.0087 1.0392 1.0494 1.0217 1.0465 1.0308 1.0241 1.007 1.0061 1.0377 1.0134 1.0451 1.0053 1.0482 1.0053 1.0057 1.0149 
1.0069 1.0242 1.0195 1.0396 1.0359 1.0362 1.0315 1.0029 1.0146 1.041 1.0321 1.0034 1.0368 1.0216 1.0365 1.0379 1.0178 1.0037 1.0044 1.0026 1.0081 1.0478 1.011 1.0179 1.0367 
1.0371 1.0459 1.0053 1.0078 1.0201 1.025 1.0134 1.0268 1.0247 1.0469 1.034 1.0022 1.0128 1.047 1.026 1.0487 1.0287 1.0173 1.0015 1.0255 1.0294 1.0051 1.0142 1.0165 1.0359 
1.0022 1.0083 1.0292 1.0348 1.0283 1.0446 1.0033 1.0014 1.0401 1.0245 1.0038 1.0181 1.0034 1.0022 1.0013 1.0257 1.0166 1.04 1.0316 1.0012 1.0018 1.0421 1.0375 1.0014 1.0267 
1.0091 1.0043 1.0265 1.0323 1.0186 1.0194 1.0366 1.0401 1.0156 1.0038 1.0183 1.0444 1.0254 1.039 1.0331 1.0288 1.0211 1.0035 1.0471 1.0161 1.0286 1.0259 1.0167 1.0327 1.0381 
1.0144 1.026 1.0067 1.0415 1.0291 1.0271 1.0058 1.0281 1.0255 1.0406 1.0071 1.0037 1.0263 1.0409 1.0011 1.0442 1.0494 1.0451 1.0418 1.0252 1.0187 1.0378 1.0021 1.0443 1.0016 
1.0153 1.0386 1.0082 1.0355 1.0089 1.0076 1.0066 1.0186 1.0258 1.0192 1.0403 1.0214 1.0418 1.0391 1.005 1.0031 1.033 1.0417 1.0283 1.0339 1.0092 1.0305 1.0009 1.0381 1.0184 
1.0069 1.0112 1.0331 1.0355 1.0121 1.0342 1.0009 1.0334 1.0203 1.0393 1.0344 1.0047 1.0193 1.0076 1.0435 1.0452 1.0011 1.0336 1.0481 1.0031 1.0426 1.0233 1.0019 1.0481 1.0222 
1.0037 1.0311 1.0431 1.0355 1.0064 1.0462 1.0247 1.0193 1.0029 1.039 1.0447 1.0457 1.0448 1.0318 1.0293 1.0106 1.0192 1.0198 1.0085 1.0042 1.0475 1.0194 1.0392 1.007 1.0387 
1.0158 1.0402 1.0283 1.0307 1.0448 1.0135 1.0081 1.0399 1.0233 1.0426 1.0084 1.0492 1.0313 1.0102 1.0394 1.0259 1.0128 1.0052 1.0292 1.044 1.006 1.0304 1.0292 1.0242 1.0317 
1.0427 1.0142 1.0466 1.0311 1.0189 1.019 1.0091 1.0476 1.004 1.0094 1.0192 1.0321 1.0401 1.0364 1.0296 1.0352 1.0293 1.0342 1.0317 1.0322 1.0278 1.0475 1.0012 1.0006 1.0019 
1.0005 1.0407 1.0431 1.0078 1.0497 1.01 1.0298 1.0245 1.0099 1.0357 1.0215 1.0055 1.0427 1.0437 1.032 1.0399 1.045 1.0143 1.0258 1.0485 1.0369 1.0144 1.0345 1.0196 1.0255 
1.0433 1.0422 1.0172 1.0477 1.0322 1.0375 1.0448 1.0291 1.0344 1.0401 1.0051 1.0425 1.031 1.0396 1.0231 1.0135 1.017 1.034 1.0034 1.034 1.0437 1.0312 1.0152 1.0493 1.036 
1.0352 1.0161 1.0473 1.0117 1.0046 1.0051 1.0144 1.0183 1.0356 1.0474 1.0212 1.0249 1.0051 1.0084 1.0039 1.012 1.0024 1.0099 1.0283 1.0439 1.0064 1.0221 1.0363 1.0026 1.0473 
1.0002 1.0227 1.0198 1.0195 1.0188 1.0017 1.0417 1.0078 1.0067 1.0216 1.0212 1.0258 1.015 1.0413 1.0009 1.018 1.0246 1.046 1.011 1.0011 1.0421 1.0453 1.0279 1.0359 1.0126 
1.0016 1.0115 1.0145 1.0035 1.0246 1.0496 1.0207 1.0435 1.0118 1.0245 1.0177 1.0341 1.0171 1.0291 1.0152 1.0141 1.0178 1.0152 1.0438 1.0073 1.0085 1.0264 1.0227 1.011 1.0005 
1.0476 1.0426 1.0441 1.0125 1.0004 1.0314 1.01 1.0305 1.0223 1.0447 1.0478 1.037 1.0214 1.038 1.0141 1.005 1.0465 1.0127 1.0433 1.0222 1.0373 1.0371 1.0453 1.0406 1.0447 
1.0208 1.0349 1.0038 1.0243 1.0408 1.0328 1.0134 1.0212 1.0396 1.0499 1.0499 1.0351 1.0342 1.0393 1.0331 1.0135 1.0474 1.0264 1.0437 1.0064 1.0443 1.0492 1.0027 1.0467 1.0108 
1.0231 1.006 1.0456 1.011 1.0105 1.0221 1.0401 1.0151 1.0184 1.0034 1.0347 1.0179 1.0151 1.0105 1.0474 1.0414 1.0274 1.0138 1.0321 1.0474 1.0174 1.0249 1.0282 1.0123 1.013 
1.0004 1.0499 1.0392 1.0229 1.0057 1.0186 1.0344 1.0182 1.0191 1.0443 1.0253 1.0332 1.0144 1.0075 1.0279 1.0272 1.0226 1.0347 1.0076 1.0003 1.0176 1.0173 1.0435 1.0324 1.0496 
1.0286 1.0215 1.0441 1.025 1.0389 1.0217 1.0493 1.0247 1.0147 1.0268 1.0154 1.0419 1.0243 1.0023 1.0024 1.0244 1.0408 1.0033 1.0166 1.0197 1.0321 1.0265 1.0251 1.0082 1.0496 
1.0144 1.0372 1.0344 1.0246 1.0379 1.042 1.0375 1.0025 1.0487 1.0027 1.0225 1.0168 1.0044 1.0447 1.0498 1.0079 1.0154 1.0172 1.0094 1.0122 1.0494 1.0368 1.0199 1.0335 1.0456 
1.0007 1.0444 1.021 1.044 1.0479 1.0457 1.0381 1.0274 1.0041 1.034 1.0384 1.0254 1.0122 1.0432 1.0191 1.0152 1.0133 1.0303 1.0353 1.0321 1.0378 1.0405 1.0168 1.0214 1.0252 
1.0334 1.0294 1.0496 1.0346 1.0388 1.0081 1.0345 1.0087 1.0383 1.0143 1.0136 1.0062 1.0365 1.0231 1.0135 1.02 1.0438 1.034 1.0337 1.0098 1.0478 1.0111 1.049 1.0021 1.042 
1.0207 1.0387 1.0045 1.0271 1.0033 1.0389 1.0228 1.0091 1.0488 1.027 1.027 1.0335 1.0446 1.0329 1.0202 1.0012 1.0275 1.031 1.0486 1.0364 1.0486 1.0474 1.0296 1.0072 1.0354 
1.0295 1.0304 1.0411 1.0022 1.0483 1.0021 1.0408 1.0316 1.0314 1.0496 1.0485 1.0399 1.0198 1.0234 1.0125 1.0223 1.0447 1.0168 1.0075 1.0065 1.0086 1.048 1.0105 1.0055 1.0344 
1.0254 1.0439 1.0421 1.0047 1.0182 1.0487 1.0457 1.0457 1.0108 1.0477 1.0032 1.0001 1.0363 1.0175 1.0453 1.0102 1.0422 1.0091 1.0361 1.0473 1.0037 1.0128 1.0044 1.0319 1.0052 
1.0105 1.0287 1.0335 1.0185 1.0132 1.015 1.0321 1.0086 1.0426 1.0257 1.0494 1.0004 1.0395 1.0205 1.0114 1.0362 1.0349 1.0156 1.042 1.0041 1.006 1.0217 1.018 1.0269 1.0449 
1.046 1.0055 1.02 1.0063 1.0018 1.0142 1.0346 1.047 1.0064 1.0144 1.0377 1.0373 1.0057 1.0014 1.0382 1.0245 1.0317 1.016 1.0011 1.0244 1.0447 1.0486 1.0402 1.0283 1.0051 
1.0158 1.0414 1.0444 1.0233 1.0367 1.0428 1.0075 1.0108 1.0399 1.0389 1.0131 1.047 1.0101 1.0262 1.0135 1.0254 1.009 1.0448 1.0006 1.0028 1.0093 1.0258 1.0472 1.0334 1.004 
1.0015 1.0218 1.0483 1.0453 1.0476 1.0387 1.0048 1.0485 1.0174 1.0407 1.0112 1.0448 1.0007 1.0336 1.0392 1.0469 1.0099 1.0268 1.0283 1.0039 1.0121 1.0387 1.036 1.0096 1.0391 
1.0282 1.0338 1.0189 1.0082 1.0034 1.0251 1.0139 1.0465 1.0272 1.0476 1.0324 1.0048 1.0425 1.0352 1.0212 1.038 1.0069 1.0063 1.0402 1.033 1.049 1.0004 1.0042 1.0426 1.0414 
1.0331 1.0497 1.0297 1.0165 1.0324 1.0327 1.0028 1.042 1.0288 1.0095 1.0366 1.0248 1.0313 1.0235 1.0335 1.0331 1.0311 1.0102 1.0103 1.0476 1.0306 1.0428 1.039 1.025 1.0209 
1.0333 1.0169 1.0375 1.0082 1.0204 1.0262 1.0013 1.0007 1.0173 1.0347 1.026 1.0195 1.0329 1.0017 1.0109 1.0165 1.0029 1.0374 1.0014 1.0475 1.0226 1.0239 1.0323 1.0164 1.0487 
1.0267 1.0045 1.0199 1.03 1.0123 1.0005 1.0307 1.0077 1.0245 1.022 1.0131 1.0126 1.0403 1.044 1.0269 1.0465 1.024 1.0085 1.016 1.0392 1.0112 1.0041 1.0354 1.041 1.0086 
1.012 1.0335 1.0016 1.0315 1.0144 1.0465 1.0304 1.0154 1.0452 1.0422 1.004 1.0171 1.0432 1.0065 1.0131 1.026 1.014 1.007 1.0249 1.0405 1.0149 1.0061 1.0465 1.023 1.0404 
1.0083 1.0152 1.0135 1.018 1.0458 1.0079 1.0163 1.0206 1.0126 1.0087 1.0109 1.023 1.0441 1.0108 1.0358 1.0173 1.0276 1.0172 1.0119 1.0093 1.0482 1.0418 1.0403 1.0301 1.0453 
1.0295 1.046 1.0022 1.035 1.0155 1.0487 1.0369 1.0238 1.0019 1.0272 1.0189 1.0106 1.0274 1.0015 1.0299 1.0494 1.0469 1.0459 1.0448 1.007 1.0115 1.0157 1.0036 1.0469 1.0033 
1.0453 1.0021 1.0351 1.029 1.0007 1.0057 1.0244 1.0367 1.0324 1.0215 1.0397 1.0217 1.0394 1.0251 1.0267 1.0219 1.0009 1.0005 1.0218 1.0462 1.0003 1.028 1.0187 1.0001 1.0271 
1.0208 1.0125 1.047 1.0042 1.022 1.0348 1.0234 1.0458 1.002 1.0219 1.0028 1.019 1.0349 1.0048 1.0041 1.0121 1.0354 1.0486 1.0258 1.0318 1.0408 1.0222 1.0287 1.0465 1.0033 
1.0237 1.0271 1.04 1.0417 1.0432 1.0068 1.0352 1.0152 1.0401 1.0244 1.022 1.0062 1.0438 1.0468 1.0018 1.0129 1.0391 1.0375 1.0218 1.0237 1.0377 1.0242 1.0272 1.0066 1.0156 
1.0351 1.0309 1.035 1.0296 1.0072 1.002 1.0446 1.0363 1.049 1.0496 1.0062 1.0026 1.0365 1.0038 1.0125 1.0451 1.0437 1.0117 1.0214 1.0366 1.0469 1.0118 1.0394 1.0498 1.0431 
1.0337 1.0401 1.0382 1.0205 1.0295 1.025 1.0239 1.0423 1.0166 1.0442 1.0357 1.0465 1.0226 1.0123 1.0089 1.037 1.0033 1.0187 1.0209 1.0132 1.0497 1.0278 1.035 1.0014 1.0372 
1.0252 1.0437 1.0055 1.0036 1.0057 1.0125 1.0065 1.0049 1.0373 1.0356 1.0443 1.0312 1.0471 1.0324 1.0402 1.0101 1.0167 1.0376 1.0134 1.0163 1.0479 1.0431 1.0323 1.0466 1.042 
1.0128 1.0458 1.0301 1.0465 1.0467 1.0061 1.0305 1.0068 1.0094 1.0282 1.0422 1.0403 1.0452 1 1.0496 1.0072 1.0034 1.0314 1.0237 1.0137 1.0023 1.0377 1.031 1.0095 1.0269 
1.0363 1.0279 1.0397 1.016 1.0189 1.043 1.024 1.0035 1.0401 1.0014 1.0272 1.0425 1.0401 1.0488 1.021 1.0422 1.0088 1.0022 1.0183 1.011 1.0424 1.0076 1.0271 1.0489 1.042 
1.0124 1.032 1.0471 1.0326 1.0473 1.0484 1.0058 1.0445 1.0318 1.0498 1.0073 1.0237 1.0279 1.0444 1.0359 1.0407 1.0372 1.0293 1.0373 1.0475 1.0173 1.0041 1.0181 1.0423 1.0382 
1.0155 1.0328 1.0454 1.0132 1.0362 1.0468 1.0208 1.0087 1.0095 1.0365 1.0464 1.045 1.0376 1.0472 1.0483 1.016 1.0406 1.0026 1.0163 1.0384 1.002 1.0168 1.0196 1.0139 1.0389 
1.0251 1.0461 1.0096 1.0118 1.027 1.0046 1.0145 1.0042 1.0285 1.0401 1.0224 1.0393 1.0128 1.0439 1.0076 1.008 1.012 1.0392 1.0049 1.0233 1.0314 1.0162 1.0249 1.0213 1.0326 
1.0125 1.0493 1.004 1.0205 1.0031 1.0447 1.0359 1.0022 1.0194 1.0173 1.0313 1.0193 1.003 1.0054 1.0339 1.049 1.0469 1.0128 1.046 1.0265 1.0148 1.0138 1.0089 1.0213 1.018 
1.0098 1.014 1.0094 1.044 1.0093 1.0319 1.0145 1.0409 1.0374 1.0427 1.0087 1.022 1.0225 1.0038 1.0139 1.017 1.0305 1.035 1.0168 1.049 1.0187 1.0011 1.0206 1.0058 1.03 
1.0314 1.0082 1.0451 1.0117 1.0175 1.0108 1.0287 1.0301 1.0496 1.0428 1.0324 1.0301 1.0019 1.034 1.003 1.0243 1.0227 1.0301 1.0187 1.0303 1.0497 1.0345 1.0082 1.0106 1.0376 
1.028 1.0122 1.0183 1.0026 1.0454 1.0265 1.0216 1.0329 1.0155 1.0009 1.0261 1.0162 1.0096 1.0137 1.0419 1.0395 1.0377 1.0431 1.0347 1.0187 1.0363 1.0397 1.0496 1.0406 1.0048 
1.0329 1.0274 1.0278 1.0177 1.0085 1.0141 1.0125 1.026 1.0363 1.0318 1.0123 1.0313 1.0077 1.0264 1.0495 1.047 1.0025 1.0077 1.0341 1.0189 1.0047 1.0354 1.0207 1.0373 1.0123 
1.0273 1.0125 1.0153 1.0112 1.0049 1.0213 1.0132 1.0425 1.0367 1.0191 1.0194 1.0192 1.0191 1.0411 1.0242 1.03 1.0128 1.0208 1.0352 1.0215 1.028 1.0389 1.0452 1.0015 1.0212 
1.001 1.0192 1.0064 1.0228 1.0497 1.0487 1.0339 1.0413 1.0178 1.0407 1.0209 1.0462 1.032 1.0264 1.0227 1.0372 1.0016 1.0177 1.0181 1.025 1.0243 1.0002 1.0493 1.0053 1.0259 
1.0163 1.0289 1.0389 1.0242 1.01 1.0307 1.0407 1.0199 1.0201 1.036 1.0143 1.0413 1.0468 1.0063 1.0009 1.0157 1.0148 1.0148 1.0316 1.0018 1.0065 1.0372 1.0451 1.0039 1.0234 
1.0422 1.0264 1.0445 1.0493 1.035 1.0329 1.0457 1.0397 1.0342 1.0321 1.0372 1.012 1.0042 1.0435 1.0445 1.0299 1.034 1.0421 1.0455 1.0167 1.0359 1.0327 1.038 1.0121 1.0084 
1.0369 1.0185 1.0026 1.0003 1.0291 1.0279 1.0496 1.0015 1.0391 1.046 1.0003 1.0324 1.006 1.0218 1.0463 1.0107 1.0365 1.0017 1.0092 1.0135 1.0436 1.002 1.0131 1.0031 1.006 
1.0046 1.0381 1.0336 1.0273 1.0361 1.013 1.0065 1.0098 1.0315 1.0084 1.0076 1.0215 1.0259 1.0083 1.0254 1.0241 1.0122 1.0299 1.041 1.0415 1.0462 1.0256 1.025 1.0454 1.0198 
1.0005 1.0082 1.015 1.0432 1.0097 1.0425 1.0046 1.016 1.0045 1.0378 1.0046 1.0193 1.0234 1.0103 1.0428 1.0061 1.0278 1.0128 1.0113 1.024 1.0408 1.0061 1.0173 1.0113 1.0485 
1.0416 1.0124 1.0113 1.0001 1.0362 1.0002 1.0395 1.0219 1.0192 1.0114 1.0424 1.0352 1.0211 1.0078 1.0423 1.0468 1.0215 1.0446 1.0364 1.025 1.0371 1.0498 1.0159 1.0057 1.0433 
1.0472 1.0218 1.0407 1.0087 1.0227 1.0238 1.0343 1.0231 1.0324 1.033 1.0409 1.0463 1.0411 1.0136 1.0305 1.028 1.0266 1.0014 1.0112 1.02 1.0036 1.0084 1.0134 1.0357 1.0373 
1.017 1.0053 1.0236 1.0199 1.0465 1.0044 1.0422 1.0344 1.0425 1.0308 1.0145 1.039 1.0153 1.0291 1.0482 1.018 1.0242 1.0217 1.0002 1.0259 1.0069 1.0404 1.0011 1.0307 1.0416 
1.0082 1.0204 1.0052 1.0475 1.0398 1.0123 1.0291 1.0375 1.0275 1.0226 1.0337 1.0454 1.0236 1.0224 1.0149 1.0364 1.0057 1.0474 1.0404 1.017 1.0157 1.0181 1.0186 1.0017 1.0221 
1.0353 1.0076 1.0033 1.0099 1.0091 1.0306 1.0387 1.0026 1.0159 1.017 1.0351 1.0293 1.0146 1.0496 1.0478 1.0342 1.0333 1.0199 1.0491 1.0269 1.0089 1.0103 1.0008 1.0201 1.0474 
1.042 1.0184 1.0142 1.0349 1.0208 1.0255 1.0204 1.0323 1.0409 1.0381 1.0383 1.0274 1.0429 1.015 1.0195 1.0198 1.0454 1.0018 1.0258 1.0101 1.0152 1.002 1.0128 1.0174 1.0252 
1.0256 1.0222 1.0076 1.029 1.0066 1.0002 1.0009 1.0342 1.0213 1.0389 1.0049 1.0208 1.0095 1.0206 1.0141 1.045 1.0425 1.0387 1.0391 1.0178 1.0399 1.0134 1.038 1.0112 1.047 
1.007 1.0476 1.0255 1.0205 1.0141 1.0365 1.0218 1.0353 1.028 1.0254 1.0358 1.0016 1.0248 1.0372 1.0255 1.0159 1.0415 1.0425 1.018 1.0147 1.0097 1.0005 1.0411 1.0025 1.0348 
1.0319 1.0348 1.0096 1.041 1.0462 1.014 1.0252 1.0216 1.0071 1.0329 1.0045 1.0342 1.0376 1.0264 1.0238 1.0266 1.0269 1.0056 1.0038 1.0021 1.0246 1.0493 1.0279 1.0376 1.0202 
1.0483 1.0021 1.023 1.0002 1.0148 1.0465 1.0446 1.0441 1.0371 1.0211 1.0116 1.0127 1.041 1.0064 1.0325 1.0463 1.0302 1.0252 1.0215 1.0181 1.0006 1.0451 1.0217 1.0351 1.023 
1.0354 1.019 1.028 1.0305 1.0181 1.0067 1.0343 1.0077 1.0066 1.0256 1.0149 1.0037 1.0076 1.0036 1.0293 1.0242 1.041 1.01 1.0451 1.035 1.0458 1.0128 1.0307 1.0167 1.0309 
1.0303 1.0107 1.0276 1.0187 1.0236 1.0468 1.0025 1.0382 1.035 1.0048 1.0191 1.0128 1.0229 1.0392 1.0486 1.0134 1.0309 1.0389 1.0402 1.0384 1.0042 1.0116 1.0291 1.0401 1.0001 
1.0242 1.0497 1.0105 1.0302 1.0303 1.0246 1.017 1.0138 1.0483 1.0122 1.0227 1.0408 1.047 1.0222 1.0316 1.0418 1.0056 1.0332 1.0469 1.0205 1.0241 1.0334 1.0313 1.0085 1.0398 
1.0015 1.0227 1.0102 1.0265 1.0445 1.0326 1.0483 1.0201 1.0173 1.0334 1.0163 1.0232 1.0429 1.0057 1.0314 1.0027 1.0308 1.0007 1.0384 1.0451 1.0359 1.0314 1.0073 1.0468 1.0122 
1.0173 1.0016 1.0023 1.0077 1.0158 1.0305 1.0476 1.0364 1.0102 1.0221 1.0372 1.0464 1.04 1.0236 1.0223 1.0384 1.0253 1.0166 1.0381 1.0238 1.0395 1.014 1.0389 1.0315 1.0047 
1.0029 1.0083 1.0418 1.0309 1.0477 1.0142 1.0443 1.0362 1.0054 1.0217 1.0003 1.0499 1.0177 1.0352 1.0385 1.032 1.0318 1.0417 1.044 1.0002 1.0433 1.0132 1.0348 1.043 1.0408 
1.0154 1.0495 1.0147 1.0259 1.0413 1.0033 1.0023 1.0311 1.0348 1.0369 1.02 1.0122 1.0368 1.0121 1.0209 1.0386 1.0348 1.0464 1.0398 1.02 1.0485 1.0499 1.0351 1.0215 1.0121 
1.0298 1.0053 1.0081 1.0181 1.0003 1.0249 1.0392 1.0428 1.0118 1.0479 1.0297 1.037 1.0143 1.0158 1.0373 1.0276 1.0322 1.0393 1.0221 1.0362 1.0434 1.0309 1.022 1.0483 1.0448 
1.0156 1.0435 1.0191 1.0304 1.0281 1.0108 1.0051 1.0292 1.0173 1.0437 1.0049 1.0231 1.0446 1.0031 1.0462 1.0129 1.0325 1.0174 1.0424 1.047 1.0137 1 1.0439 1.0216 1.0258 
1.0082 1.0266 1.0372 1.0112 1.0137 1.0002 1.0007 1.0076 1.0393 1.0287 1.0421 1.0051 1.0102 1.032 1.0279 1.0021 1.0484 1.0344 1.0402 1.018 1.0377 1.0024 1.0343 1.009 1.0335 
1.0239 1.0088 1.0156 1.0383 1.0255 1.0055 1.0208 1.0196 1.0422 1.0413 1.0416 1.0161 1.0329 1.0489 1.02 1.0183 1.0212 1.0383 1.0453 1.0209 1.035 1.0447 1.0227 1.0332 1.037 
1.0063 1.0196 1.0389 1.0194 1.0176 1.045 1.048 1.0104 1.0255 1.0139 1.0087 1.0386 1.0442 1.0087 1.0152 1.0061 1.048 1.041 1.0187 1.0469 1.0147 1.0034 1.0132 1.0138 1.0168 
1.0435 1.0348 1.0111 1.0317 1.0153 1.0241 1.0092 1.0246 1.009 1.0131 1.0401 1.018 1.0049 1.0332 1.0002 1.0477 1.029 1.0352 1.0107 1.0083 1.0279 1.0257 1.0148 1.0177 1.0402 
1.0252 1.0469 1.0027 1.0127 1.0129 1.013 1.001 1.0297 1.0044 1.0115 1.0239 1.0168 1.0104 1.0402 1.0431 1.0346 1.0148 1.0045 1.0435 1.0267 1.0176 1.0345 1.0444 1.0201 1.0057 
1.0203 1.0245 1.0403 1.0416 1.0038 1.036 1.0284 1.03 1.0421 1.0279 1.0227 1.005 1.0447 1.032 1.0422 1.0264 1.022 1.0435 1.0376 1.0265 1.0386 1.0082 1.0068 1.0284 1.0408 
1.0121 1.0023 1.0283 1.0241 1.0291 1.0387 1.0222 1.0037 1.0296 1.0049 1.0216 1.0015 1.0065 1.0103 1.045 1.023 1.0113 1.0086 1.0062 1.0241 1.0262 1.0119 1.0117 1.0296 1.0151 
1.0117 1.0127 1.0294 1.0075 1.0211 1.013 1.0052 1.025 1.0402 1.0218 1.0191 1.0405 1.0377 1.0276 1.0285 1.0168 1.0307 1.0074 1.006 1.008 1.0492 1.0426 1.0111 1.0343 1.0228 
1.0357 1.0165 1.0143 1.0012 1.035 1.0291 1.0273 1.0003 1.0119 1.0337 1.0306 1.012 1.0347 1.0044 1.0434 1.0296 1.0032 1.0426 1.0356 1.0427 1.0287 1.0167 1.0394 1.0274 1.0162 
1.0079 1.0373 1.024 1.0361 1.0056 1.0112 1.0376 1.042 1.0494 1.0061 1.0113 1.0352 1.0427 1.048 1.0345 1.0388 1.0119 1.0351 1.0491 1.0038 1.0104 1.0385 1.0065 1.0338 1.0303 
1.0427 1.0341 1.0498 1.018 1.0372 1.0282 1.0443 1.041 1.0128 1.0448 1.0063 1.0138 1.0431 1.026 1.0223 1.02 1.0255 1.0322 1.0419 1.0046 1.0087 1.0228 1.0447 1.0209 1.0234 
1.014 1.0448 1.0157 1.0111 1.0073 1.0272 1.0141 1.0386 1.031 1.049 1.0167 1.0031 1.0398 1.0138 1.0049 1.0477 1.0147 1.0479 1.0008 1.011 1.0342 1.0262 1.0451 1.0485 1.039 
1.0486 1.0459 1.0208 1.0472 1.0492 1.0298 1.0231 1.0235 1.0461 1.001 1.0221 1.0151 1.0225 1.0456 1.0181 1.038 1.0054 1.0016 1.0168 1.0428 1.0258 1.0223 1.0305 1.018 1.0162 
1.0058 1.0288 1.0126 1.0359 1.0308 1.0155 1.0155 1.0433 1.0363 1.0286 1.0133 1.0046 1.0079 1.0031 1.0099 1.01 1.0212 1.0421 1.0136 1.0114 1.0388 1.0244 1.0481 1.0123 1.0392 
1.0177 1.0178 1.0036 1.0016 1.0138 1.0046 1.0375 1.0028 1.0473 1.005 1.0293 1.0294 1.0189 1.0107 1.021 1.0193 1.0401 1.0003 1.0157 1.0134 1.0304 1.0374 1.0297 1.0425 1.0253 
1.0137 1.0146 1.0042 1.042 1.0398 1.0233 1.0306 1.0251 1.0193 1.0067 1.0012 1.0294 1.033 1.0487 1.0471 1.0005 1.0321 1.0166 1.0094 1.046 1.0359 1.0474 1.0465 1.0161 1.0145 
1.0363 1.0209 1.0476 1.0122 1.0161 1.0323 1.0087 1.0191 1.0018 1.0217 1.0107 1.0303 1.0363 1.0314 1.0183 1.0289 1.0364 1.0188 1.0499 1.0272 1.0041 1.0214 1.002 1.0382 1.0071 
1.0086 1.0018 1.0374 1.026 1.0043 1.0274 1.0324 1.0257 1.028 1.0345 1.0224 1.0404 1.0389 1.0129 1.0113 1.0485 1.0374 1.0314 1.0451 1.0366 1.0249 1.0132 1.0213 1.0071 1.0447 
1.0199 1.0196 1.0223 1.0398 1.029 1.0414 1.0391 1.008 1.04 1.047 1.0006 1.0264 1.0048 1.0076 1.0194 1.0445 1.0233 1.0215 1.0413 1.0456 1.0413 1.0254 1.0328 1.0131 1.0337 
1.0256 1.0269 1.0254 1.0053 1.0023 1.0015 1.0121 1.0052 1.0046 1.0086 1.0242 1.0383 1.0101 1.0034 1.0276 1.0359 1.0117 1.0292 1.0079 1.0392 1.0441 1.0279 1.0038 1.0174 1.0217 
1.0217 1.0095 1.0077 1.0361 1.0315 1.0342 1.0385 1.0212 1.0205 1.0321 1.0272 1.0205 1.012 1.0007 1.0204 1.0153 1.0132 1.0242 1.0004 1.0363 1.0398 1.0373 1.0361 1.014 1.0107 
1.0217 1.0276 1.0159 1.0183 1.0283 1.0118 1.0004 1.0484 1.0458 1.0088 1.0259 1.0273 1.0215 1.0148 1.0472 1.0017 1.0183 1.0408 1.002 1.0264 1.0291 1.021 1.0203 1.0233 1.0438 
1.0115 1.0123 1.0473 1.0426 1.0324 1.0447 1.0347 1.0216 1.0237 1.0474 1.006 1.0098 1.0032 1.0169 1.0057 1.0046 1.0478 1.024 1.0018 1.0224 1.0268 1.0236 1.0386 1.0187 1.0449 
1.0232 1.0148 1.036 1.0377 1.0266 1.04 1.0219 1.0353 1.0007 1.0203 1.0226 1.0342 1.0102 1.0011 1.0198 1.0448 1.0169 1.0394 1.0065 1.0296 1.0228 1.0384 1.0098 1.0415 1.0296 
1.0427 1.0203 1.0367 1.0396 1.0167 1.0457 1.0215 1.0341 1.0235 1.0023 1.0463 1.0231 1.0322 1.0016 1.0383 1.0445 1.0093 1.0218 1.0301 1.0021 1.0044 1.0291 1.0375 1.0193 1.0122 
1.0227 1.0273 1.0013 1.0358 1.0434 1.0363 1.0458 1.0132 1.0448 1.0251 1.0427 1.0357 1.0393 1.009 1.0314 1.0239 1.0022 1.0171 1.0409 1.0058 1.0269 1.0199 1.0302 1.0402 1.028 
1.0459 1.0239 1.0029 1.0469 1.0355 1.0302 1.024 1.0057 1.0277 1.0012 1.0243 1.0186 1.0118 1.0496 1.0288 1.0413 1.0475 1.0158 1.0128 1.0244 1.0326 1.0393 1.0436 1.0256 1.0457 
1.0198 1.0077 1.0267 1.0203 1.0214 1.0451 1.0216 1.0366 1.0181 1.0191 1.0218 1.0021 1.022 1.0035 1.015 1.0371 1.0296 1.021 1.0031 1.0344 1.0144 1.0308 1.002 1.0239 1.0073 
1.0023 1.0301 1.0007 1.0284 1.0091 1.0358 1.0421 1.038 1.0255 1.0341 1.0286 1.032 1.028 1.0024 1.0213 1.0355 1.0125 1.0138 1.014 1.0406 1.0284 1.0334 1.0264 1.0095 1.0304 
1.0456 1.0001 1.0179 1.0164 1.0348 1.0298 1.024 1.0494 1.0169 1.0013 1.02 1.0028 1.0351 1.0451 1.0324 1.0107 1.0403 1.0475 1.023 1.0488 1.0366 1.0444 1.0389 1.014 1.0299 
1.0007 1.0058 1.0055 1.0365 1.0182 1.0219 1.028 1.0262 1.0417 1.0309 1.0083 1.037 1.0018 1.0347 1.0367 1.0226 1.036 1.0089 1.029 1.0419 1.008 1.0322 1.0058 1.0374 1.0168 
1.0286 1.0432 1.0097 1.0451 1.0067 1.0148 1.0427 1.0056 1.0142 1.017 1.016 1.0034 1.0368 1.0231 1.0291 1.0484 1.0282 1.0049 1.0325 1.005 1.0238 1.0408 1.0166 1.0128 1.017 
1.0017 1.0478 1.0322 1.0214 1.0403 1.0252 1.002 1.0105 1.0259 1.0234 1.011 1.022 1.0468 1.0485 1.0282 1.0095 1.0016 1.033 1.0444 1.0096 1.0157 1.0433 1.0463 1.0045 1.0339 
1.0041 1.0226 1.0072 1.0257 1.0029 1.023 1.0133 1.0035 1.0337 1.0178 1.0264 1.0347 1.0084 1.0323 1.0271 1.0374 1.0488 1.0209 1.0374 1.006 1.0482 1.0013 1.0357 1.0231 1.0147 
1.0021 1.0074 1.0001 1.0388 1.0408 1.0087 1.0021 1.031 1.0327 1.0398 1.0195 1.0362 1.0408 1.0364 1.003 1.0231 1.0096 1.0319 1.0037 1.0491 1.0469 1.0372 1.0205 1.0499 1.0288 
1.0367 1.0294 1.0041 1.0409 1.0335 1.0444 1.0312 1.0015 1.0093 1.0043 1.0435 1.0245 1.0096 1.015 1.0157 1.0383 1.0384 1.0177 1.0257 1.024 1.0328 1.041 1.036 1.0473 1.0116 
1.019 1.0143 1.0378 1.0231 1.0471 1.0335 1.0067 1.0428 1.0175 1.0294 1.0266 1.0211 1.011 1.0256 1.0235 1.0066 1.0009 1.0362 1.0192 1.0032 1.0307 1.0193 1.0107 1.005 1.0032 
1.0422 1.0436 1.0189 1.0108 1.0085 1.0151 1.0243 1.0001 1.0215 1.0106 1.0177 1.038 1.0493 1.0019 1.0404 1.0122 1.0453 1.014 1.0399 1.0173 1.0267 1.0366 1.0293 1.0492 1.0305 
1.0375 1.0091 1.0132 1.0263 1.0159 1.0072 1.0496 1.0073 1.0238 1.0078 1.0115 1.0157 1.0496 1.0408 1.0003 1.0268 1.0041 1.0274 1.047 1.0128 1.0294 1.0497 1.0457 1.0239 1.0223 
1.0052 1.0103 1.0366 1.0111 1.0122 1.0499 1.0444 1.0176 1.0437 1.0251 1.0137 1.0452 1.0209 1.0212 1.0471 1.0253 1.0169 1.0144 1.0328 1.0015 1.0439 1.0136 1.0368 1.0367 1.0054 
1.0494 1.0128 1.0261 1.0025 1.0144 1.0219 1.0271 1.0058 1.0426 1.0464 1.0353 1.036 1.044 1.0236 1.0117 1.0005 1.0087 1.0017 1.0076 1.0342 1.0197 1.0224 1.0384 1.0332 1.0467 
1.0243 1.0199 1.0283 1.0283 1.0129 1.0136 1.0089 1.0003 1.0006 1.0005 1.0465 1.002 1.0274 1.0141 1.0309 1.0158 1.0205 1.0194 1.0097 1.0367 1.0217 1.0281 1.02 1.0314 1.0031 
1.034 1.0471 1.041 1.0446 1.0173 1.0212 1.0111 1.0205 1.0294 1.0241 1.0433 1.0011 1.0001 1.0383 1.0334 1.0237 1.0324 1.0073 1.0097 1.0326 1.0019 1.0432 1.034 1.0358 1.0217 
1.0111 1.0241 1.0001 1.0352 1.0198 1.0169 1.0465 1.0269 1.0216 1.0416 1.0371 1.0223 1.0421 1.0165 1.0482 1.0187 1.0269 1.0249 1.0481 1.0176 1.0247 1.0086 1.0457 1.02 1.0333 
1.0294 1.0309 1.0426 1.0293 1.0035 1.0386 1.0418 1.0231 1.0126 1.0446 1.0078 1.0375 1.0107 1.0073 1.0102 1.0049 1.0455 1.0202 1.047 1.0111 1.0436 1.027 1.0018 1.0407 1 
1.0087 1.0442 1.0194 1.0109 1.0499 1.0363 1.0241 1.0404 1.0039 1.0215 1.0026 1.0369 1.0217 1.0044 1.0476 1.0065 1.0255 1.0075 1.0414 1.0145 1.0499 1.0294 1.0098 1.0138 1.0028 
1.0182 1.0366 1.0061 1.0158 1.0375 1.0047 1.0397 1.0189 1.0484 1.024 1.0315 1.0354 1.0495 1.0252 1.0126 1.007 1.0336 1.0468 1.0183 1.0403 1.0293 1.0416 1.0402 1.0445 1.0023 
1.0165 1.0322 1.0117 1.0215 1.0074 1.0253 1.0444 1.0495 1.0273 1.0128 1.0233 1.033 1.0237 1.0025 1.0192 1.0476 1.0369 1.0105 1.0478 1.0223 1.0103 1.0069 1.0308 1.0075 1.0458 
1.0383 1.0229 1.0076 1.0274 1.0231 1.0306 1.0434 1.0282 1.0435 1.0161 1.002 1.0078 1.0461 1.0126 1.0073 1.0461 1.0088 1.044 1.0367 1.0108 1.0412 1.0274 1.0268 1.0373 1.0207 
1.022 1.0391 1.049 1.0212 1.0165 1.0278 1.0378 1.0397 1.037 1.0253 1.0393 1.0209 1.0213 1.042 1.0354 1.0303 1.013 1.0277 1.0026 1.0366 1.0026 1.0216 1.0258 1.0077 1.0418 
1.0222 1.0449 1.0153 1.0234 1.0003 1.0207 1.0032 1.0122 1.0059 1.0121 1.0248 1.0167 1.0163 1.027 1.0141 1.0199 1.0401 1.0202 1.0175 1.0079 1.0157 1.0009 1.0307 1.0113 1.0002 
1.0026 1.0407 1.0409 1.0056 1.0228 1.006 1.0039 1.0079 1.0132 1.0324 1.0373 1.0156 1.0368 1.0125 1.0427 1.0003 1.0164 1.0169 1.012 1.0009 1.0219 1.0322 1.0247 1.0078 1.0017 
1.0407 1.0098 1.019 1.011 1.0047 1.0197 1.0231 1.0001 1.0469 1.0118 1.0022 1.0206 1.0293 1.0299 1.0338 1.0417 1.0339 1.0077 1.0305 1.032 1.0445 1.0496 1.0179 1.0102 1.0446 
1.0335 1.0196 1.0314 1.0208 1.0278 1.0025 1.0041 1.0253 1.0077 1.0393 1.0259 1.0182 1.0362 1.0376 1.0265 1.0075 1.0041 1.0176 1.0498 1.0483 1.0391 1.0348 1.0147 1.0283 1.0005 
1.0357 1.0299 1.0317 1.0195 1.0063 1.0309 1.0191 1.0009 1.0168 1.0072 1.0288 1.018 1.0466 1.0064 1.0274 1.0332 1.0439 1.0022 1.0128 1.0052 1.0405 1.048 1.039 1.0111 1.038 
1.0142 1.0399 1.0202 1.0439 1.0324 1.0423 1.013 1.0052 1.0009 1.0285 1.0279 1.0043 1.0007 1.0354 1.0345 1.0005 1.0092 1.011 1.027 1.0038 1.0492 1.0134 1.026 1.0369 1.0472 
1.0327 1.0104 1.043 1.0199 1.0218 1.0303 1.0128 1.0219 1.0369 1.0012 1.0392 1.003 1.0124 1.0271 1.023 1.0389 1.0184 1.0201 1.0455 1.0309 1.0092 1.0359 1.0047 1.0132 1.0441 
1.0363 1.0163 1.0122 1.0172 1.0032 1.0321 1.0221 1.0009 1.0049 1.0047 1.0326 1.027 1.0173 1.0178 1.0009 1.0207 1.0066 1.0168 1.0274 1.0397 1.0256 1.0027 1.0385 1.0106 1.0303 
1.0423 1.041 1.0208 1.0379 1.0038 1.0494 1.0414 1.0131 1.0179 1.037 1.0137 1.0132 1.0001 1.0045 1.0162 1.0348 1.0068 1.0384 1.0435 1.0322 1.0188 1.0296 1.022 1.0267 1.0245 
1.0344 1.046 1.0457 1.0215 1.0211 1.0436 1.0395 1.0448 1.0164 1.0372 1.0278 1.0018 1.0212 1.0344 1.0443 1.0136 1.0468 1.038 1.0393 1.0176 1.0027 1.0299 1.0387 1.0486 1.0019 
1.0204 1.0161 1.0384 1.0331 1.0306 1.0215 1.0285 1.0219 1.037 1.0363 1.0131 1.0248 1.0082 1.0481 1.028 1.0005 1.0164 1.0007 1.0395 1.0291 1.0144 1.0362 1.0304 1.0339 1.0466 
1.0386 1.0249 1.0221 1.0223 1.0484 1.0043 1.0493 1.0477 1.0146 1.0321 1.0139 1.0354 1.0439 1.0395 1.0233 1.0358 1.0201 1.0441 1.022 1.0475 1.0187 1.012 1.0026 1.0073 1.0259 
1.0373 1.0238 1.0177 1.0148 1.0398 1.0225 1.0026 1.0031 1.019 1.0377 1.0459 1.0419 1.0165 1.0423 1.0332 1.0278 1.0118 1.0248 1.0007 1.0126 1.0166 1.0032 1.0296 1.028 1.0146 
1.0246 1.0304 1.0143 1.0153 1.0135 1.0495 1.0376 1.0257 1.0335 1.0368 1.0418 1.0118 1.0484 1.0173 1.0292 1.003 1.0324 1.0127 1.0326 1.0026 1.0313 1.0215 1.0404 1.0033 1.0154 
1.0202 1.0428 1.014 1.0457 1.0466 1.0486 1.0114 1.0255 1.0049 1.0333 1.0241 1.0396 1.0197 1.0177 1.0485 1.006 1.0201 1.0322 1.0111 1.0133 1.0123 1.0178 1.0169 1.0322 1.0334 
1.0111 1.0216 1.0019 1.0482 1.038 1.0117 1.0089 1.0398 1.0122 1.034 1.0164 1.0285 1.0217 1.001 1.0144 1.0445 1.0471 1.0234 1.0493 1.0356 1.0323 1.0491 1.0398 1.0111 1.0103 
1.0011 1.0236 1.0231 1.0276 1.0339 1.0134 1.0445 1.0034 1.0037 1.0248 1.013 1.0142 1.0022 1.0289 1.0348 1.0482 1.0202 1.0429 1.0084 1.0217 1.0328 1.0275 1.002 1.0435 1.0427 
1.0425 1.0055 1.0024 1.0109 1.0337 1.0362 1.0462 1.0093 1.0048 1.003 1.0451 1.0068 1.003 1.0383 1.0317 1.0047 1.0133 1.0331 1.0171 1 1.0225 1.0291 1.0411 1.0414 1.0451 
1.0061 1.0004 1.047 1.032 1.0059 1.0029 1.01 1.0385 1.0019 1.003 1.0277 1.0101 1.0208 1.0301 1.0421 1.0143 1.0191 1.0378 1.0288 1.0012 1.0061 1.0114 1.0249 1.0122 1.0092 
1.049 1.0099 1.0374 1.026 1.027 1.038 1.0444 1.036 1.0412 1.0327 1.0117 1.0138 1.0251 1.0176 1.0381 1.0111 1.0408 1.0189 1.015 1.0458 1.0179 1.0239 1.0247 1.0027 1.0313 
1.0191 1.0321 1.045 1.0004 1.0059 1.0051 1.0169 1.0472 1.0236 1.0216 1.0311 1.0317 1.0184 1.0346 1.0498 1.0317 1.0194 1.0308 1.0356 1.0263 1.0137 1.0041 1.0372 1.0299 1.0447 
1.0447 1.0147 1.0353 1.0008 1.0405 1.0489 1.002 1.0373 1.0433 1.0279 1.0496 1.0145 1.034 1.012 1.0496 1.0157 1.0431 1.0023 1.0271 1.0394 1.0146 1.0363 1.0173 1.0433 1.0239 
1.0302 1.042 1.0106 1.0381 1.0214 1.0089 1.0446 1.0461 1.0401 1.0469 1.0366 1.0317 1.0474 1.0344 1.0495 1.0095 1.0032 1.0025 1.0159 1.0333 1.0443 1.0022 1.0211 1.0471 1.0465 
1.028 1.0259 1.022 1.0286 1.0482 1.0235 1.0256 1.0123 1.0239 1.0459 1.0268 1.0456 1.0046 1.045 1.0092 1.03 1.0141 1.0206 1.0303 1.0481 1.0476 1.0011 1.0257 1.0484 1.0455 
1.0165 1.0457 1.0278 1.0286 1.0274 1.0023 1.03 1.0153 1.0045 1.0063 1.0472 1.0287 1.0392 1.0212 1.0224 1.043 1.0216 1.046 1.0058 1.0176 1.0054 1.0048 1.0485 1.0177 1.0368 
1.0302 1.0151 1.0312 1.0014 1.0173 1.0168 1.0078 1.0479 1.0493 1.0442 1.0141 1.0395 1.0012 1.0413 1.0161 1.0165 1.0025 1.03 1.0445 1.026 1.0194 1.0301 1.0136 1.0453 1.0027 
1.0389 1.0337 1.0152 1.0273 1.012 1.0007 1.0141 1.0303 1.0068 1.0169 1.0429 1.0496 1.0443 1.0151 1.0329 1.0109 1.0354 1.041 1.038 1.0366 1.0443 1.0201 1.0052 1.034 1.0255 
1.0123 1.0027 1.026 1.0305 1.0422 1.0123 1.0234 1.0225 1.016 1.0271 1.0142 1.0392 1.0297 1.0027 1.0022 1.0187 1.0066 1.0474 1.0222 1.039 1.0285 1.0463 1.0361 1.0111 1.0033 
1.0407 1.0017 1.0127 1.0131 1.028 1.0097 1.0497 1.0301 1.0017 1.0004 1.0212 1.0018 1.0196 1.0392 1.0482 1.009 1.0236 1.0108 1.0246 1.0103 1.0284 1.0455 1.0105 1.0139 1.0007 
1.0011 1.0344 1.0361 1.0274 1.0389 1.0449 1.0495 1.0482 1.0097 1.0421 1.0009 1.0215 1.0272 1.0361 1.0467 1.0082 1.0455 1.0291 1.0383 1.0325 1.0471 1.0447 1.0149 1.0469 1.0055 
1.0417 1.0175 1.0042 1.0022 1.0325 1.0301 1.0179 1.0294 1.0238 1.0113 1.044 1.0184 1.0243 1.0323 1.0483 1.0009 1.0304 1.0051 1.0131 1.0424 1.0251 1.0458 1.0442 1.0449 1.0298 
1.0333 1.0379 1.0057 1.0352 1.0139 1.0031 1.0371 1.0398 1.0463 1.0491 1.0459 1.026 1.0043 1.0241 1.0009 1.0456 1.0243 1.0054 1.0431 1.0046 1.0089 1.0313 1.0162 1.028 1.0131 
1.0022 1.0003 1.032 1.0153 1.0381 1.0022 1.0048 1.0185 1.044 1.0323 1.0034 1.0172 1.0206 1.0448 1.0472 1.0075 1.0194 1.0389 1.0461 1.0401 1.0047 1.0326 1.0209 1.0379 1.0157 
1.0326 1.0013 1.0177 1.0244 1.0165 1.0414 1.0091 1.0095 1.0307 1.0288 1.0012 1.0052 1.0445 1.0114 1.0146 1.031 1.0097 1.0273 1.0403 1.0486 1.0181 1.0448 1.0045 1.0003 1.0093 
1.0121 1.0456 1.028 1.0154 1.0429 1.0075 1.0039 1.0025 1.0013 1.0052 1.038 1.0164 1.0258 1.0198 1.0006 1.0061 1.005 1.0236 1.0169 1.0032 1.0323 1.0352 1.0467 1.0059 1.022 
1.0068 1.0124 1.0436 1.0122 1.0339 1.0413 1.0399 1.034 1.0331 1.0188 1.0369 1.0378 1.0317 1.0174 1.0268 1.025 1.0221 1.0156 1.0275 1.012 1.0113 1.0163 1.0001 1.0179 1.0408 
1.0281 1.0257 1.0332 1.0136 1.0145 1.0473 1.0167 1.0447 1.0202 1.0311 1.0349 1.0116 1.0406 1.0059 1.0125 1.0498 1.0119 1.0154 1.0301 1.0285 1.0017 1.0379 1.0103 1.0201 1.0378 
1.0084 1.0134 1.0227 1.0385 1.0091 1.0351 1.0085 1.0037 1.0441 1.0017 1.0489 1.0022 1.0294 1.0084 1.0097 1.021 1.0411 1.0009 1.0197 1.0213 1.0409 1.0357 1.0205 1.0253 1.0359 
1.0241 1.0049 1.0471 1.0337 1.0092 1.0391 1.011 1.0481 1.0427 1.0056 1.0246 1.0342 1.0185 1.0205 1.0148 1.0032 1.0045 1.0367 1.0228 1.0259 1.0041 1.0421 1.0126 1.0112 1.024 
1.0365 1.0442 1.0404 1.0091 1.0245 1.037 1.037 1.0223 1.0379 1.039 1.0243 1.0414 1.0163 1.0086 1.0023 1.0413 1.0348 1.0498 1.0387 1.0137 1.0218 1.0193 1.0321 1.0341 1.0119 
1.0106 1.0296 1.0322 1.0367 1.0372 1.0489 1.0467 1.0028 1.0257 1.0157 1.0024 1.0489 1.0082 1.0312 1.0106 1.0006 1.0377 1.0049 1.0137 1.0273 1.0339 1.0074 1.0496 1.0012 1.0107 
1.0015 1.0376 1.0115 1.0318 1.0034 1.0156 1.0287 1.0216 1.0149 1.0048 1.0159 1.0359 1.0124 1.0109 1.0326 1.0234 1.0096 1.0223 1.0086 1.0065 1.0313 1.0232 1.0287 1.0448 1.0327 
1.0468 1.0486 1.0465 1.0198 1.0142 1.0347 1.0258 1.0364 1.0442 1.0005 1.0498 1.0165 1.0195 1.0346 1.0066 1.0218 1.0283 1.037 1.0135 1.0331 1.0372 1.006 1.013 1.0037 1.0201 
