10
50
96 99 92 90 96 90 92 93 96 93 97 96 100 98 98 99 90 93 91 98 90 91 95 98 98 99 97 90 97 96 95 94 99 99 90 99 92 97 97 92 97 97 95 97 96 95 97 91 95 1 
35 30 13 20 27 16 49 6 12 34 
1.0224 1.0481 1.02 1.0461 1.0362 1.0002 1.0448 1.0095 1.0184 1.0016 
1.0137 1.0007 1.0493 1.0284 1.0444 1.0259 1.0321 1.0058 1.0143 1.0168 
1.0177 1.0119 1.0357 1.0041 1.0391 1.0264 1.0123 1.0415 1.0072 1.0429 
1.0341 1.0215 1.0115 1.0036 1.0457 1.0259 1.02 1.0452 1.0093 1.0241 
1.0329 1.0448 1.0227 1.0298 1.0224 1.0324 1.0274 1.0133 1.0385 1.0038 
1.017 1.0362 1.0129 1.0084 1.0409 1.0378 1.0423 1.0085 1.04 1.0024 
1.0193 1.0105 1.0412 1.0265 1.0267 1.0407 1.0177 1.0284 1.0204 1.029 
1.0334 1.0391 1.0121 1.0085 1.0234 1.019 1.0042 1.0498 1.0086 1.0018 
1.0121 1.0424 1.0097 1.0376 1.0254 1.0169 1.0108 1.0427 1.0493 1.0068 
1.0366 1.0102 1.0438 1.01 1.0319 1.0318 1.029 1.0484 1.0339 1.0056 
1.0308 1.0132 1.0478 1.0314 1.0287 1.0239 1.0074 1.002 1.0327 1.0054 
1.0488 1.0441 1.0298 1.0142 1.0002 1.0321 1.0104 1.0446 1.0056 1.0009 
1.0333 1.0208 1.0261 1.0033 1.0186 1.0304 1.0385 1.0142 1.0342 1.026 
1.0161 1.012 1.0343 1.0078 1.0187 1.0113 1.0063 1.0091 1.0434 1.0415 
1.0156 1.0261 1.0012 1.0411 1.0459 1.0251 1.0238 1.037 1.0124 1.0007 
1.0007 1.0084 1.0451 1.0101 1.0489 1.0458 1.0441 1.029 1.0013 1.0412 
1.0355 1.006 1.0093 1.0472 1.0402 1.0176 1.0043 1.0373 1.0266 1.0151 
1.0275 1.0028 1.0032 1.0261 1.0469 1.0003 1.0229 1.0107 1.0392 1.0451 
1.0453 1.0392 1.007 1.0019 1.0472 1.0407 1.0494 1.0005 1.044 1.0383 
1.0262 1.0409 1.0107 1.0038 1.036 1.0471 1.0171 1.0154 1.0447 1.0014 
1.0023 1.0229 1.0489 1.0266 1.0387 1.0256 1.0132 1.047 1.0239 1.0166 
1.0022 1.0283 1.016 1.0053 1.0205 1.0091 1.0259 1.0386 1.0187 1.0129 
1.0042 1.0317 1.0045 1.0356 1.0388 1.0452 1.0154 1.0466 1.0333 1.026 
1.0419 1.0131 1.0238 1.0267 1.0276 1.0098 1.0314 1.032 1.0053 1.0007 
1.0469 1.0216 1.0222 1.0342 1.0007 1.0463 1.026 1.0447 1.0293 1.013 
1.0217 1.0043 1.0376 1.0314 1.0126 1.0117 1.0334 1.012 1.0171 1.0292 
1.0464 1.0154 1.0366 1.0193 1.0164 1.0275 1 1.0212 1.01 1.0051 
1.0476 1.0379 1.0443 1.0377 1.0289 1.0361 1.0385 1.0272 1.0434 1.0144 
1.0061 1.0063 1.0004 1.0446 1.0388 1.0308 1.0157 1.043 1.0123 1.0464 
1.0074 1.0346 1.0337 1.0481 1.0318 1.0111 1.0292 1.0091 1.0332 1.0123 
1.0461 1.0491 1.0461 1.033 1.0498 1.0369 1.0291 1.04 1.0179 1.0117 
1.0317 1.0414 1.0095 1.0441 1.0436 1.0367 1.0028 1.0453 1.0409 1.0473 
1.0481 1.0003 1.0069 1.0316 1.0383 1.0367 1.0385 1.0402 1.023 1.0157 
1.0181 1.0067 1.031 1.0366 1.0187 1.0171 1.0477 1.0245 1.0264 1.0238 
1.0171 1.0047 1.0115 1.0092 1.0311 1.0157 1.0405 1.0053 1.0171 1.008 
1.024 1.003 1.0175 1.032 1.029 1.0377 1.0498 1.0086 1.0104 1.0489 
1.0131 1.0244 1.0388 1.011 1.0218 1.0419 1.0259 1.0427 1.0109 1.0119 
1.0479 1.0216 1.03 1.0396 1.0353 1.0458 1.033 1.0093 1.0306 1.0349 
1.0354 1.0272 1.016 1.0294 1.0054 1.0333 1.0146 1.0229 1.0471 1.0428 
1.0059 1.0241 1.0421 1.0188 1.0366 1.0033 1.0185 1.027 1.0329 1.0261 
1.036 1.0208 1.0482 1.0162 1.0006 1.0378 1.0479 1.0397 1.0387 1.0038 
1.0469 1.0283 1.004 1.0295 1.0266 1.0133 1.0009 1.0057 1.0317 1.0134 
1.0053 1.0135 1.0258 1.0093 1.0343 1.0193 1.0466 1.0451 1.014 1.0094 
1.0437 1.0174 1.0012 1.0097 1.0051 1.0195 1.0317 1.0492 1.0292 1.0237 
1.003 1.0113 1.0296 1.021 1.0389 1.0128 1.0309 1.0286 1.0244 1.034 
1.0182 1.0069 1.012 1.0393 1.0292 1.0462 1.0214 1.0027 1.0307 1.0194 
1.0205 1.0213 1.0011 1.0413 1.0193 1.0164 1.0203 1.0495 1.0262 1.0381 
1.0446 1.0409 1.0048 1.0268 1.0124 1.0011 1.0454 1.0235 1.0127 1.0133 
1.024 1.0362 1.0127 1.0077 1.0317 1.034 1.0142 1.01 1.04 1.0058 
1.0476 1.0154 1.0435 1.043 1.0331 1.0295 1.0037 1.0123 1.0422 1.0427 
