10
50
810 576 831 565 750 434 66 114 123 625 770 56 123 450 809 892 782 43 851 517 941 738 972 965 698 181 99 54 425 375 123 902 944 414 38 799 965 96 945 368 363 138 264 517 411 232 996 146 542 633 
118 310 4 350 303 120 247 95 293 164 
1.0477 1.0415 1.0206 1.0298 1.0407 1.0015 1.0211 1.0167 1.0206 1.0043 
1.0369 1.0286 1.0224 1.0192 1.0071 1.0311 1.0094 1.0478 1.0399 1.0062 
1.0104 1.0191 1.0077 1.0241 1.0128 1.0369 1.0061 1.0237 1.0085 1.0009 
1.0344 1.0484 1.0376 1.0094 1.01 1.0415 1.04 1.0205 1.0243 1.028 
1.0482 1.0223 1.0105 1.0193 1.0084 1.0176 1.0041 1.0014 1.036 1.0293 
1.0462 1.0302 1.0304 1.0484 1.0166 1.0057 1.0108 1.0001 1.0478 1.0178 
1.0081 1.0449 1.0391 1.0463 1.0131 1.0031 1.0265 1.0446 1.0317 1.0315 
1.0066 1.0428 1.0284 1.027 1.0173 1.0457 1.0015 1.0225 1.0095 1.041 
1.0149 1.0065 1.0246 1.0198 1.0456 1.0475 1.0221 1.0316 1.0101 1.0134 
1.0347 1.0479 1.0079 1.029 1.0227 1.0315 1.0081 1.0469 1.0231 1.0148 
1.0118 1.0495 1.0255 1.0184 1.0051 1.0486 1.0365 1.009 1.0208 1.0259 
1.0327 1.004 1.0462 1.0112 1.0228 1.044 1.0408 1.0082 1.0383 1.0487 
1.0396 1.0022 1.002 1.0009 1.0008 1.0099 1.0232 1.0093 1.0226 1.0066 
1.0455 1.0416 1.0004 1.0194 1.032 1.0144 1.0223 1.0385 1.0397 1.0011 
1.0095 1.0031 1.0135 1.0003 1.0066 1.0429 1.004 1.0128 1.0285 1.0088 
1.0295 1.0025 1.0012 1.0175 1.0005 1.0472 1.0376 1.0082 1.0254 1.014 
1.0263 1.0461 1.0477 1.0287 1.0058 1.0497 1.0039 1.0159 1.0329 1.0165 
1.03 1.0012 1.0456 1.0427 1.012 1.0121 1.0085 1.03 1.0398 1.0004 
1.0022 1.0341 1.0143 1.0214 1.0325 1.0012 1.0125 1.0247 1.0233 1.0006 
1.018 1.0057 1.0046 1.0474 1.0225 1.024 1.0336 1.0014 1.0161 1.0409 
1.0396 1.0005 1.0228 1.0027 1.0152 1.0133 1.0386 1.0271 1.0108 1.0385 
1.0138 1.0481 1.0172 1.0021 1.0273 1.006 1.0443 1.0472 1.0362 1.0122 
1.0445 1.0239 1.0332 1.0236 1.013 1.0177 1.0442 1.0324 1.0279 1.0227 
1.0474 1.0027 1.0344 1.0032 1.0451 1.043 1.0318 1.0163 1.0041 1.0091 
1.0381 1.0096 1.0019 1.0081 1.049 1.0372 1.0075 1.0393 1.0403 1.0141 
1.0314 1.0258 1.0419 1.0249 1.0068 1.0324 1.0492 1.0322 1.0298 1.0067 
1.0334 1.0214 1.0197 1.0241 1.029 1.0128 1.013 1.0469 1.0366 1.0403 
1.0161 1.0009 1.0119 1.0061 1.0082 1.0268 1.0348 1.0042 1.0171 1.0033 
1.0133 1.0354 1.0434 1.0491 1.0107 1.0033 1.0253 1.0493 1.0274 1.0145 
1.0311 1.01 1.0261 1.0121 1.0092 1.023 1.0045 1.0316 1.0277 1.0033 
1.0056 1.03 1.0093 1.0441 1.0155 1.0356 1.0291 1.011 1.043 1.044 
1.0422 1.0093 1.0291 1.0395 1.0025 1.0028 1.031 1.0489 1.0414 1.0208 
1.0043 1.0062 1.0122 1.0463 1.0365 1.0423 1.0117 1.0003 1.0081 1.0372 
1.0024 1.0417 1.0425 1.0133 1.0154 1.0361 1.0327 1.0273 1.0194 1.0118 
1.0429 1.0108 1.0423 1.0173 1.0431 1.0032 1.0317 1.0022 1.0103 1.0314 
1.0157 1.0421 1.0367 1.0242 1.0222 1.0337 1.0296 1.0196 1.0273 1.0323 
1.0262 1.002 1.0354 1.0327 1.0357 1.0016 1.0432 1.0272 1.0094 1.0053 
1.0263 1.0408 1.0152 1.0423 1.0044 1.0432 1.0032 1.0213 1.0316 1.0192 
1.0107 1.0037 1.0285 1.0411 1.0135 1.0031 1.0457 1.031 1.0217 1.0348 
1.026 1.0211 1.0221 1.0236 1.0408 1.0336 1.0242 1.0196 1.0447 1.016 
1.0112 1.0186 1.0018 1.0273 1.0147 1.0058 1.0351 1.0286 1.0271 1.037 
1.0223 1.0239 1.0252 1.0052 1.0105 1.0179 1.0002 1.0226 1.0093 1.0146 
1.0097 1.0119 1.005 1.0479 1.0177 1.0372 1.0143 1.0198 1.0286 1.0181 
1.0027 1.0074 1.0234 1.0309 1.0134 1.0413 1.0311 1.0051 1.0185 1.0445 
1.0018 1.0115 1.009 1.0235 1.0284 1.032 1.0162 1.0016 1.0017 1.0144 
1.0216 1.0443 1.049 1.0081 1.0082 1.023 1.0351 1.0336 1.0168 1.0305 
1.0272 1.0115 1.0467 1.0317 1.0203 1.0079 1.014 1.0399 1.0083 1.0044 
1.0122 1.0138 1.0039 1.0313 1.0285 1.0355 1.0259 1.0134 1.0004 1.0007 
1.0386 1.0011 1.0296 1.048 1.0223 1.0174 1.0069 1.0288 1.0353 1.0413 
1.045 1.0189 1.0029 1.0474 1.0032 1.0217 1.0227 1.033 1.0452 1.0444 
