10
1000
1000 933 946 933 996 973 955 943 986 904 981 958 911 910 942 993 996 958 990 921 920 917 999 946 940 989 929 988 946 982 947 961 911 939 967 995 961 906 930 944 940 972 973 949 997 968 923 937 933 910 908 915 977 933 930 938 937 913 922 970 919 971 985 921 941 936 956 909 958 958 935 903 921 916 938 974 983 902 980 972 931 934 956 919 936 979 923 942 903 991 915 927 969 942 987 972 980 959 916 980 908 928 997 958 992 951 923 984 911 909 949 910 997 926 927 979 946 980 969 952 967 923 984 924 947 951 928 955 907 972 984 969 948 957 954 914 922 915 901 962 964 1000 915 913 998 961 929 988 968 999 948 968 922 960 927 975 992 905 932 929 930 964 938 948 900 941 942 913 939 1000 976 904 936 902 948 950 909 978 936 966 917 990 933 952 967 905 927 988 956 974 901 995 990 972 964 937 902 954 975 906 961 953 977 946 900 915 904 953 969 988 907 939 908 954 990 961 911 986 946 958 964 925 941 974 967 964 929 940 964 977 967 939 972 909 927 912 950 964 932 957 915 940 931 949 965 928 987 964 992 918 915 900 906 956 959 916 961 939 973 910 966 924 948 930 986 965 901 989 908 953 977 954 934 988 915 918 978 969 998 929 988 931 920 976 965 973 932 989 944 956 908 944 983 907 982 978 960 989 980 981 990 914 993 932 982 969 969 993 973 997 986 958 961 925 904 936 983 972 974 994 932 978 954 950 932 949 943 923 910 969 946 943 1000 903 947 971 900 910 916 961 984 974 983 925 963 903 942 967 1000 919 989 912 929 910 999 917 944 905 909 906 958 925 962 926 977 959 945 965 914 922 913 994 960 970 996 962 931 963 963 999 919 913 940 977 906 991 952 985 917 956 958 998 973 993 967 900 927 980 970 998 921 971 943 982 908 981 959 987 968 977 983 960 929 983 935 998 965 976 933 942 936 992 996 998 965 914 961 965 931 998 979 940 900 917 912 913 983 964 916 960 959 962 978 955 901 910 908 988 981 984 979 998 908 921 924 914 975 986 936 918 983 926 944 947 997 940 984 985 909 962 1000 958 939 917 912 909 989 971 917 944 942 988 992 976 952 927 997 921 945 966 944 956 990 906 926 984 959 914 913 949 959 957 993 997 913 957 926 964 917 934 968 981 979 927 962 955 968 951 955 975 961 945 989 910 930 902 921 993 934 903 906 943 915 987 995 990 982 908 976 979 987 937 904 944 990 932 932 980 994 987 959 903 989 985 929 964 980 921 930 900 978 923 907 970 941 983 986 965 949 999 988 969 961 948 945 963 995 965 933 948 998 970 918 915 915 901 923 972 981 909 990 920 963 961 937 903 910 949 911 966 985 921 942 947 929 983 952 972 949 964 931 918 968 913 906 980 952 924 964 961 979 989 970 997 975 919 971 909 933 969 993 981 921 991 960 974 906 988 925 909 947 908 904 989 991 994 953 961 995 962 958 959 924 995 906 982 920 905 916 934 927 923 967 966 975 903 950 952 987 950 902 950 938 982 921 997 972 945 986 903 913 999 987 982 980 919 947 948 988 945 904 972 933 932 908 903 941 939 1000 926 958 935 940 988 976 996 958 922 935 990 958 986 970 918 914 964 966 918 911 973 963 986 971 955 960 971 962 939 914 917 910 912 966 949 938 901 938 961 911 927 954 917 962 908 982 972 958 936 932 906 911 995 969 911 909 966 941 968 976 919 920 908 998 979 920 947 946 952 979 966 997 970 924 928 968 988 946 917 945 948 909 1000 975 916 989 914 916 947 923 914 951 981 964 929 970 951 957 900 997 959 995 931 989 982 901 936 923 971 934 960 948 970 900 970 990 968 935 911 991 910 916 979 998 988 919 986 975 969 943 935 926 962 981 907 999 917 991 912 972 948 994 988 932 992 929 967 967 954 934 905 912 965 911 910 900 980 924 930 938 908 947 907 958 937 950 964 998 915 934 949 973 962 936 945 959 928 932 906 992 928 917 938 917 903 920 932 983 935 932 991 980 920 916 976 980 956 975 971 900 937 985 975 962 956 959 977 940 972 916 987 964 967 985 980 914 952 958 957 927 901 930 916 981 986 914 904 986 954 936 940 988 998 957 908 900 981 952 966 954 966 908 947 971 918 934 991 931 921 932 932 936 935 970 984 968 968 999 901 937 927 933 902 994 954 958 992 955 997 993 970 918 994 900 984 911 982 964 930 901 902 904 971 984 960 993 915 989 956 910 161 103 194 100 11 18 165 104 112 190 52 
195 315 94 320 437 166 355 268 213 326 
1.0205 1.0462 1.0299 1.004 1.0194 1.0115 1.0233 1.0056 1.0296 1.0244 
1.0398 1.0376 1.0245 1.0209 1.0187 1.009 1.005 1.0068 1.0101 1.0197 
1.0085 1.0166 1.0006 1.032 1.017 1.0382 1.0341 1.0221 1.0333 1.0011 
1.015 1.0317 1.0022 1.0332 1.0049 1.0066 1.0369 1.0321 1.0444 1.045 
1.0408 1.0075 1.0227 1.0438 1.0379 1.0179 1.0164 1.0195 1.0211 1.0452 
1.0339 1.0212 1.0134 1.0354 1.0351 1.0036 1.0306 1.0263 1.0145 1.0309 
1.0254 1.0384 1.0214 1.0041 1.0189 1.0135 1.0452 1.0311 1.015 1.0308 
1.0169 1.0222 1.0415 1.0252 1.0362 1.0461 1.0478 1.0446 1.0241 1.0231 
1.0457 1.0344 1.0061 1.0393 1.0041 1.012 1.0187 1.0144 1.0225 1.0111 
1.0458 1.0238 1.04 1.0326 1.0194 1.019 1.0424 1.0243 1.0353 1.0364 
1.0001 1.0414 1.0057 1.0153 1.0301 1.0429 1.0078 1.0286 1.0213 1.0256 
1.017 1.0329 1.0388 1.0369 1.0394 1.0063 1.0342 1.0207 1.0401 1.0049 
1.0408 1.0214 1.0178 1.016 1.0398 1.0339 1.0431 1.0366 1.0245 1.0228 
1.0155 1.0471 1.0334 1.0361 1.0395 1.0305 1.031 1.0224 1.0204 1.0412 
1.0204 1.0174 1.0112 1.0397 1.0204 1.0352 1.0484 1.0431 1.0057 1.0053 
1.0449 1.0466 1.0166 1.0292 1.0302 1.0191 1.0092 1.012 1.044 1.0017 
1.0267 1.0433 1.0287 1.0079 1.0009 1.0495 1.0148 1.0013 1.0055 1.0494 
1.0295 1.0071 1.0019 1.042 1.0439 1.0155 1.0169 1.0387 1.0272 1.0407 
1.0154 1.014 1 1.0387 1.0142 1.0104 1.0241 1.0144 1.0041 1.0377 
1.0378 1.0401 1.0169 1.0208 1.0432 1.0325 1.0102 1.0474 1.0383 1.0193 
1.0478 1.0099 1.0229 1.0388 1.0441 1.0066 1.0322 1.0136 1.0184 1.0306 
1.0453 1.0058 1.0317 1.0109 1.0058 1.0421 1.0082 1.0147 1.0004 1.0222 
1.0023 1.0277 1.0273 1.0056 1.0037 1.0367 1.0299 1.0475 1.0405 1.015 
1.0113 1.0342 1.0356 1.0171 1.0106 1.0413 1.024 1.0304 1.0414 1.0147 
1.0443 1.0447 1.0015 1.0416 1.0215 1.0488 1.0106 1.0147 1.0061 1.0349 
1.0354 1.0094 1.0261 1.0074 1.006 1.0097 1.0446 1.0499 1.0119 1.0292 
1.0427 1.0193 1.0454 1.0463 1.0298 1.0041 1.0088 1.0165 1.0095 1.0445 
1.0202 1.0076 1.0207 1.0076 1.0436 1.0174 1.0426 1.0352 1.0465 1.0493 
1.0219 1.0482 1.008 1.0087 1.0196 1.0102 1.0119 1.0185 1.0144 1.0124 
1.0417 1.0396 1.0122 1.039 1.0197 1.0141 1.001 1.0314 1.0088 1.0049 
1.0207 1.0386 1.0387 1.0124 1.0409 1.0039 1.0249 1.0183 1.0283 1.0203 
1.0094 1.0235 1.0064 1.0214 1.0493 1.0457 1.0482 1.0354 1.04 1.0255 
1.0407 1.007 1.0205 1.0408 1.0163 1.0184 1.0274 1.0002 1.0265 1.0026 
1.0048 1.0403 1.0454 1.0179 1.0273 1.0266 1.0471 1.0378 1.0249 1.0028 
1.0067 1.0391 1.0166 1.0354 1.0168 1.002 1.0162 1.0156 1.0224 1.0442 
1.0328 1.0359 1.0111 1.0132 1.0054 1.0339 1.0439 1.0104 1.0026 1.0256 
1.0204 1.0289 1.0468 1.0294 1.0165 1.0496 1.0071 1.029 1.0455 1.0374 
1.025 1.0415 1.0004 1.0157 1.0188 1.0481 1.0203 1.0346 1.0179 1.0297 
1.0242 1.033 1.0402 1.0057 1.0232 1.0343 1.0061 1.0129 1.0052 1.0298 
1.0433 1.0119 1.003 1.0415 1.03 1.0146 1.0152 1.0361 1.0134 1.0333 
1.0483 1.031 1.0092 1.0018 1.0308 1.0289 1.0345 1.0257 1.0405 1.0102 
1.0463 1.0187 1.034 1.0333 1.0096 1.049 1.0078 1.0471 1.0041 1.0147 
1.0288 1.0266 1.0382 1.0153 1.0278 1.0452 1.0323 1.0384 1.0444 1.0149 
1.0489 1.027 1.0049 1.0208 1.014 1.0437 1.0137 1.0034 1.0461 1.0097 
1.011 1.0009 1.0387 1.0294 1.0003 1.0425 1.0222 1.0073 1.0021 1.0288 
1.0139 1.0224 1.0181 1.0431 1.0134 1.0468 1.0318 1.0451 1.0341 1.0055 
1.0247 1.0125 1.0268 1.0057 1.0208 1.009 1.005 1.043 1.0101 1.019 
1.0035 1.0301 1.0254 1.0183 1.015 1.0283 1.0197 1.016 1.0269 1.0035 
1.0302 1.0302 1.0022 1.0084 1.0449 1.0267 1.0125 1.0215 1.0385 1.0201 
1.0147 1.0403 1.0255 1.0173 1.0317 1.0499 1.0348 1.0217 1.0197 1.0455 
1.0059 1.0439 1.0172 1.0409 1.0338 1.0083 1.0173 1.0245 1.0072 1.0215 
1.0133 1.045 1.0223 1.0292 1.0347 1.038 1.0291 1.0168 1.043 1.0091 
1.0279 1.0494 1.0325 1.0137 1.0106 1.0029 1.0314 1.0371 1.042 1.0317 
1.0054 1.0127 1.0283 1.0354 1.0151 1.0042 1.046 1.0103 1.0435 1.0468 
1.0258 1.0422 1.0081 1.0136 1.0189 1.0472 1.0294 1.0227 1.0355 1.0347 
1.0033 1.0139 1.0131 1.009 1.025 1.0088 1.0426 1.0317 1.0383 1.0297 
1.0282 1.0426 1.0312 1.0295 1.0029 1.0359 1.0161 1.0095 1.0054 1.0137 
1.0441 1.0133 1.0105 1.0428 1.0022 1.0025 1.0437 1.036 1.037 1.0401 
1.0005 1.0172 1.0023 1.0411 1.0407 1.002 1.0055 1.032 1.0017 1.0244 
1.0021 1.0249 1.0317 1.0475 1.0456 1.0162 1.0036 1.0462 1.0493 1.008 
1.0114 1.005 1.0219 1.0115 1.0176 1.0271 1.0075 1.0287 1.0265 1.0177 
1.0304 1.0338 1.0285 1.013 1.0468 1.0307 1.0438 1.0054 1.0127 1.0022 
1.0169 1.0444 1.0364 1.0172 1.0009 1.0242 1.0494 1.0164 1.0458 1.0362 
1.0384 1.0482 1.0006 1.0013 1.0284 1.0486 1.0446 1.0105 1.0429 1.0212 
1.0343 1.0147 1.0347 1.0439 1.0259 1.0027 1.0235 1.0468 1.0085 1.0426 
1.0415 1.0381 1.0385 1.0327 1.0223 1.0125 1.0174 1.0165 1.0457 1.0397 
1.043 1.0041 1.021 1.0436 1.0192 1.0132 1.0481 1.0211 1.0413 1.0207 
1.0483 1.0096 1.0169 1.0229 1.0312 1.0263 1.0171 1.0357 1.0441 1.0417 
1.011 1.0145 1.0122 1.0441 1.0349 1.0266 1.0282 1.0177 1.0497 1.0225 
1.0401 1.0386 1.0073 1.0401 1.0486 1.0282 1.0398 1.0014 1.0141 1.0253 
1.0252 1.0473 1.0242 1.0081 1.0041 1.0121 1.0498 1.0067 1.0445 1.0165 
1.0269 1.0187 1.0074 1.0187 1.0209 1.0479 1.0497 1.0181 1.0171 1.001 
1.0188 1.0102 1.0139 1.035 1.0185 1.0467 1.0101 1.0245 1.0019 1.0038 
1.0121 1.0164 1.0355 1.015 1.0386 1.0321 1.0158 1.0057 1.0266 1.0498 
1.0025 1.0151 1.0348 1.0353 1.0101 1.0031 1.0196 1.0161 1.0177 1.0147 
1.012 1.0051 1.0096 1.0015 1.0275 1.0438 1.0283 1.0346 1.0154 1.0288 
1.0246 1.0285 1.03 1.0496 1.033 1.034 1.0234 1.0047 1.0248 1.0206 
1.0195 1.0436 1.0035 1.0134 1.0178 1.0071 1.022 1.0163 1.009 1.039 
1.0221 1.0093 1.0001 1.0301 1.0402 1.0386 1.0436 1.0188 1.0367 1.0036 
1.0314 1.0259 1.0105 1.0107 1.0119 1.0194 1.0001 1.0065 1.0246 1.0304 
1.0139 1.024 1.0194 1.0153 1.0316 1.002 1.0434 1.0309 1.0485 1.0033 
1.0192 1.0187 1.0213 1.0336 1.0131 1.0346 1.008 1.0405 1.0007 1.0106 
1.035 1.0151 1.0496 1.0478 1.0451 1.0091 1.0469 1.0397 1.0372 1.0434 
1.006 1.0179 1.0259 1.0102 1.0159 1.035 1.0386 1.0367 1.0164 1.008 
1.0053 1.0098 1.0057 1.0274 1.0381 1.0006 1.0429 1.0045 1.0475 1.0233 
1.0431 1.0392 1.0162 1.0161 1.0417 1.0114 1.0008 1.0295 1.0107 1.0442 
1.0468 1.0139 1.0413 1.0304 1.0136 1.0474 1.0277 1.019 1.0287 1.032 
1.0326 1.0171 1.0449 1.005 1.007 1.0334 1.0205 1.0159 1.026 1.0302 
1.0032 1.0302 1.0373 1.0404 1.0149 1.042 1.0236 1.0146 1.0064 1.0313 
1.0205 1.0055 1.0455 1.0296 1.0224 1.0391 1.0326 1.0234 1.0261 1.0497 
1.0469 1.0179 1.0281 1.0218 1.0456 1.0353 1.0298 1.0175 1.0345 1.0437 
1.036 1.0102 1.049 1.0011 1.0325 1.0396 1.0405 1.0368 1.029 1.0099 
1.024 1.021 1.0066 1.0394 1.0254 1.0104 1.0315 1.0197 1.0021 1.0071 
1.031 1.0256 1.037 1.0328 1.0036 1.0402 1.0029 1.0402 1.0174 1.0338 
1.0214 1.0367 1.0336 1.024 1.0188 1.0266 1.0266 1.0352 1.044 1.0335 
1.0251 1.0271 1.0486 1.025 1.0447 1.0115 1.0233 1.0385 1.015 1.0021 
1.0245 1.0337 1.0221 1.0414 1.014 1.0271 1.0001 1.0177 1.0422 1.0403 
1.0349 1.0254 1.0402 1.0328 1.0241 1.0288 1.0336 1.0437 1.0201 1.0182 
1.0281 1.0303 1.0234 1.0045 1.0355 1.0273 1.0163 1.0461 1.0477 1.0345 
1.0066 1.0476 1.0086 1.046 1.0473 1.0311 1.0113 1.0131 1.046 1.035 
1.0218 1.0026 1 1.0283 1.0219 1.0321 1.0498 1.0398 1.0437 1.0437 
1.0193 1.0192 1.0367 1.0038 1.0496 1.0378 1.0499 1.0283 1.0251 1.0408 
1.0016 1.0045 1.0343 1.0216 1.0233 1.0067 1.0143 1.0019 1.0372 1.0421 
1.0142 1.023 1.0333 1.0412 1.0327 1.0018 1.0455 1.0466 1.0208 1.0499 
1.0095 1.011 1.0026 1.0149 1.0392 1.0226 1.0432 1.0008 1.0367 1.0091 
1.0342 1.036 1.0368 1.0397 1.0364 1.0248 1.0204 1.0487 1.0063 1.0235 
1.0181 1.0005 1.011 1.0247 1.0282 1.0205 1.0357 1.0406 1.0316 1.0002 
1.0343 1.033 1.0246 1.034 1.0046 1.025 1.0459 1.0444 1.0079 1.0214 
1.0273 1.0442 1.0057 1.0381 1.0496 1.0468 1.0458 1.0313 1.012 1.0392 
1.0284 1.0119 1.0288 1.0099 1.0374 1.0068 1.0183 1.032 1.0303 1.0395 
1.0024 1.0023 1.0014 1.048 1.0426 1.0246 1.0351 1.0082 1.0156 1.0083 
1.038 1.0356 1.0099 1.0352 1.0272 1.0232 1.0079 1.0144 1.0288 1.0005 
1.0166 1.035 1.0223 1.0257 1.0121 1.0306 1.0079 1.0442 1.0447 1.0375 
1.0472 1.029 1.0217 1.0007 1.0009 1.0276 1.0235 1.0418 1.0333 1.0465 
1.0055 1.0425 1.0456 1.0071 1.0323 1.0109 1.0422 1.0101 1.0247 1.0463 
1.0499 1.0459 1.0357 1.0201 1.0247 1.0399 1.036 1.0084 1.0283 1.0196 
1.0355 1.0256 1.0161 1.0394 1.0014 1.0287 1.0257 1.0394 1.0373 1.0214 
1.0141 1.0112 1.0408 1.0136 1.0031 1.0342 1.0027 1.0164 1.0199 1.0334 
1.0343 1.0086 1.007 1.0123 1.0344 1.0325 1.0285 1.022 1.0097 1.0275 
1.0414 1.0166 1.0017 1.0088 1.0458 1.0171 1.0251 1.0083 1.0326 1.0054 
1.014 1.0195 1.0215 1.0429 1.0451 1.0201 1.0004 1.0161 1.0085 1.0047 
1.0285 1.0477 1.0427 1.0257 1.0158 1.0489 1.0309 1.0033 1.0252 1.0128 
1.0444 1.0076 1.0308 1.0304 1.011 1.0231 1.0438 1.021 1.0444 1.0431 
1.0191 1.0021 1.0132 1.0461 1.0482 1.0254 1.0368 1.026 1.0415 1.01 
1.0243 1.0484 1.0221 1.0269 1.0007 1.0375 1.0291 1.0362 1.0031 1.0142 
1.0393 1.0388 1.0157 1.0303 1.0476 1.0035 1.0178 1.0012 1.0005 1.0365 
1.0129 1.0059 1.0469 1.0138 1.0313 1.0079 1.0431 1.0351 1.0291 1.0341 
1.0445 1.0276 1.0076 1.044 1.047 1.0111 1.0343 1.0158 1.0404 1.0322 
1.039 1.0472 1.0171 1.0495 1.0012 1.0392 1.0034 1.0166 1.033 1.0069 
1.0284 1.0351 1.0486 1.001 1.0415 1.0026 1.048 1.0355 1.0305 1.0143 
1.0069 1.0288 1.0182 1.0385 1.0224 1.0383 1.0354 1.0062 1.0107 1.0244 
1.0377 1.0063 1.0097 1.0347 1.0112 1.0106 1.0198 1.0398 1.0275 1.0013 
1.0004 1.0468 1.0227 1.0109 1.0447 1.0449 1.023 1.0115 1.0259 1.0095 
1.0141 1.0286 1.03 1.0064 1.0122 1.0397 1.0195 1.0017 1.0149 1.0414 
1.0187 1.0126 1.0427 1.0023 1.0198 1.0059 1.0493 1.0303 1.0421 1.0462 
1.0399 1.0473 1.0009 1.005 1.0005 1.0245 1.0392 1.0428 1.045 1.0151 
1.0112 1.0112 1.0462 1.006 1.0498 1.0326 1.0131 1.0098 1.0329 1.0317 
1.046 1.0083 1.0223 1.038 1.0214 1.0485 1.0336 1.0403 1.0352 1.0368 
1.0303 1.0149 1.0209 1.0217 1.0182 1.0123 1.0083 1.0254 1.0185 1.0083 
1.0054 1.019 1.0329 1.0418 1.0353 1.021 1.0157 1.0242 1.0256 1.0083 
1.0262 1.0461 1.0147 1.0218 1.0035 1.0238 1.0234 1.001 1.0451 1.0145 
1.0053 1.0473 1.041 1.0336 1.0454 1.0497 1.0262 1.0267 1.0216 1.0132 
1.0103 1.0474 1.0394 1.0062 1.0072 1.0332 1.0385 1.0407 1.0455 1.0172 
1.0179 1.0492 1.0498 1.0127 1.0057 1.009 1.0392 1.0015 1.0462 1.0236 
1.012 1.0355 1.0411 1.002 1.0332 1.0062 1.0021 1.0342 1.0284 1.0029 
1.0417 1.0268 1.0404 1.0208 1.0232 1.0449 1.0028 1.034 1.046 1.0215 
1.0086 1.006 1.0457 1.0278 1.0409 1 1.0135 1.0435 1.0044 1.0185 
1.0478 1.0349 1.0213 1.0269 1.0339 1.0307 1.0335 1.0214 1.0171 1.0395 
1.0118 1.0463 1.0222 1.0477 1.0101 1.0086 1.0233 1.0038 1.002 1.0232 
1.0427 1.0163 1.0392 1.0469 1.0357 1.0204 1.0127 1.0267 1.0276 1.0186 
1.0461 1.0034 1.0003 1.0309 1.0471 1.0165 1.0469 1.0058 1.0137 1.0031 
1.0339 1.004 1.0231 1.0355 1.019 1.0235 1.0351 1.0188 1.0208 1.0366 
1.0206 1.0269 1.0468 1.0473 1.0232 1.012 1.0215 1.0311 1.0421 1.0318 
1.0437 1.0166 1.0289 1.0043 1.0433 1.0459 1.0198 1.0286 1.0492 1.0459 
1.0169 1.0142 1.0102 1.0474 1.0191 1.0498 1.0173 1.0019 1.006 1.0286 
1.0103 1.0244 1.0037 1.0447 1.0251 1.0496 1.0145 1.0014 1.0313 1.0485 
1.0389 1.0079 1.0329 1.0395 1.0162 1.0472 1.0267 1.0347 1.0299 1.0379 
1.032 1.0092 1.0347 1.0027 1.0176 1.0239 1.0362 1.042 1.0013 1.0392 
1.0086 1.0236 1.0274 1.0028 1.0333 1.023 1.0271 1.0077 1.0121 1.0376 
1.0104 1.0124 1.0465 1.0179 1.0225 1.009 1.0426 1.0004 1.0217 1.0405 
1.024 1.0197 1.0462 1 1.0267 1.0054 1.0184 1.039 1.0243 1.0384 
1.0107 1.0418 1 1.0013 1.0486 1.0154 1.0014 1.0157 1.0477 1.019 
1.0399 1.0217 1.0115 1.0472 1.0411 1.0018 1.0385 1.009 1.0147 1.0445 
1.0101 1.0074 1.0359 1.0228 1.0378 1.012 1.0009 1.0443 1.0158 1.0324 
1.0365 1.0391 1.0346 1.0322 1.0321 1.0483 1.0375 1.0139 1.0064 1.0398 
1.0145 1.0234 1.0131 1.0432 1.0116 1.0047 1.0325 1.0464 1.0092 1.0003 
1.03 1.0181 1.0409 1.0373 1.0286 1.016 1.0123 1.0083 1.0101 1.0033 
1.0272 1.0451 1.0389 1.0214 1.0176 1.0487 1.0323 1.0324 1.0484 1.047 
1.0031 1.0231 1.0038 1.0342 1.0489 1.0072 1.0179 1.0183 1.0401 1.0157 
1.0154 1.0026 1.0381 1.0221 1.0469 1.0366 1.0291 1.0488 1.0206 1.0217 
1.0055 1.0017 1.0068 1.0258 1.0044 1.0323 1.0033 1.0493 1.0421 1.0373 
1.0033 1.002 1.0099 1.0065 1.0212 1.0036 1.0289 1.0006 1.0089 1.0256 
1.0169 1.0204 1.0441 1.0354 1.0065 1.0229 1.0358 1.0161 1.0437 1.041 
1.0194 1.0278 1.0295 1.0243 1.0266 1.0313 1.039 1.0231 1.0146 1.0116 
1.0319 1.0354 1.0116 1.0204 1.0248 1.0384 1.0248 1.0003 1.01 1.0258 
1.027 1.0488 1.022 1.0219 1.0038 1.0307 1.0014 1.0452 1.0452 1.0447 
1.0387 1.0124 1.0448 1.0415 1.0265 1.0375 1.0263 1.0157 1.0087 1.0381 
1.0035 1.0025 1.0097 1.0306 1.0462 1.0178 1.0327 1.0371 1.025 1.0156 
1.0204 1.0204 1.0017 1.0345 1.0282 1.0048 1.0096 1.0205 1.0299 1.026 
1.0106 1.0456 1.0139 1.0335 1.0048 1.0239 1.0321 1.0001 1.0022 1.0249 
1.0128 1.0295 1.0207 1.0083 1.0123 1.0158 1.0214 1.0482 1.0478 1.0484 
1.0077 1.0305 1.0066 1.0303 1.0303 1.0406 1.0342 1.0043 1.0285 1.0457 
1.0013 1.0139 1.0012 1.0462 1.002 1.0447 1.0169 1.029 1.0072 1.0024 
1.0256 1.0254 1.0335 1.0155 1.0462 1.0351 1.0177 1.0227 1.0186 1.0165 
1.0215 1.0377 1.015 1.0453 1.0135 1.0209 1.0239 1.0492 1.0294 1.0258 
1.0265 1.0238 1.0426 1.0466 1.0039 1.0055 1.0458 1.0171 1.0171 1.0037 
1.0036 1.0238 1.0477 1.0182 1.0366 1.015 1.0358 1.0048 1.0023 1.0179 
1.0066 1.0354 1.0112 1.0479 1.0109 1.0032 1.0341 1.0352 1.0078 1.0306 
1.0093 1.0052 1.0257 1.0349 1.0027 1.0433 1.0463 1.0134 1.0213 1.0153 
1.0279 1.0339 1.0486 1.0053 1.0176 1.0127 1.0207 1.0276 1.0008 1.0322 
1.0373 1.0034 1.0415 1.0453 1.0383 1.0222 1.0421 1.0367 1.0493 1.0125 
1.048 1.0292 1.0027 1.0484 1.0469 1.0284 1.0252 1.0156 1.02 1.0144 
1.0109 1.0075 1.0169 1.0324 1.0411 1.027 1.045 1.0421 1.0448 1.0425 
1.0019 1.0285 1.0156 1.0434 1.0005 1.0447 1.0498 1.0238 1.0042 1.0049 
1.0224 1.02 1.0244 1.0474 1.0449 1.0119 1.0204 1.0237 1.0021 1.0066 
1.0304 1.0339 1.0106 1.0322 1.0344 1.0441 1.021 1.0236 1.0034 1.001 
1.0275 1.0064 1.0285 1.0442 1.0014 1.0406 1.0443 1.0131 1.0067 1.0198 
1.0453 1.049 1.0041 1.0173 1.0346 1.0421 1.0113 1.0257 1.0182 1.0292 
1.0471 1.0289 1.0242 1.029 1.0193 1.005 1.0029 1.0405 1.0302 1.0261 
1.0109 1.012 1.0406 1.0095 1.0458 1.0224 1.0077 1.0097 1.0014 1.0077 
1.0029 1.0475 1.0194 1.0371 1.0435 1.0223 1.0367 1.0012 1.0036 1.0434 
1.0489 1.0227 1.0148 1.0227 1.0348 1.0338 1.0492 1.0383 1.0008 1.0056 
1.0021 1.0199 1.0226 1.0286 1.0228 1.0456 1.0251 1.0027 1.0347 1.0008 
1.0177 1.0401 1.0387 1.0213 1.0024 1.0263 1.0384 1.0187 1.0063 1.0208 
1.0102 1.0457 1.0195 1.0288 1.0122 1.0441 1.0403 1.0409 1.0156 1.0448 
1.0088 1.0199 1.0182 1.0064 1.031 1.0321 1.0121 1.0288 1.0096 1.014 
1.0154 1.0223 1.0497 1.0336 1.0015 1.0292 1.0264 1.0166 1.0311 1.0485 
1.0097 1.0207 1.0028 1.0336 1.0396 1.0343 1.0139 1.0379 1.0058 1.047 
1.0474 1.0147 1.0101 1.0297 1.0085 1.0182 1.0229 1.0384 1.0369 1.0234 
1.0252 1.0314 1.02 1.0017 1.0446 1.0122 1.008 1.0328 1.0257 1.0276 
1.032 1.0389 1.0238 1.0095 1.0396 1.0117 1.0213 1.0222 1.0397 1.0072 
1.0105 1.0069 1.0064 1.031 1.0368 1.001 1.0441 1.0073 1.049 1.0179 
1.032 1.0212 1.0468 1.0193 1.0443 1.0484 1.0171 1.0309 1.0118 1.0173 
1.0336 1.045 1.0267 1.0095 1.0198 1.0196 1.032 1.0281 1.0289 1.0455 
1.0343 1.0174 1.0014 1.0495 1.0112 1.031 1.0269 1.0158 1.0448 1.0307 
1.0206 1.0454 1.0422 1.0104 1.0015 1.0118 1.0018 1.0334 1.0424 1.0495 
1.0497 1.0182 1.016 1.0471 1.0456 1.0382 1.0328 1.0412 1.0278 1.0116 
1.0026 1.0194 1.0372 1.0491 1.0123 1.0187 1.0132 1.0254 1.0439 1.0258 
1.0017 1.0374 1.02 1.0002 1.0419 1.0032 1.0458 1.0392 1.0312 1.04 
1.0402 1.0355 1.0417 1.0216 1.0378 1.0088 1.0139 1.0384 1.012 1.0461 
1.0352 1.0109 1.0149 1.0053 1.0294 1.0148 1.018 1.0289 1.0278 1.0452 
1.0307 1.0253 1.0277 1.0084 1.0401 1.0194 1.0423 1.035 1.0116 1.0443 
1.0163 1.017 1.0173 1.0341 1.0143 1.0335 1.0394 1.044 1.032 1.0351 
1.0207 1.0102 1.0185 1.0254 1.034 1.0346 1.0204 1.0157 1.0342 1.033 
1.0461 1.0018 1.0056 1.0248 1.0302 1.0131 1.0144 1.0447 1.0146 1.0186 
1.0102 1.0163 1.0086 1.018 1.0444 1.0254 1.0305 1.0371 1.0439 1.0363 
1.0147 1.046 1.0129 1.0408 1.0484 1.0009 1.0107 1.0276 1.0342 1.0417 
1.0404 1.0076 1.0228 1.027 1.0163 1.031 1.0117 1.01 1.0442 1.0219 
1.0328 1.0138 1.0052 1.0373 1.0081 1.0122 1.01 1.0401 1.0368 1.016 
1.0234 1.0121 1.0288 1.0435 1.0333 1.0494 1.0363 1.0143 1.0445 1.0012 
1.02 1.0414 1.0304 1.0414 1.0229 1.0258 1.0324 1.0167 1.023 1.0426 
1.041 1.0053 1.0114 1.0073 1.0321 1.0052 1.0132 1.0075 1.0396 1.0171 
1.036 1.0005 1.0254 1.0175 1.0092 1.0119 1.0408 1.0288 1.0193 1.0088 
1.0411 1.038 1.0486 1.025 1.0383 1.0001 1.0139 1.0306 1.0098 1.0207 
1.0134 1.0399 1.0342 1.0262 1.021 1.029 1.013 1.0377 1.0135 1.0204 
1.0265 1.0494 1.0178 1.0483 1.0036 1.0376 1.0121 1.005 1.0081 1.0263 
1.025 1.0316 1.0049 1.0139 1.032 1.0418 1.0127 1.0275 1.0038 1.0208 
1.0229 1.0283 1.0463 1.0425 1.0167 1.0476 1.0122 1.0166 1.015 1.0451 
1.047 1.0025 1.0279 1.0384 1.0244 1.0102 1.0371 1.0272 1.0156 1.0042 
1.0489 1.0238 1.007 1.0034 1.0194 1.0238 1.0343 1.003 1.0196 1.0019 
1.0266 1.0027 1.0058 1.0406 1.0106 1.0069 1.0227 1.0402 1.0488 1.0241 
1.0346 1.0038 1.0002 1.0478 1.0113 1.0093 1.0156 1.0178 1.0076 1.0376 
1.0462 1.03 1.0139 1.0005 1.0361 1.0187 1.0206 1.0291 1.0105 1.005 
1.0122 1.0062 1.0067 1.0258 1.0145 1.0016 1.0436 1.0211 1.0002 1.0024 
1.0014 1.0327 1.0205 1.0134 1.0273 1.0087 1.0423 1.0023 1.0268 1.0495 
1.0259 1.0323 1.0213 1.0452 1.0252 1.0008 1.0091 1.0455 1.0471 1.0337 
1.0411 1.0293 1.0075 1.0274 1.0249 1.0474 1.0073 1.0018 1.0467 1.0119 
1.0111 1.0138 1.0234 1.0007 1.0276 1.0092 1.0312 1.0227 1.0435 1.0284 
1.0306 1.0072 1.0015 1.0213 1.0071 1.0173 1.0152 1.0164 1.0364 1.0254 
1.0358 1.038 1.0245 1.0465 1.0406 1.011 1.0184 1.0179 1.0023 1.0207 
1.0005 1.018 1.0351 1.0353 1.0054 1.0066 1.0058 1.0263 1.0328 1.0163 
1.0082 1.0367 1.0093 1.0166 1 1.0075 1.0179 1.0297 1.0034 1.0236 
1.0081 1.004 1.007 1.0317 1.0308 1.0388 1.0333 1.0027 1.0113 1.038 
1.0091 1.0307 1.0265 1.0172 1.0122 1.0089 1.0405 1.0061 1.0149 1.0391 
1.0011 1.0011 1.0175 1.0273 1.0249 1.0038 1.036 1.0096 1.0092 1.0006 
1.0307 1.03 1.0044 1.0433 1.006 1.0239 1.0282 1.0007 1.0021 1.0067 
1.007 1.0323 1.0236 1.0239 1.0179 1.0185 1.0035 1.0272 1.0355 1.0245 
1.0362 1.0149 1.0003 1.0043 1.0392 1.0313 1.0262 1.0449 1.0028 1.016 
1.012 1.0105 1.0482 1.0441 1.005 1.0128 1.0043 1.0434 1.0033 1.0118 
1.0201 1.0117 1.0496 1.0022 1.0138 1.0349 1.0162 1.0468 1.0038 1.0448 
1.0304 1.0417 1.0307 1.0136 1.0426 1.0347 1.0357 1.0147 1.0451 1.0134 
1.0235 1.0348 1.0018 1.025 1.048 1.0358 1.03 1.0486 1.0253 1.0315 
1.0408 1.0136 1.0085 1.0269 1.0324 1.0462 1.027 1.0416 1.0044 1.0389 
1.0256 1.0168 1.0448 1.034 1.0116 1.0416 1.0354 1.0166 1.0335 1.0408 
1.047 1.0096 1.0427 1.013 1.0258 1.0253 1.0128 1.0259 1.0324 1.0175 
1.0218 1.0293 1.0202 1.0099 1.0259 1.0036 1.0156 1.0363 1.0128 1.0409 
1.044 1.0399 1.0453 1.0065 1.0119 1.0013 1.0212 1.0178 1.0038 1.033 
1.0194 1.011 1.0303 1.027 1.0148 1.0177 1.0492 1.0009 1.0395 1.0165 
1.0184 1.0295 1.0491 1.0172 1.0197 1.0161 1.0409 1.0401 1.0394 1.0217 
1.0231 1.0426 1.0342 1.0108 1.0068 1.035 1.0445 1.0209 1.0008 1.0109 
1.025 1.0053 1.0013 1.028 1.0264 1.0169 1.0163 1.0082 1.0392 1.0036 
1.0389 1.0443 1.011 1.0254 1.038 1.0417 1.0084 1.0331 1.0203 1.0428 
1.0269 1.0484 1.0124 1.033 1.0262 1.0206 1.0414 1.0207 1.0422 1.0168 
1.0208 1.0253 1.0441 1.044 1.0476 1.0019 1.027 1.0237 1.0028 1.0407 
1.0042 1.0236 1.0125 1.0433 1.0364 1.0159 1.0484 1.0222 1.0307 1.0273 
1.0378 1.0226 1.0112 1.0359 1.0106 1.0074 1.0161 1.0274 1.0174 1.0472 
1.011 1.0366 1.0307 1.0386 1.0013 1.0143 1.0177 1.0477 1.0301 1.019 
1.0054 1.0335 1.0242 1.0098 1.0295 1.036 1.0037 1.0355 1.0392 1.0178 
1.0258 1.0234 1.0381 1.0018 1.0321 1.0311 1.0038 1.034 1.0445 1.0244 
1.0013 1.0454 1.0401 1.0283 1.0021 1.0177 1.0081 1.0273 1.0381 1.0077 
1.0473 1.0444 1.0113 1.0246 1.0277 1.0033 1.0429 1.0223 1.0089 1.019 
1.0019 1.0066 1.0313 1.0084 1.0266 1.0232 1.0427 1.0008 1.0268 1.001 
1.0007 1.0435 1.0163 1.0076 1.0056 1.0402 1.0163 1.0025 1.0013 1.0223 
1.0463 1.0359 1.0163 1.0454 1.0067 1.0485 1.0377 1.0235 1.0264 1.0298 
1.0312 1.0284 1.0002 1.0332 1.026 1.0309 1.049 1.0412 1.0222 1.0158 
1.0167 1.0088 1.0151 1.0021 1.0299 1.0038 1.0129 1.0177 1.0497 1.0455 
1.0321 1.0078 1.0201 1.0372 1.0149 1.0413 1.0297 1.0287 1.0223 1.0354 
1.0415 1.021 1.0293 1.0189 1.0037 1.0115 1.0139 1.0018 1.0459 1.0183 
1.017 1.0169 1.0167 1.004 1.0202 1.006 1.0201 1.0085 1.0046 1.0062 
1.0114 1.0186 1.027 1.0468 1.0319 1.0243 1.0009 1.0481 1.025 1.0317 
1.0248 1.0092 1.0364 1.0125 1.0026 1.0264 1.0075 1.0483 1.017 1.0439 
1.0145 1.014 1.0495 1.022 1.019 1.0264 1.0162 1.0429 1.0363 1.0308 
1.0293 1.0018 1.0095 1.0134 1.0106 1.0449 1.0146 1.0376 1.0417 1.0322 
1.0088 1.0469 1.0026 1.0303 1.0271 1.0489 1.0263 1.0035 1.036 1.0433 
1.0093 1.042 1.0232 1.0264 1.0057 1.046 1.0445 1.0084 1.0485 1.016 
1.0378 1.0039 1.0192 1.024 1.0311 1.0411 1.0222 1.0163 1.015 1.0256 
1.0383 1.0104 1.0071 1.0229 1.0155 1.0195 1.0205 1.0094 1.0158 1.0368 
1.0125 1.0156 1.0025 1.0392 1.0274 1.0042 1.028 1.0309 1.0403 1.0018 
1.0141 1.0173 1.0253 1.0495 1.0197 1.0126 1.0159 1.0486 1.0262 1.0137 
1.0242 1.041 1.0245 1.0462 1.0144 1.0116 1.0177 1.0098 1.0374 1.0275 
1.0396 1.026 1.0162 1.0237 1.0368 1.0213 1.0238 1.0042 1.0188 1.0423 
1.0053 1.0212 1.048 1.0472 1.0129 1.0363 1.0026 1.0378 1.0291 1.0094 
1.0355 1.025 1.0439 1.0178 1.0213 1.0038 1.0347 1.0239 1.0086 1.0459 
1.0125 1.0376 1.0297 1.005 1.0018 1.0222 1.0172 1.0053 1.0226 1.0376 
1.0101 1.039 1.0218 1.0042 1.0137 1.0412 1.0061 1.0447 1.0298 1.0169 
1.015 1.0327 1.0039 1.0235 1.0432 1.0445 1.0022 1.0474 1.0475 1.0205 
1.0321 1.0077 1.0447 1.0089 1.0245 1.0012 1.0266 1.0053 1.0003 1.0241 
1.0019 1.0469 1.0476 1.0142 1.0132 1.0078 1.016 1.0274 1.0007 1.0328 
1.0161 1.0139 1.0205 1.0278 1.0108 1.048 1.0054 1.0406 1.0044 1.0383 
1.0313 1.0478 1.0074 1.0141 1.0003 1.0187 1.0189 1.042 1.0002 1.017 
1.0111 1.0189 1.0232 1.0252 1.0331 1.0274 1.0431 1.025 1.0312 1.0386 
1.0067 1.0396 1.0399 1.0432 1.0179 1.0394 1.0264 1.0224 1.0008 1.0069 
1.0215 1.0148 1.0204 1.0291 1.0485 1.0191 1.033 1.0413 1.0443 1.0288 
1.0113 1.0099 1.0458 1.0196 1.0425 1.0309 1.0288 1.0155 1.0168 1.0217 
1.0111 1 1.025 1.009 1.036 1.0464 1.0088 1.0355 1.0233 1.0061 
1.0211 1.0218 1.0071 1.0123 1.0017 1.0231 1.0106 1.0154 1.0139 1.0163 
1.0157 1.0166 1.0207 1.0138 1.0458 1.0184 1.0336 1.0429 1.0261 1.0389 
1.0223 1.0336 1.0484 1.0219 1.0168 1.0191 1.0456 1.0118 1.0206 1.027 
1.015 1.0469 1.0183 1.0486 1.0212 1.0162 1.0376 1.0082 1.0277 1.0312 
1.0015 1.0074 1.0041 1.027 1.0489 1.0438 1.0274 1.0423 1.0035 1.0015 
1.0304 1.0084 1.0231 1.0086 1.0075 1.0233 1.0144 1.0225 1.0235 1.0015 
1.0327 1.0138 1.0135 1.0013 1.0315 1.0012 1.007 1.0358 1.0428 1.036 
1.0482 1.0295 1.0449 1.0093 1.0177 1.0358 1.0151 1.0384 1.0482 1.0306 
1.027 1.0247 1.0031 1.0315 1.0121 1.0179 1.028 1.0384 1.0339 1.0063 
1.0273 1.0011 1.0307 1.0155 1.0024 1.0181 1.0212 1.0053 1.0213 1.0039 
1.0345 1.0438 1.0225 1.0124 1.0343 1.0248 1.0208 1.0188 1.0372 1.0251 
1.0141 1.0345 1.0466 1.0386 1.0392 1.0432 1.0344 1.0219 1.0176 1.0137 
1.0125 1.0121 1.005 1.0002 1.0491 1.0249 1.01 1.0277 1.0081 1.0335 
1.0237 1.0305 1.0092 1.0151 1.0154 1.0439 1.0234 1.0344 1.0109 1.049 
1.0161 1.0011 1.0261 1.0171 1.0382 1.0235 1.0398 1.0249 1.0073 1.0007 
1.0285 1.004 1.0244 1.0128 1.0306 1.0048 1.0479 1.0437 1.0097 1.0493 
1.0307 1.0204 1.0107 1.0456 1.0157 1.0032 1.0205 1 1.0304 1.0264 
1.0458 1.0226 1.0049 1.0333 1.0101 1.0306 1.0224 1.0374 1.0465 1.0087 
1.0344 1.027 1.0116 1.0029 1.0047 1.0087 1.0418 1.0284 1.0198 1.0234 
1.0266 1.014 1.0145 1.0048 1.0117 1.0063 1.0015 1.0003 1.0458 1.0383 
1.0141 1.0436 1.0162 1.0365 1.0289 1.0043 1.0334 1.0084 1.0101 1.0231 
1.0269 1.0002 1.0376 1.0432 1.0125 1.0159 1.036 1.0351 1.0092 1.028 
1.0064 1.0317 1.0236 1.0383 1.026 1.0297 1.0396 1.0435 1.0435 1.0186 
1.0478 1.0123 1.0472 1.0332 1.0461 1.0378 1.0193 1.0399 1.0114 1.0498 
1.0499 1.0011 1.039 1.0285 1.0218 1.0078 1.0253 1.0339 1.0348 1.0278 
1.037 1.0374 1.0251 1.0021 1.0421 1.0006 1.0224 1.0197 1.0137 1.0116 
1.0476 1.0165 1.0311 1.0037 1.0202 1.0237 1.0427 1.0207 1.0364 1.0353 
1.0046 1.0392 1.0042 1.0497 1.0168 1.0002 1.0173 1.0451 1.0118 1.0134 
1.0082 1.0078 1.0354 1.0143 1.0256 1.0378 1.015 1.0181 1.0248 1.0036 
1.0398 1.0386 1.0455 1.0146 1.0455 1.0365 1.0339 1.0246 1 1.0062 
1.0394 1.0016 1.045 1.0498 1.0298 1.025 1.0347 1.0183 1.0337 1.0027 
1.0326 1.0154 1.0079 1.0234 1.0018 1.013 1.0302 1.0116 1.0467 1.02 
1.0452 1.018 1.0073 1.0297 1.0444 1.0035 1.0084 1.0163 1.0334 1.0268 
1.0148 1.0356 1.0168 1.0428 1.0398 1.0399 1.0169 1.0141 1.0467 1.0097 
1.0028 1.0407 1.0195 1.0435 1.0422 1.0043 1.0396 1.0153 1.0167 1.0356 
1.0401 1.017 1.0098 1.0007 1.0385 1.0368 1.0342 1.02 1.036 1.0411 
1.0011 1.0486 1.0475 1.0273 1.0326 1.0093 1.0339 1.0265 1.0238 1.0122 
1.0436 1.0016 1.0156 1.0422 1.0459 1.0367 1.0444 1.0112 1.0358 1.003 
1.0119 1.0449 1.0426 1.0356 1.0083 1.0009 1.0389 1.0089 1.027 1.0399 
1.0426 1.0172 1.0104 1.0164 1.0418 1.0001 1.0067 1.0408 1.0007 1.0454 
1.0027 1.0153 1.0458 1.0448 1.0121 1.0064 1.0101 1.0456 1.0276 1.0361 
1.0139 1.0282 1.0255 1.0103 1.0235 1.0142 1.0218 1.0184 1.0475 1.0254 
1.0371 1.0322 1.0105 1.0132 1.0214 1.0342 1.0439 1.0427 1.0312 1.0232 
1.0052 1.0375 1.0397 1.0311 1.0106 1.0172 1.008 1.0218 1.0088 1.0063 
1.0495 1.0219 1.0039 1.0201 1.0123 1.0027 1.0201 1.03 1.0449 1.0114 
1.0362 1.036 1.0118 1.012 1.0207 1.0093 1.0392 1.0409 1.0443 1.0481 
1.004 1.0049 1.0372 1.0092 1.0115 1.0179 1.0014 1.0402 1.048 1.0499 
1.0302 1.0436 1.0353 1.0497 1.019 1.0315 1.0366 1.032 1.0215 1.0382 
1.04 1.0154 1.037 1.037 1.0434 1.0106 1.0451 1.0479 1.0287 1.0028 
1.0059 1.0289 1.0024 1.0344 1.0049 1.002 1.0125 1.0385 1.0187 1.0156 
1.0295 1.0415 1.0106 1.0175 1.0473 1.0479 1.0288 1.0388 1.0349 1.0278 
1.008 1.0167 1.0068 1.0241 1.0419 1.029 1.034 1.0483 1.0345 1.0336 
1.0498 1.0175 1.0317 1.0252 1.0256 1.0224 1.0378 1.0197 1.0013 1.0174 
1.0426 1.0387 1.0286 1.0207 1.0312 1 1.0083 1.0297 1.0201 1.0419 
1.0227 1.0358 1.0318 1.0485 1.0357 1.0122 1.0225 1.0358 1.0307 1.0223 
1.0273 1.0291 1.0223 1.0371 1.0083 1.0006 1.0019 1.0493 1.037 1.0277 
1.0465 1.0029 1.0398 1.0086 1.0439 1.0237 1.0216 1.025 1.0393 1.0396 
1.0021 1.0181 1.0181 1.021 1.02 1.0282 1.031 1.0053 1.0104 1.0016 
1.0368 1.0386 1.0407 1.0163 1.0338 1.0447 1.0283 1.0422 1.0158 1.0419 
1.0487 1.0037 1.0149 1.0282 1.0066 1.0215 1.0334 1.0067 1.0062 1.0386 
1.0212 1.0263 1.0244 1.0414 1.0414 1.0185 1.0142 1.0163 1.0379 1.0406 
1.024 1.0242 1.0347 1.0265 1.0099 1.0053 1.036 1.0047 1.0215 1.011 
1.0004 1.0395 1.044 1.0105 1.007 1.031 1.03 1.0236 1.0003 1.0185 
1.0042 1.0488 1.0495 1.0163 1.0198 1.0094 1.0155 1.002 1.008 1.0316 
1.039 1.033 1.0114 1.0252 1.0055 1.0079 1.0381 1.0485 1.0445 1.0128 
1.0202 1.0412 1.0414 1.0276 1.0353 1.0228 1.0407 1.0496 1.0227 1.0351 
1.0037 1.0042 1.0101 1.0488 1.0368 1.0474 1.0275 1.0201 1.0156 1.0153 
1.0398 1.0048 1.0376 1.0016 1.0304 1.0464 1.0097 1.0209 1.0038 1.0335 
1.0424 1.0152 1.0204 1.0213 1.0035 1.0079 1.0102 1.0312 1.0214 1.0108 
1.011 1.0494 1.032 1.0214 1.0325 1.0206 1.0331 1.0318 1.0236 1.0486 
1.0192 1.0215 1.0392 1.0288 1.0212 1.0468 1.0223 1.0332 1.01 1.0462 
1.03 1.033 1.0002 1.0202 1.0245 1.0097 1.0272 1.0283 1.0207 1.0307 
1.0216 1.019 1.0279 1.0337 1.0457 1.0009 1.0055 1.0045 1.0293 1.0431 
1.0367 1.0366 1.0064 1.0231 1.0146 1.0353 1.0176 1.0235 1.0384 1.005 
1.0449 1.0342 1.0116 1.0356 1.0022 1.0363 1.0217 1.0384 1.0052 1.026 
1.0244 1.0358 1.0283 1.0295 1.0161 1.0326 1.038 1.0128 1.0384 1.0067 
1.0338 1.0288 1.0362 1.0334 1.0327 1.0455 1.0156 1.0141 1.0224 1.048 
1.0129 1.0008 1.0319 1.0049 1.0383 1.0379 1.0005 1.0073 1.0308 1.0397 
1.0328 1.0078 1.0434 1.0157 1.0423 1.0322 1.0016 1.0139 1.0008 1.0198 
1.0278 1.0182 1.0153 1.0213 1.0439 1.0311 1.033 1.027 1.0402 1.044 
1.0453 1.0071 1.0368 1.0138 1.0143 1.0408 1.0479 1.022 1.0379 1.0275 
1.0038 1.0465 1.0344 1.0002 1.0211 1.032 1.0051 1.0252 1.0168 1.0158 
1.0054 1.0311 1.0459 1.0155 1.0335 1.0074 1.0456 1.0264 1.0176 1.0017 
1.0276 1.016 1.0331 1.0261 1.0375 1.011 1.0412 1.0474 1.0466 1.0355 
1.0407 1.0494 1.0331 1.0421 1.0099 1.0419 1.0496 1.0046 1.0224 1.0304 
1.031 1.0301 1.0485 1.022 1.0129 1.037 1.0423 1.0051 1.0063 1.0356 
1.0298 1.047 1.0459 1.0292 1.0001 1.0345 1.0492 1.0291 1.0108 1.0463 
1.0118 1.038 1.0333 1.0064 1.0103 1.0027 1.0118 1.0218 1.0425 1.0157 
1.0174 1.0046 1.0196 1.0457 1.0062 1.0104 1.0174 1.0366 1.0294 1.0137 
1.0282 1.0022 1.0312 1.0328 1.0273 1.0251 1.0248 1.0127 1.0122 1.0356 
1.0464 1.0287 1.0465 1.0474 1.0238 1.0099 1.0174 1.0355 1.0216 1.0177 
1.0047 1.0359 1.0236 1.0358 1.0183 1.0285 1.0068 1.0071 1.0193 1.0268 
1.0499 1.0332 1.0196 1.0167 1.0197 1.0451 1.0296 1.027 1.0263 1.026 
1.0341 1.0414 1.0314 1.0483 1.0446 1.0438 1.0378 1.0059 1.016 1.0447 
1.0198 1.0238 1.0428 1.0177 1.0154 1.0129 1.0459 1.0379 1.0276 1.0158 
1.0001 1.0053 1.0499 1.0482 1.0221 1.0199 1.0385 1.0396 1.005 1.0469 
1.0111 1.0439 1.0448 1.0113 1.0442 1.0087 1.0217 1.046 1.0416 1.0143 
1.0314 1.0309 1.0159 1.0341 1.0318 1.0095 1.0386 1.0094 1.0277 1.0405 
1.0286 1.0327 1.0132 1.0351 1.0394 1.0481 1.0141 1.0298 1.0369 1.0414 
1.0277 1.0355 1.0031 1.0404 1.0417 1.0301 1.0423 1.0025 1.0185 1.0348 
1.0121 1.0435 1.0146 1.0222 1.0488 1.0012 1.018 1.0108 1.0185 1.0033 
1.0023 1.0428 1.0185 1.0009 1.0297 1.0378 1.0155 1.03 1.0268 1.0076 
1.0397 1.0149 1.0395 1.0254 1.0404 1.0475 1.0015 1.0097 1.0394 1.0423 
1.044 1.0262 1.0204 1.0027 1.0074 1.047 1.0329 1.0049 1.0425 1.0138 
1.0022 1.0039 1.0383 1.0088 1.0085 1.0021 1.046 1.0008 1.0467 1.0152 
1.0318 1.0416 1.0276 1.021 1.0078 1.0144 1.025 1.0249 1.0342 1.0091 
1.0211 1.0064 1.0017 1.0213 1.0018 1.0056 1.0076 1.0037 1.0081 1.0103 
1.0219 1.0491 1.0234 1.0211 1.0139 1.0225 1.0124 1.0113 1.0033 1.0159 
1.0349 1.0363 1.0303 1.0475 1.0035 1.0363 1.0445 1.0126 1.0496 1.0401 
1.0098 1.0409 1.0289 1.0429 1.0436 1.0371 1.0287 1.0236 1.0466 1.0179 
1.0205 1.0291 1.0369 1.0292 1.034 1.0265 1.0373 1.0183 1.0227 1.0228 
1.0376 1.0213 1.0266 1.004 1.0335 1.0341 1.003 1.0075 1.0064 1.0384 
1.0211 1.0384 1.0084 1.0344 1.03 1.0156 1.0166 1.0254 1.041 1.0098 
1.0387 1.0387 1.0148 1.0424 1.0471 1.0053 1.0494 1.0462 1.0336 1.0273 
1.0349 1.0007 1.0065 1.0096 1.0017 1.0096 1.009 1.0142 1.0068 1.0199 
1.0487 1.0258 1.037 1.0228 1.0162 1.0263 1.0441 1.0352 1.0157 1.0467 
1.0196 1.0175 1.0314 1.0158 1.0151 1.0206 1.0033 1.0405 1.0456 1.0069 
1.0039 1.0348 1.016 1.0212 1.0393 1.0357 1.0383 1.0261 1.0344 1.0242 
1.0321 1.0325 1.0446 1.0172 1.009 1.0012 1.0029 1.0468 1.0468 1.0278 
1.0042 1.0038 1.0056 1.0121 1.0325 1.0189 1.0245 1.0305 1.0279 1.0102 
1.0199 1.0202 1.0096 1.046 1.0196 1.0341 1.0366 1.0467 1.0479 1.0038 
1.0474 1.0472 1.0146 1.0432 1.0157 1.0437 1.0394 1.0121 1.025 1.0261 
1.0088 1.036 1.0437 1.0078 1.0347 1.0095 1.0327 1.0213 1.0451 1.005 
1.0149 1.0014 1.0067 1.0021 1.0254 1.0433 1.0178 1.0318 1.0209 1.0448 
1.0098 1.0279 1.0186 1.0169 1.0263 1.0197 1.0052 1.0486 1.0447 1.0489 
1.0415 1.0488 1.0338 1.0253 1.0139 1.0053 1.0296 1.0338 1.0328 1.0437 
1.008 1.0196 1.0299 1.0098 1.0043 1.0499 1.0253 1.0291 1.0422 1.019 
1.0327 1.0206 1.0172 1.0113 1.0254 1.0441 1.0307 1.0222 1.0243 1.0103 
1.0321 1.0091 1.0253 1.0155 1.0278 1.0469 1.0462 1.0081 1.004 1.0133 
1.0132 1.0068 1.0201 1.0428 1.0333 1.0234 1.0252 1.0151 1.0273 1.0097 
1.0195 1.0273 1.0338 1.0074 1.004 1.0211 1.0048 1.006 1.0047 1.0042 
1.0094 1.046 1.0227 1.0251 1.0325 1.0311 1.0187 1.0021 1.01 1.0135 
1.0354 1.0308 1.0179 1.0049 1.0442 1.0393 1.0339 1.0118 1.0261 1.0038 
1.0022 1.0152 1.0362 1.0471 1.0384 1.0164 1.0183 1.0093 1.0274 1.0142 
1.047 1.0114 1.015 1.0045 1.0017 1.0302 1.0022 1.0007 1.0209 1.0312 
1.0299 1.0039 1.0423 1.0039 1.0437 1.0061 1.0418 1.0363 1.0354 1.0101 
1.0475 1.0299 1.0272 1.0188 1.0274 1.0189 1.0479 1.0012 1.022 1.0288 
1.0234 1.0467 1.0053 1.006 1.0437 1.0037 1.0453 1.0387 1.0031 1.0497 
1.0173 1.0174 1.0453 1.0004 1.0071 1.0243 1.001 1.0288 1.0038 1.0342 
1.0092 1.0121 1.001 1.0118 1.02 1.0013 1.004 1.0489 1.0161 1.0237 
1.018 1.0403 1.0066 1.0086 1.0136 1.0231 1.0164 1.0165 1.02 1.0498 
1.0178 1.0303 1.0467 1.0404 1.0168 1.0328 1.0029 1.0451 1.0335 1.015 
1.0465 1.0227 1.0291 1.0232 1.0085 1.0223 1.0008 1.0135 1.0059 1.033 
1.0145 1.0117 1.0499 1.0358 1.0201 1.0056 1.0242 1.0371 1.0024 1.0349 
1.0337 1.0135 1.0118 1.0186 1.027 1.0421 1.0306 1.0229 1.0438 1.0204 
1.0142 1.0302 1.0424 1.0109 1.0365 1.0147 1.006 1.0423 1.0269 1.0065 
1.0024 1.0397 1.0398 1.001 1.0252 1.0349 1.0475 1.0133 1.0224 1.0153 
1.0155 1.0289 1.0273 1.0111 1.0071 1.041 1.0019 1.0377 1.0138 1.0012 
1.0041 1.0388 1.03 1.0406 1.0358 1.0276 1.018 1.0162 1.0009 1.0033 
1.0388 1.0017 1.0115 1.0272 1.0034 1.0397 1.0155 1.0385 1.0252 1.0381 
1.0189 1.0176 1.0183 1.0109 1.0403 1.0317 1.0089 1.0439 1.0405 1.0084 
1.0188 1.0065 1.0295 1.0401 1.0474 1.0356 1.0272 1.0141 1.0082 1.0192 
1.0337 1.0253 1.0063 1.0009 1.0303 1.0498 1.0184 1.0146 1.0333 1.0322 
1.0032 1.0027 1.0269 1.0004 1.0179 1.0052 1.0453 1.0422 1.0092 1.0276 
1.0181 1.0283 1.016 1.02 1.0491 1.0219 1.0426 1.0285 1.0194 1.0115 
1.0137 1.0275 1.0363 1.0256 1.04 1.0262 1.0352 1.028 1.016 1.0476 
1.0318 1.0254 1.0343 1.0109 1.0122 1.0093 1.0162 1.0448 1.0095 1.0137 
1.0064 1.0395 1.0086 1.0373 1.0474 1.0312 1.0366 1.0128 1.0022 1.0097 
1.0407 1.0234 1.032 1.0297 1.0076 1.0293 1.0029 1 1.0016 1.0481 
1.049 1.0229 1.0013 1.0359 1.0349 1.0129 1.0426 1.0328 1.0138 1.0011 
1.0107 1.029 1.0321 1.0002 1.0153 1.0219 1.0034 1.0455 1.0296 1.023 
1.0457 1.0395 1.0487 1.0498 1.0127 1.0071 1.0343 1.0464 1.022 1.045 
1.0336 1.0197 1.0186 1.0095 1.0231 1.016 1.0278 1.006 1.0385 1.0057 
1.029 1.0078 1.0474 1.0449 1.0011 1.0346 1.0438 1.0112 1.0192 1.0227 
1.0028 1.0365 1.0222 1.0057 1.0036 1.0336 1.0233 1.0189 1.0202 1.011 
1.0267 1.0042 1.0115 1.0148 1.0208 1.0423 1.0459 1.0153 1.019 1.0414 
1.0228 1.0286 1.0286 1.0105 1.0255 1.0031 1.015 1.0339 1.0252 1.0236 
1.0248 1.0153 1.0486 1.0023 1.0447 1.0425 1.0371 1.0335 1.03 1.0434 
1.0297 1.0418 1.0336 1.001 1.0211 1.0251 1.0196 1.0377 1.0058 1.0219 
1.0246 1.0171 1.0439 1.0185 1.001 1.0131 1.0447 1.0459 1.0318 1.02 
1.0236 1.0007 1.0218 1.0376 1.0468 1.017 1.0091 1.0116 1.0179 1.0012 
1.0167 1.0176 1.0217 1.012 1.019 1.0023 1.0472 1.0385 1.0275 1.0044 
1.026 1.0477 1.0168 1.0278 1.0061 1.0153 1.0294 1.0354 1.0461 1.0274 
1.016 1.0351 1.0213 1.0466 1.0335 1.0358 1.0211 1.0117 1.041 1.0214 
1.0094 1.0078 1.039 1.0401 1.0422 1.0493 1.0425 1.0021 1.0039 1.0323 
1.0051 1.033 1.0276 1.0163 1.0049 1.0224 1.0394 1.0215 1.0418 1.0052 
1.0343 1.0254 1.0186 1.025 1.0104 1.0384 1.0045 1.0213 1.0062 1.0221 
1.0296 1.0306 1.0044 1.0441 1.001 1.0218 1.0279 1.0391 1.0433 1.0179 
1.0076 1.0031 1.0081 1.0293 1.0118 1.0254 1.0314 1.0429 1.0496 1.0089 
1.0182 1.043 1.0013 1.0297 1.001 1.029 1.0084 1.0193 1.0013 1.0447 
1.0039 1.0149 1.0437 1.0486 1.025 1.0401 1.0281 1.0355 1.0297 1.0449 
1.0474 1.0411 1.0002 1.0407 1.0102 1.031 1.0011 1.0341 1.0413 1.0389 
1.0444 1.0193 1.0262 1.024 1.0336 1.0039 1.027 1.0171 1.0086 1.0218 
1.0352 1.011 1.0034 1.0113 1.0121 1.0276 1.0456 1.0455 1.0104 1.0392 
1.0159 1.034 1.0408 1.0399 1.0262 1.0239 1.0332 1.0449 1.0087 1.0024 
1.0472 1.0264 1.0149 1.0139 1.0087 1.0121 1.0012 1.0498 1.0244 1.0256 
1.0334 1.0014 1.0121 1.0446 1.0116 1.0137 1.0236 1.0045 1.0125 1.0026 
1.0435 1.0296 1.0422 1.0358 1.0159 1.0028 1.0127 1.0081 1.0477 1.0326 
1.0313 1.0484 1.0142 1.0485 1.0201 1.0394 1.0335 1.0139 1.0452 1.0168 
1.0271 1.0219 1.0307 1.0065 1.0363 1.0017 1.0225 1.029 1.0466 1.0289 
1.0086 1.0234 1.0375 1.0389 1.0014 1.0302 1.0215 1.0186 1.0054 1.0079 
1.0152 1.0481 1.0102 1.0444 1.0174 1.049 1.0056 1.0426 1.0332 1.0136 
1.0441 1.0156 1.029 1.0198 1.0277 1.0248 1.0072 1.027 1.0244 1.0219 
1.0399 1.0348 1.0082 1.0092 1.0006 1.0109 1.0074 1.0016 1.0469 1.0033 
1.0094 1.034 1.0224 1.0001 1.0274 1.044 1.0422 1.0449 1.0391 1.0131 
1.0384 1.0113 1.017 1.0079 1.0075 1.007 1.0274 1.0134 1.0223 1.004 
1.0125 1.008 1.0384 1.0494 1.049 1.0343 1.013 1.0285 1.0114 1.0425 
1.0071 1.0428 1.002 1.0437 1.0243 1.0167 1.0252 1.0053 1.0033 1.0003 
1.0406 1.003 1.0017 1.0226 1.0436 1.0168 1.0229 1.0483 1.0115 1.0491 
1.0471 1.0212 1.007 1.0378 1.0403 1.027 1.0369 1.0355 1.0493 1.0329 
1.002 1.0496 1.031 1.0004 1.02 1.0065 1.0008 1.0075 1.0172 1.0442 
1.0059 1.0064 1.0324 1.0374 1.0469 1.041 1.0246 1.0395 1.042 1.0285 
1.0147 1.0016 1.0458 1.0362 1.0077 1.016 1.0273 1.0421 1.0108 1.0461 
1.0293 1.004 1.0349 1.0277 1.0307 1.013 1.0185 1.0384 1.0499 1.0209 
1.0239 1.0275 1.0312 1.0011 1.043 1.0075 1.0198 1.0063 1.0481 1.0312 
1.0184 1.0327 1.02 1.0295 1.0003 1.0149 1.0126 1.0019 1.0375 1.0231 
1.0119 1.042 1.0477 1.0072 1.0304 1.0325 1.0476 1.0407 1.0356 1.0483 
1.0144 1.0173 1.0369 1.0336 1.0008 1.0498 1.0263 1.0473 1.0339 1.0395 
1.0393 1.0284 1.0157 1.0235 1.0434 1.0151 1.0178 1.0355 1.007 1.0357 
1.0419 1.0184 1.0033 1.0152 1.044 1.0463 1.049 1.0275 1.0103 1.041 
1.0116 1.034 1.0123 1.0422 1.0349 1.0418 1.0391 1.0143 1.0084 1.0105 
1.0011 1.0471 1.0177 1.0486 1.0003 1.0331 1.0462 1.0293 1.0235 1.0378 
1.0364 1.0392 1.0487 1.0072 1.031 1.0042 1.0492 1.0374 1.0158 1.0343 
1.0071 1.0018 1.0126 1.0438 1.0028 1.0301 1.0144 1.0356 1.0073 1.0339 
1.0248 1.0167 1.0052 1.0011 1.0402 1.0371 1.0022 1.048 1.026 1.0363 
1.041 1.0471 1.0177 1.0383 1.0222 1.035 1.0399 1.0133 1.0228 1.0281 
1.0194 1.0254 1.0059 1.0042 1.0069 1.011 1.0471 1.0238 1.0321 1.0103 
1.0498 1.041 1.0368 1.0281 1.0245 1.0355 1.0043 1.047 1.0078 1.0478 
1.0487 1.0232 1.0388 1.0042 1.0281 1.0135 1.0368 1.0015 1.0076 1.0129 
1.0156 1.0351 1.0394 1.0079 1.0385 1.0067 1.0422 1.0426 1.0476 1.0317 
1.0125 1.0117 1.0211 1.0219 1.0044 1.0269 1.009 1.0159 1.0449 1.0359 
1.0136 1.0428 1.0399 1.0396 1.0299 1.0315 1.0391 1.0299 1 1.0031 
1.0069 1.043 1 1.0302 1.0231 1.0398 1.0392 1.0145 1.0148 1.0113 
1.0284 1.0206 1.044 1.0404 1.005 1.0136 1.0435 1.0378 1.0303 1.0002 
1.0411 1.0158 1.049 1.0368 1.0474 1.028 1.0028 1.017 1.0328 1.0267 
1.0492 1.0366 1.0432 1.0401 1.0432 1.0272 1.0013 1.0372 1.006 1.01 
1.004 1.0327 1.0117 1.0228 1.0057 1.0316 1.0224 1.0227 1.0226 1.0017 
1.0048 1.0049 1.0094 1.0068 1.0234 1.0104 1.0245 1.0039 1.0103 1.0338 
1.0319 1.028 1.0119 1.026 1.0444 1.0261 1.0144 1.0486 1.0491 1.0471 
1.0165 1.0224 1.0342 1.0153 1.0148 1.0025 1.0409 1.0479 1.0274 1.0333 
1.0088 1.0056 1.0205 1.0084 1.0302 1.0332 1.013 1.0449 1.0007 1.0454 
1.0073 1.0172 1.0001 1.0156 1.0453 1.0116 1.0475 1.0231 1.024 1.002 
1.0326 1.0482 1.0351 1.0312 1.0393 1.0102 1.0266 1.0159 1.0335 1.0335 
1.0302 1.003 1.0254 1.0261 1.0371 1.0279 1.0014 1.047 1.0436 1.0183 
1.0074 1.0499 1.02 1.0144 1.0418 1.019 1.0398 1.0416 1.0118 1.0189 
1.0005 1.0142 1.0013 1.0194 1.0094 1.0166 1.0254 1.0382 1.0073 1.0011 
1.0315 1.0368 1.005 1.013 1.0211 1.0092 1.0088 1.039 1.0082 1.0119 
1.031 1.0358 1.0286 1.0116 1.0394 1.0078 1.0253 1.0055 1.0458 1.0338 
1.0488 1.0409 1.0277 1.0131 1.0029 1.0249 1.0166 1.0284 1.0044 1.0362 
1.0355 1.0348 1.0203 1.014 1.0285 1.018 1.024 1.0204 1.0153 1.0096 
1.0267 1.0422 1.0478 1.0457 1.0008 1.0136 1.0082 1.0186 1.0062 1.0205 
1.047 1.0299 1.0493 1.0127 1.0005 1.0229 1.0186 1.0098 1.0243 1.0207 
1.0372 1.0373 1.0379 1.006 1.0329 1.0493 1.0142 1.0234 1.0109 1.0413 
1.0275 1.0358 1.0469 1.0067 1.0227 1.0273 1.0128 1.032 1.0407 1.0299 
1.0346 1.0135 1.0368 1.0486 1.0067 1.0006 1.0194 1.049 1.0239 1.0469 
1.0029 1.0442 1.0405 1.0371 1.0396 1.0421 1.0325 1.0079 1.0091 1.0346 
1.0377 1.0463 1.0376 1.0096 1.0264 1.0358 1.0212 1.0334 1.0057 1.0123 
1.0427 1.0067 1.0209 1.0153 1.0385 1.0289 1.0396 1.0406 1.0454 1.0323 
1.028 1.0135 1.0097 1.0003 1.0068 1.0277 1.034 1.0024 1.0268 1.0128 
1.0163 1.0041 1.0164 1.0027 1.0366 1.0278 1.0366 1.034 1.0155 1.01 
1 1.0429 1.0449 1.0328 1.0198 1.0112 1.0389 1.0134 1.046 1.0079 
1.0223 1.0328 1.0383 1.0215 1.0081 1.0368 1.0273 1.0206 1.009 1.0385 
1.041 1.015 1.0026 1.0347 1.0043 1.024 1.0099 1.0028 1.0098 1.0369 
1.0375 1.0071 1.038 1.0051 1.0229 1.0007 1.0234 1.0211 1.0313 1.0419 
1.0264 1.0473 1.0044 1.0384 1.0453 1.0106 1.0487 1.029 1.0295 1.0166 
1.001 1.0336 1.0106 1.0196 1.0144 1.0027 1.0414 1.0362 1.0417 1.0053 
1.0222 1.0415 1.0024 1.0019 1.0218 1.0228 1.0471 1.0111 1.0109 1.0158 
1.0151 1.0274 1.0067 1.0465 1.048 1.0065 1.0077 1.0246 1.0345 1.0257 
1.0327 1.0361 1.0448 1.0097 1.0388 1.0167 1.0313 1.0083 1.0164 1.0385 
1.0071 1.0219 1.041 1.0192 1.0354 1.0379 1.0486 1.0128 1.0363 1.0074 
1.0326 1.0474 1.0001 1.0067 1.0422 1.0127 1.0313 1.0489 1.0476 1.0425 
1.0325 1.0225 1.0424 1.0192 1.0164 1.0275 1.0394 1.0005 1.0429 1.0285 
1.001 1.0194 1.0064 1.024 1.044 1.0491 1.0145 1.0396 1.0483 1.0115 
1.0041 1.041 1.0493 1.0258 1.0094 1.044 1.0369 1.0189 1.0234 1.0433 
1.0017 1.0438 1.0193 1.0153 1.0363 1.0218 1.0402 1.0063 1.0469 1.0397 
1.0488 1.0142 1.012 1.0368 1.0118 1.0185 1.0261 1.0148 1.035 1.0014 
1.0265 1.0446 1.0089 1.0256 1.0127 1.0118 1.0153 1.0267 1.0043 1.0313 
1.0455 1.0061 1.0238 1.0162 1.0247 1.0275 1.0211 1.0428 1.0122 1.0041 
1.0336 1.0444 1.005 1.0094 1.0489 1.0416 1.0364 1.001 1.0235 1.0312 
1.0447 1.0449 1.0145 1.0072 1.0343 1.0368 1.0384 1.0047 1.0076 1.0126 
1.0265 1.0354 1.0332 1.012 1.0283 1.0016 1.0418 1.0021 1.0293 1.0236 
1.0232 1.0409 1.0085 1.0188 1.0008 1.0156 1.0369 1.0041 1.0186 1.0022 
1.0094 1.0442 1.0017 1.0384 1.0227 1.0178 1.0319 1.039 1.0327 1.024 
1.0286 1.0399 1.0182 1.0097 1.0009 1.0212 1.0009 1 1.0434 1.0096 
1.0224 1.0257 1.0125 1.0219 1.0484 1.0052 1.012 1.0046 1.0269 1.0339 
1.0184 1.0151 1.0246 1.0043 1.0204 1.0277 1.0138 1.0034 1.0481 1.0282 
1.0429 1.0045 1.0075 1.0171 1.0467 1.0485 1.0042 1.0091 1.0108 1.0123 
1.0391 1.0172 1.0413 1.0296 1.0139 1.0374 1.021 1.0004 1.0443 1.0482 
1.0489 1.037 1.0138 1.0443 1.0202 1.0161 1.0057 1.005 1.0263 1.0414 
1.0278 1.0427 1.0301 1.0282 1.0299 1.0261 1.028 1.0158 1.0203 1.0366 
1.0447 1.024 1.0216 1.0193 1.0488 1.0019 1.0295 1.0204 1.0311 1.0021 
1.0402 1.0385 1.012 1.0355 1.0313 1.0335 1.0186 1.0194 1.0114 1.0364 
1.0045 1.025 1.014 1.0294 1.0196 1.012 1.0414 1.0495 1.0108 1.0184 
1.0212 1.0265 1.0303 1.0483 1.0403 1.0302 1.0136 1.0357 1.0134 1.0083 
1.0242 1.0194 1.0215 1.0251 1.0475 1.0441 1.0187 1.0079 1.0027 1.0046 
1.0089 1.0151 1.0149 1.0132 1.0145 1.0239 1.0005 1.0038 1.0244 1.0467 
1.0427 1.0328 1.0041 1.01 1.0323 1.0064 1.0312 1.0184 1.0338 1.0134 
1.0338 1.008 1.01 1.0391 1.0008 1.024 1.0194 1.0241 1.0153 1.035 
1.0461 1.0431 1.0489 1.0043 1.0067 1.035 1.0387 1.0202 1.0065 1.0293 
1.0105 1.0474 1.0471 1.0477 1.0343 1.0374 1.0332 1.0472 1.0097 1.0223 
1.0293 1.0067 1.0381 1.0043 1.0424 1.0257 1.0164 1.0283 1.0135 1.0257 
1.0391 1.041 1.0363 1.0147 1.0117 1.0479 1.001 1.0388 1.0144 1.0011 
1.0316 1.0488 1.0253 1.0316 1.0261 1.0019 1.0252 1.0141 1.0026 1.0274 
1.0283 1.0343 1.0262 1.0371 1.0378 1.0279 1.0323 1.0051 1.0202 1.0318 
1.0257 1.0423 1.0494 1.0137 1.0286 1.0265 1.0219 1.0064 1.0019 1.012 
1.0175 1.0381 1.0105 1.0467 1.0472 1.0297 1.0384 1.0235 1.0318 1.0339 
1.0044 1.0082 1.0226 1.0132 1.026 1.0386 1.0196 1.0377 1.0384 1.0273 
1.0208 1.0015 1.0234 1.0367 1.0268 1.0264 1.0153 1.0438 1.0262 1.0443 
1.0121 1.0388 1.0187 1.0113 1.0189 1.0422 1.0147 1.0188 1.0141 1.0332 
1.0375 1.0029 1.0094 1.0321 1.0347 1.0021 1.0364 1.0416 1.0385 1.035 
1.03 1.0039 1.0365 1.0015 1.0499 1.0411 1.0471 1.0215 1.0029 1.0361 
1.0118 1.0493 1.0137 1.0191 1.0338 1.0127 1.0463 1.0358 1.0492 1.0035 
1.0131 1.0446 1.0137 1.0159 1.0134 1.019 1.02 1.0108 1.0138 1.0426 
1.0476 1.006 1.0403 1.0242 1.0421 1.0229 1.0311 1.0273 1.0109 1.0157 
1.0421 1.0274 1.0223 1.0333 1.0374 1.0226 1.0267 1.0231 1.0232 1.0322 
1.0056 1.0116 1.0472 1.0178 1.0334 1.0492 1.0185 1.0238 1.0102 1.0259 
1.0401 1.0075 1.0217 1.0491 1.0468 1.0317 1.0492 1.0307 1.0187 1.0365 
1.0104 1.0256 1.0442 1.023 1.0112 1.0082 1.0469 1.008 1.0294 1.0085 
1.0439 1.0138 1.0256 1.0412 1.0076 1.0251 1.038 1.0218 1.045 1.0287 
1.0274 1.0079 1.0034 1.0452 1.0036 1.0481 1.0108 1.0245 1.0258 1.0363 
1.013 1.0061 1.0395 1.0186 1.0112 1.0359 1.0156 1.0327 1.0277 1.0341 
1.0259 1.0469 1.0169 1.0479 1.0035 1.0479 1.0344 1.0121 1.0438 1.0107 
1.0034 1.0207 1.023 1.0408 1.0208 1.0036 1.0345 1.0252 1.0378 1.0121 
1.0231 1.0055 1.0205 1.0095 1.0334 1.0316 1.0126 1.0036 1.0016 1.0161 
1.0215 1.0185 1.0414 1.005 1.0182 1.0292 1.024 1.0268 1.0468 1.0405 
1.0084 1.0284 1.0188 1.0482 1.0088 1.0357 1.0048 1.0271 1.0272 1.015 
1.0243 1.0281 1.0023 1.0237 1.0499 1.043 1.0221 1.033 1.0053 1.0014 
1.0261 1.018 1.0223 1.0057 1.0459 1.0313 1.0109 1.0105 1.0249 1.0309 
1.0163 1.0378 1.0145 1.0297 1.0066 1.0066 1.0063 1.0239 1.0273 1.0297 
1.0393 1.0333 1.027 1.0409 1.031 1.0002 1.0125 1.0227 1.0143 1.0068 
1.01 1.0291 1.0487 1.0216 1.0228 1.0024 1.0114 1.0398 1.0491 1.0223 
1.0037 1.006 1.017 1.0012 1.0363 1.0009 1.0196 1.0265 1.0435 1.0139 
1.0324 1.0415 1 1.0154 1.0204 1.0198 1.0137 1.0481 1.0415 1.0269 
1.0298 1.0454 1.0384 1.021 1.0426 1.0337 1.0219 1.0119 1.0244 1.0333 
1.0275 1.0029 1.0447 1.0254 1.0252 1.0475 1.0229 1.0406 1.0051 1.0194 
1.0083 1.0375 1.02 1.0084 1.0333 1.028 1.0428 1.0187 1.0378 1.0276 
1.0064 1.0304 1.0437 1.0299 1.0196 1.0159 1.0339 1.0346 1.0439 1.0497 
1.0463 1.0193 1.0282 1.0183 1.0389 1.0091 1.0198 1.0328 1.0451 1.0126 
1.0439 1.0014 1.0453 1.0003 1.0159 1.0229 1.0349 1.0037 1.0235 1.046 
1.0206 1.0453 1.022 1.0276 1.0225 1.0268 1.0433 1.0303 1.012 1.032 
1.0425 1.0046 1.0104 1.048 1.0007 1.0193 1.0334 1.0079 1.0052 1.0362 
1.015 1.0126 1.0379 1.0196 1.0088 1.0085 1.0246 1.0432 1.0254 1.0295 
1.0057 1.0146 1.043 1.0353 1.0325 1.0254 1.0272 1.0181 1.0435 1.0153 
1.0231 1.0267 1.0432 1.035 1.018 1.0312 1.0087 1.0308 1.0354 1.0121 
1.0417 1.0262 1.0464 1.0286 1.0496 1.0488 1.0132 1.0148 1.0499 1.0439 
1.0402 1.0119 1.0465 1.0184 1.0152 1.0284 1.0109 1.0037 1.0443 1.0406 
1.0377 1.0229 1.023 1.0271 1.0081 1.035 1.0453 1.0394 1.0297 1.0391 
1.0157 1.043 1.0385 1.037 1.0214 1.0302 1.0321 1.0218 1.0061 1.0223 
1.0246 1.0494 1.0395 1.0425 1.0476 1.0058 1.0078 1.0094 1.006 1.0086 
1.0282 1.0235 1.0415 1.0168 1.0243 1.0348 1.0175 1.0485 1.0333 1.005 
1.0322 1.0351 1.0443 1.0187 1.0341 1.0032 1.0168 1.0257 1.0063 1.0027 
1.0416 1.0115 1.0106 1.0427 1.0055 1.0445 1.0173 1.0333 1.0279 1.0062 
1.0191 1.0287 1.0318 1.0079 1.0274 1.0345 1.0224 1.0249 1.0348 1.0319 
1.0282 1.0491 1.0486 1.037 1.0085 1.0073 1.0425 1.018 1.0347 1.0125 
1.0034 1.033 1.0067 1.0328 1.0188 1.0072 1.038 1.0334 1.0121 1.0116 
1.0354 1.0241 1.0037 1.0458 1.0257 1.0167 1.0122 1.0484 1.0267 1.0036 
1.0217 1.0148 1.0374 1.0283 1.002 1.0447 1.0249 1.0011 1.0068 1.0012 
1.0181 1.0192 1.0489 1.0392 1.0023 1.0369 1.0428 1.0421 1.0356 1.0102 
1.0487 1.0291 1.0041 1.0188 1.0427 1.0111 1.0292 1.0151 1.0035 1.0354 
1.0223 1.0163 1.0232 1.0429 1.0468 1.0144 1.0297 1.0155 1.0168 1.0424 
1.0227 1.0354 1.0088 1.0403 1.0056 1.0215 1.032 1.0252 1.0445 1.0356 
1.0414 1.0375 1.008 1.0323 1.0371 1.0425 1.0177 1.0148 1.0332 1.0267 
1.0459 1.0265 1.0348 1.0431 1.0293 1.0278 1.0372 1.0075 1.0364 1.0116 
1.0211 1.0203 1.0382 1.0226 1.0466 1.0322 1.0005 1.0189 1.0131 1.0455 
1.0491 1.0263 1.047 1.0366 1.0384 1.0487 1.0244 1.0212 1.0162 1.0475 
1.0464 1.0103 1.0485 1.0344 1.0462 1.0303 1.0359 1.0005 1.0305 1.0304 
1.0106 1.0225 1.0308 1.0477 1 1.0074 1.0397 1.0364 1.0009 1.0442 
1.0154 1.0499 1.0003 1.0149 1.012 1.0211 1.029 1.0371 1.0392 1.0119 
1.0247 1.0352 1.0027 1.017 1.0375 1.0256 1.0449 1.0285 1.0451 1.0352 
1.0009 1.0071 1.035 1.0226 1.0457 1.0182 1.0377 1.0044 1.0444 1.0067 
1.0155 1.018 1.0495 1.0104 1.0477 1.0219 1.0444 1.0093 1.0295 1.0071 
1.0343 1.034 1.0123 1.0233 1.0043 1.0298 1.0033 1.0019 1.0061 1.0079 
1.0273 1.0254 1.0403 1.0307 1.0101 1.0372 1.002 1.0418 1.003 1.0172 
1.0082 1.0317 1.0164 1.0157 1.0284 1.0226 1.0432 1.0104 1.0202 1.039 
1.007 1.03 1.0029 1.0185 1.0435 1.0308 1.0015 1.0469 1.0272 1.0388 
1.0346 1.0162 1.0392 1.004 1.0391 1.003 1.0199 1.003 1.0195 1.0057 
1.0303 1.0456 1.0309 1.0159 1.0171 1.0473 1.0255 1.0361 1.0181 1.0132 
1.0174 1.0292 1.0428 1.0009 1.041 1.0356 1.0386 1.012 1.0127 1.0216 
1.0008 1.0236 1.0488 1.0014 1.0364 1 1.029 1.0142 1.0159 1.0076 
1.0008 1.0474 1.0027 1.0058 1.0068 1.0221 1.0446 1.0198 1.0007 1.0436 
1.0023 1.0023 1.0052 1.0112 1.0356 1.0499 1.0046 1.0365 1.0473 1.0446 
1.0315 1.0031 1.0368 1.0173 1.0235 1.0315 1.0234 1.0089 1.0434 1.0132 
1.0405 1.0198 1.0285 1.0014 1.0059 1.0101 1.0215 1.025 1.0133 1.0058 
1.0203 1.0152 1.0283 1.023 1.0244 1.0318 1.0215 1.038 1.0366 1.0194 
1.0448 1.0453 1.0427 1.0221 1.0317 1.0429 1.0132 1.0285 1.0106 1.0452 
1.034 1.0375 1.0234 1.0397 1.0253 1.0061 1.0046 1.0334 1.0394 1.0384 
1.0089 1.0248 1.0073 1.0481 1.0077 1.0096 1.0374 1.0194 1.0237 1.0042 
1.0324 1.029 1.0318 1.0273 1.0331 1.0448 1.0031 1.0008 1.0125 1.0343 
1.0143 1.0399 1.024 1.0137 1.0386 1.0217 1.0436 1.0431 1.0393 1.0467 
1.0161 1.0109 1.0274 1.0045 1.0212 1.0327 1.0312 1.0393 1.0283 1.0179 
1.0365 1.0185 1.0281 1.014 1.0116 1.0466 1.0039 1.0026 1.0021 1.0224 
1.0459 1.0414 1.0194 1.0433 1.0315 1.0496 1.0473 1.0012 1.0458 1.0444 
1.0259 1.0143 1.0288 1.0034 1.0287 1.0072 1.028 1.0134 1.0116 1.009 
1.0025 1.0066 1.0147 1.0087 1.0358 1.0201 1.0201 1.0485 1.0083 1.0356 
1.0011 1.0171 1.0479 1.0194 1.0203 1.0486 1.0495 1.0458 1.0209 1.022 
1.0007 1.0459 1.0402 1.0195 1.0495 1.0119 1.0405 1.0461 1.0305 1.0313 
1.0446 1.035 1.0106 1.0499 1.004 1.0038 1.0345 1.0397 1.0386 1.0013 
1.0175 1.0494 1.0062 1.0057 1.0359 1.0079 1.0101 1.0151 1.0358 1.0341 
1.0293 1.0016 1.0139 1.0038 1.0259 1.0353 1.0255 1.048 1.0275 1.0156 
1.0111 1.0281 1.0246 1.0461 1.0244 1.0278 1.0408 1.0406 1.0296 1.0423 
1.031 1.0359 1.0475 1.0311 1.0178 1.0328 1.0341 1.0237 1.0112 1.0483 
1.0266 1.0121 1.0023 1.0461 1.0474 1.0475 1.01 1.0272 1.0486 1.0048 
1.0222 1.0146 1.0122 1.0423 1.0251 1.0444 1.0377 1.0019 1.0486 1.0137 
1.013 1.0249 1.0102 1.0293 1.0396 1.0105 1.0234 1.0014 1.0032 1.0303 
1.0485 1.0198 1.0229 1.036 1.0339 1.0353 1.0464 1.0339 1.0449 1.0108 
1.0021 1.0413 1.0478 1.0266 1.0362 1.016 1.0186 1.0246 1.0387 1.0262 
1.0455 1.0189 1.0366 1.0237 1.0414 1.0017 1.0296 1.0254 1.0015 1.0223 
1.0371 1.0187 1.0224 1.0173 1.0005 1.0273 1.0091 1.0342 1.0161 1.0166 
1.0121 1.0106 1.0481 1.0281 1.011 1.0361 1.0188 1.0119 1.0371 1.0439 
1.0376 1.013 1.0099 1.0098 1.0322 1.0364 1.0457 1.0159 1.0217 1.0491 
1.0444 1.0069 1.0364 1.0263 1.0356 1.0247 1.0304 1.0159 1.0068 1.0084 
1.045 1.0495 1.0421 1.0241 1.0128 1.0445 1.013 1.0085 1.0018 1.0159 
1.0309 1.0364 1.0427 1.01 1.0109 1.0442 1.0449 1.0002 1.0431 1.0273 
1.0181 1.0436 1.039 1.0018 1.0382 1.0412 1.0202 1.0188 1.0049 1.0207 
1.0365 1.0349 1.0045 1.0371 1.0444 1.0149 1.0248 1.0085 1.0228 1.0444 
1.0409 1.0447 1.01 1.0448 1.0036 1.0304 1.0121 1.0151 1.0495 1.0063 
1.0329 1.0345 1.043 1.0096 1.0288 1.0309 1.0093 1.0481 1.0105 1.0424 
1.0112 1.0457 1.0319 1.0419 1.0264 1.0307 1.0079 1.0431 1.0268 1.0232 
1.0425 1.045 1.041 1.0048 1.0333 1.0351 1.0451 1.0226 1.034 1.0124 
1.0308 1.0195 1.0131 1.0287 1.0418 1.0065 1.0287 1.0495 1.0033 1.036 
1.0166 1.0044 1.0081 1.0069 1.0377 1.0386 1.0253 1.0049 1.047 1.031 
1.0135 1.0076 1.0192 1.0425 1.0275 1.0102 1.0388 1.0429 1.0136 1.0434 
1.0182 1.0146 1.0336 1.0013 1.0145 1.0437 1.0283 1.0053 1.0175 1.0439 
1.007 1.0367 1.0008 1.0135 1.0028 1.0322 1.0353 1.042 1.0458 1.0385 
1.0016 1.0242 1.0479 1.0387 1.0366 1.0007 1.0254 1.0449 1.0132 1.0163 
1.0235 1.0419 1.0434 1.0007 1.0323 1.0174 1.0165 1.0333 1.0144 1.0161 
1.0343 1.0049 1.0404 1.0131 1.028 1.0142 1.0437 1.0385 1.0007 1.0471 
1.0225 1.0037 1.0178 1.0344 1.0143 1.029 1.0466 1.0412 1.0194 1.0164 
1.0262 1.0264 1.0108 1.0258 1.0061 1.0314 1.0149 1.0034 1.0282 1.0402 
1.0337 1.0341 1.0396 1.0045 1.0299 1.048 1.019 1.024 1.0312 1.0242 
1.024 1.0031 1.0432 1.0264 1.0403 1.039 1.0455 1.0333 1.011 1.0094 
1.0346 1.0097 1.0193 1.0069 1.0331 1.0379 1.0362 1.0248 1.0258 1.0453 
1.0338 1.0305 1.0146 1.0165 1.0041 1.046 1.0156 1.0478 1.0397 1.0497 
1.0069 1.0301 1.0092 1.0206 1.0054 1.0293 1.02 1.0355 1.0423 1.0111 
1.0362 1.0127 1.0456 1.033 1.0402 1.0413 1.0232 1.0134 1.0118 1.0003 
1.0159 1.0027 1.0433 1.0093 1.0339 1.0057 1.0395 1.0101 1.0133 1.0461 
1.0158 1.0445 1.0108 1.0054 1.0474 1.0346 1.0202 1.0089 1.0064 1.0404 
1.0003 1.0414 1.0159 1.0126 1.0171 1.0148 1.0353 1.0256 1.0015 1.0191 
1.0177 1.0386 1.0458 1.0123 1.0264 1.0246 1.0096 1.0096 1.0481 1.0356 
1.0063 1.0232 1.0216 1.0009 1.0278 1.0381 1.0243 1.0378 1.025 1.0388 
1.0284 1.0367 1.0171 1.0308 1.0345 1.0216 1.0435 1.0143 1.0337 1.0022 
1.0173 1.0337 1.0366 1.0445 1.0132 1.0079 1.0479 1.0208 1.0349 1.0179 
1.0232 1.0426 1.0075 1.01 1.034 1.0308 1.0409 1.0477 1.0394 1.0275 
1.0205 1.0393 1.0403 1.0499 1.0315 1.0322 1.0171 1.0404 1.0292 1.0106 
1.0366 1.0028 1.0376 1.025 1.0349 1.0345 1.0454 1.0197 1.0017 1.0084 
1.0478 1.0126 1.0184 1.0054 1.0091 1.011 1.0321 1.0158 1.0283 1.0231 
1.0296 1.0088 1.0371 1.0046 1.0294 1.0252 1.0307 1.0264 1.0262 1.017 
1.0386 1.0067 1.0013 1.0053 1.0246 1.0224 1.02 1.0257 1.0294 1.0322 
1.0343 1.0369 1.0347 1.0341 1.0316 1.026 1.0209 1.0307 1.0208 1.0304 
1.0126 1.0347 1.0493 1.0413 1.0456 1.0057 1.0281 1.0471 1.0199 1.0134 
1.0417 1.011 1.0425 1.0092 1.0338 1.0305 1.0117 1.0408 1.0164 1.0165 
1.0126 1.0265 1.0213 1.006 1.0233 1.008 1.0248 1.0413 1.0283 1.0478 
1.0377 1.0381 1.0152 1.0417 1.04 1.039 1.0429 1.0339 1.0247 1.0499 
1.0296 1.0479 1.0077 1.0097 1.0485 1.0182 1.0461 1.0385 1.0079 1.0301 
1.0364 1.0134 1.0217 1.0344 1.0406 1.0043 1.0162 1.0254 1.0473 1.0156 
1.0039 1.0374 1.0191 1.0489 1.0251 1.0385 1.0341 1.0472 1.0124 1.0344 
1.0101 1.0269 1.0312 1.0041 1.0322 1.0314 1.017 1.0109 1.0488 1.0356 
1.0398 1.0061 1.0325 1.0271 1.0202 1.0341 1.0422 1.0368 1.0111 1.036 
1.0427 1.0481 1.0032 1.0286 1.0002 1.0425 1.0337 1.0082 1.0085 1.0386 
1.0478 1.0492 1.0274 1.0479 1.0253 1.0106 1.0371 1.049 1.0221 1.0149 
1.009 1.0478 1.0256 1.0426 1.0486 1.046 1.0319 1.0045 1.0358 1.0315 
1.0273 1.0014 1.0381 1.0121 1.0418 1.0475 1.026 1.0108 1.0197 1.0426 
1.02 1.0477 1.0491 1.017 1.0187 1.0455 1.0497 1.0387 1.012 1.0431 
1.0208 1.0045 1.0189 1.0403 1.0388 1.0293 1.0421 1.0433 1.0331 1.0016 
1.003 1.0286 1.0286 1.0488 1.032 1.0387 1.0184 1.0169 1.0398 1.0422 
1.0138 1.0255 1.0001 1.0095 1.0264 1.0076 1.0087 1.0217 1.0446 1.0412 
1.0338 1.0223 1 1.0047 1.0233 1.0212 1.0174 1.0374 1.0078 1.0199 
1.0174 1.0014 1.0045 1.0151 1.0008 1.0138 1.0332 1.0439 1.0116 1.0368 
1.0343 1.0448 1.0186 1.019 1.0409 1.0174 1.0459 1.03 1.0479 1.0211 
1.041 1.0364 1.0469 1.003 1.037 1.0137 1.0427 1.0217 1.0246 1.0037 
1.0119 1.0077 1.0276 1.0303 1.0304 1.0206 1.001 1.0171 1.018 1.0445 
1.0365 1.0307 1.0113 1.0156 1.0044 1.0078 1.0216 1.0422 1.0378 1.0279 
1.0355 1.0083 1.0223 1.0281 1.0328 1.029 1.0116 1.0072 1.0035 1.0084 
1.0379 1.0234 1.0037 1.02 1.0469 1.015 1.0462 1.0405 1.0079 1.0453 
1 1.0118 1.0451 1.0227 1.0448 1.0485 1.0132 1.0281 1.0424 1.0357 
1.0079 1.0381 1.0266 1.0368 1.0128 1.0049 1.0408 1.0025 1.0372 1.0039 
1.0308 1.0215 1.0408 1.034 1.0006 1.0243 1.0381 1.0292 1.0432 1.017 
1.0453 1.043 1.0105 1.0249 1.0423 1.0337 1.0381 1.0028 1.0354 1.0081 
1.0144 1.0081 1.0296 1.0477 1.0057 1.0067 1.0353 1.0213 1.0305 1.0299 
1.0172 1.0036 1.0291 1.0169 1.0038 1.028 1.0106 1.0462 1.0276 1.0005 
1.0417 1.0044 1.0083 1.0439 1.0447 1.0211 1.0195 1.0347 1.02 1.0043 
1.0294 1.0383 1.0122 1.0238 1.0019 1.0177 1.0023 1.0107 1.0073 1.0401 
1.0058 1.0486 1.0046 1.0257 1.0051 1.0202 1.0498 1.0135 1.0289 1.0353 
1.0178 1.0497 1.0414 1.0072 1.0137 1.0436 1.0117 1.0382 1.0248 1.0205 
1.0252 1.0017 1.0253 1.0175 1.0051 1.0246 1.011 1.0359 1.0057 1.0308 
1.045 1.036 1.0347 1.0008 1.0193 1.0404 1.0181 1.0231 1.0196 1.037 
1.0414 1.0065 1.0284 1.0016 1.0407 1.0421 1.0499 1.0228 1.0116 1.0457 
1.0198 1.0133 1.0373 1.033 1.0281 1.0369 1.0226 1.0107 1.0028 1.0104 
1.0038 1.0223 1.0323 1.046 1.0225 1.0096 1.0109 1.0411 1.0029 1.0367 
1.0256 1.0004 1.0017 1.0449 1.0048 1.0009 1.0439 1.0223 1.0233 1.0245 
1.0084 1.0205 1.0422 1.0281 1.0193 1.0059 1.0111 1.0157 1.0352 1.04 
1.0297 1.0496 1.0371 1.0294 1.0248 1.0223 1.042 1.0027 1.0354 1.0218 
1.0002 1.0383 1.0019 1.0244 1.0239 1.0241 1.0295 1.0466 1.0275 1.0002 
1.0387 1.0033 1.03 1.0176 1.043 1.0111 1.0361 1.0171 1.0156 1.0422 
1.0308 1.0214 1.0041 1.0391 1.0483 1.0431 1.0034 1.0222 1.0031 1.0156 
1.0124 1.0003 1.0228 1.0245 1.0271 1.0381 1.0396 1.0186 1.0218 1.0341 
1.0006 1.0015 1.0225 1.0261 1.022 1.0497 1.0336 1.0049 1.0288 1.0134 
1.0078 1.0401 1.0115 1.0448 1.0448 1.0112 1.0363 1.0166 1.0131 1.0453 
1.0103 1.0115 1.0411 1.0176 1.0165 1.0083 1.0053 1.0292 1.0443 1.0339 
1.0036 1.0327 1.0213 1.0373 1.0227 1.0449 1.0173 1.034 1.0046 1.0224 
1.0172 1.0041 1.0258 1.0182 1.0128 1.0082 1.0342 1.0221 1.0451 1.003 
1.0012 1.0496 1.0015 1.0348 1.0307 1.0423 1.0254 1.0257 1.005 1.0045 
1.0477 1.0336 1.0336 1.0351 1.0267 1.0457 1.0054 1.004 1.0395 1.0422 
1.0302 1.0071 1.0237 1.0411 1.0257 1.0205 1.022 1.014 1.0307 1.0048 
1.0282 1.0411 1.0329 1.0318 1.036 1.0112 1.0236 1.0358 1.0234 1.0481 
1.0197 1.0024 1.0037 1.0358 1.004 1.0347 1.0333 1.0269 1.0348 1.0492 
1.0029 1.0038 1.0246 1.0228 1.0196 1.0228 1.0118 1.0066 1.0295 1.0423 
1.0331 1.0358 1.0381 1.0465 1.0219 1.0473 1.0066 1.0474 1.0222 1.0406 
1.0094 1.0437 1.0145 1.0464 1.0232 1.036 1.0398 1.0017 1.0294 1.0011 
1.047 1.0487 1.0128 1.026 1.0016 1.0333 1.0357 1.0405 1.0332 1.0212 
1.0468 1.0346 1.0198 1.049 1.0027 1.0169 1.0228 1.0435 1.0272 1.0047 
1.0121 1.019 1.0121 1.0269 1.0264 1.0026 1.0149 1.0378 1.0264 1.0498 
1.0095 1.0275 1.0229 1.0258 1.0079 1.0472 1.0151 1.0299 1.0211 1.0477 
1.0109 1.0444 1.0496 1.0333 1.0293 1.045 1.0061 1.0034 1.0194 1.0497 
1.0222 1.0485 1.0354 1.0108 1.0353 1.0243 1.0333 1.0187 1.0213 1.0261 
1.0285 1.0466 1.0204 1.0151 1.038 1.0425 1.0251 1.0139 1.0255 1.0202 
1.0347 1.048 1.014 1.045 1.0274 1.0353 1.033 1.028 1.031 1.0196 
1.0327 1.0339 1.0069 1.0259 1.0439 1.0022 1.0122 1.0093 1.042 1.0309 
1.0292 1.04 1.0013 1.0065 1.0344 1.0125 1.0198 1.0459 1.0347 1.0232 
1.0264 1.0462 1.034 1.0343 1.0261 1.027 1.0339 1.0221 1.0395 1.0493 
1.0431 1.0452 1.0361 1.0492 1.0105 1.0146 1.0266 1.0033 1.0249 1.021 
1.0468 1.0144 1.0125 1.0231 1.026 1.0175 1.0032 1.0341 1.0337 1.049 
1.0284 1.034 1.0446 1.0394 1.0059 1.0189 1.0364 1.0332 1.017 1.0029 
1.0098 1.0373 1.0032 1.0097 1.0475 1.0146 1.0297 1.0008 1.0249 1.0245 
1.015 1.0183 1.0443 1.0262 1.036 1.0002 1.0242 1.0215 1.0307 1.0137 
1.0468 1.0228 1.0046 1.029 1.0437 1.0124 1.036 1.0302 1.0217 1.0148 
1.0084 1.0182 1.0421 1.0172 1.0316 1.0283 1.0296 1.0071 1.0254 1.0175 
1.0174 1.0034 1.0424 1.0259 1.0488 1.0153 1.0287 1.0042 1.0435 1.027 
1.0466 1.0319 1.021 1.0006 1.0328 1.0026 1.0401 1.001 1.0426 1.0394 
1.034 1.0385 1.0073 1.0395 1.0174 1.0378 1.0439 1.0126 1.0438 1.0392 
1.0456 1.0402 1.0155 1.0476 1.0268 1.0382 1 1.0127 1.0331 1.0186 
1.0487 1 1.0329 1.0314 1.0133 1.0276 1.0199 1.0232 1.0406 1.0113 
1.0161 1.041 1.0201 1.0296 1.0304 1.016 1.0271 1.0482 1.0387 1.0439 
1.0192 1.0389 1.0058 1.0374 1.0142 1.015 1.0098 1.0424 1.0053 1.0378 
1.0367 1.0119 1.0075 1.0497 1.0007 1.0247 1.0288 1.011 1.0366 1.0209 
1.0048 1.0265 1.003 1.0149 1.0252 1.0253 1.0049 1.0318 1.0187 1.0214 
1.0397 1.0425 1.0066 1.0461 1.0124 1.0433 1.0182 1.0373 1.012 1.0186 
1.0172 1.0259 1.0369 1.0031 1.0241 1.0125 1.0368 1.0473 1.0175 1.0468 
1.0482 1.0264 1.0292 1.0033 1.0253 1.0376 1.0393 1.0284 1.049 1.0216 
1.0498 1.0072 1.0468 1.0253 1.032 1.0058 1.0055 1.0159 1.0155 1.0233 
1.0105 1.0395 1.0097 1.0169 1.0221 1.0232 1.0058 1.0215 1.0305 1.0436 
1.0242 1.0125 1.0302 1.0285 1.0164 1.0259 1.0073 1.0049 1.0205 1.0232 
1.0212 1.005 1.0343 1.0256 1.0154 1.025 1.0126 1.0086 1.0231 1.0478 
1.0004 1.0286 1.0039 1.0207 1.032 1.0166 1.0216 1.0038 1.0271 1.0104 
1.0002 1.0348 1.0153 1.0282 1.0223 1.0205 1.0061 1.0213 1.0259 1.029 
1.0018 1.0331 1.0214 1.0061 1.0232 1.0472 1.0499 1.0172 1.014 1.027 
1.0135 1.0096 1.0275 1.0056 1.0471 1.0207 1.0246 1.0424 1.0286 1.0075 
1.0382 1.0401 1.0166 1.0278 1.0056 1.0223 1.0084 1.0035 1.0444 1.0476 
1.037 1.0147 1.0113 1.0199 1.013 1.0263 1.0004 1.0427 1.034 1.0203 
1.0234 1.0454 1.016 1.0296 1.0343 1.0374 1.0436 1.0442 1.0029 1.0472 
1.027 1.0053 1.0033 1.0143 1.0226 1.0025 1.0048 1.0084 1.0099 1.0064 
1.0103 1.006 1.0223 1.0362 1.0487 1.0309 1.0236 1.0255 1.0295 1.0064 
1.0037 1.0492 1.0461 1.0102 1.0069 1.0371 1.0453 1.0005 1.0262 1.0316 
1.0239 1.0458 1.0381 1.0188 1.0426 1.0413 1.0473 1.0049 1.0171 1.0425 
1.0349 1.0122 1.0432 1.0248 1.0158 1.0073 1.0314 1.0217 1.0217 1.0442 
1.0378 1.0064 1.0205 1.031 1.0123 1.0297 1.0071 1.0227 1.0143 1.0485 
1.0339 1.0466 1.0194 1.0418 1.0006 1.0042 1.0099 1.0026 1.0384 1.0239 
1.0454 1.0353 1.0132 1.0391 1.0154 1.033 1.0038 1.0148 1.0292 1.0402 
1.0397 1.001 1.0319 1.0379 1.0021 1.0394 1.0205 1.0245 1.0246 1.0014 
1.0286 1.0318 1.0005 1.0223 1.0164 1.0239 1.0174 1.0457 1.0187 1.0033 
1.0263 1.041 1.0106 1.0401 1.0348 1.0058 1.0056 1.0328 1.0484 1.0345 
1.026 1.0162 1.0007 1.0222 1.0055 1.0161 1.038 1.0174 1.0176 1 
1.0081 1.0264 1.0122 1.028 1.0428 1.0311 1.0132 1.0395 1.032 1.012 
1.0157 1.0455 1.0437 1.0075 1.0317 1.0453 1.0304 1.016 1.0296 1.0467 
1.0443 1.0122 1.0077 1.0215 1.042 1.0386 1.0354 1.0065 1.0007 1.0476 
1.045 1.0275 1.0472 1.0248 1.0223 1.0383 1.0033 1.0151 1.0262 1.028 
1.0021 1.046 1.0311 1.0084 1.0454 1.0404 1.0497 1.0477 1.0181 1.024 
1.0361 1.0279 1.0316 1.0362 1.0285 1.033 1.0147 1.0355 1.0281 1.0253 
1.0113 1.0052 1.0393 1.0098 1.0152 1.005 1.0226 1.0106 1.0267 1.0322 
1.0469 1.0143 1.0493 1.0252 1.028 1.0216 1.046 1.0267 1.0232 1.0097 
1.0371 1.019 1.0303 1.0264 1.0098 1.011 1.0371 1.0199 1.0145 1.0328 
1.0302 1.0387 1.0435 1.0384 1.0352 1.0384 1.0101 1.0102 1.0097 1.0202 
1.0336 1.01 1.0119 1.0048 1.0359 1.0084 1.0296 1.0078 1.0316 1.0191 
1.0132 1.0288 1.0101 1.0446 1.0274 1.0121 1.0238 1.0373 1.0307 1.0366 
1.0205 1.0245 1.0147 1.0332 1.0268 1.035 1.0122 1.0207 1.0366 1.0077 
1.0442 1.0391 1.0001 1.0457 1.0291 1.0018 1.0384 1.0053 1.0155 1.0476 
1.0449 1.0133 1.018 1.0148 1.0043 1.0489 1.0026 1.0092 1.0243 1.0319 
1.0281 1.0226 1.0064 1.0395 1.0446 1.0492 1.013 1.0485 1.0217 1.0185 
1.044 1.0494 1.0123 1.0165 1.0016 1.0026 1.0245 1.0359 1.0239 1.0369 
1.0253 1.0376 1.0268 1.028 1.0147 1.0391 1.0474 1.0074 1.0107 1.0151 
1.0414 1.0044 1.0161 1.0297 1.0329 1.0377 1.0361 1.047 1.0094 1.0022 
1.0132 1.0095 1.0419 1.0185 1.041 1.0215 1.0425 1.0366 1.0493 1.0029 
1.0005 1.0254 1.0086 1.0287 1.048 1.0176 1.0487 1.0086 1.0346 1.0342 
1.0201 1.0011 1.0307 1.0073 1.0335 1.0481 1.0286 1.0067 1.0187 1.0144 
1.0494 1.0424 1.0007 1.0101 1.011 1.0258 1.0366 1.0007 1.0064 1.0466 
1.0228 1.0109 1.0365 1.0008 1.0447 1.0221 1.0311 1.0098 1.0099 1.0457 
1.0286 1.0172 1.0021 1.012 1.0465 1.0125 1.0067 1.0035 1.032 1.0422 
1.0283 1.0124 1.0222 1.0243 1.027 1.0414 1.0157 1.0402 1.0423 1.0007 
1.0488 1.0009 1.0356 1.0299 1.0484 1.0206 1.0262 1.0354 1.0281 1.0213 
1.0367 1.0043 1.0491 1.0256 1.0181 1.0197 1.0029 1.0081 1.041 1.0066 
1.0265 1.0405 1.0343 1.0259 1.0122 1.0263 1.0261 1.0208 1.0149 1.0081 
1.004 1.0384 1.0081 1.0339 1.0038 1.0151 1.0325 1.0004 1.0024 1.0205 
1.0132 1.0153 1.0123 1.0274 1.0137 1.0098 1.0326 1.0396 1.0322 1.0247 
1.0326 1.034 1.0057 1.0096 1.039 1.0133 1.04 1.0465 1.0304 1.0433 
1.0046 1.0069 1.0351 1.0346 1.0216 1.0264 1.0078 1.0336 1.0065 1.037 
1.0022 1.0459 1.0429 1.0478 1.0415 1.0464 1.027 1.0283 1.0469 1.0407 
1.0301 1.0166 1.0032 1.0203 1.0343 1.0083 1.028 1.0102 1.0451 1.022 
1.0171 1.0198 1.0215 1.0224 1.0479 1.03 1.0325 1.0217 1.0301 1.0379 
1.0288 1.0317 1.0446 1.034 1.0498 1.0141 1.024 1.0282 1.0313 1.017 
1.0184 1.0159 1.0337 1.0463 1.0157 1.0393 1.0376 1.0303 1.0005 1.0453 
1.0493 1.0365 1.035 1.0499 1.0165 1.0445 1.022 1.016 1.0291 1.0093 
1.0441 1.0228 1.0181 1.0132 1.0054 1.004 1.0419 1.0057 1.0344 1.048 
1.0092 1.0163 1.0417 1.0316 1.0131 1.0036 1.0311 1.0496 1.0048 1.0199 
1.0317 1.0051 1.0271 1.0359 1.0045 1.0416 1.0311 1.0409 1.0398 1.0108 
1.0363 1.0484 1.022 1.0147 1.0341 1.0451 1.0396 1.0487 1.0064 1.007 
1.012 1.0233 1.038 1.0247 1.0406 1.0045 1.0174 1.0136 1.036 1.0453 
1.0158 1.0064 1.0372 1.0424 1.0284 1.0394 1.0409 1.0416 1.0478 1.0138 
1.0437 1.0029 1.0008 1.0143 1.034 1.002 1.0039 1.0187 1.0394 1.0381 
1.0328 1.0185 1.048 1.0071 1.0052 1.0449 1.0261 1.0216 1.018 1.0015 
1.0042 1.0127 1.0182 1.0197 1.0354 1.014 1.0288 1.009 1.0308 1.0321 
1.0094 1.0434 1.0362 1.0079 1.0219 1.0481 1.0187 1.0119 1.042 1.0331 
1.0335 1.0389 1.0363 1.0369 1.0017 1.0104 1.0125 1.0377 1.0153 1.0003 
1.0186 1.0049 1.0387 1.0432 1.0202 1.0246 1.0084 1.0235 1.0101 1.0228 
1.0328 1.0301 1.0298 1.0409 1.0259 1.015 1.0279 1.0106 1.036 1.0299 
1.0036 1.0151 1.0266 1.0416 1.0114 1.0215 1.0305 1.0333 1.029 1.0147 
1.0121 1.0283 1.0454 1.0311 1.0334 1.047 1.0471 1.0135 1.0176 1.0017 
1.006 1.0247 1.0267 1.0453 1.0102 1.0486 1.0317 1.0101 1.0497 1.0091 
1.0407 1.0341 1.0346 1.0495 1.0141 1.0138 1.0049 1.0277 1.0102 1.0146 
1.038 1.0456 1.0003 1.04 1.0304 1.0069 1.0075 1.0126 1.0156 1.0369 
1.0347 1.0493 1.0228 1.0319 1.0375 1.0189 1.0123 1.0365 1.0325 1.0333 
1.0169 1.013 1.0127 1.0341 1.0182 1.0256 1.0475 1.0467 1.0391 1.0077 
1.0146 1.0015 1.0134 1.0312 1.0234 1.0006 1.0079 1.0017 1.0482 1.0208 
1.0058 1.0459 1.0182 1.0444 1.0259 1.0277 1.0114 1.004 1.0457 1.0094 
1.0133 1.0179 1.015 1.0386 1.0234 1.0015 1.0053 1.0369 1.0348 1.0014 
1.0157 1.0258 1.0127 1.0031 1.0397 1.0265 1.0118 1.0452 1.0148 1.0245 
1.0374 1.0144 1.0088 1.0301 1.0291 1.0154 1.0029 1.0344 1.0166 1.0196 
1.0267 1.0498 1.0427 1.0009 1.032 1.0444 1.0191 1.0235 1.0107 1.0351 
1.0208 1.0433 1.0118 1.0393 1.0484 1.0443 1.0493 1.0181 1.0219 1.0096 
1.0099 1.0072 1.0325 1.0213 1.0132 1.0264 1.0156 1.0339 1.0207 1.0208 
1.0158 1.0159 1.043 1.0212 1.0489 1.0431 1.0317 1.0286 1.041 1.0456 
1.0399 1.0493 1.0067 1.0342 1.0339 1.0053 1.0033 1.0083 1.0313 1.0199 
1.0273 1.026 1.0383 1.0443 1.0087 1.0048 1.0146 1.0063 1.0355 1.0023 
1.0253 1.0253 1.0434 1.009 1.0194 1.0184 1.0437 1.0023 1.0298 1.0391 
1.0483 1.0255 1.009 1.0167 1.0269 1.0134 1.0139 1.0398 1.0377 1.0135 
1.0194 1.0307 1.0313 1.0309 1.0136 1.03 1.0394 1.0438 1.0299 1.0226 
1.0034 1.0197 1.0114 1.0024 1.0321 1.0233 1.0446 1.0407 1.0218 1.0363 
1.0218 1.0096 1.0022 1.0328 1.0283 1.0021 1.0295 1.0133 1.0131 1.0089 
1.007 1.0439 1.0343 1.0038 1.0433 1.0307 1.0091 1.0214 1.0431 1.0252 
1.0363 1.0058 1.0168 1.009 1.0263 1.0224 1.0061 1.0255 1.0482 1.0415 
1.0379 1.0036 1.0015 1.0467 1.0052 1.0259 1.0223 1.0052 1.0383 1.0238 
1.0415 1.0408 1.0075 1.0187 1.0145 1.0431 1.0366 1.0321 1.02 1.0178 
1.0098 1.0485 1.0053 1.0173 1.0065 1.0166 1.0499 1.0254 1.0413 1.0374 
1.0007 1.0327 1.0034 1.0362 1.0457 1.0466 1.0079 1.0216 1.0294 1.0263 
1.041 1.0015 1.0418 1.0374 1.0376 1.0422 1.0123 1.0411 1.014 1.0425 
1.0474 1.0154 1.0243 1.0248 1.0422 1.0002 1.0169 1.0429 1.0343 1.0477 
1.0049 1.046 1.0365 1.03 1.0162 1.0397 1.0033 1.0285 1.0292 1.0254 
1.0287 1.0238 1.0085 1.0298 1.0057 1.016 1.0406 1.0309 1.0174 1.014 
1.0116 1.0425 1.045 1.0261 1.0163 1.004 1.0465 1.005 1.0183 1.0047 
1.0339 1.0113 1.0126 1.0006 1.0271 1.004 1.0271 1.0201 1.0291 1.047 
1.04 1.0283 1.0134 1.0106 1.0178 1.0196 1.0271 1.0104 1.0275 1.0168 
1.0369 1.0364 1.0288 1.0098 1.0384 1.0315 1.044 1.0214 1.0087 1.0067 
1.0217 1.0227 1.0322 1.0382 1.0014 1.0356 1.0386 1.033 1.0273 1.0033 
1.0266 1.0072 1.0021 1.0097 1.0176 1.0074 1.0331 1.0249 1.0025 1.0237 
1.008 1.0135 1.0189 1.0139 1.045 1.026 1.0127 1.0025 1.0268 1.0474 
1.0296 1.0416 1.0175 1.0451 1.042 1.0397 1.0266 1.0474 1.0009 1.0499 
1.0376 1.0463 1.0055 1.0028 1.0493 1.0345 1.0125 1.0126 1.0478 1.0305 
1.0306 1.0287 1.0365 1.0002 1.0218 1.0295 1.0457 1.0427 1.0251 1.033 
1.0357 1.018 1.0275 1.0006 1.0059 1.0361 1.0483 1.0465 1.0186 1.0443 
1.0045 1.0149 1.0388 1.0025 1.0009 1.0207 1.0134 1.0062 1.0369 1.0291 
1.0425 1.0143 1.0395 1.0375 1.0427 1.0144 1.0251 1.0246 1.0068 1.0386 
1.0389 1.0294 1.0369 1.0008 1.0116 1.0251 1.0438 1.041 1.0184 1.0054 
1.0259 1.0469 1.011 1.0235 1.0181 1.0456 1.0005 1.0174 1.0214 1.0102 
1.0434 1.0444 1.0307 1.0317 1.0327 1.0084 1.0472 1.0326 1.0421 1.0215 
1.0073 1.0126 1.0161 1.0214 1.0447 1.0289 1.0052 1.0185 1.0248 1.0249 
1.0189 1.0329 1.0451 1.0106 1.0423 1.0482 1.0496 1.0031 1.0174 1.0421 
1.0448 1.0239 1.0259 1.0237 1.0323 1.0149 1.0163 1.0158 1.0425 1.0432 
1.0035 1.0471 1.0359 1.0443 1.0246 1.0277 1.0146 1.0209 1.0187 1.0348 
1.0257 1.0072 1.0186 1.0381 1.0412 1.0299 1.0112 1.0432 1.0403 1.0032 
1.0477 1.033 1.0267 1.0102 1.0418 1.0135 1.0043 1.0128 1.0219 1.0038 
1.0195 1.0198 1.0078 1.0289 1.0182 1.0297 1.0313 1.0099 1.0276 1.007 
1.03 1.0127 1.0298 1.0001 1.0423 1.0498 1.004 1.0112 1.0214 1.0436 
1.0271 1.0169 1.0326 1.0055 1.0089 1.0403 1.0359 1.0413 1.0098 1.0318 
1.0138 1.0323 1.0405 1.048 1.037 1.0097 1.0058 1.0224 1.0089 1.0028 
1.0092 1.0065 1.008 1.0418 1.0033 1.047 1.0135 1.0093 1.0185 1.0192 
1.0405 1.0158 1.0105 1.0195 1.046 1.0067 1.0277 1.0278 1.0243 1.0123 
1.0184 1.0214 1.0053 1.0041 1.0358 1.0022 1.0174 1.0296 1.0443 1.0192 
1.0291 1.0269 1.0298 1.0201 1.0318 1.0197 1.0264 1.0073 1.035 1.0077 
1.0106 1.0345 1 1.0039 1.0471 1.033 1.0375 1.0107 1.0143 1.0179 
1.0066 1.0397 1.0401 1.0086 1.0083 1.0185 1.0344 1.0151 1.0394 1.0132 
1.0285 1.0404 1.0426 1.0025 1.035 1.0144 1.0019 1.0021 1.0085 1.0214 
1.0085 1.0486 1.035 1.0225 1.026 1.0098 1.0271 1.0334 1.0325 1.0038 
1.0483 1.0445 1.0499 1.0412 1.0377 1.0436 1.0177 1.0138 1.0098 1.0084 
1.0343 1.0364 1.0168 1.0105 1.0027 1.0125 1.0348 1.0176 1.0023 1.0185 
1.0158 1.0035 1.0184 1.0089 1.0111 1.0341 1.0013 1.0131 1.0236 1.0131 
1.0119 1.0188 1.0005 1.0037 1.0355 1.0155 1.034 1.0005 1.0307 1.048 
1.0072 1.0425 1.0205 1.0129 1.0008 1.0007 1.015 1.0092 1.018 1.0434 
1.0113 1.0369 1.0278 1.0374 1.021 1.0009 1.01 1.0321 1.0066 1.0283 
1.0465 1.0452 1.0292 1.0313 1.0205 1.0036 1.0353 1.0195 1.0351 1.0037 
1.0432 1.022 1.0434 1.0094 1.0071 1.0041 1.0285 1.0058 1.0374 1.0146 
1.011 1.0406 1.0214 1.0225 1.0304 1.0345 1.0056 1.0138 1.0441 1.0448 
1.0331 1.0473 1.0088 1.023 1.047 1.0294 1.0224 1.0371 1.0122 1.007 
1.0336 1.0243 1.0036 1.006 1.03 1.0166 1.0442 1.0059 1.0347 1.021 
1.0036 1.0435 1.0458 1.0004 1.0353 1.0254 1.043 1.0062 1.0333 1.0224 
1.001 1.0092 1.0129 1.0165 1.0136 1.0169 1.0233 1.0278 1.0452 1.0097 
1.0162 1.0242 1.0252 1.0109 1.0432 1.0099 1.027 1.0303 1.0225 1.0455 
