10
100
3396 6968 6042 4485 844 6200 2175 2037 1745 5464 2904 1115 7977 1129 4879 6723 8678 282 2531 6758 1040 2441 434 3652 5343 8193 3944 8434 8725 3916 2502 7845 3462 9725 5046 7922 8257 603 9690 4338 492 4624 4382 9367 5061 4001 3190 2826 812 3394 4985 3561 9048 137 557 4634 3792 4567 8127 8332 9829 7897 251 2475 9804 4726 1291 1635 4170 7489 103 1977 9508 8459 7777 6282 9053 9235 3023 2815 87 8420 5053 3123 2840 1031 4953 6430 4451 1446 5123 2398 5136 8740 3292 6754 5972 5276 3012 1489 
1212 2459 3384 3823 3658 2868 4796 823 1403 3133 
1.0449 1.0364 1.0425 1.0174 1.0205 1.0373 1.0095 1.0002 1.0458 1.0471 
1.0047 1.0267 1.0363 1.0207 1.0179 1.0022 1.0404 1.0209 1.0076 1.0129 
1.0474 1.0137 1.0468 1.0186 1.0268 1.0191 1.0264 1.0029 1.0003 1.0403 
1.0337 1.0472 1.0088 1.0358 1.0078 1.0479 1.0153 1.0097 1.0172 1.0111 
1.019 1.0411 1.0196 1.0153 1.0392 1.0013 1.0408 1.0018 1.0215 1.0136 
1.0208 1.0046 1.0211 1.0035 1.0391 1.0384 1.0312 1.0257 1.0415 1.0273 
1.0147 1.0105 1.0197 1.0323 1.0289 1.0492 1.0068 1.0186 1.0498 1.0107 
1.0023 1.0087 1.0024 1.0293 1.0209 1.0141 1.0041 1.0064 1.0005 1.0413 
1.0283 1.0363 1.0294 1.0071 1.0099 1.0406 1.0157 1.0494 1.0155 1.0354 
1.0492 1.0102 1.0288 1.0062 1.0449 1.0212 1.019 1.0271 1.004 1.0093 
1.0242 1.029 1.0213 1.0272 1.0062 1.0403 1.0121 1.0314 1.0251 1.0354 
1.0371 1.0431 1.0163 1.0147 1.0454 1.0462 1.028 1.0048 1.0265 1.028 
1.0465 1.0401 1.0466 1.0413 1.0392 1.0367 1.0082 1.0135 1.0032 1.047 
1.0393 1.0459 1.0367 1.0156 1.0177 1.0353 1.0271 1.0063 1.0494 1.038 
1.0248 1.0036 1.0081 1.0338 1.0477 1.0284 1.0367 1.0177 1.0044 1.0411 
1.0088 1.0282 1.0243 1.0288 1.0486 1.0065 1.0377 1.016 1.0492 1.0133 
1.0351 1.0103 1.0052 1.0205 1.0075 1.0063 1.0456 1.0027 1.0219 1.0262 
1.0445 1.0316 1.0406 1.031 1.0316 1.0216 1.048 1.0234 1.047 1.0331 
1.0466 1.0068 1.0405 1.0121 1.0087 1.0209 1.0071 1.031 1.0373 1.0041 
1.0178 1.0289 1.0052 1.0148 1.0465 1.0142 1.0245 1.026 1.0034 1.0033 
1.0269 1.0064 1.0048 1.0185 1.0079 1.0335 1.0199 1.0152 1.0224 1.0265 
1.0454 1.0273 1.0302 1.0407 1.0369 1.0228 1.0431 1.0294 1.0187 1.0097 
1.0462 1.0158 1.0085 1.0267 1.0137 1.009 1.0103 1.0314 1.0241 1.0079 
1.0302 1.0495 1.0423 1.0464 1.0203 1.0319 1.0109 1.0053 1.0227 1.0351 
1.0361 1.0345 1.0072 1.0438 1.0256 1.024 1.0075 1.0079 1.0037 1.0173 
1.0362 1.0069 1.0206 1.0278 1.0028 1.0276 1.014 1.0185 1.0463 1.0426 
1.0143 1.0275 1.0257 1.0241 1.0208 1 1.0297 1.0407 1.0015 1.0094 
1.0304 1.006 1.0375 1.0445 1.0063 1.0298 1.0248 1.0462 1.0224 1.0427 
1.0003 1.0482 1.0149 1.003 1.0351 1.0094 1 1.0067 1.0263 1.0389 
1.0296 1.0376 1.0479 1.0422 1.0338 1.0484 1.0057 1.0138 1.0279 1.0368 
1.0033 1.0139 1.0205 1.0035 1.0082 1.0078 1.046 1.0182 1.045 1.0091 
1.0192 1.0371 1.0291 1.0095 1.0088 1.0212 1.0124 1.0346 1.0364 1.0204 
1.0204 1.0429 1.0415 1.0459 1.0493 1.0478 1.009 1.0443 1.0428 1.0155 
1.0353 1.0014 1.0114 1.0024 1.0419 1.0148 1.0166 1.0152 1.0319 1.0112 
1.041 1.0297 1.0494 1.0055 1.0395 1.0386 1.0046 1.0044 1.0201 1.043 
1.0393 1.0064 1.0294 1.0003 1.0351 1.0428 1.0145 1.0024 1 1.0419 
1.0382 1.0027 1.0246 1.0121 1.0196 1.0205 1.0269 1.0012 1.0107 1.0151 
1.0451 1.0042 1.0232 1.0301 1.0054 1.0168 1.0442 1.0469 1.038 1.0346 
1.001 1.013 1.0267 1.0334 1.0232 1.0309 1.0233 1.0201 1.0343 1.0224 
1.0429 1.0255 1.0079 1.0465 1.0442 1.0358 1.0126 1.0258 1.0256 1.0122 
1.0218 1.0026 1.0497 1.0388 1.0432 1.0246 1.0169 1.0208 1.0124 1.0422 
1.0469 1.0436 1.0355 1.0277 1.0037 1.0478 1.048 1.0052 1.0408 1.0157 
1.048 1.0166 1.0376 1.0339 1.0012 1.0223 1.0218 1.0356 1.0004 1.0074 
1.0019 1.0446 1.0445 1.0199 1.028 1.0457 1.0475 1.0362 1.0311 1.0222 
1.0464 1.0098 1.0218 1.0492 1.0096 1.0129 1.0199 1.0272 1.0133 1.0404 
1.0249 1.0032 1.0358 1.0021 1.0251 1.0371 1.0003 1.0483 1.0142 1.0408 
1.0111 1.0238 1.0107 1.0069 1.0266 1.0092 1.0221 1.0485 1.0039 1.0031 
1.0092 1.0063 1.0356 1.0084 1.0323 1.0421 1.0237 1.0292 1.0087 1.0073 
1.0351 1.0041 1.042 1.0331 1.007 1.0082 1.0135 1.0132 1.0209 1.047 
1.0269 1.0233 1.0477 1.0418 1.0208 1.035 1.0291 1.0402 1.0495 1.0404 
1.0325 1.0223 1.003 1.0401 1.0219 1.0206 1.0003 1.0023 1.0266 1.0227 
1.0242 1.028 1.0162 1.0374 1.0108 1.0181 1.0085 1.0493 1.0218 1.0177 
1.0387 1.0144 1.018 1.0247 1.0315 1.0366 1.0149 1.0461 1.043 1.0025 
1.0035 1.0343 1.041 1.0256 1.0252 1.0447 1.0109 1.029 1.0198 1.0295 
1.0388 1.0317 1.0315 1.007 1.0158 1.0088 1.0258 1.0406 1.0389 1.0286 
1.0364 1.0374 1.0356 1.0165 1.0014 1.0026 1.0285 1.0258 1.0434 1.0387 
1.0457 1.0129 1.0065 1.0053 1.0388 1.0106 1.0092 1.0226 1.0147 1.0365 
1.0213 1.0428 1.0253 1.0228 1.036 1.0198 1.0495 1.0335 1.0105 1.0259 
1.0188 1.0113 1.0076 1.0403 1.0035 1.0464 1.0132 1.0111 1.0032 1.0353 
1.044 1.0387 1.0446 1.0117 1.0064 1.0286 1.0037 1.0371 1.0222 1.0304 
1.0051 1.0035 1.0036 1.0007 1.0498 1.0046 1.0341 1.0232 1.0198 1.0235 
1.041 1.0151 1.0329 1.0246 1.0267 1.0221 1.0446 1.0247 1.049 1.0165 
1.0182 1.0032 1.0451 1.0069 1.0336 1.0362 1.0304 1.0419 1.0348 1.0462 
1.0028 1.0332 1.0374 1.03 1.0482 1.0078 1.044 1.048 1.0131 1.0052 
1.0121 1.0448 1.042 1.0226 1.0447 1.004 1.0221 1.0132 1.0404 1.0416 
1.0495 1.0084 1.0008 1.0295 1.0158 1.005 1.0166 1.0009 1.0083 1.0022 
1.0297 1.0214 1.0263 1.0231 1.0232 1.0235 1.0124 1.0119 1.0145 1.0322 
1.0474 1.0279 1.0185 1.0333 1.048 1.0021 1.0092 1.024 1.0397 1.0446 
1.0361 1.038 1.0116 1.0157 1.0071 1.003 1.0394 1.0061 1.0006 1.0435 
1.0182 1.0366 1.0039 1.0316 1.029 1.0471 1.011 1.0082 1.029 1.0498 
1.0327 1.0252 1.0289 1.0184 1.0447 1.0024 1.0118 1.0499 1.0295 1.0478 
1.0127 1.0093 1.0065 1.0282 1.0344 1.0135 1.0342 1.0209 1.0363 1.0306 
1.0327 1.0259 1.0216 1.0144 1.0448 1.0272 1.0446 1.0135 1.0054 1.0155 
1.0403 1.0313 1.0484 1.007 1.0101 1.0243 1.0221 1.0387 1.0189 1.0284 
1.0036 1.0238 1.0188 1.024 1.0363 1.0272 1.0427 1.043 1.0008 1.0423 
1.0212 1.0105 1.0129 1.0332 1.0015 1.0446 1.0147 1.0046 1.041 1.0047 
1.0446 1.0435 1.0303 1.0058 1.0262 1.0195 1.0377 1.0085 1.0229 1.0027 
1.0342 1 1.0011 1.0088 1.046 1.0404 1.0438 1.0232 1.0407 1.0115 
1.0475 1.0154 1.0229 1.0091 1.0048 1.0277 1.0239 1.0091 1.0404 1.0381 
1.0264 1.0112 1.0032 1.0174 1.0427 1.042 1.0324 1.04 1.0226 1.0077 
1.0485 1.0052 1.0176 1.0396 1.0132 1.0019 1.023 1.0376 1.0067 1.0284 
1.0078 1.0492 1.0362 1 1.0307 1.0403 1.0016 1.0151 1.0001 1.0292 
1.0007 1.0446 1.0268 1.0277 1.0126 1.0163 1.0235 1.0248 1.0014 1.0077 
1.0395 1.0399 1.0375 1.0269 1.0388 1.0147 1.0027 1.0108 1.0463 1.0028 
1.0095 1.0318 1.026 1.026 1.0237 1.0146 1.005 1.0262 1.0333 1.0086 
1.0277 1.0188 1.0156 1.0494 1.0055 1.0338 1.0103 1.036 1.0174 1.0353 
1.0124 1.0238 1.0273 1.0312 1.0345 1.0296 1.0161 1.0126 1.0004 1.0051 
1.0226 1.0276 1.0466 1.0195 1.0334 1.0272 1.042 1.0432 1.0397 1.0431 
1.0096 1.011 1.0494 1.0151 1.0304 1.0162 1.0433 1.0099 1.0206 1.0491 
1.0217 1.0207 1.0198 1.0015 1.0424 1.0351 1.0409 1.0447 1.0436 1.0131 
1.0123 1.0164 1.0264 1.0081 1.0224 1.0242 1.04 1.0386 1.0375 1.0281 
1.0001 1.0022 1.0267 1.0095 1.0372 1.0409 1.0349 1.0445 1.0313 1.0409 
1.0281 1.0057 1.0163 1.0442 1.0424 1.0159 1.0015 1.04 1.0214 1.0043 
1.048 1.0161 1.0125 1.0115 1.0461 1.0482 1.0478 1.0329 1.0349 1.0313 
1.0086 1.0007 1.0118 1.0119 1.0143 1.0076 1.0157 1.0191 1.014 1.0222 
1.0052 1.0232 1.0467 1.0258 1.0265 1.0423 1.0046 1.0276 1.039 1.0084 
1.0204 1.0372 1.005 1.0101 1.0232 1.0227 1.0376 1.0295 1.0166 1.029 
1.0133 1.023 1.0217 1.004 1.0178 1.0459 1.0353 1.0362 1.0383 1.008 
1.0241 1.0224 1.0377 1.027 1.0236 1.0066 1.0103 1.0137 1.0416 1.0124 
1.0071 1.0373 1.0191 1.0261 1.0158 1.0037 1.0117 1.041 1.0173 1.0149 
