5
100
9331 8512 9494 1159 5383 8210 4143 7675 6418 4312 8104 8367 7165 2503 6017 7474 2239 2535 4385 9084 6177 6906 3961 897 528 3039 5712 9475 7465 3098 9769 2625 770 3596 1800 7280 7587 9746 3950 8234 3990 3480 2088 2543 4920 5823 8986 1965 4557 3135 5209 5023 6561 6793 8750 6815 8883 9568 8372 7712 4175 1085 8659 7423 2057 4498 947 3036 2064 6665 9772 4724 7757 2431 9706 727 867 7967 125 204 5109 8853 2800 4116 9332 1468 8295 6739 8520 4465 5739 4620 4824 4211 7475 2457 3031 33 5521 2613 
700 703 3043 2935 1764 
1.0304 1.021 1.0465 1.0146 1.0467 
1.0393 1.0068 1.0473 1.0017 1.0453 
1.0492 1.0198 1.026 1.0393 1.0174 
1.0449 1.0213 1.0058 1.0462 1.0331 
1.0327 1.0401 1.0039 1.0433 1.0041 
1.0421 1.0128 1.0294 1.0394 1.0413 
1.0204 1.0172 1.0321 1.0457 1.0088 
1.0282 1.0137 1.0205 1.0399 1.0356 
1.0019 1.0199 1.0199 1.0207 1.0409 
1.0119 1.0238 1.0246 1.0325 1.0211 
1.0147 1.0101 1.0399 1.0352 1.0494 
1.0288 1.0023 1.0306 1.0142 1.0284 
1.0011 1.0318 1.0258 1.0042 1.0219 
1.0418 1.0445 1.0142 1.0145 1.0129 
1.0061 1.033 1.0475 1.0481 1.0329 
1.0334 1.0451 1.0033 1.0339 1.0139 
1.0198 1.0491 1.0194 1.0461 1.0116 
1.047 1.0404 1.011 1.0392 1.0179 
1.0282 1.0224 1.0083 1.0361 1.0135 
1.0088 1.0109 1.0362 1.0459 1.0255 
1.017 1.0084 1.0145 1.0309 1.0294 
1.0072 1.0382 1.0237 1.0304 1.0265 
1.0123 1.034 1.046 1.0204 1.0441 
1.0154 1.0135 1.0443 1.02 1.0025 
1.0223 1.0004 1.035 1.0139 1.023 
1.048 1.0013 1.0046 1.0404 1.0368 
1.035 1.0117 1.0381 1.0222 1.0459 
1.0098 1.0219 1.0126 1.0191 1.0306 
1.0216 1.0335 1.0492 1.0413 1.0146 
1.0436 1.0257 1.0195 1.0404 1.0352 
1.0298 1.0246 1 1.0022 1.0477 
1.0057 1.0294 1.0045 1.0478 1.0271 
1.0459 1.006 1.017 1.0192 1.0237 
1.0355 1.0258 1.0121 1.0207 1.0273 
1.0454 1.0206 1.0424 1.0153 1.0024 
1.0238 1.0433 1.0083 1.0379 1.0033 
1.0162 1.0472 1.0294 1.0409 1.008 
1.032 1.0127 1.0241 1.0172 1.0315 
1.0104 1.0241 1.0307 1.0106 1.0339 
1.0252 1.0223 1.0456 1.048 1.019 
1.0281 1.0025 1.0169 1.0337 1.0187 
1.0401 1.0285 1.0386 1.0136 1.0351 
1.0409 1.0192 1.0406 1.0008 1 
1.0233 1.0495 1.0031 1.0132 1.0461 
1.0487 1.0051 1.0446 1.0318 1.0084 
1.0255 1.0073 1.0268 1.0347 1.0229 
1.008 1.0164 1.0214 1.0132 1.0198 
1.0299 1.0327 1.0346 1.0018 1.0014 
1.0016 1.0262 1.0213 1.0128 1.0119 
1.0091 1.048 1.0024 1.0416 1.033 
1.012 1.0219 1.022 1.0368 1.0203 
1.0183 1.0101 1.003 1.0456 1.0449 
1.014 1.0232 1.0194 1.0365 1.0078 
1.0428 1.0471 1.0232 1.0149 1.0489 
1.0451 1.0362 1.04 1.038 1.029 
1.03 1.0382 1.0281 1.021 1.0044 
1.0388 1.0437 1.0087 1.0256 1.0042 
1.0346 1.0365 1.044 1.0275 1.0036 
1.0404 1.0239 1.0158 1.0259 1.0407 
1.0391 1.0424 1.0324 1.0283 1.0011 
1.0219 1.0025 1.026 1.0326 1.0097 
1.0079 1.0239 1.0174 1.0494 1.0102 
1.0382 1.0302 1.0398 1.042 1.0094 
1.0316 1.0179 1.0262 1.0063 1.0277 
1.0233 1.0151 1.0397 1.0122 1.0214 
1.0297 1.0285 1.0035 1.014 1.0241 
1.0457 1.0214 1.0429 1.0006 1.0105 
1.019 1.0019 1.0013 1.019 1.0448 
1.028 1.0203 1.0172 1.0302 1.0307 
1.0356 1.0031 1.011 1.0383 1.0283 
1.0217 1.0002 1.0208 1.0105 1.0015 
1.0049 1.0412 1.019 1.0113 1.0404 
1.006 1.0446 1.0223 1.0491 1.0159 
1.0484 1.0326 1.0053 1.0217 1.0181 
1.0406 1.0059 1.0123 1.0195 1.0472 
1.0059 1.0115 1.04 1.0391 1.0124 
1.0432 1.0041 1.0355 1.0078 1.0339 
1.0134 1.0439 1.0174 1.0111 1.0051 
1.0355 1.0228 1.0385 1.0215 1.0104 
1.039 1.0311 1.0172 1.0247 1.0405 
1.0188 1.036 1.0483 1.0447 1.0397 
1.0351 1.0087 1.0015 1.0497 1.0252 
1.0499 1.0308 1.0123 1.0328 1.0329 
1.025 1.0175 1.0321 1.0411 1.0455 
1 1.0347 1.046 1.0157 1.0498 
1.0173 1.0456 1.0001 1.0316 1.0441 
1.014 1.0352 1.0263 1.0405 1.0081 
1.0055 1.0495 1.0405 1.0107 1.046 
1.0269 1.0425 1.0045 1.0155 1.0014 
1.0365 1.0099 1.049 1.0404 1.0258 
1.0277 1.0053 1.0219 1.001 1.0322 
1.0125 1.0113 1.0218 1.0003 1.0183 
1.016 1.0128 1.0493 1.0123 1.0255 
1.018 1.046 1.0029 1.0375 1.0487 
1.0002 1.0307 1.012 1.0242 1.0483 
1.0321 1.0221 1.0067 1.0414 1.0282 
1.0121 1.0385 1.0211 1.0132 1.0198 
1.0401 1.0323 1.0486 1.0426 1.0333 
1.0497 1.0459 1.0283 1.046 1.001 
1.0065 1.0275 1.0397 1.0444 1.0015 
