25
500
296 208 759 629 518 335 450 148 607 840 44 505 756 547 863 768 158 172 458 564 303 464 656 212 7 325 712 13 253 128 371 657 452 960 215 230 199 5 114 769 138 772 149 859 19 422 821 223 536 861 923 773 52 876 891 109 797 979 993 909 636 217 199 207 989 648 64 991 27 703 483 142 694 161 658 116 693 940 106 410 994 448 74 216 981 684 191 279 824 827 701 402 162 530 133 570 705 623 725 178 842 468 488 305 845 661 202 529 766 316 235 236 626 642 501 890 977 32 407 250 452 386 137 979 365 890 109 641 986 955 963 520 577 551 902 269 753 648 752 824 319 983 567 579 117 872 138 263 20 281 237 513 642 888 944 602 872 341 911 280 819 434 882 220 257 426 345 11 175 217 627 194 525 595 308 285 747 288 264 269 180 16 219 533 945 288 114 696 407 144 164 318 779 565 933 946 2 782 277 479 461 177 488 300 654 21 503 167 391 755 501 313 625 35 738 741 512 255 978 159 783 777 338 552 37 577 909 838 25 532 3 588 555 62 338 273 68 350 46 8 516 860 813 268 616 359 22 536 81 182 214 355 910 941 745 750 356 414 948 503 635 802 673 224 994 120 526 712 221 892 669 559 182 906 511 474 508 225 140 288 987 176 841 118 789 555 543 648 96 739 531 17 232 940 281 239 912 320 745 686 663 174 954 543 46 919 248 743 747 90 8 334 160 66 224 749 519 753 733 952 207 936 483 922 311 514 661 455 33 349 31 731 40 940 323 647 355 638 20 353 875 630 384 980 121 399 70 22 289 892 159 334 237 106 972 236 461 307 496 663 675 614 762 853 86 157 41 530 952 525 167 53 530 738 870 503 985 439 430 175 382 545 508 437 324 68 511 438 364 322 309 623 752 239 663 527 632 7 218 818 275 760 374 58 439 529 913 146 465 172 700 917 176 504 314 872 202 362 957 480 796 783 467 64 771 67 800 695 605 891 808 108 351 240 670 54 425 334 803 120 861 299 619 427 144 782 952 219 196 245 509 781 628 132 184 680 832 661 585 770 22 432 611 961 806 582 426 195 405 703 673 607 72 243 270 350 849 609 641 26 229 693 710 231 822 26 513 140 629 302 771 631 993 469 266 913 857 123 358 104 
96 262 191 308 116 471 458 238 328 455 355 294 487 186 33 346 55 8 9 390 131 340 39 410 475 
1.028 1.0157 1.0292 1.0465 1.048 1.0397 1.0016 1.0216 1.0174 1.0443 1.0477 1.0182 1.0468 1.0222 1.0327 1.0006 1.045 1.0273 1.0177 1.0368 1.018 1.046 1.0315 1.0248 1.0428 
1.0115 1.043 1.0073 1.0016 1.0194 1.0275 1.0205 1.0027 1.0123 1.0389 1.0445 1.0397 1.0272 1.0087 1.0455 1.032 1.012 1.0265 1.0282 1.01 1.0342 1.0457 1.0363 1.0422 1.0436 
1.0069 1.0237 1.0421 1.0048 1.0392 1.0342 1.0397 1.0084 1.0094 1.0364 1.0437 1.0367 1.0376 1.0448 1.0098 1.0332 1.0075 1.0138 1.0092 1.0191 1.0131 1.0445 1.0308 1.026 1.0023 
1.0269 1.0383 1.0354 1.0219 1.0279 1.0239 1.0493 1.0191 1.0183 1.0443 1.0148 1.033 1.0233 1.0087 1.0054 1.0289 1.0449 1.0381 1.0333 1.0005 1.0043 1.0002 1.0183 1.0378 1.0455 
1.0252 1.0281 1.0385 1.0364 1.0327 1.0421 1.0277 1.0371 1.0434 1.0408 1.0093 1.0274 1.0228 1.0384 1.0449 1.0138 1.0447 1.0386 1.0475 1.0314 1.0161 1.0468 1.0035 1.0425 1.0324 
1.0089 1.0366 1.007 1.0422 1.0121 1.0122 1.035 1.0358 1.0098 1.007 1.0209 1.0009 1.0471 1.0113 1.0248 1.0356 1.0348 1.0008 1.0258 1.0161 1.0058 1.0121 1.0002 1.0157 1.0016 
1.0385 1.0489 1.0453 1.035 1.0184 1.0088 1.0268 1.0058 1.0379 1.0228 1.0147 1.0133 1.0231 1.0169 1.0109 1.0163 1.0121 1.0399 1.0321 1.0356 1.0185 1.0368 1.0278 1.0213 1.0106 
1.0257 1.0147 1.0078 1.0277 1.041 1.0284 1.0022 1.0142 1.0389 1.0368 1.0269 1.0492 1.0006 1.0002 1.036 1.0181 1.0107 1.0408 1.0055 1.0497 1.0105 1.0034 1.0423 1.0457 1.044 
1.0212 1.0266 1.0244 1.0362 1.0156 1.0167 1.0249 1.0153 1.047 1.0248 1.0359 1.0272 1.0137 1.0046 1.02 1.0428 1.0289 1.014 1.0476 1.0483 1.0308 1.0008 1.0318 1.0145 1.031 
1.0231 1.024 1.0013 1.038 1.045 1.0144 1.0454 1.0198 1.0004 1.0373 1.0439 1.0129 1.0106 1.0475 1.0176 1.0321 1.0489 1.0138 1.0462 1.0207 1.0162 1.0037 1.0172 1.0472 1.0352 
1.0018 1.0023 1.0026 1.0245 1.0092 1.0403 1.0097 1.0086 1.0417 1.0023 1.0456 1.0048 1.0497 1.0186 1.0238 1.0419 1.0026 1.0239 1.0434 1.0051 1.0078 1.0215 1.0033 1.046 1.0486 
1.0361 1.0082 1.0138 1.0076 1.031 1.0047 1.0443 1.0103 1.0169 1.0252 1.0207 1.0017 1.006 1.042 1.0319 1.0046 1.0033 1.0094 1.0218 1.0084 1 1.0432 1.0366 1.045 1.0138 
1.0062 1.0289 1.0028 1.0009 1.0078 1.0437 1.0071 1.0084 1.034 1.0168 1.0457 1.0382 1.0315 1.0159 1.028 1.047 1.0105 1.0191 1.0059 1.0418 1.0108 1.0246 1.0481 1.0144 1.0149 
1.0316 1.008 1.038 1.0021 1.0085 1.0493 1.0087 1.0262 1.0196 1.0015 1.0152 1.0335 1.0472 1.0161 1.0253 1.0079 1.0074 1.0232 1.0316 1.0491 1.0128 1.0195 1.0406 1.0229 1.0492 
1.0129 1.0359 1.0092 1.0424 1.0404 1.046 1.0198 1.0464 1.0487 1.043 1.0421 1.0057 1.0103 1.0168 1.0305 1.0112 1.0478 1.0122 1.0092 1.0162 1.0392 1.0454 1.0459 1.0211 1.0241 
1.0355 1.0389 1.0252 1.0062 1.0497 1.0025 1.0262 1.039 1.0193 1.0213 1.0488 1.0369 1.0321 1.018 1.0144 1.018 1.0105 1.0419 1.0072 1.0024 1.0035 1.0488 1.0342 1 1.0252 
1.0242 1.0414 1.0428 1.0281 1.0093 1.0256 1.0468 1.0437 1.0269 1.0213 1.0459 1.0499 1.0221 1.0386 1.0152 1.031 1.0254 1.0386 1.0222 1.0338 1.0488 1.0299 1.002 1.0483 1.0444 
1.0272 1.0368 1.0045 1.0166 1.0082 1.0419 1.0494 1.0157 1.0217 1.0337 1.006 1.0189 1.0383 1.0417 1.0312 1.0032 1.0307 1.0264 1.0135 1.0496 1.0139 1.0242 1.0455 1.0104 1.0111 
1.0413 1.0325 1.0305 1.0301 1.0117 1.0026 1.0331 1.0037 1.0348 1.0326 1.0184 1.0186 1.0018 1.042 1.0008 1.0333 1.0483 1.0159 1.0174 1.0162 1.0004 1.0121 1.0218 1.0336 1.0488 
1.0402 1.0359 1.0261 1.0436 1.0295 1.0023 1.0466 1.0257 1.0364 1.0108 1.0451 1.0496 1.0282 1.0093 1.013 1.047 1.0474 1.041 1.0244 1.0065 1.0221 1.0448 1.034 1.0063 1.0112 
1.0305 1.0125 1.0129 1.0088 1.0238 1.0186 1.0171 1.0264 1.0305 1.0384 1.0458 1.028 1.025 1.0299 1.0098 1.0276 1.0128 1.0476 1.0165 1.0457 1.0114 1.0287 1.0343 1.032 1.0003 
1.0235 1.024 1.0211 1.0001 1.0126 1.0371 1.0257 1.0057 1.0463 1.0141 1.036 1.0449 1.0016 1.0257 1.0457 1.0391 1.0373 1.0248 1.0316 1.0094 1.0038 1.0416 1.0117 1.0122 1.0301 
1.0081 1.0338 1.0417 1.036 1.0444 1.0237 1.0111 1.0336 1.0243 1.0052 1.0294 1.0354 1.0268 1.0136 1.0199 1.0296 1.0138 1.0403 1.0078 1.0299 1.0217 1.0185 1.0161 1.0447 1.0194 
1.036 1.0074 1.012 1.0486 1.0178 1.0138 1.024 1.0414 1.0332 1.0434 1.021 1.0043 1.0261 1.0444 1.0149 1.0454 1.0297 1.0435 1.0304 1.0251 1.0291 1.029 1.0172 1.0365 1.0067 
1.003 1.0354 1.0125 1.0387 1.045 1.0095 1.0437 1.0292 1.0315 1.006 1.0454 1.0257 1.0211 1.0307 1.0285 1.0004 1.0007 1.0044 1.0014 1.0004 1.0231 1.0208 1.0434 1.0082 1.0369 
1.0496 1.0342 1.027 1.0379 1.0336 1.0319 1.0093 1.0313 1.0009 1.0153 1.0009 1.0118 1.0391 1.0027 1.004 1.0348 1.0223 1.0028 1.0152 1.017 1.0478 1.0067 1.0466 1.0381 1.0114 
1.0059 1.0278 1.0463 1.0473 1.0029 1.0198 1.0448 1.003 1.0435 1.0359 1.0073 1.0423 1.021 1.0037 1.0378 1.0136 1.0303 1.0265 1.0282 1.0413 1.0269 1.0455 1.0382 1.0444 1.0014 
1.04 1.0402 1.0119 1.0311 1.0022 1.0411 1.0449 1.0216 1.0362 1.0382 1.0331 1.0232 1.0291 1.0199 1.0319 1.0253 1.0077 1.0006 1.0069 1.0432 1.0378 1.0281 1.0224 1.0144 1.0036 
1.0118 1.0397 1.038 1.0243 1.0228 1.0175 1.0321 1.0237 1.0248 1.026 1.0016 1.0291 1.039 1.0424 1.012 1.0078 1.0292 1.0366 1.002 1.0123 1.0023 1.0319 1.0351 1.0179 1.0027 
1.0499 1.0128 1.0414 1.0255 1 1.038 1.0278 1.0021 1.0238 1.0094 1.0458 1.0375 1.0412 1.0385 1.0439 1.0376 1.0429 1.0436 1.0283 1.0489 1.0155 1.0006 1.0212 1.0254 1.0054 
1.0083 1.0043 1.0495 1.0064 1.0119 1.0194 1.005 1.0203 1.0122 1.0095 1.044 1.0273 1.0243 1.0146 1.0448 1.0028 1.006 1.0045 1.0219 1.0428 1.0047 1.0285 1.0209 1.0008 1.0234 
1.0124 1.0282 1.0142 1.0408 1.0057 1.0352 1.0336 1.0331 1.0323 1.0296 1.0332 1.0044 1.0118 1.0047 1.0032 1.0221 1.0458 1.0347 1.0429 1.0334 1.0033 1.0147 1.0287 1.0411 1.0067 
1.0027 1.0074 1.0209 1.0489 1.0427 1.0383 1.0058 1.0295 1.0485 1.0394 1.0457 1.0373 1.0461 1.0078 1.0082 1.0319 1.0049 1.005 1.0178 1.0183 1.0209 1.0063 1.0415 1.0463 1.0165 
1.0366 1.0351 1.0104 1.0085 1.0231 1.0262 1.0174 1.0244 1.0014 1.0072 1.0301 1.0271 1.0025 1.0307 1.0396 1.0492 1.023 1.0117 1.0423 1.0446 1.0079 1.0214 1.0006 1.0483 1.0351 
1.0441 1.0124 1.0253 1.027 1.0175 1.0118 1.0454 1.0328 1.0292 1.0489 1.029 1.0469 1.0372 1.0168 1.0417 1.0457 1.0473 1.021 1.0237 1.0443 1.0259 1.0146 1.0064 1.0015 1.0488 
1.0245 1.0462 1.0024 1.021 1.0482 1.0038 1.0482 1.0049 1.0451 1.0455 1.0356 1.0421 1.0318 1.0413 1.0333 1.0251 1.0324 1.0315 1.0305 1.0023 1.0439 1.0039 1.0386 1.0078 1.0439 
1.0076 1.0232 1.0477 1.0155 1.0107 1.046 1.043 1.0073 1.0458 1.0335 1.0342 1.0193 1.0221 1.0003 1.0086 1.0334 1.0346 1.015 1.0289 1.0116 1.0454 1.0447 1.0426 1.0483 1.0468 
1.0005 1.0174 1.0261 1.0241 1.0401 1.0353 1.0182 1.0333 1.022 1.0437 1.0113 1.0201 1.0017 1.0439 1.0416 1.0101 1.0091 1.0025 1.0244 1.0021 1.0482 1.02 1.0022 1.0446 1.0175 
1.0399 1.0149 1.0058 1.0081 1.0344 1.0072 1.008 1.0463 1.0037 1.0031 1.0028 1.0343 1.0397 1.0169 1.0343 1.0163 1.01 1.0101 1.0066 1.0486 1.0308 1.0482 1.0156 1.0301 1.0465 
1.0322 1.0493 1.0068 1.0408 1.0194 1.0372 1.0151 1.0051 1.0403 1.0149 1.0424 1.0364 1.0205 1.0276 1.0034 1.0236 1.0496 1.008 1.0399 1.0106 1.0102 1.0163 1.0478 1.014 1.0051 
1.0061 1.0212 1.0231 1.0286 1.0107 1.04 1.0277 1.0237 1.0406 1.022 1.002 1.0304 1.0192 1.0458 1.0262 1.0022 1.0058 1.0475 1.018 1.0228 1.0435 1.0003 1.0111 1.0294 1.0484 
1.0301 1.0243 1.0147 1.0409 1.0008 1.0414 1.0282 1.0186 1.035 1.0165 1.001 1.0229 1.0484 1.0025 1.0415 1.0167 1.021 1.0217 1.0306 1.0301 1.0173 1.0262 1.0236 1.0222 1.0278 
1.0083 1.0494 1.023 1.0313 1.0254 1.0143 1.0432 1.0325 1.0138 1.028 1.0488 1.0293 1.0262 1.0468 1.0118 1.0368 1.0435 1.0408 1.0323 1.0381 1.0025 1.0174 1.0289 1.0319 1.0244 
1.0358 1.0352 1.0031 1 1.0427 1.002 1.019 1.0429 1.0322 1.0088 1.0104 1.0437 1.042 1.0294 1.0328 1.045 1.0143 1.0296 1.0302 1.0009 1.0399 1.0173 1.0243 1.0463 1.0169 
1.0444 1.0044 1.0274 1.0412 1.0228 1.0442 1.0175 1.0386 1.0485 1.0232 1.0141 1.0028 1.0437 1.0377 1.0406 1.0306 1.0194 1.0212 1.0148 1.0085 1.0343 1.0173 1.0207 1.0147 1.0254 
1.0162 1.0121 1.022 1.0038 1.0298 1.0007 1.0485 1.0209 1.0156 1.025 1.0417 1.0079 1.0483 1.0456 1.0323 1.0399 1.0369 1.0259 1.0431 1.0168 1.0054 1.0338 1.0272 1.0328 1.0366 
1.0323 1.0486 1.0498 1.0341 1.0233 1.0243 1.0342 1.0465 1.0356 1.0499 1.0078 1.0169 1.0117 1.0284 1.0453 1.0294 1.0114 1.0331 1.0042 1.0427 1.0093 1.03 1.0086 1.0497 1.022 
1.0308 1.0478 1.0242 1.0077 1.0249 1.0453 1.0489 1.0383 1.0322 1.0045 1.0087 1.0453 1.0048 1.0259 1.0464 1.038 1.0084 1.0296 1.0269 1.0483 1.0033 1.0341 1.0192 1.0278 1.0448 
1.0066 1.0033 1.0428 1.0491 1.0259 1.0296 1.0299 1.0255 1.0343 1.0011 1.0343 1.0305 1.0094 1.0433 1.0194 1.0183 1.0216 1.0175 1.0389 1.0486 1.0034 1.007 1.0347 1.0014 1.0105 
1.0321 1.0124 1.0134 1.0293 1.0088 1.0335 1.0114 1.0131 1.0409 1.04 1.0034 1.0458 1.0447 1.0487 1.0219 1.0378 1.0008 1.0189 1.0012 1.0334 1.0015 1.0074 1.0007 1.0116 1.0021 
1.0398 1.0412 1.0415 1.0159 1.0088 1.0415 1.0288 1.0129 1.0087 1.0257 1.0216 1.0342 1.0091 1.0363 1.0428 1.044 1.0013 1.0038 1.0442 1.0253 1.0262 1.0002 1.0304 1.0389 1.0229 
1.0105 1.0478 1.0406 1.0089 1.0355 1.0489 1.0246 1.04 1.0492 1.0477 1.0036 1.0419 1.0261 1.0074 1.0238 1.0094 1.0311 1.0346 1.0008 1.0072 1.0316 1.0058 1.0321 1.037 1.0151 
1.0032 1.0482 1.0011 1.029 1.0284 1.0427 1.0448 1.0166 1.0353 1.0278 1.0489 1.0406 1.0254 1.0353 1.0184 1.0052 1.0016 1.0128 1.0139 1.0453 1.0295 1.0075 1.0124 1.044 1.0176 
1.0304 1.0017 1.0176 1.0493 1.006 1.0177 1.0489 1.0071 1.033 1.0142 1.0124 1.0123 1.0133 1.0395 1.0437 1.0116 1.0196 1.0236 1.0194 1.0472 1.0354 1.01 1.0497 1.0157 1.0131 
1.0462 1.0439 1.019 1.0076 1.0293 1.0059 1.0186 1.0178 1.0113 1.0073 1.0112 1.0441 1.0201 1.0403 1.016 1.0386 1.0475 1.0431 1.0496 1.0367 1.0216 1.0435 1.0411 1.0187 1.0244 
1.0137 1.0074 1.0342 1.0102 1.0431 1.0244 1.0097 1.0351 1.0322 1.0407 1.0489 1.0013 1.0286 1.0416 1.02 1.0034 1.0217 1.0435 1.0329 1.031 1.0251 1.019 1.0469 1.0082 1.0225 
1.0024 1.0302 1.0393 1.018 1.0369 1.0135 1.0408 1.0277 1.0437 1.0184 1.0204 1.0426 1.018 1.0311 1.0182 1.0096 1.0004 1.0375 1.0332 1.0239 1.0428 1.0408 1.0363 1.0209 1.0391 
1.0131 1.0436 1.0123 1.0042 1.006 1.0215 1.0172 1.0431 1.0117 1.0468 1.0159 1.0219 1.0461 1.0072 1.0236 1.0272 1.0096 1.0024 1.0094 1.0394 1.018 1.0119 1.0299 1.0406 1.0337 
1.0362 1.0311 1.0045 1.0229 1.0204 1.0233 1.0048 1.0336 1.0148 1.0348 1.0156 1.003 1.0342 1.0257 1.0116 1.0108 1.0355 1.0366 1.0408 1.0172 1.0296 1.0295 1.0004 1.0303 1.0009 
1.0246 1.0301 1.0113 1.0203 1.0396 1.022 1.006 1.0012 1.0362 1.0377 1.0324 1.034 1.0361 1.0381 1.0207 1.0272 1.0294 1.0495 1.0483 1.0415 1.0156 1.0387 1.0312 1.0029 1.0295 
1.0177 1.024 1.0355 1.0085 1.0429 1.0108 1.0206 1.0235 1.0378 1.0373 1.026 1.0471 1.042 1.0234 1.0324 1.0487 1.0292 1.0244 1.0005 1.0053 1.0275 1.0052 1.0273 1.0492 1.0012 
1.0183 1.0066 1.0093 1.039 1.0112 1.0334 1.0143 1.0021 1.0333 1.0475 1.0092 1.0482 1.0127 1.0497 1.0113 1.0357 1.0188 1.0495 1.0424 1.0158 1.0401 1.0407 1.002 1.0183 1.0237 
1.0182 1.012 1.0218 1.0295 1.0216 1.0016 1.0218 1.0323 1.0411 1.018 1.0246 1.0436 1.041 1.0414 1.0265 1.028 1.0328 1.0186 1.0007 1.0253 1.0325 1.0436 1.0493 1.025 1.0168 
1.0346 1.0191 1.0145 1.047 1.0063 1.0234 1.0479 1.0036 1.0191 1.014 1.0333 1.0459 1.0404 1.0382 1.0022 1.0015 1.0416 1.0186 1.0256 1.0497 1.0276 1.0184 1.0336 1.0104 1.0092 
1.049 1.0224 1.0002 1.0264 1.0334 1.0376 1.0416 1.0378 1.0255 1.0092 1.0051 1.0457 1.0116 1.0039 1.0445 1.0354 1.0116 1.0409 1.0231 1.0005 1.0295 1.0096 1.0156 1.0386 1.0076 
1.0125 1.0167 1.0472 1.0115 1.0454 1.0372 1.0422 1.0088 1.0023 1.0136 1.0392 1.0417 1.0345 1.0393 1.0049 1.0385 1.0184 1.0256 1.001 1.033 1.0252 1.0006 1.0245 1.0356 1.0347 
1.0057 1.0295 1.0274 1.0254 1.0064 1.0062 1.046 1.0138 1.036 1.0179 1.0186 1.0244 1.0256 1.0408 1.0068 1.0011 1.0471 1.0085 1.0338 1.0329 1.0437 1.004 1.0098 1.0405 1.0055 
1.0302 1.0096 1.0275 1.0263 1.0156 1.0213 1.048 1.0096 1.0361 1.0427 1.0435 1.0217 1.0304 1.0023 1.0168 1.0044 1.0078 1.0244 1.0016 1.0488 1.0097 1.0136 1.0294 1.0279 1.0148 
1.0448 1.0233 1.0098 1.0086 1.0245 1.0049 1.0254 1.0112 1.0192 1.0298 1.0013 1.0194 1.0214 1.0219 1.0303 1.0189 1.0349 1.0203 1.0241 1.0288 1.0089 1.0434 1.0091 1.0083 1.0466 
1.0238 1.0089 1.0195 1.0372 1.0055 1.0469 1.0082 1.0356 1.0084 1.0414 1.0342 1.0355 1.0494 1.0452 1.0262 1.0157 1.0103 1.0426 1.016 1.026 1.002 1.0004 1.0069 1.0196 1.0355 
1.0047 1.0345 1.0389 1.0432 1.0401 1.015 1.0247 1.034 1.0025 1.0292 1.0497 1.029 1.0279 1.0166 1.0498 1.041 1.01 1.0315 1.0131 1.0391 1.0384 1.0306 1.0281 1.0202 1 
1.0402 1.039 1.0151 1.0318 1.0494 1.0114 1.0346 1.0422 1.0392 1.0296 1.047 1.0474 1.0169 1.008 1.038 1.0214 1.0065 1.0407 1.0272 1.0246 1.0143 1.0261 1.0096 1.0087 1.0366 
1.0382 1.0437 1.0084 1.0001 1.0185 1.0033 1.0337 1.0424 1.0089 1.0425 1.0233 1.046 1.0304 1.0024 1.0444 1.027 1.0089 1.0169 1.0179 1.0066 1.0408 1.0414 1.025 1.0078 1.0369 
1.0388 1.0274 1.026 1.0361 1.0488 1.0293 1.0243 1.0324 1.0407 1.0219 1.0374 1.0208 1.0198 1.0063 1.0082 1.0444 1.0233 1.0069 1.0235 1.0461 1.047 1.0368 1.0364 1.0189 1.0192 
1.0178 1.0202 1.0468 1.012 1.0251 1.021 1.006 1.0498 1.01 1.0002 1.0271 1.0133 1.0313 1.0046 1.0348 1.0121 1.0485 1.0459 1.0483 1.0493 1.0248 1.0351 1.022 1.0476 1.0478 
1.0286 1.0066 1.0422 1.0398 1.0257 1.0155 1.0015 1.0237 1.0245 1.0056 1.0144 1.028 1.0303 1.0331 1.0079 1.0022 1.0357 1.0487 1.0464 1.0227 1.0227 1.0451 1.0212 1.0446 1.0254 
1.0165 1.014 1.0414 1.0097 1.0053 1.0169 1.0444 1.0087 1.013 1.0319 1.0222 1.0308 1.0456 1.0159 1.0218 1.0331 1.0455 1.0022 1.0312 1.0207 1.0139 1.015 1.0478 1.0317 1.026 
1.0383 1.0063 1.0161 1.0072 1.0086 1.0498 1.0033 1.0435 1.0025 1.0332 1.0266 1.0254 1.0068 1.0283 1.038 1.0451 1.0218 1.0208 1.03 1.0235 1.0491 1.0051 1.0064 1.0241 1.0252 
1.0345 1.0235 1.0115 1.0239 1.0199 1.0305 1.0135 1.0181 1.0065 1.0041 1.0024 1.0269 1.0137 1.0266 1.0496 1.0227 1.0418 1.0195 1.0008 1.0045 1.0411 1.0342 1.005 1.0449 1.0476 
1.0406 1.0242 1.0351 1.0263 1.0051 1.048 1.0496 1.0286 1.0247 1.0264 1.0259 1.0248 1.0055 1.0447 1.0383 1.0193 1.0447 1.0026 1.0257 1.0424 1.0198 1.0077 1.0255 1.0108 1.0071 
1.0442 1.0481 1.0308 1.0457 1.0274 1.0427 1.0326 1.0346 1.013 1.0464 1.0481 1.0441 1.0293 1.0377 1.0063 1.0026 1.0034 1.0129 1.0059 1.0033 1.0253 1.0135 1.0356 1.0043 1.0171 
1.0429 1.0481 1.0308 1.043 1.0312 1.025 1.0472 1.0021 1.0335 1.0322 1.0408 1.0227 1.0068 1.0043 1.0264 1.0001 1.0061 1.0363 1.0047 1.0331 1.0144 1.0016 1.0406 1.0476 1.0045 
1.0091 1.014 1.0437 1.0319 1.0444 1.0417 1.0494 1.0441 1.0337 1.0082 1.033 1.0494 1.048 1.0056 1.0152 1.0112 1.0134 1.0117 1.0003 1.0181 1.0089 1.0155 1.0023 1.0454 1.0468 
1.0218 1.0496 1.0275 1.0469 1.0177 1.0318 1.032 1.0476 1.0352 1.037 1.0439 1.0262 1.0472 1.0137 1.0457 1.0317 1.0202 1.0077 1.0361 1.0042 1.0409 1.0116 1.0358 1.045 1.031 
1.0287 1.0001 1.0413 1.0101 1.0075 1.0499 1.0152 1.0045 1.0216 1.0145 1.0426 1.0412 1.0162 1.004 1.0106 1.0308 1.0484 1.0229 1.0135 1.0038 1.0181 1.0258 1.0039 1.0161 1.0461 
1.0134 1.0468 1.0161 1.0368 1.0471 1.0152 1.0112 1.0454 1.0497 1.018 1.0372 1.0178 1.0097 1.0139 1.0119 1.0212 1.0319 1.0144 1.0339 1.0049 1.0108 1.0241 1.0458 1.0433 1.032 
1.0333 1.0221 1.0084 1.0167 1.0297 1.0115 1.0364 1.0228 1.047 1.01 1.0238 1.0355 1.0146 1.0455 1.0238 1.0223 1.0232 1.0021 1.0224 1.0227 1.0449 1.0231 1.0192 1.0295 1.0057 
1.0038 1.0362 1.0197 1.0241 1.0448 1.0426 1.0301 1.0042 1.009 1.0174 1.0284 1.0141 1.0296 1.039 1.022 1.0244 1.0404 1.0459 1.0224 1.0442 1.0007 1.0095 1.0273 1.0167 1.0024 
1.0012 1.0414 1.0202 1.0214 1.0423 1.0496 1.0086 1.0012 1.0423 1.0065 1.0262 1.0163 1.0202 1.0389 1.0232 1.0028 1.049 1.0058 1.0493 1.0367 1.0168 1.0112 1.0399 1.0063 1.0177 
1.0144 1.0147 1.0403 1.0238 1.0059 1.0259 1.0476 1.0018 1.0457 1.0118 1.0368 1.043 1.0042 1.0099 1.0279 1.0196 1.0047 1.006 1.0295 1.025 1.0069 1.0253 1.0041 1.0409 1.0176 
1.0372 1.0497 1.0385 1.0142 1.0061 1.0227 1.0176 1.015 1.0164 1.0052 1.0475 1.0259 1.027 1.0291 1.0324 1.0004 1.025 1.0229 1.0028 1.0214 1.0449 1.0081 1.0286 1.0219 1.026 
1.0432 1.0125 1.0145 1.024 1.0251 1.0251 1.021 1.0129 1.0359 1.045 1.0402 1.0272 1.0126 1.0111 1.0431 1.0303 1.0062 1.0065 1.0447 1.0139 1.0035 1.0183 1.0247 1.048 1.0336 
1.0022 1.0219 1.013 1.0211 1.0437 1.0274 1.0048 1.0237 1.0329 1.0455 1.024 1.0172 1.0439 1.024 1.0146 1.0359 1.0099 1.0446 1.009 1.0149 1.0119 1.0146 1.0131 1.0081 1.0061 
1.0122 1.029 1.0165 1.0262 1.0155 1.0025 1.0467 1.0275 1.0193 1.0196 1.0081 1.0336 1.0179 1.0177 1.0076 1.023 1.0197 1.0287 1.0165 1.0109 1.0391 1.0474 1.0409 1.0055 1.0028 
1.0453 1.0267 1.0368 1.0071 1.0352 1.0457 1.0074 1.0481 1.0362 1.0453 1.0094 1.0043 1.0434 1.0168 1.014 1.0237 1.0074 1.0258 1.0008 1.0446 1.0268 1.0047 1.0149 1.0262 1.036 
1.0181 1.0234 1.0366 1.0461 1.0391 1.0067 1.0292 1.0084 1.011 1.0041 1.0491 1.0002 1.031 1.0437 1.0379 1.0445 1.0327 1.0394 1.0003 1.0085 1.042 1.0261 1.0342 1.0443 1.0128 
1.0188 1.0436 1.0003 1.0255 1.0198 1.0007 1.0155 1.0359 1.023 1.0414 1.0019 1.0187 1.0442 1.0344 1.0386 1.012 1.0122 1.0268 1.0413 1.0495 1.031 1.0368 1.0342 1.0066 1.0476 
1.0172 1.0496 1.0243 1.0073 1.0428 1.0469 1.0497 1.0181 1.0248 1.0436 1.0075 1.0048 1.0179 1.0352 1.0386 1.0348 1.0094 1.0428 1.0187 1.0209 1.0454 1.0481 1.0398 1.0308 1.0312 
1.0321 1.0105 1.0304 1.016 1.0305 1.0304 1.01 1.0033 1.021 1.016 1.0268 1.038 1.0459 1.0258 1.027 1.0098 1.0413 1.0085 1.0092 1.0222 1.0043 1.0108 1.0089 1.0278 1.0032 
1.0245 1.0456 1.0085 1.0168 1.0396 1.0399 1.0111 1.049 1.0236 1.0395 1.0164 1.0071 1.0327 1.0399 1.0078 1.0102 1.0361 1.0296 1.0472 1.0009 1.0155 1.0076 1.0479 1.0384 1.0363 
1.0013 1.024 1.0304 1.0219 1.0484 1.0114 1.0044 1.0489 1.0025 1.0094 1.0267 1.0186 1.0406 1.016 1.0284 1.0184 1.0244 1.0215 1.0054 1.024 1.0181 1.0148 1.0186 1.0376 1.0162 
1.0447 1.0127 1.0087 1.0431 1.0426 1.0128 1.0227 1.0056 1.0034 1.0196 1.0035 1.0082 1.0063 1.0238 1.0285 1.0055 1.0068 1.0278 1.046 1.041 1.0303 1.0436 1.0052 1.0339 1.0346 
1.0191 1.0071 1.0357 1.0357 1.0037 1.0402 1.0365 1.0434 1.0269 1.004 1.0002 1.0055 1.0293 1.0263 1.0417 1.0367 1.0225 1.0226 1.0463 1.0432 1.0223 1.0195 1.0204 1.0487 1.0381 
1.0261 1.0203 1.016 1.0436 1.0414 1.0191 1.0479 1.0294 1.0163 1.0052 1.0368 1.0027 1.0175 1.0423 1.0031 1.0143 1.0384 1.0133 1.0295 1.0091 1.0259 1.0387 1.0091 1.008 1.0115 
1.0454 1.0037 1.044 1.0325 1.0353 1.0295 1.0276 1.0022 1.0447 1.0432 1.0218 1.0272 1.0069 1.0236 1.0196 1.0018 1.0457 1.0418 1.0432 1.013 1.0184 1.0261 1.0405 1.0344 1.0078 
1.0312 1.003 1.0277 1.0247 1.0095 1.0434 1.0109 1.0219 1.0007 1.0195 1.0245 1.0245 1.0061 1.0075 1.0295 1.0449 1.0362 1.0204 1.0475 1.0496 1.0433 1.0443 1.0486 1.0245 1.0293 
1.0324 1.0245 1.0217 1.004 1.0427 1.0032 1.0458 1.0161 1.029 1.0111 1.0032 1.0122 1.0441 1.0237 1.01 1.0281 1.0326 1.03 1.0077 1.0084 1.0142 1.0484 1.0187 1.0238 1.0224 
1.0303 1.0057 1.0044 1.0497 1.0272 1.0424 1.0088 1.0107 1.0462 1.0346 1.0249 1.0493 1.0412 1.0344 1.0167 1.0043 1.0063 1.0338 1.0381 1.0439 1.0415 1.0342 1.0343 1.0339 1.0033 
1.0336 1.0093 1.0022 1.0345 1.0014 1.0161 1.0132 1.0004 1.0092 1.0475 1.0336 1.0236 1.0445 1.0212 1.0285 1.0194 1.049 1.0463 1.0444 1.0067 1.037 1.0436 1.0133 1.0131 1.0019 
1.0238 1.0478 1.0411 1.0032 1.0258 1.0236 1.003 1.0035 1.0438 1.0473 1.0289 1.0189 1.0274 1.0422 1.0401 1.0464 1.0094 1.0354 1.0053 1.0096 1.0347 1.0194 1.0393 1.0289 1.0115 
1.0226 1.0435 1.042 1.0419 1.0164 1.0356 1.0449 1.0491 1.0096 1.0344 1.0499 1.0133 1.0152 1.0305 1.0478 1.0205 1.0472 1.0313 1.0113 1.0069 1.0149 1.0215 1.0062 1.0391 1.0425 
1.0057 1.0414 1.0491 1.0002 1.0479 1.0409 1.0403 1.0309 1.0106 1.0215 1.0076 1.0376 1.0245 1.0028 1.0399 1.024 1.0224 1.0378 1.0352 1.0323 1.0415 1.0224 1.0174 1.0212 1.0301 
1.0361 1.0278 1.02 1.0243 1.0297 1.0092 1.0143 1.043 1.0467 1.022 1.0246 1.034 1.0304 1.0153 1.0375 1.0257 1.0115 1.0252 1.0074 1.0044 1.0181 1.0115 1.0109 1.0177 1.0011 
1.038 1.028 1.0152 1.0089 1.0479 1.0331 1.0257 1.015 1.0482 1.0297 1.021 1.0105 1.0312 1.0047 1.0245 1.007 1.0153 1.0488 1.0403 1.0454 1.0385 1.0058 1.0416 1.0423 1.0494 
1.0428 1.0499 1.0087 1.0254 1.0353 1.0452 1.0382 1.0259 1.0425 1.0044 1.0219 1.0258 1.0455 1.0269 1.0299 1.0073 1.0027 1.0119 1.0448 1.0364 1.0125 1.039 1.0376 1.0454 1.0161 
1.0065 1.0096 1.0045 1.0168 1.0034 1.0316 1.0467 1.014 1.0131 1.0256 1.0056 1.0103 1.0381 1.0116 1.0044 1.0221 1.0087 1.0207 1.0307 1.0155 1.008 1.0073 1.0449 1.0006 1.0205 
1.0308 1.0255 1.0117 1.0177 1.0212 1.0331 1.0298 1.0458 1.0257 1.0279 1.0271 1.0149 1.0109 1.0145 1.0044 1.0124 1.0145 1.0262 1.0403 1.0219 1.0441 1.0364 1.0232 1.0316 1.0248 
1.0312 1.045 1.0288 1.0144 1.036 1.0254 1.0207 1.0193 1.0117 1.0443 1.0001 1.0315 1.0073 1.0225 1.045 1.0223 1.0122 1.0378 1.0147 1.0295 1.0014 1.0042 1.0238 1.0044 1.0234 
1.0049 1.0004 1.0332 1.0397 1.0086 1.02 1.0251 1.0195 1.031 1.0339 1.0287 1.0365 1.0087 1.0066 1.0136 1.0351 1.0239 1.0415 1.0257 1.0278 1.0408 1.0449 1.0067 1.0343 1.0217 
1.0037 1.0469 1.0405 1.0132 1.0165 1.0229 1.0035 1.0285 1.0498 1.0066 1.0362 1.0048 1.0283 1.0155 1.0035 1.049 1.007 1.0223 1.0264 1.0153 1.0262 1.0157 1.0443 1.0357 1.002 
1.0357 1.0057 1.0106 1.0294 1.0123 1.0065 1.0463 1.0251 1.044 1.0195 1.038 1.0136 1.0268 1.0418 1.0303 1.0246 1.0131 1.0327 1.0408 1.0005 1.0454 1.0341 1.0354 1.0204 1.0275 
1.0474 1.0201 1.0243 1.0139 1.0383 1.0097 1.0338 1.0236 1.0131 1.0179 1.0366 1.0247 1.018 1.001 1 1.0352 1.0035 1.0449 1.0316 1.0019 1.0069 1.0048 1.018 1.0117 1.0137 
1.0327 1.0382 1.04 1.028 1.0054 1.0015 1.0444 1.0454 1.0077 1.0461 1.0383 1.0283 1.0243 1.0245 1.0493 1.0466 1.0086 1.0477 1.0355 1.0205 1.0197 1.019 1.0024 1.0425 1.0103 
1.0445 1.0065 1.0331 1.0106 1.0119 1.0331 1.0179 1.0297 1.0361 1.0271 1.0252 1.0422 1.0465 1.0137 1.0209 1.0158 1.0103 1.0016 1.0218 1.0028 1.0471 1.0065 1.0141 1.0085 1.0015 
1.0313 1.0082 1.0385 1.0039 1.0452 1.0142 1.0401 1.0159 1.0044 1.0476 1.0086 1.0005 1.0375 1.0154 1.0375 1.0164 1.0096 1.0281 1.0238 1.0068 1.0135 1.0053 1.0493 1.0094 1.0227 
1.046 1.013 1.0398 1.0331 1.0245 1.0067 1.0032 1.0088 1.0453 1.0308 1.0424 1.047 1.0273 1.0041 1.017 1.0389 1.0241 1.0045 1.036 1.0102 1.0072 1.0251 1.0245 1.0201 1.0088 
1.0034 1.0026 1.0393 1.0348 1.0388 1.0094 1.0387 1.0173 1.0446 1.0496 1.0276 1.0445 1.022 1.0119 1.013 1.0386 1.0223 1.0037 1.0351 1.045 1.0246 1.0121 1.0251 1.0485 1.0485 
1.0365 1.0467 1.0259 1.0147 1.0297 1.0434 1.0356 1.0254 1.0359 1.0472 1.0498 1.0021 1.0303 1.0465 1.045 1.0125 1.0351 1.0327 1.0221 1.0332 1.0338 1.0415 1.0376 1.0334 1.0262 
1.0014 1.0153 1.0145 1.0197 1.011 1.0068 1.0128 1.0016 1.0066 1.0315 1.0417 1.0283 1.0167 1.0394 1.0363 1.0477 1.0376 1.0253 1.0166 1.0353 1.0416 1.0346 1.0226 1.0171 1.0053 
1.0329 1.0291 1.0251 1.0213 1.0115 1.0025 1.003 1.0281 1.0371 1.0392 1.0282 1.0168 1.0475 1.014 1.0233 1.0137 1.0186 1.0447 1.0101 1.0027 1.024 1.0199 1.037 1.0248 1.0143 
1.0165 1.0147 1.049 1.0309 1.0024 1.0286 1.0358 1.0338 1.0318 1.0427 1.0009 1.0187 1.0433 1.0163 1.008 1.0403 1.0012 1.0032 1.0451 1.0385 1.0175 1.0251 1.0358 1.033 1.0024 
1.0453 1.0434 1.006 1.016 1.0188 1.0105 1.0239 1.0189 1.0095 1.0188 1.0252 1.0281 1.041 1.0393 1.0395 1.0427 1.0133 1.0158 1.0141 1.0408 1.0367 1.0052 1.0361 1.0093 1.0071 
1.0475 1.0406 1.0099 1.0232 1.0281 1.0282 1.0232 1.0244 1.0333 1.0018 1.0284 1.0429 1.0138 1.0194 1.001 1.0035 1.0308 1.0013 1.0204 1.0077 1.0147 1.0157 1.0271 1.0179 1.0193 
1.0184 1.0448 1.0203 1.0441 1.017 1.0091 1.0295 1.0049 1.0343 1.0194 1.015 1.0099 1.0391 1.0218 1.0382 1.0424 1.0132 1.0097 1.0482 1.018 1.0435 1 1.0384 1.017 1.0059 
1.0448 1.0473 1.0247 1.0162 1.0066 1.0339 1.0481 1.022 1.0103 1.0351 1.0398 1.0065 1.0259 1.0067 1.0469 1.0391 1.0259 1.037 1.0412 1.0048 1.0036 1.0279 1.0198 1.0424 1.0337 
1.005 1.0203 1.0238 1.0326 1.0257 1.0081 1.0119 1.0155 1.0407 1.0266 1.0156 1.0361 1.0395 1.014 1.0314 1.0303 1.0342 1.0484 1.0291 1.0447 1.0256 1.0358 1.0478 1.0274 1.0144 
1.0459 1.0421 1.0265 1.0315 1.0172 1.0269 1.0194 1.0263 1.0086 1.012 1.0026 1.024 1.041 1.0283 1.0412 1.0038 1.0147 1.0499 1.007 1.0093 1.0046 1.0457 1.0495 1.033 1.013 
1.0206 1.0377 1.0198 1.006 1.0192 1.0435 1.0039 1.0388 1.0062 1.0085 1.0373 1.0349 1.0044 1.0071 1.0331 1.0117 1.0479 1.0467 1.0455 1.0049 1.0102 1.0023 1.038 1.0475 1.0361 
1.0407 1.0453 1.0404 1.0373 1.0306 1.0121 1.0481 1.018 1.0063 1.0037 1.0249 1.0014 1.0154 1.0013 1.0489 1.0228 1.0008 1.0342 1.0062 1.0248 1.0087 1.0087 1.0225 1.0458 1.0082 
1.0495 1.0145 1.0057 1.0008 1.0367 1.0242 1.046 1.0415 1.0197 1.037 1.0142 1.0082 1.0108 1.0248 1.0161 1.0123 1.0312 1.0314 1.0387 1.0291 1.0444 1.0223 1.0058 1.0415 1.0346 
1.0362 1.0113 1.0348 1.0251 1.021 1.0274 1.0401 1.0188 1.037 1.0287 1.0335 1.0484 1.0115 1.002 1.0273 1.0119 1.0195 1.0309 1.0382 1.0035 1.0088 1.0139 1.0272 1.0141 1.021 
1.0452 1.0422 1.0493 1.0429 1.0201 1.048 1.0477 1.013 1.0496 1.0333 1.0127 1.0047 1.0193 1.0057 1.0366 1.0189 1.0128 1.0189 1.0371 1.0098 1.0379 1.0191 1.0145 1.0084 1.0113 
1.0482 1.0301 1.0297 1.042 1.0022 1.007 1.0143 1.0239 1.0107 1.0476 1.0081 1.0384 1.048 1.0367 1.0466 1.0448 1.0346 1.0407 1.0389 1.0058 1.0014 1.0097 1.0322 1.0112 1.0468 
1.002 1.0141 1.0155 1.0012 1.0041 1.03 1.0187 1.0338 1.0392 1.031 1.0119 1.0252 1.0188 1.0345 1.0478 1.0087 1.0097 1.0063 1.0379 1.0291 1.0079 1.0297 1.0253 1.0335 1.0402 
1.0455 1.0257 1.0033 1.0452 1.0244 1.0432 1.0021 1.0079 1.0097 1.0043 1.0144 1.024 1.04 1.0394 1.0426 1.041 1.0007 1.0361 1.0176 1.0319 1.0341 1.0093 1.0316 1.0143 1.0168 
1.0038 1.0354 1.0487 1.0272 1.0051 1.0196 1.0045 1.0446 1.0455 1.0276 1.0472 1.026 1.0439 1.018 1.0243 1.0429 1.0248 1.0291 1.0249 1.0428 1.0454 1.0366 1.0384 1.0338 1.0153 
1.0105 1.0218 1.0143 1.0399 1.0235 1.0291 1.0096 1.0454 1.0207 1.0393 1.033 1.0215 1.0077 1.0352 1.0166 1.0395 1.0169 1.0237 1.0126 1.0449 1.0458 1.0133 1.0039 1.0089 1.0329 
1.0474 1.0219 1.0355 1.0299 1.0354 1.0192 1.0475 1.0147 1.0219 1.0322 1.0176 1.0465 1.007 1.0418 1.0102 1.0224 1.0374 1.0204 1.024 1.0343 1.0263 1.0326 1.0401 1.0306 1.0491 
1.0461 1.0439 1.0117 1.0221 1.0203 1.0126 1.0394 1.0125 1.0133 1.0174 1.0043 1.0088 1.014 1.0423 1.0278 1.0084 1.0207 1.0132 1.034 1.0125 1.0347 1.0198 1.0107 1.0009 1.0149 
1.039 1 1.0034 1.0315 1.0038 1.0045 1.0054 1.0069 1.008 1.0067 1.0331 1.0338 1.0499 1.049 1.0151 1.0055 1.0486 1.0099 1.0133 1.0352 1.0138 1.0306 1.035 1.0149 1.0368 
1.045 1.0495 1.0306 1.0075 1.0162 1.0348 1.0142 1.0018 1.0113 1.0308 1.0356 1.0485 1.034 1.0177 1.0315 1.0204 1.0271 1.0175 1.0304 1.0197 1.0221 1.02 1.0357 1.0028 1.0255 
1.0463 1.0408 1.0267 1.0372 1.0057 1.0257 1.0215 1.0026 1.0031 1.002 1.0035 1.0488 1.0441 1.0254 1.0207 1.0123 1.0082 1.0118 1.043 1.0285 1.0154 1.0123 1.0108 1.0068 1.0316 
1.0296 1.0447 1.0487 1.0228 1.0006 1.0194 1.0444 1.0132 1.0297 1.0307 1.0178 1.0177 1.0466 1.0165 1.0319 1.0276 1.046 1.0037 1.0089 1.0077 1.0046 1.0434 1.0488 1.0008 1.0408 
1.0178 1.0499 1.0207 1.01 1.0443 1.0284 1.0207 1.0454 1.0057 1.0057 1.0122 1.0155 1.0078 1.0348 1.0317 1.0379 1.0332 1.0065 1.0489 1.0433 1.0102 1.0263 1.0323 1.0435 1.0006 
1.0228 1.0048 1.0334 1.0173 1.035 1.0322 1.0211 1.0004 1.0238 1.0101 1.0487 1.0397 1.0494 1.0117 1.006 1.0148 1.0261 1.0312 1.032 1.02 1.0333 1.035 1.0225 1.0392 1.017 
1.0242 1.0106 1.0143 1.0237 1.042 1.0161 1.022 1.0075 1.0114 1.0261 1.0258 1.0063 1.038 1.0346 1.03 1.0286 1.0335 1.0207 1.0246 1.0186 1.0003 1.0264 1.0151 1.0068 1.0424 
1.0468 1.0006 1.0478 1.0146 1.0244 1.0187 1.0459 1.0421 1.0456 1.0063 1.0141 1.0435 1.0029 1.0266 1.0093 1.0307 1.0424 1.0216 1.0433 1.0425 1.0078 1.0002 1.0295 1.0147 1.0013 
1.0231 1.0332 1.0144 1.0162 1.0275 1.0439 1.0091 1.0127 1.0142 1.0114 1.0207 1.0251 1.0119 1.027 1.0244 1.0211 1.0067 1.0019 1.032 1.0036 1.0241 1.0078 1.0394 1.0478 1.004 
1.0283 1.0019 1.0311 1.0091 1.0017 1.0007 1.0376 1.0287 1.0352 1.0203 1.0223 1.0306 1.0273 1.0217 1.035 1.0143 1.0487 1.0223 1.0239 1.0246 1.0001 1.0203 1.0429 1.0286 1.0167 
1.0182 1.0353 1.0356 1.0426 1.0112 1.014 1.0381 1.0313 1.0144 1.0088 1.0358 1.0268 1.0392 1.0133 1.0011 1.0382 1.0427 1.0286 1.0078 1.0229 1.0405 1.0445 1.0278 1.0056 1.0203 
1.0071 1.0364 1.0154 1.026 1.0347 1.028 1.0061 1.0446 1.0329 1.0063 1.0402 1.0201 1.0078 1.0283 1.0242 1.0137 1.013 1.0372 1.0464 1.0246 1.0036 1.0426 1.0274 1.0221 1.0404 
1.0466 1.0105 1.0301 1.0011 1.017 1.0033 1.0275 1.002 1.0347 1.0292 1.0377 1.0072 1.0305 1.0429 1.0228 1.0147 1.0198 1.0028 1.0173 1.0287 1.0291 1.024 1.0185 1.0492 1.0315 
1.0353 1.0053 1.0432 1.0252 1.0096 1.0109 1.0465 1.0159 1.0492 1.0479 1.0137 1.0211 1.0274 1.0454 1.0266 1.0117 1.031 1.0219 1.0194 1.0278 1.0179 1.0192 1.0168 1.007 1.0233 
1.0472 1.0019 1.0072 1.0422 1.0366 1.0211 1.0113 1.0248 1.0461 1.0158 1.0101 1.0364 1.0431 1.03 1.0192 1.0081 1.0056 1.047 1.0417 1.0423 1.011 1.036 1.0405 1.0242 1.0026 
1.0025 1.0042 1.0168 1.0158 1.0427 1.0334 1.0241 1.0117 1.0283 1.0258 1.012 1.0106 1.0158 1.0038 1.0059 1.0461 1.0109 1.0318 1.0311 1.0218 1.0114 1.0073 1.0434 1.0116 1.0183 
1.0233 1.0268 1.0497 1.0298 1.0488 1.0415 1.0202 1.001 1.0406 1.0002 1.0297 1.0333 1.019 1.0145 1.0025 1.0379 1.0373 1.0382 1.0187 1.0114 1.0136 1.0067 1.0442 1.017 1.0406 
1.0383 1.0052 1.0018 1.0195 1.0138 1.0015 1.0204 1.0298 1.0349 1.0456 1.0182 1.0221 1.0489 1.0191 1.0009 1.0068 1.0238 1.0403 1.0434 1.0419 1.0099 1.0421 1.013 1.0174 1.0473 
1.0275 1.0302 1.0037 1.0349 1.0369 1.0248 1.0261 1.0477 1.0167 1.0265 1.0188 1.0149 1.0308 1.0484 1.0181 1.0154 1.0483 1.0017 1.0236 1.0224 1.0404 1.0245 1.0426 1.0345 1.0386 
1.0453 1.0076 1.0325 1.0262 1.0153 1.004 1.0371 1.0426 1.0283 1.0413 1.0079 1.0367 1.0044 1.0012 1.0206 1.0152 1.0015 1.0035 1.0023 1.0324 1.0267 1.0377 1.0119 1.0122 1.0222 
1.0477 1.0212 1.0491 1.0127 1.0304 1.0345 1.0011 1.0219 1.0261 1.0445 1.0479 1.0015 1.0315 1.0469 1.0282 1.0061 1.0246 1.0499 1.0107 1.005 1.0214 1.0396 1.0483 1.0067 1.0257 
1.0112 1.036 1.0286 1.0078 1.0433 1.0144 1.0119 1.0469 1.0377 1.037 1.0426 1.0184 1.014 1.0197 1.0271 1.0155 1.0345 1.0003 1.0149 1.0272 1.0447 1.0101 1.0011 1.0298 1.0484 
1.0224 1.0477 1.0047 1.0093 1.022 1.0397 1.0156 1.0173 1.0481 1.0333 1.0368 1.0426 1.0067 1.0136 1.0243 1.0475 1.043 1.0135 1.0016 1.0381 1.0182 1.0486 1.0017 1.0312 1.0001 
1.0207 1.011 1.013 1.0033 1.0418 1.0409 1.0205 1.0393 1.0097 1.0424 1.002 1.031 1.0086 1.0147 1.0452 1.0494 1.0455 1.0028 1.0452 1.0133 1.0182 1.018 1.0131 1.0062 1.0001 
1.0175 1.0399 1.0356 1.0415 1.0079 1.0394 1.0414 1.0364 1.0189 1.0092 1.0308 1.0473 1.0461 1.0168 1.0223 1.044 1.0416 1.042 1.0322 1.0158 1.0154 1.0102 1.017 1.0225 1.0301 
1.0309 1.0367 1.0233 1.0202 1.0031 1.0396 1.0101 1.0162 1.0048 1.0197 1.0019 1.0458 1.031 1.0382 1.0088 1.0334 1.0359 1.0047 1.0241 1.0188 1.0244 1.0362 1.0323 1.0059 1.0451 
1.0444 1.024 1.0414 1.034 1.0284 1.0239 1.0323 1.0479 1.0449 1.044 1.0243 1.016 1.0294 1.0499 1.0244 1.0323 1.0103 1.0166 1.0044 1.0042 1.0049 1.0373 1.026 1.0401 1.0257 
1.023 1.0293 1.0369 1.039 1.0093 1.0246 1.0484 1.0448 1.0369 1.0206 1.048 1.0385 1.0115 1.0159 1.046 1.0446 1.0364 1.0119 1.0407 1.0125 1.005 1.0277 1.0204 1.029 1.0059 
1.0044 1.0205 1.033 1.0464 1.0379 1.0408 1.0032 1.0283 1.0097 1.0311 1.0194 1.0079 1.0367 1.0107 1.003 1.0025 1.039 1.0403 1.0453 1.0268 1.03 1.013 1.0012 1.0204 1.0152 
1.0222 1.0261 1.0099 1.0386 1.0155 1.0328 1.0383 1.0167 1.0211 1.0343 1.0404 1.0068 1.0319 1.035 1.0456 1.0463 1.0438 1.0131 1.0176 1.0209 1.0392 1.0433 1.0291 1.0139 1.009 
1.0276 1.0096 1.047 1.042 1.0417 1.0069 1.048 1.0355 1.0274 1.0049 1.0281 1.0088 1.0475 1.0157 1.0011 1.0108 1.0474 1.0486 1.0058 1.0218 1.0276 1.041 1.0299 1.0182 1.0026 
1.0298 1.0249 1.0091 1.0095 1.0391 1.0132 1.012 1.0074 1.0292 1.0481 1.0406 1.0054 1.0206 1.0283 1.0189 1.0275 1.0097 1.0445 1.0363 1.0041 1.0346 1.0179 1.0241 1.0348 1.0301 
1.0081 1.0441 1.003 1.0213 1.0325 1.0111 1.0473 1.0118 1.0129 1.0404 1.0498 1.0494 1.0397 1.01 1.0106 1.0071 1.0182 1.0147 1.0203 1.0004 1.0051 1.0439 1.0078 1.0122 1.0479 
1.0324 1.0452 1.0017 1.0319 1.0052 1.0057 1.0191 1.0262 1.0039 1.0416 1.034 1.0074 1.0322 1.0304 1.0331 1.022 1.0319 1.0283 1.0372 1.0239 1.0312 1.0101 1.0174 1.024 1.0421 
1.0227 1.0259 1.0358 1.0351 1.0033 1.0137 1.0185 1.0227 1.0328 1.0415 1.0428 1.005 1.0233 1.0292 1.0151 1.0246 1.0162 1.0176 1.0353 1.0009 1.0089 1.0157 1.025 1.0433 1.021 
1.0472 1.0041 1.0295 1.0291 1.0364 1.036 1.0451 1.0148 1.0174 1.0283 1.0108 1.0193 1.0373 1.029 1.0349 1.0303 1.0192 1.0241 1.038 1.0439 1.023 1.0499 1.0277 1.0043 1.0476 
1.005 1.0237 1.013 1.011 1.018 1.0128 1.0158 1.0383 1.0231 1.0225 1.0144 1.043 1.0333 1.0178 1.03 1.0093 1.0255 1.0118 1.0346 1.0319 1.0218 1.0144 1.02 1.0371 1.0379 
1.048 1.0048 1.0186 1.0247 1.0065 1.0492 1.0405 1.0366 1.0135 1.0005 1.0455 1.0361 1.0469 1.0325 1.0332 1.0049 1.0074 1.0096 1.0415 1.0183 1.0256 1.0176 1.0002 1.0477 1.0193 
1.0088 1.0255 1.0018 1.0285 1.0426 1.0384 1.02 1.0123 1.0364 1.037 1.0233 1.022 1.0293 1.0267 1.0276 1.0393 1.0256 1.0219 1.0378 1.0469 1.0329 1.0456 1.0012 1.0182 1.0122 
1.0424 1.013 1.029 1.0388 1.029 1.0233 1.0477 1.0178 1.002 1.0005 1.0429 1.0278 1.0072 1.0146 1.045 1.0231 1.0246 1.022 1.0339 1.035 1.0309 1.0068 1.0073 1.0396 1.0252 
1.0437 1.039 1.0143 1.003 1.0215 1.0221 1.0168 1.0049 1.0251 1.01 1.04 1.0492 1.0315 1.041 1.0417 1.0407 1.0083 1.0142 1.0404 1.0147 1.0469 1.0396 1.0193 1.0034 1.0436 
1.0002 1.0223 1.0116 1.0379 1.0065 1.0244 1.0358 1.0212 1.0178 1.0359 1.0239 1.0299 1.0427 1.0412 1.0405 1.0121 1.049 1.0295 1.0046 1.0132 1.0336 1.0073 1.0035 1.0157 1.0478 
1.0072 1.0032 1.0463 1.0032 1.0334 1.0281 1.0038 1.0202 1.0251 1.0215 1.0084 1.0327 1.0054 1.0438 1.0303 1.0223 1.0152 1.0175 1.0251 1.0404 1.0271 1.0169 1.0208 1.0445 1.0011 
1.03 1.0099 1.0359 1.0418 1.0049 1.0022 1.0471 1.0169 1.022 1.0238 1.046 1.0169 1.0255 1.0305 1.0413 1.0235 1.0006 1.0139 1.0182 1.0348 1.0112 1.0468 1.0171 1.0124 1.0301 
1.0031 1.0052 1.0433 1.0004 1.0445 1.0163 1.037 1.0475 1.0481 1.0452 1.0228 1.008 1.0438 1.0107 1.0205 1.0147 1.0445 1.0415 1.0255 1.0017 1.0285 1.0329 1.0291 1.0299 1.0081 
1.025 1.0119 1.0059 1.0165 1.0113 1.0457 1.049 1.0215 1.0408 1.0053 1.0367 1.0155 1.033 1.0049 1.0199 1.028 1.0453 1.0246 1.0053 1.029 1.0049 1.0038 1.012 1.0281 1.0197 
1.0152 1.0419 1.0115 1.0356 1.0155 1.004 1.0221 1.0286 1.0399 1.018 1.0277 1.0053 1.042 1.0289 1.0156 1.0034 1.0025 1.0237 1.009 1.0076 1.038 1.0007 1.0118 1.0499 1.0222 
1.0148 1.0425 1.0213 1.0417 1.0159 1.0021 1.0169 1.0352 1.0068 1.043 1.0084 1.0183 1.0353 1.0183 1.0344 1.0152 1.047 1.0117 1.0283 1.0241 1.0083 1.0053 1.0132 1.0279 1.0083 
1.0003 1.0215 1.001 1.0076 1.0391 1.0059 1.0138 1.0372 1.0387 1.0463 1.0442 1.0085 1.0253 1.0333 1.0386 1.0329 1.0026 1.0351 1.0118 1.0467 1.0403 1.0075 1.0113 1.0146 1.0156 
1.0274 1.016 1.0235 1.0114 1.0196 1.018 1.0433 1.0465 1.031 1.0477 1.0489 1.0037 1.0467 1.0483 1.0454 1.038 1.0111 1.0064 1.0198 1.0341 1.0252 1.0256 1.0125 1.0092 1.0179 
1.0058 1.0054 1.0094 1.0463 1.0292 1.0448 1.033 1.0412 1.0108 1.0446 1.036 1.036 1.0095 1.0106 1.0316 1.0372 1.0203 1.0471 1.0114 1.0357 1.0481 1.0413 1.0037 1.0185 1.0161 
1.0169 1.023 1.0287 1.0464 1.0369 1.0047 1.0303 1.0449 1.0157 1.0047 1.0324 1.0127 1.0443 1.0235 1.0368 1.0103 1.0324 1.0122 1.005 1.0434 1.0375 1.0289 1.0131 1.0429 1.0385 
1.0382 1.0263 1.0091 1.0026 1.0149 1.0197 1.0423 1.0043 1.0371 1.02 1.0287 1.0032 1.0471 1.0443 1.0396 1.0228 1.0135 1.0343 1.0331 1.0151 1.0396 1.0495 1.0047 1.0384 1.0312 
1.0028 1.0304 1.0375 1.0311 1.0262 1.0319 1.0272 1.0251 1.0215 1.0279 1.036 1.0009 1.0071 1.0431 1.0307 1.0101 1.0284 1.0165 1.0343 1.0373 1.0499 1.0319 1.0361 1.0468 1.023 
1.012 1.0153 1.0032 1.0091 1.0429 1.0319 1.0351 1.0153 1.028 1.0195 1.0202 1.0157 1.012 1.0276 1.0143 1.0144 1.0243 1.0276 1.0496 1.0019 1.0349 1.0054 1.0459 1.0467 1.0113 
1.0286 1.0419 1.0087 1.0025 1.0286 1.0277 1.0334 1.0445 1.0321 1.0292 1.0173 1.0124 1.0424 1.0238 1.0384 1.0015 1.0214 1.0282 1.0424 1.0202 1.0252 1.0253 1.0046 1.042 1.0353 
1.0222 1.0129 1.0264 1.032 1.0405 1.0206 1.0081 1.0136 1.0012 1.0307 1.0479 1.0179 1.0063 1.0336 1.0228 1.0014 1.0214 1.0473 1.013 1.0404 1.0017 1.0247 1.0057 1.0373 1.046 
1.0387 1.0051 1.0392 1.0162 1.0017 1.025 1 1.0227 1.0242 1.035 1.0012 1.0335 1.0359 1.0055 1.0194 1.0173 1.0207 1.0462 1.0285 1.0376 1.021 1.0391 1.0117 1.0072 1.044 
1.0061 1.0138 1.008 1.0365 1.0493 1.0063 1.0411 1.005 1.0276 1.0066 1.0421 1.0217 1.014 1.0113 1.0248 1.018 1.0129 1.041 1.0066 1.0315 1.0456 1.0283 1.0124 1.0051 1.014 
1.0095 1.0075 1.0301 1.0399 1.0305 1.003 1.0468 1.0119 1.0111 1.0292 1.0426 1.0185 1.0273 1.0436 1.0438 1.0373 1.0279 1.0198 1.0406 1.004 1.0147 1.0376 1.0413 1.0282 1.0276 
1.0117 1.0331 1.0012 1.0252 1.028 1.0283 1.0301 1.017 1.0368 1.0054 1.0112 1.0279 1.0446 1.0439 1.0194 1.025 1.0168 1.0486 1.0423 1.0479 1.0029 1.0217 1.0154 1.0218 1.0437 
1.0408 1.0096 1.0011 1.0239 1.0463 1.0073 1.0167 1.0356 1.0494 1.0151 1.0204 1.0253 1.0099 1.0087 1.0246 1.0436 1.0208 1.0233 1.0263 1.0378 1.0411 1.0458 1.0356 1.0429 1.0166 
1.0272 1.0412 1.0116 1.004 1.0086 1.0437 1.0127 1.0183 1.0461 1.0476 1.0286 1.0464 1.0154 1.0358 1 1.0455 1.0304 1.0036 1.0012 1.0376 1.0025 1.0466 1.0342 1.037 1.04 
1.0468 1.0006 1.0198 1.0241 1.0369 1.0177 1.0184 1.03 1.0133 1.0317 1.0311 1.0259 1.0132 1.0335 1.0219 1.0023 1.0035 1 1.0334 1.0297 1.0491 1.0235 1.0468 1.0409 1.0167 
1.0292 1.024 1.0226 1.0115 1.0158 1.0214 1.0483 1.0435 1.0008 1.0255 1.0257 1.0404 1.0295 1.0325 1.0043 1.0421 1.0143 1.0347 1.0343 1.0408 1.0442 1.014 1.0174 1.0435 1.0453 
1.0175 1.0357 1.0386 1.01 1.0152 1.0368 1.0274 1.0185 1.0465 1.0227 1.0384 1.0268 1.0011 1.0127 1.0191 1.019 1.0325 1.0308 1.0218 1.0472 1.0473 1.0273 1.0117 1.0338 1.0446 
1.0167 1.0313 1.0334 1.0367 1.0041 1.0253 1.0449 1.0034 1.0079 1.0236 1.044 1.0155 1.009 1.0093 1.0284 1.0109 1.038 1.0338 1.0137 1.0097 1.0212 1.0056 1.0087 1.0066 1.008 
1.0206 1.041 1.0345 1.0301 1.0048 1.027 1.009 1.0143 1.0194 1.0482 1.0418 1.0025 1.0321 1.0221 1.0443 1.0095 1.014 1.0417 1.0492 1.0487 1.0311 1.0036 1.0146 1.0156 1.0449 
1.0004 1.0212 1.0354 1.034 1.0092 1.0117 1.0114 1.0173 1.046 1.0255 1.0372 1.0103 1.0039 1.001 1.0338 1.0416 1.0199 1.0146 1.019 1.0458 1.0161 1.015 1.0389 1.034 1.043 
1.0013 1.0206 1.0481 1.0121 1.0262 1.0185 1.0364 1.0154 1.032 1.0172 1.0177 1.0364 1.0298 1.0069 1.0294 1.0178 1.0085 1.0002 1.0158 1.037 1.0117 1.0138 1.0374 1.0043 1.0004 
1.0176 1.0045 1.0087 1.0351 1.0028 1.0481 1.0264 1.0165 1.0097 1.0106 1.0148 1.0131 1.0177 1.0371 1.0218 1.0093 1.0256 1.0191 1.0419 1.0181 1.0227 1.0422 1.0469 1.0081 1.0479 
1.0148 1.0219 1.0077 1.0349 1.0445 1.0149 1.0043 1.0323 1.0217 1.0017 1.019 1.0006 1.0353 1.0478 1.0461 1.0082 1.0019 1.0116 1.0336 1.0197 1.0363 1.0104 1.0427 1.0196 1.0031 
1.0238 1.0018 1.0486 1.0049 1.0316 1.0289 1.0254 1.0497 1.0432 1.0465 1.0096 1.0144 1.0197 1.0342 1.0475 1.0403 1.0394 1.0027 1.0129 1.042 1.0408 1.0011 1.025 1.0272 1.0489 
1.0481 1.0233 1.0176 1.0032 1.039 1.0089 1.0369 1.0227 1.0277 1.0367 1.0074 1.0211 1.0351 1.0357 1.0191 1.0323 1.0341 1.0391 1.0092 1.0447 1.0119 1.0211 1.0018 1.0358 1.0474 
1.013 1.025 1.0238 1.0492 1.0497 1.0476 1.0392 1.035 1.0357 1.0017 1.0035 1.0078 1.0499 1.0168 1.0224 1.041 1.0242 1.0037 1.0226 1.0281 1.0014 1.0199 1.0095 1.0481 1.0133 
1.0085 1.0204 1.0421 1.0116 1.0307 1.0406 1.0287 1.0289 1.0354 1.0197 1.0448 1.0382 1.0499 1.0411 1.0443 1.0225 1.0039 1.0152 1.0455 1.0029 1.0149 1.0493 1.0317 1.0139 1.0119 
1.0246 1.0118 1.019 1.0288 1.0417 1.0341 1.004 1.0326 1.0316 1.036 1.0474 1.0233 1.0069 1.0242 1.0078 1.0348 1.002 1.022 1.0275 1.0002 1.0261 1.0476 1.0416 1.0497 1.0308 
1.0318 1.0217 1.0287 1.0457 1.0079 1.0134 1.0176 1.0431 1.027 1.0353 1.0244 1.0116 1.0397 1.0018 1.0427 1.0441 1.0379 1.0377 1.0322 1.0236 1.0296 1.0248 1.0257 1.0327 1.0282 
1.0278 1.0133 1.0383 1.0113 1.0363 1.0056 1.0165 1.0293 1.0369 1.0155 1.0272 1.0294 1.0494 1.0168 1.0287 1.0013 1.0207 1.0147 1.0448 1.0037 1.0024 1.0337 1.0053 1.006 1.0385 
1.0351 1.0221 1.0119 1.0012 1.0317 1.0479 1.0175 1.0196 1.0367 1.0115 1.0466 1.0082 1.002 1.0469 1.0342 1.003 1.024 1.0486 1.0208 1.0304 1.0229 1.0064 1.0151 1.0227 1.0298 
1.0365 1.0365 1.0402 1.0484 1.0399 1.001 1.0257 1.0126 1.0074 1.0101 1.0131 1.0063 1.0183 1.0236 1.0373 1.0169 1.0256 1.0167 1.0013 1.0368 1.0276 1.0023 1.0016 1.0163 1.0308 
1.0351 1.0304 1.0174 1.0125 1.0088 1.0091 1.0057 1.048 1.0201 1.0116 1.0132 1.0076 1.0205 1.0295 1.0207 1.0235 1.0076 1.0018 1.0476 1.0155 1.0204 1.0353 1.0026 1.0498 1.0493 
1.0144 1.0452 1.0416 1.0194 1.0074 1.0227 1.0409 1.0133 1.0282 1.0149 1.011 1.0096 1.0477 1.0075 1.0332 1.035 1.0285 1.0488 1.0186 1.0186 1.0265 1.0481 1.0338 1.0098 1.0444 
1.0479 1.0228 1.0346 1.0219 1.0183 1.023 1.047 1.0386 1.0034 1.0071 1.0114 1.0494 1.0066 1.0389 1.048 1.0486 1.0479 1.024 1.0011 1.0338 1.0225 1.0425 1.0294 1.0079 1.0364 
1.0451 1.0359 1.0475 1.0057 1.0413 1.0201 1.0028 1.0065 1.0473 1.0068 1.0489 1.0444 1.0303 1.0075 1.0004 1.0279 1.0196 1.0302 1.0298 1.0065 1.0277 1.027 1.0479 1.0431 1.0242 
1.0233 1.0325 1.0206 1.0156 1.0235 1.032 1.0017 1.0063 1.0197 1.0399 1.0335 1.022 1.0103 1.0277 1.0401 1.0078 1.0069 1.0485 1.0136 1.0425 1.0001 1.0114 1.0498 1.0024 1.0416 
1.0247 1.037 1.0491 1.0094 1.0178 1.0341 1.0425 1.0299 1.0096 1.0207 1.0384 1.0355 1.0185 1.0307 1.0097 1.0236 1.0048 1.0006 1.0177 1.0235 1.032 1.01 1.0472 1.0417 1.0232 
1.0075 1.0305 1.0118 1.022 1.0137 1.017 1.0211 1.0069 1.0453 1.0454 1.0223 1.0156 1.0259 1.0175 1.0271 1.0077 1.0439 1.0093 1.0288 1.0006 1.0269 1.0137 1.0417 1.0437 1.025 
1.0098 1.0013 1.0405 1.011 1.0197 1.0476 1.049 1.0139 1.031 1.032 1.0178 1.0052 1.0222 1.0203 1.0032 1.0237 1.0207 1.0451 1.0066 1.0102 1.0158 1.0119 1.0397 1.0175 1.0268 
1.0344 1.0162 1.0347 1.0079 1.017 1.0283 1.0272 1.0062 1.0033 1.0132 1.0054 1.0308 1.0477 1.029 1.0189 1.02 1.0142 1.0463 1.024 1.0116 1.008 1.0103 1.0207 1.0492 1.0445 
1.0223 1.0433 1.0082 1.0069 1.0188 1.0407 1.0016 1.0089 1.0227 1.0091 1.0132 1.0369 1.0342 1.0104 1.047 1.0143 1.0453 1.0464 1.0434 1.0487 1.0401 1.0152 1.02 1.0139 1.0173 
1.0373 1.0369 1.0326 1.0256 1.0407 1.0208 1.0161 1.0254 1.0218 1.0233 1.0487 1.0122 1.0454 1.0141 1.0302 1.0087 1.0259 1.0083 1.0376 1.007 1.0229 1.0489 1.0335 1.0475 1.0246 
1.0021 1.0399 1.006 1.0438 1.0229 1.0049 1.0254 1.0494 1.0468 1.0489 1.0233 1.0064 1.0488 1.0235 1.021 1.0101 1.0445 1.0335 1.0035 1.0124 1.0412 1.0175 1.0019 1.0447 1.046 
1.0193 1.0426 1.046 1.0179 1.0389 1.0159 1.0478 1.0288 1.0442 1.0273 1.0251 1.0099 1.0323 1.0079 1.0287 1.0286 1.0253 1.0479 1.027 1.0354 1.0019 1.046 1.0063 1.0094 1.0107 
1.0302 1.0483 1.022 1.0151 1.0151 1.0196 1.0407 1.0419 1.0376 1.0364 1.0028 1.0497 1.0317 1.0112 1.0035 1.0176 1.0017 1.0088 1.0318 1.0129 1.03 1.0346 1.047 1.0098 1.021 
1.0338 1.0261 1.0314 1.0028 1.0296 1.0402 1.0162 1.0037 1.042 1.0421 1.0124 1.0498 1.0418 1.0077 1.0181 1.0118 1.0266 1.0221 1.0299 1.0149 1.0045 1.0339 1.0261 1.0039 1.0433 
1.0091 1.0083 1.026 1.0204 1.048 1.0373 1.0109 1.0372 1.0086 1.0134 1.0022 1.0095 1.0103 1.0228 1.0086 1.0318 1.0299 1.0201 1.043 1.0432 1.0238 1.0245 1.0357 1.0282 1.0101 
1.0223 1.0207 1.024 1.0123 1.019 1.0289 1.0061 1.0013 1.0017 1.012 1.02 1.0052 1.022 1.0366 1.0231 1.0407 1.048 1.0205 1.0201 1.0472 1.0292 1.0033 1.0347 1.0299 1.0207 
1.0433 1.0198 1.0128 1.0206 1.0265 1.0283 1.044 1.0306 1.0162 1.0142 1.0088 1.0017 1.0485 1.0272 1.0145 1.0479 1.0429 1.0416 1.0003 1.0153 1.0171 1.0068 1.0227 1.0033 1.0159 
1.0189 1.0402 1.0016 1.0236 1.0167 1.006 1.0412 1.0384 1.0353 1.0373 1.0224 1.0017 1.0201 1.0475 1.0138 1.0076 1.0299 1.0476 1.0436 1.0084 1.0392 1.0206 1.0001 1.0389 1.004 
1.046 1.0014 1.0185 1.0059 1.0478 1.0455 1.0386 1.008 1.0292 1.0319 1.025 1.0231 1.0419 1.0305 1.0475 1.0405 1.0336 1.0291 1.0295 1.0457 1.0101 1.0188 1.0323 1.0434 1.0381 
1.0165 1.0046 1.0498 1.0344 1.0259 1.0484 1.0133 1.0327 1.0213 1.034 1.0135 1.0485 1.0359 1.0207 1.0034 1.0354 1.0257 1.0402 1.0051 1.0334 1.0322 1.0322 1.0002 1.0498 1.0267 
1.0245 1.0495 1.0106 1.0213 1.0472 1.0376 1.0135 1.0294 1.0299 1.0233 1.0171 1.0218 1.0392 1.0199 1.0089 1.0024 1.0268 1.002 1.0339 1.0306 1.0098 1.0118 1.0112 1.0451 1.0257 
1.0358 1.0267 1.0383 1.0124 1.0234 1.0077 1.0344 1.002 1.0318 1.0279 1.038 1.0406 1.0396 1.0184 1.0241 1.0274 1.0455 1.0192 1.0252 1.0372 1.0149 1.0041 1.0057 1.014 1.0463 
1.0452 1.0339 1.0387 1.0272 1.0403 1.0119 1.0115 1.0176 1.0302 1.0125 1.0471 1.0032 1.018 1.0243 1.0276 1.0151 1.0299 1.0072 1.0363 1.0407 1.0486 1.0028 1.0409 1.0352 1.0338 
1.0455 1.0071 1.0464 1.0487 1.0215 1.0329 1.0236 1.0273 1.0485 1.0253 1.0345 1.0338 1.0046 1.0012 1.0091 1.0485 1.0094 1.0265 1.0266 1.0112 1.0354 1.0137 1.0046 1.0238 1.0391 
1.0233 1.046 1.0344 1.047 1.0106 1.0101 1.0237 1.0169 1.0222 1.0371 1.0347 1.0269 1.0479 1.033 1.0337 1.015 1.0033 1.0361 1.0342 1.0384 1.0255 1.0137 1.0026 1.036 1.0371 
1.0181 1.0067 1.0098 1.0498 1.0274 1.0437 1.042 1.003 1.048 1.0339 1.0251 1.0042 1.017 1.0214 1.0384 1.0445 1.0435 1.005 1.0093 1.047 1.0102 1.0412 1.0293 1.0379 1.0179 
1.0185 1.0082 1.0122 1.041 1.0061 1.0401 1.0433 1.0196 1.028 1.0496 1.0225 1.0167 1.0091 1.0155 1.0348 1.0335 1.0362 1.0387 1.0092 1.0282 1.0252 1.0338 1.0479 1.0128 1.0104 
1.0354 1.015 1.0359 1.0194 1.0286 1.0367 1.014 1.0149 1.0454 1.0355 1.0067 1.0188 1.0219 1.025 1.0371 1.0263 1.0398 1.0184 1.0082 1.0092 1.0111 1.0171 1.0264 1.0117 1.0226 
1.0174 1.0454 1.0227 1.0489 1.0454 1.0097 1.0291 1.0088 1.0407 1.0238 1.0272 1.0217 1.0389 1.042 1.0326 1.0382 1.0007 1.0215 1.0401 1.0457 1.0244 1.0408 1.0341 1.0026 1.0212 
1.0399 1.0296 1.0486 1.0105 1.0416 1.0084 1.0448 1.0402 1.0457 1.0284 1.024 1.0044 1.0094 1.0013 1.0163 1.0328 1.0326 1.0233 1.039 1.0224 1.0102 1.0118 1.0112 1.0294 1.006 
1.012 1.001 1.0185 1.0377 1.0417 1.0126 1.0184 1.0217 1.0452 1.0155 1.0104 1.0078 1.0092 1.0333 1.0166 1.0124 1.0154 1.021 1.0386 1.0316 1.0373 1.0279 1.0006 1.0076 1.0022 
1.0057 1.0042 1.0446 1.0011 1.019 1.0007 1.0255 1.0227 1.0492 1.0466 1.0062 1.0171 1.0084 1.0178 1.0233 1.0235 1.0015 1.0246 1.0215 1.0244 1.0225 1.0088 1.0006 1.0069 1.0469 
1.0396 1.0331 1.0395 1.0201 1.0037 1.0124 1.0046 1.0454 1.0093 1.0085 1.0228 1.0027 1.0372 1.0286 1 1.0426 1.0099 1.0084 1.0096 1.0079 1.0272 1.013 1.0286 1.014 1.0493 
1.0394 1.0457 1.0068 1.026 1.0448 1.0153 1.03 1.0146 1.0346 1.0076 1.0327 1.0485 1.0433 1.0141 1.0265 1.025 1.0327 1.011 1.0098 1.0115 1.0393 1.0178 1.0124 1.0483 1.0274 
1.0494 1.0194 1.0052 1.0385 1.0404 1.0055 1.0162 1.0128 1.0421 1.0406 1.0316 1.0354 1.0227 1.0471 1.0096 1.0246 1.0491 1.0086 1.0186 1.0492 1.0339 1.0122 1.0041 1.0083 1.0272 
1.0213 1.0201 1.0071 1.0394 1.0274 1.0104 1.0034 1.0484 1.0007 1.0068 1.0462 1.0049 1.0036 1.042 1.0264 1.0215 1.008 1.0087 1.0347 1.027 1.043 1.0057 1.0286 1.0029 1.0274 
1.0443 1.0044 1.0297 1.041 1.0309 1.021 1.0142 1.0315 1.0134 1.0377 1.0242 1.0084 1.0064 1.0241 1.0187 1.0497 1.0144 1.0384 1.0377 1.004 1.0325 1.0132 1.0384 1.0296 1.0408 
1.0112 1.0459 1.0341 1.0426 1.0399 1.012 1.002 1.0065 1.0358 1.017 1.0423 1.0288 1.0435 1.0461 1.0376 1.0082 1.0355 1.0249 1.021 1.0124 1.0113 1.0113 1.0208 1.0342 1.0163 
1.0009 1.0469 1.0051 1.0393 1.0058 1.0096 1.012 1.0088 1.0129 1.0352 1.0255 1.0389 1.001 1.005 1.0096 1.0225 1.0006 1.0442 1.0096 1.0395 1.0244 1.0468 1.002 1.034 1.0328 
1.0025 1.036 1.0042 1.0009 1.0016 1.0189 1.014 1.0188 1.0212 1.0127 1.0389 1.0444 1.035 1.0299 1.024 1.0348 1.006 1.0216 1.0235 1.0255 1.039 1.0084 1.0462 1.0282 1.0464 
1.017 1.0365 1.0355 1.0495 1.0393 1.0192 1.0361 1.0079 1.0004 1.0328 1.0204 1.0129 1.0216 1.0375 1.0354 1.0142 1.0201 1.01 1.0258 1.0264 1.0489 1.0323 1.004 1.0007 1.0065 
1.0289 1.0185 1.0466 1.0045 1.0409 1.0401 1.0199 1.0138 1.003 1.0434 1.0497 1.0381 1.0029 1.0155 1.0177 1.0371 1.0409 1.03 1.0391 1.046 1.0219 1.0144 1.0041 1.0309 1.0145 
1.0332 1.0372 1.0005 1.035 1.013 1.0186 1.0213 1.0045 1.0214 1.02 1.0034 1.0197 1.0463 1.0041 1.0175 1.0482 1.0166 1.0274 1.04 1.0024 1.0178 1.0303 1.0167 1.01 1.002 
1.0138 1.0193 1.0049 1.0121 1.0179 1.007 1.0053 1.0007 1.0312 1.0168 1.0356 1.0397 1.0378 1.0157 1.0436 1.0065 1.0415 1.004 1.0446 1.0497 1.0365 1.0115 1.0184 1.0082 1.0263 
1.0406 1.0076 1.0095 1.0158 1.0482 1.0155 1.0089 1.0147 1.0422 1.0265 1.0277 1.0039 1.0226 1.026 1.0435 1.0051 1.0499 1.0403 1.0389 1.0469 1.0013 1.0273 1.0239 1.0035 1.0324 
1.007 1.019 1.0262 1.014 1.0009 1.0222 1.023 1.0019 1.0138 1.0265 1.0424 1.0225 1.0203 1.0281 1.0184 1.0161 1.0058 1.0265 1.0321 1.0439 1.0109 1.0078 1.0389 1.0019 1.0072 
1.0243 1.0137 1.0285 1.0234 1.0315 1.0244 1.0147 1.027 1.0426 1.0274 1.0287 1.0236 1.0207 1.024 1.0166 1.0461 1.044 1.0467 1.046 1.0011 1.0447 1.0422 1.0388 1.0108 1.0163 
1.0136 1.0422 1.028 1.0446 1.0226 1.0295 1.0241 1.0362 1.0468 1.0097 1.0443 1.0149 1.0129 1.0244 1.0009 1.0286 1.0388 1.0248 1.0286 1.02 1.0262 1.0012 1.0011 1.0069 1.0134 
1.0102 1.0023 1.0019 1.033 1.0356 1.0156 1.0286 1.0386 1.0275 1.0434 1.0126 1.0258 1.0054 1.0274 1.0238 1.0304 1.0156 1.0165 1.0178 1.0344 1.035 1.0233 1.024 1.0112 1.0067 
1.0486 1.0177 1.029 1.0153 1.0316 1.0027 1.022 1.0189 1.0057 1.017 1.0474 1.0053 1.0162 1.0067 1.0382 1.0217 1.0067 1.0251 1.0049 1.0331 1.0326 1.0132 1.0164 1.0328 1.0268 
1.0148 1.0373 1.0436 1.0486 1.0459 1.033 1.0139 1.0305 1.0159 1.0422 1.0261 1.0429 1.0386 1.0239 1.0375 1.0335 1.0419 1.0292 1.0435 1.0413 1.0408 1.0384 1.0358 1.0118 1.0228 
1.0031 1.0131 1.0078 1.0159 1.0052 1.0059 1.0331 1.0354 1.003 1.0247 1.0265 1.0304 1.0214 1.0482 1.0119 1.0013 1.0352 1.044 1.0158 1.0379 1.0418 1.0437 1.0489 1.033 1.0479 
1.023 1.0454 1.01 1.0172 1.0156 1.0132 1.0045 1.0128 1.0426 1.0002 1.0167 1.0151 1.0186 1.0038 1.0093 1.0232 1.0227 1.0162 1.0301 1.008 1.0498 1.0175 1.0079 1.011 1.0065 
1.0334 1.0164 1.0201 1.0003 1.0292 1.0048 1.0134 1.0401 1.0084 1.0132 1.0171 1.0156 1.0096 1.0002 1.0204 1.046 1.0057 1.0396 1.0131 1.0397 1.0483 1.0319 1.0227 1.0324 1.022 
1.0133 1.0264 1.0176 1.0129 1.035 1.0287 1.0481 1.0082 1.01 1.0444 1.0088 1.0155 1.0456 1.0191 1.0113 1.0164 1.0454 1.0055 1.0326 1.0103 1.0444 1.0383 1.0481 1.0495 1.0319 
1.0375 1.0035 1.0431 1.0187 1.0327 1.049 1.0043 1.0484 1.0283 1.0159 1.0083 1.0021 1.0111 1.0036 1.0049 1.0468 1.0023 1.0062 1.04 1.0322 1.0109 1.0106 1.0042 1.0412 1.0449 
1.0449 1.0189 1.0026 1.0158 1.0204 1.0325 1.0263 1.0215 1.0493 1.0257 1.0237 1.0481 1.0412 1.0261 1.0395 1.0099 1.0445 1.0238 1.044 1.007 1.035 1.0372 1.0482 1.0262 1.0411 
1.0252 1.0154 1.0484 1.0284 1.0357 1.0046 1.0461 1.0235 1.0493 1.018 1.0119 1.0083 1.0383 1.0057 1.0199 1.0088 1.0007 1.0286 1.0163 1.0283 1.0023 1.0369 1.0429 1.038 1.0173 
1.0428 1.0323 1.0475 1.0247 1.0245 1.0433 1.0012 1.0081 1.0309 1.0244 1.0323 1.0005 1.0054 1.0112 1.0206 1.0099 1.0455 1.0424 1.0304 1.0456 1.0152 1.0324 1.0486 1.0101 1.0157 
1.0451 1.0263 1.024 1.0339 1.017 1.0434 1.0174 1.0419 1.006 1.027 1.0125 1.0361 1.0024 1.0057 1.0395 1.015 1.0149 1.017 1.0176 1.0334 1.0172 1.0007 1.0429 1.037 1.0059 
1.0364 1.0393 1.0232 1.03 1.0475 1.0172 1.0058 1.0055 1.0248 1.0378 1.0395 1.0432 1.0461 1.0401 1.0127 1.0069 1.0029 1.0482 1.0291 1.0471 1.0394 1.0342 1.0426 1.0291 1.0438 
1.0079 1.0442 1.0363 1.0438 1.038 1.0061 1.0346 1.0422 1.0333 1.0105 1.0092 1.0197 1.042 1.0206 1.0217 1.0442 1.0125 1.0095 1.0045 1.0169 1.0387 1.0308 1.0468 1.0314 1.0087 
1.0494 1.0463 1.0258 1.0012 1.0356 1.0326 1.0083 1.0185 1.0164 1.0351 1.0151 1.0423 1.0209 1.0239 1.0412 1.0137 1.0044 1.0308 1.0411 1.0256 1.0128 1.0043 1.0212 1.023 1.0386 
1.0051 1.012 1.0108 1.0065 1.0478 1.0194 1.0464 1.0323 1.033 1.0203 1.0104 1.024 1.0046 1.0457 1.0251 1.0414 1.0058 1.0382 1.0235 1.0037 1.0456 1.0268 1.0493 1.0248 1.0309 
1.0264 1.0197 1.0164 1.0207 1.0432 1.0465 1.0449 1.0176 1.0297 1.0411 1.0242 1.0383 1.0204 1.016 1.0288 1.0426 1.0167 1.0452 1.0226 1.0039 1.022 1.0296 1.03 1.0315 1.0022 
1.0103 1.0313 1.0348 1.0395 1.0308 1.0113 1.0169 1.0257 1.0434 1.0199 1.0212 1.028 1.0357 1.0319 1.0163 1.0231 1.0053 1.0299 1.0335 1.0118 1.0248 1.0367 1.0049 1.0479 1.0105 
1.0435 1.0494 1 1.0126 1.0124 1.0438 1.0048 1.0485 1.0154 1.0099 1.0201 1.0319 1.016 1.0146 1.001 1.03 1.0428 1.043 1.0101 1.0227 1.0032 1.0132 1.0111 1.0161 1.0205 
1.0283 1.0246 1.0324 1.0464 1.0449 1.0051 1.0446 1.0138 1.0161 1.0428 1.0305 1.0352 1.0458 1.036 1.0481 1.0182 1.0225 1.0098 1.0017 1.014 1.0478 1.0494 1.0266 1.0359 1.0297 
1.0278 1.0382 1.0017 1.0259 1.0477 1.0308 1.0043 1.0309 1.0102 1.0275 1.0141 1.0088 1.045 1.0267 1.0079 1.043 1.0337 1.019 1.0375 1.0357 1.0174 1.0332 1.0336 1.0074 1.0234 
1.0382 1.0465 1.0355 1.0339 1.0445 1.0276 1.0349 1.0165 1.0227 1.0129 1.0364 1.0256 1.0169 1.0369 1.0027 1.0432 1.0209 1.0392 1.038 1.0062 1.0038 1.0083 1.0483 1.0367 1.0161 
1.0282 1.033 1.0325 1.0186 1.0397 1.0058 1.0224 1.0456 1.0476 1.018 1.0487 1.0161 1.0312 1.0186 1.0116 1.035 1.0152 1.0019 1.023 1.0097 1.0356 1.0415 1.0256 1.0331 1.044 
1.0488 1.0425 1.0097 1.0321 1.0106 1.009 1.0317 1.0088 1.0021 1.0271 1.0098 1.0391 1.0457 1.0457 1.0301 1.0208 1.0341 1.0307 1.0037 1.0106 1.0008 1.0224 1.0434 1.0102 1.0208 
1.0029 1.0083 1.0451 1.0323 1.0332 1.0065 1.0366 1.0488 1.0432 1.046 1.0205 1.0145 1.0349 1.0123 1.0469 1.0094 1.0122 1.0229 1.0421 1.0151 1.0057 1.0005 1.0357 1.0138 1.0215 
1.0178 1.0147 1.0347 1.0317 1.0383 1.0352 1.0167 1.0174 1.0297 1.0182 1.0358 1.0382 1.0394 1.0213 1.0171 1.0095 1.0016 1.0228 1.0318 1.0494 1.0226 1.0065 1.0322 1.0307 1.0451 
1.0439 1.0048 1.0384 1.0145 1.0047 1.0122 1.0319 1.0291 1.0197 1.0067 1.0227 1.0162 1.0237 1.008 1.0305 1.024 1.0122 1.0263 1.0404 1.0023 1.0221 1.0351 1.0313 1.006 1.0461 
1.0172 1.0339 1.0371 1.0409 1.0031 1.0142 1.0238 1.0406 1.0192 1.0034 1.0357 1.0367 1.0063 1.0043 1.0261 1.0102 1.0133 1.029 1.0491 1.029 1.0347 1.0414 1.0362 1.0118 1.0116 
1.036 1.0483 1.0023 1.0483 1.0304 1.003 1.0252 1.0051 1.0205 1.0022 1.0228 1.023 1.0331 1.0477 1.0057 1.0192 1.0374 1.0032 1.0028 1.0372 1.043 1.0343 1.0214 1.0339 1.0309 
1.0113 1.0433 1.0084 1.0381 1.0251 1.0366 1.0092 1.0219 1.0063 1.0481 1.0008 1.0474 1.0267 1.0493 1.0435 1.0416 1.047 1.0178 1.0339 1.0393 1.0226 1.0281 1.0254 1.0206 1.0354 
1.0207 1.0018 1.0413 1.0202 1.0231 1.0046 1.0093 1.0065 1.0056 1.0088 1.0169 1.0134 1.0338 1.0395 1.0452 1.0307 1.0317 1.0312 1.0012 1.0293 1.0425 1.0368 1.0227 1.046 1.0112 
1.0067 1.0273 1.0382 1.0168 1.0152 1.0404 1.0497 1.0275 1.0379 1.0312 1.041 1.0131 1.0251 1.0418 1.0138 1.0207 1.0405 1.0399 1.0184 1.0319 1.0133 1.0001 1.0318 1.0251 1.0036 
1.0298 1.0196 1.0295 1.0226 1.024 1.0063 1.0041 1.03 1 1.032 1.016 1.0024 1.0009 1.0226 1.0496 1.0016 1.0495 1.0446 1.0006 1.0208 1.01 1.0381 1.036 1.0265 1.0043 
1.0373 1.0172 1.021 1.0308 1.0188 1.0394 1 1.0028 1.0312 1.0432 1.0217 1.0449 1.0375 1.0405 1.0108 1.0452 1.0485 1.0276 1.0076 1.01 1.0228 1.0098 1.0241 1.0486 1.0394 
1.015 1.0079 1.0423 1.017 1.0421 1.0378 1.0157 1.0188 1.027 1.0362 1.009 1.0302 1.0054 1.0472 1.0285 1.0311 1.0475 1.0417 1.0391 1.0482 1.0109 1.0077 1.0433 1.0264 1.0045 
1.0074 1.0227 1.0049 1.0202 1.0351 1.0464 1.0016 1.0013 1.0087 1.0138 1.0332 1.0258 1.0138 1.0221 1.0417 1.0064 1.0461 1.0227 1.03 1.0199 1.0205 1.0043 1.0008 1.034 1.0198 
1.0338 1.0258 1.0412 1.0441 1.0297 1.0454 1.0074 1.0192 1.044 1.0225 1.0391 1.0284 1.0158 1.0245 1.0283 1.0287 1.0039 1.0024 1.0129 1.0188 1.0298 1.0062 1.0318 1.014 1.0175 
1.0113 1.0262 1.0165 1.0356 1.0157 1.0023 1.03 1.0066 1.0103 1.0342 1.0451 1.0086 1.0222 1.0015 1.0361 1.0296 1.0317 1.0409 1.0001 1.0452 1.0124 1.0226 1.0069 1.0116 1.0157 
1.0492 1.0351 1.0074 1.0224 1.0072 1.0201 1.0321 1.0198 1.0066 1.027 1.0401 1.0387 1.0333 1.026 1.0318 1.021 1.0052 1.0038 1.0125 1.0377 1.0101 1.0381 1.0051 1.0409 1.0197 
1.0143 1.035 1.0367 1.0424 1.0152 1.0366 1.0436 1.0462 1.0169 1.0351 1.0454 1.0483 1.0441 1.0095 1.0034 1.0363 1.0114 1.0242 1.0233 1.0085 1.0248 1.0076 1.0026 1.0121 1.0352 
1.043 1.0171 1.0071 1.042 1.0001 1.0108 1.0354 1.0333 1.0208 1.0062 1.0232 1.0356 1.0288 1.0284 1.0352 1.0397 1.0053 1.0169 1.0178 1.0329 1.0123 1.009 1.0138 1.0083 1.0294 
1.0371 1.0443 1.0001 1.0358 1.0489 1.0361 1.0256 1.0369 1.0459 1.0245 1.0406 1.0178 1.0047 1.0408 1.0106 1.0233 1.0474 1.0087 1.0101 1.012 1.0454 1.0169 1.0007 1.0458 1.0432 
1.0401 1.0091 1.0074 1.0162 1.0266 1.0204 1.0363 1.0119 1.0116 1.0052 1.0385 1.0128 1.0441 1.0062 1.0126 1.0273 1.0023 1.0439 1.0313 1.0381 1.0352 1.002 1.0291 1.0239 1.0468 
1.0103 1.0332 1.0185 1.0313 1.0419 1.0497 1.0209 1.0173 1.0129 1.028 1.0265 1.0283 1.0488 1.0067 1.0199 1.0123 1.0336 1.0112 1.0197 1.0259 1.0334 1.0076 1.0251 1.0082 1.0147 
1.0411 1.0059 1.0336 1.031 1.0096 1.0436 1.0435 1.0446 1.0402 1.0046 1.0416 1.0037 1.0417 1.0376 1.0093 1.0333 1.0416 1.0244 1.0189 1.0397 1.0451 1.0011 1.026 1.0352 1.0037 
1.0472 1.0145 1.028 1.0412 1.0006 1.0409 1.0026 1.048 1.0016 1.0407 1.016 1.0485 1.0249 1.0056 1.0278 1.004 1.0289 1.0467 1.0445 1.0123 1.0218 1.0269 1.0269 1.0324 1.043 
1.0145 1.0142 1.0143 1.0292 1.0172 1.0398 1.0086 1.0289 1.0319 1.036 1.0446 1.0225 1.0269 1.01 1.0264 1.0213 1.0106 1.0274 1.0378 1.0272 1.0248 1.0348 1.0462 1.0029 1.0453 
1.0211 1.0371 1.0355 1.0426 1.026 1.0114 1.018 1.0006 1.0347 1.039 1.0489 1.001 1.0137 1.0229 1.0239 1.0232 1.0251 1.0146 1.0266 1.0272 1.0333 1.0475 1.0438 1.0103 1 
1.0118 1.0234 1.0434 1.0234 1.0086 1.0103 1.0255 1.0352 1.0037 1.0386 1.0026 1.0266 1.0135 1.0141 1.0057 1.012 1.0098 1.0424 1.0274 1.01 1.04 1.017 1.0192 1.0343 1.0028 
1.0165 1.0076 1.0414 1.0096 1.043 1.0029 1.017 1.0366 1.0314 1.0154 1.0349 1.0366 1.037 1.018 1.0098 1.0348 1.0016 1.0152 1.0079 1.0471 1.045 1.0241 1.0285 1.0485 1.0286 
1.0472 1.0349 1.0039 1.0455 1.0043 1.0441 1.0067 1.0063 1.0381 1.0433 1.008 1.0258 1.0409 1.01 1.0171 1.0022 1.0457 1.0206 1.0228 1.0483 1 1.013 1.019 1.0088 1.0157 
1.0055 1.0478 1.007 1.0466 1.0114 1.016 1.0481 1.0229 1.0043 1.0056 1.0026 1.045 1.0102 1.0021 1.0276 1.0198 1.0048 1.0384 1.0477 1.0229 1.0018 1.0467 1.0314 1.0202 1.0147 
1.0098 1.0385 1.0111 1.0381 1.0261 1.0391 1.0443 1.015 1.0211 1.0186 1.0264 1.0328 1.0083 1.0481 1.0408 1.021 1.0397 1.0302 1.0076 1.0096 1.0068 1.0027 1.0083 1.0013 1.0465 
1.0204 1.0408 1.0172 1.0274 1.0287 1.0061 1.0082 1.014 1.0241 1.041 1.0193 1.0186 1.0317 1.0221 1.042 1.0267 1.0042 1.0168 1.0165 1.037 1.0237 1.0222 1.0442 1.0444 1.0496 
1.0245 1.0145 1.0241 1.0145 1.0404 1.0418 1.0254 1.0274 1.0019 1.0222 1.0234 1.0409 1.0287 1.0285 1.0256 1.0274 1.0148 1.0164 1.0137 1.0165 1.0016 1.0449 1.0175 1.0137 1.0333 
1.0242 1.022 1.027 1.0426 1.0164 1.0383 1.0343 1.0442 1.0183 1.0156 1.0169 1.0341 1.0413 1.045 1.0352 1.0336 1.0313 1.0374 1.0323 1.0371 1.0098 1.0349 1.0234 1.0309 1.03 
1.0478 1.0143 1.0162 1.0493 1.0269 1.0496 1.0112 1.0195 1.0455 1.008 1.0052 1.0362 1.0067 1.0068 1.0114 1.0328 1.0084 1.0208 1.0119 1.002 1.0452 1.009 1.0058 1.0303 1.0341 
1.0082 1.0421 1.0192 1.0326 1.039 1.0037 1.0131 1.012 1.01 1.0041 1.0068 1.0317 1.0434 1.0051 1.0109 1.0281 1.027 1.0248 1.0429 1.0423 1.0222 1.0137 1.0447 1.0418 1.0349 
1.0274 1.0322 1.0201 1.0163 1.0045 1.0234 1.01 1.0073 1.0322 1.0339 1.0296 1.0004 1.0173 1.0328 1.04 1.0292 1.0309 1.0326 1.0361 1.0488 1.036 1.0282 1.0491 1.0316 1.0171 
1.0017 1.0313 1.0078 1.0012 1.0355 1.0403 1.0285 1.0384 1.0235 1.0337 1.0075 1.0354 1.0164 1.0075 1.0165 1.0269 1.0142 1.0139 1.0396 1.0449 1.0083 1.0006 1.0382 1.0237 1.0216 
1.0211 1.0057 1.0443 1.0464 1.0265 1.0408 1.0288 1.0183 1.0367 1.0236 1.0005 1.0318 1.0133 1.0116 1.0343 1.0275 1.0272 1.0015 1.0468 1.0299 1.0201 1.0097 1.0002 1.0307 1.0239 
1.0177 1.0059 1.0035 1.021 1.0139 1.0373 1.032 1.0344 1.0226 1.0362 1.0118 1.017 1.0067 1.0111 1.0241 1.0418 1.0283 1.0475 1.0351 1.036 1.0313 1.0354 1.029 1.0386 1.0267 
1.0335 1.0325 1.034 1.0446 1.0341 1.0101 1.0447 1.0412 1.0129 1.0006 1.0172 1.0042 1.0041 1.002 1.0312 1.0139 1.0111 1.0155 1.0092 1.0032 1.0001 1.0181 1.0374 1.0331 1.0043 
1.0114 1.0422 1.0061 1.0166 1.0228 1.033 1.0102 1.0492 1.0184 1.0238 1.0036 1.0383 1.0124 1.0353 1.0261 1.0442 1.0067 1.0439 1.0408 1.0146 1.0026 1.0099 1.0231 1.0413 1.0241 
1.0301 1.0372 1.0325 1.0249 1.0039 1.0018 1.0423 1.0287 1.0273 1.0379 1.0337 1.0101 1.0225 1.0085 1.0009 1.0459 1.0228 1.0026 1.0303 1.0344 1.0315 1.0103 1.0479 1.047 1.0413 
1.0229 1.0402 1.042 1.0461 1.0195 1.0081 1.0451 1.0226 1.0106 1.0031 1.0063 1.0025 1.0037 1.0094 1.023 1.0259 1.0464 1.0206 1.0253 1.0195 1.0268 1.0317 1.0254 1.0226 1.0485 
1.0054 1.0026 1.043 1.0146 1.0146 1.0184 1.0112 1.0172 1.034 1.0345 1.0389 1.0478 1.0462 1.0345 1.0111 1.012 1.0112 1.0338 1.0411 1.0039 1.0161 1.0287 1.0074 1.0151 1.0222 
1.0396 1.01 1.003 1.0073 1.0085 1.0108 1.0388 1.0166 1.03 1.0493 1.0319 1.0014 1.0391 1.0141 1.001 1.0261 1.0276 1.038 1.0321 1.0224 1.0431 1.0355 1.021 1.0103 1.0121 
1.0014 1.0266 1.0422 1.0215 1.0035 1.0453 1.0347 1.0038 1.0304 1.0239 1.0295 1.0452 1.003 1.0352 1.0218 1.0363 1.011 1.011 1.0112 1.026 1.0028 1.019 1.0283 1.0059 1.0131 
1.0255 1.0071 1.0469 1.0176 1.0313 1.0388 1.0258 1.0154 1.045 1.0107 1.0056 1.0077 1.0217 1.0084 1.0056 1.037 1.0288 1.0266 1.0339 1.0303 1.0168 1.0095 1.028 1.0315 1.0262 
1.0366 1.0371 1.0116 1.0033 1.0333 1.0333 1.0375 1.0301 1.0296 1.0131 1.0212 1.0041 1.0091 1.046 1.0155 1.008 1.0372 1.0231 1.049 1.0272 1.0017 1.0156 1.0171 1.0361 1.0395 
1.0142 1.0092 1.0465 1.0231 1.0141 1.0186 1.0044 1.0163 1.0325 1.0175 1.0034 1.0152 1.0338 1.0319 1.0002 1.0422 1.0073 1.042 1.0145 1.0221 1.0307 1.0309 1.0472 1.03 1.0449 
1.0448 1.0282 1.0311 1.0112 1.0279 1.0129 1.0284 1.0009 1.0217 1.0083 1.0101 1.0175 1.0265 1.0248 1.0319 1.0364 1.0019 1.033 1.0023 1.0146 1.017 1.0231 1.0402 1.0399 1.018 
1.0482 1.0257 1.0139 1.0143 1.0161 1.0171 1.0328 1.0248 1.0318 1.0369 1.0026 1.0002 1.0093 1.0468 1.0268 1.0314 1.0465 1.0029 1.0443 1.0333 1.0189 1.0043 1.0486 1.0389 1.0196 
1.0042 1.0197 1.0371 1.0044 1.0347 1.0197 1.0456 1.0351 1.0296 1.02 1.0226 1.0476 1.0425 1.0474 1.0038 1.0397 1.0211 1.014 1.042 1.0204 1.0136 1 1.0407 1.0499 1.008 
1.0336 1.0441 1.0475 1.0006 1.0169 1.0341 1.0317 1.0349 1.0227 1.0103 1.036 1.0065 1.0236 1.0295 1.0193 1.0441 1.0298 1.0058 1.0268 1.0199 1.0169 1.0318 1.0102 1.0098 1.0488 
1.0081 1.0011 1.0214 1.0195 1.0407 1.0447 1.0201 1.0041 1.0343 1.0471 1.004 1.0039 1.0122 1.0285 1.0129 1.0304 1.005 1.032 1.0024 1.0034 1.0439 1.0088 1.0144 1.0038 1.0411 
1.0182 1.0287 1.0451 1.0243 1.0266 1.0173 1.044 1.0304 1.005 1.0249 1.033 1.0043 1.0438 1.008 1.0152 1.0061 1.0297 1.0442 1.0238 1.003 1.0295 1.0413 1.0133 1.0132 1.0087 
1.0389 1.0025 1.0442 1.0023 1.0401 1.0426 1.0061 1.0117 1.0184 1.0303 1.0055 1.0253 1.0088 1.0231 1.011 1.038 1.0485 1.0366 1.0467 1.0051 1.0485 1.0288 1.0356 1.0132 1.0131 
1.036 1.0247 1.0256 1.001 1.0212 1.0004 1.0118 1.0019 1.0391 1.0249 1.0126 1.0485 1.0499 1.0019 1.023 1.0039 1.0388 1.038 1.0442 1.0271 1.0125 1.0291 1.0318 1.0131 1.0173 
1.0147 1.0499 1.0229 1.0437 1.0224 1.0145 1.0027 1.0176 1.0078 1.0179 1.027 1.0374 1.0328 1.0392 1.0398 1.0498 1.0388 1.0435 1.0015 1.043 1.0267 1.0469 1.047 1.0392 1.0467 
1.0281 1.0267 1.0058 1.0375 1.0239 1.0018 1.0109 1.0243 1.0105 1.0203 1.0151 1.0165 1.0063 1.0406 1.0442 1.0447 1.0485 1.0359 1.0052 1.0498 1.0414 1.0011 1.0192 1.0042 1.0391 
1.0351 1.0185 1.0287 1.0073 1.0252 1.0142 1.0148 1.0395 1.0164 1.0458 1.0125 1.0043 1.021 1.0281 1.0426 1.0167 1.0308 1.035 1.0146 1.0103 1.0009 1.0398 1.0398 1.0233 1.0253 
1.0276 1.0415 1.0408 1.0465 1.0271 1.0249 1.0277 1.0006 1.0102 1.0068 1.0002 1.0322 1.0218 1.0178 1.0048 1.0288 1.0157 1.0311 1.0352 1.0395 1.0172 1.033 1.0285 1.0059 1.0018 
1.0177 1.004 1.0039 1.0196 1.0326 1.0428 1.0006 1.0376 1.0447 1.0229 1.0332 1.0246 1.0395 1.0118 1.0195 1.0311 1.0334 1.0314 1.0079 1.0416 1.0363 1.0179 1.0121 1.0051 1.0167 
1.038 1.0262 1.0056 1.0401 1.0309 1.048 1.0471 1.0464 1.0371 1.0057 1.024 1.0017 1.0142 1.0416 1.0315 1.0465 1.0381 1.0076 1.0345 1.0293 1.0013 1.025 1.0046 1.0312 1.0282 
1.0083 1.0212 1.0429 1.0333 1.0114 1.01 1.0202 1.0295 1.0355 1.0116 1.0208 1.0152 1.0407 1.0357 1.0452 1.0188 1.0122 1.0114 1.0373 1.0194 1.0395 1.0084 1.0347 1.027 1.0394 
1.0011 1.0035 1.0232 1.0048 1.0173 1.02 1.0477 1.009 1.0334 1.0189 1.0497 1.0067 1.04 1.016 1.0094 1.018 1.0288 1.0475 1.0177 1.0257 1.0192 1.0357 1.0034 1.0186 1.0386 
1.0115 1.0204 1.0129 1.0081 1.0435 1.0445 1.0373 1.0102 1.0172 1.0187 1.024 1.0322 1.0196 1.0221 1.0249 1.0422 1.0343 1.0264 1.0093 1.0344 1.0253 1.0029 1.0211 1.042 1.0009 
1.0381 1.0453 1.0056 1.013 1.0282 1.0361 1.034 1.0386 1.0238 1.0352 1.0229 1.0346 1.0093 1.0298 1.0261 1.0038 1.0235 1.0094 1.0256 1.0237 1.013 1.0439 1.0369 1.0442 1.017 
1.0311 1.0154 1.0464 1.0107 1.0275 1.038 1.024 1.0139 1.0268 1.0094 1.0193 1.0291 1.026 1.0441 1.0184 1.0301 1.0143 1.032 1.0164 1.008 1.0112 1.0276 1.0387 1.03 1.0351 
1.0303 1.0263 1.0345 1.0165 1.0245 1.016 1.0354 1.0189 1.0423 1.0246 1.0396 1.0201 1.018 1.0446 1.0265 1.0284 1.0084 1.0236 1.0214 1.035 1.0135 1.0355 1.0204 1.0323 1.021 
1.0476 1.0138 1.0455 1.0188 1.0328 1.0285 1.0401 1.0123 1.0217 1.003 1.0429 1.0375 1.0055 1.0132 1.024 1.0308 1.0055 1.0454 1.0439 1.0084 1.0064 1.0179 1.0327 1.0336 1.0456 
1.0458 1.0063 1.0319 1.0405 1.0233 1.0327 1.0355 1.0108 1.0184 1.0395 1.0251 1.0089 1.0431 1.0343 1.0244 1.0245 1.0104 1.0093 1.0496 1.0272 1.0461 1.0019 1.0063 1.0351 1.0394 
1.0407 1.034 1.0382 1.0478 1.0105 1.0292 1.0213 1.0492 1.0028 1.0142 1.0384 1.0048 1.0135 1.0043 1.0386 1.0462 1.0429 1.0366 1.025 1.0153 1.0386 1.0258 1.0493 1.028 1.0481 
1.0326 1.0343 1.0205 1.0162 1.001 1.033 1.0287 1.0449 1.0341 1.0271 1.0166 1.0064 1.0462 1.021 1.0004 1.0496 1.0127 1.0036 1.0182 1.0235 1.0162 1.0107 1.0239 1.0248 1.0489 
1.0278 1.0276 1.0288 1.0321 1.0418 1.0025 1.0111 1.0071 1.042 1.0367 1.0082 1.03 1.0387 1.0063 1.0068 1.0497 1.0029 1.035 1.027 1.0453 1.0085 1.0009 1.0219 1.0353 1.0423 
1.0343 1.0464 1.0164 1.0339 1.0272 1.0436 1.0221 1.0495 1.0496 1.0116 1.0457 1.0104 1.0368 1.0397 1.0346 1.0007 1.0092 1.0002 1.022 1.0496 1.0142 1.0232 1.0402 1.0034 1.0083 
1.0258 1.0168 1.0476 1.0011 1.0074 1.0046 1.0492 1.0414 1.0469 1.0101 1.0118 1.0108 1.0042 1.0144 1.0107 1.0184 1.0214 1.0023 1.0479 1.0056 1.0482 1.0018 1.0227 1.0432 1.019 
1.0356 1.0291 1.0433 1.0033 1.013 1.0019 1.0288 1.0217 1.0149 1.026 1.004 1.0132 1.0181 1.031 1.0115 1.0406 1.0358 1.0484 1.0356 1.0005 1.006 1.0407 1.0084 1.0275 1.0205 
1.017 1.013 1.0367 1.0405 1.0325 1.0114 1.0263 1.0355 1.0449 1.0404 1.0296 1.0171 1.0372 1.0066 1.0306 1.0231 1.0085 1.0413 1.0161 1.0145 1.0066 1.0344 1.028 1.0381 1.048 
1.0075 1.0265 1.0447 1.0075 1.035 1.0498 1.0024 1.0274 1.0458 1.0051 1.027 1.0433 1.0202 1.0112 1.0001 1.0346 1.0046 1.0004 1.0299 1.0064 1.012 1.0301 1.0386 1.0031 1.0209 
1.0358 1.0116 1.0032 1.0171 1.0138 1.0255 1.0351 1.0154 1.0351 1.0307 1.041 1.0307 1.0163 1.0333 1.0428 1.0091 1.0158 1.0361 1.0499 1.0205 1.0405 1.041 1.0397 1.0108 1.0069 
1.0436 1.0225 1.0331 1.0486 1.0346 1.0485 1.0294 1.0309 1.0145 1.0135 1.004 1.0341 1.0361 1.0381 1.0237 1.0058 1.0283 1.0334 1.0122 1.0095 1.0314 1.0233 1.041 1.0045 1.0374 
1.0395 1.0271 1.0158 1.0226 1.0488 1.0397 1.0331 1.0485 1.0297 1.0255 1.0494 1.0015 1.0305 1.0024 1.0337 1.0036 1.0389 1.0268 1.0255 1.0177 1.0054 1.0491 1.0038 1.027 1.0349 
1.0436 1.0465 1.0021 1.0032 1.0318 1.0226 1.0453 1.0344 1.0187 1.02 1.0497 1.0469 1.0442 1.0059 1.0333 1.0381 1.0283 1.0464 1.0057 1.0313 1.0352 1.0151 1.0345 1.0228 1.0382 
1.0366 1.0249 1.0162 1.0108 1.0408 1.0382 1.0116 1.0464 1.0417 1.0069 1.0168 1.0244 1.0112 1.0458 1.0155 1.015 1.0098 1.0067 1.0001 1.0062 1.0485 1.005 1.0429 1.0252 1.0117 
1.0272 1.0374 1.0414 1.0161 1.0236 1.0405 1.0247 1.0433 1.0256 1.016 1.0305 1.0479 1.0142 1.0415 1.0128 1.048 1.0137 1.0488 1.0335 1.034 1.0001 1.0292 1.0263 1.0305 1.038 
1.0176 1.0138 1.0463 1.0151 1.0013 1.0369 1.0216 1.0024 1.0284 1.0173 1.0202 1.0198 1.0024 1.0171 1.0029 1.0406 1.0045 1.0054 1.0455 1.0362 1.0109 1.0456 1.0421 1.0275 1.0041 
1.0336 1.0212 1.0106 1.0303 1.0235 1.0011 1.0213 1.0089 1.0038 1.0315 1.0172 1.0325 1.0287 1.0373 1.0278 1.0378 1.0349 1.0038 1.0093 1.0113 1.0065 1.0001 1.0042 1.0281 1.0387 
1.0004 1.0498 1.0184 1.0153 1.0392 1.0094 1.0147 1.021 1.0187 1.0014 1.0392 1.0486 1.0258 1.044 1.0342 1.0153 1.002 1.0293 1.0408 1.0493 1.044 1.0328 1.023 1.0456 1.0094 
1.027 1.0284 1.0054 1.0313 1.0306 1.0104 1.0322 1.0455 1.049 1.0278 1.0063 1.025 1.0342 1.013 1.025 1.0189 1.0215 1.0346 1.0039 1.013 1.0002 1.0037 1.0132 1.0023 1.0446 
1.0463 1.042 1.0118 1.0036 1.0378 1.0259 1.0025 1.0097 1.0268 1.0365 1.017 1.0437 1.045 1.0442 1.0063 1.0226 1.0116 1.0401 1.0001 1.0027 1.005 1.0468 1.0071 1.0346 1.0343 
1.0327 1.0253 1.044 1.0247 1.0218 1.0426 1.0279 1.0006 1.0372 1.015 1.036 1.0135 1.0285 1.0112 1.0051 1.0418 1.0099 1.0354 1.0275 1.0294 1.0313 1.0013 1.0114 1.0042 1.0096 
1.0396 1.0025 1.0166 1.0167 1.0308 1.0064 1.0141 1.0189 1.0301 1.0356 1.028 1.034 1.0495 1.0353 1.0441 1.0328 1.0324 1.013 1.0281 1.0384 1.0097 1.0394 1.0206 1.0336 1.0232 
1.0224 1.0314 1.0028 1.0451 1.0171 1.0288 1.0411 1.026 1.0348 1.0048 1.0176 1.0144 1.0471 1.0193 1.0337 1.0294 1.0492 1.0216 1.0021 1.019 1.0246 1.0328 1.014 1.0473 1.02 
1.01 1.036 1.0386 1.0072 1.0456 1.0223 1.0441 1.0056 1.0456 1.0238 1.0151 1.0235 1.0401 1.0055 1.0467 1 1.0462 1.0114 1.018 1.0353 1.0462 1.0429 1.0258 1.0347 1.037 
1.0006 1.0166 1.0219 1.0274 1.0301 1.0044 1.0296 1.0111 1.0114 1.031 1.0244 1.038 1.0084 1.0167 1.0072 1.0137 1.0083 1.0117 1.0255 1.0123 1.0072 1.02 1.0389 1.0413 1.009 
1.0479 1.0245 1.0374 1.0223 1.0071 1.0092 1.0028 1.0331 1.0239 1.0249 1.0044 1.0015 1.0225 1.0009 1.0339 1.0266 1.0166 1.0285 1.0041 1.042 1.0405 1.0474 1.0276 1.0497 1.0244 
1.0236 1.0008 1.0485 1.0455 1.0255 1.0176 1.0271 1.0033 1.0362 1.0167 1.0387 1.0117 1.0429 1.0476 1.0323 1.0385 1.0026 1.0022 1.0054 1.0016 1.0422 1.0044 1.0227 1.0409 1.0289 
1.0393 1.0103 1.0267 1.0263 1.0067 1.0166 1.0124 1.0288 1.0233 1.0422 1.0273 1.0135 1.0265 1.0082 1.0495 1.0406 1.047 1.0034 1.0126 1.0389 1.0007 1.0066 1.0081 1.0192 1.0212 
1.0132 1.0266 1.0329 1.0222 1.0434 1.0387 1.0295 1.047 1.0144 1.0302 1.0271 1.0132 1.007 1.0277 1.0081 1.0362 1.0385 1.0237 1.0199 1.0426 1.0203 1.0212 1.0256 1.0263 1.0112 
1.034 1.014 1.0417 1.0401 1.039 1.0101 1.0202 1.0108 1.0331 1.0245 1.0373 1.0346 1.0181 1.0291 1.0197 1.0232 1.0477 1.0199 1.0137 1.0214 1.0151 1.0462 1.0042 1.0315 1.028 
1.0417 1.0376 1.0105 1.0228 1.0044 1.0146 1.0476 1.0346 1.0378 1.0433 1.0496 1.0376 1.0327 1.0235 1.0244 1.0377 1.009 1.0465 1.0448 1.003 1.0017 1.0117 1.0427 1 1.0041 
1.0444 1.0357 1.0123 1.019 1.0347 1.0067 1.0304 1.0355 1.0371 1.0053 1.0479 1.0314 1.0107 1.0426 1.0277 1.0435 1.0093 1.047 1.0263 1.0389 1.0409 1.0408 1.0422 1.0116 1.0237 
1.0248 1.0102 1.0125 1.0396 1.0196 1.016 1.0163 1.0225 1.0284 1.0033 1.0047 1.0395 1.0326 1.0135 1.0415 1.0367 1.0298 1.0098 1.013 1.0217 1.0136 1.0307 1.0439 1.0399 1.0272 
1.0436 1.0058 1.0438 1.0182 1.0489 1.0103 1.0398 1.0277 1.0261 1.0287 1.0048 1.0415 1.002 1.026 1.0318 1.0339 1.0075 1.0028 1.0231 1.0495 1.0032 1.0095 1.0091 1.0385 1.0412 
1.0236 1.0205 1.0147 1.0427 1.0386 1.0092 1.0106 1.0474 1.002 1.0123 1.0015 1.0414 1.0004 1.0428 1.0323 1.0264 1.0319 1.021 1.0101 1.0224 1.0091 1.0097 1.0085 1.0179 1.0273 
1.0483 1.0076 1.0408 1.0229 1.0241 1.0381 1.0178 1.0056 1.0115 1.0182 1.0166 1.0336 1.0148 1.0431 1.0386 1.0174 1.0456 1.0233 1.0346 1.0297 1.0275 1.0235 1.033 1.0057 1.0138 
1.041 1.0461 1.0018 1.0444 1.0147 1.0468 1.021 1.0398 1.0249 1.0414 1.0212 1.0283 1.0111 1.0042 1.0034 1.0183 1.0367 1.037 1.0182 1.0314 1.0267 1.0375 1.0172 1.0208 1.0336 
1.0244 1.0063 1.0122 1.0349 1.034 1.0249 1.0208 1.0173 1.0498 1.0232 1.0437 1.0404 1.0191 1.0179 1.0382 1.0335 1.0282 1.0308 1.0386 1.019 1.0119 1.0027 1.0157 1.0202 1.0194 
1.0414 1.004 1.0123 1.0269 1.0078 1.0345 1.0232 1.0113 1.0214 1.0427 1.0024 1.0136 1.0395 1.0184 1.0327 1.0111 1.0025 1.0429 1.0029 1.0059 1.0236 1.0385 1.0294 1.0289 1.0077 
1.049 1.0027 1.0446 1.0373 1.028 1.0096 1.0338 1.0125 1.0312 1.0067 1.0164 1.0208 1.0145 1.0432 1.0499 1.0495 1.0344 1.0181 1.0188 1.0176 1.0145 1.0251 1.0192 1.0021 1.0239 
1.0182 1.048 1.0189 1.0284 1.0261 1.0058 1.0482 1.0039 1.025 1.0225 1.0397 1.0042 1.0133 1.0315 1.0472 1.0319 1.0154 1.0013 1.0291 1.0277 1.016 1.03 1.0016 1.007 1.0227 
1.0196 1.0254 1.0328 1.0198 1.0106 1.0408 1.0193 1.035 1.0254 1.049 1.0307 1.0477 1.0185 1.0249 1.0444 1.0314 1.0119 1.0336 1.0121 1.0232 1.0448 1.0173 1.0021 1.0465 1.0463 
1.0073 1.0029 1.0245 1.0152 1.0187 1.0269 1.0363 1.025 1.0243 1.0321 1.0327 1.01 1.0474 1.0385 1.0241 1.011 1.0111 1.0034 1.0125 1.0418 1.047 1.0354 1.0164 1.0184 1.0408 
1.0282 1.0294 1.0337 1.0086 1.0114 1.014 1.0127 1.0215 1.0308 1.0423 1.0073 1.0015 1.0073 1.0045 1.014 1.0469 1.01 1.0439 1.0199 1.0107 1.0112 1.0125 1.0007 1.0473 1.0432 
1.0262 1.021 1.0067 1.0189 1.0267 1.0173 1.0051 1.0445 1.0286 1.0163 1.013 1.0261 1.0073 1.0239 1.0129 1.0108 1.0069 1.0057 1.0107 1.0153 1.0288 1.035 1.021 1.0225 1.0242 
1.047 1.0259 1.0174 1.0023 1.0297 1.0406 1.0323 1.0084 1.0164 1.0333 1.0069 1.0384 1.0265 1.0148 1.0113 1.0121 1.0417 1.0056 1.0132 1.0151 1.0269 1.014 1.0343 1.0236 1.0443 
1.0137 1.015 1.0061 1.0254 1.0457 1.0411 1.0083 1.0025 1.025 1.0375 1.0218 1.0493 1.0264 1.0145 1.0194 1.0124 1.0088 1.0154 1.0298 1.0336 1.0066 1.0411 1.0118 1.0099 1.045 
1.0165 1.0084 1.0077 1.0322 1.0478 1.0079 1.0384 1.0144 1.0441 1.0195 1.0194 1.0453 1.0459 1.0487 1.0324 1.0429 1.0486 1.0315 1.007 1.0345 1.0227 1.014 1.0247 1.0057 1.0071 
1.005 1.0154 1.0355 1.0316 1.047 1.0325 1.0495 1.0269 1.0305 1.0485 1.0201 1.0169 1.0467 1.0075 1.0196 1.0403 1.0475 1.0437 1.032 1.0289 1.0313 1.0336 1.0278 1.0053 1.0145 
1.0432 1.0399 1.0213 1.004 1 1.0454 1.0186 1.0204 1.022 1.0314 1.0226 1.0009 1.022 1.0439 1.0087 1.0341 1.0211 1.0247 1.0387 1.0103 1.0256 1.0497 1.0155 1.0244 1.0376 
1.0233 1.0209 1.0134 1.0376 1.0114 1.0354 1.0326 1.0144 1.0388 1.0438 1.0451 1.02 1.0436 1.0365 1.0115 1.0425 1.0155 1.0089 1.0242 1.0487 1.0398 1.0001 1.0173 1.0167 1.0418 
1.0226 1.0368 1.048 1.0082 1.0316 1.0103 1.017 1.0012 1.0379 1.0393 1.0268 1.0318 1.0138 1.027 1.0197 1.0494 1.0288 1.0076 1.0133 1.0188 1.0213 1.0164 1.009 1.0074 1.0279 
1.0318 1.0143 1.0284 1.0161 1.0072 1.0459 1.0117 1.0164 1.0282 1.0109 1.0322 1.0205 1.0443 1.0103 1.0193 1.0079 1.0443 1.0185 1.0369 1.0157 1.011 1.0315 1.0344 1.0033 1.0288 
1.0205 1.0456 1.0338 1.0486 1.0462 1.0483 1.0482 1.0024 1.0211 1.0145 1.0189 1.0371 1.0357 1.0464 1.0034 1.004 1.0322 1.0378 1.0219 1.0413 1.0119 1.0064 1.0208 1.0008 1.0342 
1.031 1.0434 1.0074 1.0079 1.0282 1.0102 1.007 1.0364 1.0394 1.0315 1.0474 1.0021 1.0278 1.0312 1.0057 1.0331 1.0325 1.0207 1.0389 1.0324 1.0027 1.0056 1.0211 1.03 1.0319 
1.0382 1.0185 1.0163 1.0361 1.0287 1.0255 1.0231 1.0091 1.0427 1.0109 1.0032 1.0367 1.0239 1.0308 1.0332 1.0449 1.0493 1.0347 1.0335 1.0499 1.0195 1.002 1.0151 1 1.0076 
1.0203 1.0217 1.0357 1.0302 1.0002 1.0113 1.0009 1.033 1.0222 1.007 1.0232 1.0456 1.0189 1.0425 1.0383 1.0398 1.0456 1.0146 1.0377 1.0075 1.0066 1.0183 1.0133 1.0421 1.0046 
1.0009 1.0438 1.0216 1.039 1.04 1.0215 1.0159 1.0217 1.0123 1.0188 1.0428 1.003 1.03 1.0376 1.0363 1.0245 1.0069 1.0078 1.0439 1.0025 1.0307 1.0065 1.0312 1.0378 1.0357 
1.0303 1.0096 1.0281 1.0264 1.0093 1.0185 1.0338 1.0466 1.0371 1.0274 1.0282 1.0349 1.0076 1.029 1.0322 1.0022 1.0003 1.0281 1.0086 1.0249 1.0253 1.0284 1.0229 1.0119 1.0049 
1.0115 1.0084 1.0305 1.0243 1.0137 1.0164 1.0458 1.0049 1.044 1.0297 1.0468 1.0043 1.0109 1.0445 1.0167 1.0255 1.0463 1.0025 1.0082 1.0292 1.0071 1.0434 1.009 1.0199 1.0258 
1.0067 1.0161 1.023 1.0402 1.0247 1.0108 1.0406 1.0218 1.0129 1.0123 1.046 1.0077 1.0358 1.0472 1.0308 1.0332 1.0097 1.0034 1.0258 1.0219 1.018 1.0158 1.026 1.0153 1.0283 
1.0228 1.0404 1.0307 1.0263 1.0432 1.0154 1.0411 1.0313 1.0279 1.0037 1.0261 1.0286 1.0316 1.0466 1.0366 1.0261 1.0082 1.0252 1.0339 1.0063 1.0352 1.0414 1.0116 1.0074 1.0478 
1.0382 1.031 1.0081 1.0221 1.0008 1.0177 1.0127 1.0458 1.0014 1.0342 1.0003 1.0079 1.0001 1.0144 1.0499 1.0391 1.0232 1.0177 1.0199 1.0488 1.0455 1.0496 1.0023 1.0241 1.0291 
1.0368 1.0371 1.0208 1.0188 1.0256 1.0027 1.0092 1.0123 1.0181 1.0476 1.0064 1.0369 1.0415 1.0306 1.0292 1.0328 1.0488 1.0178 1.0492 1.0248 1.0481 1.0281 1.033 1.0173 1.0398 
1.0325 1.0295 1.0319 1.0236 1.01 1.0277 1.0349 1.0113 1.0399 1.0082 1.0434 1.0103 1.0397 1.0053 1.029 1.0101 1.0484 1.0053 1.0129 1.0135 1.0207 1.0027 1.0149 1.006 1.0265 
1.0057 1.0192 1.0065 1.0384 1.0275 1.0118 1.0479 1.0262 1.0069 1.0484 1.0493 1.0316 1.0372 1.0495 1.0219 1.0323 1.0478 1.0405 1.0327 1.0496 1.0008 1.0021 1.0342 1.0482 1.0254 
1.0054 1.0456 1.0323 1.0002 1.038 1.0343 1.0335 1.0092 1.0307 1.0161 1.0476 1.0182 1.0089 1.041 1.0163 1.007 1.006 1.0101 1.017 1.0293 1.0163 1.0377 1.0074 1.029 1.0031 
1.0018 1.0311 1.0186 1.0057 1.0411 1.0102 1.0391 1.013 1.0424 1.0125 1.0137 1.0187 1.0126 1.0181 1.0341 1.025 1.0153 1.0133 1.032 1.0009 1.0449 1.0442 1.0023 1.0138 1.001 
1.0499 1.0077 1.0354 1.001 1.0073 1.038 1.023 1.0121 1.0238 1.0429 1.0434 1.0322 1.0035 1.0382 1.0288 1.0129 1.0154 1.0129 1.0405 1.0199 1.0387 1.001 1.0198 1.0009 1.0301 
1.0499 1.033 1.0129 1.0035 1.0044 1.0258 1.0025 1.0118 1.0114 1.0401 1.0241 1.03 1.0232 1.04 1.0164 1.0047 1.0287 1.0057 1.0321 1.0461 1.0345 1.0444 1.032 1.0394 1.0253 
1.0166 1.0358 1.0096 1.0201 1.0006 1.0353 1.0071 1.0346 1.014 1.0413 1.0133 1.0443 1.0175 1.0302 1.0412 1.0299 1.0002 1.0003 1.0258 1.0328 1.0123 1.033 1.0179 1.0424 1.016 
1.0161 1.0121 1.0019 1.0462 1.0329 1.0468 1.0329 1.0202 1.0333 1.0405 1.0174 1.0245 1.0428 1.0205 1.0294 1.0323 1.0039 1.0489 1.023 1.0363 1.0385 1.0476 1.0376 1.0423 1.0428 
1.0475 1.001 1.0194 1.0157 1.0453 1.0046 1.0313 1.0294 1.0011 1.0377 1.0386 1.0411 1.0409 1.0489 1.0041 1.0426 1.0469 1.0187 1.0169 1.0064 1.0107 1.0057 1.0131 1.0245 1.0111 
1.0036 1.0241 1.0437 1.0279 1.0366 1.0258 1.0384 1.0468 1.0386 1.0392 1.0031 1.0322 1.0175 1.0414 1.0444 1.0114 1.0318 1.0012 1.0408 1.012 1.041 1.0347 1.0107 1.0005 1.0358 
1.0317 1.0207 1.009 1.0194 1.038 1.024 1.0494 1.0262 1.0445 1.0244 1.0429 1.0368 1.0437 1.0243 1.0081 1.015 1.0411 1.0497 1.0457 1.0375 1.0233 1.0107 1.0011 1.0134 1.0084 
1.0242 1.0414 1.0079 1.0116 1.0382 1.018 1.0034 1.0337 1.023 1.007 1.031 1.0218 1.0004 1.023 1.0394 1.0328 1.0404 1.0441 1.049 1.0254 1.038 1.0145 1 1.0194 1.0183 
1.0092 1.0252 1.0297 1.021 1.0001 1.0349 1.0062 1.0262 1.0278 1.0297 1.014 1.0227 1.0223 1.0456 1.0201 1.0285 1.0174 1.0015 1.0393 1.0217 1.0132 1.0155 1.0456 1.021 1.0239 
1.0188 1.0035 1.0408 1.0017 1.0023 1.0401 1.0104 1.0407 1.0496 1.0305 1.0222 1.0409 1.0344 1.0354 1.04 1.0305 1.037 1.008 1.0392 1.0154 1.0095 1.0221 1.0483 1.0367 1.0307 
1.0254 1.0331 1.0036 1.019 1.0346 1.0269 1.0388 1.0463 1.0275 1.0407 1.0076 1.0236 1.0372 1.0362 1.0491 1.0338 1.0255 1.0079 1.0119 1.0498 1.0084 1.0208 1.0263 1.0492 1.0194 
1.0092 1.048 1.0279 1.0033 1.045 1.0325 1.0154 1.0443 1.0301 1.0337 1.0309 1.0462 1.0347 1.036 1.0359 1.0462 1.0497 1.0263 1.0117 1.0431 1.0211 1.0036 1.0287 1.0206 1.0453 
1.0002 1.0351 1.0093 1.0393 1.0327 1.0095 1.0271 1.0046 1.0002 1.0336 1.0417 1.0036 1.0059 1.037 1.0473 1.0284 1.042 1.0015 1.0021 1.0022 1.0231 1.0498 1.0488 1.023 1.0237 
1.0041 1.0082 1.026 1.0409 1.0198 1.0354 1.0056 1.0454 1.0104 1.0435 1.0212 1.0277 1.0189 1.0004 1.0443 1.0043 1.0219 1.0369 1.0374 1.0293 1.0353 1.0189 1.0208 1.0193 1.024 
1.0417 1.03 1.0287 1.0014 1.0309 1.0465 1.0452 1.0073 1.0349 1.0237 1.0387 1.0471 1.0191 1.0263 1.0432 1.0152 1.0384 1.0345 1.0106 1.01 1.0111 1.0475 1.0452 1.0343 1.0369 
1.0252 1.0088 1.0239 1.0497 1.0005 1.0123 1.0077 1.0032 1.0499 1.0423 1.0154 1.0445 1.0264 1.0149 1.0443 1.0401 1.0222 1.0385 1.0318 1.0077 1.0259 1.038 1.0319 1.0122 1.0056 
1.041 1.0428 1.045 1.0373 1.0332 1.0053 1.0345 1.0345 1.0448 1.0278 1.0443 1.0075 1.0166 1.0081 1.0156 1.0327 1.0205 1.0175 1.0284 1.0421 1.033 1.0378 1.0156 1.0414 1.046 
1.0192 1.0168 1.0197 1.0033 1.0358 1.0355 1.0497 1.0424 1.0351 1.0172 1.0267 1.008 1.0351 1.0442 1.0379 1.0248 1.0232 1.033 1.0053 1.0303 1.0468 1.0103 1.015 1.0073 1.0143 
1.0278 1.0005 1.0019 1.0426 1.0251 1.0171 1.0076 1.0464 1.0488 1.0462 1.0384 1.0448 1.0465 1.0172 1.0061 1.0363 1.0028 1.0127 1.0116 1.0439 1.025 1.0268 1.0273 1.0209 1.0365 
1.0349 1.0074 1.0383 1.0363 1.0111 1.0145 1.0208 1.0247 1.0052 1.0263 1.0404 1.0235 1.0395 1.0336 1.0443 1.0126 1.0449 1.0449 1.0197 1.0054 1.0472 1.0141 1.0232 1.0372 1.009 
1.0383 1.0445 1.0079 1.0013 1.0446 1.0323 1.0054 1.0337 1.0238 1.0129 1.0146 1.0313 1.0406 1.0294 1.004 1.0369 1.0403 1.0287 1.0174 1.0183 1.0484 1.0319 1.0036 1.0285 1.0303 
1.041 1.0205 1.0142 1.0087 1.0036 1.0387 1.0064 1.0313 1.0423 1.0219 1.0466 1.0136 1.004 1.0268 1.013 1.0116 1.0242 1.0107 1.0177 1.0023 1.0135 1.0407 1.0465 1.0266 1.0443 
1.0086 1.0447 1.0442 1.033 1.0239 1.0333 1.0242 1.005 1.0414 1.0278 1.0267 1.0437 1.0321 1.0229 1.0167 1.0359 1.0376 1.0134 1.0278 1.0099 1.0175 1.0111 1.0283 1.0382 1.0154 
1.0243 1.0297 1.0281 1.013 1.0353 1.0241 1.0205 1.0398 1.0486 1.0267 1.022 1.032 1.023 1.0123 1.0009 1.0197 1.0132 1.0422 1.037 1.0022 1.0197 1.0425 1.0397 1.0272 1.0343 
1.0021 1.0053 1.0079 1.0402 1.0376 1.0442 1.0107 1.0171 1.0139 1.0092 1.0123 1.0083 1.0472 1.0332 1.0057 1.0454 1.0394 1.0079 1.0497 1.0312 1.0326 1.0375 1.0482 1.004 1.02 
1.0352 1.0438 1.0119 1.0163 1.0411 1.0313 1.0339 1.0153 1.0265 1.0312 1.0321 1.0482 1.0205 1.027 1.024 1.0435 1.0202 1.0332 1.0371 1.0358 1.0244 1.0193 1.0389 1.0196 1.0313 
1.0288 1.0187 1.0486 1.0165 1.0181 1.0457 1.0388 1.0405 1.0313 1.0384 1.0139 1.0403 1.035 1.0187 1.0065 1.0143 1.0074 1.0497 1.0286 1.0152 1.0163 1.0119 1.0141 1.0061 1.0103 
1.0011 1.036 1.0326 1.0149 1.0184 1.0156 1.0102 1.0076 1.0198 1.0496 1.0054 1.0154 1.0228 1.0183 1.0172 1.0027 1.008 1.0212 1.0104 1.0451 1.0375 1.0362 1.0407 1.0433 1.049 
1.046 1.0154 1.0254 1.0292 1.0194 1.0465 1.0082 1.0458 1.0425 1.0352 1.0253 1.0083 1.016 1.0436 1.004 1.0159 1.0075 1.0415 1.0245 1.0049 1.0188 1.0066 1.0256 1.0335 1.0224 
1.0103 1.0436 1.0439 1.0251 1.009 1.0218 1.04 1.0467 1.0351 1.0495 1.0167 1.033 1.0216 1.0476 1.0207 1.0294 1.0065 1.0013 1.0253 1.004 1.0121 1.0462 1.042 1.0432 1.0315 
1.0246 1.0004 1.0112 1.0281 1.0045 1.0013 1.0311 1.0255 1.0037 1.0339 1.0349 1.0499 1.0159 1.0295 1.0492 1.0203 1.0018 1.0236 1.0032 1.0432 1.0128 1.0223 1.0498 1.0362 1.0385 
1.0412 1.0197 1.0236 1.0257 1.0034 1.0299 1.0214 1.0129 1.0493 1.0107 1.0356 1.0232 1.0213 1.0098 1.0272 1.0202 1.0386 1.0447 1.0022 1.0285 1.0478 1.0082 1.0439 1.0172 1.0111 
1.0121 1.004 1.018 1.0242 1.0058 1.0305 1.0345 1.0198 1.0011 1.0246 1.0333 1.0057 1.0431 1.0268 1.0387 1.0071 1.0232 1.0375 1.0294 1.0005 1.0269 1.0098 1.0131 1.0477 1.0174 
1.036 1.0225 1.049 1.047 1.0178 1.0019 1.0291 1.0324 1.0281 1.0139 1.0467 1.0285 1.0417 1.0281 1.0336 1.0465 1.005 1.027 1.0048 1.0108 1.033 1.019 1.0184 1.0383 1.0235 
1.0004 1.0227 1.0263 1.0338 1.0436 1.0432 1.037 1.0488 1.0205 1.0412 1.0215 1.02 1.0377 1.0361 1.0278 1.0438 1.0077 1.034 1.0248 1.015 1.0297 1.0402 1.0416 1.0468 1.0444 
1.0305 1.0403 1.0143 1.016 1.009 1.017 1.0339 1.0232 1.0188 1.0313 1.0487 1.0213 1.0387 1.0014 1.023 1.0019 1.0021 1.0402 1.0018 1.0204 1.0293 1.0027 1.0339 1.0166 1.0071 
1.0075 1.0117 1.0481 1.0396 1.0199 1.006 1.0063 1.0358 1.0376 1.0183 1.0399 1.0206 1.007 1.0207 1.0184 1.0235 1.0407 1.0042 1.0007 1.0134 1.0422 1.0151 1.0289 1.0104 1.0335 
1.0267 1.0446 1.0411 1.0486 1.0392 1.0143 1.0073 1.0381 1.0125 1.037 1.0133 1.0219 1.0431 1.0435 1.0476 1.0147 1.0319 1.0461 1.0299 1.0438 1.0136 1.0163 1.015 1.0288 1.0121 
1.0112 1.0048 1.0159 1.0162 1.0241 1.0412 1.0413 1.0047 1.0029 1.0195 1.0247 1.0282 1.0342 1.0298 1.0075 1.0143 1.0446 1.0319 1.0324 1.0032 1.0432 1.0431 1.009 1.0346 1.038 
1.0491 1.0335 1.0233 1.0036 1.0251 1.0028 1.0078 1.0469 1.0162 1.0089 1.0487 1.043 1.0236 1.0024 1.0155 1.0331 1.0208 1.0275 1.004 1.0468 1.0166 1.032 1.0333 1.0411 1.0008 
1.0001 1.036 1.0063 1.0499 1.034 1.0024 1.0106 1.0056 1.0432 1.0382 1.0273 1.0059 1.042 1.0121 1.0307 1.0324 1.0287 1.0395 1.028 1.0069 1.0046 1.001 1.0175 1.0368 1.021 
1.0475 1.0485 1.0064 1.0341 1.0289 1.0447 1.0413 1.011 1.0185 1.0362 1.0191 1.0087 1.0237 1.0338 1.0355 1.0303 1.0047 1.0441 1.0366 1.0316 1.0456 1.0228 1.0306 1.047 1.0197 
1.0474 1.0175 1.0448 1.0496 1.01 1.0245 1.0331 1.0169 1.0262 1.019 1.0081 1.0299 1.0188 1.0062 1.0456 1.0129 1.0002 1.0221 1.0279 1.0102 1.0224 1.0368 1.0396 1.0273 1.0404 
1.02 1.0287 1.0185 1.0358 1.0196 1.0226 1.0017 1.0102 1.0286 1.0193 1.0194 1.0132 1.0264 1.0023 1.0324 1.0229 1.0402 1.0045 1.0273 1.0212 1.0138 1.0447 1.032 1.0184 1.0107 
1.0121 1.0395 1.0396 1.0231 1.0373 1.0111 1.0394 1.0093 1.027 1.0104 1.0036 1.0237 1.0318 1.0023 1.0315 1.0137 1.0227 1.0342 1.0206 1.02 1.015 1.0148 1.0152 1.0101 1.0261 
1.0125 1.0049 1.0179 1.0434 1.0232 1.0242 1.007 1.0377 1.0318 1.0129 1.0128 1.0459 1.0194 1.0207 1.0276 1.0384 1.0167 1.0281 1.0259 1.0382 1.0464 1.0097 1.0201 1.0094 1.0343 
1.0278 1.0219 1.041 1.0159 1.0125 1.0155 1.0012 1.039 1.0246 1.0339 1.0374 1.0351 1.0078 1.0333 1.0298 1.0237 1.0258 1.0398 1.0364 1.0197 1.0275 1.0022 1.031 1.0028 1.0063 
1.0244 1.0499 1.0131 1.0265 1.0223 1.0291 1.029 1.0216 1.0335 1.0182 1.0459 1.0346 1.0471 1.0375 1.0337 1.0263 1.0127 1.0399 1.0277 1.019 1.0358 1.0429 1.0247 1.0256 1.0038 
1.04 1.0108 1.029 1.0071 1.0019 1.0034 1.0369 1.0261 1.0085 1.0361 1.0465 1.0145 1.0142 1.0245 1.014 1.0453 1.048 1.0192 1.0073 1.0159 1.0449 1.0357 1.0275 1.0171 1.028 
1.0348 1.0144 1.0107 1.0337 1.0336 1.0316 1.0093 1.0019 1.0459 1.008 1.0167 1.0472 1.0158 1.0331 1.0498 1.0499 1.0032 1.0482 1.0415 1.0458 1.0391 1.0351 1.0329 1.0461 1.0044 
1.0436 1.0293 1.0055 1.0038 1.0444 1.0022 1.0429 1.0022 1.0371 1.0282 1.0383 1.0421 1.0114 1.026 1.008 1.0363 1.0074 1.0022 1.0189 1.0371 1.0101 1.0298 1.0474 1.0375 1.036 
1.0487 1.0111 1.0376 1.0095 1.0071 1.0188 1.0481 1.0358 1.0258 1.0376 1.0201 1.0109 1.0014 1.0435 1.0494 1.0099 1.0317 1.0379 1.0345 1.0274 1.0094 1.0351 1.0207 1.0226 1.0387 
1.0409 1.0037 1.0243 1.0055 1.0186 1.0391 1.0048 1.0315 1.0463 1.0277 1.0141 1.0175 1.0134 1.035 1.0131 1.0138 1.0049 1.0252 1.0326 1.0401 1.049 1.0077 1.0424 1.0152 1 
1.0149 1.0137 1.0266 1.0009 1.0191 1.0361 1.018 1.0469 1.018 1.0073 1.0351 1.0146 1.0398 1.0252 1.0057 1.0395 1.0329 1.017 1.0256 1.0142 1.024 1.0379 1.0253 1.0269 1.0369 
1.0136 1.0024 1.0229 1.009 1.0006 1.0233 1.0374 1.0067 1.0257 1.0335 1.0334 1.0096 1.0404 1.0159 1.0156 1.0289 1.0087 1.0087 1.031 1.0487 1.0354 1.0371 1.0354 1.0196 1.0076 
1.0051 1.0233 1.0318 1.0058 1.0194 1.0221 1.0352 1.0293 1.0379 1.0161 1.0201 1.0373 1.0434 1.0459 1.0461 1.0371 1.0446 1.0317 1.0209 1.011 1.0481 1.0087 1.0279 1.0497 1.0283 
1.0007 1.0098 1.026 1.0226 1.027 1.0275 1.0472 1.038 1.0334 1.0028 1.0456 1.0023 1.0149 1.0196 1.0466 1.0046 1.0201 1.0318 1.0081 1.0209 1.0464 1.0423 1.0468 1.0131 1.0287 
1.0166 1.0298 1.0341 1.0365 1.0227 1.0232 1.0114 1.0473 1.0448 1.048 1.0217 1.0099 1.0085 1.0455 1.0487 1.021 1.0162 1.0425 1.0302 1.032 1.0325 1.0075 1.0492 1.0406 1.0234 
1.009 1.044 1.0324 1.0203 1.0483 1.0042 1.0015 1.0148 1.039 1.0441 1.0119 1.0135 1.0202 1.0074 1.0119 1.0064 1.0352 1.0286 1.009 1.0074 1.03 1.0164 1.0337 1.0289 1.0453 
1.01 1.0259 1.0091 1.0489 1.0039 1.024 1.048 1.0156 1.0016 1.01 1.0215 1.0299 1.0182 1.0414 1.0342 1.0136 1.0447 1.0304 1.0241 1.0232 1.0077 1.0194 1.0054 1.0318 1.0303 
