10
50
810 576 831 565 750 434 66 114 123 625 770 56 123 450 809 892 782 43 851 517 941 738 972 965 698 181 99 54 425 375 123 902 944 414 38 799 965 96 945 368 363 138 264 517 411 232 996 146 542 633 
257 21 81 264 69 244 426 469 92 214 
1.0215 1.0239 1.0206 1.032 1.0294 1.0006 1.0368 1.0255 1.0275 1.0117 
1.0146 1.0224 1.0319 1.0005 1.0425 1.0475 1.0205 1.0366 1.0424 1.0306 
1.0226 1.0173 1.0072 1.0288 1.0427 1.0066 1.0026 1.0128 1.0211 1.0384 
1.0338 1.0471 1.0236 1.0174 1.002 1.0269 1.0438 1.0455 1.0482 1.0161 
1.0478 1.0028 1.0378 1.0298 1.0111 1.032 1.0281 1.0484 1.0118 1.0261 
1.0096 1.0424 1.0471 1.0333 1.0005 1.0453 1.0385 1.0496 1.0453 1.0156 
1.0414 1.0008 1.0417 1.0473 1.0253 1.0216 1.0349 1.0289 1.0019 1.0405 
1.0125 1.0006 1.0091 1.0389 1.0454 1.0118 1.0059 1.0298 1.0463 1.0473 
1.0496 1.0027 1.024 1.0073 1.0218 1.0362 1.027 1.0134 1.0164 1.027 
1.0089 1.0237 1.0364 1.0149 1.0198 1.0385 1.0454 1.01 1.025 1.0441 
1.0049 1.001 1.0411 1.0333 1.0115 1.0355 1.0403 1.0327 1.0118 1.0298 
1.0154 1.0347 1.0379 1.0433 1.0279 1.0442 1.0094 1.0174 1.0347 1.0496 
1.0038 1.0193 1.041 1.0028 1.0446 1.0277 1.031 1.0284 1 1.036 
1.0477 1.0309 1.0469 1.0448 1.0113 1.0356 1.0129 1.0146 1.0453 1.013 
1.0404 1.036 1.0159 1.0353 1.0386 1.0041 1.0104 1.0011 1.0351 1.0403 
1.0264 1.0038 1.0358 1.0402 1.0199 1.0245 1.0275 1.0039 1.0499 1.0386 
1.0202 1.0395 1.0094 1.0232 1.011 1.0073 1.0318 1.0431 1.0257 1.035 
1.0104 1.0486 1.023 1.0472 1.0134 1.0176 1.0181 1.032 1.038 1.0283 
1.017 1.0396 1.0205 1.0204 1.0288 1.0399 1.0173 1.0323 1.0127 1.0031 
1.0097 1.0082 1.0112 1.0437 1.0331 1.0111 1.0304 1.0191 1.0004 1.0055 
1.0168 1.0351 1.0091 1.0112 1.0103 1.0373 1.0123 1.0379 1.024 1.0267 
1.0239 1.0018 1.0461 1.018 1.0437 1.008 1.0269 1.0218 1.032 1.0258 
1.0438 1.0333 1.0362 1.0136 1.0094 1.0282 1.0222 1.0101 1.0471 1.0089 
1.0033 1.0364 1.0108 1.0133 1.0156 1.0283 1.0423 1.0485 1.0289 1.0196 
1.0084 1.0244 1.0317 1.0269 1.0263 1.0269 1.0385 1.0388 1.032 1.0061 
1.0096 1.0108 1.0109 1.0473 1.0328 1.0454 1.0361 1.0058 1.0273 1.0383 
1.03 1.027 1.0354 1.0205 1.0372 1.028 1.0237 1.0264 1.0286 1.0176 
1.0149 1.0235 1.0079 1.0181 1.0486 1.0344 1.0073 1.0158 1.0325 1.0492 
1.0005 1.0126 1.0496 1.0378 1.0467 1.0195 1.0261 1.0113 1.0364 1.0029 
1.0222 1.016 1.0335 1.042 1.0303 1.0226 1.0025 1.044 1.0083 1.0111 
1.0253 1.0064 1.0108 1.0281 1.0068 1.0337 1.0085 1.0074 1.0321 1.0255 
1.0117 1.0165 1.0433 1.0011 1.0218 1.0407 1.0233 1.0459 1.0435 1.0068 
1.0172 1.0256 1.0045 1.0161 1.0118 1.0474 1.0336 1.0289 1.0485 1.0361 
1.0106 1.0403 1.0007 1.045 1.0151 1.0222 1.0272 1.0107 1.0263 1.0084 
1.0326 1.022 1.0277 1.0086 1.0058 1.0382 1.0192 1.0249 1.0321 1.0441 
1.0087 1.0213 1.0359 1.0129 1.0492 1.037 1.0319 1.028 1.026 1.0159 
1.0211 1.0123 1.0293 1.0245 1.0429 1.0118 1.0157 1.0121 1.0193 1.0149 
1.0368 1.0021 1.0141 1.0161 1.044 1.0309 1.0079 1.0234 1.0391 1.0056 
1.0382 1.0497 1.0232 1.028 1.0083 1.0141 1.0278 1.033 1.0301 1.0438 
1.0237 1.0211 1.0439 1.0407 1.0066 1.0496 1.0129 1.03 1.0389 1.0219 
1.0106 1.0022 1.0448 1.0022 1.0209 1.0134 1.0095 1.0327 1.0037 1.0127 
1.0487 1.0433 1.0149 1.0468 1.008 1.0446 1.0044 1.0349 1.0354 1.0074 
1.0125 1.0228 1.0349 1.0223 1.0486 1.0187 1.0347 1.0309 1.0309 1.0409 
1.0194 1.0359 1.0136 1.035 1.0395 1.0282 1.0402 1.0411 1.0083 1.0242 
1.029 1.0025 1.0387 1.0044 1.036 1.0408 1.0153 1.0259 1.002 1.0443 
1.0177 1.0425 1.0009 1.0182 1.0229 1.0419 1.0479 1.0077 1.0297 1.0091 
1.0169 1.0143 1.0041 1.0294 1.045 1.0053 1.0496 1.0022 1.0324 1.048 
1.0129 1.0062 1.0469 1.0152 1.0041 1.0076 1.041 1.0091 1.0364 1.0174 
1.0301 1.0413 1.0207 1.0232 1.0103 1.0013 1.0433 1.0128 1.009 1.0483 
1.0116 1.0311 1.0067 1.008 1.0018 1.0184 1.026 1.0187 1.0081 1.045 
