10
500
7723 6492 8057 8585 5600 5582 800 7224 4922 5819 4380 1961 3612 1475 7606 8030 8352 3434 1961 9887 5612 6451 8578 5269 672 2087 7246 421 9112 6475 1804 7143 6598 73 1430 5043 5386 9327 9918 9292 5569 4207 9703 3776 6642 7286 5252 6937 429 8858 2608 6956 9813 2704 1113 9347 2995 721 7283 3139 9262 3839 3818 7106 7572 6335 2936 9664 1741 820 8665 1131 7740 9544 7952 4915 6957 1934 3146 1311 80 9056 5747 8970 6226 8589 2386 1719 892 2055 2626 2483 9847 3211 5082 8845 8415 8428 3778 1913 1105 8124 2987 9065 3574 1588 2810 2990 1068 5029 3379 1657 6850 6072 6160 3232 3732 4074 1902 4050 7550 9198 6215 8661 5478 8703 2656 6751 4395 3828 5966 9502 6300 7510 3486 6370 3182 2048 3635 4540 2806 7091 7034 6526 8045 4978 7885 4087 4603 587 2327 8076 7774 2254 2924 7070 6372 5005 7408 2061 7592 5814 8092 8577 7631 6695 840 1012 9794 6557 8404 445 1035 8421 8792 6919 3761 9127 880 8897 7887 3347 4848 6974 6980 9674 6496 122 6469 966 1688 1490 3917 3745 9128 6717 4797 7505 7350 1876 8852 6661 917 5434 4431 8652 3920 409 2127 6695 8186 9352 6107 5600 3162 7688 6628 2158 3253 5690 1126 6348 1883 8104 2808 7116 5220 3812 4638 2945 9625 8469 6044 6863 7241 6704 8328 1952 2645 9997 9729 3507 8615 3147 291 9779 1099 9254 1112 4079 7553 7145 9369 6742 856 9407 4638 8411 4495 5785 9685 3686 7393 9103 9286 1699 6438 6632 8642 2897 6903 2691 2237 7159 9924 997 8306 571 8881 2093 1087 7462 4011 9994 5736 1642 5263 7658 810 9738 4876 6163 2548 8971 3451 2544 9649 7856 531 4591 7859 8009 4484 2808 219 7426 7517 4014 1535 4896 3012 3271 8241 3494 1472 128 6661 693 2763 7415 1550 8260 9904 498 1107 6926 9744 8144 6231 6330 8728 2869 8097 7955 5544 5014 5161 7960 3639 6434 4847 3812 4792 2754 6522 6572 3745 8660 6461 3095 4098 5311 6390 5408 7567 8645 9536 9287 4583 9458 9974 9616 924 1689 6235 5411 6515 2077 677 4272 2088 8690 4915 1323 2485 5625 4794 5896 2100 8375 7864 5177 5069 7043 2360 4890 7137 9895 145 5552 5986 6322 1429 8948 5433 8331 6116 3586 6387 2353 3910 3010 3430 5840 1833 5101 2095 5284 5952 9597 4511 6777 2131 1130 3381 6602 4853 4484 9014 5945 1031 1529 6158 414 7460 6567 6001 5355 2819 422 375 2003 2137 7525 5724 6349 9061 4131 1791 2623 7480 6404 6666 734 3726 1905 5382 2723 6210 6622 2585 6729 4571 7311 2108 9297 1903 8037 3062 2925 3998 3445 5974 6925 9562 4720 5756 6219 6697 8260 4963 6176 8446 9850 9734 7732 4581 7278 7682 7559 6984 2763 7075 4108 1715 9665 7384 3934 5157 9595 4257 234 3297 287 6391 9427 9310 8198 5774 3470 
2979 671 1418 3140 4695 1001 2877 1522 549 1503 
1.0413 1.0371 1.0159 1.0453 1.0228 1.027 1.0359 1.0313 1.0136 1.007 
1.0351 1.0085 1.0192 1.0478 1.0197 1.0151 1.0247 1.0271 1.0108 1.0249 
1.0201 1.0291 1.0166 1.0498 1.0021 1.0021 1.0313 1.0138 1.0036 1.0216 
1.0439 1.0352 1.0133 1.034 1.0036 1.0367 1.0271 1.0393 1.0072 1.0328 
1.0476 1.0083 1.0197 1.0287 1.0216 1.0472 1.0229 1.048 1.0142 1.014 
1.0404 1.0046 1.0332 1.005 1.0025 1.0336 1.0465 1.0032 1.0387 1.03 
1.0174 1.02 1.0042 1.0154 1.0165 1.0188 1.0449 1.0498 1.0262 1.0103 
1.0334 1.0333 1.0046 1.0345 1.0132 1.0247 1.0146 1.0037 1.0333 1.0204 
1.04 1.0212 1.0128 1.0329 1.024 1.0357 1.0148 1.0034 1.0362 1.0295 
1.033 1.0058 1.0342 1.0327 1.0291 1.0068 1.0167 1.0286 1.0438 1.0079 
1.0161 1.0177 1.024 1.016 1.0077 1.0047 1.0201 1.026 1.0226 1.0095 
1.0318 1.0046 1.0249 1.0459 1.0252 1.0177 1.0108 1.0048 1.0184 1.0461 
1.036 1.0023 1.0234 1.0166 1.0392 1.0231 1.0203 1.047 1.0437 1.0012 
1.0102 1.0073 1.0143 1.0243 1.0063 1.015 1.0132 1.0423 1.0203 1.0347 
1.0148 1.0227 1.0407 1.0035 1.0249 1.0125 1.0467 1.0331 1.014 1.0079 
1.0492 1.0231 1.0475 1.0432 1.0144 1.0346 1.0124 1.0169 1.0434 1.0085 
1.0334 1.044 1.0066 1.0032 1.0102 1.0317 1.0251 1.0257 1.0377 1.0171 
1.0499 1.0158 1.0088 1.0401 1.019 1.0285 1.0292 1.019 1.0025 1.0494 
1.0416 1.0489 1.0341 1.0303 1.0251 1.0205 1.0432 1.0478 1.0322 1.0285 
1.0315 1.0144 1.005 1.0455 1.0209 1.0241 1.0181 1.0266 1.0123 1.0448 
1.0075 1.0228 1.0205 1.0072 1.0171 1.0133 1.0471 1.0183 1.0139 1.0369 
1.0239 1.003 1.0036 1.0244 1.0102 1.0449 1.0405 1.0032 1.0457 1.0369 
1.0451 1.0038 1.0051 1.0459 1.0377 1.0141 1.0436 1.0178 1.04 1.0079 
1.0372 1.0264 1.0054 1.0034 1.0424 1.0093 1.0235 1.0398 1.0391 1.0197 
1.0112 1.0151 1.0373 1.0231 1.0316 1.0354 1.0324 1.0218 1.0143 1.0371 
1.0372 1.0291 1.0225 1.0314 1.0485 1.0118 1.0171 1.0318 1.0443 1.0217 
1.03 1.0364 1.0365 1.0295 1.0242 1.0496 1.0088 1.0226 1.0069 1.0453 
1.0498 1.0072 1.0101 1.0457 1.025 1.0318 1.0484 1.0256 1.0427 1.0237 
1.0079 1.0347 1.0353 1.0408 1.0273 1.0079 1.0138 1.029 1.012 1.0077 
1.0181 1.0426 1.0367 1.0349 1.0147 1.0172 1.0363 1.0064 1.0118 1.0062 
1.0446 1.0211 1.0015 1.0363 1.036 1.0012 1.0219 1.0206 1.0288 1.0238 
1.0042 1.041 1.0387 1.016 1.0063 1.0081 1.0244 1.0422 1.0437 1.0454 
1.0048 1.0247 1.0126 1.0032 1.0074 1.0382 1.0097 1.034 1.0045 1.0116 
1.0226 1.0461 1.0084 1.0201 1.0039 1.0206 1.0479 1.0247 1.0151 1.024 
1.0121 1.0439 1.0369 1.049 1.0309 1.021 1.0262 1.0365 1.0428 1.0319 
1.0415 1.0367 1.0307 1.0357 1.0279 1.0495 1.0037 1.0163 1.004 1.0322 
1.0444 1.0073 1.0147 1.0176 1.0153 1.0346 1.0073 1.0282 1.0376 1.0093 
1.0175 1.0422 1.0161 1.0389 1.0321 1.0468 1.022 1.0132 1.0163 1.044 
1.0371 1.0329 1.0012 1.0096 1.0117 1.024 1.0432 1.0167 1.0429 1.0011 
1.0439 1.0418 1.0084 1.0091 1.0374 1.0118 1.0304 1.0113 1.0298 1.0046 
1.0073 1.0217 1.0211 1.0222 1.0465 1.0198 1.0414 1.022 1.0023 1.0335 
1.0038 1.0219 1.0332 1.0402 1.0111 1.0289 1.0262 1.0167 1.0364 1.0061 
1.0028 1.0367 1.0167 1.024 1.0322 1.0026 1.0423 1.0395 1.0404 1.0161 
1.0229 1.0302 1.0117 1.006 1.047 1.0464 1.0146 1.0403 1.0072 1.0363 
1.0492 1.0195 1.0414 1.004 1.0018 1.0372 1.0201 1.0138 1.0395 1.0213 
1.0416 1.0152 1.0404 1.0059 1.02 1.0213 1.0076 1.0041 1.0101 1.008 
1.0235 1.0467 1.0095 1.0362 1.046 1.0494 1.0116 1.0006 1.019 1.0088 
1.0161 1.0091 1.0498 1.0324 1.038 1.0138 1.0087 1.0392 1.0177 1.0344 
1.023 1.0117 1.0183 1.0076 1.0071 1.0499 1.0457 1.0036 1.0135 1.0234 
1.024 1.0368 1.0096 1.0163 1.0228 1.0387 1.0118 1.0199 1.0411 1.0298 
1.0339 1.0493 1.012 1.0415 1.0209 1.0374 1.0475 1.0474 1.0178 1.0002 
1.0112 1.049 1.0316 1.0428 1.0286 1.0434 1.0227 1.0254 1.0231 1.0257 
1.0352 1.0471 1.0161 1.0419 1.0467 1.0197 1.0367 1.0313 1.0171 1.0054 
1.0368 1.0288 1.0048 1.0245 1.0363 1.0116 1.0429 1.0161 1.0336 1.0138 
1.0147 1.0398 1.0413 1.0168 1.0034 1.0394 1.0369 1.0449 1.0051 1.021 
1.0257 1.0433 1.0409 1.0125 1.0012 1.0053 1.0276 1.0209 1.0429 1.0154 
1.0335 1.0213 1.0262 1.0278 1.022 1.0057 1.0374 1.0096 1.049 1.0076 
1.0354 1.0449 1.0262 1.0091 1.0433 1.0015 1.013 1.0267 1.0331 1.0077 
1.017 1.0405 1.0108 1.0235 1.036 1.0267 1.0428 1.0287 1.0471 1.0386 
1.0201 1.0204 1.0354 1.0026 1.0386 1.0074 1.0209 1.0262 1.0119 1.0226 
1.0092 1.0444 1.041 1.012 1.0311 1.0483 1.02 1.0246 1.0418 1.0071 
1.0401 1.0166 1.043 1.0232 1.0031 1.0343 1.0051 1.0279 1.0302 1.0064 
1.0376 1.0073 1.0112 1.0066 1.0072 1.0386 1.0331 1.0371 1.035 1.031 
1.0163 1.0227 1.0303 1.0361 1.0176 1.0058 1.0494 1.0092 1.0309 1.0121 
1.0041 1.0029 1.0026 1.0261 1.0426 1.0471 1.0183 1.0482 1.0432 1.0203 
1.0353 1.0257 1.0103 1.0466 1.0265 1.0192 1.0469 1.0153 1.0439 1.0294 
1.0195 1.0273 1.0216 1.0397 1.0451 1.0159 1.0383 1.0331 1.0031 1.0023 
1.0337 1.0481 1.0474 1.0138 1.0179 1.0102 1.013 1.0218 1.036 1.0455 
1.005 1.0125 1.0022 1.0396 1.0176 1.0113 1.0405 1.0007 1.0053 1.0423 
1.0346 1.0162 1.0476 1.0345 1.0394 1.0046 1.0269 1.0137 1.0484 1.0471 
1.0287 1.0071 1.0195 1.0173 1.0295 1.0362 1.0391 1.0319 1.0034 1.026 
1.0497 1.0146 1.0017 1.0131 1.0309 1.048 1.0372 1.0218 1.0147 1.0318 
1.0165 1.0027 1.0446 1.0455 1.0409 1.0336 1.0221 1.0062 1.0283 1.0369 
1.0222 1.0171 1.0144 1.0082 1.0239 1.0125 1.0411 1.0401 1.0183 1.001 
1.0114 1.0202 1.0439 1.0179 1.0313 1.0009 1.0237 1.0394 1.0109 1.0068 
1.0052 1.0174 1.0047 1.0338 1.042 1.0117 1.0158 1.0411 1.036 1.0143 
1.0123 1.0429 1.0402 1.0318 1.0399 1.0286 1.0431 1.0077 1.033 1.0495 
1.0134 1.043 1.0222 1 1.0205 1.0295 1.0214 1.0321 1.005 1.026 
1.0096 1.0109 1.0052 1.0237 1.0205 1.016 1.0442 1.0485 1.0103 1.0354 
1.0151 1.0499 1.0015 1.0326 1.0279 1.0424 1.0101 1.0037 1.0441 1.0314 
1.0356 1.0084 1.0313 1.0031 1.0498 1.0034 1.0384 1.0241 1.0364 1.0362 
1.009 1.0321 1.0186 1.0331 1.0218 1.0181 1.0277 1.0337 1.0244 1.0358 
1.0377 1.0105 1.0271 1.0454 1.0485 1.0144 1.0438 1.0002 1.0208 1.0305 
1.0277 1.0163 1.0161 1.0379 1.0312 1.0426 1.0263 1 1.0311 1.0114 
1.0471 1.0395 1.0414 1.0285 1.0017 1.0419 1.0031 1.0257 1.0469 1.0413 
1.0314 1.0428 1.0218 1.0152 1.0108 1.0338 1.0191 1.0131 1.0219 1.0455 
1.0202 1.0414 1.0124 1.0301 1.0481 1.0025 1.0282 1.0154 1.0051 1.025 
1.0391 1.0017 1.0343 1.0493 1.0377 1.0021 1.0107 1.014 1.0378 1.0262 
1.0048 1.0204 1.0431 1.0084 1.0459 1.0406 1.0421 1.0333 1.0091 1.0074 
1.0485 1.0383 1.0241 1.0346 1.0306 1.0143 1.0188 1.0242 1.0364 1.0452 
1.0347 1.0219 1.0239 1.0402 1.0352 1.0124 1.0388 1.0092 1.0491 1.0116 
1.0288 1.0035 1.0185 1.0261 1.0363 1.0409 1.0273 1.0133 1.0111 1.0127 
1.024 1.0498 1.0392 1.0047 1.0435 1.0395 1.0054 1.0221 1.0183 1.0414 
1.0489 1.025 1.012 1.0232 1.0308 1.0497 1.0006 1.0331 1.0046 1.0222 
1.0152 1.0353 1.0428 1.0264 1.0314 1.0141 1.0171 1.0148 1.0118 1.0447 
1.0485 1.0486 1.0293 1.0396 1.0086 1.0402 1.0107 1.0247 1.0241 1.0343 
1.0232 1 1.0346 1.0374 1.0284 1.0233 1.0226 1.0343 1.011 1.0128 
1.0077 1.0099 1.0024 1.0481 1.0375 1.0378 1.0234 1.0332 1.0475 1.0471 
1.0404 1.0084 1.0492 1.0492 1.0472 1.0029 1 1.0332 1.0333 1.0472 
1.0146 1.0362 1.0168 1.0358 1.0182 1.0076 1.0473 1.025 1.0064 1.0291 
1.003 1.0225 1.0393 1.0304 1.0486 1.0246 1.0113 1.0152 1.0113 1.0166 
1.0346 1.0016 1.0217 1.017 1.0255 1 1.0096 1.0132 1.0097 1.0149 
1.0101 1.0495 1.0458 1.0441 1.0424 1.0418 1.0466 1.0338 1.0266 1.0234 
1.0463 1.0005 1.0272 1.0411 1.0467 1.0112 1.017 1.048 1.0265 1.0174 
1.0147 1.037 1.0185 1.0042 1.0131 1.018 1.0271 1.0215 1.0317 1.044 
1.0359 1.0326 1.0115 1.0091 1.0468 1.0056 1.003 1.0045 1.0226 1.027 
1.0458 1.0187 1.0274 1.0158 1.0402 1.037 1.0063 1.0496 1.0156 1.0173 
1.0328 1.0308 1.0168 1.0482 1.0147 1.0274 1.0433 1.0209 1.0444 1.0348 
1.0351 1.0192 1.0294 1.0066 1.0063 1.0158 1.0413 1.0264 1.0316 1.0142 
1.0013 1.0443 1.0331 1.0299 1.0454 1.0305 1.009 1.0094 1.0164 1.0319 
1.0204 1.0395 1.0009 1.0231 1.0036 1.0236 1.0413 1.0131 1.0126 1.0474 
1.0049 1.0191 1.005 1.0097 1.0435 1.0198 1.0349 1.0478 1.0401 1.036 
1.0477 1.0315 1.0136 1.0322 1.0344 1.0311 1.0366 1.0474 1.003 1.0311 
1.0351 1.0141 1.0058 1.0376 1.0085 1.0198 1.0015 1.0373 1.0418 1.0425 
1.0396 1.0043 1.0075 1.0348 1.0062 1.0367 1.007 1.0245 1.0057 1.0456 
1.0215 1.0256 1.004 1.0439 1.0426 1.0102 1.0173 1.0119 1.0319 1.0042 
1.036 1.0448 1.0423 1.0486 1.0446 1.0426 1.0043 1.0474 1.0165 1.0405 
1.0427 1.0397 1.041 1.0372 1.0077 1.0468 1.0368 1.045 1.0046 1.0427 
1.0487 1.008 1.0243 1.014 1.0135 1.0125 1.0276 1.0103 1.0478 1.0007 
1.0225 1.0196 1.0439 1.0242 1.0205 1.0003 1.0276 1.0246 1.0012 1.0401 
1.0379 1.0043 1.0156 1.0018 1.0052 1.0268 1.0324 1.0242 1.0314 1.0066 
1.0431 1.0392 1.0191 1.0494 1.0086 1.0013 1.0417 1.0222 1.0029 1.0377 
1.0099 1.0306 1.0135 1.0168 1.0299 1.0361 1.0081 1.0303 1.0405 1.0119 
1.0224 1.0405 1.0147 1.0005 1.038 1.0152 1.0386 1.0429 1.0223 1.0174 
1.0313 1.0366 1.0391 1.0181 1.0365 1.0426 1.0412 1.0151 1.0446 1.0314 
1.0126 1.0369 1.0128 1.0273 1.0277 1.0234 1.0267 1.0245 1.0422 1.0427 
1.0439 1.0255 1.0354 1.0186 1.0294 1.0009 1.0168 1.0323 1.0228 1.0133 
1.0287 1.0349 1.011 1.0311 1.0039 1.0065 1.0226 1.0223 1.0369 1.0444 
1.0078 1.0488 1.0494 1.0486 1.0301 1.0016 1.0253 1.0483 1.0005 1.0302 
1.0124 1.0073 1.0435 1.0176 1.0218 1.0486 1.0477 1.0012 1.0307 1.002 
1.0074 1.0049 1.0204 1.009 1.0315 1.0329 1.0054 1.0476 1.0168 1.039 
1.0207 1.0294 1.0037 1.0338 1.0354 1.0261 1.0142 1.0263 1.0104 1.0046 
1.0272 1.0247 1.0145 1.0407 1.0362 1.0063 1.0005 1.0131 1.0218 1.0474 
1.0182 1.039 1.0405 1.0233 1.0337 1.0373 1.007 1.0048 1.0134 1.0239 
1.0305 1.0247 1.0321 1.0144 1.0075 1.0154 1.0414 1.0457 1.0087 1.0362 
1.0481 1.0404 1.0429 1.0193 1.0426 1.0217 1.0242 1.0412 1.0347 1.0221 
1.0303 1.0323 1.0128 1.0045 1.0147 1.0056 1.0422 1.0379 1.0417 1.0404 
1.0003 1.0177 1.0463 1.027 1.0009 1.0287 1.0116 1.0269 1.0173 1.0266 
1.0289 1.0245 1.0438 1.0276 1.013 1.0328 1.0438 1.0289 1.0209 1.0375 
1.0479 1.0202 1.0455 1.049 1.031 1.0222 1.0177 1.0048 1.0068 1.0403 
1.043 1.03 1.0374 1.0006 1.042 1.0019 1.0015 1.0057 1.0076 1.0483 
1.0424 1.0272 1.0114 1.0267 1.0439 1.0498 1.0132 1.0272 1.0206 1.0037 
1.0181 1.0223 1.0046 1.03 1.0389 1.0145 1.0111 1.012 1.0356 1.0087 
1.0095 1.0053 1.028 1.011 1.0287 1.0335 1.0203 1.0209 1.0385 1.0068 
1.0007 1.0332 1.0482 1.0256 1.0416 1.0101 1.0089 1.0414 1.0059 1.0185 
1.0481 1.0068 1.026 1.035 1.0136 1.0283 1.0459 1.0226 1.0244 1.0136 
1.049 1.0442 1.0158 1.0178 1.0275 1.0476 1.0269 1.0039 1.0251 1.0142 
1.0176 1.0012 1.033 1.0124 1.0384 1.0193 1.0225 1.0075 1.04 1.0449 
1.0099 1.0159 1.0069 1.0187 1.0261 1.0462 1.0172 1.0497 1.008 1.0106 
1.0409 1.0324 1.0105 1.0197 1.009 1.0241 1.0251 1.0011 1.0373 1.0082 
1.0222 1.0236 1.0251 1.0356 1.0223 1.0366 1.0261 1.0487 1.0291 1.0101 
1.0291 1.007 1.0005 1.0361 1.0302 1.0357 1.0216 1.046 1.0254 1.0336 
1.0036 1.0233 1.0097 1.0134 1.0439 1.0128 1.0131 1.025 1.0375 1.0098 
1.021 1.0429 1.0255 1.0067 1.0411 1.0184 1.0271 1.0339 1.0466 1.0203 
1.0076 1.021 1.0287 1.0057 1.0395 1.0392 1.0002 1.047 1.0069 1.006 
1.0123 1.0235 1.0407 1.045 1.0057 1.0013 1.0182 1.0326 1.016 1.0257 
1.0453 1.0091 1.0345 1.0434 1.0206 1.0029 1.0371 1.032 1.0355 1.0059 
1.0143 1.01 1.003 1.036 1.0123 1.0235 1.0455 1.0088 1.0082 1.0383 
1.032 1.0097 1.0195 1.0211 1.0141 1.0179 1.0328 1.0034 1.0237 1.0004 
1.0197 1.0359 1.0084 1.0344 1.0206 1.0384 1.0111 1.0401 1.0213 1.0401 
1.0185 1.0278 1.0459 1.0098 1.0244 1.0285 1.0372 1.0007 1.0467 1.0057 
1.0144 1.0342 1.0345 1.0297 1.0257 1.0322 1.0482 1.0038 1.0207 1 
1.0492 1.0495 1.0171 1.0231 1.0469 1.045 1.0404 1.0024 1.049 1.035 
1.0429 1.0177 1.0343 1.0251 1.0374 1.0313 1.0366 1.0414 1.0281 1.0053 
1.0049 1.0142 1.0116 1.0026 1.0272 1.0234 1.0238 1.0407 1.0078 1.0152 
1.0282 1.0071 1.0246 1.0017 1.015 1.0326 1.0138 1.0237 1.0147 1.0496 
1.0311 1.0361 1.0152 1.0375 1.0472 1.0472 1.0338 1.0058 1.0151 1.0491 
1.0275 1.0366 1.0416 1.0193 1.0182 1.0304 1.0177 1.0373 1.0241 1.0379 
1.0069 1.0113 1.0396 1.0176 1.0285 1.0374 1.0109 1.0442 1.0224 1.0305 
1.0364 1.0135 1.0026 1.0342 1.0458 1.01 1.0316 1.0167 1.0088 1.0036 
1.0413 1.0148 1.0114 1.0481 1.008 1.0256 1.0316 1.0246 1.0352 1.003 
1.0011 1.0236 1.0036 1.0284 1.0417 1.0097 1.0144 1.0028 1.0165 1.0122 
1.0155 1.0222 1.0043 1.0437 1 1.0285 1.049 1.0434 1.0182 1.0301 
1.0391 1.0416 1.0107 1.0136 1.0037 1.0282 1.0188 1.0152 1.0253 1.0311 
1.0305 1.0372 1.0432 1.0249 1.0049 1.0267 1.0006 1.0085 1.0003 1.0021 
1.0342 1.0287 1.0496 1.0023 1.0195 1.0131 1.0115 1.0301 1.0105 1.0072 
1.048 1.011 1.0033 1.0257 1.0441 1.006 1.0084 1.0161 1.0186 1.0205 
1.0247 1.0423 1.0493 1.0189 1.0259 1.0466 1.0085 1.0164 1.0347 1.0313 
1.0294 1.0018 1.0303 1.0335 1.0373 1.0053 1.0053 1.0068 1.0436 1.0124 
1.0298 1.0487 1.0449 1.0298 1.0058 1.0351 1.0304 1.0412 1.0045 1.0091 
1.0117 1.0474 1.0079 1.0167 1.0086 1.0191 1.0228 1.0052 1.0417 1.028 
1.0111 1.0119 1.0398 1.0339 1.012 1.0277 1.048 1.032 1.0212 1.0065 
1.0476 1.0372 1.0438 1.023 1.0429 1.0304 1.0071 1.0114 1.0066 1.0304 
1.0273 1.0087 1.0125 1.0221 1.032 1.0286 1.0474 1.0371 1.0377 1.0178 
1.0415 1.0191 1.0031 1.007 1.0409 1.012 1.0238 1.0169 1.0143 1.014 
1.0185 1.0328 1.0497 1.0482 1.0069 1.0397 1.0092 1.011 1.0164 1.0427 
1.0048 1.0432 1.0339 1.0478 1.0418 1.0012 1.003 1.0256 1.0491 1.0413 
1.0219 1.0096 1.0285 1.0477 1.0094 1.009 1.0372 1.0385 1.0045 1.0344 
1.022 1.0297 1.0116 1.0299 1.0177 1.0082 1.0106 1.036 1.0406 1.0358 
1.0452 1.0329 1.0018 1.0148 1.0145 1.0367 1.0304 1.0348 1.0063 1.0446 
1.0459 1.0317 1.0377 1.0371 1.0098 1.0185 1.0313 1.0336 1.0316 1.0277 
1.0032 1.0212 1.0201 1.0042 1.0332 1.031 1.0442 1.0348 1.0141 1.0072 
1.0244 1.0233 1.0112 1.0324 1.0497 1.0119 1.0307 1.0474 1.0424 1.0269 
1.0329 1.0419 1.0376 1.0203 1.0108 1.0306 1.0185 1.0369 1.0224 1.0391 
1.0215 1.033 1.01 1 1.0144 1.0401 1.049 1.0119 1.017 1.0343 
1.0139 1.0064 1.0236 1.0422 1.0075 1.0309 1.0183 1.0206 1.0278 1.0259 
1.048 1.0051 1.0192 1.0399 1.0496 1.0114 1.0119 1.0357 1.0052 1.0315 
1.0154 1.0463 1.0494 1.039 1.0092 1.0437 1.0436 1.04 1.0001 1.0452 
1.0416 1.002 1.024 1.0377 1.0187 1.0351 1.0262 1.0375 1.0494 1.0317 
1.0222 1.0263 1.0313 1.0401 1.0345 1.0307 1.025 1.0411 1.0216 1.022 
1.0498 1.0316 1.0419 1.0029 1.0062 1.0193 1.0189 1.0373 1.0297 1.0036 
1.0034 1.0424 1.0256 1.0415 1.0223 1.0361 1.0162 1.0142 1.0152 1.0042 
1.0292 1.0016 1.0138 1.0105 1.006 1.0373 1.0468 1.049 1.0018 1.0306 
1.0115 1.0172 1.0387 1.04 1.0397 1.0188 1.0274 1.0401 1.0246 1.0163 
1.0047 1.0272 1.0316 1.0348 1.0445 1.0488 1.0241 1.0218 1.0091 1.046 
1.0018 1.0259 1.0195 1.0218 1.0471 1.0181 1.0187 1.0413 1.03 1.0224 
1.0164 1.0435 1.0478 1.0496 1.0451 1.0062 1.0217 1.02 1.0201 1.0185 
1.0028 1.0012 1.0106 1.0114 1.0332 1.0463 1.0421 1.0247 1.0122 1.0156 
1.0007 1.0437 1.0352 1.0401 1.023 1.0461 1.0304 1.0432 1.03 1.001 
1.0069 1.0213 1.0036 1.0249 1.003 1.0361 1.0254 1.034 1.0038 1.0058 
1.0365 1.0176 1.0171 1.0131 1.019 1.03 1.0089 1.0437 1.0139 1.0087 
1.0332 1.0193 1.0007 1.0209 1.0205 1.004 1.0176 1.0131 1.0362 1.0377 
1.0261 1.0155 1.0065 1.009 1.0394 1.009 1.0213 1.0174 1.0192 1.0468 
1.0269 1.0181 1.0269 1.0323 1.0486 1.0312 1.0115 1.004 1.0084 1.0366 
1.0467 1.0062 1.0018 1.0431 1.0018 1.0148 1.0385 1.0409 1.0495 1.0041 
1.024 1.008 1.034 1.0042 1.0061 1.0182 1.025 1.0416 1.0071 1.0191 
1.0225 1.0455 1.0385 1.0345 1.0365 1.0462 1.0158 1.0159 1.0065 1.0276 
1.0409 1.0043 1.0026 1.0038 1.0158 1.0246 1.0067 1.0129 1.0493 1.0399 
1.0362 1.0283 1.0247 1.0418 1.01 1.0401 1.036 1.021 1.0028 1.0076 
1.036 1.0176 1.0217 1.0277 1.0344 1.0095 1.0321 1.0281 1.0046 1.0053 
1.002 1.0492 1.0375 1.0187 1.0346 1.004 1.0177 1.0324 1.0016 1.0498 
1.0385 1.0402 1.0437 1.0141 1.0295 1.031 1.0472 1.0165 1.0088 1.0125 
1.0172 1.0466 1.017 1.001 1.0025 1.0413 1.0166 1.0365 1.0253 1.0355 
1.0151 1.0453 1.0293 1.0374 1.0319 1.0411 1.048 1.0444 1.0406 1.0435 
1.0324 1.0101 1.0209 1.0166 1.0328 1.0482 1.0435 1.0488 1.0186 1.027 
1.0057 1.0003 1.0038 1.0442 1.0004 1.0044 1.0139 1.0349 1.0361 1.0022 
1.0493 1.0114 1.0344 1.0363 1.0098 1.034 1.0136 1.0289 1.0392 1.0209 
1.005 1.0354 1.0247 1.0058 1.0367 1.0172 1.0323 1.0063 1.0163 1.0497 
1.0069 1.0424 1.0444 1.0152 1.0235 1.0139 1.0036 1.0282 1.042 1.0035 
1.0226 1.0355 1.0089 1.0336 1.0442 1.0368 1.0144 1.0352 1.0211 1.0327 
1.0031 1.0489 1.0452 1.0206 1.0177 1.0423 1.029 1.0023 1.023 1.0456 
1.0313 1.0155 1.0317 1.0035 1.0145 1.0273 1.0049 1.0118 1.0083 1.0433 
1.0257 1.0428 1.0087 1.0086 1.0305 1.0458 1.0364 1.0291 1.0276 1.0068 
1.0219 1.0457 1.0291 1.0482 1.0133 1.0158 1.0302 1.0019 1.0196 1.0324 
1.0001 1.0389 1.0426 1.0365 1.0154 1.0282 1.0079 1.0493 1.0486 1.0292 
1.01 1.0356 1.0136 1.022 1.0292 1.013 1.0353 1.0268 1.0476 1.034 
1.0436 1.0152 1.0093 1.0269 1.0286 1.0045 1.0252 1.0154 1.041 1.0209 
1.0062 1.0301 1.0377 1.0246 1.0153 1.0068 1.0208 1.0083 1.0459 1.0172 
1.0032 1.0423 1.0416 1.0151 1.0147 1.0375 1.0445 1.0331 1.0161 1.0405 
1.0475 1.0232 1.0134 1.0274 1.0057 1.0053 1.011 1.0386 1.0378 1.0486 
1.0389 1.0254 1.0119 1.0113 1.024 1.0191 1.0048 1.029 1.0135 1.032 
1.002 1.0027 1.0089 1.0431 1.007 1.0231 1.0209 1.0056 1.0441 1.0194 
1.0374 1.0131 1.0275 1.0494 1.0441 1.0301 1.009 1.0061 1.0273 1.0064 
1.0183 1.0455 1.0191 1.049 1.0427 1.0145 1.0227 1.0311 1.0343 1.0062 
1.0459 1.0382 1.0255 1.0273 1.0075 1.0054 1.0207 1.0087 1.0341 1.0433 
1.02 1.0418 1.035 1.0092 1.016 1.0466 1.0064 1.0408 1.0232 1.0131 
1.0301 1.0297 1.005 1.0476 1.0368 1.0453 1.0268 1.0179 1.0155 1.0047 
1.0375 1.0264 1.0269 1.0196 1.0447 1.025 1.0092 1.0182 1.0378 1.0255 
1.0361 1.0176 1.0167 1.0131 1.0131 1.0289 1.0053 1.0265 1.0241 1.0204 
1.0244 1.0141 1.0136 1.0383 1.02 1.0205 1.0305 1.0414 1.048 1.0154 
1.0322 1.0227 1.0156 1.0053 1.0251 1.0356 1.0137 1.0494 1.0187 1.0292 
1.0276 1.0048 1.022 1.0462 1.0274 1.0122 1.0007 1.0074 1.0287 1.0122 
1.0111 1.0337 1.0214 1.0322 1.0201 1.0279 1.0064 1.0379 1.0216 1.0187 
1.0391 1.0242 1.0478 1.0031 1.0105 1.0164 1.0194 1.0492 1.0157 1.0238 
1.0392 1.0284 1.0233 1.0393 1.0398 1.0166 1.028 1.0142 1.022 1.0455 
1.0102 1.0009 1.011 1.0155 1.0181 1.0371 1.0136 1.0489 1.0411 1.0313 
1.015 1.0014 1.0122 1.0008 1.0354 1.0222 1.0015 1.0109 1.0451 1.0473 
1.0326 1.0374 1.0455 1.0106 1.0292 1.0458 1.0279 1.0206 1.0434 1.0371 
1.0188 1.0023 1.0109 1.0478 1.0238 1.0277 1.005 1.0143 1.0261 1.0209 
1.0452 1.01 1.0256 1.018 1.0352 1.021 1.0093 1.0222 1.0085 1.0481 
1.0436 1.0403 1.0292 1.0488 1.0304 1.0362 1.0065 1.0259 1.0007 1.0196 
1.0275 1.0114 1.0317 1.0491 1.0096 1.0162 1.0131 1.006 1.0177 1.019 
1.0148 1.045 1.004 1.0374 1.0281 1.0169 1.0214 1.0271 1.0361 1.0337 
1.0424 1.0147 1.0471 1.039 1.0193 1.0098 1.0119 1.0275 1.0342 1.0089 
1.013 1.0026 1.01 1.0406 1.0262 1.046 1.0492 1.02 1.0221 1.0097 
1.0477 1.0225 1.0049 1.0382 1.0399 1.0121 1 1.0004 1.04 1.0072 
1.0001 1.0424 1.0279 1.0323 1.0403 1.001 1.0454 1.0379 1.0492 1.0422 
1.0084 1.0319 1.026 1.005 1.0228 1.0479 1.0055 1.0148 1.0097 1.0081 
1.0308 1.0214 1.0354 1.0422 1.0432 1.0255 1.0196 1.0332 1.0327 1.0411 
1.0393 1.0391 1.0305 1.0031 1.0039 1.0234 1.0179 1.0342 1.0226 1.0203 
1.0267 1.0499 1.013 1.0366 1.0073 1.0164 1.004 1.019 1.0016 1.0091 
1.0154 1.0068 1.0489 1.0243 1.0042 1.0083 1.0249 1.0442 1.0435 1.0348 
1.0005 1.0384 1.0434 1.0199 1.0049 1.0022 1 1.0451 1.0349 1.0471 
1.0019 1.0371 1.0236 1.0322 1.0222 1.0456 1.0078 1.043 1.0136 1.0089 
1.0377 1.0019 1.028 1.0469 1.0494 1.0254 1.0258 1.0276 1.0132 1.047 
1.0334 1.0016 1.0109 1.012 1.025 1.0165 1.0225 1.0148 1.0365 1.0054 
1.0024 1.0217 1.0029 1.011 1.0139 1.0095 1.0476 1.0327 1.0185 1.0483 
1.0407 1.0195 1.0354 1.0438 1.0231 1.0208 1.0084 1.0085 1.048 1.0388 
1.0198 1.0185 1.0478 1.0032 1.0013 1.0123 1.0166 1.0348 1.0005 1.0014 
1.021 1.0204 1.0416 1.0404 1.0281 1.0345 1.0201 1.0337 1.0185 1.0099 
1.0299 1.039 1.0306 1.0181 1.0111 1.0317 1.0437 1.0182 1.0424 1.001 
1.0476 1.0075 1.0009 1.0317 1.033 1.0101 1.0492 1.0097 1.0226 1.004 
1.0045 1.0112 1.0057 1.0139 1.0069 1.0288 1.0323 1.039 1.0092 1.0226 
1.0049 1.0398 1.0497 1.0224 1.0236 1.0385 1.0064 1.044 1.0473 1.0402 
1.0204 1.0071 1.0074 1.0385 1.0078 1.0488 1.006 1.0041 1.0118 1.0481 
1.0497 1.0157 1.0485 1.0286 1.0027 1.011 1.0359 1.02 1.0458 1.0027 
1.0201 1.0056 1.0139 1.0398 1.0113 1.0329 1.0466 1.0338 1.0005 1.0443 
1.0281 1.0156 1.0218 1.0353 1.0321 1.0027 1.0438 1.04 1.0408 1.0183 
1.0063 1.0452 1.0107 1.008 1.0109 1.0268 1.0155 1.021 1.003 1.0405 
1.0247 1.0196 1.0365 1.0476 1.0204 1.0351 1.0389 1.0017 1.0447 1 
1.0014 1.0118 1.0482 1.0313 1.0124 1.0335 1.0325 1.0208 1.0496 1.0413 
1.0327 1.0432 1.0295 1.0494 1.0174 1.0116 1.0222 1.0374 1.0379 1.0277 
1.0354 1.0207 1.0041 1.0031 1.0135 1.0486 1.0095 1.0319 1.0324 1.0067 
1.046 1.0028 1.012 1.034 1.0335 1.0248 1.038 1.0075 1.0183 1.0224 
1.0447 1.0437 1.0409 1.0206 1.0187 1.0487 1.0103 1.0465 1.0306 1.0307 
1.0047 1.003 1.0007 1.011 1.0253 1.033 1.0278 1.0009 1.0341 1.0376 
1.0089 1.0068 1.0308 1.0237 1.0029 1.0143 1.0241 1.0453 1.0273 1.0095 
1.0283 1.014 1.0133 1.0071 1.0349 1.0036 1.0405 1.0387 1.0329 1.0328 
1.0099 1.0392 1.038 1.0197 1.0157 1.0122 1.0246 1.0085 1.0048 1.0018 
1.0145 1.0442 1.0386 1.0041 1.0016 1.0103 1.0435 1.0141 1.0275 1.016 
1.0495 1.012 1.0036 1.0374 1.0413 1.0266 1.0055 1.023 1.0182 1.0082 
1.0269 1.0028 1.0479 1.0305 1.0006 1.0319 1.0181 1.0486 1.0213 1.0214 
1.0108 1.0142 1.0084 1.0479 1.0014 1.0276 1.0472 1.0335 1.0476 1.007 
1.0154 1.0218 1.0229 1.0182 1.0147 1.0313 1.0058 1.0291 1.0273 1.0141 
1.0387 1.0499 1.0442 1.0085 1.0348 1.011 1.046 1.0479 1.0177 1.0488 
1.0334 1.0067 1.0374 1.0127 1.0106 1.0265 1.0105 1.0033 1.0479 1.0032 
1.0278 1.0056 1.0197 1.0251 1.0297 1.0245 1.0307 1.0266 1.0094 1.0338 
1.0189 1.02 1.0182 1.0499 1.0046 1.0448 1.0052 1.0222 1.0419 1.0341 
1.0383 1.0342 1.0348 1.0151 1.0441 1.0073 1.0334 1.0119 1.0123 1.0114 
1.0206 1.049 1.0144 1.0306 1.0169 1.0157 1.0386 1.0312 1.0001 1.0243 
1.0224 1.0182 1.0399 1.0383 1.0101 1.0018 1.0145 1.026 1.0121 1.0179 
1.0466 1.0382 1.0401 1.0269 1.0251 1.0207 1.0123 1.0202 1.0301 1.0138 
1.0168 1.0481 1.0308 1.0166 1.0361 1.0451 1.0474 1.0186 1.0444 1.0125 
1.0004 1.0411 1.0136 1.0257 1.0068 1.0443 1.0238 1.0156 1.0488 1.0289 
1.0066 1.0135 1.0058 1.0317 1.0097 1.0261 1.0297 1.033 1.0483 1.0352 
1.0178 1.0032 1.01 1.0443 1.0198 1.0211 1.0167 1.0172 1.0423 1.0397 
1.0287 1.0122 1.0313 1.0099 1.0198 1.0309 1.0107 1.0247 1.0291 1.0053 
1.0187 1.0072 1.0115 1.0099 1.0362 1.0014 1.0237 1.0277 1.0295 1.0348 
1.0498 1.0485 1.0278 1.0292 1.0147 1.0205 1.0348 1.0205 1.0281 1.0305 
1.0201 1.0358 1.0368 1.0284 1.0252 1.0098 1.003 1.0475 1.0034 1.0171 
1.025 1.0316 1.0037 1 1.0211 1.0467 1.0347 1.0046 1.0387 1.0015 
1.028 1.0017 1.0126 1.0411 1.032 1.0447 1.0137 1.0008 1.0217 1.0424 
1.0103 1.0074 1.0167 1.0218 1.0397 1.0059 1.04 1.036 1.0201 1.0047 
1.0234 1.0136 1.0013 1.0058 1.0199 1.0429 1.0248 1.0255 1.0229 1.0368 
1.021 1.0441 1.011 1.0254 1.0276 1.0099 1.0165 1.0075 1.0231 1.0335 
1.0325 1.0269 1.0017 1.025 1.0054 1.0436 1.0223 1.013 1.0094 1.0033 
1.0189 1.0365 1.0041 1.0177 1.0271 1.0127 1.0016 1.0375 1.0065 1.033 
1.0291 1.0444 1.0202 1.0492 1.0401 1.0402 1.0072 1.0064 1.0312 1.0099 
1.0419 1.0168 1.0413 1.0139 1.0087 1.0031 1.0001 1.0017 1.0491 1.0223 
1.0193 1.0194 1.0031 1.0425 1.0159 1.007 1.028 1.0107 1.0161 1.0051 
1.0486 1.0181 1.0029 1.0319 1.0459 1.0108 1.0258 1.0001 1.0123 1.0284 
1.0206 1.0219 1.049 1.0461 1.0317 1.0059 1.0129 1.0231 1.0057 1.0275 
1.0479 1.0224 1.0386 1.031 1.0371 1.011 1.0467 1.0171 1.0432 1.0086 
1.033 1.0364 1.0052 1.0148 1.0045 1.0312 1.0141 1.0196 1.0381 1.002 
1.0447 1.0245 1.0359 1.018 1.0405 1.0436 1.0324 1.0284 1.0407 1.0251 
1.0177 1.034 1.0496 1.033 1.0312 1.0349 1.0142 1.0389 1.0182 1.0417 
1.0415 1.0155 1.0474 1.0347 1.0213 1.0495 1.0344 1.0359 1.0008 1.0206 
1.0421 1.0354 1.0317 1.0164 1.003 1.0073 1.0114 1.025 1.0051 1.0194 
1.0365 1.0379 1.0423 1.0348 1.0487 1.0473 1.0172 1.0136 1.0186 1.0082 
1.0268 1.0483 1.0285 1.0376 1.0069 1.003 1.021 1.0266 1.0113 1.0368 
1.0384 1.0016 1.0359 1.0327 1.0222 1.0269 1.028 1.023 1.0243 1.0134 
1.0101 1.0365 1.0432 1.0254 1.0296 1.0049 1.0459 1.0016 1.0422 1.0226 
1.0369 1.0165 1.022 1.043 1.0394 1.0043 1.0384 1.0303 1.0427 1.0465 
1.0406 1.0096 1.0229 1.0047 1.0394 1.0424 1.006 1.0248 1.0148 1.01 
1.0175 1.0022 1.0371 1.0106 1.0286 1.0406 1.0442 1.0473 1.0251 1.0133 
1.0077 1.0335 1.043 1.0466 1.005 1.0057 1.023 1.0493 1.0407 1.0054 
1.0001 1.0375 1.0419 1.0378 1.0299 1.0187 1.0287 1.0092 1.0485 1.0068 
1.0279 1.0174 1.0429 1.0044 1.0013 1.008 1.0484 1.0213 1.0109 1.0459 
1.0073 1.0462 1.0373 1.0108 1.0396 1.0432 1.0072 1.0012 1.0077 1.0494 
1.0489 1.0061 1.0246 1.0473 1.0025 1.029 1.0182 1.006 1.0321 1.0439 
1.0364 1.0391 1.0457 1.0184 1.0359 1.0409 1.0238 1.0415 1.0103 1.0444 
1.0024 1.0124 1.0392 1.0148 1.0108 1.0116 1.0209 1.0365 1.0039 1.0451 
1.032 1.0085 1.0167 1.0266 1.0464 1.0051 1.0468 1.0025 1.0067 1.0329 
1.0305 1.0002 1.0245 1.0459 1.0141 1.0014 1.0112 1.0025 1.0478 1.0436 
1.0433 1.0183 1.0252 1.0199 1.0116 1.0303 1.0099 1.0359 1.006 1.0219 
1.0117 1.0147 1.0173 1.0311 1.0073 1.0341 1.0401 1.0289 1.0167 1.005 
1.0472 1.0359 1.0035 1.0244 1.0427 1.0101 1.0199 1.0289 1.0472 1.0268 
1.0495 1.0358 1.018 1.0206 1.0265 1.0388 1.0145 1.0043 1.0425 1.0301 
1.0053 1.0267 1.0342 1.0379 1.0454 1.0185 1.029 1.0348 1.0023 1.0486 
1.0415 1.0146 1.0018 1.0483 1.0134 1.0093 1.0356 1.0105 1.0104 1.0212 
1.0019 1.0286 1.0034 1.0093 1.0067 1.0336 1.0442 1.028 1.0015 1.0487 
1.0452 1.0263 1.0312 1.0168 1.0426 1.0007 1.0041 1.0221 1.023 1.0049 
1.0277 1.0064 1.0411 1.0135 1.0158 1.0338 1.0179 1.0101 1.0495 1.027 
1.0272 1.0264 1.0201 1.023 1.0138 1.0482 1.0229 1.0054 1.0071 1.0237 
1.0094 1.0225 1.0036 1.0332 1.0105 1.0472 1.0184 1.0168 1.0148 1.0439 
1.0062 1.0364 1.0022 1.0025 1.0032 1.0155 1.0139 1.0267 1.0109 1.0053 
1.0024 1.0322 1.0222 1.004 1.0298 1.0221 1.0333 1.0328 1.0288 1.0193 
1.0313 1.0134 1.0082 1.0115 1.0362 1.0221 1.0452 1.0077 1.0376 1.0309 
1.0121 1.0061 1.0478 1.0407 1.0104 1.003 1.0489 1.0385 1.0344 1.0345 
1.0317 1.0356 1.0035 1.0103 1.0151 1.0108 1.0386 1.0383 1.0475 1.0059 
1.0311 1.0471 1.0236 1.0224 1.0011 1.0254 1.0334 1.0069 1.0089 1.0236 
1.0171 1.0226 1.0106 1.0345 1.0193 1.0492 1.0118 1.0359 1.0207 1.0354 
1.0223 1.0419 1.0254 1.0419 1.0373 1.031 1.043 1.0152 1.0445 1.0308 
1.0141 1.0067 1.0118 1.0192 1.0083 1.0273 1.0245 1.0438 1.0415 1.048 
1.02 1.0089 1.0305 1.0224 1.031 1.0289 1.0448 1.0322 1.0036 1.0108 
1.0482 1.0329 1.0055 1.0074 1.0129 1.0005 1.006 1.0259 1 1.0133 
1.0216 1.0128 1.0235 1.0405 1.0173 1.005 1.0203 1.0088 1.0248 1.0002 
1.0325 1.045 1.0185 1.0128 1.0261 1.0417 1.0309 1.0087 1.0238 1.0066 
1.0118 1.0064 1.0481 1.0426 1.0488 1.0094 1.0405 1.011 1.0105 1.0385 
1.0049 1.009 1.0073 1.0406 1.038 1.032 1.046 1.0123 1.0387 1.0325 
1.0049 1.002 1.0078 1.044 1.0124 1.0232 1.0092 1.0236 1.0278 1.0476 
1.012 1.0282 1.0036 1.0296 1.0084 1.0306 1.0465 1.0071 1.0375 1.039 
1 1.0478 1.0332 1.0107 1.0225 1.0016 1.0028 1.0489 1.0143 1.0308 
1.0032 1.0417 1.0274 1.003 1.0171 1.0301 1.0118 1.0367 1.0061 1.0418 
1.0459 1.0391 1.0137 1.0265 1.0214 1.0332 1.0241 1.044 1.0032 1.0029 
1.0051 1.0198 1.0114 1.0212 1.0281 1.0045 1.0213 1.0028 1.0085 1.0015 
1.0334 1.0157 1.021 1.0107 1.0421 1.0345 1.0399 1.0117 1.0177 1.0151 
1.0037 1.0249 1.0423 1.0078 1.0127 1.016 1.0488 1.048 1.0377 1.0076 
1.0064 1.0299 1.0004 1.0277 1.0137 1.0116 1.0237 1.0343 1.0139 1.0251 
1.0048 1.043 1.0166 1.0074 1.04 1.0415 1.0244 1.0013 1.0344 1.0097 
1.0299 1.0057 1.0064 1.0056 1.0074 1.0443 1.0179 1.0385 1.0447 1.024 
1.0027 1.0042 1.0037 1.0379 1.0295 1.0067 1.0371 1.0106 1.0448 1.0021 
1.0477 1.0264 1.014 1.0426 1.0413 1.0083 1.0187 1.0478 1.0137 1.0281 
1.0346 1.0144 1.0194 1.0141 1.0057 1.0248 1.0185 1.0435 1.0215 1.0479 
1.0393 1.0196 1.0093 1.0247 1.026 1.0303 1.0311 1.0241 1.0134 1.0182 
1.0266 1.0108 1.0262 1.0117 1.0139 1.016 1.0104 1.0327 1.033 1.0439 
1.0091 1.0207 1.027 1.0126 1.0488 1.0151 1.0108 1.0275 1.0322 1.0238 
1.0339 1.0142 1.0275 1.0015 1.0459 1.0338 1.0103 1.0112 1.0393 1.0058 
1.0464 1 1.0485 1.0479 1.0129 1.0128 1.0081 1.0215 1.0216 1.0072 
1.0266 1.0486 1.0161 1.0045 1.0004 1.0304 1.0092 1.0114 1.0182 1.0136 
1.0154 1.0272 1.0018 1.0075 1.0098 1.029 1.031 1.0312 1.0307 1.0045 
1.0208 1.0046 1.0308 1.0299 1.0276 1.025 1.028 1.005 1.0295 1.0067 
1.0171 1.02 1.0302 1.0424 1.0237 1.0288 1.0459 1.0133 1.0061 1.0483 
1.0419 1.0404 1.0217 1.0192 1.0405 1.0101 1.0008 1.0197 1.0078 1.0475 
1.0444 1.0384 1.0181 1.0322 1.0366 1.0208 1.0481 1.0154 1.0282 1.0443 
1.0097 1.0157 1.0147 1.0179 1.0119 1.0027 1.027 1.0468 1.0072 1.0497 
1.0205 1.0062 1.033 1.0165 1.0076 1.016 1.0015 1.024 1.0371 1.03 
1.0494 1.0145 1.0115 1.0339 1.0492 1.0036 1.0053 1.0207 1.0048 1.0466 
1.0267 1.0335 1.0094 1.0084 1.0462 1.0135 1.0072 1.0458 1.0116 1.0049 
1.0302 1.0441 1.0279 1.0275 1.0104 1.0118 1.0197 1.0302 1.0085 1.0441 
1.0302 1.0014 1.0271 1.0254 1.0358 1.0431 1.038 1.0163 1.0467 1.0164 
1.0102 1.0006 1.0199 1.049 1.0419 1.0412 1.0458 1.0311 1.0194 1.0382 
1.0159 1.0035 1.0134 1.0471 1.0255 1.0166 1.0032 1.0471 1.0042 1.0287 
1.0107 1.0079 1.0328 1.0377 1.0224 1.0008 1.0207 1.038 1.0342 1.0208 
1.0419 1.0299 1.0175 1.0138 1.0142 1.0175 1.0495 1.033 1.0422 1.0034 
1.0353 1.0281 1.0115 1.0397 1.0308 1.049 1.0053 1.0398 1.0119 1.0013 
1.0009 1.0251 1.0168 1.0458 1.0231 1.0275 1.031 1.0393 1.0328 1.041 
1.0397 1.0001 1.0473 1.0451 1.0438 1.0307 1.026 1.0127 1.0235 1.0257 
1.0321 1.0021 1.0128 1.0178 1.0104 1.0344 1.0355 1.0359 1.0041 1.0453 
1.0473 1.0075 1.0028 1.0029 1.0041 1.0347 1.047 1.0253 1.0196 1.0241 
1.0455 1.048 1.0054 1.0405 1.0337 1.0045 1.0204 1 1.0013 1.0354 
1.0342 1.0273 1.0145 1.034 1.0204 1.0446 1.0238 1.0356 1.0099 1.0104 
1.0107 1.0269 1.0341 1.0033 1.0357 1.0267 1.0093 1.0368 1.0221 1.0439 
1.0119 1.0158 1.0187 1.0324 1.0416 1.0141 1.024 1.0465 1.0192 1.0482 
1.0461 1.0332 1.0313 1.0118 1.0025 1.0215 1.0404 1.0463 1.0033 1.0381 
1.0121 1.0212 1.0015 1.0335 1.0416 1.0343 1.0358 1.0307 1.0413 1.0416 
1.0412 1.0081 1.0259 1.0334 1.0151 1.0104 1.0308 1.0391 1.0088 1.0339 
1.0495 1.0131 1.0265 1.0041 1.0132 1.0497 1.0345 1.0453 1.0265 1.0191 
1.007 1.0102 1.0489 1.0027 1.0086 1.0259 1.0493 1.0238 1.049 1.0266 
1.0416 1.0236 1.0347 1.0314 1.0435 1 1.0381 1.0025 1.0077 1.0001 
1.0238 1.0023 1.0149 1.0069 1.0183 1.0464 1.0306 1.0005 1.0437 1.0448 
1.0158 1.0134 1.0259 1.0477 1.033 1.0126 1.0014 1.0072 1.0277 1.003 
1.0045 1.0228 1.0007 1.0042 1.0386 1.0395 1.0375 1.0433 1.0436 1.0027 
1.0364 1.0011 1.0066 1.042 1.0061 1.0264 1.0273 1.0054 1.0172 1.0471 
1.0117 1.005 1.0364 1.0106 1.0114 1.0428 1.0065 1.0048 1.0016 1.0088 
1.0147 1.0341 1.0343 1.0013 1.0113 1.0473 1.0033 1.0128 1.0181 1.022 
1.0244 1.0285 1.0101 1.0119 1.0361 1.0092 1.0048 1.0226 1.0189 1.0036 
1.0017 1.0346 1.0381 1.016 1.0106 1.0201 1.0209 1.0116 1.0101 1.0422 
1.0489 1.0309 1.0124 1.0305 1.0144 1.048 1.0187 1.0097 1.0276 1.0045 
1.0126 1.0029 1.0297 1.0481 1.0439 1.0491 1.0357 1.0413 1.0297 1.0245 
1.0189 1.0331 1.019 1.0046 1.0174 1.003 1.0445 1.0127 1.0222 1.0473 
1.0371 1.0374 1.0275 1.0092 1.0063 1.0133 1.02 1.0422 1.0205 1.0411 
1.0319 1.0458 1.0129 1.0268 1.0223 1.0493 1.0091 1.0183 1.0044 1.0452 
1.0172 1.0493 1.0091 1.0138 1.033 1.0415 1.0458 1.0103 1.0385 1.033 
1.0159 1.0399 1.0367 1.0194 1.024 1.0109 1.0069 1.0385 1.0131 1.0172 
1.0434 1.0106 1.0083 1.0067 1.0476 1.0462 1.0178 1.001 1.0292 1.0213 
1.0356 1.0056 1.0447 1.0344 1.0085 1.0388 1.0298 1.0458 1.011 1.0105 
1.0033 1.0108 1.013 1.0297 1.03 1.0366 1.0122 1.0223 1.0082 1.0094 
1.0193 1.0492 1.0399 1.0499 1.0166 1.0227 1.0167 1.0178 1.0419 1.0152 
1.0303 1.0495 1.0179 1.0035 1.0496 1.0292 1.0153 1.0016 1.0281 1.0374 
1.0491 1.0218 1.021 1.0301 1.0074 1.0308 1.0443 1.0496 1.0219 1.0116 
1.0217 1.0175 1.0135 1.0222 1.0379 1.0404 1.0421 1.0343 1.0271 1.0493 
1.03 1.0311 1.0372 1.0137 1.0344 1.0243 1.0139 1.0104 1.0417 1.0195 
1.0457 1.0023 1.0139 1.0407 1.0339 1.0023 1.0226 1.004 1.0359 1.0194 
1.0202 1.0086 1.0427 1.0285 1.0375 1.0136 1.0483 1.0031 1.0113 1.0011 
1.0068 1.0365 1.0278 1.0114 1.0073 1.0209 1.0202 1.0425 1.0301 1.0397 
1.0256 1.0065 1.0023 1.0498 1.0348 1.0292 1.0485 1.024 1.046 1.0409 
1.0065 1.0191 1.0263 1.0322 1.0411 1.0194 1.0362 1.0008 1.0306 1.0284 
1.0025 1.0143 1.0441 1.0264 1.0106 1.0463 1.0205 1.0409 1.0019 1.0445 
1.0118 1.0294 1.0222 1.027 1.0241 1.0246 1.0088 1.0381 1.0388 1.0191 
1.0479 1.0263 1.0172 1.0452 1.0273 1.04 1.0206 1.0148 1.0413 1.0119 
1.0433 1.0225 1.012 1.0038 1.0219 1.0434 1.0134 1.0188 1.039 1.0396 
1.0274 1.0287 1.0329 1.0499 1.0163 1.0226 1.0091 1.0447 1.0317 1.0265 
1.0159 1.0429 1.0283 1.0222 1.0281 1.0064 1.0322 1.0176 1.0255 1.0043 
1.0406 1.0217 1.0044 1.0348 1.0044 1.035 1.0101 1.0233 1.0316 1.0394 
1.0241 1.0491 1.0395 1.0055 1.0314 1.0261 1.0223 1.0316 1.038 1.0442 
1.0438 1.0158 1.0354 1.0317 1.0008 1.0105 1.0283 1.0347 1.0481 1.0233 
1.0143 1.0013 1.0323 1.009 1.0038 1.0108 1.046 1.0117 1.0428 1.0031 
1.0434 1.0457 1.0125 1.0209 1.033 1.0204 1.0363 1.0138 1.0218 1.0393 
1.0405 1.0498 1.0303 1.0158 1.0134 1.0031 1.0318 1.0041 1.0059 1.0013 
1.0466 1.0205 1.0362 1.0276 1.0242 1.019 1.0108 1.0354 1.0443 1.0232 
1.0447 1.0276 1.0106 1.0184 1.0239 1.0494 1.0403 1.0311 1.0437 1.0236 
1.0224 1.0349 1.0486 1.0079 1.0015 1.0218 1.0335 1.0023 1.0282 1.0126 
1.0317 1.0471 1.005 1.0342 1.0311 1.0324 1.0041 1.0044 1.0237 1.0129 
1.0323 1.0207 1.0315 1.0458 1.0278 1.0192 1.0498 1.045 1.0226 1.034 
1.0107 1.0203 1.0454 1.0312 1.0466 1.0077 1.0092 1.0409 1.0396 1.0058 
1.0494 1.0156 1.0484 1.0288 1.0147 1.0017 1.0298 1.0495 1.0195 1.0381 
1.0129 1.0173 1.0107 1.0174 1.006 1.0151 1.0232 1.003 1.0147 1.0146 
1.0092 1.0339 1.0383 1.0302 1.0414 1.0342 1.0481 1.0277 1.0033 1.0157 
1.047 1.0479 1.0187 1.0199 1.0049 1.0497 1.0158 1.0025 1.0237 1.0139 
1.0316 1.0166 1.0086 1.0119 1.0287 1.0384 1.0153 1.0166 1.0115 1.0016 
1.0382 1.0309 1.0471 1.0244 1.0149 1.0269 1.0481 1.0074 1.0192 1.0194 
1.0054 1.004 1.0044 1.0174 1.0121 1.0362 1.0487 1.0288 1.0431 1.0444 
1.0213 1.0219 1.0275 1.0364 1.0358 1.0061 1.0035 1.0174 1.017 1.02 
1.0103 1.0474 1.0494 1.0095 1.0356 1.0378 1.043 1.0188 1.0364 1.0077 
1.0015 1.0237 1.0087 1.0223 1.0319 1.0308 1.0193 1.015 1.0103 1.0015 
1.0299 1.0272 1.0225 1.0172 1.0082 1.045 1.0025 1.0258 1.0276 1.0072 
1.0097 1.0456 1.0008 1.0466 1.0495 1.0321 1.042 1.0383 1.0158 1.0224 
1.0065 1.0423 1.0121 1.0277 1.0013 1.049 1.0099 1.0392 1.0361 1.0143 
1.0152 1.0262 1.0272 1.0363 1.0407 1.0317 1.0308 1.0363 1.0156 1.0159 
1.0344 1.0154 1.0091 1.045 1.0474 1.0251 1.0458 1.0034 1.0013 1.0321 
1.044 1.028 1.0494 1.0224 1.0011 1.0078 1.039 1.0013 1.0327 1.0214 
1.0187 1.0121 1.0255 1.0003 1.0348 1.0187 1.0035 1.025 1.0125 1.0314 
1.0379 1.011 1.0328 1.0384 1.0187 1.001 1.0441 1.0128 1.0211 1.0407 
1.0009 1.0305 1.0221 1.0108 1.0085 1.0488 1.0172 1.01 1.0067 1.0048 
1.0392 1.0107 1.0025 1.0368 1.0448 1.0144 1.0237 1.03 1.0026 1.0075 
1.0038 1.0216 1.0041 1.0186 1.0264 1.0346 1.0055 1.0009 1.0485 1.0134 
1.0105 1.0342 1.0226 1.0139 1.0424 1.0273 1.0144 1.0335 1.0349 1.0232 
1.0037 1.0006 1.0285 1.0018 1.0137 1.0171 1.013 1.0017 1.0333 1.0452 
1.024 1.0281 1.0113 1.0253 1.0319 1.0355 1.0405 1.0243 1.0043 1.013 
