10
50
96 99 92 90 96 90 92 93 96 93 97 96 100 98 98 99 90 93 91 98 90 91 95 98 98 99 97 90 97 96 95 94 99 99 90 99 92 97 97 92 97 97 95 97 96 95 97 91 95 1 
28 18 15 1 35 9 23 29 6 49 
1.0488 1.0215 1.0008 1.031 1.044 1.0299 1.0497 1.0207 1.0454 1.0304 
1.0237 1.0485 1.0499 1.0292 1.0113 1.0112 1.0182 1.0483 1.0351 1.0129 
1.0137 1.0033 1.01 1.0364 1.0183 1.0357 1.0468 1.021 1.0468 1.0208 
1.0141 1.0232 1.0437 1.0184 1.0499 1.0201 1.0369 1.0083 1.0256 1.0192 
1.014 1.0087 1.0012 1.031 1.032 1.0335 1.0163 1.0115 1.0397 1.0177 
1.0274 1.0134 1.0053 1.0033 1.0378 1.0286 1.0124 1.0234 1.0075 1.0349 
1.0212 1.0484 1.0124 1.0292 1.0004 1.0322 1.0055 1.0413 1.0462 1.0473 
1.0084 1.016 1.0122 1.0053 1.0397 1.0322 1.025 1.0337 1.0417 1.0006 
1.0431 1.0197 1.0005 1.0236 1.0357 1.0099 1.029 1.0398 1.0485 1.0447 
1.0084 1.0092 1.0225 1.0496 1.0355 1.0328 1.0338 1.0342 1.0428 1.0295 
1.0242 1.0037 1.0006 1.0267 1.0053 1.0293 1.0005 1.0146 1.0109 1.0424 
1.0354 1.0465 1.0239 1.0206 1.0209 1.0492 1.0499 1.0175 1.0036 1.0061 
1.0147 1.0118 1.0013 1.0227 1.0212 1.0396 1.0409 1.0341 1.013 1.009 
1.0034 1.0415 1.0286 1.0023 1.0166 1.0344 1.0236 1.0037 1.0416 1.0393 
1.0449 1.0471 1.0344 1.0277 1.0285 1.02 1.009 1.0285 1.0325 1.0118 
1.0168 1.0006 1.0229 1.0008 1.0041 1.0225 1.0036 1.048 1.0216 1.047 
1.0384 1.0247 1.0328 1.0436 1.0204 1.02 1.0023 1.0364 1.0411 1.004 
1.025 1.0004 1.0483 1.0266 1.0141 1.017 1.0345 1.0006 1.0088 1.0256 
1.0107 1.0266 1.0357 1.0178 1.0199 1.0174 1.0155 1.0191 1.049 1.0332 
1.0358 1.0496 1.0417 1.029 1.0467 1.0207 1.0234 1.0246 1.0462 1.0402 
1.0239 1.0426 1.0095 1.0406 1.0314 1.035 1.0086 1.0279 1.0276 1.0322 
1.0379 1.0301 1.0312 1.0176 1.0164 1.0357 1.007 1.0038 1.0312 1.0144 
1.0061 1.018 1.02 1.0143 1.0356 1.0061 1.0147 1.0439 1.0308 1.029 
1.0452 1.0479 1.0118 1.0419 1.0007 1.0284 1.0047 1.0477 1.0175 1.0113 
1.0209 1.0371 1.0142 1.0339 1.0336 1.0121 1.0001 1.0034 1.0129 1.0358 
1.0436 1.0469 1.0397 1.0004 1.0298 1.0202 1.0105 1.0238 1.0032 1.0065 
1.0016 1.0481 1.0079 1.0023 1.0227 1.0271 1.0313 1.0382 1.014 1.0316 
1.0488 1.0319 1.0089 1.0013 1.0259 1.0351 1.0271 1.0283 1.0364 1.0038 
1.0012 1.0184 1.0259 1.0001 1.0074 1.0233 1.0059 1.0214 1.0149 1.0095 
1.0022 1.0041 1.0416 1.0377 1.0052 1.0065 1.0391 1.0138 1.031 1.0467 
1.0055 1.0287 1.0224 1.0222 1.0439 1.0441 1.0148 1.0304 1.0334 1.0368 
1.0441 1.0372 1.0168 1.0474 1.0176 1.0137 1.0133 1.0241 1.0245 1.0018 
1.0015 1.0474 1.0252 1.0346 1.0456 1.0024 1.0466 1.0081 1.0144 1.024 
1.0334 1.0296 1.0376 1.0027 1.0205 1.0018 1.0291 1.0141 1.0465 1.0191 
1.0471 1.0259 1.02 1.0217 1.0016 1.0443 1.0124 1.0064 1.0005 1.0157 
1.0002 1.0166 1.0275 1.0046 1.0132 1.0289 1.0046 1.0145 1.0003 1.0152 
1.0401 1.0326 1.0153 1.0184 1.0149 1.035 1.0405 1.0346 1.0025 1.047 
1.0336 1.0295 1.0293 1.0323 1.0032 1.0356 1.0396 1.021 1.0276 1.0192 
1.005 1.029 1.0295 1.0352 1.035 1.0315 1.0036 1.0361 1.026 1.0484 
1.0229 1.0034 1.005 1.0082 1.0306 1.0436 1.0084 1.029 1.0117 1.0182 
1.0066 1.0116 1.0388 1.0425 1.0101 1.011 1.045 1.0482 1.0121 1.0193 
1.0038 1.0254 1.0093 1.0395 1.028 1.0138 1.0167 1.042 1.0345 1.0383 
1.0365 1.0196 1.0333 1.039 1.0132 1.0189 1.0339 1.0183 1.0317 1.0129 
1.0253 1.0179 1.0113 1.01 1.0252 1.0145 1.0361 1.0151 1.0318 1.0463 
1.0313 1.0407 1.0054 1.0476 1.0117 1.0211 1.0429 1.0264 1.0466 1.0031 
1.0442 1.0198 1.0022 1.0155 1.0087 1.0257 1.0158 1.0464 1.0262 1.001 
1.0446 1.0065 1.038 1.0165 1.0446 1.004 1.0297 1.0042 1.0464 1.0194 
1.0084 1.027 1.0215 1.02 1.0206 1.0106 1.0302 1.0196 1.0333 1.0111 
1.0067 1.0415 1.0145 1.0175 1.0354 1.0448 1.0419 1.0079 1.0488 1.0321 
1.0092 1.0097 1.0197 1.0009 1.0152 1.0071 1.0158 1.0122 1.0359 1.0497 
