5
100
100 96 92 98 98 94 93 99 96 90 92 95 96 100 91 97 96 99 96 91 95 100 99 90 100 98 91 98 99 97 100 94 94 94 97 96 93 90 90 99 90 97 96 93 90 100 97 95 93 95 98 97 93 94 97 94 92 98 93 93 93 90 98 98 99 94 95 95 99 95 91 98 96 97 99 99 91 97 91 90 100 100 94 92 94 100 98 97 98 94 98 96 98 90 91 90 98 95 14 7 
27 34 23 17 35 
1.0393 1.0047 1.0155 1.0228 1.0243 
1.0362 1.0207 1.0004 1.0274 1.0371 
1.0086 1.0279 1.0309 1.0319 1.049 
1.0093 1.0416 1.0274 1.0364 1.0047 
1.0008 1.0463 1.0046 1.045 1.0347 
1.0438 1.0234 1.0431 1.0328 1.0454 
1.0005 1.0184 1.0159 1.048 1.0234 
1.0198 1.0427 1.0256 1.0287 1.0187 
1.0155 1.0483 1.0244 1.0065 1.01 
1.0453 1.0174 1.0448 1.0393 1.0363 
1.0218 1.0261 1.0368 1.0231 1.0463 
1.0208 1.0448 1.0435 1.0105 1.0439 
1.0018 1.0428 1.0407 1.0267 1.0293 
1.0204 1.0322 1.0054 1.0313 1.0201 
1.0222 1.0209 1.011 1.0279 1.0442 
1.0009 1.0484 1.0432 1.0383 1.0457 
1.0402 1.0275 1.043 1.045 1.0449 
1.0123 1.0463 1.0217 1.0026 1 
1.038 1.0072 1.0343 1.0294 1.0045 
1.0107 1.0162 1.0126 1.0475 1.0481 
1.0038 1.0469 1.0192 1.0188 1.041 
1.0064 1.0032 1.0049 1.0371 1.01 
1.0189 1.0471 1.0309 1.0025 1 
1.0465 1.0277 1.0478 1.0361 1.0026 
1.0202 1.0394 1.0202 1.0125 1.0214 
1.0242 1.0173 1.0301 1.0402 1.0173 
1.0175 1.0303 1.0324 1.0129 1.0149 
1.0029 1.0059 1.0088 1.0449 1.0265 
1.0176 1.0061 1.0096 1.0403 1.0448 
1.0416 1.0047 1.0103 1.0194 1.0127 
1.0174 1.0134 1.0291 1.0359 1.0105 
1.0231 1.0087 1.0363 1.0313 1.0005 
1.0274 1.0223 1.0485 1.0251 1.0398 
1.0347 1.0245 1.0399 1.0186 1.0285 
1.025 1.0414 1.0395 1.0323 1.038 
1.0116 1.0311 1.0166 1.0348 1.0031 
1.0388 1.0308 1.0459 1.0138 1.0073 
1.0053 1.0203 1.0197 1.0498 1.0277 
1.0226 1.0362 1.0464 1.0367 1.0088 
1.0465 1.0068 1.0392 1.0136 1.0251 
1.0418 1.0105 1.0147 1.0356 1.0069 
1.0155 1.0016 1.0303 1.0012 1.0474 
1.0032 1.0326 1.0053 1.032 1.0274 
1.0122 1.0453 1.015 1 1.0008 
1.0224 1.0203 1.0408 1.0077 1.0127 
1.0376 1.0021 1.0191 1.0491 1.0365 
1.0249 1.0336 1.0007 1.0146 1.0436 
1.0126 1.0049 1.0227 1.0022 1.0144 
1.0205 1.022 1.0309 1.024 1.0199 
1.0063 1.0111 1.0425 1.0298 1.024 
1.0086 1.0483 1.0425 1.0499 1.0127 
1.0073 1.0304 1.0276 1.0244 1.0115 
1.0294 1.0196 1.0213 1.0352 1.0134 
1.0254 1.0032 1.0401 1.0231 1.0277 
1.0112 1.0146 1.0129 1.0267 1.0279 
1.0092 1.0413 1.0233 1.0004 1.018 
1.0404 1.0162 1.0204 1.0155 1.0035 
1.028 1.0082 1.0371 1.0237 1.027 
1.0264 1.0065 1.0453 1.0115 1.016 
1.0095 1.021 1.0495 1.0205 1.0264 
1.0056 1.0371 1.0311 1.0001 1.0025 
1.0197 1.02 1.0451 1.006 1.0162 
1.0451 1.031 1.0228 1.0435 1.0181 
1.016 1 1.003 1.0015 1.021 
1.0361 1.0278 1.0247 1.0242 1.0025 
1.002 1.0262 1.0118 1.0039 1.038 
1.0145 1.0172 1.0311 1.0143 1.0307 
1.0035 1.022 1.0037 1.0142 1.0452 
1.0082 1.0478 1.0225 1.0496 1.0189 
1.0297 1.027 1.0041 1.0379 1.0101 
1.04 1.0123 1.0005 1.0472 1.0207 
1.0289 1.0073 1.0341 1.0087 1.0461 
1.0086 1.0369 1.0093 1.0024 1.006 
1.0359 1.0095 1.0485 1.0346 1.0032 
1.0067 1.0176 1.0202 1.0177 1.0299 
1.0174 1.0331 1.0199 1.0003 1.0251 
1.0276 1.0142 1.045 1.0398 1.0228 
1.0168 1.0049 1.0456 1.0473 1.0068 
1.0046 1.0223 1.0278 1.0137 1.0445 
1.0093 1.0144 1.0085 1.0337 1.019 
1.0087 1.0408 1.0285 1.0342 1.0217 
1.0319 1.0182 1.0071 1.043 1.0077 
1.0372 1.0149 1.0072 1.0363 1.0345 
1.015 1.0446 1.0435 1.0029 1.0164 
1.045 1.0099 1.0484 1.0029 1.0239 
1.0078 1.0449 1.0023 1.0018 1.0252 
1.0035 1.024 1.0164 1.0038 1.0265 
1.0311 1.0473 1.0297 1.0089 1.0207 
1.0191 1.0279 1.0148 1.0236 1.0226 
1.0149 1.0072 1.018 1.0343 1.0287 
1.0023 1.0211 1.0235 1.0125 1.0249 
1.0258 1.0217 1.0335 1.0008 1.0169 
1.0414 1.032 1.009 1.0251 1.0152 
1.0082 1.0022 1.0082 1.0125 1.0369 
1.0002 1.0091 1.0209 1.0405 1.0297 
1.0115 1.0243 1.0377 1.0285 1.0383 
1.046 1.0493 1.0259 1.0337 1.0372 
1.0402 1.0425 1.0315 1.0425 1.0428 
1.0075 1.0455 1.0341 1.0153 1.021 
1.0096 1.0091 1.0345 1.0266 1.01 
