10
1000
100 93 95 93 100 98 96 94 99 90 98 96 91 91 94 100 100 96 99 92 92 91 100 95 94 99 93 99 95 99 95 96 91 94 97 100 96 90 93 94 94 97 98 95 100 97 92 94 93 91 90 91 98 93 93 94 94 91 92 97 92 97 99 92 94 93 96 91 96 96 93 90 92 91 94 98 99 90 98 97 93 93 96 92 94 98 92 94 90 99 91 92 97 94 99 97 98 96 91 98 90 93 100 96 100 95 92 99 91 91 95 91 100 92 92 98 95 98 97 95 97 92 99 92 95 95 93 96 90 97 99 97 95 96 95 91 92 91 90 96 96 100 91 91 100 96 93 99 97 100 95 97 92 96 93 98 100 90 93 93 93 97 94 95 90 94 94 91 94 100 98 90 93 90 95 95 91 98 93 97 91 99 93 95 97 90 93 99 96 98 90 100 99 97 97 94 90 95 98 90 96 95 98 95 90 91 90 95 97 99 90 94 90 95 99 96 91 99 95 96 97 92 94 98 97 97 93 94 97 98 97 94 97 91 92 91 95 97 93 96 91 94 93 95 97 93 99 97 100 92 91 90 90 96 96 91 96 94 98 91 97 92 95 93 99 97 90 99 90 95 98 95 93 99 91 92 98 97 100 93 99 93 92 98 97 98 93 99 94 96 90 94 99 90 99 98 96 99 98 98 99 91 100 93 98 97 97 100 97 100 99 96 96 92 90 93 99 97 98 100 93 98 95 95 93 95 94 92 91 97 95 94 100 90 95 97 90 91 91 96 99 98 99 92 96 90 94 97 100 92 99 91 93 91 100 91 94 90 91 90 96 92 96 92 98 96 94 97 91 92 91 100 96 97 100 96 93 96 96 100 92 91 94 98 90 99 95 99 91 96 96 100 97 100 97 90 93 98 97 100 92 97 94 98 90 98 96 99 97 98 99 96 93 99 93 100 97 98 93 94 93 100 100 100 97 91 96 97 93 100 98 94 90 91 91 91 99 96 91 96 96 96 98 96 90 91 90 99 98 99 98 100 90 92 92 91 98 99 93 92 99 92 94 95 100 94 99 99 91 96 100 96 94 91 91 90 99 97 91 94 94 99 100 98 95 92 100 92 94 97 94 96 99 90 92 99 96 91 91 95 96 96 100 100 91 96 92 97 91 93 97 98 98 92 96 96 97 95 95 98 96 94 99 91 93 90 92 100 93 90 90 94 91 99 100 99 98 90 98 98 99 94 90 94 99 93 93 98 100 99 96 90 99 99 93 97 98 92 93 90 98 92 90 97 94 99 99 97 95 100 99 97 96 95 94 96 100 97 93 95 100 97 91 91 91 90 92 97 98 91 99 92 96 96 94 90 91 95 91 97 99 92 94 95 93 99 95 97 95 97 93 92 97 91 90 98 95 92 97 96 98 99 97 100 98 92 97 91 93 97 100 98 92 99 96 98 90 99 92 91 95 90 90 99 99 100 95 96 100 96 96 96 92 100 90 98 92 90 91 93 92 92 97 97 98 90 95 95 99 95 90 95 94 99 92 100 97 94 99 90 91 100 99 99 98 92 95 95 99 94 90 97 93 93 90 90 94 94 100 92 96 93 94 99 98 100 96 92 93 99 96 99 97 92 91 97 97 92 91 97 96 99 97 96 96 97 96 94 91 91 91 91 97 95 94 90 94 96 91 93 95 91 96 90 98 97 96 93 93 90 91 100 97 91 91 97 94 97 98 92 92 90 100 98 92 95 95 95 98 97 100 97 92 93 97 99 95 91 95 95 91 100 98 91 99 91 91 95 92 91 95 98 96 93 97 95 96 90 100 96 100 93 99 98 90 93 92 97 93 96 95 97 90 97 99 97 93 91 99 91 91 98 100 99 92 99 98 97 94 93 92 96 98 90 100 91 100 91 97 95 100 99 93 100 93 97 97 95 93 90 91 97 91 91 90 98 92 93 94 90 95 90 96 94 95 97 100 91 93 95 97 96 93 94 96 93 93 90 100 93 91 94 91 90 92 93 99 93 93 99 98 92 91 98 98 96 98 97 90 94 99 98 96 96 96 98 94 97 91 99 97 97 99 98 91 95 96 96 92 90 93 91 98 99 91 90 99 95 93 94 99 100 96 90 90 98 95 97 95 97 90 95 97 91 93 99 93 92 93 93 93 93 97 99 97 97 100 90 94 93 93 90 100 95 96 100 96 100 100 97 91 100 90 99 91 99 97 93 90 90 90 97 99 96 100 91 99 96 91 17 11 20 10 2 2 17 11 12 19 6 
73 82 192 144 172 87 48 113 69 96 
1.0346 1.0065 1.031 1.0279 1.0086 1.0156 1.0304 1.0173 1.0012 1.0137 
1.028 1.012 1.0184 1.049 1.0283 1.0106 1.0194 1.0162 1.0267 1.0241 
1.0355 1.0087 1.0036 1.0493 1.0296 1.0208 1.0043 1.0193 1.0108 1.0124 
1.0439 1.0444 1.0396 1.0314 1.0133 1.0179 1.0434 1.023 1.0213 1.0257 
1.0179 1.0166 1.0285 1.016 1.0005 1.0244 1.0272 1.015 1.0127 1.0139 
1.0368 1.0354 1.0113 1.0003 1.0263 1.0196 1.0251 1.0466 1.0408 1.0074 
1.007 1.0133 1.044 1.0053 1.0139 1.0476 1.0415 1.0152 1.0058 1.0289 
1.0324 1.0127 1.0069 1.0414 1.0268 1.0194 1.0496 1.0233 1.0079 1.015 
1.0092 1.014 1.0339 1.0168 1.0245 1.0445 1.0249 1.0274 1.0341 1.0375 
1.0237 1.0155 1.0266 1.0013 1.017 1.0211 1.0457 1.0358 1.0422 1.0085 
1.0219 1.0478 1.0095 1.0375 1.0132 1.0253 1.007 1.0223 1.0047 1.045 
1.0295 1.0059 1.0265 1.0025 1.0453 1.0488 1.0262 1.0068 1.0451 1.0462 
1.0424 1.0242 1.0495 1.0467 1.0221 1.0081 1.007 1.0288 1.0087 1.0409 
1.02 1.0468 1.0413 1.0233 1.0141 1.004 1.0173 1.023 1.0045 1.0312 
1.0316 1.0106 1.044 1.024 1.0478 1.0099 1.0329 1.0216 1.0143 1.0088 
1.018 1.0371 1.0249 1.0319 1.0421 1.0178 1.023 1.0212 1.0007 1.041 
1.0152 1.0253 1.014 1.0352 1.0372 1.0282 1.0275 1.038 1.0384 1.0266 
1.0088 1.0195 1.0432 1.0438 1.0463 1.0272 1.0111 1.0038 1.0095 1.0322 
1.0141 1.0478 1.048 1.0135 1.0416 1.0463 1.0103 1.0484 1.0291 1.027 
1.0277 1.0147 1.0398 1.0385 1.0411 1.0157 1.0099 1.0339 1.0236 1.0366 
1.0273 1.042 1.0211 1.0333 1.0331 1.0474 1.0239 1.0221 1.0235 1.0157 
1.046 1.0372 1.0476 1.0466 1.0055 1.0333 1.0144 1.0438 1.0441 1.0449 
1.017 1.0181 1.0105 1.0021 1.0383 1.0441 1.026 1.0099 1.0068 1.0415 
1.0192 1.015 1.0003 1.0161 1.0435 1.0359 1.0345 1.0497 1.0072 1.0098 
1.0471 1.0449 1.0175 1.0036 1.0372 1.0339 1.027 1.0457 1.0275 1.0183 
1.0076 1.0469 1.0373 1.0355 1.0105 1.0035 1.0092 1.0234 1.0211 1.0262 
1.0485 1.004 1.0007 1.0136 1.0359 1.0365 1.0055 1.0468 1.0382 1.0083 
1.0462 1.0362 1.0131 1.001 1.034 1.0312 1.0056 1.0374 1.0452 1.0287 
1.0267 1.0243 1.0263 1.004 1.0406 1.0264 1.0128 1.0373 1.0093 1.0484 
1.0368 1.0295 1.0063 1.027 1.0206 1.0176 1.021 1.0279 1.0251 1.0419 
1.0281 1.0334 1.007 1.0459 1.0307 1.0147 1.0296 1.0498 1.0494 1.0138 
1.0358 1.0016 1.0201 1.0337 1.0035 1.0222 1.0246 1.0369 1.0179 1.0203 
1.011 1.0246 1.038 1.0444 1.0018 1.0419 1.0008 1.0338 1.0346 1.0096 
1.0211 1.0306 1.0424 1.0067 1.0251 1.028 1.0283 1.0236 1.023 1.0293 
1.0348 1.0224 1.0403 1.005 1.0009 1.0094 1.0234 1.0408 1.0104 1.019 
1.0196 1.0177 1.0415 1.0289 1.0438 1.0058 1.0301 1.0356 1.0026 1.0371 
1.0107 1.0379 1.0168 1.0356 1.0157 1.0469 1.029 1.0433 1.0194 1.0402 
1.0374 1.0157 1.0091 1.048 1.0431 1.005 1.001 1.0014 1.0286 1.0088 
1.0234 1.0466 1.031 1.0359 1.0471 1.0484 1.0314 1.0281 1.0066 1.0175 
1.0334 1.0041 1.0027 1.0065 1.0434 1.0093 1.0064 1.0174 1.0362 1.0474 
1.0494 1.0069 1.0004 1.0186 1.0163 1.0313 1.0482 1.0052 1.011 1.0004 
1.0355 1.0355 1.0318 1.0033 1.0046 1.0029 1.0327 1.0416 1.0057 1.0126 
1.0039 1.0064 1.0207 1.0493 1.0416 1.0265 1.0095 1.0105 1.0467 1.0378 
1.0143 1.0443 1.0057 1.0104 1.0477 1.0076 1.0471 1.0119 1.0025 1.0149 
1.0367 1.0149 1.0487 1.033 1.0081 1.0449 1.039 1.0219 1.0383 1.0237 
1.0294 1.0435 1.0113 1.0163 1.0038 1.0428 1.028 1.0268 1.0089 1.0152 
1.0225 1.0034 1.0165 1.0061 1.0112 1.0052 1.0156 1.0051 1.0429 1.0319 
1.0187 1.0075 1.0194 1.0368 1.0472 1.0303 1.0483 1.0291 1.0492 1.0141 
1.0159 1.0042 1.0429 1.0386 1.022 1.0403 1.0457 1.042 1.0205 1.0465 
1.0359 1.0218 1.0129 1.0118 1.0461 1.003 1.0006 1.006 1.0254 1.0471 
1.0219 1.0125 1.006 1.0052 1.0355 1.0061 1.0446 1.0096 1.0184 1.0434 
1.0196 1.0224 1.0099 1.0336 1.0447 1.0218 1.0492 1.0044 1.0483 1.0067 
1.0399 1.0157 1.0198 1.0459 1.0012 1.0129 1.0418 1.0271 1.0441 1.0185 
1.0026 1.026 1.0226 1.0272 1.0397 1.0282 1.0002 1.0198 1.0051 1.036 
1.0383 1.0272 1.0273 1.011 1.0426 1.0494 1.0375 1.0038 1.01 1.0031 
1.01 1.0411 1.046 1.0284 1.0172 1.0327 1.0406 1.036 1.0424 1.0153 
1.0235 1.0159 1.004 1.0174 1.0106 1.0021 1.0109 1.0115 1.0139 1.0189 
1.0317 1.0346 1.0017 1.0225 1.0155 1.0392 1.0057 1.03 1.0321 1.0288 
1.0185 1.0404 1.0452 1.0178 1.0298 1.0229 1.0163 1.0374 1.0383 1.009 
1.0492 1.049 1.0329 1.0049 1.014 1.0337 1.0251 1.012 1.0072 1.0454 
1.0157 1.0354 1.0476 1.0176 1.0223 1.047 1.047 1.0147 1.0224 1.018 
1.0402 1.0471 1.0355 1.0458 1.0112 1.0111 1.0251 1.0481 1.0095 1.0217 
1.0446 1.016 1.0329 1.0352 1.0051 1.0135 1.0251 1.0402 1.002 1.0376 
1.0323 1.0079 1.0301 1.0118 1.0374 1.0497 1.0175 1.0475 1.0043 1.0129 
1.0047 1.0232 1.0313 1.0191 1.0026 1.0478 1.0348 1.0098 1.0237 1.0435 
1.047 1.0106 1.0409 1.0433 1.0375 1.0485 1.0313 1.0338 1.0108 1.0423 
1.0315 1.0389 1.0092 1.0289 1.0167 1.0349 1.0173 1.0093 1.0285 1.0231 
1.0321 1.008 1.0034 1.016 1.0294 1.0152 1.0046 1.0307 1.0318 1.0011 
1.0065 1.0396 1.007 1.0322 1.0014 1.0494 1.0159 1.0319 1.0415 1.0182 
1.0455 1.0485 1.0466 1.0212 1.0006 1.0298 1.0239 1.0286 1.0076 1.0044 
1.0435 1.0219 1.0252 1.0455 1.0008 1.0113 1.0433 1.0122 1.0499 1.0314 
1.0416 1.0474 1.0394 1.0307 1.0255 1.0014 1.0046 1.0255 1.0208 1.0337 
1.0276 1.0134 1.0153 1.0273 1.0346 1.0493 1.0418 1.0301 1.0388 1.0077 
1.0296 1.0298 1.0239 1.0246 1.0408 1.0389 1.0451 1.0111 1.0059 1.0469 
1.0044 1.0354 1.0157 1.0023 1.0238 1.0253 1.0427 1.0393 1.0025 1.0383 
1.0442 1.013 1.0401 1.0303 1.0337 1.0105 1.0062 1.0367 1.0078 1.0478 
1.0304 1.0012 1.0159 1.0367 1.0123 1.0109 1.0094 1.0272 1.0461 1.0081 
1.0347 1.0125 1.047 1.0112 1.029 1.0178 1.0263 1.0494 1.0304 1.0306 
1.0402 1.007 1.0246 1.0044 1.0218 1.0169 1.0187 1.0063 1.0192 1.0263 
1.0429 1.0421 1.0329 1.0284 1.004 1.0095 1.0173 1.0127 1.047 1.0403 
1.0223 1.0091 1.0018 1.039 1.0141 1.026 1.0221 1.0407 1.0222 1.0393 
1.0378 1.0363 1.0475 1.0033 1.0127 1.0174 1.0471 1.0387 1.0428 1.0362 
1.0314 1.0096 1.0344 1.0243 1.0428 1.0232 1.0084 1.0194 1.0249 1.0413 
1.0194 1.0102 1.0076 1.0119 1.0066 1.0128 1.0389 1.0225 1.0021 1.0394 
1.0023 1.0026 1.0219 1.0343 1.0434 1.0012 1.0093 1.026 1.006 1.0021 
1.0399 1.0282 1.0282 1.0075 1.0121 1.0198 1.0381 1.0366 1.0021 1.0441 
1.0217 1.0103 1.032 1.0101 1.0214 1.0279 1.0105 1.0303 1.0281 1.0496 
1.0219 1.0271 1.039 1.0075 1.0445 1.0017 1.0012 1.0003 1.0044 1.0294 
1.02 1.0472 1.0448 1.047 1.0378 1.0468 1.0222 1.0063 1.0392 1.0034 
1.0122 1.0442 1.0176 1.032 1.0363 1.0348 1.0411 1.0327 1.0255 1.0176 
1.0123 1.0084 1.0241 1.019 1.0203 1.0357 1.0019 1.0331 1.0445 1.006 
1.0041 1.0216 1.0033 1.0388 1.0199 1.0104 1.0426 1.0262 1.0339 1.0026 
1.0248 1.0065 1.0471 1.0138 1.0461 1.0249 1.0464 1.0043 1.0369 1.0464 
1.0215 1.0409 1.0221 1.049 1.0474 1.0412 1.0425 1.0371 1.0378 1.0256 
1.0168 1.0498 1.0339 1.0414 1.0281 1.0216 1.0161 1.0495 1.022 1.0005 
1.0018 1.0296 1.0394 1.0355 1.0197 1.0338 1.0145 1.0329 1.0493 1.0298 
1.0138 1.0493 1.0193 1.0196 1.012 1.0273 1.0198 1.0251 1.0177 1.0483 
1.0341 1.0132 1.0159 1.0115 1.0427 1.026 1.0289 1.0117 1.0313 1.0019 
1.0322 1.0235 1.0309 1.0223 1.0091 1.0011 1.0239 1.0144 1.0072 1.0025 
1.0216 1.0209 1.0086 1.0359 1.0013 1.0095 1.0368 1.025 1.0426 1.0205 
1.0431 1.0005 1.0468 1.0131 1.0092 1.004 1.0379 1.0343 1.002 1.0122 
1.002 1.0152 1.0498 1.0045 1.0152 1.0181 1.0252 1.0014 1.0349 1.0262 
1.0017 1.036 1.0361 1.0089 1.0275 1.0182 1.0008 1.0232 1.0249 1.0493 
1.0061 1.018 1.0279 1.0086 1.0435 1.0221 1.0416 1.0156 1.0274 1.0429 
1.0328 1.0404 1.0385 1.0435 1.005 1.029 1.0413 1.0452 1.038 1.0483 
1.0056 1.0495 1.0334 1.0311 1.0315 1.0464 1.0079 1.0221 1.0356 1.033 
1.0282 1.0401 1.0167 1.0142 1.0129 1.0086 1.0427 1.0275 1.0315 1.0103 
1.0077 1.0003 1.0147 1.0079 1.0324 1.0006 1.0215 1.0343 1.0426 1.0306 
1.013 1.0447 1.0467 1.0478 1.0037 1.0182 1.0162 1.0276 1.0264 1.0413 
1.048 1.0212 1.0492 1.0326 1.0309 1.043 1.0348 1.0468 1.0207 1.0191 
1.0173 1.0047 1.0186 1.0302 1.0302 1.0366 1.0369 1.0106 1.0036 1.0339 
1.0147 1.0494 1.0009 1.0341 1.0002 1.0413 1.0184 1.0032 1.011 1.0483 
1.0212 1.0029 1.0449 1 1.0372 1.0218 1.0174 1.0367 1.0121 1.0104 
1.0084 1.0238 1.045 1.0477 1.0228 1.0472 1.0237 1.0393 1.0025 1.0039 
1.0491 1.0468 1.0494 1.0179 1.0378 1.0242 1.0125 1.0099 1.0064 1.0213 
1.0368 1.0227 1.0392 1.0286 1.0273 1.0449 1.0183 1.0474 1.0378 1.0031 
1.0217 1.0008 1.0408 1.0249 1.0269 1.0072 1.0455 1.0147 1.048 1.0429 
1.0143 1.021 1.0094 1.0178 1.0085 1.0011 1.0217 1.0366 1.0345 1.0204 
1.044 1.0066 1.0303 1.0362 1.0195 1.0308 1.0379 1.0343 1.016 1.0093 
1.0233 1.0409 1.0093 1.0133 1.0113 1.0422 1.0027 1.0102 1.0048 1.0173 
1.0483 1.0186 1.0155 1.0085 1.0098 1.0442 1.0427 1.0121 1.0394 1.0336 
1.0481 1.0156 1.0343 1.0223 1.0443 1.023 1.0331 1.0322 1.0168 1.0102 
1.0038 1.0021 1.0248 1.0473 1.026 1.0274 1.0407 1.0023 1.0392 1.0327 
1.0417 1.008 1.0245 1.0443 1.0234 1.0234 1.0187 1.0256 1.0225 1.0321 
1.0361 1.0417 1.0398 1.0287 1.0272 1.0107 1.0244 1.035 1.0162 1.0232 
1.0119 1.021 1.0056 1.0034 1.009 1.0143 1.0149 1.0433 1.0076 1.0378 
1.0464 1.03 1.0101 1.0415 1.0191 1.0229 1.0399 1.0323 1.0389 1.0371 
1.0378 1.0139 1.0493 1.028 1.0307 1.0493 1.0232 1.0131 1.0395 1.0189 
1.0137 1.0351 1.0024 1.0483 1.0191 1.0397 1.0088 1.0055 1.0275 1.0182 
1.0222 1.0453 1.0151 1.0329 1.0097 1.0102 1.0097 1.014 1.0214 1.0086 
1.0128 1.0332 1.0446 1.0087 1.0215 1.0006 1.0428 1.027 1.0463 1.0267 
1.0172 1.0237 1.0092 1.0131 1.0487 1.0337 1.0119 1.0434 1.0301 1.0329 
1.0275 1.0074 1.0221 1.0006 1.0024 1.0245 1.0067 1.0121 1.0091 1.0179 
1.0324 1.0354 1.0135 1.0474 1.0417 1.0089 1.0375 1.0046 1.0293 1.0142 
1.0477 1.0206 1.0117 1.0393 1.0215 1.0395 1.0157 1.0252 1.0324 1.0456 
1.0413 1.0497 1.0405 1.0497 1.0491 1.0399 1.0464 1.0173 1.0366 1.0328 
1.0189 1.0062 1.0112 1.029 1.0111 1.0354 1.0476 1.0322 1.0405 1.0029 
1.0247 1.0306 1.0218 1.0236 1.0168 1.0273 1.0314 1.0412 1.0225 1.0077 
1.049 1.0067 1.0072 1.0344 1.0273 1.0282 1.007 1.0323 1.0087 1.026 
1.0011 1.0099 1.0258 1.0074 1.0346 1.0124 1.0224 1.0356 1.0466 1.0176 
1.0089 1.0454 1.0213 1.0484 1.0437 1.0366 1.042 1.0477 1.0352 1.0053 
1.0195 1.0222 1.0072 1.0129 1.0087 1.01 1.041 1.0402 1.0233 1.0338 
1.0477 1.0411 1.0213 1.0258 1.002 1.0443 1.0034 1.0219 1.0182 1.0351 
1.0159 1.0224 1.0402 1.023 1.0123 1.0233 1.0088 1.0396 1.0434 1.0285 
1.0342 1.0135 1.0152 1.02 1.0227 1.006 1.0229 1.0214 1.0398 1.0432 
1.0337 1.0264 1.0186 1.0286 1.038 1.0309 1.0117 1.0036 1.0033 1.0467 
1.0161 1.0272 1.0292 1.0255 1.0334 1.0173 1.049 1.0478 1.0357 1.0381 
1.0196 1.0461 1.022 1.0078 1.0187 1.032 1.0383 1 1.0162 1.0083 
1.0471 1.0161 1.0317 1.0093 1.0341 1.0104 1.0044 1.0008 1.0242 1.013 
1.0475 1.0164 1.0304 1.027 1.026 1.0307 1.0331 1.0238 1.0369 1.0241 
1.0473 1.0438 1.0356 1.0486 1.0274 1.0477 1.0472 1.0025 1.0204 1.0186 
1.0247 1.0085 1.0486 1.0249 1.0349 1.0113 1.0468 1.0377 1.047 1.0291 
1.001 1.0104 1.0302 1.0098 1.0296 1.0057 1.0352 1.0334 1.0158 1.029 
1.0164 1.0308 1.0095 1.0171 1.049 1.0018 1.0144 1.0337 1.0492 1.009 
1.0358 1.0037 1.0003 1.0014 1.0115 1.0227 1.0493 1.0176 1.0165 1.0303 
1.0081 1.0311 1.0123 1.0051 1.004 1.0497 1.0289 1.0371 1.0354 1.027 
1.0198 1.0332 1.0252 1.0366 1.0193 1.0206 1.0369 1.047 1.0089 1.0265 
1.0042 1.0089 1.0248 1.007 1.0182 1.018 1.0222 1.0303 1.005 1.027 
1.0465 1.0207 1.0229 1.047 1.0399 1.0435 1.0488 1.035 1.0171 1.047 
1.0448 1.0001 1.0493 1.0009 1.0392 1.0434 1.0397 1.0002 1.0193 1.0167 
1.0258 1.0045 1.0426 1.0461 1.0248 1.0057 1.0393 1.0345 1.0486 1.0094 
1.0167 1.0411 1.0403 1.0372 1.0463 1.0317 1.0279 1.0323 1.0258 1.0011 
1.0334 1.0102 1.0205 1.0394 1.0397 1.0372 1.0352 1.0098 1.0416 1.0197 
1.0322 1.0451 1.0383 1.0139 1.0065 1.0477 1 1.0257 1.0243 1.018 
1.0476 1.0356 1.0268 1.002 1.0289 1.0367 1.0222 1.0153 1.0091 1.0263 
1.0007 1.0169 1.0406 1.0344 1.0466 1.0496 1.0156 1.0114 1.0481 1.0273 
1.039 1.0028 1.0081 1.0312 1.0352 1.0109 1.0118 1.0475 1.0117 1.0259 
1.0232 1.0377 1.0112 1.0216 1.009 1.0275 1.0397 1.0291 1.0178 1.0261 
1.0247 1.0408 1.0202 1.0345 1.0018 1.0491 1.0426 1.0341 1.0132 1.0371 
1.0402 1.0475 1.0463 1.0218 1.0452 1.0256 1.0405 1.0427 1.0361 1.0426 
1.0482 1.037 1.0289 1.0075 1.0202 1.0479 1.018 1.0262 1.0241 1.0262 
1.0396 1.03 1.0047 1.0282 1.0391 1.0389 1.0003 1.0169 1.0245 1.0408 
1.0077 1.0346 1.0319 1.0052 1.0283 1.0284 1.035 1.0473 1.0133 1.0242 
1.0346 1.033 1.0217 1.0459 1.0268 1.0328 1.0406 1.0357 1.0398 1.0359 
1.0335 1.0192 1.0135 1.0488 1.0142 1.0352 1.0399 1.0254 1.0001 1.0487 
1.0476 1.0161 1.0061 1.0456 1.0248 1.0184 1.0233 1.0497 1.0112 1.0366 
1.0018 1.0074 1.017 1.0287 1.014 1.0418 1.0224 1.0243 1.0003 1.0433 
1.0381 1.0048 1.0199 1.0482 1.0047 1.0452 1.0073 1.0227 1.0361 1.0457 
1.0352 1.0083 1.0169 1.0476 1.0074 1.0256 1.0482 1.0151 1.0202 1.0422 
1.024 1.0055 1.0122 1.0082 1.0008 1.0033 1.038 1.0394 1.0402 1.0036 
1.0395 1.0431 1.0344 1.0139 1.0323 1.0324 1.0053 1.0267 1 1.0155 
1.0457 1.0381 1.0131 1.0117 1.0002 1.0249 1.0426 1.0407 1.0392 1.0297 
1.0314 1.0146 1.0233 1.0375 1.0434 1.0334 1.0081 1.0332 1.0497 1.0059 
1.0176 1.0444 1.0332 1.002 1.0047 1.0046 1.0197 1.0201 1.0392 1.0031 
1.0399 1.0022 1.0448 1.0473 1.0188 1.0273 1.0079 1.0056 1.0079 1.028 
1.0359 1.0066 1.0161 1.0246 1.0448 1.0344 1.049 1.0344 1.0384 1.0317 
1.0323 1.011 1.0149 1.0417 1.0223 1.024 1.0063 1.0476 1.0319 1.0086 
1.0304 1.0483 1.0438 1.0127 1.0369 1.0015 1.0337 1.0293 1.0199 1.019 
1.0082 1.0084 1.0145 1.0003 1.0107 1.0358 1.0204 1.0229 1.0249 1.019 
1.0029 1.0414 1.0462 1.0035 1.0317 1.0088 1.0292 1.027 1.0007 1.0273 
1.0383 1.0474 1.0457 1.0115 1.0332 1.044 1.0336 1.0386 1.0399 1.0144 
1.0358 1.0121 1.0138 1.0239 1.0256 1.0446 1.0251 1.0373 1.0481 1.0478 
1.0024 1.0164 1.0136 1.042 1.0181 1.0309 1.0141 1.0305 1.0418 1.0431 
1.0075 1.0076 1.0394 1.019 1.018 1.0099 1.0223 1.0002 1.001 1.0298 
1.043 1.008 1.0212 1.011 1.0037 1 1.0276 1.0372 1.0431 1.0243 
1.0455 1.0255 1.048 1.0163 1.037 1 1.0057 1.0237 1.024 1.0169 
1.0335 1.0254 1.0472 1.0127 1.0019 1.001 1.046 1.0359 1.0333 1.01 
1.0093 1.0027 1.0257 1.015 1.0346 1.0294 1.0453 1.0335 1.0331 1.0054 
1.0217 1.0374 1.0499 1.0477 1.0167 1.0026 1.001 1.0076 1.0134 1.011 
1.0162 1.0422 1.0161 1.0072 1.0248 1.0265 1.0004 1.0037 1.0018 1.0268 
1.0275 1.0359 1.0104 1.0217 1.0374 1.0389 1.0003 1.0327 1.0415 1.0049 
1.0131 1.0094 1.0186 1.0263 1.0108 1.047 1.0221 1.0198 1.0076 1.021 
1.046 1.0209 1.0152 1.033 1.0333 1.0196 1.0002 1.0162 1.0255 1.0095 
1.0464 1.0108 1.0476 1.031 1.0136 1.0344 1.0115 1.0393 1.0427 1.0279 
1.0339 1.039 1.0392 1.0234 1.0417 1.0133 1.0279 1.0011 1.0436 1.0299 
1.0169 1.0292 1.0319 1.041 1.0345 1.0067 1.0443 1.0043 1.0103 1.0323 
1.0489 1.0105 1.034 1.0452 1.0058 1.0394 1.0295 1.0216 1.0481 1.0284 
1.0451 1.0236 1.0225 1.0477 1.0408 1.0241 1.046 1.0262 1.013 1.0164 
1.0455 1.0088 1.02 1.0048 1.023 1.0076 1.0109 1.0063 1.0202 1.0205 
1.0041 1.0046 1.0354 1.0439 1.015 1.0285 1.0455 1.019 1.0032 1.0437 
1.0244 1.04 1.0174 1.02 1.046 1.0339 1.0325 1.025 1.0097 1.0418 
1.0247 1.0102 1.0273 1.0234 1.0393 1.0265 1.0183 1.0328 1.0473 1.0192 
1.0444 1.0145 1.0275 1.0036 1.0306 1.0296 1.002 1.0037 1.0492 1.0456 
1.0307 1.0016 1.018 1.0409 1.0284 1.0154 1.0054 1.0412 1.0258 1.0231 
1.0153 1.0198 1.0374 1.0051 1.0275 1.0276 1.0248 1.0099 1.0472 1.0345 
1.0356 1.028 1.0083 1.0004 1.0417 1.0293 1.0232 1.0097 1.008 1.043 
1.0345 1.0281 1.0197 1.0255 1.0032 1.0236 1.0238 1.0029 1.0401 1.0003 
1.0172 1.0251 1.0384 1.0418 1.0181 1.0153 1.0197 1.0431 1.0078 1.0037 
1.0094 1.0296 1.041 1.0134 1.0424 1.0293 1.0284 1.0418 1.0294 1.0322 
1.0314 1.029 1.0078 1.0239 1.0017 1.0291 1.0049 1.0061 1.0115 1.0243 
1.0446 1.0364 1.011 1.0174 1.0318 1.0185 1.0038 1.0262 1.0162 1.0055 
1.0274 1.0133 1.028 1.0408 1.0448 1.0242 1.0159 1.0433 1.0307 1.0073 
1.0386 1.0242 1.0436 1.0467 1.0107 1.0238 1.0199 1.0129 1.0216 1.0391 
1.0191 1.0123 1.0325 1.0352 1.0124 1.0464 1.0487 1.0132 1.0473 1.0184 
1.0148 1.0143 1.0005 1.0038 1.0268 1.0398 1.0441 1.0076 1.0064 1.0019 
1.023 1.0292 1.0141 1.0349 1.0324 1.0292 1.0467 1.0093 1.0184 1.0067 
1.0287 1.0454 1.017 1.0285 1.0489 1.0231 1.0347 1.0453 1.0158 1.0182 
1.0476 1.0474 1.0249 1.0099 1.025 1.0236 1.0028 1.0273 1.0093 1.0056 
1.0034 1.0252 1.0306 1.0437 1.0463 1.0196 1.005 1.024 1.0315 1.0065 
1.0223 1.0007 1.045 1.0004 1.0453 1.0221 1.0048 1.0172 1.0453 1.0037 
1.03 1.0248 1.0165 1.0368 1.0182 1.0236 1.0301 1.0312 1.0038 1.0334 
1.0464 1.0086 1.0355 1.0008 1.0402 1.0402 1.0223 1.0359 1.0076 1.0309 
1.0159 1.0482 1.0148 1.0448 1.0435 1.0082 1.0331 1.0443 1.0192 1.0488 
1.0432 1.0176 1.0189 1.0033 1.0155 1.005 1.0247 1.0238 1.0262 1.018 
1.0007 1.0101 1.0115 1.0018 1.0429 1.0034 1.0126 1.0249 1.0263 1.0401 
1.01 1.0174 1.0163 1.015 1.0068 1.0221 1.0472 1.0027 1.0061 1.0411 
1.0002 1.0166 1.0084 1.0466 1.0069 1.0266 1.0187 1.0455 1.0436 1.0196 
1.0014 1.0053 1.0154 1.0189 1.0229 1.0384 1.0245 1.0023 1.0167 1.0072 
1.0461 1.0215 1.0441 1.0227 1.0307 1.0484 1.017 1.0492 1.0226 1.0393 
1.0057 1.0033 1.0178 1.0299 1.0484 1.0032 1.0384 1.0199 1.0428 1.0433 
1.0021 1.0111 1.0284 1.0279 1.0162 1.0399 1.0223 1.0236 1.0178 1.027 
1.0292 1.033 1.0398 1.0412 1.0384 1.0308 1.0458 1.0302 1.0418 1.0256 
1.0401 1.0332 1.0433 1.0434 1.0271 1.0155 1.0056 1.0364 1.0117 1.0107 
1.0278 1.0351 1.0465 1.039 1.0309 1.0039 1.045 1.0394 1.0135 1.0039 
1.0226 1.0479 1.0045 1.0047 1.0194 1.0433 1.0408 1.0009 1.0142 1.0065 
1.0357 1.0073 1.0437 1.0181 1.0229 1.0452 1.0187 1.0409 1.0232 1.0056 
1.0489 1.0023 1.0029 1.0222 1.0049 1.0314 1.0135 1.0307 1.048 1.0059 
1.0239 1.0239 1.0003 1.0032 1.0282 1.0347 1.0169 1.0169 1.0385 1.0334 
1.0197 1.014 1.0073 1.0407 1.001 1.014 1.0144 1.0145 1.0252 1.0109 
1.0025 1.0262 1.0225 1.0038 1.0134 1.0344 1.0441 1.0071 1.016 1.0197 
1.041 1.0301 1.0467 1.0001 1.0211 1.0179 1.0172 1.0418 1.0146 1.0378 
1.0383 1.0039 1.0084 1.0304 1.0469 1.0214 1.0299 1.0128 1.0074 1.0015 
1.0111 1.0445 1.0258 1.0472 1.0478 1.0233 1.0276 1.0394 1.0197 1.0488 
1.0056 1.0115 1.0404 1.0089 1.0141 1.017 1.0472 1.008 1.0158 1.0048 
1.0186 1.0497 1.0131 1.0329 1.0418 1.0204 1.0486 1.039 1.0186 1.009 
1.0343 1.0015 1.0028 1.0046 1.0031 1.0272 1.0483 1.0479 1.0264 1.0068 
1.0421 1.0337 1.0269 1.0339 1.0132 1.0111 1.0087 1.0073 1.0494 1.0036 
1.0301 1.0125 1.039 1.0296 1.032 1.0086 1.0401 1.0165 1.0114 1.0323 
1.0357 1.0493 1.0472 1.035 1.0423 1.0419 1.0293 1.0084 1.0135 1.0173 
1.0136 1.0011 1.0176 1.0228 1.0097 1.0439 1.0461 1.0382 1.0485 1.0021 
1.0339 1.0255 1.0132 1.0369 1.0251 1.0299 1.007 1.0447 1.0083 1.0382 
1.0188 1.0037 1.0433 1.0134 1.0103 1.0403 1.03 1.0473 1.0499 1.0159 
1.0137 1.0467 1.0094 1.0081 1.0307 1.0442 1.0379 1.0125 1.0066 1.0138 
1.0013 1.0472 1.0221 1.0084 1.0299 1.0065 1.038 1.0321 1.0394 1.0229 
1.0441 1.0228 1.0284 1.0156 1.0305 1.0492 1.0115 1.0041 1.0014 1.0227 
1.0453 1.008 1.0394 1.0304 1.023 1.032 1.035 1.0174 1 1.04 
1.0324 1.0444 1.0245 1.0437 1.0174 1.028 1.0262 1.0095 1.0012 1.0167 
1.0267 1.0498 1.0035 1.0447 1.0363 1.0333 1.0103 1.0144 1.0309 1.0046 
1.0346 1.0407 1.0235 1.0033 1.0314 1.0152 1.0134 1.025 1.0157 1.0254 
1.0155 1.0136 1.0347 1.0352 1.0412 1.0035 1.0152 1.0238 1.0222 1.0176 
1.0458 1.02 1.0093 1.0004 1.0009 1.019 1.0356 1.0086 1.0457 1.0154 
1.0151 1.0217 1.0124 1.0113 1.047 1.0033 1.0041 1.0468 1.0024 1.0381 
1.0468 1.0154 1.0084 1.0233 1.0019 1.0438 1.0479 1.0408 1.0196 1.0263 
1.0494 1.0125 1.0463 1.0273 1.0169 1.0441 1.0431 1.0286 1.0312 1.0305 
1.0236 1.0109 1.03 1.0302 1.01 1.0319 1.0361 1.0428 1.0222 1.0304 
1.0312 1.0131 1.0142 1.0255 1.0108 1.0263 1.0191 1.03 1.0301 1.0179 
1.0465 1.003 1.0402 1.032 1.0311 1.0298 1.0022 1.0491 1.022 1.0434 
1.0321 1.0172 1.0276 1.0389 1.0309 1.0461 1.0377 1.0438 1.0425 1.013 
1.0011 1.0396 1.0104 1.0406 1.0125 1.0345 1.0321 1.0058 1.0452 1.0101 
1.0162 1.0116 1.0241 1.016 1.0387 1.0243 1.0022 1.0442 1.0072 1.0049 
1.0149 1.0207 1.0253 1.0473 1.0185 1.0132 1.0461 1.0374 1.0413 1.0028 
1.0221 1.0187 1.0026 1.0074 1.0402 1.0361 1.0283 1.0083 1.0402 1.0318 
1.0431 1.0219 1.0042 1.0239 1.019 1.0377 1.0396 1.0472 1.0316 1.0398 
1.0436 1.0227 1.011 1.012 1.0287 1.0286 1.0307 1.0495 1.02 1.0169 
1.0014 1.0249 1.0085 1.0175 1.0124 1.0161 1.0437 1.0028 1.0301 1.0037 
1.03 1.0343 1.0186 1.0094 1.035 1.0284 1.0297 1.008 1.0421 1.0385 
1.0452 1.0113 1.0424 1.0049 1.0347 1.033 1.0452 1.0365 1.0221 1.0201 
1.013 1.0154 1.0181 1.0473 1.0433 1.0075 1.0165 1.0267 1.0066 1.0459 
1.0019 1.0453 1.0049 1.0229 1.0049 1.0424 1.0421 1.0436 1.0202 1.0077 
1.0303 1.0457 1.0391 1.0328 1.0243 1.0291 1.0028 1.0365 1.0015 1.0453 
1.0012 1.042 1.0052 1.0121 1.0426 1.0407 1.0262 1.0393 1.0281 1.026 
1.0376 1.0422 1.036 1.0176 1.0224 1.0209 1.009 1.0426 1.002 1.0057 
1.0433 1.0013 1.0156 1.03 1.0133 1.0074 1.029 1.0213 1.0136 1.0428 
1.0092 1.0466 1.0232 1.0152 1.0193 1.0347 1.0221 1.0471 1.0307 1.047 
1.0035 1.0033 1.0347 1.0097 1.0137 1.0001 1.0213 1.0041 1.0379 1.0115 
1.0337 1.03 1.0066 1.028 1.0143 1.0285 1.0146 1.0372 1.0163 1.0219 
1.0277 1.0364 1.0112 1.0311 1.0437 1.0422 1.0478 1.0018 1.0085 1.0422 
1.0188 1.0051 1.03 1.0002 1.0387 1.0416 1.0283 1.0322 1.0181 1.039 
1.0494 1.0256 1.0494 1.0461 1.0368 1.007 1.0269 1.0154 1.0366 1.0265 
1.0117 1.0233 1.0441 1.0156 1.001 1.0338 1.0455 1.001 1.0221 1.0307 
1.0231 1.046 1.0266 1.0138 1.038 1.0374 1.0369 1.0027 1.008 1.0211 
1.0407 1.0449 1.0441 1.0376 1.0307 1.0321 1.0156 1.0017 1.0052 1.0014 
1.0269 1.0126 1.0337 1.0359 1.0473 1.0465 1.007 1.0154 1.0045 1.0451 
1.0472 1.0371 1.0384 1.0424 1.0248 1.0373 1.0351 1.0382 1.0324 1.0026 
1.0164 1.0381 1.0411 1.0008 1.0269 1.0057 1.0483 1.0374 1.0438 1.0436 
1.0087 1.0001 1.0298 1.0279 1.0201 1.0417 1.0336 1.0286 1.012 1.02 
1.0276 1.011 1.0135 1.0276 1.0494 1.0295 1.035 1.0458 1.0025 1.0246 
1.0445 1.0189 1.0097 1.0184 1.0294 1.0229 1.0029 1.0139 1.0193 1.0298 
1.027 1.0241 1.0283 1.0388 1.0366 1.0375 1.0019 1.0212 1.0384 1.0364 
1.0265 1.0086 1.0148 1.0302 1.038 1.0112 1.0329 1.0192 1.0137 1.0431 
1.0486 1.0476 1.0386 1.0045 1.0254 1.0415 1.0467 1.0299 1.0243 1.0255 
1.004 1.0288 1.0132 1.0488 1.009 1.0241 1.0157 1.0287 1.0259 1.0458 
1.0283 1.0474 1.0456 1.0149 1.0201 1.0172 1.0237 1.011 1.0243 1.0376 
1.0448 1.0159 1.0017 1.0379 1.0465 1.0068 1.0398 1.0439 1.0386 1.0309 
1.0397 1.0257 1.0049 1.0451 1.0319 1.0447 1.0238 1.0497 1.0359 1.0214 
1.0315 1.0124 1.0394 1.0141 1.0189 1.0397 1.0443 1.0119 1.0197 1.0021 
1.001 1.0318 1.0471 1.0145 1.0139 1.0013 1.0194 1.0452 1.0146 1.0099 
1.032 1.0381 1.0288 1.0092 1.041 1.0113 1.0017 1.0451 1.0303 1.0156 
1.0395 1.0077 1.0317 1.0395 1.0125 1.0225 1.0237 1.0366 1.0117 1.0336 
1.0181 1.0279 1.0491 1.0059 1.0135 1.0155 1.0412 1.0463 1.0475 1.0335 
1.0002 1.0076 1.0079 1.0002 1.0144 1.0429 1.0239 1.0081 1.0296 1.0319 
1.0404 1.0319 1.0123 1.0391 1.0017 1.0134 1.0272 1.0029 1.0451 1.0229 
1.0241 1.0235 1.0036 1.0299 1.0434 1.0083 1.0483 1.0088 1.0364 1.0336 
1.0446 1.0343 1.0321 1.0494 1.0058 1.0224 1.0465 1.0227 1.0382 1.0111 
1.008 1.0432 1.0205 1.0148 1.0241 1.0125 1.0093 1.0188 1.0019 1.0462 
1.0496 1.0452 1.0029 1.0055 1.0038 1.0409 1.0439 1.0013 1.0067 1.0408 
1.049 1.0265 1.0135 1.0278 1.0349 1.0348 1.0422 1.0467 1.0486 1.0203 
1.0313 1.0407 1.0147 1.0389 1.0182 1.0445 1.0346 1.0307 1.0191 1.0087 
1.0401 1.0107 1.031 1.0105 1.047 1.0061 1.0392 1.0189 1.0494 1.0381 
1.0019 1.0447 1.0328 1.0405 1.0496 1.043 1.0144 1.0042 1.0153 1.0215 
1.0449 1.04 1.0199 1.0157 1.0392 1.0388 1.0356 1.0268 1.0342 1.022 
1.0382 1.0378 1.0075 1.0189 1.0415 1.0086 1.0056 1.0468 1.0228 1.0203 
1.017 1.0325 1.0016 1.0333 1.0112 1.0437 1.0451 1.0034 1.0459 1.0121 
1.0042 1.0284 1.0292 1.0083 1.0137 1.0229 1.0366 1.0073 1.0326 1.0083 
1.0368 1.0441 1.0399 1.0252 1.0317 1.0071 1.0143 1.0397 1.0478 1.0357 
1.0109 1.0159 1.016 1.019 1.0313 1.0294 1.0083 1.0064 1.0079 1.0042 
1.0094 1.0037 1.0426 1.0322 1.0496 1.004 1.0149 1.0011 1.0438 1.0193 
1.0468 1.0417 1.0498 1.0301 1.0401 1.0387 1.0487 1.0294 1.0064 1.0369 
1.047 1.0295 1.002 1.0017 1.008 1.0431 1.0175 1.0159 1.0485 1.0015 
1.0121 1.0122 1.0273 1.0381 1.0219 1.0346 1.0009 1.035 1.0225 1.0267 
1.0132 1.0404 1.047 1.0129 1.0378 1.0424 1.0476 1.021 1.0369 1.027 
1.0404 1.0166 1.0194 1.0107 1.0415 1.0453 1.0094 1.0174 1.0444 1.0318 
1.0065 1.0042 1.0012 1.0158 1.0036 1.0386 1.0115 1.0166 1.0014 1.0118 
1.0477 1.0049 1.0056 1.0305 1.0333 1.0145 1.0089 1.0192 1.0177 1.0293 
1.033 1.0318 1.0126 1.0015 1.0123 1.014 1.0137 1.0092 1.0254 1.0151 
1.0046 1.0032 1.0273 1.042 1.0152 1.0214 1.0078 1.0227 1.035 1.0463 
1.0237 1.0471 1.048 1.009 1.0205 1.0065 1.0368 1.0256 1.0483 1.0007 
1.0446 1.0228 1.036 1.0167 1.0239 1.0282 1.0197 1.0303 1.019 1.0272 
1.0499 1.0307 1.0181 1.009 1.0327 1.0182 1.0297 1.0106 1.018 1.0185 
1.0274 1.0482 1.0332 1.0062 1.0238 1.0068 1.0197 1.0331 1.0164 1.0086 
1.0147 1.0065 1.0426 1.0287 1.0297 1.0416 1.0134 1.009 1.0055 1.0492 
1.0079 1.005 1.0123 1.019 1.0091 1.0182 1.0184 1.0151 1.0204 1.033 
1.0046 1.018 1.0481 1.0065 1.046 1.0298 1.0183 1.0148 1.0498 1.032 
1.0156 1.0323 1.0139 1.0051 1.0182 1.0191 1.0406 1.0074 1.0407 1.0003 
1.0147 1.0394 1.0163 1.0163 1.0268 1.0255 1.0102 1.0298 1.0036 1.0176 
1.0252 1.0098 1.016 1.0075 1.0143 1.039 1.0321 1.0112 1.0408 1.0175 
1.0465 1.0496 1.0288 1.0023 1.0285 1.0477 1.0444 1.0142 1.023 1.0092 
1.027 1.0309 1.0119 1.0454 1.0302 1.0329 1.0235 1.0099 1.0082 1.0256 
1.0079 1.0396 1.0054 1.0107 1.0466 1.0106 1.0242 1.0195 1.0278 1.0496 
1.02 1.0243 1.0038 1.0354 1.0352 1.0306 1.0418 1.0074 1.0171 1.0061 
1.0007 1.0491 1.0248 1.0236 1.0392 1.0175 1.0213 1.0254 1.0408 1.0493 
1.0441 1.0246 1.0244 1.0404 1.0112 1.0499 1.0187 1.0383 1.004 1.0358 
1.0273 1.0429 1.0275 1.0398 1.0313 1.0138 1.0149 1.0392 1.007 1.0135 
1.0447 1.0317 1.0055 1.0002 1.0372 1.0005 1.0086 1.0282 1.0075 1.0321 
1.029 1.0082 1.0405 1.0019 1.0469 1.0155 1.0128 1.0099 1.0008 1.0223 
1.0413 1.005 1.0176 1.0415 1.0314 1.0363 1.0237 1.0197 1.0326 1.0066 
1.0277 1.0207 1.0053 1.0492 1.0083 1.0462 1.0255 1.0006 1.0361 1.0058 
1.0032 1.0129 1.0274 1.0185 1.0045 1.039 1.0156 1.0058 1.0462 1.0484 
1.0125 1.0285 1.0207 1.0274 1.0364 1.002 1.0352 1.0345 1.0111 1.0019 
1.0308 1.021 1.0115 1.0095 1.0464 1.012 1.0115 1.0151 1.0087 1.0392 
1.0344 1.0044 1.0121 1.0496 1.0105 1.0227 1.0406 1.0081 1.0446 1.0349 
1.0436 1.0444 1.0462 1.0167 1.0388 1.0404 1.0485 1.0257 1.0157 1.0038 
1.0355 1.0499 1.0097 1.0309 1.0323 1.0162 1.0084 1.0215 1.0367 1.0488 
1.007 1.0184 1.0132 1.034 1.0269 1.0185 1.0377 1.0308 1.0147 1.0303 
1.0287 1.0251 1.0036 1.0185 1.0223 1.0341 1.0195 1.0107 1.0387 1.0009 
1.0157 1.0313 1.0045 1.021 1.0475 1.0412 1.045 1.0029 1.021 1.0475 
1.0371 1.023 1.0484 1.0268 1.013 1.0265 1.044 1.0444 1.0342 1.0435 
1.0204 1.044 1.0022 1.0281 1.0406 1.0162 1.0267 1.042 1.0449 1.0187 
1.0189 1.0106 1.0245 1.0258 1.0073 1.0328 1.0302 1.0129 1.0244 1.034 
1.0369 1.0347 1.0278 1.0112 1.0419 1.0062 1.0403 1.02 1.015 1.0469 
1.007 1.0025 1.0094 1.0404 1.0073 1.0442 1.042 1.0278 1.0308 1.046 
1.0477 1.0244 1.0481 1.0172 1.0436 1.0409 1.0218 1.0203 1.048 1.0246 
1.0457 1.003 1.0249 1.019 1.0361 1.0475 1.0245 1.0116 1.0062 1.028 
1.022 1.0172 1.0319 1.0329 1.0107 1.0475 1.0058 1.0067 1.0312 1.0155 
1.0444 1.0352 1.0491 1.021 1.0121 1.0124 1.0479 1.0322 1.015 1.0062 
1.0459 1.0269 1.0113 1.0255 1.043 1.0386 1.0048 1.0066 1.0178 1.028 
1.0218 1.0434 1.0289 1.0413 1.0131 1.0312 1.0117 1.0265 1.0334 1.0476 
1.0081 1.036 1.0128 1.02 1.0407 1.0386 1.0438 1.0402 1.0013 1.0429 
1.0351 1.0339 1.0499 1.038 1.0435 1.0001 1.0493 1.0458 1.0083 1.0042 
1.044 1.0269 1.0182 1.0077 1.0498 1.0268 1.0468 1.0309 1.004 1.0219 
1.0029 1.0012 1.0316 1.0213 1.0432 1.0214 1.0294 1.0134 1.0032 1.0201 
1.0374 1.0182 1.0498 1.0271 1.017 1.0054 1.042 1.0005 1.0142 1.045 
1.0098 1.0199 1.0337 1.0362 1.0039 1.0454 1.0413 1.0029 1.0415 1.0065 
1.0335 1.0343 1.0238 1.0311 1.0372 1.0178 1.0279 1.0007 1.0191 1.0419 
1.0434 1.0473 1.0094 1.0214 1.0047 1.0341 1.0358 1.0367 1.0264 1.0266 
1.0043 1.0086 1.0076 1.0472 1.0484 1.0173 1.0109 1.0028 1.0229 1.0205 
1.0371 1.0231 1.0274 1.0014 1.0063 1.0498 1.0461 1.0471 1.025 1.0106 
1.0254 1.0037 1.0486 1.0232 1.033 1.0407 1.0377 1.0102 1.0222 1.0459 
1.0471 1.0338 1.0258 1.0306 1.0159 1.0206 1.0274 1.0181 1.018 1.0056 
1.0135 1.025 1.0162 1.0064 1.0441 1.0173 1.007 1.0293 1.0259 1.0024 
1.001 1.0173 1.0148 1.0349 1.0494 1.0012 1.0237 1.0058 1.049 1.0317 
1.0003 1.0106 1.0477 1.0033 1.031 1.0498 1.0301 1.0384 1.0178 1.043 
1.008 1.0086 1.0449 1.0337 1.0194 1.0264 1.0233 1.0126 1.0136 1.0099 
1.0371 1.0217 1.0341 1.0012 1.0384 1.0313 1.0003 1.0337 1.0095 1.0216 
1.0468 1.0355 1.0484 1.0344 1.0489 1.0152 1.0383 1.0034 1.0383 1.0167 
1.0212 1.0028 1.0336 1.0189 1.0182 1.0123 1.0496 1.0402 1.0089 1.0479 
1.0301 1.0149 1.0328 1.0146 1.0415 1.0372 1.0018 1.0491 1.0025 1.0024 
1.0417 1.0339 1.0284 1.0491 1.0261 1.0381 1.0453 1.0323 1.0358 1.0003 
1.01 1.0318 1.0204 1.0219 1.0482 1.0158 1.031 1.0174 1.0484 1.0227 
1.0225 1.0202 1.0377 1.043 1.0359 1.0356 1.0258 1.0337 1.0115 1.0274 
1.0379 1.0448 1.0338 1.0409 1.003 1.0178 1.0474 1.0185 1.0047 1.0429 
1.0042 1.0171 1.0038 1.0046 1.0295 1.0043 1.032 1.0112 1.0202 1.0312 
1.0426 1.0358 1.0206 1.0065 1.0179 1.0223 1.0314 1.0373 1.0245 1.0166 
1.0354 1.0117 1.0087 1.017 1.0458 1.0316 1.0149 1.0472 1.0076 1.0092 
1.0224 1.011 1.0136 1.0291 1.0399 1.043 1.0132 1.0372 1.0086 1.0428 
1.0385 1.0035 1.0209 1.0324 1.0139 1.0471 1.0261 1.0296 1.0315 1.0407 
1.0139 1.0296 1.0459 1.0346 1.0135 1.0382 1.0038 1.0438 1.0475 1.0104 
1.033 1.0306 1.0367 1.03 1.0338 1.0064 1.0008 1.0191 1.0248 1.0215 
1.0326 1.0005 1.0387 1.0097 1.0075 1.0061 1.0408 1.0119 1.0409 1.0476 
1.007 1.0416 1.0325 1.0498 1.0163 1.0348 1.032 1.0227 1.0069 1.0134 
1.019 1.0215 1.0277 1.0291 1.017 1.0185 1.0474 1.0172 1.0041 1.0225 
1.0145 1.0374 1.0015 1.0036 1.0092 1.0429 1.0418 1.0144 1.0013 1.0311 
1.0416 1.0079 1.0285 1.0274 1.0039 1.0257 1.0045 1.0075 1.0102 1.0374 
1.0131 1.0408 1.0099 1.0084 1.0303 1.0184 1.0023 1.0013 1.0296 1.0213 
1.0294 1.0299 1.0445 1.0486 1.0168 1.0201 1.0117 1.0179 1.0183 1.0021 
1.0195 1.0446 1.031 1.0251 1.0294 1.0371 1.0404 1.016 1.0497 1.0383 
1.0249 1.0282 1.0304 1.0283 1.0358 1.0096 1.0306 1.0379 1.0091 1.0253 
1.0286 1.0301 1.0219 1.0358 1.0044 1.0288 1.0002 1.0203 1.0469 1.0443 
1.0274 1.0085 1.0041 1.0488 1.0086 1.0085 1.016 1.0245 1.0398 1.0204 
1.0419 1.0156 1.0497 1.0472 1.0097 1.0233 1.0011 1.0114 1.003 1.0178 
1.0238 1.0432 1.0286 1.0002 1.0315 1.0217 1.038 1.0346 1.0041 1.0075 
1.0121 1.0301 1.0374 1.0368 1.0416 1.0001 1.0282 1.0276 1.034 1.0451 
1.0347 1.0061 1.0328 1.0378 1.0317 1.0416 1.041 1.0409 1.0489 1.0339 
1.0225 1.0407 1.01 1.0104 1.0135 1.0023 1.0007 1.0101 1.0243 1.0062 
1.0473 1.03 1.0436 1.0049 1.0361 1.0273 1.0495 1.0381 1.0132 1.0465 
1.0485 1.0456 1.0236 1.0274 1.0479 1.0365 1.0186 1.0145 1.0105 1.0483 
1.0042 1.0379 1.0261 1.0264 1.0317 1.0074 1.0066 1.0396 1.0303 1.0141 
1.0429 1.0203 1.0025 1.0191 1.001 1.0431 1.0157 1.0113 1.0266 1.0356 
1.0377 1.0127 1.0443 1.0482 1.0133 1.0028 1.0245 1.0033 1.0048 1.0215 
1.044 1.004 1.0304 1.0017 1.0013 1.0008 1.0496 1.0444 1.0238 1.0261 
1.0367 1.0342 1.0312 1.0296 1.0395 1.0047 1.0063 1.0139 1.0111 1.0107 
1.0297 1.0487 1.0029 1.0488 1.0187 1.0196 1.0226 1.045 1.0004 1.013 
1.0119 1.0207 1.0402 1.0146 1.03 1.0177 1.0402 1.0266 1.0251 1.0302 
1.0239 1.0046 1.0411 1.0152 1.0314 1.0043 1.0281 1.0461 1.028 1.0081 
1.0387 1.0116 1.0397 1.0432 1.0031 1.0032 1.042 1.0446 1.0359 1.0005 
1.0218 1.0236 1.0082 1.0225 1.0103 1.005 1.0405 1.0389 1.0195 1.0232 
1.016 1.0064 1.0121 1.0323 1.0106 1.039 1.0434 1.0439 1.0156 1.0048 
1.0272 1.0149 1.0072 1.0176 1.0221 1.0184 1.0405 1.0305 1.0006 1.01 
1.0423 1.0332 1.0123 1.0264 1.0163 1.0128 1.0388 1.0252 1.0349 1.039 
1.0436 1.0429 1.0343 1.0132 1.0329 1.0184 1.0406 1.0249 1.0181 1.0312 
1.0424 1.045 1.0044 1.0184 1.0072 1.0426 1.0237 1.0068 1.0065 1.0104 
1.0005 1.017 1.0003 1.0016 1.007 1.0456 1.0248 1.0069 1.0224 1.0433 
1.0246 1.0295 1.025 1.0481 1.0122 1.0437 1.0002 1.0133 1.0185 1.0096 
1.041 1.0322 1.026 1.006 1.033 1.0204 1.0177 1.0182 1.0458 1.0238 
1.0236 1.0219 1.0138 1.0456 1.0499 1.0441 1.0383 1.0426 1.0034 1.0224 
1.0079 1.0023 1.0066 1.0086 1.0035 1.0344 1.032 1.0161 1.0209 1.0426 
1.0172 1.0476 1.0253 1.0497 1.0114 1.0068 1.0028 1.0251 1.0068 1.0133 
1.0171 1.0184 1.0378 1.0266 1.0052 1.0135 1.0199 1.0238 1.027 1.008 
1.0185 1.0291 1.0278 1.0368 1.0163 1.0459 1.0238 1.0038 1.0264 1.0084 
1.0177 1.0499 1.0446 1.0268 1.0422 1.0393 1.0364 1.0186 1.0194 1.0043 
1.0009 1.0179 1.028 1.026 1.0151 1.0117 1.0091 1.0169 1.0243 1.0143 
1.018 1.0428 1.0333 1.0461 1.0108 1.0026 1.0245 1.0179 1.0416 1.0219 
1.0019 1.0172 1.0366 1.0273 1.0209 1.0297 1.0174 1.0238 1.0163 1.0113 
1.0346 1.025 1.0152 1.002 1.043 1.012 1.0022 1.0167 1.026 1.0167 
1.039 1.0498 1.0407 1.0077 1.0417 1.0248 1.0053 1.0311 1.0142 1.0222 
1.0371 1.0339 1.0117 1.0214 1.0092 1.0114 1.0315 1.0026 1.004 1.0252 
1.0435 1.0146 1.0398 1.0254 1.0001 1.0102 1.0112 1.0015 1.0393 1.03 
1.0026 1.0258 1.0057 1.0388 1.0026 1.0198 1.0042 1.0389 1.0258 1.0213 
1.0301 1.0435 1.0482 1.0183 1.013 1.0261 1.044 1.0107 1.0169 1.0328 
1.0401 1.006 1.0304 1.0265 1.0226 1.0425 1.0179 1.048 1.0094 1.0028 
1.0202 1.0229 1.025 1.048 1.0476 1.0472 1.0186 1.0333 1.012 1.0215 
1.0062 1.0442 1.0021 1.0074 1.0441 1.0133 1.0329 1.0382 1.0081 1.0285 
1.0367 1.0179 1.0179 1.0348 1.0129 1.0045 1.0364 1.0078 1.0431 1.0308 
1.0493 1.0113 1.0322 1.0154 1.0486 1.0127 1.0499 1.0347 1.0085 1.0049 
1.0263 1.0243 1.0429 1.0421 1.0491 1.0269 1.0253 1.0174 1.026 1.0176 
1.0419 1.0394 1.0321 1.0498 1.0076 1.0369 1.0312 1.0318 1.0046 1.0477 
1.0389 1.0222 1.0164 1.0017 1.0432 1.0066 1.022 1.0169 1.0402 1.0452 
1.0462 1.005 1.0087 1.0084 1.0324 1.0254 1.0251 1.0358 1.0429 1.0355 
1.0165 1.0029 1.0287 1.0436 1.0063 1.0078 1.014 1.0244 1.0451 1.0137 
1.0395 1.037 1.0269 1.0463 1.0079 1.0088 1.0414 1.0214 1.0131 1.0064 
1.0008 1.0469 1.037 1.0104 1.0444 1.0071 1.037 1.0065 1.0228 1.0249 
1.0329 1.0054 1.0097 1.0317 1.0444 1.0286 1.028 1.0154 1.0193 1.0423 
1.0151 1.0418 1.0268 1.0185 1.0406 1.0179 1.0218 1.0006 1.0418 1.0137 
1.0292 1.0447 1.0031 1.0382 1.0172 1.0115 1.0457 1.0363 1.0083 1.039 
1.0436 1.0295 1.0126 1.0021 1.004 1.0209 1.0078 1.0376 1.0245 1.0299 
1.0373 1.0424 1.0251 1.0028 1.0412 1.0102 1.0294 1.0157 1.041 1.0283 
1.0066 1.0132 1.0238 1.0205 1.0337 1.0389 1.0044 1.0479 1.0451 1.0109 
1.0479 1.0249 1.0273 1.0255 1.0267 1.0299 1.0481 1.0165 1.0269 1.0013 
1.0082 1.026 1.0128 1.0129 1.0365 1.0396 1.0271 1.0481 1.0007 1.0094 
1.0258 1.0299 1.0212 1.0286 1.0397 1.014 1.0379 1.0055 1.017 1.0496 
1.029 1.0213 1.0163 1.011 1.0028 1.0262 1.0012 1.0299 1.0182 1.0132 
1.0098 1.0295 1.0339 1.0194 1.018 1.0452 1.0071 1.0437 1.0217 1.013 
1.0474 1.0057 1.0179 1.0231 1.0484 1.0444 1.0198 1.0071 1.0193 1.0091 
1.0119 1.0298 1.027 1.0406 1.0006 1.0157 1.0073 1.0356 1.0166 1.0499 
1.0369 1.0351 1.0268 1.0461 1.0112 1.0397 1.0335 1.0476 1.0187 1.0396 
1.0283 1.0377 1.0279 1.0327 1.0131 1.0121 1.048 1.0242 1.0424 1.0498 
1.0006 1.0146 1.043 1.0082 1.0495 1.0141 1.0272 1.029 1.0132 1.0216 
1.038 1.0474 1.0275 1.0085 1.018 1.0003 1.042 1.0304 1.0476 1.0045 
1.0031 1.0237 1.0232 1.0194 1.009 1.002 1.0156 1.031 1.0299 1.0071 
1.0323 1.0101 1.0363 1.0211 1.0491 1.0142 1.0232 1.0161 1.0118 1.0126 
1.0353 1.0431 1.0046 1.0132 1.0368 1.0123 1.0429 1.0361 1.0369 1.0028 
1.0228 1.0139 1.0159 1.0483 1.0184 1.0306 1.023 1.0159 1.0302 1.0007 
1.0276 1.0348 1.0303 1.0312 1.0429 1.0216 1.0003 1.0107 1.0094 1.0271 
1.0467 1.0459 1.0467 1.0496 1.0172 1.0213 1.0084 1.0009 1.0271 1.0423 
1.0449 1.0284 1.033 1.0034 1.0133 1.0414 1.0492 1.0151 1.0109 1.0445 
1.0499 1.025 1.0484 1.028 1.0237 1.028 1.0254 1.0465 1.0209 1.017 
1.0321 1.0494 1.0332 1.0339 1.0059 1.0048 1.0043 1.0289 1.0398 1.0346 
1.039 1.033 1.0005 1.0233 1.003 1.0374 1.048 1.0067 1.0435 1.0083 
1.0485 1.0217 1.0153 1.0413 1.0267 1.0064 1.0156 1.0331 1.0474 1.0439 
1.0397 1.0158 1.0497 1.0379 1.0455 1.0492 1.0369 1.0363 1.0486 1.0032 
1.0487 1.0226 1.0167 1.0132 1 1.0406 1.0424 1.0367 1.0499 1.0306 
1.0185 1.0204 1.0311 1.0187 1.0248 1.0198 1.0437 1.0455 1.0252 1.0278 
1.0151 1.0258 1.0168 1.0194 1.0138 1.0302 1.0278 1.0364 1.0453 1.0356 
1.041 1.0446 1.0067 1.0034 1.0141 1.0366 1.0288 1.0476 1.0117 1.0321 
1.0459 1.0214 1.0147 1.0336 1.005 1.0245 1.0114 1.0143 1.0041 1.0234 
1.045 1.0381 1.016 1.0145 1.0165 1.0004 1.0263 1.0358 1.0097 1.0149 
1.0291 1.0387 1.0266 1.0367 1.0286 1.0178 1.0316 1.0285 1.0035 1.0058 
1.006 1.0144 1.04 1.0168 1.0116 1.0477 1.0128 1.0185 1.0093 1.0151 
1.0364 1.0168 1.0029 1.0385 1.0496 1.0037 1.0112 1.0375 1.0398 1.0203 
1.0474 1.0421 1.0446 1.0154 1.005 1.0463 1.0064 1.0321 1.0321 1.0087 
1.0334 1.0105 1.0482 1.0272 1.0061 1.0068 1.0316 1.0381 1.0051 1.0407 
1.0336 1.0153 1.0231 1.0318 1.0269 1.0444 1.0312 1.0473 1.0278 1.023 
1.0033 1.0482 1.0331 1.0307 1.0336 1.0294 1.007 1.0235 1.0093 1.0152 
1.0283 1.0458 1.0361 1.0013 1.0421 1.0278 1.0456 1.0337 1.0436 1.0211 
1.0412 1.0488 1.0308 1.0487 1.0396 1.0036 1.0075 1.0468 1.0344 1.0438 
1.0474 1.0023 1.0201 1.0131 1.0051 1.0078 1.0299 1.0089 1.0447 1.0281 
1.0496 1.0419 1.0186 1.026 1.0412 1.0049 1.0232 1.0332 1.0331 1.0191 
1.0323 1.0383 1.0459 1.018 1.0016 1.0016 1.0155 1.0429 1.0082 1.0079 
1.0179 1.0251 1.0324 1.0341 1.0365 1.0378 1.0215 1.0492 1.0492 1.0459 
1.0344 1.0034 1.0438 1.0357 1.0247 1.0343 1.0439 1.0426 1.0308 1.0403 
1.0171 1.0067 1.0217 1.0493 1.0292 1.007 1.0048 1.0204 1.0274 1.013 
1.0318 1.0083 1.0331 1.0445 1.0264 1.0068 1.0263 1.0169 1.0062 1.0288 
1.019 1.0232 1.0237 1.0027 1.0319 1.0494 1.0109 1.0233 1.0441 1.0423 
1.0127 1.006 1.0464 1.0497 1.0358 1.012 1.0167 1.0458 1.0036 1.0383 
1.0019 1.0026 1.024 1.0267 1.0358 1.0156 1.0275 1.0456 1.0401 1.0051 
1.0492 1.035 1.0059 1.0339 1.0415 1.0086 1.0239 1.0347 1.004 1.048 
1.0075 1.0069 1.0172 1.0202 1.0434 1.0464 1.0111 1.0063 1.0119 1.0482 
1.0389 1.0449 1.036 1.0066 1.0035 1.0135 1.0013 1.0195 1.0148 1.0053 
1.022 1.0018 1.0101 1.035 1.0381 1.0192 1.0209 1.0141 1.0106 1.026 
1.0077 1.0007 1.0385 1.0191 1.0275 1.0328 1.0041 1.0049 1.0071 1.0295 
1.0413 1.0487 1.0094 1.0363 1.0339 1.0454 1.0479 1.0103 1.0096 1.0247 
1.0452 1.0043 1.0432 1.0162 1.045 1.0372 1.0025 1.004 1.0495 1.0255 
1.0491 1.0064 1.0343 1.0294 1.0499 1.033 1.0044 1.0004 1.0248 1.0015 
1.0191 1.0009 1.0325 1.0428 1.0452 1.0451 1.0396 1.0417 1.0117 1.0374 
1.0063 1.0403 1.037 1.0407 1.0253 1.0261 1.049 1.0485 1.0015 1.0307 
1.0462 1.0019 1.0311 1.0116 1.0462 1.0465 1.0165 1.0398 1.0168 1.0393 
1.0488 1.0491 1.0422 1.0417 1.0323 1.0431 1.0306 1.0374 1.0049 1.0171 
1.0383 1.0298 1.049 1.0432 1.0326 1.0223 1.0367 1.0452 1.0334 1.0203 
1.0495 1.0056 1.0377 1.0359 1.011 1.0063 1.0218 1.0128 1.0018 1.025 
1.0111 1.0259 1.0233 1.0325 1.0108 1.0339 1.0459 1.0228 1.0312 1.0356 
1.0244 1.0297 1.0376 1.0474 1.0036 1.0205 1.036 1.0172 1.0229 1.0098 
1.0324 1.0027 1.0157 1.0224 1.0284 1.0334 1.0276 1.031 1.0056 1.0339 
1.0048 1.0311 1.0415 1.0429 1.0387 1.0388 1.0289 1.0152 1.0404 1.0264 
1.0402 1.049 1.0203 1.0291 1.0153 1.0183 1.0018 1.0039 1.0253 1.0499 
1.0496 1.0348 1.0198 1.0102 1.0152 1.019 1.0271 1.03 1.0361 1.0285 
1.0347 1.0138 1.0093 1.0448 1.0438 1.0065 1.0162 1.0112 1.0166 1.0142 
1.0452 1.0319 1.0357 1.0162 1.0148 1.0244 1.0204 1.0455 1.0336 1.0354 
1.0132 1.0278 1.0364 1.0113 1.0388 1.0394 1.0181 1.0475 1.0275 1.0213 
1.0456 1.0207 1.0196 1.0245 1.015 1.0206 1.0043 1.0194 1.0433 1.0418 
1.0402 1.0314 1.0013 1.0116 1.0232 1.0398 1.0236 1.0005 1.0408 1.0235 
1.0278 1.0477 1.0401 1.0455 1.0497 1.0323 1.0252 1.0212 1.0368 1.047 
1.0007 1.0361 1.0123 1.0052 1.0061 1.0133 1.0298 1.0232 1.0443 1.0372 
1.0153 1.025 1.0053 1.0389 1.012 1.002 1.0395 1.0016 1.0198 1.0445 
1.0377 1.0219 1.0252 1.018 1.0313 1.0036 1.0027 1.0238 1.008 1.0421 
1.0385 1.0245 1.0492 1.0364 1.0192 1.0053 1.0137 1.0452 1.0007 1.0351 
1.0392 1.0328 1.0439 1.0111 1.0372 1.007 1.0157 1.0034 1.0027 1.017 
1.02 1.0425 1.0116 1.0284 1.0285 1.0073 1.0395 1.0363 1.0125 1.0303 
1.032 1.0296 1.0328 1.0469 1.0028 1.0443 1.0196 1.027 1.0041 1.0303 
1.0327 1.049 1.046 1.028 1.0212 1.0226 1.0038 1.0204 1.0395 1.0035 
1.035 1.0379 1.0176 1.0401 1.0056 1.0288 1.0222 1.0205 1.0219 1.0107 
1.0433 1.0058 1.015 1.006 1.0412 1.0028 1.0266 1.038 1.0171 1.0482 
1.0287 1.0307 1.0235 1.0022 1.0223 1.0085 1.0099 1.0147 1.0427 1.0197 
1.0459 1.011 1.0135 1.0495 1.0031 1.028 1.0093 1.004 1.0367 1.0235 
1.0437 1.0308 1.0325 1.003 1.0376 1.0459 1.017 1.0178 1.0395 1.0328 
1.0192 1.003 1.0082 1.0458 1.0023 1.0227 1.014 1.0199 1.0227 1.0145 
1.0075 1.006 1.0094 1.0184 1.0227 1.0165 1.0405 1.003 1.0284 1.0065 
1.0036 1.0028 1.0478 1.0302 1.0182 1.004 1.0498 1.0148 1.0022 1.0046 
1.0153 1.0003 1.0268 1.0242 1.0098 1.031 1.0103 1.0488 1.0143 1.0143 
1.0459 1.032 1.0447 1.0361 1.0162 1.0357 1.0288 1.0175 1.0246 1.0377 
1.0112 1.0102 1.0005 1.0291 1.0117 1.0024 1.0351 1.0163 1.0478 1.0499 
1.0312 1.0437 1.0319 1.0454 1.0412 1.0005 1.04 1.0289 1.0043 1.0366 
1.0048 1.0499 1.0432 1.0493 1.0435 1.0311 1.0379 1.0404 1.0485 1.0372 
1.0166 1.0102 1.0221 1.0338 1.0365 1.0402 1.0371 1.028 1.0222 1 
1.0406 1.0368 1.0164 1.0294 1.0253 1.0327 1.0406 1.0463 1.0246 1.0077 
1.0262 1.0292 1.0412 1.0489 1.025 1.0044 1.0393 1.0108 1.0387 1.0438 
1.0335 1.0168 1.0048 1.0212 1.022 1.0179 1.033 1.0381 1.0139 1.0401 
1.0149 1.0442 1.0101 1.0291 1.0125 1.047 1.036 1.0336 1.0234 1.0017 
1.0059 1.0337 1.0265 1.0143 1.037 1.0127 1.0485 1.0376 1.0071 1.0431 
1.0104 1.0014 1.0397 1.0111 1.0281 1.0036 1.0144 1.0244 1.0498 1.0426 
1.0293 1.0356 1.0189 1.0138 1.0008 1.0288 1.0329 1.0189 1.0087 1.006 
1.0422 1.0127 1.0452 1.0377 1.0212 1.0166 1.037 1.0299 1.0016 1.0382 
1.0144 1.0373 1.0376 1.0329 1.0007 1.0278 1.0489 1.0129 1.0421 1.0369 
1.0054 1.0102 1.0089 1.0407 1.0474 1.0028 1.0301 1.0095 1.0062 1.0386 
1.0462 1.0374 1.0192 1.0008 1.0471 1.0025 1.0115 1.025 1.0404 1.0416 
1.0389 1.0281 1.0253 1.0276 1.0165 1.0218 1.0117 1.0147 1.0032 1.0101 
1.0444 1.007 1.0338 1.012 1.0024 1.0455 1.03 1.0307 1.005 1.0128 
1.0429 1.0298 1.0289 1.0292 1.0274 1.0133 1.0355 1.0057 1.0106 1.0191 
1.0277 1.0062 1.0454 1.0246 1.0428 1.0433 1.002 1.0426 1.042 1.0459 
1.0006 1.0088 1.0031 1.0115 1.0041 1.0361 1.0441 1.0428 1.0235 1.0428 
1.0055 1.0287 1.0458 1.0408 1.0221 1.0121 1.0166 1.0265 1.0237 1.0197 
1.0168 1.0192 1.0337 1.008 1.0264 1.0045 1.0167 1.0084 1.0144 1.0068 
1.0187 1.0358 1.001 1.0216 1.0433 1.022 1.0209 1.0084 1.0461 1.0123 
1.0386 1.017 1.0203 1.0189 1.026 1.0269 1.0382 1.0269 1.0069 1.0461 
1.0444 1.0385 1.0443 1.033 1.0242 1.0184 1.0375 1.0433 1.0358 1.0453 
1.0059 1.0473 1.027 1.0017 1.0114 1.0434 1.0287 1.0049 1.0272 1.0219 
1.0014 1.0166 1.0258 1.0034 1.0418 1.0396 1.0301 1.0376 1.0046 1.0244 
1.0186 1.0496 1.0268 1.0009 1.0385 1.0356 1.0234 1.0417 1.0346 1.019 
1.0119 1.0213 1.0207 1.0037 1.0298 1.001 1.0192 1.0149 1.0235 1.0214 
1.0015 1.007 1.0114 1.0019 1.0431 1.0079 1.048 1.0189 1.0199 1.0134 
1.0231 1.0082 1.0495 1.0475 1.0357 1.0209 1.0107 1.0163 1.0292 1.0191 
1.0243 1.0122 1.0428 1.0482 1.0117 1.0367 1.0442 1.0407 1.0285 1.0126 
1.004 1.0079 1.0342 1.035 1.0049 1.0008 1.0417 1.0122 1.0366 1.0297 
1.0427 1.0282 1.03 1.0491 1.017 1.0258 1.0128 1.0269 1.0072 1.0014 
1.0013 1.0178 1.006 1.0054 1.0261 1.0134 1.0437 1.0176 1.0454 1.0446 
1.0472 1.032 1.0162 1.0456 1.0044 1.0179 1.0417 1.0223 1.0036 1.0235 
1.0015 1.0198 1.0041 1.0041 1.0358 1.0207 1.0392 1.046 1.0352 1.003 
1.0366 1.0386 1.0499 1.0454 1.0102 1.0341 1.0484 1.0183 1.0435 1.0351 
1.0399 1.0433 1.0303 1.0009 1.0258 1.0338 1.0267 1.0048 1.0364 1.0422 
1.0271 1.0049 1.0223 1.0018 1.0288 1.0235 1.0391 1.0298 1.0345 1.049 
1.0265 1.0438 1.0191 1.009 1.0472 1.016 1.0373 1.0356 1.0163 1.0435 
1.0498 1.0189 1.0348 1.0467 1.006 1.0497 1.0375 1.0467 1.0237 1.0162 
1.0113 1.0395 1.0416 1.022 1.0055 1.04 1.0198 1.0327 1.0397 1.0468 
1.0449 1.0011 1.0032 1.0462 1.0372 1.0115 1.0392 1.0266 1.0149 1.027 
1.029 1.0105 1.0136 1.0089 1.0489 1.0016 1.0068 1.0077 1.0025 1.0269 
1.0107 1.0024 1.0165 1.0297 1.0229 1.0126 1.0197 1.0167 1.0221 1.019 
1.0184 1.045 1.0127 1.0248 1.0244 1.0287 1.0085 1.0089 1.0066 1.0345 
1.0441 1.0237 1.0247 1.0393 1.0475 1.0128 1.0019 1.0415 1.0351 1.0333 
1.0381 1.0418 1.0381 1.0119 1.0367 1.0348 1.0439 1.0468 1.0036 1.0129 
1.043 1.0103 1.0103 1.011 1.0041 1.0144 1.0421 1.0275 1.0126 1.0047 
1.0078 1.0034 1.0231 1.0473 1.0152 1.041 1.0228 1.029 1.0444 1.0262 
1.0437 1.014 1.031 1.0236 1.0378 1.0302 1.0307 1.0368 1.0314 1.0209 
1.0113 1.0273 1.0213 1.0255 1.0086 1.0113 1.0317 1.0472 1.0012 1.0276 
1.0179 1.0398 1.0092 1.0299 1.0001 1.0415 1.0048 1.0058 1.0031 1.0198 
1.0355 1.0056 1.0322 1.0131 1.034 1.0061 1.038 1.007 1.019 1.0241 
1.0321 1.0063 1.0438 1.0071 1.015 1.0205 1.0341 1.0224 1.0088 1.0224 
1.0124 1.0317 1.0011 1.0261 1.0049 1.0478 1.0008 1.0327 1.0372 1.0148 
1.0067 1.0385 1.0381 1.0093 1.0041 1.0193 1.0464 1.0415 1.0177 1.0327 
1.0494 1.0219 1.0433 1.0074 1.0178 1.0211 1.01 1.0154 1.0425 1.0037 
1.0258 1.0219 1.0365 1.0446 1.0315 1.0325 1.0468 1.0237 1.0439 1.0496 
1.0255 1.0208 1.0214 1.0486 1.0432 1.0269 1.0331 1.0275 1.0065 1.0301 
1.029 1.0116 1.0014 1.0118 1.0395 1.0471 1.0162 1.0329 1.0385 1.0014 
1.04 1.0018 1.0198 1.0266 1.0164 1.0354 1.0063 1.0221 1.0413 1.0042 
1.0292 1.0431 1.0257 1.0482 1.0162 1.035 1.0263 1.0313 1.02 1.0312 
1.0455 1.0171 1.0251 1.039 1.0315 1.0354 1.0149 1.0346 1.0449 1.0009 
1.0103 1.0264 1.0181 1.0426 1.025 1.0428 1.0484 1.0487 1.0419 1.0222 
1.0261 1.0224 1.0261 1.0467 1.0134 1.0163 1.0492 1.016 1.0406 1.0051 
1.0124 1.0033 1.0179 1.0193 1.0016 1.0008 1.0315 1.0175 1.0411 1.001 
1.0491 1.0319 1.0279 1.0328 1.0417 1.0353 1.006 1.0366 1.0413 1.0236 
1.0399 1.0008 1.043 1.0214 1.0316 1.0429 1.0071 1.0193 1.0136 1.0313 
1.0206 1.0376 1.0083 1.0458 1.0403 1.0215 1.0429 1.0435 1.0473 1.0162 
1.0099 1.0067 1.0168 1.0044 1.0056 1.0272 1.0378 1.0026 1.0441 1.0423 
1.0467 1.0209 1.0102 1.0398 1.0155 1.0242 1.0355 1.0433 1.0143 1.0429 
1.0414 1.0309 1.005 1.0048 1.006 1.0362 1.0226 1.0105 1.0381 1.0346 
1.0293 1.0457 1.0435 1.0379 1.0057 1.0146 1.0396 1.0297 1.0375 1.0471 
1.0013 1.004 1.0359 1.023 1.0286 1.0353 1.0209 1.0135 1.0354 1.0118 
1.0426 1.0211 1.0497 1.0055 1.0407 1.0356 1.0009 1.001 1.0241 1.0375 
1.0189 1.0022 1.0324 1.0341 1.0345 1.0364 1.0393 1.0074 1.0413 1.0286 
1.0497 1.0275 1.0096 1.0144 1.0228 1.0303 1.0289 1.024 1.045 1.0089 
1.0223 1.0381 1.0085 1.0096 1.041 1.0367 1.0287 1.049 1.0152 1.0493 
1.0134 1.0325 1.0289 1.0383 1.0193 1.0391 1.0487 1.043 1.0376 1.0493 
1.0345 1.0488 1.0411 1.043 1.0013 1.042 1.0143 1.0417 1.0108 1.0068 
1.0009 1.0096 1.0372 1.0177 1.0283 1.0086 1.0333 1.0202 1.0016 1.044 
1.0145 1.0392 1.032 1.0131 1.0433 1.0292 1.0072 1.0281 1.0025 1.001 
1.0331 1.0245 1.0278 1.0298 1.0097 1.0456 1.0362 1.038 1.0098 1.031 
1.0322 1.0252 1.0331 1.0016 1.0487 1.0182 1.0344 1.0135 1.003 1.0156 
1.0426 1.0024 1.0222 1.0346 1.0411 1.0258 1.0029 1.0485 1.0178 1.0253 
1.0129 1.0327 1.0081 1.0428 1.0188 1.005 1.0311 1.0473 1.0169 1.0255 
1.0019 1.0099 1.0133 1.0117 1.0438 1.0237 1.045 1.0134 1.0021 1.0213 
1.0421 1 1.0463 1.0164 1.0046 1.0484 1.0144 1.008 1.0104 1.0339 
1.0038 1.045 1.0434 1.013 1.0074 1.0316 1.0369 1.0417 1.0122 1.0202 
1.0003 1.007 1.0258 1.0421 1.0127 1.0358 1.0365 1.0319 1.015 1.0059 
1.0261 1.017 1.0242 1.0111 1.0121 1.0147 1.0052 1.0457 1.0218 1.019 
1.0271 1.0138 1.026 1.0007 1.0347 1.0423 1.0455 1.0403 1.0304 1.0014 
1.0445 1.0193 1.0167 1.014 1.0093 1.009 1.0013 1.0348 1.0489 1.0083 
1.0246 1.0437 1.0136 1.0141 1.0116 1.0077 1.0399 1.0021 1.0145 1.0478 
1.0261 1.0165 1.0066 1.0074 1.0461 1.0466 1.0477 1.0001 1.0295 1.0164 
1.0292 1.0097 1.0169 1.0331 1.0167 1.0306 1.0002 1.0176 1.0315 1.0331 
1.0468 1.0215 1.0368 1.0345 1.0219 1.0442 1.0056 1.0089 1.0146 1.0469 
1.0233 1.0479 1.0098 1.0259 1.0073 1.0477 1.0103 1.043 1.024 1.0149 
1.013 1.0487 1.0486 1.0296 1.0296 1.0333 1.0081 1.0127 1.0389 1.0425 
1.0481 1.0458 1.0269 1.0004 1.011 1.0114 1.0473 1.0068 1.0194 1.0211 
1.0253 1.0277 1.046 1.0219 1.0176 1.0214 1.03 1.0054 1.0161 1.0067 
1.0216 1.0246 1.012 1.0048 1.023 1.0448 1.0144 1.0477 1.0154 1.0492 
1.0048 1.0303 1.0311 1.0058 1.044 1.0035 1.0109 1.0334 1.0058 1.0269 
1.021 1.0488 1.0192 1.0024 1.001 1.0447 1.0443 1.0485 1.0106 1.0219 
1.022 1.0449 1.0024 1.0125 1.0122 1.0398 1.0147 1.0464 1.0037 1.0448 
1.0134 1.0045 1.0009 1.022 1.0456 1.0294 1.0038 1.0026 1.0469 1.0346 
1.0026 1.024 1.0244 1.0032 1.0175 1.0158 1.0462 1.0202 1.0472 1.0475 
1.0437 1.0224 1.011 1.014 1.029 1.041 1.0455 1.0111 1.0287 1.0194 
1.0145 1.0191 1.0309 1.0453 1.0192 1.0074 1.0189 1.0311 1.0466 1.0495 
1.003 1.0324 1.0162 1.0393 1.0483 1.0398 1.0031 1.0423 1.0241 1.0013 
1.0298 1.0306 1.0391 1.0499 1.0274 1.0108 1.0068 1.0016 1.0332 1.0207 
1.0048 1.013 1.0418 1.0285 1.0167 1.014 1.0479 1.0208 1.0438 1.032 
1.0172 1.0057 1.0136 1.0428 1.0409 1.0356 1.0272 1.0283 1.0363 1.0468 
1.0435 1.0236 1.0117 1.0277 1.0421 1.0109 1.0397 1.0385 1.0223 1.0347 
1.016 1.0384 1.0183 1.0173 1.0116 1.0373 1.0199 1.036 1.038 1.0182 
1.0179 1.0478 1.0113 1.0159 1.0134 1.0342 1.0104 1.0438 1.0307 1.0022 
1.0088 1.0431 1.0172 1.0214 1.0321 1.0208 1.0099 1.03 1.0277 1.0104 
1.0086 1.0404 1.0275 1.0327 1.0332 1.0363 1.0309 1.0201 1.0366 1.0082 
1.0402 1.0004 1.0312 1.0349 1.0128 1.0351 1.0073 1.0273 1.0082 1.0197 
1.0172 1.036 1.0165 1.0393 1.0316 1.0315 1.0463 1.0063 1.0384 1.0152 
1.0224 1.0191 1.0459 1.0103 1.0441 1.0472 1.0255 1.0147 1.0383 1.0076 
1.0437 1.0305 1.0446 1.0166 1.032 1.0368 1.0065 1.0244 1.0041 1.0221 
1.0071 1.0374 1.0267 1.0413 1.0134 1.0426 1.043 1.02 1.029 1.0094 
1.0054 1.0225 1.0126 1.0211 1.0412 1.0491 1.0351 1.0131 1.0064 1.0346 
1.0229 1.0406 1.0341 1.0083 1.0303 1.0376 1.0077 1.0112 1.0316 1.0318 
1.0326 1.0175 1.0191 1.0425 1.0415 1.0008 1.0079 1.0239 1.0387 1.0017 
1.0479 1.0465 1.0039 1.0414 1.0181 1.0025 1.0255 1.0069 1.0356 1.0137 
1.049 1.0187 1.0124 1.0431 1.0053 1.046 1.0033 1.0254 1.0073 1.0332 
1.0122 1.0081 1.0256 1.0451 1.0063 1.0291 1.0026 1.0041 1.0129 1.0138 
1.0491 1.0241 1.0365 1.002 1.016 1.0291 1.0367 1.0127 1.0298 1.0129 
1.0308 1.0036 1.0386 1.0075 1.0315 1.0491 1.028 1.0041 1.0052 1.0172 
1.0153 1.0189 1.0462 1.0213 1.0358 1.0084 1.0198 1.0358 1.0394 1.0354 
1.0455 1.0229 1.0086 1.0069 1.0248 1.0391 1.0017 1.0069 1.0472 1.0275 
1.0054 1.0485 1.038 1.029 1.0456 1.0018 1.0166 1.049 1.0465 1.015 
1.0241 1.0219 1.028 1.0446 1.0201 1.0386 1.0165 1.0403 1.0304 1.0196 
1.04 1.0192 1.0077 1.0214 1.0216 1.0256 1.032 1.0123 1.0437 1.0368 
1.013 1.0127 1.0074 1.0248 1.0279 1.0377 1.006 1.0235 1.0317 1.0432 
1.0021 1.017 1.0139 1.0161 1.004 1.0276 1.0442 1.0176 1.0481 1.0259 
1.0482 1.0123 1.0079 1.0178 1.0256 1.0399 1.0465 1.0315 1.0006 1.0242 
1.0298 1.0179 1.0451 1.0409 1.0112 1.0012 1.0337 1.0191 1.0374 1.0014 
1.0221 1.0153 1.0168 1.0278 1.025 1.0251 1.0135 1.0294 1.0369 1.0223 
1.0042 1.0297 1.0295 1.0177 1.0321 1.0338 1.0134 1.0419 1.0116 1.0282 
1.0085 1.019 1.0094 1.0171 1.0195 1.0176 1.0458 1.0166 1.0315 1.0339 
1.0497 1.0356 1.0141 1.0089 1.029 1.0137 1.0203 1.019 1.0122 1.0489 
1.0246 1.0499 1.0124 1.0148 1.0003 1.0305 1.0132 1.0108 1.0366 1.0206 
1.0458 1.0216 1.0337 1.0425 1.021 1.0151 1.0324 1.0048 1.0105 1.0389 
1.0436 1.0448 1.0079 1.0133 1.0349 1.0473 1.031 1.0436 1.0357 1.0392 
1.0213 1.0453 1.0078 1.0309 1.0238 1.0237 1.0259 1.0206 1.0105 1.0297 
1.0377 1.0095 1.0283 1.0469 1.0435 1.0357 1.015 1.0336 1.0456 1.028 
1.0317 1.0118 1.0048 1.0024 1.0226 1.0124 1.0002 1.0403 1.039 1.0422 
1 1.0259 1.0168 1.0257 1.0216 1.0055 1.0366 1.028 1.0141 1.003 
1.0024 1.0388 1.0481 1.022 1.0351 1.0115 1.021 1.0072 1.0269 1.0313 
1.0446 1.0426 1.0326 1.0044 1.0232 1.009 1.0059 1.0482 1.0263 1.0081 
1.0424 1.0064 1.0045 1.0369 1.0207 1.031 1.0092 1.0475 1.0258 1.048 
1.0464 1.0408 1.0453 1.0239 1.0461 1.0044 1.0461 1.0087 1.0494 1.0144 
1.0045 1.0079 1.0463 1.0137 1.0367 1.0152 1.0227 1.035 1.0157 1.0303 
1.034 1.0269 1.0045 1.039 1.0135 1.0252 1.0061 1.0195 1.0147 1.0367 
1.0403 1.0333 1.0393 1.0384 1.038 1.0147 1.045 1.0363 1.0347 1.024 
1.0244 1.0128 1.0304 1.0074 1.0486 1.0165 1.0182 1.0217 1.0469 1.0492 
1.0382 1.0286 1.0254 1.0297 1.0157 1.0451 1.0074 1.0455 1.0191 1.0369 
1.0132 1.0169 1.0257 1.0361 1.033 1.0254 1.0144 1.0018 1.0159 1.0342 
1.0011 1.0288 1.0343 1.0223 1.0299 1.0305 1.0075 1.0058 1.0209 1.0236 
1.0018 1.042 1.0052 1.0075 1.0372 1.0359 1.0095 1.0055 1.0363 1.017 
1.0069 1.0231 1.0111 1.0343 1.0047 1.0105 1.0334 1.0494 1.0438 1.0164 
1.004 1.0475 1.023 1.0435 1.0139 1.0419 1.033 1.0493 1.0066 1.0233 
1.0197 1.0301 1.0435 1.045 1.0036 1.0151 1.0302 1.0253 1.0005 1.0036 
1.016 1.0341 1.0127 1.0286 1.0229 1.0223 1.0471 1.0136 1.0162 1.0332 
1.011 1.0305 1.0393 1.0287 1.0444 1.0374 1.0372 1.0115 1.0353 1.0497 
1.0108 1.0204 1.0326 1.0455 1.0171 1.015 1.009 1.0206 1.0001 1.007 
1.0497 1.0283 1.0324 1.036 1.0077 1.0214 1.0137 1.0472 1.0495 1.0276 
1.0228 1.0177 1.0092 1.03 1.0063 1.0474 1.0169 1.0393 1.0479 1.0195 
1.0176 1.0014 1.0392 1.0016 1.0047 1.0303 1.0374 1.0305 1.009 1.0035 
1.02 1.0001 1.0152 1.0411 1.0136 1.0335 1.0322 1.0334 1.0067 1.0354 
1.0288 1.0141 1.0146 1.0151 1.0204 1.0417 1.0205 1.0493 1.0352 1.0499 
1.0091 1.0223 1.0226 1.0487 1.019 1.0118 1.005 1.024 1.0085 1.0145 
1.0032 1.0379 1.0479 1.0072 1.0322 1.0322 1.0274 1.0322 1.0352 1.0375 
1.0063 1.0197 1.0058 1.0372 1.0188 1.0095 1.035 1.0065 1.0019 1.0434 
1.0482 1.0492 1.0001 1.0015 1.032 1.0197 1.0051 1.0484 1.0257 1.0151 
1.0075 1.0351 1.0031 1.0313 1.0159 1.0174 1.0326 1.048 1.0145 1.0361 
1.0005 1.0436 1.0214 1.0393 1.0212 1.0133 1.0321 1.0066 1.0321 1.006 
1.0018 1.0186 1.0247 1.043 1.0196 1.0067 1.0358 1.0064 1.0102 1.0227 
1.0365 1.0443 1.0277 1.032 1.0056 1.0126 1.0442 1.0263 1.0026 1.007 
1.0318 1.044 1.0278 1.0026 1.0151 1.0238 1.0432 1.0343 1.0441 1.0298 
1.0298 1.0357 1.0025 1.0042 1.0339 1.0426 1.0056 1.036 1.0128 1.0183 
1.0015 1.0256 1.0002 1.0317 1.0281 1.0198 1.0427 1.0441 1.0007 1.0091 
1.0212 1.0068 1.0287 1.0263 1.0482 1.006 1.0087 1.0288 1.0364 1.0447 
1.0104 1.0281 1.0277 1.0321 1.0372 1.0285 1.0222 1.0087 1.0193 1.032 
1.0038 1.0058 1.0239 1.0346 1.0103 1.0229 1.0377 1.0279 1.0156 1.0363 
1.0143 1.0314 1.0217 1.0241 1.0478 1.0215 1.0355 1.0131 1.0277 1.0003 
1.0197 1.0448 1.033 1.0181 1.0446 1.0419 1.0276 1.037 1.0291 1.0039 
1.0344 1.0056 1.0347 1.0066 1.0337 1.0336 1.0074 1.0194 1.0049 1.0373 
1.0267 1.0296 1.0188 1.0385 1.0073 1.0113 1.0243 1.043 1.0215 1.0166 
1.0021 1.0139 1.0283 1.0339 1.03 1.042 1.0272 1.01 1.0424 1.0283 
1.002 1.047 1.0244 1.0465 1.0436 1.0223 1.0381 1.04 1.0017 1.0216 
1.0171 1.0474 1.0243 1.0123 1.0485 1.0122 1.0084 1.0234 1.0128 1.0493 
1.0235 1.027 1.0163 1.0284 1.0014 1.0135 1.0122 1.0061 1.0416 1.0147 
1.0388 1.0107 1.0043 1.0325 1.0485 1.0085 1.0073 1.0488 1.0024 1.0309 
1.0345 1.0324 1.0085 1.0021 1.0385 1.0065 1.0494 1.0374 1.029 1.0174 
1.0075 1.0437 1.0011 1.0223 1.0396 1.0127 1.0053 1.0145 1.033 1.0455 
1.0123 1.0253 1.0213 1.0294 1.0269 1.0036 1.0392 1.0442 1.011 1.0194 
1.0425 1.0167 1.0438 1.0338 1.029 1.0206 1.0113 1.0321 1.022 1.0126 
1.0466 1.0297 1.0256 1.0276 1.0455 1.0176 1.0187 1.0186 1.0497 1.0201 
1.0158 1.01 1.0487 1.0286 1.0093 1.0091 1.0342 1.0094 1.018 1.0274 
1.0287 1.0045 1.0128 1.0178 1.0144 1.0334 1.0483 1.0132 1.0235 1.0392 
1.0174 1.0424 1.0393 1.0188 1.0465 1.0476 1.0099 1.0422 1.0316 1.0082 
1.0447 1.0122 1.0497 1.0243 1.0224 1.0217 1.0431 1.008 1.0445 1.0016 
1.0029 1.0271 1.0195 1.0188 1.0149 1.0342 1.035 1.0178 1.0019 1.0425 
1.0411 1.0489 1.0216 1.0418 1.0319 1.0294 1.0232 1.0448 1.0362 1.016 
1.0108 1.0268 1.0041 1.0056 1.0436 1.008 1.0476 1.0462 1.024 1.0476 
1.016 1.0073 1.028 1.0336 1.0084 1.0375 1.0121 1.0295 1.0378 1.0497 
1.0182 1.012 1.0189 1.0465 1.0019 1.0086 1.0264 1.0481 1.0244 1.0088 
1.0017 1.0499 1.0198 1.0491 1.0119 1.0373 1.0222 1.0255 1.0429 1.0311 
1.0082 1.0024 1.0409 1.0098 1.02 1.0356 1.0016 1.0071 1.0451 1.0469 
1.0086 1.0437 1.022 1.0469 1.0432 1.0312 1.0262 1.001 1.0484 1.0474 
1.035 1.0239 1.0492 1.0454 1.0266 1.0402 1.0259 1.0498 1.0299 1.0164 
1.0429 1.0457 1.006 1.0334 1.0049 1.0374 1.0253 1.0365 1.0212 1.0308 
1.036 1.0164 1.0071 1.0438 1.0274 1.0208 1.0161 1.0161 1.0473 1.0296 
1.0202 1.0223 1.0325 1.0231 1.0263 1.0378 1.0073 1.0415 1.0039 1.0118 
1.0307 1.0115 1.0402 1.0239 1.009 1.0119 1.0172 1.0282 1.0063 1.045 
1.0244 1.0097 1.011 1.0476 1.0129 1.043 1.0179 1.0022 1.0284 1.032 
1.0457 1.0458 1.0415 1.0468 1.0177 1.0303 1.0462 1.0371 1.0422 1.0345 
1.0312 1.0207 1.0011 1.0169 1.0201 1.0131 1.0401 1.0119 1.0409 1.0458 
1.0451 1.0075 1.0035 1.0287 1.0279 1.0137 1.0131 1.0166 1.02 1.0309 
1.0293 1.0203 1.0365 1.0303 1.0087 1.0472 1.0307 1.0179 1.0376 1.0332 
1.0161 1.0071 1.0362 1.0229 1.0406 1.0296 1.0457 1.0285 1.0264 1.0247 
1.0094 1.0257 1.0396 1.0224 1.0399 1.0134 1.0255 1.0176 1.0347 1.0125 
1.0027 1.0418 1.0299 1.0163 1.0089 1.0007 1.0186 1.0024 1.0273 1.0335 
1.0075 1.0373 1.045 1.0271 1.0281 1.0209 1.0417 1.0489 1.0264 1.0494 
1.0496 1.0405 1.0061 1.04 1.0343 1.0061 1.0266 1.0069 1.0237 1.0451 
1.0351 1.034 1.0282 1.0182 1.0036 1.0431 1.0137 1.0042 1.0184 1.0436 
1.0334 1.0391 1.0317 1.0248 1.0494 1.0024 1.0093 1.0427 1.009 1.0153 
1.0028 1.019 1.0491 1.0402 1.0383 1.029 1.0359 1.0467 1.0153 1.0164 
1.0433 1.046 1.0188 1.0106 1.0049 1.0111 1.0354 1.0141 1.0026 1.048 
1.002 1.0275 1.0207 1.0488 1.0179 1.0078 1.0076 1.0438 1.0093 1.0454 
1.0243 1.0174 1.0046 1.0444 1.0191 1.0111 1.0172 1.0428 1.0012 1.0036 
1.0268 1.0132 1.0167 1.0225 1.0138 1.0237 1.0266 1.0203 1.0226 1.0069 
1.0119 1.0029 1.014 1.0401 1.0006 1.0176 1.016 1.0398 1.0025 1.0489 
1.0083 1.0351 1.028 1.0158 1.043 1.0005 1.0348 1.0003 1.0204 1.0033 
1.0494 1.0313 1.033 1.0057 1.0039 1.0408 1.0253 1.0305 1.0107 1.0168 
1.0476 1.0168 1.0289 1.0389 1.049 1.02 1.0038 1.026 1.031 1.0414 
1.0444 1.0486 1.0329 1.0469 1.0103 1.0387 1.0484 1.0224 1.0488 1.0077 
1.0294 1.0154 1.0194 1.0058 1.0021 1.0002 1.0194 1.0464 1.0284 1.0211 
1.044 1.04 1.0315 1.0494 1.0255 1.0164 1.0487 1.0077 1.0003 1.0457 
1.0099 1.0438 1.0017 1.0299 1.0372 1.0453 1.001 1.0167 1.0095 1.0398 
1.0221 1.0239 1.0264 1.029 1.0427 1.0284 1.0067 1.0064 1.0356 1.018 
1.0024 1.0075 1.0255 1.0273 1.0077 1.0278 1.0245 1.029 1.005 1.0199 
1.0102 1.0001 1.0352 1.0459 1.0008 1.0169 1.0451 1.0434 1.0492 1.0444 
1.0005 1.0462 1.0466 1.0224 1.0364 1.0271 1.0473 1.0145 1.0389 1.0354 
1.0023 1.0482 1.0465 1.004 1.0278 1.0149 1.0176 1.0393 1.0103 1.0268 
1.0105 1.0251 1.039 1.0042 1.0477 1.0373 1.019 1.0168 1.008 1.0337 
1.047 1.042 1.0072 1.0493 1.042 1.0296 1.0423 1.0178 1.0469 1.0051 
1.0187 1.0053 1.0009 1.0089 1.0103 1.0079 1.0124 1.0031 1.0185 1.0386 
1.0182 1.0196 1.031 1.0484 1.0155 1.0478 1.0306 1.0215 1.0182 1.0165 
1.0237 1.0378 1.0023 1.0242 1.0313 1.0439 1.009 1.0122 1.0201 1.0121 
1.0318 1.0088 1.0084 1.0016 1.0473 1.0053 1.0438 1.0383 1.0338 1.0443 
1.026 1.041 1.0377 1.024 1.0295 1.04 1.0346 1.0123 1.0255 1.0126 
1.0344 1.0162 1.0443 1.0028 1.0195 1.0006 1.0328 1.0191 1.0332 1.04 
1.0193 1 1.028 1.0366 1.0326 1.024 1.0048 1.0294 1.0206 1.0437 
1.0463 1.0125 1.0445 1.0024 1.02 1.0162 1.0458 1.0223 1.0338 1.0039 
1.0323 1.0225 1.0421 1.0461 1.0418 1.0248 1.0423 1.006 1.0068 1.0014 
1.001 1.0461 1.0437 1.0202 1.008 1.0136 1.0007 1.0397 1.0017 1.0296 
1.0378 1.0248 1.0363 1.0461 1.0403 1.0233 1.0404 1.0096 1.0167 1.0042 
1.0203 1.024 1.0471 1.0469 1.0164 1.0496 1.0118 1.0093 1.0105 1.0432 
1.0375 1.0311 1.0033 1.0434 1.0167 1.0408 1.0137 1.0402 1.0308 1.0262 
1.0368 1.0107 1.0431 1.0081 1.0171 1.0355 1.0152 1.0377 1.0088 1.02 
1.0064 1.0397 1.0405 1.0453 1.0171 1.0221 1.0369 1.0233 1.027 1.0072 
1.0304 1.0098 1.0475 1.0431 1.0156 1.0313 1.016 1.0322 1.0495 1.0115 
1.0333 1.0056 1.0473 1.0411 1.0077 1.026 1.0409 1.0427 1.0326 1.0471 
1.036 1.0004 1.0023 1.0387 1.0373 1.0086 1.0087 1.0022 1.0181 1.0003 
1.034 1.0288 1.0273 1.0018 1.0181 1.0093 1.0412 1.0159 1.0356 1.0439 
1.043 1.0445 1.0038 1.037 1.0481 1.0456 1.0264 1.0096 1.0031 1.0209 
1.045 1.0207 1.0213 1.0367 1.0122 1.0137 1.0463 1.0067 1.0235 1.0284 
1.0019 1.0469 1.0026 1.0298 1.0162 1.0368 1.0193 1.0122 1.0412 1.0364 
1.027 1.0475 1.0379 1.0239 1.0463 1.0437 1.0351 1.0055 1.0443 1.0426 
1.0417 1.0485 1.0363 1.0382 1.0341 1.0249 1.0475 1.0258 1.0189 1.0236 
1.0446 1.0326 1.0347 1.0129 1.0265 1.0217 1.035 1.0273 1.0063 1.0053 
1.0276 1.0189 1.012 1.0475 1.0205 1.0365 1.0071 1.0396 1.0051 1.0386 
1.0304 1.0413 1.041 1.0488 1.0099 1.02 1.0327 1.0173 1.0435 1.0423 
1.0033 1.0149 1.0014 1.0376 1.0477 1.0078 1.0497 1.0186 1.0109 1.0071 
1.0462 1.0296 1.024 1.0188 1.0356 1.0239 1.0469 1.0336 1.0375 1.0064 
1.0434 1.0195 1.0269 1.0174 1.0246 1.0164 1.0004 1.0273 1.0024 1.0497 
1.0321 1.006 1.0098 1.0346 1.0241 1.0036 1.0462 1.0476 1.013 1.0101 
1.014 1.0051 1.0183 1.0164 1.0049 1.0286 1.0435 1.009 1.0122 1.045 
1.0311 1.0129 1.0359 1.0324 1.0499 1.0384 1.0357 1.0142 1.0048 1.0119 
1.0334 1.0176 1.0227 1.0388 1.022 1.0315 1.0392 1.0079 1.0237 1.0315 
1.0343 1.0417 1.0106 1.0218 1.0138 1.0115 1.049 1.0472 1.0317 1.0341 
1.0348 1.0152 1.0399 1.015 1.0462 1.0183 1.0194 1.0244 1.0336 1.0071 
1.0317 1.0401 1.0236 1.0266 1.0211 1.0383 1.0396 1.0493 1.0046 1.0424 
1.0211 1.0223 1.0053 1.0079 1.0063 1.0058 1.0359 1.0245 1.0235 1.0065 
1.043 1.0399 1.0223 1.037 1.0047 1.0131 1.0264 1.0314 1.0486 1.021 
1.0238 1.0009 1.0287 1.0417 1.0487 1.0388 1.0338 1.0046 1.0049 1.0298 
1.0173 1.0125 1.0175 1.0356 1.0412 1.0054 1.0032 1.0241 1.023 1.0325 
1.016 1.002 1.0205 1.0125 1.0252 1.0249 1.0282 1.0485 1.0292 1.0023 
1.0278 1.0029 1.0011 1.0002 1.002 1.0107 1.0421 1.0492 1.014 1.0401 
1.0032 1.0099 1.0323 1.0378 1.0161 1.0471 1.0076 1.0103 1.0424 1.0418 
1.0023 1 1.0026 1.0055 1.008 1.0207 1.0402 1.0379 1.0485 1.0192 
1.035 1.0285 1.0211 1.0205 1.0068 1.0273 1.0231 1.0089 1.0421 1.0131 
1.0457 1.0495 1.0123 1.0481 1.0205 1.0056 1.0281 1.019 1.0401 1.0009 
1.0115 1.0188 1.0361 1.0054 1.0101 1.0289 1.0225 1.0052 1.0265 1.0337 
1.0388 1.0479 1.0091 1.0335 1.043 1.0304 1.0479 1.0066 1.0219 1.0116 
1.0408 1.0189 1.0024 1.0169 1.03 1.0474 1.0111 1.0171 1.046 1.0434 
1.005 1.0045 1.0142 1.0101 1.0489 1.0214 1.0463 1.037 1.0013 1.0397 
1.0434 1.0148 1.0379 1.0411 1.021 1.0279 1.0044 1.0339 1.0015 1.0268 
1.0405 1.0319 1.0388 1.0383 1.0423 1.0019 1.0467 1.0096 1.0257 1.0106 
1.0165 1.0224 1.0353 1.0079 1.0236 1.0456 1.0039 1.008 1.0006 1.0082 
1.0391 1.0233 1.0124 1.0283 1.0198 1.046 1.0483 1.0088 1.0172 1.0193 
1.0333 1.0021 1.0365 1.0267 1.014 1.0027 1.0128 1.0396 1.0418 1.0309 
1.0407 1.0458 1.0444 1.0178 1.048 1.0162 1.0021 1.0233 1.0459 1.0125 
1.0201 1.0004 1.0473 1.004 1.0247 1.0429 1.0168 1.0273 1.0158 1.0494 
1.0433 1.0428 1.0327 1.018 1.0491 1.0407 1.0024 1.0003 1.0192 1.0212 
1.0183 1.0027 1.048 1.0122 1.0354 1.0214 1 1.0175 1.0353 1.036 
1.0353 1.0497 1.0029 1.0355 1.0409 1.036 1.0412 1.0028 1.0307 1.037 
1.0404 1.0133 1.0182 1.0204 1.0012 1.0281 1.0062 1.0321 1.0445 1.0289 
1.0099 1.0136 1.0449 1.0145 1.0249 1.0243 1.003 1.015 1.0253 1.0021 
1.0481 1.0017 1.0212 1.0019 1.0281 1.0108 1.0053 1.0487 1.0117 1.0395 
1.0409 1.0412 1.0092 1.0473 1.0244 1.0438 1.0137 1.0344 1.0479 1.0001 
1.035 1.0199 1.0104 1.0092 1.0297 1.0007 1.0374 1.03 1.042 1.0336 
1.035 1.0361 1.0348 1.0296 1.0345 1.0352 1.0097 1.0412 1.0063 1.0277 
1.0329 1.0402 1.0195 1.0467 1.0211 1.0242 1.0483 1.0266 1.0109 1.0337 
1.0263 1.008 1.0267 1.0376 1.0469 1.0063 1.0306 1.0441 1.0367 1.045 
1.0285 1.045 1.0141 1.0378 1.0327 1.0309 1.0448 1.0099 1.0393 1.0175 
1.0264 1.0075 1.0437 1.0333 1.0237 1.0046 1.0024 1.0109 1.0463 1.0419 
1.0228 1.0445 1.0283 1.0134 1.0232 1.0063 1.0384 1.0022 1.018 1.0187 
1.0092 1.0489 1.0392 1.031 1.0404 1.0049 1.0448 1.008 1.0105 1.0005 
1.0362 1.0441 1.0287 1.0481 1.0495 1.0152 1.0494 1.023 1.0107 1.0268 
1.0252 1.0349 1.0062 1.0334 1.007 1.0074 1.0166 1.007 1.035 1 
1.0319 1.0237 1.0068 1.0352 1.0125 1.0295 1.0496 1.0337 1.021 1.0118 
1.0484 1.0454 1.0043 1.0319 1.0466 1.0154 1.0018 1.0111 1.0476 1.0043 
1.0348 1.0248 1.0421 1.0338 1 1.0085 1.0199 1.0489 1.0193 1.0072 
1.0335 1.0018 1.032 1.0263 1.0401 1.0383 1.0377 1.0081 1.0205 1.0035 
1.0266 1.0109 1.014 1.0469 1.0252 1.0015 1.0135 1.0278 1.0147 1.0106 
1.0149 1.0183 1.018 1.0446 1.0011 1.0384 1.0197 1.003 1.0437 1.0106 
1.0087 1.0309 1.0043 1.012 1.017 1.0457 1.0313 1.0068 1.0118 1.048 
1.009 1.0387 1.0202 1.0262 1.0251 1.025 1.0154 1.0071 1.0135 1.0295 
1.0484 1.0285 1.0298 1.0421 1.0346 1.0052 1.0334 1.0279 1.0201 1.0182 
1.0369 1.033 1.0366 1.0085 1.0181 1.0177 1.009 1.0155 1.0417 1.0064 
1.0367 1.0136 1.0449 1.0232 1.0029 1.0198 1.0075 1.0371 1.042 1.0089 
1.0042 1.0434 1.0332 1.0476 1.0059 1.0003 1.0402 1.0128 1.0438 1.0108 
1.0489 1.0303 1.0467 1.0437 1.0125 1.034 1.0194 1.0013 1.0191 1.0177 
1.0176 1.0406 1.0449 1.0489 1.0044 1.0399 1.0455 1.0251 1.0297 1.0077 
1.0034 1.0275 1.04 1.015 1.0148 1.0491 1.0223 1.0282 1.0181 1.0296 
1.0071 1.0442 1.0232 1.0071 1.0323 1.0342 1.0004 1.0078 1.0263 1.0013 
1.0013 1.0328 1.0408 1.0264 1.0238 1.0115 1.018 1.0203 1.0117 1.0243 
1.0416 1.0223 1.0061 1.0199 1.0292 1.0489 1.0054 1.0091 1.0168 1.0017 
1.0094 1.005 1.0288 1.0414 1.0262 1.0413 1.0381 1.0137 1.0456 1.0099 
1.0301 1.0353 1.006 1.009 1.0351 1.0486 1.0417 1.0154 1.0129 1.0325 
1.0042 1.0173 1.0322 1.037 1.034 1.0463 1.0003 1.0487 1.0401 1.025 
1.0424 1.0109 1.0097 1.0445 1.0347 1.0412 1.0108 1.0204 1.0204 1.0055 
1.0244 1.0376 1.0267 1.016 1.0461 1.0164 1.0026 1.0293 1.0214 1.0311 
1.0131 1.0128 1.049 1.0292 1.0253 1.0421 1.0291 1.0302 1.0322 1.0205 
1.0165 1.043 1.0108 1.0133 1.0226 1.0101 1.0006 1.0079 1.0225 1.027 
1.0246 1.0468 1.0177 1.0371 1.0048 1.0427 1.0075 1.0467 1.0413 1.0349 
1.0438 1.0424 1.0465 1.0037 1.0381 1.0266 1.0374 1.045 1.0111 1.0016 
1.0039 1.0459 1.0019 1.0233 1.0456 1.0038 1.0026 1.0006 1.0262 1.012 
1.0229 1.015 1.0309 1.0387 1.0105 1.0453 1.0035 1.0366 1.0422 1.0397 
1.004 1.0385 1.044 1.0362 1.0112 1.0268 1.0296 1.001 1.0129 1.0209 
1.0074 1.0469 1.0182 1.0392 1.0098 1.0321 1.0091 1.0411 1.0388 1.0247 
1.0114 1.0494 1.0432 1.0368 1.0318 1.0001 1.0194 1.0055 1.0161 1.0211 
1.0451 1.0036 1.0323 1.0382 1.0348 1.013 1.0056 1.0292 1.001 1.0388 
1.0386 1.0019 1.0003 1.0161 1.0017 1.0369 1.043 1.046 1.0491 1.0285 
1.0481 1.0442 1.03 1.0418 1.0343 1.036 1.028 1.0369 1.0456 1.0171 
1.029 1.0493 1.0269 1.0411 1.0065 1.0119 1.0139 1.0026 1.0285 1.007 
1.0228 1.0444 1.0133 1.0448 1.0027 1.0388 1.031 1.0045 1.024 1.0476 
1.025 1.0296 1.0052 1.0342 1.029 1.04 1.0129 1.0082 1.0397 1.0228 
1.0373 1.0435 1.0326 1.0494 1.0484 1.007 1.0155 1.0357 1.0064 1.022 
1.0023 1.0157 1.0349 1.001 1.0441 1.0399 1.0324 1.0046 1.0299 1.0101 
1.041 1.0336 1.0317 1.0487 1.0125 1.0032 1.0293 1.0239 1.0119 1.017 
1.0415 1.0418 1.0047 1.0005 1.0105 1.0291 1.0292 1.0204 1.0369 1.0191 
1.0187 1.0211 1.0498 1.033 1.0165 1.0026 1.0271 1.0185 1.0381 1.0363 
1.0258 1.024 1.0291 1.0492 1.0296 1.0311 1.0036 1.0158 1.0289 1.0455 
1.0104 1.0208 1.0471 1.049 1.039 1.0411 1.0038 1.0483 1.0122 1.0259 
1.0335 1.043 1.0385 1.0294 1.0405 1.0156 1.02 1.022 1.0204 1.0026 
1.023 1.0167 1.0127 1.0191 1.0352 1.038 1.0107 1.0127 1.0202 1.0469 
1.0226 1.0165 1.0304 1.0496 1.0089 1.0333 1.0052 1.028 1.0434 1.0159 
1.0061 1.0126 1.0337 1.0218 1.0077 1.0403 1.0177 1.046 1.0103 1.0268 
1.0169 1.028 1.0484 1.035 1.0424 1.0206 1.0335 1.0348 1.0326 1.0168 
1.0314 1.0277 1.0056 1.0437 1.0331 1.0086 1.0377 1.0278 1.0303 1.0036 
1.0445 1.0466 1.0162 1.0413 1.0474 1.0374 1.0495 1.0301 1.0286 1.0125 
1.0253 1.0295 1.0489 1.0218 1.0262 1.0405 1.0364 1.0292 1.0067 1.0496 
1.0148 1.0073 1.0377 1.0031 1.0198 1.0398 1.003 1.0442 1.0331 1.0262 
1.0186 1.0238 1.0119 1.0309 1.0368 1.0444 1.0004 1.0126 1.0184 1.0048 
1.0404 1.0257 1.0155 1.0371 1.0335 1.0246 1.0301 1.0154 1.0398 1.0018 
1.0109 1.0104 1.0354 1.0391 1.0205 1.0205 1.0345 1.0469 1.0404 1.0013 
1.0334 1.0164 1.0326 1.0476 1.008 1.0383 1.0319 1.0491 1.0265 1.0076 
1.0462 1.0072 1.0475 1.0053 1.0275 1.0053 1.023 1.0181 1.0343 1.0255 
1.0483 1.0207 1.0179 1.0204 1.0112 1.0077 1.0428 1.0145 1.0425 1.029 
1.0349 1.0461 1.0087 1.0005 1.0122 1.0205 1.0115 1.0141 1.0083 1.0275 
1.0486 1.0265 1.0232 1.0365 1.0374 1.0399 1.0279 1.0346 1.0123 1.021 
1.0214 1.0462 1.0079 1.0172 1.0464 1.0008 1.0478 1.0193 1.045 1.0293 
1.0334 1.0059 1.0494 1.0132 1.0178 1.0408 1.0286 1.0249 1.0322 1.0059 
1.0157 1.0498 1.0014 1.0076 1.0203 1.0055 1.0055 1.0043 1.0223 1.0236 
1.0242 1.0465 1.0014 1.0365 1.0114 1.0052 1.0001 1.0177 1.0056 1.024 
1.0253 1.0391 1.0008 1.0003 1.0126 1.0352 1.0083 1.021 1.0342 1.0193 
1.0263 1.0136 1.0196 1.0349 1.0319 1.0331 1.0365 1.0298 1.0132 1.0184 
1.0357 1.0125 1.0275 1.0184 1.0421 1.0114 1.0287 1.0244 1.01 1.0353 
1.0409 1.0096 1.0367 1.0277 1.0082 1.0368 1.0461 1.0167 1.013 1.0351 
1.0359 1.0255 1.0471 1.0165 1.0088 1.0429 1.0451 1.0262 1.0285 1.035 
1.0297 1.0351 1.0131 1.0432 1.0457 1.0045 1.0161 1.0463 1.0499 1.0132 
1.0424 1.0165 1.0382 1.0313 1.0131 1.0161 1.043 1.0159 1.0144 1.0068 
1.0498 1.0178 1.0484 1.0256 1.025 1.0193 1.0346 1.0052 1.0119 1.0438 
1.0075 1.0067 1.014 1.0024 1.0384 1.0256 1.0182 1.0064 1.0037 1.0031 
1.0191 1.0195 1.0369 1.0154 1.0011 1.0046 1.043 1.0278 1.0462 1.0403 
1.0246 1.003 1.0024 1.0216 1.0142 1.0312 1.0407 1.0293 1.0445 1.0288 
1.0115 1.0407 1.0392 1.0138 1.0324 1.0046 1.0421 1.0147 1.0192 1.0202 
1.0362 1.0466 1 1.0365 1.0492 1.0342 1.0148 1.0396 1.0459 1.0268 
1.0291 1.0421 1.0267 1.0443 1.0128 1.0324 1.0067 1.014 1.0184 1.0292 
1.0021 1.0383 1.0155 1.0284 1.0203 1.0349 1.0212 1.0481 1.0437 1.0404 
1.0352 1.0327 1.0295 1.0284 1.0341 1.0135 1.0008 1.0471 1.0033 1.0103 
1.0226 1.0299 1.0032 1.0288 1.0172 1.0214 1.035 1.0343 1.0309 1.0054 
1.0127 1.0347 1.0407 1.0035 1.0235 1.0398 1.0057 1.0018 1.0173 1.015 
1.0128 1.0239 1.0377 1.041 1.0272 1.0333 1.0093 1.0253 1.0097 1.046 
1.0026 1.001 1.0016 1.0139 1.0039 1.0373 1.0047 1.0431 1.035 1.018 
1.0228 1.0436 1.0253 1.0066 1.0362 1.019 1.031 1.0448 1.0276 1.0131 
1.0043 1.0201 1.0047 1.0348 1.0373 1.0367 1.0041 1.0061 1.0175 1.0026 
1.0331 1.0016 1.007 1.0173 1.0459 1.0424 1.0434 1.0067 1.0447 1.013 
1.0408 1.0224 1.019 1.0264 1.0313 1.0152 1.0306 1.0478 1.0385 1.0043 
1.023 1.0206 1.0198 1.0269 1.044 1.0411 1.0062 1.0488 1.0163 1.0212 
1.0172 1.0483 1.0015 1.0457 1.0034 1.0253 1.0197 1.0318 1.0311 1.0251 
1.0349 1.0331 1.0191 1.0163 1.0449 1.012 1.0065 1.0262 1.0356 1.0242 
