25
500
98 90 91 92 96 97 97 100 99 91 98 92 95 100 91 91 99 94 97 98 96 94 92 97 95 98 96 100 90 92 91 99 97 93 94 100 90 91 93 97 94 92 94 91 93 96 95 98 97 91 95 93 95 96 93 90 99 95 100 97 91 96 96 100 100 99 90 91 90 95 93 97 100 92 97 90 96 99 100 93 97 97 100 93 90 96 97 94 99 90 98 97 99 92 95 92 98 100 96 98 98 96 98 93 92 91 100 98 93 96 95 92 95 97 90 90 92 97 91 99 97 98 95 91 96 95 96 91 99 98 94 98 97 95 97 98 99 100 98 99 96 96 94 100 94 91 90 97 90 95 95 100 98 95 94 93 93 90 97 97 99 90 95 92 97 96 90 95 96 94 98 93 94 92 90 91 100 92 90 96 93 99 100 97 91 93 92 90 91 90 99 100 90 93 100 95 95 95 97 97 96 90 98 90 90 98 98 94 93 96 94 96 90 96 90 92 97 90 94 93 96 95 94 90 97 99 90 97 98 98 94 100 93 92 91 95 93 97 99 100 97 91 93 97 94 98 91 100 95 95 90 95 99 98 97 93 94 100 91 99 96 98 93 96 96 93 92 96 94 92 96 93 98 98 99 95 90 93 94 91 94 94 92 100 90 97 95 92 91 90 100 90 95 91 90 92 97 98 98 95 91 94 90 94 91 93 94 96 95 99 91 100 95 90 90 92 99 91 91 98 97 95 94 98 93 91 96 99 100 93 94 96 91 90 90 92 93 94 90 93 99 94 92 98 90 98 94 93 93 91 92 97 94 99 92 91 93 92 97 93 100 90 90 96 99 91 95 95 91 91 100 100 96 96 92 92 93 97 95 96 99 95 91 99 90 94 98 100 92 95 97 90 96 91 93 100 98 99 100 97 94 96 95 90 98 95 92 93 98 100 92 97 95 97 99 100 92 93 96 91 99 94 96 96 92 93 93 97 90 98 90 97 92 98 100 100 92 90 98 93 99 96 98 97 98 92 96 92 98 93 96 97 93 98 95 90 97 94 98 97 92 95 98 91 90 93 96 96 91 98 93 98 97 97 95 91 95 96 98 96 96 99 91 96 98 100 96 97 91 94 93 93 92 95 6 9 7 13 14 20 
140 183 62 60 126 179 135 186 99 51 140 66 15 12 132 50 171 106 13 128 181 107 1 9 16 
1.0104 1.049 1.0485 1.0419 1.0043 1.0332 1.0204 1.0157 1.0128 1.0294 1.0191 1.027 1.0176 1.0405 1.0407 1.0467 1.0002 1.0223 1.0285 1.0412 1.0093 1.0489 1.0027 1.0099 1.0402 
1.0081 1.0088 1.0029 1.0185 1.0145 1.04 1.0049 1.0032 1.0296 1.0418 1.0438 1.0242 1.0206 1.0025 1.0331 1.0361 1.049 1.0108 1.0337 1.0471 1.0009 1.0125 1.0326 1.0063 1.0036 
1.0093 1.0459 1.0251 1.005 1.0058 1.0475 1.028 1.0329 1.0348 1.0333 1.0412 1.029 1.0488 1.0054 1.0155 1.0299 1.0298 1.024 1.0309 1.038 1.023 1.033 1.0015 1.0068 1.0122 
1.0433 1.0132 1.0125 1.011 1.029 1.047 1.0266 1.0212 1.0446 1.0209 1.0168 1.0496 1.035 1.0415 1.0003 1.0206 1.027 1.0056 1.0039 1.0163 1.0452 1.032 1.011 1.0178 1.0397 
1.0327 1.0368 1.0172 1.036 1.0229 1.0444 1.0054 1.045 1.0478 1.036 1.0461 1.0449 1.0275 1.0484 1.0225 1.0043 1.0374 1.0471 1.0419 1.0493 1.023 1.0256 1.0469 1.0217 1.0415 
1.0463 1.0364 1.0276 1.0016 1.019 1.0208 1.0448 1.0333 1.0377 1.0149 1.0214 1.0247 1.0275 1.0358 1.0247 1.0014 1.0019 1.0493 1.0081 1.0171 1.0003 1.0318 1.0427 1.0446 1.0248 
1.0081 1.0256 1.0058 1.0014 1.0205 1.0283 1.0038 1.0098 1.0015 1.025 1.0138 1.0273 1.0069 1.0403 1.0191 1.0311 1.0143 1.034 1.0222 1.026 1.0287 1.0458 1.034 1.0297 1.024 
1.0283 1.049 1.0482 1.0006 1.0474 1.0455 1.025 1.0224 1.0379 1.0138 1.0056 1.0386 1.0355 1.0272 1.0337 1.0487 1.0378 1.0491 1.0373 1.0114 1.004 1.0288 1.0002 1.0117 1.0269 
1.0446 1.0179 1.023 1.0449 1.0275 1.0354 1.0181 1.0038 1.0007 1.0089 1.0369 1.0099 1.011 1.0389 1.0034 1.0221 1.0083 1.0163 1.028 1.0052 1.0215 1.0302 1.0138 1.0356 1.0286 
1.0386 1.0185 1.0376 1.0232 1.0211 1.0018 1.0155 1.0386 1.0393 1.0369 1.0057 1.0468 1.0279 1.0012 1.0184 1.037 1.0109 1.0355 1.042 1.0222 1.0274 1.0185 1.0495 1.0181 1.0201 
1.0487 1.0193 1.0259 1.0316 1.0271 1.0196 1.034 1.0178 1.0032 1.0163 1.0228 1.009 1.0208 1.0304 1.0151 1.0001 1.0222 1.0158 1.0286 1.0318 1.0145 1.0212 1.0333 1.0064 1.0476 
1.0323 1.0085 1.0404 1.0028 1.0301 1.0359 1.0077 1.0207 1.0407 1.0053 1.032 1.037 1.0065 1.0181 1.0235 1.0233 1.0156 1.0432 1.0021 1.0066 1.0073 1.0221 1.0219 1.0403 1.0059 
1.0158 1.0418 1.044 1.0429 1.0393 1.0096 1.0112 1.0165 1.0287 1.0475 1.0167 1.0323 1.0186 1.0012 1.024 1.0254 1.0001 1.026 1.0207 1.0448 1.0172 1.0049 1.0166 1.0349 1.0095 
1.005 1.0116 1.001 1.0251 1.0272 1.013 1.0378 1.0267 1.0448 1.0473 1.03 1.0085 1.0353 1.0172 1.0342 1.0173 1.0416 1.035 1.0401 1.0137 1.0036 1.045 1.0066 1.0102 1.0167 
1.0163 1.0253 1.0353 1.019 1.0074 1.0468 1.0422 1.0148 1.0402 1.0478 1.0269 1.0231 1.0182 1.0429 1.009 1.021 1.0305 1.0373 1.0455 1.0062 1.0198 1.0181 1.011 1.0241 1.0113 
1.0227 1.0061 1.0227 1.0266 1.0179 1.004 1.0109 1.044 1.0472 1.0174 1.0044 1.0265 1.0246 1.0212 1.0484 1.038 1.0231 1.0016 1.0444 1.0439 1.0265 1.009 1.0199 1.0174 1.0083 
1.0083 1.0495 1.0299 1.0016 1.0492 1.0201 1.0136 1.0076 1.0249 1.0205 1.0018 1.0396 1.0061 1.0243 1.0351 1.0216 1.022 1.027 1.0415 1.0151 1.0218 1.0349 1.0258 1.0139 1.0032 
1.0303 1.0345 1.021 1.006 1.0035 1.0037 1.0256 1.0298 1.0468 1.0184 1.0217 1.0268 1.0005 1.0351 1.0417 1.0366 1.04 1.0299 1.0294 1.0466 1.0456 1.0229 1.0487 1.049 1.0377 
1.0496 1.0119 1.0251 1.0035 1.0192 1.0427 1.0336 1.0049 1.0212 1.0055 1.0244 1.0071 1.0067 1.003 1.0032 1.0146 1.0391 1.0357 1.0113 1.0455 1.0406 1.0498 1.0483 1.0326 1.0106 
1.0381 1.005 1.0028 1.0352 1.0367 1.0082 1.0112 1.0348 1.0125 1.0148 1.0226 1.0286 1.0439 1.0321 1.0197 1.0416 1.0098 1.0481 1.0086 1.0418 1.0202 1.0088 1.0432 1.0026 1.0244 
1.0256 1.0118 1.0129 1.0259 1.0045 1.0271 1.0461 1.0473 1.0091 1.024 1.045 1.0329 1.0308 1.0107 1.0143 1.0114 1.0037 1.0303 1.036 1.0139 1.0018 1.004 1.0165 1.0137 1.0332 
1.0288 1.016 1.0188 1.0483 1.0346 1.0059 1.019 1.042 1.0186 1.0333 1.0456 1.0172 1.0333 1.0258 1.0086 1.0465 1.0459 1.0001 1.0465 1.0085 1.0466 1.0385 1.0267 1.0265 1.0305 
1.0451 1.0378 1.01 1.0253 1.0267 1.0441 1.0148 1.001 1.0379 1.0488 1.0068 1.0185 1.0028 1.0278 1.0383 1.0316 1.0276 1 1.0391 1.0426 1.022 1.0007 1.0037 1.0053 1.0399 
1.0218 1.0005 1.0178 1.0374 1.0497 1.0241 1.02 1.0309 1.0362 1.0415 1.0216 1.013 1.0014 1.0074 1.0351 1.0309 1.0489 1.0372 1.002 1.03 1.0294 1.0449 1.0055 1.0435 1.012 
1.0335 1.0238 1.0171 1.0262 1.0427 1.0283 1.025 1.0422 1.0031 1.047 1.0082 1.0495 1.0164 1.0189 1.0136 1.0377 1.045 1.0461 1.019 1.0132 1.0241 1.0035 1.02 1.0201 1.0098 
1.0307 1.0378 1.0024 1.0143 1.0183 1.0235 1.0468 1.0311 1.0303 1.0462 1.0341 1.0314 1.0336 1.0416 1.0259 1.0035 1.0418 1.0473 1.0416 1.0455 1.0327 1.0346 1.0136 1.0333 1.0261 
1.0056 1.0306 1.0342 1.0215 1.0486 1.0482 1.0055 1.0474 1.0028 1.0261 1.0353 1.0105 1.035 1.028 1.0304 1.0203 1.0351 1.0241 1.0135 1.0132 1.0436 1.0266 1.0067 1.0143 1.0416 
1.0419 1.0093 1.0134 1.0341 1.0167 1.0101 1.0467 1.0326 1.0017 1.0057 1.0006 1.0314 1.0349 1.0459 1.003 1.0381 1.0264 1.0382 1.0188 1.037 1.018 1.0402 1.0025 1.0157 1.0229 
1.0081 1.0448 1.0298 1.0403 1.0277 1.004 1.0341 1.0401 1.0083 1.0327 1.0431 1.0421 1.0162 1.0475 1.0273 1.0286 1.0125 1.0184 1.028 1.0134 1.0201 1.033 1.0205 1.0335 1.0399 
1.0228 1.0366 1.0376 1.01 1.0474 1.0264 1.0275 1.0137 1.0023 1.0242 1.041 1.0493 1.0086 1.0014 1.0494 1.0185 1.0281 1.0182 1.0168 1.0367 1.0494 1.0198 1.0294 1.0275 1.0185 
1.0232 1.0056 1.0278 1.0239 1.026 1.0204 1.0059 1.0182 1.0393 1.0463 1.0302 1.0261 1.0424 1.0349 1.0079 1.0061 1.042 1.0486 1.0184 1.0335 1.0029 1.0102 1.045 1.03 1.0337 
1.0294 1.0173 1.0043 1 1.0072 1.0026 1.041 1.0198 1.0225 1.0129 1.0164 1.0478 1.0377 1.0275 1.0469 1.0153 1.0158 1.0321 1.0214 1.0453 1.0428 1.017 1.0122 1.0236 1.0113 
1.0225 1.0353 1.0316 1.0061 1.0187 1.0117 1.0392 1.0112 1.0212 1.0418 1.0178 1.0275 1.0155 1.015 1.0422 1.0331 1.0067 1.0129 1.0051 1.036 1.0018 1.0401 1.0365 1.0065 1.0341 
1.0133 1.0267 1.0224 1.0198 1.0267 1.0042 1.0229 1.0365 1.0015 1.017 1.0014 1.0495 1.0427 1.0022 1.0214 1.0255 1.0264 1.0298 1.017 1.0265 1.043 1.0328 1.0455 1.0043 1.013 
1.0344 1.0129 1.0249 1.0218 1.0197 1.0104 1.0221 1.0203 1.0079 1.0185 1.028 1.0179 1.0138 1.0055 1.0296 1.0046 1.0182 1.0306 1.0231 1.0282 1.0121 1.0151 1.0482 1.0232 1.0291 
1.0154 1.0413 1.0164 1.0128 1.0029 1.0186 1.0316 1.0479 1.0434 1.022 1.0393 1.0033 1.0082 1.0194 1.0347 1.0271 1.0031 1.0484 1.0275 1.004 1.0235 1.0313 1.0409 1.0314 1.0053 
1.0274 1.0002 1.0028 1.0257 1.0446 1.0322 1.0153 1.0199 1.0214 1.0198 1.0411 1.0373 1.0263 1.0038 1.0449 1.0222 1.0206 1.0289 1.0437 1.0465 1.0167 1.0337 1.0452 1.0413 1.0437 
1.0093 1.0249 1.0496 1.0121 1.0184 1.0089 1.0339 1.0297 1.0032 1.0335 1.0286 1.0375 1.031 1.0211 1.0245 1.0077 1.034 1.0051 1.0158 1.0415 1.0264 1.0311 1.0212 1.0276 1.0431 
1.0225 1.0263 1.0421 1.049 1.0171 1.0292 1.006 1.0407 1.0443 1.0455 1.0099 1.046 1.0131 1.0484 1.0227 1.0243 1.0047 1.0115 1.0136 1.0285 1.0127 1.02 1.0362 1.0253 1.0301 
1.0177 1.0226 1.0007 1.0023 1.0129 1.0217 1.0306 1.0393 1.0413 1.0144 1.0397 1.0002 1.006 1.0224 1.0381 1.0287 1.0081 1 1.0403 1.0128 1.0348 1.0285 1.0204 1.0418 1.0436 
1.0238 1.0146 1.016 1.0243 1.006 1.0137 1.0202 1.0342 1.0383 1.009 1.0039 1.0397 1.0378 1.033 1.0153 1.0203 1.0431 1.0266 1.0123 1.0417 1.0166 1.0373 1.0394 1.0228 1.0216 
1.0228 1.0136 1.0222 1.0179 1.0445 1.0385 1.0097 1.0096 1.007 1.017 1.0024 1.008 1.0012 1.0472 1.0185 1.0019 1.0381 1.0445 1.0212 1.0398 1.0079 1.0202 1.0004 1.0019 1.0278 
1.0272 1.0263 1.0342 1.0173 1.0322 1.0105 1.0314 1.0456 1.0275 1.0171 1.0176 1.0356 1.0368 1.0333 1.0267 1.008 1.0082 1.0461 1.0157 1.0435 1.0281 1.0322 1.0101 1.0025 1.0431 
1.0273 1.0138 1.0058 1.0414 1.0382 1.0283 1.0496 1.0059 1.0465 1.0231 1.0497 1.0117 1.0039 1.0002 1.0425 1.0497 1.0495 1.0301 1.0289 1.0236 1.0198 1.0483 1.0244 1.0382 1.0442 
1.032 1.028 1.0012 1.0293 1.031 1.0281 1.0248 1.0481 1.0285 1.0234 1.015 1.0179 1.0275 1.026 1.0423 1.0201 1.0106 1.0487 1.0038 1.048 1.0397 1.0246 1.0123 1.0266 1.0101 
1.0058 1.0303 1.013 1.0079 1.0138 1.0463 1.0093 1.0316 1.0462 1.03 1.0221 1.0197 1.0417 1.0479 1.0009 1.0285 1.0235 1.0219 1.0164 1.0421 1.0187 1.0136 1.0077 1.0262 1.0485 
1.0025 1.0226 1.0451 1.0111 1.0267 1.0487 1.0149 1.0373 1.0139 1.0458 1.0299 1.0223 1.0477 1.0309 1.0454 1.0478 1.0195 1.0351 1.0187 1.0282 1.0042 1.0263 1.0067 1.035 1.0376 
1.0189 1.0051 1.024 1.0033 1.0242 1.0484 1.049 1.0269 1.0466 1.0363 1.0257 1.0146 1.0472 1.0308 1.0102 1.0222 1.0094 1.0332 1.0198 1.0445 1.0221 1.0298 1.033 1.046 1.0047 
1.0416 1.0498 1.0452 1.0423 1.0393 1.0062 1.0396 1.0262 1.0405 1.0391 1.032 1.0043 1.0383 1.0431 1.0376 1.024 1.017 1.0231 1.0309 1.0463 1.0431 1.0343 1.0286 1.0337 1.047 
1.0075 1.0253 1.0162 1.0203 1.0409 1.0075 1.0025 1.0355 1.0272 1.0057 1.0335 1.0243 1.0283 1.0433 1.0474 1.0328 1.0228 1.0264 1.037 1.0292 1.0431 1.0469 1.0476 1.0048 1.0393 
1.0438 1.0245 1.043 1.0358 1.0242 1.0341 1.0412 1.0215 1.0319 1.0004 1.005 1.0036 1.0272 1.0157 1.0153 1.0117 1.0305 1.0417 1.0424 1.0122 1.0158 1.0306 1.0376 1.0348 1.0233 
1.0041 1.0102 1.0274 1.0316 1.0185 1.0348 1.038 1.0211 1.0302 1.0204 1.0299 1.0485 1.0412 1.0267 1.0485 1.0425 1.0355 1.0206 1.0226 1.0427 1.013 1.0365 1.0059 1.0208 1.0058 
1.0233 1.0346 1.0458 1.009 1.0476 1.039 1.016 1.0418 1.023 1.044 1.0437 1.0036 1.033 1.0139 1.0475 1.0157 1.0445 1.0316 1.0093 1.0407 1.0015 1.0333 1.0457 1.0058 1.0368 
1.0423 1.0168 1.0057 1.042 1.0237 1.0379 1.0347 1.049 1.0419 1.0367 1.0278 1.0428 1.0111 1.0111 1.0095 1.0348 1.0338 1.0336 1.0282 1.0127 1.0466 1.0105 1.0304 1.0139 1.0419 
1.0161 1.0374 1.0311 1.0252 1.0362 1.0427 1.0183 1.0499 1.0071 1.0098 1.0153 1.0068 1.0492 1.0141 1.0306 1.0197 1.0472 1.0442 1.0478 1.0005 1.0415 1.0368 1.0383 1.0303 1.0161 
1.0293 1.0279 1.0166 1.0347 1.0201 1.0255 1.0347 1.0429 1.0176 1.0451 1.0045 1.0151 1.0044 1.0396 1.0255 1.0196 1.0105 1.0077 1.0242 1.0092 1.0075 1.0049 1.0269 1.0237 1.0274 
1.0472 1.0419 1.0304 1.0111 1.0092 1.0332 1.0081 1.0097 1.0465 1.0354 1.0008 1.0081 1.006 1.0001 1.0389 1.0067 1.014 1.006 1.0474 1.0462 1.0239 1.015 1.0016 1.0246 1.0308 
1.0301 1.0019 1.0479 1.038 1.0114 1.0378 1.0085 1.0202 1.047 1.0307 1.009 1.0218 1.0151 1.0442 1.004 1.0274 1.0458 1.0032 1.0412 1.034 1.0475 1.0213 1.0149 1.0454 1.0457 
1.0274 1.0273 1.0467 1.0109 1.0253 1.0076 1.0405 1.0329 1.025 1.0191 1.0215 1.0409 1.0327 1.0272 1.0065 1.0092 1.0318 1.0115 1.0262 1.0115 1.0309 1.012 1.0201 1.0218 1.0123 
1.0165 1.0407 1.026 1.0325 1.0183 1.0412 1.0441 1.0363 1 1.036 1.0214 1.0348 1.0005 1.0032 1.022 1.0055 1.0049 1.0225 1.0257 1.0464 1.0423 1.0132 1.0296 1.0031 1.0264 
1.0283 1.0269 1.0231 1.019 1.0115 1.0151 1.0121 1.005 1.033 1.0305 1.0329 1.0477 1.0371 1.0063 1.0349 1.0209 1.0223 1.0479 1.0422 1.0327 1.003 1.038 1.0308 1.013 1.0411 
1.0422 1.0386 1.0406 1.0384 1.037 1.0004 1.0049 1.0098 1.0091 1.0166 1.0186 1.0327 1.012 1.0198 1.0473 1.0237 1.0492 1.0314 1.0299 1.013 1.0116 1.0476 1.043 1.0152 1.038 
1.0309 1.0191 1.0379 1.0329 1.0479 1.0477 1.026 1.04 1.0135 1.0245 1.0173 1.0147 1.0363 1.0024 1.0046 1.002 1.0096 1.0236 1.0486 1.0266 1.0358 1.0151 1.0475 1.036 1.0046 
1.0428 1.013 1.0007 1.0284 1.0164 1.023 1.0247 1.0063 1.0096 1.0198 1.0093 1.0338 1.0176 1.0285 1.0044 1.0472 1.0119 1.049 1.0306 1.0098 1.044 1.0493 1.012 1.0412 1.0016 
1.0184 1.0272 1.0169 1 1.0221 1.0145 1.001 1.0106 1.0451 1.0384 1.0414 1.0219 1.0102 1.0182 1.0487 1.0468 1.0284 1.005 1.0288 1.0241 1.0254 1.0205 1.0142 1.0257 1.0272 
1.0303 1.0267 1.032 1.0092 1.0187 1.0489 1.0357 1.0152 1.017 1.0067 1.0208 1.0406 1.0244 1.0443 1.0119 1.0348 1.0243 1.0336 1.0335 1.0168 1.014 1.0028 1.0277 1.0305 1.0351 
1.0029 1.0497 1.0262 1.0359 1.0067 1.0043 1.0058 1.0138 1.0221 1.0193 1.0221 1.041 1.0421 1.0445 1.0263 1 1.0053 1.0163 1.0451 1.0016 1.0491 1.018 1.0413 1.0393 1.0123 
1.0023 1.0083 1.0042 1.012 1.042 1.0336 1.0193 1.036 1.0468 1.0125 1.0447 1.0157 1.0213 1.0065 1.0392 1.0252 1.0019 1.0352 1.0173 1.0247 1.0082 1.0296 1.0383 1.0225 1.0024 
1.0103 1.0481 1.0288 1.0085 1.0451 1.0185 1.0144 1.0033 1.0295 1.0003 1.0178 1.0109 1.0361 1.0119 1.0183 1.0414 1.0453 1.0336 1.0266 1.0391 1.0381 1.0188 1.0376 1.0334 1.0176 
1.0286 1.0223 1.0425 1.0172 1.0482 1.0016 1.0456 1.0099 1.032 1.0413 1.0249 1.0138 1.0247 1.0169 1.0079 1.0045 1.0031 1.0066 1.0212 1.0237 1.0413 1.0461 1.0367 1.0143 1.0054 
1.0468 1.0321 1.0037 1.0195 1.0013 1.0105 1.0178 1.0491 1.0053 1.0053 1.045 1.0041 1.0191 1.0091 1.0467 1.0176 1.0197 1.021 1.0057 1.0288 1 1.0186 1.0061 1.0331 1.0096 
1.0217 1.0228 1.0243 1.0258 1.0094 1.0086 1.0326 1.0014 1.0062 1.0169 1.0428 1.0147 1.0038 1.0366 1.0187 1.0193 1.0328 1.0099 1.0313 1.0344 1.0297 1.049 1.0353 1.0118 1.0354 
1.0433 1.0327 1.0035 1.0041 1.0362 1.0301 1.0064 1.0427 1.0273 1.025 1.0202 1.01 1.046 1.0303 1.0443 1.0331 1.0054 1.0143 1.0094 1.0143 1.0003 1.0007 1.0243 1.03 1.0263 
1.0397 1.0173 1.0214 1.0476 1.0084 1.0171 1.0494 1.0362 1.0196 1.0276 1.0142 1.0261 1.0236 1.0446 1.034 1.0185 1.0457 1.0058 1.0357 1.0469 1.0297 1.0173 1.0232 1.018 1.0176 
1.027 1.0097 1.0413 1.0473 1.0323 1.0106 1.0421 1.0169 1.0437 1.0217 1.0027 1.0295 1.0264 1.0222 1.0151 1.0236 1.0285 1.0415 1.0289 1.0157 1.0202 1.0498 1.0183 1.0361 1.0116 
1.0109 1.011 1.0084 1.0139 1.0453 1.0138 1.0212 1.0423 1.0383 1.0177 1.0272 1.0001 1.0234 1.0034 1.0086 1.0264 1.0383 1.0264 1.0345 1.0325 1.0321 1.0212 1.0134 1.0496 1.033 
1.0307 1.0214 1.0008 1.0101 1.036 1.0109 1.0269 1.0104 1.0367 1.0333 1.0189 1.0301 1.0393 1.0174 1.0134 1.0419 1.0363 1.0317 1.0025 1.0096 1.0129 1.0379 1.0345 1.0328 1.007 
1.0247 1.0426 1.0161 1.0098 1.0122 1.0136 1.0053 1.0163 1.0018 1.0221 1.0203 1.0252 1.0053 1.0045 1.0057 1.0015 1.0443 1.0191 1.0206 1.0352 1.0334 1.0313 1.0159 1.0366 1.015 
1.0163 1.0152 1.0411 1.036 1.0206 1.0136 1.0079 1.0447 1.0159 1.0228 1.0037 1.0477 1.0301 1.006 1.0496 1.0109 1.0447 1.0243 1.0498 1.0429 1.0233 1.0154 1.0086 1.0439 1.0425 
1.0214 1.0332 1.0009 1.0473 1.0029 1.0339 1.031 1.006 1.0017 1.0027 1.0385 1.047 1.0163 1.0255 1.0352 1.0028 1.0131 1.0164 1.0053 1.0151 1.0493 1.047 1.0188 1.0207 1.0012 
1.0182 1.0482 1.0255 1.0385 1.0174 1.004 1.0388 1.0262 1.0485 1.029 1.0423 1.0455 1.019 1.0193 1.0414 1.016 1.023 1.0123 1.0325 1.0232 1.0051 1.003 1.0021 1.0098 1.022 
1.0485 1.0214 1.0031 1.0006 1.015 1.031 1.0155 1.0494 1.0035 1.0101 1.0175 1.0124 1.0162 1.0058 1.037 1.0174 1.035 1.0373 1.0102 1.0118 1.016 1.0071 1.0205 1.0143 1.0285 
1.0095 1.0137 1.0443 1.021 1.011 1.0209 1.012 1.0214 1.0314 1.0089 1.0316 1.0087 1.017 1.0472 1.0295 1.0188 1.0125 1.0487 1.0275 1.0149 1.0364 1.0177 1.0136 1.0207 1.0065 
1.0137 1.0079 1.0498 1.0089 1.0092 1.0103 1.0128 1.0364 1.0208 1.0162 1.0083 1.0448 1.0431 1.0421 1.0498 1.0143 1.032 1.0135 1.0484 1.0261 1.0079 1.036 1.039 1.0481 1.0487 
1.0289 1.0006 1.045 1.0213 1.0246 1.0087 1.0338 1.043 1.0322 1.0191 1.0282 1.0381 1.005 1.0486 1.0121 1.0014 1.0268 1.0234 1.0401 1.0086 1.0354 1.0404 1.0189 1.0112 1.0456 
1.002 1.0198 1.0015 1.0295 1.0095 1.042 1.0109 1.0086 1.0432 1.0177 1.0124 1.0288 1.0365 1.0399 1.0387 1.0119 1.0116 1.0141 1.0055 1.0331 1.0242 1.0416 1.0054 1.0311 1.0477 
1.0287 1.0112 1.0257 1.0276 1.0077 1.0356 1.0295 1.0303 1.0348 1.0138 1.0456 1.0342 1.0294 1.049 1.0343 1.0055 1.0315 1.0375 1.0456 1.0158 1.0486 1.0153 1.0229 1.0112 1.0373 
1.0147 1.0471 1.0085 1.0366 1.0174 1.0093 1.0022 1.0404 1.0338 1.0407 1.0039 1.0493 1.0182 1.0227 1.0406 1.0029 1.019 1 1.0476 1.025 1.0342 1.026 1.0432 1.0194 1.0122 
1.0312 1.0161 1.0238 1.034 1.0241 1.0179 1.0136 1.0345 1.0097 1.0253 1.0187 1.0112 1.0478 1.0237 1.0038 1.0176 1.019 1.0428 1.019 1.0452 1.0048 1.0256 1.0004 1.0072 1.0294 
1.0123 1.0342 1.0273 1.0096 1.0046 1.0248 1.0337 1.0364 1.0382 1.0055 1.0064 1.023 1.0013 1.0069 1.0457 1.0282 1.0025 1.0196 1.0149 1.0087 1.022 1.0347 1.0425 1.0166 1.0223 
1.0289 1.0303 1.0115 1.0281 1.0253 1.0464 1.0348 1.0254 1.0149 1.0431 1.0332 1.0041 1.0203 1.0111 1.0457 1.0141 1.0241 1.0212 1.0297 1.0471 1.0028 1.0375 1.0433 1.0029 1.0039 
1.0301 1.0295 1.0233 1.0049 1.0239 1.0302 1.0213 1.024 1.0071 1.0308 1.0069 1.024 1.0005 1.0271 1.035 1.0083 1.0467 1.0275 1.0294 1.0462 1.0425 1.0147 1.0267 1.0164 1.0338 
1.0333 1.0336 1.0281 1.0415 1.0171 1.0134 1.043 1.032 1.004 1.0427 1.0271 1.0156 1.0171 1.0337 1.0293 1.0132 1.0494 1.0101 1.0109 1.0385 1.0157 1.0238 1.046 1.0002 1.0454 
1.0304 1.0377 1.0379 1.0093 1.0435 1.0488 1.0336 1.0487 1.0089 1.0384 1.0172 1.0488 1.0323 1.018 1.023 1.0011 1.0187 1.0357 1.0337 1.0289 1.0007 1.0099 1.0026 1.0102 1.032 
1.0488 1.0178 1.0398 1.0486 1.0089 1.016 1.0456 1.0035 1.0283 1.0157 1.0363 1.0098 1.0281 1.0267 1.0431 1.0405 1.0269 1.0203 1.0015 1.0088 1.02 1.0486 1.0426 1.0056 1.0098 
1.0258 1.0042 1.0216 1.0105 1.0136 1.0083 1.0135 1.0453 1.0117 1.0366 1.0314 1.0448 1.0301 1.0162 1.0111 1.0466 1.0099 1.0203 1.0323 1.014 1.0195 1.0128 1.0352 1.0388 1.038 
1.006 1.0269 1.0468 1.0354 1.0257 1.0006 1.0308 1.0086 1.0229 1.0267 1.0325 1.0011 1.0378 1.0041 1.0296 1.0482 1.0036 1.0147 1.0046 1.0021 1.0404 1.0121 1.0425 1.0129 1.0458 
1.0382 1.0259 1.0223 1.0299 1.0426 1.041 1.0463 1.0304 1.0483 1.0059 1.0296 1.0036 1.0438 1.0406 1.0039 1.032 1.0276 1.0406 1.0471 1.0487 1.0302 1.0257 1.0244 1.006 1.0292 
1.0491 1.0419 1.0341 1.0276 1.0376 1.0326 1.0155 1.0199 1.0471 1.0157 1.0419 1.0356 1.0145 1.0295 1.0067 1.039 1.0381 1.0012 1.0281 1.0446 1.0136 1.0255 1.0124 1.0404 1.0292 
1.0072 1.0165 1.0074 1.0329 1.0157 1.0463 1.0297 1.026 1.0332 1.0426 1.0253 1.0484 1.0087 1.0456 1.0439 1.0137 1.0035 1.0293 1.0493 1.0462 1.011 1.0345 1.0496 1.0174 1.0476 
1.0039 1.002 1.0387 1.0459 1.0392 1.0085 1.0027 1.0142 1.0192 1.0174 1.0146 1.0431 1.0445 1.0327 1.0355 1.0369 1.0062 1.0423 1.0395 1.0196 1.0433 1.0345 1.0447 1.017 1.0212 
1.0153 1.0106 1.0294 1.004 1.0319 1.001 1.0395 1.018 1.0112 1.0493 1.0495 1.0017 1.0374 1.0255 1.044 1.0142 1.0149 1.0366 1.0327 1.0309 1.0053 1.0418 1.0299 1.0482 1.005 
1.0438 1.0093 1.0299 1.0473 1.0231 1.0342 1.0225 1.0313 1.0071 1.0284 1.0163 1.0454 1.0293 1.0212 1.0296 1.0333 1.0311 1.0095 1.0298 1.006 1.0452 1.0267 1.034 1.0171 1.0323 
1.0261 1.0304 1.0459 1.0151 1.0241 1.0441 1.0094 1.0425 1.0034 1.0174 1.0424 1.0343 1.0334 1.044 1.0376 1.0303 1.0172 1.0396 1.031 1.0063 1.0108 1.0237 1.0259 1.0109 1.0306 
1.0408 1.0053 1.039 1.0392 1.0105 1.0377 1.0339 1.0233 1.0049 1.0378 1.036 1.0474 1.0452 1.0212 1.0117 1.043 1.0049 1.0341 1.0277 1.0436 1.022 1.0442 1.0228 1.0169 1.0063 
1.0069 1.012 1.0267 1.0444 1.0358 1.0372 1.037 1.0426 1.0036 1.0477 1.0352 1.0114 1.0062 1.018 1.0398 1.0109 1.0381 1.0144 1.0049 1.0283 1.0219 1.022 1.001 1.0093 1.018 
1.0356 1.0402 1.0185 1.004 1.0224 1.0073 1.0166 1.0497 1.04 1.0341 1.0084 1.0027 1.0334 1.0341 1.0341 1.0469 1.0185 1.039 1.0234 1.0486 1.0296 1.0266 1.0115 1.0388 1.0007 
1.0255 1.0261 1.0091 1.0463 1.0158 1.0113 1.0477 1.0431 1.0493 1.0017 1.0357 1.0114 1.0102 1.0306 1.0134 1.0172 1.0021 1.0074 1.0125 1.0413 1.0396 1.0281 1.0161 1.0087 1.0285 
1.0155 1.0069 1.0154 1.0427 1.0412 1.0096 1.0212 1.0384 1.0238 1.0037 1.0219 1.0146 1.0326 1.0045 1.026 1.0437 1.0149 1.0277 1.017 1.0293 1.0034 1.0134 1.0266 1.0201 1.0433 
1.0404 1.0203 1.0099 1.0049 1.0195 1.0317 1.0016 1.0057 1.0124 1.0134 1.0398 1.0484 1.0047 1.0429 1.0464 1.0287 1.0424 1.0343 1.0062 1.032 1.0008 1.0394 1.027 1.0276 1.0112 
1.0183 1.007 1.0231 1.0128 1.0347 1.0275 1.0127 1.0081 1.0322 1.0097 1.0054 1.0003 1.0345 1.0068 1.0181 1.0195 1.0368 1.0011 1.0186 1.0296 1.0353 1.0259 1.0076 1.0012 1.0174 
1.0382 1.0358 1.0032 1.0485 1.0191 1.0148 1.0103 1.0359 1.0477 1.0264 1.0357 1.0216 1.0376 1.0184 1.0031 1.0065 1.0464 1.0111 1.0258 1.0273 1.0429 1.0023 1.0484 1.0168 1.0253 
1.0282 1.0472 1.0316 1.0036 1.0492 1.0026 1.0466 1.0201 1.0344 1.0099 1.0285 1.0442 1.0273 1.0186 1.0117 1.0409 1.0331 1.011 1.02 1.014 1.0389 1.029 1.0175 1.0318 1.0481 
1.0247 1.0467 1.0091 1.0066 1.0393 1.0062 1.0466 1.0214 1.0253 1.0446 1.0032 1.0216 1.0117 1.049 1.0236 1.0323 1.0268 1.0342 1.0497 1.0416 1.0187 1.0093 1.0152 1.004 1.0184 
1.0494 1.0438 1.0318 1.0126 1.015 1.0204 1.0259 1.0266 1.0461 1.0477 1.0391 1.0213 1.0294 1.034 1.0291 1.0126 1.024 1.0255 1.0452 1.0133 1.043 1.0091 1.0479 1.0375 1.0341 
1.0069 1.0133 1.04 1.0408 1.034 1.0408 1.0259 1.0128 1.0416 1.007 1.02 1.0165 1.025 1.0218 1.0192 1.0053 1.0089 1.0297 1.0432 1.0324 1.0224 1.0468 1.0391 1.0256 1.0449 
1.0195 1.0314 1.0186 1.0418 1.0439 1.0069 1.026 1.0338 1.0003 1.0276 1.0092 1.023 1.0127 1.0253 1.0193 1.038 1.0234 1.0368 1.0112 1.0471 1.0038 1.0212 1.0406 1.0357 1.0109 
1.0003 1.0328 1.0282 1.0371 1.0125 1.0387 1.0058 1.0161 1.0097 1.041 1.006 1.0168 1.0041 1.0448 1.0023 1.013 1.0463 1.0198 1.0198 1.0492 1.0168 1.0416 1.0215 1.0457 1.0376 
1.0099 1.0469 1.0038 1.0022 1.0016 1.045 1.0211 1.0269 1.0162 1.0102 1.0268 1.0251 1.0393 1.0101 1.0395 1.0345 1.0434 1.0447 1.0073 1.0296 1.0281 1.0046 1.0376 1.027 1.0422 
1.0471 1.0208 1.0047 1.0287 1.0273 1.0412 1.0206 1.0182 1.0498 1.0447 1.0203 1.0479 1.0344 1.0474 1.0003 1.0167 1.0087 1.03 1.0202 1.0331 1.0495 1.0429 1.0119 1.0038 1.0357 
1.0203 1.0416 1.0308 1.0365 1.039 1.0432 1.0481 1.0435 1.0154 1.0015 1.0465 1.0106 1.0027 1.0497 1.0401 1.0435 1.0364 1.0306 1.0223 1.0446 1.0294 1.0439 1.0397 1.003 1.0283 
1.0488 1.0123 1.0232 1.0354 1.0137 1.0254 1.0227 1.0478 1.0495 1.0335 1.0373 1.0351 1.0417 1.0269 1.0288 1.0315 1.0239 1.0138 1.0305 1.0485 1.0317 1.0476 1.0472 1.0298 1.0499 
1.0472 1.017 1.0129 1.0439 1.0358 1.0112 1.044 1.0435 1.0259 1.0004 1.0019 1.0318 1.0026 1.0345 1.0261 1.0473 1.0308 1.0002 1.0189 1.005 1.0168 1.0155 1.0387 1.0163 1.0326 
1.0199 1.0298 1.0127 1.038 1.0457 1.0432 1.0458 1.0354 1.0198 1.042 1.0363 1.0268 1.0326 1.0368 1.0411 1.0057 1.0239 1.0259 1.0235 1.0282 1.0082 1.002 1.0332 1.0466 1.0151 
1.0128 1.0386 1.0236 1.0476 1.0133 1.0311 1.0185 1.0084 1.0467 1.0154 1.0495 1.0357 1.0055 1.0208 1.0025 1.0147 1.0406 1.0425 1.0065 1.0095 1.007 1.0326 1.0475 1.0369 1.0471 
1.0394 1.0435 1.0236 1.0401 1.0066 1.0184 1.0226 1.0417 1.0373 1.0251 1.0078 1.0261 1.0252 1.0168 1.0028 1.0248 1.0215 1.0458 1.0494 1.0398 1.0048 1.0277 1.0441 1.0076 1.0075 
1.0399 1.0422 1.0191 1.0174 1.0228 1.0329 1.0343 1.0262 1.0075 1.0185 1.0185 1.0282 1.01 1.0097 1.006 1.0424 1.0239 1.0179 1.0156 1.0133 1.0057 1.0299 1.0188 1.0124 1.0354 
1.0306 1.0066 1.0322 1.0162 1.0472 1.0217 1.0189 1.0104 1.043 1.005 1.0222 1.0436 1.0024 1.005 1.0199 1.0244 1.0162 1.0299 1.0133 1.0289 1.0177 1.0084 1.011 1.0142 1.0309 
1.0038 1.0147 1.0237 1.0473 1.0396 1.0323 1.0213 1.0122 1.0303 1.0491 1.0405 1.0331 1.0099 1.0033 1.0495 1.0364 1.034 1.0319 1.0247 1.013 1.0293 1.003 1 1.0055 1.0341 
1.0046 1.0051 1.0078 1.031 1.0431 1.0115 1.0157 1.0338 1.026 1.0461 1.0057 1.02 1.0216 1.0053 1.0354 1.0028 1.0486 1.0024 1.0188 1.009 1.0073 1.0372 1.0088 1.0393 1.0356 
1.0444 1.0023 1.0063 1.047 1.0049 1.0336 1.0283 1.0029 1.0358 1.0416 1.0081 1.0084 1.0066 1.0031 1.0057 1.0022 1.0239 1.0332 1.0219 1.0133 1.0337 1.0033 1.0034 1.0356 1.0104 
1.0373 1.0243 1.0004 1.0179 1.0354 1.0484 1.0269 1.0109 1.0118 1.0376 1.0431 1.0113 1.0364 1.0238 1.0367 1.0478 1.0311 1.0498 1.0424 1.0315 1.0091 1.0443 1.0293 1.0489 1.0046 
1.0097 1.0068 1.0208 1.0349 1.0288 1.0155 1.0366 1.0259 1.0206 1.0111 1.0148 1.023 1.0494 1.0074 1.0189 1.0301 1.0006 1.0022 1.0062 1.0352 1.0494 1.0458 1.0011 1.035 1.0185 
1.0003 1.0434 1.0348 1.0042 1.0207 1.0421 1.0487 1.0003 1.0208 1.01 1.0072 1.0363 1.0057 1.0057 1.0185 1.0114 1.0409 1.0423 1.0439 1.0478 1.0064 1.0465 1.019 1.0015 1.0009 
1.0283 1.0169 1.0478 1.0177 1.0425 1.0394 1.0057 1.0301 1.0175 1.0239 1.0385 1.025 1.0117 1.0107 1.0129 1.017 1.0088 1.0095 1.0042 1.0473 1.0328 1.0497 1.0128 1.011 1.0132 
1.0326 1.0365 1.0342 1.0011 1.0142 1.0455 1.0091 1.0112 1.0228 1.0258 1.0241 1.0252 1.0003 1.0018 1.0459 1.0006 1.0249 1.0102 1.0414 1.0219 1.0201 1.0458 1.0229 1.0464 1.043 
1.0446 1.0164 1.0129 1.0273 1.0432 1.0086 1.0083 1.0319 1.049 1.0093 1.004 1.0053 1.0207 1.0157 1.0333 1.014 1.0312 1.0452 1.0088 1.0045 1.0301 1.0312 1.0111 1.0016 1.0234 
1.0001 1.0205 1.0462 1.0195 1.0393 1.0272 1.0209 1.0371 1.0433 1.0203 1.0099 1 1.0102 1.0104 1.0002 1.0098 1.0276 1.0328 1.0251 1.0139 1.0029 1.0178 1.006 1.0021 1.0385 
1.0165 1.0051 1.0358 1.0393 1.039 1.03 1.0192 1.0433 1.015 1.0122 1.0371 1.0294 1.0236 1.0183 1.0288 1.0128 1.0233 1.0025 1.0067 1.0421 1.0399 1.0043 1.034 1.0431 1.0484 
1.0335 1.0142 1.0418 1.0131 1.0299 1.0376 1.0392 1.0012 1.0363 1.02 1.0124 1.0228 1.0447 1.0101 1.0333 1.0462 1.0417 1.0007 1.0261 1.0028 1.0457 1.0274 1.0142 1.0129 1.0375 
1.0155 1.0431 1.0461 1.0265 1.0242 1.0374 1.0214 1.0142 1.04 1.0037 1.0088 1.0058 1.0039 1.0174 1.0255 1.0287 1.0096 1.0127 1.0151 1.0455 1.0188 1.0478 1.0381 1.0283 1.0183 
1.0049 1.034 1.0023 1.0044 1.0214 1.047 1.0443 1.0009 1.0217 1.046 1.031 1.0001 1.0234 1.0291 1.0012 1.0087 1.0452 1.0197 1.0353 1.0118 1.0242 1.0356 1.0332 1.0337 1.0218 
1.0208 1.0445 1.0322 1.0115 1.0479 1.0195 1.0466 1.0379 1.024 1.0225 1.0295 1.036 1.0132 1.0023 1.0468 1.0058 1.0017 1.0472 1.0423 1.045 1.0356 1.0021 1.02 1.0234 1.0054 
1.0356 1.029 1.0116 1.0373 1.0082 1.024 1.0139 1.0128 1.0353 1.0046 1.0376 1.0196 1.0331 1.0216 1.0094 1.0084 1.0295 1.0254 1.0372 1.0055 1.0149 1.036 1.0162 1.0005 1.0168 
1.0256 1.0274 1.0344 1.0481 1.0462 1.0304 1.0472 1.0323 1.0175 1.0397 1.02 1.0053 1.0145 1.0028 1.0122 1.0271 1.0045 1.0365 1 1.0137 1.0318 1.0002 1.0141 1.0281 1.0398 
1.0427 1.0084 1.0355 1.0271 1.013 1.0439 1.0129 1.0387 1.0003 1.0326 1.0439 1.0383 1.032 1.0441 1.0165 1.03 1.0264 1.0024 1.0032 1.0183 1.0485 1.0349 1.0411 1.0143 1.0303 
1.0495 1.003 1.0412 1.0339 1.0393 1.0422 1.0306 1.0172 1.0321 1.0414 1.0343 1.0293 1.0122 1.0281 1.0077 1.0243 1.0404 1.0449 1.0267 1.0097 1.0438 1.0379 1.0066 1.0405 1.0436 
1.024 1.0475 1.0036 1.0187 1.0336 1.0303 1.0453 1.0349 1.043 1.0429 1.027 1.0078 1.0275 1.0199 1.0104 1.0007 1.0065 1.0476 1.0375 1.0272 1.0362 1.0262 1.0381 1.0313 1.0297 
1.0175 1.0147 1.0424 1.035 1.0012 1.0357 1.0058 1.0241 1.0432 1.0139 1.0459 1 1.0166 1.0355 1.0331 1.026 1.0058 1.0118 1.011 1.0248 1.0205 1.0029 1.0446 1.009 1.0327 
1.0029 1.032 1.0001 1.0017 1.0414 1.0085 1.0044 1.0423 1.0143 1.0037 1.0311 1.0355 1.0162 1.0377 1.0263 1.0259 1.0409 1.0204 1.0437 1.0011 1.0398 1.0271 1.0181 1.0047 1.0171 
1.0087 1.0441 1.0127 1.0033 1.0311 1.0235 1.0111 1.0138 1.0182 1.0178 1.0058 1.0316 1.0119 1.0182 1.0154 1.0184 1.0367 1.0389 1.0218 1.0215 1.0213 1.0038 1.0147 1.0427 1.0448 
1.0072 1.0491 1.0477 1.0103 1.0322 1.013 1.0378 1.0123 1.0233 1.0374 1.0244 1.03 1.0217 1.0302 1.0442 1.0185 1.0493 1.0278 1.0442 1.0149 1.001 1.0233 1.0334 1.0253 1.0059 
1.033 1.0181 1.0218 1.0302 1.0081 1.0164 1.0394 1.0448 1.0201 1.0068 1.0089 1.0081 1.007 1.0346 1.0016 1.043 1.0029 1.0172 1.0251 1.0292 1.0125 1.0413 1.0179 1.0434 1.0173 
1.0425 1.0202 1.0262 1.0047 1.0281 1.0482 1.0416 1.0363 1.031 1.0108 1.0062 1.0068 1.0288 1.023 1.0231 1.011 1.046 1.0095 1.0094 1.0149 1.0147 1.0277 1.0186 1.0317 1.0267 
1.0062 1.0416 1.037 1.0184 1.0459 1.0072 1.0182 1.0404 1.0211 1.0208 1.0313 1.0446 1.0024 1.0409 1.0092 1.0125 1.0467 1.0259 1.0141 1.0163 1.0324 1.0167 1.0058 1.0252 1.0047 
1.0235 1.0212 1.0281 1.0366 1.001 1.0369 1.0397 1.0235 1.0317 1.0313 1.0314 1.0234 1.0369 1.035 1.0403 1.0134 1.0321 1.0466 1.0409 1.0366 1.0374 1.047 1.0463 1.0479 1.0105 
1.0356 1.0314 1.0028 1.0429 1.0096 1.0284 1.0475 1.011 1.009 1.0141 1.0226 1.0066 1.0458 1.04 1.0333 1.019 1.0022 1.006 1.023 1.0403 1.0164 1.0186 1.0032 1.0113 1.0467 
1.0408 1.0372 1.0267 1.0124 1.0006 1.0356 1.0316 1.0024 1.046 1.0179 1.0005 1.0112 1.0049 1.0238 1.0333 1.0372 1.035 1.0019 1.0066 1.0228 1.0466 1.0019 1.0236 1.032 1.0069 
1.0356 1.0374 1.0485 1.0366 1.0333 1.0063 1.0104 1.0149 1.0462 1.0127 1.0019 1.0412 1.0179 1.0076 1.0018 1.0214 1.0023 1.0271 1.0172 1.0278 1.026 1.025 1.0473 1.0425 1.0316 
1.0181 1.0034 1.0058 1.0291 1.0159 1.0091 1.0489 1.0236 1.0068 1.0313 1.0098 1.0262 1.0121 1.0116 1.0495 1.0432 1.042 1.0294 1.0221 1.0126 1.034 1.0429 1.0418 1.0293 1.0223 
1.0245 1.0247 1.0368 1.0214 1.0298 1.0077 1.0441 1.0364 1.0337 1.0221 1.0244 1.0131 1.0476 1.0056 1.0211 1.0192 1.0055 1.0314 1.0141 1.0005 1.0304 1.0007 1.0366 1.0192 1.0266 
1.0479 1.021 1.0033 1.0178 1.031 1.0205 1.0208 1.0214 1.0349 1.0384 1.0044 1.0274 1.0178 1.0435 1.0259 1.0468 1.031 1.0306 1.0096 1.0103 1.0275 1.0335 1.0001 1.0295 1.0027 
1.0127 1.044 1.0259 1.0367 1.0492 1.0076 1.0355 1.0048 1.0008 1.0315 1.044 1.0322 1.012 1.0463 1.0293 1.0482 1.0299 1.0066 1.0354 1.0064 1.0016 1.0058 1.024 1.0189 1.0201 
1.0197 1.0159 1.0005 1.0113 1.0444 1.0491 1.0328 1.0477 1.0118 1.0294 1.0029 1.0058 1.0128 1.0156 1.0368 1.0427 1.035 1.0148 1.0313 1.0184 1.0344 1.0178 1.0093 1.0365 1.0374 
1.0282 1.0464 1.0157 1.0109 1.0032 1.007 1.0289 1.0351 1.0125 1.007 1.0266 1.0017 1.0468 1.0049 1.001 1.0199 1.0048 1.0301 1.0457 1.0487 1.0405 1.0153 1.001 1.0074 1.0257 
1.0302 1.0227 1.0291 1.0402 1.0239 1.0239 1.0265 1.0057 1.0069 1.001 1.0112 1.0169 1.0478 1.0262 1.0478 1.0468 1.0259 1.0461 1.0372 1.0001 1.0139 1.0413 1.0418 1.0418 1.0222 
1.0099 1.0451 1.0248 1.0201 1.0063 1.0354 1.0017 1.0044 1.0024 1.0132 1.0173 1.0222 1.0371 1.0039 1.0204 1.0231 1.0444 1.0422 1.0114 1.0176 1.0377 1.0466 1.0413 1.0215 1.0117 
1.028 1.0231 1.0053 1.0172 1.0409 1.0056 1.0456 1.0345 1.0362 1.0466 1.0316 1.0061 1.0332 1.0197 1.0144 1.0066 1.0082 1.0106 1.0421 1.0046 1.0232 1.0002 1.0231 1.0273 1.0212 
1.0472 1.0313 1.022 1.0207 1.0279 1.0314 1.0068 1.0099 1.0249 1.0095 1.0138 1.0342 1.0137 1.0167 1.0236 1.0489 1.0486 1.0148 1.0007 1.0418 1.0059 1.0444 1.0063 1.0442 1.0422 
1.0028 1.0416 1.0151 1.0328 1.0276 1.0067 1.031 1.0255 1.0043 1.048 1.006 1.0339 1.0093 1.0361 1.0107 1.0209 1.0346 1.0495 1.0394 1.0397 1.0376 1.0062 1.022 1.0138 1.0395 
1.0239 1.0225 1.0459 1.0212 1.0206 1.0133 1.0052 1.028 1.0198 1.0074 1.0473 1.0038 1.0304 1.036 1.0346 1.0336 1.0178 1.0159 1.0157 1.0282 1.0063 1.0133 1.0211 1.0428 1.0222 
1.0441 1.0061 1.0334 1.0297 1.0259 1.0394 1.0064 1.046 1.01 1.0204 1.0142 1.0099 1.046 1.0033 1.0456 1.0438 1.0011 1.0094 1.0314 1.0218 1.0429 1.0074 1.0472 1.02 1.037 
1.0356 1.0276 1.0388 1.0429 1.0032 1.0084 1.0205 1.0166 1.0377 1.0185 1.0128 1.0233 1.0403 1.0208 1.0438 1.0433 1.0395 1.0056 1.0098 1.0086 1.0076 1.0184 1.0286 1.0247 1.0067 
1.0363 1.022 1.0439 1.037 1.0273 1.0196 1.0298 1.028 1.016 1.0031 1.0098 1.032 1.0255 1.0123 1.0419 1.0384 1.0305 1.0226 1.0355 1.0417 1.0422 1.0309 1.031 1.0424 1.0041 
1.0007 1.029 1.023 1.0369 1.022 1.0498 1.0327 1.0141 1.0205 1.0392 1.0111 1.0145 1.0484 1.0051 1.0335 1.0184 1.0136 1.033 1.0326 1.0039 1.0221 1.0086 1.0147 1.0463 1.0213 
1.019 1.0131 1.0114 1.0237 1.0092 1.0438 1.0042 1.031 1.0471 1.029 1.019 1.0286 1.0055 1.0299 1.0229 1.0019 1.0449 1.0276 1.0268 1.0146 1.0204 1.0446 1.0291 1.0099 1.0235 
1.0283 1.0039 1.0377 1.0292 1.0218 1.0087 1.0388 1.0491 1.0113 1.004 1.0022 1.0339 1.0377 1.0233 1.0279 1.0382 1.0122 1.0407 1.0394 1.0144 1.0466 1.0438 1.0221 1.0122 1.0254 
1.0364 1.0164 1.0339 1.0032 1.0354 1.0497 1.0474 1.0259 1.0171 1.0268 1.0397 1.0476 1.0335 1.0071 1.0029 1.0073 1.0429 1.0297 1.0151 1.017 1.0452 1.0062 1.0431 1.0263 1.0129 
1.029 1.0491 1.0301 1.024 1.0087 1.0043 1.0377 1.0275 1.0052 1.0038 1.0299 1.0171 1.0352 1.0399 1.0496 1.0396 1.017 1.0496 1.0021 1.0493 1.0494 1.0031 1.0392 1.0392 1.0488 
1.0096 1.0073 1.0195 1.0059 1.011 1.0163 1.0203 1.0281 1.0097 1.0067 1.0035 1.0073 1.0463 1.0044 1.008 1.0457 1.0122 1.0015 1.0472 1.0173 1.0177 1.0149 1.0485 1.0228 1.0459 
1.0282 1.0076 1.0373 1.004 1.0097 1.0281 1.016 1.0477 1.0061 1.0421 1.0155 1.003 1.0142 1.0289 1.0007 1.0394 1.0285 1.042 1.0155 1.0487 1.0136 1.044 1.0323 1.0147 1.0169 
1.0413 1.0184 1.0366 1.024 1.0291 1.0112 1.0352 1.0407 1.0261 1.0372 1.0221 1.0082 1.0065 1.0174 1.0103 1.0403 1.0482 1.0144 1.0157 1.0463 1.0395 1.0244 1.0354 1.0302 1.0114 
1.0453 1.0107 1.0136 1.0326 1.0194 1.0404 1.0041 1.0076 1.029 1.0372 1.0202 1.0172 1.0363 1.0016 1.0335 1.0382 1.0139 1.0126 1.0187 1.0451 1.0256 1.0286 1.0159 1.0462 1.0039 
1.0377 1.0495 1.0306 1.0064 1.0184 1.0419 1.0106 1.0339 1.0167 1.0401 1.0022 1.0214 1.0459 1.0202 1.0243 1.0377 1.0492 1.0374 1.007 1.0354 1.0027 1.0299 1.0473 1.0003 1.0159 
1.0357 1.0263 1.0468 1.0038 1.0376 1.007 1.0373 1.0395 1.0246 1.0349 1.0371 1.033 1.0264 1.0006 1.0134 1.0399 1.0266 1.0052 1.0323 1.0074 1.0481 1.0354 1.0319 1.0374 1.0236 
1.0237 1.0056 1.0429 1.0055 1.0494 1.0006 1.0344 1.0212 1.0102 1.0396 1.0179 1.043 1.0477 1.0052 1.0035 1.0203 1.0433 1.0169 1.047 1.0184 1.0089 1.014 1.0351 1.0136 1.0093 
1.0097 1.0054 1.0229 1.0043 1.013 1.0286 1.0178 1.0235 1.0236 1.0305 1.0345 1.01 1.0445 1.0092 1.0011 1.0343 1.007 1.0192 1.015 1.0015 1.0274 1.0008 1.0386 1.0241 1.0026 
1.0289 1.0356 1.0124 1.0074 1.0494 1.0358 1.006 1.0176 1.0135 1.0055 1.034 1.0348 1.0115 1.019 1.0138 1.0032 1.0441 1.0208 1.0107 1.0029 1.0132 1.0155 1.0478 1.0009 1.0371 
1.046 1.0481 1.0378 1.0148 1.0065 1.0037 1.0146 1.0206 1.0443 1.0241 1.0173 1.0153 1.0153 1.0182 1.0033 1.0361 1.0126 1.0005 1.0456 1.0371 1.0244 1.0365 1.0179 1.0391 1.047 
1.0259 1.0448 1.0349 1.0219 1.0008 1.0369 1.0206 1.0235 1.0294 1.0223 1.0369 1.0073 1.0397 1.003 1.0147 1.017 1.0299 1.0083 1.0272 1.0417 1.0265 1.047 1.0207 1.0367 1.0456 
1.0386 1.0412 1.0149 1.0381 1.0209 1.0412 1.0216 1.0229 1.0344 1.0244 1.0152 1.0244 1.0369 1.0462 1.018 1.0106 1.0351 1.0244 1.0228 1.0406 1.0008 1.0234 1.048 1.005 1.0206 
1.0379 1.0185 1.0163 1.0392 1.019 1.0458 1.0043 1.0285 1.0219 1.0121 1.0193 1.0254 1.0067 1.0285 1.0384 1.0071 1.0176 1.0309 1.0078 1.0099 1.0138 1.0254 1.0461 1.0017 1.0429 
1.045 1.0263 1.0014 1.04 1.0378 1.0442 1.0085 1.0389 1.0366 1.0004 1.0268 1.0063 1.0406 1.0273 1.0019 1.0428 1.0283 1.0157 1.0313 1.0086 1.0078 1.002 1.0471 1.012 1.0187 
1.0178 1.0174 1.0436 1.0442 1.0368 1.0425 1.0468 1.0031 1.0408 1.0078 1.0009 1.0124 1.0388 1.0319 1.0108 1.0311 1.0494 1.02 1.0276 1.0403 1.0351 1.0167 1.049 1.0399 1.0101 
1.0417 1.0271 1.0018 1.0361 1.0063 1.0171 1.019 1.0025 1.0114 1.013 1.0251 1.0494 1.0263 1.0024 1.0206 1.0398 1.003 1.0197 1.0037 1.0156 1.0154 1.019 1.0209 1.0423 1.0054 
1.0053 1.0275 1.0176 1.0489 1.0247 1.0179 1.047 1.0227 1.0092 1.025 1.0024 1.0082 1.0046 1.0361 1.0178 1.0468 1.0393 1.0446 1.0436 1.0399 1.0115 1.0083 1.0064 1.0332 1.0336 
1.0157 1.0012 1.0049 1.0412 1.0227 1.0319 1.0097 1.0392 1.0259 1.0308 1.0497 1.0157 1.0128 1.0019 1.0472 1.0055 1.0245 1.0125 1.0482 1.0081 1.0421 1.0206 1.015 1.0473 1.0083 
1.0217 1.0221 1.0375 1.0447 1.0282 1.0246 1.0069 1.0086 1.0118 1.0448 1.0134 1.0102 1.0092 1.0392 1.0219 1.0462 1.0003 1.0152 1.0033 1.0273 1.0281 1.0212 1.0137 1.0464 1.0402 
1.043 1.0464 1.0193 1.0023 1.0177 1.0318 1.0241 1.0057 1.0493 1.0061 1.0454 1.0241 1.0363 1.0473 1.0445 1.0061 1.0243 1.014 1.0282 1.0396 1.0105 1.0235 1.0206 1.041 1.0092 
1.0343 1.0436 1.0098 1.0107 1.0085 1.0427 1.0025 1.031 1.027 1.0178 1.0056 1.0093 1.0344 1.0025 1.0336 1.0036 1.0317 1.0167 1.0207 1.0411 1.0397 1.0117 1.0126 1.0042 1.0297 
1.0318 1.0194 1.0231 1.0412 1.0339 1.014 1.021 1.0371 1.0385 1.0361 1.0382 1.0349 1.0409 1.0161 1.0186 1.0161 1.0283 1.0342 1.0347 1.0274 1.0062 1.0363 1.0044 1.037 1.0291 
1.0459 1.0413 1.0458 1.0236 1.0024 1.0169 1.0326 1.0439 1.0299 1.0098 1.0154 1.0002 1.0001 1.0346 1.0056 1.0297 1.0035 1.0127 1.0415 1.0442 1.0066 1.0374 1.0183 1.0021 1.0431 
1.0413 1.0265 1.0237 1.0409 1.0466 1.0338 1.0205 1.0118 1.0227 1.0479 1.0266 1.0395 1.0128 1.0103 1.0012 1.0298 1.0402 1.0405 1.0127 1.0426 1.0057 1.0423 1.022 1.0366 1.0268 
1.024 1.0352 1.0229 1.0371 1.0041 1.0116 1.045 1.0405 1.0014 1.0225 1.0138 1.0199 1.0187 1.0394 1.0354 1.0308 1.0283 1.016 1.0039 1.0407 1.0356 1.0046 1.0323 1.0135 1.0076 
1.0365 1.031 1.0077 1.0153 1.0109 1.0177 1.0255 1.0248 1.0484 1.0297 1.0155 1.0219 1.0395 1.0303 1.0229 1.0414 1.0227 1.0179 1.0389 1.0006 1.0286 1.011 1.0444 1.0197 1.0126 
1.0453 1.0246 1.0165 1.0188 1.0318 1.0389 1.0317 1.0429 1.0245 1.0396 1.0275 1.0329 1.0104 1.0214 1.0403 1.0445 1.0383 1.0387 1.0392 1.0326 1.0207 1.0395 1.0368 1.0431 1.0283 
1.0098 1.0271 1.018 1.0179 1.0024 1.0018 1.0199 1.0328 1.0494 1.023 1.0031 1.004 1.0088 1.0046 1.0054 1.0484 1.018 1.0408 1.0151 1.0291 1.0295 1.0368 1.0397 1.0221 1.0211 
1.009 1.0323 1.0224 1.0009 1.0047 1.012 1.0434 1.0332 1.0041 1.0016 1.0127 1.023 1.0046 1.0136 1.0016 1.0321 1.0138 1.0002 1.0056 1.0488 1.042 1.0233 1.017 1.0351 1.0323 
1.0184 1.0463 1.0252 1.0312 1.0224 1.0282 1.0256 1.0423 1.0399 1.0161 1.0013 1.009 1.0262 1.0277 1.0389 1.0034 1.0411 1.0068 1.0151 1.0353 1.0252 1.0298 1.0045 1.0098 1.0242 
1.0479 1.0213 1.0294 1.0249 1.0215 1.0472 1.0411 1.0015 1.0192 1.0168 1.0444 1.0139 1.0423 1.0292 1.0392 1.0481 1.0167 1.041 1.0106 1.0191 1.0151 1.044 1.0048 1.0121 1.0462 
1.0135 1.021 1.0352 1.0149 1.0428 1.0134 1.0227 1.0463 1.0184 1.0066 1.0411 1.012 1.0126 1.0417 1.0337 1.002 1.0495 1.0366 1.0342 1.0469 1.0381 1.0385 1.0434 1.0208 1.0036 
1.0243 1.042 1.0056 1.0409 1.0272 1.0041 1.0044 1.0435 1.0163 1.0299 1.0205 1.0024 1.0462 1.0144 1.0247 1.0187 1.0366 1.0015 1.0384 1.0347 1.0437 1.025 1.0109 1.0213 1.0026 
1.0324 1.0369 1.0225 1.0374 1.0465 1.0255 1.0363 1.0117 1.0064 1.042 1.0436 1.0478 1.0208 1.0094 1.0061 1.0454 1.0214 1.0031 1.0259 1.0113 1.0018 1.034 1.0308 1.0295 1.0184 
1.0399 1.0346 1.0223 1.0493 1.0162 1.0438 1.0038 1.0102 1.0071 1.0282 1.0218 1.0452 1.0361 1.0159 1.0079 1.0489 1.0368 1.0108 1.0362 1.0065 1.0472 1.0199 1.0368 1.0473 1.0386 
1.0083 1.0473 1.0316 1.0068 1.0497 1.0457 1.0263 1.0485 1.0355 1.0111 1.0215 1.0428 1.0118 1.032 1.0179 1.0413 1.0223 1.0398 1.0415 1.0157 1.0024 1.0486 1.0283 1.0183 1.0499 
1.0435 1.0233 1.0083 1.0059 1.0157 1.0011 1.0226 1.0355 1.0116 1.0147 1.0101 1.004 1.046 1.0423 1.0159 1.025 1.0056 1.0203 1.0198 1.0229 1.0458 1.012 1.0165 1.0132 1.0479 
1.0052 1.0283 1.0158 1.0431 1.0399 1.0346 1.0325 1.0098 1.0436 1.0374 1.0187 1.0076 1.002 1.0132 1.0187 1.0399 1.049 1.0086 1.0051 1.0379 1.0289 1.0364 1.0159 1.0135 1.0422 
1.0344 1.0419 1.0342 1.0012 1.0022 1.0112 1.0178 1.016 1.0227 1.0361 1.0008 1.0473 1.0264 1.0356 1.014 1.0073 1.0373 1.0494 1.0351 1.0218 1.0183 1.0406 1.0102 1.0002 1.0316 
1.048 1.0332 1.008 1.0473 1.0426 1.008 1.0439 1.0282 1.0132 1.0332 1.02 1.0109 1.0449 1.0302 1.0218 1.0254 1.0497 1.0281 1.0236 1.0005 1.0241 1.0395 1.0417 1.0384 1.0223 
1.0476 1.0074 1.0315 1.0254 1.0357 1.0479 1.0293 1.0374 1.0097 1.0005 1.0017 1.0308 1.0439 1.0499 1.0473 1.0108 1.0294 1.032 1.0281 1.0374 1.0078 1.0107 1.0171 1.0495 1.0088 
1.0408 1.0369 1.0416 1.0159 1.0183 1.0024 1.0184 1.0184 1.0123 1.0196 1.0454 1.0415 1.0356 1.0401 1.0345 1.0031 1.0063 1.0492 1.0347 1.0148 1.0485 1.0456 1.0492 1.0059 1.0495 
1.0482 1.0371 1.0013 1.0086 1.0402 1.0185 1.0231 1.0467 1.0013 1.0193 1.001 1.0192 1.0256 1.0052 1.0175 1.0383 1.0155 1.0482 1.0113 1.0246 1.0298 1.0105 1.0154 1.0475 1.0054 
1.0232 1.0494 1.0458 1.0047 1.0454 1.023 1.0178 1.0156 1.0105 1.0076 1.0085 1.0344 1.016 1.002 1.0214 1.0324 1.0173 1.0214 1.0171 1.0017 1.0299 1.042 1.0166 1.0215 1.0459 
1.0479 1.0132 1.019 1.0197 1.0062 1.0057 1.0288 1.0136 1.0155 1.0082 1.0143 1.0072 1.0112 1.004 1.0176 1.0454 1.0283 1.014 1.0008 1.0417 1.0497 1.0408 1.0118 1.0366 1.0357 
1.0025 1.0126 1.0497 1.0361 1.0309 1.0061 1.0023 1.0089 1.0139 1.036 1.0499 1.0014 1.0112 1.0205 1.0445 1.0157 1.0428 1.0415 1.018 1.0049 1.0314 1.0269 1.0247 1.0038 1 
1.045 1.0478 1.021 1.0399 1.0104 1.027 1.0177 1.0261 1.0143 1.0086 1.0208 1.0404 1.0071 1.0227 1.0139 1.0066 1.0101 1.0487 1.0311 1.0201 1.0013 1.0265 1.0185 1.0245 1.0115 
1.0252 1.0352 1.0487 1.02 1.0064 1.0133 1.0249 1.0003 1.0237 1.0177 1.0027 1.0221 1.0095 1.023 1.0332 1.0244 1.0302 1.0374 1.0102 1.0019 1.0107 1.0249 1.0354 1.0319 1.0467 
1.0489 1.0211 1.0081 1.0146 1.0202 1.042 1.0308 1.009 1.0339 1.0072 1.0087 1.0398 1.0443 1.0414 1.031 1.0417 1.0185 1.0389 1.0033 1.0235 1.023 1.0062 1.0114 1.0481 1.0311 
1.0043 1.0177 1.0416 1.0354 1.0314 1.0432 1.0312 1.0052 1.0483 1.0472 1.009 1.0402 1.0214 1.0065 1.0296 1.0292 1.0105 1.0248 1.0491 1.0233 1.0396 1.0363 1.0073 1.0257 1.0373 
1.0069 1.0065 1.0239 1.0182 1.0016 1.006 1.0439 1.0161 1.0171 1.0352 1.0011 1.0471 1.0436 1.003 1.0008 1.0184 1.0178 1.0348 1.0255 1.0331 1.0074 1.0373 1 1.0413 1.0427 
1.0036 1.0388 1.027 1.0163 1.0363 1.0118 1.0158 1.0052 1.0176 1.0479 1.0297 1.0491 1.0269 1.0146 1.0142 1.0363 1.0101 1.0432 1.0185 1.037 1.039 1.0368 1.0239 1.0084 1.0351 
1.0391 1.0041 1.0264 1.0085 1.0255 1.0312 1.0062 1.0406 1.0409 1.0217 1.0289 1.0238 1.0068 1.0181 1.033 1.011 1.0216 1.0454 1.0425 1.0477 1.0359 1.0198 1.0005 1.0025 1.0145 
1.0223 1.0086 1.0062 1.015 1.0096 1.034 1.0481 1.0288 1.0135 1.0177 1.01 1.0353 1.0447 1.0023 1.0224 1.0119 1.036 1.0329 1.0286 1.0303 1.0133 1.0252 1.0122 1.0375 1.0074 
1.0484 1.0349 1.0207 1.0102 1.0311 1.0474 1.0333 1.003 1.048 1.0283 1.0068 1.0458 1.0421 1.0369 1.0314 1.0431 1.0136 1.0114 1.0022 1.0146 1.0106 1.0061 1.0297 1.0428 1.0255 
1.0391 1.0094 1.0499 1.0021 1.0184 1.0267 1.0216 1.0376 1.0415 1.0358 1.0113 1.0391 1.0475 1.0266 1.0189 1.0261 1.0354 1.0111 1.0358 1.0064 1.0095 1.0191 1.023 1.0002 1.0191 
1.0065 1.0369 1.0229 1.0207 1.0002 1.0093 1.028 1.0305 1.0147 1.0055 1.0073 1.0216 1.029 1.0349 1.0155 1.0005 1.0412 1.0285 1.0085 1.0307 1.0366 1.0157 1.018 1.0441 1.0003 
1.0279 1.0135 1.0419 1.0489 1.0435 1.0221 1.0495 1.0451 1.0258 1.035 1.0129 1.0451 1.0166 1.0195 1.0076 1.0436 1.0296 1.0004 1.0354 1.0458 1.0349 1.0387 1.0349 1.0009 1.0155 
1.0087 1.02 1.0142 1.0065 1.0069 1.0046 1.0203 1.0266 1.0461 1.0085 1.0206 1.0127 1.0012 1.0254 1.0188 1.0288 1.0012 1.0047 1.048 1.0064 1.0337 1.0156 1.0442 1.0314 1.0107 
1.045 1.0176 1.0231 1.0448 1.0173 1.0024 1.0093 1.0363 1.0329 1.0258 1.0186 1.0036 1.0464 1.0408 1.0386 1.0031 1.0321 1.0116 1.0025 1.0175 1.026 1.0252 1.0417 1.0492 1.0361 
1.0045 1.0414 1.0121 1.049 1.0076 1.0154 1.0065 1.0304 1.0432 1.0419 1.006 1.0104 1.0302 1.0187 1.0232 1.0086 1.0426 1.02 1.0002 1.0395 1.0355 1.0232 1.0259 1.0036 1.0455 
1.0222 1.0287 1.0441 1.0391 1.0165 1.0225 1.0223 1.0453 1.0181 1.0239 1.0192 1.006 1.0188 1.0062 1.02 1.0102 1.0211 1.0189 1.0102 1.0191 1.0352 1.0479 1.0079 1.0049 1.0158 
1.0467 1.0298 1.021 1.0419 1.0259 1.0084 1.0241 1.0486 1.0039 1.0022 1.032 1.0041 1.0307 1.0197 1.0134 1.0272 1.0195 1.0175 1.0349 1.0275 1.0371 1.0139 1.045 1.0076 1.0414 
1.0423 1.0275 1.0225 1.0314 1.0364 1.0116 1.0289 1.0437 1.0307 1.0414 1.0088 1.0071 1.0074 1.0181 1.0492 1.0096 1.0325 1.0493 1.0345 1.0066 1.0063 1.0134 1.0004 1.0038 1.0184 
1.0098 1.03 1.0495 1.0263 1.0323 1.0129 1.0092 1.0458 1.0178 1.0002 1.038 1.0481 1.0235 1.046 1.0038 1.0045 1.0142 1.0367 1.0162 1.0295 1.0298 1.0288 1.0236 1.0276 1.0132 
1.04 1.0455 1.0121 1.0122 1.0029 1.0163 1.0293 1.0236 1.0206 1.0135 1.0274 1.019 1.012 1.0354 1.0165 1.0187 1.0134 1.0474 1.015 1.0366 1.0448 1.0365 1.004 1.0308 1.0211 
1.016 1.0249 1.0273 1.0331 1.0017 1.0129 1.043 1.0055 1.0389 1.0047 1.0118 1.0442 1.0242 1.0216 1.0427 1.0194 1.0149 1.0014 1.0139 1.0209 1.0448 1.0296 1.0132 1.0097 1.0094 
1.0344 1.0357 1.0132 1.0167 1.0384 1.0326 1.0333 1.0121 1.0426 1.0102 1.0485 1.0307 1.017 1.0314 1.0414 1.0213 1.0305 1.0297 1.0247 1.0224 1.0423 1.007 1.0184 1.0291 1.0313 
1.0414 1.0197 1.013 1.0273 1.0075 1.0393 1.0431 1.0213 1.0176 1.0105 1.0162 1.0001 1.0349 1.0432 1.0334 1.0492 1.0205 1.0253 1.0284 1.0121 1.0218 1.0371 1.0429 1.0272 1.0153 
1.0322 1.0136 1.0024 1.0339 1.0227 1.0313 1.0445 1.0307 1.0292 1.0469 1.0013 1.0317 1.0079 1.0337 1.0358 1.0142 1.0062 1.0188 1.0148 1.0033 1.0037 1.0477 1.0101 1.0085 1.0048 
1.0174 1.02 1.0344 1.0349 1.0471 1.027 1.0332 1.0448 1.0354 1.0458 1.0104 1.0292 1.0089 1.044 1.0033 1.0109 1.0112 1.0104 1.0429 1.017 1.0093 1.04 1.0428 1.0108 1.0321 
1.0447 1.0002 1.0395 1.0125 1.0084 1.0368 1.0154 1.0012 1.0026 1.0061 1.029 1.0003 1.0413 1.0103 1.032 1.0226 1.0229 1.001 1.0174 1.0229 1.0469 1.0393 1.0368 1.0484 1.0394 
1.0417 1.0003 1.0174 1.0333 1.013 1.0255 1.0252 1.0051 1.0383 1.0083 1.0115 1.0024 1.0064 1.0262 1.0111 1.0247 1.0081 1.0127 1.0311 1.0187 1.005 1.0499 1.0217 1.0208 1.0169 
1.0194 1.0196 1.0223 1.0076 1.0003 1.0319 1.0136 1.0055 1.0177 1.0448 1.0211 1.016 1.0422 1.0449 1.0017 1.0309 1.0165 1.0377 1.0455 1.0002 1.0008 1.0398 1.0147 1.0012 1.0119 
1.0113 1.0102 1.0181 1.0228 1.0335 1.0333 1.0465 1.0195 1.0187 1.0076 1.0119 1.0048 1.0167 1.0108 1.0393 1.031 1.0284 1.0461 1.0049 1.0402 1.0192 1.0195 1.038 1.0496 1.0338 
1.0088 1.0202 1.0097 1.0041 1.0306 1.0038 1.0015 1.0089 1.0308 1.0087 1.0385 1.0362 1.0371 1.0249 1.001 1.0093 1.0115 1.0185 1.0447 1.0388 1.046 1.0445 1.0314 1.0137 1.003 
1.0487 1.0126 1.0306 1.0003 1.0468 1.0421 1.0319 1.0387 1.0499 1.0213 1.0324 1.0172 1.0238 1.0354 1.0077 1.0015 1.0249 1.049 1.0164 1.0422 1.0111 1.003 1.043 1.0412 1.0321 
1.0285 1.0116 1.017 1.0195 1.0322 1.0463 1.028 1.0476 1.0471 1.0158 1.0259 1.0413 1.0343 1.0335 1.0496 1.0083 1.0375 1.0272 1.0257 1.0305 1.0165 1.0115 1.0306 1 1.0473 
1.0416 1.0222 1.0177 1.0172 1.0178 1.0451 1.0426 1.0089 1.0069 1.0052 1.0401 1.0062 1.0147 1.009 1.0177 1.0184 1.0232 1.0045 1.0059 1.0423 1.033 1.0043 1.0064 1.028 1.0256 
1.0173 1.0059 1.0071 1.013 1.0017 1.0289 1.0399 1.0302 1 1.0008 1.034 1.0014 1.0236 1.0485 1.0456 1.0274 1.0017 1.0321 1.0213 1.0195 1.0484 1.0102 1.0154 1.0485 1.0076 
1.0485 1.0112 1.0408 1.0104 1.0139 1.0263 1.0193 1.0364 1.0128 1.0381 1.0283 1.02 1.0191 1.0246 1.0391 1.019 1.0436 1.0497 1.0237 1.0416 1.0406 1.0194 1.0268 1.0272 1.0149 
1.0284 1.035 1.0006 1.0115 1.0445 1.0255 1.0399 1.0276 1.0387 1.037 1.0239 1.0356 1.0337 1.0041 1.0106 1.0376 1.0499 1.0125 1.0087 1.0165 1.0398 1.049 1.0185 1.0296 1.0364 
1.0148 1.0425 1.0181 1.0018 1.0434 1.0395 1.0151 1.0306 1.0009 1.038 1.0003 1.0224 1.0357 1.0128 1.0484 1.0444 1.0211 1.0153 1.0418 1.0118 1.0342 1.024 1.0134 1.0048 1.0136 
1.0126 1.0486 1.0343 1.022 1.0318 1.0126 1.0452 1.0401 1.0344 1.0421 1.0213 1.0468 1.0061 1.0028 1.0264 1.0002 1.0046 1.0335 1.0336 1.0216 1.0206 1.0165 1.0074 1.032 1.0104 
1.0115 1.0129 1.018 1.0008 1.0008 1.0212 1.026 1.0017 1.0355 1.028 1.0279 1.0215 1 1.003 1.0154 1.0006 1.0128 1.031 1.0075 1.0242 1.0483 1.0274 1.0352 1.0392 1.0371 
1.0032 1.0306 1.0213 1.0147 1.0289 1.0047 1.0498 1.0121 1.0338 1.0414 1.0416 1.03 1.0201 1.0334 1.014 1.0288 1.0245 1.0413 1.0301 1.0231 1.0121 1.0455 1.0189 1.0384 1.0178 
1.0073 1.0278 1.0226 1.0367 1.0243 1.0058 1.0455 1.0473 1.0374 1.0257 1.0189 1.043 1.0174 1.0221 1.0465 1.0319 1.0252 1.0334 1.0123 1.0209 1.0389 1.0055 1.0225 1.0219 1.041 
1.0173 1.0063 1.031 1.001 1.0354 1.043 1.0093 1.0257 1.0341 1.0467 1.0439 1.0288 1.0096 1.0051 1.0154 1.0017 1.0046 1.036 1.0289 1.0105 1.011 1.0295 1.0049 1.0178 1.0468 
1.0252 1.0492 1.0154 1.0111 1.0154 1.0054 1.0368 1.0186 1.0083 1.0436 1.0261 1.025 1.0322 1.0238 1.0068 1.0167 1.0351 1.0339 1.0062 1.0043 1.0243 1.0284 1.0337 1.0424 1.0161 
1.0217 1.001 1.0486 1.0147 1.0151 1.0488 1.0388 1.0273 1.0063 1.0247 1.0298 1.0486 1.0277 1.0433 1.0331 1.0009 1.0365 1.0272 1 1.004 1.0437 1.0192 1.0092 1.033 1.0475 
1.0266 1.0417 1.0234 1.021 1.0057 1.0227 1.0129 1.0127 1.0419 1.0348 1.0373 1.0151 1.0291 1.0464 1.0468 1.0457 1.0254 1.0093 1.0218 1.0289 1.0096 1.0398 1.0399 1.025 1.0105 
1.0479 1.0147 1.0423 1.0124 1.0053 1.0092 1.0278 1.033 1.0384 1.0081 1.0153 1.0366 1.0232 1.0275 1.0151 1.0091 1.0447 1.0016 1.0485 1.0007 1.0127 1.0394 1.0003 1.0419 1.0189 
1.0003 1.0129 1.0358 1.0274 1.0246 1.0469 1.0414 1.0049 1.006 1.0336 1.0172 1.0048 1.0024 1.0205 1.008 1.0394 1.0496 1.0241 1.0342 1.0205 1.0342 1.0212 1.0179 1.0449 1.0437 
1.023 1.0062 1.0481 1.0075 1.0017 1.0412 1.0224 1.0306 1.0282 1.003 1.0215 1.0314 1.0494 1.0119 1.0481 1.0351 1.0187 1.0457 1.041 1.0288 1.0236 1.0304 1.0081 1.0007 1.0241 
1.0068 1.0319 1.0345 1.0258 1.0262 1.0001 1.0116 1.0369 1.027 1.0122 1.0039 1.0106 1.0103 1.0324 1.0022 1.0103 1.0236 1.0273 1.0067 1.0016 1.0262 1.0031 1.0444 1.0129 1.041 
1.034 1.0278 1.0338 1.0448 1.0487 1.0029 1.0366 1.0208 1.0311 1.0001 1.0262 1.0152 1.0235 1.0153 1.0492 1.0414 1.005 1.005 1.0171 1.0288 1.0292 1.009 1.0321 1.0413 1.01 
1.0276 1.0252 1.0317 1.0171 1.0383 1.0026 1.0239 1.01 1.0395 1.0039 1.0122 1.0214 1.0136 1.0163 1.0203 1.0479 1.0298 1.0452 1.0286 1.0231 1.0267 1.0396 1.0127 1.0293 1.0375 
1.0367 1.0189 1.0415 1.0373 1.034 1.0307 1.0412 1.0379 1.0478 1.0255 1.0089 1.0295 1.0309 1.0233 1.0288 1.0007 1.0392 1.0397 1.0005 1.0178 1.0125 1.0304 1.0225 1.0228 1.0115 
1.0294 1.0481 1.0068 1.0488 1.0119 1.0283 1.0019 1.0107 1.0424 1.0431 1.0088 1.0471 1.0177 1.0061 1.0386 1.0225 1.0369 1.0153 1.0234 1.0122 1.0455 1.033 1.0253 1.0205 1.0274 
1.032 1.0468 1.0383 1.0111 1.0316 1.0482 1.0296 1.0239 1.0265 1.0014 1.0345 1.0077 1.048 1.0222 1.0095 1.0108 1.0291 1.0071 1.0167 1.0124 1.0195 1.0474 1.0049 1.0217 1.0215 
1.0066 1.0214 1.0317 1.0256 1.0243 1.0077 1.0144 1.037 1.0134 1.0174 1.0465 1.0083 1.0294 1.0026 1.0374 1.0275 1.015 1.0422 1.0334 1.0444 1.046 1.0326 1.0482 1.0431 1.001 
1.0019 1.0066 1.0062 1.0359 1.0263 1.0021 1.0343 1.0084 1.0009 1.0008 1.0193 1.0319 1.0365 1.0131 1.0013 1.0424 1.0214 1.0284 1.0388 1.0094 1.0434 1.0117 1.0419 1.0444 1.0345 
1.0468 1.0103 1.0481 1.0284 1.0481 1.0199 1.0444 1.026 1.0426 1.0474 1.0492 1.0471 1.0393 1.0053 1.0128 1.007 1.0259 1.0333 1.0098 1.0216 1.0252 1.0124 1.0473 1.0286 1.0339 
1.003 1.0319 1.0368 1.0079 1.009 1.018 1.0114 1.0134 1.0414 1 1.0014 1.0469 1.0195 1.0107 1.0297 1.0244 1.038 1.0063 1.0032 1.0408 1.0346 1.0193 1.037 1.0382 1.0432 
1.0164 1.0267 1.0217 1.0027 1.0002 1.0119 1.0135 1.0337 1.0409 1.0199 1.03 1.0358 1.0065 1.0406 1.0264 1.0467 1.0238 1.028 1.0006 1.0199 1.0009 1.0411 1.0301 1.0254 1.0494 
1.0367 1.007 1.0132 1.0165 1.0484 1.0001 1.0382 1.0373 1.0214 1.04 1.0227 1.0387 1.0348 1.0262 1.0201 1.0307 1.0091 1.0481 1.028 1.0124 1.0001 1.0407 1.0188 1.0384 1.0173 
1.0313 1.0243 1.0319 1.0058 1.0224 1.0442 1.0214 1.0384 1.0311 1.0076 1.0242 1.0201 1.0249 1.0371 1.028 1.0276 1.0369 1.0478 1.0088 1.0446 1.0351 1.015 1.0159 1.0233 1.0249 
1.0129 1.0002 1.039 1.0082 1.0063 1.0127 1.0274 1.0037 1.0271 1.0325 1.0065 1.0453 1.0118 1.0387 1.0282 1.0224 1.0059 1.0013 1.018 1.0105 1.0455 1.0446 1.0429 1.0387 1.0485 
1.0221 1.0132 1.0383 1.0008 1.0147 1.0069 1.0464 1.0087 1.0264 1.017 1.0193 1.0146 1.0202 1.0222 1.0291 1.048 1.0434 1.0436 1.0437 1.006 1.0181 1.0017 1.0364 1.0139 1.0222 
1.0454 1.0326 1.0254 1.0204 1.0406 1.0378 1.0132 1.0218 1.0159 1.0345 1.0235 1.0156 1.0334 1.0343 1.0128 1.0261 1.0344 1.0153 1.0391 1.0236 1.0146 1.0309 1.0244 1.0408 1.028 
1.0471 1.0339 1.0463 1.0338 1.0179 1.0362 1.0428 1.0499 1.0015 1.022 1.0351 1.0499 1.0194 1.0056 1.0398 1.0026 1.0305 1.0319 1.0074 1.0289 1.0333 1.0367 1.0032 1.0057 1.0417 
1.0052 1.02 1.0198 1.0293 1.0192 1.0393 1.0149 1.0127 1.0394 1.0142 1.0249 1.0082 1.0219 1.0313 1.0162 1.0284 1.0405 1.0426 1.0255 1.0116 1.0339 1.0238 1.0338 1.0339 1.0117 
1.0061 1.045 1.031 1.0403 1.02 1.036 1.0057 1.0444 1.0231 1.0321 1.0139 1.0097 1.0354 1.0467 1.0058 1.0499 1.0362 1.0313 1.0143 1.0417 1.0211 1.0432 1.0057 1.0462 1.0236 
1.0015 1.0351 1.0283 1.003 1.0339 1.0408 1.0083 1.0244 1.0124 1.0043 1.0322 1.0278 1.0214 1.0117 1.0019 1.0005 1.0483 1.0401 1.0249 1.0447 1.0332 1.0458 1.0257 1.0235 1.0047 
1.0365 1.015 1.0043 1.0472 1.0107 1.0069 1.002 1.0106 1.0303 1.0366 1.0186 1.018 1.0211 1.0202 1.0489 1.0107 1.0263 1.0387 1.0094 1.0219 1.0026 1.0025 1.0166 1.0178 1.0029 
1.0158 1.0412 1.0451 1.007 1.0104 1.0145 1.033 1.0441 1.0253 1.0117 1.0087 1.0445 1.0311 1.0095 1.0417 1.0305 1.0322 1.0273 1.019 1.0028 1.0363 1.0162 1.0024 1.0362 1.0346 
1.0132 1.0114 1.022 1.031 1.0361 1.0151 1.0471 1.0475 1.0072 1.047 1.0443 1.0308 1.0176 1.0227 1.0229 1.035 1.0057 1.0452 1.0431 1.0337 1.0209 1.0056 1.0348 1.0062 1.0213 
1.03 1.0452 1.048 1.01 1.0219 1.0428 1.0127 1.0264 1.0048 1.0445 1.0322 1.0208 1.0177 1.0297 1.0371 1.0408 1.0141 1.0443 1.0005 1.0451 1.0165 1.028 1.0245 1.0446 1.0152 
1.047 1.0089 1.0114 1.0494 1.012 1.0481 1.024 1.0351 1.035 1.0375 1.0178 1.0363 1.0478 1.0142 1.0445 1.0308 1.0495 1.0305 1.0361 1.0317 1.0313 1.0236 1.0253 1.0162 1.0245 
1.0127 1.0063 1.0257 1.0075 1.019 1.015 1.0215 1.0277 1.0417 1.0298 1.0388 1.0237 1.0193 1.0051 1.0126 1.017 1.0126 1.0474 1.0349 1.0419 1.0019 1.0252 1.0091 1.0009 1.0139 
1.0177 1.0394 1.0446 1.0369 1.0093 1.0098 1.0302 1.0206 1.034 1.0443 1.0253 1.0153 1.0187 1.0272 1.0112 1.0196 1.0288 1.0453 1.0244 1.0221 1.0122 1.0246 1.0173 1.0451 1.0334 
1.0128 1.0428 1.0066 1.0149 1 1.0135 1 1.0016 1.0018 1.0321 1.0322 1.0464 1.0427 1.0376 1.0374 1.0346 1.0454 1.015 1.0086 1.0198 1.0364 1.028 1.0401 1.0277 1.043 
1.0345 1.0109 1.0353 1.0007 1.0126 1.0129 1.0308 1.0409 1.0499 1.0111 1.0416 1.0012 1.0334 1.0164 1.0242 1.0057 1.0025 1.0095 1.006 1.0265 1.0313 1.006 1.0452 1.0207 1.003 
1.0122 1.0442 1.0402 1.0164 1.0146 1.0265 1.035 1.0474 1.0081 1.0495 1.0112 1.0413 1.0308 1.0482 1.0192 1.0131 1.0359 1.0025 1.001 1.0145 1.0276 1.0186 1.0173 1.0038 1.0136 
1.0459 1.0368 1.0001 1.0326 1.0428 1.0249 1.0354 1.0107 1.0497 1.001 1.0192 1.0302 1.0452 1.0466 1.0193 1.0309 1.0385 1.0406 1.0426 1.0164 1.0412 1.0196 1.0245 1.0068 1.0263 
1.0287 1.0385 1.0238 1.0185 1.0279 1.0036 1.0377 1.0326 1.0167 1.0102 1.0302 1.008 1.0349 1.0473 1.0142 1.0397 1.015 1.0336 1.0109 1.031 1.0357 1.0257 1.0485 1.0283 1.0372 
1.0138 1.0009 1.0392 1.0005 1.0159 1.0375 1.004 1.0275 1.0216 1.0128 1.0347 1.0317 1.0124 1.0198 1.0177 1.0234 1.013 1.0446 1.0221 1.0262 1.0203 1.0472 1.046 1.0456 1.0149 
1.0175 1.0047 1.036 1.0386 1.0177 1.0301 1.0403 1.0064 1.0219 1.0217 1.0389 1.0152 1.0205 1.015 1.0313 1.0044 1.0048 1.0212 1.0251 1.0333 1.0196 1.0452 1.0014 1.0373 1.0052 
1.0399 1.0341 1.0021 1.0359 1.0424 1.0472 1.0458 1.0136 1.0338 1.0067 1.0157 1.0242 1.0367 1.0298 1.0033 1.027 1.0186 1.0209 1.0164 1.0356 1.0242 1.0114 1.0388 1.0204 1.0128 
1.0337 1.0355 1.0413 1.0407 1.0127 1.0429 1.001 1.0362 1.0426 1.0098 1.0249 1.0345 1.0383 1.0404 1.0264 1.0132 1.0361 1.0181 1.0214 1.0333 1.0462 1.0184 1.0202 1.0068 1.0284 
1.0332 1.015 1.0083 1.0333 1.0009 1.0399 1.0375 1.0086 1.0347 1.0378 1.0453 1.0332 1.0212 1.0046 1.0433 1.0112 1.0266 1.03 1.0205 1.0245 1.0206 1.0127 1.0113 1.0151 1.0123 
1.031 1.0134 1.0278 1.0165 1.0423 1.0135 1.0255 1.0451 1.0122 1.0063 1.0231 1.005 1 1.0004 1.0034 1.0392 1.0068 1.032 1.0298 1.0178 1.0447 1.0333 1.0055 1.0054 1.039 
1.0066 1.0057 1.036 1.0162 1.0433 1.01 1.0449 1.0267 1.0131 1.0431 1.024 1.0137 1.0394 1.0293 1.0281 1.0487 1.042 1.0243 1.0163 1.0477 1.034 1.0242 1.0467 1.0405 1.0426 
1.0332 1.0325 1.0136 1.0091 1.0169 1.0149 1.0342 1.0114 1.0424 1.0406 1.0367 1.0283 1.0165 1.0217 1.0231 1.0464 1.0085 1.0182 1.0417 1.0359 1.0284 1.0206 1.0179 1.0052 1.0446 
1.0277 1.0129 1.0371 1.0294 1.001 1.0299 1.0471 1.0383 1.0235 1.0067 1.02 1.0119 1.0435 1.0464 1.0419 1.0393 1.0001 1.0343 1.0289 1.0057 1.0447 1.0336 1.0465 1.0007 1.011 
1.0165 1.0008 1.0212 1.0343 1.0113 1.0437 1.0056 1.0203 1.0356 1.0393 1.0065 1.0123 1.0336 1.0081 1.0038 1.0299 1.0327 1.0163 1.0136 1.0492 1.0244 1.037 1.0385 1.0272 1.0255 
1.0113 1.0049 1.0353 1.0429 1.0281 1.0374 1.042 1.0351 1.0362 1.0014 1.0467 1.0385 1.0175 1.0464 1.0225 1.0122 1.0437 1.042 1.0369 1.0126 1.0267 1.033 1.0418 1.0032 1.0215 
1.0202 1.0061 1.0154 1.001 1.0459 1.0231 1.0401 1.0388 1.0133 1.0313 1.0305 1.045 1.0001 1.0321 1.0309 1.0373 1.0222 1.0015 1.0307 1.0488 1.0399 1.0243 1.0223 1.0237 1.0014 
1.0437 1.042 1.032 1.0395 1.0339 1.047 1.0327 1.0057 1.0041 1.0382 1.0273 1.0084 1.0363 1.0343 1.0481 1.036 1.013 1.0478 1.0162 1.0149 1.0296 1.0173 1.0265 1.0319 1.0386 
1.0443 1.0214 1.0068 1.0434 1.0323 1.0331 1.0028 1.0246 1.0489 1.0493 1.0044 1.0354 1.0153 1.0208 1.0234 1.0029 1.0064 1.0173 1.0136 1.0303 1.0044 1.0302 1.0307 1.0037 1.0175 
1.039 1.0181 1.0445 1.0441 1.0034 1.035 1.0408 1.0269 1.0083 1.0284 1.0017 1.015 1.0424 1.0433 1.0376 1.0483 1.0086 1.0462 1.0067 1.0301 1.0338 1.0289 1.0084 1.0284 1.0079 
1.013 1.0391 1.0031 1.0458 1.0305 1.0461 1.0304 1.0298 1.0102 1.0377 1.0215 1.0339 1.015 1.0301 1.0245 1.0369 1.023 1.0293 1.0264 1.0028 1.0458 1.0336 1.0373 1.0323 1.0008 
1.0091 1.0359 1.0165 1.0301 1.0122 1.0378 1.0015 1.0222 1.0083 1.0398 1.0024 1.0479 1.049 1.0293 1.0402 1.0324 1.0011 1.0122 1.0185 1.0044 1.025 1.0279 1.0309 1.0071 1.0372 
1.0326 1.0122 1.0319 1.0293 1.0239 1.0011 1.0147 1.0153 1.0441 1.0141 1.0374 1.0327 1.0094 1.0125 1.0245 1.0148 1.0104 1.0385 1.044 1.0176 1.0214 1.0033 1.0202 1.0079 1.0158 
1.0472 1.0148 1.0098 1.0496 1.0454 1.0271 1.0376 1.0326 1.0156 1.0059 1.0111 1.0449 1.0312 1.0322 1.0257 1.0192 1.0185 1.037 1.024 1.0164 1.0101 1.0135 1.0362 1.0405 1.0125 
1.0361 1.0196 1.0159 1.0484 1.0428 1.0125 1.0454 1.0408 1.0101 1.0154 1.0234 1.021 1.0273 1.0041 1.0321 1.0384 1.0479 1.0118 1.0283 1.0308 1.0278 1.0452 1.0125 1.049 1.0438 
1.0364 1.0037 1.0094 1.004 1.0347 1.0461 1.0063 1.0437 1.0189 1.04 1.0327 1.014 1.047 1.0136 1.0401 1.0031 1.0116 1.005 1.0135 1.0393 1.0341 1.0236 1.0459 1.0402 1.0035 
1.0237 1.0132 1.0239 1.0133 1.0314 1.0484 1.0257 1.0399 1.0375 1.0073 1.0174 1.0273 1.0192 1.0061 1.0353 1.0492 1.0157 1.029 1.0075 1.0013 1.0463 1.013 1.0164 1.0114 1.0449 
1.0142 1.0052 1.037 1.0057 1.0377 1.0141 1.0241 1.006 1.034 1.0032 1.0436 1.0205 1.0063 1.0257 1.017 1.0024 1.0126 1.0468 1.0315 1.0154 1.0141 1.0121 1.01 1.0402 1.0221 
1.0152 1.0467 1.0064 1.0012 1.0173 1.024 1.0149 1.0495 1.0382 1.0228 1.0142 1.0298 1.0103 1.0116 1.041 1.0071 1.0393 1.0114 1.0304 1.0163 1.0162 1.0464 1.0078 1.0461 1.022 
1.0302 1.0467 1.0404 1.0204 1.0169 1.0288 1.0088 1.0461 1.0087 1.0325 1.0431 1.0297 1.0244 1.0088 1.0078 1.0386 1.0093 1.0374 1.0421 1.0417 1.0129 1.0432 1.0355 1.0199 1.0426 
1.0453 1.0419 1.0453 1.0033 1.0315 1.0406 1.0406 1.0496 1.0083 1.0382 1.0163 1.0319 1.0413 1.0442 1.043 1.0405 1.0271 1.0043 1.0025 1.004 1.0148 1.0198 1.0209 1.0459 1.004 
1.0416 1.0234 1.0247 1.0219 1.0302 1.0234 1.048 1.0323 1.0205 1.0402 1.0486 1.0494 1.0408 1.034 1.0083 1.0322 1.0379 1.0277 1.0331 1.0399 1.026 1.0432 1.0301 1.0026 1.0008 
1.0412 1.0003 1.0431 1.0177 1.0171 1.0326 1.0458 1.0185 1.0499 1.0099 1.0345 1.0181 1.0457 1.0161 1.0186 1.0431 1.0304 1.043 1.0054 1.0269 1.0311 1.0219 1.0301 1.0167 1.0387 
1.018 1.0008 1.0066 1.0211 1.0432 1.0242 1.0418 1.0496 1.017 1.002 1.0061 1.0195 1.004 1.0311 1.0405 1.018 1.0239 1.0068 1.0112 1.0165 1.0396 1.0414 1.021 1.0212 1.0097 
1.0421 1.0443 1.045 1.0139 1.0234 1.0057 1.0088 1.0002 1.049 1.0308 1.0186 1.0033 1.0476 1.0404 1.0073 1.0272 1.0411 1.0179 1.0149 1.0263 1.0347 1.022 1 1.0385 1.0394 
1.0067 1.0366 1.0193 1.0174 1.0389 1.0201 1.0184 1.0234 1.0202 1.0058 1.0159 1.0438 1.0294 1.0001 1.0362 1.0343 1.0285 1.015 1.0116 1.0042 1.0103 1.0269 1.0201 1.0352 1.0015 
1.0274 1.043 1.045 1.0277 1.0476 1.0484 1.0013 1.0173 1.0171 1.0104 1.0004 1.0126 1.014 1.0045 1.0081 1.0476 1.0314 1.0371 1.0294 1.0162 1.0002 1.0019 1.0445 1.0383 1.007 
1.0042 1.043 1.0351 1.0193 1.0046 1.0307 1.044 1.0218 1.029 1.0032 1.0462 1.0379 1.0341 1.006 1.0375 1.0368 1.0494 1.0271 1.0239 1.0421 1.0003 1.0266 1.0044 1.0336 1.0412 
1.0048 1.0145 1.0026 1.0429 1.0227 1.0408 1.0019 1.041 1.0386 1.0488 1.0483 1.0053 1.042 1.0144 1.0268 1.0401 1.0105 1.0161 1.0274 1.0259 1.0155 1.0274 1.0118 1.0038 1.0408 
1.0089 1.0423 1.0499 1.0041 1.0037 1.0116 1.0496 1.0246 1.0266 1.0265 1.0172 1.0265 1.0253 1.028 1.0168 1.0296 1.0125 1.0067 1.0169 1.0051 1.0201 1.0389 1.037 1.0281 1.0463 
1.0249 1.0434 1.0401 1.032 1.0257 1.0421 1.0213 1.0236 1.0318 1.0211 1.0374 1.0244 1.0287 1.0154 1.0031 1.0251 1.0169 1.0061 1.0118 1.043 1.0242 1.0077 1.0339 1.0344 1.0361 
1.0263 1.0044 1.0344 1.038 1.011 1.0004 1.0496 1.0111 1.0491 1.0316 1.0353 1.0492 1.0441 1.0051 1.0048 1.0339 1.0474 1.0217 1.0037 1.0389 1.0187 1.0147 1.0326 1.0243 1.0067 
1.0296 1.0303 1.0433 1.044 1.0331 1.0459 1.0107 1.0137 1.0423 1.0121 1.0022 1.0351 1.0319 1.0391 1.0032 1.0248 1.0167 1.0031 1.044 1.0177 1.0118 1.0057 1.0438 1.0284 1.0471 
1.0176 1.0101 1.0213 1.0437 1.0492 1.0254 1.0091 1.0058 1.0123 1.0056 1.0337 1.0383 1.0291 1.0272 1.025 1.0464 1.0467 1.0431 1.0364 1.0296 1.0446 1.0137 1.0188 1.0134 1.0432 
1.0393 1.0246 1.0211 1.0102 1.0126 1.0334 1.0482 1.0004 1.028 1.0427 1.0275 1.0181 1.022 1.046 1.0308 1.0031 1.0455 1.0196 1.0441 1.0396 1.0378 1.0294 1.0356 1.0172 1.0398 
1.0465 1.018 1.0299 1.011 1.0252 1.0417 1.0221 1.0014 1.0082 1.0456 1.0224 1.0172 1.0011 1.0315 1.0023 1.0153 1.0034 1.04 1.0133 1.0185 1.0198 1.0471 1.0483 1.0384 1.0222 
1.0316 1.0065 1.0438 1.0086 1.0037 1.041 1.0355 1.0051 1.0244 1.0487 1.039 1.0046 1.0129 1.0182 1.0107 1.0196 1.0083 1.0235 1.0099 1.0132 1.0019 1.0315 1.0357 1.0353 1.042 
1.0055 1.0022 1.0489 1.0417 1.0091 1.0196 1.0198 1.0152 1.0364 1.0023 1.0405 1.0129 1.0478 1.0376 1.0329 1.009 1.0354 1.0442 1.0065 1.0132 1.0255 1.0385 1.0376 1.0114 1.0415 
1.026 1.0135 1.0052 1.0389 1.0168 1.0212 1.0239 1.0357 1.0323 1.0446 1.0431 1.0319 1.023 1.0185 1.0389 1.0323 1.0229 1.0423 1.0234 1.0256 1.0474 1.0247 1.0192 1.0212 1.0021 
1.0305 1.0471 1.0428 1.02 1.0223 1.0443 1.0316 1.0227 1.023 1.0128 1.0033 1.0269 1.0251 1.0093 1.0485 1.0435 1.0376 1.0085 1.0251 1.0388 1.0054 1.0335 1.0479 1.0374 1.0045 
1.0406 1.028 1.0236 1.0406 1.0085 1.0376 1.0372 1.0387 1.0407 1.0112 1.0347 1.0379 1.006 1.0421 1.0363 1.0481 1.0173 1.0495 1.0484 1.0423 1.0087 1.0392 1.0303 1.0283 1.0132 
1.0322 1.025 1.0257 1.0131 1.0068 1.0368 1.0066 1.0411 1.0438 1.0223 1.0109 1.0172 1.04 1.0067 1.0394 1.0414 1.0305 1.0459 1.0071 1.0255 1.0024 1.0057 1.0414 1.0029 1.0302 
1.0046 1.0223 1.0119 1.0229 1.0322 1.0028 1.0234 1.0125 1.0073 1.0022 1.0015 1.0134 1.0343 1.0478 1.0235 1.0469 1.0106 1.0044 1.0387 1.0302 1.0129 1.007 1.0185 1.0389 1.0343 
1.0064 1.0415 1.0383 1.0488 1.0487 1.0055 1.0407 1.0327 1.0228 1.0226 1.0422 1.0217 1.0006 1.0345 1.0336 1.0217 1.039 1.0292 1.042 1.0456 1.0202 1.0309 1.0002 1.0191 1.0407 
1.0297 1.0375 1.041 1.0088 1.0361 1.0368 1.0216 1.0404 1.0296 1.0495 1.0325 1.0315 1.0059 1.0382 1.0374 1.0288 1.0241 1.0093 1.0199 1.0433 1.0327 1.0251 1.0485 1.0212 1.0099 
1.0176 1.0459 1.0317 1.0049 1.0285 1.023 1.0475 1.0034 1.0415 1.002 1.0083 1.0065 1.01 1.0433 1.025 1.0182 1.0091 1.0027 1.0479 1.0492 1.0383 1.0072 1.0337 1.0094 1.0175 
1.0005 1.0062 1.003 1.0285 1.0286 1.0384 1.0438 1.0384 1.0019 1.0099 1.0283 1.015 1.0081 1.0335 1.0062 1.0417 1.0356 1.0315 1.01 1.0292 1.0491 1.0003 1.0225 1.0177 1.0079 
1.0218 1.0132 1.0454 1.0017 1.0351 1.0282 1.03 1.0163 1.0232 1.0249 1.0244 1.0203 1.0115 1.0343 1.0301 1.04 1.002 1.0359 1.0352 1.0005 1.0084 1.0213 1.0383 1.0309 1.0009 
1.0256 1.0075 1.0294 1.041 1.0445 1.0455 1.0256 1.0432 1.0362 1.049 1.0175 1.008 1.0438 1.0336 1.0456 1.0015 1.0495 1.0282 1.0229 1.0156 1.0016 1.0114 1.0356 1.0445 1.0305 
1.0197 1.0176 1.0397 1.0383 1.0351 1.0056 1.0084 1.0036 1.013 1.0385 1.0263 1.0122 1.0439 1.0055 1.0485 1.0086 1.0277 1.0157 1.0394 1.0489 1.0423 1.046 1.0144 1.023 1.014 
1.0459 1.0339 1.0155 1.0053 1.0464 1.0469 1.0097 1.0411 1.0174 1.0298 1.0264 1.0294 1.0304 1.0084 1.0124 1.0293 1.0217 1.0398 1.0208 1.0035 1.0032 1.017 1.0157 1.0449 1.0477 
1.0401 1.0194 1.0168 1.0276 1.0046 1.0165 1.025 1.0434 1.0041 1.0359 1.008 1.0259 1.0313 1.0231 1.0307 1.0451 1.0051 1.022 1.0188 1.0279 1.0054 1.0188 1.002 1.0381 1.0196 
1.0415 1.0495 1.0302 1.017 1.0141 1.0263 1.006 1.0055 1.0451 1.0185 1.026 1.0077 1.0156 1.0324 1.0066 1.0413 1.0291 1.0128 1.0331 1.0392 1.0079 1.0085 1.0133 1.0001 1.0376 
1.028 1.0233 1.016 1.0344 1.0118 1.0378 1.0152 1.0324 1.0469 1.0166 1.0134 1.0287 1.0095 1.0469 1.0358 1.0147 1.0052 1.0024 1.0253 1.0347 1.0265 1.0174 1.0187 1.0449 1.0169 
1.0296 1.0086 1.0033 1.0297 1.0223 1.0303 1.0222 1.0288 1.0444 1.0269 1.046 1.0285 1.0115 1.0234 1.0381 1.0447 1.0019 1.0136 1.0095 1.044 1.0177 1.0353 1.011 1.0389 1.0006 
1.0019 1.0258 1.0294 1.0218 1.0408 1.016 1.0375 1.0027 1.0399 1.0434 1.0114 1.0127 1.0157 1.0351 1.043 1.0441 1.0438 1.0048 1.0299 1.0105 1.0259 1.0295 1.0051 1.0014 1.0414 
1.0246 1.0148 1.0259 1.0397 1.0196 1.0018 1.0137 1.0282 1.0465 1.0287 1.0104 1.043 1.0084 1.0154 1.0456 1.0336 1.0336 1.0097 1.0162 1.0344 1.0152 1.0395 1.0318 1.0389 1.0372 
1.0329 1.0303 1.0354 1.0447 1.0011 1.0058 1.04 1.0402 1.0453 1.0004 1.0425 1.0361 1.003 1.0367 1.0343 1.0188 1.0204 1.0301 1.012 1.0249 1.0453 1.0002 1.0488 1.0477 1.0159 
1.0051 1.0383 1.0379 1.0411 1.0155 1.0269 1.0412 1.0163 1.0307 1.0191 1.0243 1.0455 1.0352 1.022 1.0177 1.0212 1.0071 1.0113 1.0393 1.0216 1.0173 1.0464 1.0364 1.0393 1.0496 
1.0419 1.0247 1.0422 1.011 1.0483 1.0343 1.0294 1.0123 1.0446 1.0122 1.0138 1.0324 1.019 1.0328 1.0208 1.035 1.0255 1.0425 1.0053 1.012 1.0128 1.0129 1.0097 1.0493 1.0021 
1.0144 1.0409 1.0322 1.0304 1.0143 1.0054 1.0475 1.0121 1.0234 1.0443 1.0283 1.027 1.0372 1.0422 1.0149 1.041 1.03 1.0007 1.022 1.0389 1.0033 1.0226 1.031 1.0305 1.0368 
1.044 1.0073 1.0108 1.034 1.0471 1.0478 1.0182 1.037 1.0409 1.007 1.048 1.043 1.0274 1.0238 1.0257 1.0002 1.0441 1.0246 1.0064 1.0446 1.0049 1.0274 1.0266 1.0396 1.0224 
1.0495 1.0065 1.0385 1.0095 1.0471 1.0181 1.0243 1.0291 1.0019 1.007 1.0496 1.0016 1.0409 1.0011 1.0087 1.002 1.0235 1.0042 1.0042 1.0494 1.0122 1.0171 1.0372 1.0039 1.005 
1.0205 1.0167 1.0297 1.0317 1.0318 1.0264 1.0423 1.0094 1.0114 1.0158 1.0316 1.0256 1.0036 1.0324 1.0447 1.0451 1.032 1.0111 1.0298 1.0239 1.0432 1.018 1.0245 1.0387 1.0429 
1.0009 1.0006 1.0371 1.0324 1.0066 1.0135 1.0468 1.0265 1.0082 1.0411 1.0203 1.0379 1.0087 1.0281 1.0217 1.0325 1.0142 1.0009 1.0034 1.0297 1.0446 1.0056 1.0457 1.0357 1.0072 
1.0006 1.0167 1.045 1.0363 1.0166 1.0122 1.0277 1.0349 1.0026 1.0404 1.0147 1.0069 1.0323 1.0332 1.0441 1.0259 1.0023 1.03 1.0108 1.0381 1.0441 1.0355 1.0181 1.0079 1.0414 
1.0241 1.0472 1.0313 1.0234 1.0344 1.0146 1.0019 1.0412 1.0194 1.0076 1.0221 1.0257 1.0061 1.0455 1.0257 1.0317 1.0282 1.0456 1.0002 1.0472 1.0497 1.0125 1.0142 1.0349 1.0347 
1.0173 1.0226 1.0053 1.0025 1.0362 1.0423 1.039 1.0024 1.0113 1.0193 1.01 1.0249 1.0042 1.004 1.0444 1.0299 1.0171 1.0367 1.0303 1.0115 1.0417 1.018 1.0033 1.0436 1.004 
1.0083 1.0454 1.0075 1.0171 1.0463 1.0225 1.0492 1.0358 1.0302 1.0499 1.0498 1.0441 1.0044 1.015 1.0171 1.0085 1.0222 1.0243 1.0296 1.0329 1.0439 1.0113 1.0335 1.0405 1.0048 
1.0324 1.0417 1.039 1.0248 1.0248 1.0243 1.007 1.0294 1.0109 1.0204 1.0097 1.0098 1.0142 1.0025 1.0456 1.0157 1.0169 1.0339 1.0453 1.0097 1.0027 1.0075 1.0295 1.0064 1.0256 
1.0132 1.0488 1.0236 1.0357 1.0258 1.046 1.0039 1.0039 1.0195 1.0451 1.0072 1.0051 1.0182 1.0226 1.0054 1.0281 1.0309 1.0042 1.0175 1.0409 1.0139 1.007 1.0367 1.0149 1.0367 
1.0362 1.0382 1.0239 1.034 1.0464 1.0019 1.0233 1.0197 1.0425 1.0399 1.0426 1.0467 1.0131 1.029 1.021 1.0128 1.0182 1.0176 1.0258 1.041 1.0233 1.0006 1.0281 1.0077 1.0182 
1.0038 1.049 1.0173 1.0117 1.0412 1.0335 1.0427 1.0025 1.0451 1.009 1.0441 1.0355 1.022 1.0006 1.0421 1.021 1.0112 1.0425 1.0038 1.0455 1.0008 1.0331 1.0493 1.0018 1.0104 
1.0465 1.0455 1.043 1.0236 1.0462 1.0214 1.0282 1.0211 1.0201 1.0137 1.0091 1.0033 1.0325 1.0155 1.0028 1.0304 1.0042 1.0459 1.0312 1.0093 1.0377 1.0289 1.0375 1.0007 1.0381 
1.0117 1.0083 1.0268 1.0099 1.0017 1.0128 1.0312 1.0423 1.0288 1.0129 1.0355 1.0144 1.0452 1.0337 1.0202 1.021 1.0379 1.023 1.0104 1.045 1.0442 1.0354 1.0389 1.0137 1.0454 
1.0455 1.0203 1.0184 1.0315 1.0379 1.0469 1.0408 1.0057 1.0407 1.0212 1.0482 1.0257 1.0339 1.0276 1.0273 1.0485 1.0027 1.0075 1.0347 1.0316 1.0236 1.0468 1.034 1.0228 1.0386 
1.0066 1.0045 1.0473 1.0408 1.0406 1.004 1.0052 1.0217 1.0411 1.0469 1.0499 1.0306 1.006 1.0236 1.0357 1.0436 1.0115 1.022 1.0257 1.0175 1.0384 1.0203 1.03 1.0058 1.0172 
1.0167 1.0354 1.0097 1.0447 1.0233 1.008 1.0185 1.0228 1.0219 1.0187 1.0332 1.0199 1.0071 1.0364 1.0109 1.0443 1.0274 1.0133 1.0472 1.0025 1.0487 1.0383 1.0452 1.0013 1.0484 
1.012 1.032 1.0472 1.0361 1.0354 1.0009 1.029 1.0131 1.0333 1.0166 1.026 1.0183 1.0042 1.0069 1.0192 1.028 1.0281 1.0121 1.0132 1.0098 1.0332 1.0151 1.0093 1.0416 1.03 
1.0122 1.0397 1.0327 1.0411 1.0286 1.0114 1.0487 1.0438 1.0387 1.0164 1.0175 1.045 1.0205 1.0137 1.0272 1.035 1.0383 1.0012 1.0339 1.0095 1.029 1.0432 1.004 1.0278 1.0003 
1.0017 1.0181 1.0309 1.0212 1.0251 1.0142 1.034 1.0159 1.0119 1.0152 1.0394 1.0343 1.0386 1.0409 1.0329 1.0183 1.0193 1.0497 1.0026 1.0252 1.0289 1.0358 1.0256 1.015 1.0486 
1.0005 1.0358 1.0374 1.0483 1.0046 1.0191 1.0367 1.0115 1.0195 1.0054 1.0203 1.0143 1.0242 1.0118 1.0183 1.0082 1.0372 1.0156 1.0077 1.0202 1.0434 1.0198 1.0212 1.0345 1.003 
1.0394 1.0101 1.0118 1.0429 1.0196 1.0265 1.0217 1.0264 1.036 1.0199 1.0212 1.0387 1.0287 1.0028 1.0132 1.0406 1.0004 1.0312 1.0056 1.0238 1.0254 1.0455 1.0164 1.0318 1.016 
1.0215 1.0192 1.0214 1.0248 1.0335 1.0054 1.0331 1.0311 1.0248 1.0364 1.0493 1.0033 1.0452 1.0191 1.0393 1.0304 1.0149 1.0357 1.0048 1.0395 1.023 1.0262 1.0428 1.0198 1.0075 
1.0378 1.0123 1.0195 1.0429 1.0456 1.0441 1.0046 1.0101 1.0125 1.0173 1.0396 1.0447 1.0234 1.0344 1.0405 1.0466 1.0064 1.0293 1.0496 1.0129 1.0339 1.0289 1.0463 1.0454 1.0217 
1.0123 1.0099 1.0182 1.0179 1.0265 1.0085 1.0037 1.0132 1.0161 1.0342 1.0492 1.0497 1.0278 1.0328 1.0088 1.037 1.0238 1.0125 1.0032 1.0287 1.0133 1.0443 1.0106 1.012 1.0079 
1.0229 1.0414 1.0309 1.0394 1.0357 1.0124 1.0156 1.0336 1.0006 1.0215 1.0473 1.0043 1.0288 1.009 1.0336 1.0352 1.0422 1.0185 1.0045 1.0021 1.0192 1.0107 1.0089 1.027 1.0437 
1.0039 1.0291 1.0077 1.037 1.0332 1.0038 1.0101 1.0471 1.0314 1.0196 1.0344 1.0341 1.0478 1.0406 1.0489 1.0249 1.0125 1.0447 1.0201 1.0036 1.0168 1.0409 1.0395 1.042 1.0286 
1.0339 1.0177 1.0198 1.0098 1.028 1.0169 1.036 1.0111 1.0276 1.025 1.0269 1.0085 1.0348 1.008 1.0486 1.0034 1.035 1.0093 1.018 1.0381 1.0031 1.0312 1.0483 1.0137 1.0156 
1.037 1.0001 1.0253 1.0103 1.0068 1.0075 1.0194 1.0263 1.018 1.0315 1.0118 1.0341 1.0071 1.0411 1.0052 1.0289 1.0306 1.0329 1.0384 1.0256 1.024 1.026 1.0205 1.0298 1.0247 
1.0313 1.0043 1.0195 1.0346 1.0389 1.0402 1.0338 1.0499 1.0226 1.0368 1.0466 1.0041 1.0188 1.0238 1.0221 1.0044 1.0418 1.023 1.0166 1.0116 1.0434 1.0095 1.0022 1.0486 1.0217 
1.0293 1.0456 1.0308 1.0102 1.0423 1.0017 1 1.0285 1.0187 1.009 1.0064 1.0171 1.0232 1.0444 1.0424 1.0164 1.0117 1.0415 1.0063 1.0047 1.0477 1.0333 1.0174 1.0257 1.0346 
1.0049 1.0143 1.0492 1.0435 1.0418 1.0454 1.017 1.0189 1.005 1.0482 1.0315 1.014 1.0233 1.043 1.0315 1.0342 1.0312 1.0439 1.0056 1.0403 1.0374 1.0333 1.0138 1.0149 1.0464 
1.0082 1.0231 1.0363 1.0132 1.029 1.0021 1.0155 1.0352 1.0265 1.021 1.0124 1.0371 1.0458 1.0136 1.0491 1.0433 1.046 1.0257 1.0309 1.0087 1.0238 1.0032 1.0354 1.0254 1.049 
1.0296 1.0352 1.028 1.0301 1.0185 1.0155 1.0158 1.0281 1.0345 1.0044 1.04 1.0304 1.0008 1.0388 1.0498 1.0098 1.0235 1.0482 1.0488 1.0133 1.0434 1.0163 1.0369 1.0179 1.0276 
1.0005 1.0471 1.0207 1.0435 1.0146 1.0406 1.0395 1.04 1.0174 1.0458 1.049 1.0408 1.0408 1.0178 1.0082 1.0248 1.0061 1.0138 1.0176 1.019 1.0089 1.0047 1.0226 1.0204 1.0186 
1.0093 1.02 1.0256 1.0018 1.0454 1.0079 1.0245 1.0304 1.0226 1.0047 1.0433 1.0382 1.0093 1.0144 1.0436 1.043 1.0492 1.0214 1.0124 1.0454 1.0034 1.0211 1.0093 1.0185 1.049 
1.0057 1.0178 1.015 1.0123 1.0237 1.0081 1.0143 1.0191 1.0267 1.024 1.0375 1.0312 1.0103 1.0096 1.0371 1.0138 1.028 1.0342 1.0111 1.0472 1.0191 1.0459 1.0107 1.0378 1.0142 
1.002 1.0423 1.0071 1.0061 1.0323 1.008 1.0157 1.038 1.0225 1.0204 1.0146 1.0186 1.0049 1.0154 1.0304 1.033 1.0123 1.0134 1.0007 1.0397 1.0248 1.0137 1.0212 1.0051 1.0385 
1.0388 1.0029 1.0229 1.0318 1.0353 1.0328 1.0294 1.0426 1.0487 1.0198 1.0296 1.0335 1.0375 1.0481 1.0269 1.0223 1.023 1.0172 1.0171 1.0084 1.0481 1.0101 1.0201 1.036 1.0239 
1.0327 1.0375 1.0414 1.0158 1.0437 1.0428 1.0391 1.0313 1.0122 1.0185 1.0384 1.0012 1.0271 1.0345 1.0075 1.036 1.0422 1.0083 1.0389 1.0321 1.006 1.0164 1.0007 1.0485 1.0321 
1.0486 1.0223 1.0282 1.0234 1.0348 1.0237 1.0215 1 1.0458 1.0061 1.0187 1.0247 1.0259 1.0131 1.0067 1.017 1.0261 1.0286 1.0321 1.0349 1.0021 1.0113 1.0072 1.035 1.006 
1.0464 1.017 1.0133 1.0161 1.0249 1.0072 1.0313 1.02 1.0454 1.0177 1.0108 1.0126 1.0218 1.0093 1.0246 1.0266 1.0182 1.0171 1.026 1.0351 1.025 1.0141 1.0388 1.0123 1.0212 
1.0015 1.0155 1.0236 1.0324 1.0462 1.0156 1.0133 1.0296 1.0067 1.0495 1.0439 1.0335 1.0335 1.02 1.0349 1.036 1.0444 1.0269 1.044 1.0408 1.0485 1.0457 1.0459 1.0328 1.0182 
1.0343 1.0294 1.03 1.0035 1.0166 1.0444 1.0069 1.0186 1.0034 1.0491 1.0399 1.0415 1.0379 1.0411 1.0219 1.0315 1.0088 1.0068 1.0482 1.0234 1.0099 1.0204 1.0246 1.0061 1.0287 
1.035 1.0087 1.0084 1.0286 1.0396 1.004 1.0061 1.0312 1.0098 1.024 1.0133 1.0383 1.0132 1.0325 1.0159 1.0472 1.0406 1.0403 1.0394 1.0087 1.031 1.0246 1.0182 1.0335 1.0234 
1.0124 1.0006 1.0492 1.0078 1.0208 1.0164 1.0408 1.0072 1.037 1.0089 1.0251 1.021 1.0382 1.0235 1.043 1.0128 1.017 1.0292 1.0091 1.0331 1.0474 1.0417 1.0211 1.0453 1.0308 
1.0139 1.0252 1.041 1.0492 1.0364 1.0108 1.021 1.0297 1.043 1.0429 1.0216 1.0133 1.0315 1.0098 1.0369 1.0086 1.0281 1.0241 1.027 1.0441 1.0132 1.0447 1.0368 1.0063 1.0215 
1.037 1.0421 1.0029 1.0372 1.0206 1.0491 1.0261 1.0203 1.0374 1.033 1.0055 1.045 1.0495 1.0191 1.0177 1.0366 1.0288 1.04 1.0397 1.0044 1.0268 1.0395 1.0434 1.0482 1.0441 
1.0177 1.0366 1.0072 1.0058 1.0421 1.0103 1.0151 1.0168 1.0321 1.0265 1.0365 1.0092 1.0233 1.005 1.018 1.0089 1.0196 1.0327 1.0259 1.03 1.0423 1.0383 1.0219 1.0319 1.0114 
1.0437 1.0003 1.0313 1.0456 1.0255 1.0366 1.0366 1.0274 1.0024 1.0072 1.0407 1.0477 1.0041 1.0427 1.0229 1.0152 1.0476 1.0163 1.0027 1.028 1.0068 1.0249 1.0329 1.0062 1.0189 
1.0004 1.0311 1.034 1.0139 1.0204 1.0332 1.0384 1.0177 1.0074 1.0079 1.0445 1.0064 1.0076 1.0131 1.0404 1.0344 1.0075 1.0122 1.0146 1.011 1.0379 1.0165 1.0002 1.025 1.023 
1.0042 1.035 1.0151 1.0127 1.0394 1.0061 1.0081 1.036 1.046 1.0195 1.0346 1.0313 1.0473 1.02 1.0332 1.0071 1.0125 1.0106 1.025 1.0141 1.0454 1.0146 1.0009 1.0186 1.0048 
1.0089 1.0377 1.0423 1.0188 1.0267 1.0432 1.019 1.0457 1.0479 1.0274 1.0348 1.038 1.0221 1.0198 1.0127 1.0467 1.036 1.0044 1.0119 1.0217 1.0256 1.0411 1.0161 1.0227 1.0339 
1.0109 1.0096 1.0114 1.0085 1.0228 1.0204 1.0439 1.0426 1.0087 1.0056 1.0307 1.0043 1.0426 1.0364 1.0004 1.0129 1.0054 1.0451 1.0251 1.0413 1.0028 1.0105 1.0464 1.0327 1.018 
1.0272 1.0372 1.0086 1.0409 1.0049 1.0109 1.0127 1.0076 1.0289 1.0491 1.0041 1 1.0357 1.034 1.0288 1.0356 1.0013 1.0396 1.0161 1.0087 1.0499 1.0399 1.0342 1.0014 1.036 
1.0072 1.0407 1.0317 1.0451 1.0067 1.0243 1.0343 1.0399 1.0381 1.0355 1.0115 1.0061 1.0211 1.0343 1.0263 1.0149 1.0028 1.0302 1.0314 1.0069 1.0171 1.0001 1.0011 1.0414 1.0396 
1.0227 1.0099 1.0004 1.0074 1.0319 1.0051 1.024 1.0433 1.0277 1.033 1.032 1.0073 1.0074 1.0492 1.0041 1.0218 1.0302 1.0072 1.042 1.0189 1.0211 1.0388 1.0379 1.0039 1.0196 
1.0486 1.0425 1.0373 1.0239 1.0216 1.0352 1.0348 1.0311 1.0172 1.025 1.0141 1.0308 1.0005 1.0334 1.0064 1.0336 1.0362 1.0492 1.0028 1.017 1.0032 1.018 1.0222 1.0369 1.0386 
1.0111 1.0147 1.0343 1.0376 1.0495 1.0399 1.025 1.0283 1.0436 1.01 1.0031 1.0044 1.0302 1.039 1.049 1.0267 1.0233 1.0465 1.0017 1.0087 1.0198 1.0023 1.0096 1.0227 1.0212 
1.043 1.0004 1.0239 1.0179 1.0029 1.0266 1.0414 1.048 1.0406 1.0435 1.0226 1.0325 1.0316 1.0498 1.007 1.0042 1.0422 1.0257 1.0011 1.0248 1.0192 1.0075 1.0143 1.0449 1.032 
1.0434 1.0418 1.0165 1.0436 1.0108 1.0033 1.0383 1.0453 1.0168 1.0028 1.0447 1.018 1.0406 1.0006 1.0334 1.0268 1.0107 1.0144 1.0242 1.0099 1.0242 1.043 1.0148 1.0389 1.0221 
1.0201 1.0219 1.0325 1.0384 1.0274 1.0019 1.0003 1.047 1.0221 1.0414 1.0026 1.0394 1.0377 1.0105 1.0027 1.0106 1.0259 1.0166 1.0473 1.0473 1.0338 1.0409 1.0218 1.0026 1.021 
1.0197 1.0386 1.0219 1.024 1.0281 1.0307 1.0043 1.0408 1.0322 1.0156 1.0467 1.0232 1.0026 1.0223 1.0123 1.0433 1.0133 1.008 1.0208 1.0147 1.0407 1.0027 1.0381 1.0397 1.0103 
1.0345 1.0387 1.0341 1.037 1.0457 1.0017 1.0413 1.0151 1.0418 1.0204 1.0167 1.0433 1.0355 1.0462 1.0339 1.0245 1.0423 1.0345 1.0078 1.0214 1.017 1.0275 1.0361 1.0091 1.0024 
1.0079 1.0022 1.0476 1.0276 1.0446 1.0314 1.0063 1.0064 1.0071 1.0436 1.004 1.0167 1.0024 1.0381 1.041 1.0231 1.0211 1.0368 1.0025 1.0001 1.0375 1.0264 1.0149 1.0389 1.0078 
1.0128 1.0024 1.0254 1.0162 1.0454 1.0134 1.0077 1.0235 1.0171 1.0196 1.0316 1.0337 1.0289 1.04 1.0231 1.0419 1.037 1.0207 1.0214 1.0343 1.0149 1.006 1.023 1.0218 1.0291 
1.0403 1.0392 1.0262 1.0203 1.0113 1.0222 1.0426 1.0025 1.0287 1.0061 1.041 1.0335 1.0353 1.0059 1.0176 1.0321 1.0148 1.0402 1.0246 1.0243 1.0313 1.024 1.0093 1.038 1.0052 
1.0445 1.0157 1.0394 1.0033 1.0149 1.0478 1.0407 1.0346 1.0394 1.0455 1.0013 1.0153 1.0386 1.0153 1.0366 1.0067 1.0165 1.0226 1.0465 1.0181 1.0086 1.0406 1.0189 1.0034 1.0274 
1.0449 1.0003 1.0474 1.0393 1.0226 1.0494 1.0218 1.0155 1.0236 1.0431 1.0499 1.0326 1.0479 1.0481 1.0055 1.005 1.0478 1.0226 1.0169 1.0177 1.0026 1.0074 1.0089 1.0121 1.0241 
1.0284 1.0368 1.0446 1.0128 1.0283 1.0293 1.0084 1.0109 1.027 1.0476 1.0016 1.0186 1.0227 1.0241 1.0358 1.0234 1.0253 1.048 1.0391 1.0177 1.0496 1.0432 1.0192 1.0366 1.0477 
1.0106 1.0259 1.0318 1.033 1.0468 1.0396 1.0136 1.0335 1.0437 1.0419 1.0319 1.0134 1.0286 1.0468 1.0244 1.042 1.0346 1.0307 1.0112 1.0192 1.039 1.0013 1.0428 1.0455 1.0308 
1.0346 1.0299 1.0033 1 1.026 1.0348 1.0115 1.0415 1.036 1.0233 1.0337 1.032 1.0444 1.0247 1.0303 1.0493 1.0189 1.0191 1.0298 1.0039 1.0046 1.0488 1.0236 1.0496 1.006 
1.0114 1.0184 1.0323 1.0332 1.0446 1.0346 1.0089 1.0254 1.0311 1.0123 1.0052 1.0251 1.0004 1.0091 1.0165 1.004 1.0051 1.0056 1.0385 1.02 1.0262 1.0047 1.0182 1.0236 1.0192 
1.0356 1.0003 1.0118 1.0366 1.0107 1.0382 1.0101 1.0302 1.0096 1.0399 1.0439 1.0072 1.0338 1.0245 1.0046 1.0375 1.0359 1.0466 1.0303 1.0266 1.0266 1.043 1.0192 1.0216 1.0007 
1.01 1.0012 1.0024 1.0068 1.0198 1.0409 1.0273 1.0144 1.0058 1.0201 1.0486 1.0364 1.0469 1.0389 1.0025 1.0307 1.0363 1.0174 1.0405 1.0482 1.0007 1.0452 1.0232 1.0356 1.0392 
1.0041 1.0454 1.0176 1.0136 1.0074 1.0211 1.0465 1.0328 1.048 1.0195 1.0469 1.0045 1.035 1.0392 1.0289 1.0281 1.0025 1.0343 1.048 1.0337 1.0216 1.0135 1.0454 1.0197 1.0397 
1.0434 1.0006 1.042 1.0067 1.0286 1.0255 1.0334 1.0073 1.0471 1.046 1.0215 1.0012 1.0025 1.0463 1.013 1.0384 1.0321 1.0103 1.0305 1.0341 1.0435 1.0444 1.0443 1.0307 1.0055 
1.003 1.034 1.0438 1.0184 1 1.0272 1.0344 1.0035 1.028 1.0071 1.0319 1.0212 1.022 1.0258 1.0456 1.0379 1.0435 1.0177 1.016 1.0311 1.0056 1.0457 1.0256 1.0071 1.0353 
1.0072 1.0188 1.0367 1.0016 1.0441 1.0408 1.0356 1.0303 1.038 1.0011 1.0299 1.0398 1.0424 1.0003 1.0168 1.0077 1.0092 1.0468 1.0192 1.017 1.0294 1.0156 1.0088 1.0056 1.0348 
1.0008 1.0062 1.0129 1.0261 1.0309 1.0001 1.0352 1.0286 1.0337 1.0084 1.0206 1.0133 1.0474 1.0067 1.019 1.0168 1.0223 1.0005 1.0124 1.015 1.0114 1.0413 1.028 1.0427 1.007 
1.014 1.005 1.0302 1.0431 1.0131 1.0187 1.0096 1.0142 1.0209 1.0285 1.0082 1.0201 1.0214 1.0068 1.0161 1.0026 1.0254 1.0238 1.0077 1.0067 1.0396 1.026 1.0228 1.0462 1.0135 
1.0177 1.0105 1.0294 1.0006 1.0479 1.0101 1.0085 1.0441 1.0363 1.0496 1.0447 1.0123 1.0066 1.0331 1.0484 1.0415 1.0385 1.0461 1.0345 1.0008 1.0376 1.0227 1.0133 1.0012 1.0091 
1.0221 1.0497 1.0438 1.0453 1.0397 1.018 1.0487 1.035 1.041 1.0177 1.0498 1.037 1.0413 1.027 1.0019 1.0102 1.0094 1.009 1.0338 1.0371 1.0279 1.0016 1.0383 1.0384 1.0329 
1.0066 1.0029 1.0329 1.0324 1.0329 1.0499 1.0038 1.0243 1.0222 1.0143 1.0384 1.0286 1.0162 1.0365 1.0422 1.0343 1.0116 1.0098 1.0326 1.0476 1.0479 1.023 1.0283 1.0436 1.0227 
1.0166 1.0386 1.0243 1.0128 1.025 1.0192 1.0082 1.0474 1.0242 1.035 1.0334 1.0117 1.0359 1.0106 1.0181 1.0485 1.0309 1.0042 1.0356 1.0058 1.0043 1.0466 1.0114 1.0108 1.0098 
1.0323 1.0444 1.0401 1.0469 1.0212 1.0056 1.0173 1.0352 1.0304 1.0036 1.0199 1.0192 1.0274 1.0009 1.0291 1.0035 1.0272 1.0223 1.0103 1.0204 1.0116 1.0302 1.0442 1.0125 1.009 
1.0305 1.0085 1.0295 1.0345 1.0127 1.0204 1.0214 1.0048 1.0055 1.0289 1.0102 1.0456 1.042 1.0194 1.026 1.0493 1.0317 1.0013 1.0121 1.0124 1.0093 1.0023 1.0416 1.0335 1.0462 
1.049 1.0418 1.0143 1.0303 1.0232 1.0363 1.0065 1.0487 1.0292 1.017 1.018 1.0212 1.0331 1.0441 1.0294 1.0089 1.0261 1.0495 1.0369 1.0223 1.0269 1.0106 1.0192 1.029 1.0418 
1.0149 1.049 1.0246 1.036 1.0208 1.015 1.0372 1.0314 1.0353 1.0056 1.0039 1.0177 1.0219 1.041 1.019 1.0325 1.0416 1.0115 1.0363 1.0439 1.0237 1.026 1.0368 1.0271 1.0253 
1.0064 1.025 1.0362 1.0494 1.0049 1.0436 1.0094 1.0427 1.0411 1.0077 1.0473 1.0125 1.0237 1.0048 1.0407 1.0096 1.021 1.0062 1.008 1.0472 1.0478 1.0352 1.0398 1.0285 1.0317 
1.0035 1.0155 1.0336 1.0055 1.0262 1.0333 1.0484 1.0444 1.0016 1.0117 1.0379 1.0354 1.0313 1.0053 1.0344 1.0452 1.0353 1.0446 1.0033 1.0061 1.0434 1.0469 1.0276 1.029 1.0084 
1.0229 1.0488 1.0261 1.0191 1.0089 1.0301 1.0211 1.0309 1.0322 1.0167 1.0426 1.0487 1.0065 1.0263 1.0402 1.0233 1.0162 1.0374 1.03 1.0295 1.0407 1.0024 1.0165 1.027 1.015 
1.0117 1.0154 1.0214 1.0069 1.0453 1.0468 1.0282 1.0325 1.0321 1.0158 1.0431 1.0312 1.0419 1.028 1.0228 1.0002 1.0242 1.0494 1.0033 1.0181 1.0439 1.0157 1.0005 1.0073 1.0139 
1.0226 1.003 1.0101 1.0291 1.0161 1.022 1.0335 1.0216 1.0491 1.0421 1.0033 1.0227 1.0171 1.0223 1.0318 1.0076 1.0441 1.0178 1.0006 1.0136 1.0264 1.03 1.047 1.0425 1.0091 
1.0438 1.0463 1.0329 1.015 1.0133 1.0143 1.0026 1.0374 1.0245 1.0409 1.0045 1.0076 1.0024 1.0268 1.0256 1.0457 1.013 1.0362 1.0398 1.0156 1.0172 1.0109 1.0012 1.006 1.0014 
1.0283 1.0453 1.0161 1.039 1.0182 1.0467 1.0152 1.0317 1.0022 1.0251 1.0381 1.0344 1.011 1.0435 1.0128 1.048 1.0208 1.0349 1.0303 1.0393 1.0165 1.0047 1.0075 1.0229 1.0048 
1.0269 1.0398 1.0319 1.0278 1.0243 1.01 1.0402 1.0282 1.0031 1.0257 1.036 1.0114 1.0241 1.0253 1.0331 1.0338 1.0261 1.0337 1.0294 1.0199 1.0189 1.0281 1.0283 1.0171 1.004 
1.0258 1.004 1.019 1.0254 1.001 1.0419 1.0256 1.0185 1.0166 1.0054 1.0158 1.0267 1.006 1.0315 1.0013 1.0149 1.0132 1.0201 1.0155 1.0239 1.0148 1.0183 1.0187 1.0153 1.0334 
1.0336 1.0083 1.0198 1.0265 1.0319 1.0372 1.0226 1.038 1.0032 1.0456 1.0429 1.0298 1.0407 1.0176 1.0422 1.0019 1.0425 1.0027 1.017 1.0038 1.0036 1.0279 1.0442 1.0087 1.013 
1.0407 1.0037 1.0494 1.0157 1.0213 1.049 1.0409 1.0481 1.0148 1.0256 1.0151 1.0259 1.0149 1.0215 1.0402 1.0169 1.0093 1.0244 1.0186 1.0017 1.037 1.026 1.0042 1.0406 1.0383 
1.0422 1.0346 1.0161 1.0252 1.0157 1.025 1.0225 1.0191 1.0099 1.029 1.0313 1.0124 1.0035 1.039 1.017 1.0232 1.0244 1.0188 1.0355 1.0204 1.0087 1.0311 1.0143 1.0378 1.0187 
1.0027 1.0082 1.0228 1.0483 1.0039 1.0403 1.0168 1.0115 1.0169 1.0062 1.0437 1.0207 1.0236 1.0329 1.0311 1.0045 1.0242 1.0292 1.0228 1.0093 1.0128 1.0269 1.0385 1.0198 1.0495 
1.0404 1.0111 1.0122 1.0388 1.0379 1.034 1.0169 1.008 1.0281 1.0208 1.0378 1.0141 1.0284 1.0276 1.0195 1.0063 1.0228 1.0168 1.0008 1.0222 1.041 1.0252 1.0042 1.0198 1.0009 
1.0433 1.0168 1.0268 1.0112 1.0145 1.0005 1.0369 1.0245 1.0237 1.0139 1.0133 1.0156 1.0453 1.0456 1.0013 1.0034 1.0365 1.0471 1.0236 1.0039 1.0117 1.0493 1.0259 1.0118 1.0114 
1.0248 1.0103 1.0365 1.0212 1.0415 1.0379 1.0229 1.0176 1.0035 1.0442 1.0422 1.0227 1.0174 1.0209 1.0298 1.0281 1.0159 1.0141 1.0022 1.0142 1.0162 1.0368 1.0146 1.0355 1.0484 
1.0237 1.0394 1.0249 1.0424 1.0397 1.0345 1.0311 1.035 1.0336 1.0285 1.0377 1.0108 1.0413 1.0454 1.0295 1.0172 1.0341 1.012 1.0062 1.0298 1.0092 1.0027 1.0081 1.0242 1.0497 
1.0114 1.0316 1.0292 1.0091 1.0428 1.0166 1.045 1.008 1.0464 1.0479 1.0061 1.0259 1.0223 1.0056 1.044 1.04 1.0226 1.0109 1.0149 1.0335 1.0074 1.0427 1.0093 1.0145 1.0285 
1.0068 1.0391 1.027 1.0441 1.0232 1.0416 1.004 1.0299 1.0098 1.0469 1.0074 1.0236 1.0081 1.01 1.0224 1.033 1.0063 1.0328 1.0226 1.0454 1.0315 1.018 1.03 1.0333 1.0258 
1.0489 1.0322 1.0217 1.0309 1.0051 1.0327 1.0229 1.034 1.0285 1.0098 1.0127 1.0234 1.0176 1.0438 1.0141 1.0023 1.0135 1.0046 1.0274 1.0022 1.0172 1.0154 1.0195 1.0437 1.0268 
1.0165 1.0246 1.0086 1.0471 1.0296 1.0285 1.0119 1.0166 1.0457 1.0089 1.0007 1.0498 1.0383 1.0353 1.0458 1.0238 1.0341 1.0182 1.0383 1.0024 1.0045 1.0097 1.0149 1.0152 1.0411 
1.0255 1.0473 1.0136 1.0378 1.0031 1.0325 1.0011 1.0274 1.0385 1.0231 1.0181 1.0171 1.035 1.0203 1.0298 1.0197 1.0444 1.0423 1.0426 1.01 1.0091 1.0218 1.0052 1.017 1.0317 
1.0343 1.0498 1.0343 1.005 1.0211 1.0005 1.0212 1.047 1.0248 1.0469 1.0159 1.0131 1.0327 1.0339 1.0429 1.0205 1.0448 1.0181 1.0001 1.0296 1.024 1.0198 1.0441 1.0114 1.0056 
1.0295 1.0487 1.0237 1.0328 1.0457 1.0166 1.0252 1.0074 1.0339 1 1.0348 1.0393 1.0494 1.0401 1.0024 1.0264 1.0383 1.0321 1.0321 1.0063 1.0425 1.0379 1.0349 1.0228 1.0349 
1.012 1.0016 1.0405 1.0226 1.0194 1.0473 1.0237 1.03 1.0379 1.0279 1.0284 1.0031 1.0012 1.0019 1.0137 1.0255 1.0013 1.0231 1.0131 1.0075 1.034 1.0295 1.0269 1.0326 1.0178 
1.0287 1.0333 1.0221 1.0316 1.0238 1.0198 1.0027 1.0149 1.0134 1.009 1.0398 1.0136 1.0175 1.0364 1.0178 1.0369 1.0168 1.0459 1.0439 1.0105 1.0499 1.0458 1.0494 1.0366 1.0404 
1.0308 1.0323 1.0259 1.0014 1.0343 1.0482 1.0063 1.0177 1.0421 1.0407 1.0035 1.0139 1.032 1.0332 1.0239 1.0396 1.0403 1.0081 1.0086 1.0219 1.0432 1.0329 1.0037 1.048 1.0011 
1.0268 1.0212 1.0043 1.003 1.0271 1.0102 1.023 1.0491 1.04 1.0298 1.0414 1.0399 1.0074 1.0142 1.0066 1.0292 1.0175 1.0241 1.0096 1.0349 1.0348 1.0256 1.0052 1.04 1.0264 
1.0004 1.0382 1.0037 1.0461 1.0058 1.0255 1.0013 1.0424 1.0206 1.0387 1.0142 1.0307 1.0485 1.0002 1.0225 1.012 1.0274 1.0045 1.0179 1.0259 1.0031 1.0422 1.0392 1.0176 1.0313 
1.0466 1.0177 1.0162 1.0432 1.0205 1.0389 1.0323 1.026 1.0251 1.0107 1.025 1.006 1.0194 1.029 1.0197 1.0171 1.0276 1.0484 1.029 1.0377 1.0439 1.0007 1.0384 1.0338 1.007 
1.0297 1.0465 1.0406 1.0213 1.0387 1.0111 1.0004 1.0416 1.0492 1.0332 1.0184 1.0423 1.0322 1.0218 1.0359 1.0226 1.0134 1.0107 1 1.0228 1.0308 1.0268 1.033 1.0301 1.0046 
1.0448 1.0087 1.0457 1.0085 1.0248 1.0355 1.0125 1.0391 1.0088 1.0198 1.0264 1.0387 1.0336 1.0474 1.0158 1.0082 1.022 1.0024 1.0471 1.0172 1.0029 1.0488 1.0483 1.021 1.0449 
1.0054 1.0145 1.0057 1.0401 1.0012 1.0026 1.0414 1.0209 1.0258 1.04 1.0387 1.0083 1.0061 1.0427 1.0007 1.0064 1.0399 1.013 1.0454 1.0291 1.0022 1.0216 1.0335 1.0087 1.0451 
1.0272 1.0321 1.0224 1.0201 1.0315 1.0027 1.0429 1.0457 1.0466 1.0471 1.048 1.0488 1.0436 1.0242 1.0236 1.0248 1.0273 1.0022 1.0187 1.0099 1.0038 1.0483 1.0028 1.049 1.0259 
1.0398 1.034 1.0088 1.0159 1.0203 1.0037 1.0222 1.0411 1.0174 1.039 1.0194 1.0485 1.0073 1.0432 1.0238 1.0102 1.0204 1.0044 1.0403 1.0218 1.0049 1.0235 1.0013 1.0275 1.0116 
1.017 1.0218 1.0033 1.0225 1.0122 1.0475 1.0332 1.0445 1.0394 1.0057 1.0366 1.0239 1.007 1.0152 1.0434 1.028 1.0468 1.034 1.0142 1.0472 1.0353 1.0145 1.0429 1.0319 1.0451 
1.0308 1.0408 1.015 1.034 1.0462 1.0034 1.0211 1.0301 1.0145 1.0025 1.0272 1.0488 1.0381 1.0383 1.007 1.0291 1.0149 1.0029 1.0057 1.0494 1.0046 1.0319 1.0473 1.025 1.0383 
1.044 1.0413 1.0087 1.0485 1.0252 1.0435 1.0443 1.0396 1.0123 1.0267 1.0228 1.0063 1.0339 1.0365 1.0432 1.0177 1.0248 1.0496 1.0239 1.0297 1.0451 1.0428 1.0181 1.0295 1.0385 
1.041 1.0352 1.0035 1.0202 1.0467 1.0184 1.0474 1.0349 1.0146 1.0461 1.0322 1.0266 1.0282 1.0385 1.0035 1.0218 1.0379 1.0311 1.0039 1.0441 1.0016 1.0303 1.0054 1.0441 1.0297 
1.049 1.0298 1.0461 1.0393 1.0141 1.0264 1.0481 1.0079 1.0389 1.0472 1.0145 1.0225 1.0301 1.0442 1.0149 1.0293 1.038 1.0013 1.0131 1.0107 1.0029 1.0232 1.0397 1.0334 1.0468 
