10
500
9201 9586 9063 9794 9857 9411 9266 9182 9266 9749 9312 9397 9544 9671 9035 9312 9667 9203 9583 9739 9080 9433 9551 9750 9731 9691 9180 9968 9427 9380 9700 9946 9397 9428 9891 9883 9124 9644 9439 9706 9486 9715 9534 9612 9959 9869 9912 9859 9180 9686 9594 9693 9350 9107 9753 9673 9050 9419 9910 9606 9900 9566 9729 9020 9014 9204 10000 9691 9644 9335 9661 9585 9793 9300 9126 9622 9368 9074 9760 9778 9645 9102 9908 9700 9823 9882 9554 9414 9376 9148 9459 9175 9573 9555 9700 9781 9960 9524 9139 9866 9822 9933 9510 9240 9573 9245 9883 9316 9854 9109 9153 9018 9398 9343 9638 9950 9159 9065 9600 9605 9716 9685 9689 9897 9303 9142 9279 9435 9909 9318 9660 9528 9878 9721 9043 9679 9705 9894 9696 9549 9221 9762 9545 9762 9900 9509 9206 9454 9877 9989 9897 9199 9996 9271 9017 9866 9026 9095 9831 9939 9613 9207 9631 9033 9899 9641 9135 9025 9060 9992 9917 9398 9883 9130 9766 9087 9935 9447 9933 9202 9388 9772 9672 9698 9968 9340 9642 9811 9808 9903 9220 9007 9559 9653 9340 9975 9100 9319 9544 9839 9326 9150 9406 9048 9952 9419 9459 9646 9271 9821 9161 9988 9207 9979 9462 9588 9219 9549 9264 9331 9017 9851 9236 9846 9044 9407 9398 9280 9936 9452 9849 9040 9733 9091 9574 9736 9797 9093 9006 9255 9930 9183 9457 9192 9163 9510 9058 9641 9093 10000 9941 9378 9881 9569 9603 9603 9565 9150 9343 9238 9995 9979 9503 9585 9130 9039 9666 9668 9338 9737 9567 9299 9433 9182 9618 9861 9182 9716 9039 9454 9620 9922 9267 9954 9096 9138 9127 9722 9882 9488 9323 9027 9377 9728 9203 9839 9983 9784 9420 9434 9208 9917 9562 9535 9429 9718 9223 9695 9890 9725 9564 9724 9123 9761 9785 9071 9448 9182 9408 9216 9573 9599 9615 9731 9186 9067 9479 9920 9002 9930 9151 9891 9191 9703 9957 9236 9427 9222 9408 9804 9603 9387 9507 9460 9529 9908 9803 9035 9076 9942 9421 9616 9138 9576 9524 9052 9557 9183 9977 9227 9712 9153 9900 9772 9372 9607 9233 9465 9308 9127 9924 9477 9954 9867 9060 9137 9947 9825 9736 9160 9075 9919 9223 9230 9590 9055 9890 9917 9473 9798 9687 9081 9150 9661 9189 9139 9211 9327 9960 9128 9236 9020 9457 9216 9035 9008 9352 9629 9953 9351 9865 9379 9843 9459 9405 9555 9501 9233 9764 9115 9036 9397 9860 9871 9762 9753 9678 9656 9940 9942 9183 9406 9110 9055 9619 9001 9043 9193 9537 9355 9909 9312 9066 9627 9085 9103 9804 9661 9953 9073 9170 9556 9856 9568 9948 9170 9563 9214 9234 9184 9407 9590 9473 9599 9927 9133 9922 9000 9355 9246 9018 9468 9599 9106 9502 9640 9604 9899 9639 9495 9728 9720 9552 9126 9326 9672 9071 10000 9297 9953 9216 9933 9824 9669 185 1236 1173 1041 885 1572 
3849 12572 13516 6859 4865 9362 9725 7961 7293 15878 
1.0135 1.004 1.0449 1.0467 1.0134 1.0178 1.0126 1.0455 1.0372 1.0395 
1.0161 1.0369 1.0153 1.0494 1.0417 1.0005 1.0459 1.031 1.0461 1.0175 
1.0471 1.0099 1.0001 1.0187 1.0105 1.0385 1.0042 1.0491 1.0418 1.0323 
1.0499 1.0244 1.0354 1.0403 1.0337 1.0181 1.0227 1.0227 1.0132 1.0306 
1.0306 1.0371 1.0079 1.0065 1.0236 1.0274 1.0209 1.0405 1.0101 1.0319 
1.0001 1.0032 1.0336 1.0321 1.0256 1.0363 1.0028 1.0184 1.0357 1.0159 
1.0289 1.025 1.0281 1.0426 1.0394 1.038 1.0151 1.0282 1.0369 1.0117 
1.0437 1.0225 1.0363 1.0373 1.0281 1.0202 1.0214 1.0209 1.0019 1.0223 
1.0288 1.0171 1.046 1.0092 1.005 1.008 1.0166 1.0367 1.0433 1.0293 
1.028 1.0356 1.0039 1.0206 1.0165 1.0067 1.007 1.0252 1.0368 1.0123 
1.016 1.0079 1.0111 1.0237 1.0323 1.0251 1.0368 1.0369 1.0247 1.001 
1.0295 1.0433 1.0188 1.0446 1.0217 1.0104 1.0061 1.0099 1.0093 1.0348 
1.0105 1.0247 1.0433 1.0183 1.0061 1.0013 1.0079 1.011 1.0474 1.0204 
1.004 1.0383 1.0361 1.0256 1.0304 1.0077 1.0008 1.0191 1.0444 1.0446 
1.0388 1.0409 1.0409 1.0216 1.0315 1.036 1.0426 1.0107 1.0442 1.0013 
1.0247 1.0326 1.0174 1.0146 1.017 1.0495 1.0371 1.0242 1.0266 1.0408 
1.0243 1.041 1.0151 1.0463 1.0392 1.0314 1.029 1.0318 1.0324 1.0243 
1.0117 1.0068 1.0187 1.005 1.0048 1.0094 1.0231 1.0425 1.0205 1.013 
1.0228 1.0176 1.0229 1.046 1.0051 1.0191 1.0316 1.0477 1.0215 1.0145 
1.0396 1.0184 1.0092 1.022 1.0189 1.0055 1.0367 1.0328 1.0459 1.0475 
1.0183 1.0257 1.0462 1.0396 1.0322 1.0293 1.0325 1.0263 1.0039 1.0217 
1.0411 1.0028 1.0115 1.0191 1.0491 1.0354 1.0185 1.0412 1.0235 1.0301 
1.0003 1.0459 1.0487 1.0108 1.0049 1.0277 1.0181 1.0106 1.0064 1.0126 
1.0092 1.0437 1.0111 1.018 1.0097 1.0381 1.0165 1.0482 1.0169 1.0327 
1.0423 1.0216 1.0172 1.0146 1.0227 1.0342 1.0105 1.0218 1.011 1.0442 
1.0223 1.0394 1.0034 1.0098 1.018 1.0181 1.0419 1.0057 1.032 1.0393 
1.049 1.0448 1.032 1 1.0378 1.0059 1.03 1.0232 1.0247 1.0142 
1.0393 1.0492 1.0076 1.0199 1.0351 1.012 1.0385 1.0361 1.0262 1.0433 
1.0401 1.0477 1.0116 1.0245 1.0108 1.0231 1.0198 1.0121 1.0317 1.0135 
1.0374 1.0143 1.0046 1.0054 1.0129 1.0099 1.0367 1.0276 1.0428 1.0181 
1.0296 1.0279 1.0436 1.0181 1.0037 1.0236 1.0014 1.0073 1.0336 1.0232 
1.0276 1.049 1.0446 1.0314 1.0485 1.0365 1.015 1.0206 1.0423 1.0016 
1.0171 1.0421 1.0275 1.0413 1.0023 1.0116 1.0121 1.0347 1.0471 1.0274 
1.0001 1.0483 1.0236 1.0118 1.0353 1.0416 1.0122 1.0072 1.0031 1.0422 
1.0257 1.0119 1.0041 1.0319 1.041 1.0311 1.0139 1.0023 1.0279 1.0088 
1.0353 1.0325 1.0489 1.0386 1.0495 1.0247 1.0481 1.0058 1.0057 1.0227 
1.0161 1.0097 1.0114 1.0186 1.0152 1.0064 1.0319 1.013 1.0228 1.048 
1.0207 1.041 1.0483 1.0134 1.011 1.0224 1.0072 1.0466 1.0355 1.0242 
1.0311 1.0387 1.0306 1.0221 1.002 1.0138 1.0473 1.0248 1.0068 1.0216 
1.0281 1.0132 1.0185 1.0389 1.0029 1.0095 1.0323 1.0003 1.0095 1.0394 
1.0062 1.0062 1.0386 1.0198 1.0314 1.0409 1.0423 1.0454 1.0452 1.0033 
1.0178 1.0107 1.0223 1.0137 1.0288 1.0212 1.0395 1.0081 1.0191 1.024 
1.0201 1.041 1.0489 1.0093 1.0139 1.0126 1.0044 1.027 1.0421 1.0041 
1.0365 1.0457 1.0072 1.006 1.0112 1.0077 1.0442 1.0453 1.0467 1.0325 
1.0151 1.0442 1.0163 1.0458 1.0186 1.0012 1.0355 1.0213 1.0219 1.0451 
1.0291 1.0377 1.0383 1.0213 1.03 1.0051 1.0396 1.008 1.0196 1.033 
1.0083 1.0496 1.0361 1.0206 1.0091 1.0241 1.0468 1.0024 1.0024 1.006 
1.0388 1.04 1.0348 1.0379 1.0293 1.0158 1.0032 1.0174 1.0221 1.0084 
1.021 1.0121 1.0226 1.0296 1.0386 1.0339 1.0116 1.0317 1.0139 1.016 
1.0221 1.042 1.014 1.0102 1.0006 1.0402 1.0458 1.024 1.024 1.0342 
1.0375 1.0207 1.0216 1.0044 1.0463 1.0438 1.0127 1.0095 1.029 1.0229 
1.0449 1.0291 1.0135 1.0221 1.0415 1.0432 1.0339 1.049 1.0295 1.0416 
1.0365 1.0104 1.0163 1.0404 1.028 1.011 1.0273 1.0212 1.0093 1.0027 
1.0214 1.0361 1.0471 1.0319 1.03 1.0064 1.0301 1.047 1.039 1.0183 
1.0147 1.0307 1.049 1.0203 1.0299 1.002 1.0016 1.0238 1.0101 1.0116 
1.0014 1.0208 1.0344 1.0449 1.0033 1.0473 1.046 1.0451 1.0059 1.0249 
1.0193 1.0401 1.0183 1.0394 1.0289 1.0302 1.0412 1.0445 1.0405 1.0231 
1.0114 1.0355 1.0487 1.0411 1.0149 1.0103 1.0056 1.0386 1.0419 1.0161 
1.0192 1.0315 1.03 1.0228 1.043 1.0332 1.0045 1.0307 1.0258 1.0275 
1.0074 1.0193 1.0033 1.0494 1.0407 1.0051 1.016 1.0014 1.014 1.0042 
1.0167 1.0273 1.0263 1.0074 1.0391 1.0297 1.0082 1.0408 1.0069 1.0484 
1.0058 1.0239 1.0061 1.0433 1.0375 1.0153 1.0287 1.0023 1.0217 1.0415 
1.0221 1.0177 1.0454 1.0203 1.0433 1.0038 1.0417 1.0232 1.038 1.0026 
1.0495 1.0084 1.0487 1.0016 1.0072 1.0321 1.033 1.0205 1.0333 1.0449 
1.0082 1.0076 1.0295 1.0464 1.0315 1.0036 1.0469 1.0298 1.0353 1.0324 
1.027 1.0257 1.0014 1.0273 1.0385 1.0275 1.0257 1.0097 1.0483 1.0092 
1.0406 1.0357 1.0271 1.0475 1.0382 1.0176 1.005 1.0107 1.024 1.0055 
1.0065 1.0424 1.0348 1.026 1.0266 1.0121 1.0294 1.0367 1.0008 1.0156 
1.015 1.0133 1.0159 1.012 1.0307 1.0055 1.0241 1.0351 1.045 1.0299 
1.0107 1.0044 1.0389 1.0245 1.0486 1.0026 1.0375 1.0337 1.0138 1.0194 
1.0449 1.0483 1.0295 1.0477 1.0234 1.0231 1.0345 1.0054 1.0463 1.0154 
1.0034 1.009 1.001 1.0452 1.0382 1.0049 1.0391 1.0035 1.0216 1.0204 
1.0267 1.0372 1.0262 1.0292 1.0177 1.0177 1.0173 1.019 1.0071 1.0147 
1.0314 1.0406 1.025 1.0073 1.0428 1.0357 1.0348 1.0016 1.0138 1.0326 
1.0249 1.0073 1.0408 1.0141 1.0271 1.0344 1.0133 1.0075 1.0291 1.0405 
1.012 1.0361 1.0205 1.0412 1.0192 1.0063 1.001 1.0285 1.0055 1.029 
1.0348 1.0122 1.0258 1.0057 1.0094 1.0161 1.0181 1.0488 1.0414 1.0477 
1.0295 1.0062 1.0008 1.0283 1.0145 1.0453 1.0123 1.0472 1.0114 1.0327 
1.0153 1.0342 1.0422 1.0376 1.0374 1.0044 1.0144 1.0377 1.0093 1.0185 
1.021 1.0095 1.04 1.0307 1.0192 1.0248 1.013 1.0263 1.0237 1.0433 
1.0397 1.0305 1.0358 1.0409 1.0256 1.0126 1.0115 1.0113 1.0297 1.0102 
1.0259 1.0385 1.0323 1.0468 1.0405 1.0053 1.02 1.0258 1.0068 1.0243 
1.0021 1.0245 1.0028 1.0244 1.0035 1.0416 1.0302 1.011 1.0432 1.0076 
1.0287 1.0397 1.0109 1.0024 1.0216 1.0004 1.0206 1.0426 1.0072 1.0082 
1.007 1.0061 1.024 1.0388 1.0377 1.0124 1.0011 1.0301 1.0347 1.0147 
1.0182 1.0461 1.0355 1.0245 1.0327 1.0018 1.0264 1.0158 1.0246 1.0024 
1.047 1.035 1.0214 1.0259 1.0404 1.0258 1.042 1.0043 1.0497 1.0221 
1.0357 1.0227 1.0297 1.0009 1.0271 1.0268 1.0246 1.0367 1.003 1.04 
1.0361 1.0368 1.0211 1.0086 1.0314 1.0449 1.0041 1.0105 1.0215 1.0378 
1.0218 1.0169 1.0212 1.0179 1.0487 1.0004 1.022 1.0463 1.0064 1.0245 
1.043 1.0464 1.0198 1.0057 1.011 1.0206 1.0494 1.0179 1.0326 1.0163 
1.0107 1.0341 1.0032 1.0407 1.0079 1.0235 1.0314 1.007 1.0422 1.0368 
1.0328 1.0286 1.0115 1.0475 1.048 1.0477 1.0462 1.0292 1.0232 1.0427 
1.0474 1.0318 1.0267 1.0127 1.0443 1.0487 1.0453 1.0012 1.0327 1.0098 
1.0173 1.0038 1.0042 1.0453 1.0228 1.0086 1.0482 1.0011 1.0431 1.0034 
1.0148 1.0275 1.0051 1.0356 1.0372 1.0434 1.0332 1.0038 1.0079 1.019 
1.0233 1.027 1.0447 1.0031 1.0434 1.013 1.0023 1.011 1.0351 1.0315 
1.042 1.0228 1.0344 1.039 1.0451 1.0275 1.0127 1.036 1.0119 1.0311 
1.0438 1.0218 1.0209 1.0204 1.0181 1.0427 1.0359 1.0027 1.0216 1.0172 
1.0434 1.0406 1.0057 1.0212 1.0283 1.0408 1.0283 1.0306 1.0064 1.0085 
1.0335 1.0175 1.0162 1.0094 1.0213 1.0373 1.0373 1.0416 1.0223 1.0444 
1.0392 1.0287 1.0266 1.0251 1.0023 1.0204 1.0058 1.0474 1.0482 1.0258 
1.031 1.0105 1.0474 1.0021 1.0318 1.0305 1.0054 1.0496 1.0092 1.0273 
1.0468 1.0053 1.0018 1.0413 1.0212 1.0215 1.0159 1.0085 1.0166 1.0463 
1.0016 1.046 1.0471 1.015 1.0311 1.0439 1.0052 1.047 1.0064 1.0235 
1.0118 1.0422 1.0152 1.0312 1.0233 1.0059 1.044 1.0166 1.0263 1.0368 
1.0339 1.0065 1.0064 1.0258 1.009 1.0483 1.0432 1.0397 1.0251 1.0344 
1.034 1.0341 1.012 1.0055 1.0033 1.0332 1.013 1.004 1.0453 1.0064 
1.0397 1.0313 1.0147 1.0072 1.0277 1.0448 1.0433 1.0147 1.0193 1.0277 
1.0224 1.0388 1.016 1.0428 1.0263 1.0351 1.0253 1.0138 1.0184 1.0436 
1.0419 1.0413 1.026 1.0186 1.0429 1.0013 1.0454 1.0095 1.0438 1.0292 
1.0429 1.0458 1.0296 1.0412 1.0185 1.0051 1.0114 1.0423 1.0079 1.009 
1.036 1.0187 1.0179 1.0407 1.0385 1.0096 1.0135 1.0161 1.0055 1.0499 
1.0373 1.0457 1.009 1.004 1.0142 1.0201 1.011 1.0414 1.0149 1.0416 
1.0147 1.0153 1.011 1.0033 1.0082 1.0032 1.0351 1.046 1.0286 1.0288 
1.0366 1.0367 1.003 1.0277 1.0413 1.0069 1.0276 1.0212 1.0062 1.0119 
1.005 1.0016 1.0299 1.0304 1.0317 1.0421 1.0089 1.0303 1.0448 1.0474 
1.0003 1.0106 1.0366 1.0026 1.0206 1.0345 1.035 1.0309 1.0235 1.0191 
1.0309 1.0115 1.0308 1.0027 1.0108 1.0294 1.041 1.0311 1.0485 1.0171 
1.0354 1.0066 1.0144 1.0439 1.0106 1.0148 1.0151 1.0468 1.0327 1.0279 
1.0233 1.0169 1.0369 1.0459 1.013 1.0262 1.005 1.0285 1.0008 1.0443 
1.0427 1.0123 1.0431 1.0156 1.0303 1.033 1.0311 1.0049 1.0193 1.0057 
1.0162 1.0087 1.0133 1.0285 1.0017 1.0419 1.037 1.0382 1 1.0041 
1.043 1.0094 1.0304 1.0147 1.0137 1.0295 1.0367 1.0199 1.0094 1.0189 
1.0044 1.0466 1.0292 1.0464 1.0061 1.0415 1.0372 1.0175 1.0399 1.042 
1.0488 1.0022 1.0317 1.0019 1.0412 1.0129 1.0427 1.0135 1.017 1.0457 
1.0004 1.0216 1.0327 1.0047 1.011 1.0316 1.0168 1.0227 1.0469 1.012 
1.041 1.0267 1.0223 1.0475 1.0126 1.0143 1.0266 1.0041 1.0387 1.0335 
1.0442 1.0418 1.0289 1.0215 1.0457 1.0207 1.009 1.043 1.0144 1.0137 
1.0323 1.0314 1.0428 1.0285 1.037 1.0419 1.0113 1.0221 1.0057 1.0123 
1.0489 1.0025 1.0457 1.04 1.012 1.0432 1.0264 1.0148 1.0311 1.02 
1.0376 1.0257 1.0058 1.035 1.0329 1.0363 1.0447 1.0411 1.0153 1.0123 
1.0319 1.0036 1.0149 1.0221 1.0035 1.0257 1.0459 1.0325 1.0084 1.0236 
1.0174 1.0374 1.0442 1.0398 1.0281 1.0115 1.0355 1.0402 1.0012 1.0222 
1.0154 1.0241 1.0183 1.0298 1.0406 1.0126 1.004 1.0291 1.0417 1.0303 
1.0471 1.0053 1.0077 1.0312 1.024 1.0433 1.0482 1.0354 1.0417 1.0058 
1.0107 1.0034 1.0317 1.0432 1.0237 1.0367 1.0044 1.0074 1.0129 1.0246 
1.0444 1.0402 1.0417 1.0497 1.0039 1.0417 1.0263 1.0217 1.0162 1.0275 
1.009 1.0039 1.0269 1.0435 1.0389 1.0241 1.0352 1.0462 1.0083 1.0213 
1.0153 1.005 1.0043 1.0424 1.0363 1.0203 1.0477 1.0348 1.0299 1.0081 
1.0185 1.019 1.0337 1.0443 1.0148 1.0478 1.0297 1.0251 1.0376 1.0499 
1.0402 1.0418 1.0415 1.0492 1.0159 1.0198 1.0271 1.0199 1.0048 1.0382 
1.012 1.0259 1.0463 1.0372 1.0367 1.0008 1.0084 1.0184 1.0194 1.0438 
1.045 1.0117 1.0311 1.026 1.0239 1.0198 1.0322 1.0181 1.0197 1.0075 
1.0341 1.034 1.0169 1.0312 1.0274 1.048 1.0105 1.0105 1.0051 1.043 
1.0361 1.025 1.0301 1.0058 1.0227 1.0273 1.0295 1.026 1.0096 1.0098 
1.0348 1.0411 1.002 1.0266 1.0376 1.0346 1.0433 1.0239 1.011 1.0051 
1.0295 1.011 1.0066 1.0012 1.018 1.0342 1.0206 1.0272 1.0422 1.0097 
1.037 1.0206 1.0327 1.0457 1.0492 1.0432 1.0481 1.014 1.0392 1.0215 
1.0178 1.0223 1.0328 1.0296 1.0155 1.0323 1.0255 1.0442 1.0441 1.0197 
1.0347 1.0247 1.0303 1.0376 1.0004 1.012 1.0348 1.0148 1.0447 1.0389 
1.0316 1.0253 1.0143 1.0435 1.0218 1.0341 1.0491 1.0148 1.0345 1.0234 
1.0497 1.024 1.0383 1.0095 1.0449 1.0338 1.0349 1.0421 1.0172 1.0335 
1.0285 1.0461 1.0058 1.0412 1.0052 1.0408 1.0382 1.0294 1.0364 1.0429 
1.0162 1.0029 1.0377 1.033 1.0099 1.0357 1.0274 1.0338 1.0289 1.0421 
1.0094 1.0223 1.0262 1.0073 1 1.0275 1.0223 1.0191 1.0255 1.0135 
1.0396 1.0412 1.0458 1.0442 1.0201 1.0372 1.0227 1.0043 1.0045 1.0071 
1.0115 1.0106 1.0442 1.0341 1.0014 1.0188 1.0312 1.0241 1.0275 1.0105 
1.0075 1.0453 1.0089 1.045 1.0419 1.0013 1.0319 1.0115 1.0323 1.0033 
1.0109 1.0414 1.0006 1.0163 1.0224 1.004 1.0392 1.0166 1.0132 1.006 
1.0343 1.0284 1.0028 1.0426 1.0039 1.0494 1.0058 1.0362 1.01 1.0025 
1.02 1.0321 1.016 1.0391 1.0078 1.0399 1.0477 1.0192 1.0368 1.0186 
1.0116 1.045 1.0267 1.0345 1.0358 1.0175 1.0083 1.0021 1.0209 1.0282 
1.0423 1.0148 1.0442 1.0363 1.0232 1.0126 1.017 1.0031 1.0391 1.0029 
1.0395 1.0411 1.0302 1.0496 1.0088 1.0099 1.0393 1.0159 1.0255 1.0074 
1.0413 1.0157 1.0398 1.0016 1.0204 1.0461 1.012 1.0296 1.0002 1.0331 
1.0394 1.0228 1.0144 1.0366 1.0318 1.0073 1.0127 1.0234 1.021 1.0283 
1.0083 1.0272 1.0367 1.0001 1.0301 1.0087 1.0332 1.0389 1.0022 1.003 
1.0386 1.0491 1.0452 1.0415 1.0358 1.0018 1.0018 1.0166 1.0309 1.0314 
1.0223 1.0478 1.0346 1.0388 1.0227 1.0451 1.0257 1.0279 1.0349 1.0033 
1.0463 1.0496 1.0024 1.0048 1.0038 1.0161 1.0189 1.0384 1.0486 1.0289 
1.0304 1.0415 1.0277 1.0303 1.0259 1.0409 1.0415 1.046 1.0423 1.0467 
1.0448 1.0277 1.0452 1.0263 1.043 1.0434 1.0151 1.0243 1.0325 1.0408 
1.0002 1.0332 1.043 1.0397 1.0488 1.0256 1.024 1.0157 1.0157 1.0163 
1.0149 1.0311 1.02 1.0395 1.0452 1.0274 1.0072 1.0306 1.0149 1.0257 
1.0488 1.0353 1.0142 1.0334 1.0402 1.0206 1.0168 1.0182 1.0089 1.0025 
1.0434 1.0487 1.0461 1.023 1.0269 1.043 1.0372 1.0169 1.0079 1.0055 
1.0171 1.026 1.0038 1.0147 1.0022 1.0153 1.0175 1.0196 1.0367 1.0371 
1.0068 1.0115 1.0436 1.0147 1.0002 1.0267 1.0057 1.0422 1.0282 1.0468 
1.0297 1.0453 1.0002 1.0378 1.0107 1.0352 1.0071 1.0219 1.0155 1.0199 
1.0477 1.0286 1.0429 1.0497 1.0107 1.0473 1.047 1.0354 1.0291 1.023 
1.0126 1.0088 1.0109 1.0381 1.0309 1.0118 1.0024 1.0121 1.0064 1.0212 
1.0152 1.0308 1.0151 1.0361 1.0031 1.0272 1.0252 1.0309 1.0385 1.0372 
1.0475 1.0397 1.0433 1.0078 1.0136 1.0225 1.0431 1.0146 1.0096 1.0462 
1.0455 1.0134 1.0332 1.0232 1.0367 1.0155 1.0033 1.0137 1.0176 1.0308 
1.0149 1.0007 1.0085 1.0435 1.011 1.0182 1.01 1.0461 1.0016 1.0274 
1.0389 1.0213 1.0086 1.026 1.0456 1.0259 1.0464 1.035 1.005 1.0272 
1.0071 1.042 1.0135 1.0465 1.0436 1.0336 1.0171 1.0485 1.0426 1.0253 
1.0043 1.0109 1.0466 1.0156 1.0353 1.0027 1.0328 1.0299 1.003 1.0301 
1.0219 1.0442 1.049 1.0282 1.0329 1.0387 1.0401 1.0025 1.0088 1.0269 
1.0201 1.0408 1.0457 1.0276 1.0076 1.038 1.0395 1.0491 1.024 1.01 
1.0154 1.0154 1.0252 1.0366 1.0212 1.0334 1.012 1.0249 1.0003 1.0462 
1.0488 1.0248 1.0453 1.0498 1.0256 1.0299 1.0432 1.0287 1.0168 1.0368 
1.019 1.0169 1.0011 1.0023 1.0396 1.0487 1.0333 1.0365 1.0169 1.0046 
1.0222 1.0246 1.0237 1.0435 1.0439 1.0221 1.0283 1.001 1.0247 1.0482 
1.0224 1.0331 1.0222 1.009 1.0277 1.0454 1.0184 1.02 1.0243 1.0143 
1.0433 1.038 1.0416 1.0494 1.0036 1.0371 1.0189 1.0417 1.0274 1.0046 
1.0454 1.0336 1.0193 1.0352 1.0085 1.0332 1.0357 1.0449 1.0346 1.0139 
1.0021 1.0016 1.0235 1.0207 1.0452 1.0447 1.0488 1.0273 1.0429 1.0174 
1.0193 1.0012 1.0221 1.0485 1.0187 1.025 1.0297 1.039 1.0183 1.0301 
1.0348 1.0038 1.0145 1.0026 1.0194 1.0294 1.0188 1.0491 1.0033 1.0389 
1.0039 1.0202 1.039 1.0165 1.0327 1.0298 1.0051 1.0039 1.0422 1.0016 
1.0112 1.0319 1.0408 1.0089 1.0063 1.0475 1.0123 1.0159 1.0473 1.0427 
1.0188 1.032 1.001 1.0396 1.0447 1.0268 1.0156 1.0433 1.0232 1.0425 
1.0307 1.0251 1.0268 1.0471 1.0035 1.042 1.0218 1.0451 1.013 1.0418 
1.0347 1.0462 1.0279 1.0489 1.0022 1.0247 1.0108 1.0402 1.0116 1.0237 
1.044 1.0385 1.0058 1.0258 1.0064 1.017 1.0033 1.0005 1.0207 1.0343 
1.0179 1.0329 1.0295 1.027 1.041 1.0473 1.0258 1.022 1.0206 1.0422 
1.0113 1.0469 1.007 1.0184 1.0372 1.0446 1.04 1.0498 1.0011 1.0491 
1.0329 1.0329 1.0199 1.0314 1.0306 1.0074 1.0055 1.0043 1.004 1.0205 
1.0404 1.0014 1.015 1.0264 1.023 1.0318 1.0345 1.0297 1.033 1.0259 
1.048 1.0109 1.0005 1.0406 1.0101 1.0045 1.0063 1.0208 1.0185 1.0225 
1.0472 1.0492 1.0091 1.0463 1.0017 1.0209 1.026 1.01 1.0178 1.0299 
1.0383 1.0361 1.023 1.0453 1.0384 1.0241 1.0315 1.0063 1.0189 1.025 
1.0176 1.0176 1.0348 1.0314 1.0085 1.0011 1.0486 1.0166 1.0146 1.0005 
1.0179 1.0489 1.0271 1.0026 1.0039 1.0262 1.025 1.0086 1.044 1.0113 
1.0333 1.0018 1.0441 1.0185 1.0097 1.0347 1.0011 1.037 1.0139 1.0077 
1.0026 1.0433 1.0422 1.0291 1.0202 1.0481 1.0213 1.0466 1.0206 1.0191 
1.0151 1.0251 1.03 1.0257 1.0269 1.0046 1.0275 1.0338 1.0022 1.0141 
1.0182 1.0225 1.0304 1.0148 1.0097 1.0252 1.0114 1.0102 1.0205 1.0439 
1.0297 1.0424 1.0015 1.0006 1.0351 1.014 1.0321 1.0195 1.0294 1.0217 
1.0049 1.0019 1.0497 1.0073 1.0054 1.037 1.0333 1.0299 1.0407 1.0329 
1.0314 1.0286 1.0441 1.0491 1.0384 1.0433 1.0008 1.0359 1.028 1.0337 
1.0103 1.011 1.0197 1.0072 1.0445 1.0348 1.0444 1.0279 1.0107 1.0215 
1.0043 1.0342 1.027 1.0379 1.0033 1.0315 1.0135 1.0307 1.0411 1.0168 
1.0245 1.0392 1.0069 1.0113 1.0294 1.0376 1.0176 1.0253 1.003 1.0326 
1.0059 1.0388 1.0121 1.0448 1.0059 1.0053 1.018 1.0399 1.0108 1.0408 
1.0346 1.0174 1.0452 1.0487 1.0059 1.0182 1.0338 1.0305 1.002 1.0261 
1.0227 1.0371 1.0403 1.025 1.016 1.0466 1.0206 1.0179 1.0365 1.0052 
1.0255 1.0264 1.0075 1.027 1.0099 1.02 1.0184 1.0231 1.0284 1.0356 
1.0411 1.0211 1.0411 1.0112 1.0094 1.0127 1.0214 1.0205 1.0116 1.005 
1.034 1.0224 1.0354 1.0419 1.0198 1.0073 1.0385 1.0137 1.0222 1.0181 
1.0141 1.0339 1.0315 1.0273 1.0417 1.0253 1.046 1.0211 1.0111 1.0338 
1.036 1.0439 1.0385 1.0089 1.0026 1.0208 1.0352 1.0105 1.0164 1.0211 
1.0036 1.0044 1.0349 1.0435 1.0372 1.0459 1.0182 1.0129 1.0243 1.0135 
1.0317 1.0498 1.0314 1.022 1.0041 1.0282 1.0296 1.0053 1.0286 1.0276 
1.0229 1.0367 1.0178 1.0159 1.0223 1.0388 1.0338 1.0319 1.0154 1.0295 
1.0377 1.0221 1.0388 1.0191 1.0417 1.0471 1.0475 1.0437 1.0447 1.0407 
1.0351 1.0414 1.0242 1.0153 1.0432 1.044 1.0271 1.0439 1.0157 1.0064 
1.0239 1.0289 1.0004 1.0248 1.008 1.0285 1.0044 1.0441 1.008 1.0172 
1.0473 1.0472 1.0092 1.0046 1.0466 1.0181 1.0269 1.0315 1.0101 1.0396 
1.0249 1.0455 1.0099 1.0147 1.044 1.0115 1.0157 1.0236 1.0343 1.0219 
1.0335 1.0203 1.0104 1.0322 1.0146 1.0407 1.0075 1.0341 1.0396 1.0029 
1.0337 1.0136 1.0091 1.0208 1.0251 1.0023 1.0222 1.0119 1.0249 1.036 
1.0033 1.0212 1.0419 1.0076 1.0194 1.0223 1.044 1.0187 1.0163 1.0014 
1.0334 1.0051 1.013 1.003 1.0285 1.0356 1.0211 1.0402 1.0247 1.0178 
1.0256 1.0378 1.0079 1.0023 1.0107 1.0139 1.0028 1.0244 1.0499 1.0057 
1.0357 1.0405 1.0332 1.0129 1.0491 1.0331 1.038 1.0476 1.0158 1.0117 
1.0434 1.0212 1.0287 1.0458 1.0234 1.0357 1.0073 1.0475 1.0297 1.0127 
1.0344 1.01 1.0063 1.0202 1.0399 1.048 1.0426 1.0305 1.014 1.0092 
1.0373 1.0067 1.0372 1.0123 1.0136 1.042 1.0463 1.0107 1.0026 1.046 
1.0094 1.0295 1.0032 1.0365 1.0288 1.0453 1.0304 1.0481 1.0346 1.0206 
1.005 1.0305 1.0421 1.0008 1.0381 1.0391 1.0008 1.0367 1.0466 1.0275 
1.0235 1.0244 1.0044 1.0098 1.0304 1.0361 1.0131 1.0491 1.0376 1.0013 
1.0427 1.0478 1.0403 1.0211 1.0299 1.0376 1.0119 1.0304 1.0155 1.0072 
1.0134 1.045 1.0461 1.0223 1.0199 1.0022 1.0239 1.0091 1.0204 1.0149 
1.0026 1.0215 1.0269 1.0095 1.0445 1.0152 1.0171 1.034 1.0277 1.0315 
1.0005 1.0448 1.0075 1.0209 1.0059 1.0069 1.0155 1.0447 1.0069 1.0338 
1.0031 1.0128 1.0286 1.0282 1.0031 1.0039 1.0474 1.0321 1.036 1.0125 
1.0437 1.0198 1.0378 1.0394 1.0362 1.0102 1.0167 1.0111 1.0186 1.0188 
1.0149 1.0196 1.0328 1.0337 1.039 1.0123 1.0456 1.0446 1.0062 1.0145 
1.043 1.0408 1.0373 1.0251 1.0306 1.0383 1.0303 1.0472 1.0242 1.0306 
1.0092 1.0033 1.0012 1.0025 1.0411 1.0145 1.0441 1.0244 1.023 1.0373 
1.0144 1.0208 1.0331 1.0307 1.0359 1.0128 1.0453 1.0367 1.0343 1.0058 
1.003 1.0334 1.023 1.0085 1.028 1.0067 1.0318 1.0376 1.0437 1.011 
1.0235 1.0472 1.0015 1.0071 1.0353 1.0087 1.002 1.0398 1.0171 1.0026 
1.0315 1.002 1.0463 1.0309 1.0487 1.0078 1.0315 1.0292 1.0307 1.0037 
1.0051 1.0028 1.011 1.0246 1.0233 1.0037 1.028 1.0146 1.0029 1.049 
1.0102 1.0337 1.0189 1.0268 1.037 1.021 1.0004 1.0176 1.0449 1.0187 
1.0416 1.044 1.0065 1.0115 1.0177 1.0342 1.029 1.0383 1.022 1.0325 
1.0157 1.0213 1.0302 1.012 1.0471 1.0445 1.0206 1.0386 1.0134 1.001 
1.0305 1.0165 1.0276 1.0137 1.0343 1.0237 1.0324 1.014 1.0092 1.0027 
1.0487 1.0106 1.0312 1.0305 1.0052 1.0401 1.0444 1.0496 1.0027 1.0084 
1.0262 1.0481 1.0366 1.0423 1.0203 1.0276 1.0019 1.0327 1.0386 1.0346 
1.0188 1.0162 1.0092 1.0176 1.0485 1.0326 1.0406 1.0376 1.0206 1.0229 
1.017 1.0248 1.0429 1.0317 1.0231 1.0429 1.024 1.0108 1.0038 1.017 
1.003 1.0219 1.0401 1.0337 1.003 1.0179 1.0445 1.0037 1.0245 1.0352 
1.0281 1.0353 1.0061 1.0054 1.0227 1.0476 1.0101 1.0088 1.009 1.0009 
1.0343 1.0327 1.0375 1.0356 1.0455 1.0382 1.0048 1.0378 1.0058 1.0179 
1.0356 1.0369 1.0371 1.0315 1.0368 1.016 1.0369 1.0405 1.0377 1.0126 
1.0178 1.0116 1.0367 1.0136 1.049 1.0086 1.0165 1.0156 1.0003 1.0403 
1.0343 1.0215 1.0151 1.0003 1.0461 1.0043 1.0486 1.0395 1.0108 1.0309 
1.0093 1.0238 1.0377 1.0041 1.0007 1.0303 1.0364 1.0076 1.0068 1.0045 
1.0395 1.0401 1.0432 1.0012 1.0392 1.0447 1.0181 1.0142 1.0216 1.0217 
1.0151 1.0352 1.0385 1.0063 1.0278 1.0041 1.0036 1.0336 1.0253 1.0047 
1.0027 1.0337 1.0398 1.0393 1.0239 1.0237 1.017 1.0449 1.0325 1.0165 
1.047 1.0223 1.0354 1.0398 1.0394 1.0262 1.0071 1.0293 1.0229 1.0322 
1.0038 1.0298 1.0281 1.0345 1.0135 1.0216 1.0301 1.0137 1.0366 1.0208 
1.0336 1.013 1.0389 1.0364 1.0416 1.0236 1.0196 1.0418 1.0134 1.0312 
1.0423 1.0336 1.0384 1.0012 1.016 1.0258 1.0264 1.0459 1.009 1.0242 
1.0427 1.0138 1.0217 1.0448 1.0478 1.0396 1.0018 1.0291 1.0223 1.0008 
1.0297 1.027 1.0091 1 1.0282 1.0086 1.0019 1.0003 1.0089 1.0219 
1.0489 1.032 1.0334 1.0253 1.024 1.0466 1.0103 1.0065 1.0323 1.026 
1.0439 1.012 1.0029 1.039 1.0383 1.0355 1.0369 1.0079 1.0462 1.0463 
1.0208 1.0048 1.0298 1.0043 1.0151 1.0381 1.0029 1.0188 1.0043 1.0219 
1.0378 1.0149 1.0134 1.0001 1.0005 1.0067 1.0204 1.0091 1.0096 1.0238 
1.0358 1.0419 1.0311 1.0236 1.0186 1.0254 1.036 1.0346 1.009 1.0072 
1.0399 1.0433 1.0117 1.0139 1.0225 1.0418 1.0263 1.0293 1.046 1.0182 
1.0485 1.005 1.0447 1.0355 1.0014 1.0411 1.0317 1.0259 1.01 1.0105 
1.0403 1.041 1.0005 1.049 1.0133 1.0233 1.0471 1.0194 1.0254 1.0425 
1.0394 1.0149 1.0461 1.0157 1.0237 1.0339 1.0054 1.0464 1.0184 1.0356 
1.0369 1.0067 1.0268 1.0185 1.0459 1.0162 1.0383 1.001 1.0422 1.0296 
1.041 1.0446 1.0444 1.0316 1.0177 1.0428 1.0339 1.0005 1.0158 1.0319 
1.0359 1.0469 1.004 1.0152 1.0051 1.0382 1.0052 1.0194 1.0077 1.0121 
1.0249 1.029 1.0057 1.01 1.0477 1.0493 1.0272 1.0033 1.0312 1.0287 
1.0244 1.0171 1.0084 1.0264 1.0454 1.0137 1.0097 1.0216 1.0363 1.0204 
1.0178 1.0255 1.0057 1.0262 1.0136 1.0252 1.0078 1.038 1.0439 1.0195 
1.0009 1.0004 1.007 1.0147 1.0095 1.0096 1.0426 1.002 1.0056 1.0073 
1.0374 1.0096 1.0407 1.0435 1.0462 1.0393 1.0095 1.0156 1.0069 1.044 
1.0378 1.0275 1.0427 1.0044 1.0346 1.0496 1.0067 1.0488 1.0419 1.0181 
1.0237 1.0049 1.042 1.0102 1.0339 1.0312 1.0257 1.036 1.0057 1.0103 
1.014 1.0026 1.0031 1.0394 1.027 1.0361 1.0114 1.0416 1.0073 1.0334 
1.0405 1.0051 1.0024 1.0418 1.0194 1.0476 1.0347 1.0001 1.0259 1.043 
1.0183 1.0334 1.0178 1.0182 1.046 1.0078 1.0061 1.0499 1.0317 1.0023 
1.0042 1.0223 1.0435 1.0311 1.0482 1.0434 1.0235 1.0281 1.0238 1.0329 
1.0289 1.0003 1.0266 1.0029 1.0445 1.0392 1.023 1.0293 1.0031 1.0484 
1.0223 1.0049 1.0257 1.0186 1.0227 1.0233 1.0206 1.0469 1.0015 1.0258 
1.0288 1.0438 1.0443 1.0343 1.0243 1.0489 1.0239 1.0334 1.04 1.005 
1.0261 1.0416 1.0191 1.017 1.0355 1.0258 1.0057 1.0178 1.0179 1.0146 
1.0028 1.0091 1.0276 1.0345 1.0492 1.0102 1.0239 1.0022 1.0317 1.0218 
1.0293 1.0003 1.0222 1.0481 1.0486 1.0374 1.0482 1.0259 1.0431 1.028 
1.037 1.0281 1.0468 1.0069 1.015 1.0484 1.0385 1.0382 1.0243 1.0315 
1.0418 1.0242 1.028 1.011 1.0248 1.0454 1.0243 1.0441 1.0498 1.0353 
1.0307 1.0178 1.0068 1.018 1.0335 1.0355 1.0394 1.025 1.0426 1.0194 
1.0389 1.0054 1.0253 1.0109 1.041 1.0236 1.0356 1.0232 1.0451 1.0449 
1.0124 1.01 1.0177 1.0167 1.0156 1.0435 1.0082 1.0308 1.0335 1.0385 
1.0252 1.0014 1.0342 1.0341 1.0019 1.0367 1.0151 1.0484 1.0016 1.0278 
1.0465 1.0077 1.0097 1.0274 1.0124 1.0463 1.0263 1.0009 1.0419 1.0379 
1.0389 1.0071 1.0324 1.0388 1.0423 1.0256 1.0072 1.0167 1.023 1.0207 
1.04 1.007 1.0374 1.0205 1.0175 1.0106 1.0442 1.021 1.0393 1.0085 
1.0395 1.0018 1.038 1.0297 1.0012 1.0386 1.0333 1.0258 1.0399 1.0232 
1.0268 1.0224 1.0383 1.0156 1.0203 1.0256 1.0313 1.0061 1.0136 1.0016 
1.0225 1.0248 1.0234 1.0498 1.0235 1.011 1.0214 1.0246 1.0142 1.0452 
1.0059 1.0398 1.0003 1.0246 1.0034 1.0382 1.0472 1.0172 1.0194 1.0239 
1.0119 1.0197 1.0487 1.028 1.0394 1.0249 1.0357 1.0072 1.0133 1.0046 
1.0271 1.0098 1.0374 1.0161 1.0405 1.035 1.0063 1.0397 1.0415 1.0208 
1.0233 1.0401 1.0379 1.0419 1.0008 1.0454 1.0181 1.0303 1.006 1.0279 
1.0028 1.0369 1.0382 1.0412 1.0476 1.0198 1.0193 1.0492 1.0385 1.0263 
1.0398 1.0463 1.0291 1.0437 1.0066 1.0207 1.0484 1.0409 1.0087 1.0415 
1.0426 1.0349 1.0414 1.0464 1.0285 1.0202 1.0203 1.0314 1.0191 1.0369 
1.0433 1.0151 1.0391 1.0173 1.038 1.0066 1.0326 1.0235 1.0364 1.0291 
1.0392 1.0246 1.0017 1.0208 1.0358 1.0464 1.0267 1.0051 1.028 1.0172 
1.039 1.0458 1.021 1.036 1.0386 1.0151 1.0287 1.0294 1.0147 1.0482 
1.0289 1.0099 1.0065 1.0332 1.0342 1.0163 1.043 1.0097 1.0178 1.0091 
1.0304 1.0452 1.0183 1.0192 1.0324 1.0161 1.0025 1.0215 1.0419 1.0115 
1.0105 1.0434 1.0057 1.0076 1.0156 1.0414 1.0203 1.0265 1.0056 1.0297 
1.0489 1.033 1.0319 1.0386 1.0239 1.0198 1.0411 1.0178 1.0043 1.0127 
1.0328 1.0105 1.0416 1.0081 1.0367 1.0334 1.0389 1.0186 1.0428 1.0171 
1.0114 1.0229 1.0471 1.0277 1.0062 1.0263 1.02 1.0018 1.0192 1.0246 
1.0035 1.0036 1.0144 1.0178 1.0013 1.0493 1.048 1.0225 1.0396 1.0011 
1.0427 1.0026 1.0424 1.0258 1.022 1.0416 1.0223 1.0159 1.0136 1.0328 
1.0126 1.0184 1.0414 1.0283 1.0162 1.0273 1.0311 1.0465 1.0166 1.0125 
1.003 1.0331 1.0173 1.0162 1.0116 1.0063 1.0186 1.0129 1.0462 1.0221 
1.0334 1.0049 1.0451 1.008 1.0234 1.0401 1.0281 1.0227 1.0066 1.0448 
1.0488 1.0345 1.0229 1.0281 1.0001 1.0467 1.0465 1.0323 1.0404 1.0072 
1.0302 1.0291 1.0131 1.0354 1.0386 1.0315 1.0177 1.0467 1.0044 1.0373 
1.0104 1.0326 1.0461 1.0401 1.0446 1.0055 1.0146 1.0099 1.0402 1.0149 
1.0215 1.0469 1.0493 1.0214 1.0267 1.0363 1.0331 1.0104 1.0138 1.0279 
1.0367 1.0498 1.0135 1.0015 1.0029 1.0484 1.0094 1.0197 1.0456 1.036 
1.0177 1.0446 1.0399 1.0245 1.0321 1.0466 1.0368 1.0437 1.0167 1.0019 
1.0271 1.0149 1.0191 1.0317 1.0395 1.036 1.0357 1.0237 1.017 1.035 
1.0207 1.032 1.0122 1.003 1.0386 1.0402 1.0264 1.0257 1.0488 1.0457 
1.0312 1.0156 1.0494 1.0244 1.0121 1.0316 1.0425 1.0169 1.0406 1.0425 
1.0158 1.047 1.0121 1.0029 1.0018 1.004 1.0403 1.0225 1.0003 1.012 
1.0332 1.0157 1.0401 1.0383 1.0088 1.0011 1.0323 1.0231 1.0223 1.0238 
1.0194 1.0114 1.0265 1.0489 1.0058 1.0302 1.0121 1.0408 1.0486 1.0458 
1.0139 1.0399 1.0367 1.0436 1.0423 1.042 1.026 1.0015 1.0116 1.0363 
1.0293 1.0331 1.0172 1.0112 1.0219 1.0427 1.031 1.0395 1.0406 1.0191 
1.0302 1.0357 1.0106 1.0402 1.0496 1.0437 1.0287 1.0029 1.0063 1.0026 
1.0257 1.0304 1.0343 1.0223 1.0394 1.004 1.0265 1.0054 1.0413 1.0374 
1.0062 1.0381 1.0238 1.0171 1.0163 1.0101 1.0399 1.0169 1.0027 1.0189 
1.0143 1.0341 1.0477 1.0148 1.0125 1.0081 1.0148 1.0298 1.0215 1.0008 
1.0156 1.0236 1.0223 1.0472 1.049 1.0477 1.0459 1.0315 1.0047 1.0227 
1.0244 1.0004 1.0465 1.0298 1.04 1.0008 1.0247 1.0375 1.0179 1.0117 
1.0139 1.0313 1.0466 1.0418 1.0037 1.0205 1.0387 1.0436 1.0293 1.0351 
1.0268 1.0232 1.0151 1.0172 1.0379 1.0445 1.0445 1.0457 1.0169 1.0396 
1.0178 1.0103 1.049 1.0122 1.021 1.012 1.0261 1.0153 1.0487 1.0019 
1 1.0338 1.0046 1.0135 1.0122 1.0262 1.0045 1.0458 1.0263 1.0311 
1.0395 1.0288 1.0184 1.0296 1.0112 1.0101 1.0148 1.0036 1.0303 1.0371 
1.0449 1.0132 1.0145 1.0142 1.0159 1.0164 1.0413 1.0262 1.0158 1.0291 
1.0216 1.0143 1.011 1.0084 1.0237 1.0275 1.0016 1.0388 1.0181 1.0202 
1.0363 1.0269 1.0383 1.0089 1.036 1.0241 1.0416 1.0086 1.0261 1.0044 
1.0017 1.0447 1.0415 1.0242 1.0481 1.0173 1.0227 1.0357 1.0044 1.0428 
1.0278 1.0049 1.0084 1.0032 1.0421 1.0204 1.0431 1.0034 1.0404 1.0488 
1.0329 1.026 1.0065 1.0203 1.0344 1.0341 1.0311 1.0247 1.0482 1.0293 
1.0419 1.0062 1.0306 1.0093 1.0463 1.0051 1.0296 1.0086 1.0442 1.0185 
1.0309 1.0466 1.0431 1.0392 1.005 1.0266 1.0421 1.0302 1.0009 1.0426 
1.0162 1.0359 1.0294 1.0362 1.0182 1.0224 1.0331 1.0458 1.0407 1.0365 
1.0042 1.0217 1.0058 1.0473 1.0478 1.0433 1.0181 1.0363 1.048 1.0142 
1.0019 1.0193 1.0071 1.0476 1.0043 1.0227 1.035 1.049 1.0261 1.0237 
1.0313 1.0452 1.0017 1.0473 1.0352 1.0031 1.0334 1.0237 1.0287 1.046 
1.0134 1.0324 1.0372 1.0186 1.035 1.0382 1.0341 1.0076 1.024 1.0317 
1.0001 1.0166 1.0411 1.0413 1.0391 1.0006 1.0432 1.0335 1.0069 1.0214 
1.0402 1.043 1.0313 1.0293 1.0355 1.0442 1.0089 1.0391 1.0341 1.0206 
1.0084 1.0385 1.0369 1.0223 1.0329 1.0396 1.0007 1.0453 1.0364 1.004 
1.0434 1.0229 1.0101 1.0044 1.0342 1.0436 1.0219 1.0284 1.0496 1.0172 
1.0066 1.0284 1.0236 1.002 1.0209 1.0343 1.0142 1.0248 1.0211 1.0362 
1.0294 1.0314 1.0058 1.049 1.0304 1.0339 1.0044 1.0339 1.0172 1.0373 
1.0174 1.0098 1.0405 1.0056 1.0106 1.0034 1.0236 1.0075 1.0473 1.0326 
1.0023 1.0333 1.0013 1.0374 1.0463 1.0476 1.0091 1.0484 1.0467 1.0322 
1.0393 1.0268 1.0022 1.0037 1.0206 1.0443 1.0287 1.0355 1.023 1.0339 
1.0495 1.0355 1.0363 1.0471 1.0454 1.0162 1.0384 1.0454 1.0289 1.0469 
1.0497 1.0025 1.0423 1.0018 1.0127 1.0494 1.0215 1.0486 1.0017 1.0042 
1.0038 1.0462 1.0427 1.0229 1.0053 1.0145 1.0183 1.0432 1.0053 1.0292 
1.0374 1.0356 1.0162 1.0366 1.0416 1.0094 1.0196 1.005 1.0345 1.0262 
1.0201 1.0015 1.0294 1.0023 1.0454 1.0408 1.0203 1.0214 1.0395 1.0065 
1.0435 1.0027 1.0182 1.0377 1.0382 1.0197 1.0455 1.0427 1.0377 1.0058 
1.0156 1.0381 1.0276 1.0378 1.0294 1.0167 1.0012 1.035 1.0173 1.0097 
1.0215 1.0173 1.0139 1.0097 1.0332 1.0182 1.0498 1.0251 1.0313 1.0012 
1.0413 1.0486 1.0255 1.0465 1.0349 1.0182 1.0405 1.0225 1.0032 1.0397 
1.0033 1.0171 1.0034 1.0495 1.0084 1.0261 1.0282 1.0273 1.0259 1.0109 
1.0007 1.0391 1.0297 1.0306 1.0008 1.0194 1.0203 1.0076 1.0321 1.0006 
1.0342 1.0123 1.0375 1.0008 1.0051 1.0066 1.0337 1.0097 1.0153 1.0195 
1.0056 1.0163 1.0162 1.0037 1.0016 1.011 1.0419 1.0462 1.0024 1.0493 
1.0229 1.0418 1.0175 1.0355 1.0172 1.0311 1.0216 1.0471 1.0232 1.0463 
1.0276 1.0238 1.0253 1.0419 1.0162 1.0451 1.0323 1.0217 1.0103 1.0288 
1.0128 1.0092 1.007 1.0285 1.0364 1.0438 1.0281 1.0145 1.0284 1.0463 
1.0114 1.0391 1.0119 1.0041 1.0309 1.0357 1.0463 1.0471 1.0175 1.0187 
1.017 1.0313 1.0102 1.0419 1.0286 1.0068 1.0157 1.0393 1.0265 1.0094 
1.0187 1.0288 1.038 1.0429 1.0355 1.0186 1.0008 1.0072 1.0095 1.0161 
1.0459 1.0154 1.0421 1.0054 1.0089 1.0493 1.0393 1.0138 1.0142 1.0366 
1.0032 1.0359 1.0393 1.0084 1.0161 1.0464 1.0493 1.0374 1.0214 1.0468 
1.0467 1.0249 1.0481 1.008 1.0001 1.0388 1.0159 1.0206 1.0049 1.0118 
1.0144 1.0357 1.0001 1.0485 1.0317 1.0131 1.0189 1.0204 1.0495 1.0346 
1.019 1.0212 1.0173 1.0258 1.0277 1.0447 1.0163 1.0357 1.0239 1.0169 
1.0419 1.0264 1.0016 1.0254 1.0032 1.0478 1.0393 1.0183 1.0234 1.005 
1.0211 1.0203 1.0202 1.0074 1.0313 1.0206 1.0142 1.0489 1.0473 1.0317 
1.0106 1.0268 1.0433 1.0485 1.0216 1.0181 1.0323 1.0253 1.0441 1.0295 
1.0431 1.0421 1.0134 1.0234 1.0089 1.0361 1.0242 1.0474 1.0006 1.0356 
1.0104 1.041 1.0343 1.0441 1.0159 1.0327 1.0075 1.0199 1.0471 1.0289 
1.0116 1.0497 1.0304 1.0333 1.0209 1.0065 1.0286 1.0215 1.0495 1.0072 
1.0215 1.0346 1.029 1.0162 1.0453 1.0014 1.0396 1.0306 1.0129 1.0469 
1.0136 1.0089 1.0224 1.0465 1.0488 1.0123 1.0028 1.0005 1.0048 1.0414 
1.0422 1.025 1.0222 1.0282 1.0283 1.0412 1.0202 1.0397 1.0243 1.0205 
1.0183 1.0455 1.0057 1.0217 1.0346 1.0256 1.044 1.0335 1.0471 1.0005 
1.0298 1.0271 1.0317 1.0357 1.0359 1.0492 1.0118 1.0293 1.0208 1.0136 
1.0035 1.0398 1.0041 1.0313 1.036 1.0465 1.0359 1.0482 1.0371 1.0255 
1.0183 1.0019 1.0441 1.0402 1.039 1.0061 1.0409 1.0168 1.0165 1.015 
1.0346 1.0394 1.0277 1.0291 1.0435 1.0236 1.0205 1.0486 1.0133 1.0407 
1.0417 1.0191 1.0116 1.0495 1.0149 1.0209 1.0489 1.0322 1.047 1.0427 
1.0256 1.0248 1.0205 1.0084 1.0248 1.0129 1.0296 1.0366 1.0367 1.0156 
1.0198 1.047 1.048 1.0286 1.0177 1.0118 1.0417 1.0098 1.0266 1.0236 
1.013 1.0405 1.0061 1.0015 1.0451 1.0453 1.007 1.0463 1.0034 1.0042 
1.0171 1.027 1.0405 1.0085 1.0414 1.0048 1.0049 1.0032 1.0169 1.0331 
1.0419 1.0153 1.0081 1.0064 1.0225 1.0011 1.0464 1.0247 1.0236 1.0218 
1.0478 1.0286 1.0096 1.0443 1.0329 1.0323 1.0281 1.0279 1.0095 1.0355 
1.0077 1.0295 1.0369 1.0479 1.0483 1.0036 1.0382 1.0121 1.0446 1.0259 
1.0062 1.0492 1.0041 1.0084 1.0392 1.0223 1.0397 1.0118 1.0024 1.0047 
1.0443 1.0438 1.028 1.0239 1.0484 1.0162 1.0333 1.0276 1.0353 1.0387 
1.0022 1.0188 1.0132 1.0238 1.0093 1.036 1.0161 1.0243 1.0417 1.0496 
1.0205 1.0407 1.0147 1.0062 1.0289 1.0239 1.0143 1.0264 1.0473 1.0068 
1.0294 1.033 1.0366 1.0126 1.0154 1.0455 1.0172 1.0344 1.0305 1.0137 
1.0496 1.0485 1.0113 1.0291 1.0407 1.0208 1.0259 1.0158 1.0191 1.014 
1.0367 1.02 1.0286 1.0286 1.0411 1.0161 1.0263 1.0048 1.012 1.0026 
1.0356 1.0071 1.0366 1.0243 1.0145 1.032 1.001 1.0283 1.047 1.0294 
1.0328 1.0383 1.0349 1.0111 1.0441 1.0015 1.0268 1.0256 1.0367 1.0496 
1.037 1.0033 1.0243 1.0207 1.0344 1.0389 1.0036 1.0316 1.0108 1.043 
1.011 1.0143 1.0414 1.0057 1.0451 1.0146 1.0001 1.0089 1.0033 1.0399 
1.0078 1.0497 1.034 1.0057 1.0328 1.0174 1.0474 1.0005 1.0281 1.0417 
1.034 1.0399 1.0037 1.0057 1.0135 1.0357 1.0195 1.0461 1.0284 1.0428 
1.0048 1.0476 1.01 1.0232 1.014 1.0133 1.0115 1.0236 1.0429 1.0369 
1.0375 1.0466 1.0427 1.0187 1.0395 1.0184 1.0429 1.0146 1.0024 1.0393 
1.017 1.0141 1.0384 1.0038 1.038 1.0411 1.0329 1.0175 1.0083 1.0424 
1.0236 1.0036 1.0081 1.0076 1.0387 1.0207 1.0256 1.0123 1.0308 1.0421 
1.0238 1.016 1.0227 1.0441 1.0109 1.0245 1.0206 1.0356 1.0193 1.0064 
1.0066 1.0102 1.0121 1.0127 1.0161 1.0023 1.0327 1.0165 1.0082 1.0245 
1.0449 1.0188 1.0432 1.0357 1.0057 1.0449 1.0199 1.0272 1.0381 1.0102 
1.0299 1.0444 1.0046 1.0063 1.0482 1.0036 1.0376 1.0072 1.0068 1.0376 
1.0471 1.0366 1.035 1.008 1.0448 1.0023 1.0152 1.0034 1.0423 1.045 
1.0458 1.0442 1.0391 1.0107 1.046 1.0246 1.0063 1.0415 1.0036 1.0118 
1.0324 1.0292 1.0048 1.0494 1.0251 1.024 1.0037 1.0022 1.0212 1.0247 
1.0399 1.0153 1.0391 1.0485 1.0126 1.03 1.0462 1.0192 1.0189 1.0465 
1.0219 1.023 1.0184 1.0167 1.0208 1.0023 1.0295 1.0468 1.0304 1.0126 
1.0133 1.0498 1.0095 1.0164 1.0331 1.0399 1.0365 1.0457 1.029 1.0391 
1.0458 1.0333 1.0233 1.0038 1.0198 1.0294 1.0115 1.0026 1.01 1.0216 
1.0259 1.0077 1.0348 1.0337 1.0066 1.0039 1.0353 1.0419 1.0303 1.0159 
1.0491 1.0066 1.0464 1.0384 1.0093 1.0406 1.0043 1.0358 1.0138 1.0344 
1.0109 1.0196 1.0186 1.0076 1.0228 1.0256 1.0375 1.0155 1.004 1.0241 
1.0493 1.0354 1.0204 1.0312 1.0485 1.0131 1.007 1.0239 1.048 1.0067 
1.043 1.013 1.0184 1.0051 1.0003 1.0343 1.0415 1.0422 1.0469 1.0015 
1.0172 1.0331 1.0368 1.0013 1.0394 1.0203 1.0158 1.017 1.0254 1.007 
1.0131 1.0258 1.0469 1.0386 1.0482 1.0214 1.0386 1.0108 1.0437 1.0006 
1.0436 1.0186 1.0013 1.0066 1.0487 1.0497 1.0195 1.0395 1.0352 1.0028 
1.0014 1.0351 1.0342 1.0409 1.0209 1.0405 1.0476 1.0158 1.0152 1.0285 
1.0444 1.0138 1.0314 1.0144 1.0016 1.0237 1.0406 1.0003 1.0315 1.0365 
1.0447 1.0033 1.0462 1.0142 1.0007 1.0058 1.0245 1.0421 1.0255 1.0389 
1.0124 1.0292 1.0396 1.0326 1.0337 1.0241 1.0442 1.0265 1.0323 1.0065 
1.0457 1.0317 1.0364 1.0487 1.0327 1.0224 1.0051 1.0081 1.0176 1.0306 
1.0385 1.0256 1.0043 1.034 1.0261 1.0354 1.0454 1.0375 1.0221 1.0097 
1.0405 1.0161 1.0343 1.0499 1.0259 1.0467 1.0156 1.0217 1.0217 1.0472 
1.0416 1.03 1.0479 1.0049 1.0014 1.038 1.0336 1.0114 1.0185 1.0043 
1.0343 1.0355 1.0251 1.0042 1.0443 1.0434 1.0429 1.0386 1.028 1.0156 
1.0383 1.0242 1.0295 1.0338 1.0354 1.0379 1.0101 1.0247 1.0111 1.0164 
1.0083 1.0431 1.0234 1.0151 1.0168 1.0441 1.017 1.0415 1.0281 1.0185 
1.0458 1.0463 1.0349 1.0095 1.0345 1.0048 1.0401 1.0116 1.0026 1.0286 
1.0071 1.0182 1.0316 1.0101 1.0351 1.0073 1.0392 1.0113 1.0036 1.0277 
1.0291 1.017 1.0163 1.0069 1.0185 1.0426 1.0169 1.0399 1.0153 1.0251 
1.0108 1.0137 1.0071 1.013 1.0216 1.0074 1.018 1.0196 1.007 1.0209 
1.0005 1.0319 1.0225 1.0141 1.0111 1.0248 1.0035 1.0274 1.0389 1.0366 
1.0033 1.0078 1.013 1.0459 1.0015 1.0107 1.0033 1.0345 1.0174 1.016 
