25
500
296 208 759 629 518 335 450 148 607 840 44 505 756 547 863 768 158 172 458 564 303 464 656 212 7 325 712 13 253 128 371 657 452 960 215 230 199 5 114 769 138 772 149 859 19 422 821 223 536 861 923 773 52 876 891 109 797 979 993 909 636 217 199 207 989 648 64 991 27 703 483 142 694 161 658 116 693 940 106 410 994 448 74 216 981 684 191 279 824 827 701 402 162 530 133 570 705 623 725 178 842 468 488 305 845 661 202 529 766 316 235 236 626 642 501 890 977 32 407 250 452 386 137 979 365 890 109 641 986 955 963 520 577 551 902 269 753 648 752 824 319 983 567 579 117 872 138 263 20 281 237 513 642 888 944 602 872 341 911 280 819 434 882 220 257 426 345 11 175 217 627 194 525 595 308 285 747 288 264 269 180 16 219 533 945 288 114 696 407 144 164 318 779 565 933 946 2 782 277 479 461 177 488 300 654 21 503 167 391 755 501 313 625 35 738 741 512 255 978 159 783 777 338 552 37 577 909 838 25 532 3 588 555 62 338 273 68 350 46 8 516 860 813 268 616 359 22 536 81 182 214 355 910 941 745 750 356 414 948 503 635 802 673 224 994 120 526 712 221 892 669 559 182 906 511 474 508 225 140 288 987 176 841 118 789 555 543 648 96 739 531 17 232 940 281 239 912 320 745 686 663 174 954 543 46 919 248 743 747 90 8 334 160 66 224 749 519 753 733 952 207 936 483 922 311 514 661 455 33 349 31 731 40 940 323 647 355 638 20 353 875 630 384 980 121 399 70 22 289 892 159 334 237 106 972 236 461 307 496 663 675 614 762 853 86 157 41 530 952 525 167 53 530 738 870 503 985 439 430 175 382 545 508 437 324 68 511 438 364 322 309 623 752 239 663 527 632 7 218 818 275 760 374 58 439 529 913 146 465 172 700 917 176 504 314 872 202 362 957 480 796 783 467 64 771 67 800 695 605 891 808 108 351 240 670 54 425 334 803 120 861 299 619 427 144 782 952 219 196 245 509 781 628 132 184 680 832 661 585 770 22 432 611 961 806 582 426 195 405 703 673 607 72 243 270 350 849 609 641 26 229 693 710 231 822 26 513 140 629 302 771 631 993 469 266 913 857 123 358 104 
326 1174 186 708 1201 1981 1366 580 442 1603 730 877 922 1811 348 1684 1505 1482 658 228 94 910 1689 595 1919 
1.0268 1.001 1.0425 1.0116 1.0162 1.0327 1.0157 1.0456 1.0006 1.026 1.025 1.0071 1.0395 1.0284 1.0182 1.0237 1.0341 1.0369 1.0407 1.0163 1.0148 1.0403 1.0375 1.0486 1.0166 
1.0211 1.0349 1.0051 1.0114 1.0243 1.0068 1.0402 1.0078 1.0072 1.0114 1.0275 1.0329 1.0209 1.0023 1.0196 1.025 1.0446 1.0167 1.0115 1.0088 1.0092 1.041 1.0394 1.0094 1.0167 
1.0146 1.0196 1.0121 1.0278 1.017 1.0181 1.0451 1.0078 1.0165 1.0314 1.033 1.0477 1.0333 1.0498 1.0018 1.0352 1.0249 1.0196 1.0303 1.0431 1.0269 1.0207 1.003 1.0408 1.0028 
1.0014 1.0237 1.0031 1.0158 1.0411 1.0241 1.0104 1.0095 1.0143 1.0272 1.0214 1.0244 1.0158 1.0136 1.011 1.0233 1.0293 1.0482 1.0042 1.015 1.0339 1.033 1.0348 1.039 1.0195 
1.0291 1.0454 1.0133 1.0084 1.0214 1.0468 1.0101 1.023 1.0423 1.0176 1.0159 1.0126 1.0038 1.0444 1.0423 1.0263 1.0086 1.0093 1.0405 1.0382 1.0484 1.0171 1.0277 1.0007 1.0044 
1.025 1.0401 1.0281 1.0249 1.0091 1.0278 1.0208 1.0445 1.0049 1.0028 1.0465 1.0461 1.0141 1.0102 1.0037 1.0437 1.0416 1.0174 1.011 1.0228 1.038 1.0244 1.0402 1.0383 1.0078 
1.0329 1.0321 1.0052 1.0126 1.0469 1.0293 1.0089 1.0063 1.0065 1.0076 1.0029 1.0201 1.0367 1.0059 1.0326 1.0068 1.0127 1.0148 1.0419 1.0068 1.0195 1.0368 1.0212 1.0413 1.0365 
1.0402 1.0312 1.0031 1.0123 1.0058 1.0391 1.0406 1.0488 1.0179 1.0116 1.0462 1.0001 1.0144 1.0103 1.0151 1.0418 1.0088 1.0451 1.0031 1.0098 1.0119 1.033 1.0372 1.02 1.0242 
1.0066 1.0119 1.026 1.0275 1.0284 1.0449 1.0425 1.0315 1.0349 1.0446 1.0305 1.0085 1.0244 1.0131 1.0222 1.0163 1.0279 1.0132 1.0209 1.0169 1.0478 1.0065 1.0336 1.0308 1.0086 
1.0092 1.0092 1.0221 1.0296 1.0168 1.0157 1.0055 1.0095 1.0328 1.0394 1.0162 1.0364 1.0276 1.0415 1.0129 1.0156 1.0099 1.032 1.0185 1.0221 1.0312 1.0203 1.045 1.0133 1.0246 
1.0182 1.0067 1.0014 1.0366 1.0063 1.0037 1.0226 1.036 1.0451 1.0245 1.0473 1.0172 1.0164 1.0399 1.0265 1.0155 1.0407 1.0053 1.0108 1.0028 1.0458 1.0127 1.0073 1.0432 1.0114 
1.045 1.0272 1.0126 1.0167 1.0257 1.0063 1.0383 1.0186 1.0421 1.0149 1.0424 1.0371 1.0311 1.0029 1.0168 1.0229 1.0459 1.048 1.0217 1.0063 1.0089 1.0318 1.0219 1.0292 1.0091 
1.0474 1.0083 1.0045 1.0331 1.0231 1.0008 1.0077 1.0094 1.0453 1.0255 1.045 1.0497 1.0477 1.024 1.0474 1.047 1.0198 1.0426 1.0169 1.0402 1.0333 1.0347 1.0425 1.025 1.0114 
1.0142 1.0185 1.0178 1.0326 1.0372 1.0294 1.0042 1.0163 1.0432 1.0198 1.0263 1.0483 1.0356 1.0355 1.018 1.0498 1.0197 1.0488 1.0093 1.0038 1.0251 1.0247 1.0235 1.0415 1.0133 
1.0195 1.0318 1.0306 1.0389 1.0058 1.0127 1.0274 1.0331 1.0265 1.0455 1.0082 1.009 1.0103 1.0252 1.045 1.0308 1.034 1.0416 1.0276 1.0199 1.0271 1.0391 1.0312 1.0028 1.0282 
1.02 1.0203 1.0239 1.0187 1.0428 1.0161 1.0051 1.0218 1.0071 1.0105 1.0179 1.0026 1.0451 1.0037 1.0285 1.0373 1.0442 1.017 1.0314 1.0361 1.0494 1.0317 1.0058 1.0191 1.0322 
1.0279 1.0385 1.0365 1.0032 1.0374 1.0367 1.043 1.0477 1.0184 1.0492 1.0428 1.0077 1.0239 1.0299 1.0411 1.014 1.0178 1.01 1.0244 1.0468 1.0387 1.0243 1.0372 1.0435 1.0197 
1.0411 1.0422 1.0391 1.0352 1.0038 1.0071 1.0445 1.0451 1.0495 1.0393 1.0027 1.0369 1.011 1.0097 1.0321 1.0252 1.0191 1.0281 1.0134 1.0057 1.0273 1.0276 1.0278 1.0032 1.0428 
1.0344 1.0278 1.0215 1.0293 1.0226 1.02 1.0064 1.0141 1.036 1.0385 1.0052 1.0453 1.0364 1.0288 1.0045 1.0268 1.0058 1.042 1.0396 1.0001 1.0316 1.0364 1.0167 1.0478 1.0077 
1.0366 1.0469 1.0414 1.0347 1.0205 1.0359 1.0331 1.037 1.0371 1.0249 1.0299 1.0035 1.0467 1.0158 1.0264 1.0194 1.0338 1.0089 1.0245 1.0322 1.0325 1.0032 1.0372 1.0086 1.0106 
1.0153 1.0061 1.0181 1.001 1.0446 1.016 1.0294 1.043 1.0161 1.0009 1.029 1.0413 1.0217 1.0478 1.035 1.0049 1.0199 1.0438 1.0391 1.0278 1.0428 1.0397 1.0195 1.0467 1.0006 
1.0477 1.0261 1.0262 1.0213 1.0403 1.0309 1.037 1.0248 1.012 1.0122 1.0363 1.0433 1.0234 1.0427 1.0102 1.0301 1.0122 1.0339 1.0093 1.0379 1.016 1.0296 1.031 1.0338 1.0465 
1.0326 1.0103 1.0041 1.012 1.0281 1.0108 1.0255 1.025 1.0097 1.008 1.0376 1.0386 1.0113 1.0349 1.0466 1.0325 1.0434 1.0298 1.0459 1.0094 1.042 1.001 1.0126 1.0362 1.0092 
1.0479 1.0148 1.0402 1.0168 1.0464 1.0425 1.0413 1.0133 1.0186 1.0262 1.0475 1.0387 1.0181 1.0162 1.0446 1.0078 1.0459 1.0368 1.004 1.0031 1.0028 1.0463 1.0361 1.0476 1.0428 
1.0149 1.0095 1.0129 1.017 1.0315 1.0147 1.0447 1.0001 1.015 1.035 1.0106 1.0176 1.0318 1.0356 1.0202 1.0009 1.0343 1.0096 1.0397 1.0029 1.0492 1.0024 1.0016 1.0118 1.0026 
1.0014 1.0115 1.0322 1.0302 1.0462 1.0406 1.0333 1.0114 1.0022 1.0198 1.0449 1.0458 1.0212 1.0399 1.0096 1.0197 1.0351 1.027 1.0301 1.0249 1.022 1.0294 1.0055 1.0023 1.015 
1.0107 1.0314 1.012 1.0488 1.0092 1.0247 1.0477 1.0346 1.0061 1.019 1.0456 1.0207 1.0051 1.0133 1.0295 1.0086 1.0415 1.0336 1.0244 1.0098 1.0044 1.0472 1.0466 1.0478 1.0465 
1.0477 1.0395 1.0205 1.0466 1.0007 1.0371 1.0162 1.0101 1.035 1.036 1.0155 1.0048 1 1.0106 1.031 1.0086 1.0015 1.0268 1.0453 1.0267 1.038 1.0351 1.0427 1.032 1.044 
1.0311 1.0395 1.0042 1.0304 1.0353 1.0165 1.0245 1.0262 1.034 1.0053 1.014 1.009 1.0442 1.035 1.0375 1.0038 1.04 1.0384 1.023 1.0306 1.0356 1.0338 1.0352 1.0266 1.0259 
1.0331 1.0242 1.0433 1.0235 1.0345 1.0401 1.0486 1.0399 1.0234 1.0421 1.0238 1.0009 1.0307 1.0152 1.0301 1.0003 1.0358 1.0306 1.0496 1.0353 1.0132 1.0142 1.0166 1.0301 1.0347 
1.0312 1.0097 1.0392 1.0252 1.0205 1.0263 1.0089 1.0089 1.0264 1.0086 1.0459 1.0337 1.0362 1.0325 1.046 1.0328 1.0237 1.0188 1.0183 1.0228 1.01 1.0394 1.0017 1.0452 1.0318 
1.0188 1.0207 1.0084 1.0096 1.0141 1.0335 1.0261 1.0304 1.004 1.0206 1.0378 1.0471 1.025 1.0057 1.0483 1.0489 1.0401 1.0254 1.0094 1.0088 1.0388 1.0012 1.0432 1.0182 1.0075 
1.0342 1.0181 1.0331 1.0425 1.0117 1.0049 1.0062 1.0064 1.0401 1.0244 1.0346 1.0225 1.0377 1.0189 1.0313 1.0237 1.0277 1.0164 1.0428 1.0287 1.0103 1.0082 1.0333 1.0215 1.0145 
1.0468 1.0481 1.003 1.0058 1.0078 1.0048 1.0287 1.0211 1.0345 1.0191 1.0165 1.0484 1.0339 1.0057 1.0058 1.0087 1.0047 1.0021 1.0064 1.0444 1.0435 1.0242 1.013 1.0109 1.0252 
1.0103 1.0321 1.0112 1.0265 1.0385 1.0028 1.0447 1.024 1.0358 1.0192 1.0164 1.0414 1.0388 1.0448 1.0341 1.0096 1.005 1.0472 1.0401 1.0357 1.0155 1.0111 1.0476 1.035 1.0427 
1.0123 1.0495 1.0152 1.0133 1.006 1.0499 1.0484 1.0435 1.0422 1.0304 1.0493 1.0259 1.0415 1.0465 1.0117 1.0252 1.0166 1.0111 1.0329 1.0424 1.0221 1.0041 1.0202 1.0223 1.0356 
1.0061 1.022 1.0003 1.0095 1.0232 1.0479 1.009 1.0058 1.0095 1.0034 1.0089 1.0443 1.0267 1.0359 1.035 1.0008 1.0342 1.0464 1.044 1.0385 1.0062 1.0003 1.0178 1.0132 1.005 
1.0058 1.0177 1.0435 1.0107 1.0396 1.0474 1.0414 1.0064 1.0051 1.0387 1.019 1.0152 1.0416 1.048 1.0109 1.0215 1.0324 1.0278 1.0127 1.0488 1.0074 1.0219 1.012 1.0031 1.0264 
1.0209 1.0219 1.0359 1.0231 1.0099 1.0158 1.0041 1.0381 1.0232 1.0227 1.0126 1.0338 1.0051 1.0398 1.0185 1.0286 1.0154 1.0276 1.0448 1.0076 1.0055 1.0099 1.0004 1.0071 1.0004 
1.0195 1.0263 1.0216 1.013 1.0453 1.0047 1.0217 1.0212 1.0163 1 1.0292 1.0429 1.0127 1.0018 1.0123 1.0039 1.0467 1.0014 1.0346 1.0418 1.0143 1.0037 1.0209 1.0484 1.0236 
1.0159 1.0028 1.045 1.001 1.0482 1.0409 1.0367 1.0309 1.0216 1.0105 1.0155 1.0253 1.0008 1.0493 1.0431 1.0005 1.0384 1.0374 1.0331 1.008 1.0355 1.0151 1.0384 1.0227 1.0373 
1.0438 1.0183 1.0375 1.0175 1.0077 1.0389 1.0459 1.035 1.0078 1.0321 1.0172 1.0308 1.0477 1.0067 1.0255 1.003 1.0453 1.0046 1.0186 1.0141 1.0274 1.0445 1.0467 1.0472 1.0326 
1.038 1.0177 1.0032 1.0449 1.0382 1.0353 1.0128 1.0289 1.001 1.0168 1.0296 1.0297 1.0482 1.0301 1.0109 1.0421 1.0199 1.0074 1.0319 1.0496 1.0368 1.0166 1.0109 1.0169 1.0271 
1.0005 1.0112 1.0356 1.0129 1.0308 1.0479 1.0227 1.0138 1.0394 1.0206 1.0474 1.0248 1.0191 1.0466 1.0271 1.0207 1.0219 1.0235 1.0018 1.0205 1.039 1.0011 1.0182 1.0406 1.0251 
1.049 1.0496 1.017 1.0338 1.0419 1.0088 1.0282 1.0118 1.0426 1.0273 1.0229 1.0487 1.0146 1.0013 1.038 1.0399 1.0172 1.0297 1.0496 1.029 1.0129 1.0453 1.0066 1.0076 1.0237 
1.0199 1.0335 1.0322 1.0192 1.018 1.0441 1.0165 1.0438 1.0055 1.017 1.0106 1.0177 1.0475 1.0212 1.0249 1.003 1.0179 1.0052 1.0005 1.0468 1.0352 1.0062 1.0175 1.0368 1.0266 
1.0005 1.0006 1.0313 1.0294 1.0095 1.0211 1.0417 1.038 1.0248 1.0196 1.0045 1.0163 1.0252 1.009 1.0186 1.0293 1.0394 1.0276 1.0129 1.0021 1.0407 1.0278 1.0013 1.0233 1.0042 
1.033 1.0234 1.0341 1.016 1.0095 1.0403 1.0273 1.0255 1.0359 1.0043 1.0219 1.0019 1.0143 1.0105 1.0377 1.0117 1.0082 1.0254 1.0039 1.0003 1.0495 1.0131 1.0408 1.024 1.0422 
1.0043 1.0346 1.0468 1.0436 1.0138 1.0408 1.0135 1.0397 1.0255 1.0199 1.0063 1.0116 1.0495 1.0059 1.0254 1.0177 1.0099 1.031 1.0472 1.0317 1.0194 1.0319 1.0248 1.0086 1.0258 
1.0413 1.0343 1.0396 1.0113 1.0146 1.0398 1.0321 1.0211 1.0266 1.014 1.0076 1.0006 1.0255 1.0207 1.0184 1.0136 1.0415 1.0373 1.0115 1.0036 1.0139 1.0414 1.0255 1.0052 1.0313 
1.038 1.0493 1.0294 1.0413 1.0247 1.0017 1.029 1.0316 1.0098 1.0429 1.0075 1.0295 1.0198 1.0021 1.0484 1.0258 1.0417 1.0402 1.0392 1.037 1.0162 1.0365 1.0201 1.0099 1.0179 
1.0059 1.0094 1.0074 1.0443 1.0359 1.0231 1.0204 1.0309 1.0319 1.0117 1.0411 1.0084 1.0454 1.007 1.0477 1.0081 1.0422 1.0137 1.0185 1.0494 1.0038 1.0166 1.0457 1.0281 1.0274 
1.0017 1.0393 1.0236 1.0389 1.0333 1.0025 1.0249 1.0263 1.0071 1.0003 1.0149 1.0023 1.0219 1.0349 1.0081 1.0099 1.0318 1.0074 1.0065 1.0179 1.0108 1.0014 1.032 1.0214 1.0061 
1.0266 1.028 1.0427 1.0122 1.0499 1.0354 1.0368 1.0169 1.0009 1.0265 1.0172 1.0441 1.0197 1.0104 1.043 1.0318 1.011 1.0172 1.002 1.0161 1.0046 1.0194 1.0185 1.039 1.0044 
1.0289 1.0278 1.0479 1.0245 1.0024 1.0107 1.0012 1.0226 1.0343 1.0445 1.0276 1.0376 1.0282 1.0283 1.0115 1.0249 1.0185 1.0402 1.0456 1.0277 1.0174 1.0385 1.0321 1.0123 1.0216 
1.0357 1.0188 1.0055 1.0402 1.0352 1.0037 1.0208 1.0492 1.0004 1.0205 1.045 1.0151 1.0447 1.0301 1.0063 1.0338 1.0084 1.0003 1.0313 1.0156 1.0436 1.0192 1.0385 1.0265 1.0467 
1.0067 1.0091 1.0377 1.0072 1.0441 1.0083 1.0354 1.0316 1.0493 1.0258 1.0136 1.0461 1.0334 1.0259 1.0205 1.0417 1.0407 1.0031 1.0307 1.0007 1.0374 1.0359 1.0255 1.034 1.0008 
1.0158 1.048 1.0131 1.0447 1.0074 1.0067 1.0062 1.0021 1.0159 1.0111 1.0287 1.0249 1.0341 1.0256 1.0107 1.0024 1.0041 1.0044 1.026 1.0229 1.0011 1.0098 1.0045 1.0156 1.0358 
1.0151 1.0106 1.0319 1.0005 1.0377 1.0249 1.025 1.0257 1.0313 1.006 1.0301 1.0479 1.0292 1.0048 1.0019 1.0463 1.0458 1.0178 1.0117 1.0293 1.0124 1.0483 1.0484 1.0143 1.0222 
1.0081 1.0115 1.0247 1.0366 1.0384 1.0121 1.0459 1.0218 1.0026 1.0169 1.017 1.0392 1.0243 1.0214 1.0084 1.0325 1.0231 1.0313 1.0041 1.0205 1.0325 1.0125 1.0077 1.0445 1.0316 
1.0435 1.0416 1.0292 1.0432 1.0137 1.0305 1.025 1.0412 1.0024 1.01 1.0073 1.0201 1.0457 1.0324 1.0298 1.0057 1.006 1.0333 1.0016 1.0329 1.0139 1.0038 1.0471 1.0076 1.022 
1.0314 1.04 1.0261 1.0354 1.0109 1.0119 1.009 1.0121 1.0461 1.0394 1.0178 1.0237 1.0122 1.0424 1.0092 1.0091 1.0013 1.0383 1.0001 1.0309 1.0339 1.0126 1.0452 1.0303 1.0018 
1.0065 1.0484 1.0058 1.002 1.0119 1.011 1.0362 1.0132 1.0307 1.0263 1.0282 1.0021 1.0442 1.0008 1.0343 1.0224 1.0196 1.0413 1.0326 1.019 1.0488 1.0082 1.0165 1.0474 1.0257 
1.0292 1.0416 1.0083 1.0422 1.0279 1.0082 1.0097 1.0224 1.0384 1.0027 1.0248 1.0389 1.0202 1.029 1.037 1.0489 1.0173 1.0243 1.0243 1.0089 1.0234 1.0338 1.0082 1.0032 1.0136 
1.0472 1.0497 1.0134 1.0194 1.0197 1.0015 1.0253 1.005 1.0471 1.0065 1.0085 1.0226 1.0491 1.0451 1.0203 1.0281 1.0393 1.0481 1.0082 1.0144 1.016 1.0485 1.0002 1.0101 1.0358 
1.0362 1.0452 1.0248 1.0053 1.049 1.0029 1.0244 1.0268 1.046 1.027 1.0396 1.0048 1.0213 1.03 1.0255 1.0262 1.022 1.0001 1.0368 1.0295 1.0271 1.0119 1.0322 1.0225 1.0096 
1.048 1.0312 1.027 1.0476 1.0341 1.0396 1.0278 1.0163 1.0139 1.0453 1.031 1.0144 1.0451 1.0477 1.0061 1.0422 1.0288 1.0204 1.0486 1.0491 1.0122 1.039 1.0028 1.018 1.0002 
1.0135 1.0369 1.0097 1.0116 1.0233 1.0418 1.0135 1.028 1.0165 1.0089 1.0119 1.0264 1.041 1.0369 1.0356 1.0474 1.0302 1.0298 1.0088 1.0162 1.0007 1.0492 1.0191 1.0261 1.0325 
1.0418 1.0317 1.0312 1.0141 1.0337 1.0469 1.0134 1.0305 1.0259 1.021 1.0439 1.0436 1.0089 1.0137 1.0467 1.0321 1.0232 1.0039 1.0126 1.0231 1.0363 1.0316 1.0229 1.044 1.0155 
1.0179 1.0285 1.0242 1.0493 1.0468 1.0011 1.0285 1.016 1.04 1.0256 1.023 1.0015 1.0076 1.0394 1.0083 1.0421 1.0237 1.0198 1.0324 1.0449 1.0498 1.0167 1.0014 1.0449 1.0402 
1.0151 1.0414 1.0177 1.0376 1.0124 1.0056 1.0157 1.028 1.035 1.0361 1.0447 1.0148 1.0276 1.0262 1.017 1.0099 1.0444 1.0118 1.0372 1.0148 1.0262 1.0221 1.0416 1.0118 1.0303 
1.0097 1.0163 1.0079 1.0262 1.0101 1.0168 1.0423 1.0127 1.0057 1.0323 1.0266 1.0132 1.0269 1.0184 1.0104 1.0449 1.0281 1.0103 1.0287 1.0042 1.0021 1.0309 1.0014 1.023 1.0464 
1.0316 1.003 1.0398 1.0126 1.0248 1.0302 1.026 1.0155 1.0187 1.0435 1.031 1.0022 1.0422 1.0355 1.0406 1.0186 1.03 1.0409 1.0403 1.0278 1.0058 1.0174 1.0004 1.0154 1.016 
1.0174 1.0211 1.0213 1.0316 1.0326 1.0036 1.0238 1.0208 1.0492 1.0215 1.0328 1.006 1.0316 1.0447 1.0133 1.0304 1.0282 1.0357 1.0372 1.0419 1.0304 1.0245 1.0138 1.0365 1.0193 
1.0074 1.0402 1.0014 1.0254 1.004 1.01 1.0147 1.0452 1.0469 1.0076 1.01 1.0258 1.0113 1.007 1.0467 1.0236 1.0071 1.0437 1.0369 1.0268 1.0499 1.044 1.0482 1.0497 1.0161 
1.0065 1.0274 1.0113 1.039 1.018 1.0333 1.0363 1.0194 1.0082 1.0118 1.0492 1.0145 1.0047 1.0311 1.0265 1.0382 1.0268 1.0216 1.0346 1.0277 1.0169 1.0306 1.0122 1.024 1.049 
1.0134 1.0043 1.0224 1.0453 1.0055 1.0151 1.0396 1.0203 1.0475 1.001 1.0262 1.039 1.0277 1.0162 1.0329 1.0146 1.0419 1.0045 1.0276 1.0354 1.0229 1.0382 1.0033 1.0034 1.0354 
1.0171 1.0479 1.0175 1.0389 1.0436 1.028 1.0071 1.0152 1.0068 1.019 1.0281 1.0036 1.0048 1.0021 1.0439 1.042 1.0196 1.031 1.0006 1.0292 1.0226 1.0229 1.0006 1.03 1.038 
1.0415 1.0155 1.0197 1.0034 1.0186 1.047 1.0382 1.0123 1.0469 1.0232 1.0243 1.0468 1.0165 1.042 1.0162 1.0119 1.0368 1.0079 1.0272 1.0312 1.0408 1.0081 1.0411 1.0218 1.0116 
1.0309 1.0499 1.012 1.0089 1.023 1.0321 1.0277 1.0219 1.028 1.007 1.0345 1.0321 1.0292 1.0041 1.0141 1.0362 1.0256 1.0117 1.0326 1.0349 1.0164 1.0313 1.0212 1.0028 1.0162 
1.0397 1.0104 1.0377 1.0289 1.016 1.0204 1.0025 1.0083 1.0042 1.0371 1.0124 1.0433 1.0416 1.0329 1.0337 1.037 1.0229 1.0439 1.0401 1.014 1.0479 1.0006 1.007 1.0362 1.0282 
1.0384 1.0202 1.0249 1.0357 1.0248 1.027 1.0421 1.0267 1.0207 1 1.0074 1.0484 1.0291 1.0054 1.0312 1.0088 1.0131 1.0428 1.0192 1.0458 1.0403 1.0319 1.0265 1.0309 1.0065 
1.034 1.0201 1.0215 1.0244 1.0373 1.0171 1.0035 1.0412 1.0379 1.0041 1.0221 1.0366 1.0292 1.0413 1.0031 1.0334 1.0297 1.0374 1.0142 1.0426 1.0246 1.002 1.0097 1.0053 1.038 
1.0131 1.0198 1.0447 1.0283 1.004 1.0471 1.013 1.023 1.032 1.0214 1.0494 1.0384 1.0075 1.0463 1.0105 1.018 1.0457 1.001 1.0287 1.0395 1.027 1.0397 1.016 1.0468 1.0439 
1.0036 1.0137 1.0012 1.0162 1.0251 1.0143 1.0004 1.0262 1.0022 1.0454 1.0444 1.0045 1.0398 1.0043 1.0181 1.0426 1.0312 1.0136 1.0277 1.0434 1.0179 1.0356 1.0425 1.0104 1.0395 
1.0041 1.0175 1.0288 1.0292 1.0485 1.0197 1.0142 1.0435 1.0229 1.0062 1.0004 1.0323 1.0144 1.0112 1.0217 1.0226 1.0227 1.0046 1.0362 1.0067 1.0067 1.045 1.01 1.0251 1.0167 
1.0365 1.0344 1.0051 1.0216 1.0346 1.014 1.0029 1.0439 1.0364 1.0035 1.0436 1.0109 1.0152 1.0474 1.0021 1.0085 1.0007 1.0008 1.0044 1.0185 1.016 1.0015 1.0247 1.0382 1.0004 
1.0276 1.0209 1.0466 1.0313 1.0281 1.0418 1.0358 1.022 1.0136 1.047 1.0433 1.0391 1.0411 1.0435 1.0134 1.0223 1.035 1.0343 1.0457 1.0182 1.0317 1.015 1.0133 1.0219 1.0142 
1.0468 1.0132 1.0088 1.0493 1.0197 1.0043 1.0264 1.0379 1.0349 1.0128 1.0227 1.0256 1.0103 1.0026 1.0051 1.0183 1.0121 1.0183 1.0492 1.0047 1.001 1.0292 1.0414 1.0274 1.0278 
1.0416 1.0349 1.0169 1.0317 1.0345 1.0206 1.038 1.0139 1.024 1.0284 1.0376 1.0059 1.0219 1.0369 1.0462 1.0231 1.0406 1.0362 1.02 1.0239 1.0065 1.0164 1.0022 1.0175 1.0071 
1.0029 1.0366 1.0326 1.0424 1.0363 1.0351 1.0036 1.0266 1.0202 1.0348 1.0391 1.0274 1.0308 1.0393 1.0162 1.0426 1.0388 1.0041 1.0458 1.0157 1.0463 1.0055 1.0194 1.0043 1.0107 
1.0142 1.0129 1.0149 1.0165 1.003 1.0133 1.0128 1.0366 1.0272 1.0094 1.0318 1.0396 1.0361 1.0431 1.0252 1.0202 1.036 1.038 1.0247 1.0161 1.0392 1.0129 1.0336 1.022 1.0455 
1.0461 1.0418 1.0486 1.0224 1.0067 1.0247 1.0299 1.023 1.0057 1.0298 1.0256 1.0218 1.0446 1.0047 1.0279 1.0023 1.0434 1.0075 1.0139 1.0124 1.0303 1.0045 1.0059 1.0262 1.0271 
1.0405 1.0269 1.0326 1.0155 1.0012 1.0049 1.0433 1.0473 1.0409 1.0014 1.0202 1.0433 1.0155 1.0257 1 1.0109 1.0038 1.0011 1.0437 1.0431 1.0482 1.0297 1.0029 1.0108 1.0337 
1.0314 1.0123 1.0285 1.0477 1.0435 1.0265 1.0084 1.0467 1.0004 1.0111 1.0148 1.019 1.0393 1.0178 1.011 1.0278 1.042 1.0297 1.0205 1.033 1.048 1.0339 1.0079 1.0247 1.0029 
1.047 1.0088 1.0251 1.0394 1.0056 1.0013 1.0099 1.0479 1.0384 1.0497 1.0077 1.0205 1.0435 1.0089 1.0161 1.0498 1.0399 1.031 1.0264 1.0185 1.0015 1.0323 1.0289 1.021 1.0017 
1.0246 1.0228 1.0222 1.0221 1.0403 1.004 1.0278 1.0338 1.0244 1.0366 1.0496 1.0218 1.0228 1.009 1.0021 1.0433 1.0118 1.0032 1.0461 1.0222 1.0387 1.0063 1.0288 1.0381 1.0059 
1.0096 1.0342 1.0388 1.0276 1.0483 1.0153 1.0105 1.0481 1.0038 1.0146 1.0308 1.0158 1.0418 1.0057 1.0369 1.0483 1.0229 1.0009 1.0252 1.043 1.0392 1.0428 1.0267 1.0317 1.0494 
1.0474 1.0163 1.0028 1.0294 1.0436 1.0451 1.0143 1.0438 1.0263 1.0325 1.0471 1.0443 1.0422 1.031 1.0394 1.0106 1.04 1.0045 1.0292 1.012 1.0268 1.0287 1.0147 1.0246 1.0059 
1.0281 1.0246 1.0128 1.0252 1.0117 1.0053 1.0008 1.027 1.0182 1.0396 1.0017 1.0411 1.0271 1.0031 1.0236 1.0027 1.001 1.0117 1.0333 1.0251 1.0116 1.042 1.0211 1.0115 1.0067 
1.0196 1.0002 1.0142 1.0159 1.0401 1.0409 1.0449 1.0283 1.017 1.0467 1.0413 1.0221 1.0079 1.0312 1.032 1.0091 1.0355 1.0208 1.0442 1.0206 1.0018 1.0404 1.0432 1.0246 1.0497 
1.0094 1.0442 1.0279 1.0056 1.0286 1.0105 1.0096 1.0134 1.0392 1.0207 1.0219 1.0136 1.0208 1.0198 1.0084 1.0106 1.0424 1.0127 1.0049 1.0367 1.0077 1.0276 1.0017 1.0336 1.0388 
1.016 1.0392 1.0122 1.0209 1.0489 1.0154 1.0136 1.0013 1.0161 1.0487 1.0089 1.0233 1.0397 1.0203 1.028 1.0271 1.0127 1.0469 1.0029 1.0029 1.0312 1.0437 1.01 1.0023 1.0246 
1.0078 1.0484 1.0164 1.0042 1.0013 1.0483 1.0156 1.0224 1.0468 1.0184 1.0152 1.0425 1.0278 1.0365 1.0118 1.0142 1.0236 1.0064 1.0111 1.0003 1.0115 1.0443 1.009 1.0131 1.015 
1.0287 1.0487 1.001 1.0374 1.0101 1.0332 1.015 1.0288 1.045 1.0099 1.0238 1.018 1.0313 1.012 1.02 1.0044 1.027 1.0428 1.0418 1.0246 1.049 1.0322 1.0484 1.0453 1.0012 
1.0409 1.0348 1.0145 1.0114 1.015 1.0277 1.0274 1.0136 1.0287 1.0424 1.0387 1.0204 1.0036 1.0087 1.0359 1.0114 1.0101 1.0128 1.0307 1.0482 1.0005 1.0411 1.0462 1.0004 1.0089 
1.0359 1.0306 1.0155 1.0276 1.0314 1.0375 1.0294 1.0077 1.0374 1.0225 1.0115 1.0294 1.0494 1.0053 1.0328 1.04 1.0438 1.0015 1.0174 1.0058 1.0406 1.0243 1.0312 1.0282 1.0265 
1.0273 1.0053 1.0042 1.0048 1.0339 1.0033 1.0456 1.0124 1.0361 1.0217 1.0444 1.0166 1.017 1.0025 1.0193 1.0206 1.0442 1.025 1.0446 1.0238 1.0202 1.0373 1.019 1.0152 1.0188 
1.0118 1.017 1.0249 1.0127 1.0171 1.0219 1.0111 1.0037 1.0231 1.0275 1.0441 1.0027 1.0262 1.0203 1.0001 1.0364 1.01 1.0139 1.0099 1.001 1.031 1.0297 1.0148 1.0434 1.016 
1.027 1.0102 1.0442 1.0336 1.0217 1.0346 1.0452 1.0118 1.0421 1.0129 1.0436 1.0076 1.0183 1.0383 1.0482 1.0127 1.0328 1.0409 1.0078 1.0119 1.0241 1.0031 1.046 1.0439 1.0447 
1.0041 1.0107 1.0349 1.0355 1.0293 1.0027 1.0393 1.0047 1.024 1.0229 1.0275 1.0166 1.0284 1.0244 1.0326 1.0206 1.0159 1.0366 1.0238 1.0071 1.0478 1.0077 1.003 1.037 1.0408 
1.0351 1.0055 1.0367 1.0432 1.0338 1.0243 1.0003 1.0252 1.0104 1.0293 1.0497 1.0375 1.0366 1.044 1.0332 1.0142 1.0255 1.0038 1.0488 1.0178 1.0084 1.0107 1.0161 1.0209 1.0313 
1.0054 1.0277 1.0238 1.0178 1.0064 1.0076 1.0262 1.0407 1.0314 1.0079 1.0445 1.0117 1.0195 1.0248 1.0056 1.0419 1.0123 1.0083 1.0116 1.0215 1.0362 1.0493 1.0163 1.0484 1.0497 
1.0492 1.0457 1.0111 1.0429 1.0039 1.0093 1.0177 1.0248 1.0287 1.0261 1.0225 1.0296 1.0007 1.0323 1.0042 1.0398 1.0068 1.0186 1.0496 1.0084 1.0208 1.0413 1.0202 1.0038 1.0059 
1.0182 1.0494 1.0466 1.0479 1.0454 1.0312 1.0279 1.0448 1.0031 1.0355 1.0203 1.0099 1.0382 1.0361 1.0335 1.012 1.0322 1.0046 1.0166 1.0229 1.0312 1.0324 1.006 1.0186 1.006 
1.0026 1.0374 1.0414 1.0311 1.0109 1.0299 1.0143 1.0263 1.0206 1.0361 1.0476 1.0037 1.0442 1.0304 1.0058 1.0493 1.0194 1.0446 1.0181 1.0247 1.0275 1.032 1.0385 1.018 1.0124 
1.0059 1.0357 1.0011 1.0289 1.0387 1.0214 1.0381 1.0184 1.0436 1.0014 1.0375 1.0266 1.0458 1.0211 1.0422 1.0209 1.0366 1.0291 1.0227 1.0279 1.0285 1.0182 1.0384 1.0397 1.0081 
1.0438 1.023 1.0293 1.0462 1.0189 1.0045 1.0225 1.0195 1.0348 1.0305 1.0477 1.0448 1.0127 1.0183 1.003 1.0014 1.0129 1.0255 1.03 1.0018 1.0261 1.0475 1.0281 1.0442 1.0269 
1.0208 1.0231 1.0386 1.041 1.0494 1.0048 1.0477 1.0065 1.0434 1.0028 1.0118 1.0264 1.0072 1.0303 1.0237 1.0172 1.0179 1.0431 1.0306 1.0293 1.048 1.0476 1.003 1.0262 1.0008 
1.0342 1.0347 1.0295 1.0453 1.0019 1.0421 1.0036 1.0495 1.0442 1.0366 1.0192 1.0297 1.0423 1.0069 1.0302 1.0027 1.0363 1.0327 1.0307 1.0401 1.0131 1.049 1.0376 1.0179 1.0164 
1.0115 1.0313 1.0006 1.0322 1.0005 1.0425 1.0219 1.0261 1.0498 1.0204 1.0106 1.0139 1.031 1.0295 1.0438 1.0327 1.0242 1.0208 1.0016 1.0113 1.0006 1.0201 1.0045 1.0384 1.0226 
1.0173 1.012 1.0404 1.0129 1.032 1.0187 1.0192 1.0019 1.0178 1.0136 1.0219 1.0178 1.0479 1.0106 1.0393 1.0119 1.0309 1.0361 1.028 1.0258 1.0027 1.0484 1.0004 1.0285 1.0296 
1.0018 1.0064 1.0308 1.0359 1.0356 1.0481 1.0438 1.0414 1.0033 1.0404 1.0275 1.0141 1.0449 1.0499 1.0419 1.0308 1.0301 1.0208 1.0118 1.0255 1.0419 1.0346 1.0345 1.0393 1.013 
1.0364 1.0284 1.0327 1.0378 1.0359 1.0292 1.0226 1.0193 1.0142 1.017 1.0219 1.016 1.048 1.0112 1.001 1.0392 1.0493 1.0384 1.0322 1.0279 1.0377 1.0275 1.0355 1.0347 1.0181 
1.0344 1.0005 1.0273 1.0231 1.0337 1.0364 1.0041 1.0233 1.0121 1.0031 1.023 1.0017 1.0118 1.0461 1.0108 1.0032 1.0125 1.0234 1.0221 1.0206 1.0188 1.037 1.0201 1.046 1.0391 
1.0355 1.0051 1.0281 1.0034 1.0096 1.0297 1.015 1.0242 1.0186 1.0151 1.0094 1.0046 1.013 1.0171 1.0352 1.0068 1.0055 1.0253 1.007 1.0072 1.0394 1.0315 1.0073 1.0184 1.0167 
1.044 1.0494 1.0093 1.0061 1.0108 1.0445 1.0301 1.0312 1.0011 1.0208 1.0437 1.0235 1.0195 1.0015 1.0376 1.0101 1.0335 1.0285 1.0181 1.0456 1.0042 1.0269 1.0138 1.036 1.0455 
1.0381 1.0326 1.0308 1.0046 1.0191 1.0196 1.0362 1.0243 1.0179 1.0084 1.0348 1.0281 1.0172 1.0329 1.0078 1.0002 1.039 1.0247 1.0438 1.0265 1.0491 1.0183 1.0366 1.0168 1.0357 
1.0474 1.0337 1.0431 1.042 1.0214 1.0253 1.0445 1.0052 1.0235 1.0451 1.0285 1.0464 1.0452 1.0439 1.0427 1.0064 1.0136 1.0189 1.0068 1.0289 1.0296 1.0045 1.0396 1.0295 1.0253 
1.0035 1.0215 1.0219 1.0239 1.0374 1.013 1.0134 1.018 1.0429 1.0026 1.0128 1.0321 1.0282 1.0197 1.0185 1.0252 1.0035 1.0428 1.029 1.0081 1.0331 1.0389 1.0459 1.0018 1.0206 
1.0302 1.0259 1.0429 1.0487 1.0201 1.0359 1.0267 1.0049 1.0165 1.0424 1.0295 1.0363 1.0265 1.0175 1.0079 1.0085 1.0036 1.0034 1.0159 1.0344 1.0216 1.0317 1.0048 1.0361 1.0355 
1.0219 1.0423 1.0049 1.0319 1.0138 1.0289 1.0179 1.0493 1.0435 1.0133 1.0422 1.0489 1.0289 1.0124 1.0164 1.0255 1.0447 1.0244 1.0084 1.0217 1.0242 1.0244 1.028 1.0043 1.0434 
1.0067 1.011 1.0411 1.006 1.0356 1.0228 1.0199 1.0155 1.0189 1.0381 1.0279 1.0417 1.0266 1.0118 1.0139 1.0289 1.0183 1.0177 1.02 1.0067 1.0416 1.0493 1.0306 1.0255 1.0117 
1.013 1.0426 1.0133 1.0003 1.0258 1.0189 1.0476 1.0258 1.01 1.0449 1.0226 1.0431 1.0365 1.0466 1.0124 1.0499 1.016 1.0391 1.0082 1.0021 1.0429 1.0182 1.0413 1.0264 1.0429 
1.0302 1.0335 1.0028 1.0343 1.0316 1.0199 1.0123 1.0339 1.0468 1.0385 1.0207 1.012 1.0024 1.0428 1.0119 1.0111 1.0401 1.0094 1.0018 1.039 1.0453 1.0036 1.0347 1.0065 1.0149 
1.0384 1.0453 1.0444 1.0052 1.0251 1.0432 1.036 1.0399 1.0278 1.01 1.0451 1.0342 1.0446 1.0074 1.043 1.0215 1.027 1.0465 1.0429 1.0282 1.0178 1.0179 1.0482 1.0137 1.0254 
1.0152 1.0389 1.0369 1.0121 1.0398 1.0052 1.034 1.0114 1.0182 1.0189 1.0356 1.0366 1.0186 1.0468 1.0159 1.0351 1.0331 1.0479 1.0281 1.0357 1.0457 1.0399 1.0408 1.0028 1.0445 
1.0177 1.0482 1.0233 1.0105 1.0365 1.0124 1.0224 1.0162 1.0338 1.0404 1.0029 1.0231 1.0121 1.012 1.0265 1.0353 1.0122 1.0185 1.0479 1.0399 1.0061 1.0083 1.0176 1.041 1.0253 
1.0351 1.034 1.04 1.0251 1.0349 1.0438 1.0338 1.0285 1.0288 1.0222 1.0242 1.0225 1.0162 1.0029 1.0132 1.0443 1.0468 1.0497 1.0255 1.0121 1.0208 1.0333 1.0438 1.0358 1.0081 
1.009 1.035 1.0025 1.0037 1.0179 1.0317 1.0293 1.0382 1.0459 1.0441 1.0337 1.0175 1.025 1.0288 1.0064 1.0347 1.0357 1.0306 1.0336 1.015 1.0465 1.0169 1.0306 1.0415 1.038 
1.0365 1.014 1.0426 1.0318 1.036 1.0478 1.0299 1.0427 1.0192 1.0026 1.0187 1.049 1.0019 1.0313 1.0257 1.0362 1.0253 1.0089 1.0391 1.0178 1.0072 1.0094 1.0025 1.0274 1.042 
1.0289 1.0286 1.0027 1.0138 1.0222 1.0051 1.0156 1.0055 1.0112 1.0425 1.0455 1.0372 1.0453 1.0043 1.0498 1.002 1.0272 1.0027 1.0275 1.008 1.0191 1.0003 1.012 1.0423 1.0448 
1.0063 1.0479 1.015 1.0275 1.0169 1.0425 1.0081 1.0409 1.0401 1.0253 1.023 1.0148 1.0163 1.0187 1.0229 1.0055 1.0189 1.0217 1.0482 1.0219 1.0269 1.0199 1.0035 1.0049 1.0459 
1.0402 1.0249 1.0462 1.0134 1.0354 1.0172 1.0433 1.0325 1.0108 1.0309 1.0276 1.0271 1.0149 1.0496 1.0178 1.0124 1.0145 1.009 1.0235 1.0254 1.0154 1.0165 1.0224 1.0035 1.0081 
1.0453 1.0372 1.0345 1.0081 1.0113 1.0423 1.0373 1.0245 1.037 1.0395 1.0377 1.0108 1.0135 1.0072 1.0175 1.0027 1.0326 1.0156 1.0343 1.0407 1.021 1.0047 1.0449 1.0176 1.019 
1.0063 1.001 1.0429 1.008 1.0223 1.0377 1.0257 1.0109 1.0437 1.0355 1.0013 1.0269 1.0074 1.0067 1.041 1.0274 1.0381 1.0408 1.001 1.0046 1.0046 1.0215 1.0466 1.0268 1.0172 
1.0345 1.0279 1.0174 1.0084 1.0437 1.009 1.0257 1.0141 1.0366 1.0164 1.0068 1.0201 1.0464 1.0461 1.0264 1.0133 1.0403 1.0019 1.0427 1.0152 1.04 1.0011 1.0086 1.0044 1.0119 
1.0076 1.0121 1.047 1.0072 1.0359 1.0228 1.0471 1.0186 1.0465 1.0285 1.0366 1.048 1.0366 1.0043 1.0404 1.0438 1.047 1.0129 1.0349 1.0376 1.0111 1.0019 1.0073 1.047 1.0207 
1.0385 1.0427 1.0064 1.0162 1.0417 1.04 1.0118 1.0173 1.0145 1.0112 1.001 1.014 1.0322 1.0165 1.0256 1.0249 1.0043 1.0048 1.0339 1.0222 1.0057 1.0216 1.029 1.0241 1.0135 
1.044 1.0258 1.0161 1.0236 1.01 1.0054 1.0072 1.0112 1.0442 1.0082 1.0448 1.0208 1.0394 1.0229 1.0022 1.0114 1.0249 1.0125 1.0017 1.0421 1.0294 1.036 1.007 1.0355 1.0063 
1.0336 1.0144 1.0099 1.0137 1.0238 1.0291 1.0169 1.0288 1.0388 1.0037 1.0335 1.0218 1.0104 1 1.0223 1.0322 1.0348 1.0188 1.0119 1.0433 1.0224 1 1.0127 1.0468 1.0077 
1.04 1.0189 1.0327 1.0091 1.0454 1.0037 1.0457 1.036 1.0321 1.0492 1.0388 1.0046 1.0021 1.0115 1.0487 1.0111 1.0165 1.0456 1.0091 1.0017 1.0421 1.0468 1.0198 1.0281 1.0476 
1.0101 1.0318 1.0091 1.01 1.0461 1.0401 1.0358 1.02 1.0315 1.0123 1.0415 1.0347 1.0278 1.002 1.0168 1.0445 1.0353 1.0116 1.0159 1.0487 1.0374 1.0477 1.0068 1.021 1.0066 
1.0312 1.0135 1.046 1.0007 1.005 1.0205 1.037 1.0166 1.0312 1.0034 1.0369 1.0495 1.026 1.0328 1.01 1.0475 1.031 1.0322 1.0246 1.021 1.0388 1.0115 1.0212 1.0249 1.0433 
1.0039 1.0328 1.0378 1.0472 1.0034 1.0339 1.0389 1.0204 1.0324 1.0325 1.0409 1.017 1.0205 1.0203 1.0047 1.0339 1.0206 1.0042 1.009 1.0302 1.0411 1.0253 1.044 1.0337 1.0246 
1.0034 1.0336 1.0203 1.0084 1.0053 1.0381 1.0076 1.0295 1.0306 1.0038 1.027 1.0384 1.0422 1.0138 1.0447 1.009 1.0343 1.0114 1.0091 1.0035 1.0007 1.0268 1.0483 1.0205 1.0438 
1.0174 1.0326 1.0363 1.0279 1.0435 1.0419 1.0073 1.0021 1.0033 1.0227 1.0097 1.0406 1.0365 1.0244 1.0288 1.0067 1.0407 1.0442 1.0256 1.0133 1.0085 1.0221 1.0463 1.0196 1.0469 
1.0228 1.0212 1.0318 1.0144 1.0293 1.0152 1.0266 1.0118 1.0444 1.0308 1.0337 1.0244 1.0164 1.0402 1.0293 1.0121 1.0227 1.0237 1.0173 1.0144 1.0066 1.0324 1.0112 1.0372 1.0373 
1.0189 1.0081 1.0025 1.0331 1.0114 1.0218 1.0498 1.0006 1.0388 1.0211 1.048 1.0476 1.008 1.0318 1.0166 1.0081 1.0399 1.0289 1.0406 1.0341 1.0316 1.0363 1.0059 1.0284 1.0188 
1.0263 1.0454 1.0364 1.0197 1.0293 1.0302 1.0026 1.0287 1.0414 1.0011 1.0277 1.0235 1.0062 1.0063 1.0391 1.0012 1.0428 1.014 1.0204 1.0468 1.0274 1.0472 1.0436 1.019 1.0033 
1.0021 1.0448 1.0313 1.0327 1.0179 1.0057 1.0466 1.032 1.0021 1.0356 1.0377 1.0118 1.0168 1.0141 1.0486 1.048 1.0386 1.0021 1.0197 1.0304 1.0001 1.0469 1.0166 1.0015 1.0242 
1.0274 1.0315 1.0434 1.0361 1.0326 1.0267 1.0402 1.0142 1.0112 1.0408 1.0437 1.049 1.0214 1.0418 1.0259 1.009 1.0453 1.0054 1.0178 1.0083 1.0003 1.0054 1.0398 1.0251 1.0153 
1.009 1.0336 1.0491 1.0064 1.0464 1.0489 1.0433 1.0445 1.0267 1.0449 1.0036 1.0037 1.008 1.0268 1.0417 1.0186 1.0261 1.0029 1.0372 1.0039 1.0459 1.0198 1.0204 1.0264 1.0399 
1.0187 1.0335 1.0242 1.0127 1.0258 1.0497 1.0492 1.0485 1.0437 1.0115 1.0078 1.0152 1.0334 1.0111 1.0405 1.0219 1.036 1.0066 1.0243 1.0147 1.0239 1.0481 1.042 1.032 1.0326 
1.0148 1.0325 1.0134 1.0023 1.0156 1.0056 1.0264 1.0243 1.0351 1.0037 1.0137 1.0418 1.0005 1.0251 1.0366 1.0277 1.0133 1.0229 1.0276 1.0305 1.0237 1.0002 1.0014 1.0327 1.047 
1.0355 1.035 1.0391 1.0263 1.0489 1.0177 1.0406 1.0479 1.0175 1.002 1.0359 1.0269 1.0257 1.0216 1.0299 1.02 1.0069 1.0116 1.0475 1.0483 1.0068 1.0238 1.0338 1.0446 1.0277 
1.0014 1.0164 1.0026 1.0317 1.0482 1.0326 1.0402 1.0402 1.0407 1.0303 1.0178 1.0034 1.0408 1.0463 1.0468 1.0006 1.0097 1.0298 1.0421 1.0296 1.0077 1.0426 1.0357 1.0372 1.0428 
1.0225 1.0358 1.005 1.0247 1.0029 1.0058 1.0024 1.0308 1.0369 1.0219 1.0285 1.013 1.0257 1.039 1.0151 1.0061 1.0328 1.0203 1.0353 1.0342 1.0313 1.0092 1.0044 1.0105 1.0471 
1.048 1.0456 1.0078 1.005 1.0439 1.0289 1.0038 1.0271 1.0351 1.0458 1.033 1.011 1.0452 1.0124 1.0269 1.0153 1.0311 1.0343 1.0414 1.0371 1.0139 1.0218 1.0228 1.025 1.007 
1.0408 1.0181 1.0394 1.0271 1.0064 1.0189 1.0444 1.0072 1.0485 1.0167 1.0017 1.0469 1.044 1.024 1.0419 1.0241 1.0218 1.0067 1.0156 1.0181 1.0468 1.0037 1.0484 1.0091 1.0282 
1.031 1.0041 1.0493 1.0264 1.0083 1.0393 1.0302 1.0123 1.0418 1.0261 1.026 1.0379 1.0019 1.0087 1.0146 1.0059 1.0044 1.0457 1.0112 1.0026 1.0163 1.0207 1.0261 1.0485 1.0291 
1.0204 1.024 1.0065 1.0352 1.0334 1.0138 1.0394 1.0207 1.0224 1.0203 1.026 1.044 1.0049 1.0411 1.0081 1.0458 1.0053 1.0259 1.0155 1.0404 1.0205 1.0376 1.0015 1.0322 1.0188 
1.0172 1.0254 1.0268 1.0448 1.0238 1.0271 1.028 1.0303 1.0266 1.0198 1.0286 1.0142 1.0253 1.0363 1.0207 1.0297 1.0126 1.0454 1.0174 1.0013 1.0471 1.0294 1.0455 1.0103 1.0342 
1.0063 1.0217 1.0142 1.0494 1.0152 1.0327 1.0346 1.0128 1.0216 1.0345 1.019 1.0221 1.0089 1.0496 1.0459 1.0303 1.0195 1.0279 1.0353 1.0064 1.0302 1.0399 1.0459 1.0329 1.0442 
1.0262 1.0354 1.0039 1.047 1.0479 1.0023 1.0486 1.0087 1.0393 1.0442 1.0488 1.043 1.0408 1.0225 1.0332 1.0477 1.0288 1.0448 1.0318 1.011 1.0185 1.0229 1.0498 1.0464 1.0299 
1.0148 1.0454 1.0018 1.0319 1.0293 1.0485 1.0097 1.001 1.0304 1.0006 1.0477 1.0116 1.0349 1.035 1.0023 1.0003 1.042 1.0369 1.0238 1.0289 1.0199 1.0045 1.0448 1.0052 1.0244 
1.0124 1.013 1.0473 1.0092 1.0211 1.019 1.0218 1.0477 1.0296 1.0247 1.0184 1.0002 1.0442 1.0334 1.0023 1.0403 1.0209 1.0112 1.01 1.0468 1.0424 1.0248 1.0149 1.013 1.0173 
1.0391 1.0483 1.0302 1.0435 1.0353 1.046 1.01 1.0295 1.0214 1.0002 1.0114 1.0407 1.0404 1.0169 1.0224 1.0289 1.0154 1.0496 1.0411 1.0419 1.0418 1.0077 1.0159 1.0087 1.0135 
1.045 1.0122 1.0412 1.0146 1.0066 1.0126 1.0229 1.0133 1.0144 1.0148 1.0042 1.0193 1.017 1.0277 1.0477 1.0049 1.033 1.0209 1.0226 1.0378 1.0186 1.0083 1.039 1.0062 1.0137 
1.0196 1.0312 1.0119 1.044 1.0084 1.0026 1.0464 1.0061 1.0205 1.0123 1.0447 1.0286 1.0165 1.0121 1.0405 1.0182 1.0474 1.0348 1.0046 1.0133 1.0039 1.0371 1.0019 1.0032 1.045 
1.0411 1.0269 1.037 1.0212 1.0042 1.0491 1.0237 1.0421 1.0391 1.0059 1.0017 1.0425 1.0242 1.0413 1.0119 1.043 1.004 1.0161 1.0209 1.0042 1.0188 1.0074 1.0452 1.0403 1.0444 
1.0039 1.0169 1.035 1.0172 1.0436 1.0364 1.0261 1.0419 1.0472 1.0118 1.024 1.0018 1.0158 1.0146 1.0002 1.0329 1.0098 1.0078 1.0167 1.0208 1.0293 1.0219 1.0164 1.0289 1.0107 
1.0067 1.0255 1.0331 1.0168 1.0025 1.0145 1.0092 1.0105 1.043 1.0213 1.013 1.0273 1.0262 1.0186 1.0042 1.0195 1.0228 1.0299 1.0078 1.0438 1.0427 1.0474 1.0213 1.0246 1.0389 
1.0298 1.042 1.0041 1.0173 1.0129 1.0131 1.0418 1.0156 1.0338 1.0205 1.0144 1.0459 1.033 1.016 1.0458 1.0168 1.0102 1.0485 1.0465 1.0182 1.0352 1.0283 1.0263 1.0298 1.0293 
1.0005 1.0367 1.0055 1.0226 1.0264 1.0221 1.0384 1.0274 1.0129 1.0288 1.0277 1.0164 1.024 1.0001 1.014 1.0029 1.0223 1.0421 1.0453 1.0371 1.0498 1.0389 1.0199 1.0491 1.027 
1.0377 1.0492 1.0312 1.0482 1.0471 1.0254 1.0326 1.0376 1.0214 1.0296 1.0302 1.0117 1.0087 1.0297 1.0322 1.038 1.0362 1.0275 1.046 1.0428 1.038 1.0211 1.0334 1.0356 1.0079 
1.0227 1.014 1.0019 1.0003 1.0171 1.0325 1.0041 1.0496 1.0044 1.0203 1.0156 1.0463 1.0358 1.0041 1.029 1.0138 1.0289 1.033 1.0042 1.0254 1.0227 1.014 1.0008 1.0251 1.0359 
1.0134 1.0147 1.0051 1.0465 1.0497 1.0333 1.0359 1.0448 1.0325 1.0317 1.0446 1.0332 1.032 1.0109 1.0078 1.0406 1.0011 1.0229 1.0428 1.0005 1.0015 1.0336 1.0459 1.0462 1.0058 
1.0183 1.0108 1.0034 1.0194 1.0338 1.0372 1.0206 1.0082 1.0292 1.0395 1.0062 1.0464 1.0138 1.0463 1.0234 1.0233 1.016 1.018 1.0263 1.0427 1.0346 1.0235 1.0362 1.038 1.0032 
1.0133 1.0119 1.0364 1.0161 1.0497 1.0423 1.0121 1.0397 1.0148 1.0017 1.0421 1.0218 1.0336 1.0206 1.0123 1.0363 1.0299 1.0459 1.0486 1.0314 1.049 1.0184 1.0026 1.042 1.0441 
1.0142 1.0336 1.0382 1.0276 1.0109 1.004 1.0002 1.0122 1.0223 1.0172 1.0438 1.0197 1.0192 1.0008 1.0376 1.0419 1.0238 1.0261 1.0055 1.0184 1.0164 1.0199 1.0269 1.0231 1.0014 
1.0014 1.0126 1.0265 1.0079 1.0054 1.0412 1.0043 1.0447 1.0469 1.033 1.024 1.0361 1.0105 1.025 1.0252 1.0211 1.0295 1.0094 1.0162 1.0345 1.0328 1.0487 1.0472 1.0124 1.0121 
1.0245 1.0114 1.0137 1.0332 1.0326 1.0168 1.0117 1.0005 1.0433 1.0242 1.0181 1.0182 1.0056 1.0116 1.0056 1.0487 1.0137 1.0255 1.0284 1.0312 1.0029 1.0421 1.0002 1.0289 1.0082 
1.0265 1.0102 1.0306 1.0275 1.0243 1.0435 1.0183 1.0478 1.0024 1.0163 1.0203 1.0221 1.0201 1.0022 1.0151 1.0048 1.0336 1.0203 1.0466 1.0449 1.0064 1.0343 1.009 1.0233 1.0218 
1.022 1.0249 1.0034 1.0112 1.042 1.0481 1.0378 1.0196 1.04 1.0025 1.0351 1.014 1.0495 1.0093 1.0195 1.0238 1.0428 1.0076 1.0087 1.043 1.0319 1.0416 1.011 1.0123 1.0341 
1.0045 1.0327 1.0137 1.035 1.0141 1.0074 1.0148 1.0499 1.0356 1.003 1.0078 1.0086 1.0436 1.0249 1.0186 1.0425 1.0184 1.0076 1.0456 1.0496 1.004 1.0135 1.0006 1.0134 1.0103 
1.0159 1.0304 1.039 1.0463 1.0248 1.0144 1.0472 1.0449 1.0333 1.0097 1.0187 1.0314 1.0177 1.0261 1.0163 1.0497 1.0493 1.0157 1.0182 1.0186 1.0452 1.0048 1.0278 1.0138 1.0378 
1.0222 1.0195 1.0376 1.0288 1.0278 1.0399 1.0287 1.035 1.0278 1.0293 1.0461 1.0113 1.0062 1.0454 1.0324 1.0252 1.0284 1.0489 1.0015 1.0046 1.0202 1.0474 1.0083 1.0002 1.0228 
1.0029 1.0303 1.0302 1.0332 1.0276 1.006 1.0396 1.0319 1.0446 1.0029 1.0206 1.0125 1.0357 1.0254 1.0479 1.0388 1.0075 1.0083 1.0418 1.0273 1.0097 1.0135 1.0239 1.008 1.0063 
1.0085 1.0208 1.031 1.0103 1.0452 1.0082 1.0483 1.0011 1.0058 1.0372 1.0245 1.0253 1.001 1.0106 1.0133 1.0438 1.009 1.0162 1.0388 1.029 1.0246 1.0203 1.0215 1.0188 1.0003 
1.0363 1.0334 1.0155 1.0038 1.0163 1.0451 1.0247 1.044 1.0484 1.0085 1.0241 1.0254 1.0128 1.0391 1.0077 1.0497 1.0025 1.0191 1.0423 1.0168 1.0162 1.017 1.0192 1.0461 1.0219 
1.0494 1.0497 1.0164 1.0158 1.0417 1.0148 1.0097 1.0439 1.046 1.0138 1.0237 1.0459 1.0368 1.0244 1.0428 1.0449 1.0224 1.003 1.0066 1.0445 1.0267 1.0309 1.013 1.0346 1.0003 
1.0285 1.0334 1.0157 1.021 1.0326 1.0472 1.0271 1.0371 1.0226 1.0188 1.0315 1.0433 1.0267 1.0283 1.0127 1.0331 1.0232 1.0359 1.0312 1.0152 1.0322 1.0401 1.0472 1.0313 1.0057 
1.0047 1.0208 1.0435 1.0089 1.0474 1.0015 1.0171 1.0482 1.0159 1.049 1.0039 1.0258 1.0264 1.0123 1.034 1.0137 1.0189 1.009 1.0276 1.0261 1.0175 1.0002 1.0056 1.0343 1.035 
1.0206 1.0166 1.0081 1.0482 1.0177 1.0175 1.0358 1.0211 1.027 1.0336 1.0127 1.0281 1.0163 1.0386 1.0412 1.0184 1.0302 1.0331 1.0038 1.0176 1.0217 1.0147 1.0142 1.0125 1.0273 
1.0472 1.0142 1.0162 1.0325 1.0366 1.0322 1.0076 1.0068 1.005 1.0221 1.0264 1.0479 1.0019 1.0453 1.0224 1.0123 1.0381 1.0273 1.0306 1.0018 1.0261 1.0186 1.0301 1.0076 1.0034 
1.0016 1.0054 1.0213 1.0007 1.0137 1.0338 1.029 1.016 1.0022 1.0369 1.0452 1.0493 1.0273 1.049 1.0235 1.006 1.0311 1.0075 1.0282 1.0255 1.031 1.0071 1.0166 1.0134 1.0134 
1.0043 1.003 1.0074 1.0328 1.0022 1.0466 1.0102 1.0175 1.0208 1.0027 1.0289 1.043 1.0025 1.0013 1.0488 1.0077 1.0385 1.0494 1.033 1.0212 1.0127 1.0182 1.0425 1.0177 1.0479 
1.0051 1.0218 1.0382 1.0428 1.044 1.0132 1.0221 1.045 1.0436 1.0064 1.015 1.0479 1.0268 1.0377 1.0258 1.0224 1.0133 1.0259 1.0081 1.0002 1.0151 1.0185 1.0083 1.0345 1.0283 
1.0159 1.0407 1.0217 1.0258 1.0256 1.0284 1.0079 1.0006 1.0404 1.0299 1.0019 1.0124 1.049 1.0344 1.0296 1.0235 1.0132 1.0108 1.0423 1.0151 1.0438 1.0415 1.042 1.0034 1.018 
1.0063 1.0437 1.0355 1.029 1.0185 1.0311 1.0248 1.0499 1.0074 1.0302 1.0254 1.0173 1.0428 1.0413 1.0158 1.0042 1.0178 1.0456 1.0306 1.0404 1.041 1.0013 1.0249 1.0373 1.0142 
1.0459 1.0495 1.0446 1.0357 1.012 1.0216 1.0208 1.0366 1.0153 1.015 1.0352 1.0053 1.0157 1.0305 1.0023 1.0341 1.0316 1.0335 1.0109 1.0006 1.0055 1.0276 1.0483 1.0083 1.0238 
1.0484 1.0346 1.0159 1.0072 1.0486 1.0275 1.0408 1.0312 1.0015 1.014 1.0128 1.035 1.046 1.016 1.0395 1.0291 1.0236 1.0265 1.0229 1.0185 1.0161 1.0301 1.0392 1.0273 1.0305 
1.0307 1.0208 1.0282 1.0383 1.0044 1.0295 1.0218 1.0024 1.0101 1.0199 1.0183 1.0319 1.0022 1.001 1.0359 1.0372 1 1.0104 1.0172 1.0337 1.0315 1.0307 1.0415 1.0452 1.0471 
1.0351 1.024 1.0013 1.04 1.0287 1.0345 1.0375 1.0055 1.0328 1.041 1.0064 1.0431 1.004 1.01 1.047 1.0032 1.0398 1.002 1.034 1.0263 1.0036 1.0067 1.0329 1.0122 1.0261 
1.012 1.0175 1.0381 1.04 1.0405 1.0011 1.0454 1.0357 1.0133 1.0116 1.0244 1.0106 1.0058 1.0165 1.049 1.0025 1.0187 1.0427 1.0318 1.0032 1.0476 1.0239 1.0244 1.0028 1.0032 
1.0432 1.0037 1.0023 1.0483 1.0095 1.0147 1.0371 1.046 1.0096 1.0459 1.0032 1.0297 1.0032 1.0044 1.0281 1.0414 1.0251 1.0026 1.0074 1.0322 1.0436 1.0219 1.0254 1.0168 1.0299 
1.0072 1.0198 1.029 1.0423 1.0224 1.0193 1.0403 1.0236 1.008 1.0453 1.0078 1.025 1.049 1.011 1.0465 1.0438 1.038 1.0202 1.0211 1.008 1.0315 1.0029 1.0365 1.0418 1.0257 
1.0469 1.0367 1.0088 1.0234 1.0073 1.011 1.0105 1.0186 1.0377 1.0141 1.0253 1.0468 1.0294 1.0053 1.0183 1.0057 1.0295 1.0177 1.0013 1.038 1.0451 1.041 1.0369 1.0368 1.0125 
1.0154 1.0054 1.0418 1.0068 1.0311 1.0212 1.0485 1.0181 1.0075 1.0196 1.0036 1.0137 1.0005 1.022 1.0115 1.0163 1.0178 1.0102 1.0016 1.0329 1.0138 1.0462 1.0023 1.0198 1.0456 
1.028 1.0123 1.0428 1.0041 1.0314 1.0344 1.0003 1.0255 1.0031 1.0086 1.0162 1.0276 1.0449 1.0115 1.0384 1.0451 1.0209 1.0204 1.0166 1.0385 1.0117 1.0243 1.0363 1.0473 1.0481 
1.0257 1.0167 1.0317 1.032 1.0302 1.0293 1.0479 1.032 1.0073 1.0214 1.0104 1.0221 1.0155 1.0215 1.0262 1.0495 1.0326 1.0479 1.002 1.0239 1.0014 1.0436 1.0118 1.0483 1.0094 
1.0212 1.0214 1.0487 1.0383 1.0233 1.0218 1.0079 1.0354 1.0241 1.0219 1.0494 1.0039 1.0195 1.0162 1.0077 1.0358 1.0278 1.0084 1.0061 1.0077 1.0161 1.0007 1.0069 1.0226 1.0251 
1.0075 1.0479 1.0478 1.014 1.0018 1.0245 1.041 1.0195 1.0228 1.0315 1.0274 1.0209 1.0421 1.0455 1.0015 1.0277 1.0012 1.0244 1.0413 1.0434 1.0272 1.0366 1.0452 1.0186 1.0469 
1.033 1.0314 1.0385 1.0478 1.0018 1.0382 1.0006 1.0208 1.0328 1.0464 1.0051 1.0281 1.0435 1.0365 1.0099 1.0434 1.0108 1.0084 1.0015 1.0246 1.0078 1.0297 1.0177 1.0296 1.0121 
1.0192 1.0021 1.0234 1.0412 1.0109 1.0108 1.0483 1.0282 1.0499 1.0183 1.0246 1.0013 1.0239 1.0408 1.0156 1.0196 1.0123 1.0139 1.0088 1.033 1.0018 1.0472 1.0273 1.0131 1.0177 
1.0251 1.0476 1.0092 1.0263 1.0099 1.0479 1.0433 1.0377 1.0183 1.0324 1.0347 1.0161 1.0007 1.0086 1.0226 1.0191 1.0031 1.004 1.0099 1.0284 1.0185 1.0427 1.0055 1.0035 1.0123 
1.0311 1.0382 1.0438 1.0266 1.0457 1.0208 1.031 1.0269 1.048 1.0476 1.0289 1.0073 1.0168 1.0282 1.0163 1.0098 1.0402 1.0442 1.0446 1.025 1.0241 1.0465 1.0147 1.0389 1.0172 
1.0031 1.0318 1.0397 1.0497 1.0366 1.0209 1.0403 1.0102 1.045 1.0039 1.0193 1.047 1.015 1.0202 1.0405 1.005 1.0422 1.01 1.0458 1.044 1.0253 1.0102 1.0157 1.0252 1.0109 
1.0422 1.0467 1.0149 1.0357 1.0049 1.0433 1.0074 1.0402 1.0415 1.0204 1.0346 1.0148 1.0079 1.0363 1.0305 1.0267 1.0015 1.0101 1.046 1.033 1.0002 1.0407 1.0026 1.0227 1.0426 
1.0446 1.0447 1.0033 1.0014 1.0236 1.0241 1.0169 1.0052 1.0421 1.0246 1.0482 1.0208 1.0288 1.0334 1.0212 1.0234 1.0099 1.0457 1.0411 1.0011 1.0335 1.0079 1.0473 1.0138 1.0135 
1.0418 1.0339 1.0016 1.0276 1.0171 1.0131 1.0314 1.0329 1.0237 1.0488 1.0076 1.0123 1.009 1.0118 1.0381 1.044 1.0472 1.0481 1.0197 1.0292 1.0087 1.0404 1.024 1.0136 1.0284 
1.0184 1.0065 1.0099 1.0241 1.0115 1.0455 1.0073 1.0233 1.033 1.0482 1.019 1.0335 1.0442 1.0117 1.023 1.0166 1.0314 1.0427 1.0127 1.0444 1.0019 1.0228 1.0452 1.0003 1.0286 
1.0486 1.0466 1.0163 1.0258 1.0411 1.0009 1.0281 1.033 1.046 1.0455 1.0459 1.0381 1.0326 1.0493 1.0333 1.0246 1.01 1.0046 1.0252 1.0214 1.0273 1.0339 1.0057 1.0232 1.0404 
1.0198 1.0224 1.0185 1.0493 1.0217 1.025 1.0316 1.0434 1.0119 1.0204 1.0267 1.0106 1.0436 1.0409 1.0158 1.0344 1.0079 1.0253 1.0368 1.0191 1.0301 1.015 1.0252 1.0228 1.0225 
1.0011 1.011 1.0225 1.0444 1.0472 1.045 1.0001 1.0309 1.0317 1.0263 1.0388 1.0059 1.013 1.0016 1.0133 1.0165 1.0243 1.0491 1.0157 1.0275 1.0095 1.0043 1.0061 1.0168 1.0263 
1.0312 1.0499 1.0043 1.0352 1.034 1.0388 1.0285 1.0052 1.0392 1.0498 1.0431 1.0473 1.0003 1.0376 1.0112 1.0422 1.0042 1.0402 1.0402 1.0063 1.0121 1.0068 1.0346 1.0163 1.0469 
1.0244 1.0408 1.0273 1.0379 1.0384 1.0364 1.0284 1.0088 1.0312 1.0289 1.0038 1.0489 1.0064 1.004 1.0238 1.0036 1.0158 1.0485 1.0129 1.0379 1.0381 1.0244 1.009 1.0022 1.037 
1.0038 1.0401 1.0124 1.0454 1.0241 1.0238 1.0078 1.036 1.0125 1.0109 1.0086 1.0244 1.026 1.0429 1.0481 1.0205 1.0481 1.0154 1.0203 1.013 1.0213 1.0251 1.016 1.0355 1.0194 
1.0475 1.0396 1.033 1.0251 1.0298 1.027 1.0369 1.0055 1.0072 1.0076 1.0363 1.0253 1.009 1.0406 1.0273 1.0241 1.0044 1.0341 1.0037 1.0165 1.0466 1.0182 1.0059 1.0122 1.0306 
1.0279 1.0428 1.0011 1.0157 1.0249 1.0281 1.0174 1.0053 1.0392 1.0165 1.0203 1.0338 1.0334 1.0321 1.0142 1.0435 1.025 1.0367 1.0164 1.0232 1.0376 1.0061 1.0208 1.0218 1.0112 
1.0284 1.0369 1.0015 1.0024 1.0072 1.0352 1.0107 1.0269 1.0457 1.0128 1.0377 1.0202 1.0135 1.0374 1.0137 1.0195 1.029 1.0346 1.039 1.0331 1.0464 1.0049 1.0356 1.0478 1.0431 
1.0273 1.0492 1.0088 1.0386 1.0006 1.0043 1.0122 1.0004 1.0346 1.028 1.0478 1.0251 1.0071 1.0208 1.0017 1.0414 1.0167 1.0451 1.032 1.0001 1.0376 1.0241 1.0194 1.0035 1.0146 
1.0254 1.0357 1.0078 1.0166 1.0469 1.0347 1.0446 1.0292 1.0122 1.0051 1.0451 1.0251 1.0399 1.0388 1.0341 1.0283 1.0156 1.0157 1.0381 1.0315 1.0195 1.0389 1.0386 1.0252 1.0307 
1.005 1.0203 1.0062 1.0146 1.0264 1.0126 1.0282 1.0081 1.0075 1.0217 1.0407 1.0379 1.0005 1.0001 1.0453 1.0226 1.0145 1.0237 1.0391 1.0437 1.0449 1.0136 1.0083 1.0089 1.0385 
1.0093 1.0452 1.0422 1.0244 1.0461 1.0151 1.0456 1.0474 1.0146 1.041 1.0107 1.0342 1.0287 1.0381 1.0144 1.0094 1.0055 1.0326 1.0426 1.0054 1.0343 1.0364 1.0259 1.0425 1.0302 
1.017 1.0278 1.0102 1.0192 1.0136 1.0177 1.0285 1.0295 1.045 1.025 1.0496 1.0083 1.0384 1.0336 1.012 1.0313 1.0234 1.0111 1.0352 1.0096 1.0057 1.0371 1.0162 1.0236 1.0269 
1.0185 1.0455 1.0416 1.0189 1.0299 1.0088 1.0253 1.02 1.0278 1.0166 1.0169 1.0009 1.0105 1.0462 1.0439 1.0305 1.0007 1.0085 1.0161 1.0187 1.0161 1.0085 1.0196 1.0177 1.0417 
1.0009 1.0367 1.0333 1.0238 1.0202 1.0054 1.0222 1.0274 1.0359 1.036 1.0468 1.004 1.0469 1.0271 1.0193 1.0065 1.0254 1.0495 1.0486 1.0212 1.0391 1.0058 1.0149 1.0257 1.0441 
1.0298 1.0244 1.0108 1.0445 1.0099 1.0214 1.0487 1.0322 1.0071 1.0021 1.0413 1.0242 1.0279 1.0428 1.0239 1.024 1.044 1.0029 1.0066 1.0045 1.0318 1.0389 1.0003 1.0234 1.0187 
1.0067 1.0192 1.0153 1.0495 1.0447 1.0336 1.0049 1.0223 1.0188 1.0401 1.0111 1.0175 1.0191 1.0051 1.0286 1.0109 1.0077 1.0111 1.0219 1.0026 1.0035 1.0401 1.033 1.0419 1.0113 
1.0047 1.0468 1.0165 1.0201 1.0155 1.0265 1.0028 1.0468 1.0355 1.0307 1.0102 1.0493 1.0315 1.0155 1.0162 1.0401 1.0419 1.044 1.0083 1.0015 1.0346 1.019 1.004 1.0173 1.0206 
1.0477 1.0188 1.0487 1.0084 1.0154 1.0186 1.0406 1.0038 1.0029 1.0396 1.0031 1.0395 1.0264 1.0159 1.0353 1.0099 1.0018 1.008 1.0148 1.0235 1.0027 1.0238 1.0412 1.0396 1.0159 
1.0064 1.039 1.0307 1.0078 1.0424 1.0001 1.0188 1.0267 1.0004 1.0096 1.0079 1.0492 1.0323 1.0117 1.0214 1.0392 1.0408 1.0189 1.0025 1.0402 1.0219 1.0102 1.0474 1.0321 1.044 
1.0141 1.014 1.0225 1.0228 1.0038 1.0414 1.0137 1.0401 1.0192 1.0412 1.0321 1.0409 1.0165 1.0402 1.0214 1.0222 1.0238 1.0184 1.0379 1.0112 1.0099 1.0104 1.0399 1.0104 1.0045 
1.0389 1.0448 1.0436 1.0311 1.0152 1.0198 1.0434 1.0262 1.0078 1.0296 1.0378 1.0005 1.0214 1.0186 1.0422 1.0057 1.0067 1.0475 1.0144 1.0218 1.0311 1.0385 1.0438 1.0389 1.0429 
1.0412 1.0493 1.0222 1.0356 1.0295 1.0004 1.0073 1.0301 1.0353 1.0074 1.0293 1.0159 1.0266 1.0199 1.0405 1.0333 1.0348 1.0091 1.0259 1.012 1.0221 1.0303 1.0489 1.0489 1.0462 
1.04 1.0462 1.0001 1.0185 1.0257 1.0089 1.0351 1.021 1.0332 1.004 1.0238 1.0203 1.0405 1.0271 1.004 1.0398 1.0486 1.0306 1.0369 1.0019 1.0146 1.0025 1.0192 1.0478 1.0235 
1.0458 1.0343 1.0334 1.0461 1.0092 1.0362 1.0151 1.0449 1.0382 1.0442 1.0462 1.0362 1.0478 1.0454 1.0382 1.0463 1.0052 1.0137 1.038 1.0414 1.0313 1.0193 1.035 1.0023 1.0328 
1.0048 1.0393 1.0195 1.0446 1.0377 1.0342 1.0302 1.048 1.0449 1.0222 1.0159 1.0499 1.007 1.0245 1.042 1.0179 1.0423 1.0203 1.0018 1.0028 1.0014 1.0059 1.0109 1.0241 1.0331 
1.0033 1.0415 1.013 1.0281 1.0075 1.0161 1.0281 1.031 1.0427 1.0151 1.0287 1.045 1.0351 1.0017 1.0416 1.012 1.0293 1.0474 1.0012 1.0304 1.0161 1.0404 1.0035 1.0388 1.0036 
1.0496 1.0312 1.0274 1.0202 1.0191 1.0309 1.0142 1.0468 1.014 1.0058 1.0096 1.035 1.0073 1.0343 1.0196 1.007 1.0057 1.0306 1.0372 1.0442 1.0496 1.0038 1.0429 1.029 1.0256 
1.0196 1.0226 1.015 1.0189 1.0084 1.0133 1.023 1.038 1.0232 1.0251 1.0491 1.0288 1.0403 1.0355 1.0169 1.0098 1.0193 1.0166 1.0321 1.0162 1.01 1.0257 1.0446 1.0305 1.0054 
1.041 1.0306 1.0049 1.0138 1.0264 1.017 1.0439 1.0252 1.0462 1.0214 1.0456 1.0405 1.0342 1.0229 1.0102 1.0489 1.0162 1.0397 1.0444 1.0387 1.0302 1.0261 1.0377 1.0303 1.0255 
1.0352 1.042 1.0126 1.0007 1.005 1.0063 1.0183 1.0034 1.0196 1.0186 1.0151 1.0437 1.0493 1.0231 1.0442 1.0413 1.0345 1.0348 1.0293 1.005 1.0116 1.0103 1.0188 1.0261 1.0149 
1.0364 1.0305 1.0202 1.024 1.0071 1.0416 1.0362 1.0098 1.034 1.0208 1.004 1.0286 1.0312 1.0445 1.0482 1.0351 1.0306 1.0267 1.0111 1.0457 1.015 1.0096 1.0447 1.0096 1.0169 
1.0262 1.0414 1.0348 1.0134 1.046 1.0004 1.0302 1.041 1.0221 1.0397 1.0045 1.0394 1.0428 1.026 1.0008 1.0073 1.0081 1.0305 1.0431 1.0111 1.012 1.0463 1.0072 1.0006 1.0122 
1.0035 1.0209 1.0298 1.0176 1.0203 1.0275 1.0152 1.0039 1.0442 1.0057 1.0027 1.0304 1.0353 1.0365 1.0181 1.0111 1.0113 1.0257 1.0065 1.0335 1.0421 1.0018 1.0431 1.0199 1.0138 
1.0473 1.0029 1.016 1.0189 1.0147 1.0344 1.0298 1.0382 1.0495 1.0319 1.0444 1.0291 1.0249 1.0455 1.03 1.0262 1.0014 1.0158 1.0054 1.027 1.0405 1.0394 1.0435 1.0395 1.006 
1.0116 1.0197 1.0357 1.0123 1.0422 1.0229 1.0495 1.0235 1.0213 1.0046 1.0376 1.0387 1.0239 1.0132 1.037 1.024 1.0399 1.0259 1.0321 1.0107 1.0205 1.0205 1.0426 1.0131 1.018 
1.0105 1.0224 1.0283 1.0235 1.0369 1.0211 1.008 1.016 1.0174 1.028 1.0039 1.0251 1.0287 1.0184 1.045 1.0391 1.0356 1.0208 1.0433 1.0372 1.014 1.0411 1.0007 1.0272 1.0081 
1.0142 1.0264 1.0415 1.0094 1.0265 1.0265 1.0325 1.022 1.0383 1.0078 1.0047 1.0269 1.0112 1.0356 1.0084 1.0491 1.0405 1.0079 1.0281 1.0473 1.0364 1.0026 1.0299 1.0003 1.0372 
1.0108 1.0285 1.0054 1.0467 1.0001 1.0249 1.0434 1.0106 1.0089 1.0299 1.0291 1.0269 1.0072 1.0135 1.0497 1.0187 1.0199 1.037 1.0244 1.0004 1.0258 1.0089 1.047 1.0221 1.0007 
1.0305 1.0067 1.012 1.0009 1.0254 1 1.0061 1.0101 1.0481 1.0287 1.042 1.0333 1.0187 1.0174 1.0033 1.0278 1.0228 1.03 1.0312 1.0223 1.0468 1.0059 1.008 1.0042 1.0173 
1.0312 1.0445 1.0371 1.0453 1.0037 1.0416 1.0414 1.031 1.0101 1.0352 1.009 1.0115 1.0421 1.0203 1.0051 1.0124 1.0037 1.0471 1.0292 1.0253 1.0257 1.0246 1.0318 1.0271 1.0145 
1.0123 1.0459 1.0187 1.0202 1.0205 1.0294 1.0351 1.0015 1.0348 1.0382 1.0234 1.0178 1.045 1.0149 1.0176 1.0252 1.008 1.0363 1.0322 1.0444 1.0194 1.0427 1.0343 1.015 1.0245 
1.0233 1.0159 1.0239 1.0074 1.0149 1.019 1.0494 1.0281 1.0195 1.0005 1.0018 1.048 1.0168 1.046 1.0071 1.0477 1.0424 1.0031 1.0483 1.0483 1.0047 1.0015 1.0482 1.048 1.0297 
1.0092 1.0343 1.0434 1.0417 1.0425 1.0184 1.0179 1.0493 1.0161 1.024 1.0081 1.0308 1.0411 1.0036 1.0488 1.0256 1.0176 1.0164 1.0323 1.0131 1.0021 1.0382 1.0252 1.0232 1.0293 
1.037 1.0483 1.0041 1.0332 1.0168 1.0043 1.0267 1.0184 1.046 1.0094 1.0036 1.0086 1.0453 1.0104 1.028 1.0364 1.0212 1.0335 1.0051 1.0018 1.0369 1.0098 1.007 1.0002 1.0162 
1.0355 1.0176 1.0445 1.0366 1.0408 1.0219 1.0475 1.0093 1.0117 1.0247 1.0058 1.0171 1.0418 1.0094 1.0474 1.0198 1.0316 1.0288 1.0471 1.018 1.0466 1.0441 1.0379 1.0207 1.0336 
1.0425 1.0057 1.031 1.0016 1.0276 1.0095 1.0369 1.0235 1.0354 1.0376 1.0357 1.0339 1.0436 1.0381 1.0235 1.029 1.0144 1.0357 1.0297 1.0373 1.0201 1.031 1.0365 1.0206 1.0471 
1.0383 1.0108 1.0335 1.0465 1.0398 1.0378 1.016 1.0271 1.0238 1.0196 1.0338 1.0118 1.0378 1.0473 1.0325 1.0438 1.0315 1.0438 1.0019 1.0076 1.0324 1.0212 1.041 1.0432 1.025 
1.0072 1.0492 1.0385 1.0157 1.0296 1.0181 1.0134 1.0358 1.0359 1.0397 1.0015 1.039 1.0403 1.0082 1.0185 1.0233 1.0006 1.0208 1.0249 1.0319 1.0495 1.0255 1.026 1.0261 1.0373 
1.0081 1.0239 1.0463 1.0076 1.0389 1.0069 1.0488 1.0234 1.0283 1.0421 1.0022 1.0197 1.0321 1.0356 1.0324 1.0108 1.0425 1.0128 1.017 1.0367 1.0115 1.0286 1.0336 1.0435 1.0194 
1.0461 1.043 1.0017 1.0394 1.0175 1.0106 1.0142 1.0009 1.0432 1.0002 1.0371 1.0374 1.0104 1.0215 1.0205 1.0337 1.0422 1.0458 1.0067 1.0245 1.0003 1.0138 1.0175 1.0346 1.0015 
1.0099 1.0151 1.0275 1.045 1.0309 1.0201 1.0215 1.0489 1.034 1.0029 1.0346 1.0028 1.017 1.0209 1.0138 1.0303 1.0421 1.0081 1.0483 1.0044 1.0308 1.0156 1.0136 1.014 1.0292 
1.0274 1.0078 1.0199 1.0351 1.0364 1.0442 1.0261 1.0043 1.0233 1.0314 1.0382 1.0339 1.0395 1.0276 1.0174 1.038 1.0009 1.0219 1.049 1.047 1.0486 1.0194 1.0374 1.0281 1.045 
1.0102 1.0451 1.0498 1.0207 1.001 1.027 1.0236 1.0019 1.0377 1.0093 1.0444 1.0427 1.0111 1.0358 1.0488 1.0427 1.0488 1.0238 1.0275 1.0396 1.0269 1.0496 1.0266 1.0111 1.032 
1.0222 1.0217 1.0065 1.0251 1.0106 1.0453 1.009 1.0356 1.0145 1.0285 1.0193 1.0412 1.0149 1.0474 1.01 1.0272 1.0393 1.0324 1.0368 1.0106 1.0437 1.0193 1.0376 1.0056 1.0233 
1.0196 1.0498 1.0242 1.011 1.049 1.0282 1.0267 1.0407 1.0248 1.0022 1.0006 1.007 1.0086 1.0445 1.0337 1.0471 1.0025 1.0132 1.0181 1.0484 1.0271 1.0382 1.0059 1.0026 1.0059 
1.0335 1.0335 1.0306 1.0463 1.0323 1.0211 1.0144 1.0038 1.0476 1.0059 1.0312 1.0357 1.0301 1.0374 1.0486 1.013 1.0185 1.0275 1.0276 1.0174 1.0024 1.0177 1.0333 1.0039 1.0291 
1.0475 1.0124 1.0238 1.0061 1.0308 1.0212 1.0413 1.0264 1.0022 1.0415 1.0181 1.0346 1.0453 1.0198 1.047 1.0322 1.0203 1.0307 1.0215 1.0282 1.0194 1.0226 1.0091 1.0026 1.0494 
1.0108 1.0223 1.0469 1.0207 1.0354 1.0306 1.0118 1.014 1.0128 1.0496 1.0166 1.0357 1.0465 1.0079 1.0468 1.0047 1.0313 1.0275 1.0084 1.025 1.0184 1.0318 1.044 1.0048 1.0439 
1.049 1.0204 1.0051 1.0384 1.0287 1.027 1.0218 1.0359 1.0317 1.0453 1.0032 1.0218 1.0003 1.0277 1.0074 1.0393 1.0207 1.0359 1.0248 1.0283 1.0212 1.0313 1.0141 1.0267 1.0486 
1.0045 1.0306 1.0414 1.0109 1.0022 1.0084 1.0423 1.012 1.0343 1.0237 1.024 1.0303 1.0087 1.0088 1.0193 1.0083 1.0285 1.0456 1.0367 1.0001 1.0185 1.0059 1.0222 1.0153 1.0066 
1.0023 1.0494 1.0324 1.0277 1.0157 1.0143 1.0328 1.0301 1.0328 1.0491 1.0256 1.0405 1.0156 1.042 1.012 1.0343 1.0315 1.0329 1.0418 1.0367 1.0437 1.0449 1.0228 1.0335 1.0323 
1.0262 1.0296 1.04 1.0267 1.0097 1.0086 1.0113 1.0462 1.0147 1.0428 1.039 1.0067 1.0485 1.04 1.0256 1.0494 1.0471 1.0409 1.0175 1.0227 1.0229 1.0355 1.018 1.005 1.0248 
1.0304 1.0444 1.0374 1.0108 1.0471 1.0041 1.0177 1.0162 1.0384 1.0235 1.0492 1.0135 1.014 1.0394 1.0387 1.0081 1.0159 1.033 1.0195 1.021 1.0107 1.0182 1.0018 1.0043 1.0107 
1.0101 1.0383 1.0255 1.0159 1.0394 1.0478 1.0116 1.0366 1.0372 1.0206 1.0325 1.0373 1.0206 1.0101 1.0309 1.0154 1.0218 1.034 1.0062 1.0461 1.0095 1.0281 1.0161 1.0385 1.0023 
1.0253 1.041 1.0135 1.0147 1.0049 1.0311 1.0086 1.0204 1.0058 1.0346 1.0487 1.0358 1.0103 1.0042 1.0131 1.0417 1.0284 1.0093 1.0044 1.0465 1.0381 1.0007 1.0153 1.0058 1.0345 
1.0082 1.0004 1.0042 1.0435 1.0043 1.0099 1.0079 1.0072 1.0316 1.0247 1.032 1.0275 1.0474 1.0243 1.0414 1.0113 1.0489 1.0332 1.0078 1.0469 1.0425 1.0127 1.0333 1.0383 1.0347 
1.0136 1.002 1.0303 1.0317 1.0125 1.0213 1.0121 1.0234 1.0038 1.0122 1.0342 1.037 1.0292 1.0089 1.0301 1.0032 1.0251 1.0235 1.0119 1.0221 1.0437 1.0417 1.0188 1.008 1.0468 
1.0359 1.0319 1.019 1.0238 1.0283 1.0096 1.0432 1.0111 1.0206 1.016 1.0091 1.0047 1.0057 1.0405 1.0467 1.0374 1.0323 1.0266 1.0079 1.0044 1.0092 1.0281 1.0108 1.0268 1.0457 
1.0206 1.0299 1.042 1.0343 1.0115 1.012 1.0246 1.0338 1.0135 1.0285 1.0313 1.0415 1.0207 1.0064 1.0479 1.0119 1.048 1.04 1.0482 1.0213 1.0088 1.0137 1.0404 1.0465 1.0439 
1.0129 1.0472 1.0346 1.0433 1.0194 1.0461 1.0187 1.0201 1.0409 1.0141 1.0274 1.031 1.0053 1.033 1.0249 1.0435 1.0449 1.0396 1.0361 1.028 1.0098 1.0059 1.0491 1.0258 1.0413 
1.0226 1.0252 1.038 1.0239 1.0297 1.0432 1.0096 1.0273 1.0278 1.0322 1.0268 1.0386 1.0306 1.0187 1.0002 1.0115 1.0011 1.0237 1.004 1.0462 1.0429 1.0162 1.0404 1.0143 1.0421 
1.0433 1.0071 1.0067 1.0252 1.0154 1.03 1.0017 1.0272 1.0196 1.0107 1.0445 1.0031 1.0208 1.0479 1.0251 1.0133 1.044 1.0217 1.0385 1.0324 1.0055 1.0209 1.0432 1.0298 1.0047 
1.023 1.0072 1.0026 1.0475 1.007 1.0154 1.0022 1.0159 1.0383 1.0374 1.0196 1.0468 1.0072 1.0393 1.0003 1.028 1.0022 1.03 1.0401 1.0145 1.0026 1.0326 1.0398 1.0336 1.0027 
1.0066 1.0114 1.0486 1.0232 1.0437 1.0002 1.013 1.0388 1.0247 1.0453 1.019 1.0356 1.0027 1.0294 1.0283 1.0445 1.0368 1.0418 1.0197 1.0315 1.0012 1.0499 1.0224 1.0157 1.0256 
1.0008 1.0123 1.0486 1.0322 1.0367 1.013 1.0371 1.0179 1.0052 1.0239 1.0177 1.0229 1.0052 1.0429 1.041 1.0258 1.0087 1.0137 1.0227 1.0061 1.0457 1.0497 1.0337 1 1.0447 
1.0401 1.0041 1.0067 1.0268 1.0195 1.0004 1.0136 1.0234 1.039 1.0306 1.032 1.0455 1.0355 1.0005 1.0413 1.0327 1.0176 1.039 1.0397 1.0036 1.0336 1.0044 1.0017 1.0346 1.0214 
1.0152 1.0117 1.0428 1.0245 1.0491 1.0131 1.0361 1.0205 1.0229 1.0346 1.0247 1.0043 1.0371 1.0209 1.0038 1.0295 1.0404 1.0156 1.0346 1.0293 1.0269 1.0334 1.0438 1.0256 1.0485 
1.0088 1.0236 1.0227 1.0425 1.0381 1.0465 1.0184 1.0065 1.0274 1.0318 1.0151 1.0459 1.026 1.0083 1.0135 1.0329 1.0088 1.0067 1.0367 1.0149 1.0346 1.0424 1.0248 1.0234 1.0457 
1.0349 1.0177 1.0426 1.0378 1.0197 1.0003 1.0047 1.0475 1.0366 1.0158 1.0275 1.0274 1.0217 1.0375 1.0139 1.021 1.0436 1.002 1.0412 1.0064 1.0045 1.0248 1.0059 1.0362 1.0485 
1.0484 1.0423 1.0364 1.0209 1.0226 1.049 1.0108 1.0199 1.0456 1.0094 1.0424 1.046 1.0273 1.0395 1.0485 1.0297 1.0401 1.0468 1.0099 1.0192 1.0447 1.0317 1.0282 1.0444 1.0174 
1.018 1.0359 1.0028 1.0201 1.0144 1.0223 1.0024 1.012 1.0361 1.0451 1.0252 1.0342 1.033 1.0052 1.006 1.0024 1.0239 1.0225 1.0128 1.029 1.0391 1.0071 1.0365 1.0176 1.0233 
1.0097 1.0057 1.016 1.0013 1.0448 1.0044 1.0386 1.0369 1.01 1.0087 1.0248 1.0008 1.0288 1.0064 1.0488 1.0483 1.0166 1.0493 1.027 1.0419 1.0222 1.0329 1.0494 1.045 1.0173 
1.0412 1.0342 1.0325 1.0209 1.0299 1.0224 1.0381 1.0183 1.0489 1.0374 1.0373 1.0188 1.0256 1.0341 1.0048 1.0384 1.0322 1.0211 1.0115 1.016 1.0449 1.0052 1.0429 1.0282 1.0381 
1.002 1.0424 1.0074 1.0025 1.0195 1.0203 1.0103 1.0105 1.0049 1.0262 1.0166 1.029 1.0427 1.015 1.0182 1.0474 1.0013 1.0318 1.0433 1.0366 1.0242 1.01 1.0214 1.0182 1.0277 
1.0128 1.0468 1.0452 1.0189 1.0494 1.0174 1.0211 1.0431 1.0483 1.0355 1.0096 1.017 1.0057 1.0455 1.0006 1.0363 1.027 1.0199 1.0423 1.0386 1.0358 1.029 1.0119 1.0065 1.0236 
1.0212 1.0288 1.024 1.0263 1.0003 1.039 1.0429 1.0217 1.0132 1.0004 1.0221 1.0291 1.0359 1.0055 1.0174 1.0002 1.0338 1.0223 1.0142 1.023 1.0347 1.0031 1.0336 1.0385 1.0123 
1.0244 1.0222 1.0446 1.0378 1.0497 1.0155 1.025 1.0041 1.013 1.0169 1.0195 1.0303 1.0214 1.0289 1.032 1.0363 1.0233 1.0262 1.032 1.0028 1.0334 1.0291 1.009 1.005 1.0209 
1.0357 1.0252 1.0496 1.0068 1.0121 1.0146 1.0011 1.0231 1.0465 1.0474 1.019 1.0034 1.0469 1.0026 1.0227 1.0462 1.0344 1.0142 1.0305 1.0002 1.0236 1.0078 1.0325 1.0464 1.003 
1.0201 1.0282 1.0206 1.0385 1.0127 1.0044 1.0322 1.047 1.0348 1.0068 1.0158 1.0396 1.0099 1.0226 1.0252 1.0365 1.0122 1.0379 1.0465 1.026 1.039 1.0334 1.0214 1.0297 1.0198 
1.0109 1.0379 1.0322 1.0403 1.0047 1.0144 1.0303 1.0442 1.0324 1.045 1.0124 1.0265 1.0431 1.0223 1.0353 1.0254 1.0135 1.0044 1.0014 1.0486 1.0353 1.0405 1.0384 1.0422 1.0005 
1.0302 1.0417 1.0247 1.0219 1.0081 1.0007 1.0347 1.0224 1.0084 1.0127 1.0442 1.0277 1.0221 1.0499 1.0134 1.0303 1.0347 1.0044 1.0319 1.0044 1.0071 1.0094 1.0434 1.0105 1.0122 
1.032 1.0324 1.0072 1.0452 1.0436 1.0061 1.0035 1.037 1.0354 1.0433 1.0226 1.0116 1.044 1.0463 1.003 1.033 1.0099 1.0313 1.0286 1.0268 1.0292 1.0223 1.0471 1.0031 1.0013 
1.0415 1.0274 1.0114 1.0497 1.0399 1.0097 1.0261 1.0328 1.0401 1.0282 1.0044 1.0184 1.0044 1.0042 1.0072 1.0357 1.0056 1.0026 1.0066 1.0239 1.0464 1.0082 1.0176 1.025 1.0402 
1.0371 1.0319 1.0033 1.0343 1.0023 1.0141 1.0231 1.0411 1.027 1.0368 1.035 1.0319 1.0335 1.0176 1.0084 1.0436 1.0408 1.0298 1.0472 1.0031 1.0042 1.0088 1.0041 1.0192 1.028 
1.0411 1.0265 1.0464 1.0077 1.0494 1.0424 1.0334 1.0388 1.0341 1.0058 1.0411 1.0028 1.0398 1.0462 1.0368 1.0204 1.0206 1.0085 1.0408 1.022 1.0127 1.0499 1.0191 1.0201 1.0293 
1.0324 1.0266 1.019 1.0179 1.0121 1.0188 1.0171 1.0487 1.036 1.0157 1.0082 1.02 1.0065 1.0469 1.0412 1.0187 1.0151 1.0498 1.0461 1.0332 1.0107 1.0118 1.0039 1.0231 1.0422 
1.0111 1.006 1.0455 1.0049 1.0124 1.0134 1.0465 1.0052 1.0417 1.0014 1.038 1.0379 1.0361 1.0408 1.0095 1.0049 1.0359 1.011 1.0255 1.0218 1.0402 1.0079 1.0179 1.0312 1.0066 
1.0171 1.0021 1.0092 1.0228 1.0264 1.044 1.0493 1.0384 1.0266 1.0275 1.0041 1.0236 1.047 1.0482 1.0344 1.0431 1.0451 1.0039 1.0194 1.0263 1.0491 1.023 1.0108 1.0008 1.0045 
1.043 1.0489 1.0003 1.0282 1.0064 1.0257 1.0425 1.0217 1.0353 1.0214 1.004 1.0086 1.0059 1.0415 1.0106 1.0427 1.0479 1.0153 1.0459 1.023 1.0441 1.0176 1.0218 1.0381 1.0084 
1.0242 1.0486 1.0407 1.0048 1.0226 1.0391 1.041 1.0077 1.0087 1.007 1.0205 1.0287 1.0418 1.0473 1.046 1.049 1.037 1.0324 1.031 1.0174 1.025 1.0011 1.0306 1.0343 1.0356 
1.0301 1.0493 1.0061 1.0436 1 1.0251 1.022 1.0371 1.0322 1.0204 1.0366 1.0341 1.0415 1.0137 1.0057 1.0017 1.048 1.0019 1.0146 1.0139 1.026 1.0275 1.0446 1.025 1.0161 
1.0459 1.0101 1.0011 1.0449 1.0004 1.0384 1.0258 1.0433 1.0328 1.0331 1.0496 1.0122 1.049 1.0462 1.0421 1.0298 1.0187 1.0231 1.0074 1.0413 1.0335 1.0309 1.0185 1.0273 1.0225 
1.048 1.0052 1.0458 1.0071 1.0009 1.0416 1.0063 1.0386 1.0082 1.0195 1.0161 1.0333 1.0197 1.0495 1.0301 1.0095 1.0094 1.0408 1.0279 1.0361 1.0139 1.0368 1.0215 1.0184 1.0315 
1.003 1.0229 1.0216 1.0353 1.0029 1.0029 1.0042 1.021 1.0433 1.0057 1.0004 1.0277 1.049 1.0313 1.0395 1.0023 1.0012 1.0435 1.044 1.0423 1.0339 1.0351 1.0177 1.0158 1.0477 
1.0325 1.0305 1.0122 1.002 1.0342 1.0314 1.0023 1.0028 1.0167 1.0167 1.045 1.0084 1.0063 1.0251 1.0494 1.0079 1.0003 1.0065 1.0432 1.0466 1.0201 1.0349 1.0256 1.0124 1.0018 
1.0185 1.0244 1.0127 1 1.0215 1.0259 1.0185 1.023 1.0402 1.0363 1.0285 1.0448 1.0186 1.0382 1.0067 1.0114 1.0449 1.0475 1.0253 1.0393 1.012 1.0147 1.0428 1.0258 1.0155 
1.0394 1.0131 1.0249 1.0172 1.0075 1.0406 1.0476 1.0033 1.0463 1.0257 1.0435 1.014 1.0294 1.0001 1.0015 1.0407 1.0322 1.0099 1.0312 1.02 1.0152 1.0365 1.0312 1.0266 1.008 
1.0238 1.0341 1.0476 1.0181 1.0442 1.0472 1.0349 1.0197 1.014 1.045 1.0009 1.0402 1.0182 1.0455 1.0088 1.0349 1.0498 1.0046 1.0409 1.0122 1.0342 1.016 1.018 1.0076 1.0303 
1.0409 1.0279 1.0486 1.0389 1.0387 1.0425 1.023 1.0106 1.0432 1.0404 1.0001 1.0027 1.0382 1.0096 1.0155 1.0215 1.03 1.0028 1.0156 1.0491 1.0064 1.0165 1.0292 1.0451 1.0259 
1.0233 1.0495 1.0071 1.0193 1.0258 1.0172 1.0031 1.0022 1.0139 1.0231 1.0018 1.032 1.041 1.02 1.0221 1.0193 1.0279 1.0242 1.0005 1.0343 1.0252 1.0159 1.0175 1.0299 1.0225 
1.0114 1.0359 1.0191 1.0417 1.0187 1.0046 1.0203 1.0117 1.013 1.0035 1.0298 1.0317 1.031 1.0021 1.0368 1.0217 1.0163 1.0118 1.0479 1.0078 1.0042 1.0315 1.0122 1.0197 1.0432 
1.0482 1.0101 1.008 1.0378 1.0404 1.0182 1.0046 1.0283 1.0489 1.038 1.0403 1.0278 1.0048 1.0278 1.0321 1.0134 1.03 1.0242 1.044 1.0431 1.0339 1.0435 1.0045 1.0486 1 
1.0315 1.0461 1.0388 1.0452 1.0021 1.0084 1.0028 1.048 1.0482 1.0448 1.0023 1.0422 1.0423 1.027 1.0063 1.0301 1.0294 1.0128 1.0318 1.0054 1.012 1.0396 1.0079 1.0341 1.045 
1.0084 1.0018 1.0387 1.0179 1.0374 1.0101 1.0228 1.0438 1.023 1.0183 1.026 1.036 1.0118 1.0448 1.0234 1.0471 1.0437 1.0422 1.0277 1.0496 1.0159 1.0086 1.0431 1.045 1.0164 
1.0174 1.0259 1.0101 1.015 1.0197 1.0421 1.043 1.0417 1.0439 1.0163 1.0095 1.0481 1.0299 1.001 1.0306 1.0198 1.0146 1.0003 1.0377 1.0271 1.0275 1.0196 1.0368 1.0231 1.0143 
1.0386 1.0382 1.0269 1.0109 1.0499 1.0485 1.0062 1.0454 1.019 1.006 1.0185 1.0417 1.045 1.0078 1.0406 1.0267 1.0001 1.0113 1.0201 1.0337 1.0075 1.0232 1.0084 1.0078 1.0473 
1.0353 1.0236 1.0246 1.0266 1.0397 1.0189 1.0335 1.0495 1.0493 1.045 1.0351 1.0305 1.0153 1.0479 1.0382 1.0441 1.0147 1.0354 1.0326 1.0319 1.0142 1.0267 1.0457 1.0028 1.0199 
1.0359 1.0398 1.0329 1.0148 1.0249 1.0053 1.0063 1.0463 1.0033 1.0067 1.0364 1.0366 1.0044 1.0457 1.0417 1.0048 1.0267 1.0193 1.0366 1.0366 1.021 1.0423 1.0203 1.044 1.0308 
1.0209 1.0404 1.0489 1.0053 1.0205 1.0044 1.0058 1.0339 1.0058 1.0165 1.0373 1.0193 1.0265 1.0299 1.0229 1.0437 1.0333 1.0018 1.0434 1.0435 1.0013 1.01 1.0237 1.0118 1.0209 
1.018 1.0318 1.0496 1.0157 1.0036 1.0291 1.0181 1.0277 1.0261 1.0377 1.0224 1.0091 1.0341 1.0094 1.0244 1.0125 1.0387 1.0349 1.0359 1.011 1.047 1.0065 1.048 1.0105 1.008 
1.0418 1.0179 1.0052 1.0021 1.025 1.0387 1.0138 1.016 1.0391 1.018 1.0402 1.0296 1.0022 1.0437 1.0402 1.0394 1.0412 1.0147 1.0168 1.0347 1.0482 1.0238 1.03 1.0052 1.0098 
1.0028 1.0402 1.0001 1.0464 1.0256 1.0369 1.001 1.0254 1.0428 1.0469 1.0022 1.048 1.025 1.0177 1.0239 1.0055 1.0015 1.0364 1.0439 1.0456 1.0261 1.042 1.0328 1.0055 1.0331 
1.0103 1.009 1.0172 1.0278 1.0246 1.0198 1.0033 1.0155 1.0163 1.0378 1.0118 1.0074 1.0275 1.0056 1.0194 1.0313 1.0168 1.0281 1.0127 1.0138 1.042 1.0259 1.0164 1.0428 1.0486 
1.0485 1.0188 1.0129 1.006 1.0229 1.0153 1.0227 1.0073 1.0394 1.031 1.004 1.0251 1.0011 1.0186 1.0372 1.0029 1.0459 1.0455 1.0077 1.0399 1.0379 1.0378 1.0035 1.0366 1.0305 
1.0055 1.0043 1.0154 1.0318 1.0158 1.022 1.0293 1.0322 1.0015 1.0076 1.0245 1.0018 1.0408 1.0356 1.0101 1.0183 1.0049 1.0259 1.0336 1.0193 1.0441 1.0417 1.0178 1.0127 1.0406 
1.0159 1.0012 1.0389 1.0369 1.0005 1.0126 1.0201 1.0203 1.0178 1.0095 1.0422 1.0135 1.0331 1.0351 1.017 1.0469 1.0091 1.0363 1.0332 1.0406 1.0182 1.0487 1.0249 1.0277 1.0464 
1.0448 1.013 1.007 1.02 1.0336 1.0169 1.0408 1.0472 1.0314 1.0411 1.0012 1.0007 1.0484 1.0143 1.0444 1.0315 1.0155 1.0101 1.0273 1.0108 1.031 1.0313 1.039 1.0257 1.0159 
1.0485 1.0088 1.0076 1.0075 1.0412 1.0386 1.0135 1.0159 1.0189 1.0464 1.0005 1.0271 1.0403 1.0134 1.0461 1.0433 1.0022 1.0075 1.0199 1.0129 1.0402 1.0154 1.0249 1.0139 1.0294 
1.041 1.0344 1.0326 1.0404 1.0281 1.0379 1.0108 1.0279 1.0014 1.005 1.0326 1.0361 1.0271 1.0115 1.031 1.015 1.0332 1.0061 1.0329 1.028 1.0222 1.0326 1.0158 1.0244 1.0178 
1.0179 1.022 1.0082 1.0481 1.0033 1.0315 1.0425 1.0196 1.013 1.0169 1.0121 1.042 1.032 1.0382 1.0192 1.0364 1.0489 1.0403 1.0382 1.003 1.0432 1.0327 1.0312 1.0074 1.02 
1.0404 1.028 1.0316 1.0058 1.024 1.0319 1.0293 1.0187 1.0033 1.0351 1.0041 1.001 1.0109 1.0134 1.0208 1.0307 1.0121 1.0317 1.0353 1.0165 1.0278 1.0226 1.017 1.0221 1.039 
1.0328 1.0029 1.0479 1.0141 1.0157 1.0138 1.0161 1.0199 1.0019 1.0102 1.0406 1.0091 1.0434 1.0047 1.0068 1.0084 1.0281 1.0418 1.0281 1.0415 1.0241 1.0069 1.0318 1.0274 1.0105 
1.0329 1.0362 1.0055 1.0292 1.0119 1.0177 1.0344 1.0384 1.0141 1.0332 1.0069 1.038 1.0395 1.036 1.0463 1.0445 1.0426 1.0177 1.0051 1.0492 1.0386 1.0378 1.0274 1.0436 1.0235 
1.0469 1.048 1.0318 1.0097 1.048 1.003 1.0232 1.0368 1.0042 1.0401 1.0017 1.0216 1.0466 1.0132 1.0332 1.0437 1.0162 1.0361 1.0125 1.0303 1.0087 1.0486 1.0302 1.0178 1.04 
1.0389 1.0115 1.0408 1.0044 1.001 1.0052 1.0317 1.0491 1.0321 1.0117 1.0422 1.0321 1.0107 1.0241 1.0457 1.0397 1.0433 1.0247 1.0353 1.0336 1.047 1.0058 1.0299 1.013 1.0228 
1.0288 1.0204 1.0267 1.0143 1.0202 1.048 1.0162 1.0069 1.037 1.0066 1.0366 1.0477 1.0125 1.0028 1.0019 1.0076 1.0374 1.0065 1.0204 1.0033 1.0278 1.0322 1.0412 1.0426 1.0309 
1.0078 1.0174 1.0351 1.0241 1.0269 1.0419 1.0275 1.0446 1.0027 1.0007 1.0347 1.0089 1.0192 1.0308 1.0213 1.0309 1.0199 1.0322 1.0473 1.0323 1.02 1.0016 1.0084 1.0005 1.0166 
1.0169 1.0342 1.0354 1.0225 1.0059 1.012 1.0443 1.0487 1.0312 1.031 1.0429 1.0201 1.0238 1.0068 1.0121 1.0088 1.0281 1.006 1.024 1.0412 1.0474 1.0143 1.0164 1.0465 1.0294 
1.0076 1.0306 1.0364 1.0435 1.0338 1.041 1.0217 1.0434 1.042 1.0276 1.0131 1.0102 1.0415 1.0409 1.0331 1.0151 1.0231 1.0233 1.0145 1.0087 1.0069 1.0322 1.0091 1.0241 1.0053 
1.0029 1.0007 1.0051 1.0338 1.0419 1.0442 1.0306 1.0406 1.0371 1.0362 1.0287 1.0068 1.0473 1.0062 1.0048 1.0194 1.0186 1.0008 1.0327 1.014 1.0379 1.0252 1.0303 1.0238 1.0135 
1.0425 1.0453 1.0434 1.0005 1.0323 1.0412 1.0178 1.0397 1.0044 1.0456 1.0243 1.047 1.0296 1.0255 1.0162 1.018 1 1.0341 1.0125 1.0223 1.0468 1.0278 1.0405 1.0091 1.0059 
1.0049 1.0318 1.0009 1.0204 1.0251 1.0304 1.041 1.0067 1.0152 1.0013 1.0343 1.0193 1.0494 1.0064 1.0385 1.0364 1.0396 1.0192 1.0233 1.0077 1.0444 1.0088 1.0159 1.0323 1.0388 
1.0057 1.0474 1.0288 1.0258 1.0068 1.0063 1.0226 1.0102 1.0366 1.0171 1.0032 1.0156 1.048 1.0434 1.0401 1.0454 1.032 1.049 1.0266 1.0058 1.0382 1.0095 1.0275 1.0336 1.0219 
1.0268 1.0189 1.0122 1.0204 1.0134 1.0111 1.0245 1.0109 1.0188 1.0458 1.0496 1.0047 1.0274 1.0487 1.0079 1.043 1.0186 1.0235 1.0281 1.0291 1.0451 1.0425 1.022 1.0295 1.0284 
1.0151 1.0353 1.0384 1.0269 1.0356 1.0263 1.0284 1.0388 1.039 1.0141 1.0147 1.0463 1.0148 1.002 1.0184 1.0075 1.0106 1.0177 1.0482 1.0228 1.0255 1.0363 1.0053 1.032 1.0131 
1.0335 1.0144 1.0002 1.0441 1.0037 1.0072 1.0275 1.0155 1.0462 1.0367 1.0406 1.0425 1.0458 1.0274 1.0119 1.009 1.026 1.0291 1.0137 1.0221 1.0308 1.0382 1.0297 1.014 1.0393 
1.0326 1.0262 1.0446 1.0094 1.0468 1.0326 1.0154 1.013 1.0223 1.0457 1.0454 1.0046 1.0449 1.0465 1.0397 1.0218 1.0438 1.0177 1.0264 1.0189 1.0273 1.0171 1.0055 1.038 1.0363 
1.0211 1.0087 1.0497 1.0464 1.0229 1.0159 1.0107 1.0306 1.0274 1.0016 1.0474 1.0073 1.0173 1.0397 1.0153 1.0256 1.0325 1.0007 1.0382 1.0186 1.0105 1.0384 1.002 1.0017 1.0284 
1.0431 1.0283 1.0025 1.0002 1.0131 1.0308 1.0128 1.0075 1.0007 1.0037 1.0153 1.0194 1.0348 1.0459 1.0267 1.0301 1.0353 1.0188 1.0459 1.0275 1.0036 1.0068 1.0284 1.0142 1.031 
1.0467 1.0433 1.0126 1.0245 1.0445 1.0032 1.0026 1.0179 1.0324 1.0203 1.0486 1.0091 1.0261 1.04 1.0216 1.0474 1.0057 1.0297 1.027 1.0012 1.0231 1.0059 1.0176 1.0116 1.0219 
1.0414 1.0266 1.0367 1.0108 1.0158 1.0313 1.0145 1.0017 1.0272 1.0178 1.0192 1.0477 1.0028 1.0267 1.0307 1.0153 1.0174 1.0245 1.029 1.0095 1.0302 1.0186 1.0491 1.0056 1.0244 
1.0408 1.0304 1.0072 1.0348 1.0329 1.0202 1.0301 1.0119 1.0224 1.0306 1.0485 1.0274 1.0072 1.0229 1.0469 1.0014 1.0124 1.0361 1.0471 1.0056 1.0275 1.0346 1.0438 1.0234 1.0353 
1.0206 1.0037 1.0271 1.0137 1.0025 1.0016 1.0199 1.0384 1.0039 1.0313 1.011 1.0258 1.0243 1.0194 1.0216 1.0179 1.0156 1.0246 1.0109 1.0489 1.005 1.0355 1.0328 1.0044 1.0204 
1.0228 1.0017 1.0078 1.0027 1.0298 1.0339 1.0329 1.0165 1.0027 1.0286 1.0321 1.0083 1.0409 1.0365 1.0314 1.0344 1.042 1.0131 1.0093 1.0143 1.0219 1.0012 1.0446 1.0074 1.0152 
1.0146 1.0462 1.01 1.0426 1.0113 1.0198 1.0328 1.0115 1.0318 1.0072 1.0355 1.0182 1.0142 1.0176 1.042 1.0074 1.0139 1.0286 1.0374 1.0304 1.0071 1.0138 1.027 1.0269 1.0245 
1.0032 1.0006 1.0416 1.0236 1.0449 1.0068 1.0067 1.0217 1.0225 1.0071 1.0227 1.0197 1.0098 1.0158 1.0249 1.0215 1.0253 1.0106 1.0294 1.0223 1.008 1.0003 1.0166 1.0166 1.0448 
1.0342 1.0221 1.034 1.0172 1.0186 1.0377 1.0328 1.0297 1.0207 1.0384 1.0318 1.0132 1.0266 1.0494 1.0431 1.0377 1.0426 1.0057 1.03 1.0436 1.031 1.0081 1.024 1.0181 1.0488 
1.0361 1.0088 1.0476 1.0406 1.0126 1.0016 1.0323 1.0203 1.0007 1.016 1.0252 1.0116 1.04 1.0066 1.0054 1.0359 1.0248 1.0345 1.0155 1.0184 1.0113 1.0475 1.0313 1.0366 1.0277 
1.0375 1.0389 1.0448 1.0204 1.0238 1.0249 1.0249 1.0367 1.0175 1.048 1.0169 1.0455 1.038 1.0224 1.0409 1.0266 1.0143 1.0127 1.0436 1.0169 1.0229 1.0458 1.0042 1.0119 1.0102 
1.0358 1.0457 1.0013 1.0081 1.0031 1.0327 1.0235 1.0497 1.0311 1.0124 1.0421 1.0096 1.0215 1.0336 1.0357 1.0347 1.0424 1.0219 1.0292 1.0298 1.0061 1.0147 1.0092 1.0366 1.0027 
1.0105 1.0121 1.036 1.0069 1.0108 1.0438 1.0032 1.0065 1.0075 1.0386 1.0025 1.0394 1.0017 1.007 1.0206 1.0079 1.0045 1.0105 1.0282 1.0136 1.0239 1.0131 1.0165 1.0356 1.0105 
1.0186 1.0051 1.0347 1.0342 1.0403 1.0332 1.0169 1.0277 1.0367 1.0316 1.0243 1.0145 1.0365 1.0043 1.0048 1.0376 1.0099 1.0396 1.0026 1.0076 1.0179 1.0239 1.0214 1.0469 1.0072 
1.0041 1.0169 1.0144 1.0476 1.0347 1.004 1.0263 1.0057 1.0266 1.0427 1.0154 1.0375 1.0205 1.0182 1.015 1.0196 1.0496 1.0168 1.0476 1.0119 1.0435 1.0295 1.0089 1.0429 1.0326 
1.0223 1.0451 1.0249 1.0455 1.0218 1.0074 1.0313 1.0464 1.0336 1.0012 1.0009 1.0043 1.0421 1.0445 1.0036 1.0383 1.0208 1.0015 1.0441 1.0114 1.0212 1.0081 1 1.038 1.04 
1.0431 1.0176 1.0473 1.001 1.0061 1.0291 1.0293 1.0309 1.0059 1.0492 1.0447 1.0081 1.0393 1.0389 1.0151 1.0191 1.027 1.0102 1.0097 1.0461 1.0327 1.0324 1.0083 1.0465 1.0093 
1.0324 1.0078 1.0285 1.0278 1.0078 1.0492 1.0327 1.0072 1.0038 1.0312 1.0346 1.0494 1.0242 1.0019 1.0208 1.0016 1.0146 1.0465 1.0237 1.0309 1.0339 1.0283 1.0189 1.0352 1.0381 
1.0012 1.0269 1.0168 1.0064 1.0429 1.004 1.0255 1.0005 1.0081 1.0479 1.0301 1.037 1.0133 1.0133 1.0432 1.0226 1.0072 1.0437 1.0474 1.0246 1.0339 1.0445 1.0246 1.0433 1.0423 
1.0304 1.0328 1.004 1.0315 1.0045 1.046 1.0269 1.0256 1.0206 1.0117 1.004 1.0261 1.0104 1.0411 1.0488 1 1.0288 1.0365 1.0261 1.0218 1.0138 1.0314 1.0059 1.0034 1.0332 
1.0442 1.0138 1.0097 1.0106 1.0141 1.0405 1.0464 1.0149 1.0108 1.0311 1.0051 1.0113 1.0231 1.0208 1.0189 1.0346 1.0138 1.0446 1.0196 1.0428 1.0203 1.0336 1.0174 1.0151 1.0039 
1.0239 1.0403 1.0227 1.0028 1.0106 1.0405 1.0368 1.0458 1.0466 1.0218 1.0148 1.0061 1.0103 1.0357 1.0087 1.0359 1.0345 1.034 1.0076 1.0073 1.0399 1.0368 1.0215 1.0387 1.0344 
1.0197 1.0386 1.0244 1.0102 1.0103 1.0492 1.0475 1.0199 1.0193 1.0078 1.0312 1.0198 1.0089 1.0256 1.0202 1.0347 1.0169 1.0324 1.0137 1.009 1.0333 1.0152 1.0211 1.001 1.0037 
1.0182 1.0398 1.0333 1.0043 1.0283 1.0336 1.0242 1.0004 1.0145 1.0149 1.0361 1.0484 1.0218 1.0249 1.0178 1.0135 1.0045 1.0484 1.0221 1.0419 1.0495 1.0206 1.0341 1.023 1.0252 
1.047 1.0224 1.0284 1.0055 1.038 1.0009 1.0114 1.0047 1.0354 1.0259 1.0093 1.024 1.0076 1.0485 1.0169 1.0009 1.0272 1.0214 1.0171 1.0383 1.0253 1.0156 1.0053 1.0006 1.0022 
1.0319 1.0386 1.0231 1.0389 1.0415 1.0226 1.0385 1.02 1.0114 1.0031 1.026 1.024 1.0295 1.0319 1.0351 1.0324 1.0448 1.0391 1.0257 1.0357 1.0361 1.0057 1.0042 1.0003 1.0321 
1.0451 1.0058 1.0266 1.018 1.0388 1.0175 1.0214 1.0161 1.041 1.0127 1.0292 1.0178 1.006 1.0472 1.0131 1.0398 1.0356 1.0411 1.0477 1.0351 1.0213 1.0106 1.0161 1.0001 1.0207 
1.0186 1.0241 1.0065 1.0075 1.048 1.0131 1.0293 1.0069 1.0495 1.0458 1.0046 1.0319 1.0362 1.0282 1.0439 1.0144 1.0258 1.0039 1.011 1.0412 1.0164 1.0142 1.0272 1.0205 1.0404 
1.0437 1.0178 1.0131 1.0424 1.0025 1.0201 1.0236 1.0362 1.0181 1.0397 1.0444 1.0355 1.0288 1.0106 1.0435 1.0431 1.0079 1.0351 1.0106 1.0481 1.0216 1.01 1.0095 1.0186 1.041 
1.0097 1.0275 1.014 1.0047 1.0384 1.0414 1.0047 1.0082 1.0075 1.0026 1.0481 1.0008 1.0161 1.0371 1.0071 1.0017 1.0335 1.0195 1.0264 1.0038 1.0421 1.0348 1.0316 1.027 1.0171 
1.009 1.0275 1.0014 1.0153 1.0235 1.0454 1.0269 1.0206 1.0184 1.0182 1.0428 1.0476 1.005 1.0133 1.0461 1.0287 1.0088 1.009 1.0206 1.0249 1.0163 1.008 1.0172 1.0493 1.0404 
1.0437 1.0449 1.0494 1.034 1.0247 1.0023 1.0149 1.0386 1.0284 1.0406 1.0361 1 1.025 1.0135 1.0139 1.0023 1.0437 1.0338 1.0283 1.0109 1.0168 1.0009 1.0466 1.0091 1.0321 
1.0486 1.0392 1.036 1.0069 1.0227 1.0163 1.0423 1.0403 1.0092 1.03 1.0372 1.0376 1.0449 1.0178 1.0154 1.0451 1.0093 1.0245 1.0451 1.005 1.0346 1.0205 1.0453 1.0349 1.0101 
1.0059 1.0211 1.0109 1.0016 1.0403 1.0155 1.0419 1.015 1.0238 1.0138 1.047 1.0079 1.0474 1.0489 1.0291 1.0008 1.0108 1.0295 1 1.005 1.0449 1.0403 1.0482 1.0046 1.0117 
1.0343 1.0242 1.0428 1.0423 1.0408 1.023 1.0008 1.0317 1.0477 1.0129 1.0424 1.0262 1.0102 1.0121 1.0072 1.0229 1.0334 1.0432 1.0278 1.0265 1.0309 1.0327 1.0241 1.0245 1.0425 
1.0165 1.0408 1.0367 1.0147 1.0484 1.0475 1.0044 1.0129 1.0199 1.019 1.0186 1.0407 1.0188 1.0357 1.0396 1.0418 1.0114 1.0494 1.0384 1.0178 1.0333 1.0061 1.0094 1.0015 1.0281 
1.0228 1.0017 1.0171 1.0037 1.0107 1.0492 1.0471 1.0333 1.0264 1.0207 1.0485 1.0361 1.0054 1.0422 1.0187 1.0239 1.0095 1.0257 1.0311 1.0199 1.0446 1.0356 1.0206 1.017 1.041 
1.0249 1.0331 1.0261 1.016 1.0324 1.0338 1.033 1.0455 1.0046 1.0212 1.0311 1.0122 1.0457 1.014 1.0482 1.0174 1.0154 1.0054 1.035 1.0464 1.01 1.0291 1.0131 1.0265 1.0345 
1.0226 1.0303 1.0276 1.0319 1.0014 1.0079 1.0404 1.0244 1.0391 1.044 1.0455 1.0197 1.0493 1.0339 1.037 1.0147 1.0307 1.0375 1.0305 1.0003 1.0228 1.0006 1.0117 1.0032 1.0076 
1.0321 1.0157 1.0486 1.0445 1.0128 1.0366 1.0029 1.0067 1.0176 1.0155 1.0391 1.0101 1.0147 1.0131 1.0398 1.02 1.0237 1.0228 1.0213 1.003 1.0285 1.02 1.0489 1.018 1.0052 
1.0182 1.0019 1.0032 1.0279 1.0159 1.0072 1.0046 1.0407 1.0053 1.0243 1.0311 1.0196 1.0491 1.0031 1.0366 1.0023 1.0055 1.0472 1.0495 1.0053 1.0101 1.0379 1.0409 1.039 1.0036 
1.0237 1.0193 1.0358 1.0098 1.0343 1.0331 1.0462 1.0011 1.0184 1.0239 1.0395 1.0214 1.0147 1.0004 1.0144 1.0039 1.0096 1.0215 1.0253 1.0048 1.0244 1.036 1.0378 1.0255 1.0255 
1.0081 1.0264 1.0172 1.0262 1.0483 1.0198 1.0403 1.0317 1.042 1.02 1.03 1.0426 1.0109 1.0092 1.0289 1.0399 1.0001 1.0393 1.0123 1.0036 1.0339 1.0365 1.0045 1.0257 1.0177 
1.0429 1.0369 1.0438 1.0436 1.0182 1.0004 1.042 1.0474 1.043 1.0093 1.0263 1.0197 1.0025 1.0089 1.006 1.0313 1.0165 1.0161 1.0362 1.0101 1.0264 1.0015 1.0159 1.0095 1.0029 
1.0274 1.016 1.0214 1 1.0197 1.0229 1.0411 1.0306 1.0102 1.0325 1.049 1.0136 1.0019 1.0206 1.0182 1.0414 1.0196 1.0275 1.0371 1.0371 1.0394 1.0367 1.0168 1.0095 1.0427 
1.0146 1.0012 1.0361 1.0159 1.0413 1.0296 1.0007 1.0479 1.0078 1.0105 1.0083 1.0164 1.0004 1.0027 1.0179 1.005 1.0184 1.0463 1.0342 1.0054 1.0341 1.0177 1.0028 1.0236 1.0062 
1.037 1.0264 1.0317 1.0161 1.0475 1.0241 1.0424 1.0414 1.0321 1.0135 1.0459 1.0436 1.0272 1.0015 1.0133 1.0027 1.0265 1.044 1.0046 1.0403 1.0365 1.0059 1.0102 1.0276 1.0374 
1.0166 1.0065 1.0079 1.0092 1.03 1.0019 1.0295 1.0136 1.0136 1.0095 1.0319 1.0084 1.0375 1.0369 1.0247 1.032 1.0403 1.0125 1.0261 1.0351 1.0457 1.0254 1.0115 1.0329 1.0269 
1.025 1.0234 1.0119 1.0176 1.0034 1.0197 1.0055 1.0375 1.0282 1.0497 1.0486 1.0242 1.0039 1.0019 1.0391 1.0447 1.0236 1.0348 1.011 1.0181 1.033 1.0293 1.0345 1.0079 1.0134 
1.0176 1.0326 1.0149 1.0012 1.0125 1.0137 1.0096 1.035 1.0328 1.0487 1.0473 1.0474 1.0485 1.0347 1.0032 1.0399 1.0398 1.0348 1.0046 1.0341 1.0221 1.0435 1.0025 1.0484 1.0441 
1.0062 1.0326 1.0031 1.0447 1.0277 1.0412 1.0437 1.026 1.0148 1.0427 1.036 1.0446 1.0146 1.0015 1.0492 1.031 1.0324 1.0074 1.0206 1.0323 1.0437 1.0303 1.0385 1.0104 1.036 
1.012 1.0125 1.0262 1.0379 1.0495 1.0051 1.035 1.0107 1.0428 1.028 1.0442 1.0343 1.0214 1.0485 1.0386 1.0198 1.0039 1.0477 1.0177 1.0355 1.0253 1.0257 1.0059 1.0379 1.0355 
1.0329 1.0261 1.0325 1.0451 1.0408 1.0231 1.0136 1.0357 1.021 1.041 1.0343 1.0383 1.042 1.0118 1.0377 1.0086 1.0236 1.0149 1.0048 1.0166 1.0429 1.0145 1.0318 1.0254 1.0325 
1.0486 1.0076 1.0066 1.0497 1.0248 1.0131 1.0104 1.0101 1.0028 1.0252 1.0036 1.0176 1.042 1.0448 1.0095 1.0002 1.0072 1.0295 1.0247 1.0312 1.0278 1.0164 1.0081 1.0216 1.0385 
1.0206 1.001 1.0499 1.019 1.0246 1.0482 1.0286 1.0255 1.0165 1.0346 1.0032 1.0036 1.022 1.0361 1.036 1.0491 1.034 1.0486 1.0097 1.0335 1.0495 1.0124 1.0291 1.0296 1.0248 
1.0241 1.0416 1.0153 1.0189 1.0175 1.0388 1.0338 1.0411 1.0092 1.0085 1.0464 1.0414 1.012 1.0294 1.0002 1.0255 1.0013 1.0453 1.0413 1.0178 1.0382 1.0335 1.0391 1.0492 1.0061 
1.035 1.0395 1.0441 1.0446 1.0258 1.004 1.0257 1.0123 1.0421 1.0092 1.0367 1.0349 1.0272 1.0067 1.0103 1.0086 1.0119 1.0132 1.018 1.0317 1.0239 1.0119 1.0093 1.0123 1.0321 
1.0316 1.0306 1.0336 1.0373 1.0411 1.0113 1.0121 1.0353 1.0313 1.0342 1.005 1.0435 1.0433 1.019 1.0211 1.0062 1.0198 1.0043 1.0031 1.0276 1.0344 1.0264 1.0002 1.0003 1.0418 
1.0066 1.0132 1.0061 1.0175 1.0436 1.0064 1.0201 1.0051 1.0223 1.0141 1.0176 1.0376 1.0497 1.0054 1.0488 1.0056 1.0219 1.0337 1.0438 1.0214 1.0228 1.0427 1.0466 1.0368 1.0451 
1.0098 1.0427 1.0047 1.0388 1.0178 1.014 1.0337 1.0056 1.034 1.009 1.011 1.0119 1.0288 1.039 1.0106 1.0317 1.0434 1.033 1.0213 1.0443 1.042 1.0412 1.0385 1.025 1.0226 
1.0039 1.0292 1.0094 1.029 1.0104 1.029 1.0329 1.014 1.0338 1.0457 1.0118 1.0056 1.0401 1.0357 1.0024 1.0203 1.0004 1.0039 1.0022 1.008 1.0195 1.0296 1.0137 1.0032 1.0276 
1.0063 1.0295 1.0039 1.0248 1.0083 1.0278 1.0316 1.0129 1.0454 1.0324 1.0383 1.0113 1.0103 1.0269 1.0003 1.0277 1.0001 1.0035 1.0407 1.0431 1.0311 1.008 1.0428 1.0141 1.0451 
1.0301 1.009 1.0155 1.0194 1.0354 1.0233 1.0306 1.017 1.0478 1.01 1.0162 1.0191 1.0104 1.0425 1.0185 1.0158 1.0498 1.0124 1.0401 1.0311 1.0325 1.0173 1.0096 1.0277 1.037 
1.0067 1.0378 1.0483 1.0455 1.0438 1.0419 1.0241 1.0229 1.0267 1.0277 1.0395 1.0408 1.0287 1.0368 1.0417 1.0227 1.0121 1.048 1.0273 1.0462 1.0316 1.0339 1.0272 1.0009 1.0296 
1.0148 1.0371 1.0019 1.0428 1.0303 1.0489 1.0363 1.0008 1.0322 1.0449 1.0346 1.0339 1.0147 1.0482 1.0085 1.0196 1.011 1.002 1.0096 1.0156 1.0262 1.0401 1.0055 1.0224 1.0107 
1.0184 1.0243 1.0469 1.0307 1.027 1.006 1.0211 1.0465 1.0299 1.0227 1.0418 1.0489 1.0286 1.0335 1.0462 1.015 1.0343 1.0108 1.0254 1.0216 1.0349 1.0229 1.0487 1.0402 1.0481 
1.0177 1.0022 1.0139 1.0285 1.0052 1.0091 1.0111 1.0036 1.0268 1.0348 1.0192 1.0297 1.0168 1.0085 1.0006 1.0135 1.0055 1.0317 1.0368 1.0188 1.0344 1.0333 1.0219 1.0024 1.0293 
1.0219 1.0176 1.0195 1.0298 1.039 1.0173 1.0409 1.0339 1.0012 1.0004 1.0178 1.0356 1.0008 1.0136 1.0235 1.032 1.0097 1.022 1.0411 1.0088 1.043 1.0389 1.0173 1.0273 1.0012 
1.0306 1.0354 1.0105 1.0053 1.0086 1.0174 1.0381 1.0486 1.0157 1.0012 1.0275 1.0215 1.0411 1.0033 1.0199 1.0238 1.0053 1.0095 1.0146 1.0357 1.0222 1.0438 1.0307 1.0344 1.0197 
1.004 1.0228 1.009 1.0239 1.0004 1.0344 1.0303 1.022 1.0388 1.0067 1.0386 1.0381 1.0429 1.0013 1.0059 1.0448 1.0199 1.0384 1.0108 1.0107 1.0032 1.0031 1.0492 1.0262 1.0425 
1.0183 1.0052 1.0484 1.0332 1.0369 1.0165 1.0088 1.0288 1.0236 1.0278 1.0416 1.047 1.0161 1.0474 1.045 1.0232 1.0264 1.0232 1.04 1.0023 1.0292 1.0355 1.0421 1.0028 1.0234 
1.0044 1.0258 1.0183 1.0078 1.005 1.0263 1.0464 1.0234 1.0408 1.0007 1.0391 1.0307 1.0352 1.0209 1.0398 1.0341 1 1.0284 1.0439 1.0007 1.0293 1.0187 1.0267 1.0003 1.002 
1.0249 1.0173 1.0215 1.0004 1.0068 1.0448 1.0171 1.0099 1.006 1.0481 1.0237 1.0136 1.0075 1.0415 1.0451 1.0037 1.0075 1.0079 1.0348 1.0414 1.0228 1.0486 1.0046 1.0133 1.0174 
1.0072 1.013 1.0476 1.0244 1.002 1.0172 1.0312 1.0194 1.0126 1.0472 1.0159 1.0001 1.0047 1.0126 1.018 1.0017 1.0447 1.0338 1.0458 1.0304 1.0087 1.0459 1.0418 1.0012 1.0421 
1.0381 1.0037 1.0468 1.0345 1.0203 1.0118 1.0191 1.0285 1.0474 1.0419 1.0018 1.0153 1.0204 1.0469 1.0081 1.0147 1.0453 1.008 1.0219 1.0053 1.0104 1.0297 1.0065 1.0392 1.0404 
1.0136 1.0172 1.0267 1.0229 1.0061 1.011 1.0465 1.0024 1.043 1.0338 1.0175 1.0441 1.0261 1.0139 1.0017 1.0376 1.027 1.0327 1.0238 1.011 1.022 1.0452 1.0031 1.0206 1.0352 
1.0075 1.01 1.0355 1.0253 1.0412 1.0421 1.0352 1.0078 1.0292 1.0312 1.0277 1.0377 1.0432 1.0246 1.0023 1.0446 1.0135 1.0047 1.0199 1.04 1.013 1.0001 1.0367 1.0125 1.0075 
1.022 1.041 1.0355 1.032 1.036 1.0206 1.0165 1.0273 1.0235 1.0242 1.022 1.0233 1.0126 1.0328 1.0068 1.0359 1.0021 1.0199 1.0075 1.0011 1.0093 1.0086 1.0455 1.0469 1.0442 
1.0193 1.0273 1.044 1.0225 1.0408 1.0028 1.002 1.0219 1.0241 1.0268 1.0236 1.0474 1.0124 1.0001 1.0173 1.0372 1.0138 1.0203 1.0245 1.039 1.0374 1.0411 1.0495 1.0335 1.01 
1.0461 1.0115 1.0125 1.0347 1.0243 1.0412 1.0479 1.0024 1.015 1.0153 1.0199 1.0153 1.0008 1.0073 1.0494 1.021 1.0182 1.0222 1.047 1.0063 1.0019 1.0451 1.0103 1.0029 1.0036 
1.0364 1.0354 1.0458 1.0089 1.0366 1.0333 1.0163 1.0408 1.0016 1.0451 1.0336 1.0077 1.0318 1.0223 1.0495 1.0434 1.0052 1.0462 1.0152 1.0039 1.0497 1.0482 1.0077 1.0116 1.03 
1.0236 1.0012 1.0326 1.0438 1.0394 1.0145 1.0388 1.001 1.0449 1.001 1.0071 1.0297 1.0004 1.0384 1.0156 1.0222 1.047 1.0312 1.0208 1.0193 1.0305 1.0294 1.0324 1.0426 1.0072 
1.0417 1.0279 1.0141 1.0454 1.0307 1.0264 1.0231 1.0219 1.0197 1.0016 1.032 1.0382 1.0062 1.0027 1.0106 1.0132 1.0356 1.0274 1.0232 1.0476 1.0304 1.0277 1.0244 1.0143 1.0428 
1.0302 1.0166 1.0338 1.035 1.0122 1.0335 1.0382 1.0118 1.017 1.0009 1.0127 1.0014 1.0077 1.0243 1.032 1.0234 1.0128 1.0399 1.0082 1.0131 1.0286 1.0046 1.0114 1.0284 1.0061 
1.0467 1.0016 1.0274 1.014 1.0332 1.0114 1.0299 1.0274 1.0485 1.027 1.0474 1.0227 1.0039 1.0231 1.0125 1.0034 1.0224 1.0357 1.0057 1.0143 1.0104 1.0498 1.0201 1.0418 1.0099 
1.0179 1.0016 1.0363 1.0456 1.0132 1.0472 1.0047 1.0418 1.0069 1.0191 1.0247 1.0236 1.0158 1.0433 1.022 1.0482 1.0224 1.0218 1.0335 1.0301 1.002 1.0234 1.0209 1.0264 1.0139 
1.0101 1.0078 1.0049 1.0006 1.0072 1.0126 1.0466 1.0468 1.0461 1.0256 1.0273 1.0482 1.0066 1.0262 1.0388 1.0218 1.0261 1.04 1.0409 1.0468 1.0303 1.022 1.0145 1 1.0446 
1.0046 1.0391 1.0404 1.0399 1.0485 1.0223 1.0145 1.0128 1.0134 1.0284 1.0351 1.0282 1.0136 1.0395 1.0451 1.0487 1.0059 1.0097 1.0447 1.0101 1.0217 1.0034 1.042 1.0238 1.0033 
1.0075 1.0099 1.0271 1.0302 1.0045 1.0236 1.0103 1.022 1.0043 1.0296 1.0274 1.0329 1.005 1.0152 1.0465 1.0395 1.0283 1.003 1.0428 1.012 1.0169 1.0468 1.0157 1.0238 1.0299 
1.0336 1.0346 1.0139 1.0096 1.0306 1.0186 1.0112 1.0229 1.006 1.0168 1.0478 1.0179 1.0009 1.0408 1.0353 1.0034 1.0167 1.0438 1.0461 1.0081 1.038 1.0413 1.0009 1.0027 1.0135 
1.0264 1.0162 1.0425 1.0304 1.0383 1.0284 1.0257 1.0248 1.046 1.0474 1.047 1.0417 1.0247 1.0468 1.0069 1.0454 1.0479 1.0172 1.0323 1.0274 1.043 1.0006 1.0072 1.0478 1.04 
1.0281 1.0272 1.042 1.0386 1.0225 1.0196 1.0209 1.0048 1.033 1.0151 1.0383 1.0353 1.0092 1.0081 1.0039 1.0263 1.0345 1.044 1.0397 1.0075 1.0265 1.0025 1.0338 1.0122 1.0328 
1.0445 1.0157 1.0243 1.0337 1.0404 1.0481 1.0095 1.0441 1.0199 1.0005 1.0078 1.0121 1.0241 1.0125 1.0124 1.014 1.0259 1.0232 1.0068 1.0088 1.0352 1.0359 1.0076 1.036 1.0105 
1.0065 1.0169 1.0498 1.0302 1.0327 1.0476 1.0303 1.0097 1.0194 1.0005 1.0071 1.048 1.0219 1.0387 1.0237 1.0253 1.0274 1.0261 1.011 1.012 1.001 1.0335 1.0325 1.0208 1.0092 
1.0303 1.0295 1.019 1.0342 1.0073 1.0111 1.0223 1.015 1.0038 1.0265 1.034 1.0062 1.0313 1.0203 1.045 1.049 1.0148 1.0301 1.0286 1.0225 1.0336 1.0485 1.0251 1.0044 1.0249 
1.0205 1.0255 1.0481 1.0417 1.0331 1.0384 1.0074 1.0451 1.0105 1.0414 1.0452 1.0165 1.0334 1.0364 1.0287 1.0305 1.0225 1.0046 1.0207 1.0334 1.0049 1.0066 1.0165 1.0218 1.0181 
1.0279 1.0054 1.0163 1.0217 1.0129 1.0235 1.0136 1.048 1.0307 1.0481 1.0302 1.0055 1.0485 1.0431 1.0411 1.0206 1.035 1.0374 1.0149 1.0054 1.0293 1.0449 1.0066 1.037 1.037 
1.0449 1.0434 1.0382 1.0087 1.037 1.0005 1.0469 1.0383 1.0323 1.0015 1.0109 1.0407 1.0442 1.0362 1.0381 1.044 1.0443 1.0351 1.011 1.0136 1.0055 1.0127 1.0386 1.0324 1.0084 
1.0023 1.0437 1.0089 1.0087 1.0069 1.0328 1.019 1.0465 1.0205 1.0384 1.0046 1.0006 1.0377 1.0215 1.0062 1.0135 1.0469 1.0358 1.0457 1.0401 1.0141 1.0146 1.0321 1.0091 1.0083 
1.009 1.0009 1.0013 1.0159 1.0033 1.0133 1.0117 1.0478 1.0404 1.0454 1.049 1.0035 1.0255 1.0427 1.0258 1.0364 1.0029 1.0327 1.0308 1.028 1.0377 1.0247 1.0387 1.0331 1.0106 
1.0342 1.0258 1.0003 1.0117 1.0088 1.0172 1.025 1.0005 1.0468 1.0281 1.0308 1.0331 1.0345 1.0462 1.0098 1.0092 1.0206 1.0121 1.0031 1.0408 1.0237 1.0053 1.0126 1.0432 1.0201 
1.0189 1.0404 1.0438 1.034 1.0498 1.0267 1.0446 1.0175 1.0026 1.0056 1.0001 1.0415 1.0422 1.0229 1.0114 1.0192 1.0172 1.0185 1.0369 1.0264 1.0202 1.02 1.0083 1.0054 1.0085 
1.017 1.0409 1.0476 1.0169 1.0099 1.0192 1.0293 1.0432 1.0052 1.0481 1.0279 1.0145 1.0137 1.0455 1.0456 1.04 1.0146 1.0301 1.0143 1.0407 1.0091 1.0392 1.0482 1.021 1.0019 
1.0493 1.0162 1.0142 1.0223 1.0143 1.0058 1.0162 1.0106 1.0179 1.0307 1.0111 1.032 1.0395 1.0116 1.0266 1.0073 1.0192 1.0205 1.0296 1.0031 1.0155 1.0305 1.021 1.0275 1.0123 
1.042 1.0176 1.0336 1.0229 1.0294 1.029 1.0276 1.0188 1.0314 1.0145 1.0303 1.0286 1.0398 1.0235 1.0345 1.0239 1.0327 1.0479 1.0484 1.0304 1.0496 1.0255 1.009 1.0086 1.0298 
1.0174 1.0435 1.0252 1.0462 1.0196 1.0146 1.0402 1.0094 1.0308 1.0428 1.0264 1.04 1.0217 1.0238 1.0003 1.0001 1.0064 1.0309 1.0478 1.0338 1.0365 1.0131 1.0207 1.0405 1.036 
1.0287 1.0399 1.0453 1.0174 1.0307 1.0011 1.0169 1.0064 1.0225 1.0469 1.0018 1.0471 1.008 1.0174 1.0052 1.0169 1.0456 1.0353 1.0228 1.0435 1.0033 1.0084 1.0239 1.0043 1.0196 
1.0398 1.0333 1.0251 1.0322 1.0269 1.041 1.0135 1.0013 1.0144 1.0057 1.0404 1.0473 1.0147 1.0472 1.0469 1.0275 1.0209 1.0455 1.0323 1.0172 1.0307 1.0384 1.0383 1.0239 1.03 
1.0057 1.0026 1.0295 1.0413 1.028 1.0017 1.042 1.0441 1.0388 1.0234 1.002 1.0207 1.0417 1.0171 1.0215 1.0415 1.003 1 1.0146 1.0006 1.0325 1.0186 1.0087 1.0094 1.0371 
1.0411 1.0366 1.0465 1.0448 1.0099 1.0222 1.0089 1.0289 1.0485 1.0242 1.03 1.038 1.0178 1.0097 1.0185 1.0395 1.0329 1.0441 1.0139 1.0305 1.0397 1.03 1.0376 1.0218 1.0391 
1.0432 1.0468 1.0121 1.0339 1.0392 1.0423 1.0183 1.0071 1.0346 1.0217 1.0305 1.0025 1.008 1.0224 1.0174 1.0478 1.0366 1.0391 1.0262 1.0208 1.0004 1.0189 1.0134 1.0193 1.0075 
1.0244 1.0117 1.0496 1.0409 1.0067 1.0047 1.0412 1.0247 1.0442 1.0184 1.0235 1.0315 1.0248 1.0267 1.0013 1.0413 1.0425 1.0287 1.032 1.0149 1.0121 1.0353 1.001 1.0005 1.0161 
1.0191 1.0148 1.0381 1.0229 1.0237 1.0086 1.0228 1.0105 1.0438 1.0445 1.0072 1.028 1.0102 1.0344 1.0318 1.0238 1.0145 1.001 1.0139 1.0337 1.001 1.0118 1.0374 1.0018 1.0497 
1.024 1.0425 1.0449 1.0086 1.0296 1.0277 1.0454 1.0363 1.0461 1.0394 1.0297 1.0187 1.0479 1.0479 1.03 1.0356 1.0475 1.0288 1.0292 1.005 1.0266 1.0417 1.0197 1.0106 1.0325 
1.0148 1.037 1.0261 1.0413 1.0117 1.0328 1.0205 1.0031 1.0369 1.0286 1.0216 1.0157 1.0109 1.041 1.0246 1.0201 1.0337 1.0065 1.009 1.0217 1.0025 1.0308 1.0159 1.0343 1.0442 
1.0057 1.0449 1.0007 1.0128 1.0028 1.0133 1.0096 1.025 1.0047 1.0417 1.0292 1.0075 1.0448 1.0253 1.0191 1.01 1.0465 1.0013 1.0088 1.0242 1.0269 1.008 1.018 1.0233 1.0189 
1.0204 1.0283 1.0301 1.0441 1.0139 1.0329 1.0156 1.0248 1.0473 1.0499 1.0312 1.0269 1.0067 1.0262 1.0282 1.048 1.026 1.0327 1.0491 1.0372 1.0418 1.028 1.0166 1.0267 1.0291 
