5
1000
856 223 160 374 432 469 37 892 166 680 90 388 900 192 929 964 81 926 10 616 375 672 37 628 102 12 832 867 658 735 644 538 693 98 351 513 219 741 544 823 404 654 953 405 248 977 182 694 864 38 215 169 593 418 688 423 655 436 360 873 569 858 779 695 57 196 603 70 640 432 535 347 669 520 363 215 977 494 50 465 905 543 356 457 892 882 961 867 368 778 554 813 150 556 852 962 89 945 32 703 146 605 528 977 655 166 677 873 968 640 169 563 205 541 781 687 333 552 358 774 294 98 506 792 388 648 980 426 647 115 221 167 402 167 8 824 777 822 719 534 318 159 142 871 480 474 310 158 190 755 347 547 207 797 775 8 491 801 253 761 311 819 223 306 296 867 430 587 167 65 786 440 342 636 540 865 168 127 228 262 959 665 370 187 598 624 393 751 883 523 726 244 375 517 558 61 933 303 218 563 675 810 641 930 576 503 905 614 426 631 291 488 358 298 833 284 679 668 855 410 210 167 424 736 857 8 218 465 637 909 763 641 873 324 515 438 773 34 747 780 128 458 724 416 316 513 114 27 379 365 129 460 334 926 342 701 489 438 660 647 951 971 428 305 49 211 110 488 906 346 544 620 866 426 220 721 987 15 558 193 345 491 649 478 337 843 441 191 726 297 813 829 636 613 542 631 211 420 595 701 167 401 741 983 955 696 940 171 743 351 479 158 945 170 321 128 519 801 653 853 738 416 72 325 672 803 403 290 84 246 609 791 963 6 756 316 425 772 517 627 173 912 160 889 266 864 517 171 400 527 879 927 416 973 303 544 259 357 279 545 115 326 259 565 926 807 973 654 26 503 48 47 84 934 852 947 110 387 78 462 718 591 987 250 368 489 838 988 813 930 406 257 465 641 121 923 901 300 745 631 225 81 102 478 503 497 777 487 2 889 314 949 430 409 816 249 923 825 482 256 972 25 989 875 21 517 239 861 956 820 394 470 211 41 715 66 678 521 125 259 182 868 5 673 711 239 171 946 129 192 504 36 591 983 202 447 380 622 127 468 375 548 211 991 889 264 393 46 72 773 51 603 612 165 398 770 955 183 827 957 749 140 645 112 744 994 186 611 863 968 766 925 661 508 455 608 884 972 112 749 369 864 682 458 972 962 210 470 776 188 529 493 268 563 114 361 723 92 53 601 511 912 610 510 537 568 355 326 540 734 313 601 471 249 117 352 660 790 627 94 6 44 988 357 888 702 588 757 40 150 881 244 80 154 576 591 944 439 108 746 918 459 908 120 498 223 416 410 791 519 302 61 693 382 888 944 533 140 213 363 425 887 722 958 47 736 54 632 44 677 879 63 801 403 280 916 790 927 614 349 204 365 358 879 110 682 877 249 841 802 604 339 827 868 591 761 605 48 898 192 212 682 803 63 687 164 275 697 907 350 713 480 450 887 387 155 742 265 575 852 173 959 846 937 415 501 475 260 670 819 439 919 48 696 983 129 796 683 214 263 624 317 682 708 804 989 449 584 298 295 568 935 604 225 491 505 573 35 328 656 874 126 467 562 366 806 492 235 64 247 881 504 937 503 463 534 259 917 73 960 701 779 415 270 934 558 559 481 908 563 74 745 569 386 249 956 204 941 370 950 147 486 535 411 63 423 960 48 524 262 257 169 99 572 638 222 676 259 541 400 244 27 605 917 823 362 514 36 812 877 626 440 420 373 897 62 432 437 54 936 29 958 467 189 850 369 734 750 67 972 395 889 622 206 783 156 428 160 466 826 666 233 239 459 976 225 164 633 698 749 586 480 920 284 639 92 541 709 164 409 56 690 550 671 306 726 438 37 888 231 772 447 456 467 156 357 629 702 993 392 732 408 374 552 69 860 177 47 968 976 360 345 317 742 900 560 774 59 367 730 432 367 572 113 91 886 293 79 908 810 519 700 622 304 199 621 57 653 953 312 155 399 720 300 240 805 812 465 727 514 338 2 4 706 473 130 699 641 533 163 66 897 339 15 679 173 813 747 190 972 310 243 336 46 617 608 934 901 120 389 82 252 88 210 267 731 550 899 629 723 731 739 67 655 521 884 428 592 937 587 492 471 57 288 969 833 385 198 228 394 125 429 973 272 321 305 605 265 349 917 447 968 709 535 600 121 603 953 614 985 260 387 704 145 473 988 730 521 332 591 666 989 598 773 759 419 710 833 119 477 882 771 937 60 257 867 73 672 590 957 205 620 439 991 287 336 307 979 513 708 733 904 516 740 780 707 13 380 898 935 
76 89 471 300 428 
1.0482 1.0475 1.0219 1.0062 1.0051 
1.0381 1.0074 1.031 1.0496 1.0281 
1.032 1.0009 1.0251 1.047 1.012 
1.0435 1.0005 1.0453 1.0334 1.0131 
1.012 1.0452 1.0353 1.0149 1.0248 
1.041 1.0473 1.0032 1.0322 1.0208 
1.038 1.0338 1.0281 1.0103 1.045 
1.0137 1.0269 1.0172 1.0175 1.0424 
1.0185 1.0232 1.01 1.0187 1.0337 
1.0281 1.0282 1.0447 1.0144 1.0252 
1.0242 1.0009 1.0222 1.0041 1.0312 
1.0113 1.0381 1.0357 1.0499 1.0406 
1.0314 1.0278 1.0104 1.0497 1.0202 
1.0332 1.0082 1.0113 1.0006 1.0089 
1.0453 1.0481 1.0082 1.0269 1.0374 
1.0416 1.0268 1.0056 1.0123 1.0023 
1.0205 1.0117 1.0104 1.0194 1.0076 
1.012 1.0068 1.022 1.014 1.0006 
1.0348 1.0372 1.0046 1.0184 1.014 
1.0224 1.0138 1.0105 1.0403 1.0051 
1.0418 1.0088 1.0466 1.0272 1.0271 
1.0101 1.0212 1.038 1.0185 1.0459 
1.0344 1.006 1.0353 1.0138 1.0226 
1.0255 1.0069 1.0218 1.0123 1.0465 
1.0262 1.0099 1.0259 1.0473 1.0009 
1.035 1.0444 1.0041 1.0328 1.0236 
1.0205 1.0427 1.009 1.0074 1.0352 
1.0497 1.0417 1.0001 1.0184 1.0021 
1.0459 1.0406 1.0229 1.0398 1.0099 
1.0081 1.0385 1.0451 1.0017 1.0149 
1.0327 1.0217 1.0033 1.0243 1.0406 
1.0047 1.0188 1.0112 1.0396 1.0069 
1.0288 1.0064 1.0319 1.008 1.0301 
1.0201 1.0176 1.0229 1.0155 1.0107 
1.0135 1.0068 1.0122 1.0226 1.0182 
1.0212 1.0231 1.02 1.0397 1.0096 
1.0361 1.0375 1.0385 1.0252 1.028 
1.0074 1.0499 1.0183 1.0161 1.0059 
1.0192 1.0111 1.0078 1.0101 1.0243 
1.0339 1.0223 1.0307 1.0318 1.0448 
1.0273 1.0125 1.0108 1.0244 1.0134 
1.0461 1.0227 1.0391 1.0118 1.0157 
1.0009 1.0066 1.0308 1.0374 1.0389 
1.0021 1.0412 1.0097 1.0219 1.0303 
1.0235 1.0493 1.0416 1.0337 1.0339 
1.012 1.0279 1.0055 1.0029 1.0442 
1.0314 1.0042 1.0068 1.009 1.0189 
1.0327 1.0116 1.014 1.0007 1.0194 
1.0135 1.0175 1.0279 1.019 1.0422 
1.004 1.0283 1.008 1.0379 1.0414 
1.0482 1.0011 1.0182 1.0363 1.0271 
1.0327 1.0254 1.0259 1.0432 1.0105 
1.0478 1.0376 1.0284 1.0037 1.0111 
1.0369 1.016 1.0121 1.0419 1.024 
1.0288 1.0022 1.0006 1.0273 1.0461 
1.0124 1.0232 1.0248 1.0166 1.043 
1.018 1.0426 1.0244 1.0006 1.0363 
1.0174 1.0082 1.0338 1.0052 1.0259 
1.0209 1.012 1.033 1.0324 1.0003 
1.0104 1.0322 1.02 1.031 1.0151 
1.0019 1.0183 1.0452 1.045 1 
1.0145 1.0316 1.0047 1.0425 1.0089 
1.0187 1.0175 1.0388 1.0169 1.0392 
1.0245 1.0137 1.0072 1.0025 1.023 
1.0271 1.0192 1.0392 1.0293 1.0006 
1.0254 1.0064 1.0317 1.0434 1.0382 
1.0431 1.0269 1.0125 1.0379 1.0467 
1.0159 1.0427 1.0242 1.034 1.036 
1.0421 1.0105 1.0186 1.0362 1.0089 
1.0208 1.032 1.0439 1.0024 1.0423 
1.0164 1.0306 1.0265 1.0427 1.0459 
1.0072 1.0084 1.0313 1.0483 1.0392 
1.0186 1.0279 1.0051 1.035 1.03 
1.045 1.0459 1.0272 1.0414 1.0384 
1.0265 1.029 1.0497 1.0283 1.0319 
1.0144 1.025 1.0241 1.019 1.0325 
1.0473 1.0342 1.0414 1.0475 1.0198 
1.0466 1.0395 1.0428 1.0343 1.0331 
1.0092 1.0222 1.0166 1.0391 1.0434 
1.0027 1.0376 1.0434 1.0171 1.0286 
1.0162 1.0223 1.0095 1.0322 1.0391 
1.0363 1.0362 1.0116 1.0043 1.0266 
1.0403 1.0199 1.0359 1.0356 1.0313 
1.0052 1.0008 1.0111 1.0188 1.009 
1.0252 1.0155 1.0147 1.0071 1.0238 
1.0014 1.0079 1.0419 1.031 1.0386 
1.043 1.0337 1.0117 1.0243 1.0069 
1.0464 1.0042 1.0265 1.0246 1.0211 
1.0025 1.0413 1.0327 1.0076 1.0254 
1.0247 1.0247 1.0298 1.0449 1.0296 
1.0062 1.0345 1.0445 1.0313 1.0183 
1.011 1.0347 1.0312 1.0259 1.0243 
1.0485 1.0273 1.0453 1.0004 1.0338 
1.026 1.036 1.0479 1.0043 1.0125 
1.0221 1.0073 1.0259 1.0344 1.0333 
1.0033 1.0391 1.0474 1.0261 1.0076 
1.0121 1.0219 1.0244 1.047 1.0481 
1.0049 1.0465 1.0384 1.048 1.0477 
1.0446 1.0202 1.0249 1.0085 1.0308 
1.0472 1.043 1.0458 1.0216 1.0423 
1.0188 1.0295 1.0189 1.0217 1.0425 
1.0353 1.0031 1.0169 1.0428 1.0481 
1.0483 1.0391 1.0362 1.0247 1.0164 
1.0032 1.0081 1.0056 1.0269 1.0148 
1.0402 1.0105 1.0152 1.0489 1.011 
1.0453 1.0219 1.0332 1.0003 1.0049 
1.0085 1.0145 1.0392 1.0343 1.0175 
1.0068 1.0175 1.0034 1.0299 1.0073 
1.0224 1.0392 1.0161 1.0423 1.0362 
1.0275 1.0288 1.0124 1.0463 1.0008 
1.0331 1.0227 1.0491 1.0357 1.0089 
1.0392 1.0237 1.0261 1.0225 1.0317 
1.0055 1.015 1.0418 1.0213 1.0339 
1.0018 1.0019 1.0153 1.001 1.0346 
1.0486 1.016 1.0292 1.0315 1.043 
1.0259 1.0084 1.0033 1.0321 1.0093 
1.0205 1.0298 1.0167 1.0157 1.0369 
1.0187 1.024 1.015 1.0261 1.0341 
1.0024 1.0102 1.0054 1.0135 1.0137 
1.0022 1.0338 1.0318 1.0216 1.0213 
1.0242 1.0313 1.0176 1.0335 1.0346 
1.0342 1.0279 1.0091 1.0341 1.0384 
1.0167 1.0348 1.0079 1.023 1.0216 
1.0077 1.0004 1.0457 1.0058 1.01 
1.0475 1.0009 1.0162 1.0468 1.035 
1.0286 1.0432 1.0457 1.0124 1.0424 
1.0152 1.0359 1.0493 1.0059 1.0189 
1.0257 1.0293 1.0477 1.0316 1.0289 
1.0184 1.0256 1.0269 1.0285 1.0087 
1.0129 1.004 1.0072 1.0406 1.0285 
1 1.0029 1.0098 1.0261 1.004 
1.0102 1.0269 1.0177 1.0232 1.0461 
1.013 1.0001 1.0293 1.0344 1.0397 
1.0272 1.0116 1.0415 1.0165 1.0208 
1.0269 1.0126 1.0049 1.0373 1.0309 
1.0323 1.0323 1.0497 1.0281 1.0097 
1.0133 1.0465 1.0255 1.0286 1.0314 
1.0042 1.0214 1.0333 1.0251 1.0254 
1.0433 1.0431 1.0214 1.0159 1.0228 
1.0327 1.0165 1.024 1.0286 1.0017 
1.0495 1.0007 1.045 1.0021 1.0112 
1.0095 1.0433 1.0443 1.0147 1.0056 
1.0472 1.0248 1.0053 1.0047 1.029 
1.0242 1.0431 1.0314 1.0055 1.0165 
1.0278 1.0487 1.0203 1.0127 1.0166 
1.0228 1.0165 1.0341 1.0357 1.0119 
1.0496 1.033 1.0438 1.0491 1.0363 
1.0028 1.013 1.0346 1.0026 1.0112 
1.0309 1.0472 1.0496 1.0031 1.0344 
1.0221 1.0036 1.0062 1.0222 1.0454 
1.0361 1.0205 1.0112 1.0022 1.0445 
1.0028 1.0202 1.0482 1.0431 1.013 
1.0274 1.0093 1.0312 1.0379 1.0079 
1.033 1.0291 1.0343 1.0402 1.0383 
1.028 1.0323 1.0223 1.0399 1.0395 
1.0356 1.0232 1.0469 1.0124 1.0361 
1.0386 1.0323 1.0242 1.0274 1.0361 
1.0494 1.03 1.0139 1.0232 1.0183 
1.0476 1.0273 1.0027 1.0483 1.0002 
1.0443 1 1.0305 1.0211 1.0339 
1.0041 1.0328 1.0283 1.0092 1.0497 
1.0436 1.0255 1.0007 1.0252 1.0145 
1.0263 1.0121 1.0051 1.0459 1.0467 
1.0295 1.0407 1.021 1.0144 1.0487 
1.0294 1.0038 1.0366 1.0259 1.0345 
1.0135 1.0144 1.0131 1.0375 1.0253 
1.0415 1.0028 1.0237 1.0102 1.0198 
1.0493 1.0201 1.0166 1.0089 1.0213 
1.0485 1.0432 1.0361 1.0271 1.0274 
1.0156 1.0388 1.0333 1.0448 1.0008 
1.0357 1.0161 1.0191 1.0471 1.0022 
1.0019 1.0426 1.0302 1.0244 1.027 
1.0376 1.0153 1.0083 1.0061 1.0192 
1.0226 1.0123 1.0093 1.0265 1.0087 
1.0029 1.0038 1.0322 1.031 1.0294 
1.0073 1.027 1.0384 1.0013 1.0128 
1.0455 1.0055 1.0055 1.0236 1.0316 
1.0085 1.0484 1.0322 1.0088 1.0265 
1.0315 1.0249 1.0065 1.0468 1.0014 
1.0231 1.0418 1.005 1.0192 1.0246 
1.0384 1.0446 1.0291 1.0025 1.0467 
1.0163 1.0478 1.0007 1.0487 1.0101 
1.0433 1.0059 1.0017 1.0423 1.009 
1.0045 1.006 1.0006 1.0448 1.0379 
1.0423 1.0438 1.0141 1.0176 1.0204 
1.038 1.0362 1.0005 1.0041 1.0296 
1.001 1.0297 1.0111 1.0439 1.0211 
1.0018 1.0169 1.0171 1.0028 1.038 
1.023 1.021 1.0362 1.0146 1.0229 
1.0176 1.0085 1.0247 1.0475 1.0269 
1.0157 1.0043 1.0333 1.0035 1.0474 
1.0254 1.0212 1.0284 1.0165 1.0224 
1.0395 1.021 1.0417 1.0381 1.0461 
1.0478 1.0012 1.0343 1.0486 1.0078 
1.0333 1.0221 1.0302 1.0063 1.0398 
1.0086 1.0499 1.005 1.0133 1.0491 
1.0005 1.0126 1.0281 1.0038 1.0268 
1.0366 1.0302 1.0408 1.0206 1.0255 
1.0048 1.0135 1.0464 1.0178 1.0256 
1.0463 1.011 1.0423 1.0039 1.0425 
1.0024 1.0264 1.0017 1.0386 1.0131 
1.0263 1.0494 1.0411 1.0315 1.031 
1.0294 1.0449 1.0095 1.0314 1.007 
1.0263 1.0024 1.0345 1.0384 1.0121 
1.0497 1.0123 1.0059 1.0395 1.047 
1.0146 1.034 1.0422 1.0466 1.0118 
1.022 1.0139 1.0199 1.0406 1.044 
1.045 1.0377 1.0328 1.0221 1.0132 
1.0174 1.0086 1.0168 1.0316 1.0044 
1.0283 1.0165 1.0258 1.0135 1.0447 
1.0449 1.0097 1.0289 1.0163 1.0062 
1.03 1.0219 1.0164 1.029 1.0271 
1.0294 1.0088 1.0371 1.0423 1.047 
1.0046 1.0198 1.0317 1.0093 1.0257 
1.0005 1.033 1.0151 1.0075 1.0323 
1.0081 1.0385 1.0398 1.0325 1.0473 
1.0219 1.048 1.0194 1.0138 1.0251 
1.0063 1.0308 1.0285 1.0058 1.0343 
1.012 1.0474 1.0321 1.0339 1.0196 
1.0465 1.0377 1.0293 1.0158 1.0112 
1.0258 1.0034 1.0424 1.0064 1.017 
1.0305 1.033 1.0487 1.004 1.0043 
1.0164 1.0225 1.0239 1.0119 1.012 
1.0494 1.0441 1.0067 1.0134 1.0194 
1.0416 1.0127 1.019 1.0286 1.0239 
1.0328 1.0482 1.0254 1.0004 1.0356 
1.0121 1.0251 1.0317 1.0287 1.0143 
1.0231 1.036 1.0441 1.0462 1.0303 
1.0167 1.0015 1.0412 1.0245 1.0132 
1.0106 1.0434 1.0245 1.0386 1.0028 
1.0068 1.0281 1.0496 1.0096 1.0258 
1.0255 1.0097 1.0496 1.0407 1.0258 
1.0212 1.0237 1.0463 1.0441 1.0337 
1.0201 1.0446 1.0403 1.0268 1.0405 
1.0067 1.032 1.0046 1.036 1.0155 
1.0203 1.0485 1.0012 1.0075 1.046 
1.0035 1.0084 1.0186 1.0399 1.0046 
1.0358 1.0387 1.0418 1.0174 1.0461 
1.0497 1.0048 1.0208 1.0346 1.0224 
1.0415 1.0154 1.0334 1.0237 1.0023 
1.0146 1.0027 1.0389 1.0123 1.0151 
1.004 1.0131 1.0339 1.009 1.0241 
1.0486 1.0499 1.0002 1.0324 1.0452 
1.0387 1.0162 1.0121 1.0376 1.0139 
1.0447 1.0329 1.0401 1.0105 1.0244 
1.0349 1.0216 1.0392 1.0424 1.0499 
1.0076 1.048 1.0363 1.0429 1.048 
1.0284 1.0424 1.0301 1.0164 1.0374 
1.0123 1.0334 1.0116 1.0245 1.0326 
1.0248 1.045 1.0147 1.0485 1.0461 
1.0226 1.0233 1.0246 1.015 1.0387 
1.0316 1.0349 1.0088 1.0023 1.0153 
1.0072 1.0457 1.0302 1.0033 1.033 
1.0069 1.0359 1.0166 1.0429 1.0269 
1.0468 1.0096 1.0269 1.0321 1.0381 
1.0107 1.0011 1.0377 1.0383 1.0027 
1.0162 1.0018 1.0477 1.0345 1.0173 
1.0426 1.011 1.021 1.0362 1.0162 
1.0428 1.0234 1.0145 1.0182 1.0217 
1.0314 1.0003 1.0038 1.032 1.0425 
1.046 1.0318 1.0106 1.0004 1.0291 
1.0175 1.0201 1.0248 1.0186 1.0409 
1.0076 1.0016 1.0226 1.0497 1.0136 
1.0375 1.0415 1.0176 1.0043 1.0186 
1.0239 1.0038 1.0488 1.0194 1.0423 
1.0135 1.0435 1.0169 1.0151 1.0188 
1.0317 1.0474 1.0439 1.0042 1.0029 
1.0238 1.0498 1.036 1.0499 1.0125 
1.0478 1.0494 1.0205 1.0474 1.0411 
1.0236 1.0449 1.0478 1.0197 1.0295 
1.0083 1.0357 1.014 1.0286 1.0459 
1.035 1.0311 1.0421 1.0193 1.0276 
1.0317 1.0043 1.0151 1.0481 1.0017 
1.0248 1.0006 1.0044 1.0008 1.0013 
1.0169 1.0449 1.0139 1.0298 1.0066 
1.0204 1.0375 1.0336 1.043 1.0138 
1.0062 1.0201 1.0208 1.0439 1.011 
1.0269 1.0137 1.0345 1.0408 1.0199 
1.0114 1.0491 1.0161 1.0118 1.0285 
1.0173 1.0275 1.0156 1.0497 1.0107 
1.0487 1.0028 1.0373 1.0225 1.035 
1.0135 1.011 1.0115 1.0478 1.0338 
1.0296 1.006 1.0054 1.0257 1.0018 
1.0019 1.0468 1.0219 1.0285 1.0311 
1.0046 1.0004 1.0408 1.0079 1.0083 
1.0371 1.0457 1.0267 1.0148 1.0006 
1.0277 1.0258 1.0143 1.0439 1.0244 
1.0213 1.0022 1.03 1.0339 1.029 
1.0426 1.0272 1.0303 1.0472 1.0146 
1.0275 1.0003 1.0166 1.0347 1.02 
1.0173 1.037 1.0414 1.0126 1.0437 
1.0176 1.01 1.0482 1.0173 1.0271 
1.0108 1.0486 1.0244 1.0195 1.003 
1.0108 1.0418 1.0232 1.0459 1.0072 
1.0175 1.0222 1.0009 1.004 1.0407 
1.0393 1.02 1.0319 1.0233 1.0015 
1.0154 1.0108 1.0035 1.0236 1.0163 
1.03 1.0418 1.0093 1.0467 1.0069 
1.0106 1.0216 1.0484 1.0464 1.018 
1.0062 1.0482 1.0197 1.0498 1.0054 
1.0125 1.0413 1.0127 1.0274 1.0023 
1.0409 1.0068 1.0136 1.0046 1.0329 
1.017 1.0147 1.0145 1.0403 1.038 
1.0077 1.0373 1.0246 1.0151 1.0282 
1.0289 1.0245 1.0004 1.0158 1.0066 
1.0292 1.0222 1.034 1.0106 1.0001 
1.0362 1.0317 1.0449 1.0266 1.0091 
1.0451 1.0342 1.0442 1.0017 1.0268 
1.0172 1.0301 1.0392 1.0281 1.012 
1.0182 1.0452 1.0158 1.0052 1.0364 
1.036 1.0337 1.048 1.0062 1.0315 
1.0179 1.004 1.027 1.0126 1.0489 
1.0127 1.0111 1.012 1.0106 1.0055 
1.0255 1.0083 1.0201 1.0388 1.0305 
1.0187 1.0346 1.0493 1.0144 1.0332 
1.0278 1.0388 1.0335 1.0195 1.0463 
1.0137 1.0269 1.0352 1.0488 1.0467 
1.0296 1.0223 1.0112 1.0322 1.045 
1.0268 1.0036 1.0276 1.0257 1.0389 
1.0072 1.0421 1.0256 1.0202 1.0075 
1.0392 1.0493 1.0014 1.0254 1.0121 
1.048 1.0077 1.0137 1.0372 1.0355 
1.0128 1.0267 1.0259 1.0332 1.0325 
1.0411 1.0251 1.0396 1.0415 1.0355 
1.0451 1.0297 1.0144 1.0454 1.0097 
1.0426 1.0485 1.0349 1.0297 1.0325 
1.0205 1.0301 1.0131 1.0334 1.0206 
1.0363 1.0096 1.015 1.0265 1.0303 
1.0272 1.0299 1.0436 1.0102 1.0443 
1.0062 1.0289 1.0351 1.0186 1.0104 
1.0084 1.0024 1.0199 1.0489 1.0369 
1.0122 1.0215 1.001 1.0495 1.0401 
1.0054 1.0002 1.02 1.0481 1.0228 
1.0256 1.0403 1.0337 1.0119 1.0443 
1.0454 1.0288 1.0101 1.0089 1.0075 
1.0294 1.0176 1.0224 1.0181 1.0299 
1.0095 1.0266 1.0158 1.0063 1.0498 
1.046 1.0144 1.0025 1.0029 1.0465 
1.0013 1.0413 1.026 1.0239 1.0415 
1.0156 1.0279 1.0019 1.032 1.0133 
1.0353 1.0361 1.0057 1.0083 1.0414 
1.0483 1.0237 1.0456 1.0374 1.0066 
1.0057 1.0316 1.0418 1.0288 1.0265 
1.0403 1.0441 1.0284 1.0093 1.0323 
1.0019 1.0079 1.0097 1.0397 1.0412 
1.0277 1.0162 1.0209 1.0264 1.0447 
1.0338 1.0159 1.0086 1.0394 1.0338 
1.0285 1.0347 1.0299 1.0386 1.0195 
1.0345 1.048 1.002 1.0138 1.014 
1.0448 1.0109 1.0268 1.0315 1.0327 
1.0156 1.0315 1.0441 1.0204 1.0044 
1.0316 1.0433 1.0498 1.0177 1.0462 
1.0172 1 1.011 1.0418 1.0107 
1.0208 1.0217 1.0165 1.0045 1.0191 
1.0185 1.0137 1.013 1.0111 1.0368 
1.014 1.0019 1.0084 1.0057 1.0139 
1.0336 1.0363 1.0161 1.0477 1.0132 
1.0096 1.019 1.0463 1.0444 1.0271 
1.0047 1.0379 1.007 1.0398 1.0289 
1.0171 1.0327 1.0225 1.0429 1.01 
1.0267 1.0446 1.0072 1.047 1.0428 
1.0085 1.0479 1.0143 1.0166 1.037 
1.0019 1.0288 1.0417 1.0118 1.0323 
1.0158 1.0203 1.0272 1.0071 1.0153 
1.0187 1.0449 1.0177 1.0333 1.0303 
1.0033 1.027 1.0434 1.0354 1.0008 
1.0368 1.0141 1.0013 1.0147 1.0449 
1.0103 1.0099 1.0176 1.0122 1.0302 
1.0194 1.0345 1.0369 1.0242 1.036 
1.0335 1.0176 1.0346 1.0114 1.0114 
1.0191 1.0191 1.0176 1.0062 1.0163 
1.03 1.0061 1.0326 1.0412 1.0246 
1.0493 1.014 1.0276 1.0017 1.04 
1.0212 1.0493 1.0272 1.02 1.0442 
1.0381 1.045 1.0069 1.0113 1.0488 
1.0322 1.0436 1.0169 1.0174 1.0436 
1.0334 1.0339 1.0129 1.044 1.0047 
1.0128 1.0149 1.0199 1.0314 1.0295 
1.0346 1.0439 1.0439 1.0387 1.025 
1.006 1.0051 1.0388 1.008 1.02 
1.0482 1.0357 1.0264 1.0327 1.003 
1.0074 1.0223 1.0103 1.0338 1.0226 
1.009 1.0001 1.0178 1.0264 1.013 
1.0253 1.0094 1.0342 1.0202 1.0091 
1.0074 1.0062 1.0441 1.0102 1.0388 
1.0496 1.031 1.0009 1.017 1.0059 
1.0125 1.0404 1.0321 1.0107 1.0362 
1.0044 1.013 1.03 1.0464 1.0454 
1.0156 1.0397 1.0119 1.0217 1.047 
1.0035 1.021 1.0041 1.0347 1.0115 
1.0244 1.0175 1.0431 1.0041 1.0301 
1.0115 1.0124 1.0163 1.0255 1.0281 
1.0273 1.0137 1.0014 1.0155 1.0362 
1.0366 1.0157 1.0157 1.0464 1.0391 
1.0297 1.0498 1.0477 1.0182 1.0007 
1.0435 1.0383 1.0366 1.0121 1.0474 
1.0225 1.0381 1.0277 1.0292 1.0023 
1.0054 1.0266 1.0381 1.02 1.03 
1.0079 1.0395 1.0385 1.0134 1.0365 
1.025 1.0335 1.0217 1.0247 1.0059 
1.0476 1.0279 1.0315 1.0384 1.0478 
1.0137 1.0188 1.0379 1.0364 1.0335 
1.0387 1.0473 1.0113 1.0447 1.0462 
1.0457 1.003 1.0411 1.0447 1.0025 
1.0255 1.0267 1.0124 1.0048 1.0377 
1.0162 1.0035 1.0044 1.0475 1.0032 
1.0049 1.0086 1.0118 1.0264 1.0114 
1.032 1.0334 1.0194 1.0147 1.0218 
1.0173 1.032 1.0463 1.0024 1.0286 
1.0373 1.0311 1.0291 1.0442 1.0366 
1.0158 1.0034 1.0466 1.0372 1.0051 
1.0111 1.0166 1.0434 1.042 1.0114 
1.0135 1.0059 1.017 1.0213 1.0423 
1.021 1.0026 1.0465 1.0149 1.0342 
1.0024 1.0492 1.0151 1.0064 1.0114 
1.0099 1.0484 1.0203 1.0456 1.0126 
1.0333 1.043 1.0481 1.0081 1.0327 
1.0443 1.0212 1.0025 1.0478 1.0456 
1.0079 1.0328 1.0405 1.0066 1.0036 
1.0289 1.0198 1.0314 1.0351 1.0308 
1.0151 1.0175 1.0079 1.038 1.0145 
1.0411 1.0036 1.0462 1.0339 1.0393 
1.0148 1.0129 1.005 1.0483 1.0469 
1.0434 1.0104 1.0221 1.0275 1.021 
1.0087 1.0337 1.015 1.0381 1.0496 
1.0001 1.0457 1.0373 1.0099 1.0138 
1.0428 1.036 1.0069 1.0078 1.0424 
1.0203 1.0083 1.0465 1.0465 1.0167 
1.018 1.0151 1.0492 1.0144 1.0254 
1.0237 1.0214 1.008 1.0185 1.016 
1.0027 1.0457 1.0077 1.0286 1.0467 
1.0386 1.0121 1.0064 1.0366 1.0094 
1.0023 1.0275 1.0298 1.0122 1.0486 
1.0348 1.029 1.0224 1.0474 1.0269 
1.0373 1.0493 1.0298 1.0365 1.0212 
1.0425 1.038 1.0236 1.0239 1.0299 
1.0421 1.0433 1.0413 1.043 1.0306 
1.0109 1.0335 1.0086 1.0346 1.0367 
1.0279 1.0292 1.0017 1.049 1.0006 
1.0153 1.0254 1.0299 1.003 1.0312 
1.0064 1.0129 1.0431 1.031 1.011 
1.0407 1.0188 1.0093 1.048 1.0356 
1.0342 1.0433 1.0092 1.0429 1.0461 
1.0202 1.0484 1.0376 1.033 1.041 
1.0474 1.0238 1.0368 1.0178 1.0333 
1.0269 1.0329 1.027 1.0314 1.0392 
1.0116 1.0242 1.0219 1.0217 1.0353 
1.0174 1.0495 1.0097 1.0116 1.0219 
1.0383 1.0305 1.0053 1.0271 1.0102 
1.025 1.0051 1.0289 1.0363 1.0093 
1.03 1.0381 1.0462 1.0025 1.0157 
1.0337 1.034 1.031 1.009 1.0081 
1.0337 1.0072 1.0372 1.0467 1.0079 
1.0035 1.0317 1.0007 1.0261 1.024 
1.0312 1.0205 1.0423 1.0159 1.0177 
1.0436 1.0124 1.0182 1.0487 1.031 
1.0469 1.0298 1.0024 1.0244 1.02 
1.0453 1.0289 1.0064 1.0181 1.0032 
1.0271 1.0413 1.0423 1.0034 1.001 
1.0043 1.0095 1.0152 1.0008 1.0446 
1.0376 1.0282 1.0015 1.0399 1.009 
1.0058 1.045 1.0301 1.0184 1.026 
1.0121 1.0026 1.0412 1.009 1.0056 
1.0303 1.0003 1.0496 1.003 1.0491 
1.0348 1.0026 1.0166 1.0422 1.0101 
1.0117 1.0093 1.0469 1.0031 1.0004 
1.0345 1.0158 1.0005 1.0228 1.0282 
1.029 1.0076 1.0438 1.0416 1.0037 
1.0277 1.0199 1.0228 1.0373 1.0111 
1.0204 1.0182 1.0117 1.0115 1.0384 
1.0494 1.0196 1.0074 1.0414 1.0033 
1.029 1.0058 1.0183 1.0074 1.035 
1.0195 1.0359 1.0486 1.0364 1.0239 
1.0459 1.0021 1.0006 1.0188 1.0408 
1.0318 1.003 1.0088 1.0201 1.0169 
1.0194 1.0263 1.0442 1.0463 1.027 
1.0477 1.0219 1.0418 1.0393 1.017 
1.0451 1.0101 1.0414 1.0178 1.0235 
1.0257 1.0465 1.0172 1.0282 1.0089 
1.0011 1.0098 1.0142 1.0064 1.0082 
1.0278 1.0102 1.0138 1.0496 1.0431 
1.0413 1.0192 1.0437 1.0143 1.0203 
1.0391 1.0371 1.0456 1.0395 1.0193 
1.0402 1.0296 1.0421 1.037 1.0293 
1.0273 1.0333 1.003 1.0003 1.0429 
1.0239 1.032 1.0101 1.0031 1.032 
1.0326 1.0426 1.0242 1.0221 1.0126 
1.0408 1.0349 1.0199 1.0129 1.0227 
1.0071 1.0183 1.0497 1.0052 1.008 
1.0447 1.0029 1.0256 1.012 1.0244 
1.0343 1.0141 1.0084 1.0145 1.0473 
1.0023 1.0138 1.0228 1.0273 1.0162 
1.0413 1.0095 1.0077 1.0392 1.0289 
1.0138 1.0271 1.0262 1.0047 1.0371 
1.0236 1.0096 1.018 1.0446 1.0051 
1.0468 1.0074 1.043 1.002 1.0091 
1.0355 1.0404 1.0225 1.0198 1.0046 
1.0127 1.0214 1.0494 1.0124 1.0343 
1.012 1.0247 1.0048 1.0442 1.0239 
1.0434 1.0438 1.0448 1.0028 1.0309 
1.0424 1.0457 1.0084 1.0215 1.0376 
1.0156 1.0055 1.03 1.032 1.0082 
1.0115 1.045 1.006 1.0217 1.0261 
1.0265 1.022 1.0147 1.0304 1.0024 
1.045 1.0282 1.0467 1.0396 1.0204 
1.0088 1.0089 1.0452 1.0485 1.0186 
1.0127 1.0362 1.0004 1.0201 1.0134 
1.0129 1.0185 1.0041 1.0482 1.0252 
1.0169 1.0354 1.0186 1.0053 1.0304 
1.0099 1.0125 1.0398 1.0433 1.0325 
1.0344 1.0396 1.0492 1.0304 1.0188 
1.0208 1.0006 1.0211 1.0487 1.0183 
1.0306 1.0418 1.003 1.022 1.0079 
1.0331 1.0198 1.0093 1.0103 1.0394 
1.0344 1.0051 1.0126 1.0146 1.0385 
1.0494 1.027 1.0299 1.0301 1.0408 
1.0101 1.0193 1.0126 1.0035 1.0207 
1.0304 1.0129 1.0308 1.0345 1.0238 
1.0217 1.0075 1.009 1.0307 1.0171 
1.0476 1.0298 1.0487 1.0244 1.0432 
1.0009 1.0141 1.0352 1.0181 1.0361 
1.011 1.0055 1.0234 1.0382 1.0127 
1.0475 1.0399 1.014 1.0071 1.0258 
1.0236 1.0094 1.044 1.0404 1.0075 
1.047 1.0473 1.0378 1.0179 1.0301 
1.008 1.002 1.0246 1.0004 1.0062 
1.0056 1.0414 1.0291 1.0007 1.0492 
1.0187 1.0005 1.031 1.0358 1.022 
1.0412 1.0032 1.0101 1.0001 1.0127 
1.0388 1.0235 1.0203 1.0197 1.0271 
1.0098 1.0182 1.0092 1.0276 1.0227 
1.0491 1.0249 1.0103 1.0213 1.0169 
1.0006 1.0126 1.0305 1.0482 1.0149 
1.0085 1.0214 1.0369 1.0351 1.0294 
1.0108 1.0194 1.0177 1.0223 1.0337 
1.0095 1.0029 1.0358 1.0175 1.005 
1.014 1.0385 1.0298 1.0289 1.0351 
1.042 1.0372 1.0344 1.0488 1.0035 
1.0464 1.0373 1.0002 1.0004 1.0053 
1.0148 1.0328 1.0261 1.0243 1.0282 
1.0117 1.0326 1.0206 1.038 1.0268 
1.0078 1.0109 1.036 1.0278 1.0146 
1.0044 1.0063 1.0056 1.0274 1.0098 
1.0347 1.0083 1.0355 1.0273 1.0014 
1.0185 1.0368 1.0183 1.0084 1.039 
1.0433 1.021 1.0174 1.0187 1.0061 
1.0003 1.0275 1.0489 1.0386 1.0208 
1.0107 1.0125 1.0007 1.0081 1.0494 
1.0271 1.0097 1.0431 1.0366 1.0192 
1.019 1.002 1.0368 1.0249 1.0322 
1.0278 1.0185 1.0017 1.0462 1.0288 
1.0475 1.0226 1.0131 1.0041 1.0117 
1.029 1.0035 1.0458 1.0219 1.0007 
1.0135 1.0485 1.0111 1.0465 1.0016 
1.0423 1.0221 1.0491 1.0037 1.0312 
1.0296 1.0037 1.0289 1.0165 1.0353 
1.004 1.0205 1.0355 1.0144 1.0274 
1.0474 1.0429 1.0017 1.0296 1.0036 
1.0429 1.0252 1.0354 1.0373 1.0003 
1.0243 1.0246 1.0447 1.0067 1.0035 
1.0083 1.0447 1.027 1.0254 1.019 
1.028 1.0246 1.0025 1.0194 1.0255 
1.0333 1.029 1.0308 1.0141 1.0055 
1.0087 1.0222 1.0194 1.0227 1.0004 
1.0246 1.0299 1.0416 1.0488 1.0334 
1.0326 1.0112 1.0267 1.0102 1.0219 
1.01 1.0396 1.0051 1.0239 1.0261 
1.0365 1.0013 1.0049 1.0451 1.0168 
1.0275 1.0409 1.006 1.003 1.0102 
1.0444 1.0355 1.0423 1.0009 1.0211 
1.0109 1.0416 1.0219 1.0019 1.0356 
1.038 1.0266 1.0477 1.0419 1.0234 
1.0203 1.0224 1.0317 1.0385 1.0253 
1.0164 1.0309 1.0117 1.0031 1.0051 
1.0225 1.0482 1.0472 1.0365 1.0385 
1.011 1.0129 1.0184 1.0047 1.036 
1.0022 1.0213 1.0169 1.033 1.0484 
1.0246 1.0262 1.0118 1.023 1.0012 
1.0101 1.0113 1.0142 1.0484 1.0106 
1.0335 1.0154 1.0325 1.0258 1.0295 
1.0244 1.0212 1.0489 1.0362 1.0022 
1.0108 1.0086 1.0394 1.0293 1.0071 
1.0311 1.0085 1.0497 1.0221 1.0305 
1.0309 1.0004 1.0279 1.0498 1.0302 
1.0387 1.0178 1.0033 1.0359 1.0366 
1.0277 1.0439 1.0218 1.0494 1.016 
1.0492 1.0242 1.0081 1.0171 1.0319 
1.0113 1.0204 1.0187 1.0441 1.0001 
1.0391 1.0107 1.0446 1.0122 1.0214 
1.0085 1.035 1.0443 1.0207 1.033 
1.0012 1.0174 1.0172 1.0091 1.0133 
1.0256 1.0055 1.0254 1.0407 1.0181 
1.0055 1.0436 1.0362 1.0059 1.0432 
1.0016 1.0339 1.041 1.0414 1.0248 
1.0467 1.0075 1.0218 1.0203 1.0338 
1.0209 1.0498 1.0259 1.0444 1.0377 
1.0414 1.0363 1.0444 1.0379 1.0334 
1.0163 1.0283 1.031 1.0049 1.0318 
1.026 1.0476 1.0239 1.0021 1.0226 
1.037 1.0084 1.0283 1.0364 1.0374 
1.0253 1.0005 1.0148 1.0053 1.0158 
1.0254 1.0061 1.0416 1.0252 1.0025 
1.0427 1.0213 1.0139 1.0254 1.0481 
1.0475 1.0432 1.0442 1.0105 1.0119 
1.0385 1.0127 1.0328 1.03 1.0417 
1.0383 1.0406 1.0358 1.0246 1.0492 
1.026 1.0229 1.0204 1.0268 1.0007 
1.0323 1.0364 1.0338 1.0472 1.0491 
1.0388 1.0233 1.0375 1.0147 1.0293 
1.0167 1.0468 1.039 1.007 1.0272 
1.0453 1.0467 1.0491 1.048 1.0296 
1.0453 1.0345 1.0019 1.0035 1.0427 
1.0328 1.0379 1.0081 1.0374 1.0295 
1.0219 1.0038 1.0404 1.0111 1.0282 
1.0351 1.0359 1.0166 1.0098 1.0135 
1.0095 1.0281 1.041 1.0101 1.0228 
1.0432 1.033 1.0224 1.0467 1.0257 
1.0161 1.0003 1.0178 1.002 1.0327 
1.0408 1.0042 1.0165 1.0128 1.0432 
1.0349 1.0063 1.0297 1.0467 1.0269 
1.0139 1.0094 1.033 1.0047 1.0391 
1.0167 1.0024 1.0299 1.0137 1.0275 
1.0428 1.0464 1.0211 1.0426 1.0245 
1.0255 1.0273 1.017 1.0143 1.0324 
1.0017 1.0236 1.0095 1.0155 1.0289 
1.0372 1.0304 1.0103 1.039 1.0114 
1.0259 1.0413 1.008 1.0266 1.0392 
1.0261 1.0411 1.0286 1.013 1.0226 
1.0088 1.0003 1.0421 1.025 1.0214 
1.0133 1.0386 1.0222 1.025 1.0491 
1.0258 1.0182 1.0225 1.0079 1.0435 
1.0277 1.0125 1.0225 1.0347 1.0188 
1.0207 1.0042 1.0382 1.0393 1.0031 
1.047 1.0178 1.0074 1.0384 1.0434 
1.0473 1.0398 1.029 1.0316 1.0332 
1.0111 1.0489 1.0428 1.0445 1.0052 
1.0365 1.002 1.0013 1.0417 1.0342 
1.0178 1.0199 1.0445 1.006 1.0252 
1.0023 1.0136 1.0483 1.0357 1.0308 
1.0253 1.0479 1.013 1.0145 1.024 
1.0016 1.0387 1.0381 1.0328 1.0096 
1.0387 1.0372 1.0247 1.0433 1.0349 
1.0299 1.0419 1.0488 1.0405 1.0228 
1.0333 1.0346 1.0298 1.02 1.0182 
1.0375 1.0234 1.0454 1.0045 1.0272 
1.0363 1.0476 1.0328 1.0413 1.0082 
1.0402 1.0151 1.0358 1.0057 1.0381 
1.0087 1.0249 1.0105 1.0302 1.0461 
1.0485 1.0002 1.0488 1.0052 1.0117 
1.0475 1.0039 1.0141 1.0293 1.0464 
1.0486 1.0305 1.0312 1.0397 1.0074 
1.0462 1.0169 1.0232 1.0099 1.0478 
1.0407 1.0183 1.0416 1.0339 1.0203 
1.0384 1.0042 1.0003 1.0225 1.0304 
1.0038 1.0002 1.0397 1.0357 1.0092 
1.0442 1.0248 1.004 1.0238 1.0461 
1.0013 1.0299 1.034 1.019 1.0045 
1.0223 1.0243 1.0301 1.0047 1.0468 
1.009 1.032 1.0272 1.0431 1.0038 
1.0242 1.0189 1.0444 1.0364 1.043 
1.0125 1.0306 1.008 1.0257 1.0198 
1.0184 1.0426 1.0367 1.0268 1.0129 
1.02 1.0287 1.0188 1.0062 1.0016 
1.0396 1.0405 1.0102 1.0407 1.0422 
1.0124 1.0407 1.0398 1.003 1.0009 
1.0347 1.0435 1.0443 1.0235 1.011 
1.0119 1.0242 1.028 1.011 1.0083 
1.0255 1.0263 1.0154 1.0007 1.0095 
1.0225 1.0451 1.0191 1.032 1.0273 
1.0007 1.0304 1.0116 1.0421 1.0412 
1.0129 1.0291 1.0166 1.0449 1.0446 
1.0003 1.0016 1.0132 1.0432 1.0196 
1.0102 1.0352 1.0315 1.0107 1.0146 
1.0199 1.0288 1.0163 1.0476 1.0198 
1.0428 1.0455 1.0131 1.0196 1.0093 
1.0067 1.0269 1.0325 1.0197 1.0225 
1.028 1.0476 1.036 1.0277 1.0445 
1.0131 1.0121 1.0464 1.0384 1.02 
1.0241 1.0094 1.0064 1.0243 1.0464 
1.0414 1.018 1.0275 1.0324 1.029 
1.0302 1.0118 1.0175 1.0031 1.0159 
1.0274 1.0143 1.0278 1.0487 1.0236 
1.0191 1.0428 1.0134 1.0102 1.0405 
1.0395 1.0348 1.0051 1.0082 1.0125 
1.0133 1.0185 1.039 1.044 1.024 
1.0188 1.0081 1.0379 1.0193 1.0217 
1.0437 1.0156 1.0284 1.0081 1.0044 
1.0162 1.0444 1.0271 1.0464 1.0273 
1.0087 1.0024 1.0054 1.0184 1.026 
1.0046 1.042 1.033 1.0307 1.0106 
1.0494 1.0221 1.0212 1.0434 1.0063 
1.0178 1.0258 1.0153 1.0383 1.0241 
1.0229 1.0157 1.0459 1.008 1.0474 
1.0283 1.0301 1.0249 1.0246 1.0261 
1.0266 1.0317 1.047 1.0377 1.0253 
1.021 1.0201 1.0011 1.0217 1.0413 
1.0262 1.0097 1.0257 1.0048 1.0263 
1.0474 1.0295 1.009 1.0327 1.0208 
1.0358 1.046 1.0224 1.0139 1.038 
1.0362 1.0236 1.002 1.0212 1.0447 
1.0289 1.0299 1.0143 1.0314 1.0382 
1.0011 1.0262 1.0013 1.0321 1.0187 
1.0423 1.0342 1.0038 1.035 1.0471 
1.0123 1.0057 1.0319 1.0475 1.0202 
1.0466 1.0019 1.0462 1.0326 1.0079 
1.0227 1.027 1.0176 1.0015 1.0224 
1.0283 1.0205 1.0494 1.0352 1.008 
1.0075 1.035 1.001 1.0287 1.0394 
1.0252 1.0442 1.0091 1.0493 1.0161 
1.0331 1.0008 1.029 1.0127 1.0464 
1.0379 1.011 1.0239 1.0052 1.019 
1.0112 1.0121 1.0397 1.0359 1.0331 
1.0066 1.0355 1.0484 1.0422 1.0405 
1.0142 1.0145 1.0016 1.0475 1.0022 
1.0077 1.0141 1.0287 1.0394 1.0322 
1.0151 1.0314 1.0031 1.0011 1.0344 
1.0099 1.0317 1.0403 1.0087 1.0023 
1.0173 1.024 1.0157 1.0071 1.0109 
1.0225 1.0282 1.0386 1.0242 1.0327 
1.0131 1.0064 1.0068 1.0026 1.0267 
1.0407 1.0027 1.0312 1.0333 1.0341 
1.0112 1.0173 1.0204 1.0182 1.0077 
1.0093 1.0446 1.0364 1.0038 1.0295 
1.0312 1.0236 1.0012 1.0042 1.0283 
1.0111 1.0039 1.0033 1.0155 1.0353 
1.0275 1.0026 1.0048 1.0141 1.0246 
1.0298 1.0057 1.0337 1.0141 1.0443 
1.0307 1.0331 1.0344 1.0487 1.0483 
1.0499 1.0163 1.0066 1.0207 1.0171 
1.0235 1.019 1.0339 1.0345 1.0332 
1.0301 1.0106 1.0088 1.0043 1.0102 
1.0218 1.0125 1.0447 1.0332 1.0216 
1.0499 1.0044 1.0391 1.0297 1.0037 
1.0277 1.016 1.0458 1.0331 1.009 
1.0259 1.0193 1.0076 1.008 1.005 
1.03 1.0231 1.0464 1.0077 1.0161 
1.0159 1.0461 1.0225 1.0499 1.0307 
1.0462 1.0374 1.0112 1.0366 1.0083 
1.016 1.0168 1.0431 1.0474 1.0351 
1.0497 1.0056 1.0409 1.0153 1.0171 
1.0079 1.0031 1.0336 1.0177 1.0002 
1.0184 1.0365 1.0152 1.0184 1.0497 
1.0297 1.038 1 1.0327 1.0453 
1.0394 1.0202 1.0082 1.0103 1.0421 
1.0354 1.0337 1.0003 1.0227 1.0191 
1.0068 1.0347 1.0113 1.0021 1.0151 
1.0315 1.0353 1.0239 1.0061 1.0491 
1.0492 1.0212 1.0163 1.0102 1.0216 
1.0098 1.0322 1.0343 1.0004 1.0267 
1.0422 1.0435 1.0442 1.0436 1.0213 
1.0006 1.0332 1.0415 1.0467 1.0053 
1.0242 1.0161 1.0271 1.0167 1.0242 
1.0336 1.0409 1.0346 1.0473 1.0205 
1.033 1.0008 1.0494 1.0418 1.0341 
1.0091 1.0468 1.047 1.0411 1.0298 
1.0449 1.0405 1.0106 1.0049 1.0124 
1.0065 1.0269 1.0043 1.021 1.0417 
1.0291 1.0237 1.0084 1.0185 1.0277 
1.0182 1.012 1.0254 1.0193 1.0109 
1.0487 1.0231 1.0128 1.0399 1.0018 
1.0144 1.0338 1.0358 1.0175 1.0223 
1.0149 1.0361 1.0037 1.0169 1.0303 
1.0216 1.0407 1.0378 1.0456 1.017 
1.0326 1.0002 1.0499 1.0489 1.0114 
1.0265 1.0231 1.0458 1.0354 1.0034 
1.011 1.0046 1.0374 1.0301 1.0001 
1.0456 1.0004 1.0191 1.0338 1.0472 
1.0362 1.0477 1.017 1.0119 1.0467 
1.0127 1.0269 1.0092 1.0052 1.025 
1.0156 1.0354 1.0057 1.0432 1.0074 
1.0011 1.0288 1.0372 1.0226 1.0337 
1.0265 1.0016 1.0099 1.0027 1.0406 
1.0289 1.0208 1.0126 1.0301 1.0206 
1.0394 1.0237 1.0076 1.0245 1.0291 
1.0013 1.0109 1.0123 1.0361 1.0301 
1.0074 1.0093 1.0239 1.0257 1.0454 
1.0242 1.0368 1.0172 1.0013 1.0131 
1.0068 1.0088 1.0276 1.0085 1.0166 
1.0197 1.038 1.0305 1.0188 1.0247 
1.0433 1.0382 1.0424 1.0192 1.039 
1.0002 1.0313 1.0103 1.0208 1.0082 
1.0497 1.047 1.0014 1.0175 1.002 
1.0085 1.0478 1.0477 1.0064 1.0184 
1.0025 1.0064 1.0283 1.0063 1.022 
1.0203 1.0414 1.0436 1.008 1.008 
1.0135 1.0237 1.0295 1.0185 1.0109 
1.0114 1.0167 1.0384 1.0251 1.0069 
1.0183 1.0239 1.0234 1.0232 1.0472 
1.0461 1.0495 1.0239 1.0497 1.0332 
1.0144 1.0155 1.0281 1.0189 1.0377 
1.0038 1.03 1.0345 1.0047 1.0324 
1.0117 1.0079 1.042 1.0137 1.0156 
1.0433 1.0266 1.0248 1.0492 1.0492 
1.0032 1.0443 1.0326 1.0106 1.0157 
1.0456 1.0267 1.0379 1.0412 1.0435 
1.0482 1.0207 1.0491 1.0233 1.0065 
1.0153 1.0004 1.0336 1.0433 1.0328 
1.0065 1.0016 1.0092 1.0121 1.0131 
1.0106 1.0496 1.0218 1.0041 1.0144 
1.0045 1.0049 1.0142 1.0412 1.0339 
1.0008 1.0448 1.0208 1.0279 1.0479 
1.0235 1.0276 1.0082 1.0386 1.0285 
1.0337 1.038 1.0061 1.0103 1.0171 
1.0371 1.0018 1.0104 1.0334 1.0129 
1.0294 1.0304 1.0426 1.0129 1.0442 
1.0416 1.0054 1.0493 1.0243 1.0404 
1.0481 1.006 1.0348 1.0161 1.0132 
1.0146 1.0279 1.0108 1.0452 1.0084 
1.0162 1.027 1.032 1.0059 1.0415 
1.0026 1.0409 1.0041 1.0322 1.0096 
1.0404 1.0143 1.0042 1.0227 1.0263 
1.0318 1.0055 1.0434 1.0468 1.0493 
1.0459 1.0197 1.031 1.0273 1.0306 
1.0143 1.0306 1.0293 1.0222 1.0159 
1.0073 1.0453 1.0138 1.0059 1.0038 
1.0154 1.0446 1.0108 1.0467 1.028 
1.0461 1.0073 1.0019 1.0306 1.0042 
1.0368 1.0102 1.0461 1.0085 1.0274 
1.0377 1.0296 1.0472 1.0083 1.0411 
1.0099 1.0375 1.0377 1.0308 1.0407 
1.018 1.0464 1.0336 1.0256 1.0231 
1.013 1.0387 1.0044 1.0011 1.0135 
1.0452 1.0027 1.0429 1.0435 1.0047 
1.0048 1.0361 1.0411 1.0119 1.0331 
1.0334 1.0378 1.0008 1.0375 1.0022 
1.0337 1.0148 1.0333 1.0126 1.0109 
1.0455 1.0426 1.0454 1.0047 1.0289 
1.0006 1.0436 1.0456 1.0195 1.0329 
1.0197 1.0106 1.029 1.0435 1.0108 
1.0343 1.0287 1.0122 1.0032 1.0489 
1.027 1.0375 1.0188 1.0357 1.0094 
1.0225 1.0473 1.0147 1.004 1.0181 
1.0371 1.0486 1.0067 1.0386 1.0271 
1.0416 1.0136 1.0318 1.0257 1.0449 
1.0329 1.017 1.0484 1.0469 1.0291 
1.0027 1.0082 1.0127 1.0313 1.0274 
1.0478 1.0484 1.0203 1.0182 1.0074 
1.0351 1.0103 1.0171 1.0458 1.0257 
1.0192 1.0484 1.0074 1.0452 1.0468 
1.024 1.0288 1.0296 1.0396 1.0486 
1.001 1.0014 1.0359 1.0483 1.0048 
1.0424 1.0352 1.0432 1.0049 1.0149 
1.0431 1.0272 1.0087 1.0193 1.0381 
1.0479 1.0197 1.01 1.0006 1.0488 
1.0464 1.0288 1.0097 1.0228 1.0404 
1.0087 1.045 1.0072 1.0087 1.0357 
1.0282 1.0207 1.036 1.0225 1.0355 
1.0207 1.0494 1.0316 1.0061 1.049 
1.0023 1.0367 1.0186 1.014 1.0175 
1.0397 1.0157 1.0403 1.0376 1.0444 
1.0477 1.0281 1.0176 1.0342 1.0328 
1.0305 1.0144 1.0231 1.0308 1.0417 
1.0182 1.0489 1.0286 1.0055 1.021 
1.0188 1.043 1.0343 1.0085 1.0275 
1.0286 1.018 1.0024 1.0075 1.0358 
1.0229 1.0183 1.009 1.0003 1.0229 
1.0439 1.0287 1.0226 1.0374 1.0472 
1.0276 1.0388 1.0015 1.0391 1.0128 
1.0076 1.0336 1.0281 1.0258 1.0092 
1.0242 1.0348 1.0105 1.0359 1.0343 
1.005 1.0078 1.0319 1.0086 1.0418 
1.0431 1.0231 1.0111 1.005 1.0486 
1.0279 1.041 1.0026 1.0133 1.0434 
1.0186 1.0394 1.0358 1.0324 1.026 
1.048 1.0318 1.002 1.0216 1.0018 
1.0254 1.02 1.0191 1.0035 1.0282 
1.0228 1.0253 1.0275 1.0253 1.0303 
1.047 1.0083 1.0125 1.0092 1.0151 
1.0376 1.0475 1.0393 1.0002 1.0358 
1.005 1.0053 1.009 1.0446 1.0073 
1.0375 1.0159 1.0131 1.0441 1.0181 
1.0166 1.0191 1.0475 1.0498 1.0127 
1.0377 1.0354 1.0319 1.0344 1.0078 
1.0277 1.0236 1.0265 1.0279 1.0248 
1.0198 1.0237 1.0153 1.0435 1.0212 
1.0236 1.0162 1.0242 1.0467 1.0017 
1.0022 1.0155 1.0062 1.0198 1.0304 
1.0469 1.0066 1.0085 1.0292 1.0407 
1.0493 1.0022 1.0297 1.0253 1.0189 
1.0174 1.0203 1.0072 1.0268 1.0014 
1.0236 1.0419 1.0077 1.0048 1.0106 
1.0457 1.0385 1.0253 1.0014 1.021 
1.0368 1.0424 1.0448 1.0486 1.0365 
1.047 1.0076 1.0243 1.0189 1.0398 
1.0471 1.0481 1.0314 1.0183 1.0256 
1.0314 1.0362 1.0364 1.0088 1.0316 
1.0368 1.0163 1.0268 1.0128 1.0189 
1.0253 1.0119 1.0081 1.0484 1.0064 
1.0035 1.0284 1.0147 1.029 1.028 
1.0464 1.0312 1.0046 1.0494 1.0361 
1.026 1.0321 1.0346 1.0345 1.0441 
1.0326 1.0264 1.0403 1.0366 1.0217 
1.0103 1.0328 1.0159 1.0336 1.0266 
1.0194 1.0302 1.0311 1.0002 1.0062 
1.0165 1.009 1.0388 1.0397 1.0201 
1.0084 1.0196 1.0439 1.0087 1.0334 
1.0258 1.0097 1.0068 1.0289 1.0424 
1.0131 1.0474 1.0344 1.014 1.0251 
1.0197 1.017 1.0276 1.0215 1.0119 
1.003 1.0167 1.0001 1.042 1.0475 
1.0461 1.0106 1.024 1.0158 1.0282 
1.0082 1.0162 1.0102 1.0074 1.0438 
1.0457 1.0152 1.0041 1.0249 1.0297 
1.0066 1.041 1.0383 1.0133 1.0233 
1.0017 1.0422 1.0158 1.0342 1.0329 
1.0231 1.0342 1.0381 1.0182 1.0301 
1.0478 1.0216 1.0467 1.0168 1.0105 
1.0005 1.0003 1.0165 1.0434 1.0127 
1.0218 1.024 1.0347 1.0258 1.013 
1.0219 1.0439 1.0174 1.0203 1.0165 
1.0025 1.0432 1.007 1.0312 1.0218 
1.0182 1.0148 1.0147 1.0277 1.02 
1.0103 1.041 1.0221 1.0335 1.0081 
1.0348 1.0043 1.0471 1.0153 1.0112 
1.012 1.0467 1.0126 1.0075 1.0265 
1.0248 1.0053 1.0005 1.049 1.0155 
1.0363 1.0185 1.0111 1.0486 1.0287 
1.0382 1.0153 1.0125 1.008 1.0379 
1.0028 1.0439 1.0034 1.0477 1.0361 
1.0388 1.0361 1.0034 1.0423 1.0071 
1.0339 1.0414 1.0098 1.0224 1.0228 
1.0082 1.0107 1.0395 1.0223 1.0441 
1.0109 1.0077 1.0378 1.0171 1.0435 
1.015 1.0468 1.0226 1.0171 1.0436 
1.0134 1.0362 1.0283 1.0192 1.0124 
1.0016 1.0346 1.0454 1.0494 1.0259 
1.0001 1.0497 1.0286 1.0467 1.0478 
1.0019 1.0343 1.0457 1.0353 1.0146 
1.0291 1.019 1.0265 1.0497 1.0433 
1.0031 1.0465 1.0249 1.019 1.0469 
1.0252 1.0063 1.0477 1.0214 1.0349 
1.0456 1.0064 1.034 1.0127 1.0102 
1.0393 1.0305 1.0189 1.0279 1.0457 
1.0194 1.0341 1.0467 1.0024 1.0272 
1.0174 1.0287 1.0257 1.048 1.0162 
1.0298 1.0371 1.0157 1.0485 1.0051 
1.0108 1.0139 1.0379 1.0317 1.0241 
1.0035 1.0424 1.0374 1.0358 1.0397 
1.0126 1.0495 1.0332 1.0405 1.0178 
1.0422 1.02 1.0121 1.0307 1.0238 
1.0213 1.0351 1.0023 1.0311 1.0129 
1.0407 1.0472 1.0121 1.0232 1.0354 
1.0434 1.0231 1.019 1.0257 1.0274 
1.023 1.0218 1.0335 1.0286 1.0492 
1.0091 1.0396 1.0301 1.025 1.0118 
1.024 1.0122 1.0237 1.0068 1.0139 
1.0196 1.026 1.0053 1.0234 1.0009 
1.032 1.0496 1.0398 1.0371 1.013 
1.0485 1.0444 1.0374 1.0337 1.0181 
1.0281 1.0123 1.0128 1.0129 1.0415 
1.0104 1.023 1.0354 1.0447 1.0045 
1.0042 1.0379 1.0472 1.0219 1.0278 
1.0263 1.0436 1.0063 1.0254 1.0341 
1.0141 1.0125 1.009 1.0025 1.0215 
1.027 1.0476 1.0489 1.0433 1.0179 
1.0095 1.0136 1.0433 1.0387 1.0357 
1.0389 1.0219 1.0434 1.0453 1.0087 
1.0228 1.0058 1.0072 1.0244 1.0215 
1.0326 1.0169 1.0232 1.03 1.0274 
1.0196 1.0111 1.0277 1.0454 1.0269 
1.0393 1.0414 1.0354 1.014 1.0372 
1.0039 1.015 1.0098 1.0191 1.0067 
1.0493 1.0021 1.0343 1.0443 1.0147 
1.0129 1.0239 1.0245 1.0204 1.0064 
1 1.0063 1.0383 1.0479 1.0496 
1.0351 1.0355 1.0317 1.0018 1.006 
1.0195 1.0179 1.0123 1.0221 1.0007 
1.0089 1.0083 1.0432 1.0402 1.0353 
1.0259 1.0069 1.0143 1.0017 1.0493 
1.0196 1.0005 1.0401 1.0373 1.034 
1.0422 1.0497 1.0131 1.0026 1.0253 
1.0416 1.0393 1.0078 1.0375 1.0178 
1.0414 1.0091 1.0435 1.0019 1.0015 
1.0357 1.0385 1.0084 1.0337 1.003 
1.0245 1.0001 1.0331 1.0458 1.0235 
1.0264 1.0041 1.0104 1.019 1.0054 
1.0061 1.0452 1.0317 1.0375 1.0246 
1.0094 1.035 1.0327 1.0034 1.0495 
1.0369 1.0058 1.0348 1.0223 1.0115 
1.0159 1.0413 1.0214 1.0112 1.014 
1.0242 1.0167 1.0265 1.0365 1.0175 
1.0086 1.021 1.0439 1.0115 1.0477 
1.0399 1.0011 1.0188 1.0353 1.0302 
1.0264 1.0452 1.0013 1.0008 1.02 
1.0111 1.0255 1.0379 1.0298 1.0259 
1.0486 1.0295 1.0112 1.001 1.0445 
1.0083 1.0066 1.0067 1.0158 1.0243 
1.0135 1.014 1.0368 1.0476 1.0278 
1.0001 1.0337 1.0288 1.0373 1.0449 
1.0379 1.0486 1.0445 1.0481 1.017 
1.0148 1.0201 1.0129 1.0343 1.0447 
1.0225 1.0319 1.013 1.0155 1.0261 
1.0273 1.0336 1.0164 1.0158 1.0311 
1.0035 1.0007 1.0411 1.0116 1.0322 
1.0177 1.0236 1.0453 1.0158 1.0329 
1.0343 1.0352 1.0233 1.0256 1.0265 
1.0297 1.0205 1.031 1.0132 1.0367 
1.0269 1.0318 1.0228 1.0093 1.0386 
1.0227 1.0434 1.0482 1.0472 1.0221 
1.0307 1.0098 1.0278 1.0309 1.0434 
