5
100
1 40 85 16 1 22 56 63 5 84 86 77 29 18 67 94 11 25 34 98 10 18 54 14 40 32 39 97 37 99 49 18 26 47 36 85 97 32 3 8 42 1 10 38 70 86 26 3 60 11 46 51 52 27 62 41 48 64 31 87 22 93 4 77 6 99 80 13 51 68 41 52 40 65 15 19 40 32 54 62 72 66 60 26 98 9 34 11 87 10 96 86 65 95 53 49 21 18 43 65 
21 38 20 44 49 
1.0094 1.0087 1.0346 1.0488 1.0017 
1.0193 1.0463 1.0079 1.0249 1.0378 
1.027 1.0139 1.037 1.006 1.0084 
1.022 1.0469 1.0218 1.0077 1.0034 
1.0054 1.0255 1.0417 1.0495 1.0456 
1.0339 1.0025 1.0021 1.0278 1.0131 
1.0222 1.0373 1.0488 1.0238 1.0378 
1.0068 1.0066 1.0066 1.024 1.0429 
1.001 1.0357 1.046 1.0048 1.0208 
1.0192 1.0459 1.0445 1.0469 1.0095 
1.0356 1.0464 1.0116 1.0003 1.0161 
1.0156 1.0377 1.0117 1.0388 1.0089 
1.0111 1.0008 1.0216 1.015 1.0109 
1.0316 1.0038 1.0114 1.0355 1.0208 
1.0291 1.0079 1.0302 1.0125 1.0393 
1.0089 1.0337 1.0495 1.0262 1.014 
1.0393 1.0061 1.0147 1.0188 1.0032 
1.0092 1.0413 1.0012 1.0325 1.0033 
1.0312 1.0273 1.0307 1.0284 1.0086 
1.03 1.0038 1.0383 1.0214 1.0227 
1.0242 1.0098 1.0188 1.0396 1.0263 
1.0275 1.0252 1.0134 1.0493 1.0382 
1.0144 1.0112 1.0277 1.0199 1.0391 
1.0311 1.034 1.0058 1.0064 1.0467 
1.0386 1.0355 1.0456 1.0137 1.0169 
1.047 1.0343 1.048 1.0035 1.0045 
1.0399 1.005 1.0218 1.0294 1.0062 
1.0248 1.0359 1.025 1.0361 1.0404 
1.0048 1.0035 1.0246 1.0097 1.0142 
1.0212 1.0436 1.0284 1.0449 1.0441 
1.0451 1.005 1.0294 1.0202 1.031 
1.0022 1.0335 1.0388 1.0023 1.0273 
1.0077 1.0068 1.0493 1.0307 1.0338 
1.005 1.0033 1.0164 1.0428 1.0384 
1.0221 1.0162 1.0135 1.0374 1.0231 
1.026 1.0418 1.0425 1.0269 1.0336 
1.0063 1.0481 1.0013 1.0021 1.03 
1.0352 1.0078 1.008 1.0004 1.0092 
1.0455 1.0387 1.0086 1.0334 1.034 
1.0499 1.0224 1.0127 1.0283 1.0063 
1.0064 1.0091 1.0436 1.018 1.0056 
1.0057 1.0324 1.0424 1.0291 1.0014 
1.025 1.0005 1.0254 1.0422 1.0136 
1.003 1.0335 1.0431 1.0069 1.0041 
1.0244 1.0339 1.0455 1.0299 1.024 
1.0348 1.035 1.0204 1.0399 1.0021 
1.0477 1.0097 1.0306 1.0212 1.0285 
1.0347 1.0108 1.001 1.0236 1.0109 
1.0123 1.0043 1.0417 1.0413 1.0427 
1.0279 1.0036 1.0427 1.0317 1.0384 
1.0266 1.0415 1.0187 1.0424 1.0166 
1.034 1.0126 1.0197 1.0418 1.0049 
1.0379 1.0232 1.0346 1.0078 1.0178 
1.0135 1.0189 1.0326 1.026 1.013 
1.0204 1.0032 1.0032 1.016 1.0443 
1.0188 1.0048 1.0037 1.0186 1.0255 
1.0073 1.0114 1.0295 1.0021 1.0065 
1.0345 1.0417 1.0074 1.0315 1.0127 
1.027 1.0199 1.0352 1.0495 1.0104 
1.0479 1.0116 1.0404 1.0476 1.0361 
1.0006 1.0281 1.0256 1.0068 1.0277 
1.0436 1.0415 1.0304 1.0187 1.0184 
1.0082 1.0183 1.0451 1.0075 1.0417 
1.0492 1.0406 1.0136 1.0167 1.019 
1.0329 1.0232 1.0078 1.0404 1.0302 
1.0284 1.0027 1.0003 1.0076 1.045 
1.0113 1.0205 1.0212 1.0099 1.0175 
1.0253 1.0405 1.0492 1.0322 1.0247 
1.001 1.0176 1.0243 1.0378 1.0479 
1.0338 1.0038 1.0235 1.0142 1.0303 
1.0061 1.0339 1.0439 1.0461 1.012 
1.0187 1.0277 1.0073 1.038 1.0211 
1.0426 1.0022 1.0208 1.0189 1.0304 
1.0224 1.0306 1.0356 1.011 1.0372 
1.0263 1.0349 1.0251 1.0008 1.0178 
1.04 1.0401 1.0398 1.0006 1.0274 
1.0233 1.0316 1.007 1.0369 1.0329 
1.015 1.0345 1.0421 1.0193 1.0307 
1.0451 1.0162 1.0286 1.0025 1.0046 
1.0225 1.0044 1.0263 1.0212 1.0268 
1.0103 1.0204 1.0008 1.0484 1.0241 
1.011 1.049 1.0469 1.0409 1.0032 
1.0273 1.0373 1.0007 1.0419 1.0423 
1.0289 1.0398 1.0255 1.0115 1.0448 
1.0298 1.0202 1.0087 1.0308 1.0188 
1.0445 1.0283 1.0234 1.0327 1.0329 
1.025 1.0113 1.0008 1.0236 1.0005 
1.0074 1.0144 1.018 1.0004 1.0038 
1.018 1.0476 1.0198 1.0377 1.0356 
1.0094 1.0104 1.0265 1.03 1.0083 
1.043 1.0034 1.0441 1.0209 1.0392 
1.0029 1.0184 1.0426 1.0214 1.0483 
1.0077 1.0002 1.0335 1.0407 1.0433 
1.0103 1.0307 1.0082 1.0455 1.0423 
1.0336 1.045 1.0336 1.0013 1.0049 
1.0441 1.0041 1.0324 1.0388 1.0432 
1.0098 1.0332 1.0162 1.0147 1.0264 
1.0018 1.0228 1.0402 1.0239 1.0466 
1.0348 1.0248 1.0085 1.0402 1.0372 
1.0095 1.0202 1.0294 1.0374 1.0321 
