5
50
46 25 10 24 94 82 54 37 54 77 11 68 87 4 4 31 48 99 61 95 64 55 17 57 18 42 7 53 70 65 78 48 64 52 17 41 81 91 39 97 62 21 55 86 69 87 29 1 22 73 
116 76 42 111 33 
1.045 1.0206 1.0054 1.0347 1.0497 
1.0457 1.043 1.04 1.0051 1.0055 
1.0441 1.0246 1.0393 1.0071 1.0163 
1.0126 1.0003 1.04 1.0399 1.001 
1.0102 1.0462 1.0105 1.0067 1.0178 
1.0382 1.006 1.0227 1.0478 1.0229 
1.0151 1.0351 1.0053 1.0218 1.039 
1 1.023 1.0236 1.0477 1.0187 
1.0408 1.0245 1.0196 1.0367 1.0024 
1.0336 1.0363 1.0426 1.0254 1.0424 
1.0404 1.0046 1.0146 1.0214 1.0147 
1.0453 1.0071 1.0345 1.0185 1.0051 
1.0132 1.0372 1 1.01 1.0427 
1.0223 1.0085 1.0022 1.0362 1.025 
1.0111 1.0423 1.0172 1.0103 1.0488 
1.0134 1.0036 1.0246 1.0354 1.015 
1.0416 1.0197 1.0291 1.0395 1.0461 
1.0065 1.0352 1.0309 1.0444 1.0131 
1.0134 1.0334 1.0364 1.0087 1.0218 
1.044 1.0462 1.0399 1.0267 1.04 
1.0229 1.0451 1.0241 1.0113 1.006 
1.0296 1.0164 1.0267 1.0069 1.0341 
1.0473 1.0325 1.0488 1.0377 1.0125 
1.0396 1.045 1.0298 1.0256 1.045 
1.0042 1.0006 1.0344 1.0068 1.0229 
1.0399 1.0193 1.04 1.0268 1.0076 
1.0131 1.013 1.0036 1.0491 1.003 
1.0419 1.0309 1.0149 1.0445 1.0226 
1.0363 1.0128 1.0159 1.0443 1.0453 
1.0434 1.0073 1.0201 1.0315 1.0202 
1.0188 1.0389 1.0055 1.0352 1.0122 
1.0483 1.0114 1.0069 1.0071 1.0435 
1.0204 1.044 1.0318 1.002 1.0245 
1.0293 1.0435 1.0167 1.0065 1.0106 
1.0459 1.032 1.0223 1.0121 1.0066 
1.0424 1.0245 1.0498 1.0212 1.0275 
1.0355 1.0337 1.0196 1.0296 1.0357 
1.0405 1.0149 1.0161 1.0241 1.009 
1.0053 1.0393 1.0042 1.0293 1.0339 
1.0191 1.0225 1.0019 1.0167 1.0145 
1.0462 1.0231 1.0241 1.04 1.0283 
1.0066 1.0374 1.0349 1.0279 1.0315 
1.0258 1.0393 1.0202 1.0463 1.0423 
1.0273 1.0338 1.0023 1.0316 1.0493 
1.0429 1.0197 1.0102 1.0122 1.0306 
1.006 1.0383 1.0306 1.0409 1.0063 
1.0499 1.0031 1.0347 1.0171 1.0236 
1.0094 1.0049 1.0448 1.0092 1.0029 
1.0151 1.0253 1.0334 1.0375 1.0356 
1.0343 1.0002 1.0383 1.0036 1.0449 
