10
50
9331 8512 9494 1159 5383 8210 4143 7675 6418 4312 8104 8367 7165 2503 6017 7474 2239 2535 4385 9084 6177 6906 3961 897 528 3039 5712 9475 7465 3098 9769 2625 770 3596 1800 7280 7587 9746 3950 8234 3990 3480 2088 2543 4920 5823 8986 1965 4557 3135 
15705 18411 3175 10443 4809 6416 12975 8528 8290 10047 
1.0169 1.0267 1.0476 1.0179 1.0136 1.0221 1.0412 1.0174 1.0285 1.0005 
1.0343 1.048 1.0492 1.0321 1.0116 1.0091 1.0115 1.049 1.0044 1.0172 
1.0117 1.0454 1.0213 1.0329 1.037 1.0482 1.014 1.0052 1.0318 1.0369 
1.0411 1.0027 1.0415 1.0138 1.0039 1.0382 1.0343 1.0437 1.0338 1.0365 
1.0406 1.0113 1.0375 1.0386 1.0332 1.002 1.0056 1.0033 1.0173 1.0095 
1.024 1.0431 1.0289 1.0484 1.0255 1.0152 1.0279 1.021 1.0059 1.0371 
1.0385 1.0371 1.0292 1.0127 1.0098 1.024 1.0166 1.0462 1.031 1.0264 
1.0133 1.0297 1.0297 1.0385 1.045 1.0396 1.0187 1.0112 1.0032 1.038 
1.0143 1.0447 1.0049 1.0402 1.0239 1.013 1.0286 1.0176 1.0139 1.0309 
1.0492 1.025 1.0355 1.0243 1.0341 1.041 1.0022 1.0316 1.0319 1.0427 
1.0368 1.0482 1.0114 1.0324 1.0095 1.0374 1.0104 1.0449 1.0358 1.005 
1.0148 1.0277 1.015 1.0061 1.0079 1.0419 1.0234 1.0135 1.0159 1.0466 
1.0021 1.0221 1.0313 1.003 1.0229 1.0052 1.0422 1.028 1.0398 1.0386 
1.0056 1.0361 1.0063 1.0104 1.0242 1.0416 1.0076 1.0139 1.0045 1.022 
1.0241 1.0444 1.0492 1.0387 1.0261 1.0266 1.0306 1.0476 1.0407 1.0475 
1.0247 1.0402 1.0173 1.043 1.0492 1.0258 1.0226 1.0455 1.0115 1.0495 
1.0346 1.0319 1.0235 1.0012 1.0235 1.0265 1.0495 1.0398 1.0191 1.0125 
1.0241 1.0426 1.0183 1.0372 1.0333 1.0329 1.0381 1.0433 1.0038 1.011 
1.0073 1.0251 1.0333 1.0252 1.0449 1.023 1.0067 1.0249 1.0359 1.0142 
1.0377 1.0233 1.0128 1.0025 1.0114 1.0167 1.0249 1.0065 1.0267 1.0249 
1.0228 1.0479 1.0028 1.0483 1.036 1.0034 1.0421 1.0038 1.0358 1.0478 
1.0148 1.0361 1.0109 1.0294 1.0452 1.0171 1.0411 1.0231 1.0405 1.0054 
1.0432 1.0163 1.0486 1.0456 1.0141 1.0463 1.0483 1.0084 1.0261 1.0033 
1.0165 1.0499 1.0225 1.0233 1.011 1.0311 1.0438 1.036 1.0225 1.0339 
1.0447 1.0433 1.0374 1.0237 1.045 1.006 1.0054 1.0401 1.0459 1.0084 
1.0474 1.0194 1.0004 1.003 1.0368 1.0082 1.0196 1.013 1.0229 1.0289 
1.0414 1.0356 1.0049 1.0134 1.0247 1.0463 1.0452 1.0065 1.0103 1.0444 
1.0162 1.0176 1.024 1.0303 1.0021 1.0213 1.0485 1.0006 1.0374 1.0068 
1.0438 1.0022 1.0341 1.0497 1.0159 1.0145 1.0393 1.008 1.0006 1.0108 
1.0072 1.0011 1.0145 1.0186 1.0458 1.0155 1.0112 1.0254 1.0188 1.0175 
1.0103 1.027 1.0327 1.0077 1.0043 1.0207 1.0494 1.0074 1.043 1.0442 
1.0024 1.0153 1.0064 1.0284 1.0372 1.0455 1.0007 1.0146 1.0455 1.0073 
1.043 1.0288 1.0368 1.0017 1.0181 1.0068 1.015 1.0022 1.0472 1.0037 
1.0483 1.0499 1.0407 1.0088 1.0103 1.0494 1.0029 1.0273 1.0259 1.0036 
1.0256 1.0147 1.0367 1.0023 1.0192 1.0458 1.0066 1.0099 1.0177 1.0061 
1.0089 1.0039 1.0462 1.0071 1.0465 1.0277 1.0239 1.0008 1.0328 1.0279 
1.0155 1.002 1.0334 1.0474 1.031 1.024 1.002 1.0426 1.0285 1.0478 
1.0154 1.0087 1.0192 1.009 1.0253 1.0132 1.0354 1.0176 1.0451 1.0431 
1.0328 1.0344 1.035 1.0072 1.0006 1.0204 1.0383 1.0261 1.0095 1.0141 
1.018 1.0285 1.0128 1.026 1.0372 1.0432 1.033 1.0029 1.0089 1.0298 
1.0264 1.0073 1.0077 1.0219 1.0025 1.0173 1.0441 1.0087 1.0492 1.0115 
1.0191 1.0453 1.0137 1.0185 1.0244 1.0121 1.0108 1.0479 1.0438 1.0446 
1.0244 1.0096 1.0342 1.0361 1.0499 1.0088 1.0024 1.028 1.0308 1.0492 
1.0037 1.0386 1.0369 1.0122 1.0262 1.0356 1.0032 1.0419 1.0175 1.0079 
1.0147 1.0494 1.0283 1.0174 1.0311 1.0359 1.0186 1.029 1.0217 1.0232 
1.0046 1.0044 1.0242 1.0167 1.0398 1.0144 1.0053 1.0112 1.032 1.0128 
1.031 1.0252 1.0042 1.0318 1.0334 1.0002 1.004 1.0229 1.028 1.0353 
1.0416 1.0457 1.0274 1.0114 1.0249 1.007 1.0076 1.0179 1.0112 1.0267 
1.0428 1.0112 1.0187 1.0271 1.0206 1.0269 1.0184 1.0351 1.0446 1.0057 
1.0351 1.0086 1.0228 1.0165 1.0495 1.011 1.0107 1.0132 1.0074 1.0307 
