10
50
69 67 83 9 6 58 44 55 9 32 88 89 86 33 27 38 11 52 95 30 35 29 12 96 63 51 15 72 36 23 87 25 41 15 85 11 16 86 68 23 33 80 53 95 48 75 90 45 9 19 
59 120 29 142 104 129 137 112 97 87 
1.0411 1.0469 1.0155 1.0195 1.015 1.0073 1.0368 1.0448 1.0015 1.0389 
1.0326 1.0214 1.02 1.012 1.0085 1.0074 1.0176 1.0302 1.0394 1.0229 
1.0037 1.0496 1.0387 1.0174 1.0146 1.0064 1.0038 1.0427 1.0347 1.0447 
1.0226 1.0275 1.0201 1.0273 1.0126 1.0134 1.0338 1.0368 1.0203 1.0069 
1.0156 1.0017 1.0157 1.0207 1.0408 1.0223 1.0387 1.0464 1.0231 1.0109 
1.0238 1.0106 1.0332 1.0246 1.0245 1.0009 1.0365 1.0299 1.0294 1.0239 
1.0007 1.0361 1.0392 1.0136 1.0238 1.0052 1.033 1.0498 1.0334 1.0039 
1.0279 1.0472 1.017 1.0025 1.0166 1.0296 1.0463 1.0211 1.0259 1.0047 
1.044 1.0074 1.0394 1.0488 1.0291 1.0212 1.008 1.0095 1.0149 1.0354 
1.0237 1.0371 1.0473 1.0189 1.0105 1.0081 1.0314 1.005 1.0029 1.0332 
1.0306 1.0274 1.0187 1.0038 1.0073 1.0129 1.02 1.0468 1.0163 1.0341 
1.0162 1.0045 1.0201 1.0311 1.045 1.0499 1.0342 1.0178 1.0072 1.0351 
1.0161 1.0198 1.0457 1.0006 1.0421 1.0167 1.0223 1.0491 1.0358 1.0246 
1.0439 1.0302 1.0138 1.038 1.0428 1.0262 1.0446 1.0283 1.0096 1.0372 
1.0293 1.0489 1.0123 1.0424 1.0169 1.0398 1.0054 1.0155 1.0057 1.0243 
1.0308 1.0277 1.0131 1.0267 1.007 1.0256 1.0243 1.0311 1.0481 1.0253 
1.0092 1.009 1.0106 1.0275 1.0162 1.0287 1.0409 1.0112 1.0431 1.0405 
1.0481 1.0278 1.0317 1.015 1.0383 1.0495 1.0136 1.0455 1.0376 1.0169 
1.0028 1.0396 1.048 1.015 1.0154 1.0001 1.0217 1.0125 1.0244 1.0328 
1.0321 1.0067 1.0341 1.0336 1.0327 1.004 1.0426 1.0309 1.0143 1.0405 
1.0309 1.0421 1.024 1.0496 1.0452 1.0174 1.0285 1.0383 1.0494 1.0304 
1.0347 1.0412 1.0027 1.0013 1.0226 1.0056 1.0158 1.0076 1.0294 1.035 
1.0246 1.0011 1.006 1.0446 1.003 1.0405 1.0428 1.0355 1.0158 1.0347 
1.0085 1.0268 1.0157 1.0293 1.0316 1.0154 1.0092 1.0295 1.0082 1.0219 
1.0163 1.0036 1.0417 1.0221 1.0274 1.0054 1.0051 1.013 1.0403 1.0403 
1.0488 1.0058 1.0255 1.0237 1.0117 1.0445 1.0145 1.0489 1.0221 1.0099 
1.0374 1.0189 1.0333 1.0141 1.0149 1.0381 1.0142 1.0146 1.0083 1.0102 
1.0201 1.0251 1.0199 1.0442 1.0063 1.0322 1.0242 1.0367 1.0106 1.0081 
1.0213 1.04 1.0244 1.0341 1.0221 1.0072 1.0125 1.02 1.0276 1.032 
1.0114 1.0384 1.0466 1.0474 1.012 1.0205 1.0027 1.0391 1.0174 1.0226 
1.0287 1.0071 1.0175 1.0235 1.0222 1.0355 1.0284 1.0142 1.0081 1.042 
1.0213 1.0167 1.028 1.0217 1.0065 1.0184 1.035 1.0132 1.0087 1.0124 
1.0074 1.0293 1.0466 1.0179 1.0079 1 1.0324 1.0023 1.0166 1.019 
1.0159 1.0146 1.0446 1.0261 1.048 1.024 1.0184 1.0075 1.0372 1.0066 
1.0392 1.0264 1.0104 1.0187 1.036 1.0243 1.0176 1.0266 1.0024 1.0191 
1.0148 1.0208 1.0058 1.0346 1.0197 1.0487 1.0339 1.0109 1.0229 1.0167 
1.0237 1.0185 1.0369 1.0012 1.0354 1.0122 1.0195 1.0145 1.0405 1.0406 
1.0377 1.0108 1.0296 1.0108 1.0348 1.0021 1.031 1.0369 1.0128 1.0463 
1.0345 1.0139 1.0359 1.0452 1.0082 1.0149 1.0252 1.0132 1.002 1.0338 
1.0258 1.029 1.0014 1.0253 1.0333 1.0434 1.0185 1.022 1.0345 1.0142 
1.027 1.0119 1.0369 1.0475 1.0055 1.0012 1.0457 1.0058 1.0316 1.0493 
1.0194 1.0311 1.0128 1.0453 1.0181 1.0473 1.0025 1.0343 1.0099 1.0207 
1.018 1.0039 1.028 1.0319 1.0332 1.0274 1.0103 1.0411 1.013 1.0476 
1.0325 1.0236 1.0225 1.0492 1.0444 1.0071 1.0187 1.0388 1.0118 1.0033 
1.0399 1.0209 1.0474 1.0043 1.0405 1.0497 1.0214 1.0394 1.0207 1.0107 
1.0193 1.0427 1.0293 1.0452 1.0231 1.0262 1.0395 1.0364 1.0022 1.0372 
1.0061 1.0198 1.0172 1.0438 1.0087 1.0303 1.0223 1.0229 1.0387 1.0303 
1.0356 1.0226 1.0412 1.0154 1.0287 1.0283 1.0388 1.0255 1.0429 1.0419 
1.0172 1.0323 1.0087 1.0472 1.0277 1.0168 1.0258 1.0171 1.0239 1.0142 
1.0459 1.044 1.0298 1.0046 1.0329 1.0377 1.0237 1.0337 1.0117 1.0439 
