5
50
97 93 92 96 94 98 92 91 96 99 95 95 98 95 92 92 95 92 93 98 96 96 98 96 92 90 96 95 97 91 100 99 96 91 95 94 97 91 99 98 96 91 96 99 93 98 100 99 96 11 
62 93 52 178 126 
1.0072 1.035 1.0323 1.0485 1.0056 
1.0216 1.0126 1.0357 1.0026 1.0357 
1.0337 1.0271 1.0369 1.0361 1.0396 
1.0022 1.0117 1.0112 1.0217 1.0196 
1.0085 1.0041 1.0423 1.0129 1.0229 
1.0065 1.0059 1.0432 1.0296 1.0355 
1.0053 1.0462 1.0084 1.0234 1.0154 
1.0472 1.0457 1.0369 1.0032 1.0463 
1.0107 1.0483 1.0411 1.0135 1.0067 
1.0348 1.0175 1.0438 1.0223 1.0142 
1.0254 1.0011 1.0241 1.0175 1.0459 
1.0325 1.0221 1.037 1.0126 1.0434 
1.0205 1.0283 1.035 1.0398 1.0279 
1.0201 1.0193 1.0234 1.0137 1.0034 
1.0056 1.0493 1.0176 1.0205 1.0462 
1.0048 1.0381 1.03 1.0413 1.0141 
1.0355 1.0355 1.0142 1.0462 1.0111 
1.0377 1.0424 1.0178 1.0252 1.0443 
1.0296 1.0173 1.004 1.0313 1.0375 
1.0072 1.0318 1.011 1.0017 1.0432 
1.0112 1.0195 1.0169 1.0331 1.004 
1.0488 1.0185 1.009 1.0497 1.0089 
1.049 1.0145 1.0353 1.0314 1.0151 
1.024 1.0044 1.0258 1.0335 1.0259 
1.0192 1.0105 1.0264 1.0181 1.0003 
1.0329 1.0275 1.0108 1.0292 1.0497 
1.0049 1.0056 1.0061 1.0127 1.0467 
1.0041 1.0129 1.024 1.0313 1.0174 
1.0101 1.0077 1.0215 1.0183 1.0213 
1.0492 1.0324 1.0101 1.0392 1.0259 
1.017 1.0428 1.0027 1.0084 1.0075 
1.0286 1.0498 1.047 1.0287 1.0347 
1.0104 1.0003 1.0221 1.0163 1.0206 
1.0363 1.001 1.0171 1.0489 1.024 
1.0164 1.0042 1.0119 1.0413 1.0091 
1.0204 1.0318 1.0232 1.025 1.0205 
1.0475 1.0039 1.0303 1.0422 1.0098 
1.0247 1.0084 1.0148 1.0471 1.0364 
1.0413 1.0075 1.0045 1.0212 1.0046 
1.0178 1.0269 1.0262 1.0019 1.0485 
1.0289 1.0444 1.0365 1.004 1.0245 
1.0008 1.0318 1.037 1.0101 1.0323 
1.0132 1.0472 1.0152 1.0087 1.007 
1.0263 1.0401 1.0103 1.0423 1.0027 
1.01 1.0469 1.0015 1.0065 1.0028 
1.0043 1.0347 1.0088 1.0443 1.0137 
1.0409 1.0463 1.0049 1.0181 1.0088 
1.0342 1.0108 1.006 1.0221 1.0258 
1.0454 1.0388 1.0146 1.019 1.0449 
1.0343 1.043 1.012 1.0248 1.0067 
