25
500
98 90 91 92 96 97 97 100 99 91 98 92 95 100 91 91 99 94 97 98 96 94 92 97 95 98 96 100 90 92 91 99 97 93 94 100 90 91 93 97 94 92 94 91 93 96 95 98 97 91 95 93 95 96 93 90 99 95 100 97 91 96 96 100 100 99 90 91 90 95 93 97 100 92 97 90 96 99 100 93 97 97 100 93 90 96 97 94 99 90 98 97 99 92 95 92 98 100 96 98 98 96 98 93 92 91 100 98 93 96 95 92 95 97 90 90 92 97 91 99 97 98 95 91 96 95 96 91 99 98 94 98 97 95 97 98 99 100 98 99 96 96 94 100 94 91 90 97 90 95 95 100 98 95 94 93 93 90 97 97 99 90 95 92 97 96 90 95 96 94 98 93 94 92 90 91 100 92 90 96 93 99 100 97 91 93 92 90 91 90 99 100 90 93 100 95 95 95 97 97 96 90 98 90 90 98 98 94 93 96 94 96 90 96 90 92 97 90 94 93 96 95 94 90 97 99 90 97 98 98 94 100 93 92 91 95 93 97 99 100 97 91 93 97 94 98 91 100 95 95 90 95 99 98 97 93 94 100 91 99 96 98 93 96 96 93 92 96 94 92 96 93 98 98 99 95 90 93 94 91 94 94 92 100 90 97 95 92 91 90 100 90 95 91 90 92 97 98 98 95 91 94 90 94 91 93 94 96 95 99 91 100 95 90 90 92 99 91 91 98 97 95 94 98 93 91 96 99 100 93 94 96 91 90 90 92 93 94 90 93 99 94 92 98 90 98 94 93 93 91 92 97 94 99 92 91 93 92 97 93 100 90 90 96 99 91 95 95 91 91 100 100 96 96 92 92 93 97 95 96 99 95 91 99 90 94 98 100 92 95 97 90 96 91 93 100 98 99 100 97 94 96 95 90 98 95 92 93 98 100 92 97 95 97 99 100 92 93 96 91 99 94 96 96 92 93 93 97 90 98 90 97 92 98 100 100 92 90 98 93 99 96 98 97 98 92 96 92 98 93 96 97 93 98 95 90 97 94 98 97 92 95 98 91 90 93 96 96 91 98 93 98 97 97 95 91 95 96 98 96 96 99 91 96 98 100 96 97 91 94 93 93 92 95 6 9 7 13 14 20 
8 21 5 15 15 42 47 10 35 25 2 7 11 9 33 35 14 20 18 23 47 9 22 47 41 
1.0175 1.0252 1.0154 1.0041 1.0155 1.0389 1.0479 1.0131 1.0485 1.0039 1.0088 1.0062 1.0268 1.0409 1.0442 1.0389 1.0268 1.0178 1.0462 1.0023 1.0218 1.0162 1.0304 1.0448 1.0438 
1.0167 1.0374 1.0442 1.0332 1.0176 1.008 1.0317 1.0474 1.0113 1.0149 1.0324 1.0268 1.0455 1.0142 1.0212 1.0249 1.02 1.0049 1.0226 1.0158 1.0074 1.0017 1.0104 1.0057 1.0452 
1.0272 1.012 1.0411 1.0026 1.0197 1.0237 1.0464 1.0159 1.0227 1.0118 1.0426 1.0116 1.0129 1.028 1.0001 1.0058 1.0388 1.0286 1.0054 1.0315 1.0486 1.013 1.0471 1.0461 1.0028 
1.0067 1.039 1.0423 1.0346 1.0022 1.0296 1.012 1.0034 1.0485 1.0268 1.0457 1.0086 1.0126 1.002 1.0282 1.0026 1.0363 1.0443 1.0052 1.0093 1.0178 1.0343 1.0018 1.0439 1.0344 
1.0349 1.0189 1.0043 1.0445 1.0359 1.0193 1.0493 1.0302 1.0401 1.0252 1.0307 1.0402 1.0471 1.0189 1.0272 1.0398 1.0178 1.0409 1.0421 1.0161 1.0289 1.0409 1.0115 1.0142 1.0218 
1.0401 1.0149 1.0175 1.0345 1.015 1.0354 1.0337 1.036 1.0074 1.0445 1.0489 1.034 1.0232 1.0165 1.0339 1.0463 1.0098 1.0179 1.0205 1.0286 1.0399 1.0298 1.0223 1.0205 1.0456 
1.0249 1.0424 1.0248 1.007 1.0286 1.0271 1.0496 1.0157 1.0339 1.033 1.0375 1.024 1.0097 1.0459 1.0204 1.0081 1.0389 1.033 1.0403 1.011 1.0406 1.017 1.0255 1.0344 1.0234 
1.0431 1.0273 1.0382 1.03 1.0479 1.0016 1.0213 1.045 1.0004 1.0361 1.0031 1.028 1.0418 1.0161 1.0094 1.0272 1.0245 1.0092 1.0303 1.042 1.0252 1.0172 1.0062 1.0401 1.0039 
1.0291 1.0252 1.0333 1.0407 1.0134 1.0418 1.0416 1.0048 1.0218 1.0271 1.0254 1.0003 1.0491 1.0073 1.0468 1.0189 1.0151 1.0412 1.0051 1.0138 1.0004 1.026 1.0157 1.029 1.0413 
1.0248 1.0487 1.0381 1.0393 1.0486 1.0378 1.0157 1.0273 1.0045 1.0279 1.0049 1.0059 1.0061 1.0464 1.0224 1.0168 1.0017 1.028 1.0287 1.008 1.0239 1.0347 1.0038 1.0166 1.0332 
1.004 1.0376 1.0457 1.0317 1.0264 1.0002 1.0045 1.0445 1.041 1.0434 1.0475 1.006 1.0281 1.0265 1.014 1.0037 1.0254 1.0449 1.0435 1.0287 1.0184 1.047 1.0457 1.0109 1.025 
1.0443 1.0208 1.0263 1.0231 1.0081 1.0176 1.0035 1.0136 1.0124 1.0093 1.0439 1.0467 1.0493 1.0185 1.0161 1.0285 1.0011 1.0361 1.0108 1.04 1.0104 1.0477 1.0205 1.0255 1.0311 
1.0037 1.0194 1.0248 1.0428 1.0213 1.039 1.002 1.0167 1.0142 1.0438 1.0096 1.0384 1.031 1.0229 1.0173 1.0066 1.016 1.0378 1.0236 1.0075 1.0088 1.0353 1.0192 1.0172 1.0172 
1.0463 1.0397 1.0497 1.0356 1.022 1.0227 1.0227 1.005 1.019 1.0426 1.0312 1.0286 1.0168 1.0323 1.0079 1.0088 1.0402 1.0214 1.0448 1.0119 1.0051 1.0205 1.0202 1.0277 1.0428 
1.0341 1.0027 1.0499 1.0411 1.0124 1.006 1.0399 1.0036 1.0191 1.0194 1.0408 1.0182 1.0329 1.0141 1.0298 1.0458 1.0287 1.0307 1.0081 1.0179 1.0445 1.0078 1.0358 1.0341 1.0493 
1.0313 1.0012 1.0295 1.0499 1.0188 1.0473 1.0199 1.0185 1.0403 1.049 1.0418 1.0055 1.0173 1.021 1.0283 1.0141 1.0489 1.0253 1.0352 1.0204 1.0384 1.0244 1.003 1.0499 1.0064 
1.0301 1.032 1.0319 1.0025 1.0441 1.0483 1.0405 1.0219 1.0392 1.0188 1.0038 1.0495 1.0416 1.0342 1.0235 1.0025 1.012 1.0118 1.0179 1.0125 1.0183 1.0241 1.0369 1.0104 1.0073 
1.0417 1.041 1.0141 1.0297 1.0178 1.033 1.0241 1.0363 1.045 1.013 1.0328 1.0233 1.0135 1.0255 1.0445 1.0413 1.0415 1.0256 1.0288 1.0217 1.0054 1.0025 1.015 1.0437 1.0452 
1.0402 1.0189 1.0496 1.0185 1.0094 1.0304 1.0301 1.0029 1.0022 1.0216 1.0468 1.0291 1.0113 1.0264 1.025 1.0089 1.0241 1.0051 1.0001 1.0381 1.0213 1.0205 1.0023 1.0326 1.0068 
1.0279 1.0056 1.0378 1.0186 1.0306 1.0354 1.0251 1.0314 1.0452 1.0273 1.0043 1.0404 1.0357 1.0132 1.0232 1.026 1.0033 1.041 1.03 1.0314 1.0031 1.0464 1.015 1.0231 1.0377 
1.0421 1.0385 1.048 1.0285 1.0463 1.016 1.007 1.0068 1.0326 1.0134 1.0218 1.0024 1.0199 1.0079 1.0254 1.016 1.0011 1.0447 1.0183 1.0462 1.0316 1.0035 1.0364 1.0368 1.0218 
1.0145 1.0395 1.0404 1.0265 1.0312 1.0434 1.0308 1.0079 1.0356 1.0393 1.037 1.0461 1.0426 1.0074 1.0143 1.0059 1.0419 1.0417 1.0074 1.0431 1.0161 1.0241 1.0139 1.0346 1.0414 
1.0415 1.036 1.0093 1.0105 1.0486 1.0385 1.0093 1.0383 1.0254 1.0055 1.0474 1.0111 1.0093 1.0034 1.0197 1.0277 1.0119 1.0451 1.0036 1.0219 1.0144 1.0075 1.039 1.0443 1.0179 
1.0422 1.0195 1.0379 1.0013 1.0374 1.0357 1.0467 1.0184 1.026 1.0496 1.0039 1.0298 1.0367 1.0179 1.0077 1.0053 1.0322 1.0363 1.0279 1.0435 1.0064 1.0139 1.048 1.0121 1.0258 
1.0233 1.0367 1.0488 1.0093 1.0168 1.0428 1.0232 1.0077 1.0195 1.0048 1.0289 1.0165 1.046 1.0443 1.0406 1.0408 1.0081 1.0092 1.0384 1.0451 1.0223 1.0139 1.0319 1.0079 1.0299 
1.0477 1.0138 1.0026 1.0446 1.0109 1.0001 1.0485 1.0119 1.0358 1.0334 1.0241 1.0344 1.0174 1.0137 1.0051 1.0426 1.0209 1.0201 1.0004 1.0017 1.0257 1.0294 1.0216 1.0427 1.002 
1.0044 1.0393 1.015 1.049 1.0411 1.044 1.0139 1.0328 1.0093 1.0436 1.0298 1.0049 1.0386 1.0334 1.0287 1.0109 1.009 1.0255 1.0279 1.0024 1.0052 1.0287 1.0372 1.0032 1.0169 
1.0162 1.0293 1.0333 1.0462 1.0406 1.0138 1.0167 1.0062 1.0301 1.0255 1.0129 1.0291 1.0019 1.003 1.0349 1.0408 1.0161 1.0478 1.03 1.0307 1.0239 1.0085 1.0267 1.0381 1.0151 
1.0009 1.0366 1.047 1.0039 1.031 1.038 1.0489 1.0337 1.0395 1.0211 1.0055 1.0164 1.0076 1.0378 1.0171 1.0438 1.001 1.0368 1.0482 1.0133 1.0109 1.0251 1.0139 1.019 1.0214 
1.0136 1.0094 1.014 1.0384 1.0301 1.0045 1.0368 1.0173 1.0168 1.0216 1.0489 1.004 1.0314 1.0477 1.0343 1.0137 1.044 1.0086 1.0148 1.0122 1.0156 1.0049 1.0154 1.0029 1.0295 
1.034 1.0369 1.034 1.0406 1.0095 1.0131 1.0143 1.0415 1.0406 1.0215 1.0384 1.0481 1.0139 1.0468 1.0319 1.0175 1.0444 1.013 1.0385 1.0284 1.0397 1.0313 1.0207 1.0147 1.0397 
1.032 1.0491 1.0397 1.0361 1.0415 1.033 1.0347 1.0321 1.0321 1.0406 1.015 1.0226 1.048 1.0273 1.0036 1.0271 1.0142 1.0471 1.0169 1.04 1.0325 1.0441 1.021 1.0412 1.0118 
1.0194 1.0476 1.0193 1.0303 1.0202 1.0468 1.0398 1.0308 1.0077 1.0498 1.022 1.0078 1.0305 1.0235 1.0481 1.0047 1.0051 1.0212 1.0005 1.0049 1.0252 1.0408 1.0245 1.0071 1.039 
1.0189 1.0082 1.024 1.0364 1.0141 1.0438 1.0417 1.0302 1.0234 1.0062 1.0452 1.009 1.0156 1.0363 1.0282 1.014 1.021 1.0452 1.0119 1.0023 1.0216 1.044 1.0112 1.0008 1.0283 
1.0316 1.0306 1.0403 1.0053 1.0289 1.0152 1.0344 1.0059 1.0087 1.0364 1.0363 1.0149 1.0444 1.0458 1.0142 1.0025 1.0146 1.029 1.0246 1.0006 1.0366 1.0145 1.0125 1.0285 1.0103 
1.0329 1.0156 1.0125 1.015 1.0084 1.0337 1.0447 1.0064 1.007 1.019 1.0309 1.0157 1.0042 1.0091 1.0193 1.0066 1.0435 1.0079 1.0189 1.0449 1.0179 1.0098 1.0353 1.027 1.0195 
1.0491 1.0322 1.0382 1.0036 1.034 1.0332 1.0396 1.0194 1.0355 1.0342 1.0164 1.0463 1.0049 1.0253 1.0063 1.0318 1.045 1.0484 1.0438 1.0364 1.0415 1.0198 1.0118 1.0343 1.0067 
1.0065 1.0268 1.0214 1.0113 1.0042 1.0279 1.04 1.0248 1.0256 1.0379 1.0332 1.0044 1.0458 1.0306 1.0244 1.0073 1.0291 1.0096 1.0092 1.0253 1.0176 1.0347 1.0306 1.0463 1.0305 
1.0088 1.0248 1.0357 1.0147 1.0329 1.0101 1.0017 1.0357 1.0087 1.024 1.0424 1.0185 1.0427 1.0061 1.0082 1.0237 1.0496 1.0413 1.0058 1.0163 1.0259 1.0168 1.0009 1.0209 1.0199 
1.0213 1.0277 1.0352 1.043 1.025 1.038 1.0436 1.036 1.0324 1.048 1.0235 1.0194 1.0037 1.0065 1.0458 1.0189 1.0168 1.0218 1.0497 1.0224 1.0382 1.0233 1.0309 1.0403 1.0163 
1.0457 1.0376 1.0126 1.0006 1.0164 1.0411 1.0022 1.0104 1.0008 1.0114 1.0046 1.0449 1.0493 1.0193 1.0104 1.0461 1.0142 1.0354 1.0461 1.0403 1.0417 1.0303 1.0154 1.038 1.0047 
1.039 1.0321 1.049 1.0312 1.0218 1.0135 1.0165 1.0378 1.0219 1.0495 1.0186 1.0249 1.0489 1.0175 1.005 1.009 1.0453 1.007 1.0289 1.0272 1.0133 1.031 1.0263 1.022 1.0361 
1.0094 1.0035 1.0218 1.0409 1.0394 1.0258 1.0417 1.0472 1.0389 1.0331 1.0375 1.0366 1.006 1.0045 1.0409 1.0211 1.017 1.0487 1.0385 1.0348 1.0176 1.0035 1.0156 1.0289 1.0433 
1.0308 1.0055 1.0427 1.0456 1.0302 1.0084 1.0002 1.0469 1.0424 1.0294 1.0067 1.0225 1.0424 1.039 1.0244 1.0318 1.0271 1.0083 1.016 1.011 1.0125 1.0233 1.0365 1.0171 1.0043 
1.0028 1.0435 1.0067 1.0314 1.0434 1.0275 1.0213 1.0399 1.009 1.0219 1.0428 1.0458 1.0162 1.0224 1.0214 1.0379 1.0073 1.0417 1.0223 1.0268 1.0054 1.0438 1.0175 1.0495 1.0004 
1.0052 1.0086 1.0002 1.0254 1.0323 1.0466 1.014 1.0345 1.001 1.0494 1.0381 1.0139 1.0418 1.0469 1.0342 1.0266 1.0037 1.0441 1.0042 1.0138 1.0128 1.0173 1.0096 1.0123 1.0339 
1.0333 1.0383 1.0486 1.0176 1.0476 1.0074 1.0113 1.0075 1.0082 1.0275 1.0205 1.0152 1.0239 1.0383 1.0108 1.0414 1.0432 1.023 1.0244 1.0458 1.0209 1.0001 1.0414 1.0418 1.0274 
1.0139 1.0486 1.0284 1.037 1.0391 1.0223 1.0062 1.0097 1.04 1.009 1.0012 1.0257 1.0202 1.0027 1.0304 1.0331 1.0478 1.027 1.0384 1.0391 1.0299 1.0266 1.0493 1.0225 1.0058 
1.0012 1.0295 1.0193 1.0127 1.0436 1.0478 1.0273 1.0301 1.0441 1.0419 1.0082 1.0468 1.0489 1.0125 1.0356 1.0385 1.0489 1.0193 1.0198 1.0189 1.0269 1.036 1.013 1.045 1.0496 
1.0212 1.0268 1.0002 1.0139 1.0446 1.0281 1.0101 1.0464 1.0258 1.0093 1.0093 1.0441 1.0107 1.0185 1.0352 1.0257 1.0421 1.0495 1.0347 1.0446 1.0344 1.0319 1.044 1.0367 1.0164 
1.0231 1.02 1.0004 1.0441 1.0069 1.023 1.0116 1.0255 1.0203 1.0454 1.0491 1.0474 1.0072 1.0331 1.0448 1.037 1.0065 1.0124 1.0183 1.0047 1.0054 1.0084 1.0215 1.0143 1.0282 
1.0471 1.0294 1.0348 1.0292 1.0138 1.0166 1.0223 1.0236 1.0287 1.0036 1.0061 1.0377 1.0131 1.0189 1.0062 1.0209 1.0277 1.0456 1.0399 1.0438 1.0419 1.0263 1.0048 1.0213 1.0061 
1.0286 1.0277 1.022 1.0292 1.0386 1.0364 1.01 1.0369 1.0372 1.0344 1.0113 1.0055 1.0347 1.0208 1.031 1.0354 1.0112 1.0472 1.0115 1.0165 1.0032 1.0375 1.0048 1.0173 1.0277 
1.0048 1.0051 1.0078 1.0037 1.0438 1.0358 1.0139 1.005 1.0162 1.0195 1.0277 1.0062 1.0256 1.0015 1.0189 1.0393 1.0316 1.002 1.0271 1.0169 1.0043 1.0495 1.0157 1.0316 1.004 
1.0174 1.0151 1.0485 1.01 1.0398 1.0002 1.0172 1.0062 1.0379 1.0257 1.0119 1.0351 1.0302 1.0441 1.0413 1.0304 1.0019 1.0039 1.0401 1.0456 1.0349 1.0467 1.0012 1.0061 1.0283 
1.0333 1.041 1.0383 1.0088 1.0375 1.041 1.0447 1.0241 1.0111 1.0179 1.0068 1.0185 1.0442 1.0465 1.0391 1.0062 1.0101 1.0185 1.0484 1.0298 1.0402 1.019 1.039 1.0333 1.0118 
1.0241 1.0295 1.0137 1.0054 1.0222 1.0186 1.0037 1.0026 1.007 1.0044 1.003 1.0238 1.0059 1.0112 1.041 1.0031 1.0467 1.0308 1.0019 1.0324 1.0354 1.0301 1.0464 1.0301 1.0166 
1.0003 1.0011 1.0347 1.0367 1.0413 1.0339 1.0022 1.0482 1.0461 1.0326 1.0227 1.0226 1.0343 1.0249 1.0175 1.0478 1.0038 1.0279 1.0396 1.0074 1.034 1.0068 1.0172 1.0296 1.0043 
1.0259 1.0331 1.0244 1.01 1.039 1.028 1.0251 1.0267 1.0159 1.0452 1.0341 1.0183 1.0378 1.0263 1.0317 1.0411 1.035 1.0347 1.0101 1.0497 1.0221 1.0266 1.0218 1.0038 1.0477 
1.0318 1.0169 1.0406 1.0167 1.0066 1.0335 1.0389 1.0409 1.0268 1.0418 1.0139 1.017 1.0161 1.0152 1.0028 1.0072 1.0049 1.0147 1.0247 1.0087 1.032 1.0194 1.0492 1.0392 1.0428 
1.0295 1.0423 1.0352 1.0131 1.0165 1.0143 1.0478 1.0127 1.0164 1.0238 1.0295 1.0177 1.0043 1.0391 1.0261 1.0327 1.0025 1.0082 1.0469 1.0377 1.0372 1.0003 1.0133 1.0018 1.0193 
1.0305 1.0432 1.0446 1.0316 1.0444 1.0048 1.0034 1.0467 1.0173 1.0106 1 1.0184 1.0149 1.0356 1.0301 1.036 1.0469 1.0336 1.0008 1.0173 1.0056 1.025 1.0016 1.0128 1.0173 
1.0052 1.0292 1.0439 1.0066 1.0101 1.043 1.0065 1.0298 1.0251 1.0361 1.0447 1.0007 1.0398 1.0423 1.0113 1.0379 1.0279 1.0139 1.0198 1.0048 1.013 1.0434 1.0357 1.0345 1.031 
1.0033 1.0196 1.0052 1.0334 1.0498 1.0229 1.0201 1.0049 1.0042 1.0138 1.0024 1.0026 1.0174 1.0485 1.0477 1.021 1.0057 1.0073 1.0278 1.0202 1.0165 1.0139 1.0486 1.0267 1.0054 
1.012 1.0189 1.0071 1.0475 1.0002 1.0161 1.0497 1.0458 1.0145 1.0475 1.0381 1.0058 1.0436 1.046 1.039 1.0267 1.0277 1.0106 1.0099 1.0258 1.0085 1.0406 1.0275 1.0225 1.0271 
1.012 1.0472 1.0222 1.039 1.0213 1.0334 1.0251 1.0153 1.0188 1.0365 1.0296 1.0211 1.0018 1.0349 1.0264 1.0112 1.035 1.0241 1.0333 1.0498 1.0365 1.0066 1.0306 1.0223 1.0474 
1.0264 1.0346 1.0138 1.023 1.0276 1.0331 1.0344 1.0254 1.04 1.0172 1.0321 1.0129 1.0005 1.0438 1.0294 1.0051 1.0411 1.0049 1.0346 1.0298 1.031 1.0131 1.014 1.0164 1.0483 
1.0076 1.0339 1.0369 1.0472 1.0308 1.0065 1.0251 1.0181 1.0186 1.0055 1.0331 1.0379 1.0341 1.0114 1.0094 1.0162 1.0448 1.0058 1.0272 1.0206 1.0133 1.0027 1.0216 1.0093 1.0309 
1.0136 1.0192 1.0264 1.0278 1.0334 1.0262 1.0123 1.0166 1.029 1.0438 1.0302 1.0317 1.045 1.0454 1.019 1.0377 1.0158 1.0248 1.0347 1.0192 1.0465 1.0255 1.0382 1.0101 1.0333 
1.0104 1.043 1.0283 1.0359 1.0278 1.0011 1.0274 1.026 1.024 1.0088 1.0395 1.0053 1.0254 1.0393 1.0098 1.0288 1.0383 1.0079 1.0221 1.0283 1.0294 1.0347 1.0444 1.0172 1.0218 
1.024 1.0056 1.0002 1.0006 1.0401 1.0341 1.0091 1.0289 1.0234 1.0339 1.0127 1.0298 1.0445 1.049 1.046 1.0491 1.006 1.0136 1.0486 1.011 1.0242 1.0219 1.0444 1.0329 1.0159 
1.034 1.0491 1.0143 1.0192 1.0228 1.0467 1.0331 1.0254 1.0108 1.0425 1.0085 1.0005 1.0422 1.038 1.0105 1.004 1.0294 1.0118 1.0262 1.0159 1.0358 1.0228 1.0304 1.049 1.043 
1.0004 1.0262 1.0064 1.0266 1.0279 1.0175 1.0266 1.0497 1.0295 1.0337 1.0213 1.0454 1.0283 1.0022 1.0113 1.003 1.0385 1.0119 1.02 1.0025 1.0387 1.011 1.0338 1.0072 1.0181 
1.032 1.0366 1.0166 1.0357 1.0351 1.032 1.0477 1.0344 1.0336 1.0241 1.0059 1.0453 1.0133 1.042 1.0022 1.0171 1.0105 1.0114 1.0473 1.0304 1.02 1.0445 1.0236 1.0327 1.0432 
1.024 1.0414 1.0245 1.0172 1.0214 1.0368 1.0187 1.0048 1.026 1.0321 1.0119 1.0349 1.0328 1.014 1.0426 1.0354 1.0063 1.011 1.0265 1.0227 1.0009 1.0209 1.0118 1.037 1.0048 
1.0216 1.0084 1.012 1.0406 1.0111 1.0022 1.0045 1.0027 1.0009 1.0457 1.0201 1.009 1.0348 1.0301 1.0216 1.045 1.0317 1.0121 1.0361 1.0085 1.0325 1.0033 1.0032 1.0344 1.0443 
1.0423 1.0026 1.0253 1.0127 1.0429 1.002 1.0113 1.0038 1.009 1.0118 1.0252 1.0311 1.0427 1.0101 1.0443 1.0277 1.0168 1.0459 1.0485 1.0214 1.0139 1.0295 1.0065 1.0336 1.0416 
1.0191 1.0262 1.0206 1.0401 1.028 1.0343 1.0273 1.0276 1.0177 1.0437 1.0312 1.0383 1.03 1.043 1.0112 1.0424 1.027 1.0108 1.046 1.0093 1.0244 1.0126 1.0148 1.0161 1.0445 
1.0447 1.0371 1.018 1.0374 1.0411 1.0075 1.0427 1.0492 1.0169 1.0392 1.0327 1.0404 1.0231 1.017 1.0312 1.0105 1.0443 1.0303 1.0321 1.0453 1.0264 1.0266 1.0099 1.0269 1.0392 
1.0221 1.0329 1.0242 1.0123 1.0328 1.0433 1.0008 1.0427 1.0227 1.0356 1.0011 1.0014 1.019 1.0255 1.019 1.0373 1.0495 1.0131 1.0171 1.0202 1.0052 1.0462 1.0044 1.0488 1.0377 
1.0338 1.0115 1.013 1.0412 1.0266 1.0082 1.0393 1.0423 1.0163 1.0096 1.0198 1.0182 1.028 1.0039 1.0443 1.0194 1.0428 1.0224 1.0344 1.0153 1.0103 1.0064 1.031 1.0167 1.0388 
1.001 1.0395 1.0228 1.0495 1.0044 1.0389 1.0083 1.0287 1.0351 1.0259 1.035 1.0485 1.0489 1.0196 1.0203 1.0486 1.043 1.0331 1.023 1.0245 1.0242 1.0342 1.0384 1.0144 1.0392 
1.0359 1.0323 1.012 1.0163 1.0052 1.0491 1.0199 1.0312 1.013 1.0357 1.0355 1.0465 1.0024 1.0399 1.008 1.0188 1.0029 1.0499 1.019 1.0047 1.0019 1.0431 1.0142 1.033 1.0254 
1.0271 1.0441 1.0365 1.0036 1.0216 1.0007 1.012 1.0462 1.0414 1.0058 1.0317 1.0163 1.0325 1.0188 1.0093 1.0479 1.0453 1.016 1.0441 1.0375 1.0345 1.0384 1.0278 1.0371 1.0132 
1.0487 1.0427 1.0112 1.0179 1.0037 1.0046 1.0343 1.0299 1.0191 1.0201 1.0073 1.0043 1.0118 1.0446 1.0005 1.0256 1.0112 1.0469 1.0111 1.0027 1.0038 1.0333 1.0426 1.045 1.0405 
1.019 1.0253 1.0179 1.0392 1.0274 1.036 1.0141 1.0392 1.0041 1.0126 1.0293 1.0096 1.0057 1.0494 1.0388 1.0156 1.0121 1.0298 1.0257 1.0029 1.0065 1.0091 1.007 1.0351 1.0072 
1.0428 1.0158 1.0153 1.0441 1.0475 1.0065 1.0452 1.0472 1.0069 1.0124 1.0051 1.0183 1.0058 1.0306 1.0294 1.015 1.024 1.0119 1.047 1.0199 1.0247 1.0235 1.0439 1.0042 1.0153 
1.045 1.0083 1.0334 1.0238 1.0427 1.025 1.0156 1.0478 1.0318 1.0499 1.0252 1.0042 1.0474 1.011 1.0357 1.0301 1.0175 1.037 1.0245 1.024 1.0223 1.022 1.0057 1.0236 1.0206 
1.0401 1.0273 1.043 1.0156 1.0285 1.0191 1.0415 1.0254 1.0184 1.0108 1.0213 1.0253 1.0158 1.0299 1.0226 1.0074 1.0293 1.0299 1.0296 1.0169 1.0326 1.0463 1.0256 1.0065 1.0344 
1.0092 1.013 1.0179 1.0144 1.011 1.0261 1.041 1.0121 1.0006 1.0283 1.0087 1.0077 1.0072 1.0192 1.0232 1.0457 1.0099 1.0196 1.0126 1.0366 1.0121 1.0466 1 1.0013 1.0237 
1.0315 1.0494 1.0421 1.0217 1.011 1.0494 1.003 1.0089 1.0168 1.0279 1.0139 1.0201 1.0259 1.0251 1.0387 1.0323 1.0263 1.0083 1.0109 1.0269 1.0193 1.049 1.0318 1.0251 1.0155 
1.0443 1.0039 1.032 1.006 1.0366 1.0231 1.0454 1.0432 1.0448 1.0122 1.036 1.0103 1.0165 1.0471 1.0491 1.0243 1.048 1.0459 1.0071 1.0274 1.0057 1.0247 1.0038 1.004 1.0285 
1.0042 1.0179 1.0456 1.0098 1.0242 1.0133 1.0435 1.0024 1.0249 1.0374 1.0466 1.0253 1.0435 1.0266 1.016 1.0384 1.0334 1.0407 1.0307 1.0324 1.0004 1.0215 1.0261 1.0159 1.0228 
1.0235 1.0182 1.0123 1.0236 1.0201 1.0004 1.0025 1.0486 1.0241 1.0087 1.0401 1.0426 1.0312 1.013 1.0237 1.0439 1.0107 1.0014 1.0441 1.0476 1.015 1.0029 1.0274 1.0332 1.0222 
1.0126 1.0109 1.0221 1.0407 1.0007 1.0015 1.0246 1.0254 1.0459 1.0215 1.0183 1.0484 1.0489 1.0415 1.0421 1.0171 1.0056 1.0442 1.0358 1.0481 1.0321 1.0142 1.0229 1.0349 1.0326 
1.0214 1.0194 1.0009 1.0449 1.0442 1.0301 1.0445 1.0332 1.0005 1.0273 1.0109 1.0017 1.0399 1.0451 1.0267 1.0413 1.0367 1.0207 1.0021 1.0085 1.0223 1.0466 1.0302 1.0401 1.0039 
1.0316 1.0294 1.0232 1.0382 1.0381 1.0246 1.036 1.0091 1.0454 1.0443 1.0346 1.01 1.0065 1.0029 1.0493 1.0392 1.0033 1.0057 1.0044 1.0246 1.0426 1.019 1.0184 1.0352 1.0185 
1.011 1.0022 1.0373 1.0382 1.0472 1.0257 1.0242 1.0339 1.0301 1.0144 1.0187 1.0292 1.029 1.0171 1.0329 1.0376 1.0212 1.033 1.0043 1.0087 1.0469 1.0045 1.0494 1.0468 1.0145 
1.0054 1.0381 1.0389 1.0287 1.0244 1.0445 1.0248 1.0011 1.0054 1.0336 1.0373 1.0336 1.0092 1.034 1.0485 1.0014 1.0443 1.0207 1.0309 1.0211 1.0182 1.0456 1.0407 1.0041 1.026 
1.026 1.0276 1.0073 1.0489 1.0431 1.0499 1.0235 1.0465 1.048 1.0005 1.0331 1.0398 1.0124 1.0089 1.0374 1.0344 1.0241 1.0014 1.0123 1.0437 1.0125 1.0339 1.0371 1.0307 1.0179 
1.0342 1.0091 1.0347 1.0468 1.0448 1.0278 1.0408 1.0251 1.0375 1.0462 1.0423 1.013 1.0337 1.0079 1.0139 1.0375 1.0273 1.0173 1.028 1.0403 1.0156 1.0049 1.0308 1.0336 1.0021 
1.0307 1.0462 1.0089 1.0008 1.0474 1.0323 1.0226 1.0015 1.0321 1.0485 1.0097 1.0226 1.0269 1.0297 1.0476 1.0073 1.0067 1.028 1.022 1.0255 1.0391 1.0158 1.0446 1.0369 1.0209 
1.0164 1.0267 1.0152 1.0043 1.031 1.0453 1.0251 1.0011 1.0362 1.03 1.0393 1.0351 1.033 1.0058 1.0093 1.0302 1.0248 1.0347 1.0458 1.0488 1.0133 1.0211 1.0429 1.0097 1.0325 
1.0369 1.0013 1.0049 1.0353 1.0264 1.0147 1.0416 1.008 1.0204 1.0341 1.0097 1.0162 1.0348 1.0004 1.0332 1.0201 1.0489 1.0113 1.0224 1.035 1.0269 1.0212 1.0049 1.012 1.0421 
1.0419 1.0102 1.0103 1.0352 1.018 1.007 1.0152 1.0177 1.0162 1.0089 1.0467 1.045 1.0061 1.0277 1.0198 1.0438 1.0477 1.0306 1.016 1.0324 1.0415 1.0445 1.0375 1.0161 1.0385 
1.0015 1.0386 1.0344 1.0415 1.0318 1.0185 1.0296 1.0374 1.0208 1.0075 1.0182 1.0434 1.0356 1.0191 1.0283 1.0242 1.0277 1.023 1.0048 1.0011 1.0124 1.0248 1.0429 1.0102 1.0266 
1.028 1.011 1.0333 1.0106 1.0381 1.0056 1.0144 1.0035 1.0122 1.0083 1.0422 1.0481 1.0092 1.0452 1.0147 1.0096 1.0401 1.0338 1.0206 1.0294 1.0237 1.0297 1.0123 1.0007 1.0317 
1.0454 1.0234 1.0334 1.0332 1.0372 1.0284 1.0465 1.0482 1.0286 1.0209 1.0347 1.0277 1.0186 1.0119 1.0025 1.0225 1.021 1.0059 1.0419 1.0087 1.0069 1.0281 1.0221 1.0418 1.0076 
1.042 1.0377 1.015 1.0097 1.0158 1.0402 1.012 1.0148 1.0177 1.0058 1.0345 1.0236 1.0116 1.032 1.0442 1.0284 1.0172 1.0013 1.0188 1.0495 1.0062 1.0456 1.0081 1.0032 1.0323 
1.0323 1.0483 1.0366 1.0149 1.0228 1.0372 1.0272 1.0374 1.03 1.0353 1.0264 1.023 1.0211 1.0247 1.0265 1.0394 1.0296 1.0015 1.0457 1.0445 1.0442 1.0284 1.0388 1.0454 1.0259 
1.0142 1.0234 1.0248 1.0424 1.0022 1.0211 1.0125 1.0233 1.0228 1.0265 1.0378 1.0159 1.0496 1.0189 1.0037 1.0411 1.0408 1.0382 1.0241 1.018 1.0022 1.0294 1.011 1.0092 1.0474 
1.0207 1.0412 1.0103 1.0081 1.0305 1.023 1.0017 1.0196 1.0357 1.0209 1.0489 1.0094 1.0329 1.0243 1.043 1.0067 1.0188 1.0085 1.0053 1.0239 1.0141 1.0292 1.0299 1.0402 1.0075 
1.0387 1.0416 1.0217 1.0112 1.0195 1.0499 1.0345 1.043 1.0181 1.0272 1.0387 1.0329 1.0084 1.0068 1.0272 1.0318 1.0039 1.0104 1.0294 1.0019 1.0365 1.0041 1.0074 1.0332 1.0481 
1.0306 1.0263 1.0398 1.0353 1.0362 1.0059 1.0362 1.0121 1.0484 1.032 1.0408 1.0157 1.0184 1.0426 1.0037 1.0439 1.0344 1.0476 1.0102 1.0438 1.0235 1.0092 1.031 1.0316 1.0452 
1.0102 1.0337 1.0088 1.0238 1.0195 1.0093 1.0231 1.0047 1.0414 1.0281 1.0416 1.0083 1.0399 1.0109 1.0419 1.015 1.0268 1.0033 1.0144 1.0092 1.0273 1.0445 1.0131 1.0143 1.0298 
1.0157 1.0153 1.035 1.0278 1.0028 1.0412 1.0378 1.0446 1.0422 1.0148 1.0006 1.0168 1.0139 1.0291 1.0295 1.0286 1.0498 1.0014 1.0483 1.0078 1.011 1.0048 1.0069 1.0479 1.0222 
1.0014 1.0478 1.0344 1.0306 1.0224 1.0154 1.0291 1.0145 1.0272 1.0362 1.0448 1.0406 1.0224 1.0348 1.0203 1.0036 1.0188 1.0104 1.0335 1.0105 1.0444 1.0266 1.0157 1.0144 1.0123 
1.0132 1.0281 1.0434 1.0265 1.0361 1.0322 1.0026 1.043 1.041 1.0128 1.0008 1.0247 1.0092 1.0105 1.0072 1.04 1.0262 1.0389 1.011 1.0403 1.01 1.0231 1.0093 1.0225 1.014 
1.0403 1.04 1.0158 1.0373 1.0017 1.0401 1.0054 1.0409 1.0058 1.0348 1.0153 1.0307 1.015 1.0386 1.0262 1.0232 1.0249 1.0443 1.0447 1.0297 1.0074 1.006 1.036 1.005 1.0453 
1.0313 1.0394 1.0262 1.0108 1.0058 1.045 1.0499 1.0376 1.0401 1.0499 1.0187 1.0076 1.0335 1.0367 1.0006 1.0062 1.0394 1.0249 1.0382 1.0225 1.0362 1.0291 1.0101 1.036 1.0238 
1.0133 1.0306 1.0049 1.0122 1.011 1.0075 1.0019 1.0191 1.0397 1.0352 1.0088 1.0319 1.0428 1.0108 1.0358 1.0217 1.0016 1.0476 1.0025 1.0367 1.0156 1.0392 1.0242 1.0382 1.0184 
1.0454 1.0065 1.0402 1.0132 1.002 1.0015 1.0259 1.0405 1.0082 1.0258 1.0354 1.0482 1.0227 1.0141 1.012 1.0403 1.0392 1.0413 1.0348 1.0434 1.0475 1.0284 1.0235 1.0056 1.04 
1.0468 1.0305 1.0259 1.0382 1.0412 1.0057 1.0043 1.0124 1.0365 1.0038 1.0381 1.0269 1.0067 1.014 1.0314 1.0321 1.0485 1.024 1.0485 1.0213 1.0166 1.0248 1.0429 1.0026 1.0269 
1.0004 1.0045 1.042 1.0192 1.0074 1.0217 1.0084 1.0261 1.0309 1.0084 1.0068 1.0453 1.0435 1.0006 1.0383 1.034 1.0189 1.0204 1.0137 1.0433 1.0218 1.0009 1.0039 1.0121 1.0384 
1.0267 1.0046 1.0006 1.0458 1.0014 1.0092 1.033 1.0037 1.0317 1.004 1.045 1.0053 1.0355 1.0311 1.0208 1.0158 1.002 1.0355 1.0114 1.0036 1.0472 1.0187 1.0084 1.036 1.0474 
1.0295 1.0431 1.0333 1.0357 1.0057 1.0116 1.0009 1.0347 1.0484 1.0441 1.0139 1.0419 1.0396 1.0447 1.0241 1.0409 1.0242 1.022 1.0301 1.0423 1.0098 1.0293 1.0022 1.0022 1.0458 
1.0438 1.0348 1.0133 1.0349 1.0476 1.0479 1.0174 1.0423 1.0411 1.0364 1.0055 1.0282 1.033 1.0424 1.0458 1.0434 1.0084 1.0415 1.0267 1.0365 1.0456 1.0337 1.0158 1.0247 1.0071 
1.0146 1.0057 1.0048 1.0288 1.0115 1.026 1.0369 1.0068 1.0362 1.0207 1.0215 1.0308 1.029 1.0226 1.0014 1.0052 1.0357 1.0018 1.0319 1.0105 1.0326 1.04 1.0044 1.0109 1.0378 
1.0403 1.0124 1.0373 1.0164 1.0271 1.0317 1.0367 1.0384 1.0488 1.0033 1.0341 1.0114 1.0003 1.0429 1.0018 1.0076 1.0431 1.0492 1.0356 1.0425 1.039 1.0371 1.017 1.0394 1.0223 
1.0003 1.0198 1.0296 1.0183 1.0275 1.0061 1.0392 1.0427 1.026 1.0234 1.038 1.0133 1.0299 1.0304 1.0387 1.0168 1.0049 1.012 1.001 1.0433 1.0485 1.0327 1.0184 1.0304 1.0309 
1.0076 1.0135 1.0139 1.0342 1.0144 1.0064 1.0401 1.0294 1.0117 1.0273 1.0462 1.0166 1.0048 1.0056 1.0498 1.0253 1.0219 1.0063 1.0499 1.0078 1.0411 1.019 1.0111 1.0289 1.0206 
1.0417 1.0174 1.0001 1.0171 1.019 1.0148 1.0032 1.0444 1.0293 1.0317 1.0355 1.0152 1.0155 1.0077 1.0348 1.0355 1.0312 1.0491 1.0302 1.0011 1.0207 1.0301 1.0279 1.026 1.0379 
1.0302 1.032 1.035 1.0334 1.0082 1.014 1.0197 1.0065 1.0185 1.0413 1.029 1.0032 1.0471 1.0148 1.0348 1.0356 1.0407 1.0347 1.0005 1.0226 1.0495 1.0018 1.0046 1.0052 1.0203 
1.0041 1.0256 1.0418 1.0275 1.0175 1.0005 1.0378 1.0078 1.0036 1.0315 1.0399 1.0376 1.0382 1.0106 1.004 1.0103 1.0042 1.0024 1.0149 1.0146 1.011 1.0392 1.0201 1.0034 1.0369 
1.0347 1.0307 1.0494 1.0047 1.0115 1.029 1.0205 1.0093 1.0389 1.003 1.0385 1.024 1.0014 1.0196 1.0074 1.0014 1.0096 1.0165 1.0307 1.0028 1.0162 1.0348 1.0204 1.0215 1.0009 
1.002 1.0265 1.0028 1.0164 1.0295 1.0497 1.0214 1.0386 1.0196 1.0403 1.0411 1.0131 1.0442 1.0477 1.0442 1.0112 1.009 1.0118 1.0435 1.0367 1.0127 1.0142 1.0355 1.0087 1.0148 
1.0215 1.0213 1.0343 1.0046 1.0171 1.0341 1.0249 1.0058 1.0211 1.048 1.0433 1.0185 1.0237 1.0021 1.0162 1.043 1.0305 1.0211 1.0145 1.0008 1.0373 1.015 1.0231 1.0181 1.0255 
1.0146 1.0325 1.0313 1.0044 1.0201 1.001 1.0403 1.0233 1.0037 1.0043 1.0345 1.0096 1.0103 1.0348 1.0447 1.0124 1.0166 1.0217 1.011 1.0334 1.0242 1.0084 1.0013 1.0345 1.0278 
1.0192 1.0143 1.0455 1.0291 1.0381 1.0318 1.0332 1.0191 1.0362 1.002 1.0177 1.0279 1.0191 1.0152 1.0481 1.0029 1.0369 1.0079 1.0445 1.0265 1.0474 1.0375 1.0438 1.0016 1.0449 
1.0127 1.0043 1.0337 1.0354 1.0221 1.0422 1.0068 1.049 1.0089 1.0123 1.0052 1.0262 1.0058 1.014 1.0314 1.0172 1.0094 1.0352 1.0354 1.0481 1.0189 1.0138 1.0376 1.0449 1.0162 
1.0087 1.0135 1.0396 1.0461 1.0107 1.0124 1.0046 1.0412 1.0456 1.0347 1.0313 1.0297 1.0461 1.027 1.047 1.0204 1.0454 1.013 1.0173 1.0193 1.0031 1.0453 1.0125 1.0308 1.0282 
1.024 1.0136 1.0011 1.0373 1.023 1.0286 1.0399 1.0072 1.0066 1.0176 1.0403 1.0343 1.0474 1.0407 1.0029 1.0379 1.0391 1.033 1.049 1.0142 1.023 1.0048 1.0005 1.02 1.03 
1.0016 1.0483 1.0383 1.0478 1.0115 1.0017 1.0326 1.006 1.0476 1.0349 1.0145 1.0136 1.0138 1.0482 1.0052 1.0489 1.0015 1.0327 1.0151 1.0048 1.0111 1.0394 1.0485 1.0365 1.0407 
1.0284 1.0204 1.0227 1.0087 1.0323 1.0448 1.0382 1.0254 1.0459 1.0289 1.0417 1.0445 1.0431 1.021 1.0251 1.0385 1.0441 1.0439 1.0332 1.0012 1.0187 1.0087 1.0148 1.0446 1.0366 
1.029 1.0224 1.0456 1.0042 1.0093 1.021 1.0114 1.0167 1.0144 1.0194 1.0133 1.0148 1.023 1.024 1.0451 1.0123 1.0176 1.0492 1.0134 1.018 1.0374 1.0024 1.0115 1.0257 1.0031 
1.0257 1.0024 1.0177 1.018 1.0028 1.0028 1.0424 1.0046 1.0305 1.0453 1.013 1.0192 1.0213 1.0081 1.0131 1.0213 1.0033 1.0249 1.0319 1.0488 1.0319 1.0003 1.0245 1.0489 1.0089 
1.0188 1.0445 1.0096 1.0439 1.0482 1.0274 1.0416 1.0236 1.0114 1.0201 1.0171 1.0496 1.0492 1.0372 1.0028 1.0024 1.0329 1.0434 1.0417 1.0402 1.0078 1.01 1.0456 1.0071 1.0411 
1.0027 1.0495 1.0106 1.0139 1.0298 1.0399 1.0055 1.0326 1.033 1.0325 1.01 1.0134 1.0472 1.0418 1.0063 1.0366 1.0432 1.0345 1.0428 1.0332 1.0052 1.0266 1.0308 1.0262 1.0082 
1.0002 1.019 1.0168 1.0073 1.044 1.0261 1.008 1.0353 1.001 1.0366 1.0417 1.0026 1.04 1.0131 1.018 1.0255 1.0156 1.012 1.0087 1.0031 1.0118 1.0457 1.008 1.0355 1.0358 
1.0013 1.0175 1.0342 1.042 1.0013 1.0411 1.0322 1.0395 1.046 1.0246 1.0483 1.0258 1.0321 1.043 1.0497 1.0123 1.0478 1.0498 1.0409 1.0012 1.002 1.0134 1.0295 1.0086 1.0226 
1.0154 1.0403 1.0352 1.003 1.0273 1.0117 1.0273 1.025 1.0444 1.0323 1.0369 1.0388 1.0348 1.0057 1.0417 1.048 1.0346 1.0498 1.0025 1.0329 1.0318 1.0242 1.0334 1.0062 1.0374 
1.043 1.0209 1.0318 1.0288 1.0148 1.0258 1.0422 1.0245 1.0275 1.0247 1.0127 1.0443 1.0177 1.0063 1.0451 1.0201 1.0115 1.025 1.0411 1.0165 1.024 1.0028 1.0259 1.0295 1.0094 
1.0114 1.0325 1.0084 1.0298 1.0088 1.0354 1.037 1.0274 1.0092 1.0353 1.0422 1.0092 1.0218 1.0257 1.0141 1.0072 1.0456 1.0483 1.0039 1.0186 1.0303 1.0204 1.0301 1.0038 1.0259 
1.0457 1.0403 1.0248 1.0095 1.0151 1.0485 1.0179 1.0421 1.0275 1.0285 1.0187 1.0433 1.0331 1.014 1.0433 1.0183 1.0078 1.03 1.0064 1.0154 1.0126 1.0419 1.049 1.0386 1.0263 
1.019 1.0077 1.005 1.0446 1.02 1.0183 1.0115 1.0359 1.0244 1.0306 1.0127 1.0023 1.0444 1.0164 1.0401 1.0077 1.0423 1.0322 1.0324 1.0084 1.0174 1.0331 1.0366 1.0176 1.0402 
1.0316 1.0395 1.0165 1.0485 1.0425 1.0238 1.0093 1.0274 1.0474 1.0428 1.012 1.0418 1.0343 1.0026 1.0347 1.0197 1.0265 1.0039 1.012 1.0264 1.0467 1.0267 1.0287 1.0488 1.0235 
1.0358 1.0213 1.0327 1.0164 1.0477 1.0188 1.0121 1.0023 1.0213 1.0127 1.0117 1.0277 1.0236 1.0263 1.0353 1.0317 1.0004 1.0251 1.0111 1.0082 1.0262 1.0112 1.0146 1.0056 1.0156 
1.0396 1.0369 1.0238 1.0218 1.0423 1.0146 1.031 1.0038 1.0131 1.025 1.0364 1.0179 1.042 1.0135 1.0447 1.0447 1.0271 1.0154 1.0217 1.0359 1.0488 1.0238 1.0202 1.0486 1.0173 
1.0464 1.0236 1.0112 1.0238 1.0192 1.0034 1.0174 1.0454 1.0283 1.0133 1.0015 1.0399 1.0015 1.0318 1.0045 1.0096 1.0197 1.0098 1.0356 1.0306 1.0037 1.0466 1.0418 1.0437 1.0035 
1.0351 1.0112 1.0413 1.042 1.0076 1.0223 1.0269 1.0295 1.0073 1.0091 1.0042 1.0453 1.0372 1.0464 1.0102 1.0095 1.0278 1.021 1.0359 1.0498 1.0385 1.0394 1.0379 1.0019 1.0307 
1.0489 1.0206 1.0368 1.0081 1.0281 1.0278 1.0266 1.0357 1.0058 1.0341 1.0341 1.0473 1.0471 1.046 1.0221 1.0133 1.0304 1.0463 1.0463 1.013 1.0002 1.0069 1.0223 1.03 1.0306 
1.0301 1.0375 1.0253 1.0314 1.0057 1.0132 1.0363 1.001 1.0442 1.0418 1.018 1.0137 1.0489 1.0218 1.008 1.0482 1.0308 1.0192 1.0347 1.0357 1.0252 1.0227 1.0191 1.0082 1.0405 
1.02 1.0488 1.0478 1.0286 1.0224 1.033 1.0403 1.0227 1.0177 1.0287 1.0405 1.0024 1.0051 1.0446 1.041 1 1.0429 1.0467 1.0457 1.0042 1.0059 1.0403 1.0227 1.0243 1.0345 
1.0239 1.0454 1.0156 1.0359 1.0028 1.0043 1.0433 1.0398 1.0014 1.0449 1.0033 1.0451 1.0237 1.0358 1.0028 1.0386 1.0471 1.0138 1.0483 1.0126 1.0203 1.0438 1.0024 1.032 1.0337 
1.0354 1.0025 1.0093 1.018 1.0162 1.0269 1.012 1.0076 1.0437 1.03 1.0499 1.016 1.0099 1.0074 1.0236 1.0091 1.0082 1.0403 1.0086 1.0357 1.0015 1.0293 1.0197 1.014 1.043 
1.0451 1.0036 1.0484 1.0401 1.0388 1.0262 1.0468 1.0384 1.0267 1.0152 1.0497 1.041 1.0402 1.0357 1.0104 1.0427 1.0089 1.0393 1.0107 1.0419 1.048 1.0341 1.026 1.025 1.0031 
1.0147 1.0298 1.0277 1.0001 1.029 1.002 1.03 1.0451 1.0062 1.0211 1.006 1.0094 1.0377 1.0458 1.0474 1.0211 1.0204 1.0484 1.012 1.039 1.004 1.0257 1.0148 1.047 1.0087 
1.0089 1.0427 1.0035 1.0059 1.0413 1.0204 1.0097 1.0017 1.0171 1.0305 1.0132 1.0025 1.0453 1.0481 1.0355 1.0046 1.0473 1.0038 1.0105 1 1.0296 1.0157 1.031 1.0281 1.0198 
1.0232 1.0142 1.0137 1.002 1.0231 1.0471 1.0491 1.0365 1.0338 1.0284 1.0217 1.0062 1.033 1.0362 1.0143 1.0022 1.005 1.029 1.0211 1.0368 1.0272 1.0079 1.0201 1.013 1.0412 
1.0046 1.0147 1.0249 1.0444 1.0327 1.0248 1.0242 1.0173 1.0225 1.0368 1.0301 1.0253 1.0128 1.0083 1.0396 1.0161 1.0199 1.0055 1.0339 1.0424 1.0361 1.0075 1.0201 1.0221 1.0008 
1.0406 1.0349 1.0186 1.0352 1.0267 1.0313 1.0318 1.0468 1.0318 1.0047 1.0416 1.0338 1.0299 1.0147 1.02 1.0172 1.0365 1.0092 1.0125 1.0094 1.0438 1.045 1.0391 1.0178 1.0065 
1.0495 1.0191 1.021 1.0424 1.0261 1.0282 1.0049 1.0351 1.0296 1.0106 1.0445 1.0157 1.0356 1.0379 1.0155 1.0229 1.0232 1.0132 1.0499 1.0499 1.002 1.002 1.0405 1.0476 1.0005 
1.0436 1.0029 1.0464 1.0191 1.0049 1.0051 1.0455 1.0403 1.0475 1.0302 1.0134 1.0026 1.0024 1.0033 1.027 1.03 1.0325 1.0174 1.0273 1.0325 1.0316 1.0479 1.008 1.0238 1.0489 
1.0243 1.0209 1.0403 1.0206 1.0314 1.0266 1.0271 1.0181 1.0171 1.0401 1.0127 1.0483 1.0341 1.0345 1.002 1.0259 1.0375 1.0285 1.0055 1.0227 1.0313 1.0336 1.0002 1.0007 1.0436 
1.0424 1.0097 1.0264 1.0081 1.0447 1.0347 1.0059 1.0045 1.0387 1.007 1.0013 1.0179 1.0013 1.0243 1.0229 1.0074 1.0089 1.0429 1.0492 1.0464 1.0375 1.0223 1.0436 1.018 1.0217 
1.011 1.0428 1.0168 1.0435 1.0198 1.0259 1.0438 1.0251 1.0444 1.0492 1.0224 1.0231 1.0463 1.0053 1.0193 1.0095 1.0105 1.0258 1.001 1.0483 1.0161 1.0123 1.0297 1.0164 1.0311 
1.0436 1.0069 1.0366 1.0211 1.0037 1.0042 1.0442 1.0489 1.0223 1.0038 1.0137 1.0304 1.0294 1.0128 1.0421 1.0214 1.0219 1.0137 1.0438 1.0112 1.0091 1.0324 1.0223 1.049 1.0317 
1.0213 1.035 1.0081 1.0048 1.0249 1.0398 1.0451 1.0468 1.0195 1.0084 1.0067 1.0003 1.0103 1.0232 1.0229 1.0195 1.0292 1.0028 1.0052 1.0267 1.0339 1.0005 1.0454 1.0226 1.017 
1.0365 1.0436 1.0399 1.0313 1.0229 1.0048 1.0285 1.012 1.0276 1.0215 1.006 1.038 1.0127 1.0266 1.046 1.0311 1.0282 1.0262 1.0182 1.0278 1.0495 1.0102 1.0489 1.0261 1.011 
1.0366 1.0171 1.041 1.0373 1.0218 1.0012 1.0445 1.0221 1.0201 1.0178 1.0116 1.0436 1.0498 1.0282 1.0257 1.0404 1.0394 1.0158 1.0188 1.0019 1.0443 1.0343 1.0347 1.0429 1.0085 
1.0025 1.0063 1.0436 1.0348 1.0273 1.0401 1.0366 1.0217 1.0209 1.0493 1.0492 1.006 1.0442 1.017 1.0464 1.0289 1.0471 1.0269 1.0464 1.0137 1.0257 1.0082 1.0289 1.0035 1.0483 
1.0249 1.0075 1.0372 1.0342 1.0397 1.0171 1.0248 1.0196 1.0499 1.0125 1.0014 1.0434 1.0133 1.0496 1.0002 1.019 1.0321 1.0162 1.0469 1.0064 1.0051 1.0468 1.0169 1.0491 1.0085 
1.0068 1.0193 1.011 1.0478 1.0009 1.021 1.001 1.0413 1.0393 1.0247 1.0401 1.0213 1.041 1.0047 1.0465 1.0169 1.0467 1.0046 1.0188 1.0072 1.0111 1.0433 1.0098 1.04 1.0014 
1.0277 1.0253 1.0422 1.0087 1.0232 1.0329 1.0188 1.0034 1.0166 1.0068 1.049 1.0283 1.0343 1.0464 1.0114 1.0175 1.043 1.0023 1.0009 1.0225 1.013 1.0005 1.0005 1.0431 1.0462 
1.024 1.0226 1.0381 1.0146 1.0288 1.0285 1.0282 1.0211 1.0142 1.0114 1.0431 1.0188 1.0479 1.0012 1.0281 1.0291 1.0384 1.0357 1.0351 1.021 1.0136 1.0328 1.0415 1.0319 1.0468 
1.0395 1.0411 1.03 1.0403 1.0448 1.0351 1.0251 1.0354 1.0067 1.0313 1.0361 1.0061 1.0141 1.0261 1.0041 1.0386 1.0048 1.0483 1.0399 1.0113 1.0271 1.0293 1.0309 1.0262 1.0015 
1.0401 1.0475 1.0495 1.0305 1.0211 1.0318 1.0057 1.0442 1.0482 1.0482 1.038 1.0249 1.0129 1.0368 1.0049 1.046 1.0239 1.0381 1.032 1.011 1.0384 1.0037 1.0166 1.0411 1.0014 
1.0046 1.0277 1.0024 1.0155 1.0161 1.0037 1.006 1.0033 1.0153 1.0417 1.0147 1.0257 1.0265 1.0098 1.0383 1.0165 1.0148 1.0303 1.024 1.0227 1.0275 1.0102 1 1.0135 1.0203 
1.0378 1.0447 1.0073 1.044 1.0186 1.0247 1.021 1.0233 1.042 1.0107 1.0245 1.0325 1.0461 1.0285 1.0367 1.0381 1.0185 1.0498 1.0083 1.0034 1.0154 1.0145 1.0136 1.023 1.0442 
1.003 1.0015 1.0202 1.008 1.014 1.0461 1.0371 1.0454 1.0184 1.0193 1.0458 1.0405 1.0101 1.0006 1.0416 1.0136 1.0169 1.008 1.0249 1.0152 1.0105 1.0471 1.0183 1.0419 1.0044 
1.028 1.0007 1.0118 1.0084 1.0287 1.0476 1.0477 1.0306 1.0388 1.0083 1.0076 1.0331 1.0126 1.0353 1.0409 1.0166 1.0368 1.0106 1.0343 1.014 1.0018 1.0134 1.0157 1.0401 1.024 
1.0387 1.0443 1.0205 1.0362 1.0435 1.0489 1.0019 1.0076 1.003 1.0369 1.0448 1.0494 1.0485 1.0229 1.0032 1.0074 1.0352 1.0206 1.0185 1.0252 1.0433 1.0011 1.0048 1.0359 1.0334 
1.0009 1.0228 1.031 1.0085 1.0159 1.0076 1.0138 1.0425 1.0196 1.0124 1.027 1.0096 1.006 1.0002 1.0226 1.042 1.0312 1.0218 1.0045 1.0014 1.0426 1.0485 1.0437 1.0217 1.0341 
1.0206 1.018 1.005 1.0167 1.0031 1.0488 1.036 1.0471 1.0157 1.0198 1.0047 1.0385 1.0008 1.0016 1.0057 1.0331 1.0134 1.0376 1.032 1.0015 1.0314 1.0124 1.0032 1.0375 1.0033 
1.048 1.0172 1.0167 1.0288 1.0137 1.0088 1.0145 1.0363 1.0199 1.0498 1.0193 1.0125 1.0144 1.0141 1.0284 1.0184 1.0446 1.0225 1.0327 1.0291 1.0487 1.0173 1.0488 1.0399 1.0345 
1.0305 1.0372 1.0158 1.0189 1.0424 1.0277 1.0194 1.0287 1.0184 1.0461 1.0305 1.0434 1.0144 1.0039 1.0087 1.0347 1.0187 1.0046 1.0156 1.0084 1.0137 1.0297 1.0188 1.0499 1.0103 
1.0046 1.0365 1.046 1.0206 1.0134 1.028 1.0055 1.014 1.0255 1.0478 1.0477 1.019 1.0262 1.0196 1.017 1.0133 1.0223 1.0248 1.0152 1.0032 1.0003 1.0398 1.0078 1.0382 1.0322 
1.0224 1.0395 1.0276 1.0113 1.0013 1.0319 1.0124 1.0278 1.0444 1.0442 1.0055 1.0225 1.0296 1.03 1.0069 1.0001 1.003 1.0377 1.0127 1.0295 1.0231 1.0014 1.0486 1.0278 1.0374 
1.0251 1.0405 1.0004 1.0085 1.0058 1.0234 1.0292 1.0007 1.0496 1.0221 1.0397 1.0164 1.0015 1.0282 1.0166 1.0058 1.0272 1.0394 1.001 1.0199 1.039 1.0383 1.005 1.0419 1.0071 
1.0035 1.0168 1.0151 1.0221 1.0062 1.009 1.0482 1.0451 1.0419 1.0035 1.0059 1.0209 1.0017 1.0333 1.0231 1.0141 1.0178 1.0033 1.0108 1.0448 1.0223 1.0495 1.0314 1.016 1.0093 
1.0261 1.0097 1.0319 1.0032 1.0017 1.0256 1.038 1.0486 1.0464 1.0237 1.0108 1.007 1.0262 1.0184 1.0144 1.0465 1.038 1.0428 1.0362 1.0085 1.0033 1.0431 1.0413 1.0317 1.0232 
1.0206 1.0192 1.018 1.0188 1.0329 1.0341 1.0029 1.0237 1.0367 1.0294 1.035 1.0122 1.0002 1.0188 1.0483 1.0452 1.0196 1.0476 1.0034 1.027 1.0137 1.0251 1.0173 1.0078 1.0265 
1.0332 1.0451 1.0315 1.0456 1.0496 1.0011 1.0462 1.028 1.0005 1.0041 1.0346 1.0066 1.0187 1.0082 1.0259 1.0205 1.0471 1.0258 1.0299 1.0355 1.0444 1.0072 1.0032 1.0432 1.0304 
1.017 1.0072 1.0344 1.029 1.0137 1.0461 1.0264 1.0153 1.0479 1.0279 1.0429 1.0406 1.044 1.0181 1.028 1.0125 1.0046 1.0172 1.0497 1.0402 1.0136 1.017 1.0341 1.0257 1.0028 
1.0081 1.0133 1.0462 1.0263 1.0286 1.001 1.0091 1.001 1.0421 1.005 1.0115 1.0262 1.0118 1.032 1.0304 1.0385 1.0434 1.0286 1.0222 1.0251 1.0402 1.0153 1.0242 1.0018 1.0315 
1.0211 1.0218 1.0042 1.0071 1.0133 1.0474 1.0124 1.0415 1.0428 1.0392 1.0341 1.0129 1.0457 1.0483 1.0205 1.0056 1.0345 1.0176 1.0116 1.0429 1.0286 1.0481 1.0041 1.0428 1.0079 
1.0395 1.0062 1.0168 1.024 1.0027 1.0207 1.0295 1.0034 1.0307 1.0158 1.0085 1.0096 1.0425 1.0021 1.0151 1.0142 1.0212 1.0058 1.0227 1.0193 1.0375 1.0296 1.0314 1.0135 1.0259 
1.0075 1.0297 1.0412 1.0096 1.0134 1.028 1.0065 1.0434 1.0491 1.004 1.004 1.0332 1.0443 1.0039 1.0145 1.0065 1.0306 1.0397 1.0247 1.013 1.0157 1.0013 1.0261 1.0468 1.0133 
1.0273 1.0066 1.0378 1.0175 1.0446 1.0331 1.0478 1.0215 1.0347 1.0141 1.0277 1.001 1.0455 1.0115 1.022 1.0431 1.0073 1.0017 1.0224 1.0179 1.0116 1.0261 1.0292 1.0351 1.0143 
1.0224 1.0058 1.0282 1.0402 1.0009 1.007 1.0364 1.0482 1.0389 1.0286 1.0354 1.0106 1.0194 1.0015 1.0115 1.0298 1.0078 1.0332 1.0363 1.0288 1.0414 1.0161 1.0242 1.0145 1.0064 
1.0025 1.0218 1.0233 1.0416 1.012 1.0089 1.0054 1.0098 1.0391 1.0269 1.0126 1.0224 1.0264 1.0173 1.0327 1.0133 1.0106 1.0465 1.0322 1.0027 1.0185 1.036 1.0359 1.0289 1.0322 
1.0009 1.0024 1.0152 1.0301 1.0019 1.0088 1 1.0466 1.029 1.0043 1.0417 1.0478 1.0123 1.0351 1.0398 1.003 1.0146 1.0364 1.0024 1.0357 1.0329 1.0071 1.0199 1.0098 1.0259 
1.0031 1.0178 1.01 1.027 1.0262 1.0236 1.0485 1.0386 1.0047 1.0372 1.0017 1.0364 1.01 1.0305 1.0263 1.0169 1.0033 1.0384 1.0196 1.0259 1.0009 1.005 1.0091 1.0256 1.0437 
1.0336 1.0489 1.0032 1.0271 1.0414 1.0434 1.0341 1.0113 1.0308 1.0203 1.0401 1.003 1.0343 1.0278 1.0049 1.038 1.0155 1.0479 1.0111 1.0326 1.0387 1.0312 1.0289 1.0404 1.0054 
1.0367 1.0035 1.0333 1.0209 1.0139 1.0332 1.0108 1.0133 1.0436 1.0486 1.047 1.0302 1.0271 1.0204 1.0283 1.0388 1.0076 1.0045 1.0175 1.0193 1.0142 1.0405 1.0223 1.0131 1.0496 
1.0101 1.0476 1.0119 1.003 1.0432 1.0192 1.0366 1.022 1.0264 1.0078 1.0155 1.0184 1.0495 1.0478 1.0466 1.0002 1.0398 1.0005 1.0279 1.0211 1.0457 1.0434 1.0166 1.0058 1.0265 
1.0271 1.0298 1.0195 1.0251 1.0418 1.0239 1.0173 1.0142 1.0246 1.0032 1.0243 1.027 1.0108 1.0144 1.0045 1.0494 1.0097 1.0365 1.0224 1.0447 1.0359 1.0431 1.0127 1.0481 1.0468 
1.0494 1.0343 1.0031 1.0365 1.0238 1.0162 1.0326 1.0375 1.0366 1.0043 1.0235 1.0406 1.0231 1.0249 1.0314 1.016 1.0318 1.0264 1.0329 1.004 1.0489 1.0236 1.0472 1.023 1.001 
1.0469 1.0281 1.0166 1.04 1.0279 1.0148 1.001 1.0486 1.0203 1.0045 1.0249 1.0477 1.039 1.0264 1.0378 1.0265 1.0004 1.0357 1.0114 1.0135 1.0223 1.0164 1.0193 1.0402 1.0085 
1.0483 1.0481 1.0312 1.0016 1.0024 1.0072 1.019 1.0081 1.044 1.0223 1.0094 1.0062 1.0081 1.0272 1.0491 1.0008 1.0434 1.0434 1.0298 1.0419 1.0119 1.0117 1.006 1.0312 1.0272 
1.03 1.006 1.0001 1.0478 1.0417 1.0063 1.0219 1.0266 1.0331 1.0033 1.0172 1.0368 1.0279 1.0434 1.0166 1.0258 1.0263 1.0008 1.0145 1.02 1.0185 1.0406 1.026 1.0023 1.0139 
1.0466 1.0221 1.0363 1.0263 1.0475 1.0218 1.049 1.0132 1.0426 1.0282 1.0078 1.0393 1.0081 1.032 1.0024 1.0434 1.0225 1.013 1.0033 1.0497 1.0161 1.0318 1.0149 1.0426 1.045 
1.0294 1.0163 1.017 1.009 1.0341 1.0488 1.0492 1.0251 1.01 1.0276 1.0238 1.0196 1.0153 1.0101 1.0187 1.0427 1.0402 1.0489 1.0437 1.0129 1.0298 1.003 1.02 1.0162 1.0341 
1.0015 1.0427 1.0023 1.0344 1.0454 1.0455 1.0273 1.011 1.0396 1.0242 1.0295 1.0381 1.0393 1.0031 1.0007 1.0193 1.0105 1.0258 1.0305 1.0267 1.039 1.0448 1.0341 1.0457 1.047 
1.0156 1.0306 1.0008 1.0139 1.0024 1.0471 1.0393 1.0082 1.0264 1.0064 1.0232 1.0061 1.0307 1.0444 1.049 1.0028 1.037 1.047 1.023 1.0386 1.0197 1.0398 1.0234 1.0335 1.0492 
1.0309 1.0423 1.042 1.0041 1.0487 1.0447 1.0055 1.0219 1.0176 1.0289 1.0061 1.0132 1.0121 1.017 1.0433 1.0258 1.0061 1.0454 1.0282 1.0042 1.0135 1.0232 1.0459 1.035 1.0026 
1.0451 1.027 1.0309 1.0362 1.0061 1.0186 1.024 1.0449 1.0201 1.0181 1.0227 1.0498 1.0168 1.001 1.0245 1.0428 1.0395 1.0158 1.0428 1.0058 1.0156 1.031 1.0381 1.0145 1.043 
1.0012 1.0359 1.0135 1.0166 1.0325 1.0429 1.0231 1.0287 1.047 1.0088 1.0421 1.0304 1.015 1.0485 1.0356 1.0129 1.0012 1.018 1.0049 1.0016 1.0073 1.0183 1.0481 1.0329 1.0147 
1.0494 1.0073 1.0435 1.0187 1.0202 1.0449 1.0064 1.0268 1.017 1.0311 1.0254 1.023 1.022 1.0086 1.02 1.0458 1.0169 1.0371 1.0233 1.0186 1.004 1.0322 1.0183 1.0372 1.0212 
1.0128 1.0219 1.0482 1.0468 1.0147 1.0043 1.0328 1.0475 1.0271 1.0155 1.0009 1.0009 1.0228 1.0172 1.0187 1.0188 1.0003 1.049 1.0049 1.0286 1.0018 1.0401 1.0166 1.0054 1.0122 
1.0143 1.026 1.0204 1.0103 1.0091 1.0342 1.0043 1.0267 1.0105 1.0249 1.0365 1.0203 1.0204 1.0193 1.0001 1.0298 1.0332 1.0492 1.0381 1.0434 1.0358 1.0059 1.0373 1.0436 1.0269 
1.0127 1.0252 1.0383 1.0014 1.0074 1.0423 1.006 1.0234 1.0302 1.0302 1.0116 1.0262 1.0086 1.03 1.0079 1.0066 1.0088 1.0322 1.0315 1.0198 1.0013 1.0072 1.0348 1.0011 1.0087 
1.0154 1.0483 1.037 1.0224 1.0252 1.0109 1.0247 1.0348 1.0497 1.0429 1.0147 1.0317 1.0097 1.0184 1.0465 1.0017 1.0486 1.0472 1.0318 1.0191 1.0215 1.0183 1.0363 1.0214 1.015 
1.0118 1.032 1.0254 1.006 1.0193 1.0138 1.0484 1.0458 1.0184 1.0441 1.0448 1.0066 1.0298 1.0251 1.0028 1.0426 1.0137 1.0124 1.0384 1.0304 1.0271 1.0434 1.0077 1.0359 1.0212 
1.01 1.0063 1.0465 1.0315 1.0282 1.0346 1.0382 1.0401 1.0423 1.0194 1.0012 1.0379 1.0459 1.0105 1.0442 1.0272 1.0017 1.0309 1.0426 1.0128 1.0103 1.0255 1.0234 1.0146 1.0217 
1.0384 1.0143 1.0176 1.0068 1.0425 1.0085 1.0034 1.0397 1.026 1.0366 1.022 1.0017 1.0209 1.0341 1.0154 1.0465 1.0002 1.0384 1.0036 1.0316 1.0379 1.0285 1.0447 1.0496 1.0312 
1.0317 1.0497 1.0294 1.0121 1.0142 1.0257 1.0414 1.0274 1.0391 1.0263 1.0127 1.0475 1.0086 1.0336 1.0479 1.0427 1.0105 1.0453 1.0054 1.0227 1.0376 1.0024 1.0427 1.0198 1.0005 
1.0068 1.0119 1.0202 1.0417 1.0302 1.0256 1.0045 1.0398 1.0388 1.0076 1.0417 1.009 1.0464 1.042 1.0405 1.0463 1.0012 1.0435 1.0141 1.0339 1.021 1.03 1.0096 1.0315 1.015 
1.0215 1.0096 1.009 1.0087 1.0005 1.0225 1.0111 1.0225 1.0374 1.0241 1.0294 1.0124 1.0359 1.0216 1.0238 1.0322 1.0106 1.0476 1.0113 1.0462 1.0117 1.0012 1.0148 1.0144 1.0452 
1.0076 1.0315 1.037 1.033 1.0419 1.0499 1.0224 1.0186 1.0247 1.038 1.0116 1.0076 1.0309 1.0077 1.0269 1.0459 1.0402 1.0433 1.0129 1.0079 1.0153 1.0045 1.0369 1.0102 1.0098 
1.0236 1.0332 1.041 1.0378 1.0178 1.0494 1.0399 1.04 1.0004 1.0034 1.0419 1.0399 1.0034 1.0398 1.0453 1.0117 1.0165 1.031 1.0498 1.0096 1.0456 1.004 1.0277 1.0091 1.0338 
1.023 1.0446 1.0035 1.0166 1.014 1.0313 1.0087 1.0006 1.0392 1.0116 1.048 1.0156 1.0175 1.0166 1.0273 1.0458 1.0273 1.0433 1.0162 1.0239 1.0208 1.0135 1.0111 1.039 1.0029 
1.0081 1.0087 1.0439 1.042 1.0099 1.0149 1.0036 1.023 1.0399 1.02 1.0358 1.0095 1.0427 1.0214 1.0228 1.0081 1.0265 1.0342 1.0094 1.0073 1.0406 1.009 1.045 1.0428 1.019 
1.0218 1.0075 1.0003 1.0112 1.0135 1.0487 1.0366 1.0079 1.0402 1.0323 1.0107 1.0031 1.0492 1.0348 1.0397 1.0361 1.0066 1.0248 1.0471 1.0125 1.0257 1.0033 1.0303 1.0143 1.018 
1.0378 1.0194 1.0176 1.0181 1.0043 1.0426 1.0221 1.0432 1.0374 1.0173 1.0436 1.0101 1.0215 1.0268 1.0002 1.0281 1.0347 1.0108 1.0276 1.0468 1.0349 1.0428 1.0474 1.0174 1.0141 
1.0047 1.0489 1.0494 1.0274 1.0391 1.0177 1.0026 1.0333 1.005 1.0058 1.0448 1.0363 1.0195 1.0238 1.0252 1.0143 1.0389 1.0455 1.0391 1.0323 1.0415 1.0036 1.0083 1.016 1.0476 
1.0102 1.0197 1.0408 1.0409 1.0057 1.0451 1.0016 1.0183 1.0401 1.021 1.0095 1.0067 1.0314 1.0031 1.0162 1.0231 1.0238 1.0228 1.0019 1.0056 1.0473 1.0049 1.0262 1.0432 1.0081 
1.0155 1.035 1.0148 1.0087 1.0254 1.0282 1.0074 1.0377 1.0266 1.0149 1.0163 1.0414 1.0411 1.0422 1.0284 1.0071 1.0121 1.0163 1.0058 1.0452 1.0236 1.0434 1.0107 1.0266 1.0128 
1.0149 1.0023 1.0302 1.0049 1.0289 1.0096 1.0326 1.0246 1.0093 1.0234 1.0274 1.016 1.0372 1.0042 1.0033 1.0268 1.0487 1.0399 1.0333 1.022 1.0119 1.0297 1.0081 1.0018 1.017 
1.0441 1.0398 1.0033 1.0436 1.0126 1.026 1.0494 1.0181 1.0275 1.0121 1.0058 1.0418 1.0484 1.0338 1.0325 1.014 1.0137 1.0165 1.0486 1.0267 1.0136 1.0103 1.0067 1.0326 1.0027 
1.0014 1.0131 1.0274 1.025 1.0074 1.0359 1.0102 1.003 1.0248 1.0166 1.0286 1.0278 1.0167 1.0136 1.0031 1.0449 1.0238 1.0309 1.0217 1.0012 1.0025 1.0445 1.0066 1.0482 1.0044 
1.0303 1.0174 1.0085 1.0485 1.0227 1.0131 1.0382 1.0142 1.0284 1.0392 1.0448 1.0293 1.0138 1.016 1.0296 1.001 1.0303 1.0316 1.0137 1.0266 1.014 1.0173 1.0079 1.0445 1.0314 
1.0199 1.0177 1.0163 1.0277 1.0275 1.0087 1.0179 1.0073 1.0246 1 1.034 1.0047 1.0122 1.0228 1.0383 1.0171 1.042 1.0274 1.0048 1.0088 1.0379 1.014 1.0408 1.0427 1.0427 
1.0282 1.0171 1.0324 1.0342 1.0392 1.0251 1.0313 1.0015 1.0482 1.0397 1.0115 1.016 1.0203 1.0018 1.0338 1.0202 1.0233 1 1.0137 1.031 1.0258 1.0318 1.0172 1.0446 1.0388 
1.0246 1.0177 1.0045 1.0389 1.0382 1.0375 1.0231 1.0374 1.0129 1.0012 1.006 1.0044 1.011 1.0325 1.0154 1.0244 1.0397 1.0065 1.0137 1.0235 1.0493 1.0264 1.0243 1.0253 1.0326 
1.0499 1.0196 1.0091 1.0047 1.025 1.0468 1.003 1.0127 1.034 1.0202 1.0299 1.0088 1.0176 1.0479 1.0384 1.0148 1.023 1.034 1.0156 1.0463 1.0259 1.0352 1.0357 1.0205 1.0465 
1.0145 1.0289 1.0484 1.0401 1.0441 1.0035 1.0276 1.0482 1.0107 1.0044 1.0315 1.0026 1.0352 1.0253 1.0031 1.0323 1.0187 1.0322 1.0398 1.0403 1.0064 1.0096 1.0372 1.004 1.0021 
1.0203 1.0431 1.0179 1.0144 1.0031 1.0191 1.0124 1.0149 1.0396 1.0319 1.0153 1.0239 1.0135 1.0412 1.033 1.0324 1.0323 1.0384 1.0204 1.0142 1.0384 1.0362 1.0264 1.0128 1.0339 
1.0364 1.0023 1.0249 1.0302 1.0277 1.0476 1.0395 1.0161 1.0348 1.0233 1.0047 1.0482 1.0329 1.0121 1.0172 1.0016 1.0078 1.0046 1.0489 1.0386 1.0357 1.0363 1.0455 1.037 1.02 
1.0144 1.0023 1.0064 1.0124 1.0148 1.0372 1.0389 1.0291 1.0119 1.0475 1.0143 1.0403 1.0304 1.0084 1.0131 1.0036 1.0421 1.018 1.0272 1.0385 1.0006 1.0191 1.0306 1.0254 1.0222 
1.0488 1.0199 1.0334 1.0332 1.0131 1.0248 1.0422 1.0254 1.0051 1.0244 1.0421 1.0391 1.0328 1.044 1.0161 1.0394 1.0358 1.007 1.039 1.0297 1.0462 1.0444 1.003 1.0131 1.0072 
1.0243 1.0265 1.0097 1.0278 1.0081 1.0321 1.0447 1.0368 1.0298 1.0169 1.0494 1.0205 1.0254 1.0157 1.0401 1.0225 1.0188 1.0386 1.0145 1.0427 1.0425 1.0175 1.0173 1.0081 1.0044 
1.0479 1.023 1.0429 1.0092 1.0009 1.0138 1.039 1.0314 1.0168 1.0147 1.0224 1.0317 1.0473 1.0335 1.0204 1.0184 1.0481 1.0145 1.0124 1.0075 1.0267 1.0002 1.0418 1.0204 1.0321 
1.0334 1.0394 1.0435 1.0018 1.0132 1.0076 1.0371 1.0204 1.0349 1.041 1.046 1.0211 1.0035 1.0479 1.0182 1.0394 1.0216 1.0381 1.0223 1.0384 1.0391 1.0177 1.0436 1.0258 1.0245 
1.0057 1.0363 1.0291 1.0093 1.0409 1.0145 1.0291 1.0117 1.0404 1.0222 1.0321 1.0067 1.0344 1.0405 1.0238 1.04 1.0353 1.0163 1.0247 1.0338 1.0287 1.039 1.0343 1.0332 1.0091 
1.013 1.0108 1.047 1.0179 1.041 1.0052 1.0062 1.0195 1.0395 1.0217 1.0134 1.0351 1.0442 1.0229 1.0391 1.023 1.0235 1.0163 1.043 1.0061 1.0274 1.0318 1.0368 1.0229 1.0477 
1.0249 1.0379 1.0205 1.049 1.0247 1.0259 1.0251 1.037 1.002 1.005 1.0169 1.031 1.0051 1.0332 1.0059 1.0178 1.0017 1.0133 1.0071 1.0071 1.0397 1.0056 1.0132 1.0117 1.0342 
1.022 1.0078 1.0452 1.0474 1.0241 1.0034 1.0106 1.0297 1.0146 1.0498 1.0346 1.0134 1.0496 1.0252 1.0364 1.0371 1.0493 1.0087 1.0349 1.0203 1.0258 1.0388 1.038 1.0379 1.0022 
1.0306 1.0053 1.0429 1.0212 1.0429 1.0172 1.0369 1.0362 1.0352 1.0193 1.0144 1.0243 1.0022 1.0183 1.0151 1.0478 1.0337 1.0171 1.04 1.0316 1.0272 1.0299 1.0399 1.048 1.0442 
1.0318 1.0092 1.0085 1.0447 1.0365 1.0439 1.0048 1.0396 1.0219 1.0215 1.0499 1.0393 1.0133 1.0471 1.0364 1.0015 1.0061 1.0059 1.0102 1.0002 1.0035 1.0323 1.0068 1.0035 1.0416 
1.0309 1.0191 1.0051 1.0487 1.0323 1.0115 1.0222 1.009 1.0134 1.0025 1.006 1.039 1.0281 1.0116 1.0392 1.0213 1.0321 1.0292 1.0162 1.0427 1.0326 1.0122 1.007 1.0198 1.005 
1.0245 1.0277 1.0383 1.0005 1.0496 1.0311 1.015 1.0153 1.0133 1.0014 1.0169 1.0043 1.0086 1.0018 1.0007 1.0309 1.0258 1.0306 1.0442 1.0241 1.0214 1.0182 1.0224 1.0338 1.0204 
1.0053 1.0142 1.0093 1.0152 1.0465 1.0258 1.0283 1.0141 1.0205 1.0409 1.0105 1.0462 1.0026 1.0215 1.0092 1.0086 1.0448 1.0315 1.0443 1.0469 1.0295 1.0067 1.0465 1.0004 1.0254 
1.0134 1.0299 1.0254 1.0331 1.025 1.0226 1.0047 1.0485 1.0062 1.0344 1.0053 1.0253 1.0204 1.0485 1.0226 1.0366 1.0228 1.0284 1.0018 1.018 1.0234 1.0119 1.0069 1.0363 1.0023 
1.0355 1.0423 1.0229 1.0274 1.0015 1.0182 1.0299 1.004 1.0492 1.0195 1.0079 1.0106 1.0473 1.0209 1.0092 1.04 1.0439 1.0082 1.0162 1.0117 1.002 1.044 1.0401 1.0109 1.0344 
1.0335 1.0216 1.044 1.0288 1 1.0324 1.0085 1.0327 1.0265 1.0099 1.0175 1.0201 1.0485 1.0326 1.0398 1.0462 1.0155 1.0002 1.0377 1.0006 1.0242 1.0338 1.0027 1.0115 1.0348 
1.0059 1.0048 1.028 1.0459 1.0242 1.029 1.0342 1.0207 1.0182 1.0079 1.0293 1.0369 1.0354 1.0256 1.0355 1.0395 1.0093 1.013 1.0369 1.0341 1.0278 1.0176 1.0142 1.0368 1.0118 
1.0233 1.0479 1.0005 1.0408 1.028 1.0394 1.0076 1.0185 1.0397 1.0293 1.0194 1.004 1.013 1.0051 1.0044 1.0267 1.0474 1.0352 1.0101 1.0102 1.0416 1.0419 1.0369 1.004 1.0311 
1.0193 1.0146 1.032 1.0196 1.0377 1.0423 1.009 1.0385 1.0216 1.0024 1.0046 1.0385 1.0445 1.0349 1.0223 1.0376 1.0383 1.0062 1.0276 1.0221 1.0421 1.0379 1.0103 1.0493 1.0055 
1.0391 1.0139 1.0141 1.0448 1.0059 1.0212 1.0471 1.0183 1.0068 1.0444 1.0248 1.0261 1.0296 1.0484 1.0126 1.0335 1.0397 1.0251 1.0268 1.0188 1.0366 1.0498 1.0474 1.0242 1.0215 
1.0417 1.0316 1.0158 1.0363 1.0425 1.028 1.032 1.0441 1.0395 1.024 1.0084 1.026 1.0448 1.0368 1.0177 1.001 1.0361 1.0048 1.0072 1.0278 1.024 1.0486 1.0021 1.0425 1.0047 
1.0317 1.0492 1.0214 1.0438 1.0258 1.0126 1.0041 1.0224 1.0326 1.0377 1.0234 1.0146 1.0096 1.0169 1.0149 1.0254 1.0376 1.042 1.0085 1.0069 1.0077 1.0385 1.0346 1.0111 1.0274 
1.0069 1.0087 1.0208 1.0151 1.0362 1.0375 1.0216 1.0274 1.0207 1.0102 1.0414 1.0341 1.0391 1.02 1.0444 1.0395 1.0213 1.015 1.005 1.0477 1.0417 1.0188 1.0429 1.0177 1.0033 
1.0302 1.0498 1.0015 1.0042 1.0486 1.0223 1.0464 1.0191 1.0289 1.0141 1.0009 1.0206 1.0325 1.0132 1.0385 1.0099 1.0054 1.0206 1.0377 1.0226 1.0051 1.0154 1.0291 1.0448 1.032 
1.0132 1.0233 1.0248 1.0234 1.0352 1.02 1.0409 1.0263 1.03 1.0112 1.0252 1.0043 1.0017 1.0385 1.0364 1.0305 1.0438 1.0331 1.0306 1.0013 1.0087 1.0018 1.0182 1.0286 1.0431 
1.0104 1.0149 1.0228 1.0418 1.0247 1.0113 1.0144 1.0188 1.0258 1.0178 1.0163 1.0282 1.0428 1.0326 1.0208 1.0482 1.0375 1.0219 1.0364 1.0301 1.0234 1.0227 1.0175 1.04 1.0397 
1.044 1.0489 1.0238 1.0271 1.019 1.033 1.0417 1.0302 1.0014 1.0329 1.0091 1.0154 1.0456 1.007 1.0495 1.0023 1.0055 1.0391 1.0468 1.0041 1.0471 1.0264 1.0157 1.0089 1.0479 
1.0107 1.0209 1.0366 1.0368 1.0327 1.0474 1.0067 1.049 1.0266 1.0228 1.0406 1.0266 1.0069 1.0095 1.0025 1.0271 1.0227 1.0017 1.0101 1.0173 1.047 1.0433 1.0009 1.0327 1.0033 
1.0181 1.0112 1.0211 1.0109 1.0345 1.0385 1.0132 1.0322 1.01 1.0333 1.0091 1.004 1.001 1.0478 1.047 1.0331 1.0458 1.0075 1.0305 1.008 1.0342 1.0447 1.0438 1.0494 1.037 
1.0335 1.0408 1.0299 1.0325 1.0042 1.0238 1.0478 1.0486 1.0176 1.0204 1.0377 1.0473 1.0403 1.011 1.0138 1.0388 1.0347 1.0148 1.0216 1.0232 1.0345 1.0426 1.0207 1.0388 1.016 
1.0153 1.0219 1.0406 1.0212 1.0397 1.0009 1.0039 1.0068 1.0289 1.0135 1.0332 1.0193 1.04 1.035 1.047 1.0429 1.0017 1.0485 1.0378 1.0131 1.0481 1.0115 1.0245 1.0317 1.0007 
1.0105 1.0309 1.0428 1.0001 1.0117 1.0465 1.0439 1.0137 1.0266 1.0406 1.0114 1.033 1.0318 1.0479 1.0136 1.0392 1.044 1.0057 1.0179 1.0257 1.0009 1.021 1.0263 1.0434 1.0272 
1.0267 1.0334 1.0341 1.0121 1.0137 1.0346 1.0388 1.0348 1.0013 1.0299 1.017 1.0291 1.043 1.0419 1.0497 1.0353 1.0406 1.0155 1.0052 1.0271 1.0396 1.0376 1.0009 1.0262 1.0477 
1.0426 1.0353 1.0051 1.011 1.0231 1.0455 1.0432 1.0257 1.0355 1.0387 1.0188 1.0281 1.0431 1.0156 1.0437 1.0023 1.0075 1.0279 1.0227 1.0046 1.0465 1.0493 1.0231 1.0111 1.0486 
1.0407 1.0189 1.0022 1.0247 1.0417 1.0307 1.0244 1.0241 1.0029 1.0075 1.0293 1.0348 1.0296 1.0007 1.0139 1.0046 1.0181 1.0155 1.0423 1.0262 1.0425 1.0019 1.0196 1.0451 1.0467 
1.0126 1.0102 1.044 1.0297 1.0006 1.0097 1.0232 1.0375 1.036 1.0382 1.0406 1.0034 1.0094 1.0149 1.0172 1.0491 1.0419 1.0444 1.0255 1.0121 1.0431 1.031 1.0108 1.0352 1.0063 
1.0331 1.0462 1.026 1.0024 1.0259 1.0132 1.0242 1.0459 1.041 1.0332 1.0065 1.0168 1.0347 1.0132 1.0232 1.0343 1.0256 1.0435 1.0301 1.0066 1.0356 1.0384 1.0281 1.0421 1.0002 
1.0323 1.031 1.0486 1.0073 1.0284 1.0093 1.0456 1.0065 1.0344 1.0442 1.0106 1.0349 1.0169 1.0408 1.0168 1.0305 1.0093 1.0169 1.0062 1.029 1.0434 1.039 1.0436 1.0179 1.0116 
1.0107 1.0252 1.0475 1.0048 1.0269 1.0389 1.02 1.0316 1.0227 1.0344 1.0178 1.013 1.0462 1.0382 1.0172 1.0386 1.0233 1.0202 1.001 1.0158 1.0405 1.0195 1.0379 1.0336 1.0162 
1.0151 1.0421 1.0234 1.0289 1.0169 1.0248 1.0389 1.0286 1.0068 1.0215 1.0148 1.0161 1.0405 1.0025 1.0462 1.0149 1.0263 1.0474 1.0479 1.0353 1.0125 1.026 1.0259 1.0043 1.0172 
1.0389 1.0239 1.0469 1.0489 1.0018 1.0368 1.0346 1.0021 1.0449 1.0137 1.0237 1.0311 1.0082 1.0388 1.0428 1.0246 1.0467 1.0017 1.0491 1.0284 1.0222 1.015 1.0102 1.0385 1.0455 
1.0242 1.0489 1.0472 1.0426 1.0295 1.0066 1.0191 1.0078 1.0097 1.0436 1.0198 1.0127 1.0425 1.0206 1.0374 1.0186 1.0326 1.0374 1.0402 1.0022 1.0411 1.0496 1.0441 1.0256 1.0226 
1.0165 1.0041 1.0094 1.0195 1.0064 1.0244 1.0057 1.0143 1.0158 1.0145 1.0326 1.0254 1.0144 1.0093 1.0078 1.0263 1.0243 1.0046 1.0373 1.0172 1.0443 1.0267 1.0155 1.0066 1.044 
1.045 1.0003 1.0449 1.0009 1.0431 1.0253 1.0427 1.0114 1.0001 1.0471 1.0109 1.0457 1.0454 1.0051 1.0415 1.0015 1.0206 1.0371 1.0361 1.0404 1.0328 1.0493 1.0278 1.012 1.0384 
1.0209 1.0432 1.0007 1.0412 1.0448 1.036 1.0472 1.0466 1.0182 1.0423 1.0401 1.0306 1.0032 1.012 1.0406 1.042 1.0166 1.0297 1.0459 1.0252 1.0422 1.0405 1.0282 1.0116 1.0498 
1.0232 1.035 1.0165 1.0334 1.0028 1.0436 1.041 1.0118 1.0225 1.0228 1.0337 1.0138 1.0096 1.014 1.0431 1.0007 1.018 1.0051 1.0315 1.0077 1.0278 1.0441 1.0362 1.0289 1.0394 
1.0156 1.0493 1.0026 1.0237 1.0278 1.0142 1.0398 1.0445 1.0006 1.0064 1.0058 1.0411 1.0124 1.0018 1.0066 1.0268 1.0489 1.0226 1.0097 1.0134 1.0413 1.033 1.0181 1.0228 1.0091 
1.0058 1.0013 1.0257 1.0415 1.0055 1.0472 1.0428 1.0122 1.0423 1.0358 1.0079 1.0423 1.0254 1.0324 1.0474 1.0343 1.0033 1.0225 1.0403 1.0178 1.0073 1.0117 1.0436 1.0317 1.0114 
1.0212 1.0219 1.036 1.0417 1.0237 1.0272 1.0333 1.0254 1.0104 1.0419 1.016 1.0266 1.0138 1.0124 1.0144 1.0368 1.0054 1.0412 1.0165 1.0422 1.0015 1.0486 1.0015 1.0003 1.0301 
1.029 1.0464 1.0479 1.002 1.0265 1.0494 1.039 1.0404 1.0334 1.038 1.038 1.0158 1.0478 1.0073 1.0013 1.0253 1.0442 1.0304 1.0036 1.0468 1.0365 1.0457 1.0313 1.0427 1.0295 
1.0356 1.0159 1.0272 1.0078 1.0426 1.0491 1.0397 1.0138 1.0176 1.0107 1.0387 1.0024 1.0211 1.0098 1.0341 1.0311 1.024 1.0485 1.0257 1.0373 1.0019 1.0025 1.0309 1.0313 1.0343 
1.0301 1.013 1.0499 1.0283 1.0326 1.0429 1.0297 1.0412 1.0373 1.0115 1.0308 1.0194 1.0134 1.0027 1.0127 1.0076 1.0299 1.0013 1.0103 1.0412 1.0366 1.0026 1.0258 1.0238 1.039 
1.0101 1.0246 1.0167 1.0371 1.0456 1.0332 1.0337 1.0109 1.0387 1.0266 1.0253 1.0363 1.0419 1.0065 1.0046 1.0048 1.0159 1.0363 1.0084 1.0418 1.0116 1.0407 1.0023 1.0201 1.0023 
1.0129 1.0257 1.0442 1.0371 1.0364 1.0305 1.0332 1.0247 1.0479 1.0157 1.0483 1.0088 1.0076 1.0178 1.0136 1.0223 1.0371 1.0251 1.0464 1.0362 1.0327 1.0104 1.0368 1.0473 1.012 
1.0416 1.0255 1.0227 1.048 1.0477 1.0126 1.0332 1.0347 1.0086 1.0193 1.0465 1.0361 1.0168 1.0479 1.0078 1.0183 1.0381 1.0412 1.044 1.02 1.0127 1.0133 1.0415 1.0409 1.0377 
1.0092 1.0166 1.0051 1.0499 1.002 1.0452 1.0425 1.0386 1.0375 1.0333 1.0425 1.0194 1.0194 1.0077 1.0239 1.0223 1.0145 1.0268 1.0255 1.0425 1.0271 1.0235 1.0398 1.0412 1.0368 
1.0186 1.0173 1.0238 1.0321 1.0263 1.0209 1.0411 1.026 1.0377 1.009 1.0012 1.0465 1.0213 1.0013 1.0443 1.0124 1.0009 1.0063 1.0066 1.0493 1.0186 1.0444 1.0172 1.0368 1.0379 
1.0404 1.0003 1.0152 1.0382 1.0361 1.0072 1.0105 1.0143 1.0005 1.0437 1.012 1.009 1.0222 1.0117 1.0172 1.0418 1.0303 1.0181 1.0327 1.0199 1.0316 1.0249 1.0471 1.0312 1.0097 
1.0049 1.0078 1.011 1.0263 1.0457 1.0091 1.0343 1.0207 1.0162 1.0265 1.017 1.0431 1.0331 1.0072 1.0266 1.0486 1.021 1.0258 1.0477 1.0364 1.0476 1.008 1.0151 1.0326 1.022 
1.0306 1.0111 1.0427 1.0186 1.0041 1.0365 1.0203 1.0395 1.001 1.0361 1.0458 1.0246 1.0429 1.0307 1.0109 1.0226 1.0028 1.0312 1.0432 1.0443 1.0497 1.0152 1.0483 1.0147 1.0163 
1.0295 1.0211 1.0146 1.0392 1.0313 1.018 1.0367 1.0034 1.0405 1.0169 1.0044 1.0271 1.0469 1.0173 1.0028 1.0389 1.0172 1.0187 1.0228 1.0316 1.0328 1.0364 1.012 1.0091 1.0311 
1.0385 1.0078 1.0068 1.0304 1.0445 1.0166 1.0035 1.0173 1.0304 1.0272 1.0135 1.0011 1.0356 1.0232 1.0182 1.006 1.0454 1.0369 1.026 1.01 1.0076 1.0132 1.0247 1.0335 1.0302 
1.0001 1.0338 1.037 1.0274 1.0134 1.0379 1.0392 1.0201 1.0118 1.002 1.0403 1.0095 1.0253 1.0273 1.0299 1.0306 1.0215 1.019 1.0066 1.0462 1.0486 1.0392 1.0348 1.0231 1.042 
1.0186 1.0105 1.0291 1.0259 1.012 1.0129 1.0117 1.015 1.0436 1.0036 1.0451 1.0089 1.0247 1.0106 1.0024 1.0433 1.0247 1.0464 1.0201 1.0027 1.0318 1.0116 1.0113 1.0049 1.0057 
1.0133 1.015 1.0401 1.0038 1.0299 1.0303 1.0404 1.0351 1.0473 1.001 1.0294 1.0048 1.0127 1.0074 1.0208 1.017 1.0106 1.005 1.0441 1.0325 1.0226 1.0355 1.0338 1.0491 1.0448 
1.0112 1.0136 1.0042 1.0056 1.0282 1.0496 1.0356 1.0313 1.0081 1.008 1.0233 1.0498 1.017 1.0479 1.0209 1.0367 1.047 1.0451 1.0342 1.0461 1.0077 1.0458 1.0488 1.0197 1.0075 
1.0211 1.0243 1.0084 1.0193 1.0329 1.0117 1.0223 1.0451 1.0364 1.0393 1.0113 1.0028 1.0098 1.0327 1.0309 1.003 1.0229 1.0361 1.0256 1.0028 1.0052 1.0033 1.0092 1.045 1.0047 
1.0479 1.0214 1.0456 1.0095 1.0154 1.0405 1.0038 1.0249 1.037 1.0035 1.043 1.0422 1.0341 1.026 1.019 1.0059 1.0482 1.03 1.0299 1.0009 1.0061 1.027 1.0282 1.0347 1.0273 
1.0439 1.0234 1.0175 1.025 1.0323 1.0079 1.0195 1.0011 1.0298 1.0205 1.0033 1.0087 1.0161 1.0264 1.0009 1.031 1.0424 1.0154 1.0313 1.0266 1.0207 1.0077 1.0401 1.0463 1.0392 
1.04 1.0168 1.0272 1.0216 1.0468 1.007 1.0094 1.0171 1.0107 1.042 1.041 1.0413 1.0491 1.0409 1.0154 1.0114 1.0243 1.0435 1.006 1.0306 1.0388 1.0005 1.0171 1.0422 1.0346 
1.0146 1.0118 1.039 1.0137 1.0134 1.0186 1.0219 1.0366 1.0159 1.0326 1.0074 1.0228 1.0331 1.0149 1.0101 1.0092 1.0075 1.0375 1.0354 1.0136 1.0235 1.02 1.039 1.0223 1.0376 
1.0001 1.0088 1.0358 1.0355 1.026 1.019 1.0485 1.0281 1.0471 1.0466 1.0277 1.0406 1.0044 1.0065 1.0161 1.0317 1.0408 1.0181 1.005 1.016 1.0264 1.0437 1.0096 1.0072 1.0434 
1.0277 1.0309 1.0316 1.0372 1.0305 1.0152 1.0418 1.0386 1.043 1.0166 1.0274 1.0195 1.0143 1.0408 1.033 1.0022 1.0274 1.011 1.0125 1.0165 1.0311 1.0177 1.0464 1.0357 1.0476 
1.0431 1.019 1.0039 1.0106 1.0223 1.0363 1.0191 1.0258 1.0279 1.0395 1.0399 1.0368 1.0002 1.0336 1.0383 1.036 1.0117 1.0041 1.029 1.0026 1.045 1.0049 1.0355 1.0092 1.0398 
1.0104 1.0109 1.0325 1.0199 1.0295 1.0331 1.0112 1.0482 1.0117 1.0276 1.0328 1.0469 1.0348 1.0442 1.0443 1.0465 1.005 1.0245 1.0074 1.021 1.0122 1.0207 1.0083 1.0059 1.0038 
1.0098 1.0302 1.0303 1.0214 1.037 1.0268 1.0415 1.0413 1.0011 1.0266 1.0242 1.033 1.0408 1.0076 1.0056 1.0238 1.0313 1.0117 1.0295 1.0376 1.0263 1.0453 1.0259 1.042 1.0414 
1.048 1.0334 1.018 1.0232 1.0175 1.0418 1.0208 1.0443 1.0496 1.0391 1.0014 1.039 1.0363 1.0209 1.0297 1.044 1.0282 1.0215 1.0429 1.0022 1.0301 1.0119 1.0179 1.0192 1.0471 
1.032 1.0277 1.0421 1.0251 1.017 1.0013 1.0074 1.013 1.0133 1.0202 1.018 1.0387 1.0364 1.0095 1.0117 1.012 1.0299 1.0155 1.0324 1.0041 1.0443 1.0261 1.0468 1.0083 1.0221 
1.0277 1.0187 1.0358 1.0381 1.0402 1.0455 1.0218 1.0324 1.0065 1.0233 1.0471 1.048 1.0133 1.0468 1.0359 1.0056 1.0025 1.0432 1.0112 1.0216 1.0111 1.0183 1.0245 1.0038 1.0491 
1.0469 1.0141 1.0288 1.0175 1.0207 1.0398 1.006 1.0432 1.0075 1.0461 1.0166 1.0197 1.015 1.0407 1.032 1.0234 1.0439 1.0157 1.0252 1.022 1.0006 1.0259 1.0485 1.0235 1.0183 
1.0381 1.0267 1.0196 1.0406 1.0468 1.0084 1.0124 1.0202 1.0412 1.0499 1.0013 1.0165 1.045 1.0156 1.0207 1.0212 1.0459 1.0036 1.0458 1.0295 1.0377 1.0443 1.0498 1.0363 1.0494 
1.0159 1.0278 1.0134 1.0483 1.0459 1.0369 1.0251 1.0135 1.0423 1.0158 1.0322 1.0104 1.0038 1.0376 1.033 1.0473 1.0101 1.031 1.0461 1.0017 1.0434 1.013 1.024 1.0382 1.0441 
1.0175 1.0177 1.0493 1.0061 1.0247 1.0485 1.0038 1.0155 1.0375 1.0037 1.0403 1.0446 1.0144 1.0374 1.0454 1.0335 1.0138 1.0203 1.0066 1.0463 1.0245 1.0204 1.0085 1.024 1.0201 
1.0345 1.0135 1.0209 1.0178 1.0425 1.0362 1.0068 1.037 1.0319 1.0143 1.0435 1.0127 1.0332 1.0288 1.0467 1.018 1.0367 1.0486 1.0379 1.0062 1.0341 1.0325 1.0496 1.0106 1.0057 
1.0485 1.0083 1.0217 1.0099 1.0451 1.0032 1.0388 1.0139 1.0097 1.0457 1.0005 1.0381 1.0474 1.0186 1.0466 1.0214 1.0006 1.0252 1.0193 1.0125 1.0116 1.0439 1.0227 1.0315 1.0153 
1.0081 1.0005 1.0364 1.0376 1.0216 1.0135 1.0127 1.0286 1.0086 1.0491 1.0144 1.038 1.0207 1.0438 1.01 1.0023 1.0387 1.0289 1.0345 1.0435 1.0106 1.0415 1.0126 1.0251 1.0164 
1.002 1.0401 1.0036 1.0156 1.0081 1.0274 1.0115 1.034 1.0371 1.0203 1.0144 1.0078 1.013 1.0199 1.0185 1.0321 1.0447 1.0283 1.0088 1.0275 1.0483 1.0292 1.0252 1.0098 1.0385 
1.044 1.0333 1.022 1.0305 1.0287 1.0105 1.0484 1.0098 1.0349 1.0466 1.0317 1.0443 1.0141 1.0145 1.0337 1.0474 1.0078 1.0305 1.0246 1.0289 1.0219 1.0117 1.0296 1.0449 1.042 
1.0466 1.0323 1.0487 1.0442 1.0417 1.0118 1.0364 1.0412 1.0163 1.0197 1.0288 1.0432 1.0017 1.0182 1.013 1.048 1.0002 1.0362 1.0307 1.0046 1.0271 1.0215 1.0145 1.0488 1.0442 
1.0161 1.045 1.0444 1.0347 1.0213 1.0345 1.0007 1.0047 1.0216 1.0014 1.0088 1.0441 1.044 1.0248 1.0319 1.0097 1.0015 1.008 1.0303 1.0031 1.0429 1.0072 1.0225 1.0345 1.008 
1.0307 1.0125 1.024 1.001 1.0395 1.009 1.0012 1.0342 1.0279 1.033 1.0394 1.0474 1.0127 1.0115 1.0466 1.0128 1.0228 1.0464 1.0237 1.0179 1.004 1.0146 1.018 1.0469 1.0497 
1.0106 1.0142 1.0354 1.0292 1.0099 1.037 1.007 1.0102 1.0252 1.0165 1.049 1.0418 1.0428 1.0415 1.0121 1.0242 1.0104 1.0303 1.037 1.0307 1.0241 1.0304 1.0318 1.0321 1.0079 
1.024 1.0451 1.0424 1.0229 1.0096 1.0392 1.0491 1.0054 1.0442 1.0447 1.0142 1.0007 1.0095 1.0476 1.0487 1.0069 1.0109 1.0316 1.0157 1.013 1.0386 1.0071 1.0437 1.0231 1.0373 
1.0425 1.0113 1.0429 1.0012 1.0047 1.0157 1.0177 1.0215 1.0496 1.0335 1.0256 1.0204 1.0202 1.0274 1.0094 1.0208 1.0195 1.0191 1.0169 1.0173 1.0451 1.0056 1.0386 1.0429 1.0076 
1.0272 1.0444 1.0141 1.0414 1.003 1.0144 1.0465 1.0288 1.0417 1.0379 1.0487 1.0161 1.0093 1.0469 1.0146 1.0483 1.0123 1.0035 1.0237 1.009 1.0427 1.018 1.008 1.0478 1.0185 
1.0497 1.0438 1.003 1.0268 1.0085 1.004 1.0052 1.0103 1.0237 1.0465 1.0117 1.0248 1.0277 1.0158 1.0338 1.0379 1.0143 1.0228 1.0083 1.0155 1.0441 1.0308 1.0311 1.0155 1.0493 
1.0102 1.006 1.036 1.0266 1.0417 1.0373 1.0393 1.045 1.0326 1.0489 1.0147 1.0019 1.0347 1.019 1.0206 1.0267 1.0086 1.0453 1.0187 1.0107 1.0362 1.008 1.0072 1.016 1.0144 
1.0013 1.0132 1.0275 1.0234 1.0273 1.0444 1.0447 1.0348 1.0429 1.0354 1.001 1.0104 1.0115 1.0228 1.0182 1.0216 1.0452 1.0049 1.0239 1.0009 1.0397 1.0389 1.014 1.0371 1.0012 
1.0007 1.0005 1.0238 1.0248 1.005 1.0456 1.0283 1.0196 1.0217 1.0232 1.0015 1.032 1.002 1.0297 1.0395 1.0056 1.0486 1.0338 1.0084 1.0136 1.012 1.0123 1.0361 1.0088 1.0198 
1.0339 1.0247 1.0473 1.0372 1.0317 1.0097 1.0461 1.0236 1.0189 1.044 1.024 1.0318 1.0209 1.0368 1.0455 1.0396 1.02 1.0232 1.0136 1.0096 1.0099 1.0106 1.0113 1.0162 1.0415 
1.0022 1.0297 1.0146 1.013 1.0421 1.0072 1.0382 1.0377 1.0305 1.0183 1.036 1.0413 1.0411 1.0209 1.0466 1.0037 1.0448 1.0344 1.0097 1.0184 1.0496 1.0158 1.0491 1.0411 1.0256 
1.0029 1.01 1.0225 1.0182 1.0085 1.016 1.0408 1.0178 1.0117 1.0171 1.0179 1.0463 1.0233 1.0453 1.0186 1.0414 1.0182 1.0235 1.0094 1.0138 1.0046 1.0085 1.047 1.0229 1.0346 
1.0322 1.0032 1.017 1.0218 1.0189 1.0296 1.0484 1.0308 1.0409 1.0202 1.0034 1.0499 1.0319 1.0455 1.0495 1.0348 1.0202 1.0097 1.0159 1.0102 1.0399 1.0066 1.0367 1.0091 1.0402 
1.0482 1.0206 1.0007 1.0153 1.0376 1.0044 1.016 1.0376 1.0259 1.0303 1.0126 1.0473 1.0257 1.0068 1.0368 1.0149 1.0179 1.0447 1.0195 1.0078 1.0194 1.0014 1.0367 1.0266 1.0066 
1.0127 1.0059 1.0004 1.0053 1.0443 1.0188 1.0178 1.025 1.0022 1.0469 1.0259 1.0146 1.0409 1.0162 1.0129 1.0487 1.0447 1.0418 1.0197 1.0464 1.0451 1.0373 1.0362 1.0388 1.0344 
1.029 1.0443 1.027 1.0494 1.0245 1.0037 1.0384 1.0388 1.0064 1.0153 1.0418 1.0251 1.0183 1.0361 1.019 1.0294 1.009 1.0321 1.0142 1.0131 1.0386 1.036 1.023 1.0061 1.0406 
1.0044 1.0094 1.0333 1.0112 1.0338 1.0449 1.0326 1.0246 1.0285 1.0063 1.0292 1.025 1.0206 1.0276 1.0304 1.0354 1.0328 1.0475 1.0118 1.0248 1.0201 1.0018 1.0211 1.0105 1.036 
1.0262 1.0274 1.003 1.0137 1.035 1.0209 1.0251 1.0262 1.0023 1.0207 1.0068 1.0051 1.037 1.0096 1.0074 1.004 1.0421 1.0215 1.0311 1.0413 1.0246 1.0215 1.0208 1.031 1.0234 
1.0165 1.0409 1.016 1.0498 1.0065 1.0026 1.0265 1.0107 1.0195 1.0289 1.0171 1.0295 1.0168 1.0156 1.0199 1.0166 1.0357 1.0421 1.0187 1.0474 1.0035 1.0055 1.0208 1.0231 1.0096 
1.0283 1.021 1.0222 1.0029 1.0486 1.0016 1.0444 1.0036 1.0464 1.042 1.0049 1.0055 1.0178 1.045 1.0281 1.0006 1.0216 1.016 1.0207 1.0318 1.0102 1.0035 1.0409 1.0018 1.0244 
1.042 1.0011 1.0431 1.0323 1.0193 1.0315 1.0362 1.0486 1.0437 1.0483 1.0365 1.0325 1.0388 1.0125 1.0398 1.0332 1.0108 1.0212 1.0058 1.0464 1.0469 1.0124 1.0342 1.0326 1.0015 
1.0272 1.0482 1.0416 1.005 1.037 1.0023 1.0303 1.0101 1.0043 1.0211 1.0249 1.0159 1.0031 1.0394 1.0364 1.0346 1.0199 1.0215 1.0208 1.0276 1.0264 1.0444 1.0362 1.0068 1.0379 
1.0018 1.0064 1.0401 1.0016 1.0364 1.0295 1.0365 1.0068 1.0053 1.0434 1.0356 1.0406 1.0192 1.0333 1.0066 1.0023 1.0176 1.009 1.0138 1.0476 1.0132 1.0362 1.0173 1.0352 1.0444 
1.0127 1.0323 1.0123 1.0157 1.0365 1.036 1.0294 1.0394 1.0239 1.0497 1.0232 1.0291 1.0263 1.0016 1.0057 1.017 1.034 1.0397 1.0413 1.0368 1.0455 1.0099 1.0058 1.0337 1.0108 
1.0031 1.0214 1.0003 1.0279 1.0066 1.0351 1.0128 1.0155 1.0237 1.0428 1.0242 1.0313 1.0028 1.0357 1.0178 1.0256 1.0003 1.0393 1.0064 1.0031 1.0029 1.0055 1.0042 1.0363 1.0182 
1.0218 1.0455 1.0223 1.0468 1.0306 1.0275 1.0381 1.0264 1.008 1.0496 1.038 1.0461 1.042 1.0178 1.0175 1.0361 1.0144 1.023 1.0106 1.0028 1.0319 1.0111 1.0267 1.0066 1.0051 
1.0183 1.0058 1.0412 1 1.0321 1.0006 1.0317 1.0423 1.031 1.0384 1.0353 1.0077 1.0281 1.0297 1.0402 1.038 1.0354 1.0391 1.0439 1.0438 1.0451 1.0347 1.0105 1.0007 1.041 
1.0073 1.03 1.0286 1.0001 1.0128 1.013 1.0262 1.0135 1.0268 1.0086 1.0179 1.003 1.0353 1.0279 1.0362 1.0385 1.0115 1.0186 1.0305 1.0252 1.0018 1.0306 1.0152 1.0114 1.0398 
1.033 1.0407 1.0174 1.0411 1.044 1.0453 1.0325 1.0469 1 1.048 1.0099 1.0348 1.0239 1.0318 1.0468 1.0478 1.0025 1.0267 1.0369 1.0033 1.0109 1.0376 1.0119 1.025 1.0115 
1.0272 1.0027 1.0058 1.0434 1.0477 1.0067 1.0485 1.0415 1.0141 1.0216 1.0152 1.0474 1.0189 1.0312 1.0015 1.0232 1.0014 1.0298 1.0174 1.0305 1.0282 1.0487 1.0235 1.0082 1.0061 
1.0411 1.0253 1.0141 1.0041 1.0245 1.0092 1.02 1.0382 1.0319 1.0205 1.0116 1.0367 1.0262 1.0358 1.0423 1.0149 1.0389 1.0165 1.0343 1.0429 1.0499 1.0286 1.0352 1.0119 1.0397 
1.0435 1 1.0187 1.002 1.0479 1.0362 1.0441 1.0136 1.0497 1.0117 1.0401 1.0214 1.0098 1.0289 1.0429 1.0212 1.0057 1.0206 1.0105 1.0307 1.0191 1.0064 1.0487 1.0108 1.0359 
1.0319 1.0083 1.0233 1.0126 1.0361 1.0345 1.0301 1.0002 1.0168 1.0302 1.0186 1.0311 1.0416 1.0175 1.0431 1.0294 1.0304 1.0039 1.0075 1.0158 1.0107 1.0287 1.0001 1.0028 1.043 
1.0481 1.0065 1.0316 1.0232 1.0366 1.0197 1.0148 1.0471 1.0104 1.0191 1.0003 1.0009 1.0162 1.0394 1.0327 1.0181 1.0164 1.0326 1.033 1.0011 1.0418 1.0325 1.0287 1.0105 1.0241 
1.0364 1.0087 1.0164 1.0222 1.0319 1.0074 1.0343 1.0017 1.0156 1.0027 1.0338 1.012 1.0121 1.0067 1.0233 1.0143 1.0268 1.0046 1.0265 1.0127 1.0359 1.037 1.0243 1.0248 1.0376 
1.0492 1.0133 1.0412 1.0486 1.036 1.0222 1.0061 1.014 1.0129 1.0118 1.0348 1.0241 1.0461 1.01 1.0438 1.0029 1.0014 1.017 1.0163 1.0288 1.0153 1.0106 1.0126 1.0457 1.015 
1.0046 1.0452 1.0092 1.044 1.0463 1.0101 1.0259 1.0218 1.0213 1.0051 1.0489 1.021 1.0222 1.0256 1.022 1.0225 1.0143 1.0438 1.0448 1.0271 1.0191 1.0276 1.0084 1.0392 1.0303 
1.03 1.0209 1.0296 1.0191 1.0443 1.0433 1.0031 1.0215 1.0165 1.0398 1.0388 1.0439 1.0202 1.0387 1.0355 1.0166 1.028 1.0318 1.038 1.0201 1.0121 1.0247 1.0474 1.0061 1.0079 
1.0332 1.0091 1.0399 1.0031 1.0317 1.0242 1.0227 1.0491 1.0305 1.0159 1.0418 1.0259 1.0469 1.0442 1.0119 1.0182 1.0185 1.0342 1.0177 1.0036 1.0269 1.0179 1.0322 1.0235 1.0098 
1.0422 1.0427 1.0422 1.0317 1.044 1.0478 1.0017 1.012 1.0394 1.0144 1.0402 1.0174 1.0303 1.0413 1.0476 1.0403 1.045 1.0052 1.0438 1.0093 1.0454 1.0324 1.0306 1.0036 1.0047 
1.0011 1.0323 1.0133 1.0162 1.0296 1.0135 1.0325 1.0236 1.0196 1.0425 1.0124 1.0312 1.0416 1.0078 1.0216 1.0123 1.041 1.0131 1.0166 1.0243 1.0049 1.0186 1.0204 1.0458 1.019 
1.0152 1.032 1.0175 1.0073 1.0194 1.0408 1.0486 1.0307 1.0323 1.023 1.0401 1.008 1.0054 1.0438 1.0231 1.0136 1.0136 1.0078 1.0008 1.011 1.0479 1.0433 1.0106 1.0013 1.0192 
1.0091 1.0158 1.0003 1.0138 1.0352 1.0014 1.0259 1.0237 1.0494 1.0069 1.0093 1.0086 1.0201 1.0223 1.0099 1.0227 1.0141 1.0259 1.0186 1.0218 1.025 1.0162 1.0011 1.0025 1.0383 
1.0343 1.0012 1.0056 1.0455 1.0143 1.037 1.0066 1.0005 1.0073 1.0395 1.0237 1.0094 1.0262 1.0322 1.0068 1.0181 1.0065 1.0062 1.0414 1.0418 1.0135 1.0417 1.0233 1.0397 1.0189 
1.0307 1.044 1.048 1.0294 1.0345 1.0105 1.0268 1.009 1.029 1.0265 1.0373 1.0419 1.0227 1.0165 1.0454 1.0207 1.0257 1.0469 1.0355 1.039 1.0205 1.0027 1.027 1.025 1.0371 
1.0158 1.0007 1.0141 1.046 1.0307 1.0091 1.0142 1.0385 1.0152 1.0489 1.0237 1.0335 1.0087 1.0217 1.0419 1.006 1.0146 1.0456 1.0125 1.0165 1.0208 1.0075 1.0441 1.0142 1.021 
1.0198 1.0131 1.0099 1.0424 1.0376 1.0141 1.0396 1.0185 1.0253 1.0241 1.0224 1.0386 1.0339 1.0194 1.0277 1.0441 1.0045 1.0381 1.0435 1.0457 1.0273 1.0461 1.0422 1.0394 1.0075 
1.0265 1.0096 1.0385 1.0194 1.0349 1.0012 1.0458 1.0328 1.0065 1.0064 1.0379 1.0169 1.0485 1.0425 1.0253 1.0152 1.0211 1.0269 1.041 1.028 1.0153 1.0055 1.0213 1.0287 1.0194 
1.0238 1.0165 1.0236 1.0009 1.0156 1.0326 1.0279 1.0156 1.0265 1.0386 1.0499 1.0438 1.0316 1.0095 1.0356 1.0046 1.0188 1.0482 1.0077 1.0386 1.0266 1.02 1.0303 1.0372 1.0291 
1.0054 1.031 1.0488 1.0312 1.0258 1.03 1.0186 1.0401 1.0168 1.0164 1.0281 1.0294 1.0074 1.0256 1.0389 1.0282 1.0104 1.0398 1.0369 1.0451 1.0055 1.0303 1.0208 1.0463 1.0288 
1.0053 1.0412 1.014 1.0023 1.0215 1.0123 1.0282 1.0232 1.0386 1.0058 1.0014 1.0257 1.0039 1.0415 1.041 1.0194 1.0402 1.0463 1.028 1.0426 1.0369 1.0172 1.0289 1.0239 1.0322 
1.0004 1.0295 1.046 1.006 1.003 1.0141 1.0124 1.0341 1.006 1.0481 1.0033 1.0071 1.0177 1.0102 1.0358 1.0184 1.0223 1.0151 1.0206 1.01 1.0481 1.0355 1.0135 1.0325 1.0363 
1.0043 1.0058 1.0319 1.0454 1.0329 1.0155 1.0263 1.013 1.041 1.0018 1.0428 1.0037 1.011 1.0055 1.044 1.0289 1.0478 1.0236 1.0428 1.0289 1.0139 1.0085 1.0207 1.02 1.0389 
1.0257 1.0489 1.0098 1.0423 1.0458 1.0059 1.0484 1.0225 1.0461 1.0249 1.0298 1.0473 1.0291 1.0434 1.0231 1.0338 1.0291 1.0151 1.0063 1.009 1.0149 1.0375 1.0147 1.0464 1.0146 
1.0482 1.0259 1.0453 1.0301 1.018 1.0204 1.015 1.045 1.0116 1.0456 1.0329 1.0064 1.0024 1.0062 1.0455 1.0284 1.0479 1.024 1.0163 1.002 1.0107 1.0415 1.0341 1.0493 1.0272 
1.0222 1.0365 1.0406 1.0461 1.0219 1.0057 1.0008 1.0104 1.0431 1.0364 1.0398 1.0387 1.0075 1.0265 1.0372 1.0033 1.0091 1.0463 1.0394 1.0165 1.0457 1.0006 1.0027 1.0399 1.0469 
1.0438 1.0486 1.0077 1.0291 1.009 1.0158 1.0352 1.0206 1.032 1.0169 1.0235 1.0212 1.0291 1.0114 1.0038 1.0498 1.0329 1.0003 1.0403 1.035 1.005 1.0304 1.0433 1.0117 1.0204 
1.0354 1.045 1.0458 1.0436 1.0042 1.0339 1.0144 1.0366 1.0033 1.0165 1.0127 1.0045 1.0008 1.025 1.0249 1.0437 1.018 1.0328 1.0494 1.0412 1.0144 1.0205 1.0427 1.0098 1.025 
1.0256 1.0027 1.0268 1.0342 1.0416 1.016 1.0336 1.032 1.0334 1.0048 1.0183 1.0337 1.0075 1.0273 1.0151 1.0081 1.041 1.0313 1.031 1.0316 1.0271 1.0401 1.0497 1.0217 1.0093 
1.0398 1.0386 1.013 1.0397 1.0498 1.0292 1.0005 1.0339 1.0465 1.0437 1.047 1.0489 1.0155 1.0207 1.021 1.0102 1.0175 1.0238 1.0271 1.0184 1.0176 1.0061 1.0446 1.0217 1.0243 
1.0241 1.0241 1.0126 1.0254 1.0417 1.0065 1.0442 1.0451 1.0392 1.0491 1.0081 1.0268 1.0364 1.0105 1.0228 1.0285 1.0216 1.0023 1.0032 1.0119 1.0497 1.0138 1.0025 1.0143 1.0236 
1.029 1.0222 1.045 1.0232 1.0251 1.0441 1.0468 1.0374 1.0065 1.0132 1.0478 1.0176 1.0208 1.0042 1.0305 1.0057 1.0268 1.0098 1.0408 1.0328 1.0389 1.0094 1.0237 1.0285 1.0227 
1.0103 1.0342 1.0486 1.0262 1.04 1.0257 1.0299 1.0492 1.0348 1.0002 1.0096 1.0089 1.0499 1.0201 1.0497 1.0186 1.0317 1.0023 1.0049 1.0401 1.0049 1.0113 1.0227 1.0085 1.0428 
1.033 1.0302 1.0239 1.0098 1.0496 1.0272 1.0424 1.0127 1.0467 1.0018 1.0436 1.0082 1.0445 1.0494 1.033 1.0398 1.0053 1.0185 1.0288 1.0063 1.0348 1.031 1.0125 1.0044 1.0381 
1.0486 1.0138 1.0484 1.0382 1.0229 1.0222 1.0262 1.0027 1.0233 1.0197 1.0423 1.0203 1.0486 1.0043 1.0211 1.0371 1.0037 1.0252 1.038 1.0365 1.0373 1.0375 1.0082 1.0133 1.0363 
1.018 1.0096 1.0248 1.0265 1.0022 1.0121 1.0158 1.0426 1.0413 1.0283 1.0352 1.0303 1.0311 1.036 1.0338 1.0169 1.0117 1.0278 1.012 1.0217 1.0168 1.0329 1.0284 1.032 1.0344 
1.0466 1.0071 1.0436 1.0321 1.0014 1.032 1.0362 1.0332 1.0051 1.0162 1.0494 1.0369 1.023 1.0436 1.048 1.0423 1.0246 1.0155 1.0209 1.0335 1.0159 1.0075 1.0489 1.0049 1.0395 
1.0013 1.0242 1.0467 1.0401 1.0245 1.0241 1.0043 1.0195 1.0042 1.0131 1.0478 1.0254 1.0234 1.0443 1.0318 1.0439 1.0284 1.0113 1.0278 1.0188 1.0178 1.0022 1.0172 1.0123 1.0156 
1.0119 1.0168 1.0039 1.0166 1.0139 1.0317 1.0065 1.027 1.0249 1.0495 1.0416 1.0338 1.0473 1.0452 1.002 1.0455 1.0122 1.0012 1.0163 1.0074 1 1.0444 1.0261 1.0465 1.0187 
1.0248 1.003 1.0089 1.0291 1.0327 1.0265 1.0342 1.0457 1.03 1.0215 1.0316 1.0162 1.0215 1.0032 1.0241 1.0411 1.0429 1.0342 1.0424 1.0093 1.0376 1.038 1.0412 1.0057 1.0205 
1.0348 1.0316 1.0227 1.0255 1.0344 1.0057 1.0494 1.0096 1.0086 1.022 1.0163 1.0366 1.047 1.0434 1.0291 1.0076 1.0348 1.0308 1.0202 1.0269 1.0138 1.044 1.0114 1.003 1.0018 
1.0442 1.0435 1.0159 1.0472 1.0215 1.03 1.0497 1.0486 1.0016 1.045 1.0031 1.0005 1.0001 1.0032 1.033 1.0168 1.0399 1.0006 1.0231 1.0099 1.0006 1.0246 1.0191 1.0201 1.0471 
1.0467 1.0281 1.044 1.0075 1.0232 1.0479 1.0389 1.0412 1.0241 1.0112 1.0319 1.0288 1.036 1.0378 1.0233 1.0043 1.0295 1.0056 1.0048 1.0468 1.0475 1.0274 1.0461 1.0302 1.0324 
1.0371 1.0303 1.0405 1.032 1.0267 1.0215 1.0408 1.0266 1.0285 1.0293 1.0244 1.0279 1.0047 1.011 1.0095 1.001 1.0285 1.0166 1.0054 1.0031 1.0258 1.0312 1.0271 1.0485 1.0117 
1.0372 1.0058 1.0021 1.0104 1.0021 1.0078 1.049 1.0434 1.0454 1.0328 1.0034 1.047 1.0238 1.0303 1.0237 1.0054 1.007 1.0281 1.0293 1.0085 1.021 1.0134 1.0413 1.0496 1.0317 
1.0329 1.0023 1.0135 1.016 1.0427 1.0307 1.0471 1.0365 1.03 1.0277 1.0187 1.0347 1.0026 1.0134 1.0108 1.0486 1.0441 1.0321 1.0125 1.0489 1.042 1.0353 1.0327 1.0442 1.041 
1.0257 1.0368 1.0356 1.0145 1.0384 1.0499 1.0063 1.0357 1.0294 1.0391 1.0316 1.0276 1.0419 1.0379 1.0173 1.0113 1.0066 1.0172 1.0043 1.0455 1.0293 1.0049 1.012 1.0371 1.0363 
1.0444 1.0364 1.0032 1.0418 1.0118 1.0063 1.0281 1.0334 1.0025 1.0393 1.0128 1.0258 1.0119 1.0256 1.0311 1.0218 1.0031 1.0497 1.0132 1.0308 1.0334 1.0497 1.0417 1.0198 1.0132 
1.0391 1.0447 1.0032 1.0184 1.0303 1.0334 1.0294 1.0455 1.0132 1.049 1.0105 1.0441 1.0149 1.028 1.021 1.0036 1.0269 1.0324 1.0131 1.0119 1.0005 1.029 1.0185 1.041 1.0291 
1.0118 1.0294 1.0339 1.0032 1.0256 1.016 1.022 1.0344 1.0204 1.0317 1.0374 1.0037 1.0315 1.0424 1.0074 1.0469 1.019 1.0112 1.0013 1.0137 1.0414 1.0212 1.0001 1.0107 1.032 
1.0271 1.0262 1.0442 1.0126 1.0233 1.0238 1.0461 1.0171 1.0493 1.0129 1.026 1.0103 1.0192 1.0251 1.0429 1.0166 1.0378 1.0287 1.035 1.0188 1.0087 1.0104 1.0226 1.0109 1.0277 
1.009 1.0059 1.012 1.0188 1.014 1.0208 1.0481 1.0206 1.0315 1.0454 1.0239 1.0149 1.0145 1.0411 1.027 1.0425 1.0175 1.0189 1.0161 1.0446 1.012 1.038 1.0155 1.0345 1.0059 
1.0027 1.0492 1.0294 1.0434 1.0092 1.023 1.0498 1.036 1.0166 1.0297 1.0166 1.006 1.0207 1.025 1.0332 1.0015 1.0258 1.0318 1.0436 1.0312 1.0454 1.0439 1.0138 1.0186 1.012 
1.0259 1.0326 1.0342 1.0341 1.0469 1.0148 1.0026 1.0376 1.0492 1.0237 1.034 1.0235 1.0117 1.0277 1.0319 1.0003 1.0273 1.0122 1.0454 1.0185 1.0347 1.0377 1.037 1.029 1.0175 
1.028 1.0075 1.0006 1.005 1.0316 1.0142 1.0073 1.0188 1.0184 1.0054 1.0293 1.0252 1.0313 1.0099 1.0264 1.0082 1.036 1.0486 1.039 1.0183 1.0177 1.0162 1.0369 1.0036 1.0284 
1.0402 1.0093 1.0072 1.0437 1.0124 1.0009 1.0048 1.0116 1.039 1.0194 1.0484 1.0439 1.0259 1.0395 1.04 1.032 1.0048 1.016 1.0458 1.0434 1.0355 1.028 1.0385 1.0323 1.0084 
1.0237 1.0311 1.0129 1.009 1.0125 1.0235 1.0061 1.0336 1.0328 1.027 1.0137 1.0489 1.0435 1.0411 1.006 1.0333 1.0483 1.02 1.0356 1.0453 1.019 1.0275 1.0019 1.0396 1.0273 
1.0321 1.047 1.0142 1.0071 1.015 1.0466 1.0037 1.0097 1.0233 1.0095 1.0307 1.0119 1.0017 1.0307 1.0076 1.0389 1.0096 1.0235 1.0448 1.0077 1.0359 1.0444 1.0295 1.0048 1.0434 
1.0441 1.0411 1.0052 1.039 1.0243 1.0397 1.0069 1.0152 1.0213 1.008 1.0042 1.0356 1.0113 1.0067 1.043 1.0261 1.0206 1.0217 1.0222 1.0118 1.0131 1.0025 1.0417 1.0482 1.002 
1.0455 1.0003 1.0185 1.0316 1.0129 1.0402 1.0271 1.0243 1.0094 1.0399 1.0248 1.0441 1.0365 1.0427 1.0308 1.0251 1.0489 1.0389 1.0143 1.0304 1.028 1.0139 1.0216 1.0354 1.0032 
1.0135 1.0043 1.0322 1.0013 1.0496 1.0209 1.0453 1.0464 1.0268 1.0143 1.044 1.0199 1.0269 1.007 1.0071 1.0162 1.0407 1.0281 1.0278 1.0034 1.01 1.0456 1.0076 1.0192 1.0295 
1.0311 1.0491 1.0173 1.0197 1.023 1.0299 1.0395 1.0241 1.0151 1.015 1.0182 1.0313 1.01 1.0484 1.0204 1.0453 1.0347 1.0261 1.0061 1.0208 1.0003 1.01 1.0011 1.0009 1.0082 
1.0364 1.0261 1.0248 1.0308 1.044 1.0251 1.0004 1.0357 1.0146 1.0325 1.0019 1.0281 1.0133 1.0223 1.002 1.0035 1.0337 1.0297 1.0001 1.0487 1.0239 1.0066 1.0466 1.0177 1.0241 
1.0123 1.0456 1.0055 1.0105 1.0309 1.0428 1.0438 1.0261 1.0254 1.017 1.012 1.0231 1.0496 1.0286 1.0472 1.0422 1.0438 1.0198 1.0091 1.0048 1.0436 1.0442 1.0445 1.0049 1.0009 
1.0027 1.0319 1.0101 1.0288 1.0397 1.0368 1.0489 1.0144 1.0424 1.0485 1.0428 1.0459 1.0377 1.0333 1.0279 1.0341 1.0074 1.0229 1.0437 1.0228 1.0394 1.024 1.0185 1.0098 1.0162 
1.0227 1.0033 1.0154 1.0033 1.0063 1.044 1.0324 1.034 1.0319 1.0089 1.0232 1.0205 1.012 1.0134 1.0005 1.0128 1.0133 1.0008 1.0371 1.0164 1.0144 1.0144 1.0201 1.0309 1.0014 
1.0306 1.0482 1.0379 1.0478 1.0288 1.0246 1.0282 1.0069 1.021 1.0269 1.0273 1.0496 1.0109 1.04 1.0455 1.0255 1.0289 1.0375 1.0296 1.0329 1.0214 1.0206 1.0262 1.0152 1.0348 
1.0383 1.0048 1.021 1.0331 1.0171 1.0131 1.0399 1.0259 1.0032 1.0078 1.0125 1.0264 1.0442 1.007 1.0274 1 1.0177 1.0007 1.0281 1.0103 1.0447 1.0101 1.0244 1.0116 1.0089 
1.0139 1.0284 1.0023 1.0135 1.0388 1.0237 1.0054 1.0412 1.0082 1.0299 1.0496 1.0403 1.0435 1.0157 1.001 1.0456 1.009 1.0085 1.0092 1.0098 1.0179 1.0309 1.0424 1.0241 1.003 
1.0149 1.0224 1.0095 1.0342 1.0409 1.0122 1.0018 1.0493 1.0467 1.0031 1.0264 1.0246 1.0128 1.0061 1.0305 1.0377 1.0304 1.0278 1.0473 1.0258 1.0299 1.0109 1.0232 1.0033 1.0423 
1.0271 1.0282 1.0401 1.0454 1.0368 1.033 1.02 1.0492 1.0451 1.0328 1.0453 1.0186 1.0351 1.0346 1.0071 1.0293 1.0428 1.0184 1.0217 1.0377 1.0173 1.0184 1.0034 1.0383 1.0499 
1.0041 1.008 1.0417 1.0434 1.0142 1.0283 1.0398 1.0447 1.0145 1.0203 1.0034 1.0481 1.028 1.0126 1.0131 1.048 1.0484 1.0083 1.0359 1.0287 1.042 1.018 1.0367 1.0385 1.0377 
1.0321 1.0349 1.0222 1.0135 1.0409 1.0323 1.0498 1.035 1.0216 1.0452 1.0235 1.017 1.0045 1.0198 1.0283 1.046 1.0426 1.0452 1.0084 1.0467 1.0446 1.0116 1.0455 1.0017 1.0251 
1.0453 1.0174 1.0129 1.0385 1.0191 1.0254 1.0441 1.0253 1.0451 1.0408 1.0019 1.0185 1.0333 1.0259 1.0106 1.0158 1.0351 1.0054 1.011 1.0475 1.044 1.0354 1.0387 1.0086 1.0388 
1.0024 1.0466 1.0356 1.0089 1.0004 1.0041 1.0154 1.0339 1.0356 1.0097 1.0237 1.0496 1.037 1.0061 1.0045 1.0404 1.0031 1.0164 1.0266 1.0323 1.0019 1.0023 1.0075 1.0106 1.0305 
1.0416 1.0056 1.0167 1.049 1.017 1.0301 1.0067 1.0248 1.0359 1.0004 1.0458 1.0471 1.0482 1.0395 1.0434 1.0313 1.0452 1.0117 1.0139 1.0019 1.0077 1.0211 1.0239 1.0456 1.0402 
1.0385 1.0396 1.0192 1.001 1.0239 1.029 1.0231 1.0086 1.0261 1.0083 1.043 1.0477 1.0138 1.0328 1.0306 1.046 1.0132 1.0486 1.0113 1.0157 1.0219 1.0196 1.0286 1.0254 1.0125 
1.0207 1.0468 1.0412 1.0097 1.0264 1.0377 1.0301 1.0226 1.028 1.0215 1.0059 1.0329 1.0286 1.0372 1.0082 1.0121 1.0124 1.0434 1.0255 1.0031 1.0251 1.0309 1.0358 1.0475 1.0437 
1.0472 1.0001 1.001 1.0167 1.0149 1.0138 1.042 1.018 1.0397 1.0379 1.0227 1.0135 1.0091 1.0164 1.0068 1.0204 1.04 1.0281 1.0434 1.0022 1.0403 1.0141 1.0157 1.0083 1.0174 
1.0414 1.0325 1.0497 1.0237 1.0109 1.0287 1.0431 1.0469 1.0072 1.0023 1.0163 1.0379 1.0442 1.0418 1.0466 1.0006 1.0411 1.0266 1.0017 1.0495 1.0068 1.018 1.0019 1.0348 1.0178 
1.0317 1.0471 1.0066 1.0198 1.0449 1.0251 1.0306 1.0408 1.0271 1.0036 1.0366 1.0004 1.0081 1.0089 1.0313 1.0276 1.0226 1.0346 1.0213 1.0468 1.0329 1.0206 1.0408 1.0022 1.0285 
1.0421 1.0011 1.0057 1.0085 1.0041 1.0069 1.01 1.0079 1.0415 1.02 1.0231 1.0296 1.0313 1.0203 1.0082 1.0494 1.0387 1.0072 1.0109 1.0196 1.0422 1.0122 1.041 1.046 1.0354 
1.0057 1.0061 1.0114 1.0127 1.0197 1.0152 1.0497 1.0367 1.0237 1.0411 1.0368 1.0247 1.0061 1.0252 1.0263 1.0221 1.0441 1.0182 1.0326 1.0379 1.0415 1.0435 1.0293 1.0107 1.0331 
1.0418 1.0192 1.037 1.0234 1.0354 1.0169 1.0475 1.0117 1.0032 1.0496 1.0494 1.0186 1.0059 1.0254 1.0224 1.0259 1.0414 1.0369 1.004 1.0266 1.0226 1.0054 1.049 1.033 1.0464 
1.0156 1.0259 1.0015 1.0017 1.0109 1.0106 1.0451 1.0004 1.0423 1.0302 1.0467 1.0412 1.0008 1.0003 1.016 1.0199 1.0021 1.0157 1.0135 1.0154 1.0083 1.0403 1.0339 1.0085 1.0451 
1.0288 1.0114 1.0465 1.0276 1.0212 1.0165 1.0261 1.0462 1.0189 1.0452 1.0298 1.0253 1.0031 1.0072 1.0103 1.0031 1.0049 1.0091 1.0435 1.0006 1.0012 1.0089 1.0076 1.0457 1.0202 
1.0021 1.0164 1.0385 1.036 1.0264 1.045 1.0003 1.0484 1.0443 1.0303 1.0428 1.0382 1.0383 1.0261 1.0139 1.0063 1.0228 1.0103 1.0483 1.0146 1.0167 1.0259 1.0416 1.0335 1.0321 
1.0201 1.0331 1.0421 1.0374 1.0488 1.0133 1.0141 1.0034 1.0242 1.0467 1.0363 1.0422 1.0267 1.0204 1.0083 1.0383 1.0154 1.0347 1.0308 1.0252 1.0119 1.0144 1.0243 1.0225 1.034 
1.0424 1.0492 1.0038 1.0447 1.0235 1.0313 1.0356 1.0068 1.0058 1.0463 1.0046 1.0227 1.0365 1.0144 1.0316 1.0124 1.0278 1.0457 1.0068 1.0033 1.0455 1.0237 1.0437 1.0359 1.008 
1.0111 1.0105 1.0229 1.0457 1.0481 1.0073 1.0073 1.0346 1.0152 1.009 1.0416 1.0436 1.0098 1.0078 1.0285 1.0171 1.0377 1.0273 1.0285 1.0028 1.0313 1.0221 1.0397 1.0442 1.0033 
1.0488 1.0479 1.0251 1.0491 1.0397 1.0074 1.0048 1.0186 1.0372 1.0253 1.0081 1.0223 1.039 1.0486 1.0193 1.0022 1.006 1.0187 1.049 1.0466 1.0386 1.0452 1.0027 1.0251 1.0483 
1.0194 1.0255 1.0444 1.0091 1.0343 1.0186 1.0028 1.0333 1.0379 1.0041 1.0084 1.0199 1.0075 1.0078 1.0277 1.0319 1.0092 1.0276 1.0115 1.0203 1.0114 1.028 1.0079 1.0014 1.0442 
1.0161 1.0353 1.0056 1.0288 1.0158 1.0218 1.0276 1.0221 1.0201 1.0491 1.0445 1.0252 1.0182 1.0421 1.0123 1.0167 1.01 1.0452 1.0031 1.0025 1.0371 1.0405 1.0308 1.0078 1.0327 
1.0461 1.0291 1.0078 1.0332 1.0342 1.0086 1.0209 1.0203 1.016 1.0152 1.0135 1.0235 1.0184 1.0012 1.0371 1.0279 1.0144 1.0251 1.0377 1.0475 1.0004 1.0139 1.0321 1.0461 1.0423 
1.0029 1.021 1.0303 1.0169 1.0269 1.0386 1.0078 1.0491 1.0348 1.019 1.0481 1.0339 1.0043 1.0414 1.0157 1.0446 1.015 1.0451 1.0071 1.0407 1.0455 1.0384 1.046 1.0178 1.0497 
1.0018 1.0017 1.0345 1.0331 1.0318 1.0412 1.029 1.0277 1.0496 1.0157 1.0177 1.0228 1.0358 1.0324 1.0135 1.0085 1.0078 1.0497 1.0215 1.0216 1.0019 1.0326 1.02 1.0278 1.0049 
1.0117 1.0151 1.0397 1.0236 1.0205 1.0406 1.0082 1.0399 1.0131 1.0129 1.0144 1.0109 1.0032 1.0004 1.0379 1.0176 1.009 1.0154 1.0279 1.0104 1.0226 1.048 1.0126 1.0222 1.0063 
1.0389 1.0235 1.0493 1.0068 1.0104 1.0176 1.0397 1.027 1.0295 1.0267 1.0175 1.0034 1.0459 1.0124 1.006 1.0354 1.0279 1.0462 1.0145 1.0426 1.0214 1.0315 1.0321 1.0397 1.0331 
1.0149 1.0241 1.0127 1.0311 1.0079 1.0025 1.0229 1.0093 1.0131 1.0004 1.0231 1.0272 1.0237 1.001 1.0262 1.0227 1.0019 1.0148 1.0222 1.0005 1.0222 1.0196 1.0289 1.0068 1.0162 
1.0077 1.0221 1.0226 1.0086 1.0233 1.0318 1.0252 1.0094 1.0085 1.0468 1.0339 1.0036 1.0209 1.0456 1.0372 1.0232 1.026 1.0456 1.0476 1.0031 1.0366 1 1.0379 1.0015 1.0144 
1.0034 1.03 1.0425 1.0356 1.0485 1.0042 1.0254 1.0135 1.007 1.0046 1.037 1.0222 1.0431 1.0041 1.0238 1.0492 1.0176 1.0436 1.0233 1.0148 1.0379 1.0044 1.043 1.0169 1.0407 
1.0415 1.0116 1.0219 1.0336 1.0032 1.0141 1.012 1.0329 1.0101 1.0459 1.0208 1.0398 1.0331 1.0352 1.0209 1.0112 1.0106 1.01 1.0062 1.0022 1.0099 1.0037 1.0017 1.0205 1.017 
1.0194 1.0303 1.0275 1.0012 1.0021 1.041 1.0003 1.0253 1.0262 1.0482 1.0424 1.0241 1.0387 1.0497 1.042 1.0055 1.0073 1.0272 1.0123 1.0107 1.0094 1.0231 1.0316 1.0264 1.0353 
1.0035 1.0483 1.0137 1.0279 1.0257 1.0296 1.0306 1.0088 1.0021 1.0023 1.0217 1.0329 1.0133 1.0457 1.0314 1.0422 1.0455 1.0161 1.0142 1.0107 1.0242 1.0178 1.0239 1.0195 1.0188 
1.0128 1.0352 1.0258 1.0103 1.0406 1.0042 1.0492 1.0153 1.0383 1.0448 1.0352 1.0241 1.0415 1.0499 1.0333 1.0004 1.0448 1.0185 1.0278 1.0256 1.0236 1.0083 1.0033 1.0254 1.0286 
1.038 1.0223 1.0018 1.0268 1.0423 1.0202 1.0019 1.0291 1.006 1.045 1.0228 1.0093 1.0424 1.0256 1.0246 1.043 1.0331 1.044 1.0302 1.039 1.0369 1.0066 1.007 1.0013 1.0215 
1.0124 1.0168 1.0101 1.0006 1.0246 1.0419 1.0208 1.0214 1.045 1.026 1.0342 1.0309 1.0184 1.011 1.0429 1.0106 1.0076 1.0477 1.0149 1.0052 1.0443 1.0456 1.0203 1.0434 1.0364 
1.0479 1 1.0197 1.0104 1.0196 1.0091 1.0151 1.0491 1.026 1.0335 1.0426 1.016 1.0305 1.0482 1.0144 1.0175 1.0373 1.0075 1.0025 1.0487 1.0461 1.0201 1.0375 1.0443 1.0263 
1.0139 1.0232 1.0224 1.0157 1.0459 1.0181 1.0006 1.0043 1.005 1.0458 1.0245 1.0406 1.0158 1.0418 1.0068 1.0394 1.0479 1.0144 1.0325 1.0157 1.003 1.0286 1.0048 1.0033 1.0435 
1.0357 1.0365 1.0228 1.0437 1.0294 1.0351 1.043 1.0347 1.0267 1.029 1.0231 1.0361 1.0309 1.0315 1.0037 1.0403 1.002 1.0239 1.0148 1.0133 1.0251 1.0337 1.0468 1.0097 1.0394 
1.0272 1.0107 1.0488 1.0265 1.0084 1.0384 1.0147 1.0059 1.0292 1.0347 1.0377 1.0371 1.004 1.013 1.0349 1.0282 1.0283 1.0255 1.0446 1.0133 1.0376 1.0474 1.0448 1.0216 1.0048 
1.0454 1.0077 1.0163 1.0456 1.0083 1.0044 1.0067 1.0249 1.0139 1.033 1.0016 1.0399 1.0073 1.0495 1.0043 1.0222 1.0213 1.0134 1.0159 1.001 1.0446 1.0279 1.0204 1.0254 1.012 
1.0157 1.0477 1.0299 1.0138 1.0061 1.0073 1.0354 1.0011 1.0189 1.0244 1.0071 1.0075 1.0432 1.0252 1.0184 1.032 1.0469 1.0324 1.0137 1.0486 1.0483 1.0147 1.0329 1.0272 1.0264 
1.002 1.0129 1.0235 1.0496 1.0281 1.0275 1.0376 1.0347 1.0246 1.0334 1.0281 1.0409 1.0011 1.0052 1.0056 1.031 1.0364 1.0004 1.0088 1.0167 1.0428 1.0257 1.0144 1.0427 1.0212 
1.0114 1.0473 1.0441 1.0141 1.0196 1.0122 1.0158 1.0365 1.0097 1.0358 1.0182 1.0261 1.0366 1.0421 1.0008 1.0423 1.0291 1.0123 1.0185 1.0379 1.045 1.0017 1.0455 1.0238 1.0333 
1.0162 1.0406 1.0075 1.0328 1.0417 1.04 1.0052 1.0406 1.0195 1.0424 1.0488 1.0427 1.0216 1.0152 1.0143 1.0446 1.0373 1.0473 1.0285 1.0263 1.0008 1.0039 1 1.0048 1.0191 
1.0104 1.0487 1.0412 1.0406 1.0013 1.0359 1.0044 1.0412 1.0336 1.0029 1.0473 1.0104 1.026 1.0028 1.0226 1.0244 1.0042 1.0313 1.0306 1.0126 1.0224 1.0424 1.004 1.0148 1.0103 
1.0456 1.0115 1.0277 1.0212 1.005 1.0116 1.0446 1.0407 1.031 1.041 1.0355 1.0012 1.0494 1.0416 1.0423 1.0163 1.0359 1.0216 1.0289 1.0446 1.0333 1.008 1.0216 1.0431 1.0167 
1.0065 1.0043 1.0487 1.0479 1.0076 1.0217 1.0289 1.0271 1.0088 1.022 1.0244 1.0455 1.0303 1.012 1.0357 1.0477 1.0436 1.0079 1.0423 1.0295 1.0293 1.0479 1.0155 1.0292 1.0334 
1.0104 1.0378 1.0238 1.0345 1.021 1.0216 1.0066 1.0188 1.0012 1.0468 1.0232 1.0116 1.0418 1.0278 1.0188 1.0299 1.0217 1.0187 1.011 1.0016 1.0181 1.0243 1.0354 1.0198 1.0488 
