10
50
9602 9908 9218 9071 9621 9047 9271 9294 9608 9301 9668 9592 9942 9809 9759 9848 9004 9337 9129 9784 9034 9104 9502 9778 9766 9884 9694 9026 9686 9569 9468 9394 9860 9879 9068 9902 9264 9655 9713 9202 9695 9695 9458 9675 9613 9512 9697 9143 9492 25 
2619 7744 5445 941 1405 15357 6632 3771 11690 10927 
1.0064 1.0342 1.0083 1.0233 1.0321 1.0042 1.045 1.0292 1.0387 1.0153 
1.0496 1.0243 1.0486 1.0177 1.0277 1.0342 1.0174 1.0054 1.0327 1.0152 
1.0179 1.0433 1.0219 1.0433 1.0243 1.0313 1.0344 1.0392 1.0016 1.0114 
1.0337 1.0479 1.0079 1.0247 1.0497 1.0002 1.0484 1.0081 1.0447 1.0038 
1.0323 1.004 1.0031 1.0328 1.0243 1.0053 1.0177 1.0013 1.0117 1.0161 
1.0024 1.0286 1.0403 1.0018 1.02 1.001 1.0281 1.0251 1.0388 1.0459 
1.0215 1.0377 1.0051 1.033 1.0084 1.0123 1.0091 1.0207 1.0275 1.0285 
1.009 1.0425 1.0081 1.0108 1.0357 1.003 1.0474 1.006 1.0334 1.0202 
1.0335 1.0252 1.015 1.044 1.0251 1.0107 1.0483 1.0481 1.0256 1.0387 
1.0154 1.0371 1.038 1.0354 1.0213 1.0025 1.0409 1.0214 1.0327 1.0285 
1.0078 1.0337 1.0288 1.0277 1.0075 1.0302 1.0298 1.0071 1.0443 1.0294 
1.0384 1.0499 1.0291 1.0431 1.0014 1.0274 1.0166 1.0204 1.0321 1.0388 
1.0067 1.0177 1.02 1.0226 1.0219 1.0114 1.0079 1.0146 1.0348 1.029 
1.0164 1.0422 1.0057 1.0294 1.0331 1.0018 1.019 1.0393 1.0339 1.0385 
1.007 1.0026 1.0237 1.0286 1.0383 1.0092 1.0154 1.0201 1.0142 1.0455 
1.0473 1.0073 1.012 1.0368 1.0242 1.0298 1.006 1.0365 1.0254 1.045 
1.047 1.0336 1.0186 1.0487 1.0067 1.0119 1.0253 1.0441 1.0082 1.0338 
1.0426 1.0358 1.009 1.0133 1.0387 1.0353 1.0313 1.0122 1.0272 1.0311 
1.0057 1.0141 1.0279 1.0207 1.0285 1.0465 1.0422 1.0349 1.0118 1.0186 
1.0081 1.0453 1.0078 1.0171 1.0174 1.0297 1.0281 1.0149 1.0434 1.0364 
1.0143 1.042 1.017 1.0357 1.0129 1.0203 1.0101 1.0283 1.0486 1.0499 
1.0228 1.0414 1.018 1.0189 1.0123 1.0062 1.0207 1.0263 1.0082 1.005 
1.0426 1.0101 1.0021 1.0039 1.0178 1.04 1.0371 1.015 1.0027 1.0164 
1.0029 1.0244 1 1.0216 1.0104 1.0161 1.0465 1.0391 1.046 1.0492 
1.031 1.0156 1.0076 1.0264 1.0095 1.016 1.047 1.0241 1.0034 1.0083 
1.0185 1.036 1.0441 1.0008 1.0308 1.0193 1.008 1.0318 1.0145 1.0296 
1.0217 1.0315 1.0274 1.0102 1.0018 1.0254 1.0462 1.034 1.0427 1.0333 
1.0123 1.0228 1.0429 1.0084 1.0302 1.0139 1.0346 1.0065 1.006 1.0182 
1.0114 1.0232 1.0464 1.0153 1.0432 1.0441 1.0224 1.0461 1.0298 1.0079 
1.0329 1.0198 1.0418 1.0395 1.0413 1.002 1.0065 1.0425 1.0135 1.0337 
1.0267 1.027 1.0026 1.0375 1.0259 1.03 1.0086 1.0457 1.0488 1.0282 
1.0443 1.0152 1.0298 1.0079 1.0006 1.0016 1.033 1.0112 1.0397 1.0225 
1.0346 1.0327 1.0182 1.0035 1.0016 1.0371 1.0307 1.0488 1.0245 1.0074 
1.0212 1.0384 1.032 1.0082 1.0185 1.0345 1.0415 1.0075 1.0266 1.0124 
1.0002 1.0063 1.0217 1.0287 1.0444 1.0015 1.0363 1.0485 1.0414 1.0106 
1.0193 1.0231 1.0208 1.0231 1.0124 1.0437 1.0049 1.0084 1.0091 1.0484 
1.0398 1.0104 1.044 1.0357 1.0044 1.0324 1.0393 1.0418 1.0018 1.0474 
1.0344 1.0491 1.0489 1.0338 1.0057 1.0287 1.041 1.0421 1.0015 1.008 
1.0083 1.0414 1.0098 1.0025 1.0178 1.0215 1.004 1.0015 1.0178 1.0281 
1.0445 1.0162 1.0136 1.0408 1.0263 1.0152 1.0049 1.0193 1.0253 1.0438 
1.046 1.0048 1.0051 1.043 1.013 1.044 1.0183 1.0149 1.0025 1.0005 
1.0371 1.0037 1.0358 1.0169 1.0103 1.0018 1.021 1.0494 1.0204 1.0329 
1.0147 1.0119 1.013 1.0201 1.0038 1.0205 1.0053 1.0345 1.0264 1.0256 
1.045 1.0349 1.0101 1.0178 1.0244 1.0189 1.0036 1.0347 1.0128 1.0271 
1.0353 1.0194 1.0498 1.0041 1.0111 1.0447 1.0049 1.0185 1.0302 1.0077 
1.0359 1.0119 1.0088 1.0126 1.0412 1.0416 1.0153 1.0436 1.0343 1.046 
1.0237 1.0026 1.0442 1.0195 1.0037 1.0232 1.001 1.0036 1.0362 1.0407 
1.0199 1.035 1.0497 1.0477 1.0429 1.0222 1.0334 1.0391 1.0283 1.0372 
1.0416 1.0459 1.0134 1.0145 1.0252 1.0273 1.0178 1.0153 1.0337 1.0333 
1.0396 1.0006 1.0439 1.0387 1.0003 1.0317 1.0099 1.0101 1.0097 1.0419 
