25
500
9814 9026 9099 9220 9603 9664 9693 9914 9845 9110 9775 9185 9530 9963 9151 9166 9895 9452 9722 9759 9630 9432 9194 9638 9514 9804 9599 9942 9018 9247 9168 9845 9640 9357 9439 9960 9070 9144 9348 9692 9406 9200 9392 9151 9327 9602 9520 9797 9722 9172 9469 9296 9543 9582 9291 9016 9855 9537 9992 9700 9159 9558 9630 9944 9946 9894 9058 9157 9061 9519 9314 9679 9974 9224 9701 9056 9574 9906 9967 9358 9645 9718 9993 9337 9054 9582 9638 9404 9887 9005 9749 9698 9880 9252 9515 9199 9779 9968 9621 9757 9776 9599 9786 9286 9233 9143 9999 9813 9334 9556 9468 9229 9496 9706 9073 9072 9229 9700 9103 9833 9677 9753 9544 9160 9568 9495 9575 9110 9894 9801 9405 9816 9651 9525 9649 9765 9822 9968 9764 9878 9599 9571 9449 9992 9393 9152 9049 9690 9060 9525 9492 9968 9766 9473 9374 9277 9334 9005 9668 9686 9882 9046 9526 9204 9661 9551 9040 9479 9597 9392 9729 9296 9368 9210 9022 9169 9966 9200 9087 9608 9310 9891 9964 9674 9169 9358 9249 9029 9125 9083 9882 9988 9027 9352 9940 9513 9539 9518 9682 9687 9578 9021 9807 9089 9073 9729 9793 9425 9357 9590 9369 9626 9029 9556 9029 9184 9701 9021 9386 9341 9550 9460 9434 9047 9717 9899 9081 9673 9739 9793 9393 9913 9299 9269 9155 9519 9286 9670 9868 10000 9637 9107 9303 9700 9394 9735 9175 9970 9466 9508 9021 9474 9896 9811 9680 9352 9371 9967 9160 9821 9597 9777 9313 9551 9549 9273 9215 9559 9420 9182 9574 9307 9750 9739 9837 9501 9085 9311 9379 9127 9438 9421 9263 9944 9044 9713 9455 9191 9164 9036 9930 9016 9521 9132 9090 9192 9696 9731 9732 9539 9091 9440 9082 9441 9098 9315 9447 9623 9538 9843 9150 9973 9517 9024 9069 9198 9859 9110 9137 9783 9661 9492 9395 9742 9315 9120 9547 9858 9959 9302 9430 9608 9131 9077 9035 9188 9299 9414 9059 9287 9885 9420 9248 9733 9066 9782 9421 9273 9352 9117 9195 9675 9447 9853 9262 9105 9339 9270 9692 9319 9997 9079 9023 9556 9828 9163 9524 9489 9133 9180 9921 9950 9620 9631 9249 9219 9282 9708 9513 9610 9889 9541 9106 9904 9066 9411 9775 9999 9249 9482 9658 9040 9546 9135 9307 9976 9758 9848 9913 9685 9431 9631 9472 9079 9731 9471 9237 9290 9771 9924 9189 9725 9516 9687 9849 9974 9202 9343 9553 9175 9883 9380 9568 9603 9264 9325 9286 9723 9030 9755 9037 9665 9204 9750 9941 9937 9184 9056 9732 9338 9878 9568 9785 9646 9803 9198 9560 9193 9786 9336 9633 9686 9347 9746 9464 9038 9664 9402 9812 9689 9252 9512 9808 9149 9014 9301 9623 9581 9132 9749 9363 9733 9710 9682 9501 9104 9459 9597 9731 9597 9576 9891 9113 9624 9739 9920 9588 9698 9102 9386 9301 9279 9265 9517 568 872 617 1254 1372 1990 
2438 3382 2790 1037 3362 994 2615 4124 2775 4092 2508 41 2905 1318 214 275 1607 4148 1994 778 513 2769 3868 3444 3226 
1.0135 1.048 1.0344 1.0072 1.0439 1.0016 1.0052 1.0162 1.0148 1.0438 1.0287 1.0256 1.0375 1.0202 1.0287 1.034 1.0125 1.0011 1.0031 1.0479 1.0019 1.0152 1.0464 1.0181 1.0014 
1.0216 1.0298 1.0313 1.0269 1.0387 1.0281 1.0425 1.0283 1.0482 1.0292 1.0068 1.0353 1.0256 1.0029 1.0204 1.0452 1.0497 1.0375 1.0404 1.0174 1.0031 1.0095 1.0262 1.0203 1.0236 
1.004 1.0218 1.0402 1.0292 1.033 1.0368 1.0109 1.0263 1.0021 1.0401 1.0345 1.0117 1.0351 1.0456 1.0325 1.0416 1.0069 1.0278 1.0134 1.0433 1.0105 1.0076 1.0151 1.0339 1.0174 
1.0238 1.0281 1.022 1.0256 1.0115 1.0114 1.009 1.0191 1.0287 1.0434 1.0461 1.031 1.0474 1.0346 1.0026 1.0254 1.0075 1.0213 1.0003 1.0357 1.0181 1.0271 1.0243 1.0328 1.044 
1.0192 1.0129 1.0356 1.0131 1.0368 1.0088 1.0076 1.0361 1.0005 1.0146 1.0173 1.0254 1.025 1.0481 1.038 1.0388 1.0404 1.0185 1.022 1.0245 1.0151 1.0459 1.0092 1.0358 1.0405 
1.0177 1.0487 1.0228 1.0431 1.0087 1.0012 1.0022 1.046 1.031 1.03 1.0003 1.0293 1.0031 1.007 1.0342 1.0296 1.0034 1.0319 1.0079 1.0371 1.0356 1.0294 1.0148 1.0085 1.0374 
1.0017 1.004 1.001 1.0255 1.038 1.013 1.0365 1.0427 1.0338 1.0001 1.0247 1.0148 1.0286 1.0078 1.0051 1.0101 1.01 1.0171 1.0214 1.0498 1.0132 1.0443 1.0127 1.0199 1.0377 
1.0266 1.0337 1.0096 1.0146 1.0427 1.0427 1.0061 1.0297 1.0191 1.0281 1.0377 1.0225 1.0235 1.0058 1.0161 1.0378 1.0485 1.0497 1.0326 1.0142 1.0434 1.0023 1.0174 1.0054 1.0428 
1.0249 1.0319 1.0493 1.0322 1.015 1.0144 1.0404 1.0072 1.0072 1.0389 1.0135 1.0442 1.0368 1.0397 1.0063 1.0146 1.0114 1.0223 1.0253 1.0446 1.009 1.0138 1.0018 1.0206 1.0483 
1.0024 1.0059 1.0306 1.019 1.0392 1.0138 1.0072 1.0387 1.0027 1.0213 1.0099 1.0002 1.0152 1.0096 1.0064 1.0332 1.0355 1.029 1.014 1.0059 1.012 1.0496 1.0094 1.0263 1.0263 
1.042 1.0194 1.009 1.0007 1.0275 1.0275 1.0183 1.0384 1.0041 1.0068 1.0007 1.0169 1.0434 1.0253 1.0412 1.0425 1.0306 1.0052 1.0229 1.02 1.0092 1.0355 1.0473 1.0386 1.0126 
1.0129 1.0099 1.012 1.0112 1.0375 1.0079 1.0366 1.0135 1.0107 1.0099 1 1.034 1.0037 1.0332 1.0012 1.0385 1.0062 1.0485 1.0339 1.0195 1.0395 1.044 1.0055 1.0378 1.0391 
1.0401 1.008 1.0136 1.0099 1.0184 1.0109 1.0452 1.0213 1.0306 1.0142 1.037 1.0263 1.0478 1.0476 1.0098 1.0242 1.0139 1.0005 1.0278 1.0226 1.0302 1.0325 1.0143 1.0287 1.0246 
1.0091 1.032 1.0233 1.0224 1.0191 1.0025 1.0288 1.0264 1.0472 1.0381 1.0034 1.0483 1.0426 1.0332 1.0089 1.0443 1.0318 1.0138 1.0456 1.0476 1.0237 1.0068 1.035 1.0452 1.0494 
1.0096 1.0313 1.0029 1.017 1.0159 1.044 1.0197 1.0197 1.011 1.0083 1.0274 1.0115 1.01 1.0269 1.0052 1.0408 1.0387 1.044 1.0456 1.0399 1.0353 1.0416 1.0258 1.0096 1.0389 
1.0353 1.0153 1.0029 1.0294 1.0307 1.0493 1.0326 1.0407 1.0119 1.0281 1.0401 1.0299 1.0376 1.0426 1.0317 1.0012 1.0001 1.0276 1.0072 1.0246 1.0132 1.014 1.0075 1.0085 1.0371 
1.0089 1.0169 1.0395 1.0051 1.0179 1.0348 1.0039 1.0239 1.0225 1.0235 1.0315 1.0258 1.0397 1.0483 1.0231 1.0239 1.0426 1.0372 1.0422 1.0147 1.0237 1.0498 1.0376 1.0196 1.044 
1.0085 1.04 1.0297 1.0459 1.0246 1.0084 1.0001 1.0132 1.0344 1.0096 1.0205 1.0386 1.0029 1.0375 1.0172 1.0204 1.0244 1.016 1.0434 1.0054 1.0027 1.0263 1.0349 1.0164 1.0444 
1.0442 1.0465 1.0382 1.0142 1.0426 1.0079 1.008 1.0409 1.0486 1.0378 1.0355 1.0045 1.0168 1.0474 1.0467 1.0231 1.0113 1.0358 1.0239 1.0217 1.0326 1.0223 1.0166 1.0448 1.0184 
1.0299 1.0263 1.0179 1.0036 1.0169 1.0259 1.0445 1.0299 1.0239 1.0097 1.0267 1.0331 1.0178 1.0339 1.0267 1.0487 1.0153 1.0119 1.0252 1.0188 1.0084 1.0276 1.018 1.0169 1.0382 
1.0314 1.0106 1.0263 1.0341 1.0091 1.0171 1.0232 1.0245 1.0344 1.0242 1.0329 1.0196 1.0111 1.0439 1.0423 1.0072 1.0066 1.0478 1.0095 1.0333 1.0192 1.0389 1.0376 1.0361 1.0259 
1.0267 1.044 1.0101 1.0106 1.0005 1.0434 1.0042 1.0403 1.0048 1.0127 1.0256 1.0255 1.0277 1.0172 1.0093 1.0261 1.0446 1.0455 1.0041 1.0417 1.0262 1.0031 1.0461 1.0422 1.0303 
1.0201 1.0125 1.0485 1.0273 1.0416 1.0403 1.0035 1.0037 1.0165 1.0372 1.0337 1.0295 1.0176 1.0333 1.0015 1.0177 1.0106 1.0203 1.0231 1.0365 1.0395 1.0054 1.0498 1.0297 1.0473 
1.0324 1.0471 1.0485 1.0405 1.0328 1.0279 1.0085 1.0202 1.0017 1.0357 1.012 1.0396 1.0374 1.0119 1.024 1.0403 1.0094 1.0181 1.0106 1.0384 1.0412 1.0336 1.0316 1.0455 1.0034 
1.0261 1.0273 1.0354 1.0341 1.0487 1.0265 1.028 1.0478 1.0366 1.0149 1.0313 1.01 1.047 1.0094 1.0093 1.0482 1.0316 1.0133 1.0128 1.0494 1.0167 1.0294 1.0441 1.0202 1.0414 
1.0461 1.0374 1.0129 1.0075 1.014 1.0374 1.0146 1.0119 1.0107 1.0452 1.0021 1.034 1.0364 1.0447 1.0246 1.0367 1.0298 1.0011 1.0286 1.024 1.0144 1.0243 1.0035 1.0166 1.029 
1.0179 1.0251 1.0283 1.0348 1.0368 1.0212 1.0448 1.0426 1.0145 1.023 1.0353 1.0178 1.0437 1.0442 1.0407 1.0139 1.019 1.0126 1.0385 1.0498 1.0188 1.0416 1.0496 1.048 1.035 
1.0132 1.0119 1.0208 1.0464 1.004 1.0347 1.0265 1.0177 1.049 1.0056 1.0097 1.0019 1.0452 1.0455 1.0299 1.033 1.0191 1.0004 1.0078 1.0389 1.021 1.0367 1.0487 1.0055 1.0152 
1.0471 1.0461 1.012 1.0089 1.0379 1.0479 1.017 1.0309 1.0017 1.0146 1.0439 1.0137 1.0095 1.0239 1.024 1.0018 1.002 1.0395 1.0067 1.0063 1.0279 1.0081 1.0012 1.011 1.035 
1.0376 1.0085 1.0211 1.0265 1.0162 1.006 1.0452 1.032 1.0127 1.0237 1.0444 1.0007 1.0082 1.0336 1.0381 1.0128 1.0401 1.0456 1.0279 1.0014 1.0164 1.0005 1.0071 1.016 1.0408 
1.0324 1.0228 1.006 1.0312 1.0068 1.0321 1.0158 1.0423 1.0318 1.032 1.0239 1.0251 1.0472 1.0109 1.0446 1.0262 1.0475 1.0169 1.0168 1.0011 1.0468 1.0412 1.0062 1.0271 1.0016 
1.0461 1.0237 1.0424 1.0175 1.0046 1.0445 1.0461 1.0045 1.0408 1.0234 1.0232 1.0165 1.0279 1.0375 1.0497 1.0259 1.0421 1.0256 1.0275 1.0389 1.0135 1.0003 1.0016 1.0373 1.0033 
1.0017 1.0328 1.0245 1.0323 1.041 1.0474 1.0259 1.026 1.0066 1.0478 1.0435 1.0034 1.0021 1.0266 1.0126 1.0178 1.0142 1.012 1.0192 1.0441 1.0239 1.0224 1.025 1.0246 1.0116 
1.0258 1.0124 1.0435 1.0401 1.009 1.038 1.0115 1.0044 1.0494 1.0336 1.0498 1.0444 1.0047 1.0196 1.0026 1.0066 1.0452 1 1.0091 1.029 1.0119 1.03 1.0354 1.0186 1.0457 
1.0365 1.035 1.0361 1.0085 1.0007 1.0072 1.0451 1.0264 1.0055 1.0144 1.0262 1.0375 1.012 1.0271 1.03 1.0276 1.0236 1.0247 1.0456 1.0414 1.0248 1.0425 1.0438 1.024 1.014 
1.0362 1.0331 1.0168 1.0047 1.0368 1.0335 1.0496 1.0155 1.0086 1.0105 1.018 1.0387 1.0183 1.0493 1.0021 1.0046 1.0058 1.0124 1.0349 1.032 1.0205 1.0169 1.0144 1.0394 1.008 
1.0113 1.0119 1.0475 1.0433 1.0176 1.0243 1.0347 1.0258 1.0439 1.0216 1.0414 1.0161 1.039 1.0455 1.0327 1.0318 1.0319 1.0228 1.0422 1.0245 1.0038 1.0064 1.0252 1.0098 1.031 
1.0338 1.042 1.0362 1.0171 1.0336 1.0317 1.0396 1.0141 1.0057 1.0379 1.0336 1.0414 1.0329 1.0442 1.0083 1.0128 1.0152 1.0126 1.0484 1.0054 1.0326 1.0364 1.0444 1.0263 1.0339 
1.0283 1.0168 1.025 1.0398 1.0354 1.0219 1.0019 1.0059 1.0429 1.0069 1.0122 1.0061 1.0038 1.0292 1.0408 1.0013 1.0303 1.0468 1.0042 1.0405 1.0197 1.0338 1.0125 1.002 1.0315 
1.0169 1.0022 1.0035 1.0311 1.0027 1.0449 1.0435 1.0283 1.0439 1.0089 1.0495 1.0324 1.0465 1.0241 1.0116 1.0335 1.0163 1.0402 1.0031 1.0381 1.0326 1.0496 1.0124 1.0261 1.0473 
1.0126 1.0045 1.0247 1.0413 1.0106 1.0448 1.002 1.0092 1.0396 1.008 1.0003 1.032 1.0301 1.0133 1.0142 1.009 1.0151 1.0099 1.0389 1.0344 1.0107 1.0429 1.0193 1.0023 1.0296 
1.0462 1.0157 1.0185 1.0242 1.0144 1.0178 1.0269 1.0025 1.0127 1.0449 1.0167 1.0231 1.0184 1.0385 1.0138 1.0339 1.0394 1.0265 1.0473 1.0263 1.0097 1.0218 1.0234 1.006 1.0458 
1.0265 1.0061 1.0269 1.0074 1.0272 1.0109 1.0114 1.0038 1.0203 1.0246 1.0394 1.0449 1.0117 1.0126 1.0395 1.0268 1.0414 1.0381 1.034 1.0095 1.0231 1.0343 1.0078 1.0181 1.0212 
1.0365 1.0459 1.0378 1.0014 1.0026 1.0309 1.0019 1.0497 1.0479 1.0291 1.0478 1.048 1.0425 1.0001 1.0446 1.0146 1.0355 1.022 1.0037 1.0283 1.0087 1.0064 1.0284 1.0083 1.0269 
1.0257 1.0207 1.0054 1.0445 1.0211 1.0113 1.0217 1.0268 1.0462 1.0186 1.0472 1.0131 1.0488 1.0271 1.0385 1.0391 1.0489 1.019 1.0327 1.0056 1.0006 1.0379 1.0407 1.0247 1.0365 
1.0022 1.0055 1.0009 1.012 1.0263 1.0348 1.047 1.0486 1.009 1.0185 1.007 1.0165 1.0366 1.0212 1.0383 1.0058 1.0275 1.0141 1.0095 1.0487 1.0402 1.0252 1.0016 1.0359 1.0378 
1.0004 1.0325 1.0167 1.0265 1.0125 1.0354 1.0027 1.0105 1.0418 1.0291 1.0019 1.0028 1.0464 1.0017 1.0051 1.0241 1.0401 1.0081 1.0432 1.0351 1.0116 1.0141 1.0057 1.0326 1.0208 
1.0476 1.0328 1.0104 1.0179 1.027 1.0114 1.033 1.0141 1.0208 1.0466 1 1.0269 1.0269 1.0284 1.0143 1.0299 1.0181 1.0317 1.0176 1.0139 1.0208 1.012 1.0471 1.0117 1.0191 
1.0372 1.0254 1.0374 1.033 1.0373 1.0371 1.0038 1.0141 1.0065 1.0073 1.0037 1.0497 1.0448 1.0186 1.0171 1.0386 1.0105 1.0484 1.0027 1.0047 1.023 1.0109 1.0231 1.0167 1.0134 
1.0235 1.0106 1.0165 1.0382 1.0286 1.0158 1.0386 1.0142 1.0457 1.0221 1.0203 1.048 1.0026 1.0402 1.0003 1.0384 1.0009 1.0223 1.0434 1.047 1.0473 1.0273 1.0154 1.0462 1.0388 
1.0414 1.0404 1.0411 1.0298 1.019 1.0086 1.0422 1.0041 1.0193 1.0044 1.0435 1.0468 1.022 1.0004 1.0032 1.0117 1.0418 1.0207 1.0492 1.0098 1.0177 1.0285 1.0039 1.0079 1.0157 
1.0316 1.0077 1.0304 1.0464 1.0084 1.0476 1.0354 1.0434 1.0217 1.005 1.0192 1.0023 1.0085 1.0233 1.0362 1.0143 1.0087 1.0364 1.0226 1.0406 1.0389 1.0363 1.0357 1.048 1.045 
1.0279 1.0409 1.045 1.0291 1.0381 1.042 1.0246 1.0235 1.0039 1.0215 1.0167 1.0096 1.0383 1.0488 1.0385 1.0093 1.0122 1.0093 1.0219 1.032 1.0452 1.0238 1.0333 1.004 1.0202 
1.0388 1.0228 1.0464 1.0091 1.0075 1.0448 1.0469 1.0388 1.0005 1.0378 1.0334 1.0058 1.0476 1.0494 1.0016 1.0418 1.029 1.0483 1.0119 1.0322 1.0207 1.0316 1.0264 1.0053 1.0419 
1.0441 1.0296 1.0293 1.0212 1.0323 1.0039 1.0232 1.0098 1.0107 1.0197 1.0469 1.0133 1.0422 1.0227 1.0351 1.0483 1.0097 1.0341 1.0086 1.0391 1.0091 1.0374 1.0416 1.0305 1.0115 
1.0392 1.0463 1.0091 1.0306 1.0426 1.0446 1.0479 1.0494 1.006 1.0073 1.0297 1 1.0146 1.0149 1.0424 1.0067 1.0368 1.0383 1.0132 1.0221 1.0384 1.0416 1.0059 1.0346 1.0212 
1.0349 1.0044 1.0086 1.0257 1.0491 1.0315 1.0212 1.0236 1.0073 1.0259 1.0221 1.0436 1.0425 1.0432 1.0285 1.0205 1.0173 1.0009 1.024 1.0123 1.0367 1.0017 1.0075 1.0302 1.0019 
1.0212 1.0226 1.0028 1.0011 1.0336 1.0005 1.0499 1.0491 1.0089 1.0218 1.047 1.0278 1.0338 1.0062 1.0014 1.0288 1.0336 1.0185 1.0345 1.0026 1.0292 1.0203 1.0133 1.0071 1.0368 
1.0248 1.0157 1.0049 1.0418 1.024 1.0134 1.0123 1.0445 1.034 1.0408 1.0316 1.004 1.0132 1.0459 1.0292 1.0144 1.0085 1.0316 1.0433 1.0168 1.0056 1.0098 1.0309 1.0379 1.0347 
1.0134 1.0001 1.0493 1.0472 1.0062 1.0081 1.0094 1.018 1.0365 1.0002 1.0019 1.0042 1.0312 1.0117 1.0174 1.0456 1.0467 1.0423 1.0245 1.0152 1.0231 1.0364 1.0334 1.0471 1.0223 
1.0255 1.0294 1.0031 1.0012 1.013 1.0018 1.0415 1.021 1.0086 1.002 1.0491 1.0251 1.0346 1.0214 1.0019 1.029 1.0092 1.0064 1.0404 1.0328 1.0412 1.0481 1.0025 1.0078 1.0176 
1.0148 1.0172 1.0232 1.0151 1.0251 1.0025 1.0351 1.0298 1.0019 1.023 1.0485 1.0152 1.0049 1.0316 1.0141 1.0233 1.0013 1.0032 1.0005 1.0109 1.0421 1.0006 1.0404 1.029 1.0221 
1.0086 1.0487 1.0287 1.0448 1.0256 1.004 1.0367 1.0065 1.0434 1.042 1.043 1.0027 1.0079 1.0485 1.0293 1.0037 1.0234 1.036 1.0339 1.0042 1.027 1.0191 1.0306 1.0232 1.0045 
1.0207 1.0448 1.0483 1.0136 1.034 1.0088 1.0205 1.0329 1.0137 1.016 1.0396 1.0148 1.0313 1.0004 1.0432 1.0322 1.0069 1.0075 1.0493 1.006 1.014 1.0224 1.0158 1.0102 1.0026 
1.0452 1.0335 1.0291 1.0321 1.0422 1.0289 1.0383 1.0017 1.0002 1.0332 1.0198 1.046 1.0194 1.039 1.0173 1.0204 1.0206 1.0113 1.019 1.0089 1.0276 1.0304 1.0361 1.0263 1.0491 
1.0486 1.0384 1.0493 1.0487 1.0048 1.0463 1.0413 1.0385 1.047 1.0377 1.0382 1.0411 1.0147 1.0009 1.0212 1.0279 1.044 1.0272 1.0255 1.0228 1.0266 1.0405 1.0126 1.0469 1.0427 
1.043 1.0417 1.0121 1.009 1.0483 1.0129 1.0023 1.0346 1.0225 1.0111 1.0231 1.0257 1.0424 1.0267 1.01 1.0489 1.0356 1.0458 1.0055 1.0195 1.0057 1.027 1.0351 1.0014 1.0425 
1.0406 1.0099 1.041 1.015 1.0418 1.0361 1.0365 1.0171 1.0344 1.0429 1.0319 1.0295 1.0374 1.0005 1.0381 1.008 1.0062 1.0282 1.0421 1.0163 1.0376 1.0155 1.0172 1.0277 1.049 
1.0312 1.0137 1.0071 1.0326 1.0122 1 1.0249 1.0331 1.0321 1.0321 1.0171 1.0445 1.0054 1.0228 1.0242 1.031 1.0034 1.0172 1.001 1.0485 1.0143 1.0171 1.0172 1.027 1.0221 
1.0102 1.0297 1.0338 1.0176 1.0341 1.0479 1.0185 1.0164 1.0029 1.0236 1.0017 1.0096 1.0076 1.0129 1.0033 1.0235 1.0317 1.0445 1.0041 1.0392 1.0016 1.0494 1.0452 1.049 1.0384 
1.0015 1.0487 1.0008 1.0031 1.0279 1.016 1.0308 1.0174 1.0356 1.0067 1.0385 1.0479 1.0327 1.0339 1.0001 1.0119 1.0108 1.0261 1.0377 1.0159 1.0241 1.0016 1.0058 1.01 1.0284 
1.0161 1.0248 1.0037 1.0304 1.0297 1.0331 1.0378 1.0339 1.0258 1.0199 1.0479 1.0437 1.0047 1.0484 1.0135 1.0472 1.0286 1.034 1.0377 1.0477 1.0017 1.0469 1.0202 1.0186 1.0357 
1.0134 1.0205 1.048 1.0445 1.0488 1.0227 1.0407 1.0298 1.0092 1.0263 1.0071 1.0105 1.0275 1.0357 1.0149 1.0218 1.0454 1.0337 1.0207 1.0175 1.0243 1.0367 1.0488 1.0228 1.0428 
1.0028 1.0072 1.0138 1.0391 1.0463 1.0074 1.0345 1.0097 1.0333 1.0303 1.0143 1.0211 1.0142 1.0478 1.0226 1.0497 1.0473 1.0488 1.0296 1.0253 1.0486 1.0022 1.0025 1.0072 1.013 
1.0173 1.0217 1.0423 1.0375 1.0317 1.024 1.0369 1.0196 1.0049 1.0354 1.0306 1.0475 1.0322 1.0346 1.0403 1.024 1.0457 1.013 1.0357 1.0409 1.0266 1.0296 1.01 1.0417 1.0235 
1.0183 1.0181 1.0245 1.0442 1.0261 1.0417 1.0386 1.021 1.004 1.0183 1.0014 1.0351 1.0446 1.0019 1.0113 1.0367 1.0478 1.0472 1.0391 1.008 1.0255 1.0449 1.0287 1.0411 1.0123 
1.024 1.0444 1.0179 1.0172 1.0135 1.0077 1.0283 1.0346 1.0155 1.0234 1.0032 1.0441 1.0489 1.01 1.0415 1.0172 1.0058 1.0262 1.0085 1.0247 1.0226 1.0014 1.0279 1.048 1.036 
1.0258 1.0444 1.0084 1.0497 1.014 1.0193 1.0229 1.0191 1.0014 1.0336 1.0295 1.0172 1.0174 1.0129 1.0183 1.0255 1.0405 1.0057 1.0234 1.0084 1.031 1.0479 1.0106 1.0338 1.0213 
1.0155 1.0389 1.001 1.0141 1.0257 1.0031 1.0122 1.0471 1.0115 1.0086 1.0181 1.0167 1.0086 1.002 1.0221 1.0276 1.0158 1.0184 1.0377 1.02 1.0024 1.0132 1.0009 1.0133 1.042 
1.0046 1.0098 1.0018 1.0315 1.0225 1.0026 1.0084 1.0374 1.0435 1.0455 1.02 1.0368 1.0492 1.0198 1.0313 1.0468 1.0092 1.016 1.0242 1.0435 1.0496 1.0024 1.0274 1.0081 1.0403 
1.0216 1.0346 1.0049 1.0216 1.0161 1.0343 1.0202 1.0368 1.0259 1.0197 1.0126 1.0109 1.0074 1.0443 1.0426 1.045 1.0173 1.0136 1.0132 1.0157 1.0136 1.0189 1.0021 1.0014 1.0229 
1.0239 1.0035 1.005 1.0043 1.0136 1.0072 1.0329 1.0287 1.0113 1.0467 1.0191 1.0439 1.0383 1.039 1.0497 1.0395 1.0359 1.0141 1.0498 1.0381 1.0014 1.017 1.0084 1.0448 1.02 
1.0398 1.0209 1.0273 1.0087 1.0427 1.0005 1.025 1.0272 1.0047 1.0306 1.0438 1.011 1.0079 1.038 1.0256 1.0398 1.0407 1.0242 1.0215 1.0185 1.0309 1.0011 1.0399 1.0215 1.038 
1.0365 1.0333 1.0069 1.0107 1.0064 1.0361 1.0042 1.0234 1.0296 1.0123 1.0383 1.0252 1.01 1.0378 1.0419 1.0314 1.001 1.0049 1.0331 1.0423 1.0291 1.0082 1.0171 1.0216 1.0212 
1.0381 1.0301 1.0494 1.0333 1.0261 1.0251 1.0082 1.0305 1.0261 1.0071 1.0108 1.0358 1.0054 1.0384 1.0303 1.0227 1.0419 1.0072 1.0468 1.0343 1.0441 1.0033 1.0045 1.0412 1.0432 
1.0021 1.0064 1.0335 1.0397 1.0373 1.0036 1.0142 1.0046 1.017 1.0354 1.0163 1.0074 1.0417 1.0048 1.0379 1.0214 1.0069 1.049 1.0319 1.004 1.0116 1.049 1.0273 1.0342 1.0004 
1.0186 1.0322 1.0295 1.0433 1.0131 1.0347 1.0395 1.0054 1.0369 1.0102 1.0361 1.0411 1.026 1.023 1.0496 1.0318 1.0437 1.0246 1.0459 1.0438 1.0369 1.0306 1.0186 1.0463 1.0173 
1.027 1.0164 1.02 1.0434 1.0098 1.0322 1.0181 1.0159 1.0474 1.0128 1.0481 1.0293 1.0419 1.0158 1.0159 1.0347 1.0259 1.0198 1.0467 1.0078 1.0142 1.0468 1.0423 1.0234 1.0137 
1.0206 1.0238 1.0394 1.0234 1.0426 1.0041 1.0252 1.0419 1.01 1.0301 1.0372 1.0063 1.0436 1.0424 1.0047 1.0242 1.0228 1.0235 1.0007 1.0125 1.0158 1.0147 1.0181 1.0215 1.0036 
1.0455 1.0434 1.0434 1.0219 1.025 1.0306 1.024 1.0101 1.0013 1.0458 1.0239 1.0326 1.0211 1.0232 1.0483 1.009 1.0282 1.0492 1.0455 1.0049 1.0441 1.0149 1.0419 1.0251 1.0224 
1.004 1.0352 1.0081 1.0256 1.016 1.026 1.0299 1.026 1.0331 1.0356 1.0416 1.0182 1.0192 1.02 1.0367 1.0462 1.0226 1.013 1.0299 1.0232 1.022 1.0221 1.0241 1.0085 1.0041 
1.0222 1.0436 1.0327 1.0441 1.0304 1.0381 1.0052 1.0149 1.0257 1.0028 1.0304 1.0248 1.0197 1.0243 1.0306 1.0494 1.009 1.0174 1.0261 1.0037 1.0008 1.0451 1.0487 1.035 1.007 
1.0435 1.0485 1.0037 1.0241 1.026 1.0348 1.0292 1.0045 1.0088 1.0264 1.0237 1.0045 1.017 1.0219 1.0417 1.035 1.0084 1.0464 1.0316 1.0367 1.0457 1.0448 1.0475 1.028 1.0399 
1.0341 1.0125 1.0432 1.0243 1.0258 1.0273 1.0187 1.0312 1.047 1.007 1.0196 1.0117 1.018 1.0272 1.0227 1.0447 1.0318 1.0058 1.0066 1.0003 1.0032 1.0381 1.0341 1.0047 1.0332 
1.0108 1.0196 1.0395 1.0084 1.0313 1.0424 1.0102 1.0436 1.0183 1.032 1.039 1.0452 1.0463 1.0038 1.0184 1.0075 1.042 1.0476 1.0451 1.0229 1.0302 1.0036 1.0472 1.0178 1.007 
1.0372 1.0362 1.0037 1.0172 1.0366 1.0167 1.032 1.0045 1.0151 1.031 1.0076 1.0304 1.0256 1.0351 1.014 1.0043 1.0065 1.0408 1.0213 1.0377 1.0106 1.0061 1.004 1.0326 1.0396 
1.0198 1.0343 1.0189 1.0133 1.0499 1.0384 1.0041 1.001 1.0028 1.0476 1.0375 1.0291 1.0138 1.046 1.0419 1.028 1.0091 1.0293 1.0073 1.0435 1.0089 1.0205 1.0446 1.037 1.0413 
1.042 1.0067 1.0071 1.0093 1.042 1.0169 1.0201 1.0126 1.0141 1.007 1.0177 1.0152 1.0328 1.0451 1.0304 1.0418 1.0134 1.017 1.0074 1.0178 1.0171 1.0429 1.014 1.0152 1.0107 
1.0232 1.0282 1.005 1.0201 1.0308 1.0216 1.0317 1.0227 1.0268 1.0006 1.049 1.0233 1.0201 1.0293 1.0103 1.0249 1.0068 1.0416 1.0467 1.0325 1.0347 1.0159 1.0242 1.0263 1.0456 
1.0438 1.0146 1.0494 1.0416 1.0134 1.0279 1.009 1.0184 1.0312 1.0377 1.0118 1.0148 1.0162 1.04 1.0252 1.0081 1.0445 1.0067 1.0309 1.0117 1.0079 1.0061 1.0221 1.0332 1.0366 
1.0232 1.0009 1.0025 1.0058 1.0314 1.035 1.0426 1.0464 1.0386 1.0321 1.0164 1.021 1.0355 1.0354 1.0322 1.0469 1.0431 1.0266 1.0199 1.0348 1.0274 1.012 1.029 1.0087 1.0196 
1.0333 1.0486 1.0244 1.03 1.0422 1.0034 1.04 1.0379 1.013 1.0082 1.0261 1.0277 1.0157 1.0295 1.0463 1.0226 1.0164 1.0292 1.0325 1.0059 1.021 1.0365 1.0125 1.0054 1.0107 
1.026 1.0154 1.0347 1.0191 1.0274 1.0321 1.0125 1.0144 1.0015 1.0354 1.0185 1.0416 1.0405 1.0121 1.0128 1.0097 1.0094 1.0305 1.0143 1.041 1.0304 1.0139 1.0406 1.0387 1.0096 
1.0318 1.0441 1.0243 1.0486 1.0313 1.0039 1.0457 1.0076 1.0309 1.02 1.006 1.0133 1.0201 1.039 1.0436 1.0357 1.0451 1.0178 1.0038 1.013 1.0294 1.0111 1.0402 1.0472 1.0341 
1.0451 1.0306 1.0216 1.0428 1.0186 1.0009 1.0281 1.0269 1.038 1.0041 1.0453 1.026 1.0126 1.0254 1.0299 1.0084 1.0403 1.0329 1.0296 1.0474 1.0171 1.0251 1.0499 1.0191 1.0308 
1.0326 1.022 1.0341 1.0177 1.0388 1.0073 1.0297 1.0379 1.0117 1.032 1.0123 1.0238 1.0136 1.0191 1.0106 1.032 1.0124 1.0021 1.0158 1.004 1.0285 1.022 1.0331 1.0433 1.01 
1.0179 1.0317 1.0168 1.0255 1.0106 1.0004 1.0204 1.0122 1.0212 1.0152 1.0156 1.0325 1.0356 1.0377 1.0398 1.0243 1.0159 1.0015 1.0218 1.049 1.0309 1.0034 1.0305 1.032 1.0202 
1.0056 1.0183 1.0225 1.0003 1.0411 1.0063 1.0178 1.0453 1.0332 1.0493 1.0266 1.0017 1.0368 1.0092 1.0435 1.0397 1.0043 1.0329 1.0295 1.0494 1.0402 1.0116 1.0195 1.007 1.0289 
1.0498 1.0184 1.026 1.0068 1.0479 1.0424 1.0337 1.0233 1.0444 1.0103 1.0489 1.0031 1.0163 1.0407 1.0351 1.0286 1.0242 1.042 1.0445 1.0107 1.0266 1.0081 1.0324 1.022 1.0425 
1.0271 1.0227 1.0431 1.0169 1.0115 1.0413 1.0324 1.013 1.0449 1.0379 1.0037 1.0318 1.0201 1.0486 1.0397 1.0196 1.0335 1.0426 1.0175 1.0439 1.0099 1.0128 1.0404 1.0227 1.0243 
1.0242 1.0051 1.0348 1.0343 1.0101 1.0357 1.0422 1.0345 1.0274 1.0141 1.0329 1.0217 1.0071 1.0392 1.0419 1.0335 1.0303 1.0312 1.0094 1.0456 1 1.0417 1.0222 1.0421 1.0165 
1.0372 1.0194 1.0301 1.0297 1.0076 1.0209 1.0145 1.0399 1.0346 1.0064 1.0475 1.0323 1.0286 1.0178 1.0192 1.0191 1.0446 1.0165 1.0186 1.0453 1.0497 1.0347 1.0312 1.0148 1.0345 
1.0483 1.0422 1.0256 1.0356 1.0289 1.0016 1.0271 1.0265 1.0063 1.0067 1.0126 1.0117 1.0162 1.0356 1.0121 1.0484 1.0237 1.0499 1.0414 1.0301 1.0372 1.0414 1.0443 1.0381 1.0111 
1.0405 1.0454 1.0304 1.0383 1.0205 1.0133 1.0096 1.0421 1.0414 1.0422 1.0438 1.0383 1.0362 1.0376 1.047 1.048 1.0451 1.0174 1.0271 1.028 1.0294 1.0179 1.0463 1.0254 1.0444 
1.0019 1.0092 1.006 1.0193 1.0438 1.0251 1.0436 1.0336 1.0299 1.0136 1.0444 1.019 1.0386 1.0374 1.0249 1.0139 1.0385 1.0352 1.0167 1.0085 1.0091 1.022 1.028 1.021 1.0062 
1.0479 1.0201 1.016 1.0022 1.0329 1.0069 1.0038 1.0306 1.0274 1.0281 1.0066 1.0187 1.041 1.0205 1.0101 1.0199 1.0013 1.0393 1.0295 1.0444 1.003 1.0369 1.0112 1.0129 1.0409 
1.0092 1.0166 1.0364 1.029 1.0095 1.0407 1.0129 1.0108 1.0283 1.0345 1.0042 1.0009 1.0037 1.0281 1.0271 1.0428 1.0293 1.0457 1.0111 1.0289 1.0116 1.0097 1.0159 1.0152 1.0077 
1.024 1.0251 1.046 1.0483 1.0318 1.0127 1.0421 1.022 1.0473 1.0088 1.0232 1.0121 1.0272 1.0007 1.0186 1.0364 1.0059 1.0466 1.0136 1.0274 1.0408 1.036 1.0293 1.0067 1.0178 
1.0037 1.0364 1.0166 1.0492 1.0207 1.0428 1.0062 1.0024 1.0354 1.0105 1.0425 1.0245 1.0339 1.0324 1.0398 1.0225 1.0027 1.0446 1.019 1.0339 1.0354 1.017 1.0198 1.0164 1.0466 
1.0457 1.0032 1.0161 1.0084 1.0037 1.0291 1.0356 1.0166 1.0388 1.0488 1.0386 1.0358 1.0377 1.0091 1.0072 1.0246 1.0252 1.0097 1.0385 1.0052 1.0251 1.0154 1.0496 1.0084 1.0341 
1.0198 1.0114 1.0348 1.0478 1.0288 1.0341 1.0051 1.0264 1.0395 1.0478 1.0009 1.0488 1.0101 1.0044 1.0142 1.0228 1.0009 1.0419 1.0456 1.0267 1.0123 1.0392 1.0059 1.0197 1.0497 
1.0161 1.0311 1.0029 1.0232 1.0012 1.0108 1.0404 1.0373 1.0335 1.0193 1.0425 1.0354 1.0462 1.0209 1.0393 1.0012 1.034 1.0387 1.0475 1.0081 1.0111 1.0212 1.0492 1.0256 1.0198 
1.0067 1.0491 1.0372 1.0112 1.0296 1.0317 1.0459 1.0307 1.0415 1.0147 1.0325 1.0086 1.0282 1.0436 1.0043 1.0479 1.0118 1.0284 1.0028 1.0447 1.0031 1.0261 1.0361 1.0463 1.0068 
1.0413 1.0031 1.0311 1.0033 1.0136 1.0323 1.0337 1.0312 1.0404 1.0229 1.0016 1.0137 1.0299 1.0378 1.0253 1.0225 1.002 1.0107 1.015 1.0235 1.0279 1.0333 1.0025 1.0375 1.0493 
1.0462 1.0372 1.025 1.0291 1.0291 1.0262 1.0421 1.0451 1.0004 1.0288 1.0204 1.0161 1.0401 1.0182 1.0342 1.0059 1.0266 1.0471 1.0403 1.0107 1.025 1.0472 1.0089 1.026 1.0471 
1.0291 1.0003 1.0323 1.0233 1.0459 1.0239 1.0147 1.022 1.0164 1.0005 1.0255 1.0214 1.0195 1.004 1.0163 1.0462 1.0272 1.0162 1.0111 1.005 1.0085 1.0059 1.0131 1.0343 1.0431 
1.0054 1.0017 1.0439 1.0368 1.0378 1.0139 1.0221 1.0415 1.0189 1.0036 1.0104 1.0499 1.0242 1.0307 1.0118 1.0372 1.0345 1.047 1.0143 1.0184 1.0077 1.0288 1.0122 1.0109 1.0018 
1.0108 1.0126 1.0368 1.0123 1.026 1.0196 1.0306 1.0225 1.0386 1.0069 1.0152 1.0024 1.0394 1.0182 1.0312 1.0414 1.016 1.0067 1.0066 1.021 1.0459 1.0152 1.0164 1.0226 1.0063 
1.0152 1.0426 1.044 1.0023 1.0345 1.0305 1.0293 1.0286 1.0317 1.0122 1.0023 1.0282 1.035 1.0289 1.0157 1.0113 1.0436 1.0202 1.0448 1.0152 1.0356 1.0395 1.0097 1.0289 1.0144 
1.0156 1.0488 1.0485 1.0034 1.006 1.0207 1.017 1.0419 1.0049 1.0364 1.0462 1.0277 1.0178 1.011 1.0392 1.0179 1.0406 1.0235 1.0194 1.0471 1.0227 1.0265 1.0375 1.0364 1.0468 
1.0362 1.0237 1.0465 1.0196 1.0102 1.0255 1.0157 1.0161 1.0451 1.0497 1.0461 1.0468 1.0061 1.0044 1.0451 1.0489 1.0269 1.0392 1.048 1.0204 1.0074 1.0415 1.0332 1.0285 1.0258 
1.0151 1.0248 1.0322 1.0142 1.0195 1.0045 1.0067 1.0233 1.0402 1.0175 1.0099 1.0203 1.0004 1.0025 1.0316 1.0493 1.0498 1.0307 1.0415 1.0127 1.0212 1.0087 1.0381 1.0172 1.0029 
1.0264 1.0213 1.0357 1.0457 1.0496 1.0059 1.0117 1.0005 1.0282 1.016 1.0448 1.0373 1.0467 1.0155 1.0322 1.0326 1.014 1.0144 1.0042 1.0262 1.0499 1.0486 1.0498 1.0188 1.0433 
1.0014 1.0493 1.0246 1.0037 1.0366 1.0345 1.0285 1.0087 1.0383 1.0074 1.0132 1.0455 1.0032 1.0359 1.0073 1.0155 1.0182 1.009 1.0253 1.0254 1.0392 1.0145 1.0117 1.0227 1.0418 
1.0403 1.0065 1.0433 1.0148 1.0447 1.0195 1.0148 1.0301 1.0049 1.0299 1.0036 1.032 1.0047 1.0465 1.0192 1.0284 1.0214 1.04 1.0362 1.0475 1.0057 1.0026 1.0401 1.0448 1.0044 
1.0028 1.0095 1.0137 1.0009 1.008 1.0216 1.0202 1.0247 1.0223 1.0242 1.0404 1.0004 1.0308 1.0206 1.036 1.0393 1.0298 1.0224 1.0391 1.0099 1.0337 1.0235 1.0102 1.044 1.0459 
1.0163 1.0434 1.0074 1.0304 1.0302 1.037 1.0231 1.0165 1.024 1.0256 1.0478 1.0177 1.0406 1.0324 1.0442 1.0166 1.0442 1.0202 1.0196 1.0278 1.0385 1.0199 1.0497 1.0019 1.0001 
1.0427 1.0344 1.0095 1.0088 1.0378 1.0289 1.0127 1.0407 1.0419 1.0263 1.0472 1.0056 1.0284 1.0443 1.0444 1.031 1.0383 1.0409 1.0303 1.0047 1.0304 1.0459 1.0061 1.0113 1.0156 
1.0004 1.0249 1.0336 1.0409 1.001 1.0014 1.0171 1.0048 1.0383 1.0329 1.0375 1.0271 1.0472 1.0264 1.0011 1.0447 1.0036 1.0253 1.0342 1.0305 1.0379 1.0422 1.0258 1.0123 1.0414 
1.0311 1.0298 1.0209 1.0446 1.0157 1.0471 1.0416 1.0467 1.0097 1.0498 1.0204 1.0184 1.0112 1.0334 1.0109 1.0339 1.0358 1.0096 1.0331 1.0306 1.0004 1.0454 1.0038 1.0292 1.0103 
1.0287 1.0242 1.0148 1.027 1.033 1.0047 1.0128 1.0183 1.0339 1.0265 1.0461 1.0048 1.026 1.0336 1.015 1.0323 1.0457 1.045 1.0446 1.0256 1.019 1.0203 1.0129 1.0395 1.0307 
1.0188 1.0319 1.0065 1.0279 1.0179 1.0223 1.0139 1.0237 1.0219 1.0266 1.04 1.018 1.0269 1.048 1.0362 1.003 1.0314 1.0197 1.0305 1.036 1.0074 1.0372 1.0391 1.0316 1.0332 
1.0132 1.0131 1.0039 1.0158 1.0425 1.0346 1.0208 1.0095 1.0374 1.0207 1.0132 1.0364 1.0314 1.0404 1.0019 1.0016 1.0352 1.0073 1.0487 1.0367 1.0421 1.0489 1.0216 1.0285 1.0225 
1.0109 1.0179 1.0222 1.0478 1.0423 1.0091 1.0153 1.0452 1.0303 1.0477 1.0306 1.0422 1.0282 1.0251 1.0228 1.0011 1 1.0024 1.0319 1.0305 1.0102 1.0373 1.0265 1.0202 1.0324 
1.0299 1.0159 1.0124 1.0094 1.0419 1.0262 1.0055 1.0422 1.003 1.0378 1.0336 1.0473 1.005 1.0143 1.0288 1.0314 1.02 1.0482 1.0109 1 1.0336 1.0043 1.0448 1.0062 1.0494 
1.0277 1.0424 1.0169 1.0059 1.0217 1.0289 1.0269 1.0495 1.0231 1.0125 1.0407 1.0148 1.0145 1.0071 1.0283 1.0251 1.0141 1.0373 1.0056 1.0141 1.0344 1.0396 1.032 1.0041 1.0224 
1.0229 1.0426 1.0043 1.042 1.0002 1.0052 1.022 1.0206 1.0225 1.0398 1.0249 1.021 1.0421 1.0068 1.0253 1.0371 1.0143 1.0352 1.0127 1.0025 1.0298 1.0008 1.0319 1.0114 1.0238 
1.0349 1.0296 1.0154 1.0209 1.0484 1.009 1.0106 1.0051 1.0411 1.0205 1.0358 1.0404 1.0247 1.0441 1.0309 1.0291 1.008 1.0099 1.0002 1.0117 1.0194 1.0152 1.0141 1.0226 1.0011 
1.0261 1.0311 1.0168 1.0494 1.0239 1.037 1.0138 1.0418 1.0395 1.0391 1.003 1.0318 1.0077 1.0405 1.0366 1.0307 1.01 1.0442 1.0288 1.0394 1.0229 1.0296 1.0152 1.04 1.0481 
1.0438 1.0002 1.0394 1.0068 1.0335 1.018 1.013 1.0436 1.0032 1.0288 1.0412 1.0149 1.0217 1.0038 1.0333 1.0034 1.0459 1.0304 1.011 1.0292 1.0437 1.0491 1.0055 1.0226 1.0144 
1.0198 1.0357 1.0024 1.0109 1.0473 1.0468 1.0216 1.0213 1.0107 1.0497 1.0209 1.0487 1.033 1.0185 1.0258 1.0065 1.0371 1.0014 1.0255 1.0234 1.0425 1.0286 1.049 1.0384 1.0187 
1.0461 1.0129 1.0486 1.0034 1.0326 1.0025 1.0056 1.0319 1.0008 1.0026 1.0429 1.0333 1.0095 1.007 1.0449 1.0141 1.0142 1.0384 1.0363 1.0299 1.0274 1.0277 1.0217 1.0036 1.0365 
1.0092 1.0239 1.0312 1.0164 1.0325 1.004 1.017 1.0281 1.0311 1.0035 1.009 1.022 1.0159 1.0122 1.0207 1.0068 1.0376 1.044 1.0408 1.0014 1.0064 1.0312 1.0184 1.0013 1.0231 
1.0004 1.0192 1.0499 1.0263 1.0375 1.0348 1.0036 1.0295 1.0246 1.0003 1.0051 1.0481 1.0461 1.0386 1.0029 1.0393 1.0145 1.0315 1.0498 1.0003 1.0173 1.0093 1.03 1.0204 1.0062 
1.0364 1.0391 1.0131 1.0395 1.0455 1.0338 1.0223 1.0417 1.0412 1.0048 1.0431 1.001 1.0438 1.0447 1.0334 1.0081 1.0289 1.0191 1.0148 1.0261 1.0446 1.0202 1.0497 1.0309 1.0355 
1.0383 1.038 1.0126 1.0385 1.0477 1.0047 1.0451 1.0154 1.0281 1.0453 1.0106 1.0082 1.0158 1.0164 1.0348 1.0149 1.0107 1.048 1.0251 1.0419 1.033 1.0008 1.0033 1.029 1.0257 
1.0236 1.0445 1.0495 1.0382 1.0146 1.002 1.0143 1.0491 1.01 1.0322 1.0061 1.0253 1.0238 1.0266 1.0261 1.0008 1.0396 1.0277 1.037 1.0324 1.0459 1.0043 1.0083 1.0026 1.0328 
1.0114 1.0239 1.0426 1.0449 1.0097 1.0079 1.0116 1.0331 1.01 1.0193 1.046 1.0356 1.0281 1.041 1.0366 1.0418 1.0146 1.0074 1.0026 1.0439 1.0172 1.0419 1.0217 1.0074 1.0324 
1.0227 1.0232 1.0342 1.0255 1.0187 1.008 1.0302 1.0431 1.0289 1.0322 1.0389 1.0304 1.0056 1.0064 1.0043 1.0472 1.0499 1.0105 1.0315 1.0327 1.0138 1.0285 1.0038 1.0145 1.0487 
1.0272 1.0452 1.0265 1.0388 1.0318 1.0017 1.0014 1.0236 1.0359 1.0383 1.0204 1.0457 1.0474 1.025 1.0422 1.0334 1.0383 1.0392 1.0421 1.0376 1.0289 1.0355 1.0155 1.0353 1.0028 
1.0239 1.0129 1.0299 1.0147 1.038 1.0482 1.0034 1.0009 1.0103 1.0217 1.0489 1.0386 1.0236 1.0004 1.0122 1.0188 1.048 1.0114 1.018 1.0339 1.0432 1.0194 1.0045 1.0284 1.0318 
1.0185 1.022 1.048 1.0306 1.0366 1.0264 1.0289 1.0212 1.0396 1.0462 1.0049 1.0116 1.0172 1.0055 1.0107 1.009 1.04 1.003 1.0114 1.0459 1.0338 1.0017 1.0051 1.0135 1.0445 
1.0365 1.0235 1.036 1.044 1.0467 1.0281 1.0199 1.0372 1.0292 1.0449 1.0314 1.0173 1.022 1.0224 1.0382 1.0376 1.0147 1.0014 1.0062 1.012 1.0335 1.0406 1.0439 1.0153 1.0074 
1.02 1.013 1.0376 1.0192 1.0057 1.0411 1.016 1.0347 1.0418 1.0226 1.0472 1.0087 1.0406 1.0059 1.0422 1.0051 1.0202 1.0046 1.0032 1.0276 1.025 1.0265 1.0481 1.0201 1.003 
1.0286 1.0082 1.003 1.0396 1.0244 1.0357 1.0014 1.0231 1.0373 1.0134 1.0291 1.0393 1.0471 1.0228 1.0451 1.0305 1.0475 1.0258 1.0266 1.0004 1.0327 1.0119 1.0285 1.0177 1.0154 
1.0251 1.0469 1.029 1.0406 1.0431 1.0228 1.0209 1.0073 1.0166 1.0471 1.0275 1.0464 1.0092 1.0229 1.0492 1.0296 1.0247 1.0171 1.0291 1.0313 1.0317 1.0293 1.0007 1.0193 1.035 
1.0271 1.0462 1.0225 1.0142 1.0467 1.0237 1.0434 1.0257 1.017 1.0116 1.0251 1.0413 1.0322 1.0128 1.0385 1.0367 1.0095 1.039 1.0391 1.021 1.0124 1.0194 1.0223 1.0437 1.0292 
1.0259 1.03 1.0367 1.0012 1.0296 1.0221 1.0419 1.0011 1.0016 1.0078 1.0213 1.0433 1.0175 1.047 1.0367 1.0428 1.0045 1.0045 1.0084 1.0401 1.029 1.0439 1.0071 1.0281 1.0062 
1.0113 1.0067 1.0127 1.0209 1.0426 1.0078 1.0485 1.0422 1.0324 1.0054 1.0273 1.0141 1.0152 1.0491 1.0034 1.0375 1.0311 1.0054 1.0238 1.0245 1.049 1.0481 1.0163 1.0168 1.0365 
1.0408 1.0141 1.0127 1.0364 1.0476 1.0282 1.0226 1.0122 1.0218 1.0457 1.0373 1.0393 1.0131 1.0063 1.0412 1.0377 1.0057 1.0495 1.0169 1.0184 1.0244 1.0063 1.0398 1.041 1.0358 
1.0231 1.0061 1.0475 1.0387 1.0238 1.0193 1.0154 1.0013 1.0475 1.0232 1.0038 1.0171 1.049 1.0094 1.017 1.0225 1.009 1.0415 1.0328 1.0443 1.0405 1.0403 1.0087 1.0257 1.039 
1.0241 1.0343 1.0211 1.0195 1.0185 1.0465 1.0052 1.0284 1.0003 1.0351 1.0225 1.039 1.0069 1.0419 1.0067 1.0126 1.0392 1.0023 1.0132 1.024 1.0422 1.0413 1.015 1.0028 1.0026 
1.0384 1.0216 1.0336 1.0189 1.0378 1.0342 1.0428 1.0071 1.0259 1.0275 1.0433 1.0417 1.0395 1.007 1.0023 1.0074 1.0263 1.029 1.0494 1.0091 1.0234 1.0241 1.0307 1.0323 1.0129 
1.0187 1.0472 1.0315 1.0035 1.033 1.006 1.029 1.0195 1.0036 1.032 1.0033 1.0239 1.02 1.0099 1.0377 1.0122 1.021 1.019 1.0317 1.0183 1.0346 1.0371 1.0438 1.0304 1.0427 
1.0334 1.0063 1.0306 1.0141 1.0326 1.0206 1.035 1.0283 1.0035 1.0116 1.0356 1.0264 1.0469 1.0256 1.031 1.0344 1.046 1.0083 1.0024 1.0455 1.0223 1.023 1.0495 1.037 1.0017 
1.0153 1.0451 1.0053 1.0002 1.0259 1.028 1.0172 1.0104 1.0174 1.0138 1.0177 1.0442 1.0076 1.0357 1.0221 1.0185 1.0285 1.0493 1.003 1.0092 1.0399 1.0066 1.02 1.0268 1.0496 
1.019 1.0003 1.0305 1.0435 1.0229 1.0269 1.0339 1.0042 1.0346 1.0331 1.0153 1.0326 1.0485 1.0145 1.0366 1.0083 1.0336 1.0194 1.0476 1.0201 1.0378 1.0189 1.0317 1.0291 1.0428 
1.0134 1.0028 1.0087 1.0174 1.0016 1.0129 1.0239 1.0258 1.0439 1.0176 1.0491 1.0054 1.0269 1.0292 1.0339 1.0152 1.0092 1.0279 1.0121 1.0157 1.005 1.036 1.0066 1.0103 1.0343 
1.0235 1.0278 1.0248 1.0495 1.0468 1.0217 1.0211 1.0358 1.0127 1.0421 1.0133 1.036 1.0371 1.0092 1.031 1.04 1.0462 1.0254 1.0253 1.0354 1.0115 1.0284 1.0449 1.0216 1.0165 
1.0327 1.045 1.0246 1.0235 1.0139 1.0207 1.0478 1.0124 1.0161 1.0325 1.0263 1.0118 1.0119 1.022 1.0448 1.0301 1.0392 1.0089 1.0383 1.0193 1.038 1.0067 1.049 1.0236 1.0081 
1.0486 1.0362 1.0189 1.0089 1.0453 1.0122 1.0314 1.0013 1.0071 1.0483 1.0475 1.0203 1.0248 1.0185 1.0231 1.0137 1.0144 1.0308 1.0082 1.017 1.0205 1.0192 1.0219 1.0188 1.0205 
1.0126 1.0436 1.0006 1.0278 1.0049 1.0172 1.0486 1.0433 1.0247 1.0301 1.0083 1.014 1.0395 1.0059 1.0449 1.0336 1.0091 1.0275 1.0129 1.0194 1.0325 1.0239 1.0451 1.0261 1.0032 
1.0352 1.0085 1.0208 1.0312 1.0073 1.0426 1.0056 1.0213 1.0348 1.015 1.0094 1.042 1.043 1.0147 1.0454 1.0123 1.0416 1.0101 1.039 1.0195 1.0219 1.0366 1.0116 1.0487 1.0471 
1.0174 1.0077 1.0226 1.032 1.0013 1.0109 1.0185 1.0097 1.0356 1.0143 1.0066 1.0078 1.0381 1.0204 1.0156 1.0315 1.0037 1.0194 1.0453 1.0194 1.0436 1.0125 1.0148 1.0369 1.0096 
1.0147 1.0346 1.0139 1.0389 1.0429 1.0047 1.0273 1.0333 1.0494 1.022 1.0403 1.0122 1.037 1.014 1.0321 1.0324 1.0253 1.0184 1.0207 1.0293 1.0192 1.0123 1.0172 1.0006 1.0128 
1.0194 1.0438 1.0152 1.0007 1.0175 1.0137 1.0258 1.0188 1.048 1.0187 1.0069 1.0274 1.0158 1.0295 1.045 1.0407 1.0375 1.0476 1.031 1.0481 1.0157 1.0239 1.0336 1.0078 1.0128 
1.0491 1.0062 1.0476 1.0061 1.0085 1.0137 1.0007 1.0232 1.0129 1.0023 1.007 1.0371 1.0104 1.0129 1.0119 1.0428 1.0022 1.0154 1.0367 1.0169 1.0061 1.0413 1.0381 1.0262 1.005 
1.0038 1.0022 1.0115 1.044 1.0088 1.0293 1.0367 1.0451 1.0017 1.0496 1.038 1.0399 1.0091 1.0043 1.0355 1.0289 1.0205 1.0039 1.0294 1.0097 1.0025 1.0149 1.0296 1.0328 1.0052 
1.0372 1.0245 1.0004 1.0119 1.0277 1.0154 1.0394 1.0157 1.0058 1.0248 1.0383 1.0053 1.0408 1.0372 1.0399 1.0181 1.0408 1.0034 1.0097 1.0338 1.0048 1.039 1.0199 1.0283 1.0355 
1.035 1.0244 1.034 1.0051 1.0154 1.0279 1.0404 1.017 1.04 1.0159 1.0115 1.0053 1.0399 1.0031 1.0483 1.0367 1.0138 1.0473 1.0281 1.0458 1.0353 1.017 1.0471 1.0317 1.0136 
1.034 1.0397 1.013 1.0367 1.0162 1.0036 1.0368 1.0336 1.0422 1.0016 1.0195 1.0311 1.0104 1.0437 1.0123 1.0074 1.0007 1.0153 1.0003 1.0009 1.0046 1.0493 1.0447 1.0258 1.0485 
1.0103 1.0151 1.0484 1.0124 1.0033 1.0077 1.0149 1.0159 1.0093 1.0265 1.0316 1.0274 1.0172 1.0452 1.0132 1.0343 1.0037 1.0055 1.0346 1.0294 1.0416 1.0008 1.0257 1.04 1.0102 
1.0285 1.0268 1.0047 1.009 1.024 1.02 1.0104 1.0156 1.0224 1.0214 1.0378 1.0141 1.0189 1.0391 1.0227 1.0032 1.0261 1.0274 1.0121 1.0292 1.0157 1.0274 1.0126 1.0197 1.0434 
1.0077 1.0359 1.0191 1.0121 1.0128 1.0365 1.0105 1.0357 1.0195 1.0361 1.0374 1.0176 1.0407 1.0154 1.0394 1.0243 1.0459 1.034 1.0067 1.0174 1.0332 1.0391 1.0433 1.0258 1.0013 
1.0077 1.0459 1.0485 1.0417 1.0068 1.0106 1.0163 1.0286 1.0335 1.0116 1.0403 1.0182 1.0303 1.0386 1.0274 1.0316 1.0145 1.0374 1.0361 1.0481 1.0366 1.008 1.0145 1.0407 1.0441 
1.0437 1.0462 1.0297 1.0141 1.0256 1.0461 1.0273 1.031 1.0165 1.0187 1.0035 1.0105 1.0415 1.0016 1.0262 1.0051 1.0167 1.0312 1.0304 1.0021 1.0213 1.0192 1.0389 1.031 1.0045 
1.0389 1.0068 1.0113 1.029 1.0198 1.0445 1.037 1.0345 1.0239 1.0194 1.0334 1.031 1.0208 1.0101 1.0245 1.0331 1.0194 1.0254 1.0276 1.0357 1.0256 1.0065 1.0091 1.0282 1.0258 
1.0462 1.0236 1.0399 1.033 1.0411 1.0061 1.0235 1.0299 1.0241 1.0174 1.0341 1.0235 1.0271 1.0107 1.0079 1.0135 1.0355 1.0276 1.0178 1.0136 1.021 1.0294 1.0036 1.0388 1.0055 
1.0101 1.0171 1.0015 1.0187 1.0294 1.0063 1.0327 1.0279 1.0036 1.0067 1.0242 1.0113 1.0321 1.0293 1.0079 1.0424 1.047 1.02 1.0186 1.0475 1.0155 1.0317 1.0464 1.0428 1.0375 
1.0256 1.0482 1.0353 1.0232 1.0324 1.04 1.0074 1.0401 1.0445 1.0293 1.0428 1.0061 1.0306 1.0093 1.0001 1.0416 1.0154 1.0347 1.0269 1.0343 1.019 1.0469 1.0161 1.0328 1.0307 
1.0085 1.0494 1.0274 1.0205 1.0325 1.0448 1.0482 1.0021 1.0044 1.0248 1.0251 1.0131 1.0042 1.0262 1.0244 1.0044 1.0154 1.0019 1.0047 1.0233 1.0343 1.0454 1.0048 1.0371 1.0129 
1.0313 1.0134 1.0362 1.0389 1.0079 1.0449 1.0219 1.049 1.0196 1.0249 1.0279 1.0425 1.034 1.0054 1.0492 1.026 1.0387 1.0141 1.0126 1.011 1.0461 1.0265 1.041 1.0458 1.0233 
1.0433 1.023 1.0313 1.0123 1.0477 1.0278 1.0405 1.0223 1.0227 1.0137 1.0243 1.0232 1.0209 1.0499 1.0135 1.0184 1.0156 1.0305 1.0262 1.0112 1.0223 1.0197 1.0093 1.0464 1.0211 
1.0332 1.008 1.0361 1.0045 1.0265 1.0201 1.031 1.0154 1.0144 1.0223 1.0308 1.0155 1.0211 1.0321 1.0476 1.041 1.0308 1.0347 1.0254 1.0391 1.0291 1.0278 1.0104 1.0326 1.0445 
1.0279 1.016 1.0491 1.0281 1.0374 1.0209 1.0228 1.0274 1.0412 1.0079 1.0303 1.0177 1.0211 1.0226 1.0207 1.0484 1.0204 1.0465 1.0173 1.0087 1.0394 1.0023 1.003 1.0326 1.0269 
1.0134 1.0152 1.0284 1.0281 1.0298 1.0384 1.0286 1.01 1.0464 1.0077 1.0163 1.0269 1.0055 1.0086 1.0366 1.0282 1.0011 1.0132 1.0453 1.0381 1.0229 1.0076 1.0417 1.041 1.017 
1.0264 1.0061 1.0204 1.0315 1.0156 1.0072 1.0061 1.0283 1.0287 1.0477 1.0067 1.0115 1.0477 1.0345 1.0333 1.0427 1.0495 1.0075 1.0041 1.0206 1.0365 1.0454 1.0047 1.0476 1.0336 
1.0285 1.0201 1.0034 1.0036 1.0307 1.0404 1.0082 1.0335 1.0442 1.0164 1.0003 1.0183 1.0156 1.042 1.0163 1.0268 1.0414 1.0196 1.0407 1.0242 1.0101 1.007 1.0039 1.0242 1.0062 
1.025 1.0334 1.0438 1.0078 1.0313 1.0184 1.0286 1.0337 1.0497 1.0362 1.0156 1.0482 1.0003 1.0286 1.0435 1.024 1.0248 1.0317 1.0496 1.028 1.006 1.012 1.0477 1.0219 1.0292 
1.0262 1.0106 1.0194 1.0047 1.037 1.0185 1.0442 1.0092 1.0383 1.0237 1.0205 1.037 1.0121 1.0066 1.039 1.0191 1.0134 1.0491 1.0395 1.0201 1.0414 1.0252 1.0121 1.0338 1.0147 
1.0038 1.0144 1.011 1.0428 1.0396 1.0061 1.0275 1.0235 1.0059 1.0424 1.0288 1.0185 1.0333 1.0118 1.0291 1.0264 1.0449 1.0231 1.022 1.0004 1.0366 1.0499 1.0005 1.0343 1.0122 
1.0461 1.0211 1.0022 1.0345 1.0489 1.034 1.0425 1.0474 1.0338 1.0219 1.0137 1.0185 1.0115 1.0201 1.0155 1.0306 1.0056 1.0462 1.0063 1.0101 1.0299 1.0475 1.0127 1.0251 1.0212 
1.0352 1.0061 1.0047 1.0032 1.0293 1.0152 1.0188 1.0257 1.0229 1.0482 1.0486 1.0058 1.0496 1.0053 1.0028 1.042 1.0178 1.0491 1.0413 1.0442 1.0458 1.0355 1.0117 1.0245 1.0487 
1.0206 1.0278 1.0475 1.03 1.0122 1.0146 1.0401 1.0435 1.0212 1.0384 1.0438 1.0441 1.0492 1.0318 1.0321 1.04 1.0089 1.0053 1.0358 1.018 1.0434 1.0215 1.0106 1.0298 1.0284 
1.002 1.0109 1.023 1.0096 1.0248 1.0343 1 1.02 1.0363 1.0445 1.0022 1.0406 1.0127 1.0244 1.012 1.0229 1.025 1.0404 1.0004 1.0298 1.0432 1.0319 1.0046 1.0224 1.0327 
1.0228 1.0066 1.0439 1.0003 1.0038 1.0073 1.023 1.0121 1.0228 1.0106 1.0453 1.0014 1.0167 1.0318 1.0486 1.0193 1.0089 1.0265 1.0138 1.0209 1.0352 1.0238 1.0467 1.0468 1.0234 
1.0029 1.0243 1.0205 1.0147 1.0245 1.0119 1.0235 1.0089 1.0425 1.0481 1.0225 1.029 1.021 1.0399 1.0205 1.0491 1.0164 1.0465 1.0488 1.0156 1.0239 1.0356 1.028 1.0332 1.045 
1.0144 1.0201 1.0258 1.0375 1.0171 1.0228 1.0008 1.047 1.0467 1.0373 1.0091 1.0019 1.0162 1.0107 1.0332 1.0093 1.0404 1.0165 1.0361 1.0364 1.0209 1.0167 1.0403 1.0425 1.0407 
1.0033 1.0214 1.0013 1.0258 1.0275 1.0105 1.0363 1.0358 1.0435 1.0428 1.0294 1.0473 1.013 1.0387 1.0306 1.0382 1.0125 1.0173 1.011 1.0325 1.0183 1.0001 1.0274 1.036 1.0399 
1.0448 1.0177 1.0201 1.008 1.0475 1.0402 1.0292 1.0234 1.0406 1.0102 1.0492 1.0239 1.0493 1.009 1.0345 1.023 1.0289 1.0475 1.0357 1.0184 1.0038 1.0421 1.0135 1.0281 1.0001 
1.0204 1.0467 1.0344 1.0113 1.0236 1.0432 1.0061 1.0406 1.0004 1.0302 1.0387 1.0103 1.0277 1.0404 1.0271 1.0259 1.0188 1.0441 1.0103 1.0282 1.0081 1.0477 1.0234 1.0126 1.015 
1.039 1.0499 1.0246 1.0495 1.0112 1.0309 1.0217 1.0207 1.007 1.0342 1.0066 1.0115 1.0477 1.001 1.0287 1.0381 1.0026 1.0405 1.0156 1.0496 1.0227 1.0043 1.0425 1.0398 1.0414 
1.0244 1.011 1.039 1.0362 1.0317 1.0258 1.0427 1.0298 1.0169 1.0034 1.0272 1.0431 1.0307 1.0091 1.0238 1.0464 1.014 1.0235 1.0075 1.0356 1.0428 1.0071 1.006 1.0039 1.0394 
1.0349 1.0369 1.0017 1.0475 1.0289 1.0344 1.0035 1.0409 1.0192 1.0095 1.0076 1.0172 1.0057 1.047 1.0191 1.0354 1.0274 1.0132 1.0217 1.0098 1.0282 1.0365 1.0102 1.027 1.0105 
1.0416 1.0127 1.0451 1.0399 1.0277 1.0362 1.0485 1.0442 1.0078 1.0033 1.0318 1.0393 1.0318 1.0084 1.0219 1.0021 1.0182 1.0198 1.045 1.0199 1.0319 1.023 1.039 1.0382 1.0252 
1.033 1.0256 1.0487 1.014 1.0288 1.0478 1.021 1.0002 1.0158 1.0313 1.0374 1.0485 1.0099 1.0254 1.0276 1.033 1.0468 1.0045 1.0444 1.0096 1.0425 1.0238 1.0364 1.0162 1.0081 
1.0393 1.0217 1.0034 1.0499 1.0288 1.0087 1.0406 1.0366 1.0185 1.0453 1.0063 1.0249 1.0377 1.0357 1.0298 1.0483 1.0231 1.0493 1.0046 1.001 1.0346 1.0429 1.0201 1.009 1.0419 
1.0107 1.0402 1.0077 1.0169 1.0373 1.0415 1.0277 1.0233 1.007 1.0124 1.0166 1.0432 1.0392 1.0239 1.0192 1.001 1.0232 1.0082 1.0262 1.0494 1.0202 1.0098 1.0172 1.0452 1.0214 
1.0345 1.0475 1.0117 1.0368 1.0098 1.0099 1.0461 1.048 1.0444 1.0146 1.0089 1.0173 1.042 1.0074 1.0227 1.0183 1.0043 1.0322 1.0347 1.0417 1.0424 1.0145 1.0183 1.0196 1.0361 
1.026 1.0491 1.041 1.0263 1.0303 1.0241 1.0391 1.0446 1.0225 1.0295 1.0062 1.0031 1.0199 1.025 1.005 1.011 1.0354 1.0249 1.0235 1.0455 1.03 1.0155 1.0138 1.0464 1.034 
1.0465 1.0255 1.0231 1.0029 1.0375 1.0486 1.0316 1.0025 1.0172 1.0224 1.0254 1.0418 1.0393 1.034 1.0362 1.0113 1.0014 1.0297 1.0303 1.0098 1.0355 1.0002 1.0004 1.0046 1.0042 
1.0075 1.0395 1.025 1.032 1.0217 1.0008 1.0017 1.0393 1.0345 1.007 1.0188 1.0319 1.0365 1.0275 1.0229 1.0018 1.02 1.0397 1.003 1.049 1.0036 1.0087 1.0343 1.0321 1.0168 
1.0086 1.0239 1.0136 1.0482 1.0482 1.0221 1.0231 1.0289 1.0217 1.0189 1.0319 1.036 1.0045 1.0267 1.0076 1.0207 1.0143 1.0434 1.0235 1.0294 1.0014 1.0398 1.0381 1.0439 1.0318 
1.019 1.0104 1.015 1.0335 1.0007 1.0398 1.0048 1.0385 1.0303 1.0476 1.0032 1.0045 1.0429 1.0025 1.0482 1.0227 1.0153 1.0235 1.0433 1.0361 1.0358 1.0437 1.0138 1.0452 1.0083 
1.0169 1.0159 1.0098 1.0407 1.0288 1.0084 1.0472 1.0188 1.0368 1.0017 1.0497 1.0049 1.0301 1.0423 1.0266 1.0242 1.0284 1.0388 1.0443 1.014 1.0271 1.0337 1.0298 1.0182 1.0213 
1.0002 1.0491 1.0412 1.0469 1.0209 1.0436 1.0418 1.0392 1.0046 1.0465 1.0287 1.0372 1.0359 1.0414 1.001 1.017 1.043 1.0216 1.0068 1.0264 1.0255 1.0202 1.044 1.0455 1.0444 
1.0145 1.0411 1.0422 1.035 1.017 1.0016 1.0384 1.029 1.015 1.0435 1.0107 1.0108 1.0258 1.0228 1.0462 1.0199 1.0309 1.0387 1.044 1.0265 1.007 1.0417 1.0153 1.0311 1.0318 
1.0482 1.0424 1.0156 1.0389 1.0088 1.0214 1.0062 1.0068 1.0186 1.0374 1.0062 1.0415 1.0398 1.0441 1.0486 1.0272 1.0056 1.0428 1.0032 1.0488 1.0305 1.0232 1.0288 1.0036 1.0479 
1.0477 1.038 1.0391 1.0441 1.0022 1.0044 1.0342 1.0093 1.0296 1.0441 1.0232 1.008 1.0272 1.0494 1.0075 1.0261 1.0162 1.0324 1.0402 1.0114 1.0064 1.0437 1.0272 1.0023 1.0416 
1.0256 1.0025 1.0445 1.0041 1.0183 1.0004 1.0418 1.0071 1.0331 1.0429 1.0046 1.0236 1.0207 1.0044 1.0057 1.0065 1.031 1.0357 1.031 1.0134 1.0186 1.0281 1.0052 1.0195 1.0033 
1.0133 1.0378 1.0492 1.0383 1.0014 1.0168 1.0426 1.01 1.0333 1.0143 1.029 1.018 1.0283 1.0414 1.0485 1.0283 1.0372 1.0467 1.0012 1.0274 1.0396 1.0456 1.0026 1.0239 1.0066 
1.0411 1.006 1.0284 1.0216 1.0362 1.0324 1.0127 1.0178 1.0411 1.0454 1.0065 1.0042 1.0479 1.049 1.0428 1.0476 1.0401 1.0366 1.0233 1.0395 1.0329 1.0087 1.0254 1.0436 1.0446 
1.0357 1.018 1.0086 1.0417 1.0181 1.0481 1.0185 1.0287 1.0101 1.0091 1.0391 1.008 1.0274 1.0396 1.0435 1.0473 1.0469 1.0113 1.042 1.0295 1.0014 1.0185 1.035 1.0257 1.0218 
1.0496 1.0075 1.0112 1.0226 1.0231 1.0205 1.0189 1.0072 1.0022 1.0214 1.0455 1.037 1.0135 1.018 1.0309 1.0334 1.034 1.0033 1.0482 1.014 1.0404 1.0138 1.0487 1.0082 1.0322 
1.0124 1.0309 1.0343 1.0358 1.0415 1.0416 1.0281 1.0048 1.0311 1.0367 1.005 1.0355 1.0327 1.0177 1.0445 1.0322 1.0168 1.0475 1.0146 1.0345 1.0042 1.0319 1.0322 1.0458 1.0088 
1.0464 1.0231 1.0489 1.0118 1.0187 1.036 1.0213 1.0346 1.0369 1.0164 1.048 1 1.039 1.0052 1.013 1.0235 1.0282 1.0454 1.0236 1.0283 1.009 1.0287 1.0034 1.0248 1.0001 
1.0129 1.0299 1.0166 1.0195 1.0189 1.0033 1.0179 1.0006 1.0191 1.0377 1.0039 1.0003 1.0128 1.0436 1.0298 1.0139 1.0103 1.0393 1.0031 1.039 1.0015 1.0213 1.0231 1.0397 1.0135 
1.0104 1.0187 1.0147 1.0471 1.0306 1.047 1.0373 1.0418 1.023 1.021 1.0286 1.0085 1.035 1.0182 1.0011 1.0107 1.0495 1.0396 1.0408 1.0269 1.0102 1.0301 1.0439 1.016 1.0255 
1.0197 1.017 1.0445 1.0393 1.0363 1.0175 1.0036 1.0463 1.0184 1.027 1.0356 1.0213 1.0067 1.0354 1.045 1.0449 1.0001 1.0176 1.0412 1.0119 1.0385 1.0469 1.044 1.0156 1.0287 
1.0306 1.0156 1.0019 1.0229 1.0208 1.028 1.0266 1.0127 1.0144 1.0411 1.023 1.0215 1.0397 1.0402 1.0359 1.0019 1.0381 1.0095 1.0491 1.0217 1.0294 1.0104 1.0081 1.0359 1.0452 
1.033 1.0215 1.0328 1.045 1.0289 1.0215 1.0371 1.014 1.0185 1.0352 1.0371 1.0472 1.0243 1.0436 1.0207 1.0073 1.02 1.0177 1.0283 1.0231 1.0457 1.0154 1.0302 1.0177 1.0363 
1.0072 1.0353 1.0427 1.0365 1.0257 1.0276 1.044 1.0328 1.0203 1.0268 1.0219 1.0199 1.0268 1.0408 1.0324 1.0311 1.0032 1.0464 1.0373 1.0004 1.0323 1.0159 1.0113 1.0161 1.0417 
1.0279 1.0465 1.0028 1.0056 1.0443 1.0054 1.0093 1.0317 1.032 1.0342 1.0429 1.0225 1.0272 1.0234 1.0382 1.0349 1.0371 1.0087 1.0317 1.0295 1.049 1.0272 1.0479 1.0115 1.0262 
1.048 1.0196 1.0295 1.0105 1.046 1.0433 1.0259 1.0132 1.0239 1.0351 1.0243 1.0216 1.0179 1.0009 1.0013 1.0444 1.0247 1.0059 1.0473 1.0235 1.0095 1.0491 1.0308 1.0326 1.0292 
1.0468 1.0053 1.0041 1.0137 1.0156 1.0122 1.0435 1.0177 1.0286 1.0298 1.0199 1.0081 1.0145 1.0009 1.0216 1.008 1.0304 1.0281 1.0195 1.0458 1.0358 1.0376 1.0271 1.0238 1.0499 
1.0338 1.0349 1.0127 1.018 1.02 1.0234 1.0384 1.0079 1.0341 1.0086 1.0307 1.0103 1.0196 1.0134 1.0199 1.0455 1.0022 1.0192 1.011 1.0216 1.0065 1.016 1.0369 1.0436 1.0242 
1.0087 1.0261 1.0376 1.0051 1.0292 1.0226 1.0062 1.0467 1.0203 1.0098 1.0496 1.0038 1.0177 1.034 1.0291 1.0272 1.0211 1.0174 1.0103 1.0481 1.0422 1.0439 1.0254 1.0038 1.0435 
1.0217 1.0055 1.0091 1.0273 1.0106 1.0442 1.0008 1.0127 1.0233 1.0129 1.0109 1.0214 1.0048 1.004 1.0017 1.0143 1.0048 1.0012 1.0333 1.0457 1.0416 1.0348 1.0268 1.0105 1.0365 
1.0197 1.0282 1.0153 1.041 1.0376 1.0159 1.0346 1.0079 1.0166 1.0373 1.0309 1.0179 1.0116 1.0045 1.0457 1.0254 1.0166 1.005 1.0463 1.0124 1.0292 1.0258 1.0154 1.0252 1.0091 
1.0185 1.032 1.0096 1.0401 1.0299 1.0289 1.0245 1.0217 1.0026 1.0358 1.0438 1.0421 1.0276 1.0172 1.0108 1.0004 1.0397 1.001 1.0292 1.0198 1.0324 1.0244 1.044 1.0066 1.0338 
1.0178 1.0262 1.0391 1.0204 1.0285 1.0491 1.0086 1.0427 1 1.0376 1.0011 1.0377 1.0381 1.0451 1.0482 1.0141 1.0481 1.0043 1.0396 1.0093 1.0029 1.0415 1.0086 1.0075 1.0063 
1.0072 1.0337 1.0166 1.0256 1.0142 1.0195 1.033 1.0179 1.0122 1.0281 1.0215 1.0182 1.0281 1.0409 1.0086 1.014 1.0211 1.0377 1.0092 1.0067 1.0316 1.0141 1.0447 1.0254 1.0295 
1.0182 1.0359 1.0365 1.0386 1.0451 1.0013 1.0407 1.0465 1.0053 1.0202 1.0129 1.0218 1.0177 1.0041 1.027 1.0483 1.0044 1.0461 1.0327 1.0142 1.0459 1.0314 1.0135 1.0106 1.0108 
1.0082 1.0129 1.0219 1.0061 1.0461 1.0321 1.0184 1.0066 1.0132 1.0156 1.0443 1.0396 1.0213 1.0128 1.0337 1.0005 1.0036 1.0063 1.0258 1.0429 1.0488 1.0471 1.0479 1.0175 1.0124 
1.003 1.0294 1.0196 1.0495 1.0099 1.0453 1.0451 1.0295 1.0185 1.0199 1.0439 1.0126 1.0042 1.002 1.0013 1.0286 1.005 1.0407 1.0241 1.0406 1.0293 1.0373 1.0261 1.0192 1.0055 
1.0359 1.0355 1.0042 1.0018 1.0396 1.034 1.0232 1.0169 1.0496 1.007 1.0174 1.0091 1.0032 1.0027 1.0221 1.0182 1.0139 1.019 1.0047 1.0029 1.0497 1.009 1.0201 1.0224 1.0406 
1.0329 1.0449 1.0222 1.0413 1.0067 1.0167 1.0003 1.0353 1.0186 1.0307 1.0327 1.0339 1.0044 1.0355 1.0023 1.0209 1.0318 1.0055 1.0351 1.0207 1.0168 1.0166 1.0399 1.0088 1.0023 
1.029 1.0038 1.02 1.031 1.0372 1.022 1.0303 1.0332 1.0429 1.0147 1.038 1.0036 1.0304 1.0372 1.0039 1.0106 1.0279 1.0299 1.0104 1.0002 1.0111 1.0364 1.0201 1.0207 1.0072 
1.0139 1.0497 1.0309 1.0209 1.0486 1.0366 1.0205 1.0318 1.0078 1.0296 1.0288 1.0339 1.0111 1.0432 1.0339 1.0058 1.0052 1.0087 1.0195 1.0455 1.0422 1.0259 1.0165 1.0419 1.0048 
1.0266 1.0035 1.0159 1.0136 1.0136 1.0291 1.0019 1.0127 1.024 1.0027 1.0047 1.0386 1.0029 1.0457 1.0052 1.0371 1.0343 1.0317 1.0382 1.0142 1.0395 1.007 1.028 1.0065 1.0199 
1.0438 1.0089 1.005 1.0283 1.0093 1.0346 1.0139 1.0327 1.0138 1.0276 1.0311 1.0022 1.0346 1.0187 1.0471 1.0194 1.0073 1.0115 1.0375 1.0405 1.0095 1.0078 1.009 1.0015 1.0097 
1.0434 1.0315 1.0265 1.0196 1.02 1.0102 1.0266 1.0337 1.0181 1.0214 1.0192 1.045 1.0108 1.0085 1.0137 1.0448 1.0441 1.0229 1.003 1.0477 1.026 1.0043 1.0436 1.034 1.0197 
1.0365 1.0253 1.0154 1.0407 1.0356 1.0341 1.0199 1.0166 1.0272 1.035 1.0182 1.0349 1.0491 1.0192 1.0373 1.0019 1.0476 1.0266 1.0053 1.045 1.0148 1.0401 1.0472 1.0286 1.0294 
1.0374 1.0276 1.0351 1.0164 1.0197 1.0359 1.0353 1.0064 1.0375 1.0463 1.0247 1.0271 1.0469 1.0104 1.0294 1.0215 1.0498 1.0283 1.042 1.0045 1.0271 1.013 1.024 1.0459 1.002 
1.0009 1.0007 1.0274 1.0479 1.0431 1.0451 1.001 1.0464 1.0394 1.0267 1.01 1.0063 1.0071 1.0224 1.0012 1.0037 1.0141 1.0467 1.0157 1.0435 1.0199 1.0419 1.0182 1.0488 1.0012 
1.0067 1.0022 1.011 1.0135 1.0451 1.0386 1.0244 1.0147 1.0147 1.0121 1.0046 1.0113 1.0121 1.0481 1.0253 1.0203 1.0245 1.0372 1.0468 1.0055 1.0225 1.0117 1.0279 1.0065 1.0362 
1.0012 1.009 1.0245 1.0112 1.0076 1.0142 1.0405 1.0108 1.04 1.024 1.0057 1.0144 1.0047 1.046 1.0391 1.0399 1.0299 1.0204 1.0285 1.0327 1.0339 1.016 1.0137 1.0447 1.0413 
1.0237 1.0068 1.0121 1.0352 1.0111 1.0366 1.0192 1.0322 1.048 1.0446 1.0025 1.0328 1.0478 1.0021 1.0055 1.0369 1.0046 1.0435 1.032 1.0365 1.0161 1.0384 1.0182 1.0167 1.0367 
1.0284 1.0342 1.0388 1.0343 1.015 1.0431 1.0173 1.0314 1.0202 1.0182 1.0019 1.0008 1.0237 1.0109 1.0018 1.0195 1.0341 1.0122 1.024 1.0289 1.0444 1.031 1.0071 1.0496 1.0486 
1.0058 1.006 1.0111 1.0063 1.0148 1.0497 1.034 1.0157 1.0052 1.0193 1.0192 1.0222 1.0253 1.025 1.0263 1.0028 1.003 1.0023 1.0253 1.0358 1.0462 1.0248 1.0252 1.0182 1.0448 
1.0247 1.0103 1.0052 1.0011 1.036 1.0213 1.0065 1.0482 1.0184 1.0042 1.0155 1.0341 1.0312 1.0315 1.0325 1.0123 1.0184 1.0372 1.009 1.0359 1.049 1.0464 1.0187 1.0025 1.0333 
1.0331 1.0468 1.0026 1.0144 1.0215 1.0094 1.0286 1.0009 1.0451 1.0206 1.0185 1.0078 1.0443 1.0169 1.026 1.0157 1.019 1.0109 1.0038 1.0318 1.03 1.0115 1.0299 1.0395 1.0015 
1.0281 1.0359 1.0459 1.0488 1.003 1.0409 1.0015 1.0194 1.0064 1.0274 1.025 1.0339 1.0073 1.0037 1.0126 1.0335 1.0333 1.0289 1.0244 1.0244 1.0202 1.0141 1.0195 1.0294 1.0469 
1.0371 1.0434 1.0226 1.0228 1.033 1.0152 1.0025 1.0081 1.0324 1.04 1.0224 1.0282 1.0436 1.0007 1.0102 1.0129 1.0301 1.013 1.0466 1.0058 1.0376 1.0494 1.0489 1.0342 1.0242 
1.0093 1.0369 1.0207 1.0148 1.0382 1.0295 1.023 1.0202 1.0064 1.0343 1.004 1.005 1.0421 1.0238 1.0063 1.0487 1.0041 1.0448 1.0306 1.0402 1.0272 1.0478 1.0244 1.0203 1.0492 
1.0018 1.0094 1.0291 1.0073 1.0422 1.044 1.0124 1.0079 1.0118 1.0405 1.0386 1.0366 1.0441 1.0216 1.0325 1.0061 1.0321 1.0066 1.0102 1.0229 1.0029 1.0293 1.0275 1.0058 1.0288 
1.0375 1.0449 1.0373 1.0324 1.044 1.0468 1.0064 1.0112 1.0168 1.0314 1.0424 1.0378 1.0353 1.0408 1.0137 1.0215 1.0119 1.0001 1.0163 1.018 1.024 1.0423 1.0455 1.0149 1.023 
1.0443 1.0399 1.028 1.0431 1.0276 1.0111 1.0028 1.0437 1.0499 1.0012 1.007 1.0346 1.0281 1.0254 1.0412 1.0409 1.0058 1.0241 1.0336 1.0101 1.0333 1.0347 1.0432 1.035 1.0187 
1.0353 1.0427 1.0406 1.0144 1.0299 1.0202 1.0098 1.0304 1.0161 1.0069 1.0053 1.0006 1.004 1.0499 1.0007 1.0283 1.0416 1.0153 1.0273 1.0217 1.0454 1.0469 1.0281 1.0142 1.0213 
1.0014 1.0194 1.0227 1.0345 1 1.0237 1.0448 1.0313 1.0408 1.0109 1.0333 1.0057 1.021 1.0371 1.0497 1.027 1.0248 1.0133 1.0214 1.0169 1.0227 1.0118 1.031 1.0181 1.0013 
1.0399 1.0085 1.0469 1.0493 1.0495 1.0034 1.0201 1.0362 1.0429 1.015 1.0143 1.0432 1.0329 1.0367 1.0089 1.0277 1.0466 1.0189 1.0178 1.0323 1.0164 1.0379 1.0118 1.0407 1.0298 
1.0003 1.027 1.005 1.0333 1.0203 1.0199 1.0325 1.0349 1.0083 1.0121 1.0238 1.0063 1.0015 1.0091 1.0337 1.0364 1.0091 1.0005 1.0164 1.0314 1.0036 1.0259 1.0463 1.0153 1.018 
1.0324 1.0475 1.0227 1.0348 1.0393 1.0101 1.0034 1.0442 1.0099 1.0465 1.0429 1.0094 1.0498 1.0003 1.0081 1.0109 1.0416 1.0153 1.0246 1.0372 1.0409 1.0167 1.0347 1.0429 1.0144 
1.0216 1.0287 1.0127 1.0497 1.013 1.0368 1.0167 1.0341 1.002 1.0488 1.0387 1.0383 1.0425 1.0085 1.0294 1.0324 1.0283 1.0089 1.0427 1.017 1.0229 1.0039 1.0487 1.0072 1.0234 
1.0104 1.0473 1.0205 1.0012 1.0018 1.0276 1.0022 1.0228 1.0216 1.0393 1.0045 1.0446 1.007 1.0401 1.0323 1.0434 1.048 1.0249 1.0476 1.0176 1.0417 1.0215 1.0366 1.0474 1.037 
1.0459 1.0139 1.0388 1.0458 1.0467 1.0027 1.0133 1.0409 1.0499 1.0401 1.0071 1.0004 1.0369 1.048 1.0495 1.0015 1.0092 1.001 1.0314 1.0005 1.0366 1.0048 1.0279 1.0411 1.0272 
1.0392 1.0154 1.0087 1.0057 1.0359 1.0356 1.0467 1.0489 1.0429 1.0368 1.0063 1.0231 1.0395 1.0122 1.0071 1.0441 1.0284 1.0246 1.0189 1.0443 1.0415 1.0398 1.0465 1.0067 1.0331 
1.0339 1.0446 1.0475 1.0006 1.0002 1.0396 1.0335 1.0148 1.0163 1.0146 1.0137 1.012 1.0138 1.0485 1.0398 1.0361 1.0061 1.0174 1.0387 1.0314 1.0056 1.0145 1.0067 1.0169 1.0243 
1.0322 1.0091 1.0097 1.0169 1.0225 1.0467 1.0282 1.0201 1.042 1.0031 1.0407 1.0438 1.0423 1.0362 1.0394 1.0242 1.0395 1.0394 1.045 1.038 1.0204 1.0072 1.0157 1.0362 1.0294 
1.0237 1.0099 1.0448 1.0321 1.0458 1.0474 1.0167 1.0299 1.0135 1.0088 1.0428 1.0124 1.0454 1.043 1.0244 1.0248 1.0302 1.0442 1.0472 1.0158 1.0358 1.0347 1.0401 1.0201 1.0232 
1.0095 1.0262 1.0007 1.0017 1.007 1.0137 1.0023 1.0247 1.0246 1.043 1.0199 1.0273 1.0482 1.0465 1.0147 1.0061 1.009 1.0183 1.0173 1.0303 1.0015 1.0352 1.0237 1.0485 1.0215 
1.0448 1.0367 1.0102 1.0324 1.0454 1.0414 1.0484 1.0289 1.0048 1.0223 1.0245 1.0453 1.0484 1.045 1.0076 1.0003 1.045 1.002 1.018 1.0273 1.0019 1.0115 1.0012 1.0061 1.0025 
1.0482 1.0067 1.0037 1.0377 1.0024 1.0167 1.0082 1.0489 1.003 1.0222 1.0435 1.0114 1.0214 1.0373 1.0175 1.0193 1.0015 1.0346 1.0024 1.0044 1.0455 1.0277 1.0066 1.0111 1.0432 
1.0463 1.0295 1.0211 1.0242 1.0097 1.0172 1.0168 1.0071 1.0341 1.0096 1.0406 1.0464 1.04 1.0347 1.0145 1.0232 1.0087 1.0198 1.0437 1.0234 1.0355 1.0149 1.0202 1.0028 1.0422 
1.0033 1.012 1.0405 1.0133 1.0347 1.0139 1.049 1.0415 1.006 1.0163 1.0057 1.0083 1.0006 1.021 1.037 1.0069 1.016 1.0068 1.0242 1.0432 1.0494 1.0082 1.0464 1.0412 1.0388 
1.0374 1.0202 1.0046 1.009 1.0467 1.0473 1.0457 1.0362 1.0326 1.0497 1.032 1.0206 1.0108 1.0123 1.0139 1.018 1.0497 1.0147 1.0202 1.0169 1.0104 1.0212 1.0435 1.0261 1.0423 
1.0262 1.0404 1.0295 1.0285 1.0359 1.0225 1.0184 1.0455 1.0029 1.0491 1.0256 1 1.0275 1.0173 1.0461 1.024 1.0146 1.0478 1.0487 1.0215 1.0434 1.032 1.01 1.0073 1.0125 
1.0043 1.0444 1.0154 1.0308 1.0472 1.0263 1.0071 1.0487 1.0151 1.0398 1.0394 1.0457 1.0331 1.0296 1.0138 1.026 1.0393 1.019 1.0201 1.0462 1.0144 1.0109 1.0448 1.0061 1.014 
1.0482 1.0276 1.04 1.0148 1.0326 1.0257 1.0359 1.0193 1.0063 1.0319 1.0039 1.0255 1.0363 1.0312 1.037 1.0169 1.0471 1.0169 1.0473 1.0345 1.0067 1.0424 1.0122 1.0189 1.0384 
1.0053 1.0237 1.0181 1.0454 1.0268 1.001 1.0033 1.0163 1.0495 1.0173 1.0433 1.0003 1.038 1.0008 1.04 1.001 1.0412 1.0396 1.0172 1.0123 1.0217 1.019 1.0187 1.0095 1.0454 
1.046 1.0463 1.0405 1.0245 1.0404 1.017 1.0278 1.043 1.0445 1.0481 1.0172 1.0488 1.048 1.0081 1.0023 1.0391 1.0276 1.0223 1.0304 1.0045 1.0221 1.0304 1.0449 1.033 1.0077 
1.0424 1.0404 1.0095 1.0448 1.0288 1.0368 1.0016 1.0413 1.0157 1.0014 1.0341 1.0186 1.0128 1.0492 1.0054 1.0069 1.0247 1.0075 1.017 1.0251 1.0101 1.0232 1.0142 1.0142 1.0412 
1.0035 1.0325 1.0205 1.0046 1.0493 1.0391 1.0386 1.0218 1.0167 1.049 1.0203 1.0057 1.0304 1.044 1.0237 1.048 1.027 1.0151 1.0267 1.0247 1.0167 1.0038 1.0002 1.0227 1.0307 
1.0109 1.0128 1.0372 1.0412 1.031 1.011 1.0442 1.0302 1.0296 1.0193 1.0389 1.0272 1.0231 1.0036 1.0378 1.0239 1.045 1.0004 1.0468 1.0397 1.0198 1.044 1.0491 1.0309 1.0388 
1.0043 1.014 1.0121 1.0077 1.0275 1.0285 1.0308 1.0104 1.0207 1.0334 1.0397 1.0008 1.016 1.0065 1.0307 1.027 1.0404 1.0061 1.0063 1.0144 1.0379 1.0237 1.0475 1.0491 1.0459 
1.0159 1.0325 1.0114 1.0205 1.0367 1.0135 1.0196 1.0095 1.0346 1.0391 1.0025 1.0097 1.0026 1.0154 1.0156 1.0339 1.0124 1.0277 1.0271 1.0182 1.0307 1.0124 1.0062 1.0119 1.0415 
1.0126 1.0005 1.021 1.0474 1.0101 1.04 1.0431 1.0266 1.0282 1.04 1.0124 1.0291 1.0084 1.0295 1.0367 1.0137 1.0462 1.0316 1.0279 1.0365 1.0217 1.0305 1.0133 1.0305 1.005 
1.0489 1.0202 1.0046 1.0352 1.0457 1.0105 1.0302 1.0206 1.0077 1.0394 1.0277 1.0172 1.0435 1.0308 1.0279 1.0378 1.0387 1.0163 1.0259 1.0092 1.0337 1.0254 1.0142 1.03 1.0043 
1.031 1.0335 1.0237 1.0058 1.0257 1.0101 1.0434 1.0168 1.012 1.0165 1.0458 1.0012 1.0459 1.0466 1.0225 1.0245 1.0006 1.0415 1.0343 1.0354 1.0235 1.0156 1.0204 1.0493 1.0459 
1.0347 1.016 1.0478 1.0213 1.022 1.0055 1.0114 1.0086 1.0438 1.0019 1.0429 1.0134 1.0433 1.0396 1.0169 1.0049 1.0397 1.0012 1.0481 1.0497 1.008 1.0093 1.0245 1.0263 1.0467 
1.0104 1.0422 1.0184 1.0048 1.0031 1.002 1.0026 1.0176 1.0386 1.0377 1.0492 1.0355 1.0393 1.0093 1.0374 1.0029 1.0465 1.0396 1.0444 1.038 1.0048 1.0472 1.0437 1.0481 1.0145 
1.0428 1.0326 1.0011 1.0164 1.02 1.002 1.0289 1.0238 1.037 1.0079 1.0232 1.0385 1.0161 1.0284 1.0141 1.0435 1.0199 1.0058 1.03 1.036 1.0396 1.0351 1.0269 1.0044 1.0444 
1.0428 1.0254 1.029 1.0213 1.0407 1.0273 1.0321 1.0119 1.0347 1.0055 1.0012 1.0088 1.0006 1.0085 1.0165 1.0436 1.0402 1.0215 1.0469 1.0191 1.0061 1.0486 1.0072 1.0076 1.0439 
1.0126 1.0286 1.0326 1.01 1.0368 1.0325 1.0097 1.0082 1.0223 1.0165 1.0344 1.0259 1.0137 1.0104 1.0284 1.0179 1.0169 1.0424 1.0235 1.0393 1.0068 1.0369 1.009 1.02 1.0165 
1.0471 1.0008 1.0324 1.0232 1.0427 1.0376 1.042 1.0441 1.0185 1.0272 1.0078 1.0077 1.0475 1.0275 1.0157 1.0456 1.0472 1.0204 1.0363 1.0482 1.039 1.0197 1.0039 1.0004 1.0368 
1.0358 1.0224 1.0029 1.0166 1.0309 1.0199 1.0178 1.0027 1.0162 1.0449 1.021 1.0162 1.0471 1.0345 1.021 1.0248 1.0242 1.0452 1.0228 1.0493 1.0474 1.0198 1.0476 1.0452 1.0486 
1.0332 1.0331 1.0176 1.0096 1.0363 1.014 1.0064 1.0061 1.0452 1.0073 1.0472 1.0305 1.0491 1.0047 1.0489 1.0254 1.0185 1.0064 1.0072 1.0004 1.0277 1.0092 1.0187 1.04 1.0459 
1.0161 1.0177 1.0389 1.0272 1.0308 1.0298 1.0306 1.0353 1.0449 1.0484 1.0225 1.0378 1.0318 1.0411 1.0264 1.0168 1.0079 1.0036 1.0026 1.039 1.0223 1.0158 1.0076 1.0224 1.0483 
1.048 1.0052 1.0073 1.0211 1.0126 1.0494 1.0011 1.0065 1.0458 1.0489 1.0204 1.0135 1.0186 1.006 1.0052 1.0179 1.0011 1.0066 1.0336 1.0008 1.0295 1.0043 1.0373 1.0275 1.0436 
1.0424 1.0497 1.0355 1.0048 1.0004 1.0093 1.0466 1.0384 1.0231 1.0148 1.0083 1.0441 1.0391 1.0463 1.0172 1.0332 1.0442 1.0146 1.0033 1.024 1.0336 1.0429 1.0445 1.0481 1.0065 
1.0014 1.0309 1.0315 1.0325 1.0438 1.0397 1.0085 1.0186 1.0175 1.0481 1.0428 1.0498 1.0301 1.0057 1.0271 1.0393 1.0407 1.0153 1.042 1.0349 1.0008 1.0024 1.0394 1.0456 1.0433 
1.0042 1.0301 1.0037 1.0161 1.0411 1.0219 1.048 1.0212 1.001 1.0484 1.0159 1.0448 1.0262 1.0228 1.0005 1.0073 1.0375 1.0443 1.0441 1.0155 1.038 1.0033 1.0358 1.001 1.0328 
1.0371 1.0438 1.0281 1.0211 1.0038 1.0439 1.0497 1.0131 1.0155 1.0225 1.0064 1.0126 1.0379 1.0461 1.0485 1.0369 1.01 1.0213 1.0055 1.0497 1.0207 1.0273 1.037 1.0469 1.0291 
1.0302 1.0212 1.0068 1.0358 1.0449 1.0176 1.0409 1.0014 1.0155 1.0023 1.0096 1.0291 1.0302 1.0027 1.0195 1.0075 1.031 1.0325 1.0145 1.0451 1.0005 1.0182 1.0497 1.034 1.0275 
1.0122 1.0238 1.0468 1.0422 1.0496 1.0353 1.0049 1.0437 1.0095 1.0368 1.0034 1.0496 1.0149 1.039 1.0054 1.0347 1.0417 1.0428 1.0245 1.023 1.0467 1.0058 1.0014 1.0057 1.0041 
1.0068 1.0289 1.0271 1.0174 1.0274 1.04 1.0485 1.0117 1.0006 1.0481 1.012 1.0443 1.0317 1.0314 1.0286 1.0374 1.0037 1.0217 1.0061 1.0162 1.0466 1.0141 1.0484 1.0252 1.0157 
1.0325 1.0376 1.0284 1.0205 1.0175 1.035 1.0019 1.0076 1.0315 1.0461 1.0358 1.0437 1.0193 1.0102 1.0186 1.006 1.0124 1.0002 1.0424 1.0345 1.0361 1.0177 1.0254 1.0409 1.0092 
1.0177 1.0007 1.0218 1.0144 1.0348 1.0259 1.0121 1.0285 1.0357 1.0007 1.0083 1.0441 1.0228 1.01 1.0391 1.0244 1.0241 1.0386 1.0185 1.0273 1.0043 1.011 1.024 1.0336 1.021 
1.0211 1.0079 1.0449 1.0325 1.0085 1.0331 1.0441 1.0416 1.0463 1.0464 1.0416 1.0416 1.0043 1.0432 1.0482 1.0336 1.0384 1.0068 1.0414 1.0048 1.0371 1.032 1.0464 1.0284 1.0469 
1.0414 1.0253 1.0272 1.0316 1.043 1.0353 1.0118 1.0099 1.0325 1.002 1.0031 1.0123 1.0028 1.0185 1.0317 1.0139 1.0375 1.0487 1.0248 1.0348 1.0013 1.0104 1.0172 1.049 1.016 
1.0409 1.0323 1.0025 1.0172 1.0122 1.023 1.0271 1.0413 1.0122 1.0445 1.0401 1.0327 1.0047 1.0375 1.0141 1.0351 1.0265 1.0483 1.0263 1.0238 1.0272 1.0121 1.0363 1.0391 1.0107 
1.0256 1.0093 1.0064 1.044 1.0264 1.0389 1.0128 1.0458 1.0415 1.043 1.0109 1.0236 1.0259 1.0322 1.0397 1.0119 1.0266 1.034 1.0438 1.0353 1.0096 1.0412 1.0351 1.0056 1.0221 
1.0042 1.0472 1.0019 1.0145 1.0254 1.0309 1.0238 1.0008 1.0339 1.0365 1.0304 1.0213 1.0402 1.0328 1.0272 1.004 1.0289 1.0066 1.0153 1.0483 1.0099 1.0314 1.0431 1.0362 1.0011 
1.0048 1.0041 1.0367 1.0281 1.0183 1.0481 1.0137 1.0171 1.009 1.0304 1.0135 1.0456 1.0387 1.0062 1.0387 1.0249 1.0009 1.0186 1.0355 1.0177 1.0114 1.0085 1.0304 1.0287 1.0292 
1.0053 1.0053 1.0413 1.0005 1 1.0179 1.0166 1.002 1.0246 1.031 1.0139 1.013 1.0076 1.0046 1.0235 1.0265 1.0109 1.0343 1.0138 1.0316 1.0206 1.0434 1.0468 1.0131 1.0332 
1.0066 1.0349 1.0004 1.0004 1.0161 1.0443 1.0114 1.0484 1.0358 1.0289 1.0469 1.0409 1.0083 1.0271 1.0298 1.0133 1.0018 1.0367 1.0441 1.0397 1.0082 1.0494 1.0444 1.0245 1.0027 
1.026 1.0209 1.0282 1.0309 1.0475 1.0179 1.0128 1.0189 1.0079 1.0173 1.0462 1.0457 1.0454 1.01 1.0255 1.0254 1.0086 1.017 1.0494 1.0491 1.0355 1.0066 1.0268 1.0319 1.0173 
1.0254 1.0376 1.0263 1.0311 1.0387 1.0355 1.0177 1.0001 1.0344 1.0082 1.0256 1.0427 1.0377 1.0021 1.027 1.0318 1.0226 1.0229 1.0118 1.0423 1.047 1.0344 1.0101 1.0378 1.0001 
1.0039 1.0011 1.0433 1.0089 1.0248 1.0313 1.0216 1.0407 1.0465 1.023 1.0263 1.0166 1.0453 1.0023 1.0138 1.046 1.015 1.0407 1.0352 1.003 1.0291 1.0427 1.0275 1.0497 1.0134 
1.0497 1.0095 1.0149 1.0028 1.0495 1.0301 1.028 1.0044 1.0066 1.035 1.0478 1.0305 1.0032 1.0021 1.0432 1.0064 1.0207 1.0493 1.0166 1.031 1.0027 1.0398 1.0458 1.0174 1.0281 
1.0453 1.0022 1.0317 1.0213 1.0414 1.0448 1.0149 1.0261 1.0317 1.0176 1.0147 1.0071 1.0249 1.0222 1.0493 1.047 1.0365 1.0354 1.02 1.0083 1.0295 1.0484 1.0022 1.0073 1.0126 
1.0279 1.0138 1.0426 1.0338 1.0165 1.013 1.0216 1.0343 1.0207 1.0313 1.0416 1.0026 1.0235 1.0266 1.02 1.0418 1.0403 1.0178 1.0363 1.0135 1.0268 1.0014 1.0153 1.0176 1.0147 
1.0059 1.0239 1.0307 1.0219 1.0169 1.033 1.0389 1.0011 1.0141 1.0423 1.0001 1.0337 1.0174 1.0202 1.0469 1.0363 1.0322 1.0363 1.0123 1.044 1.039 1.0488 1.033 1.0423 1.0123 
1.0245 1.0438 1.0024 1.0023 1.0132 1.0319 1.0335 1.038 1.0312 1.0384 1.0417 1.025 1.006 1.0151 1.0148 1.0159 1.0228 1.0492 1.0426 1.0142 1.0352 1.026 1.0201 1.0452 1.0084 
1.0279 1.0345 1.0407 1.0154 1.0356 1.0211 1.0392 1.0026 1.0083 1.0253 1.0116 1.0311 1.0275 1.0242 1.0417 1.0082 1.0343 1.0091 1.0298 1.0468 1.0455 1.0017 1.0096 1.0015 1.0403 
1.0313 1.0122 1.0361 1.0247 1.0086 1.0215 1.0377 1.0051 1.039 1.0423 1.0114 1.0245 1.0483 1.0151 1.0017 1.0097 1.0183 1.0069 1.0249 1.0164 1.0466 1.01 1.0101 1.0488 1.0376 
1.0255 1.0182 1.0486 1.0027 1.0224 1.0233 1.0349 1.0269 1.0383 1.0083 1.0103 1.012 1.0383 1.0011 1.0062 1.0441 1.0488 1.0368 1.0384 1.0036 1.0242 1.0036 1.049 1.0203 1.0179 
1.0324 1.0209 1.0385 1.0115 1.012 1.0218 1.0372 1.0247 1.0109 1.0068 1.0128 1.0111 1.0066 1.0007 1.0066 1.0443 1.0452 1.0407 1.0257 1.0097 1.0258 1.0185 1.0332 1.0104 1.0339 
1.0302 1.0013 1.0496 1.0365 1.003 1.036 1.0384 1.003 1.0115 1.049 1.0288 1.0165 1.0153 1.034 1.0185 1.0351 1.0432 1.0086 1.0193 1.0434 1.004 1.0065 1.0003 1.0293 1.0416 
1.0457 1.0095 1.0126 1.0055 1.0287 1.0022 1.0233 1.0398 1.003 1.0417 1.0061 1.0314 1.0434 1.0414 1.002 1.0153 1.0014 1.0006 1.0262 1.0475 1.0002 1.0392 1.009 1.0183 1.0173 
1.0239 1.0492 1.0405 1.0393 1.048 1.005 1.0258 1.0295 1.0182 1.0126 1.013 1.0456 1.0406 1.0444 1.0017 1.032 1.0036 1.0416 1.039 1.0098 1.0139 1.0262 1.0308 1.0072 1.0257 
1.0372 1.0349 1.0477 1.041 1.0363 1.0136 1.0044 1.0043 1.0134 1.0045 1.007 1.0004 1.0019 1.02 1.0355 1.0495 1.0008 1.0322 1.0457 1.0439 1.0221 1.0143 1.0121 1.0487 1.0422 
1.0133 1.0219 1.0417 1.0379 1.0167 1.0484 1.0093 1.0031 1.0006 1.0342 1.0494 1.0362 1.0176 1.0095 1.0342 1.029 1.0001 1.0009 1.0389 1.0116 1.0419 1.0265 1.0268 1.0254 1.0372 
1.0297 1.0451 1.0164 1.0399 1.0292 1.0269 1.0379 1.0176 1.0057 1.0086 1.0349 1.0227 1.0223 1.0166 1.0438 1.0392 1.0303 1.0348 1.0363 1.013 1.0302 1.0365 1.0057 1.0265 1.0389 
1.0466 1.0376 1.0266 1.027 1.0339 1.0353 1.0008 1.0449 1.0289 1.0224 1.0014 1.0194 1.041 1.0018 1.0442 1.0105 1.04 1.0266 1.016 1.0499 1.0228 1.0334 1.0051 1.0063 1.0428 
1.0029 1.0235 1.0454 1.0242 1.0107 1.0388 1.0478 1.0247 1.0456 1.043 1.0353 1.0106 1.026 1.0017 1.0044 1.0213 1.0011 1.0463 1.0005 1.0306 1.038 1.0076 1.0246 1.013 1.0347 
1.0241 1.0107 1.0327 1.0464 1.0248 1.0451 1.0102 1.0378 1.0099 1.0381 1.0135 1.0043 1.0179 1.0277 1.0423 1.0132 1.0078 1.0078 1.0035 1.0205 1.0176 1.0142 1.0235 1.0215 1.0023 
1.048 1.0222 1.0437 1.0049 1.0328 1.046 1.0428 1.0191 1.0148 1.0147 1.0234 1.0039 1.0026 1.0454 1.0312 1.0237 1.0462 1.0071 1.0475 1.0237 1.0213 1.0208 1.03 1.0447 1.009 
1.0493 1.015 1.0052 1.0231 1.0048 1.0185 1.0413 1.0115 1.018 1.0165 1.0358 1.036 1.0058 1.0429 1.0101 1.0004 1.04 1.0396 1.0235 1.0204 1.0088 1.032 1.0073 1.015 1.0178 
1.0281 1.0419 1.0374 1.0493 1.044 1.0217 1.0307 1.0107 1.0029 1.0238 1.0496 1.0058 1.0353 1.003 1.0291 1.0109 1.008 1.0219 1.024 1.0308 1.0194 1.0472 1.0134 1.0203 1.0136 
1.044 1.0401 1.0485 1.0277 1.0405 1.0179 1.0147 1.0042 1.0104 1.0044 1.0118 1.0187 1.0207 1.0196 1.0143 1.0044 1.035 1.0048 1.0158 1.0003 1.0106 1.0163 1.0001 1.0361 1.0175 
1.0139 1.0274 1.0382 1.0175 1.031 1.0466 1.0372 1.0052 1.0194 1.0143 1.0449 1.047 1.0128 1.0236 1.011 1.0233 1.0436 1.0407 1.0031 1.0146 1.0298 1.0196 1.0135 1.0491 1.0391 
1.0188 1.0342 1.0048 1.0396 1.0181 1.0498 1.0259 1.0078 1.0272 1.031 1.0259 1.0313 1.0166 1.0298 1.0185 1.005 1.0011 1.0414 1.0347 1.0318 1.0104 1.0305 1.0197 1.0421 1.0132 
1.0346 1.0401 1.0435 1.0158 1.0212 1.0362 1.0262 1.0437 1.0163 1.044 1.0036 1.0035 1.0445 1.0062 1.0011 1.0066 1.0378 1.018 1.0038 1.0148 1.0108 1.0283 1.0169 1.0486 1.0178 
1.0321 1.0184 1.0171 1.0486 1.0485 1.0336 1.0282 1.0325 1.0213 1.0042 1.0057 1.0221 1.0114 1.0056 1.0175 1.0342 1.0239 1.0141 1.0089 1.0126 1.0165 1.0389 1.0332 1.0374 1.0265 
1.0389 1.0122 1.043 1.0011 1.0412 1.041 1.0327 1.0019 1.0438 1.0225 1.0447 1.0073 1.0139 1.0059 1.0083 1.0265 1.0028 1.0217 1.0044 1.0227 1.0329 1.0356 1.0447 1.0273 1.0311 
1.0393 1.0275 1.0171 1.002 1.0303 1.0474 1.0018 1.0083 1.0294 1.0434 1.0128 1.0298 1.0149 1.0301 1.0043 1.0336 1.0422 1.025 1.0192 1.006 1.0384 1.0322 1.0382 1.0415 1.033 
1.0099 1.0403 1.0334 1.0414 1.0094 1.0313 1.0492 1.0405 1.0019 1.0245 1.0177 1.0085 1.0401 1.0048 1.0183 1.0307 1.0023 1.0079 1.0311 1.0477 1.0198 1.0298 1.0483 1.0447 1.0464 
1.0403 1.0147 1.0358 1.0128 1.0223 1.0006 1.042 1.0275 1.0168 1.0286 1.0003 1.0287 1.0272 1.0142 1.0108 1.0329 1.0038 1.0059 1.0271 1.0304 1.0139 1.0493 1.0064 1.0336 1.0404 
1.0096 1.012 1.0197 1.0167 1.0222 1.035 1.0124 1.0217 1.0482 1.0063 1.0174 1.0197 1.041 1.0308 1.0463 1.027 1.0257 1.0222 1.0185 1.0202 1.0296 1.0086 1.011 1.0495 1.0294 
1.0206 1.0451 1.0251 1.0434 1.0107 1.025 1.0398 1.0224 1.0053 1.0133 1.0138 1.0014 1.0284 1.0004 1.0243 1.0007 1.0301 1.002 1.0048 1.0053 1.0216 1.0293 1.0286 1.0052 1.0387 
1.0033 1.0026 1.0303 1.0022 1.027 1.0084 1.0171 1.0144 1.0194 1.0446 1.0164 1.0003 1.0413 1.0346 1.0195 1.02 1.0159 1.0109 1.0361 1.0198 1.0414 1.0076 1.0126 1.0318 1.0114 
1.0427 1.0402 1.0129 1.0127 1.0279 1.0134 1.0261 1.0159 1.0112 1.0054 1.0434 1.0185 1.026 1.0441 1.0327 1.0041 1.0467 1.0462 1.0492 1.0173 1.0091 1.0205 1.0433 1.0351 1.0149 
1.0009 1.0138 1.0099 1.0069 1.0169 1.0348 1.0488 1.0127 1.0469 1.0436 1.0102 1.0071 1.0163 1.0326 1.0083 1.0469 1.0485 1.0401 1.0039 1.0308 1.0248 1.0442 1.0315 1.0424 1.0109 
1.0306 1.0381 1.0002 1.0111 1.0107 1.01 1.0437 1.0354 1.0021 1.0343 1.0366 1.0362 1.0033 1.0293 1.0347 1.0115 1.0051 1.0054 1.0075 1.0227 1.0045 1.0373 1.0477 1.0344 1.0139 
1.0447 1.0499 1.0469 1.0392 1.0498 1.0105 1.0239 1.0313 1.0431 1.0435 1.0464 1.0492 1.0188 1.0055 1.003 1.006 1.0398 1.0402 1.0429 1.0039 1.0338 1.0464 1.0207 1.0028 1.0323 
1.0393 1.0075 1.033 1.0252 1.0423 1.046 1.0392 1.003 1.013 1.0103 1.0299 1.0188 1.0172 1.0491 1.0481 1.0109 1.0073 1.0245 1.0144 1.0281 1.0263 1.0255 1.0066 1.0252 1.0369 
1.0448 1.0209 1.0247 1.0225 1.0193 1.0482 1.0021 1.0221 1.015 1.0273 1.0065 1.0004 1.0168 1.0273 1.0412 1.0289 1.0346 1.0498 1.0338 1.0458 1.0086 1.0342 1.0048 1.0088 1.0093 
1.0493 1.0364 1.0462 1.0021 1.045 1.0396 1.0217 1.0465 1.0067 1.0032 1.0251 1.0066 1.0092 1.0495 1.0475 1.0057 1.0487 1.024 1.0323 1.0153 1.0492 1.0453 1.0087 1.0358 1.0005 
1.0252 1.0441 1.0054 1.0493 1.0311 1.0409 1.0344 1.026 1.0345 1.0424 1.0398 1.019 1.0327 1.0183 1.0487 1.0425 1.0325 1.0106 1.0361 1.0176 1.0026 1.013 1.0131 1.0226 1.0361 
1.0125 1.0374 1.029 1.0285 1.0124 1.0424 1.0088 1.0389 1.0237 1.0241 1.0164 1.0468 1.0292 1.003 1.0077 1.0484 1.0096 1.004 1.0361 1.001 1.0034 1.0379 1.0007 1.0145 1.0225 
1.0462 1.0077 1.0202 1.0418 1.0064 1.0035 1.0096 1.0258 1.0103 1.0311 1.0471 1.0061 1.0059 1.0463 1.0295 1.0102 1.0499 1.0384 1.0089 1.0444 1.0344 1.0292 1.0357 1.0299 1.0338 
1.0103 1.0178 1.0324 1.0236 1.0217 1.033 1.0221 1.0261 1.0275 1.0347 1.0364 1.028 1.0334 1.0268 1.0049 1.0424 1.0228 1.0348 1.0082 1.0172 1.0026 1.04 1.0467 1.0026 1.0282 
1.0216 1.0438 1.0137 1.0238 1.0231 1.0296 1.0301 1.0424 1.0002 1.0329 1.0082 1.0247 1.037 1.0309 1.0463 1.0314 1.0485 1.048 1.0364 1.0064 1.0019 1.0162 1.0234 1.0347 1.0024 
1.0126 1.0366 1.0193 1.0489 1.0404 1.03 1.0316 1.0391 1.003 1.0457 1.0193 1.0191 1.0188 1.0444 1.0396 1.0225 1.0386 1.0101 1.0201 1.0378 1.0382 1.0351 1.007 1.0179 1.0069 
1.0327 1.0111 1.0143 1.0439 1.0436 1.0042 1.0307 1.039 1.0173 1.0024 1.0466 1.009 1.0145 1.0048 1.0431 1.0302 1.0317 1.0387 1.0477 1.0287 1.0363 1.0191 1.029 1.0391 1.0138 
1.04 1.0049 1.0007 1.0254 1.0019 1.0462 1.0496 1.0377 1.0081 1.0289 1.0357 1.005 1.0015 1.0009 1.0397 1.0053 1.01 1.0122 1.0181 1.0391 1.01 1.0351 1.0329 1.012 1.003 
1.0145 1.0276 1.0198 1.0045 1.011 1.0423 1.0036 1.011 1.0469 1.0089 1.0275 1.0433 1.0102 1.0076 1.0151 1.0256 1.0492 1.0307 1.0141 1.0304 1.0178 1.0392 1.0163 1.0411 1.0067 
1.0168 1.0452 1.0198 1.0441 1.0009 1.0198 1.0016 1.0175 1.0443 1.017 1.0062 1.0369 1.0159 1.0263 1.0352 1.0108 1.0475 1.0134 1.0256 1.0139 1.0454 1.0176 1.0174 1.0374 1.0047 
1.0011 1.0044 1.0133 1.0179 1.005 1.0203 1.0367 1.022 1.0284 1.0165 1.0187 1.0463 1.008 1.0488 1.0362 1.0057 1.0274 1.041 1.0487 1.0262 1.0216 1.0327 1.0023 1.0386 1.0023 
1.0156 1.0313 1.0029 1.048 1.005 1.0441 1.0013 1.0119 1.0203 1.0163 1.0049 1.0226 1.0398 1.0335 1.0376 1.0153 1.0353 1.0118 1.0334 1.0453 1.0269 1.016 1.0222 1.0318 1.009 
1.0387 1.0189 1.0486 1.0181 1.039 1.0218 1.0019 1.0474 1.0135 1.0226 1.018 1.0315 1.0054 1.0282 1.039 1.0312 1.006 1.0354 1.0364 1.0174 1.0011 1.0353 1.0373 1.0285 1.023 
1.0095 1.0469 1.0401 1.0371 1.0485 1.0423 1.02 1.0463 1.0419 1.0361 1.0084 1.0041 1.0006 1.0205 1.0112 1.0123 1.0225 1.0158 1.0155 1.0229 1.0337 1.037 1.0041 1.0316 1.0204 
1.0099 1.0349 1.0482 1.0006 1.0335 1.0015 1.0023 1.0437 1.0173 1.0407 1.042 1.0499 1.0484 1.0174 1.0109 1.0189 1.0022 1.0078 1.0356 1.0427 1.0245 1.004 1.0223 1.0033 1.0425 
1.0397 1.0298 1.0268 1.011 1.0085 1.023 1.0228 1.0423 1.0265 1.0494 1.0332 1.0208 1.0426 1.0464 1.0077 1.0072 1.0223 1.0082 1.0324 1.0013 1.0006 1.0494 1.0027 1.0344 1.0497 
1.0138 1.0028 1.008 1.0324 1.046 1.011 1.045 1.0353 1.0249 1.0372 1.0243 1.0276 1.0304 1.0085 1.0097 1.0209 1.0373 1.0003 1.0471 1.027 1.0063 1.029 1.0334 1.0305 1.0023 
1.0463 1.0495 1.033 1.0218 1.0216 1.0167 1.0352 1.0312 1.0338 1.0229 1.0134 1.029 1.0478 1.0099 1.0355 1.0385 1.0323 1.0444 1.0243 1.004 1.0453 1.0004 1.0148 1.0336 1.0026 
1.0416 1.0363 1.049 1.0109 1.0287 1.0021 1.0025 1.0256 1.0065 1.0072 1.042 1.0064 1.0188 1.0335 1.0118 1.0184 1.0256 1.0432 1.0172 1.0446 1.0199 1.0343 1.0471 1.0433 1.0469 
1.0212 1.0179 1.0268 1.0224 1.0304 1.0219 1.0158 1.0379 1.0354 1.0262 1.0322 1.0224 1.0491 1.0457 1.022 1.0063 1.0494 1.0442 1.0441 1.0369 1.0158 1.0452 1.0107 1.0038 1.0088 
1.0304 1.0317 1.0471 1.0045 1.0283 1.0154 1.0082 1.0012 1.0465 1.0295 1.0265 1.0344 1.0478 1.0186 1.0009 1.0025 1.0291 1.0008 1.0096 1.0247 1.0343 1.0047 1.0446 1.0223 1.043 
1.0432 1.0265 1.0213 1.0098 1.0019 1.0226 1.0229 1.042 1.0181 1.0133 1.0138 1.0021 1.0113 1.0128 1.0035 1.0378 1.025 1.0296 1.0384 1.0153 1.0147 1.0033 1.0153 1.0296 1.004 
1.0319 1.0342 1.0291 1.0032 1.0481 1.045 1.0465 1.0188 1.0425 1.0072 1.0387 1.0007 1.032 1.0119 1.0189 1.0154 1.0263 1.0244 1.0273 1.031 1.003 1.0042 1.0365 1.0408 1.0216 
1.0256 1.0439 1.0412 1.0419 1.0455 1.0199 1.0241 1.0434 1.0238 1.0065 1.038 1.0444 1.0201 1.0131 1.0111 1.0063 1.0095 1.0077 1.0032 1.0364 1.0086 1.0051 1.0109 1.0133 1.0168 
1.0175 1.0422 1.0488 1.0087 1.0183 1.0337 1.0318 1.0008 1.0153 1.003 1.0252 1.0405 1.019 1.03 1.0444 1.0116 1.0012 1.047 1.0192 1.0099 1.0015 1.0129 1.005 1.0054 1.0274 
1.0193 1.0179 1.0058 1.0181 1.021 1.0478 1.0003 1.0286 1.0497 1.0479 1.0327 1.0252 1.0095 1.0053 1.0404 1.0427 1.0457 1.0159 1.0348 1.0198 1.0392 1.005 1.0409 1.0101 1.0287 
1.0159 1.0332 1.0211 1.0231 1.0223 1.0401 1.0207 1.0267 1.0396 1.0027 1.0493 1.0376 1.0426 1.0483 1.0019 1.049 1.0362 1.0287 1.0032 1.0027 1.0337 1.0157 1.0049 1.0252 1.0044 
1.0193 1.0119 1.0414 1.0074 1.0459 1.0188 1.0258 1.006 1.0224 1.0277 1.0357 1.0308 1.0108 1.0223 1.0437 1.0496 1.0353 1.0401 1.0088 1.0301 1.0098 1.0406 1.0034 1.0469 1.0018 
1.0219 1.0008 1.0282 1.0193 1.0195 1.0419 1.0124 1.0483 1.0388 1.0126 1.0074 1.0364 1.0481 1.0184 1.0148 1.0359 1.0278 1.0274 1.0231 1.0096 1.0024 1.0224 1.0466 1.0192 1.0058 
1.0313 1.0123 1.0246 1.0331 1.0096 1.0249 1.0207 1.0244 1.0164 1.0125 1.0157 1.0124 1.0103 1.0194 1.0289 1.0375 1.0007 1.0266 1.013 1.0308 1.0273 1.0493 1.0226 1.0246 1.0274 
1.0112 1.0463 1.016 1.0127 1.0374 1.0336 1.0352 1.0044 1.0037 1.0349 1.0065 1.0357 1.0157 1.034 1.0277 1.0415 1.0065 1.041 1.0449 1.032 1.0094 1.0053 1.0486 1.0061 1.0292 
1.0287 1.0116 1.0104 1.0242 1.0107 1.0021 1.0407 1.0229 1.0294 1.0376 1.0215 1.0064 1.0105 1.0443 1.0064 1.0455 1.0238 1.0465 1.01 1.0497 1.0268 1.0488 1.0438 1.023 1.049 
1.017 1.0261 1.0441 1.0046 1.0098 1.0317 1.0226 1.0274 1.0206 1.047 1.0087 1.0155 1.0339 1.0475 1.006 1.039 1.0196 1.0036 1.0461 1.0224 1.019 1.0182 1.0375 1.0496 1.0044 
1.0054 1.035 1.0443 1.0018 1.0469 1.0445 1.0191 1.0443 1.0259 1.0466 1.0104 1.0091 1.0363 1.0335 1.0247 1.0266 1.023 1.0497 1.0319 1.0011 1.0342 1.0473 1.0265 1.03 1.0473 
1.03 1.0175 1.0226 1.0194 1.0031 1.0121 1.0432 1.0283 1.0338 1.0076 1.0047 1.0463 1.0157 1.0483 1.0472 1.0286 1.0373 1.0431 1.0081 1.0275 1.028 1.0381 1.0336 1.0189 1.0019 
1.0181 1.0318 1.0129 1.0066 1.0117 1.0488 1.0087 1.0325 1.0079 1.0152 1.0223 1.0082 1.0396 1.0077 1.0294 1.0436 1.0053 1.0186 1.0205 1.0314 1.0324 1.0384 1.0221 1.025 1.0295 
1.0419 1.0151 1.022 1.0462 1.0344 1.0058 1.0013 1.0087 1.024 1.0211 1.0065 1.0357 1.0179 1.0309 1.0397 1.0389 1.0338 1.0113 1.0349 1.0481 1.0085 1.0003 1.0389 1.0053 1.0357 
1.0466 1.0489 1.0349 1.0125 1.0352 1.0462 1.0064 1.0231 1.0118 1.0403 1.0097 1.0302 1.019 1.0116 1.0051 1.0065 1.0294 1.0193 1.0149 1.0378 1.0016 1.0151 1.0388 1.0124 1.0038 
1.0347 1.002 1.0178 1.0432 1.0223 1.0321 1.041 1.0043 1.0217 1.0445 1.0293 1.034 1.038 1.0206 1.0107 1.0358 1.0077 1.0002 1.0377 1.0041 1.0311 1.0387 1.0281 1.0031 1.0031 
1.0336 1.0013 1.0187 1.0267 1.0423 1.0356 1.0387 1.002 1.0177 1.0434 1.0274 1.0345 1.0003 1.0238 1.0023 1.0462 1.0182 1.0341 1.0253 1.0261 1.0217 1.0108 1.0007 1.0419 1.0181 
1.0322 1.0046 1.009 1.0469 1.0379 1.0408 1.039 1.0212 1.0328 1.0247 1.0238 1.0212 1.0112 1.0347 1.0472 1.026 1.0047 1.0136 1.0135 1.0008 1.0433 1.0251 1.0312 1.0343 1.0109 
1.0334 1.0367 1.0229 1.0334 1.0299 1.046 1.0051 1.0277 1.0209 1.0026 1.0043 1.0088 1.0165 1.0474 1.032 1.0223 1.0456 1.0135 1.0266 1.0477 1.016 1.0272 1.0294 1.0102 1.0492 
1.0322 1.038 1.009 1.0095 1.0124 1.0196 1.0252 1.02 1.0008 1.0206 1.0352 1.0183 1.0001 1.001 1.0234 1.048 1.0234 1.0184 1.0372 1.0297 1.0452 1.0348 1.0413 1.0285 1.027 
1 1.0003 1.0022 1.0379 1.0053 1.0266 1.0226 1.0445 1.0228 1.0079 1.0482 1.0377 1.0189 1.0352 1.0107 1.034 1.0445 1.0236 1.0442 1.0232 1.0443 1.0304 1.0212 1.041 1.03 
1.0235 1.0093 1.0418 1.004 1.004 1.0078 1.0107 1.0092 1.0246 1.0226 1.0218 1.0226 1.0329 1.0399 1.0053 1.049 1.0234 1.0293 1.0248 1.0486 1.0071 1.0218 1.0294 1.0304 1.0256 
1.0305 1.0275 1.0379 1.0489 1.0136 1.0026 1.0363 1.0345 1.0133 1.0363 1.0248 1.0326 1.0053 1.0315 1.0353 1.0034 1.0052 1.0103 1.0022 1.0233 1.0407 1.0308 1.0475 1.0396 1.0271 
1.0072 1.0468 1.0462 1.0105 1.0346 1.0245 1.0261 1.0103 1.0178 1.0364 1.0139 1.035 1.0367 1.0249 1.0177 1.0216 1.0468 1.0113 1.0116 1.0367 1.0177 1.0159 1.0126 1.0035 1.0084 
1.0291 1.0007 1.0125 1.0152 1.0288 1.0105 1.0345 1.0149 1.0497 1.0161 1.0249 1.032 1.0094 1.0495 1.0382 1.0415 1.0396 1.0459 1.0434 1.0028 1.0058 1.0177 1.0238 1.0383 1.0453 
1.0373 1.0055 1.029 1.0218 1.0092 1.004 1.0333 1.0139 1.0299 1.0266 1.0301 1.0132 1.0441 1.027 1.0439 1.0118 1.0227 1.0234 1.028 1.0209 1.001 1.025 1.016 1.0417 1.0041 
1.0037 1.0382 1.0098 1.0023 1.0281 1.0147 1.0305 1.0451 1.0055 1.0489 1.0339 1.043 1.0382 1.0484 1.0116 1.0109 1.0449 1.0085 1.0078 1.0487 1.0059 1.0063 1.0091 1.027 1.0087 
1.0407 1.0081 1.0325 1.0304 1.0013 1.0321 1.0096 1.0019 1.0416 1.0169 1.04 1.0286 1.0496 1.0422 1.0052 1.0447 1.0494 1.0428 1.0181 1.0206 1.0103 1.026 1.036 1.0203 1.031 
1.0228 1.0261 1.0015 1.0104 1.0393 1.0052 1.0209 1.0425 1.0265 1.0465 1.02 1.0232 1.0018 1.0422 1.0307 1.0126 1.0475 1.0227 1.0152 1.0327 1.0234 1.0465 1.0452 1.0265 1.019 
1.0352 1.0411 1.0181 1.0285 1.0026 1.0463 1.0431 1.0049 1.0049 1.0432 1.0074 1.0214 1.0226 1.0175 1.0064 1.0383 1.0422 1.0081 1.0007 1.0066 1.0237 1.0078 1.0284 1.0481 1.0394 
1.01 1.0231 1.0427 1.0402 1.0234 1.0111 1.0429 1.0457 1.0422 1.0103 1.0125 1.0001 1.0074 1.0145 1.0109 1.0412 1.0159 1.0146 1.0464 1.026 1.0166 1.0406 1.019 1.0228 1.0152 
1.0257 1.0004 1.031 1.0343 1.0315 1.0321 1.0095 1.0345 1.0496 1.0131 1.0391 1.006 1.0383 1.0318 1.0206 1.0419 1.0252 1.0195 1.0498 1.0216 1.0459 1.0039 1.0378 1.0306 1.0151 
1.0229 1.0277 1.0305 1.0342 1.0238 1.0347 1.0372 1.0259 1.0356 1.0333 1.0255 1.0078 1.0161 1.046 1.0121 1.0303 1.0428 1.0116 1.0339 1.0477 1.0323 1.0388 1.0409 1.0136 1.0091 
1.0385 1.0048 1.0461 1.0305 1.0174 1.0237 1.0421 1.0083 1.0487 1.0089 1.0273 1.0411 1.0015 1.0458 1.002 1.0326 1.035 1.0141 1.0353 1.0263 1.0119 1.0456 1.0027 1.038 1.038 
1.0422 1.0334 1.0014 1.0187 1.0121 1.046 1.0393 1.0149 1.0335 1.0015 1.047 1.0106 1.0375 1.0413 1.0313 1.002 1.0154 1.0446 1.0229 1.0471 1.0417 1.044 1.0102 1.0256 1.0238 
1.0125 1.0225 1.0208 1.0403 1.0008 1.0233 1.0304 1.0266 1.0473 1.0057 1.0363 1.0306 1.0354 1.0129 1.0096 1.048 1.0298 1.0163 1.0408 1.0401 1.001 1.0423 1.0057 1.0079 1.0421 
1.0008 1.0192 1.005 1.0152 1.032 1.0337 1.0154 1.0493 1.0241 1.0101 1.0002 1.0442 1.0214 1.0432 1.027 1.0226 1.0418 1.0375 1.0009 1.0381 1.0043 1.022 1.0064 1.0297 1.0146 
1.0089 1.0019 1.0292 1.0096 1.0202 1.0049 1.0498 1.0128 1.0354 1.0377 1.041 1.0064 1.0459 1.0404 1.0101 1.0341 1.0172 1.012 1.0294 1.0499 1.016 1.0171 1.0202 1.0196 1.0153 
1.0065 1.0294 1.0327 1.0066 1.0038 1.0313 1.048 1.0357 1.0188 1.0035 1.0002 1.0143 1.0155 1.0362 1.0373 1.0209 1.0245 1.0168 1.0402 1.0415 1.0144 1.037 1.0384 1.0035 1.0114 
1.0116 1.0016 1.02 1.0185 1.032 1.0054 1.0431 1.0299 1.0279 1.0425 1.0334 1.0263 1.0189 1.0289 1.0459 1.0428 1.0408 1.0024 1.042 1.0398 1.0436 1.0288 1.0404 1.0491 1.0342 
1.0118 1.0044 1.0207 1.0334 1.0294 1.0268 1.0363 1.0458 1.0069 1.0223 1.0095 1.008 1.0222 1.0378 1.0058 1.0179 1.0194 1.0344 1.0042 1.0081 1.0334 1.0113 1.0248 1.0042 1.0226 
1.0264 1.0417 1.0492 1.0319 1.0165 1.001 1.0239 1.0177 1.0344 1.0297 1.0272 1.013 1.0224 1.004 1.0034 1.0018 1.0451 1.0129 1.049 1.0063 1.0202 1.0251 1.0266 1.024 1.0499 
1.0249 1.0421 1.0437 1.0269 1.0448 1.023 1.0425 1.042 1.0261 1.0115 1.0444 1.0414 1.0187 1.0095 1.0025 1.0197 1.0026 1.0037 1.025 1.049 1.0305 1.0215 1.0367 1.049 1.0157 
1.0139 1.0469 1.0311 1.0274 1.0009 1.0084 1.036 1.0197 1.0222 1.0023 1.042 1.0351 1.0459 1.0383 1.0092 1.0118 1.0128 1.0273 1.0312 1.0429 1.0342 1.0327 1.0073 1.0144 1.0031 
1.0109 1.0392 1.0145 1.0337 1.0104 1.0069 1.0184 1.0194 1.02 1.0116 1.0046 1.0303 1.0499 1.0339 1.0344 1.0307 1.0045 1.049 1.0306 1.0109 1.0045 1.0032 1.0315 1.0471 1.0216 
1.0291 1.0205 1.0341 1.0428 1.029 1.0314 1.0001 1.0495 1.0488 1 1.0129 1.0434 1.0267 1.0129 1.01 1.0116 1.0302 1.0316 1.0472 1.0203 1.02 1.0054 1.0044 1.0394 1.0407 
1.0416 1.0024 1.0339 1.0184 1.0356 1.0361 1.0279 1.0483 1.0203 1.0147 1.0422 1.0092 1.0334 1.0204 1.0029 1.0111 1.0175 1.0014 1.0275 1.0054 1.0314 1.0344 1.0141 1.0253 1.0015 
1.0037 1.0134 1.0095 1.033 1.0113 1.0185 1.037 1.0346 1.0245 1.0178 1.0271 1.0118 1.0361 1.034 1.0059 1.017 1.044 1.0087 1.0273 1.018 1.0206 1.0429 1.0293 1.0158 1.0113 
1.0228 1.0248 1.0435 1.0226 1.0264 1.0125 1.0404 1.0141 1.0443 1.0028 1.0085 1.0239 1.0208 1.0317 1.048 1.0435 1.0152 1.0442 1.0385 1.0275 1.0034 1.0392 1.0146 1.0401 1.0182 
1.0316 1.0434 1.039 1.048 1.0106 1.0264 1.0204 1.0378 1.029 1.0097 1.0394 1.0375 1.0042 1.0034 1.016 1.0193 1.0122 1.0103 1.019 1.0046 1.0382 1.0029 1.049 1.0338 1.0465 
1.0348 1.0488 1.04 1.0127 1.0393 1.0332 1.0147 1.0252 1.0349 1.0213 1.0334 1.0053 1.0066 1.0497 1.0023 1.0008 1.008 1.0237 1.0127 1.0399 1.0178 1.0399 1.0238 1.039 1.0343 
1.0312 1.0115 1.0242 1.0194 1.0467 1.0225 1.0192 1.0072 1.0463 1.0312 1.0409 1.046 1.0004 1.0405 1.027 1.0324 1.0377 1.044 1.0448 1.016 1.0396 1.0181 1.0314 1.0499 1.049 
1.0041 1.0062 1.0168 1.0321 1.0341 1.0196 1.0405 1.0231 1.0163 1.0308 1.0198 1.0081 1.032 1.0363 1.0065 1.0208 1.0169 1.0321 1.0462 1.011 1.0098 1.0178 1.016 1.0197 1.038 
1.0033 1.0165 1.0231 1.0278 1.0008 1.0451 1.0165 1.0003 1.0397 1.0091 1.0318 1.0482 1.0256 1.003 1.0186 1.0073 1.0194 1.0325 1.0244 1.031 1.0069 1.017 1.0239 1.0043 1.0482 
1.0497 1.024 1.0313 1.0368 1.0072 1.0033 1.0268 1.0093 1.0493 1.0228 1.0032 1.0009 1.0367 1.0123 1.0199 1.0009 1.0328 1.0246 1.0357 1.0174 1.0134 1.039 1.0028 1.0318 1.0081 
1.0333 1.0369 1.006 1.0175 1.0457 1.0266 1.0015 1.0189 1.0213 1.0354 1.0155 1.0374 1.0022 1.0082 1.038 1.0277 1.011 1.0302 1.009 1.0356 1.0463 1.0375 1.0238 1.0282 1.0086 
1.0378 1.0173 1.0468 1.0402 1.0269 1.0034 1.0028 1.0346 1.0348 1.0398 1.0009 1.0001 1.0038 1.0245 1.0187 1.0474 1.0473 1.0136 1.0326 1.0111 1.0172 1.0381 1.0245 1.0458 1.02 
1.0375 1.0397 1.0401 1.0453 1.0427 1.0078 1.0281 1.0405 1.0062 1.0265 1.0362 1.0409 1.0464 1.0022 1.025 1.0315 1.0304 1.0008 1.0092 1.0391 1 1.0431 1.0466 1.0406 1.0136 
1.0061 1.0096 1.0145 1.0358 1.0344 1.0083 1.0018 1.0412 1.0415 1.0162 1.0075 1.0426 1.0203 1.0204 1.005 1.0073 1.0092 1.015 1.016 1.0237 1.0372 1.0166 1.0322 1.0082 1.0379 
1.0493 1.0458 1.038 1.0116 1.0489 1.007 1.0488 1.0119 1.0013 1.0244 1.0269 1.0315 1.0189 1.03 1.0065 1.017 1.0317 1.0327 1.0049 1.0098 1.0421 1.0301 1.0486 1.0194 1.0495 
1.003 1.0448 1.0214 1.0148 1.0369 1.0423 1.0239 1.0316 1.0433 1.0453 1.0462 1.0343 1.0131 1.0455 1.0447 1.0015 1.0047 1.0115 1.0153 1.0444 1.0002 1.0085 1.0401 1.0214 1.032 
1.0349 1.0226 1.0395 1.0203 1.0005 1.0223 1.0436 1.0396 1.0431 1.0207 1.0211 1.0404 1.0409 1.0112 1.0145 1.0113 1.0022 1.0483 1.0185 1.0438 1.0184 1.0134 1.0494 1.0461 1.0096 
1.0183 1.0177 1.0064 1.0078 1.0416 1.0246 1.0498 1.015 1.0148 1.0279 1.021 1.0417 1.0202 1.0289 1.0196 1.0288 1.0035 1.0264 1.0359 1.0434 1.016 1.0217 1.0127 1.0396 1.0445 
1.0402 1.0055 1.037 1.0407 1.0456 1.0494 1.0184 1.0181 1.0411 1.0142 1.0302 1.0469 1.0151 1.0405 1.0011 1.0108 1.0427 1.0227 1.0168 1.0063 1.0451 1.0472 1.036 1.0372 1.0177 
1.0382 1.0051 1.0458 1.0239 1.0433 1.0119 1.0372 1.031 1.0031 1.0134 1.0135 1.0419 1.0182 1.0318 1.0482 1.0063 1.0376 1.0066 1.0449 1.0448 1.0185 1.0194 1.0177 1.035 1.0143 
1.0016 1.0148 1.0093 1.0094 1.0187 1.0179 1.0449 1.0033 1.0432 1.0216 1.0499 1.0325 1.0007 1.0349 1.0118 1.0324 1.018 1.013 1.0246 1.0233 1.0211 1.0446 1.028 1.005 1.0369 
1.0159 1.0426 1.0314 1.0265 1.0416 1.0488 1.0328 1.0378 1.0434 1.0467 1.0268 1.0117 1.0215 1.0305 1.0392 1.0064 1.0287 1.0134 1.0193 1.0308 1.0483 1.0497 1.0416 1.01 1.0075 
1.0077 1.0383 1.0276 1.0458 1.0102 1.0469 1.0029 1.0001 1.0263 1.0332 1.0261 1.0212 1.0478 1.0068 1.0253 1.0044 1.037 1.0296 1.0197 1.0258 1.0403 1.0452 1.0129 1.0198 1.0019 
1.0031 1.0041 1.0103 1.0315 1.0198 1.0106 1.0258 1.0097 1.02 1.0194 1.0158 1.0497 1.0383 1.0016 1.0091 1.0338 1.0111 1.0418 1.0174 1.0115 1.0362 1.0299 1.0003 1.0409 1.0048 
1.0212 1.0308 1.029 1.0455 1.0121 1.035 1.0146 1.0358 1.0268 1.0133 1.0297 1.0277 1.0029 1.0448 1.0337 1.0389 1.0156 1.0477 1.0398 1.0225 1.0119 1.0382 1.0183 1.0428 1.0012 
1.0201 1.0159 1.0229 1.0254 1.0018 1.0236 1.0223 1.0219 1.0462 1.0478 1.0095 1.0157 1.005 1.0247 1.0098 1.0211 1.0216 1.0434 1.0283 1.0019 1.0249 1.007 1.018 1.0049 1.0372 
1.0128 1.0448 1.0282 1.0038 1.0071 1.0281 1.0054 1.045 1.0494 1.0067 1.0247 1.0127 1.0316 1.0157 1.0008 1.0304 1.0408 1.0242 1.0241 1.0247 1.0135 1.0203 1.0367 1.0289 1.0342 
1.0219 1.0414 1.044 1.045 1.0174 1.03 1.0055 1.0475 1.0146 1.0337 1.0326 1.0353 1.0111 1.0293 1.0405 1.0237 1.0059 1.0026 1.0082 1.0155 1.0482 1.0339 1.0173 1.0411 1.029 
1.0496 1.0296 1.0237 1.026 1.0003 1.0311 1.0065 1.0109 1.0103 1.0442 1.0375 1.0072 1.0038 1.0028 1.0352 1.0437 1.0164 1.0423 1.0193 1.0387 1.0213 1.0269 1.0163 1.0301 1.0423 
1.024 1.0344 1.0394 1.0478 1.0202 1.0051 1.0273 1.0132 1.0462 1.0418 1.0155 1.0089 1.0267 1.038 1.0425 1.0165 1.0082 1.0321 1.01 1.0431 1.0322 1.0438 1.0348 1.0066 1.0412 
1.0264 1.0175 1.0034 1.0039 1.0477 1.0373 1.0194 1.0133 1.0012 1.0225 1.0459 1.0314 1.0285 1.0249 1.0243 1.0149 1.0461 1.0139 1.0095 1.0165 1.0418 1.0087 1.0462 1.0329 1.0306 
1.016 1.0079 1.0451 1.0001 1.0391 1.02 1.025 1.0353 1.0377 1.0248 1.0466 1.0042 1.0035 1.0142 1.0164 1.0069 1.0371 1.002 1.019 1.0263 1.0453 1.0046 1.04 1.0122 1.0029 
1.0266 1.0036 1.0312 1.0463 1.0312 1.0291 1.0432 1.0142 1.0354 1.0492 1.0041 1.0061 1.0342 1.0336 1.0256 1.0492 1.0315 1.0363 1.0454 1.0299 1.0228 1.0146 1.0002 1.0292 1.0399 
1.0265 1.03 1.0069 1.0377 1.04 1.0273 1.0471 1.0046 1.0436 1.0085 1.0441 1.0316 1.0251 1.0075 1.0344 1.0399 1.0312 1.0487 1.0268 1.012 1.0175 1.0118 1.0351 1.043 1.0029 
1.0201 1.0125 1.0301 1.0067 1.0111 1.0316 1.034 1.0036 1.0437 1.0033 1.0424 1.0008 1.0027 1.0214 1.0383 1.041 1.0421 1.0053 1.0266 1.0366 1.0189 1.0125 1.0059 1.0232 1.0194 
1.0171 1.0282 1.0447 1.0358 1.0352 1.0062 1.0057 1.02 1.0421 1.029 1.0285 1.0241 1.0103 1.0325 1.0487 1.0344 1.0229 1.0263 1.0225 1.0379 1.0106 1.0229 1.0098 1.0236 1.0315 
1.0002 1.0199 1.0008 1.0177 1.045 1.0167 1.0411 1.011 1.0231 1.0471 1.044 1.049 1.0379 1.0062 1.0294 1.0312 1.025 1.0303 1.0279 1.0146 1.0069 1.0393 1.0384 1.0453 1.0053 
1.019 1.0298 1.006 1.0039 1.0091 1.0071 1.0227 1.0056 1.0455 1.0343 1.0291 1.012 1.0022 1.0349 1.0409 1.0421 1.0207 1.0409 1.0129 1.0089 1.0186 1.0024 1.0136 1.0352 1.0027 
1.0194 1.0499 1.0023 1.0323 1.035 1.0289 1.0379 1.0184 1.0098 1.005 1.047 1.031 1.0465 1.0238 1.0239 1.0013 1.0051 1.0325 1.0193 1.0224 1.0416 1.034 1.0226 1.0025 1.0351 
1.0161 1.0368 1.0054 1.0124 1.0182 1.0387 1.0042 1.0496 1.0088 1.018 1.0064 1.0228 1.0465 1.0373 1.0162 1.0177 1.0458 1.045 1.0431 1.0314 1.0474 1.0324 1.0358 1.0031 1.0234 
1.0492 1.0226 1.0412 1.016 1.0375 1.0198 1.0169 1.0346 1.0359 1.0392 1.0456 1.0223 1.0036 1.0035 1.0243 1.0399 1.0464 1.0465 1.0437 1.0229 1.0323 1.0454 1.0171 1.0422 1.0143 
1.0116 1.0479 1.0085 1.0363 1.0417 1.0263 1.0306 1.0079 1.0272 1.0102 1.0303 1.0447 1.0377 1.0304 1.0044 1.0016 1.0376 1.0112 1.0477 1.0063 1.037 1.0035 1.0022 1.0071 1.0165 
1.0282 1.0242 1.0405 1.0293 1.033 1.0452 1.0217 1.0092 1.0247 1.0361 1.01 1.0491 1.0271 1.0162 1.0016 1.0361 1.0141 1.0422 1.0412 1.0384 1.0246 1.0411 1.0185 1.0241 1.0074 
