10
50
96 99 92 90 96 90 92 93 96 93 97 96 100 98 98 99 90 93 91 98 90 91 95 98 98 99 97 90 97 96 95 94 99 99 90 99 92 97 97 92 97 97 95 97 96 95 97 91 95 1 
108 97 165 13 96 184 176 19 133 150 
1.0195 1.0139 1.0468 1.0498 1.0083 1.0139 1.0015 1.0121 1.0493 1.0326 
1.0222 1.0338 1.0328 1.0081 1.0399 1.0478 1.0391 1.0023 1.0443 1.0334 
1.0243 1.0349 1.0202 1.0207 1.0002 1.0141 1.0187 1.0346 1.0391 1.0137 
1.0413 1.04 1.0316 1.019 1.0162 1.0435 1.0126 1.041 1.0377 1.0382 
1.026 1.0189 1.0205 1.0374 1.0163 1.0222 1.0195 1.0066 1.036 1.0038 
1.0088 1.0311 1.0245 1.0467 1.0425 1.0367 1.0189 1.0042 1.0063 1.0047 
1.0002 1.0117 1.0099 1.0023 1.0226 1.0203 1.0048 1.0051 1.007 1.0136 
1.0458 1.0467 1.0456 1.0405 1.0031 1.0462 1.0319 1.0475 1.0056 1.0031 
1.0495 1.0044 1.0091 1.0303 1.0388 1.0415 1.045 1.0319 1.0272 1.0291 
1.0383 1.0133 1.0275 1.0142 1.0069 1.03 1.0454 1.0078 1.0085 1.0257 
1.0333 1.0393 1.049 1.0103 1.025 1.0233 1.0222 1.0271 1.0111 1.049 
1.0338 1.0141 1.0258 1.0047 1.0352 1.0158 1.0479 1.0302 1.0183 1.049 
1.0002 1.0068 1.0422 1.0395 1.0135 1.0008 1.0361 1.0242 1.0194 1.0199 
1.0188 1.0178 1.0042 1.0357 1.0441 1.0347 1.0469 1.0345 1.038 1.0413 
1.0464 1.021 1.0061 1.0385 1.0073 1.0004 1.0462 1.0203 1.0102 1.0069 
1.0154 1.0029 1.0052 1.0074 1.0149 1.023 1.0244 1.0344 1.0049 1.0118 
1.0065 1.0363 1.0052 1.0273 1.047 1.0231 1.0247 1.0011 1.0369 1.0398 
1.0498 1.0103 1.0352 1.0179 1.0053 1.0043 1.0022 1.0088 1.0063 1.0334 
1.035 1.0022 1.024 1.0411 1.0492 1.0151 1.008 1.0477 1.0116 1.0376 
1.0178 1.022 1.0115 1.0348 1.0298 1.0179 1.0135 1.0357 1.0383 1.0162 
1.0402 1.0262 1.042 1.027 1.0022 1.0273 1.0341 1.0186 1.0388 1.0417 
1.0217 1.0392 1.0198 1.0267 1.0249 1.0065 1.0389 1.0432 1.0119 1.0081 
1.0003 1.013 1.0028 1.0131 1.0089 1.0152 1.013 1.0172 1.0364 1.0407 
1.0295 1.0428 1.0181 1.049 1.011 1.0177 1.0071 1.0236 1.0459 1.0143 
1.034 1.0133 1.0037 1.0393 1.013 1.0274 1.0493 1.0282 1.0203 1.0461 
1.029 1.0162 1.0307 1.0497 1.0151 1.0423 1.039 1.0217 1.014 1.0203 
1.0066 1.0383 1.0161 1.0159 1.0245 1.0386 1.0151 1.0265 1.0101 1.034 
1.0209 1.0497 1.0283 1.025 1.0058 1.0421 1.0175 1.0081 1.0287 1.0271 
1.0287 1.0499 1.0004 1.0479 1.0138 1.02 1.003 1.0461 1.0118 1.0205 
1.004 1.0328 1.0459 1.0122 1.0398 1.026 1.0098 1.0435 1.0481 1.0114 
1.0067 1.0493 1.0096 1.0161 1.0246 1.0038 1.017 1.0038 1.0476 1.0055 
1.0417 1.0371 1.026 1.0252 1.0258 1.0433 1.0255 1.0065 1.0226 1.0401 
1.0034 1.0259 1.0393 1.0048 1.0273 1.0292 1.0193 1.0433 1.0137 1.0103 
1.019 1.0211 1.0194 1.0168 1.0127 1.0498 1.0489 1.0248 1.0379 1.0147 
1.0149 1.0431 1.0169 1.0375 1.0098 1.0449 1.0436 1.0099 1.0123 1.0443 
1.0231 1.0154 1.0361 1.0434 1.0385 1.0467 1.0316 1.0393 1.0204 1.0366 
1.0453 1.0308 1.0223 1.0184 1.0292 1.0167 1.0048 1.0469 1.043 1.0311 
1.0314 1.009 1.0427 1.0243 1.0104 1.0099 1.0474 1.0195 1.0006 1.0158 
1.0089 1.0358 1.0309 1.0389 1.0447 1.004 1.0318 1.0364 1.0475 1.0026 
1.0089 1.0003 1.0066 1.0412 1.034 1.007 1.0176 1.0395 1.0141 1.0486 
1.0151 1.0109 1.0187 1.0083 1.0085 1.039 1.025 1.0186 1.0255 1.0381 
1.0128 1.0002 1.0277 1.0362 1.0424 1.0065 1.0372 1.0332 1.0385 1.0428 
1.0146 1.0389 1.0478 1.0383 1.0425 1.0265 1.026 1.0045 1.0278 1.0321 
1.0355 1.002 1.0427 1.0273 1.0134 1.0251 1.0175 1.0336 1.0334 1.0001 
1.0237 1.031 1.0474 1.009 1.0356 1.0071 1.008 1.0435 1.0145 1.0282 
1.0325 1.0218 1.0073 1.0212 1.0037 1.0498 1.0405 1.0162 1.0217 1.0192 
1.0039 1.0047 1.0446 1.0103 1.0231 1.0115 1.0339 1.0358 1.0329 1.0145 
1.0394 1.0199 1.0145 1.0272 1.0175 1.0362 1.0072 1.0273 1.048 1.0238 
1.0397 1.0042 1.0108 1.0203 1.0277 1.0125 1.0134 1.0401 1.0078 1.0382 
1.0169 1.0236 1.0478 1.0439 1.0138 1.0221 1.0426 1.0163 1.0177 1.0075 
