10
500
48 87 61 11 83 42 65 34 20 53 55 22 17 72 95 20 76 11 49 38 63 6 66 98 93 13 36 11 16 42 12 3 71 42 56 87 75 86 32 80 93 50 84 34 44 26 38 22 35 83 51 44 35 5 51 60 95 6 5 44 36 82 30 65 81 90 11 76 1 81 34 27 11 21 83 75 86 18 33 21 73 62 62 29 18 27 44 66 15 26 21 28 97 70 17 66 61 29 16 4 50 32 42 44 88 25 72 55 6 3 15 55 18 40 5 55 20 51 19 98 58 83 81 55 29 84 61 5 79 51 22 70 47 92 36 24 28 17 26 53 97 83 29 85 78 11 56 59 82 4 60 60 20 80 44 92 93 50 63 4 85 48 36 45 51 62 4 81 13 50 82 21 91 8 27 93 47 62 57 47 83 58 59 78 77 18 25 76 88 40 31 4 18 8 29 71 56 86 42 52 15 73 37 80 52 73 73 84 3 82 6 98 31 34 21 98 92 94 98 18 46 72 80 72 94 15 28 66 89 61 60 94 86 34 45 29 78 22 40 83 9 53 59 63 72 98 56 90 12 5 1 96 32 15 40 95 23 51 21 14 15 26 74 89 66 73 21 32 5 43 7 39 12 55 34 64 85 65 86 44 64 40 26 65 46 80 44 82 89 93 53 73 26 66 10 38 76 33 40 30 96 73 67 22 42 63 7 96 84 95 43 74 66 89 29 51 24 28 40 64 69 18 33 75 56 19 3 64 26 49 35 33 58 96 19 22 17 53 15 26 18 96 65 15 17 37 21 48 35 65 82 93 20 96 24 23 69 63 97 15 5 55 98 24 25 43 73 55 35 94 52 90 67 23 3 22 98 66 75 28 81 46 35 45 83 97 51 89 66 28 49 55 88 82 83 58 68 88 49 55 81 54 72 2 51 75 14 74 81 55 25 29 3 69 72 15 86 88 1 21 79 87 20 75 39 58 2 60 91 59 74 79 26 96 91 40 19 3 68 73 16 80 59 64 70 84 76 21 40 30 14 36 79 63 83 88 98 7 22 31 36 24 86 9 20 83 81 60 57 1 43 39 40 14 30 19 91 85 40 4 40 83 94 24 67 24 21 26 98 50 77 40 75 1 34 43 2 73 75 87 
8 1 35 21 26 15 3 13 37 26 
1.0107 1.0079 1.0469 1.0307 1.0404 1.0169 1.0243 1.0158 1.0227 1.0467 
1.0255 1.0368 1.0019 1.0071 1.0345 1.0283 1.0008 1.0391 1.0126 1.0416 
1.0096 1.0255 1.0266 1.0424 1.0205 1.0408 1.0173 1.0173 1.045 1.0377 
1.0433 1.0144 1.0084 1.0061 1.0086 1.0214 1.0355 1.0237 1.0306 1.0075 
1.0493 1.002 1.0201 1.021 1.0118 1.0172 1.0268 1.0014 1.0021 1.0046 
1.0313 1.0313 1.0138 1.0141 1.0114 1.0011 1.0068 1.049 1.0179 1.0001 
1.0293 1.0152 1.0441 1.0115 1.0283 1.0215 1.0413 1.0318 1.0033 1.0238 
1.0324 1.0459 1.0202 1.0049 1.0024 1.0376 1.0426 1.0303 1.0167 1.0199 
1.0415 1.014 1.0235 1.012 1.0134 1.0487 1.0233 1.0293 1.025 1.0098 
1.0441 1.0458 1.0064 1.0313 1.0258 1.0291 1.0435 1 1.0191 1.0289 
1.009 1.0479 1.0174 1.0141 1.0284 1.0037 1.0171 1.0177 1.043 1.0352 
1.0339 1.014 1.0436 1.0134 1.047 1.0412 1.0209 1.0453 1.0299 1.047 
1.0308 1.0095 1.04 1.0182 1.0071 1.0253 1.0096 1.0228 1.0065 1.0108 
1.041 1.0182 1.0281 1.0277 1.0026 1.019 1.0116 1.0157 1.0307 1.0046 
1.0331 1.0252 1.0181 1.0415 1.0081 1.0147 1.0351 1.0191 1.0054 1.0047 
1.0284 1.0014 1.0053 1.0201 1.021 1.0362 1.0068 1.0211 1.0499 1.0218 
1.0453 1.0124 1.0243 1.0404 1.0074 1.0258 1.0189 1.0214 1.0408 1.0015 
1.031 1.0035 1.0165 1.0014 1.0383 1.0298 1.0413 1.0228 1.0159 1.0075 
1.0074 1.0054 1.0028 1.0364 1.0054 1.0136 1.0476 1.0378 1.0444 1.0435 
1.0343 1.0092 1.0134 1.0291 1.0043 1.0252 1.0042 1.0364 1.0268 1.0289 
1.016 1.0142 1.0313 1.028 1.0411 1.0426 1.0275 1.0106 1.0246 1.0351 
1.012 1.0001 1.0312 1.0301 1.0203 1.0234 1.0171 1.0013 1.0018 1.0194 
1.0234 1.0253 1.0372 1.0347 1.0473 1.0317 1.0412 1.0106 1.0165 1.0115 
1.0234 1.0227 1.0324 1.0498 1.0324 1.0305 1.019 1.0321 1.0211 1.0086 
1.042 1.0458 1.0448 1.0329 1.0185 1.0429 1.0313 1.007 1.0287 1.0139 
1.014 1.0125 1.0144 1.0038 1.0358 1.0019 1.0285 1.0339 1.044 1.027 
1.033 1.0269 1.039 1.0308 1.0447 1.0472 1.0372 1.0021 1.0261 1.0378 
1.0417 1.0296 1.0068 1.0113 1.0301 1.0002 1.0017 1.0157 1.0426 1.0253 
1.0311 1.025 1.0327 1.0145 1.0486 1.0241 1.0209 1.0148 1.0483 1.0152 
1.0357 1.0363 1.003 1.0436 1.0338 1.0351 1.0029 1.0379 1.0199 1.0193 
1.0256 1.0285 1.0216 1.049 1.0042 1.0342 1.0289 1.0086 1.0039 1.0213 
1.021 1.0007 1.0138 1.0475 1.0045 1.0308 1.0249 1.0323 1.0398 1.0474 
1.0198 1.0248 1.0149 1.0127 1.0237 1.0303 1.0045 1.0413 1.0435 1.0231 
1.0231 1.0169 1.0021 1.0079 1.0496 1.0161 1.0289 1.0371 1.0271 1.0263 
1.0392 1.0441 1.0202 1.0451 1.0493 1.0441 1.0444 1.0059 1.0061 1.0358 
1.0459 1.0008 1.0355 1.0048 1.0015 1.0456 1.0258 1.0067 1.0347 1.025 
1.0445 1.0201 1.0106 1.0453 1.0234 1.0071 1.0244 1.0073 1.0478 1.0047 
1.0019 1.0106 1.0087 1.0426 1.0464 1.0283 1.0355 1.04 1.0154 1.0426 
1.0457 1.0164 1.0333 1.0268 1.0402 1.0131 1.0103 1.0063 1.0309 1.0467 
1.0339 1.0158 1.047 1.0388 1.045 1.0169 1.0251 1.0385 1.0246 1.0226 
1.0336 1.0183 1.0289 1.0039 1.0045 1.0367 1.0198 1.0361 1.0193 1.0301 
1.0025 1.036 1.0382 1.0405 1.0221 1.02 1.031 1.0041 1.0009 1.0316 
1.0283 1.0359 1.0023 1.04 1.0107 1.0356 1.0065 1.0292 1.0337 1.0189 
1.0421 1.0087 1.0312 1.0054 1.0052 1.0338 1.0093 1.0204 1.0166 1.0086 
1.0303 1.0287 1.0352 1.0399 1.0383 1.0287 1.0457 1.0329 1.0308 1.0214 
1.0081 1.0202 1.0176 1.0107 1.0426 1.0246 1.0011 1.0062 1.0241 1.0152 
1.0396 1.0232 1.0021 1.0166 1.0182 1.0292 1.0498 1.0398 1.02 1.0226 
1.0466 1.0093 1.0468 1.0394 1.0146 1.0161 1.0453 1.0332 1.0175 1.0343 
1.0451 1.0319 1.0079 1.0295 1.0159 1.0156 1.0481 1.0162 1.0399 1.0157 
1.0481 1.0231 1.0471 1.0305 1.0326 1.0133 1.0477 1.0261 1.0262 1.0005 
1.0242 1.03 1.0292 1.0024 1.0497 1.0123 1.0137 1.0191 1.0223 1.0336 
1.0141 1.0469 1.0248 1.0379 1.0247 1.0285 1.0313 1.0225 1.0414 1.0193 
1.0438 1.0453 1.0469 1.033 1.0246 1.0477 1.0289 1.0237 1.0253 1.0254 
1.0429 1.0061 1.0466 1.0266 1.0406 1.0218 1.0489 1.0133 1 1.0385 
1.043 1.0173 1.0421 1.0441 1.0034 1.0419 1.0313 1.0021 1.0357 1.0347 
1.0018 1.0279 1.0357 1.0495 1.0141 1.0441 1.0351 1.0162 1.0388 1.0426 
1.0323 1.0454 1.0065 1.0055 1.0297 1.0081 1.0167 1.0286 1.0301 1.0048 
1.0127 1.049 1.029 1.0033 1.0178 1.0421 1.0366 1.0354 1.0417 1.0203 
1.0152 1.0133 1.0453 1.0435 1.0176 1.0413 1.0345 1.0335 1.0248 1.0323 
1.0204 1.0151 1.0291 1.0278 1.0187 1.0362 1.0298 1.0012 1.0034 1.0345 
1.008 1.0116 1.0126 1.0376 1.0354 1.0379 1.0176 1.0114 1.0395 1.0028 
1.0451 1.0346 1.043 1.0471 1.0212 1.0111 1.0402 1.0378 1.0413 1.0209 
1.0345 1.0193 1.015 1.0334 1.0052 1.0032 1.0027 1.048 1.0442 1.0335 
1.0301 1.0211 1.0231 1.0318 1.0321 1.0029 1.0082 1.0256 1.0207 1.046 
1.0226 1.0481 1.0488 1.0428 1.0402 1.0329 1.0385 1.0293 1.0336 1.0179 
1.0429 1.038 1.0191 1.0358 1.0468 1.0397 1.0455 1.0454 1.0034 1.0023 
1.0072 1.0174 1.0055 1.0007 1.0413 1.0257 1.0484 1.0058 1.0344 1.0251 
1.0235 1.0134 1.0023 1.0182 1.0082 1.0203 1.0348 1.0452 1.0093 1.0402 
1.0301 1.0002 1.0121 1.0478 1.0205 1.0177 1.0271 1.0037 1.0211 1.0476 
1.037 1.0461 1.0209 1.043 1.0252 1.0023 1.0383 1.0038 1.0336 1.0191 
1.0413 1.0496 1.0252 1.005 1.0241 1.0258 1.0007 1.0084 1.0226 1.0163 
1.0129 1.0166 1.0378 1.0298 1.0469 1.0059 1.0252 1.0054 1.0468 1.0418 
1.0253 1.0456 1.0381 1.0148 1.0244 1.0082 1.0448 1.0085 1.0081 1.0387 
1.0347 1.0276 1.044 1.0203 1.0082 1.0122 1.0289 1.0301 1.0213 1.0371 
1.0397 1.033 1.0044 1.0013 1.0206 1.0143 1.0133 1.0033 1.03 1.0474 
1.0334 1.0171 1.0037 1.0452 1.0161 1.0024 1.0246 1.0387 1.0264 1.0026 
1.0274 1.0498 1.017 1.0012 1.0247 1.0129 1.0185 1.0003 1.0438 1.0064 
1.0138 1.0448 1.0368 1.0134 1.0025 1.0142 1.0414 1.0042 1.0026 1.0391 
1.0492 1.0232 1.044 1.0238 1.031 1.0412 1.0488 1.0187 1.0423 1.0179 
1.0418 1.0378 1.0487 1.0187 1.0173 1.0489 1.003 1.0305 1.0049 1.0081 
1.0181 1.0458 1.0432 1.0319 1.0281 1.0029 1.0058 1.0455 1.0421 1.0194 
1.0238 1.028 1.0345 1.04 1.0228 1.0221 1.0345 1.0478 1.0085 1.0315 
1.0122 1.0341 1.0195 1.0213 1.0267 1.0037 1.0441 1.0377 1.0162 1.038 
1.0298 1.0016 1.0033 1.0359 1.0429 1.0107 1.0456 1.0054 1.0494 1.0122 
1.0404 1.0227 1.0079 1.0201 1.0086 1.0362 1.0469 1.0265 1.0401 1.0224 
1.0463 1.0478 1.01 1.0294 1.0479 1.0035 1.0455 1.022 1.0004 1.0005 
1.0387 1.024 1.0085 1.0167 1.0035 1.0303 1.0212 1.0093 1.0086 1.0322 
1.0017 1.0052 1.0331 1.0198 1.0071 1.0274 1.0244 1.0083 1.0035 1.0482 
1.0334 1.0185 1.0244 1.0362 1.0484 1.0276 1.0255 1.0387 1.0146 1.0176 
1.038 1.0285 1.0124 1.0392 1.0464 1.0399 1.0019 1.0255 1.0045 1.0337 
1.027 1.0191 1.0374 1.0157 1.0193 1.009 1.0224 1.0238 1.0327 1.0034 
1.0326 1.0024 1.0186 1.0022 1.0335 1.0008 1.0347 1.0102 1.0301 1.0282 
1.0193 1.0433 1.0032 1.0284 1.0434 1.0309 1.002 1.0348 1.0108 1.0143 
1.0176 1.0359 1.025 1.0132 1.0415 1.0316 1.0471 1.0315 1.0188 1.0187 
1.0214 1.0036 1.0146 1.0242 1.0323 1.0358 1.0056 1.0075 1.0364 1.0096 
1.0267 1.0004 1.024 1.002 1.0139 1.0388 1.048 1.0389 1.0474 1.035 
1.0111 1.0017 1.0033 1.0494 1.0171 1.0126 1.0319 1.0183 1.024 1.0214 
1.0405 1.0099 1.0425 1.0452 1.0363 1.0458 1.0405 1.0477 1.0479 1.0345 
1.0156 1.0199 1.0399 1.0305 1.0222 1.0125 1.0331 1.0403 1.0407 1.0463 
1.0073 1.0281 1.0235 1.0395 1.0296 1.0468 1.0323 1 1.0135 1.0376 
1.0261 1.0054 1.0226 1.0307 1.0389 1.019 1.0409 1.0298 1.0045 1.036 
1.0356 1.0216 1.0179 1.0322 1.0243 1.044 1.0331 1.0362 1.0451 1.0186 
1.0426 1.0247 1.02 1.0449 1.0337 1.022 1.0057 1.0087 1.017 1.009 
1.0437 1.0252 1.039 1.0067 1.0487 1.0031 1.0406 1.047 1.0316 1.0091 
1.0451 1.0413 1.0423 1.0477 1.0368 1.0261 1.0209 1.0367 1.0017 1.0241 
1.0059 1.0053 1.0462 1.0465 1.0305 1.0201 1.0404 1.0364 1.0428 1.0316 
1.028 1.008 1.0438 1.0439 1.0202 1.011 1.0472 1.0075 1.0487 1.0057 
1.0448 1.0169 1.005 1.0242 1.0364 1.0464 1.0495 1.032 1.0007 1.0348 
1.0017 1.0037 1.0163 1.0331 1.0311 1.0458 1.0435 1.0122 1.0377 1.036 
1.0165 1.0471 1.0396 1.0199 1.0146 1.03 1.0101 1.0001 1.0413 1.0363 
1.0481 1.0294 1.0037 1.0331 1.0331 1.0075 1.0311 1.0473 1.0473 1.0116 
1.048 1.0116 1.0366 1.0115 1.0023 1.031 1.0408 1.0038 1.0434 1.0264 
1.0255 1.0471 1.0044 1.0488 1.017 1.045 1.0206 1.0401 1.048 1.0223 
1.0294 1.0242 1.0143 1.0034 1.0112 1.0419 1.0305 1.0371 1.0113 1.0348 
1.0426 1.0345 1.0036 1.0103 1.0082 1.007 1.0311 1.0324 1.0329 1.0131 
1.0049 1.0183 1.0028 1.0318 1.0254 1.0422 1.0127 1.0417 1.002 1.0112 
1.0255 1.0485 1.0047 1.0109 1.0406 1.0243 1.0031 1.0471 1.0473 1.025 
1.0368 1.032 1.0082 1.0477 1.0415 1.0317 1.0477 1.0158 1.0415 1.0134 
1.0095 1.0211 1.029 1.0207 1.0473 1.0251 1.0001 1.0414 1.0199 1.0229 
1.0165 1.0238 1.0097 1.0089 1.0016 1.0016 1.0342 1.0399 1.0024 1.0032 
1.0126 1.026 1.009 1.0242 1.0307 1.0298 1.0189 1.0161 1.012 1.0063 
1.0475 1.0316 1.033 1.0293 1.0068 1.0095 1.0432 1.0052 1.0139 1.0029 
1.0225 1.0093 1.0246 1.0123 1.0275 1.0102 1.0065 1.0367 1.0162 1.0058 
1.0149 1.015 1.0349 1.0414 1.0005 1.0086 1.038 1.0403 1.0262 1.0349 
1.0139 1.0434 1.0311 1.0102 1.0334 1.0438 1.0091 1.0417 1.0465 1.0161 
1.0038 1.0412 1.0186 1.0225 1.0234 1.0311 1.024 1.0484 1.0007 1.0186 
1.045 1.005 1.0032 1.0108 1.0481 1.0079 1.0095 1.0444 1.0019 1.0432 
1.0174 1.0327 1.0381 1.0042 1.0192 1.0307 1.001 1.0284 1.04 1.0171 
1.0423 1.0444 1.0484 1.0066 1.0201 1.0458 1.0396 1.0385 1.0273 1.0356 
1.0332 1.0348 1.0004 1.0057 1.0396 1.0428 1.012 1.0391 1.0482 1.026 
1.0013 1.007 1.0457 1.0012 1.0291 1.0391 1.0368 1.0405 1.0242 1.0249 
1.0401 1.0129 1.0183 1.0467 1.0011 1.0146 1.0067 1.0363 1.037 1.0131 
1.0178 1.0301 1.0053 1.0154 1.0221 1.0266 1.0296 1.0132 1.0187 1.0075 
1.008 1.0365 1.0361 1.0116 1.0083 1.0323 1.0264 1.0146 1.0041 1.045 
1.0215 1.0097 1.0067 1.0337 1.0145 1.0222 1.0069 1.0391 1.0451 1.0128 
1.0391 1.0067 1.0478 1.0063 1.0327 1.0184 1.0412 1.0214 1.0122 1.0213 
1.006 1.0121 1.0444 1.0176 1.0435 1.0343 1.0017 1.0186 1.0257 1.0362 
1.0393 1.0119 1.0361 1.0099 1.0434 1.0002 1 1.0359 1.0393 1.043 
1.0162 1.0182 1.0491 1.0022 1.0293 1.0083 1.006 1.021 1.0255 1.0444 
1.0093 1.0435 1.0443 1.0148 1.0381 1.0266 1.0249 1.0137 1.0393 1.0259 
1.0249 1.0327 1.0058 1.0244 1.0411 1.0375 1.0175 1.0407 1.016 1.0496 
1.0327 1.0243 1.0452 1.0067 1.007 1.0256 1.0233 1.0192 1.011 1.0088 
1.0142 1.0348 1.0297 1.0298 1.0027 1.0465 1.0381 1.0056 1.0488 1.0396 
1.0377 1.0403 1.0477 1.0258 1.0346 1.0204 1.0077 1.0285 1.0024 1.0037 
1.0134 1.014 1.0039 1.0198 1.0444 1.0338 1.0091 1.0264 1.0159 1.0222 
1.0048 1.0061 1.0302 1.0362 1.0386 1.0269 1.0333 1.0314 1.0183 1.0325 
1.0483 1.0096 1.0463 1.0054 1.0469 1.0262 1.0323 1.0073 1.0177 1.0074 
1.0283 1.0112 1.015 1.0496 1.0305 1.0015 1.0366 1.0392 1.0121 1.0083 
1.023 1.0362 1.0393 1.0191 1.0407 1.0199 1.0076 1.0322 1.0333 1.0362 
1.0439 1.0236 1.0164 1.0291 1.0285 1.0312 1.0008 1.0411 1.0268 1.0237 
1.0433 1.0493 1.0118 1.0356 1.0227 1.0463 1.0421 1.0033 1.0428 1.0139 
1.0285 1.045 1.0392 1.0263 1.0419 1.046 1.0232 1.015 1.0183 1.0199 
1.0058 1.0474 1.0053 1.0304 1.0443 1.0047 1.0001 1.0049 1.017 1.017 
1.0373 1.0205 1.0209 1.0338 1.0031 1.0228 1.0142 1.0333 1.0131 1.0213 
1.044 1.0066 1.0348 1.0371 1.0081 1.0273 1.0041 1.0205 1.0497 1.032 
1.0159 1.0345 1.0064 1.0136 1.0377 1.0166 1.0069 1.024 1.0177 1.0408 
1.0289 1.0234 1.0081 1.0409 1.0046 1.0253 1.0317 1.0462 1.0462 1.013 
1.0163 1.0099 1.0122 1.0473 1.0334 1.0323 1.0294 1.0132 1.0463 1.0114 
1.0028 1.0356 1.0448 1.0208 1.02 1.0107 1.0212 1.0346 1.0466 1.0324 
1.0368 1.0467 1.0218 1.0191 1.0286 1.006 1.0356 1.0159 1.0407 1.0488 
1.0048 1.0271 1.0389 1.0427 1.0067 1.0437 1.0439 1.0285 1.0015 1.0277 
1.0265 1.0494 1.009 1.045 1.0167 1.0007 1.0034 1.0264 1.034 1.0452 
1.0161 1.0301 1.007 1.0108 1.0376 1.0325 1.0363 1.0296 1.0458 1.0288 
1.0299 1.0243 1.0248 1.0331 1.0469 1.0213 1.0042 1.0149 1.012 1.0243 
1.0019 1.0071 1.0315 1.0274 1.0326 1.0374 1.0226 1.0164 1.0193 1.0149 
1.0226 1.0247 1.0163 1.0482 1.0038 1.0147 1.0129 1.0081 1.0101 1.0103 
1.008 1.0414 1.0088 1.0167 1.0201 1.0386 1.0244 1.0164 1.0224 1.0274 
1.0467 1.0415 1.0106 1.0343 1.0393 1.0271 1.0246 1.0177 1.0103 1.0369 
1.0098 1.0033 1.0087 1.0313 1.0315 1.0188 1.013 1.0174 1.0209 1.0098 
1.027 1.009 1.0323 1.0127 1.0434 1.0203 1.0303 1.0101 1.0232 1.0074 
1.0161 1.0322 1.0406 1.0222 1.0334 1.0276 1.0495 1.0151 1.0074 1.0486 
1.0408 1.0283 1.0157 1.0348 1.0049 1.0152 1.037 1.0122 1.0337 1.028 
1.0033 1.0213 1.0395 1.0485 1.0463 1.0326 1.0329 1.0497 1.0243 1.0175 
1.0206 1.0317 1.0076 1.0119 1.0387 1.0392 1.0316 1.0054 1.0137 1.0434 
1.0407 1.0205 1.0319 1.007 1.0301 1.0187 1.0493 1.0353 1.022 1.0228 
1.0411 1.0024 1.0345 1.0384 1.0144 1.0136 1.0416 1.0456 1.0133 1.0463 
1.0465 1.0128 1.0155 1.0462 1.0298 1.0301 1.0036 1.0353 1.0427 1.0253 
1.0444 1.0262 1.0445 1.0319 1.0342 1.0398 1.0254 1.0105 1.048 1.0356 
1.0468 1.0262 1.0241 1.0203 1.0144 1.0073 1.0205 1.0242 1.0468 1.0271 
1.027 1.0254 1.0472 1.0249 1.0478 1.0124 1.0098 1.0242 1.0003 1.0036 
1.0025 1.0146 1.0326 1.043 1.0331 1.0355 1.0051 1.0402 1.0497 1.005 
1.0321 1.0257 1.0018 1.0329 1.0045 1.0385 1.0222 1.0364 1.0411 1.0393 
1.0122 1.0074 1.0265 1.0026 1.0489 1.0449 1.0094 1.0077 1.0389 1.0472 
1.0042 1.0379 1.0298 1.0432 1.0145 1.0049 1.0386 1.0421 1.0421 1.0491 
1.007 1.0167 1.0239 1.0003 1.0255 1.0308 1.0108 1.0374 1.0361 1.0303 
1.0112 1.0259 1.0444 1.0242 1.0204 1.0171 1.0068 1.0336 1.0337 1.0443 
1.0454 1.049 1.0004 1.0052 1.0155 1.0471 1.0207 1.012 1.0497 1.0133 
1.0419 1.0041 1.0232 1.0295 1.0212 1.0127 1.0167 1.0356 1.0082 1.0209 
1.0167 1.01 1.011 1.0401 1.0447 1.0433 1.0008 1.0048 1.048 1.0483 
1.029 1.0468 1.0254 1.0413 1.0305 1.0428 1.01 1.032 1.0038 1.0031 
1.0033 1.042 1.0187 1.0432 1.0072 1.0202 1.0163 1.0353 1.0149 1.0243 
1.0416 1.0132 1.02 1.0159 1.0151 1.0267 1.0318 1.0114 1.0234 1.0291 
1.0325 1.0317 1.0449 1.0282 1.0389 1.0096 1.0461 1.0186 1.0088 1.023 
1.0108 1.0253 1.0198 1.0326 1.016 1.0012 1.0129 1.0048 1.0196 1.0453 
1.0006 1.0483 1.0424 1.0457 1.0349 1.0274 1.0433 1.0388 1.0081 1.0065 
1.0464 1.0266 1.0424 1.0034 1.0329 1.0101 1.0098 1.0011 1.0052 1.0476 
1.0136 1.0113 1.0107 1.0148 1.0371 1.0365 1.0106 1.0169 1.0308 1.0458 
1.0167 1.0087 1.0182 1.0204 1.0256 1.0201 1.0489 1.0243 1.0171 1.0186 
1.0206 1.0379 1.042 1.0078 1.0157 1.0418 1.036 1.0263 1.003 1.0138 
1.0294 1.0412 1.0015 1.0042 1.0474 1.0426 1.034 1.0171 1.0125 1.049 
1.0232 1.0483 1.038 1.0302 1.0028 1.004 1.0354 1.008 1.0326 1.0218 
1.0456 1.0163 1.0263 1.0423 1.0348 1.0066 1.0427 1.0022 1.0453 1.0258 
1.024 1.0306 1.0199 1.0384 1.0058 1.0052 1.0292 1.042 1.0034 1.0151 
1.0453 1.03 1.0014 1.0336 1.0087 1.0464 1.0268 1.0209 1.0336 1.0117 
1.0281 1.0081 1.0402 1.0248 1.0036 1.0145 1.0366 1.0076 1.0127 1.0253 
1.0237 1.0396 1.0157 1.0118 1.0343 1.0014 1.0048 1.0339 1.0399 1.0118 
1.0253 1.0025 1.0319 1.0231 1.013 1.0424 1.0024 1.0127 1.0071 1.0202 
1.0309 1.0074 1.0304 1.011 1.0336 1.0453 1.0414 1.0306 1.0457 1.0454 
1.0208 1.0484 1.0286 1.0371 1.0116 1.0491 1.0206 1.0162 1.0366 1.0063 
1.0346 1.0056 1.024 1.029 1.0389 1.0079 1.0007 1.0351 1.0143 1.0164 
1.0209 1.0128 1.0016 1.0141 1.0403 1.0044 1.0498 1.0141 1.0424 1.0172 
1.0132 1.025 1.0147 1.005 1.0125 1.0036 1.0362 1.0383 1.0296 1.0426 
1.0148 1.0009 1.0133 1.0426 1.0112 1.0057 1.0092 1.018 1.0134 1.0345 
1.004 1.0067 1.0129 1.0334 1.0035 1.0319 1.0341 1.0016 1.038 1.0298 
1.004 1.013 1.0273 1.005 1.0408 1.0375 1.0262 1.0022 1.0046 1.0069 
1.049 1.0405 1.0017 1.0424 1.044 1.0307 1.0124 1.0447 1.0492 1.0069 
1.0486 1.0135 1.0368 1.0447 1.0152 1.0248 1.0273 1.0076 1.0139 1.012 
1.019 1.033 1.0335 1.0069 1.0091 1.0142 1.0014 1.0419 1.0422 1.0423 
1.0194 1.0398 1.0226 1.0434 1.0158 1.0485 1.0467 1.0364 1.0209 1.039 
1.045 1.0091 1.0368 1.034 1.0189 1.0038 1.0041 1.0343 1.0202 1.0116 
1.0377 1.0383 1.0048 1.0426 1.0295 1.0463 1.013 1.0356 1.0477 1.0231 
1.0275 1.0145 1.0467 1.0232 1.0278 1.0354 1.001 1.0295 1.0094 1.0381 
1.0171 1.0132 1.0424 1.0022 1.0035 1.0472 1.0248 1.0458 1.0397 1.017 
1.043 1.0378 1.0354 1.0218 1.0095 1.0466 1.008 1.0327 1.0266 1.0219 
1.0138 1.009 1.021 1.0449 1.0243 1.0278 1.0052 1.0241 1.0038 1.0386 
1.015 1.0262 1.0221 1.0229 1.0476 1.041 1.034 1.0312 1.0078 1.0412 
1.0031 1.0325 1.0361 1.0343 1.0198 1.0007 1.0381 1.0414 1.0454 1.049 
1.0475 1.003 1.0057 1.0204 1.0296 1.0019 1.0234 1.002 1.0218 1.0139 
1.0497 1.0218 1.0445 1.0299 1.0479 1.0011 1.0228 1.0271 1.0355 1.0263 
1.0353 1.0492 1.0092 1.018 1.0499 1.0155 1.0295 1.0057 1.0211 1.0085 
1.0123 1.009 1.0297 1.029 1.0085 1.0442 1.0119 1.0123 1.0059 1.0254 
1.0346 1.0363 1.04 1.018 1.024 1.0367 1.0475 1.0392 1.0174 1.016 
1.0443 1.0389 1.0235 1.0141 1.044 1.0456 1.0412 1.0266 1.0014 1.0336 
1.0301 1.0185 1.017 1.0278 1.0372 1.0039 1.0099 1.0367 1.0181 1.0112 
1.0247 1.0089 1.0306 1.0234 1.0014 1.0355 1.028 1.0231 1.007 1.0095 
1.0101 1.0298 1.026 1.0487 1.0099 1.0193 1.0306 1.0148 1.0305 1.0096 
1.0326 1.0009 1.0156 1.0304 1.0313 1.0047 1.0441 1.0052 1.0267 1.0471 
1.0465 1.0032 1.0002 1.0177 1.0065 1.0273 1.0437 1.0219 1.0487 1.0007 
1.0379 1.0353 1.0165 1.0482 1.0452 1.0012 1.0036 1.033 1.0027 1.0064 
1.014 1.0301 1.0148 1.0435 1.0154 1.0351 1.0449 1.0475 1.0306 1.0307 
1.0244 1.0139 1.0403 1.0473 1.0363 1.048 1.0423 1.0269 1.0482 1.0213 
1.0003 1.0467 1.0312 1.0281 1.0318 1.0205 1.0452 1.0312 1.0088 1.0357 
1.0418 1.0093 1.0054 1.004 1.0463 1.0366 1.0429 1.0122 1.0345 1.0377 
1.0372 1.005 1.0478 1.0253 1.0142 1.0452 1.0314 1.0008 1.0012 1.0485 
1.0259 1.0436 1.045 1.0199 1.0493 1.0467 1.0415 1.0202 1.0491 1.0236 
1.001 1.043 1.0364 1.0362 1.0212 1.021 1.0005 1.0251 1.0328 1.0068 
1.0445 1.0417 1.0108 1.0302 1.0442 1.0056 1.0316 1.0033 1.0248 1.0116 
1.0296 1.022 1.0168 1.0452 1.0402 1.0446 1.0419 1.0348 1.0074 1.0208 
1.0283 1.0254 1.0274 1.0361 1.0228 1.0383 1.0376 1.0443 1.007 1.0465 
1.0146 1.0459 1.0067 1.0036 1.0348 1.0015 1.04 1.0285 1.0468 1.0239 
1.0161 1.0133 1.0375 1.0205 1.0096 1.0218 1.011 1.0038 1.0494 1.017 
1.0315 1.0194 1.0336 1.0305 1.03 1.0045 1.0443 1.0177 1.0144 1.0143 
1.0175 1.008 1.0397 1.0449 1.0433 1.0021 1.0226 1.0413 1.0335 1.0306 
1.0162 1.0108 1.0492 1.027 1.0341 1.0445 1.0224 1.0385 1.0346 1.0457 
1.0261 1.046 1.0416 1.0137 1.0451 1.0214 1.0224 1 1.0153 1.0307 
1.021 1.0146 1.0396 1.0329 1.0308 1.0315 1.0175 1.04 1.0241 1.0492 
1.006 1.0446 1.0106 1.0134 1.0286 1.0015 1.0226 1.0448 1.0024 1.0265 
1.0061 1.0004 1.044 1.0319 1.0062 1.0017 1.038 1.0275 1.013 1.0128 
1.0373 1.0417 1.0104 1.0095 1.0332 1.037 1.0055 1.0185 1.0066 1.0086 
1.0224 1.0411 1.0142 1.0426 1.0029 1.013 1.003 1.0132 1.0054 1.0458 
1.0187 1.0134 1.0157 1.0403 1.0357 1.0129 1.0269 1.0014 1.0006 1.0439 
1.0122 1.0186 1.0491 1.0464 1.0185 1.0103 1.0072 1.0062 1.0298 1.0074 
1.0285 1.023 1.0109 1.0407 1.0406 1.0196 1.0337 1.0296 1.0317 1.0234 
1.0253 1.0187 1.0001 1.0429 1.0249 1.0461 1.0009 1.0117 1.0313 1.008 
1.0397 1.0354 1.0181 1.0281 1.0341 1.0179 1.0377 1.025 1.0031 1.0186 
1.0109 1.0352 1.0118 1.0064 1.0087 1.0416 1.02 1.0102 1.0155 1.0415 
1.0183 1.0476 1.0048 1.035 1.0475 1.0013 1.0205 1.0339 1.0307 1.0019 
1.0411 1.0402 1.0183 1.0329 1.0037 1.0179 1.0392 1.0374 1.024 1.0388 
1.0346 1.0456 1.008 1.0005 1.0326 1.0364 1.0058 1.011 1.0199 1.0416 
1.0323 1.0429 1.0267 1.0058 1.0261 1.0437 1.0141 1.0179 1.0037 1.0122 
1.0261 1.0152 1.0037 1.0405 1.0245 1.0367 1.0175 1.0226 1.0491 1.0406 
1.0129 1.0105 1.0481 1.0475 1.0483 1.041 1.0243 1.0255 1.0146 1.0433 
1.0031 1.0372 1.0398 1.0128 1.0385 1.0225 1.0086 1.0134 1.009 1.0414 
1.001 1.044 1.0095 1.0375 1.0305 1.0285 1.003 1.0401 1.0456 1.0392 
1.0388 1.0441 1.0002 1.0224 1.0351 1.0347 1.0306 1.0259 1.0145 1.0332 
1.0379 1.0296 1.0154 1.0332 1.0382 1.0193 1.0263 1.03 1.0473 1.0402 
1.0403 1.0366 1.0102 1.0349 1.037 1.0128 1.0353 1.017 1.0468 1.0289 
1.0258 1.0031 1.0279 1.0425 1.0147 1.0075 1.0468 1.0033 1.0485 1.04 
1.0448 1.0076 1.0081 1.0348 1.0473 1.0156 1.0229 1.0352 1.0226 1.0419 
1.028 1.0168 1.0219 1.0379 1.001 1.0259 1.009 1.0128 1.0227 1.0264 
1.0283 1.0053 1.0179 1.0351 1.0429 1.015 1.0182 1.0184 1.0065 1.0492 
1.0209 1.0068 1.0206 1.0474 1.0212 1.0009 1.0031 1.0058 1.0409 1.0061 
1.0317 1.0227 1.0425 1.0366 1.0399 1.0458 1.0074 1.0393 1.0398 1.0402 
1.0229 1.0166 1.0188 1.0408 1.0457 1.0182 1.0046 1.0183 1.0328 1.0156 
1.0202 1.0309 1.0308 1.0317 1.0118 1.0094 1.0492 1.0399 1.0281 1.0256 
1.0272 1.002 1.0409 1.0215 1.0162 1.0162 1.0363 1.0034 1.0191 1.0434 
1.0311 1.0022 1.0337 1.0054 1.0491 1.0035 1.039 1.0471 1.0245 1.0404 
1.0137 1.049 1.039 1.003 1.0136 1.0085 1.0322 1.028 1.0313 1.0446 
1.001 1.009 1.0453 1.0156 1.0057 1.0151 1.0074 1.0497 1.0054 1.0271 
1.0399 1.0347 1.0252 1.0409 1.0054 1.0034 1.0183 1.0237 1.0149 1.0017 
1.0283 1.0237 1.0225 1.0496 1.047 1.0133 1.0491 1.0201 1.0063 1.0493 
1.0096 1.0242 1.0024 1.0362 1 1.0178 1.0219 1.0152 1.0345 1.0279 
1.0209 1.0458 1.0492 1.0288 1.009 1.049 1.0484 1.0255 1.0121 1.0014 
1.0194 1.0009 1.0055 1.0455 1.0309 1.0216 1.0306 1.0218 1.0123 1.0077 
1.0492 1.0396 1.0091 1.0186 1.0155 1.027 1.0176 1.0486 1.0495 1.034 
1.0491 1.0384 1.0015 1.0078 1.0172 1.046 1.026 1.0273 1.0295 1.0332 
1.0344 1.0063 1.0361 1.0255 1.0098 1.0301 1.0471 1.0396 1.0481 1.0151 
1.0494 1.0012 1.0401 1.0073 1.0188 1.0111 1.0224 1.0241 1.0499 1.0028 
1.0126 1.0422 1.0092 1.0228 1.0256 1.0275 1.0397 1.0225 1.0179 1.0042 
1.0059 1.0119 1.0489 1.0239 1.0006 1.0146 1.0123 1.0171 1.0325 1.0318 
1.0175 1.0426 1.0286 1.0428 1.0028 1.0313 1.0069 1.0157 1.0111 1.0096 
1.0396 1.0175 1.026 1.0375 1.0328 1.0426 1.0206 1.0426 1.0338 1.0293 
1.0099 1.043 1.034 1.0202 1.018 1.0094 1.0201 1.0232 1.0215 1.0202 
1.0117 1.0234 1.0289 1.023 1.0358 1.0095 1.0175 1.0251 1.002 1.0164 
1.0219 1.0082 1.0011 1.0117 1.0184 1.0029 1.0015 1.0367 1.0427 1.003 
1.0347 1.0033 1.0447 1.0076 1.0106 1.021 1.0064 1.0108 1.043 1.0143 
1.0097 1.0341 1.0393 1.0134 1.0283 1.0144 1.009 1.0406 1.0126 1.0371 
1.0387 1.0439 1.0441 1.0411 1.024 1.0196 1.0095 1.0487 1.0193 1.0175 
1.0239 1.0319 1.026 1.0129 1.006 1.0469 1.0389 1.0203 1.0081 1.0422 
1.0429 1.04 1.0207 1.0348 1.0064 1.0008 1.0336 1.0015 1.0273 1.0373 
1.027 1.013 1.0388 1.0368 1.0496 1.0455 1.016 1.0377 1.0097 1.0165 
1.011 1.021 1.0255 1.0381 1.036 1.0153 1.0377 1.0371 1.0321 1.0013 
1.016 1.0139 1.015 1.0143 1.0046 1.0332 1.0373 1.0122 1.0225 1.0279 
1.0417 1.0395 1.0402 1.0331 1.0302 1.0229 1.0325 1.0479 1.0025 1.0208 
1.0164 1.0024 1.0274 1.0336 1.0343 1.0073 1.0149 1.0297 1.0319 1.036 
1.0331 1.0476 1.0057 1.0256 1.0457 1.0132 1.0332 1.0104 1.0362 1.0402 
1.0177 1.0337 1.0281 1.0458 1.0228 1.009 1.0009 1.0379 1.016 1.0246 
1.038 1.0125 1.0183 1.0103 1.0294 1.0116 1.0394 1.0106 1.0074 1.0372 
1.0105 1.0056 1.0249 1.0127 1.0247 1.0463 1.0234 1.0211 1.0385 1.0396 
1.0474 1.0353 1.0017 1.0283 1.0038 1.0164 1.0053 1.0067 1.0221 1.0338 
1.0024 1.0144 1.0181 1.0183 1.0212 1.0487 1.0108 1.0424 1.0324 1.0425 
1.0336 1.0043 1.0436 1.0425 1.0168 1.0311 1.0267 1.015 1.0046 1.0111 
1.0432 1.0412 1.0413 1.041 1.0021 1.0143 1.0342 1.0006 1.0167 1.0467 
1.0482 1.0433 1.0466 1.0026 1.0333 1.0059 1.0148 1.0034 1.0026 1.0062 
1.0111 1.0133 1.0277 1.0362 1.0116 1.0445 1.0049 1.0036 1.014 1.0365 
1.0403 1.0221 1.011 1.0437 1.0287 1.0051 1.0024 1.0333 1.0298 1.0096 
1.0426 1.0305 1.0168 1.0462 1.0253 1.0403 1.0222 1.0014 1.0366 1.0454 
1.0418 1.0375 1.0448 1.0226 1.003 1.0465 1.0356 1.0404 1.0218 1.0118 
1.0451 1.0082 1.0303 1.0209 1.0231 1.0066 1 1.045 1.0386 1.0232 
1.0226 1.013 1.013 1.0178 1.0487 1.0187 1.0249 1.0215 1.0454 1.0462 
1.0311 1.0462 1.0222 1.0174 1.0326 1.0468 1.0371 1.0144 1.0276 1.0168 
1.0301 1.0341 1.004 1.0475 1.0456 1.0203 1.0174 1.044 1.0056 1.0056 
1.0492 1.0148 1.043 1.0191 1.0449 1.0189 1.0015 1.0145 1.004 1.0099 
1.0079 1.0171 1.037 1.0159 1.0008 1.0009 1.0023 1.0444 1.0329 1.0042 
1.037 1.0115 1.0253 1.0456 1.027 1.0376 1.0024 1.0379 1.0067 1.0278 
1.0291 1.0285 1.0482 1.0049 1.0163 1.0253 1.0002 1.0022 1.0124 1.0376 
1 1.035 1.0367 1.0299 1.034 1.0348 1.0378 1.0198 1.0075 1.0273 
1.0378 1.0424 1.0071 1.0237 1.0397 1.0489 1.0262 1.0311 1.0114 1.0068 
1.0108 1.0308 1.0374 1.0057 1.0055 1.0368 1.0355 1.037 1.0007 1.0441 
1.0286 1.012 1.0297 1.0228 1.0301 1.0316 1.0388 1.0449 1.0299 1.0494 
1.0043 1.0163 1.0211 1.0138 1.0154 1.0032 1.0123 1.0466 1.0463 1.0238 
1.0317 1.0456 1.0434 1.0374 1.0303 1.0295 1.0132 1.016 1.0424 1.0219 
1.0325 1.0219 1.0342 1.0388 1.0088 1.0118 1.0312 1.0351 1.0323 1.0427 
1.0339 1.0225 1.0243 1.0091 1.0201 1.0224 1.0369 1.0314 1.0418 1.0116 
1.0042 1.0272 1.0175 1.0345 1.0328 1.0061 1.0447 1.0393 1.046 1.0481 
1.0268 1.0364 1.0259 1.0439 1.0158 1.043 1.032 1.0135 1.005 1.0152 
1.0397 1.0325 1.013 1.0383 1.0318 1.012 1.0239 1.0002 1.0036 1.0474 
1.0334 1.017 1.0458 1.0494 1.0211 1.0159 1.0439 1.03 1.0203 1.0013 
1.0276 1.0012 1.0469 1.022 1.0485 1.0033 1.0471 1.0228 1.0235 1.0055 
1.011 1.0319 1.0465 1.0159 1.0404 1.0268 1.0133 1.0314 1.0128 1.0215 
1.0152 1.0181 1.0023 1.0402 1.0428 1.0375 1.0361 1.0444 1.0098 1.0299 
1.0369 1.0288 1.034 1.0128 1.0054 1.0325 1.0321 1.0174 1.035 1.0271 
1.0058 1.0083 1.0108 1.0072 1.0291 1.0365 1.0189 1.0111 1.0111 1.0398 
1.039 1.0193 1.0157 1.0182 1.0469 1.0014 1.0495 1.0351 1.0081 1.0095 
1.0039 1.0115 1.0043 1.0354 1.0203 1.0401 1.007 1.0333 1.0489 1.0149 
1.0462 1.0282 1.0043 1.0117 1.0036 1.0018 1.0317 1.0084 1.0417 1.0417 
1.0397 1.0254 1.0296 1.0186 1.0058 1.0233 1.0256 1.0484 1.0156 1.025 
1.0239 1.0127 1.037 1.0311 1.0383 1.0314 1.0174 1.0063 1.0479 1.0021 
1.0389 1.0022 1.0306 1.0223 1.027 1.0183 1.0406 1.0082 1.0352 1.0303 
1.0048 1.0194 1.0462 1.0465 1.0262 1.0495 1.0343 1.0206 1.03 1.0022 
1.0467 1.0133 1.0187 1.0445 1.034 1.0031 1.0455 1.0046 1.0352 1.0043 
1.0456 1.0017 1.0026 1.0402 1.018 1.0288 1.0271 1.0305 1.041 1.0112 
1.0083 1.0091 1.0142 1.0186 1.0303 1.0036 1.0224 1.0076 1.007 1.025 
1.0314 1.0076 1.0007 1.0183 1.0493 1.0305 1.0141 1.0464 1.0082 1.0428 
1.0362 1.016 1.0393 1.0068 1.0311 1.0476 1.0247 1.0215 1.0405 1.0398 
1.0225 1.004 1.0172 1.0254 1.0127 1.0105 1.0136 1.0405 1.0066 1.0236 
1.0004 1.0288 1.0144 1.01 1.0381 1.0049 1.0174 1.0083 1.0336 1.0376 
1.0492 1.0273 1.0315 1.0467 1.0398 1.008 1.0334 1.0208 1.0038 1.0402 
1.002 1.0074 1.0473 1.0186 1.0083 1.0218 1.0228 1.0434 1.0004 1.0203 
1.0084 1.0404 1.0056 1.036 1.0471 1.028 1.0216 1.0306 1.046 1.0274 
1.0362 1.0278 1.0441 1.0201 1.0116 1.0407 1.0295 1.0271 1.0052 1.0142 
1.0347 1.0057 1.0489 1.0105 1.0495 1.0453 1.0029 1.0183 1.0267 1.0126 
1.0208 1.0223 1.0362 1.0397 1.0236 1.0015 1.004 1.0042 1.0397 1.0422 
1.03 1.0228 1.0098 1.0327 1.0053 1.03 1.0228 1.012 1.0088 1.025 
1.0067 1.0367 1.0137 1.0358 1.0244 1.046 1.008 1.0403 1.0022 1.016 
1.0402 1.0406 1.0303 1.0183 1.0396 1.0113 1 1.0112 1.0425 1.0312 
1.0099 1.0365 1.0359 1.0411 1.0297 1.0389 1.0284 1.0125 1.0104 1.0442 
1.0302 1.0477 1.0423 1.0014 1.0132 1.0215 1.0472 1.0266 1.0498 1.0446 
1.0285 1.0205 1.0387 1.0195 1.0138 1.0234 1.0398 1.034 1.0177 1.0323 
1.0072 1.0486 1.0023 1.0228 1.0211 1.0448 1.0119 1.0211 1.019 1.0005 
1.0452 1.0334 1.0103 1.0068 1.0267 1.0296 1.0424 1.0046 1.035 1.0383 
1.0471 1.0347 1.0451 1.0186 1.0044 1.0192 1.0084 1.0485 1.0064 1.0488 
1.0271 1.0133 1.0219 1.027 1.0124 1.0298 1.0222 1.0279 1.0131 1.005 
1.0355 1.0005 1.0307 1.0255 1.0412 1.0222 1.0156 1.0468 1.0474 1.0233 
1.0113 1.0028 1.0165 1.049 1.0487 1.0051 1.0059 1.0328 1.0038 1.0174 
1.0271 1.0048 1.0157 1.0069 1.0476 1.0263 1.0152 1.0023 1.0398 1.0464 
1.0005 1.0472 1.0035 1.0155 1.0158 1.0058 1.0365 1.0261 1.0054 1.0098 
1 1.0201 1.029 1.0148 1.0234 1.0182 1.0074 1.0489 1.0418 1.0306 
1.0152 1.0268 1.0109 1.0435 1.012 1.0471 1.0014 1.0372 1.0108 1.0083 
1.0269 1.0486 1.0126 1.0127 1.0246 1.0295 1.0088 1.0485 1.0011 1.0391 
1.0064 1.0262 1.0395 1.0073 1.036 1.0351 1.0009 1.0244 1.0227 1.0304 
1.0472 1.0495 1.0369 1.0395 1.0156 1.015 1.0083 1.0224 1.0373 1.0242 
1.0022 1.0015 1.0274 1.0378 1.0482 1.0207 1.014 1.0431 1.0402 1.0318 
1.0416 1.0137 1.0466 1.0153 1.0311 1.0247 1.0168 1.0442 1.0341 1.0225 
1.0443 1.0074 1.0405 1.0107 1.0389 1.0344 1.0434 1.0277 1.0147 1.0023 
1.0388 1.0485 1.0482 1.0123 1.0069 1.0096 1.0468 1.0411 1.0434 1.0105 
1.0463 1.0389 1.033 1.0483 1.0146 1.0238 1.0037 1.0049 1.001 1.0115 
1.0496 1.0451 1.0054 1.0193 1.0465 1.025 1.0205 1.0098 1.0185 1.0091 
1.0283 1.0108 1.0497 1.0485 1.0063 1.0297 1.0061 1.0412 1.0389 1.0323 
1.0174 1.033 1.0124 1.0064 1.0216 1.0424 1.0161 1.0297 1.0191 1.0384 
1.0241 1.0033 1.0185 1.0406 1.0031 1.0364 1 1.0072 1.0333 1.0069 
1.0327 1.0418 1.0104 1.0299 1.0235 1.0325 1.0366 1.0431 1.034 1.0254 
1.0188 1.0035 1.001 1.0122 1.0297 1.0337 1.0485 1.015 1.0446 1.0155 
1.0191 1.0356 1.0473 1.0281 1.0372 1.0196 1.0059 1.0336 1.019 1.0224 
1.0044 1.0134 1.0034 1.0236 1.0166 1.0193 1.047 1.0131 1.0015 1.0308 
1.0441 1.0133 1.045 1.0184 1.0152 1.0001 1.0381 1.0127 1.0303 1.0163 
1.0142 1.0215 1.0087 1.0037 1.0344 1.0109 1.0469 1.0043 1.0157 1.0167 
1.0083 1.0327 1.0135 1.0023 1.0425 1.0146 1.036 1.0197 1.0134 1.0493 
1.0425 1.0177 1.0384 1.0219 1.0435 1.0484 1.045 1.0455 1.0337 1.0319 
1.0245 1.0392 1.0464 1.0389 1.0229 1.0307 1.0047 1.0228 1.0336 1.0025 
1.0022 1.0464 1.0255 1.0005 1.0194 1.0471 1.0068 1.0332 1.0291 1.03 
1.0028 1.024 1.0036 1.014 1.0138 1.003 1.0274 1.0198 1.0011 1.0207 
1.0112 1.0188 1.0371 1.0081 1.0066 1.0438 1.0332 1.0209 1.0001 1.0243 
1.0049 1.0336 1.0489 1.014 1.015 1.0118 1.0332 1.0331 1.0247 1.0134 
1.0166 1.0264 1.0246 1.0471 1.0009 1.034 1.0153 1.0171 1.0276 1.0395 
1.0078 1.0022 1.0215 1.0474 1.0189 1.0129 1.0244 1.0165 1.0443 1.0328 
1.0412 1.0184 1.0401 1.0025 1.0303 1.0157 1.0312 1.003 1.0417 1.0461 
1.023 1.0476 1.0102 1.0168 1.0253 1.022 1.0368 1.0002 1.0062 1.017 
1.0352 1.0461 1.0497 1.0365 1.0141 1.0309 1.0459 1.0254 1.0203 1.0418 
1.0408 1.0252 1.0012 1.0317 1.0398 1.0063 1.0115 1.0322 1.035 1.0304 
1.0342 1.0304 1.0465 1.0437 1.0122 1.0397 1.0114 1.0325 1.032 1.0088 
1.0213 1.0138 1.0091 1.0055 1.0407 1.0201 1.0179 1.029 1.0353 1.0326 
1.0019 1.0357 1.0438 1.0269 1.0094 1.003 1.0265 1.0472 1.045 1.0415 
1.0202 1.0313 1.0023 1.0073 1.0384 1.0414 1.0391 1.0117 1.0187 1.0096 
1.017 1.0449 1.0207 1.0309 1.0256 1.0418 1.0048 1.0237 1.014 1.0172 
1.0027 1.0106 1.0211 1.0187 1.0113 1.0439 1.017 1.0406 1.0139 1.0426 
1.024 1.0369 1.041 1.0129 1.0167 1.0334 1.0367 1.0459 1.0213 1.0339 
1.0433 1.0075 1.0442 1.0169 1.0286 1.0265 1.0448 1.0065 1.0492 1.0412 
1.0361 1.0408 1.0085 1.017 1.0136 1.0459 1.0273 1.0057 1.0275 1.0457 
1.0442 1.0454 1.0056 1.0087 1.0112 1.006 1.0007 1.039 1.0242 1.0476 
1.0335 1.0119 1.0145 1.0043 1.0451 1.0457 1.0216 1.0247 1.0478 1.0128 
1.0179 1.0205 1.0434 1.0109 1.0115 1.0482 1.0093 1.0466 1.0162 1.0156 
1.0042 1.0159 1.0012 1.024 1.0415 1.0089 1.0246 1.0186 1.0494 1.0198 
1.0322 1.0257 1.0073 1.029 1.0482 1.0283 1.0037 1.0484 1.0439 1.0079 
1.0263 1.0211 1.0345 1.0261 1.0242 1.0083 1.0154 1.0393 1.0023 1.0347 
1.032 1.0004 1.0018 1.0381 1.0131 1.0248 1.04 1.0404 1.0346 1.0323 
1.0177 1.0148 1.0365 1.0177 1.0225 1.0495 1.0399 1.0085 1.0333 1.035 
1.0117 1.0204 1.0127 1.0035 1.0326 1.03 1.0194 1.0298 1.0416 1.0341 
1.0274 1.0286 1.0388 1.0141 1.0116 1.0149 1.0337 1.0169 1.0076 1.0139 
1.0318 1.0254 1.0092 1.0323 1.0116 1.0233 1.0188 1.0226 1.0454 1.0203 
1.0227 1.0316 1.0356 1.0224 1.0301 1.0363 1.0291 1.0206 1.0221 1.0187 
1.0139 1.0148 1.0297 1.0011 1.0104 1.0307 1.0235 1.0494 1.0345 1.0477 
1.0111 1.0446 1.0361 1.0268 1.003 1.0199 1 1.0345 1.0273 1.0483 
1.0034 1.013 1.0362 1.0337 1.0018 1.0053 1.0158 1.0236 1.0006 1.017 
1.0244 1.0305 1.0237 1.0491 1.0256 1.0063 1.0273 1.0281 1.0032 1.0297 
1.0354 1.0298 1.008 1.0057 1.0275 1.0157 1.0344 1.0217 1.0155 1.0213 
1.0425 1.0079 1.0127 1.0398 1.0443 1.0029 1.0374 1.0264 1.0477 1.004 
1.0304 1.0318 1.0278 1.0208 1.0076 1.0434 1.0153 1.0061 1.0264 1.0045 
1.0455 1.0176 1.0014 1.0113 1.0199 1.0213 1.046 1.0449 1.0409 1.0244 
1.0475 1.0461 1.0271 1.0137 1.0053 1.0239 1.0429 1.0472 1.0448 1.0245 
1.0179 1.0405 1.0118 1.008 1.0024 1.0309 1.0002 1.0392 1.0429 1.0133 
1.0347 1.0349 1.0243 1.0138 1.0188 1.029 1.0325 1.027 1.038 1.0407 
1.0321 1.0308 1.0227 1.0332 1.0037 1.0362 1.0464 1.0388 1.0037 1.0407 
1.0176 1.0308 1.0091 1.0111 1.0478 1.0321 1.0278 1.0019 1.0313 1.0403 
1.0171 1.0256 1.0092 1.0146 1.0124 1.0156 1.0188 1.0048 1.0026 1.0054 
1.0099 1.0301 1.0006 1.0133 1.0234 1.0156 1.0127 1.0197 1.0076 1.0051 
1.0274 1.0001 1.0282 1.0116 1.0182 1.014 1.0482 1.0445 1.0091 1.0142 
1.0288 1.0353 1.01 1.0413 1.0361 1.0196 1.012 1.0361 1.031 1.0229 
1.0437 1.0047 1.0245 1.0365 1.0142 1.0104 1.0234 1.0415 1.0123 1.047 
1.0473 1.047 1.0173 1.0351 1.0366 1.0419 1.006 1.0094 1.0057 1.0287 
1.0003 1.041 1.0119 1.0055 1.0083 1.0204 1.0192 1.019 1.0272 1.0313 
1.003 1.0291 1.0371 1.02 1.0314 1.0108 1.0433 1.0337 1.041 1.041 
1.0438 1.0249 1.0071 1.0358 1.029 1.048 1.028 1.0119 1.0008 1.0349 
1.0462 1.0261 1.0384 1.0484 1.0249 1.0101 1.039 1.047 1.0379 1.0094 
1.0383 1 1.0308 1.0279 1.0047 1.0313 1.0134 1.0274 1.0108 1.0302 
1.043 1.0097 1.0167 1.0183 1.035 1.0163 1.0204 1.034 1.036 1.0241 
1.0182 1.0359 1.0095 1.0173 1.0051 1.0219 1.034 1.0042 1.0201 1.0398 
1.0356 1.0106 1.0079 1.0107 1.032 1.0429 1.0362 1.0499 1.033 1.0075 
1.0419 1.0205 1.0178 1.0319 1.0075 1.0499 1.0158 1.0336 1.0252 1.0347 
1.0354 1.0124 1.038 1.0126 1.0379 1.0176 1.0191 1.0132 1.0463 1.0212 
1.0337 1.022 1.0118 1.0431 1.0172 1.0245 1.0191 1.0024 1.028 1.0377 
1.016 1.0494 1.0373 1.0409 1.0486 1.0202 1.0305 1.0166 1.0408 1.0299 
1.0329 1.031 1.0495 1.0034 1.0339 1.0193 1.0106 1.0086 1.0438 1.0202 
1.0478 1.0365 1.049 1.0213 1.0493 1.0241 1.0071 1.0419 1.0491 1.0238 
1.0244 1.0183 1.0449 1.0484 1.0038 1.0207 1.0134 1.0096 1.0403 1.0266 
1.0342 1.0242 1.0052 1.0232 1.0497 1.0085 1.0138 1.0417 1.0132 1.0222 
1.0488 1.0301 1.0122 1.011 1.0063 1.0463 1.0141 1.0443 1.044 1.0363 
1.0277 1.0361 1.0302 1.0394 1.0354 1.0001 1.0472 1.0317 1.0422 1.0402 
1.0289 1.0429 1.0306 1.0094 1.0364 1.0009 1.0489 1.0247 1.0331 1.0465 
1.0181 1.0446 1.0026 1.0265 1.0149 1.0175 1.0297 1.0373 1.009 1.0487 
1.0198 1.0475 1.0322 1.0074 1.0411 1.0333 1.0361 1.0005 1.002 1.0425 
1.0258 1.014 1.006 1.0291 1.0206 1.0019 1.0466 1.0038 1.0084 1.0338 
1.0042 1.0049 1.0005 1.0048 1.0064 1.0055 1.0264 1.014 1.0375 1.0152 
1.0432 1.0019 1.0058 1.0311 1.0076 1.0141 1.0435 1.0136 1.006 1.0192 
1.0057 1.0107 1.0375 1.0217 1.0452 1.0102 1.0088 1.0416 1.0046 1.007 
1.0377 1.0102 1.0072 1.0193 1.026 1.0361 1.0333 1.0362 1.0119 1.0472 
1.0086 1.029 1.0323 1.046 1.0255 1.0389 1.0245 1.0446 1.0377 1.0216 
1.037 1.0225 1.0209 1.0098 1.0147 1.0395 1.0108 1.0392 1.0023 1.0423 
1.0351 1.0357 1.0143 1.0101 1.0165 1.0466 1.0398 1.0185 1.0358 1.0306 
1.0083 1.0493 1.0394 1.0086 1.0287 1.043 1.0014 1.0123 1.0444 1.0029 
1.0382 1.0296 1.031 1.0274 1.0396 1.0134 1.04 1.032 1.0313 1 
1.0182 1.0214 1.0153 1.0276 1.0376 1.005 1.0364 1.0247 1.0471 1.0288 
1.0454 1.0168 1.0238 1.0141 1.017 1.042 1.0181 1.0321 1.0386 1.0388 
1.004 1.0477 1.0002 1.0412 1.0198 1.0277 1.0295 1.0075 1.0476 1.0493 
1.049 1.0311 1.0375 1.0398 1.025 1.0166 1.0051 1.048 1.0229 1.0228 
1.0364 1.0246 1.0194 1.0155 1.0118 1.0245 1.0158 1.0449 1.0191 1.0028 
1.0412 1.0221 1.0351 1.0071 1.0464 1.0145 1.0217 1.0143 1.0142 1.021 
1.0401 1.0266 1.0472 1.0252 1.0401 1.0355 1.0423 1.0027 1.0323 1.008 
1.0122 1.0146 1.0291 1.0066 1.0173 1.0403 1.0005 1.0217 1.028 1.014 
1.007 1.0416 1.0156 1.0085 1.0372 1.0175 1.0332 1.0386 1.0383 1.0248 
