5
500
12 52 57 59 7 9 77 50 9 75 86 98 89 7 32 17 67 8 24 79 7 89 1 29 61 59 52 2 27 16 34 34 96 65 52 25 2 44 63 30 20 53 55 48 39 92 71 89 58 99 29 76 12 87 98 68 99 73 5 70 8 4 91 99 9 66 42 88 14 86 79 81 80 13 30 17 38 66 99 46 34 91 25 80 72 54 53 18 40 27 26 46 90 33 98 63 89 60 89 18 82 29 84 21 96 25 82 9 28 77 22 26 39 99 67 8 6 68 88 18 42 53 29 35 45 86 76 37 89 73 43 78 8 34 71 9 83 85 68 25 12 44 76 14 31 62 95 72 92 79 65 51 76 10 14 35 4 21 81 79 70 55 33 31 47 38 68 53 67 13 29 64 49 59 36 44 73 37 34 84 70 11 77 51 24 72 62 44 56 62 5 97 1 76 77 36 19 50 34 10 82 43 88 23 60 84 9 94 42 8 90 51 37 53 53 96 74 42 42 56 53 11 69 43 59 29 77 47 99 48 66 80 72 38 57 92 26 55 37 92 20 77 60 76 48 75 56 12 25 39 5 61 3 38 35 17 36 28 17 19 27 83 95 15 91 79 29 62 83 79 94 10 2 71 19 62 22 13 83 70 83 8 86 48 74 85 94 65 29 9 66 98 96 81 84 8 2 73 81 19 32 35 94 68 87 36 29 5 32 76 65 90 69 13 7 2 96 68 77 81 43 31 79 34 63 36 33 3 75 43 77 44 30 73 81 34 91 41 36 1 15 45 70 39 9 42 71 2 55 74 44 7 97 73 94 68 42 15 75 89 94 39 64 20 93 17 34 21 35 78 71 39 64 74 97 29 37 4 69 27 98 60 91 27 18 39 35 41 7 56 77 4 49 30 72 21 98 60 66 90 47 59 49 11 35 87 81 20 99 29 73 54 31 58 52 77 39 50 8 88 91 72 42 30 41 9 19 22 81 69 27 48 69 19 69 99 39 82 92 20 53 69 42 53 20 70 89 39 6 54 3 45 89 45 7 97 78 87 2 93 38 83 96 51 50 15 16 88 49 28 34 81 60 2 18 94 89 69 4 39 72 18 97 42 51 29 40 83 80 3 8 3 23 12 94 98 49 24 55 56 
13 109 65 119 80 
1.0094 1.0263 1.0225 1.0032 1.0347 
1.0478 1.0164 1.0191 1.0038 1.0473 
1.0021 1.0167 1.0236 1.0111 1.0364 
1.0102 1.0494 1.0419 1.0087 1.0389 
1.0198 1.0368 1.0276 1.0176 1.0069 
1.0037 1.0025 1.0187 1.0402 1.0136 
1.0012 1.044 1.0132 1.035 1.0277 
1.0336 1.0168 1.0243 1.0021 1.0056 
1.0081 1.0413 1.0316 1.0253 1.0216 
1.0414 1.0051 1.0263 1.0073 1.0165 
1.0222 1.0449 1.0275 1.0326 1.0359 
1.0222 1.036 1.0371 1.0108 1.0113 
1.014 1.0325 1.0329 1.0027 1.0132 
1.0051 1.035 1.0061 1.032 1.0367 
1.0072 1.0332 1.025 1.0499 1.0205 
1.0242 1.0361 1.0395 1.0104 1.0393 
1.0152 1.0363 1.0001 1.027 1.0225 
1.004 1.0239 1.0346 1.0136 1.0482 
1.018 1.0235 1.0228 1.0352 1.0325 
1.0482 1.0259 1.0495 1.0446 1.0388 
1.0385 1.0232 1.0258 1.0183 1.0315 
1.0213 1.0159 1.0142 1.0037 1.0422 
1.0113 1.0311 1.023 1.024 1.0056 
1.0148 1.0082 1.0485 1.0447 1.0484 
1.0085 1.0105 1.0494 1.0292 1.0138 
1.0261 1.0364 1.005 1.0278 1.035 
1.0325 1.046 1.0426 1.0176 1.0398 
1.0047 1.0346 1.0276 1.0211 1.0157 
1.0055 1.0214 1.0107 1.0418 1.0067 
1.0099 1.0042 1.0308 1.0136 1.0258 
1.0119 1.0117 1.0155 1.0482 1.0021 
1.0452 1.0058 1.0483 1.0145 1.0249 
1.0319 1.0216 1.004 1.0081 1.0455 
1.0053 1.0249 1.0446 1.0205 1.0412 
1.0076 1.0456 1.0211 1.0381 1.026 
1.0121 1.0095 1.0141 1.0408 1.0132 
1.039 1.0076 1.03 1.0268 1.0466 
1.0087 1.033 1.0079 1.0356 1 
1.0276 1.0413 1.0044 1.0465 1.0167 
1.0215 1.0431 1.0405 1.0142 1.0212 
1.043 1.0348 1.0335 1.0062 1.0249 
1.0077 1.0152 1.0176 1.0043 1.041 
1.0322 1.0471 1.0296 1.0273 1.0442 
1.0274 1.013 1.0097 1.0209 1.043 
1.0384 1.025 1.0042 1.0185 1.048 
1.024 1.0269 1.0059 1.03 1.0128 
1.0383 1.0415 1.0315 1.0282 1.0055 
1.0232 1.013 1.0187 1.0235 1.0115 
1.0201 1.0114 1.0279 1.0062 1.0486 
1.0037 1.0404 1.0317 1.0163 1.0264 
1.0469 1.0492 1.021 1.0454 1.0099 
1.0022 1.0487 1.0386 1.0471 1.02 
1.0453 1.0472 1.0384 1.0281 1.0294 
1.018 1.0293 1.0149 1.0492 1.0107 
1.0368 1.0015 1.0498 1.0233 1.0031 
1.0343 1.038 1.0178 1.0151 1.0323 
1.0146 1.0003 1.0483 1.0378 1.0119 
1.0488 1.001 1.0387 1.0024 1.0251 
1.042 1.0191 1.023 1.0304 1.0198 
1.0273 1.0094 1.0211 1.0164 1.0425 
1.0496 1.0157 1.0319 1.0067 1.0158 
1.0018 1.0355 1.0445 1.0274 1.0158 
1.0359 1.0064 1.0257 1.0004 1.0342 
1.0431 1.0305 1.0115 1.0248 1.0092 
1.0349 1.0187 1.0021 1.0439 1.0223 
1.0111 1.0053 1.0168 1.0311 1.0315 
1.0077 1.0064 1.0446 1.0276 1.0497 
1.0435 1.0274 1.0387 1.0051 1.0161 
1.0252 1.0222 1.0039 1.0087 1.0473 
1.0225 1.0235 1.0119 1.0485 1.0185 
1.0156 1.0262 1.0353 1.0014 1.0202 
1.012 1.0436 1.027 1.0084 1.0053 
1.0373 1.0167 1.0428 1.0303 1.0167 
1.0489 1.0218 1.0132 1.0232 1.033 
1.0406 1.0209 1.0042 1.0342 1.0415 
1.002 1.0139 1.0291 1.0033 1.0142 
1.0324 1.0432 1.0255 1.0295 1.0492 
1.0055 1.0182 1.0034 1.0126 1.0241 
1.0032 1.0328 1.0272 1.0449 1.0136 
1.0269 1.0393 1.0477 1.0437 1.0249 
1.0058 1.0272 1.0305 1.0008 1.0356 
1.027 1.0048 1.0035 1.0197 1.0402 
1.0473 1.0093 1.0164 1.0177 1.0204 
1.0406 1.0286 1.0408 1.0169 1.0178 
1.0227 1.0104 1.0312 1.0205 1.0368 
1.0075 1.0182 1.0054 1.0382 1.0002 
1.0019 1.0386 1.0302 1.0176 1.0351 
1.0131 1.0159 1.0146 1.0442 1.008 
1.0389 1.0457 1.0011 1.0027 1.0335 
1.0396 1.0304 1.0116 1.0355 1.0099 
1.0432 1.0243 1.0392 1.0094 1.0481 
1.0405 1.0317 1.043 1.0033 1.0143 
1.0032 1.0448 1.0199 1.0456 1.0154 
1.0208 1.0173 1.0352 1.0057 1.0265 
1.024 1.0488 1.0054 1.0094 1.0358 
1.016 1.0379 1.0416 1.0495 1.0263 
1.0188 1.0465 1.0495 1.0313 1.0258 
1.0264 1.0271 1.0263 1.0411 1.0402 
1.0414 1.0483 1.0497 1.0357 1.039 
1.0218 1.0365 1.0034 1.0191 1.037 
1.0179 1.0241 1.0191 1.0295 1.0399 
1.0219 1.0322 1.0368 1.0058 1.0187 
1.016 1.0458 1.0067 1.0273 1.0405 
1.0437 1.0407 1.0055 1.0285 1.0392 
1.0471 1.0419 1.0144 1.0414 1.0376 
1.0315 1.0143 1.0172 1.0019 1.0095 
1.0348 1.0045 1.0066 1.034 1.0254 
1.0151 1.043 1.0209 1.0165 1.0492 
1.0043 1.0007 1.002 1.0393 1.0377 
1.0333 1.0003 1.0322 1.0105 1.0061 
1.0499 1.0446 1.0451 1.0072 1.0496 
1.0241 1.0216 1.0371 1.0419 1.0167 
1.0299 1.0299 1.0113 1.0202 1.024 
1.0414 1.0262 1.0022 1.025 1.0444 
1.0436 1.0032 1.0294 1.0065 1.0238 
1.0073 1.0066 1.0419 1.0117 1.014 
1.0402 1.0426 1.037 1.0395 1.0104 
1.0494 1.0302 1.0194 1.0087 1.0085 
1.005 1.0093 1.0223 1.0022 1.0441 
1.0056 1.0211 1.0473 1.0186 1.0147 
1.0295 1.004 1.025 1.0182 1.0415 
1.0401 1.0119 1.0009 1.0487 1.0277 
1.0134 1.042 1.0228 1.0452 1.0154 
1.0287 1.0319 1.0054 1.0149 1.04 
1.0432 1.0477 1.0043 1.0157 1.0102 
1.018 1.0116 1.0287 1.013 1.0108 
1.0407 1.0079 1.0101 1.0348 1.0437 
1.03 1.0493 1.0443 1.0338 1.0329 
1.025 1.0457 1.043 1.0189 1.0261 
1.0057 1.0318 1.0176 1.001 1.0085 
1.0418 1.0212 1.0483 1.0383 1.0046 
1.0104 1.042 1.0156 1.0412 1.0236 
1.0204 1.0262 1.0445 1.0413 1.0036 
1.0494 1.0389 1.0205 1.0102 1.0202 
1.0016 1.0438 1.0069 1.0211 1.0442 
1.0135 1.0131 1.0015 1.0239 1.02 
1.0231 1.0234 1.0244 1.038 1.0116 
1.049 1.0349 1.0496 1.0421 1.0071 
1.0391 1.0169 1.0251 1.0072 1.0495 
1.0325 1.0264 1.0032 1.0255 1.0074 
1.0493 1.0348 1.0377 1.0015 1.0291 
1.0261 1.0094 1.0375 1.0217 1.0484 
1.0129 1.0075 1.0329 1.004 1.0288 
1.0347 1.0459 1.0179 1.0377 1.0168 
1.0218 1.0281 1.0373 1.0285 1.0142 
1.0222 1.009 1.0303 1.0353 1.0095 
1.0475 1.0349 1.0403 1.0131 1.0052 
1.0356 1.0291 1.0133 1.0369 1.0184 
1.0043 1.0208 1.0143 1.0023 1.0251 
1.0118 1.0001 1.0218 1.0356 1.011 
1.0005 1.0072 1.0253 1.0182 1.0203 
1.0241 1.0125 1.0016 1.0241 1.0076 
1.04 1.0479 1.0244 1.0101 1.0246 
1.0424 1.0117 1.0498 1.0047 1.0021 
1.024 1.0302 1.0153 1.0089 1.0345 
1.0118 1.0315 1.0285 1.0324 1.0059 
1.0332 1.0367 1.0439 1.0401 1.0035 
1.0334 1.0249 1.0323 1.0468 1.0413 
1.0065 1.0255 1.0135 1.0019 1.0282 
1.0359 1.0423 1.0254 1.0486 1.0092 
1.0402 1.0191 1.0238 1.0129 1.0003 
1.011 1.0172 1.0171 1.0364 1.0361 
1.0024 1.01 1.0393 1.0118 1.0331 
1.0426 1.0208 1.014 1.0438 1.0046 
1.0155 1.0227 1.0049 1.046 1.0319 
1.0021 1.0103 1.0049 1.0318 1.0235 
1.0012 1.0298 1.0264 1.0076 1.0116 
1.0494 1.0301 1.0374 1.02 1.0147 
1.011 1.0134 1.009 1.0229 1.0496 
1.0186 1.0474 1 1.0445 1.0134 
1.0418 1.0319 1.0314 1.0352 1.0394 
1.0124 1.0349 1.0291 1.0437 1.029 
1.046 1.0329 1.0158 1.0356 1.0105 
1.0415 1.0454 1.0152 1.0203 1.0142 
1.0448 1.0213 1.0133 1.0432 1.007 
1.0297 1.0082 1.0481 1.03 1.0249 
1.0052 1.0422 1.0399 1.0476 1.0361 
1.0109 1.0136 1.049 1.0451 1.0142 
1.038 1.0398 1.0395 1.039 1.0058 
1.0283 1.0265 1.0382 1.0087 1.0288 
1.0045 1.049 1.0273 1.0153 1.0005 
1.0282 1.0499 1.0084 1.0001 1.0029 
1.038 1.0347 1.0135 1.0081 1.011 
1.0087 1.0356 1.0134 1.0022 1.0114 
1.0383 1.0086 1.0481 1.035 1.0353 
1.0156 1.0024 1.0442 1.0416 1.0455 
1.0107 1.0049 1.0184 1.015 1.0242 
1.0063 1.0006 1.0486 1.0474 1.0262 
1.0395 1.0479 1.0463 1.0046 1.0164 
1.0422 1.0006 1.0344 1.0148 1.045 
1.0136 1.0097 1.0071 1.0174 1.0311 
1.0317 1.0312 1.0451 1.0205 1.0474 
1.0294 1.0279 1.0399 1.0475 1.0386 
1.0205 1.0028 1.0048 1.014 1.031 
1.0346 1.0235 1.0278 1.0098 1.0168 
1.0408 1.0177 1.0495 1.0365 1.0134 
1.0459 1.0471 1.0007 1.0082 1.0473 
1.0196 1.0271 1.0131 1.0398 1.0221 
1.0193 1.0062 1.0235 1.0074 1.0371 
1.0034 1.0136 1.0092 1.0211 1.0291 
1.0315 1.0258 1.0492 1.0032 1.0188 
1.0312 1.0024 1.0275 1.0309 1.0118 
1.0259 1.0273 1.0302 1.0459 1.0035 
1.0025 1.0144 1.037 1.0213 1.0053 
1.0021 1.0296 1.0219 1.0238 1.0175 
1.0224 1.0454 1.0159 1.0171 1.0136 
1.0046 1.0021 1.0271 1.0376 1.0312 
1.0413 1.0108 1.0323 1.0198 1.003 
1.026 1.0044 1.0213 1.0041 1.0334 
1.0263 1.0027 1.0463 1.0471 1.0261 
1.0084 1.0074 1.0239 1.0362 1.0156 
1.031 1.0115 1.0152 1.0069 1.0173 
1.0137 1.0279 1.0393 1.0312 1.0045 
1.0407 1.046 1.0296 1.0201 1.0029 
1.0035 1.0442 1.0097 1.0101 1.0079 
1.0075 1.0461 1.0387 1.0432 1.0439 
1.0176 1.0061 1.0285 1.0274 1.0091 
1.0221 1.0283 1.0363 1.0385 1.0288 
1.0464 1.0096 1.0168 1.0317 1.0289 
1.0482 1.0307 1.0098 1.0423 1.0495 
1.0153 1.0408 1.0251 1.0214 1.0186 
1.0049 1.0196 1.001 1.0041 1.0455 
1.0374 1.0113 1.0346 1.0074 1.0311 
1.0001 1.0101 1.0298 1.0253 1.0096 
1.0186 1.0258 1.0142 1.0145 1.0342 
1.0168 1.041 1.0195 1.0259 1.0166 
1.0135 1.0321 1.0291 1.0328 1.0201 
1.047 1.0026 1.0152 1.0233 1.0142 
1.0413 1.0442 1.0348 1.0117 1.0133 
1.0232 1.0111 1.0496 1.0473 1.0368 
1.0161 1.0217 1.0283 1.0195 1.0095 
1.0426 1.0225 1.0134 1.0339 1.039 
1.0235 1.0367 1.0361 1.0211 1.0463 
1.0243 1.0186 1.0306 1.0181 1.0409 
1.0077 1.0427 1.0328 1.0177 1.049 
1.0468 1.0253 1.0042 1.0461 1.0158 
1.0395 1.0365 1.0208 1.0015 1.0271 
1.0235 1.0376 1.0246 1.0328 1.0105 
1.0301 1.0354 1.0405 1.0425 1.012 
1.0296 1.0429 1.0259 1.0109 1.0399 
1.0011 1.0093 1.0141 1.025 1.006 
1.0377 1.0113 1.0457 1.029 1.0481 
1.0392 1.0084 1.0235 1.0035 1.0269 
1.0053 1.0345 1.0017 1.0061 1.037 
1.0111 1.0087 1.016 1.0154 1.0499 
1.0299 1.0189 1.0172 1.0201 1.0338 
1.0283 1.0004 1.0013 1.0444 1.0164 
1.0227 1.0024 1.0144 1.0169 1.0153 
1.0393 1.0225 1.0192 1.0065 1.0113 
1.0283 1.013 1.0243 1.0267 1.0383 
1.0481 1.046 1.0018 1.0244 1.0455 
1.0127 1.0083 1.0187 1.0135 1.0291 
1.0471 1.0022 1.0427 1.0154 1.0013 
1.0438 1.0339 1.0328 1.0156 1.0398 
1.0017 1.0471 1.0076 1.0258 1.0442 
1.0321 1.0329 1.0365 1.0176 1.0274 
1.0396 1.0211 1.0493 1.0335 1.0441 
1.0326 1.0098 1.0231 1.032 1.0055 
1.0051 1.0338 1.0148 1.028 1.0402 
1.0192 1.0404 1.0323 1.0186 1.0259 
1.034 1.0217 1.0354 1.0371 1.0152 
1.0263 1.0246 1.0232 1.0167 1.0389 
1.0473 1.0377 1.0191 1.035 1.0244 
1.0048 1.022 1.02 1.0142 1.0429 
1.0474 1.0072 1.0285 1.0192 1.039 
1.0163 1.0243 1.0274 1.0178 1.0314 
1.048 1.0151 1.014 1.0027 1.0124 
1.0089 1.0301 1.0198 1.0231 1.0107 
1.0092 1.0119 1.0261 1.0132 1.0178 
1.0116 1.0407 1.031 1.0447 1.0353 
1.0083 1.0498 1.0373 1.0214 1.0244 
1.0358 1.0002 1.0113 1.0324 1.01 
1.0428 1.0364 1.0254 1.0261 1.0372 
1.0145 1.0105 1.0442 1 1.0449 
1.0282 1.0449 1.005 1.017 1.0383 
1.0359 1.0212 1.0133 1.0141 1.0493 
1.0126 1.0394 1.002 1.0061 1.0444 
1.0352 1.0324 1.007 1.0309 1.0384 
1.0226 1.0415 1.0272 1.043 1.0331 
1.0111 1.0264 1.0203 1.022 1.0057 
1.0127 1.0249 1.0343 1.019 1.0207 
1.0243 1.0324 1.0495 1.0017 1.0456 
1.0167 1.0165 1.0245 1.0319 1.023 
1.0214 1.0182 1.0204 1.0214 1.0458 
1.0045 1.0157 1.0175 1.031 1.0236 
1.0469 1.006 1.0315 1.0065 1.0257 
1.0063 1.0338 1.0324 1.0458 1.0308 
1.0191 1.0405 1.0426 1.028 1.0251 
1.0113 1.0146 1.0461 1.0091 1.0276 
1.044 1.0128 1.0206 1.0176 1.0148 
1.0358 1.0346 1.0432 1.0464 1.0231 
1.0385 1.0406 1.018 1.0044 1.0253 
1.0201 1.0447 1.0139 1.027 1.0366 
1.0012 1.0208 1.0239 1.0242 1.0463 
1.005 1.0384 1.0156 1.0036 1.0022 
1.0426 1.0372 1.0224 1.0003 1.0255 
1.0351 1.0373 1.0491 1.0484 1.0172 
1.0457 1.0201 1.0321 1.0436 1.0458 
1.0448 1.016 1.0281 1.03 1.0323 
1.0148 1.0092 1.0046 1.0217 1.0282 
1.026 1.0414 1.0306 1.0496 1.0331 
1.0424 1.0375 1.0022 1.0131 1.026 
1.0319 1.0163 1.0499 1.0231 1.0374 
1.0054 1.0151 1.0371 1.0194 1.0072 
1.0345 1.0274 1.0424 1.0236 1.0202 
1.0198 1.04 1.0276 1.0176 1.0469 
1.0412 1.0233 1.0417 1.0226 1.0202 
1.0434 1.0188 1.0346 1.0103 1.0428 
1.0406 1.0221 1.0215 1.0078 1.044 
1.0382 1.0255 1.0431 1.02 1.01 
1.003 1.0213 1.0449 1.0265 1.0415 
1.0109 1.0234 1.0139 1.0293 1.0074 
1.0425 1.0157 1.0284 1.0431 1.0456 
1.0201 1.0187 1.0423 1.0112 1.0076 
1.0475 1.0119 1.023 1.0433 1.0399 
1.0387 1.0131 1.0453 1.0209 1.0384 
1.017 1.0154 1.0168 1.0053 1.0199 
1.0339 1.0121 1.0336 1.0171 1.0243 
1.0103 1.0471 1.0139 1.0222 1.0154 
1.0108 1.03 1.0293 1.0196 1.0165 
1.032 1.0424 1.039 1.0463 1.0349 
1.0308 1.0328 1.0326 1.0322 1.031 
1.03 1.0144 1.0291 1.0362 1.044 
1.0486 1.0345 1.0176 1.0035 1.04 
1.0251 1.0484 1.0301 1.0474 1.029 
1.0048 1.0365 1.0461 1.0055 1.0274 
1.0494 1.0475 1.0126 1.0403 1.0201 
1.0061 1.0497 1.0148 1.0026 1.0407 
1.0134 1.0087 1.0117 1.0139 1.0078 
1.0476 1.0355 1.0215 1.0234 1.0387 
1.0405 1.0213 1.0164 1.0489 1 
1.0368 1.0146 1.0255 1.0018 1.0344 
1.0308 1.0074 1.0064 1.0445 1.0179 
1.0029 1.0284 1.0136 1.0353 1.0139 
1.0192 1.0223 1.002 1.0121 1.004 
1.0154 1.0227 1.0099 1.0293 1.0221 
1.0314 1.0358 1.027 1.0383 1.0045 
1.0469 1.0488 1.0284 1.0075 1.0162 
1.0004 1.0312 1.0399 1.0204 1.0488 
1.048 1.0424 1.0054 1.0074 1.0144 
1.0277 1.0019 1.0435 1.0177 1.0494 
1.0019 1.0204 1.0471 1.015 1.0189 
1.0077 1.0099 1.0097 1.0243 1.0427 
1.0411 1.0049 1.0257 1.0192 1.013 
1.0277 1.013 1.0472 1.011 1.0312 
1.0331 1.049 1.0295 1.0208 1.0466 
1.0264 1.0202 1.038 1.0214 1.0003 
1.0181 1.0442 1.0359 1.027 1.0269 
1.0439 1.0052 1.0368 1.0185 1.0428 
1.0399 1.0464 1.0261 1.021 1.0305 
1.0181 1.0126 1.0016 1.0255 1.0094 
1.0344 1.0283 1.0208 1.0239 1.0382 
1.0406 1.0024 1.0069 1.0353 1.0456 
1.0468 1.0051 1.0227 1.0043 1.0487 
1.0189 1.0185 1.0206 1.0189 1.0269 
1.0127 1.0249 1.0186 1.0492 1.0323 
1.0115 1.0185 1.043 1.0269 1.0192 
1.0101 1.0065 1.0153 1.0229 1.0243 
1.0007 1.0081 1.0264 1.0189 1.023 
1.0301 1.0048 1.0415 1.0107 1.0388 
1.0077 1.0221 1.017 1.0253 1.0475 
1.0112 1.0025 1.019 1.0105 1.02 
1.0111 1.0151 1.0228 1.0356 1.0056 
1.017 1.0465 1.0004 1.0374 1.0265 
1.0316 1.0392 1.0241 1.0009 1.0089 
1.0461 1.0242 1.0446 1.038 1.0074 
1.0144 1.0012 1.0191 1.0379 1.0445 
1.0468 1.0487 1.0292 1.002 1.0109 
1.0104 1.004 1.0482 1.0492 1.0265 
1.0096 1.0082 1.045 1.0436 1.0267 
1.0264 1.0373 1.0161 1.007 1.0262 
1.0326 1.0325 1.0308 1.0394 1.0153 
1.0124 1.028 1.047 1.0257 1.0099 
1.0017 1.0037 1.0218 1.0232 1.0019 
1.0045 1.0468 1.0187 1.0311 1.0021 
1.0022 1.0158 1.0103 1.0173 1.0039 
1.0427 1.0199 1.0004 1.0364 1.0293 
1.0475 1.0333 1.0038 1.0176 1.0166 
1.0265 1.0409 1.0204 1.0294 1.0104 
1.0329 1.0076 1.0197 1.0458 1.0356 
1.0347 1.0467 1.0264 1.0164 1.016 
1.0085 1.0435 1.0078 1.0287 1.0394 
1.0132 1.0183 1.0436 1.0344 1.0153 
1.0286 1.0026 1.0457 1.0323 1.0431 
1.0482 1.0011 1.0156 1.0167 1.0225 
1.0192 1.0171 1.0011 1.0266 1.0214 
1.0281 1.0393 1.0257 1.0397 1.0287 
1.0404 1.0361 1.017 1.0421 1.0191 
1.0481 1.0409 1.0209 1.0438 1.0485 
1.025 1.026 1.0116 1.0321 1.0025 
1.0008 1.0064 1.0147 1.0018 1.0463 
1.0037 1.0005 1.0438 1.0202 1.0364 
1.0377 1.0099 1.0334 1.0269 1.0028 
1.0493 1.0323 1.0136 1.0028 1.0414 
1.0003 1.009 1.0318 1.0135 1.0217 
1.0134 1.0236 1.0433 1.0165 1.0293 
1.0159 1.0467 1.0071 1.0114 1.0211 
1.0368 1.0265 1.0329 1.0349 1.0383 
1.0406 1.0026 1.0218 1.0121 1.0468 
1.0389 1.0214 1.0487 1.0031 1.0193 
1.0431 1.0097 1.0423 1.0161 1.0291 
1.0486 1.0454 1.0185 1.0411 1.018 
1.0499 1.0381 1.0431 1.0263 1.0104 
1.0031 1.0206 1.0281 1.0007 1.0011 
1.0474 1.0232 1.0095 1.0415 1.0427 
1.0052 1.006 1.028 1.0118 1.0303 
1.04 1.0146 1.0473 1.027 1.022 
1.0455 1.0377 1.0224 1.0052 1.0314 
1.03 1.0016 1.015 1.0141 1.0012 
1.0476 1.0072 1.0045 1.0336 1.0373 
1.0352 1.0014 1.0346 1.0274 1.0024 
1.0295 1.0477 1.0399 1.0242 1.0434 
1.0419 1.018 1.0137 1.0451 1.0354 
1.0222 1.022 1.0249 1.0034 1.0466 
1.0354 1.0022 1.029 1.0166 1.0263 
1.0064 1.0228 1.0059 1.0347 1.0232 
1.037 1.0103 1.0489 1.0162 1.0383 
1.0487 1.0053 1.0169 1.0172 1.0444 
1.0473 1.0272 1.0087 1.0479 1.0048 
1.0269 1.0374 1.0013 1.0008 1.0217 
1.0136 1.0216 1.0273 1.012 1.0137 
1.0428 1.0042 1.0498 1.0154 1.028 
1.0476 1.021 1.037 1.0097 1.0397 
1.0475 1.0483 1.0131 1.0487 1.0425 
1.0185 1.0165 1.0433 1.0409 1.0269 
1.0448 1.0117 1.0142 1.0432 1.0135 
1.0423 1.0457 1.0305 1.0062 1.0201 
1 1.0125 1.0498 1.0179 1.0024 
1.001 1.0099 1.0112 1.0145 1.0306 
1.0249 1.0313 1.0169 1.046 1.0392 
1.0234 1.0191 1.0214 1.0047 1.0327 
1.0085 1.0329 1.0187 1.0469 1.0161 
1.0226 1.0387 1.0366 1.0268 1.0115 
1.0015 1.0365 1.0331 1.0174 1.0382 
1.0424 1.0113 1.0036 1.0024 1.0314 
1.0013 1.0404 1.0228 1.0265 1.0353 
1.0108 1.0304 1.0377 1.0176 1.0365 
1.0078 1.0187 1.0272 1.0311 1.0415 
1.0368 1.0151 1.0355 1.0271 1.0492 
1.0103 1.0085 1.0404 1.0437 1.0359 
1.0268 1.0318 1.002 1.0201 1.0152 
1.0218 1.0087 1.01 1.003 1.0134 
1.0304 1.0331 1.0477 1.0293 1.0141 
1.0131 1 1.0482 1.0496 1.0371 
1.0279 1.0242 1.0485 1.0094 1.018 
1.0021 1.0482 1.0384 1.0219 1.0446 
1.0194 1.011 1.0491 1.0015 1.0265 
1.0384 1.0226 1.0235 1.0271 1.0204 
1.0378 1.0374 1.0238 1.0369 1.0258 
1.0097 1.0158 1.0156 1.0157 1.0219 
1.0299 1.0405 1.0209 1.009 1.0133 
1.0441 1.0195 1.0146 1.0271 1.0422 
1.02 1.0207 1.0356 1.0188 1.0223 
1.0185 1.0179 1.0187 1.0146 1.0173 
1.0149 1.0005 1.021 1.0022 1.0169 
1.0129 1.0127 1.038 1.0431 1.0324 
1.0131 1.0252 1.0431 1.0167 1.0329 
1.0076 1.0032 1.0492 1.0461 1.0122 
1.0124 1.0226 1.0466 1.0143 1.0014 
1.0472 1.048 1.0276 1.0112 1.0329 
1.0444 1.0057 1.011 1.0421 1.0153 
1.0224 1.0182 1.043 1.0012 1.0392 
1.0408 1.0357 1.0085 1.0282 1.0217 
1.0303 1.0279 1.0364 1.004 1.0092 
1.0138 1.0196 1.0489 1.0499 1.0364 
1.0064 1.0401 1.0422 1.0343 1.024 
1.0165 1.0191 1.0404 1.0263 1.0253 
1.0454 1.0398 1.0061 1.0196 1.0325 
1.0485 1.0232 1.0142 1.0454 1.0017 
1.0245 1.0005 1.016 1.0184 1.0006 
1.0196 1.0164 1.0219 1.0086 1.0177 
1.0337 1.0262 1.0164 1.0425 1.031 
1.0454 1.0264 1.0433 1.0079 1.0491 
1.0286 1.0015 1.0415 1.0471 1.0385 
1.0345 1.0025 1.037 1.0423 1.0093 
1.0156 1.029 1.0081 1.0202 1.0043 
1.015 1.0441 1.037 1.0373 1.0258 
1.0242 1.022 1.0068 1.0172 1.0492 
1.0364 1.0185 1.0362 1.0273 1.0101 
1.0267 1.0419 1.0244 1.0275 1.0393 
1.0227 1.0015 1.0057 1.0402 1.0207 
1.0306 1.0396 1.0053 1.0028 1.0466 
1.0204 1.0154 1.0466 1.0463 1.0147 
1.0497 1.0448 1.0389 1.0212 1.0377 
1.0127 1.0448 1.0409 1.0406 1.0108 
1.0463 1.008 1.0419 1.0085 1.0335 
1.0018 1.0323 1.0158 1.0045 1.0089 
1.0024 1.0484 1.0109 1.006 1.0044 
1.0027 1.0311 1.0201 1.0388 1.0137 
1.0482 1.0482 1.0094 1.0242 1.0451 
1.0195 1.0447 1.0337 1.032 1.0422 
1.0413 1.0134 1.0462 1.0032 1.0393 
1.0334 1.0416 1.0171 1.0149 1.0016 
1.0033 1.0113 1.0156 1.037 1.0412 
1.0232 1.0074 1.0111 1.0033 1.0134 
1.0069 1.0149 1.0263 1.0239 1.03 
1.0263 1.0392 1.0345 1.0123 1.0231 
1.0248 1.0104 1.0423 1.0218 1.0206 
1.0217 1.0479 1.0028 1.0463 1.0035 
1.0163 1.0189 1.0044 1.0164 1.0453 
