5
50
9646 9282 9213 9632 9388 9752 9271 9098 9575 9852 9464 9464 9759 9476 9197 9185 9476 9266 9293 9737 9590 9619 9766 9583 9208 9058 9575 9522 9711 9129 9979 9889 9583 9151 9490 9434 9669 9173 9822 9789 9570 9115 9567 9843 9291 9777 9970 9819 9626 1071 
6013 159 14259 13317 1331 
1.0361 1.0134 1.0394 1.0426 1.0189 
1.0101 1.0426 1.0161 1.0337 1.0437 
1.0161 1.0374 1.0375 1.0157 1.0027 
1.0496 1.0157 1.0089 1.0059 1.0037 
1.0307 1.0477 1.0411 1.0263 1.0484 
1.0434 1.0152 1.0449 1.0447 1.0171 
1.0292 1.041 1.0192 1.007 1.035 
1.0075 1.0264 1.0374 1.0005 1.0116 
1.0389 1.0002 1.0467 1.042 1.0067 
1.0147 1.0402 1.0334 1.029 1.0199 
1.0484 1.0339 1.0085 1.0003 1.0419 
1.0062 1.0306 1.0483 1.0389 1.0101 
1.0028 1.0191 1.0234 1.0008 1.0041 
1.0312 1.0306 1.0354 1.0355 1.0487 
1.0449 1.0092 1.0069 1.044 1.0423 
1.0463 1.0033 1.0367 1.0213 1.0298 
1.0161 1.0052 1.0081 1.0315 1.019 
1.0261 1.0097 1.0064 1.0453 1.0412 
1.0427 1.0157 1.0333 1.018 1.0408 
1.0136 1.0359 1.0392 1.0126 1.033 
1.0228 1.0095 1.0214 1.0144 1.0472 
1.0119 1.001 1.0219 1.0243 1.0324 
1.0359 1.0308 1.0165 1.0115 1.0139 
1.0331 1.0258 1.0302 1.0249 1.0051 
1.0079 1.0178 1.002 1.0019 1.0086 
1.0392 1.0445 1.009 1.0256 1.0484 
1.0023 1.036 1.0353 1.0147 1.0185 
1.0007 1.0351 1.035 1.0251 1.0273 
1.0174 1.0051 1.0205 1.0268 1.032 
1.0264 1.0257 1.0277 1.0161 1.0166 
1.0337 1.0214 1.0461 1.018 1.0464 
1.0186 1.0017 1.01 1.0173 1.0346 
1.0422 1.0165 1.0448 1.0209 1.0004 
1.0078 1.021 1.0367 1.0238 1.0318 
1.0251 1.0039 1.0038 1.0104 1.0006 
1.0262 1.0296 1.0016 1.0275 1.0487 
1.0006 1.0491 1.0059 1.0033 1.0227 
1.0423 1.0401 1.0489 1.0052 1.0143 
1.0312 1.0365 1.0206 1.0122 1.047 
1.0437 1.0158 1.0117 1.0027 1.0159 
1.0357 1.015 1.0424 1.0498 1.0283 
1.0062 1.0482 1.0358 1.0314 1.0295 
1.0186 1.0284 1.0406 1.0094 1.0002 
1.0096 1.0161 1.0087 1.0485 1.0094 
1.0428 1.0111 1.0047 1.0053 1.0272 
1.0481 1.0163 1.0168 1.0294 1.0284 
1.011 1.0499 1.0247 1.0311 1.0197 
1.0498 1.0093 1.0262 1.0281 1.0073 
1.0018 1.0396 1.022 1.0128 1.021 
1.0126 1.0183 1.0047 1.0094 1.0491 
