10
1000
10000 9332 9464 9330 9953 9733 9548 9434 9859 9045 9808 9574 9110 9103 9421 9923 9956 9577 9892 9213 9208 9172 9986 9464 9402 9886 9293 9879 9465 9820 9474 9612 9117 9388 9668 9944 9608 9063 9304 9443 9396 9717 9732 9491 9968 9674 9229 9376 9331 9108 9080 9155 9771 9336 9300 9382 9370 9134 9221 9694 9194 9712 9845 9209 9406 9361 9563 9097 9579 9583 9354 9031 9213 9162 9383 9739 9831 9027 9793 9719 9309 9342 9563 9195 9364 9792 9233 9418 9038 9905 9151 9268 9691 9425 9868 9721 9794 9585 9165 9797 9079 9282 9961 9582 9912 9507 9236 9842 9110 9098 9489 9105 9968 9260 9271 9784 9463 9799 9689 9522 9669 9230 9837 9241 9468 9513 9283 9550 9077 9716 9836 9685 9482 9568 9541 9140 9218 9149 9012 9620 9634 9991 9151 9137 9981 9608 9288 9875 9683 9982 9483 9677 9224 9594 9274 9743 9913 9059 9321 9296 9306 9643 9381 9480 9007 9409 9424 9129 9394 9997 9754 9042 9361 9025 9481 9497 9091 9776 9359 9656 9168 9895 9330 9517 9666 9056 9273 9877 9559 9740 9011 9945 9898 9722 9637 9368 9023 9537 9747 9069 9611 9526 9763 9458 9007 9150 9047 9533 9688 9880 9069 9391 9080 9541 9895 9610 9114 9858 9460 9579 9642 9249 9406 9741 9669 9640 9293 9403 9643 9770 9672 9392 9715 9092 9267 9122 9501 9639 9322 9565 9158 9401 9309 9494 9651 9282 9869 9640 9915 9188 9149 9004 9063 9562 9587 9162 9609 9392 9731 9104 9661 9245 9478 9299 9860 9653 9019 9888 9079 9526 9770 9541 9338 9880 9155 9188 9776 9684 9980 9294 9875 9312 9201 9761 9654 9728 9317 9890 9437 9555 9089 9445 9830 9073 9819 9779 9600 9890 9796 9808 9893 9148 9922 9319 9817 9693 9685 9930 9727 9963 9856 9580 9606 9254 9042 9358 9823 9718 9736 9935 9320 9775 9538 9502 9319 9486 9434 9232 9100 9687 9463 9429 9996 9032 9470 9713 9003 9106 9164 9608 9837 9734 9828 9251 9630 9031 9418 9665 9997 9191 9891 9123 9292 9104 9987 9169 9443 9049 9094 9059 9576 9256 9622 9259 9771 9594 9454 9652 9140 9218 9134 9934 9599 9701 9959 9623 9312 9634 9632 9989 9194 9135 9405 9771 9062 9904 9517 9846 9177 9559 9583 9971 9726 9922 9671 9007 9274 9793 9696 9977 9217 9713 9426 9814 9083 9806 9588 9869 9674 9766 9829 9603 9288 9830 9356 9972 9646 9759 9331 9417 9360 9920 9955 9979 9650 9146 9613 9651 9310 9980 9785 9397 9009 9172 9126 9138 9827 9634 9162 9596 9591 9623 9779 9549 9015 9103 9084 9873 9808 9837 9791 9979 9083 9210 9239 9140 9746 9860 9361 9186 9832 9264 9439 9468 9966 9400 9841 9850 9094 9622 10000 9578 9389 9176 9124 9089 9891 9706 9171 9442 9417 9878 9915 9753 9523 9268 9962 9214 9453 9662 9443 9559 9899 9068 9260 9836 9589 9145 9130 9489 9588 9567 9926 9964 9131 9569 9263 9643 9169 9338 9683 9811 9788 9267 9623 9549 9677 9513 9545 9748 9607 9447 9883 9108 9303 9021 9216 9925 9341 9037 9063 9428 9149 9866 9946 9895 9815 9081 9758 9791 9863 9367 9046 9439 9894 9326 9323 9797 9934 9865 9585 9037 9888 9848 9292 9641 9802 9213 9304 9008 9780 9230 9077 9697 9410 9827 9860 9644 9488 9990 9875 9687 9610 9485 9446 9625 9949 9648 9328 9477 9973 9696 9181 9151 9152 9012 9228 9716 9804 9093 9897 9207 9632 9614 9371 9035 9101 9493 9115 9660 9843 9213 9419 9466 9293 9827 9523 9717 9489 9642 9314 9187 9682 9138 9063 9795 9516 9239 9641 9613 9790 9886 9699 9970 9750 9193 9706 9091 9330 9685 9927 9806 9209 9906 9596 9740 9068 9876 9251 9097 9475 9079 9045 9888 9902 9934 9526 9611 9941 9616 9574 9588 9246 9943 9064 9816 9204 9051 9167 9342 9271 9236 9669 9663 9748 9033 9504 9518 9866 9495 9023 9502 9382 9821 9212 9968 9717 9452 9852 9031 9129 9983 9863 9819 9801 9194 9475 9482 9876 9452 9049 9714 9331 9324 9086 9035 9407 9392 9992 9259 9577 9353 9403 9872 9756 9956 9577 9219 9356 9894 9576 9859 9701 9183 9142 9643 9662 9187 9118 9725 9633 9856 9713 9552 9598 9708 9622 9394 9148 9174 9102 9124 9657 9492 9380 9010 9377 9608 9115 9273 9535 9171 9617 9080 9815 9721 9574 9362 9324 9059 9115 9943 9693 9112 9091 9656 9408 9675 9755 9194 9202 9086 9979 9787 9207 9470 9460 9518 9787 9655 9970 9694 9239 9279 9680 9876 9463 9175 9455 9481 9098 9994 9743 9160 9891 9140 9168 9472 9235 9142 9509 9803 9635 9289 9700 9515 9568 9007 9966 9591 9947 9311 9886 9813 9019 9358 9233 9710 9343 9601 9480 9702 9009 9699 9896 9679 9347 9112 9906 9109 9165 9790 9975 9878 9194 9857 9747 9691 9433 9356 9264 9617 9806 9069 9990 9178 9910 9122 9717 9476 9941 9876 9326 9920 9293 9666 9672 9543 9346 9059 9119 9648 9118 9099 9007 9798 9240 9305 9377 9082 9465 9073 9584 9368 9495 9638 9974 9151 9342 9494 9726 9619 9358 9452 9584 9287 9326 9064 9920 9285 9172 9385 9176 9030 9206 9322 9832 9353 9326 9906 9795 9203 9164 9762 9794 9562 9752 9706 9008 9372 9846 9751 9615 9559 9587 9767 9399 9717 9165 9872 9641 9672 9851 9794 9140 9519 9579 9567 9269 9012 9306 9165 9810 9859 9144 9039 9859 9544 9362 9404 9872 9980 9568 9083 9007 9807 9516 9655 9541 9654 9084 9475 9712 9178 9342 9902 9313 9213 9322 9320 9363 9347 9694 9836 9677 9675 9981 9019 9367 9273 9333 9028 9934 9537 9583 9917 9550 9970 9931 9699 9180 9937 9004 9840 9115 9819 9638 9305 9011 9022 9042 9708 9834 9596 9921 9158 9890 9555 9105 1610 1021 1934 998 105 179 1643 1034 1116 1899 519 
3245 6054 15980 4490 68 15745 10179 7671 17266 1454 
1.0123 1.0472 1.0093 1.0186 1.0452 1.0265 1.023 1.0448 1.0096 1.0453 
1.0133 1.0119 1.0481 1.0049 1.0396 1.003 1.0074 1.0109 1.0371 1.0041 
1.0233 1.0036 1.0499 1.0411 1.0224 1.047 1.0082 1.0107 1.0306 1.0206 
1.028 1.0045 1.0108 1.0482 1.0354 1.0016 1.0224 1.0019 1.0261 1.038 
1.0128 1.0193 1.0057 1.0398 1.0041 1.0107 1.0223 1.0405 1.0234 1.0079 
1.0424 1.014 1.0144 1.0113 1.0058 1.0145 1.006 1.0344 1.0012 1.0232 
1.0199 1.0308 1.0445 1.0092 1.0128 1.0206 1.0477 1.0213 1.0327 1.0269 
1.0119 1.0003 1.0141 1.0162 1.023 1.0246 1.0068 1.0003 1.0171 1.0218 
1.0072 1.0427 1.013 1.0021 1.0083 1.0085 1.0385 1.0079 1.0493 1.0158 
1.0265 1.0221 1.031 1.0123 1.0386 1.0009 1.028 1.0316 1.0209 1.0117 
1.0291 1.0442 1.0408 1.0394 1.01 1.0087 1.0426 1.0258 1.0358 1.0467 
1.0467 1.0281 1.0419 1.0397 1.0182 1.0229 1.027 1.0216 1.045 1.0452 
1.0103 1.0363 1.0446 1.0027 1.0208 1.03 1.0048 1.012 1.0318 1.0396 
1.0455 1.0011 1.0296 1.0065 1.0271 1.0384 1.0431 1.0108 1.0274 1.0475 
1.0285 1.0101 1.0309 1.0394 1.026 1.0181 1.0428 1.0251 1.0273 1.0298 
1.0265 1.0225 1.013 1.0093 1.0242 1.0009 1.004 1.0317 1.0379 1.0468 
1 1.0246 1.0203 1.0319 1.0028 1.0232 1.0285 1.033 1.0225 1.0153 
1.0057 1.0041 1.0039 1.03 1.0395 1.0147 1.0245 1.0187 1.03 1.018 
1.0169 1.026 1.0044 1.015 1.0047 1.0499 1.0463 1.04 1.0266 1.0255 
1.0098 1.0158 1.017 1.015 1.0329 1.0339 1.0221 1.017 1.0334 1.0379 
1.0031 1.033 1.0109 1.0311 1.0315 1.006 1.043 1.0159 1.0021 1.0308 
1.0082 1.0284 1.0381 1.0324 1.0002 1.0002 1.0181 1.0145 1.0071 1.0339 
1.0158 1.0062 1.0127 1.0085 1.0171 1.0341 1.0096 1.0272 1.0186 1.0135 
1.0234 1.0436 1.0295 1.0427 1.0452 1.021 1.0194 1.0477 1.0086 1.03 
1.0324 1.0382 1.0249 1.0238 1.0073 1.0047 1.0126 1.0314 1.0361 1.0347 
1.0312 1.0143 1.0497 1.0215 1.0156 1.0134 1.0007 1.0265 1.0354 1.0001 
1.0012 1.0251 1.0073 1.0428 1.0388 1.0484 1.0427 1.0141 1.0227 1.0211 
1.0038 1.0235 1.0159 1.0198 1.0291 1.0322 1.0294 1.039 1.0105 1.0177 
1.0038 1.0102 1.0388 1.0232 1.041 1.0056 1.0346 1.048 1.0074 1.0051 
1.0069 1.0276 1.0134 1.0242 1.0443 1.0076 1.0414 1.0257 1.0262 1.0113 
1.0082 1.0022 1.02 1.0151 1.0153 1.0029 1.0154 1.0029 1.0331 1.0035 
1.0399 1.0172 1.0396 1.0388 1.0087 1.0433 1.0069 1.0263 1.0361 1.0288 
1.0269 1.0348 1.0098 1.0257 1.0264 1.036 1.0403 1.0356 1.0334 1.0182 
1.0305 1.0273 1.0203 1.027 1.0254 1.026 1.0362 1.0057 1.0103 1.0187 
1.0052 1.0376 1.0436 1.0438 1.0011 1.0366 1.0283 1.0018 1.0459 1.0343 
1.0136 1.0317 1.0343 1.0446 1.0149 1.0013 1.0158 1.0261 1.0018 1.0267 
1.0071 1.0144 1.0487 1.0178 1.0079 1.0343 1.0353 1.0032 1.0075 1.0256 
1.0289 1.0335 1.0406 1.0296 1.0147 1.0336 1.012 1.0448 1.0002 1.0097 
1.0107 1.0135 1.0273 1.028 1.028 1.0427 1.0281 1.0216 1.0153 1.0397 
1.0088 1.0334 1.0014 1.0313 1.0166 1.0059 1.0277 1.0301 1.0117 1.0457 
1.0435 1.0009 1.045 1.0082 1.0348 1.0046 1.0469 1.0286 1.0458 1.0459 
1.0394 1.0451 1.0085 1.0349 1.0214 1.0449 1.0493 1.0246 1.048 1.0481 
1.0128 1.032 1.0149 1.0104 1.0173 1.0471 1.028 1.0021 1.0142 1.0464 
1.0206 1.0319 1.0318 1.0147 1.0244 1.0016 1.0182 1.048 1.0307 1.0499 
1.0385 1.0241 1.0457 1.0275 1.0045 1.022 1.03 1.0351 1.0016 1.011 
1.0008 1.0064 1.0275 1.0147 1.0008 1.0418 1.0026 1.0452 1.039 1.0076 
1.0133 1.0021 1.0479 1.0427 1.0029 1.0024 1.0148 1.006 1.0453 1.0281 
1.0066 1.0407 1.0458 1.0052 1.0276 1.0398 1.0184 1.0352 1.0179 1.0307 
1.0156 1.0481 1.009 1.0131 1.0063 1.036 1.0175 1.0371 1.0441 1.047 
1.0407 1.0107 1.0182 1.049 1.0069 1.0345 1.0263 1.0367 1.0294 1.0082 
1.0356 1.0197 1.0429 1.0003 1.016 1.0363 1.0126 1.0063 1.0241 1.0217 
1.0235 1.016 1.007 1.0462 1.023 1.0448 1.0307 1.0277 1.0196 1.0084 
1.0284 1.0023 1.0133 1.0175 1.0337 1.026 1.0345 1.016 1.0448 1.0192 
1.013 1.0323 1.0291 1.0076 1.0007 1.0303 1.0403 1.0129 1.0101 1.0112 
1.0269 1.0315 1.0284 1.0243 1.0116 1.0141 1.0124 1.0227 1.0099 1.0008 
1.032 1.0433 1.0281 1.0257 1.0486 1.0247 1.0423 1.0248 1.0409 1.0252 
1.0136 1.0195 1.0296 1.0431 1.0042 1.0366 1.0183 1.0078 1.0028 1.0024 
1.0179 1.0101 1.0399 1.0014 1.0449 1.0448 1.0345 1.0322 1.0051 1.0053 
1.0076 1.0303 1.0299 1.0353 1.0119 1.0335 1.024 1.0396 1.0075 1.0469 
1.0101 1.0259 1.0112 1.002 1.0211 1.0193 1.0402 1.0311 1.0346 1.0393 
1.007 1.0399 1.0157 1.0192 1.0271 1.0014 1.0091 1.019 1.0006 1.0025 
1.0145 1.0185 1.0221 1.0204 1.0388 1.0037 1.0415 1.0101 1.0285 1.0405 
1.0241 1.0074 1.0035 1.0106 1.0319 1.0295 1.0488 1.0306 1.0474 1.0291 
1.0388 1.0068 1.0457 1.0322 1.0291 1.0218 1.0105 1.0347 1.027 1.0141 
1.047 1.0218 1.0424 1.0256 1.0294 1.0393 1.0081 1.0432 1.048 1.0347 
1.0402 1.0395 1.0413 1.0245 1.0021 1.0212 1.0094 1.0096 1.0324 1.0105 
1.0175 1.025 1.0133 1.0446 1.0117 1.0344 1.0385 1.039 1.0434 1.0377 
1.0086 1.0498 1.0341 1.0085 1.0261 1.0306 1.01 1.0077 1.0372 1.0047 
1.025 1.0348 1.0454 1.043 1.0128 1.0029 1.0376 1.0319 1.0003 1.0215 
1.0264 1.0103 1.0499 1.0197 1.0445 1.0431 1.0067 1.0199 1.0362 1.0089 
1.0333 1.0068 1.0106 1.0481 1.0383 1.0027 1.0184 1.0282 1.0254 1.0331 
1.0458 1.0377 1.0394 1.033 1.0195 1.0177 1.0002 1.0037 1.0456 1.0391 
1.0045 1.0393 1.0015 1.0148 1.0452 1.0006 1.0191 1.0148 1.0322 1.0139 
1.0036 1.0074 1.0423 1.0217 1.0136 1.0101 1.0021 1.0158 1.0036 1.0005 
1.0452 1.0065 1.0075 1.0211 1.0006 1.0001 1.0495 1.0017 1.0193 1.0483 
1.0281 1.0453 1.0105 1.012 1.0132 1.0067 1.035 1.0118 1.0441 1.0013 
1.0059 1.0022 1.0337 1.0275 1.0402 1.0182 1.0482 1.0359 1.041 1.0275 
1.0318 1.047 1.0435 1.0286 1.0426 1.0128 1.0344 1.0247 1.0079 1.0165 
1.0407 1.041 1.0411 1.0017 1.0269 1.0033 1.0486 1.0257 1.0087 1.0342 
1.0265 1.0001 1.0113 1.0033 1.0318 1.0496 1.0016 1.0193 1.0189 1.0315 
1.0062 1.0427 1.0115 1.0314 1.0449 1.0298 1.0221 1.0429 1.0092 1.0173 
1.0059 1.0014 1.0427 1.0462 1.0409 1.0154 1.0316 1.0057 1.0178 1.0325 
1.0373 1.028 1.0276 1.0041 1.0284 1 1.0115 1.045 1.0053 1.004 
1.0305 1.0052 1.049 1.034 1.0165 1.0045 1.0129 1.0273 1.0134 1.0242 
1.0361 1.0135 1.0131 1.0363 1.0314 1.0347 1.0041 1.0193 1.0186 1.0258 
1.0052 1.0251 1.0424 1.0138 1.0249 1.0156 1.0264 1.0467 1.0251 1.0489 
1.0343 1.0117 1.0114 1.0374 1.0365 1.0228 1.0025 1.0382 1.0344 1.0215 
1.0382 1.0182 1.0227 1.0133 1.0146 1.0385 1.0206 1.0374 1.0109 1.0485 
1.0016 1.019 1.0412 1.0157 1.0302 1.0451 1.0002 1.0359 1.021 1.0463 
1.014 1.014 1.0336 1.0147 1.0367 1.0182 1.0483 1.0249 1.0174 1.0381 
1.0048 1.0229 1.0113 1.0158 1.0158 1.0188 1.0042 1.0427 1.0289 1.0413 
1.035 1.0407 1.0101 1.0388 1.0377 1.0069 1.0349 1.0122 1.0353 1.0418 
1.0169 1.0194 1.0276 1.0072 1.0451 1.0417 1.0357 1.0096 1.0409 1.0013 
1.0178 1.0275 1.0004 1.0445 1.0283 1.0333 1.0319 1.023 1.0141 1.021 
1.0291 1.0473 1.0039 1.0358 1.0433 1.0067 1.0457 1.0423 1.0485 1.0121 
1.0323 1.016 1.0421 1.0122 1.0276 1.0324 1.0225 1.0085 1.0344 1.0027 
1.033 1.0111 1.0451 1.0436 1.0252 1.0168 1.0012 1.0432 1.0033 1.0213 
1.0388 1.0362 1.0251 1.0322 1.019 1.0031 1.0164 1.0429 1.0278 1.0028 
1.0172 1.0211 1.0436 1.0438 1.0139 1.0117 1.0412 1.0113 1.0237 1.037 
1.0056 1.0412 1.013 1.0083 1.0334 1.0143 1.0449 1.0463 1.0495 1.0166 
1.0088 1.0231 1.0078 1.0186 1.0289 1.0401 1.0049 1.0338 1.0179 1.0353 
1.0089 1.0136 1.042 1.0328 1.0256 1.0323 1.0154 1.0073 1.0272 1.0026 
1.0343 1.036 1.0493 1.0478 1.0121 1.0453 1.0215 1.0049 1.0222 1.026 
1.0093 1.0272 1.0433 1.0134 1.0129 1.0091 1.0265 1.0408 1.0101 1.0018 
1.0217 1.0471 1.0453 1.0334 1.0048 1.04 1.0279 1.0483 1.0298 1.0024 
1.0099 1.0328 1.0212 1.0171 1.0159 1.0174 1.0276 1.0156 1.0406 1.0018 
1.0047 1.0325 1.0474 1.0278 1.0175 1.0217 1.0075 1.016 1.0424 1.0181 
1.0066 1.0067 1.0251 1.0095 1.0128 1.0422 1.0421 1.0259 1.0004 1.0308 
1.026 1.0028 1.0223 1.0423 1.009 1.0323 1.0257 1.0043 1.003 1.015 
1.0302 1.0481 1.0481 1.002 1.0006 1.0467 1.0154 1.0259 1.0342 1.0118 
1.0249 1.0118 1.0436 1.0007 1.0144 1.0253 1.0453 1.0306 1.0249 1.0301 
1.0204 1.0208 1.0458 1.0052 1.0126 1.0122 1.0039 1.0364 1.0032 1.0082 
1.0248 1.0303 1.042 1.0314 1.0087 1.0043 1.0329 1.0415 1.0334 1.049 
1.0168 1.0096 1.0072 1.0453 1.0403 1.0379 1.0492 1.0189 1.0119 1.0063 
1.0255 1.0486 1.0351 1.0423 1.0439 1.0084 1.0377 1.0342 1.0359 1.0478 
1.016 1.0115 1.0185 1.0233 1.0165 1.0302 1.0009 1.0384 1.0282 1.0224 
1.0412 1.0049 1.045 1.0367 1.0269 1.0285 1.0198 1.0486 1.0015 1.0131 
1.0207 1.0148 1.0468 1.041 1.0457 1.0414 1.0244 1.0488 1.0163 1.0442 
1.0233 1.0145 1.0125 1.0453 1.0293 1.0473 1.0291 1.0333 1.0436 1.0441 
1.0478 1.0479 1.0207 1.0364 1.0471 1.0075 1.0261 1.0241 1.0022 1.0418 
1.0398 1.0219 1.0417 1.0419 1.0002 1.0466 1.0002 1.0433 1.0043 1.0184 
1.0062 1.0191 1.0085 1.0178 1.0111 1.0201 1.0488 1.0075 1.0406 1.0238 
1.0367 1.0369 1.0301 1.0331 1.0004 1.0043 1.0065 1.0075 1.0012 1.0355 
1.0043 1.0291 1.0252 1.0077 1.0032 1.0412 1.0244 1.0376 1.0433 1.0255 
1.0467 1.0236 1 1.0192 1.0187 1.0023 1.0305 1.0486 1.0079 1.0235 
1.0276 1.049 1.0114 1.0496 1.0299 1.045 1.0014 1.0374 1.0254 1.006 
1.0064 1.0454 1.0469 1.0478 1.035 1.0046 1.0262 1 1.0394 1.0001 
1.0472 1.0412 1.0309 1.0192 1.0295 1.003 1.0356 1.0426 1.0132 1.0461 
1.0301 1.0438 1.0015 1.0164 1.0265 1.041 1.0328 1.0496 1.0109 1.0397 
1.0111 1.0165 1.0007 1.0198 1.0476 1.0411 1.039 1.0448 1.0361 1.0035 
1.0233 1.0462 1.0341 1.023 1.0287 1.0316 1.0077 1.0357 1.0451 1.0461 
1.0288 1.0033 1.0354 1.0042 1.0056 1.0049 1.0489 1.0067 1.0211 1.0458 
1.0393 1.0369 1.04 1.0399 1.0008 1.0079 1.0207 1.0241 1.0038 1.0021 
1.0278 1.0204 1.0048 1.0013 1.0465 1.0322 1.0052 1.032 1.0134 1.0036 
1.0144 1.0306 1.0169 1.0135 1.0063 1.0197 1.0291 1.0036 1.0497 1.0255 
1.0278 1.0276 1.0327 1.0224 1.0433 1.0409 1.0476 1.0225 1.0347 1.0449 
1.0118 1.0483 1.0009 1.0372 1.0207 1.0012 1.0307 1.0027 1.0213 1.0132 
1.0144 1.0035 1.042 1.0235 1.0175 1.0027 1.0251 1.0229 1.0392 1.0194 
1.0082 1.0362 1.0323 1.0485 1.0102 1.0115 1.0445 1.002 1.0433 1.0292 
1.028 1.0002 1.0112 1.0272 1.0474 1.0274 1.0159 1.011 1.0033 1.0007 
1.0276 1.0397 1.0365 1.0267 1.0038 1.009 1.0477 1.0152 1.0134 1.0148 
1.0223 1.0231 1.0043 1.034 1.0415 1.011 1.0071 1.0411 1.0222 1.0195 
1.0182 1.0305 1.043 1.0161 1.047 1.027 1.0408 1.0323 1.0127 1.0058 
1.0309 1.0414 1.0172 1.0205 1.0411 1.048 1.0106 1.0042 1.0216 1.0282 
1.0321 1.0213 1.0195 1.0226 1.026 1.0241 1.0321 1.043 1.0012 1.0462 
1.0006 1.0271 1.01 1.035 1.0153 1.0441 1.0032 1.0347 1.0205 1.0338 
1.0111 1.021 1.0076 1.0193 1.0297 1.0134 1.0316 1.0134 1.0241 1.0362 
1.0001 1.0483 1.0419 1.0131 1.0146 1.0436 1.0193 1.0182 1.0119 1.0286 
1.0135 1.0033 1.0054 1.0296 1.0345 1.0116 1.0112 1.0151 1.0368 1.0318 
1.0375 1.0012 1.0495 1.0213 1.0242 1.0044 1.044 1.0206 1.0165 1.0059 
1.0405 1.0156 1.0209 1.0036 1.0196 1.0096 1.0494 1.0024 1.0311 1.0413 
1.0315 1.0273 1.0112 1.0409 1.0349 1.0385 1.0384 1.0124 1.0137 1.0087 
1.0444 1.0179 1.0247 1.0409 1.0136 1.0119 1.0183 1.0226 1.0084 1.0395 
1.0465 1.023 1.0341 1.0127 1.0227 1.0288 1.0045 1.0443 1.028 1.0027 
1.0161 1.0216 1.019 1.028 1.0005 1.0285 1.0389 1.0367 1.0497 1.0492 
1.013 1.0372 1.0383 1.0446 1.0073 1.0072 1.0237 1.0008 1.0315 1.022 
1.0409 1.0388 1.031 1.0025 1.0098 1.0275 1.0174 1.0104 1.0357 1.0064 
1.0431 1.0388 1.0103 1.0237 1.026 1.0415 1.0308 1.034 1.036 1.0173 
1.0009 1.0174 1.0428 1.0387 1.0042 1.0047 1.0188 1.0382 1.0315 1.0292 
1.0021 1.0065 1.0256 1.0356 1.0178 1.0464 1.031 1.0236 1.0369 1.0343 
1.0184 1.0459 1.0229 1.0228 1.0274 1.019 1.0009 1.0113 1.0476 1.0204 
1.0036 1.018 1.0323 1.0416 1.0139 1.0231 1.0168 1.0162 1.0086 1.0126 
1.0161 1.0019 1.0154 1.0058 1.0391 1.0153 1.0402 1.0477 1.0348 1.0442 
1.0173 1.0419 1.0238 1.0184 1.0304 1.0003 1.0389 1.0421 1.0461 1.0334 
1.009 1.0488 1.0307 1.0099 1.0119 1.0104 1.0338 1.0101 1.0205 1.0383 
1.0305 1.0001 1.0379 1.0301 1.0374 1.0054 1.0281 1.0382 1.0434 1.0129 
1.0468 1.0193 1.0182 1.0004 1.0196 1.0439 1.0445 1.038 1.0476 1.0308 
1.0107 1.0259 1.0461 1.0484 1.0454 1.0123 1.039 1.0452 1.0375 1.018 
1.0025 1.0054 1.0078 1.0342 1.0153 1.0046 1.0005 1.013 1.0279 1.0059 
1.0114 1.0398 1.0167 1.0086 1.046 1.0332 1.0357 1.0176 1.0256 1.04 
1.0072 1.0326 1.0409 1.0396 1.0329 1.0468 1.034 1.0012 1.0438 1.0206 
1.0064 1.0177 1.0429 1.0199 1.0453 1.0394 1.0444 1.0067 1.0179 1.0422 
1.0243 1.0184 1.0097 1.0168 1.0288 1.0083 1.0343 1.0084 1.0253 1.0027 
1.0265 1.0474 1.0327 1.0319 1.0097 1.0009 1.0058 1.0432 1.0219 1.0237 
1.0114 1.0049 1.0226 1.0323 1.0376 1.0094 1.0134 1.004 1.0023 1.0202 
1.0227 1.0321 1.0116 1.0473 1.0233 1.0195 1.0452 1.0249 1.0134 1.0275 
1.0077 1.0109 1.0316 1.0459 1.0136 1.0158 1.0407 1.0384 1.0013 1.0048 
1.0461 1.0107 1.0075 1.0389 1.0417 1.0143 1.0058 1.0196 1.014 1.0073 
1.0474 1.0161 1.0486 1.0244 1.0111 1.0358 1.0148 1.0374 1.0357 1.0177 
1.0374 1.0438 1.0448 1.0216 1.0408 1.035 1.0272 1.0389 1.0045 1.0068 
1.0449 1.024 1.0291 1.0141 1.0063 1.0038 1.0428 1.0417 1.0292 1.0175 
1.0416 1.0425 1.0426 1.0482 1.0297 1.0398 1.0294 1.0451 1.0163 1.0313 
1.0481 1.0093 1.0143 1.01 1.0415 1.0166 1.0126 1.0016 1.0253 1.0047 
1.045 1.0395 1.0051 1.0344 1.0053 1.0232 1.0057 1.014 1.0093 1.0448 
1.0089 1.0153 1.049 1.0167 1.0086 1.0039 1.0233 1.0248 1.0467 1.0348 
1.0182 1.0189 1.0148 1.0059 1.0453 1.0343 1.0488 1.0417 1.021 1.0232 
1.0406 1.0304 1.0065 1.0226 1.0198 1.0448 1.0479 1.0143 1.0154 1.0135 
1.0406 1.0297 1.0157 1.0232 1.0242 1.0316 1.017 1.0034 1.0109 1.0049 
1.0358 1.0362 1.0228 1.039 1.042 1.0197 1.0356 1.0239 1.0305 1.0183 
1.0252 1.0451 1.014 1.0433 1.0339 1.0176 1.043 1.0321 1.0384 1.0083 
1.0224 1.0367 1.0404 1.0351 1.0365 1.0234 1.0476 1.0455 1.0243 1.0005 
1.0472 1.0046 1.0318 1.0251 1.0447 1.0175 1.0479 1.0233 1.0371 1.0421 
1.0198 1.0122 1.016 1.0497 1.0405 1 1.0188 1.0421 1.0215 1.0249 
1.0474 1.0131 1.0454 1.044 1.0127 1.0487 1.0044 1.0157 1.0312 1.0381 
1.0144 1.0087 1.0373 1.0275 1.0199 1.026 1.0101 1.0177 1.0013 1.049 
1.0488 1.0277 1.0461 1.0344 1.0301 1.0065 1.0199 1.0174 1.03 1.0127 
1.0254 1.0398 1.0339 1.0008 1.0337 1.0327 1.0315 1.0068 1.015 1.0487 
1.0489 1.0297 1.0061 1.0247 1.0369 1.0063 1.0477 1.0046 1.0039 1.0471 
1.0324 1.032 1.0001 1.0218 1.0284 1.0208 1.0092 1.0332 1.0098 1.0223 
1.033 1.0479 1.0102 1.045 1.0388 1.011 1.0147 1.0366 1.0479 1.0287 
1.0372 1.0423 1.0404 1.0476 1.0423 1.0287 1.0216 1.0494 1.0361 1.0283 
1.0033 1.0274 1.019 1.0479 1.0407 1.0181 1.0318 1.0253 1.0337 1.0041 
1.0185 1.048 1.0172 1.0228 1.0047 1.0271 1.0184 1.0204 1.0003 1.0194 
1.0368 1.036 1.0289 1.0077 1.0037 1.0438 1.0005 1.0338 1.0478 1.0177 
1.0182 1.0061 1.0439 1.0173 1.0002 1.0286 1.0169 1.0357 1.034 1.0469 
1.0192 1.0113 1.0428 1.0143 1.022 1.034 1.0038 1.0475 1.0145 1.0235 
1.0033 1.028 1.0467 1.049 1.0445 1.0349 1.0488 1.0038 1.0127 1.0132 
1.0383 1.0244 1.0004 1.0219 1.0232 1.0433 1.0465 1.0127 1.0061 1.0499 
1.0125 1.0327 1.0237 1.0375 1.0499 1.0478 1.0143 1.0343 1.045 1.0092 
1.0073 1.0018 1.0214 1.0458 1.0261 1.0406 1.0276 1.0051 1.0477 1.0041 
1.0189 1.0233 1.0466 1.035 1.0283 1.0008 1.001 1.0458 1.0021 1.0253 
1.0285 1.0115 1.0305 1.0015 1.01 1.0296 1.0223 1.0311 1.0041 1.029 
1.0087 1.0401 1.009 1.0046 1.0297 1.013 1.0477 1.0163 1.0415 1.0211 
1.0111 1.0386 1.01 1.0001 1.0232 1.0176 1.0404 1.0202 1.0487 1.0023 
1.0465 1.0481 1.0318 1.0468 1.0012 1.0401 1.0296 1.002 1.0395 1.0108 
1.0053 1.0257 1.0181 1.0362 1.0238 1.0414 1.0114 1.0027 1.0074 1.027 
1.0457 1.0073 1.0315 1.0118 1.0079 1.0468 1.0421 1.0426 1.0483 1.0484 
1.0232 1.0349 1.0166 1.0225 1.0104 1.0114 1.0003 1.0373 1.0498 1.0258 
1.0159 1.0128 1.0289 1.0307 1.0161 1.0151 1.0146 1.0431 1.0006 1.0248 
1.0015 1.0294 1.0123 1.0097 1.0437 1.0188 1.0463 1.0159 1.0009 1.0327 
1.049 1.0022 1.0468 1.0027 1.0006 1.0466 1.0127 1.0134 1.0265 1.0196 
1.0426 1.0238 1.0239 1.023 1.0127 1.0065 1.0382 1.0427 1.0329 1.0473 
1.016 1.0423 1.0001 1.0096 1.0328 1.0191 1.0409 1.0261 1.0058 1.0232 
1.0244 1.0363 1.0131 1.02 1.0469 1.029 1.0176 1.0284 1.0071 1.0364 
1.0411 1.0152 1.0224 1.0221 1.01 1.0376 1.038 1.041 1.0361 1.0032 
1.0425 1.0395 1.0308 1.0315 1.0468 1.0023 1.0184 1.0479 1.0051 1.0301 
1.0022 1.0216 1.0073 1.0079 1.0269 1.0082 1.0197 1.0313 1.0448 1.036 
1.0123 1.0199 1.0015 1.0242 1.0387 1.0447 1.0054 1.0089 1.0168 1.0015 
1.0309 1.029 1.0384 1.0158 1.0494 1.002 1.0356 1.0448 1.0499 1.0302 
1.0034 1.0251 1.0323 1.0132 1.0485 1.0275 1.0197 1.0484 1.0434 1.0109 
1.0139 1.0436 1.0208 1.0292 1.0083 1.0147 1.0265 1.026 1.0455 1.0225 
1.0079 1.0308 1.0366 1.0471 1.0083 1.0361 1.0039 1.0198 1.0073 1.0303 
1.0206 1.0214 1.0384 1.0159 1.0203 1.017 1.0168 1.0238 1.0401 1.017 
1.0114 1.0366 1.0108 1.0358 1.0254 1.0282 1.0047 1.0029 1.0092 1.0446 
1.0473 1.024 1.0168 1.0008 1.0332 1.0332 1.025 1.0281 1.0342 1.0109 
1.0066 1.0239 1.02 1.022 1.0279 1.0482 1.0488 1.032 1.0082 1.0353 
1.0031 1.0316 1.0257 1.0447 1.0259 1.03 1.0425 1.037 1.0497 1.0234 
1.0457 1.0132 1.0319 1.019 1.0264 1.0323 1.0472 1.0041 1.0233 1.0333 
1.0116 1.0345 1.0217 1.0237 1.0305 1.0041 1.0252 1.0316 1.0278 1.0168 
1.0155 1.0455 1.0431 1.0155 1.0005 1.032 1.0345 1.0004 1.0389 1.0048 
1.0223 1.0356 1.0068 1.0152 1.0249 1.0427 1.0199 1.0023 1.0209 1.0286 
1.0231 1.0342 1.0348 1.033 1.0212 1.0032 1.0042 1.0112 1.0418 1.0432 
1.0019 1.0136 1.0319 1.0209 1.0104 1.0293 1.0152 1.013 1.0125 1.0344 
1.0013 1.0027 1.0209 1.0173 1.0252 1.0179 1.0368 1.0439 1.0237 1.0361 
1.0395 1.0168 1.0298 1.0235 1.0106 1.032 1.0172 1.0349 1.0322 1.0048 
1.0319 1.0475 1.0437 1.0207 1.0009 1.0499 1.025 1.0092 1.0312 1.0161 
1.0207 1.0494 1.0475 1.008 1.0329 1.0175 1.0227 1.0328 1.0287 1.0011 
1.045 1.0423 1.0311 1.0037 1.0176 1.0385 1.0234 1.0439 1.0488 1.0471 
1.0021 1.0255 1.0309 1.0265 1.0299 1 1.0398 1.0036 1.0497 1.0358 
1.0483 1.0336 1.0208 1.0189 1.0381 1.0002 1.0193 1.0072 1.0023 1.0355 
1.0431 1.0257 1.0378 1.0013 1.0432 1.0159 1.039 1.0304 1.0425 1.0108 
1.029 1.0207 1.0175 1.0244 1.0401 1.0225 1.0186 1.0165 1.0126 1.0289 
1.017 1.0117 1.0286 1.0488 1.0091 1.0337 1.038 1.0077 1.0265 1.0055 
1.0329 1.0426 1.007 1.043 1.0028 1.0495 1.0394 1.0316 1.0119 1.0411 
1.0378 1.0345 1.0208 1.0389 1.0249 1.0315 1.0459 1.0223 1.0025 1.0485 
1.0105 1.0213 1.0216 1.0107 1.0228 1.0357 1.0096 1.0338 1.0319 1.0187 
1.0007 1.0496 1.0453 1.0306 1.0218 1.0311 1.0449 1.0452 1.0262 1.0206 
1.0165 1.0231 1.0141 1.0272 1.0343 1.0068 1.0403 1.0215 1.0199 1.0232 
1.0216 1.0308 1.0482 1.0093 1.0315 1.0018 1.0135 1.0322 1.0275 1.0496 
1.032 1.0394 1.0045 1.0215 1.0287 1.0442 1.0003 1.0314 1.0389 1.0332 
1.0063 1.0008 1.0446 1.0463 1.0039 1.0303 1.0067 1.0161 1.0455 1.0106 
1.0493 1.0168 1.0312 1.0046 1.0375 1.02 1.0307 1.0253 1.0253 1.0403 
1.0225 1.0143 1.0237 1.0358 1.0394 1.0284 1.0146 1.0452 1.0291 1.0385 
1.01 1 1.0217 1.0349 1.0236 1.0484 1.0439 1.026 1.022 1.0303 
1.0423 1.0435 1.0028 1.0086 1.0067 1.0247 1.0438 1.0331 1.0229 1.0431 
1.0147 1.0261 1.0389 1.0247 1.0164 1.046 1.0035 1.0223 1.0396 1.0328 
1.0068 1.0102 1.0106 1.0184 1.0109 1.0343 1.0425 1.0041 1.0057 1.0221 
1.0377 1.0119 1.0482 1.0295 1.0382 1.0147 1.0391 1.0487 1.026 1.0073 
1.0277 1.039 1.0269 1.0232 1.022 1.034 1.0427 1.014 1.0142 1.0232 
1.0323 1.0435 1.0094 1.0379 1.0362 1.0331 1.0246 1.0281 1.0294 1.0023 
1.0118 1.0172 1.0156 1.0096 1.004 1.0028 1.0285 1.0222 1.0164 1.0479 
1.0237 1.0271 1.0341 1.0145 1.0459 1.0291 1.048 1.0018 1.0358 1.0093 
1.0285 1.0263 1.0032 1.0349 1.0439 1.0423 1.0133 1.045 1.0368 1.0207 
1.0206 1.0458 1.0425 1.0124 1.0103 1.0175 1.0094 1.0159 1.0285 1.002 
1.0113 1.0497 1.0429 1.0293 1.0207 1.0232 1.0408 1.0323 1.0015 1.0282 
1.0295 1.0308 1.0228 1.0448 1.0319 1.0481 1.0453 1.0078 1.0383 1.0268 
1.0143 1.0077 1.0147 1.0317 1.0094 1.0457 1.0039 1.0355 1.0175 1.0196 
1.032 1.0461 1.001 1.015 1.0471 1.0066 1.0158 1.0331 1.0162 1.0048 
1.0445 1.039 1.0272 1.0028 1.0162 1.0172 1.0259 1.042 1.0331 1.0252 
1.008 1.011 1.0132 1.0331 1.0255 1.0445 1.0285 1.0383 1.0288 1.0125 
1.0404 1.0364 1.0177 1.03 1.0439 1.0147 1.02 1.0238 1.0335 1.0106 
1.0151 1.0433 1.0201 1.0471 1.0367 1.0022 1.0475 1.0461 1.0086 1.0161 
1.0314 1.0148 1.0428 1.0252 1.009 1.0125 1.0023 1.0057 1.0203 1.0177 
1.0141 1.0301 1.0131 1.0065 1.0031 1.0237 1.0297 1.0258 1.042 1.0019 
1.034 1.0473 1.0392 1.0014 1.0295 1.0486 1.0122 1.0313 1.0447 1.0132 
1.0186 1.0341 1.0417 1.0144 1.0366 1.0029 1.0238 1.01 1.0259 1.0046 
1.0363 1.0021 1.0128 1.015 1.037 1.0456 1.0179 1.0114 1.0255 1.0125 
1.0475 1.0102 1.0475 1.0261 1.0325 1.0272 1.0015 1.0261 1.0317 1.0254 
1.0091 1.0414 1.0496 1.0236 1.0004 1.0376 1.0376 1.0069 1.0418 1.0038 
1.0463 1.0479 1.0362 1.0087 1.0315 1.0269 1.0329 1.0374 1.0269 1.014 
1.0065 1.0182 1.0177 1.0014 1.0432 1.0012 1.0473 1.0059 1.0193 1.0154 
1.0006 1.0416 1.0042 1.0481 1.0376 1.0029 1.0447 1.0114 1.0368 1.0489 
1.0208 1.0244 1.0218 1.0261 1.0303 1.0449 1.0203 1.0277 1.0374 1.037 
1.0301 1.0474 1.0024 1.0003 1.0341 1.0497 1.0366 1.0487 1.0446 1.0134 
1.001 1.0156 1.044 1.0433 1.04 1.0031 1.0001 1.0276 1.0199 1.0427 
1.0027 1.0429 1.0076 1.0203 1.0194 1.0007 1.037 1.048 1.0332 1.0283 
1.0071 1.0211 1.0198 1.0373 1.0471 1.0187 1.0253 1.0087 1.0093 1.0199 
1.0042 1.0166 1.0422 1.0054 1.0142 1.0422 1.0194 1.0171 1.0473 1.0246 
1.0023 1.0483 1.0273 1.0088 1.0417 1.0149 1.0249 1.017 1.0059 1.042 
1.0442 1.0187 1.0144 1.0115 1.0166 1.0008 1.0094 1.0201 1.0199 1.0113 
1.0357 1.0302 1.011 1.0462 1.0427 1.0238 1.0373 1.0297 1.011 1.0493 
1.0438 1.0043 1.0496 1.0318 1.0261 1.0387 1.0091 1.0463 1.0292 1.0146 
1.0411 1.0074 1.0312 1.0412 1.0279 1.0049 1.0367 1.0221 1.0321 1.0115 
1.0472 1.0159 1.0331 1.0438 1.0154 1.0203 1.0107 1.0463 1.0397 1.0262 
1.0035 1.0268 1.0237 1.0178 1.02 1.0497 1.0152 1.0074 1.0118 1.0046 
1.0386 1.047 1.0277 1.0076 1.0424 1.0174 1.0058 1.0393 1.0014 1.0228 
1.0429 1.006 1.01 1.0064 1.0149 1.0497 1.0298 1.028 1.0085 1.0281 
1.0178 1.0008 1.0046 1.029 1.0294 1.034 1.0069 1.0218 1.0343 1.0152 
1.0178 1.0477 1.0449 1.0051 1.0053 1.0431 1.0028 1.041 1.0488 1.001 
1.0475 1.0155 1.0005 1.0268 1.0346 1.0229 1.0342 1.0285 1.0249 1.0422 
1.003 1.0344 1.0219 1.002 1.0117 1.0226 1.0117 1.0357 1.0079 1.0479 
1.0232 1.0345 1.0184 1.0319 1.0015 1.024 1.0448 1.0208 1.0077 1.0152 
1.031 1.0214 1.0469 1.0263 1.0414 1.0267 1.048 1.0309 1.0363 1.0321 
1.0105 1.0301 1.0457 1.0136 1.0262 1.0306 1.0183 1.03 1.0369 1.0196 
1.0016 1.0142 1.0187 1.0242 1.0404 1.0318 1.0242 1.0262 1.0481 1.0037 
1.033 1.0151 1.0155 1.0068 1.0338 1.0226 1.0099 1.0221 1.0004 1.0485 
1.0366 1.0341 1.0348 1.0192 1.0354 1.0473 1.0245 1.0165 1.0073 1.0112 
1.0103 1.0197 1.0446 1.0405 1.035 1.0383 1.0372 1.0201 1.0404 1.048 
1.0448 1.0188 1.0249 1.0184 1.0315 1.028 1.0272 1.0124 1.0012 1.0126 
1.0391 1.046 1.0198 1.0332 1.0279 1.0048 1.0361 1.0271 1.0149 1.0117 
1.0078 1.005 1.042 1.0413 1.0012 1.0295 1.0059 1.0367 1.0214 1.0144 
1.013 1.0399 1.0226 1.0224 1.026 1.0086 1.0278 1.0079 1.012 1.0409 
1.0489 1.0275 1.0153 1.0195 1.01 1.0428 1.0121 1.0228 1.0359 1.0279 
1.0153 1.0243 1.015 1.0146 1.011 1 1.0171 1.0403 1.0196 1.0319 
1.0285 1.0075 1.0167 1.0467 1.0234 1.0309 1.0101 1.0182 1.0265 1.0103 
1.0314 1.044 1.0339 1.0094 1.0269 1.021 1.0007 1.028 1.0184 1.0233 
1.0039 1.0075 1.0247 1.0415 1.0437 1.0417 1.0013 1.0253 1.0386 1.0423 
1.0107 1.035 1.0138 1.0298 1.0421 1.0003 1.0472 1.017 1.0438 1.0356 
1.0083 1.0013 1.0405 1.0485 1.0217 1.004 1.0189 1.0012 1.0051 1.0184 
1.0126 1.0434 1.0173 1.0304 1.0081 1.0492 1.0248 1.0361 1.0163 1.0145 
1.0005 1.0146 1.0109 1.0133 1.0216 1.0173 1.011 1.0467 1.0216 1.0173 
1.0211 1.0211 1.004 1.0381 1.0067 1.0221 1.0091 1.0206 1.0399 1.0402 
1.0024 1.0224 1.0033 1.038 1.031 1.0015 1.0117 1.0127 1.0354 1.0159 
1.0138 1.0055 1.0349 1.0196 1.0325 1.0363 1.0391 1.0204 1.0075 1.0229 
1.0055 1.0245 1.0366 1.0411 1.0337 1.0496 1.0358 1.0428 1.0474 1.0014 
1.0088 1.0471 1.0379 1.0129 1.0035 1.0027 1.0077 1.0246 1.0245 1.0228 
1.0151 1.0244 1.0407 1.0468 1.0084 1.0261 1.0313 1.0493 1.0499 1.0379 
1.008 1.0026 1.012 1.0342 1.0278 1.0145 1.0369 1.0128 1.0423 1.0097 
1.0153 1.0454 1.0216 1.0032 1.0067 1.0145 1.042 1.0434 1.0146 1.0211 
1.0398 1.0494 1.0268 1.019 1.0362 1.0043 1.0193 1.0397 1.0399 1.0231 
1.0037 1.0402 1.0169 1.0313 1.0124 1.036 1.0398 1.0393 1.046 1.0231 
1.0062 1.0057 1.0264 1.0076 1.0211 1.0224 1.0129 1.0433 1.0366 1.0373 
1.0234 1.0148 1.0475 1.0381 1.0492 1.0095 1.0407 1.0081 1.0197 1.0224 
1.038 1.0344 1.016 1.0194 1.0345 1.0376 1.0322 1.0456 1.0379 1.0086 
1.0363 1.0275 1.0391 1.0311 1.0488 1.0106 1.0272 1.0408 1.0371 1.0369 
1.0363 1.0453 1.0368 1.0399 1.0382 1.0406 1.0271 1.0234 1.0406 1.0058 
1.0398 1.0194 1.0324 1.0125 1.0256 1.0085 1.0162 1.0447 1.0014 1.0384 
1.0341 1.0253 1.0025 1.011 1.0181 1.004 1.028 1.0491 1.0069 1.004 
1.0459 1.0082 1.0061 1.0458 1.0388 1.0171 1.0257 1.0305 1.0018 1.0366 
1.0038 1.0321 1.0443 1.0128 1.0267 1.0353 1.0338 1.0465 1.0058 1.0095 
1.0312 1.0001 1.0175 1.0178 1.0286 1.0103 1.0058 1.0027 1.0444 1.0118 
1.0004 1.0027 1.0021 1.0378 1.0458 1.0347 1.0447 1.0468 1.0477 1.0141 
1.0304 1.0201 1.0373 1.0359 1.0256 1.0372 1.0248 1.0369 1.0113 1.0328 
1.0362 1.0368 1.0373 1.0495 1.0279 1.0132 1.0183 1.007 1.0264 1.0465 
1.0293 1.0137 1.0486 1.0105 1.0379 1.0283 1.0407 1.0185 1.024 1.0125 
1.019 1.0199 1.0397 1.0394 1.0329 1.0067 1.0342 1.0179 1.0045 1 
1.0253 1.0192 1.0485 1.0149 1.02 1.0155 1.0015 1.0215 1.0447 1.0042 
1.02 1.049 1.0254 1.0063 1.0195 1.0231 1.0019 1 1.0415 1.0444 
1.0239 1.0116 1.0244 1.0322 1.0457 1.0085 1.0215 1.025 1.048 1.033 
1.0204 1.0135 1.0055 1.0287 1.0229 1.0499 1.0037 1.0063 1.0484 1.0248 
1.0238 1.0001 1.0046 1.0037 1.0495 1.0244 1.0242 1.0421 1.0085 1.002 
1.0076 1.0003 1.0264 1.044 1.0258 1.0379 1.0377 1.0362 1.019 1.0119 
1.003 1.0239 1.0206 1.0418 1.0046 1.0027 1.0012 1.0117 1.0477 1.0405 
1.0326 1.0111 1.0376 1.0374 1.0173 1.0058 1.0032 1.0128 1.0281 1.0215 
1.0415 1.0213 1.0368 1.015 1.018 1.0233 1.0322 1.0493 1.044 1.0297 
1.0036 1.0491 1.0129 1.012 1.0071 1.0248 1.0378 1.0039 1.0108 1.0112 
1.0423 1.0499 1.0345 1.0207 1.011 1.0109 1.0039 1.0075 1.0158 1.0227 
1.043 1.0175 1.0315 1.0198 1.0124 1.0314 1.0394 1.0159 1.0294 1.0313 
1.0127 1.0106 1.0151 1.0394 1.026 1.0283 1.0054 1.0086 1.0204 1.0167 
1.0139 1.0463 1.0287 1.0427 1.0421 1.0197 1.0419 1.0298 1.0218 1.0013 
1.0244 1.0385 1.0314 1.0356 1.048 1.0079 1.0028 1.0295 1.0359 1.0287 
1.0003 1.0279 1.0077 1.0061 1.0056 1.0191 1.0415 1.0374 1.0381 1.0147 
1.0299 1.0239 1.0154 1.0327 1.033 1.0172 1.0365 1.0496 1.0372 1.0018 
1.0443 1.0247 1.0207 1.0047 1.0293 1.0368 1.0267 1.0371 1.0188 1.0336 
1.0374 1.0211 1.0281 1.0318 1.0126 1.0078 1.0355 1.0422 1.0435 1.0136 
1.0314 1.0172 1.0135 1.003 1.0016 1.0268 1.0355 1.0477 1.0262 1.0349 
1.0304 1.0059 1.0494 1.0251 1.0005 1.0255 1.023 1.0079 1.0263 1.0076 
1.0028 1.0286 1.0015 1.0396 1.0195 1.0187 1.0306 1.0057 1.0344 1.0037 
1.0167 1.0145 1.0282 1.0388 1.0112 1.023 1.0479 1.0453 1.0442 1.026 
1.0164 1.0488 1.0175 1.043 1.0075 1.0141 1.0412 1.0118 1.0459 1.015 
1.0448 1.0177 1.0091 1.0437 1.0134 1.0139 1.0051 1.0093 1.0042 1.0078 
1.0099 1.0121 1.0039 1.0041 1.0057 1.012 1.0327 1.0083 1.0145 1.0494 
1.0288 1.0196 1.0395 1.04 1.0141 1.0355 1.0473 1.0246 1.0012 1.0077 
1.0314 1.0265 1.0498 1.0071 1.0078 1.0183 1.02 1.0066 1.0191 1.0109 
1.0221 1.001 1.0387 1.0173 1.0059 1.01 1.0307 1.0411 1.0267 1.0439 
1.0275 1.0377 1.0095 1.0365 1.0247 1.0401 1.0055 1.0239 1.0365 1.0462 
1.0199 1.017 1.0404 1.0095 1.0018 1.0136 1.0005 1.0367 1.0188 1.0138 
1.0356 1.049 1.0391 1.0095 1.0025 1.0291 1.0476 1.0358 1.0239 1.0098 
1.0385 1.0439 1.0177 1.0223 1.0114 1.0107 1.0283 1.026 1.0428 1.0468 
1.0012 1.0396 1.0415 1.0039 1.0269 1.0105 1.0039 1.0237 1.0276 1.0431 
1.0154 1.0148 1.013 1.0053 1.0297 1.0331 1.0021 1.0287 1.0421 1.0255 
1.0066 1.0041 1.0059 1.0403 1.0119 1.0103 1.017 1.0434 1.0268 1.0341 
1.0468 1.0148 1.0363 1.0261 1.0376 1.035 1.0489 1.0319 1.0022 1.015 
1.0451 1.0496 1.0431 1.0487 1.0296 1.0174 1.0074 1.016 1.0163 1.0346 
1.0499 1.0027 1.0469 1.0087 1.0331 1.0367 1.038 1.0187 1.0173 1.035 
1.0239 1.0227 1.0276 1.0061 1.0153 1.0212 1.0412 1.0445 1.0379 1.0211 
1.0353 1.0172 1.0137 1.0053 1.0198 1.011 1.034 1.0448 1.0322 1.0012 
1.0199 1.0256 1.0197 1.0278 1.0362 1.0181 1.0437 1.0084 1.0202 1.0055 
1.027 1.03 1.0197 1.0295 1.0183 1.0013 1.0269 1.001 1.0097 1.0155 
1.0457 1.0356 1.035 1.0009 1.0367 1.0307 1.0143 1.0111 1.0052 1.0495 
1.007 1.0494 1.0424 1.0284 1.0243 1.0408 1.0433 1.0218 1.0039 1.0484 
1.0371 1.0428 1.0457 1.045 1.0189 1.0213 1.0413 1.0451 1.0218 1.0322 
1.035 1.0483 1.0313 1.0312 1.0293 1.0355 1.0489 1.0261 1.0302 1.0109 
1.0461 1.0265 1.0041 1.0197 1.0291 1.0303 1.0213 1.0453 1.0072 1.0423 
1.0231 1.0253 1.01 1.0238 1.0043 1.0409 1.019 1.0136 1.0387 1.0074 
1.0129 1.0493 1.0136 1.0463 1.0436 1.0396 1.0316 1.0348 1.0275 1.04 
1.022 1.0324 1.0027 1.0155 1.0315 1.0163 1.0337 1.0324 1.046 1.0478 
1.0205 1.0239 1.0265 1.0021 1.0185 1.0216 1.0111 1.0045 1.0215 1.0012 
1.0451 1.0032 1.025 1.0471 1.023 1.0226 1.0389 1.0215 1.0057 1.0114 
1.0081 1.0347 1.0056 1.0076 1.0018 1.0164 1.0241 1.0147 1.0483 1.0268 
1.0415 1.0181 1.0229 1.0439 1.0355 1.0138 1.0273 1.0039 1.0325 1.0363 
1.0249 1.0314 1.0384 1.042 1.0413 1.0415 1.0184 1.0272 1.0402 1.017 
1.0044 1.0223 1.0382 1.0063 1.0443 1.0285 1.0169 1.0237 1.0057 1.0121 
1.0276 1.0462 1.0054 1.0328 1.0276 1.0283 1.0379 1.0131 1.0438 1.0326 
1.0358 1.0161 1.0012 1.0306 1.0119 1.0086 1.0338 1.0322 1.0131 1.0129 
1.0277 1.0416 1.0499 1.0429 1.0008 1.022 1.0164 1.0435 1.0186 1.0153 
1.0166 1.0005 1.0379 1.0143 1.0398 1.0281 1.0482 1.0054 1.0141 1.0011 
1.0298 1.0266 1.0265 1.0109 1.0496 1.0239 1.0326 1.0058 1.0132 1.0363 
1.0013 1.0461 1.0484 1.0366 1.0076 1.0003 1.0209 1.0129 1.0475 1.0074 
1.0311 1.0174 1.0429 1.0435 1.0307 1.015 1.001 1.0202 1.0451 1.006 
1.0139 1.0008 1.0398 1.0258 1.0074 1.0438 1.0392 1.039 1.0296 1.0312 
1.0488 1.0351 1.0052 1.0496 1.0029 1.0491 1.0354 1.0129 1.0018 1.0207 
1.0212 1.0118 1.0257 1.0125 1.0372 1.0031 1.0197 1.0001 1.0302 1.0118 
1.0326 1.0439 1.0035 1.0065 1.0134 1.0307 1.043 1.0479 1.0434 1.0094 
1.0286 1.0076 1.0254 1.0005 1.0048 1.0295 1.0157 1.002 1.0342 1.0475 
1.0158 1.0081 1.0292 1.0083 1.0204 1.0317 1.0214 1.0325 1.0073 1.0385 
1.0231 1.0156 1.022 1.024 1.0416 1.0074 1.0485 1.0325 1.0252 1.0398 
1.032 1.0444 1.021 1.0491 1.0094 1.0454 1.0344 1.0016 1.0079 1.0437 
1.0207 1.0157 1.0207 1.0484 1.0174 1.0281 1.0371 1.0354 1.0335 1.0102 
1.0043 1.01 1.026 1.001 1.0446 1.015 1.0067 1.0107 1.0321 1.0167 
1.0004 1.019 1.0219 1.002 1.0182 1.0447 1.0328 1.0197 1.0328 1.0384 
1.0281 1.0017 1.0081 1.0043 1.0055 1.0323 1.0095 1.0125 1.0448 1.0098 
1.0044 1.0092 1.0102 1.035 1.0201 1.0435 1.0121 1.0071 1.0198 1.0024 
1.0164 1.0257 1.0499 1.0183 1.0071 1.0497 1.0474 1.0285 1.0127 1.0144 
1.0468 1.0492 1.0481 1.006 1.0024 1.0145 1.0288 1.0111 1.0137 1.0393 
1.0089 1.0466 1.0344 1.0476 1.01 1.0014 1.0178 1.0091 1.0336 1.0163 
1.0452 1.0097 1.0355 1.0001 1.0055 1.0305 1.0319 1.0003 1.0052 1.0294 
1.0285 1.0108 1.0277 1.0494 1.0368 1.0392 1.0489 1.0227 1.0072 1.0303 
1.0394 1.0395 1.0491 1.0101 1.0436 1.0187 1.0039 1.0345 1.0092 1.0398 
1.0146 1.0147 1.0394 1.0279 1.0354 1.0136 1.0075 1.0048 1.0377 1.0228 
1.0047 1.0476 1.0212 1.0047 1.0042 1.0148 1.0134 1.0359 1.0159 1.0269 
1.0159 1.0497 1.0038 1.0305 1.0318 1.0469 1.041 1.0067 1.024 1.0003 
1.0154 1.0412 1.0146 1.0499 1.0254 1.004 1.0277 1.0081 1 1.0272 
1.0391 1.0381 1.0316 1.0089 1.0441 1.0057 1.0167 1.0004 1.0011 1.0065 
1.0343 1.0199 1.0459 1.0426 1.0319 1.0401 1.0202 1.0294 1.0288 1.0446 
1.0411 1.0019 1.0389 1.0253 1.0133 1.0486 1.0223 1.0301 1.0055 1.0158 
1.0088 1.0401 1.0014 1.0433 1.0344 1.0263 1.0355 1.0409 1.0297 1.002 
1.0126 1.0407 1.0079 1.0394 1.0266 1.0468 1.0499 1.0022 1.0082 1.0289 
1.0322 1.0098 1.0147 1.0137 1.0364 1.0373 1.0407 1.0365 1.0153 1.0162 
1.0046 1.0063 1.0406 1.0459 1.017 1.0141 1.0044 1.042 1.0228 1.0248 
1.0423 1.0411 1.0452 1.0036 1.0033 1.0212 1.0194 1.0407 1.0417 1.0107 
1.0063 1.0226 1.0118 1.0053 1.0398 1.0171 1.0459 1.0093 1.0272 1.0451 
1.0325 1.0476 1.042 1.0169 1.0298 1.0267 1.0483 1.0024 1.0292 1.0159 
1.0182 1.0126 1.0313 1.0296 1.0126 1.0433 1.0369 1.0231 1.0241 1.0202 
1.0226 1.0162 1.0289 1.0168 1.0286 1.0482 1.0194 1.0142 1.0134 1.0027 
1.0499 1.0317 1.0214 1.0273 1.0006 1.022 1.0189 1.0047 1.0312 1.0156 
1.039 1.0295 1.0463 1.0002 1.0083 1.0361 1.0322 1.0262 1.0105 1.0437 
1.0028 1.0382 1.0085 1.029 1.014 1.0132 1.0057 1.0077 1.0492 1.0449 
1.0358 1.016 1.0134 1.0058 1.0456 1.0303 1.0448 1.0135 1.0046 1.0284 
1.0291 1.0065 1.0036 1.0094 1.0432 1.0208 1.009 1.0085 1.0184 1.0014 
1.0263 1.034 1.0294 1.0223 1.0038 1.0195 1 1.0229 1.0396 1.0477 
1.0332 1.0393 1.0178 1.0273 1.0455 1.0295 1.0116 1.0029 1.0081 1.0207 
1.0417 1.0367 1.0054 1.0144 1.0157 1.0303 1.0076 1.0253 1.0305 1.0316 
1.0094 1.0474 1.0219 1.0395 1.0401 1.0336 1.0102 1.0145 1.0453 1.006 
1.039 1.0004 1.0374 1.0153 1.0186 1.0012 1.0211 1.0172 1.0221 1.013 
1.0291 1.0367 1.0359 1.0478 1.0438 1.0237 1.0074 1.035 1.023 1.0285 
1.0477 1.027 1.047 1.0145 1.0347 1.0237 1.0291 1.0241 1.0407 1.024 
1.0354 1.0017 1.0359 1.0461 1.0165 1.0347 1.0287 1.0127 1.0422 1.0124 
1.0459 1.0236 1.0116 1.026 1.0007 1.0135 1.0282 1.0479 1.0266 1.0415 
1.0117 1.0091 1.0165 1.0459 1.0398 1.0092 1.0149 1.022 1.0101 1.0367 
1.0095 1.0448 1.0064 1.0247 1.0247 1.0368 1.0071 1.0199 1.0196 1.0161 
1.0075 1.0307 1.0411 1.0226 1.0449 1.0365 1.0077 1.022 1.02 1.0299 
1.0481 1.0358 1.0083 1.01 1.0205 1.0459 1.0036 1.0403 1.0356 1.0215 
1.0479 1.005 1.0154 1.0033 1.0143 1.0154 1.0231 1.0194 1.0378 1.011 
1.0441 1.0025 1.0164 1.0207 1.0387 1.0356 1.0302 1.0071 1.0026 1.0183 
1.0002 1.038 1.0287 1.0023 1.0286 1.0183 1.0281 1.0251 1.0208 1.042 
1.0057 1.047 1.0033 1.0497 1.0115 1.0395 1.0459 1.0471 1.0146 1.0389 
1.0227 1.012 1.0059 1.0197 1.0415 1.0061 1.0362 1.0438 1.0306 1.0174 
1.0193 1.0303 1.0274 1.0199 1.0253 1.0167 1.0346 1.0317 1.0122 1.0341 
1.0316 1.0014 1.0107 1.0253 1.0455 1.0093 1.0286 1.0463 1.0043 1.0418 
1.0257 1.0318 1.011 1.0176 1.0432 1.0252 1.0329 1.0136 1.0001 1.0196 
1.0215 1.0377 1.0426 1.046 1.0334 1.022 1.0106 1.0064 1.0397 1.0118 
1.0231 1.0338 1.0154 1.0075 1.0486 1.028 1.002 1.0326 1.0055 1.0031 
1.0237 1.0238 1.0486 1.0365 1.037 1.0331 1.0259 1.033 1.0338 1.045 
1.0366 1.0034 1.0131 1.0024 1.035 1.0366 1.0238 1.0466 1.027 1.0171 
1.003 1.0413 1.0192 1.0451 1.0096 1.0056 1.0102 1.0447 1.0429 1.0394 
1.0355 1.0229 1.0079 1.02 1.0223 1.0095 1.0277 1.0116 1.0241 1.0439 
1.0181 1.0083 1.0212 1.0412 1.0047 1.0369 1.0471 1.0297 1.0048 1.0218 
1.0062 1.0161 1.0384 1.0098 1.0402 1.0218 1.0212 1.0128 1.006 1.017 
1.0466 1.0104 1.0429 1.0015 1.0382 1.0095 1.0016 1.0286 1.0413 1.0364 
1.0164 1.0419 1.03 1.0104 1.0259 1.013 1.0075 1.0265 1.0272 1.0165 
1.029 1.0047 1.0493 1.0188 1.0488 1.0015 1.03 1.0013 1.0079 1.0256 
1.0159 1.0009 1.0035 1.0166 1.0065 1.0451 1.0158 1.024 1.0107 1.0168 
1.0251 1.0155 1.0159 1.0406 1.0137 1.0373 1.0352 1.0312 1.0411 1.0015 
1.0114 1.041 1.0266 1.0245 1.004 1.0054 1.0026 1.0409 1.0102 1.0038 
1.0008 1.0195 1.036 1.0045 1.0428 1.0433 1.0132 1.0427 1.0227 1.0243 
1.0402 1.0183 1.0383 1.0404 1.0331 1.0172 1.0373 1.0005 1.0066 1.0227 
1.0138 1.0325 1.0103 1.0108 1.0242 1.0202 1.0301 1.0345 1.0498 1.0171 
1.0141 1.0331 1.0317 1.0458 1.0281 1.0036 1.0252 1.0432 1.0041 1.0133 
1.0072 1.0199 1.0233 1.0029 1.0252 1.0167 1.013 1.0285 1.0192 1.0176 
1.0102 1.0357 1.0462 1.0007 1.0154 1.0131 1.0259 1.0292 1.011 1.0331 
1.0291 1.029 1.0488 1.0027 1.0288 1.0349 1.0008 1.0459 1.0308 1.0064 
1.0212 1.016 1.0254 1.0265 1.0394 1.0044 1.0424 1.0213 1.009 1.0181 
1.0282 1.0284 1.039 1.0172 1.0205 1.0318 1.0299 1.0451 1.0288 1.0147 
1.019 1.0227 1.0415 1.0473 1.0331 1.0326 1.021 1.0391 1.0285 1.0239 
1.0176 1.0136 1.0449 1.0395 1.0498 1.0352 1.0307 1.0322 1.0349 1.0378 
1.0251 1.0129 1.0263 1.0319 1.0024 1.0086 1.0312 1.035 1.0043 1.0409 
1.0379 1.0192 1.0194 1.0232 1.0228 1.0026 1.0367 1.0063 1.0375 1.0204 
1.0282 1.0014 1.0396 1.0365 1.0065 1.0292 1.0297 1.0128 1.0391 1.0402 
1.0332 1.0209 1 1.0191 1.033 1.0457 1.0024 1.0233 1.0311 1.0174 
1.0005 1.0371 1.001 1.0142 1.0237 1.0496 1.0247 1.0433 1.037 1.0104 
1.0079 1.013 1.0137 1.0178 1.0056 1.0338 1.0416 1.0438 1.019 1.0055 
1.0423 1.0308 1.0029 1.0127 1.0465 1.0336 1.0112 1.0471 1.0068 1.0459 
1.0385 1.0199 1.0314 1.0075 1.0398 1.0203 1.0327 1.0114 1.0036 1.0087 
1.0395 1.0412 1.0318 1.0066 1.0378 1.0034 1.0131 1.0088 1.0204 1.0485 
1.0108 1.0383 1.041 1.0244 1.0484 1.0191 1.0158 1.0293 1.0009 1.012 
1.0302 1.0026 1.0072 1.0008 1.0444 1.0087 1.0067 1.0368 1.0205 1.0166 
1.035 1.0216 1.0071 1.0319 1.0091 1.0403 1.0459 1.0101 1.0219 1.0215 
1.0143 1.0417 1.0326 1.0352 1.0252 1.0398 1.0128 1.0138 1.0332 1.0192 
1.0389 1.0458 1.0297 1.0481 1.0258 1.0326 1.0417 1.0077 1.0205 1.0427 
1.0465 1.0448 1.0263 1.0259 1.0344 1.0453 1.0439 1.0086 1.0034 1.0153 
1.0302 1.0066 1.0024 1.0282 1.0285 1.0263 1.0082 1.037 1.0442 1.0076 
1.0085 1.0195 1.0392 1.0058 1.0018 1.0052 1.0256 1.0016 1.026 1.0275 
1.004 1.0388 1.0438 1.0436 1.0465 1.0297 1.0433 1.0311 1.0066 1.0054 
1.045 1.0105 1.0181 1.0326 1.0451 1.0032 1.0197 1.0136 1.0154 1.0316 
1.0099 1.002 1.0296 1.0365 1.0357 1.0486 1.0124 1.0378 1.0158 1.0119 
1.0386 1.0015 1.0035 1.0087 1.0109 1.009 1.0073 1.0282 1.0406 1.0183 
1.0484 1.0301 1.0448 1.0125 1.0311 1.0086 1.0073 1.038 1.0278 1.0318 
1.019 1 1.0085 1.0395 1.0418 1.0026 1.0165 1.0366 1.0007 1.0157 
1.0247 1.0047 1.0446 1.046 1.0391 1.0114 1.0432 1.0087 1.0251 1.0072 
1.0072 1.0498 1.0173 1.0311 1.0463 1.0365 1.027 1.0079 1.0081 1.0172 
1.0212 1.0414 1.007 1.0206 1.0044 1.0496 1.0185 1.0369 1.0164 1.0078 
1.0148 1.046 1.0125 1.0119 1.0172 1.0338 1.0276 1.0052 1.0482 1.0281 
1.0318 1.0438 1.0354 1.048 1.0348 1.0094 1.0127 1.0389 1.0484 1.0212 
1.048 1.0321 1.0186 1.0015 1.0369 1.0435 1.0206 1.0064 1.0176 1.0456 
1.0206 1.0292 1.0293 1.0112 1.0314 1.0295 1.0341 1.0012 1.0166 1.0075 
1.0031 1.0013 1.018 1.0286 1.0453 1.0222 1.0463 1.0483 1.0464 1.0245 
1.0003 1.0302 1.0352 1.0072 1.0161 1.031 1.0091 1.0097 1.0417 1.0174 
1.0212 1.0142 1.0343 1.0439 1.0048 1.0383 1.0387 1.0445 1.0308 1.0376 
1.0201 1.0312 1.0084 1.0108 1.0395 1.0433 1.0111 1.011 1.0472 1.0036 
1.0231 1.0197 1.0225 1.0232 1.0291 1.0267 1.0261 1.0438 1.04 1.0125 
1.0183 1.0115 1.0228 1.0383 1.0434 1.0237 1.0481 1.003 1.0108 1.0342 
1.0205 1.0457 1.006 1.045 1 1.03 1.0376 1.0334 1.0154 1.0402 
1.0104 1.0065 1.0307 1.0225 1.0438 1.0403 1.0469 1.0084 1.0186 1.01 
1.0157 1.0364 1.009 1.0278 1.0168 1.0467 1.0273 1.0394 1.0123 1.0221 
1.0021 1.0405 1.0244 1.0348 1.016 1.0469 1.0371 1.0311 1.0387 1.0353 
1.0218 1.0184 1.0018 1.0478 1.0305 1.0222 1.032 1.0247 1.0136 1.0029 
1.0336 1.0019 1.0149 1.0409 1.0078 1.0464 1.0324 1.0014 1.019 1.0412 
1.0362 1.0144 1.0361 1.042 1.0182 1.0203 1.0153 1.0303 1.045 1.0343 
1.008 1.0228 1.0445 1.0378 1.0148 1.0402 1.0459 1.0098 1.0093 1.0443 
1.0286 1.0444 1.0346 1.0177 1.0092 1.0267 1.0245 1.0381 1.0265 1.0477 
1.0486 1.0348 1.0318 1.04 1.045 1.0119 1.005 1.0315 1.0195 1.0246 
1.038 1.0246 1.0226 1.0369 1.0097 1.0467 1.0196 1.0257 1.0239 1.0215 
1.0443 1.0008 1.0026 1.0036 1.0126 1.0343 1.0399 1.0468 1.0037 1.0144 
1.0138 1.0174 1.0464 1.0485 1.0272 1.0339 1.0494 1.0107 1.046 1.0004 
1.0142 1.0046 1.0073 1.0422 1.0183 1.0328 1.0405 1.0071 1.0299 1.0452 
1.0273 1.0379 1.0332 1.0365 1.0009 1.0041 1.005 1.0315 1.0372 1.0451 
1.0256 1.001 1.0332 1.0222 1.013 1.0392 1.0199 1.0495 1.0286 1.0128 
1.0373 1.0494 1.039 1.0012 1.0298 1.0153 1.0461 1.0066 1.0022 1.0337 
1.0133 1.0491 1.0079 1.0348 1.0381 1.0347 1.0162 1.0331 1.0499 1.0377 
1.0282 1.0139 1.0088 1.0338 1.0385 1.0105 1.0294 1.0168 1.0235 1.0114 
1.0006 1.0101 1.022 1.027 1.007 1.0476 1.0018 1.047 1.0425 1.0415 
1.0035 1.0283 1.0074 1.0329 1.0447 1.0128 1.0097 1.0462 1.0225 1.0073 
1.0088 1.014 1.0322 1.0406 1.0306 1.0469 1.0311 1.0372 1.047 1.0199 
1.0213 1.0162 1.0185 1.0319 1.0282 1.0218 1.0051 1.0257 1.0161 1.0121 
1.0059 1.0382 1.0416 1.0292 1.0306 1.0215 1.0484 1.0141 1.0074 1.0053 
1.0019 1.0073 1.0171 1.0437 1.0082 1.0375 1.0105 1.0078 1.047 1.0401 
1.0172 1.0129 1.0392 1.0086 1.0281 1.0481 1.0149 1.0256 1.0401 1.0003 
1.0279 1.0034 1.043 1.0347 1.0413 1.024 1.0176 1.0456 1.0335 1.0058 
1.029 1.0408 1.0138 1.043 1.0102 1.0428 1.0381 1.0046 1.0267 1.0018 
1.0264 1.0442 1.0152 1.0091 1.0424 1.0245 1.0028 1.0464 1.0227 1.0434 
1.0264 1.0084 1.0389 1.0389 1.0032 1.0136 1.0319 1.0443 1.0341 1.0349 
1.0231 1.0498 1.031 1.0456 1.0261 1.0345 1.0474 1.0492 1.0432 1.0475 
1.0154 1.0013 1.0411 1.0038 1.04 1.0313 1.0193 1.0485 1.0087 1.0247 
1.016 1.0102 1.0447 1.0425 1.0434 1.0278 1.0439 1.0406 1.0005 1.0246 
1.0157 1.0481 1.0404 1.0031 1.0354 1.0265 1.0105 1.0348 1.0383 1.0301 
1.0142 1.013 1.0323 1.023 1.0403 1.01 1.0442 1.0242 1.0012 1.0133 
1.047 1.0219 1.0474 1.0475 1.03 1.0481 1.0019 1.0045 1.0348 1.0032 
1.0156 1.0091 1.0484 1.0429 1.0479 1.044 1.0262 1.031 1.0436 1.0072 
1.0161 1.0088 1.0347 1.0428 1.0378 1.0441 1.031 1.0106 1.0472 1.0387 
1.0316 1.0197 1.0308 1.0444 1.0475 1.0101 1.0405 1.019 1.0478 1.0482 
1.0075 1.022 1.0463 1.0487 1.0418 1.0329 1.0275 1.0493 1.019 1.0208 
1.0329 1.0445 1.0108 1.0037 1.0311 1.0267 1.0347 1.0096 1.0286 1.0399 
1.0488 1.0475 1.0042 1.0169 1.0087 1.0357 1.001 1.0323 1.0315 1.0052 
1.0005 1.033 1.0056 1.0122 1.0198 1.0078 1.0326 1.034 1.0272 1.0138 
1.0449 1.0482 1.0172 1.0264 1.0063 1.0195 1.0459 1.0264 1.0306 1.028 
1.0222 1.0083 1.0459 1.0331 1.0481 1.0221 1.0213 1.0302 1.0472 1.0123 
1.0086 1.0056 1.0292 1.0079 1.0346 1.0031 1.0213 1.0037 1.0046 1.0111 
1.0146 1.0039 1.0472 1.0297 1.013 1.0191 1.0067 1.0295 1.0446 1.0483 
1.029 1.0224 1.0359 1.0202 1.032 1.0231 1.0193 1.0277 1.0375 1.0265 
1.0332 1.0276 1.0277 1.0018 1.0386 1.0366 1.0086 1.0379 1.0137 1.0402 
1.038 1.0117 1.0234 1.0076 1.0311 1.0225 1.0482 1.0384 1.0164 1.0397 
1.032 1.0205 1.0348 1.0062 1.0248 1.0328 1.0049 1.0278 1.0094 1.0174 
1.0185 1.0403 1.0374 1.0426 1.0418 1.0473 1.0335 1.0348 1.0109 1.0237 
1.0141 1.0315 1.0441 1.0055 1.0103 1.0114 1.0102 1.0209 1.0248 1.0437 
1.0134 1.0048 1.029 1.0424 1.0488 1.0338 1.0217 1.0097 1.0088 1.0064 
1.0297 1.0266 1.0107 1.0483 1.0158 1.0049 1.0075 1.0018 1.0079 1.0359 
1.0024 1.0086 1.0245 1.021 1.0004 1.0412 1.0445 1.0195 1.0137 1.0138 
1.0297 1.0476 1.0297 1.0124 1.0027 1.0086 1.0266 1.0469 1.0406 1.0281 
1.035 1.0474 1.0377 1.0054 1.0492 1.0211 1.0325 1.0453 1.0249 1.0236 
1.0487 1.0221 1.037 1.0081 1.0478 1.0161 1.0155 1.0237 1.0381 1.0348 
1.0059 1.0003 1.0272 1.0223 1.0404 1.0222 1.0131 1.0082 1.0162 1.0279 
1.0268 1.0216 1.0287 1.0148 1.0035 1.0058 1.001 1.0399 1.029 1.0243 
1.048 1.0004 1.0122 1.0433 1.0266 1.0483 1.0446 1.0267 1.0444 1.0029 
1.0262 1.0014 1.0365 1.0473 1.0129 1.0468 1.0213 1.023 1.0131 1.0323 
1.0471 1.0499 1.0066 1.0302 1.0319 1.0285 1.0469 1.0211 1.0019 1.0036 
1.0318 1.0425 1.0008 1.0489 1.0476 1.0478 1.0255 1.0459 1.0304 1.0496 
1.0392 1.0385 1.0333 1.0419 1.0171 1.0355 1.0137 1.0098 1.0482 1.0059 
1.0214 1.0367 1.0146 1.0269 1.0376 1.0344 1.0333 1.0074 1.0237 1.0463 
1.016 1.0286 1.0411 1.0304 1.0112 1.0116 1.0201 1.029 1.0162 1.0354 
1.0013 1.0415 1.0291 1.0353 1.0264 1.0437 1.0249 1.0098 1.0107 1.0137 
1.0476 1.0414 1.0264 1.0021 1.0492 1.0103 1.0015 1.0136 1.0027 1.0227 
1.0359 1.0412 1.0033 1.038 1.0191 1.0017 1.0273 1.0065 1.0414 1.0284 
1.0003 1.0116 1.0351 1.0158 1.0437 1.0076 1.0157 1.019 1.0455 1.0057 
1.0431 1.0101 1.0426 1.0218 1.0325 1.0273 1.043 1.0419 1.045 1.0379 
1.0259 1.0247 1.0317 1.0173 1.0017 1.0031 1.0054 1.0298 1.0476 1.0307 
1.0122 1.0324 1.011 1.0404 1.0137 1.0188 1.0326 1.0419 1.0075 1.0484 
1.0496 1.0229 1.0045 1.0178 1.0338 1.0492 1.0174 1.0363 1.0239 1.0045 
1.039 1.0106 1.043 1.0162 1.0453 1.0273 1.0418 1.0054 1.0474 1.0217 
1.0475 1.0106 1.003 1.0454 1.0239 1.0447 1.0236 1.0069 1.0457 1.0305 
1.0475 1.0106 1.0238 1.0054 1.0394 1.0316 1.0414 1.0207 1.021 1.0443 
1.0082 1.0218 1.0085 1.0144 1.0176 1.0257 1.0338 1.0494 1.0122 1.0174 
1.0437 1.044 1.0458 1.0216 1.0037 1.047 1.0193 1.0452 1.0091 1.0197 
1.0371 1.0147 1.024 1.0292 1.0395 1.0271 1.0305 1.0135 1.0399 1.0164 
1.003 1.0417 1.0242 1.0009 1.0405 1.0188 1.0136 1.034 1.0473 1.0295 
1.0174 1.0022 1.0007 1.0201 1.0423 1.0178 1.0203 1.0384 1.0469 1.0464 
1.0422 1.0069 1.0272 1.0149 1.0486 1.0261 1.0036 1.0137 1.0347 1.0247 
1.0469 1.0151 1.0425 1.0137 1.0088 1.0239 1.0225 1.0268 1.0384 1.001 
1.0017 1.012 1.047 1.0103 1.0326 1.0331 1.0064 1.0295 1.0016 1.012 
1.0343 1.0434 1.0297 1.0207 1.0172 1.0038 1.0186 1.0415 1.0348 1.0207 
1.0434 1.0436 1.0108 1.0015 1.0347 1.0403 1.0144 1.0028 1.0002 1.0243 
1.0066 1.0392 1.0058 1.0093 1.0221 1.0365 1.0316 1.0225 1.0314 1.0193 
1.0161 1.0122 1.0051 1.0027 1.0025 1.0308 1.0051 1.0334 1.0043 1.0137 
1.0409 1.025 1.026 1.0247 1 1.0093 1.0176 1.0231 1.0018 1.0475 
1.0199 1.0036 1.0031 1.0365 1.0148 1.009 1.0101 1.0359 1.044 1.0149 
1.0413 1.0184 1.0481 1.0247 1.0377 1.0206 1.0029 1.0096 1.0124 1.0278 
1.0153 1.0491 1.0413 1.0137 1.0329 1.0126 1.0332 1.0012 1.0257 1.0122 
1.0473 1.0017 1.0396 1.0209 1.0095 1.0066 1.0464 1.0399 1.006 1.0313 
1.0475 1.043 1.0497 1.0445 1.0249 1.0333 1.0492 1.0148 1.0277 1.0396 
1.0344 1.0438 1.0112 1.0293 1.0374 1.0417 1.0223 1.005 1.0297 1.0157 
1.0057 1.0254 1.0359 1.0265 1.0182 1.0117 1.0114 1.0459 1.0413 1.0328 
1.0475 1.0329 1.0044 1.0496 1.001 1.0104 1.0199 1.0437 1.0458 1.0169 
1.0246 1.0362 1.0436 1.0369 1.0337 1.0308 1.0494 1.0313 1.0268 1.0132 
1.0056 1.0203 1.0276 1.0292 1.0142 1.024 1.0491 1.0216 1.0411 1.0495 
1.0064 1.0365 1.0306 1.0412 1.0279 1.0339 1.0131 1.0348 1.0229 1.0064 
1.0185 1.0224 1.0259 1.0484 1.0089 1.0188 1.0279 1.0478 1.0293 1.0118 
1.0172 1.0046 1.027 1.0351 1.0007 1.0081 1.0179 1.0102 1.027 1.0294 
1.0047 1.0382 1.0144 1.0178 1.0169 1.0017 1.0356 1.0051 1.0242 1.0158 
1.0127 1.02 1.017 1.041 1.0184 1.0384 1.0002 1.0498 1.0014 1 
1.0413 1.0336 1.0149 1.0266 1.011 1.0057 1.0037 1.0215 1.0178 1.015 
1.004 1.0239 1.0087 1.0157 1.0345 1.0456 1.0263 1.0162 1.03 1.0092 
1.0029 1.0233 1.0179 1.0247 1.0332 1.0498 1.047 1.018 1.0338 1.0428 
1.0047 1.025 1.0112 1.011 1.0461 1.0435 1.0211 1.0336 1.035 1.024 
1.0467 1.0324 1.0139 1.0236 1.0328 1.0076 1.0019 1.0297 1.0142 1.0347 
1.0178 1.0182 1.0381 1.0334 1.0067 1.0356 1.0177 1.0133 1.0304 1.0159 
1.0032 1.0166 1.0077 1.0357 1.0308 1.0225 1.0484 1.0456 1.0212 1.0156 
1.0091 1.0111 1.0225 1.0009 1.0178 1.0103 1.0345 1.0186 1.0447 1.0055 
1.028 1.0141 1.0067 1.0214 1.0421 1.0476 1.013 1.0394 1.0095 1.0366 
1.049 1.0137 1.0257 1.0387 1.0232 1.0091 1.0231 1.0104 1.0064 1.0103 
1.0026 1.0351 1.0063 1.0339 1.0289 1.0425 1.0117 1.0457 1.0141 1.0328 
1.0104 1.026 1.047 1.0324 1.0157 1.0338 1.0279 1.0236 1.0405 1.0411 
1.0296 1.039 1.0109 1.0065 1.0153 1.0059 1.0069 1.0014 1.0002 1.008 
1.0435 1.0479 1.0497 1.0202 1.0302 1.0046 1.0079 1.0235 1.0425 1.0283 
1.0259 1.0098 1.0126 1.0162 1.0392 1.0047 1.0186 1.0343 1.0085 1.041 
1.0391 1.0438 1.0446 1.0073 1.0319 1.0193 1.04 1.0408 1.0303 1.0096 
1.0092 1.0393 1.0068 1.002 1.0241 1.0056 1.0469 1.0407 1.0135 1.0476 
1.0149 1.0127 1.048 1.0346 1.0346 1.0223 1.0345 1.0103 1.0398 1.0082 
1.0208 1.0353 1.048 1.0455 1.0225 1.0154 1.0059 1.0136 1.0109 1.0179 
1.0382 1.0027 1.0131 1.0154 1.0016 1.0262 1.0145 1.001 1.0186 1.0474 
1.0385 1.036 1.0149 1.0138 1.0052 1.0487 1.0255 1.0125 1.0483 1.0459 
1.0383 1.0237 1.0252 1.0446 1.0493 1.0426 1.0007 1.0014 1.0306 1.0038 
1.0434 1.0183 1.0379 1.021 1.0329 1.0151 1.041 1.0073 1.0298 1.0459 
1.0008 1.0319 1.034 1.0238 1.0062 1.0297 1.0495 1.0187 1.0309 1.0263 
1.0076 1.0456 1.0047 1.013 1.0289 1.0056 1.0444 1.0227 1.0014 1.0208 
1.039 1.0215 1.0261 1.0445 1.0329 1.0033 1.0287 1.0045 1.0158 1.0117 
1.0293 1.0049 1.0412 1.0462 1.017 1.0066 1.0103 1.0147 1.0065 1.0371 
1.0088 1.0481 1.0053 1.0109 1.0302 1.0072 1.0198 1.0112 1.0012 1.0254 
1.0056 1.0433 1.0182 1.0476 1.0179 1.0324 1.016 1.0296 1.0421 1.0172 
1.0444 1.023 1.0456 1.0453 1.0272 1.0103 1.0125 1.0281 1.03 1.0099 
1.0217 1.029 1.0405 1.007 1.0158 1.0039 1.0174 1.0046 1.0293 1.0297 
1.0102 1.0083 1.0095 1.0024 1.0062 1.0067 1.0084 1.0394 1.0033 1.005 
1.0339 1.0007 1.0337 1.0241 1.0387 1.0134 1.0459 1.0194 1.0346 1.0387 
1.0458 1.0131 1.0216 1.0381 1.0231 1.0308 1.0022 1.0078 1.0433 1.0102 
1.0388 1.0088 1.0212 1.0006 1.0447 1.0458 1.0027 1.0461 1.0072 1.0291 
1.0498 1.0297 1.0465 1.0167 1.0144 1.0112 1.0388 1.0044 1.0469 1.0136 
1.0057 1.0099 1.0192 1.0318 1.0026 1.0443 1.0235 1.0186 1.0131 1.0125 
1.0194 1.0083 1.0072 1.0216 1.0105 1.0496 1.0282 1.0155 1.0348 1.0071 
1.0474 1.0177 1.0306 1.0484 1.011 1.0407 1.0253 1.014 1.0029 1.0465 
1.0495 1.0275 1.0173 1.0238 1.0198 1.0336 1.0383 1.0265 1.0208 1.0377 
1.0123 1.006 1.0386 1.0201 1.0401 1.0438 1.0437 1.0311 1.0423 1.037 
1.0342 1.0299 1.0395 1.0197 1.0362 1.0044 1.0207 1.016 1.0329 1.0454 
1.012 1.0394 1.0156 1.0176 1.0392 1.0031 1.018 1.0389 1.0455 1.0122 
1.021 1.0303 1.0455 1.0101 1.0444 1.0268 1.0167 1.0302 1.0293 1.0088 
1.0009 1.0303 1.0171 1.0222 1.0407 1.0061 1.004 1.0123 1.0272 1.023 
1.0383 1.0012 1.0203 1.0126 1.0269 1.012 1.0064 1.0383 1.0191 1.0085 
1.0485 1.0119 1.0389 1.0069 1.0239 1.0405 1.0152 1.016 1.0165 1.0075 
1.0184 1.0216 1.0105 1.0295 1.0473 1.0445 1.0318 1.0233 1.0103 1.0282 
1.0477 1.0096 1.0471 1.0376 1.0327 1.0243 1.0076 1.0101 1.043 1.0069 
1.0326 1.0328 1.0151 1.0116 1.0162 1.0227 1.0207 1.0239 1.0338 1.0353 
1.0428 1.0122 1.005 1.0065 1.0091 1.0058 1.0304 1.0171 1.0476 1.0469 
1.0279 1.0101 1.0114 1.0111 1.0426 1.04 1.0275 1.0085 1.0447 1.0333 
1.0314 1.0274 1.0226 1.0122 1.0399 1.0228 1.0032 1.0349 1.0174 1.0309 
1.0107 1.0119 1.0492 1.0294 1.0296 1.0153 1.0235 1.0211 1.0154 1.0435 
1.0429 1.028 1.0189 1.0341 1.029 1.0034 1.0391 1.0346 1.0301 1.0249 
1.0018 1.0206 1.0159 1.0054 1.0342 1.0303 1.0378 1.0364 1.0003 1.0152 
1.0346 1.0195 1.0178 1.0134 1.0129 1.02 1.0217 1.0282 1.0192 1.0319 
1.0169 1.0143 1.046 1.0434 1.0416 1.0208 1.0038 1.0265 1.0358 1.0001 
1.0427 1.0391 1.0279 1.0098 1.0067 1.0408 1.0438 1.0039 1.0044 1.0455 
1.0008 1.0102 1.0277 1.0386 1.0244 1.0103 1.0347 1.0007 1.0037 1.017 
1.0204 1.005 1.0232 1.0494 1.0358 1.026 1.0204 1.0164 1.0474 1.0382 
1.0328 1.0253 1.0182 1.0422 1.0456 1.01 1.0184 1.0209 1.0054 1.0099 
1.0284 1.019 1.0334 1.0117 1.018 1.0242 1.0147 1.0096 1.0157 1.0372 
1.0177 1.0248 1.0397 1.0443 1.0076 1.0288 1.0183 1.0342 1.0494 1.0347 
1.0102 1.0331 1.0112 1.0089 1.0294 1.0011 1.0164 1.0484 1.0083 1.0236 
1.0311 1.0313 1.0028 1.0048 1.0305 1.0059 1.0083 1.0066 1.0437 1.025 
1.0273 1.0011 1.0484 1.0164 1.002 1.0018 1.044 1.0424 1.0195 1.0287 
1.0117 1.0115 1.0046 1.0468 1.0102 1.0331 1.0263 1.0385 1.0484 1.0042 
1.0188 1.0142 1.014 1.0115 1.0402 1.0266 1.0334 1.0314 1.0169 1.0035 
1.0046 1.0302 1.0481 1.0395 1.0234 1.0282 1.0137 1.0364 1.0412 1.01 
1.0425 1.0496 1.0405 1.0038 1.0245 1.029 1.0466 1.0094 1.0092 1.0029 
1.0119 1.0209 1.0043 1.0022 1.0249 1.0267 1.0039 1.0372 1.0064 1.0373 
1.0476 1.0196 1.0412 1.0318 1.0234 1.0253 1.0131 1.0182 1.0271 1.0281 
1.0124 1.0147 1.0107 1.0088 1.0047 1.0406 1.0065 1.0201 1.0185 1.0166 
1.0219 1.0183 1.0273 1.0175 1.0043 1.0345 1.0427 1.0135 1.0342 1.0149 
1.0299 1.0283 1.039 1.0078 1.0325 1.0468 1.0024 1.0104 1.0076 1.0392 
1.0228 1.0404 1.0485 1.0462 1.0011 1.028 1.0462 1.0454 1.0488 1.0244 
1.005 1.0095 1.0154 1.0378 1.0274 1.0075 1.0206 1.0451 1.0005 1.0145 
1.0185 1.0174 1.004 1.0274 1.0456 1.0008 1.0313 1.0214 1.0042 1.0493 
1.036 1.0156 1.0466 1.0082 1.0018 1.0271 1.0146 1.0007 1.0194 1.0366 
1.0315 1.0139 1.0398 1.003 1.0074 1.0438 1.0183 1.0262 1.0434 1.0123 
1.0359 1.0095 1.0175 1.0046 1.0178 1.0253 1.0302 1.0027 1.0018 1.0158 
1.0254 1.0487 1.0008 1.0434 1.0334 1.0266 1.022 1.0367 1.022 1.0498 
1.0288 1.0078 1.0002 1.048 1.0143 1.0217 1.0463 1.0408 1.0415 1.0302 
1.0484 1.0286 1.0446 1.0308 1.0155 1.0354 1.0337 1.038 1.0175 1.0047 
1.0362 1.0463 1.0126 1.0179 1.0399 1.0366 1.0496 1.0317 1.047 1.0446 
1.048 1.0237 1.0178 1.0206 1.0356 1.0229 1.0212 1.0005 1.0004 1.016 
1.0155 1.0444 1.0231 1.0235 1.0265 1.0243 1.001 1.0013 1.0033 1.0495 
1.0445 1.0155 1.0308 1.0357 1.0327 1.0416 1.0181 1.0112 1.0271 1.0003 
1.0388 1.0465 1.0376 1.0035 1.0195 1.035 1.0074 1.0062 1.0142 1.0307 
1.0387 1.0321 1.0173 1.0188 1.0405 1.0211 1.0128 1.0194 1.0056 1.016 
1.0479 1.0422 1.0134 1.0043 1.0437 1.0436 1.0065 1.0339 1.0358 1.0477 
1.0333 1.0231 1.0442 1.0014 1.0162 1.0157 1.0432 1.029 1.0205 1.026 
1.0483 1.0097 1.0034 1.0008 1.0011 1.0215 1.0388 1.0289 1.0355 1.0016 
1.038 1.0222 1.0314 1.0201 1.0315 1.0117 1.0032 1.0128 1.0247 1.0112 
1.0399 1.0283 1.0472 1.0049 1.0413 1.0482 1.0259 1.0426 1.0075 1.0022 
1.0147 1.001 1.0094 1.0256 1.0374 1.0164 1.0065 1.0455 1.0382 1.0258 
1.0383 1.0165 1.0308 1.0188 1.0107 1.0285 1.0484 1.0346 1.0261 1.0425 
1.0055 1.0154 1.0199 1.0036 1.0369 1.0451 1.032 1.0394 1.0127 1.0459 
1.0307 1.0294 1.0188 1.0409 1.0147 1.0425 1.0071 1.049 1.0461 1.0486 
1.0241 1.0241 1.0423 1.0429 1.0434 1.0498 1.0084 1.0412 1.0221 1.0417 
1.0336 1.0419 1.0135 1.0446 1.035 1.0454 1.002 1.0262 1.0067 1.0069 
1.0462 1.0091 1.0472 1.0266 1.0238 1.0193 1.0127 1.0379 1.0024 1.0174 
1.0489 1.0402 1.0441 1.0075 1 1.0197 1.0287 1.0455 1.0171 1.0235 
1.0493 1.0152 1.0246 1.007 1.0408 1.0187 1.0069 1.0475 1.0345 1.0489 
1.0067 1.0426 1.0427 1.0487 1.0307 1.0351 1.0324 1.0237 1.0293 1.0225 
1.0407 1.0231 1.0365 1.0249 1.0276 1.02 1.018 1.0419 1.0435 1.028 
1.0256 1.0354 1.0354 1.0479 1.029 1.0098 1.0494 1.0138 1.0071 1.0213 
1.008 1.031 1.031 1.0219 1.046 1.0298 1.0279 1.0103 1.0057 1.0094 
1.0021 1.0369 1.0322 1.0166 1.0463 1.025 1.046 1.0231 1.0114 1.038 
1.0414 1.0324 1.035 1.0354 1.0278 1.0271 1.0349 1.0127 1.0053 1.0314 
1.0428 1.0306 1.0116 1.0241 1.0299 1.0299 1.0231 1.0469 1.0248 1.0136 
1.0438 1.0419 1.0159 1.0082 1.045 1.0006 1.0125 1.0148 1.0063 1.0157 
1.0455 1.0232 1.0032 1.0392 1.0429 1.0033 1.0058 1.0308 1.0077 1.0078 
1.0212 1.0292 1.048 1.0301 1.0466 1.0011 1.0379 1.0314 1.0149 1.02 
1.0039 1.0436 1.0355 1.0081 1.0172 1.0236 1.0135 1.0339 1.0118 1.0333 
1.0003 1.0373 1.0209 1.0192 1.0296 1.0311 1.0361 1.0409 1.0106 1.0473 
1.0213 1.0237 1.0336 1.0136 1.0156 1.023 1.0458 1.0451 1.0212 1.0047 
1.0358 1.025 1.0367 1.0013 1.0279 1.0016 1.0299 1.0267 1.0493 1.0475 
1.0103 1.0444 1.0321 1.0184 1.0423 1.0074 1.0255 1.0238 1.0014 1.0177 
1.0257 1.0059 1.0498 1.0457 1.0293 1.0165 1.0384 1.0305 1.0112 1.0071 
1.0233 1.0116 1.0005 1.01 1.0144 1.0285 1.0072 1.0139 1.0361 1.0443 
1.0143 1.028 1.0471 1.0069 1.0444 1.0033 1.0189 1.0492 1.0389 1.0281 
1.0345 1.0016 1.0397 1.0033 1.0294 1.0191 1.0187 1.0028 1.0482 1.0258 
1.0495 1.0016 1.0191 1.0164 1.0476 1.0289 1.0247 1.0426 1.0444 1.0202 
1.0453 1.0132 1.0443 1.0378 1.0006 1.0012 1.0154 1.0273 1.018 1.0192 
1.0486 1.0143 1.0078 1.0324 1.0296 1.0004 1.0236 1.0222 1.0126 1.036 
1.02 1.0465 1.0065 1.0308 1.0377 1.0472 1.0389 1.0382 1.0407 1.0055 
1.0496 1.0402 1.0483 1.0266 1.0483 1.0418 1.0421 1.0293 1.0349 1.0128 
1.0075 1.022 1.0265 1.0248 1.0059 1.0444 1.0115 1.0451 1.0004 1.0129 
1.0186 1.0322 1.0249 1.0322 1.02 1.0411 1.0431 1.0418 1.0137 1.0431 
1.0356 1.024 1.018 1.0039 1.0439 1.0145 1.036 1.0108 1.039 1.038 
1.0282 1.0265 1.0402 1.0254 1.0256 1.0314 1.0334 1.0168 1.0134 1.0031 
1.0358 1.0398 1.0446 1.0097 1.0233 1.0137 1.0293 1.0161 1.0269 1.0411 
1.0044 1.0083 1.0451 1.0265 1.03 1.0088 1.0086 1.0401 1.037 1.0375 
1.0483 1.0457 1.0325 1.0456 1.0233 1.0004 1.0149 1.031 1.0374 1.0272 
1.0448 1.0308 1.0067 1.0308 1.0259 1.0162 1.0221 1.047 1.0196 1.0301 
1.0084 1.0263 1.0009 1.0402 1.0046 1.0398 1.0316 1.0434 1.0231 1.0462 
1.0116 1.044 1.0232 1.0424 1.0274 1.015 1.0185 1.0045 1.0445 1.0039 
1.008 1.048 1.0311 1.0181 1.0015 1.0239 1.0409 1.0248 1.0172 1.0061 
1.0077 1.0215 1.0147 1.0315 1.0098 1.0353 1.0088 1.0087 1.0039 1.01 
1.0031 1.0125 1.0136 1.0314 1.006 1.013 1.0437 1.0435 1.0418 1.0053 
1.0112 1.0251 1.0279 1.0268 1.0361 1.003 1.036 1.0134 1.022 1.0113 
1.0243 1.0367 1.0259 1.0428 1.0078 1.0273 1.0145 1.0048 1.0286 1.0264 
1.0366 1.0215 1.0416 1.0016 1.0272 1.0498 1.0355 1.0405 1.0349 1.0271 
1.0206 1.0232 1.0354 1.0258 1.0495 1.0488 1.0323 1.034 1.0308 1.0039 
1.0484 1.0302 1.0284 1.0058 1.0115 1.014 1.047 1.0178 1.0259 1.023 
1.021 1.0041 1.0349 1.0387 1.0364 1.0133 1.0033 1.0319 1.0165 1.0263 
1.0327 1.0328 1.0031 1.0458 1.0378 1.0397 1.0412 1.0048 1.0273 1.0003 
1.0106 1.0365 1.0264 1.0085 1.0041 1.0292 1.0478 1.019 1.0298 1.0135 
1.0248 1.0328 1.0159 1.0014 1.016 1.0059 1.0199 1.023 1.0467 1.0326 
1.0467 1.0466 1.0111 1.0117 1.0024 1.0367 1.0362 1.0296 1.0411 1.0232 
1.0211 1.0051 1.0119 1.0284 1.0094 1.0094 1.049 1.0403 1.0225 1.0291 
1.001 1.0115 1.0424 1.0365 1.0361 1.0264 1.0323 1.0083 1.0251 1.0201 
1.0125 1.0358 1.0164 1.0192 1.0025 1.032 1.0325 1.0195 1.0252 1.0302 
1.0031 1.0113 1.0452 1.0155 1.0449 1.0141 1.024 1.0144 1.0497 1.0177 
1.0127 1.033 1.0207 1.0421 1.0102 1.0086 1.0169 1.0013 1.0213 1.0257 
1.0166 1.0037 1.0029 1.0281 1.0124 1.0367 1.0281 1.003 1.0119 1.0314 
1.0233 1.0324 1.0008 1.0405 1.0202 1.0431 1.0282 1.0306 1.0206 1.0112 
1.0128 1.0416 1.0071 1.0068 1.0192 1.0155 1.0068 1.0027 1.0434 1.0042 
1.0095 1.0442 1.0435 1.0293 1.0165 1.048 1.0108 1.0101 1.0442 1.0442 
1.0437 1.0124 1.0456 1.0293 1.0007 1.0078 1.0015 1.0332 1.0114 1.0252 
1.0038 1.0434 1.0107 1.007 1.0064 1.0208 1.0153 1.0052 1.0376 1.0283 
1.0132 1.024 1.0085 1.0485 1.0291 1.0091 1.033 1.0137 1.007 1.0485 
1.0193 1.0232 1.0052 1.0394 1.0115 1.0166 1.0351 1.0046 1.0336 1.0254 
1.0484 1.0283 1.0479 1.0497 1.0084 1.0338 1.0467 1.0327 1.0287 1.0412 
1.0051 1.0402 1.0204 1.0281 1.0455 1.0332 1.0081 1.0418 1.0252 1.0188 
1.0129 1.0326 1.0339 1.0378 1.035 1.0454 1.01 1.0154 1.0328 1.0443 
1.0229 1.0232 1.0244 1.0072 1.0276 1.0249 1.0445 1.0368 1.0296 1.0141 
1.0136 1.0367 1.0121 1.003 1.0017 1.0255 1.0061 1.0071 1.0161 1.0094 
1.0431 1.0056 1.0362 1.0346 1.0301 1.0065 1.0265 1.0006 1.004 1.0262 
1.0387 1.0347 1.0109 1.0442 1.0022 1.0085 1.0414 1.0199 1.0429 1.0024 
1.0115 1.0005 1.0487 1.0148 1.0117 1.026 1.0367 1.0001 1.011 1.0467 
1.0467 1.0271 1.0102 1.0262 1.0243 1.0284 1.0126 1.0124 1.0237 1.0044 
1.0103 1.025 1.0135 1.0324 1.0246 1.0202 1.0295 1.0124 1.0113 1.0307 
1.0009 1.0386 1.018 1.0451 1.0237 1.0054 1.004 1.0019 1.0443 1.027 
1.02 1.0424 1.048 1.0433 1.0471 1.0278 1.0439 1.0328 1.0209 1.0021 
1.032 1.0434 1.0389 1.0169 1.0412 1.0117 1.0062 1.0002 1.0314 1.0123 
1.0133 1.0092 1.0316 1.0214 1.0062 1.0153 1.0064 1.0478 1.0395 1.0253 
1.0164 1.0104 1.0313 1.0485 1.0491 1.0164 1.0048 1.0171 1.0083 1.0346 
1.0333 1.0132 1.0348 1.0102 1.0306 1.0327 1.0183 1.0222 1.0066 1.0206 
1.0411 1.0316 1.0397 1.0099 1.0178 1.002 1.0222 1.0421 1.0455 1.0417 
1.042 1.013 1.011 1.0418 1.0018 1.0102 1.0337 1.0344 1.001 1.0461 
1.0161 1.019 1.0135 1.0206 1.0429 1.0078 1.0461 1.0058 1.0375 1.0046 
1.0154 1.0355 1.0194 1.0266 1.0371 1.0395 1.0315 1.0496 1.0008 1.0243 
1.0442 1.0431 1.0092 1.0147 1.0021 1.0112 1.0271 1.0369 1.0165 1.0257 
1.0341 1.0497 1.0164 1.0429 1.0371 1.0167 1.0285 1.0221 1.02 1.0251 
1.0076 1.0251 1.0073 1.0325 1.0084 1.0404 1.0289 1.0073 1.0412 1.0318 
1.0316 1.0444 1.037 1.0144 1.0426 1.0056 1.037 1.0106 1.0111 1.0051 
1.0203 1.0448 1.0456 1.0115 1.0469 1.0077 1.0417 1.0078 1.0418 1.0491 
1.0369 1.0021 1.0338 1.0176 1.0461 1.0239 1.0313 1.046 1.0052 1.0249 
1.008 1.011 1.0234 1.0327 1.0394 1.0353 1.0104 1.0364 1.0484 1.0464 
1.0235 1.0255 1.0419 1.0095 1.0313 1.0442 1.0154 1.0099 1.0268 1.0412 
1.0103 1.0143 1.032 1.0038 1.0106 1.0414 1.0304 1.0021 1.0423 1.0029 
1.0368 1.0026 1.0091 1.0213 1.0433 1.0265 1.0483 1.0076 1.038 1.0139 
1.0192 1.0466 1.0192 1.0295 1.0398 1.0212 1.0334 1.0363 1.0454 1.048 
1.0274 1.0244 1.0465 1.0071 1.0143 1.023 1.0251 1.0467 1.0443 1.0308 
1.0004 1.0039 1.0412 1.0104 1.0182 1.0413 1.0439 1.0342 1.0111 1.0007 
1.0175 1.0439 1.0445 1.0376 1.0416 1.0359 1.0499 1.0373 1.0448 1.0322 
1.0033 1.0346 1.0169 1.0131 1.0403 1.0462 1.0161 1.005 1.011 1.0324 
1.0374 1.0376 1.0187 1.0214 1.033 1.0368 1.0212 1.0215 1.0198 1.0013 
1.0372 1.0132 1.0449 1.0109 1.0159 1.0442 1.0159 1.0276 1.0394 1.0256 
1.0319 1.025 1.0288 1.031 1.0042 1.0197 1.0397 1.0104 1.0201 1.0242 
1.0409 1.0189 1.0177 1.0373 1.0185 1.045 1.0072 1.0066 1.0005 1.0376 
1.0439 1.0375 1.0366 1.0041 1.013 1.0024 1.0178 1.0057 1.0331 1.005 
1.03 1.0367 1.0079 1.0103 1.0238 1.0201 1.0101 1.0009 1.0471 1.0386 
1.0292 1.0037 1.0342 1.0482 1.0051 1.0353 1.0484 1.0367 1.0255 1.0165 
1.035 1.0295 1.0349 1.0199 1.0039 1.0384 1.0185 1.031 1.0007 1.0363 
1.0459 1.0056 1.028 1.0316 1.0167 1.013 1.0331 1.0062 1.0442 1.0275 
1.0426 1.0258 1.0038 1.0495 1.0029 1.0304 1.0354 1.0283 1.0155 1.0026 
1.0035 1.0158 1.039 1.0355 1.0434 1.013 1.0349 1.0183 1.0248 1.0387 
1.0113 1.049 1.0154 1.0347 1.0138 1.0274 1.0456 1.0103 1.0248 1.0384 
1.0244 1.0076 1.0409 1.0273 1.0439 1.013 1.0212 1.0005 1.0488 1.0033 
1.0307 1.0245 1.0304 1.0329 1.0269 1.0194 1.0048 1.0219 1.0063 1.0021 
1.0257 1.02 1.0088 1.0476 1.0453 1.0078 1.0258 1.0012 1.0322 1.0317 
1.0292 1.0377 1.0308 1.0436 1.0113 1.0047 1.0302 1.0048 1.0137 1.0119 
1.0282 1.0348 1.0366 1.0213 1.0457 1.0217 1.0488 1.0091 1.0437 1.0159 
1.0066 1.0082 1.0121 1.0449 1.0257 1.0115 1.0208 1.0082 1.0373 1.0368 
1.0413 1.0289 1.0463 1.0464 1.009 1.025 1.0004 1.0333 1.0405 1.0077 
1.044 1.0392 1.0184 1.0379 1.0031 1.0487 1.0092 1.0386 1.0314 1.0346 
1.0499 1.005 1.0213 1.0114 1.0483 1.0125 1.0103 1.0109 1.039 1.0099 
1.0187 1.0313 1.0077 1.0398 1.0225 1.0017 1.0362 1.0055 1.04 1.0409 
1.0026 1.0106 1.0451 1.0058 1.0457 1.0186 1.035 1.0381 1.0075 1.0461 
1.0371 1.0438 1.0182 1.0399 1.044 1.0465 1.0261 1.0477 1.0038 1.0416 
1.0361 1.0276 1.0286 1.0115 1.0166 1.0477 1.0167 1.0392 1.0052 1.0063 
1.0125 1.0425 1.0414 1.001 1.0164 1.026 1.0023 1.0471 1.0148 1.0117 
1.0011 1.0286 1.0479 1.0297 1.0092 1.0355 1.0031 1.0351 1.0301 1.0044 
1.0403 1.0207 1.0099 1.0097 1.0268 1.0106 1.0303 1.0417 1.0108 1.0125 
1.0207 1.0357 1.0117 1.0359 1.0089 1.0459 1.0267 1.0161 1.042 1.034 
1.006 1.0209 1.0007 1.0264 1.0423 1.0102 1.0451 1.0437 1.0279 1.0248 
1.0493 1.0391 1.0233 1.0333 1.0205 1.0259 1.004 1.0022 1.0081 1.0367 
1.0493 1.0236 1.0193 1.0429 1.029 1.0025 1.0306 1.041 1.0142 1.0107 
1.0273 1.0041 1.0266 1.0275 1.0409 1.0324 1.0378 1.0214 1.0337 1.011 
1.0055 1.0036 1.0227 1.0069 1.0224 1.0132 1.0095 1.0098 1.0322 1.0128 
1.0328 1.0267 1.0497 1.0193 1.0028 1.018 1.0207 1.0066 1.0291 1.0313 
1.0299 1.0157 1.013 1.0195 1.0027 1.003 1.0027 1.0381 1.0217 1.0475 
1.0444 1.0477 1.0008 1.0159 1.0363 1.0459 1 1.0119 1.0377 1.0321 
1.0415 1.0054 1.0376 1.0044 1.0456 1.0448 1.0121 1.015 1.0137 1.0225 
1.0038 1.0176 1.0477 1.0319 1.0086 1.0133 1.0145 1.0485 1.0215 1.0144 
1.0239 1.0142 1.0089 1.0479 1.0096 1.0125 1.0231 1.0429 1.015 1.033 
1.0475 1.0045 1.009 1.0229 1.0293 1.0455 1.0366 1.0133 1.0196 1.0018 
1.0231 1.0312 1.0244 1.0226 1.0077 1.0317 1.0163 1.0293 1.0203 1.029 
1.0023 1.0381 1.0172 1.0259 1.0207 1.0303 1.013 1.0079 1.043 1.0102 
1.0385 1.0445 1.02 1.0293 1.004 1.0217 1.015 1.0207 1.0188 1.0365 
1.0132 1.0373 1.0417 1.0234 1.0181 1.002 1.0193 1.0359 1.0195 1.0248 
1.0394 1.0388 1.0007 1.0079 1.0172 1.0247 1.0356 1.0207 1.0155 1.0191 
1.0063 1.0431 1.0382 1.0396 1.0449 1.023 1.0159 1.0147 1.0488 1.0105 
1.0041 1.0438 1.0163 1.021 1.04 1.0499 1.0249 1.037 1.0316 1.0333 
1.0211 1.002 1.0388 1.0091 1.0497 1.0018 1.0092 1.0312 1.0442 1.0388 
1.0069 1.0003 1.0471 1.0087 1.0012 1.0331 1.031 1.0428 1.0193 1.0477 
1.0119 1.044 1.0473 1.0401 1.0139 1.0398 1.0499 1.0179 1.0191 1.0111 
1.0163 1.0112 1.0019 1.0465 1.0004 1.0007 1.0484 1.0271 1.0175 1.0075 
1.0494 1.042 1.0079 1.0153 1.0462 1.0303 1.0039 1.0311 1.0151 1.033 
1.0466 1.0001 1.0323 1.0029 1.0461 1.0251 1.0033 1.048 1.0042 1.0178 
1.0184 1.0335 1.008 1.0282 1.0119 1.0383 1.0267 1.038 1.0303 1.0398 
1.0397 1.0373 1.0428 1.0051 1.0401 1.0079 1.008 1.0334 1.0191 1.0414 
1.0032 1.0092 1.004 1.0377 1.0384 1.0444 1.0444 1.0162 1.0169 1.0373 
1.0169 1 1.0176 1.016 1.0374 1.0344 1.0058 1.048 1.0351 1.025 
1.0455 1.0018 1.0359 1.0292 1.028 1.0132 1.0331 1.0083 1.0176 1.0157 
1.0089 1.0401 1.006 1.0172 1.0097 1.0027 1.0089 1.0316 1.0486 1.0332 
1.0258 1.0437 1.0101 1.0481 1.0083 1.0027 1.0281 1.0318 1.0078 1.0071 
1.0139 1.0489 1.0212 1.0008 1.0124 1.0298 1.0401 1.0228 1.0246 1.0303 
1.0267 1.0343 1.0316 1.0481 1.0268 1.0271 1.0092 1.031 1.0195 1.0033 
1.0116 1.01 1.0366 1.0367 1.0065 1.0058 1.0325 1.0067 1.0466 1.0405 
1.0465 1.0374 1.016 1.0106 1.0349 1.0268 1.0184 1.0178 1.0301 1.0239 
1.0298 1.0438 1.041 1.0454 1.0116 1.0112 1.0272 1.0164 1.0294 1.0346 
1.0195 1.0009 1.0289 1.0057 1.0175 1.0036 1.0369 1.0229 1.0326 1.0269 
1.002 1.0251 1.0396 1.0054 1.0456 1.0135 1.0112 1.0453 1.046 1.0328 
1.0374 1.024 1.0181 1.0056 1.0126 1.0303 1.043 1.0436 1.0308 1.0333 
1.0014 1.0355 1.035 1.0177 1.0389 1.0013 1.0258 1.0259 1.017 1.0327 
1.0477 1.008 1.0195 1.0026 1.0471 1.0378 1.0342 1.0481 1.0015 1.0279 
1.003 1.0395 1.0333 1.0215 1.0173 1.0021 1.0214 1.0036 1.0357 1.0075 
1 1.0134 1.0376 1.0424 1.0431 1.0232 1.0461 1.0455 1.0271 1.0421 
1.0327 1.0053 1.0443 1.0002 1.0208 1.0041 1.0069 1.0022 1.0482 1.0381 
1.0007 1.0219 1.0441 1.0281 1.0046 1.0021 1.0093 1.0333 1.0169 1.0249 
1.0193 1.0067 1.0091 1.0296 1.0317 1.0439 1.0369 1.0192 1.0279 1.0355 
1.0258 1.0349 1.012 1.0169 1.0088 1.0063 1.0434 1.0359 1.0228 1.0072 
1.0353 1.0401 1.0112 1.0269 1.0394 1.0029 1.0232 1.0458 1.0074 1.002 
1.0258 1.0365 1.0395 1.0467 1.0143 1.0223 1.0047 1.0152 1.0439 1.0029 
1.0478 1.0401 1.0114 1.0012 1.0302 1.0005 1.0316 1.0048 1.0177 1.0226 
1.037 1.025 1.0438 1.0443 1.0286 1.018 1.0255 1.0167 1.0233 1.0429 
1.0291 1.0014 1.0486 1.0297 1.0114 1.0011 1.0406 1.0494 1.0397 1.0109 
1.035 1.0276 1.0419 1.0461 1.0393 1.0054 1.0436 1.0023 1.0499 1.0265 
1.017 1.0137 1.0272 1.0152 1.0069 1.0006 1.0489 1.0497 1.0119 1.0439 
1.0007 1.0479 1.0232 1.0007 1.0093 1.0285 1.0198 1.015 1.0413 1.0025 
1.0432 1.0495 1.0046 1.0257 1.0128 1.0155 1.0193 1.0222 1.0202 1.0485 
1.0244 1.0313 1.0107 1 1.0294 1.0087 1.0355 1.0153 1.0184 1.0287 
1.0207 1.0074 1.0367 1.0363 1.0197 1.0095 1.0323 1.002 1.0387 1.0286 
1.0156 1.041 1.0034 1.0022 1.0475 1.0283 1.0092 1.0283 1.0307 1.0172 
1.0021 1.025 1.0164 1.0317 1.0043 1.0475 1.0451 1.0466 1.0483 1.005 
1.0304 1.0143 1.0433 1.0478 1.0281 1.0174 1.0263 1.0438 1.0156 1.0254 
1.0118 1.007 1.0174 1.0182 1.0198 1.0306 1.0125 1.019 1.0155 1.0362 
1.0342 1.047 1.0124 1.0278 1.0107 1.0156 1.0295 1.0402 1.0381 1.0111 
1.0185 1.046 1.0321 1.0413 1.0447 1.0008 1.0264 1.018 1.0085 1.0493 
1.0307 1.03 1.0022 1.0066 1.0396 1.0448 1.0392 1.026 1.0147 1.0376 
1.0162 1.039 1.0296 1.0353 1.0091 1.0325 1.0157 1.0467 1.0309 1.0373 
1.007 1.0479 1.0237 1.0211 1.0407 1.0004 1.0485 1.0004 1.0026 1.002 
1.0363 1.0082 1.0498 1.0154 1.0124 1.0322 1.0139 1.0022 1.0201 1.0358 
1.0466 1.049 1.0116 1.028 1.0015 1.04 1.0279 1.0282 1.017 1.0214 
1.0456 1.0392 1.0359 1.044 1.0228 1.0463 1.0238 1.0312 1.0281 1.0291 
1.0357 1.0046 1.011 1.0167 1.0183 1.0407 1.0179 1.0371 1.0301 1.0092 
1.0484 1.0214 1.0046 1.0175 1.0182 1.0465 1.0005 1.0129 1.0318 1.0107 
1.0201 1.0348 1.0072 1.0447 1.0476 1.027 1.0289 1.0476 1.0225 1.0259 
1.0465 1.0103 1.0402 1.018 1.0149 1.043 1.0287 1.0408 1.0067 1.0387 
1.017 1.0219 1.0413 1.0002 1.0015 1.0397 1.0218 1.0055 1.0316 1.02 
1.0458 1.032 1.0348 1.0077 1.0154 1.0242 1.0037 1.0117 1.0401 1.011 
1.0053 1.0054 1.0129 1.043 1.0193 1.0283 1.008 1.0497 1.0041 1.0028 
1.0132 1.0335 1.0156 1.0175 1.0205 1.0464 1.0041 1.0112 1.0282 1.0112 
1.046 1.0182 1.0455 1.0307 1.0137 1.0438 1.0125 1.0198 1.0473 1.0035 
1.0283 1.0021 1.0338 1.0204 1.0255 1.017 1.0382 1.013 1.0352 1.0286 
1.0343 1.0396 1.0147 1.0091 1.0018 1.0335 1.0155 1.0206 1.0027 1.0301 
1.0053 1.0178 1.0463 1.0015 1.0376 1.0021 1.0137 1.0187 1.007 1.0181 
1.0374 1.0259 1.0003 1.0465 1.0004 1.0162 1.0061 1.0013 1.0473 1.0362 
1.042 1.0015 1.0127 1.0432 1.0311 1.0248 1.0135 1.0484 1.0335 1.017 
1.0115 1.0004 1.0212 1.0247 1.0308 1.0046 1.0101 1.0014 1.0383 1.0371 
1.0035 1.0241 1.041 1.0391 1.0441 1.0334 1.0175 1.0483 1.0351 1.0022 
1.0089 1.0266 1.032 1.0071 1.0066 1.0311 1.0484 1.0148 1.0276 1.0045 
1.0398 1.0359 1.0411 1.048 1.0062 1.0026 1.0294 1.0032 1.009 1.017 
1.0185 1.0331 1.0266 1.048 1.0178 1.0176 1.0254 1.0013 1.0247 1.0473 
1.0463 1.0013 1.0243 1.0068 1.0401 1.0334 1.0068 1.027 1.0223 1.0281 
1.0293 1.0351 1.0271 1.0377 1.0332 1.0318 1.0371 1.0207 1.0342 1.0136 
1.0312 1.0206 1.0317 1.0163 1.0363 1.0344 1.009 1.0265 1.0409 1.0056 
1.0315 1.0196 1.0363 1.0285 1.0299 1.0368 1.0053 1.0356 1.0277 1.0264 
1.0279 1.0385 1.0425 1.0141 1.023 1.0428 1.0225 1.0325 1.0336 1.0394 
1.026 1.0127 1.0314 1.0168 1.0293 1.0218 1.0424 1.0331 1.0177 1.0486 
1.0186 1.0317 1.0016 1.0473 1.0174 1.032 1.0205 1.0139 1.0447 1.0217 
1.0341 1.0309 1.0064 1.0186 1.0034 1.0028 1.0291 1.028 1.0212 1.037 
1.0044 1.0211 1.0207 1.0216 1.0456 1.0474 1.0127 1.0408 1.0443 1.0355 
1.0361 1.0273 1.041 1.0246 1.0186 1.022 1.0253 1.0045 1.0332 1.0029 
1.0364 1.0097 1.0411 1.0447 1.0151 1.0051 1.033 1.0068 1.0355 1.0033 
1.0379 1.0345 1.0315 1.0158 1.0233 1.0256 1.0375 1.0334 1.0339 1.0402 
1.0375 1.0043 1.018 1.0464 1.0484 1.0093 1.0201 1.0036 1.0347 1.014 
1.0406 1.0093 1.0098 1.0276 1.0072 1.024 1.0075 1.0368 1.0146 1.0152 
1.0061 1.0155 1.0319 1.0129 1.0361 1.0291 1.02 1.0238 1.0286 1.0062 
1.0151 1.0392 1.0301 1.0007 1.0027 1.0343 1.032 1.0008 1.0368 1.035 
1.0132 1.0197 1.0233 1.0028 1.002 1.0098 1.0252 1.024 1.0032 1.0205 
1.047 1.0117 1.0362 1.0178 1.0396 1.043 1.0091 1.0078 1.0397 1.0296 
1.0449 1.0301 1.0321 1.0325 1.0032 1.0306 1.0146 1.0031 1.0447 1.0173 
1.0305 1.0113 1.0016 1.0061 1.0046 1.017 1.0278 1.0275 1.0007 1.006 
1.0182 1.0113 1.007 1.017 1.0324 1.0198 1.0406 1.0177 1.0072 1.0435 
1.0196 1.0467 1.0169 1.0294 1.0347 1.021 1.0308 1.045 1.0436 1.0091 
1.0132 1.0367 1.0058 1.0034 1.0264 1.029 1.0357 1.0261 1.0101 1.0315 
1.0469 1.0336 1.031 1.0326 1.0442 1.0464 1.0489 1.0448 1.0185 1.009 
1.0105 1.003 1.0357 1.0201 1.0365 1.0119 1.0423 1.0042 1.0494 1.043 
1.0151 1.0193 1.0259 1.0238 1.0448 1.0345 1.0139 1.0089 1.0406 1.042 
1.026 1.0095 1.0237 1.0191 1.0163 1.0059 1.0093 1.0254 1.0245 1.0454 
1.0304 1.0448 1.0344 1.0443 1.0492 1.0318 1.0161 1.0415 1.0054 1.011 
1.0452 1.0419 1.0125 1.0446 1.022 1.0498 1.0299 1.0069 1.0261 1.0218 
1.0212 1.0205 1.034 1.0053 1.0149 1.0077 1.0418 1.0245 1.0224 1.0437 
1.029 1.0345 1.0036 1.0484 1.0447 1.0275 1.0332 1.0313 1.0065 1.019 
1.0407 1.0494 1.0172 1.0339 1.0387 1.0104 1.0488 1.0155 1.017 1.0219 
