25
500
982 902 910 922 960 967 969 992 985 911 978 918 953 997 915 916 990 945 972 976 963 943 919 964 951 981 960 995 901 924 917 985 964 936 944 996 907 914 935 969 940 920 939 915 933 960 952 980 972 917 947 929 954 958 929 901 986 954 1000 970 916 956 963 995 995 990 905 915 906 952 931 968 998 922 970 905 958 991 997 936 965 972 1000 934 905 958 964 940 989 900 975 970 988 925 952 920 978 997 962 976 978 960 979 928 923 914 1000 982 933 956 947 923 950 971 907 907 923 970 910 984 968 976 954 916 957 950 958 911 990 980 940 982 965 953 965 977 982 997 977 988 960 957 945 1000 939 915 905 969 906 953 949 997 977 947 937 927 933 900 967 969 989 904 953 920 966 955 904 948 960 939 973 929 937 921 902 917 997 920 908 961 931 989 997 968 917 936 925 903 912 908 989 999 902 935 994 951 954 952 968 969 958 902 981 909 907 973 980 942 936 959 937 963 902 956 903 918 970 902 939 934 955 946 943 904 972 990 908 967 974 980 939 992 930 927 915 952 928 967 987 1000 964 910 930 970 939 974 917 997 947 951 902 947 990 981 968 935 937 997 916 982 960 978 931 955 955 927 921 956 942 918 957 931 975 974 984 950 908 931 938 912 944 942 926 995 904 972 946 919 916 903 993 901 952 913 909 919 970 973 973 954 909 944 908 944 909 931 945 962 954 985 915 998 952 902 906 919 986 911 913 979 966 949 939 974 931 912 955 986 996 930 943 961 913 907 903 918 930 941 905 929 989 942 925 973 906 978 942 927 935 911 919 968 945 986 926 910 934 927 969 932 1000 908 902 956 983 916 952 949 913 918 992 995 962 963 925 922 928 971 951 961 989 954 910 991 906 941 978 1000 925 948 966 904 955 913 931 998 976 985 992 969 943 963 947 907 973 947 924 929 977 993 919 973 952 969 985 998 920 934 955 917 989 938 957 960 926 932 928 973 903 976 903 967 920 975 995 994 918 905 973 934 988 957 979 965 981 920 956 919 979 933 963 969 935 975 946 903 967 940 981 969 925 951 981 915 901 930 962 958 913 975 936 974 971 968 950 910 946 960 973 960 958 989 911 963 974 992 959 970 910 939 930 928 926 952 57 88 62 126 138 199 
1484 1708 1775 1742 417 231 1692 716 1818 1297 91 323 433 1596 1088 386 941 451 1179 1025 344 1687 1413 989 120 
1.0316 1.0463 1.0176 1.0296 1.0103 1.0105 1.0165 1.0337 1.0253 1.0385 1.0368 1.0335 1.0165 1.0227 1.0274 1.0475 1.0145 1.0034 1.0242 1.0115 1.0136 1.0446 1.0297 1.0017 1.0298 
1.0427 1.0185 1.0046 1.0459 1.0453 1.0028 1.0153 1.0171 1.0164 1.0427 1.0484 1.0098 1.0198 1.0276 1.0333 1.0083 1.0383 1.0453 1.0233 1.0474 1.0124 1.047 1.0078 1.0263 1.0231 
1.0094 1.0361 1.0001 1.003 1.0332 1.0318 1.001 1.039 1.0004 1.0466 1.0171 1.0457 1.0149 1.0394 1.018 1.0399 1.0065 1.0154 1.0394 1.0286 1.0167 1.0465 1.0224 1.0336 1.0095 
1.0115 1.0399 1.0006 1.0215 1.0018 1.0405 1.0406 1.0017 1.0437 1.0299 1.0004 1.0405 1.0046 1.0102 1.0236 1.0308 1.0111 1.0259 1.0066 1.0441 1.028 1.0037 1.0235 1.0078 1.0231 
1.0304 1.0088 1.0102 1.0023 1.042 1.0241 1.0071 1.0381 1.0396 1.0464 1.0159 1.0275 1.0323 1.0102 1.0427 1.0143 1.0323 1.0292 1.0469 1.0061 1.0184 1.009 1.0489 1.0372 1.0435 
1.046 1.0286 1.0474 1.048 1.0229 1.0115 1.0389 1.0296 1.0465 1.0462 1.0436 1.0419 1.0082 1.0279 1.0415 1.0273 1.0267 1.0493 1.0466 1.0167 1.0459 1.0472 1.0496 1.018 1.0228 
1.049 1.0054 1.0337 1.0063 1.0027 1.0357 1.0102 1.0458 1.0455 1.0206 1.0443 1.0033 1.0323 1.0253 1.0154 1.0185 1.0366 1.016 1.0168 1.0134 1.0354 1.0317 1.0189 1.0018 1.0489 
1.0465 1.0159 1.0071 1.0229 1.0226 1.0368 1.0477 1.0279 1.0319 1.0449 1.0096 1.0171 1.039 1.025 1.0253 1.0453 1.0303 1.033 1.0018 1.0206 1.0431 1.0317 1.0423 1.0051 1.0056 
1.0389 1.0198 1.0353 1.0367 1.0461 1.0034 1.0464 1.0285 1.0457 1.0088 1.0433 1.005 1.0465 1.0458 1.0229 1.0443 1.0304 1.0116 1.0292 1.0475 1.0485 1.0248 1.037 1.0461 1.0355 
1.0081 1.0001 1.0444 1.0078 1.0459 1.0491 1.001 1.0304 1.0097 1.0498 1.0061 1.0025 1.0271 1.0009 1.0039 1.0255 1.0186 1.0284 1.0097 1.0245 1.0384 1.0203 1.0418 1.0261 1.0308 
1.0459 1.0369 1.0268 1.0184 1.0105 1.0172 1.016 1.0409 1.0067 1.0062 1.0081 1.0018 1.0012 1.028 1.0337 1.018 1.0436 1.0147 1.0133 1.0288 1.0064 1.0365 1.0449 1.0066 1.0375 
1.0245 1.0026 1.0186 1.0449 1.0264 1.0114 1.0184 1.0398 1.0006 1.0446 1.0244 1.0371 1.0028 1.0431 1.0446 1.0264 1.0275 1.0126 1.0464 1.0482 1.0184 1.0186 1.005 1.0011 1.0286 
1.0193 1.0089 1.0114 1.0309 1.0209 1.0183 1.0225 1.0056 1.0016 1.0162 1.0455 1.0369 1.0461 1.0475 1.0303 1.0307 1.0221 1.0449 1.0154 1.0453 1.0282 1.0198 1.0309 1.0213 1.0097 
1.0032 1.0079 1.0412 1.0282 1.0104 1.0496 1.0352 1.0232 1.0283 1.0418 1.0442 1.017 1.0018 1.0086 1.0072 1.0045 1.0253 1.0094 1.0418 1.0067 1.0474 1.0294 1.0141 1.0179 1.0298 
1.0257 1.0471 1.0406 1.0155 1.0149 1.0334 1.0266 1.0135 1.0297 1.0215 1.006 1.0493 1.0322 1.0474 1.0131 1.0458 1.0316 1.0203 1.0471 1.0111 1.0103 1.0055 1.006 1.0074 1.0209 
1.0497 1.0003 1.046 1.0381 1.0322 1.0029 1.0396 1.0057 1.0439 1.039 1.0333 1.016 1.0433 1.0488 1.0325 1.0135 1.0409 1.0425 1.043 1.0117 1.0461 1.0122 1.0234 1.0193 1.0366 
1.0025 1.0221 1.0311 1.0444 1.0128 1.0149 1.0493 1.0455 1.0043 1.0274 1.0042 1.0188 1.0295 1.0487 1.048 1.0275 1.0168 1.0041 1.0111 1.0362 1.0276 1.0061 1.0442 1.0445 1.0053 
1.0115 1.0438 1.0067 1.0361 1.0245 1.0011 1.0266 1.0176 1.0437 1.0014 1.0163 1.017 1.034 1.018 1.0009 1.0229 1.0011 1.0413 1.0181 1.0425 1.0222 1.0457 1 1.0066 1.011 
1.0001 1.0116 1.0226 1.0175 1.0109 1.0073 1.032 1.0271 1.0268 1.0302 1.0052 1.043 1.0013 1.0375 1.0308 1.0066 1.0372 1.0352 1.0494 1.0448 1.0088 1.0241 1.0074 1.0292 1.0324 
1.0071 1.0219 1.0162 1.0072 1.0235 1.0221 1.0362 1.0186 1.0213 1.009 1.0176 1.034 1.014 1.0374 1.0415 1.0019 1.0085 1.0054 1.0203 1.0248 1.0425 1.0272 1.0477 1.001 1.0098 
1.0259 1.0188 1.0041 1.0032 1.0094 1.0261 1.0037 1 1.0328 1.0274 1.0346 1.043 1.0469 1.0174 1.029 1.008 1.0472 1.0444 1.0383 1.0094 1.0366 1.0086 1.03 1.0087 1.0349 
1.0048 1.0082 1.032 1.0426 1.0062 1.0211 1.0207 1.0247 1.041 1.0209 1.0363 1.0041 1.0353 1.0472 1.0366 1.0293 1.0131 1.0218 1.0335 1.0186 1.0184 1.0294 1.0361 1.0291 1.0302 
1.0299 1.0447 1.0417 1.0313 1.0378 1.0162 1.0267 1.0431 1.0422 1.0492 1.036 1.02 1.0456 1.0431 1.0088 1.0338 1.0042 1.0277 1.0171 1.0224 1.0243 1.0012 1.0238 1.0248 1.01 
1.0101 1.0448 1.0088 1.0409 1.0452 1.0428 1.0411 1.0191 1.0044 1.0151 1.0452 1.0449 1.0145 1.0261 1.0149 1.0489 1.0473 1.0171 1.0099 1.0152 1.0236 1.0071 1.0105 1.03 1.0185 
1.0475 1.036 1.0396 1.0498 1.0443 1.0014 1.0485 1.0407 1.0102 1.0034 1.0472 1.043 1.0311 1.0374 1.0476 1.0095 1.016 1.0346 1.0137 1.0088 1.0171 1.0448 1.0045 1.0128 1.019 
1.0188 1.0403 1.0075 1.0068 1.0287 1.0053 1.0333 1.0182 1.023 1.017 1.0332 1.004 1.0493 1.0176 1.0303 1.0197 1.0265 1.0086 1.0317 1.0256 1.0436 1.0113 1.0377 1.0076 1.0363 
1.0031 1.0223 1.0152 1.0408 1.0168 1.0419 1.0219 1.0187 1.0169 1.0348 1.0339 1.0295 1.0419 1.0028 1.0025 1.0137 1.0198 1.0006 1.0012 1.0352 1.0057 1.04 1.0053 1.0245 1.0175 
1.039 1.0199 1.0249 1.041 1.023 1.023 1.0164 1.0342 1.0266 1.0054 1.0089 1.0014 1.0143 1.0328 1.0107 1.0447 1.0403 1.0228 1.0218 1.0093 1.0178 1.0201 1.0331 1.0307 1.0228 
1.0001 1.0472 1.0484 1.041 1.0494 1.0267 1.0431 1.0337 1.0427 1.03 1.0147 1.0131 1.0459 1.0165 1.0283 1.0381 1.0003 1.0386 1.0245 1.0161 1.0327 1.0485 1.0088 1.0305 1.0234 
1.0283 1.028 1.0291 1.0453 1.0124 1.0021 1.0118 1.0461 1.03 1.0466 1.0377 1.008 1.0075 1.0171 1.0331 1.0386 1.0325 1.0257 1.035 1.0335 1.0305 1.0421 1.0216 1.032 1.0371 
1.0107 1.0199 1.0258 1.0077 1.0408 1.0332 1.021 1.0395 1.0031 1.0171 1.0452 1.0353 1.0292 1.0048 1.0005 1.0497 1.025 1.0445 1.0338 1.024 1.0174 1.0026 1.0334 1.013 1.0143 
1.0261 1.0202 1.0049 1.0288 1.0099 1.0409 1.0257 1.0156 1.0319 1.017 1.0233 1.0116 1.0482 1.0128 1.0098 1.0442 1.049 1.0409 1.0146 1.0233 1.0107 1.0096 1.0362 1.0165 1.0322 
1.0301 1.0359 1.0148 1.026 1.0188 1.0192 1.0057 1.0066 1.0372 1.0152 1.038 1.0343 1.0293 1.0396 1.049 1.0375 1.0078 1.0028 1.0383 1.0197 1.0312 1.0271 1.0153 1.002 1.0005 
1.0082 1.0383 1.0061 1.032 1.03 1.035 1.0316 1.0005 1.0015 1.0194 1.0083 1.0215 1.0402 1.0064 1.0339 1.0393 1.0127 1.005 1.0206 1.0118 1.0315 1.0255 1.0093 1.004 1.0092 
1.0309 1.0139 1.0474 1.0042 1.0117 1.0061 1.0424 1.0106 1.0478 1.0395 1.0379 1.0426 1.0453 1.0067 1.0222 1.0085 1.0143 1.0497 1.0037 1.0054 1.0002 1.0411 1.0316 1.001 1.0381 
1.0166 1.0378 1.0415 1.0175 1.0296 1.0274 1.0046 1.0155 1.0183 1.0177 1.0108 1.0329 1.0317 1.0318 1.0381 1.0183 1.0114 1.033 1.0461 1.0006 1.0279 1.046 1.0236 1.0219 1.0021 
1.0428 1.028 1.0026 1.0286 1.0198 1.036 1.0117 1.0413 1.0458 1.0003 1.0248 1.014 1.0077 1.0069 1.0144 1.042 1.0375 1.0377 1.0365 1.0021 1.011 1.0364 1.0089 1.0328 1.0117 
1.0301 1.0014 1.0293 1.0462 1.0125 1.0343 1.0318 1.0249 1.0461 1.0365 1.0263 1.0295 1.0029 1.0199 1.0357 1.0362 1.0028 1.0056 1.0308 1.0445 1.033 1.0124 1.0392 1.0102 1.0092 
1.0078 1.0039 1.023 1.0498 1.0216 1.0207 1.0304 1.0445 1.0364 1.0243 1.0246 1.02 1.0093 1.0038 1.0248 1.0276 1.0261 1.044 1.0403 1.0359 1.0494 1.0084 1.0445 1.0113 1.0222 
1.0158 1.011 1.0056 1.0176 1.0086 1.0283 1.0174 1.0399 1.0037 1.0036 1.0056 1.0245 1.0329 1.0039 1.0106 1.0416 1.0367 1.0294 1.02 1.0284 1.0044 1.0025 1.0119 1.0301 1.0084 
1.0017 1.0479 1.003 1.0168 1.0185 1.0255 1.0183 1.0073 1.0307 1.0464 1.0307 1.0242 1.0461 1.0487 1.0268 1.0045 1.0197 1.0066 1.0087 1.0224 1.0125 1.0099 1.0147 1.0463 1.0095 
1.0353 1.0081 1.0148 1.0032 1.0251 1.0118 1.0491 1.0443 1.0316 1.0264 1.0164 1.0176 1.009 1.015 1.0037 1.001 1.0061 1.0149 1.028 1.0034 1.0194 1.001 1.0393 1.0313 1.0043 
1.0278 1.0439 1.0219 1.0381 1.0308 1.0201 1.0105 1.0413 1.0386 1.0146 1.0144 1.0346 1.0119 1.029 1.0379 1.028 1.0115 1.0271 1.0367 1.0429 1.0415 1.0134 1.0461 1.038 1.0334 
1.0068 1.0284 1.0207 1.042 1.0043 1.0291 1.0063 1.0319 1.0166 1.0061 1.0351 1.0231 1.0079 1.0051 1.0457 1.0026 1.0282 1.0286 1.0216 1.006 1.0243 1.037 1.0075 1.0395 1.0479 
1.0362 1.0225 1.035 1.0013 1.0337 1.0477 1.0119 1.0494 1.0116 1.0275 1.041 1.0257 1.0473 1.046 1.0368 1.0349 1.0083 1.0014 1.0025 1.0163 1.0131 1.002 1.0222 1.0016 1.0306 
1.0349 1.0473 1.0143 1.0124 1.0198 1.038 1.0187 1.0349 1.0069 1.0068 1.042 1.0122 1.0431 1.0223 1.009 1.025 1.0054 1.0169 1.0394 1.0237 1.0123 1.0016 1.038 1.0497 1.005 
1.0377 1.0116 1.0043 1.046 1.0156 1.0257 1.0368 1.0068 1.0203 1.0382 1.0121 1.0133 1.0239 1.0279 1.0136 1.0462 1.0296 1.0436 1.0231 1.0079 1.0294 1.0373 1.0098 1.0375 1.0428 
1.0145 1.0432 1.0167 1.0312 1.0367 1.0206 1.0278 1.0483 1.0202 1.0492 1.0125 1.0442 1.0359 1.006 1.0177 1.0405 1.0489 1.0344 1.0155 1.0103 1.0319 1.015 1.0043 1.027 1.0242 
1.039 1.0048 1.0373 1.0341 1.0388 1.0443 1.0267 1.0304 1.0374 1.0262 1.0202 1.0366 1.02 1.0159 1.0423 1.0481 1.0418 1.0388 1.0352 1.0199 1.0286 1.0049 1.0279 1.025 1.0478 
1.0064 1.0497 1.0123 1.0208 1.0093 1.0307 1.0312 1.0253 1.0491 1.0499 1.0443 1.0467 1.0101 1.0007 1.0226 1.0418 1.0068 1.0325 1.0417 1.0317 1.0328 1.025 1.0381 1.0228 1.0449 
1.0353 1.003 1.0105 1.0036 1.0338 1.009 1.0283 1.0418 1.0176 1.0187 1.0478 1.0068 1.0302 1.0259 1.0017 1.0083 1.0069 1.0308 1.0072 1.0138 1.035 1.0367 1.039 1.0074 1.025 
1.0008 1.0054 1.0026 1.0131 1.0162 1.0336 1.0191 1.0341 1.0158 1.043 1.0057 1.0137 1.0266 1.0147 1.033 1.0288 1.0492 1.0212 1.0295 1.0391 1.0492 1.031 1.0489 1.0441 1.0314 
1.0291 1.0445 1.0475 1.0283 1.0116 1.0256 1.0471 1.0075 1.0222 1.0168 1.0243 1.0184 1.0192 1.0095 1.014 1.0037 1.0257 1.0245 1.0312 1.0329 1.0302 1.0407 1.0177 1.0464 1.0086 
1.0278 1.0059 1.0018 1.0067 1.0469 1.0405 1.0291 1.01 1.0091 1.0171 1.0094 1.0125 1.0345 1.0146 1.0039 1.0059 1.0079 1.0109 1.0335 1.0413 1.0396 1.0234 1.0065 1.0006 1.0335 
1.0008 1.0234 1.0411 1.0043 1.008 1.0212 1.0359 1.0126 1.0333 1.0212 1.0426 1.0466 1.0445 1.0013 1.0059 1.0248 1.0008 1.0485 1.0021 1.0133 1.0163 1.0266 1.0383 1.0222 1.0029 
1.0407 1.0387 1.0319 1.0072 1.0432 1.018 1.024 1.0484 1.0467 1.0412 1.039 1.0464 1.0133 1.0412 1.0159 1.0053 1.0212 1.0025 1.0288 1.0203 1.0242 1.0383 1.0299 1.0133 1.0274 
1.0304 1.017 1.0032 1.0341 1.0135 1.0202 1.0115 1.0256 1.0042 1.0415 1.0262 1.0469 1.0172 1.0011 1.024 1.0379 1.0207 1.0393 1.0457 1.0265 1.0013 1.0032 1.0372 1.0325 1.0009 
1.0196 1.0485 1.0185 1.0105 1.0001 1.0202 1.0114 1.0282 1.0026 1.0231 1.0065 1.0375 1.0263 1.0292 1.0303 1.0469 1.0225 1.0106 1.0491 1.0191 1.0109 1.0393 1.0386 1.0205 1.002 
1.0348 1.0134 1.0014 1.0078 1.0217 1.0387 1.0258 1.0242 1.0058 1.0498 1.0181 1.0213 1.022 1.0186 1.0498 1.0065 1.0164 1.0416 1.0015 1.0056 1.0259 1.0066 1.0069 1.0313 1.0302 
1.0032 1.0403 1.0366 1.0065 1.0003 1.0318 1.0262 1.0388 1.0478 1.0155 1.0037 1.0096 1.0334 1.012 1.0038 1.0119 1.032 1.0151 1.0276 1.0234 1.0304 1.0197 1.014 1.0125 1.036 
1.0123 1.041 1.0064 1.0166 1.0443 1.0034 1.0009 1.0303 1.0488 1.0289 1.0463 1.0312 1.0193 1.01 1.0489 1.0487 1.0027 1.0288 1.0061 1.047 1.0214 1.0414 1.0023 1.0241 1.0407 
1.0365 1.0104 1.0386 1.0395 1.0394 1.0144 1.0112 1.0118 1.0256 1.03 1.0288 1.0425 1 1.0316 1.0036 1.0088 1.0258 1.0332 1.0028 1.0448 1.0341 1.0492 1.0064 1.038 1.0083 
1.0209 1.0359 1.0398 1.0265 1.0054 1.0332 1.0265 1.0065 1.0199 1.0374 1.038 1.0265 1.014 1.0264 1.0237 1.0203 1.0066 1.0483 1.0159 1.0117 1.047 1.0107 1.0121 1.0099 1.0234 
1.0164 1.0469 1.0014 1.0164 1.0328 1.0276 1.0387 1.0483 1.0237 1.0262 1.0005 1.046 1.0309 1.0356 1.0136 1.0002 1.0118 1.0372 1.0406 1.023 1.0427 1.0408 1.0498 1.0078 1.033 
1.0187 1.0274 1.0183 1.0144 1.0201 1.0469 1.0272 1.0294 1.0381 1.0474 1.0201 1.0117 1.0436 1.0232 1.0068 1.0136 1.0135 1.0038 1.0382 1.0444 1.0433 1.0477 1.0273 1.0224 1.0362 
1.0071 1.0457 1.0163 1.0411 1.0298 1.0061 1.0047 1.0391 1.0194 1.0291 1.0491 1.0022 1.0475 1.0362 1.0399 1.0044 1.0298 1.0263 1.0214 1.0432 1.0129 1.0494 1.0152 1.0117 1.0098 
1.0155 1.0154 1.0404 1.0092 1.0317 1.0206 1.0347 1 1.0061 1.0247 1.0074 1.0131 1.0354 1.0181 1.0052 1.0315 1.0131 1.0405 1.0401 1.0091 1.0233 1.0487 1.0053 1.0122 1.0135 
1.0351 1.0187 1.0159 1.0107 1.0249 1.0007 1.0366 1.0312 1.0069 1.0493 1.0467 1.0285 1.0139 1.0291 1.042 1.0175 1.0403 1.0452 1.02 1.0269 1.0343 1.0258 1.0137 1.0394 1.0428 
1.0005 1.0237 1.0388 1.0435 1.001 1.0105 1.0332 1.0012 1.0015 1.0114 1.0259 1.0492 1.0379 1.0125 1.0007 1.0074 1.0079 1.0151 1.0069 1.0163 1.043 1.0388 1.0393 1.0071 1.0115 
1.0349 1.0234 1.0247 1.0065 1.0417 1.0273 1.0017 1.016 1.017 1.0448 1.0413 1.0249 1.0164 1.0263 1.0361 1.0346 1.0157 1.0417 1.0471 1.0039 1.014 1.0398 1.0466 1.0164 1.0411 
1.0177 1.0018 1.02 1.0216 1.0206 1.0139 1.0321 1.0332 1.0222 1.0204 1.0033 1.0435 1.0314 1.0309 1.0272 1.009 1.0003 1.0498 1.0111 1.047 1.0299 1.0279 1.0465 1.036 1.0057 
1.0416 1.0264 1.0438 1.0265 1.0291 1.0062 1.0345 1.0126 1.0044 1.0308 1.0471 1.0331 1.0248 1.0147 1.0002 1.048 1.0054 1.0189 1.0494 1.0335 1.0226 1.0102 1.0336 1.0263 1.0027 
1.0172 1.0024 1.0436 1.0092 1.0276 1.0436 1.0235 1.0385 1.037 1.0101 1.035 1.0011 1.0014 1.0265 1.0011 1.0145 1.0468 1.0013 1.0382 1.0448 1.0092 1.0198 1.0105 1.0309 1.0335 
1.0423 1.024 1.0338 1.0102 1.0121 1.0212 1.0471 1.0476 1.0313 1.0402 1.0381 1.0302 1.0469 1.0283 1.0272 1.0141 1.0469 1.0327 1.0104 1.0112 1.0088 1.0241 1.0093 1.009 1.0228 
1.0398 1.0276 1.0206 1.0054 1.0468 1.001 1.0237 1.0341 1.0199 1.0463 1.0236 1.0064 1.0412 1.0133 1.0106 1.0082 1.0354 1.0406 1.0457 1.0254 1.0382 1.0264 1.0328 1.0175 1.0028 
1.0232 1.0299 1.0138 1.0267 1.0456 1.0359 1.0021 1.0115 1.0253 1.0459 1.0186 1.0485 1.0027 1.0436 1.0357 1.0474 1.0371 1.0427 1.023 1.0205 1.0383 1.008 1.0134 1.0339 1.0144 
1.0235 1.0192 1.022 1.0184 1.0224 1.0071 1.0211 1.0001 1.0141 1.0146 1.0085 1.0402 1.0462 1.0059 1.0198 1.0041 1.0176 1.0315 1.0152 1.0101 1.0403 1.0138 1.0324 1.0044 1.0185 
1.0018 1.001 1.042 1.0488 1.0031 1.0369 1.0017 1.0253 1.0322 1.0063 1.019 1.0053 1.0336 1.0102 1.0005 1.0088 1.0253 1.0235 1.02 1.0289 1.0295 1.0238 1.0362 1.0033 1.0337 
1.0278 1.0036 1.0188 1.0341 1.017 1.0148 1.01 1.0273 1.0024 1.008 1.0319 1.0354 1.0385 1.0167 1.0015 1.0129 1.0493 1.0001 1.0347 1.0175 1.0316 1.0015 1.0177 1.047 1.0374 
1.0448 1.0266 1.0444 1.0255 1.0042 1.0326 1.0287 1.0178 1.0237 1.0001 1.0182 1.0091 1.0098 1.0421 1.0443 1.0254 1.0226 1.0101 1.0481 1.0218 1.0484 1.0144 1.02 1.0133 1.0169 
1.0338 1.0011 1.0166 1.0323 1.01 1.0218 1.0397 1.0312 1.0023 1.0276 1.043 1.0199 1.0471 1.0306 1.0284 1.017 1.0363 1.0364 1.0131 1.0258 1.0016 1.0187 1.0056 1.0324 1.0133 
1.0276 1.0432 1.0274 1.035 1.0032 1.0152 1.0346 1.0262 1.0365 1.0159 1.0133 1.0133 1.0324 1.0012 1.0322 1.0226 1.0015 1.0174 1.0127 1.0271 1.0013 1.0305 1.0441 1.0226 1.0384 
1.0495 1.0208 1.0104 1.0234 1.0294 1.0205 1.0149 1.0394 1.0484 1.0056 1.0227 1.0297 1.0297 1.0052 1.009 1.0208 1.0427 1.0365 1.0171 1.0257 1.0276 1.0308 1.0207 1.025 1.0023 
1.034 1.0115 1.0097 1.0224 1.0412 1.0082 1.0261 1.0045 1.0208 1.0259 1.0023 1.0377 1.0266 1.0419 1.0016 1.0025 1.0334 1.026 1.027 1.0092 1.0067 1.0299 1.0341 1.0103 1.0387 
1 1.0393 1.002 1 1.0144 1.0289 1.0477 1.0065 1.0047 1.0457 1.0373 1.0085 1.0158 1.0308 1.0112 1.027 1.0439 1.0135 1.006 1.0465 1.0184 1.0346 1.0367 1.0059 1.0249 
1.0172 1.0373 1.0075 1.0333 1.0052 1.0209 1.0355 1.0022 1.0479 1.0352 1.0124 1.0107 1.0195 1.0197 1.0478 1.0427 1.0366 1.0361 1.0059 1.0116 1.0288 1.0449 1.0086 1.0493 1.0253 
1.0376 1.0131 1.042 1.0379 1.0054 1.0133 1.0418 1.0326 1.0325 1.0056 1.0176 1.0188 1.0199 1.0265 1.0226 1.0439 1.0497 1.0075 1.0246 1.0093 1.0039 1.0203 1.0271 1.0236 1.0375 
1.0229 1.0458 1.0098 1.0474 1.0064 1.0085 1.0274 1.0168 1.0424 1.0106 1.0331 1.0255 1.0439 1.0307 1.0001 1.0103 1.0359 1.0011 1.0318 1.0221 1.0437 1.0255 1.0338 1.0453 1.0277 
1.0139 1.013 1.0017 1.0384 1.0214 1.0386 1.0147 1.0093 1.0353 1.0317 1.0262 1.0365 1.0303 1.0429 1.036 1.0301 1.0228 1.0015 1.0333 1.0077 1.0379 1.0068 1.0247 1.0126 1.0028 
1.0105 1.0082 1.0068 1.0071 1.038 1.0499 1.0021 1.0371 1.0211 1.0345 1.0309 1.0478 1.0044 1.0453 1.0478 1.0473 1.0318 1.0389 1.0291 1.0282 1.0164 1.0116 1.0388 1.0236 1.0195 
1.0081 1.0328 1.0147 1.0344 1.0074 1.0139 1.0381 1.0398 1.0286 1.0372 1.0056 1.0445 1.0256 1.0165 1.0029 1.0032 1.0162 1.0018 1.0437 1.0312 1.0382 1.008 1.0262 1.0033 1.0056 
1.0399 1.0351 1.0256 1.0485 1.0306 1.0355 1.0194 1.0486 1.0454 1.0047 1.0249 1.0407 1.0472 1.0035 1.0408 1.0265 1.0246 1.0448 1.0015 1.0126 1.0432 1.0207 1.0276 1.0268 1.0499 
1.0052 1.0463 1.0333 1.0123 1.0131 1.0149 1.039 1.0462 1.0386 1.0431 1.0254 1.0312 1.0009 1.0129 1.0464 1.04 1.0099 1.0146 1.0222 1.0035 1.0118 1.03 1.0112 1.0071 1.0297 
1.0021 1.032 1.0342 1.0231 1.0187 1.0196 1.0189 1.017 1.0148 1.0251 1.0235 1.0497 1.0343 1.0215 1.043 1.0455 1.0053 1.0291 1.0493 1.0394 1.0103 1.0323 1.013 1.0479 1.0235 
1.02 1.0102 1.0066 1.0066 1.0382 1.0137 1.0115 1.0261 1.0131 1.0284 1.0362 1.0266 1.0333 1.0006 1.0493 1.0457 1.0391 1.0304 1.0012 1.0118 1.0052 1.0009 1.0174 1.0357 1.0276 
1.0268 1.0209 1.0245 1.0104 1.0021 1.041 1.0429 1.0404 1.0283 1.0014 1.0185 1.0291 1.0258 1.0196 1.0443 1.0125 1.0208 1.0204 1.0037 1.0068 1.0319 1.0375 1.0318 1.0053 1.0391 
1.0064 1.0467 1.008 1.0314 1.0047 1.0256 1.0202 1.0123 1.0356 1.0243 1.0006 1.0163 1.0077 1.0012 1.0138 1.0481 1.0103 1.0161 1.0216 1.0425 1.0487 1.0149 1.0185 1.0167 1.0293 
1.0315 1.0411 1.0213 1.0453 1.0104 1.0349 1.0046 1.0045 1.0405 1.0139 1.0212 1.0233 1.0302 1.0337 1.0177 1.0005 1.0272 1.0121 1.0133 1.0444 1.0139 1.0323 1.0467 1.021 1.0024 
1.0495 1.0346 1.0323 1.04 1.0232 1.0313 1.04 1.0405 1.034 1.0218 1.0091 1.0327 1.0472 1.0494 1.035 1.0241 1.0034 1.0021 1.0209 1.0186 1.0259 1.0346 1.0101 1.0033 1.0274 
1.0456 1.0167 1.0179 1.0386 1.0383 1.048 1.0127 1.0399 1.0444 1.0357 1.0095 1.0272 1.0327 1.0071 1.0171 1.0491 1.0352 1.0201 1.037 1.0121 1.022 1.0309 1.0307 1.0496 1.0272 
1.0071 1.0276 1.0362 1.0378 1.0483 1.0017 1.0216 1.0103 1.0182 1.0336 1.0067 1.0128 1.0264 1.0013 1.0085 1.0093 1.0397 1.0035 1.0084 1.0291 1.0316 1.0464 1.0194 1.0077 1.0315 
1.0062 1.0076 1.0378 1.0324 1.019 1.0417 1.0177 1.0339 1.0045 1.0117 1.012 1.0105 1.024 1.0091 1.0029 1.0384 1.0257 1.0454 1.0238 1.0181 1.0048 1.0447 1.038 1.0103 1.0399 
1.0028 1.0087 1.0152 1.0196 1.0211 1.0307 1.0352 1.0102 1.0162 1.0118 1 1.0003 1.0117 1.0432 1.0081 1.0409 1.0237 1.0291 1.0313 1.0476 1.024 1.0372 1.0219 1.0194 1.0376 
1.0081 1.0086 1.0124 1.0268 1.0377 1.0022 1.0037 1.0009 1.0193 1.0331 1.0036 1.0461 1.0437 1.0353 1.0063 1.0282 1.0258 1.0409 1.0381 1.0113 1.0485 1.002 1.0155 1.0317 1.0132 
1.0497 1.0287 1.0197 1.0019 1.0285 1.0344 1.024 1.0357 1.0304 1.0122 1.0261 1.0068 1.0019 1.0441 1.0474 1.0423 1.0376 1.0408 1.0061 1.0311 1.0442 1.0228 1.0116 1.038 1.0162 
1.0021 1.0348 1.016 1.0001 1.048 1.0193 1.0488 1.0011 1.0493 1.0161 1.0038 1.0303 1.0275 1.0035 1.0098 1.0431 1.025 1.0101 1.0189 1.0151 1.0012 1.0183 1.0188 1.0245 1.0295 
1.0054 1.0257 1.0131 1.0486 1.0389 1.0198 1.0341 1.007 1.0195 1.0301 1.0452 1.0451 1.0281 1.0339 1.0252 1.0207 1.0253 1.0213 1.0309 1.0194 1.0292 1.0401 1.0067 1.0203 1.0356 
1.0193 1.0019 1.029 1.0476 1.0195 1.02 1.0438 1.018 1.0015 1.0088 1.0133 1.044 1.0262 1.0028 1.0041 1.0184 1.02 1.0189 1.0349 1.031 1.0425 1.0047 1.0029 1.0063 1.0312 
1.0262 1.0486 1.0051 1.0264 1.0012 1.0433 1.029 1.021 1.0386 1.0454 1.0202 1.029 1.0438 1.0064 1.0071 1.0077 1.0028 1.0336 1.0117 1.0183 1.0008 1.0129 1.0314 1.0134 1.0416 
1.0022 1.0051 1.0123 1.0498 1.0386 1.007 1.0015 1.0476 1.0407 1.0236 1.0448 1.0069 1.0454 1.0364 1.0357 1.0363 1.0361 1.0057 1.0112 1.0463 1.0498 1.0056 1.0115 1.0057 1.0475 
1.0045 1.0173 1.0373 1.0359 1.0238 1.0021 1.0152 1.0261 1.032 1.0407 1.0207 1.0426 1.0451 1.0022 1.0113 1.0387 1.0244 1.0082 1.0315 1.03 1.0429 1.043 1.0181 1.0202 1.0243 
1.0169 1.0443 1.0284 1.0426 1.0321 1.0201 1.0036 1.0462 1.0276 1.0414 1.0011 1.031 1.0302 1.0343 1.0034 1.0282 1.0015 1.0479 1.0359 1.004 1.0213 1.0458 1.0001 1.0354 1.0124 
1.0294 1.0495 1.0301 1.0478 1.0461 1.0418 1.0082 1.0265 1.0353 1.0257 1.033 1.0031 1.0269 1.0372 1.0155 1.0136 1.0161 1.0156 1.0005 1.0366 1.0015 1.0379 1.0108 1.0121 1.0158 
1.0146 1.014 1.0416 1.0451 1.0191 1.0086 1.0404 1.0054 1.0356 1.0225 1.0227 1.0139 1.0249 1.0401 1.0108 1.0138 1.0009 1.0183 1.0065 1.0224 1.0322 1.0413 1.0193 1.018 1.0355 
1.0299 1.0315 1.0085 1.0309 1.0282 1.0127 1.0056 1.0046 1.044 1.0443 1.0311 1.031 1.0041 1.0276 1.0343 1.049 1.0336 1.0391 1.0343 1.0146 1.034 1.0398 1.0479 1.0425 1.0257 
1.0228 1.0188 1.0288 1.0378 1.0023 1.0472 1.0459 1.0329 1.0435 1.0284 1.0447 1.0369 1.0371 1.022 1.0301 1.0098 1.0055 1.0488 1.0153 1.0398 1.0234 1.0216 1.0494 1.0234 1.0129 
1.0481 1.0165 1.0352 1.0007 1.0057 1.0181 1.0288 1.0002 1.0327 1.0118 1.0001 1.0498 1.0309 1.0113 1.039 1.0261 1.027 1.0318 1.0208 1.0223 1.0203 1.0215 1.0429 1.0226 1.0208 
1.0353 1.0345 1.0065 1.0431 1.0292 1.0448 1.0048 1.0152 1.0307 1.02 1.0104 1.0295 1.0172 1.0173 1.0088 1.0234 1.0033 1.0474 1.0359 1.0467 1.0216 1.0206 1.0008 1.0317 1.0361 
1.0451 1.0382 1.0062 1.0349 1.0445 1.0418 1.0356 1.0485 1.015 1.0425 1.0478 1.0259 1.0433 1.0242 1.0042 1.0444 1.0193 1.0419 1.0348 1.0355 1.0039 1.0403 1.0085 1.0429 1.0142 
1.0408 1.0457 1.0425 1.0465 1.0378 1.0018 1.0114 1.0331 1.0416 1.0051 1.0287 1.0051 1.0233 1.0168 1.023 1.0394 1.0034 1.039 1.0332 1.0305 1.0018 1.0185 1.0355 1.0181 1.0089 
1.0375 1.021 1.0138 1.0345 1.0176 1.0341 1.032 1.005 1.0492 1.0188 1.0248 1.025 1.0353 1.0097 1.0122 1.0189 1.0234 1.0368 1.0382 1.0333 1.0267 1.0479 1.0432 1.0479 1.0398 
1.0238 1.0144 1.0364 1.0274 1.0193 1.033 1.0243 1.0273 1.0471 1.0151 1.0228 1.0423 1.0178 1.0404 1.0022 1.0092 1.0244 1.033 1.0256 1.0458 1.0399 1.0111 1.0201 1.0341 1.0261 
1.0198 1.0484 1.0131 1.0193 1.0201 1.0378 1.024 1.0462 1.0423 1.0252 1.0084 1.0053 1.0384 1.0447 1.0442 1.0169 1.0489 1.0383 1.0361 1.0023 1.0139 1.0122 1.0477 1.009 1.0416 
1.0476 1.0053 1.0052 1.0195 1.0016 1.0406 1.0353 1.026 1.0012 1.0354 1.0312 1.0448 1.0482 1.0118 1.0244 1.0309 1.037 1.0281 1.0136 1.0129 1.0031 1.0482 1.0086 1.0188 1.0286 
1.0183 1.0369 1.024 1.002 1.0371 1.0209 1.0405 1.0402 1.0441 1.0495 1.0284 1.0494 1.0435 1.0093 1.0182 1.0384 1.0385 1.0111 1.0465 1.0108 1.0277 1.0115 1.0435 1.0086 1.0147 
1.0318 1.0363 1.0421 1.0301 1.0299 1.048 1.0432 1.0361 1.0311 1.0307 1.0447 1.0002 1.0182 1.0357 1.0314 1.0119 1.0005 1.0401 1.0131 1.0398 1.0148 1.0047 1.0052 1.0328 1.0043 
1.0052 1.0438 1.0429 1.0399 1.0288 1.0252 1.0051 1.0114 1.0498 1.0415 1.0006 1.0407 1.0062 1.0267 1.0291 1.0158 1.0181 1.0234 1.0297 1.004 1.026 1.0404 1.0132 1.007 1.031 
1.0255 1.0307 1.0015 1.036 1.0452 1.0103 1.0467 1.0394 1.0185 1.0022 1.0141 1.0356 1.0436 1.0249 1.0181 1.022 1.0104 1.0442 1.0499 1.0253 1.0146 1.0257 1.0286 1.0317 1.0047 
1.0493 1.0144 1.0031 1.0348 1.0445 1.0316 1.0124 1.0258 1.0376 1.0446 1.0095 1.0432 1.0054 1.0116 1.045 1.0197 1.024 1.0445 1.0019 1.0422 1.0385 1.035 1.0031 1.0448 1.0225 
1.0222 1.0106 1.0445 1.0126 1.005 1.0411 1.0381 1.0258 1.0341 1.0049 1.0003 1.0345 1.0478 1.0462 1.0401 1.0088 1.0448 1.0311 1.0092 1.034 1.0129 1.0457 1.0155 1.0038 1.0206 
1.0086 1.0406 1.0187 1.0326 1.0242 1.0202 1.0439 1.0481 1.0064 1.0488 1.0352 1.041 1.0276 1.0332 1.0264 1.0273 1.0319 1.0207 1.0039 1.023 1.0061 1.047 1.0394 1.009 1.0105 
1.0212 1.001 1.0055 1.0461 1.0033 1.0341 1.0309 1.006 1.0373 1.027 1.022 1.0174 1.026 1.0404 1.0471 1.0499 1.0279 1.0077 1.0468 1.0498 1.006 1.0223 1.0101 1.0075 1.0017 
1.0282 1.0389 1.0163 1.0159 1.0019 1.0195 1.0427 1.0324 1.0232 1.0081 1.0128 1.0177 1.0077 1.043 1.0141 1.0181 1.0103 1.0017 1.003 1.0077 1.0479 1.0145 1.0015 1.0075 1.003 
1.0265 1.0212 1.0057 1.0046 1.0015 1.0447 1.0206 1.0255 1.041 1.0326 1.0186 1.0387 1.0076 1.0196 1.0372 1.0294 1.0305 1.0326 1.0261 1.0142 1.0499 1.0154 1.0248 1.0042 1.0412 
1.0254 1.0441 1.0226 1.0479 1.0073 1.0078 1.0022 1.0184 1.0359 1.0183 1.0115 1.0191 1.0259 1.0224 1.0222 1.0389 1.0186 1.0409 1.0462 1.0372 1.0485 1.0321 1.0104 1.046 1.0073 
1.0063 1.0472 1.0243 1.0154 1.0096 1.0295 1.0438 1.037 1.0205 1.0171 1.024 1.0364 1.0441 1.0023 1.0047 1.0465 1.013 1.0116 1.0132 1.0261 1.0009 1.0335 1.01 1.0153 1.0478 
1.0139 1.048 1.0068 1.0009 1.0153 1.0424 1.0363 1.0153 1.0434 1.014 1.0357 1.0307 1.0422 1.0071 1.0447 1.0355 1.0419 1.0185 1.0008 1.0265 1.0119 1.0318 1.0061 1.0118 1.0169 
1.0331 1.0403 1.0212 1.0365 1.0185 1.0221 1.0415 1.0391 1.0052 1.0144 1.0333 1.0358 1.0481 1.0071 1.0473 1.0438 1.0463 1.0408 1.0104 1.0138 1.0122 1.0132 1.0176 1.047 1.0129 
1.025 1.0168 1.0251 1.037 1.0027 1.0039 1.0168 1.0304 1.0024 1.0164 1.0438 1.0428 1.0389 1.0035 1.0355 1.0031 1.0341 1.0334 1.0451 1.009 1.0046 1.0062 1.0126 1.0007 1.0378 
1.0194 1.0244 1.0384 1.035 1.0052 1.0399 1.0145 1.0101 1.0416 1.0479 1.0179 1.002 1.0314 1.0008 1.0126 1.0429 1.0451 1.0028 1.0058 1.0274 1.0058 1.0204 1.0117 1.0448 1.0034 
1.0052 1.0048 1.0251 1.0488 1.0343 1.0325 1.0035 1.0003 1.0196 1.0484 1.0335 1.02 1.0216 1.006 1.0429 1.0255 1.0215 1.0164 1.0275 1.0229 1.0052 1.0093 1.0081 1.0336 1.0268 
1.0407 1.0267 1.0196 1.0317 1.0303 1.0216 1.0407 1.0401 1.0095 1.0194 1.0455 1.024 1.0492 1.0308 1.0402 1.0498 1.0227 1.0137 1.0434 1.0431 1.0031 1.0067 1.0187 1.0027 1.0386 
1.0073 1.0102 1.0401 1.0062 1.014 1.0299 1.0141 1.0482 1.0304 1.0065 1.0109 1.0337 1.0057 1.0176 1.0358 1.011 1.0428 1.0499 1.0171 1.0109 1.0051 1.0247 1.0346 1.0056 1.0348 
1.0404 1.0329 1.0434 1.0006 1.0354 1.0066 1.0044 1.0468 1.0419 1.0427 1.0145 1.0427 1.0304 1.0217 1.0163 1.0133 1.0113 1.0195 1.0026 1.0043 1.0244 1.0366 1.0381 1.0047 1.0488 
1.0454 1.0335 1.0087 1.0342 1.0252 1.0056 1.0138 1.0052 1.0429 1.0168 1.0434 1.0154 1.0105 1.0479 1.0366 1.043 1.047 1.0245 1.0188 1.0495 1.0254 1.0008 1.0315 1.0352 1.0232 
1.0399 1.0479 1.0197 1.0294 1.0069 1.0229 1.0086 1.0487 1.0319 1.0357 1.0171 1.0115 1.0255 1.0189 1.0228 1.0185 1.0462 1.0236 1.043 1.0304 1.0206 1.0446 1.0285 1.0141 1.0291 
1.0406 1 1.0294 1.021 1.0453 1.0394 1.0308 1.0044 1.0293 1.0138 1.0094 1.0242 1.0426 1.0361 1.0059 1.0465 1.0039 1.0006 1.0224 1.0248 1.0296 1.0307 1.0392 1.0263 1.0187 
1.0242 1.0407 1.0346 1.0469 1.0398 1.0486 1.043 1.0414 1.0395 1.0067 1.0108 1.0232 1.0147 1.0319 1.0304 1.0375 1.0351 1.0302 1.0143 1.0169 1.0409 1.0041 1.0004 1.0468 1.0495 
1.0183 1.0111 1.0264 1.0032 1.0241 1.0044 1.0259 1.0366 1.0314 1.0231 1.047 1.0316 1.0355 1.0407 1.0014 1.0204 1.0354 1.0176 1.011 1.0191 1.0093 1.0083 1.0315 1.0068 1.0413 
1.0121 1.0034 1.0195 1.0464 1.0121 1.014 1.0039 1.0252 1.0258 1.044 1.0481 1.0465 1.0336 1.012 1.0026 1.0008 1.0028 1.0065 1.0187 1.0069 1.0222 1.0201 1.0203 1.0126 1.0066 
1.0362 1.0099 1.0229 1.0238 1.0056 1.0273 1.0437 1.0467 1.0409 1.0013 1.0167 1.0363 1.0248 1.0252 1.0042 1.0042 1.0288 1.0293 1.03 1.016 1.0331 1.0394 1.0363 1.0081 1.0147 
1.0187 1.0416 1.0094 1.0363 1.0349 1.0405 1.0071 1.0069 1.0077 1.0065 1.0453 1.0311 1.013 1.0072 1.0078 1.0227 1.0492 1.0192 1.0463 1.0447 1.0199 1.0055 1.0194 1.0281 1.0476 
1.0449 1.0095 1.0415 1.0162 1.0101 1.0144 1.0455 1.0395 1.0455 1.0071 1.0353 1.0312 1.0133 1.0355 1.0361 1.0435 1.0207 1.0203 1.0414 1.0287 1.0335 1.0258 1.0231 1.0093 1.0349 
1.048 1.0018 1.0393 1.0141 1.0348 1.0434 1.0102 1.0086 1.021 1.0057 1.0166 1.0335 1.0106 1.0237 1.0422 1.0252 1.0226 1.045 1.0482 1.0071 1.0025 1.0177 1.0275 1.0196 1.0417 
1.0399 1.0304 1.0166 1.0254 1.0209 1.0106 1.0418 1.0231 1.0435 1.0364 1.0237 1.028 1.0111 1.0343 1.0457 1.0365 1.0135 1.0227 1.0028 1.0234 1.0089 1.0473 1.0069 1.0119 1.0326 
1.0425 1.0135 1.0294 1.0269 1.0303 1.0343 1.0118 1.0226 1.0494 1.032 1.0419 1.0262 1.0425 1.0185 1.0324 1.0372 1.0022 1.0471 1.0443 1.0452 1.0435 1.0439 1.0443 1.0192 1.0147 
1.0266 1.0002 1.0116 1.0125 1.0175 1.0369 1.0118 1.0231 1.0093 1.0049 1.0165 1.0321 1.0002 1.0051 1.0282 1.0383 1.0443 1.0244 1.0069 1.0273 1.0169 1.0086 1.0429 1.0061 1.0018 
1.0125 1.0142 1.0482 1.002 1.0317 1.0229 1.0143 1.0483 1.0454 1.0001 1.025 1.0378 1.0085 1.0121 1.0166 1.0064 1.0319 1.0242 1.0199 1.0419 1.0252 1.0151 1.0448 1.0297 1.0166 
1.005 1.0437 1.0393 1.0441 1.0096 1.0323 1.0444 1.0093 1.0212 1.0153 1.0316 1.0454 1.0376 1.0452 1.0004 1.0347 1.024 1.0088 1.015 1.0435 1.0095 1.018 1.0326 1.0271 1.0384 
1.0404 1.0419 1.0048 1.0077 1.0382 1.0499 1.0456 1.001 1.0343 1.0118 1.0034 1.0367 1.0167 1.0467 1.0451 1.0202 1.0178 1.0287 1.0275 1.026 1.0488 1.0041 1.0309 1.0374 1.0444 
1.027 1.0342 1.0193 1.024 1.0005 1.025 1.0321 1.0004 1.0026 1.0024 1.0233 1.0056 1.0321 1.0099 1.0491 1.021 1.034 1.0069 1.0089 1.0133 1.0356 1.0481 1.0233 1.0194 1.0056 
1.0259 1.0365 1.0117 1.0354 1.0375 1.0254 1.022 1.022 1.0486 1.003 1.0494 1.0314 1.0204 1.0063 1.0363 1 1.0287 1.0486 1.0361 1.0083 1.045 1.0388 1.009 1.0291 1.047 
1.0343 1.0208 1.0303 1.0101 1.0468 1.0098 1.002 1.0411 1.0408 1.0185 1.0395 1.0454 1.0277 1.0385 1.025 1.0108 1.0346 1.0038 1.0353 1.0024 1.0197 1.0213 1.0141 1.0469 1.0364 
1.0335 1.0296 1.0006 1.0098 1.0135 1.0474 1.0255 1.01 1.0366 1.0352 1.0139 1.0151 1.0188 1.0347 1.0491 1.0263 1.0222 1.0431 1.0397 1.0149 1.0276 1.0349 1.0436 1.0113 1.0184 
1.0377 1.0475 1.032 1.0118 1.0448 1.0228 1.0091 1.0033 1.0021 1.0403 1.0139 1.0097 1.0362 1.0167 1.0064 1.0294 1.013 1.0064 1.0035 1.0026 1.0137 1.0282 1.0237 1.0275 1.0387 
1.0429 1.0124 1.0023 1.0472 1.0257 1.0464 1.0496 1.046 1.0228 1.0375 1.0474 1.0158 1.0242 1.0088 1.019 1.001 1.022 1.0034 1.0024 1.0164 1.0468 1.0295 1.0128 1.0191 1.0483 
1.0219 1.0074 1.0029 1.0128 1.0327 1.0036 1.0003 1.0145 1.0033 1.0128 1.0081 1.0348 1.0226 1.045 1.0292 1.0096 1.035 1.0241 1.0279 1.0447 1.0399 1.026 1.0331 1.0374 1.0388 
1.01 1.009 1.0482 1.0354 1.0453 1.0169 1.0181 1.0079 1.0362 1.0401 1.0095 1.0463 1.0449 1.0443 1.0354 1.0253 1.019 1.0406 1.0008 1.0388 1.0006 1.0222 1.0298 1.0045 1.0015 
1.0287 1.0108 1.0298 1.0142 1.0172 1.0492 1.0079 1.0306 1.0124 1.0023 1.0424 1.0103 1.0053 1.0314 1.0072 1.0481 1.0327 1.0072 1.0196 1.0174 1.0223 1.02 1.0167 1.0337 1.0381 
1.0098 1.0365 1.0072 1.0182 1.0195 1.0037 1.0188 1.043 1.0441 1.0223 1.022 1.0341 1.0039 1.0069 1.0488 1.0184 1.046 1.0154 1.0327 1.0487 1.0177 1.0197 1.0391 1.0192 1.0174 
1.0115 1.0283 1.0174 1.0002 1.0311 1.0332 1.0208 1.0234 1.0269 1.0272 1.0492 1.0054 1.0249 1.0485 1.0423 1.0221 1.0305 1.0094 1.0033 1.019 1.0362 1.0291 1.0456 1.0156 1.0386 
1.0357 1.0466 1.0011 1.023 1.0384 1.0312 1.0303 1.0127 1.0368 1.0322 1.0256 1.0426 1.0273 1.0059 1.0019 1.014 1.0215 1.0287 1.0016 1.0345 1.0496 1.022 1.0016 1.0069 1.0044 
1.0297 1.0458 1.0272 1.046 1.0134 1.0492 1.0322 1.041 1.0071 1.0159 1.0295 1.0048 1.0043 1.0155 1.014 1.0201 1.0005 1.0296 1.0099 1.0051 1.0112 1.0153 1.0411 1.0419 1.0164 
1.0433 1.0374 1.0379 1.0275 1.0384 1.0233 1.0334 1.0033 1.0298 1.0161 1.0373 1.0376 1.0147 1.043 1.0112 1.0307 1.0142 1.0061 1.0339 1.044 1.0451 1.0222 1.027 1.0452 1.0163 
1.0266 1.0194 1.0046 1.029 1.0013 1.0158 1.0499 1.0224 1.0391 1.0388 1.0049 1.017 1.0483 1.0177 1.0297 1.0039 1.0469 1.0172 1.0115 1.0319 1.03 1.0345 1.026 1.012 1.0239 
1.0081 1.0333 1.0399 1.0102 1.0011 1.001 1.0008 1.0335 1.0294 1.0276 1.0139 1.0002 1.0418 1.0056 1.0022 1.0496 1.0077 1.0237 1.0249 1.0395 1.0499 1.0229 1.0185 1.0142 1.0131 
1.025 1.0232 1.0222 1.0167 1.0139 1.0124 1.0354 1.0358 1.0052 1.0266 1.0239 1.0345 1.0381 1.0385 1.0331 1.0276 1.0187 1.0171 1.0363 1.0101 1.0023 1.0062 1.0138 1.04 1.0005 
1.0479 1.0472 1.0445 1.0088 1.0111 1.0478 1.0092 1.0187 1.0099 1.0412 1.0392 1.0003 1.0362 1.0205 1.0158 1.0362 1.0077 1.0217 1.0138 1.0151 1.0258 1.0053 1.0394 1.0435 1.0411 
1.0311 1.0125 1.0136 1.0489 1.0272 1.0075 1.0287 1.0316 1.0182 1.0108 1.0023 1.037 1.0317 1.0226 1.0296 1.0228 1.028 1.0242 1.0338 1.0219 1.0208 1.0265 1.0102 1.0379 1.0317 
1.0475 1.0261 1.0232 1.0114 1.0005 1.0411 1.011 1.0186 1.0324 1.0018 1.0391 1.0434 1.0489 1.0488 1.0437 1.0385 1.033 1.0266 1.0349 1.0041 1.0073 1.049 1.011 1.0364 1.0195 
1.0174 1.0415 1.0019 1.0331 1.001 1.0245 1.0014 1.0389 1.0003 1.0087 1.0436 1.0297 1.0477 1.0342 1.0024 1.0013 1.0182 1.0191 1.0472 1.0022 1.0016 1.0042 1.037 1.0101 1.0205 
1.0417 1.0348 1.0468 1.0113 1.0334 1.0467 1.0406 1.02 1.0113 1.0143 1.0305 1.0164 1.027 1.0444 1.0394 1.0325 1.0206 1.0489 1.0059 1.0263 1.0403 1.0058 1.0224 1.0224 1.0489 
1.0011 1.0458 1.0051 1.0354 1.0156 1.0159 1.0312 1.0046 1.0477 1.0349 1.0049 1.0475 1.025 1.0015 1.0456 1.035 1.0359 1.0001 1.0309 1.0343 1.044 1.0456 1.0027 1.0382 1.0053 
1.0105 1.0406 1.0418 1.0448 1.0205 1.0128 1.0294 1.0023 1.0145 1.0205 1.0158 1.0387 1.0462 1.0447 1.0115 1.0481 1.0019 1.0417 1.0134 1.0336 1.011 1.037 1.0338 1.0295 1.0301 
1.0461 1.034 1.0261 1.0254 1.0492 1.035 1.0182 1.0425 1.0474 1.0463 1.0244 1.0116 1.0498 1.0254 1.0486 1.0263 1.0129 1.0225 1.0171 1.0413 1.0321 1.0144 1.0491 1.031 1.0307 
1.0202 1.0009 1.0227 1.0453 1.0392 1.0088 1.0451 1.014 1.0428 1.0327 1.0148 1.0261 1.0183 1.005 1.0265 1.0343 1.0477 1.0232 1.0405 1.0057 1.0388 1.023 1.0092 1.0444 1.0352 
1.0009 1.0131 1.0303 1.0062 1.0415 1.019 1.0309 1.0328 1.025 1.0154 1.0374 1.004 1.0185 1.0497 1.0334 1.0067 1.0255 1.0017 1.0494 1.0396 1.0337 1.0011 1.0089 1.0085 1.0355 
1.0164 1.0114 1.0161 1.009 1.0476 1.0274 1.0358 1.0364 1.0418 1.0309 1.0437 1.0205 1.0424 1.002 1.0184 1.0465 1.0359 1.0386 1.0415 1.0114 1.0082 1.0034 1.0206 1.0356 1.0387 
1.0435 1.0146 1.0033 1.011 1.0059 1.0274 1.0217 1.0237 1.0133 1.014 1.0482 1.0359 1.0479 1.0124 1.0129 1.0093 1.0179 1.0244 1.0126 1.041 1.0272 1.0233 1.0492 1.0258 1.0126 
1.0289 1.018 1.0217 1.047 1.0085 1.0066 1.0069 1.0484 1.0193 1.0176 1.0341 1.0302 1.0449 1.0351 1.0416 1.043 1.0106 1.0403 1.0017 1.0155 1.0018 1.0355 1.0156 1.0104 1.01 
1.0289 1.0309 1.0132 1.0196 1.0095 1.0019 1.0089 1.0377 1.0266 1.0212 1.0372 1.0468 1.0321 1.0251 1.0392 1.0008 1.0381 1.0086 1.0174 1.0146 1.002 1.0441 1.0173 1.0407 1.0356 
1.0327 1.0169 1.0431 1.029 1.0287 1.013 1.0028 1.0046 1.0454 1.0406 1.0084 1.0197 1.0491 1.0154 1.0232 1.03 1.0206 1.0208 1.0141 1.0182 1.0409 1.0497 1.0167 1.0077 1.0056 
1.0195 1.0352 1.0381 1.0269 1.0185 1.0102 1.0158 1.0459 1.009 1.0012 1.011 1.0186 1.0455 1.0461 1.0098 1.0203 1.04 1.013 1.0454 1.0004 1.0052 1.0117 1.0254 1.0207 1.0452 
1.0151 1.044 1.0163 1.0289 1.0192 1.0199 1.0027 1.0193 1.0347 1.0248 1.0338 1.0108 1.0355 1.0471 1.0491 1.0259 1.0004 1.0152 1.0466 1.0328 1.0167 1.0188 1.0285 1.0427 1.0161 
1.0146 1.0072 1.0368 1.0169 1.0413 1.0287 1.0275 1.01 1.0244 1.0386 1.0381 1.0436 1.0263 1.0411 1.0195 1.0205 1.0403 1.0038 1.0004 1.0007 1.0469 1.0257 1.0249 1.0336 1.0215 
1.0489 1.0457 1.0161 1.0104 1.0225 1.0499 1.0494 1.0018 1.0421 1.0074 1.0395 1.014 1.0118 1.0388 1.0081 1.024 1.0164 1.0468 1.0202 1.0365 1.0148 1.0002 1.0483 1.0286 1.0435 
1.0022 1.0306 1.0403 1.0231 1.0375 1.0263 1.026 1.03 1.0329 1.0028 1.0447 1.0182 1.0167 1.0469 1.0205 1.0033 1.003 1.0481 1.0308 1.0204 1.0472 1.0245 1.0238 1.0034 1.0172 
1.0196 1.0146 1.0314 1.0382 1.0304 1.0031 1.0119 1.0161 1.0371 1.007 1.0215 1.0184 1.0066 1.0405 1.0159 1.009 1.0295 1.0128 1.0111 1.0221 1.0181 1.0343 1.0298 1.0412 1.0284 
1.0136 1.0381 1.0479 1.0196 1.0206 1.0213 1.0159 1.0462 1.0485 1.0282 1.0107 1.0041 1.0436 1.0088 1.0311 1.0463 1.0309 1.0311 1.0227 1.0013 1.0236 1.0311 1.027 1.0095 1.0103 
1.007 1.0147 1.0054 1.0425 1.0094 1.0283 1.0002 1.0352 1.005 1.0293 1.0404 1.0307 1.0435 1.0254 1.0025 1.0183 1.029 1.0185 1.0329 1.0261 1.006 1.0246 1.0286 1.004 1.0254 
1.0061 1.0163 1.0265 1.041 1.0218 1.0271 1.0141 1.0446 1.0206 1.0466 1.0405 1.0012 1.0365 1.0275 1.0032 1.0245 1.0105 1.0055 1.0132 1.035 1.0401 1.0245 1.0474 1.0375 1.0128 
1.0358 1.0388 1.0002 1.0059 1.0147 1.0228 1.0112 1.021 1.0368 1.0394 1.0134 1.0206 1.0236 1.0053 1.0495 1.043 1.0118 1.017 1.0091 1.0192 1.0114 1.0297 1.0031 1.0041 1.0361 
1.0436 1.0356 1.0128 1.0389 1.0248 1.0478 1.0183 1.0076 1.0435 1.0294 1.0266 1.003 1.038 1.0481 1.0202 1.0237 1.0261 1.0337 1.0322 1.0381 1.0231 1.0001 1.0015 1.0205 1.0029 
1.0089 1.0189 1.0208 1.031 1.0377 1.0031 1.0327 1.0432 1.0035 1.0155 1.017 1.0133 1.0029 1.0335 1.0456 1.0177 1.0067 1.0199 1.006 1.0316 1.0361 1.03 1.0134 1.0394 1.0057 
1.0309 1.0203 1.0075 1.0152 1.0232 1.0245 1.0224 1.0209 1.0399 1.0116 1.0279 1.0009 1.044 1.048 1.0266 1.0413 1.0213 1.0135 1.0335 1.0133 1.0072 1.0226 1.0319 1.0367 1.0346 
1.0233 1.0168 1.0316 1.0006 1.025 1.0247 1.0117 1.0264 1.0338 1.0102 1.0396 1.0055 1.021 1.0154 1.0139 1.0452 1.0307 1.0261 1.0061 1.0172 1.0105 1.0206 1.004 1.0495 1.0277 
1.0144 1.0423 1.035 1.0405 1.0492 1.0221 1.0046 1.0488 1.0113 1.0474 1.0358 1.023 1.0242 1.0253 1.0135 1.0097 1.0335 1.0317 1.019 1.0133 1.022 1.0283 1.0166 1.0157 1.0087 
1.046 1.033 1.001 1.0018 1.0107 1.0009 1.0459 1.0088 1.0166 1.0164 1.0038 1.0256 1.041 1.0493 1.0406 1.0406 1.0063 1.0061 1.0278 1.019 1.038 1.0026 1.0164 1.0111 1.0331 
1.035 1.007 1.0141 1.0457 1.0142 1.0449 1.0365 1.0233 1.0292 1.0294 1.0132 1.0058 1.0383 1.0222 1.0309 1.0157 1.0176 1.0461 1.0099 1.0356 1.0265 1.017 1.0312 1.0411 1.0127 
1.0157 1.0368 1.0204 1.0357 1.0401 1.0076 1.0186 1.0251 1.0368 1.0173 1.023 1.0404 1.0304 1.0052 1.0474 1.04 1.0314 1.0367 1.0053 1.0133 1.021 1.0461 1.033 1.0388 1.0228 
1.0474 1.0004 1.0062 1.0409 1.0441 1.0178 1.0268 1.0083 1.0443 1.034 1.0204 1.0306 1.0192 1.0194 1.0076 1.0095 1.016 1.0152 1.0328 1.0321 1.0414 1.0142 1.0039 1.0485 1.0008 
1.0164 1.0126 1.001 1.0311 1.018 1.0201 1.0458 1.0456 1.0442 1.0438 1.0391 1.0183 1.0089 1.0235 1.0333 1.0279 1.0352 1.0494 1.0019 1.0231 1.0036 1.0015 1.0149 1.0215 1.042 
1.041 1.0205 1.023 1.0029 1.0257 1.0176 1.0034 1.0483 1.012 1.0082 1.01 1.0035 1.0091 1.0057 1.0085 1.0047 1.0064 1.0023 1.0238 1.0234 1.0445 1.0207 1.0204 1.0057 1.0276 
1.0321 1.0472 1.0222 1.0258 1.0412 1.0073 1.0482 1.0229 1.0067 1.0121 1.0223 1.041 1.0083 1.0049 1.0282 1.0453 1.0296 1.0451 1.0323 1.0429 1.0422 1.0098 1.0337 1.0499 1.0121 
1.0385 1.0003 1.039 1.0296 1.0171 1.0217 1.0218 1.0399 1.0043 1.0062 1.0466 1.006 1.0398 1.0271 1.0058 1.0392 1.0489 1.0448 1.0089 1.0425 1.0389 1.0281 1.0354 1.0425 1.0496 
1.0304 1.0433 1.0472 1.0354 1.0317 1.012 1.0375 1.018 1.015 1.0262 1.0413 1.0095 1.0277 1.0108 1.0118 1.0116 1.0266 1.0303 1.0026 1.0051 1.0361 1.0449 1.0375 1.0313 1.0492 
1.0087 1.0178 1.0051 1.0221 1.017 1.012 1.0179 1.0302 1.0481 1.0187 1.0445 1.0244 1.0227 1.0414 1.0223 1.0265 1.0489 1.043 1.0053 1.0433 1.0354 1.0446 1.0175 1.0308 1.0436 
1.0033 1.0087 1.035 1.0146 1.0049 1.0082 1.0243 1.0236 1.0344 1.0458 1.0216 1.0335 1.0435 1.0025 1.0009 1.0262 1.0269 1.0356 1.0017 1.0472 1.0477 1.0462 1.0498 1.0271 1.0009 
1.0315 1.0062 1.0447 1.0258 1.0249 1.0331 1.0271 1.033 1.0454 1.0281 1.0441 1.0122 1.0166 1.0385 1.0068 1.0444 1.0462 1.0403 1.0471 1.0102 1.0297 1.0181 1.0128 1.0476 1.0034 
1.0055 1.009 1.0474 1.0354 1.0139 1.0007 1.0305 1.0083 1.0022 1.0036 1.0375 1.041 1.047 1.0178 1.0421 1.0065 1.0377 1.0317 1.0441 1.0411 1.047 1.0155 1.0297 1.0344 1.0367 
1.0483 1.0458 1.0144 1.0443 1.0007 1.0092 1.0087 1.0424 1.0243 1.0457 1.0203 1.0235 1.0138 1.0492 1.0217 1.039 1.0121 1.0452 1.0308 1.0499 1.0302 1.0101 1.0223 1.0384 1.0307 
1.0263 1.0009 1.0151 1.0269 1.0204 1.0079 1.0138 1.0199 1.0283 1.022 1.0445 1.049 1.0158 1.032 1.0475 1.0405 1.0119 1.0319 1.0006 1.0072 1.0039 1.0039 1.0423 1.009 1.0054 
1.0141 1.0057 1.0023 1.0155 1.0196 1.0189 1.0367 1.0483 1.0463 1.0142 1.0185 1.0032 1.0071 1.0002 1.0031 1.046 1.0263 1.0476 1.0479 1.0005 1.0428 1.0204 1.0441 1.006 1.0132 
1.0432 1.0453 1.0437 1.0035 1.036 1.0147 1.0457 1.0148 1.0044 1.0189 1.0462 1.018 1.0164 1.0269 1.0406 1.0053 1.0224 1.0184 1.0131 1.0117 1.0385 1.0279 1.005 1.0017 1.0389 
1.0072 1.0491 1.0071 1.0358 1.0066 1.0287 1.0041 1.0361 1.016 1.0167 1.0349 1.0388 1.0152 1.0004 1.0382 1.0264 1.0188 1.0087 1.0032 1.0433 1.0441 1.0243 1.0371 1.0314 1.0282 
1.0413 1.0244 1.0237 1.013 1.002 1.034 1.0134 1.0374 1.0189 1.0337 1.0403 1.0422 1.018 1.0331 1.0241 1.0347 1.0304 1.0355 1.0413 1.0352 1.0483 1.0474 1.0317 1.0107 1.0422 
1.0035 1.03 1.0395 1.0043 1.009 1.039 1.0231 1.0047 1.0372 1.0185 1.0321 1.0443 1.037 1.0497 1.026 1.0041 1.0475 1.0214 1.0428 1.0297 1.006 1.0084 1.0132 1.0377 1.0287 
1.0054 1.0044 1.0055 1.0064 1.0403 1.0039 1.015 1.0438 1.0481 1.0298 1.0102 1.0424 1.0498 1.0287 1.0225 1.0118 1.0305 1.028 1.0334 1.0287 1.0324 1.004 1.0439 1.0196 1.0419 
1.0427 1.0063 1.0067 1.0002 1.014 1.0205 1.0376 1.0147 1.0216 1.0324 1.0372 1.0054 1.0312 1.0407 1.038 1.0248 1.0171 1.0015 1.01 1.0049 1.0173 1.0394 1.0292 1.0461 1.0019 
1.0082 1.0081 1.0333 1.0292 1.0067 1.0337 1.0363 1.0152 1.0353 1.0033 1.0439 1.0231 1.0169 1.0247 1.0476 1.0172 1.0229 1.0431 1.0134 1.0026 1.0426 1.0197 1.0017 1.0386 1.0358 
1.0223 1.0018 1.0386 1.0295 1.0101 1.0357 1.0134 1.0251 1.0058 1.0071 1.0369 1.04 1.0465 1.0068 1.0115 1.0373 1.0152 1.0172 1.0268 1.0101 1.0219 1.0041 1.0371 1.0155 1.0048 
1.0108 1.0248 1.0159 1.0153 1.0188 1.0435 1.0045 1.0143 1.0483 1.0158 1.0459 1.0174 1.0021 1.0412 1.0276 1.0065 1.0382 1.0324 1.0438 1.0308 1.0311 1.0287 1.0275 1.0499 1.0307 
1.0085 1.0196 1.0272 1.0058 1.0091 1.0357 1.0147 1.027 1.0284 1.0117 1.0441 1.011 1.0429 1.0429 1.0055 1.0083 1.0189 1.0407 1.0145 1.0125 1.0459 1.0233 1.0031 1.0246 1.021 
1.0402 1.029 1.0012 1.0458 1.0084 1.0354 1.0285 1.0284 1.0102 1.035 1.0423 1.0262 1.0036 1.0125 1.0482 1.044 1.0069 1.018 1.0113 1.0138 1.0473 1.0164 1.0094 1.0451 1.0451 
1.0233 1.0057 1.0497 1.0144 1.0159 1.0439 1.009 1.0108 1.046 1.038 1.0034 1 1.0382 1.0415 1.017 1.0261 1.0022 1.0052 1.0205 1.0228 1.0225 1.047 1.0261 1.0307 1.0186 
1.021 1.0376 1.0346 1.0289 1.0088 1.0383 1.0426 1.0159 1.0457 1.0139 1.013 1.0465 1.0373 1.0258 1.0091 1.0365 1.0301 1.008 1.0094 1.0254 1.0067 1.0087 1.0403 1.0355 1.0005 
1.0288 1.0144 1.0271 1.0028 1.0295 1.0145 1.0436 1.0398 1.0384 1.0059 1.049 1.0201 1.0199 1.0424 1.0265 1.0145 1.008 1.0226 1.0277 1.0488 1.0248 1.0216 1.0213 1.0345 1.0476 
1.0347 1.0454 1.0411 1.0115 1.0248 1.0042 1.0362 1.007 1.0405 1.0328 1.0046 1.0058 1.0426 1.0101 1.0387 1.0486 1.0026 1.0175 1.0205 1.0077 1.0098 1.0129 1.039 1.0174 1.037 
1.0468 1.0092 1.0326 1.003 1.0337 1.033 1.0222 1.0146 1.0315 1.0286 1.0265 1.0345 1.0469 1.0384 1.0161 1.0038 1.0343 1.025 1.0337 1.028 1.0245 1.0339 1.0393 1.0108 1.0297 
1.0437 1.0434 1.032 1.0219 1.0442 1.0355 1.041 1.0221 1.0093 1.0265 1.0214 1.0336 1.0026 1.0241 1.002 1.0408 1.0059 1.0395 1.0461 1.0454 1.0277 1.0091 1.0175 1.0236 1.0427 
1.0157 1.0096 1.0165 1.0361 1.0171 1.0268 1.0119 1.0295 1.0458 1.0289 1.0197 1.0002 1.0448 1.0299 1.0033 1.0195 1.034 1.0131 1.0434 1.0148 1.0275 1.0136 1.0421 1.0432 1.0487 
1.0157 1.0009 1.0003 1.0245 1.0394 1.0044 1.0232 1.001 1.0017 1.0316 1.0044 1.0002 1.0146 1.0182 1.0084 1.0036 1.0194 1.0389 1.0255 1.0397 1.0469 1.0442 1.0471 1.0297 1.0242 
1.0284 1.0164 1.045 1.0339 1.0282 1.0472 1.037 1.0285 1.0072 1.02 1.0091 1.0141 1.0078 1.0155 1.0392 1.048 1.0046 1.043 1.0459 1.0488 1.0372 1.01 1.0097 1.0015 1.0351 
1.0063 1.0498 1.0151 1.0035 1.0055 1.0382 1.0459 1 1.0185 1.0479 1.0077 1.0268 1.0043 1.0304 1.0184 1.0477 1.0494 1.0253 1.0272 1.023 1.0479 1.0071 1.0444 1.0204 1.0274 
1.043 1.0479 1.0087 1.0312 1.0038 1.0255 1.0493 1.0276 1.0435 1.029 1.0473 1.0453 1.0348 1.0253 1.0361 1.0113 1.0498 1.0241 1.0466 1.0145 1.0284 1.0255 1.0288 1.0419 1.0206 
1.0284 1.04 1.0392 1.0015 1.0162 1.0492 1.0048 1.0227 1.045 1.0303 1.0214 1.0489 1.0406 1.0229 1.0457 1.0207 1.0237 1.0466 1.0195 1.0415 1.0156 1.03 1.0491 1.0458 1.0328 
1.0241 1.0074 1.0116 1.0153 1.0459 1.0033 1.0315 1.0081 1.0337 1.011 1.0463 1.0373 1.0117 1.0172 1.0013 1.0367 1.0074 1.0404 1.0086 1.0021 1.0327 1.0082 1.0007 1.0181 1.0264 
1.0487 1.0039 1.0386 1.0451 1.0347 1.0201 1.0045 1.0036 1.0226 1.0034 1.0291 1.0144 1.0303 1.026 1.0474 1.0332 1.0217 1.0356 1.011 1.0172 1.0282 1.0306 1.0338 1.0198 1.0077 
1.0435 1.0444 1.0053 1.0146 1.0343 1.0253 1.0434 1.0023 1.0216 1.002 1.0409 1.0461 1.0453 1.0169 1.0303 1.0329 1.0011 1.014 1.0422 1.0217 1.0145 1.0147 1.049 1.0362 1.0174 
1.0429 1.0415 1.0498 1.0472 1.038 1.0087 1.026 1.0446 1.047 1.0337 1.0327 1.0343 1.0262 1.0349 1.0405 1.0141 1.0129 1.0395 1.049 1.0259 1.0187 1.0378 1.0443 1.0059 1.0161 
1.0302 1.0407 1.0158 1.0462 1.0422 1.0291 1.0133 1.0141 1.0333 1.012 1.0304 1.0185 1.0427 1.0315 1.0429 1.026 1.0498 1.0016 1.0255 1.0084 1.0431 1.0296 1.0247 1.0499 1.0091 
1.0144 1.0087 1.0228 1.007 1.0497 1.0157 1.0374 1.0451 1.0257 1.0107 1.0149 1.0356 1.0085 1.0417 1.0119 1.0038 1.0397 1.0142 1.028 1.022 1.0433 1.0498 1.0157 1.0321 1.0321 
1.025 1.0306 1.018 1.0424 1.0006 1.005 1.0343 1.0012 1.0221 1.0023 1.0034 1.0213 1.0255 1.0018 1.0269 1.0367 1.0187 1.0348 1.0296 1.0156 1.0213 1.0222 1.0107 1.0327 1.0017 
1.0138 1.0241 1.0406 1.0274 1.0334 1.0284 1.0066 1.0014 1.0388 1.0102 1.0152 1.009 1.0387 1.0191 1.0202 1.01 1.0249 1.0238 1.0148 1.0339 1.043 1.028 1.0017 1.0179 1.0376 
1.0059 1.0017 1.0446 1.0335 1.0043 1.0127 1.0243 1.0138 1.0383 1.0322 1.004 1.0255 1.0494 1.0255 1.0421 1.0467 1.0055 1.0374 1.0175 1.0406 1.0101 1.0003 1.0017 1.0222 1.0427 
1.0495 1.0098 1.0397 1.0473 1.0471 1.0019 1.0384 1.0004 1.001 1.0312 1.0401 1.0279 1.0158 1.009 1.0265 1.0045 1.0173 1.0426 1.0335 1.0284 1.0413 1.0468 1.0283 1.017 1.0117 
1.0172 1.033 1.0203 1.0185 1.0384 1.0129 1.0192 1.024 1.026 1.0036 1.0263 1.0441 1.0495 1.0005 1.0035 1.0277 1.0439 1.0353 1.0173 1.0298 1.0379 1.0447 1.0439 1.0211 1.0222 
1.0318 1.0152 1.0206 1.0466 1.002 1.016 1.0206 1.0498 1.0068 1.0089 1.047 1.0465 1.0103 1.0365 1.0205 1.0217 1.0218 1.0459 1.0356 1.0211 1.0207 1.0173 1.0128 1.0263 1.0415 
1.0247 1.0145 1.0318 1.0215 1.0089 1.0092 1.0493 1.0473 1.0021 1.0055 1.0385 1.0233 1.0011 1.0331 1.0073 1.0391 1.0241 1.0024 1.018 1.0111 1.0127 1.0309 1.0436 1.0304 1.0099 
1.0126 1.0498 1.0365 1.0409 1.0369 1.0187 1.0298 1.0485 1.0473 1.0002 1.0045 1.0064 1.0268 1.0039 1.0324 1.0243 1.0329 1.0311 1.0118 1.0025 1.0249 1.0249 1.0256 1.0341 1.0001 
1.0265 1.0102 1.0237 1.0071 1.0087 1.0482 1.0117 1.0076 1.0433 1.0264 1.0083 1.0439 1.0316 1.031 1.0261 1.0008 1.0345 1.0018 1.0243 1.0023 1.0164 1.015 1.0099 1.011 1.0417 
1.0048 1.035 1.0316 1.0454 1.0482 1.0033 1 1.0111 1.0091 1.0195 1.0077 1.034 1.0195 1.0141 1.0015 1.0052 1.0363 1.0347 1.0378 1.0331 1.0212 1.0417 1.0493 1.0449 1.0158 
1.0318 1.001 1.0407 1.0292 1.0064 1.0432 1.0031 1.0267 1.0373 1.022 1.0315 1.0342 1.0315 1.0069 1.0195 1.0307 1.035 1.0242 1.0336 1.0375 1.0225 1.0001 1.0475 1.0459 1.0398 
1.0022 1.0074 1.0056 1.022 1.0316 1.0199 1.036 1.0026 1.0443 1.0278 1.0345 1.0274 1.0077 1.0065 1.0462 1.033 1.0482 1.043 1.04 1.0189 1.0007 1.0149 1.0082 1.0325 1.0082 
1.0255 1.0016 1.0355 1.024 1.0406 1.006 1.0207 1.0306 1.0161 1.0454 1.0331 1.0385 1.0439 1.0161 1.0414 1.0371 1.0323 1.043 1.0062 1.0475 1.0087 1.0389 1.0233 1.0452 1.0165 
1.0279 1.0278 1.0296 1.0457 1.0155 1.0092 1.0213 1.0208 1.0399 1.0443 1.0419 1.0241 1.0277 1.0363 1.0268 1.0482 1.0236 1.0141 1.0019 1.0293 1.0005 1.0343 1.0443 1.0291 1.0423 
1.0187 1.0072 1.048 1.0286 1.0443 1.0316 1.0393 1.0091 1.0439 1.0131 1.0223 1.0443 1.0399 1.0279 1.0349 1.0031 1.0095 1.0477 1.0423 1.0398 1.0461 1.0008 1.0355 1.0297 1.0434 
1.0024 1.0076 1.0011 1.0179 1.037 1.0202 1.0027 1.0069 1.023 1.0285 1.0491 1.0059 1.0124 1.0222 1.0206 1.0419 1.0156 1.0366 1.0233 1.0039 1.0096 1.0296 1.0241 1.0313 1 
1.0285 1.0316 1.0177 1.0492 1.0141 1.0283 1.0422 1.0188 1.0153 1.0135 1.0176 1.0231 1.0311 1.0167 1.0093 1.0328 1.0162 1.0252 1.0029 1.0494 1.0459 1.0317 1.0162 1.0499 1.0267 
1.0454 1.0383 1.024 1.0174 1.0316 1.0328 1.0323 1.0047 1.0403 1.0195 1.0485 1.0436 1.0134 1.0014 1.0209 1.0313 1.0046 1.0057 1.0404 1.0076 1.0058 1.0265 1.0426 1.0355 1.0458 
1.0113 1.0105 1.0454 1.0343 1.004 1.0004 1.0354 1.0209 1.0348 1.0423 1.0343 1.0402 1.0497 1.0498 1.0281 1.0098 1.0316 1.0119 1.0304 1.0048 1.0313 1.0272 1.0426 1.0284 1.0163 
1.04 1.0259 1.0441 1.0328 1.0496 1.0496 1.0173 1.0116 1.0005 1.0289 1.0026 1.0086 1.0196 1.0443 1.0475 1.0392 1.0154 1.0166 1.0099 1.0139 1.0257 1.0178 1.0018 1.0347 1.009 
1.0081 1.0242 1.0316 1.0277 1.0484 1.0028 1.0109 1.0294 1.0325 1.0311 1.0447 1.0066 1.0104 1.01 1.0386 1.0073 1.0285 1.0062 1.0295 1.0313 1.047 1.0404 1.0057 1.0039 1.0477 
1.0301 1.027 1.0316 1.0284 1.0454 1.0445 1.0195 1.0302 1.0463 1.0481 1.034 1.0137 1.0367 1.0323 1.046 1.0242 1.0225 1.0184 1.0308 1.0017 1.0047 1.0313 1.0023 1.0462 1.0244 
1.0323 1.0348 1.049 1.0287 1.0391 1.0055 1.0378 1.0457 1.003 1.0107 1.0029 1.0071 1.004 1.006 1.0312 1.0244 1.0162 1.0026 1.0079 1.0028 1.0278 1.0405 1.0214 1.0226 1.033 
1.0378 1.0493 1.0267 1.0371 1.013 1.0415 1.0084 1.0255 1.0206 1.0413 1.0288 1.0056 1.0243 1.0174 1.0473 1.0024 1.0242 1.0198 1.0405 1.011 1.0415 1.0119 1.038 1.0175 1.0345 
1.0431 1.0148 1.0024 1.0469 1.0448 1.0419 1.0033 1.038 1.0341 1.042 1.0343 1.0038 1.0174 1.0153 1.0102 1.0005 1.0033 1.0248 1.0494 1.0437 1.0477 1.0349 1.0051 1.0085 1.0195 
1.0203 1.0211 1.0014 1.0039 1.0417 1.0494 1.0063 1.0433 1.027 1.016 1.0056 1.0389 1.0128 1.0442 1.0403 1.0328 1.027 1.0058 1.0223 1.0037 1.028 1.0072 1.0387 1.0499 1.0415 
1.0189 1.0111 1.0331 1.0073 1.0072 1.0413 1.0311 1.0049 1.0173 1.0287 1.0088 1.0463 1.0025 1.0122 1.0373 1.0079 1.0055 1.017 1.0486 1.0004 1.0364 1.0213 1.0004 1.0024 1.0118 
1.0457 1.0237 1.0048 1.0034 1.0366 1.031 1.014 1.0167 1.0068 1.0283 1.0156 1.0205 1.0288 1.0424 1.0241 1.0446 1.0188 1.0053 1.0383 1.0136 1.0416 1.0499 1.0131 1.0431 1.0148 
1.0153 1.0188 1.0268 1.0063 1.0071 1.0262 1.0209 1.0417 1.035 1.037 1.0319 1.048 1.0392 1.022 1.0306 1.0443 1.0387 1.0134 1.0036 1.0383 1.0296 1.014 1.0449 1.0275 1.0192 
1.0333 1.0085 1.0356 1.0338 1.0425 1.0015 1.0156 1.0042 1.0111 1.0048 1.0422 1.0122 1.0437 1.0327 1.0305 1.0348 1.0109 1.0115 1.0444 1.0215 1.0091 1.0026 1.017 1.0197 1.0068 
1.0077 1.0427 1.0312 1.0093 1.0219 1.0203 1.0263 1.0188 1.0062 1.0229 1.038 1.0334 1.0151 1.0463 1.0347 1.0462 1.0334 1.0436 1.0065 1.0481 1.0279 1.0194 1.001 1.0458 1.0147 
1.0457 1.0408 1.0292 1.0253 1.0084 1.0006 1.0042 1.0498 1.029 1.0476 1.0046 1.0067 1.0424 1.0031 1.0153 1.0218 1.0113 1.0123 1.0101 1.0192 1.0402 1.0226 1.0488 1.011 1.0007 
1.0464 1.0125 1.0381 1.0489 1.0085 1.0365 1.0458 1.0169 1.0219 1.0075 1.0033 1.0049 1.0305 1.0431 1.0133 1.033 1.0108 1.0355 1.0117 1.0026 1.0459 1.0455 1.0098 1.0495 1.0028 
1.0451 1.0301 1.0403 1.004 1.0158 1.009 1.0445 1.0235 1.0081 1.0065 1.0388 1.029 1.0301 1.036 1.0175 1.048 1.0065 1.0417 1.0297 1.0396 1.01 1.0314 1.0386 1.0487 1.0249 
1.0306 1.0393 1.0321 1.0043 1.0209 1.0115 1.037 1.0407 1.0222 1.0499 1.0225 1 1.0152 1.0084 1.0413 1.0435 1.0272 1.0229 1.011 1.0495 1.029 1.0323 1.0447 1.0026 1.0306 
1.0392 1.0009 1.0204 1.0495 1.0245 1.0406 1.04 1.0344 1.0277 1.0319 1.0424 1.0451 1.0125 1.0047 1.0474 1.044 1.0019 1.0113 1.0065 1.0099 1.0399 1.0423 1.0373 1.0253 1.0178 
1.0272 1.0234 1.0378 1.0373 1.0191 1.0361 1.0106 1.023 1.0418 1.0192 1.0294 1.0109 1.0117 1.0119 1.0293 1.0494 1.0162 1.0167 1.0421 1.0161 1.0109 1.026 1.0322 1.0426 1.0112 
1.043 1.02 1.0154 1.0005 1.0295 1.034 1.0469 1.0271 1.0295 1.0454 1.0069 1.0406 1.0419 1.0308 1.0271 1.0361 1.0267 1.0094 1.0233 1.0188 1.009 1.0257 1.0192 1.0098 1.0292 
1.0177 1.0343 1.0157 1.0012 1.0012 1.0211 1.0097 1.039 1.0078 1.0489 1.0323 1.0206 1.0142 1.0433 1.0266 1.0013 1.0006 1.0139 1.0438 1.0383 1.0209 1.0111 1.0082 1.0122 1.01 
1.0481 1.0075 1.0139 1.0347 1.0387 1.0307 1.0378 1.0405 1.0471 1.0483 1.0422 1.0431 1.0272 1.0377 1.0106 1.0089 1.0332 1.0357 1.0053 1.0345 1.0465 1.0494 1.0445 1.0217 1.0224 
1.0219 1.0382 1.0155 1.0375 1.0063 1.0045 1.0283 1.0005 1.0318 1.0299 1.0291 1.016 1.0473 1.0262 1.0253 1.0329 1.0195 1.0288 1.0078 1.0264 1.0105 1.0189 1.0054 1.0255 1.001 
1.039 1.0416 1.0063 1.0123 1.0474 1.0431 1.0214 1.0071 1.0184 1.0301 1.0321 1.0251 1.0043 1.0007 1.0137 1.038 1.0445 1.0093 1.0153 1.0319 1.0107 1.0296 1.0114 1.0289 1.0079 
1.0265 1.0015 1.0094 1.0312 1.0379 1.0118 1.0236 1.0442 1.0396 1.009 1.0093 1.0241 1.042 1.045 1.0397 1.0196 1.0079 1.0274 1.0133 1.0417 1.0296 1.0157 1.0274 1.0123 1.0302 
1.0379 1.0234 1.003 1.027 1.0308 1.038 1.0142 1.0348 1.0345 1.0435 1.0402 1.0474 1.0157 1.0177 1.0311 1.0143 1.0206 1.0348 1.0374 1.0421 1.0453 1.0256 1.0466 1.027 1.0391 
1.0166 1.0222 1.0407 1.0097 1.0204 1.0021 1.0045 1.0183 1.0182 1.0206 1.0339 1.0041 1.0169 1.0263 1.0228 1.0246 1.0451 1.0412 1.0139 1.0128 1.0294 1.0273 1.002 1.0135 1.0031 
1.0328 1.0329 1.0261 1.0293 1.022 1.0429 1.0158 1.0274 1.0075 1.0487 1.017 1.0422 1.0468 1.0494 1.0239 1.0291 1.0068 1.04 1.0423 1.028 1.0066 1.0384 1.047 1.0469 1.0086 
1.0405 1.0235 1.0166 1.0476 1.024 1.0005 1.006 1.0316 1.0432 1.0328 1.004 1.0051 1.0156 1.0165 1.0421 1.0079 1.0112 1.0302 1.0336 1.0468 1.0366 1.0057 1.0497 1.0108 1.0204 
1.0052 1.0421 1.0388 1.0341 1.0441 1.0054 1.0155 1.016 1.0363 1.0263 1.001 1.0289 1.024 1.0353 1.0037 1.0251 1.0356 1.0149 1.0466 1.0168 1.0063 1.027 1.0131 1.0055 1.037 
1.0473 1.0164 1.0456 1.0476 1.0435 1.0037 1.0235 1.0202 1.0152 1.0401 1.0398 1.0075 1.0006 1.018 1.0292 1.0414 1.0171 1.0306 1.0006 1.0096 1.0299 1.002 1.0233 1.0463 1.0123 
1.0142 1.0152 1.0407 1.0026 1.0382 1.0015 1.0235 1.0446 1.0305 1.0336 1.0167 1.0247 1.0395 1.0137 1.0367 1.042 1.0488 1.0471 1.0192 1.0361 1.0172 1.0314 1.0437 1.0063 1.0234 
1.0232 1.043 1.0021 1.028 1.0218 1.0016 1.0356 1.0098 1.0412 1.0479 1.0326 1.0277 1.0353 1.0471 1.0292 1.035 1.0159 1.044 1.0307 1.0444 1.0483 1.0022 1.0294 1.037 1.0448 
1.0177 1.0158 1.024 1.0201 1.0269 1.0267 1.0307 1.0393 1.016 1.0417 1.0358 1.0011 1.0062 1.0322 1.0292 1.0028 1.0498 1.0344 1.0284 1.0391 1.0068 1.0092 1.0132 1.0351 1.0094 
1.0264 1.0269 1.0041 1.0054 1.0463 1.0478 1.037 1.0476 1.0443 1.0443 1.0089 1.012 1.0195 1.0176 1.0456 1.0075 1.0349 1.0086 1.0075 1.0403 1.0386 1.0324 1.0393 1.0444 1.0456 
1.0394 1.0347 1.03 1.0357 1.0123 1.0423 1.0369 1.0466 1.0449 1.0237 1.0141 1.0464 1.0349 1.0248 1.0175 1.0458 1.0206 1.0311 1.0224 1.0147 1.0401 1.0201 1.0028 1.0186 1.0051 
1.007 1.025 1.03 1.0204 1.0442 1.0433 1.0348 1.0088 1.04 1.0089 1.0446 1.0434 1.0192 1.0265 1.0032 1.0082 1.0429 1.0334 1.0192 1.0158 1.0442 1.0152 1.0256 1.0369 1.0358 
1.0492 1.0042 1.0416 1.0453 1.0201 1.0032 1.0134 1.0316 1.0067 1.0399 1.0309 1.0192 1.0413 1.0366 1.0173 1.0391 1.0338 1.0302 1.0121 1.0488 1.0382 1.0319 1.0292 1.0436 1.0437 
1.0462 1.0026 1.0089 1.0389 1.0053 1.0135 1.0186 1.0088 1.0153 1.0327 1.0347 1.0416 1.0227 1.047 1.033 1.0498 1.0141 1.0197 1.0202 1.036 1.0168 1.0178 1.0355 1.0434 1.0026 
1.0345 1.0486 1.0456 1.0152 1.0496 1.0203 1.0238 1.0405 1.0176 1.0172 1.0428 1.014 1.0428 1.0375 1.0319 1.0372 1.015 1.0331 1.0484 1.0382 1.0488 1.0287 1.0171 1.0368 1.0296 
1.0076 1.0422 1.0108 1.0459 1.0452 1.0179 1.007 1.0442 1.0406 1.0483 1.0393 1.0366 1.0404 1.0437 1.0042 1.0278 1.0451 1.0183 1.0475 1.0234 1.0006 1.0283 1.0479 1.0006 1.0398 
1.0388 1.0311 1.0103 1.0328 1.0162 1.0277 1.021 1.0462 1.0275 1.0046 1.0091 1.0111 1.0124 1.0274 1.0351 1.0281 1.0096 1.0106 1.0365 1.011 1.0255 1.0245 1.0333 1.0231 1.0397 
1.0052 1.0254 1.005 1.0487 1.0338 1.0458 1.035 1.041 1.0328 1.0292 1.0483 1.0264 1.0416 1.0181 1.0357 1.0196 1.0348 1.0478 1.0383 1.0269 1.0293 1.0225 1.0418 1.0257 1.0361 
1.0213 1.035 1.0286 1.0274 1.0059 1.0127 1.0145 1.0104 1.0291 1.0372 1.0155 1.0432 1.0212 1.0306 1.0429 1.029 1.0054 1.0482 1.0215 1.0488 1.0328 1.0032 1.0291 1.0344 1.0245 
1.0248 1.033 1.0477 1.0319 1.0474 1.0495 1.0228 1.0388 1.0318 1.0415 1.024 1.0044 1.0335 1.0301 1.0099 1.0095 1.0335 1.0227 1.0171 1.0073 1.0387 1.0389 1.0217 1.011 1.0249 
1.024 1.0051 1.0209 1.0035 1.0037 1.0372 1.0076 1.0382 1.0471 1.0452 1.0298 1.0343 1.0207 1.0249 1.0424 1.0365 1.0475 1.0377 1.0248 1.0095 1.014 1.0472 1.0014 1.0195 1.0091 
1.0009 1.0063 1.0335 1.0334 1.0168 1.0044 1.0367 1.028 1.0243 1.0489 1.0299 1.0439 1.0038 1.041 1.039 1.0305 1.0307 1.0234 1.0075 1.0083 1.0234 1.0381 1.0307 1.0208 1.0035 
1.0073 1.0156 1.0466 1.0201 1.0081 1.0136 1.0388 1.0023 1.0074 1.0165 1.0176 1.0209 1.0123 1.0348 1.0185 1.0129 1.0007 1.0227 1.0135 1.0151 1.0212 1.0071 1.0462 1.041 1.0338 
1.0422 1.0185 1.0231 1.0076 1.0389 1.0147 1.0455 1.0066 1.0149 1.0219 1.046 1.0192 1.0271 1.0436 1.048 1.0138 1.0438 1.0087 1.037 1.0444 1.04 1.0061 1.0089 1.0012 1.0071 
1.0331 1.0254 1.0469 1.0349 1.0487 1.0052 1.0462 1.0482 1.0403 1.0258 1.0312 1.0014 1.0201 1.0425 1.0373 1.0179 1.0367 1.0466 1.0462 1.0443 1.0004 1.043 1.0425 1.0061 1.0411 
1.0152 1.0358 1.0124 1.0226 1.0159 1.0355 1.0128 1.0062 1.0201 1.023 1.0381 1.0372 1.0111 1.0136 1.0205 1.0195 1.0334 1.0258 1.0014 1.0297 1.0192 1.0086 1.0232 1.0283 1.0367 
1.0032 1.0084 1.0113 1.0075 1.0018 1.0182 1.002 1.0363 1.0242 1.0118 1.045 1.0226 1.0333 1.0005 1.0463 1.0238 1.0495 1.025 1.0362 1.0385 1.0257 1.0011 1.0384 1.0482 1.0266 
1.0418 1.0078 1.0322 1.0207 1.0307 1.0365 1.0083 1.0101 1.0127 1.0425 1.0009 1.0439 1.0065 1.0387 1.0475 1.0227 1.0073 1.0179 1.0032 1.0113 1.0354 1.0236 1.0458 1.0359 1.0201 
1.0147 1.0455 1.0136 1.0166 1.009 1.0231 1.0247 1.0181 1.0102 1.0461 1.0069 1.0209 1.0382 1.0306 1.009 1.0163 1.0162 1.0369 1.0281 1.0483 1.0082 1.0035 1.0274 1.0442 1.0151 
1.0435 1.004 1.014 1.0216 1.0349 1.037 1.0404 1.0369 1.0093 1.0219 1.002 1.0068 1.0041 1.0406 1.0187 1.0408 1.0218 1.0223 1.0292 1.0435 1.0159 1.0246 1.0212 1.015 1.0258 
1.0347 1.0287 1.0242 1.0257 1.0063 1.0307 1.0209 1.0452 1.0062 1.0138 1.0267 1.0475 1.0174 1.0229 1.0114 1.0155 1.013 1.016 1.0104 1.018 1.0202 1.0248 1.0288 1.0481 1.0354 
1.0219 1.0418 1.0307 1.0306 1.0455 1.0275 1.0323 1.0045 1.0141 1.0104 1.0391 1.0297 1.0175 1.0253 1.0415 1.0302 1.0168 1.0353 1.0332 1.0132 1.0471 1.0492 1.0116 1.0098 1.0291 
1.0385 1.0383 1.0352 1.0337 1.041 1.0294 1.0489 1.0002 1.0401 1.015 1.003 1.0303 1.0063 1.0099 1.0229 1.0486 1.0234 1.0426 1.0009 1.0287 1.0363 1.0079 1.006 1.0326 1.0306 
1.0187 1.0171 1.0319 1.0022 1.0073 1.0063 1.0123 1.0359 1.0124 1.0364 1.0121 1.0498 1.032 1.0398 1.0126 1.0442 1.0288 1.0237 1.0292 1.026 1.0243 1.0353 1.0109 1.0034 1.0318 
1.0182 1.0006 1.0031 1.025 1.0474 1.0093 1.0254 1.0045 1.0432 1.046 1.0172 1.0243 1.0032 1.0219 1.0378 1.0377 1.0037 1.0233 1.0152 1.0077 1.0421 1.0458 1.0239 1.0361 1.0199 
1.0155 1.0129 1.0264 1.0049 1.0038 1.027 1.0294 1.0361 1.0392 1.0269 1.0386 1.0121 1.042 1.0425 1.0378 1.0158 1.0438 1.0429 1.0191 1.0225 1.0412 1.0091 1.0087 1.0391 1.0428 
1.0492 1.0199 1.0075 1.0374 1.0086 1.0244 1.0053 1.0087 1.031 1.0323 1.009 1.0418 1.0472 1.0319 1.0381 1.0201 1.0305 1.0336 1.0456 1.0108 1.0415 1.0466 1.0307 1.003 1.0427 
1.0376 1.0468 1.0352 1.0244 1.0237 1.0043 1.0426 1.0318 1.0211 1.0284 1.0062 1.0309 1.0282 1.0387 1.0408 1.0231 1.0171 1.0387 1.0168 1.0339 1.0326 1.0299 1.0118 1.0279 1.0264 
1.0373 1.0231 1.0081 1.0253 1.0131 1.017 1.0049 1.0105 1.0294 1.0498 1.015 1.0245 1.0293 1.0339 1.0414 1.0221 1.0111 1.0255 1.0135 1.0091 1.0349 1.017 1.0232 1.0174 1.003 
1.002 1.0367 1.0017 1.0267 1.0218 1.0316 1.049 1.0372 1.0483 1.0217 1.0222 1.0408 1.0493 1.0395 1.0073 1.031 1.0086 1.0258 1.0297 1.0304 1.028 1.0013 1.0492 1.0261 1.0301 
1.0088 1.0487 1.0341 1.0318 1.0137 1.0054 1.0208 1.025 1.0384 1.0332 1.0388 1.031 1.0254 1.0453 1.0094 1.0028 1.0344 1.0095 1.0167 1.0252 1.0246 1.0061 1.033 1.0433 1.0042 
1.0355 1.0461 1.0216 1.0025 1.0106 1.0345 1.025 1.0024 1.0326 1.0294 1.0223 1.045 1.0453 1.0059 1.0215 1.005 1.0181 1.0326 1.0092 1.0418 1.0178 1.0123 1.0144 1.0155 1.0058 
1.0002 1.0473 1.0364 1.0237 1.0042 1.0434 1.0115 1.0309 1.044 1.0079 1.0151 1.0297 1.0116 1.0308 1.0167 1.0431 1.0426 1.0222 1.0195 1.0332 1.0091 1.0046 1.0125 1.0243 1.0002 
1.0194 1.0277 1.0078 1.0146 1.0389 1.0136 1.034 1.0493 1.0035 1.0462 1.0157 1.0275 1.0225 1.0118 1.0092 1.0403 1.023 1.0468 1.0422 1.0002 1.0418 1.0269 1.0364 1.0214 1.031 
1.0041 1.027 1.022 1.0188 1.0469 1.0433 1.0164 1.0476 1.0085 1.0182 1.0028 1.0131 1.0109 1.01 1.028 1.0014 1.0236 1.0193 1.0265 1.0291 1.0094 1.0371 1.0113 1.0456 1.007 
1.0421 1.0302 1.0104 1.0254 1.0187 1.0389 1.0411 1.0138 1.0237 1.0268 1.0396 1.0238 1.0136 1.0243 1.042 1.0012 1.0377 1.004 1.0048 1.0029 1.0272 1.0454 1.0451 1.0295 1.0372 
1.0155 1.0159 1.0382 1.0016 1.028 1.0473 1.0235 1.0157 1.0456 1.0435 1.0038 1.0469 1.0011 1.0377 1.0159 1.0051 1.0166 1.047 1.0456 1.0276 1 1.0208 1.0441 1.0434 1.0327 
1.0366 1.0111 1.0058 1.0239 1.0045 1.0033 1.0343 1.023 1.0437 1.0388 1.0433 1.0177 1.0194 1.0222 1.0276 1.0313 1.0058 1.0209 1.0245 1.013 1.0257 1.0385 1.0422 1.0284 1.029 
1.0479 1.0208 1.0487 1.0179 1.0239 1.0476 1.0172 1.0353 1.0209 1.0095 1.0276 1.0388 1.0223 1.0071 1.0181 1.0242 1.0419 1.0499 1.0331 1.0422 1.0471 1.038 1.0397 1.0398 1.0116 
1.0289 1.0047 1.049 1.0114 1.0407 1.0403 1.0281 1.0496 1.0098 1.0475 1.0174 1.0188 1.0016 1.0036 1.0123 1.0006 1.0059 1.0301 1.0305 1.0158 1.0477 1.0305 1.0037 1.0311 1.0094 
1.0063 1.0157 1.0173 1.039 1.0103 1.0457 1.0241 1.0411 1.0361 1.048 1.0132 1.0153 1.0138 1.0142 1.0257 1.0272 1.0296 1.012 1.0355 1.0382 1.0287 1.0302 1.025 1.0094 1.0269 
1.0047 1.0309 1 1.0377 1.0294 1.0232 1.0102 1.0448 1.0364 1.0434 1.0346 1.0468 1.0017 1.0402 1.0357 1.0458 1.006 1.0365 1.0495 1.0317 1.0153 1.0383 1.0135 1.0307 1.0177 
1.022 1.0094 1.0396 1.0325 1.0057 1.008 1.0233 1.049 1.0131 1.0267 1.0242 1.0333 1.0254 1.0106 1.0355 1.0397 1.0377 1.014 1.0435 1.017 1.0477 1.0141 1.0482 1.0488 1.0263 
1.0316 1.0142 1.0139 1.0059 1.0023 1.0352 1.0202 1.0443 1.022 1.0012 1.0209 1.0339 1.0436 1.0196 1.0011 1.003 1.0489 1.0188 1.0019 1.0441 1.0232 1.0175 1.0043 1.027 1.0355 
1.0357 1.0318 1.0448 1.0283 1.0102 1.0187 1.0453 1.0425 1.0219 1.0271 1.0336 1.0044 1.0334 1.0173 1.0472 1.0483 1.019 1.0012 1.0144 1.0015 1.0455 1.0377 1.0357 1.0499 1.0142 
1.0259 1.0029 1.007 1.0021 1.0279 1.0401 1.0088 1.0226 1.0447 1.0357 1.0041 1.0242 1.027 1.0047 1.0179 1.026 1.0193 1.0061 1.0274 1.0182 1.0037 1.0399 1.0228 1.0359 1.0108 
1.0048 1.0209 1.0365 1.0284 1.0216 1.0285 1.0173 1.0274 1.0282 1.0181 1.0369 1.0015 1.0238 1.0396 1.0173 1.0281 1.0386 1.0137 1.0385 1.0051 1.0069 1.0123 1.0458 1.0434 1.0452 
1.006 1.0079 1.0431 1.0336 1.0383 1.0122 1.0377 1.0263 1.0342 1.0003 1.0357 1.0391 1.0383 1.0256 1.0094 1.0064 1.0165 1.0378 1.0086 1.0465 1.0381 1.0007 1.0426 1.001 1.0301 
1.0004 1.0465 1.0063 1.0124 1.034 1.0029 1.002 1.0487 1.0234 1.0389 1.0271 1.0264 1.0224 1.0046 1.0066 1.0046 1.0005 1.0182 1.0114 1.0484 1.0008 1.0261 1.0107 1.0357 1.0305 
1.0488 1.0215 1.0035 1.0175 1.0232 1.0037 1.0031 1.013 1.0449 1.0021 1.0432 1.0112 1.0094 1.0413 1.0339 1.0379 1.037 1.0017 1.0075 1.028 1.0155 1.0063 1.042 1.0262 1.0474 
1.0101 1.0402 1.0184 1.0199 1.0172 1.0295 1.0125 1.0182 1.037 1.0276 1.023 1.0126 1.0374 1.0028 1.0284 1.0062 1.0347 1.0153 1.0347 1.0021 1.0342 1.044 1.0037 1.0334 1.0492 
1.0103 1.0351 1.0288 1.0196 1.0034 1.0459 1.0174 1.0016 1.0067 1.0485 1.0071 1.0153 1.0285 1.0375 1.0055 1.0227 1.003 1.0167 1.0349 1.0031 1.0495 1.0278 1.0328 1.0233 1.0045 
1.0031 1.0283 1.0317 1.035 1.022 1.0062 1.0369 1.0026 1.0101 1.0306 1.0271 1.0494 1.0035 1.0388 1.0007 1.0032 1.0447 1.0121 1.0012 1.014 1.0346 1.0388 1.0067 1.0186 1.0391 
1.0416 1.0311 1.0142 1.0179 1.0199 1.0247 1.0185 1.0092 1.0395 1.0017 1.0364 1.0001 1.0369 1.0305 1.037 1.0369 1.0416 1.0394 1.0341 1.0455 1.0379 1.017 1.0165 1.0281 1.0405 
1.0039 1.014 1.0355 1.0155 1.0152 1.0449 1.0409 1.0191 1.0154 1.0411 1.0115 1.002 1.0013 1.0036 1.0026 1.0454 1.0382 1.0015 1.0208 1.0427 1.0402 1.0016 1.0136 1.0102 1.0035 
1.0422 1.0206 1.0375 1.0049 1.0025 1.0375 1.0255 1.0128 1.0068 1.0242 1.003 1.0392 1.0408 1.0406 1.0082 1.0297 1.0251 1.0472 1.0098 1.0032 1.0452 1.0039 1.0295 1.0453 1.0304 
1.0192 1.0105 1.0178 1.0267 1.0289 1.0429 1.0232 1.0019 1.0069 1.0265 1.0405 1.049 1.0491 1.0352 1.0002 1.0446 1.037 1.038 1.0481 1.001 1.0474 1.0006 1.0342 1.0078 1.0119 
1.0437 1.0054 1.0367 1.0214 1.0138 1.0404 1.0304 1.033 1.0234 1.0436 1.0013 1.0089 1.0468 1.0351 1.045 1.0079 1.0096 1.0212 1.0322 1.049 1.0152 1.0216 1.0064 1.0127 1.043 
1.0297 1.0317 1.0344 1.0226 1.019 1.0312 1.0259 1.0166 1.028 1.0339 1.0037 1.0211 1.044 1.0222 1.0022 1.0306 1.0391 1.0224 1.024 1.0407 1.013 1.0236 1.0297 1.0148 1.0432 
1.0406 1.0487 1.0385 1.016 1.0147 1.0194 1.0171 1.0395 1.0051 1.0121 1.0319 1.0109 1.0376 1.0077 1.0412 1.0395 1.0345 1.0136 1.0287 1.0365 1.0105 1.0191 1.0438 1.0477 1.0298 
1.0049 1.0442 1.01 1.0437 1.0039 1.0326 1.0435 1.0478 1.016 1.0169 1.0321 1.0459 1.0471 1.0451 1.0083 1.0478 1.0352 1.0135 1.0432 1.0164 1.0056 1.0159 1.0029 1.0148 1.0049 
1.0253 1.0352 1.0164 1.0053 1.0281 1.0341 1.0212 1 1.035 1.0161 1.0045 1.0448 1.0265 1.0347 1.0126 1.0365 1.0091 1.0251 1.0232 1.0454 1.0119 1.0117 1.0291 1.019 1.034 
1.0357 1.0338 1.043 1.0124 1.0496 1.0431 1.0181 1.0469 1.0099 1.042 1.0045 1.0075 1.0115 1.0069 1.045 1.0182 1.0277 1.0128 1.0389 1.0493 1.047 1.0129 1.0099 1.0356 1.037 
1.0469 1.0357 1.0378 1.0201 1.0265 1.0462 1.0178 1.015 1.0263 1.0495 1.0414 1.0127 1.0229 1.0387 1.0144 1.0444 1.0093 1.0431 1.006 1.0343 1.0088 1.0431 1.0339 1.028 1.0149 
1.0017 1.0467 1.0362 1.0048 1.0033 1.0175 1.0126 1.0144 1.0191 1.0164 1.0291 1.0066 1.0137 1.0399 1.0137 1.0075 1 1.0137 1.0166 1.0199 1.0388 1.0333 1.0053 1.0407 1.0462 
1.0333 1.0321 1.0376 1.0346 1.0496 1.003 1.0381 1.0013 1.0106 1.049 1.01 1.0445 1.0108 1.0139 1.0231 1.0218 1.0341 1.0255 1.0208 1.0091 1.0105 1.0284 1.0181 1.0289 1.0222 
1.0072 1.0118 1.0051 1.0296 1.0392 1.0321 1.0219 1.0221 1.0061 1.0127 1.0044 1.0373 1.0023 1.0064 1.0081 1.0222 1.0074 1.035 1.0052 1.0491 1.0289 1.0175 1.0262 1.0398 1.0445 
1.0096 1.0071 1.0439 1.0118 1.0155 1.0461 1.0132 1.0059 1.0111 1.0378 1.0446 1.0292 1.0301 1.0465 1.0481 1.0487 1.0419 1.0208 1.027 1.0088 1.0442 1.0448 1.0092 1.0246 1.0025 
1.0449 1.0205 1.0324 1.0424 1.0137 1.009 1.0161 1.0486 1.0269 1.0322 1.0462 1.0375 1.0105 1.0455 1.0482 1.0197 1.0085 1.0434 1.0184 1.0045 1.0329 1.0027 1.0275 1.0184 1.0467 
1.0032 1.0115 1.0227 1.0098 1.0382 1.0426 1.0432 1.0097 1.0477 1.0093 1.0197 1.0212 1.003 1.0187 1.0486 1.0483 1.0021 1.0046 1.019 1.0368 1.0207 1.0485 1.0474 1.0457 1.0492 
1.0066 1.0222 1.0391 1.0206 1.005 1.0244 1.0321 1.0314 1.0097 1.017 1.0344 1.0227 1.041 1.0498 1.0443 1.0043 1.0238 1.0184 1.0082 1.006 1.0255 1.0092 1.0182 1.008 1.0393 
1.0452 1.0423 1.0333 1.0124 1.0468 1.0222 1.0164 1.0497 1.0308 1.0058 1.0323 1.0418 1.027 1.0213 1.0316 1.0359 1.0456 1.045 1.0148 1.0014 1.0272 1.0497 1.022 1.0273 1.0307 
1.0164 1.0382 1.0314 1.0187 1.0481 1.0356 1.0127 1.0213 1.043 1.0008 1.0171 1.0017 1.0247 1.0039 1.0173 1.0442 1.0226 1.008 1.04 1.0053 1.0423 1.0051 1.0055 1.0309 1.0239 
1.0403 1.0002 1.0154 1.0447 1.0403 1.0272 1.0459 1.0369 1.0232 1.049 1.0472 1.0362 1.0248 1.0436 1.0332 1.0108 1.0033 1.0347 1.0082 1.0041 1.0248 1.0086 1.0074 1.0353 1.0104 
1.0269 1.0238 1.0408 1.0074 1.0443 1.0421 1.0328 1.0139 1.0318 1.02 1.039 1.046 1.0181 1.0108 1.0127 1.0164 1.0433 1.0035 1.0253 1.0004 1.0108 1.037 1.0201 1.0134 1.0122 
1.0278 1.0019 1.0236 1.0328 1.035 1.0344 1.0487 1.0243 1.0393 1.03 1.0253 1.0341 1.0488 1.0052 1.0164 1.0427 1.005 1.0062 1.0412 1.0006 1.0118 1.0198 1.0004 1.0433 1.0352 
1.0455 1.0112 1.0031 1.0392 1.0174 1.0005 1.0149 1.0307 1.0006 1.0294 1.0323 1.0155 1.0474 1.0214 1.0492 1.0366 1.0335 1.0269 1.0171 1.0174 1.0076 1.0287 1.0435 1.0463 1.0106 
1.0018 1.0089 1.016 1.0027 1.02 1.0072 1.0019 1.0176 1.0177 1.0425 1.0195 1.0355 1.0498 1.0297 1.0219 1.043 1.0186 1.0096 1.0181 1.0464 1 1.0434 1.0196 1.0155 1.0345 
1.0452 1.0414 1.0052 1.0439 1.0203 1.0088 1.0039 1.0118 1.0101 1.0375 1.0386 1.0162 1.0305 1.0447 1.0031 1.0042 1.0075 1.0318 1.0255 1.016 1.0148 1.026 1.0198 1.0292 1.0001 
1.0016 1.0101 1.0417 1.0403 1.0009 1.0351 1.0017 1.0499 1.0149 1.0155 1.048 1.004 1.0426 1.032 1.0097 1.0081 1.0139 1.0338 1.0196 1.0339 1.0205 1.024 1.0435 1.0095 1.03 
1.0215 1.0431 1.0004 1.0451 1.0018 1.0037 1.0227 1.0055 1.0191 1.0269 1.0214 1.0279 1.0077 1.0134 1.0266 1.0483 1.0121 1.0235 1.0236 1.0094 1.0014 1.0418 1.0367 1.0332 1.0168 
1.0069 1.0136 1.0482 1.0469 1.0057 1.0238 1.0452 1.0331 1.0215 1.0111 1.0475 1.008 1.012 1.0027 1.0432 1.0298 1.0289 1.0399 1.0139 1.0201 1.0051 1 1.0364 1.0444 1.0419 
1.0497 1.0067 1.0092 1.0053 1.0162 1.007 1.0219 1.0478 1.0299 1.0315 1.002 1.0223 1.0285 1.0251 1.0222 1.0112 1.0435 1.0131 1.0405 1.0089 1.0251 1.0013 1.0279 1.0368 1.0206 
1.0073 1.0232 1.024 1.0049 1.0171 1.0333 1.0212 1.0046 1.0204 1.0435 1.0322 1.0466 1.0205 1.0092 1.0278 1.0416 1.0135 1.0069 1.0025 1.015 1.0481 1.0032 1.0347 1.0386 1.007 
1.0232 1.0269 1.0389 1.0135 1.0478 1.0095 1.0295 1.0184 1.005 1.0217 1.0361 1.029 1.0367 1.0455 1.0018 1.0484 1.0331 1.009 1.0183 1.036 1.0178 1.0253 1.0291 1.0453 1.0237 
1.0368 1.0047 1.0394 1.043 1.0108 1.0362 1.0333 1.013 1.0295 1.0419 1.0405 1.0298 1.0217 1.0346 1.0162 1.021 1.0007 1.018 1.0339 1.0072 1.0415 1.0303 1.024 1.0439 1.0264 
1.0477 1.036 1.0126 1.0151 1.0176 1.0436 1.0015 1.0467 1.0018 1.0014 1.0108 1.0009 1.0474 1.0081 1.0386 1.0115 1.0227 1.0169 1.0436 1.0446 1.0219 1.0349 1.0141 1.0481 1.0118 
1.0211 1.0036 1.0288 1.02 1.0424 1.0364 1.0297 1.0381 1.0301 1.0108 1.0113 1.0075 1.0337 1.0268 1.0314 1.0245 1.0296 1.0281 1.0364 1.0014 1.0055 1.035 1.0454 1.0028 1.0005 
1.0039 1.0118 1.0026 1.0442 1.0446 1.0056 1.0388 1.0498 1.0372 1.0234 1.0029 1.0108 1.0045 1.022 1.0025 1.0247 1.0087 1.0474 1.0172 1.0296 1.0072 1.025 1.0203 1.0237 1.019 
1.0108 1.049 1.0122 1.0086 1.0383 1.0101 1.0499 1.0084 1.0302 1.0255 1.0257 1.0102 1.0458 1.0264 1.0296 1.018 1.0038 1.0254 1.0215 1.0099 1.0377 1.0374 1.0301 1.0284 1.0231 
1.0332 1.0037 1.007 1.039 1.0468 1.0069 1.033 1.0178 1.0162 1.0069 1.0067 1.025 1.006 1.0201 1.0303 1.0225 1.045 1.0497 1.0261 1.0461 1.0087 1.0472 1.0119 1.0215 1.0359 
1.0095 1.0317 1.0388 1.0456 1.0001 1.0174 1.0111 1.0169 1.0475 1.0155 1.0162 1.0179 1.026 1.0258 1.0133 1.0202 1.0231 1.0333 1.0448 1.0116 1.0167 1.0219 1.0044 1.03 1.0184 
1.0446 1.0381 1.0066 1.0363 1.0373 1.0174 1.0008 1.0374 1.0364 1.0186 1.04 1.0153 1.033 1.0234 1.0284 1.004 1.0018 1.0039 1.0078 1.0014 1.0017 1.0265 1.0266 1.0369 1.0171 
1.0215 1.0081 1.0459 1.0112 1.0341 1.0243 1.0492 1.0358 1.0112 1.0239 1.0041 1.0384 1.025 1.0081 1.0373 1.0044 1.0014 1.0164 1.0302 1.0239 1.0112 1.0422 1.0118 1.0064 1.0071 
1.0272 1.027 1.0212 1.0222 1.0458 1.0291 1.0206 1.007 1.0063 1.0371 1.0288 1.0398 1.0401 1.0486 1.03 1.0096 1.0248 1.0082 1.0345 1.0011 1.0442 1.0496 1.0068 1.016 1.0078 
1.0496 1.0022 1.0026 1.0077 1.0182 1.0301 1.032 1.0398 1.0242 1.0167 1.0153 1.0367 1.0497 1.0469 1.007 1.0306 1.0205 1.0072 1.0155 1.0108 1.0278 1.0288 1.0317 1.0259 1.0298 
1.0283 1.0149 1.0368 1.0498 1.0056 1.0493 1.0229 1.0287 1.0483 1.0111 1.0195 1.0288 1.0448 1.023 1.0458 1.0108 1.0033 1.0365 1.0259 1.0302 1.0401 1.0357 1.0082 1.0459 1.0319 
1.0478 1.0454 1.0404 1.0176 1.0337 1.0346 1.0005 1.044 1.0321 1.0117 1.0293 1.0038 1.0156 1.0376 1.0158 1.0485 1.0467 1.047 1.0415 1.0061 1.0448 1.0057 1.0053 1.0451 1.0326 
1.0155 1.0411 1.0082 1.0346 1.0067 1.0406 1.0402 1.0201 1.0437 1.0483 1.0258 1.0498 1.0144 1.0486 1.012 1.0306 1.0202 1.0143 1.0375 1.0373 1.0309 1.0402 1.0452 1.0122 1.0244 
1.0129 1.0105 1.0274 1.0095 1.0497 1.0352 1.0433 1.0488 1.0149 1.0499 1.0033 1.0198 1.0321 1.0224 1.028 1.0043 1.0061 1.047 1.0451 1.0084 1.0298 1.0384 1.0152 1.028 1.0165 
1.0414 1.0144 1.0415 1.0012 1.0262 1.0497 1.0108 1.0344 1.0488 1.0248 1.0108 1.0327 1.0193 1.0045 1.044 1.0458 1.028 1.0227 1.0045 1.0218 1.0207 1.0401 1.0203 1.0228 1.0353 
1.0161 1.0004 1.0233 1.0048 1.0496 1.0025 1.0095 1.01 1.0282 1.045 1.0249 1.0116 1.0012 1.0102 1.0401 1.0453 1.0223 1.0161 1.024 1.0185 1.0182 1.0377 1.0366 1.0231 1.0011 
1.0281 1.0075 1.0067 1.0414 1.0297 1.0465 1.0159 1.0403 1.0267 1.0283 1.0487 1.0241 1.0259 1.0289 1.0292 1.0178 1.0197 1.0116 1.0477 1.0477 1.0481 1.0188 1.0457 1.0398 1.0452 
1.0097 1.0065 1.0293 1.0145 1.0327 1.0489 1.0281 1.0107 1.0145 1.0242 1.0058 1.0225 1.014 1.0243 1.0497 1.0105 1.0247 1.0334 1.0147 1.0089 1.0258 1.0484 1.0269 1.0078 1.008 
1.0059 1.0098 1.0487 1.0017 1.0292 1.0213 1.0247 1.0064 1.0361 1.0253 1.0042 1.0339 1.0409 1.0246 1.0125 1.0148 1.0261 1.0342 1.0299 1.024 1.0137 1.0076 1.0314 1.0395 1.0012 
1.0439 1.0266 1.0063 1.008 1.0266 1.0077 1.038 1.0138 1.031 1.0003 1.0283 1.0425 1.0225 1.014 1.0009 1.0392 1.0366 1.0079 1.0328 1.0212 1.0425 1.0201 1.0308 1.011 1.0361 
1.0279 1.0071 1.0015 1.0314 1.0326 1.0193 1.0166 1.0268 1.0296 1.0189 1.0394 1.0461 1.0008 1.0225 1.0479 1.0478 1.0201 1.0272 1 1.0497 1.0061 1.0306 1.0431 1.0133 1.0484 
1.0068 1.0265 1.0114 1.0102 1.0085 1.0101 1.0443 1.0409 1.0127 1.0418 1.0433 1.0333 1.015 1.0267 1.0214 1.0398 1.0469 1.0339 1.0458 1.0288 1.0327 1.0138 1.0124 1.0434 1.035 
1.0266 1.0441 1.0305 1.0062 1.0345 1.0212 1.0201 1.0419 1.0106 1.0458 1.0391 1.021 1.0034 1.0076 1.0185 1.0453 1.0105 1.0233 1.0164 1.001 1.0276 1.0017 1.0204 1.0326 1.0046 
1.0138 1.0165 1.0402 1.0194 1.0435 1.0232 1.0042 1.0379 1.021 1.0463 1.0156 1.0491 1.0462 1.0086 1.0435 1.0379 1.0376 1.0002 1.0348 1.0499 1.0445 1.0479 1.0249 1.0398 1.0325 
1.0477 1.0252 1.0481 1.015 1.0098 1.0335 1.0244 1.0228 1.0451 1.0134 1.0251 1.0092 1.038 1.0224 1.0438 1.0339 1.0497 1.0169 1.0016 1.0128 1.0283 1.0447 1.0173 1.0332 1.0162 
1.0239 1.0383 1.0161 1.0183 1.0067 1.0065 1.0329 1.0497 1.0094 1.0121 1.0208 1.018 1.0423 1.0076 1.0465 1.0327 1.021 1.0171 1.0137 1.0378 1.0123 1.0112 1.0372 1.043 1.0221 
1.0057 1.046 1.008 1.021 1.0448 1.0371 1.0467 1.0019 1.002 1.0228 1.0138 1.0346 1.0051 1.0213 1.0317 1.0486 1.0497 1.0484 1.023 1.0407 1.0356 1.0163 1.0303 1.0323 1.0372 
1.0305 1.0139 1.0125 1.0048 1.0397 1.0386 1.0363 1.0309 1.0329 1.0285 1.0101 1.0339 1.0347 1.0309 1.04 1.0379 1.0383 1.0398 1.0379 1.0136 1.0258 1.0091 1.0421 1.02 1.0465 
1.0012 1.0187 1.0236 1.0452 1.0189 1.0133 1.0494 1.0296 1.0325 1.0428 1.0463 1.0083 1.0053 1.0189 1.0225 1.0036 1.035 1.0044 1.0087 1.0127 1.0484 1.0025 1.0343 1.0021 1.0201 
1.0311 1.0275 1.0483 1.0309 1.0055 1.0043 1.0299 1.0007 1.0051 1.0081 1.0236 1.0427 1.0072 1.0238 1.0471 1.0318 1.0389 1.032 1.0409 1.0487 1.0025 1.0049 1.0343 1.0247 1.0191 
1.0107 1.042 1.0084 1.0311 1.0392 1.043 1.0033 1.0171 1.0101 1.0292 1.0325 1.0352 1.0165 1.033 1.0105 1.0139 1.0127 1.0497 1.0295 1.0272 1.0095 1.0349 1.0176 1.0216 1.0116 
1.04 1.0308 1.0168 1.028 1.0176 1.0129 1.0205 1.0224 1.0484 1.0497 1.0178 1.0228 1.0167 1.0064 1.0114 1.0081 1.0098 1.0025 1.0243 1.0195 1.0063 1.0487 1.0246 1.0249 1.0265 
1.0363 1.0404 1.001 1.0414 1.0445 1.0236 1.0095 1.0355 1.0468 1.0418 1.0175 1.0155 1.0362 1.0175 1.0134 1.0386 1.0015 1.0246 1.0145 1.0107 1.0444 1.0411 1.0164 1.0392 1.0428 
1.0398 1.032 1.0465 1.0246 1.0217 1 1.0379 1.0073 1.011 1.0059 1.0043 1.0115 1.0131 1.0104 1.0422 1.0288 1.0079 1.0317 1.0022 1.0031 1.0042 1.0208 1.047 1.0494 1.0175 
1.0391 1.0162 1.0043 1.0149 1.0365 1.0174 1.0117 1.0219 1.045 1.0396 1.042 1.0089 1.0035 1.0492 1.0428 1.0496 1.0465 1.0343 1.0396 1.0003 1.0132 1.0025 1.0382 1.0459 1.0011 
1.0023 1.0437 1.0132 1.019 1.0393 1.0355 1.0325 1.0007 1.0333 1.014 1.0377 1.0145 1.0292 1.0046 1.0151 1.005 1.0145 1.0303 1.0211 1.0455 1.0263 1.0068 1.0211 1.0085 1.0278 
1.0211 1.0237 1.0074 1.0169 1.0467 1.0297 1.0352 1.0062 1.0058 1.0357 1.0002 1.0158 1.0384 1.0095 1.0093 1.0119 1.0035 1.0423 1.0104 1.0407 1.0194 1.007 1.0114 1.0231 1.0133 
1.0058 1.0499 1.0468 1.0393 1.037 1.0226 1.008 1.02 1.0409 1.0003 1.0133 1.0092 1.0142 1.0461 1.0433 1.0396 1.0019 1.0433 1.0277 1.0167 1.0318 1.0468 1.0144 1.0208 1.0271 
1.0481 1.0454 1.0177 1.0355 1.039 1.0298 1.01 1.0025 1.0012 1.016 1.0207 1.0327 1.0257 1.007 1.0183 1.0411 1.0094 1.0009 1.0171 1.001 1.025 1.0166 1.0094 1.0036 1.0186 
1.0075 1.0154 1.0366 1.0012 1.0264 1.0087 1.0025 1.0193 1.0182 1.0443 1.0428 1.0185 1.0187 1.0339 1.0287 1.005 1.0433 1.0342 1.0436 1.0302 1.0335 1.0464 1.0058 1.0432 1.0238 
1.0186 1.0385 1.0118 1.0181 1.0316 1.0414 1.0366 1.0187 1.0399 1.0079 1.0362 1.0228 1.0352 1.014 1.0259 1.015 1.0468 1.0139 1.026 1.0433 1.0237 1.0213 1.0272 1.0465 1.0034 
1.0058 1.0276 1.032 1.0331 1.0447 1.0045 1.0231 1.0411 1.029 1.0026 1.0092 1.0369 1.0311 1.0224 1.0329 1.0248 1.03 1.0214 1.0479 1.0131 1.0229 1.0144 1.0462 1.04 1.0381 
1.0239 1.0232 1.0132 1.0487 1.0247 1.0208 1.0279 1.0253 1.0351 1.0432 1.0484 1.0135 1.0296 1.0284 1.0028 1.0451 1.0421 1.0445 1.0351 1.0007 1.0146 1.0458 1.0151 1.0379 1.0216 
1.0122 1.0232 1.0452 1.0415 1.0034 1.0148 1.0478 1.0197 1.0476 1.0039 1.0449 1.0218 1.0461 1.0477 1.0353 1.0224 1.0275 1.0107 1.0492 1.0494 1.047 1.0012 1.0362 1.0043 1.0479 
1.0269 1.01 1.0196 1.0413 1.0387 1.0362 1.0343 1.0492 1.0447 1.0393 1.0085 1.0095 1.0022 1.0329 1.0002 1.0218 1.0458 1.0022 1.0034 1.0264 1.0325 1.0194 1.0383 1.0345 1.01 
1.0278 1.005 1.0367 1.0439 1.0256 1.0158 1.0327 1.0347 1.0109 1.0311 1.0006 1.0104 1.0106 1.0095 1.0013 1.0016 1.022 1.0269 1.0416 1.0363 1 1.0315 1.0437 1.0373 1.002 
1.0218 1.0041 1.0117 1.0347 1.0303 1.0335 1.0348 1.0339 1.0321 1.021 1.0449 1.0065 1.0284 1.0315 1.0025 1.0405 1.0067 1.0434 1.0246 1.0363 1.0461 1.0145 1.02 1.0024 1.026 
1.0081 1.038 1.0093 1.0052 1.0346 1.0448 1.0105 1.0203 1.0189 1.0214 1.0085 1.0021 1.0132 1.0377 1.0405 1.0302 1.0432 1.005 1.0029 1.0269 1.047 1.0459 1.0213 1.0483 1.04 
1.0125 1.0496 1.0489 1.0205 1.0365 1.0179 1.0258 1.0219 1.0343 1.0181 1.0188 1.0244 1.0295 1.0098 1.0025 1.0219 1.0077 1.0488 1.0097 1.0284 1.0236 1.0098 1.0362 1.0087 1.0314 
1.0087 1.0414 1.0473 1.0254 1.0109 1.0184 1.042 1.0349 1.0499 1.025 1.0436 1.0436 1.0479 1.0334 1.0001 1.0162 1.0108 1.0384 1.0467 1.0011 1.0135 1.0431 1.0187 1.0032 1.0068 
1.0309 1 1.0422 1.0388 1.0276 1.027 1.0413 1.0453 1.0079 1.0206 1.0496 1.0093 1.0201 1.0054 1.0394 1.0438 1.0037 1.0082 1.0482 1.0341 1.0469 1.0447 1.0003 1.015 1.0431 
1.0439 1.0174 1.0471 1.0005 1.0426 1.0205 1.0377 1.0036 1.0487 1.011 1.0099 1.0229 1.0122 1.0351 1.0037 1.0147 1.0208 1.0222 1.0248 1.0475 1.0211 1.03 1.0082 1.0469 1.0244 
1.0322 1.0032 1.005 1.0086 1.0172 1.039 1.0342 1.0049 1.0277 1.0288 1.0276 1.0115 1.0051 1.0434 1.0372 1.0041 1.0495 1.0445 1.0313 1.0361 1.0196 1.0024 1.0027 1.0483 1.0417 
1.0243 1.0354 1.0038 1.0243 1.0435 1.0191 1.0485 1.0223 1.0174 1.0338 1.0293 1.0304 1.0382 1.0117 1.0148 1.0065 1.008 1.0144 1.0174 1.0393 1.0497 1.0206 1.0459 1.0419 1.022 
1.0259 1.0217 1.0116 1.0101 1.0382 1.016 1.0279 1.0439 1.0057 1.0299 1.0159 1.0041 1.0334 1.0029 1.0403 1.0041 1.0268 1.0452 1.0366 1.0412 1.0351 1.0212 1.046 1.0464 1.0185 
1.0408 1.0353 1.0092 1.0217 1.0196 1.0241 1.0146 1.0404 1.0498 1.0147 1.0158 1.0169 1.0098 1.0494 1.0474 1.048 1.0035 1.0389 1.0143 1.0323 1.0064 1.0061 1.0227 1.0185 1.0296 
1.016 1.0005 1.0128 1.0414 1.0104 1.0444 1.0077 1.0359 1.0454 1.0448 1.0074 1.0136 1.0232 1.0489 1.0331 1.0091 1.0122 1.0121 1.0099 1.0317 1.0192 1.018 1.0393 1.0329 1.0299 
1.0222 1.0374 1.0171 1.0345 1.0246 1.0037 1.0064 1.0317 1.0188 1.0058 1.0389 1.0119 1.0144 1.0179 1.0422 1.0212 1.0332 1.0236 1.0056 1.0418 1.021 1.0157 1.0392 1.0471 1.0119 
1.0177 1.0266 1.0187 1.0243 1.0469 1.0078 1.0162 1.0031 1.0422 1.0126 1.0118 1.043 1.0447 1.0112 1.0301 1.0495 1.0002 1.0165 1.0079 1.0003 1.0253 1.0262 1.0315 1.0214 1.0456 
1.023 1.0234 1.0084 1.0477 1.0413 1.0192 1.0052 1.0431 1.032 1.0309 1.0161 1.0295 1.0256 1.0011 1.0288 1.0499 1.0131 1.0194 1.0269 1.0448 1.0036 1.0444 1.0424 1.0387 1.0467 
1.0235 1.0154 1.0203 1.0361 1.0211 1.0064 1.0205 1.0329 1.0404 1.0241 1.0028 1.0139 1.0415 1.0056 1.0144 1.0283 1.0036 1.0092 1.0092 1.0117 1.0013 1.0485 1.0091 1.0088 1.01 
1.0101 1.0443 1.0281 1.0374 1.0213 1.0391 1.041 1.0127 1.0046 1.0343 1.001 1.002 1.0359 1.0052 1.0178 1.0028 1.0499 1.015 1.0169 1.007 1.0235 1.0124 1.0388 1.0131 1.0346 
1.0227 1.0492 1.0399 1.0084 1.0007 1.0056 1.0349 1.0388 1.0281 1.0334 1.0319 1.0136 1.0218 1.0378 1.017 1.0244 1.0086 1.0313 1.0354 1.0311 1.0017 1.0071 1.0226 1.0459 1.0126 
1.0379 1.0416 1.0232 1.0473 1.0329 1.0002 1.0015 1.0238 1.0222 1.0271 1.0279 1.0318 1.0255 1.0399 1.044 1.0145 1.0228 1.0108 1.017 1.0329 1.0075 1.0034 1.0475 1.0294 1.0151 
1.0498 1.0136 1.0447 1.0459 1.0031 1.0145 1.0112 1.0493 1.008 1.0125 1.0312 1.0429 1.0041 1.0385 1.0037 1.0494 1.0024 1.0039 1.0346 1.0138 1.0391 1.019 1.0164 1.0073 1.0399 
1.0294 1.0244 1.0474 1.0102 1.0278 1.0467 1.0251 1.0494 1.0018 1.0179 1.0258 1.0261 1.0433 1.0442 1.0244 1.0256 1.0296 1.0256 1.0237 1.0356 1.0323 1.0445 1.004 1.0153 1.0032 
1.0207 1.0048 1.0217 1.0457 1.0338 1.0491 1.0417 1.0226 1.047 1.0438 1.0206 1.0348 1.0477 1.035 1.0291 1.0144 1.034 1.0241 1.0345 1.0319 1.0281 1.0407 1.0199 1.0061 1.0475 
1.0431 1.0271 1.0048 1.0422 1.0137 1.0256 1.0466 1.0274 1.0026 1.045 1.0183 1.011 1.0218 1.0487 1.0184 1.0075 1.0492 1.0126 1.0234 1.0407 1.0494 1.0134 1.044 1.0315 1.0447 
1.0267 1.0418 1.0048 1.0143 1.0069 1.001 1.0165 1.0418 1.0058 1.0205 1.0103 1.014 1.0492 1.0017 1.0479 1.027 1.0412 1.039 1.0492 1.0496 1.0263 1.0357 1.0349 1.0391 1.0163 
1.0336 1.0177 1.0081 1.0097 1.0332 1.0047 1.0041 1.0156 1.0431 1.0456 1.0315 1.0286 1.0234 1.0011 1.0266 1.0437 1.0486 1.0229 1.0449 1.0121 1.0328 1.0241 1.0446 1.034 1.0259 
1.0477 1.0383 1.0271 1.0473 1.0405 1.0015 1.0491 1.021 1.0348 1.0283 1.0358 1.0252 1.0469 1.0381 1.0122 1.0214 1.0436 1.0403 1.0406 1.0292 1.0025 1.0472 1.0149 1.0239 1.0483 
1.0472 1.0235 1.0085 1.0273 1.0342 1.0455 1.0286 1.0161 1.0015 1.0061 1.0192 1.0118 1.0476 1.0307 1.0496 1.046 1.0046 1.0191 1.0334 1.0305 1.0489 1.0031 1.0475 1.0286 1.0431 
1.0317 1.0249 1.017 1.0459 1.0308 1.0431 1.0422 1.0002 1.0259 1.017 1.0042 1.0244 1.046 1.0123 1.0315 1.0034 1.0055 1.0213 1.0346 1.0279 1.0488 1.0453 1.0352 1.0168 1.0438 
1.0481 1.0266 1.0348 1.0122 1.0042 1.0447 1.0468 1.0435 1.0405 1.0238 1.008 1.0319 1.0151 1.0242 1.007 1.0215 1.024 1.0309 1.0066 1.0238 1.0309 1.0048 1.0202 1.004 1.0205 
1.0045 1.0355 1.016 1.0463 1.0345 1.0489 1.027 1.01 1.016 1.0371 1.0422 1.013 1.0302 1.0161 1.0349 1.0296 1.0047 1.0113 1.0499 1.0304 1.0082 1.0057 1.0192 1.0186 1.0321 
1.0416 1.0123 1.0202 1.0216 1.0286 1.0063 1.0341 1.0124 1.01 1.0364 1.006 1.0094 1.0391 1.0459 1.03 1.048 1.0093 1.0373 1.0272 1.0339 1.0435 1.0441 1.0229 1.0167 1.0036 
1.0378 1.0484 1.015 1.0385 1.0146 1.0138 1.0423 1.0096 1.0198 1.0044 1.0474 1.0135 1.0078 1.0027 1.0051 1.0071 1.0393 1.006 1.0432 1.0072 1.0108 1.0229 1.0314 1.005 1.0398 
1.0425 1.0188 1.0024 1.016 1.0214 1.0426 1.0485 1.0242 1.0103 1.0404 1.0256 1.0062 1.0226 1.0411 1.0072 1.0494 1.02 1.0458 1.0372 1.01 1.0407 1.0317 1.0483 1.0218 1.0009 
1.0098 1.0271 1.0423 1.0003 1.0006 1.0403 1.0137 1.0358 1.0418 1.0478 1.0323 1.0297 1.0445 1.029 1.0017 1.0195 1.0365 1.045 1.0094 1.0283 1.014 1.0003 1.0225 1.0154 1.0141 
1.0201 1.0209 1.0399 1.0171 1.0016 1.0258 1.0462 1.0473 1.0309 1.0171 1.0473 1.0118 1.0311 1.0178 1.0002 1.0476 1.0389 1.0308 1.0227 1.0403 1.0445 1.0153 1.0446 1.0236 1.0057 
1.016 1.0449 1.0454 1.0442 1.0086 1.0009 1.0171 1.0139 1.0085 1.0349 1.0152 1.0243 1.0223 1.0398 1.0077 1.0048 1.0452 1.0228 1.0081 1.0022 1.0325 1.0368 1.0444 1.0427 1.0365 
1.0256 1.0434 1.0405 1.0277 1.013 1.0122 1.0215 1.0274 1.0296 1.0027 1.044 1.0257 1.0455 1.0335 1.0208 1.0276 1.0415 1.0289 1.0467 1.0428 1.0186 1.0337 1.0363 1.0467 1.0397 
1.0005 1.0284 1.033 1.0391 1.0082 1.0274 1.0037 1.0139 1.0495 1.0019 1.0001 1.0137 1.0042 1.0104 1.009 1.0168 1.0016 1.0405 1.0098 1.037 1.0098 1.005 1.0358 1.0451 1.0205 
1.0116 1.0245 1.0242 1.009 1.0275 1.0246 1.0038 1.0366 1.0006 1.0161 1.0056 1.0255 1.0458 1.0467 1.037 1.0036 1.033 1.0117 1.0479 1.0114 1.0214 1.0287 1.0412 1.0108 1.0477 
1.0454 1.0147 1.0295 1.0313 1.0044 1.0085 1.0477 1.0082 1.0422 1.0406 1.0275 1.0014 1.019 1.0483 1.0326 1.0255 1.0038 1.0003 1.0271 1.0317 1.0169 1.0443 1.0065 1.031 1.0133 
1.029 1.0402 1.0119 1.0144 1.0113 1.0009 1.0189 1.0079 1.0406 1.0135 1.0224 1.0108 1.0147 1.0473 1.0454 1.0495 1.0369 1.0277 1.0423 1.0459 1.007 1.037 1.0064 1.0057 1.0224 
1.0077 1.0433 1.045 1.0055 1.0078 1.036 1.0309 1.0053 1.0343 1.0398 1.0311 1.0055 1.0219 1.0268 1.025 1.0278 1.0306 1.0055 1.0391 1.0004 1.0084 1.0175 1.0144 1.0445 1.0387 
1.039 1.0386 1.0333 1.0245 1.0355 1.0371 1.0366 1.0494 1.0001 1.045 1.0442 1.0129 1.0074 1.0317 1.0407 1.0281 1.048 1.0463 1.0062 1.0227 1.0138 1.0423 1.0357 1.0295 1.0122 
1.0138 1.0491 1.0263 1.019 1.0069 1.0028 1.0234 1.0348 1.0061 1.0118 1.0484 1.0018 1.0274 1.0127 1.0017 1.0262 1.0445 1.0308 1.0497 1.021 1.0313 1.0077 1.0199 1.0068 1.018 
1.0194 1.0349 1.0384 1.0271 1.0049 1.007 1.009 1.0083 1.0181 1.0449 1.0369 1.0114 1.0439 1.0158 1.004 1.0481 1.0431 1.0382 1.0101 1.0047 1.0125 1.0015 1.0499 1.0471 1.036 
1.0284 1.0184 1.0401 1.0407 1.0258 1.0446 1.007 1.0246 1.0352 1.0249 1.0412 1.0115 1.0205 1.013 1.0136 1.015 1.0071 1.0479 1.0411 1.0314 1.037 1.0486 1.0171 1.0357 1.0485 
1.0346 1.0187 1.0333 1.03 1.004 1.0236 1.0043 1.035 1.0411 1.0169 1.0361 1.0221 1.0174 1.0109 1.0483 1.0101 1.0209 1.0488 1.0239 1.0177 1.0226 1.0499 1.0478 1.042 1.0209 
1.0236 1.0444 1.0222 1.0091 1.029 1.0375 1.0401 1.0391 1.0136 1.0075 1.0019 1.0293 1.0208 1.0037 1.0313 1.0163 1.0154 1.0022 1.0297 1.0125 1.0105 1.0441 1.0179 1.0401 1.0013 
1.0421 1.0377 1.0443 1.0442 1.0444 1.0241 1.0485 1.0386 1.0475 1.0475 1.0462 1.0025 1.0043 1.0495 1.0104 1.0324 1.0063 1.0264 1.0443 1.0491 1.0258 1.0078 1.0176 1.0338 1.0363 
1.0066 1.0482 1.0199 1.016 1.0463 1.0352 1.0257 1.0049 1.0063 1.0388 1.0368 1.0369 1.0338 1.0354 1.0299 1.0133 1.0065 1.0323 1.0202 1.0383 1.0155 1.0243 1.009 1.036 1.0268 
1.0021 1.0253 1.0162 1.008 1.0115 1.0422 1.0173 1.0479 1.0242 1.0093 1.038 1.012 1.0054 1.0471 1.0398 1.0171 1.0445 1.0477 1.0042 1.0234 1.0328 1.0437 1.0339 1.0263 1.0443 
1.0476 1.0388 1.0292 1.0498 1.0293 1.0151 1.0403 1.0067 1.0495 1.0369 1.0004 1.0071 1.0091 1.0394 1.0468 1.0443 1.036 1.0112 1.0039 1.0428 1.0319 1.0061 1.0278 1.0078 1.0068 
1.0484 1.0049 1.0348 1.0438 1.0061 1.0054 1.0401 1.0067 1.0054 1.0343 1.0288 1.0475 1.0008 1.018 1.0202 1.0315 1.0074 1.0065 1.0296 1.0475 1.009 1.0035 1.0439 1.0173 1.0106 
1.0472 1.0321 1.0216 1.0286 1.0367 1.0332 1.0311 1.0494 1.0392 1.0245 1.016 1.0155 1.0258 1.0053 1.0027 1.0381 1.0267 1.039 1.0391 1.0087 1.0288 1.0089 1.0146 1.0406 1.0033 
1.0007 1.0388 1.0179 1.0353 1.0126 1.023 1.0344 1.0086 1.0009 1.026 1.0173 1.0296 1.0258 1.0133 1.0067 1.0127 1.0315 1.0173 1.0132 1.0174 1.0335 1.0276 1.0104 1.0281 1.0043 
1.0245 1.0164 1.0055 1.0473 1.0253 1.0497 1.0168 1.0079 1.0161 1.0427 1.0277 1.021 1.0101 1.0315 1.0146 1.0196 1.0298 1.0441 1.0094 1.0221 1.0134 1.0238 1.0177 1.0051 1.0267 
1.0053 1.017 1.0228 1.003 1.0197 1.016 1.0183 1.0225 1.0438 1.0448 1.0104 1.0498 1.0483 1.0255 1.0084 1.0038 1.0028 1.0492 1.0445 1.022 1.0475 1.0439 1.0283 1.009 1.0468 
1.0167 1.0432 1.0174 1.0476 1.0223 1.0067 1.0445 1.0135 1.0291 1.0023 1.0373 1.0134 1.0437 1.0406 1.0467 1.0391 1.0307 1.0316 1.0043 1.0004 1.037 1.0486 1.0478 1.0452 1.0169 
1.0163 1.0285 1.0319 1.0474 1.0293 1.038 1.0408 1.0095 1.0343 1.0018 1.0057 1.0201 1.0482 1.0123 1.0212 1.0257 1.0325 1.0221 1.0396 1.04 1.0005 1.0055 1.0425 1.0185 1.002 
1.0451 1.0399 1.0344 1.0214 1.0195 1.0131 1.0042 1.047 1.0162 1.0045 1.0086 1.0019 1.0129 1.011 1.0098 1.0022 1.0456 1.0189 1.0338 1.0265 1.0237 1.0008 1.0159 1.0012 1.0322 
1.0395 1.0128 1.0163 1.0325 1.0297 1.047 1.0405 1.0046 1.0049 1.0302 1.0123 1.008 1.0047 1.0291 1.0288 1.0249 1.0083 1.01 1.0108 1.0011 1.0274 1.0267 1.0046 1.0149 1.0388 
1.0154 1.0122 1.0403 1.0297 1.0498 1.0046 1.0221 1.035 1.0226 1.0029 1.0294 1.0383 1.0493 1.0202 1.0287 1.0034 1.0123 1.023 1.0205 1.0335 1.0005 1.0116 1.0309 1.0138 1.0131 
1.0404 1.0383 1.0184 1.0138 1.0338 1.0321 1.0333 1.0158 1.0416 1.0221 1.0273 1.0146 1.0431 1.0132 1.0451 1.0053 1.041 1.0424 1.0446 1.0459 1.0223 1.02 1.0206 1.0212 1.0246 
1.0162 1.0482 1.0376 1.0463 1.0134 1.0418 1.032 1.0215 1.0085 1.0047 1.012 1.0062 1.0333 1.0282 1.015 1.044 1.0471 1.0485 1.0418 1.0482 1.0264 1.012 1.003 1.0078 1.0432 
