10
50
960 991 922 907 962 904 927 929 961 930 967 959 995 981 976 985 900 934 913 979 903 910 950 978 977 989 970 902 969 957 947 939 986 988 906 991 926 966 972 920 970 970 946 968 961 951 970 914 949 3 
659 264 496 528 601 1198 1171 101 606 409 
1.0263 1.0482 1.0243 1.0393 1.0121 1.0222 1.018 1.0105 1.0364 1.0188 
1.0007 1.0051 1.01 1.0281 1.0477 1.0019 1.0124 1.0028 1.047 1.0206 
1.023 1.0274 1.0402 1.0232 1.0229 1.0329 1.0012 1.0418 1.0414 1.0342 
1.044 1.0456 1.0118 1.0171 1.0424 1.0102 1.0343 1.0249 1.0305 1.0341 
1.0188 1.0242 1.0306 1.0029 1.0474 1.0355 1.0245 1.0465 1.0248 1.0479 
1.0341 1.0218 1.0075 1.0119 1.0081 1.0015 1.0179 1.0041 1.0299 1.02 
1.0428 1.0499 1.0339 1.0066 1.0045 1.0254 1.0192 1.0191 1.0493 1.0338 
1.0271 1.0398 1.0214 1.0199 1.0175 1.0225 1.023 1.026 1.0021 1.0089 
1.0468 1.0124 1.0193 1.0414 1.0408 1.0058 1.0404 1.026 1.0202 1.0217 
1.0304 1.0272 1.0473 1.0328 1.0356 1.0499 1.0231 1.0178 1.0253 1.0204 
1.0275 1.0497 1.0282 1.0392 1.0285 1.022 1.0254 1.0179 1.0441 1.035 
1.0119 1.0136 1.0403 1.0025 1.0221 1.0325 1.0022 1.0104 1.0188 1.0101 
1.0155 1.0248 1.0007 1.0118 1.0056 1.0301 1.0341 1.0134 1.046 1.0391 
1.0061 1.0196 1.0338 1.0279 1.0338 1.0175 1.0234 1.0428 1.0399 1.0087 
1.0051 1.0413 1.0457 1.0122 1.0197 1.0212 1.0372 1.0105 1.0116 1.0347 
1.0386 1.0143 1.015 1.0491 1.0104 1.0074 1.029 1.0166 1.0009 1.0089 
1.0006 1.0234 1.029 1.0148 1.0202 1.0046 1.0075 1.037 1.0221 1.0375 
1.0146 1.0192 1.0142 1.0155 1.0209 1.0335 1.0287 1.0336 1.0276 1.0292 
1.0067 1.0425 1.0049 1.0225 1.0358 1.0157 1.0275 1.0131 1.0498 1.0216 
1.0337 1.025 1.0431 1.0205 1.0023 1.0429 1.0294 1.0441 1.0193 1.007 
1.0125 1.0041 1.0015 1.0163 1.0209 1.049 1.0225 1.0495 1.0329 1.005 
1.0008 1.0279 1.0086 1.0285 1.0256 1.0425 1.0404 1.0494 1.0112 1.0098 
1.0109 1.0054 1.0471 1.0474 1.0055 1.0039 1.0364 1.0452 1.0182 1.0217 
1.0456 1.0335 1.0386 1.0067 1.0242 1.0253 1.015 1.0214 1.0147 1.0361 
1.0306 1.0129 1.0164 1.0078 1.0098 1.0152 1.0493 1.0357 1.0008 1.007 
1.0459 1.0439 1.0226 1.0365 1.032 1.0157 1.0223 1.0357 1.0097 1.0328 
1.0344 1.0104 1.0496 1.0265 1.0469 1.0056 1.0475 1.0368 1.0006 1.0129 
1.0453 1.0394 1.0227 1.0277 1.0484 1.0321 1.0399 1.0365 1.0039 1.0339 
1.0376 1.0222 1.034 1.047 1.0326 1.0108 1.0428 1.0127 1.0071 1.0213 
1.0454 1.0212 1.0393 1.0213 1.0277 1.0195 1.0058 1.0005 1.015 1.0232 
1.0224 1.0353 1.0486 1.0094 1.0051 1.0162 1.0192 1.0259 1.0156 1.0236 
1.0005 1.0421 1.0243 1.0141 1.0031 1.0091 1.0292 1.0323 1.0172 1.0251 
1.049 1.0354 1.0151 1.0183 1.0356 1.0396 1.0328 1.0395 1.02 1.0104 
1.0116 1.0227 1.0357 1.0313 1.0118 1.0161 1.0371 1.0381 1.0264 1.0497 
1.025 1.0426 1.0105 1.0159 1.0095 1.0287 1.0489 1.0393 1.0418 1.0058 
1.0222 1.033 1.0164 1.0225 1.0388 1.0138 1.0395 1.0122 1.0007 1.0207 
1.0128 1.0475 1.0435 1.0083 1.0168 1.0018 1.0357 1.0067 1.0463 1.0421 
1.032 1.0027 1.0128 1.0442 1.015 1.0383 1.0017 1.0441 1.0116 1.0286 
1.0401 1.0478 1.0119 1.024 1.0267 1.0392 1.0009 1.0397 1.0314 1.0366 
1.0312 1.0176 1.0169 1.0202 1.012 1.0153 1.0026 1.0215 1.0043 1.0251 
1.0162 1.0235 1.0232 1.0193 1.0219 1.0264 1.0248 1.0119 1.0008 1.0418 
1.0069 1.0296 1.0047 1.0254 1.0004 1.0021 1.0296 1.0158 1.0378 1.0364 
1.0094 1.0416 1.0033 1.0082 1.0372 1.0223 1.0436 1.0141 1.0242 1.0268 
1.0312 1.0159 1.0328 1.0202 1.0088 1.0227 1.0054 1.022 1.0375 1.0401 
1.0432 1.0122 1.0185 1.0072 1.0372 1.0138 1.008 1.0253 1.0474 1.0212 
1.004 1.0295 1.0087 1.0141 1.0296 1.0209 1.0309 1.0248 1.0058 1.0407 
1.0465 1.0317 1.0204 1.0237 1.0346 1.0362 1.0157 1.0445 1.0306 1.0451 
1.034 1.0263 1.0143 1.0226 1.0015 1.0381 1.0227 1.0427 1.0382 1.0483 
1.0311 1.048 1.0021 1.0101 1.032 1.0452 1.0324 1.0076 1.0147 1.0073 
1.0181 1.0395 1.0287 1.0083 1.0019 1.0402 1.0356 1.0451 1.0189 1.0282 
