5
100
996 955 923 973 977 938 928 984 959 907 921 951 955 998 915 969 959 988 961 911 950 993 984 900 999 978 914 978 987 973 999 941 938 941 973 958 933 903 905 985 901 971 959 928 908 999 969 950 928 949 981 965 928 942 967 937 920 978 935 936 928 903 979 974 984 945 950 949 985 953 915 974 960 968 983 984 916 967 909 902 992 994 937 919 938 995 977 971 980 937 981 956 979 902 915 908 978 953 138 61 
395 980 553 561 1467 
1.022 1.0426 1.0208 1.0337 1.0419 
1.0331 1.0359 1.0455 1.0445 1.0137 
1.0248 1.0261 1.0125 1.0368 1.0352 
1.0306 1.0177 1.0118 1.0176 1.0415 
1.0455 1.0045 1 1.0421 1.0102 
1.0388 1.0458 1.0095 1.0024 1.0488 
1.0337 1.041 1.0017 1.0424 1.0428 
1.0139 1.0113 1.0389 1.0491 1.0121 
1.0119 1.0341 1.0348 1.0201 1.0428 
1.034 1.0029 1.0298 1.0038 1.0153 
1.0293 1.0076 1.0147 1.0223 1.0084 
1.0343 1.044 1.0483 1.0109 1.0051 
1.0453 1.0355 1.0087 1.0455 1.0064 
1.0371 1.0369 1.0238 1.027 1.0223 
1.0157 1.0265 1.028 1.029 1.0406 
1.0151 1.0373 1.0442 1.0226 1.0434 
1.0088 1.0031 1.0124 1.011 1.0169 
1.0212 1.0155 1.0331 1.0257 1.0255 
1.0018 1.0062 1.0222 1.028 1.0008 
1.0399 1.0323 1.0266 1.0147 1.005 
1.0455 1.0481 1.0373 1.0031 1.0491 
1.0251 1.0348 1.0228 1.0111 1.0224 
1.0051 1.0349 1.0146 1.0019 1.0396 
1.0417 1.0137 1.0392 1.0335 1.0008 
1.0088 1.0359 1.0142 1.0379 1.0374 
1.0358 1.0203 1.0208 1.0238 1.011 
1.0139 1.0298 1.0334 1.0238 1.0372 
1.0147 1.0421 1.0268 1.0197 1.0016 
1.0312 1.0364 1.0328 1.0496 1.0404 
1.0358 1.0205 1.0205 1.0458 1.0035 
1.0233 1.0244 1.0074 1.0263 1.0342 
1.0187 1.0441 1.0114 1.0449 1.0392 
1.0054 1.0185 1.0391 1.0371 1.0255 
1.0462 1.0368 1.0228 1.0485 1.0198 
1.0345 1.037 1.0404 1.0001 1.0061 
1.0019 1.0268 1.0403 1.0211 1.015 
1.0492 1.011 1.0138 1.0365 1.0263 
1.048 1.0004 1.021 1.0481 1.0303 
1.0011 1.012 1.0226 1.0386 1.0445 
1.0233 1.043 1.0121 1.0259 1.0011 
1.04 1.0208 1.048 1.008 1.0072 
1.0239 1.0006 1.011 1.0243 1.0054 
1.0442 1.0163 1.0464 1.0012 1.0284 
1.0016 1.0146 1.0297 1.0386 1.014 
1.0375 1.0073 1.0101 1.0448 1.0351 
1.0117 1.0243 1.0012 1.0022 1.004 
1.0387 1.0316 1.0094 1.001 1.0158 
1.0472 1.0328 1.0271 1.0368 1.0153 
1.048 1.0255 1.0222 1.0393 1.0318 
1.0297 1.0429 1.0497 1.032 1.035 
1.0074 1.0173 1.0194 1.0268 1.0147 
1.0247 1.0165 1.0363 1.0063 1.0144 
1.0255 1.0274 1.035 1.0387 1.0366 
1.036 1.0231 1.0379 1.0171 1.0056 
1.0029 1.0312 1.0033 1.0263 1.0475 
1.0029 1.0021 1.0486 1.0239 1.0424 
1.002 1.0052 1.0222 1.0472 1.0368 
1.0125 1.0294 1.0315 1.0043 1.015 
1.0475 1.0264 1.0378 1.0039 1.0422 
1.0016 1.0424 1.0363 1.0419 1.0101 
1.0358 1.0447 1.0394 1.0442 1.0134 
1.0377 1.0493 1.0188 1.0334 1.0258 
1.01 1.0068 1.0159 1.0394 1.0117 
1.0243 1.0049 1.0379 1.04 1.0262 
1.027 1.0321 1.0421 1.0014 1.0163 
1.048 1.0097 1.015 1.0117 1.013 
1.0275 1.0406 1.0204 1.0222 1.028 
1.0484 1.0388 1.0478 1.0328 1.0265 
1.0041 1.0453 1.0111 1.0055 1.0288 
1.0144 1.0306 1.0388 1.0414 1.0122 
1.0275 1.0357 1.0305 1.0025 1.0172 
1.0268 1.0369 1.0399 1.035 1.0127 
1.0201 1.0353 1.0181 1.037 1.0282 
1.0359 1.0217 1.023 1.0271 1.0452 
1.0473 1.0387 1.0181 1.0144 1.0355 
1.0395 1.0136 1.0151 1.0475 1.0316 
1.0431 1.0179 1.0173 1.0452 1.0445 
1.0424 1.0332 1.0175 1.0085 1.0103 
1.0104 1.0365 1.0071 1.0269 1.0086 
1 1.0187 1.0226 1.0223 1.0128 
1.0238 1.0037 1.041 1.0417 1.0318 
1.0026 1.033 1.0185 1.0499 1.0306 
1.0175 1.0403 1.0091 1.0033 1.0104 
1.0055 1.043 1.0293 1.0337 1.0082 
1.0118 1.0481 1.0465 1.0173 1.0032 
1.0425 1.0343 1.0309 1.004 1.0421 
1.0493 1.0209 1.0046 1.0281 1.0261 
1.0492 1.0041 1.0259 1.0051 1.0409 
1.0152 1.0313 1.045 1.0332 1.0375 
1.0096 1.0486 1.0489 1.0139 1.0417 
1.0223 1.0111 1.0105 1.0427 1.0288 
1.0174 1.026 1.0145 1.0294 1.0349 
1.0484 1.0438 1.0242 1.0395 1.043 
1.047 1.0208 1.0448 1.0498 1.0431 
1.0446 1.017 1.0012 1.0152 1.0016 
1.0489 1.0358 1.0209 1.0493 1.0004 
1.036 1.0427 1.0322 1.0116 1.0401 
1.0456 1.0377 1.0186 1.0374 1.037 
1.0189 1.0336 1.0457 1.0232 1.0064 
1.0456 1.0231 1.0278 1.0037 1.0161 
