5
100
100 96 92 98 98 94 93 99 96 90 92 95 96 100 91 97 96 99 96 91 95 100 99 90 100 98 91 98 99 97 100 94 94 94 97 96 93 90 90 99 90 97 96 93 90 100 97 95 93 95 98 97 93 94 97 94 92 98 93 93 93 90 98 98 99 94 95 95 99 95 91 98 96 97 99 99 91 97 91 90 100 100 94 92 94 100 98 97 98 94 98 96 98 90 91 90 98 95 14 7 
180 164 48 173 61 
1.0273 1.0464 1.0325 1.027 1.0395 
1.0422 1.0446 1.0246 1.0031 1.007 
1.031 1.0268 1.0308 1.0259 1.007 
1.0453 1.0304 1.0256 1.0454 1.0003 
1.0001 1.0143 1.0119 1.0234 1.0344 
1.0328 1.0493 1.0191 1.034 1.0457 
1.0017 1.0465 1.0372 1.0031 1.0206 
1.0088 1.0455 1.0045 1.0154 1.0323 
1.0018 1.0187 1.0096 1.0407 1.0451 
1.0422 1.0304 1.019 1.0381 1.041 
1.0298 1.0117 1.0444 1.0012 1.0414 
1.0164 1.0154 1.0093 1.0059 1.0157 
1.0386 1.0479 1.0115 1.0056 1.004 
1.0282 1.0339 1.0327 1.0066 1.0082 
1.0431 1.009 1.0213 1.0231 1.0104 
1.0184 1.0158 1.0004 1.0248 1.0158 
1.0083 1.0052 1.0498 1.0007 1.0153 
1.0474 1.0022 1.0185 1.0184 1.0041 
1.0255 1.0439 1.0253 1.0176 1.0403 
1.0303 1.0434 1.0282 1.0331 1.0246 
1.037 1.0255 1.0064 1.041 1.018 
1.036 1.0278 1.0227 1.0382 1.011 
1.0087 1.023 1.0342 1.0203 1.0453 
1.0217 1.0312 1.017 1.0215 1.0171 
1.0229 1.0206 1.0201 1.0294 1.0084 
1.0415 1.0167 1.001 1.0137 1.0469 
1.0484 1.0282 1.0326 1.0158 1.0311 
1.0404 1.0445 1.0452 1.0181 1.0233 
1.035 1.0138 1.0472 1.0337 1.0359 
1.0061 1.0256 1.0004 1.0149 1.007 
1.0233 1.0254 1.0049 1.0306 1.0404 
1.0429 1.0495 1.0166 1.0425 1.0468 
1.0125 1.0304 1.0144 1.0206 1.0199 
1.0142 1.0198 1.0251 1.0234 1.0062 
1.0034 1.0342 1.0407 1.0089 1.0097 
1.0436 1.0189 1.0044 1.0351 1.0264 
1.0473 1.0479 1.0355 1.0127 1.0297 
1.004 1.0225 1.015 1.0486 1.0496 
1.0006 1.0261 1.0339 1.0428 1.0315 
1.0235 1.0071 1.0463 1.0454 1.0388 
1.043 1.0266 1.0105 1.0065 1.0403 
1.0332 1.0084 1.0238 1.0388 1.0282 
1.0034 1.0496 1.0367 1.0302 1.0331 
1.047 1.032 1.0288 1.0412 1.0441 
1.003 1.0037 1.0402 1.0035 1.0378 
1.0428 1.0355 1.0492 1.0297 1.0173 
1.0078 1.0274 1.031 1.0319 1.0086 
1.0091 1.0004 1.0029 1.0098 1.0248 
1.0137 1.0357 1.0452 1.0145 1.0495 
1.0273 1.0375 1.0022 1.0394 1.0182 
1.0333 1.016 1.025 1.0485 1.0144 
1.0383 1.0306 1.0411 1.0007 1.0206 
1.0082 1.0192 1.0308 1.0394 1.0381 
1.0159 1.0253 1.048 1.0418 1.0213 
1.0271 1.0494 1.0043 1.0064 1.0179 
1.0294 1.0298 1.0194 1.0244 1.0011 
1.0223 1.0034 1.0439 1.0104 1.0475 
1.044 1.0234 1.0232 1.0312 1.0131 
1.0098 1.0281 1.0369 1.0468 1.0382 
1.0219 1.0079 1.0473 1.0269 1.0198 
1.0467 1.0481 1.0239 1.0491 1.0214 
1.0182 1.0333 1.04 1.0295 1.0499 
1.0393 1.0227 1.044 1.014 1.0072 
1.0411 1.0416 1.0262 1.0442 1.0491 
1.0083 1.0091 1.0345 1.0028 1.0486 
1.0353 1.0242 1.0086 1.0464 1.0433 
1.0152 1.0124 1.0181 1.026 1.0374 
1.0351 1.0347 1.0173 1.0459 1.0362 
1.0318 1.0154 1.0052 1.0443 1.0104 
1.0476 1.019 1.0161 1.0293 1.0447 
1.0009 1.0135 1.0395 1.0475 1.0352 
1.04 1.0001 1.0263 1.0134 1.0247 
1.0365 1.0088 1.0304 1.0004 1.024 
1.0077 1.0051 1.0103 1.0137 1.0212 
1.0185 1.0185 1.0208 1.0258 1.0415 
1.0462 1.0472 1.0002 1.0374 1.0306 
1.0406 1.0323 1.0143 1.039 1.0061 
1.0487 1.0271 1.0488 1.0331 1.041 
1.047 1.0049 1.0465 1.0272 1.0214 
1.0299 1.033 1.0294 1.0116 1.0175 
1.0404 1.0459 1.0027 1.0281 1.042 
1.0438 1.0183 1.041 1.0227 1.0126 
1.0324 1.024 1.0332 1.0015 1.0359 
1.024 1.0479 1.0207 1.0445 1.0025 
1.0167 1.0411 1.024 1.0097 1.0145 
1.027 1.0026 1.0268 1.0417 1.037 
1.0415 1.0143 1.02 1.0022 1.0352 
1.0005 1.015 1.0228 1.006 1.0367 
1.0445 1.024 1.0324 1.0466 1.0262 
1.0049 1.0107 1.0463 1.0016 1.0235 
1.0304 1.0418 1.0013 1.0408 1.0094 
1.0018 1.0247 1.0046 1.0235 1.0152 
1.0348 1.0061 1.0068 1.0213 1.047 
1.0189 1.0149 1.0281 1.0211 1.0455 
1.0218 1.0206 1.0434 1.0417 1.0081 
1.0122 1.0092 1.0214 1.0373 1.0124 
1.0497 1.0387 1.0394 1.0448 1.0186 
1.0414 1.0494 1.0429 1.0241 1.0281 
1.0423 1.0062 1.0444 1.0259 1.0129 
1.0048 1.0353 1.0268 1.0258 1.0247 
