5
100
1 40 85 16 1 22 56 63 5 84 86 77 29 18 67 94 11 25 34 98 10 18 54 14 40 32 39 97 37 99 49 18 26 47 36 85 97 32 3 8 42 1 10 38 70 86 26 3 60 11 46 51 52 27 62 41 48 64 31 87 22 93 4 77 6 99 80 13 51 68 41 52 40 65 15 19 40 32 54 62 72 66 60 26 98 9 34 11 87 10 96 86 65 95 53 49 21 18 43 65 
120 48 23 34 116 
1.002 1.0478 1.0132 1.0126 1.0484 
1.0339 1.0127 1.0367 1.0364 1.0073 
1.0473 1.0444 1.0335 1.0234 1.0462 
1.0366 1.04 1.0367 1.0328 1.0482 
1.0099 1.0299 1.0235 1.0433 1.0351 
1.037 1.0261 1.0495 1.0052 1.0465 
1.0402 1.0269 1.0465 1.0372 1.0206 
1.0112 1.0137 1.0222 1.0124 1.0025 
1.0362 1.0498 1.0081 1.0106 1.0434 
1.0248 1.0158 1.0266 1.0085 1.0001 
1.0194 1.0323 1.0295 1.0303 1.0199 
1.0351 1.025 1.0015 1.0435 1.0045 
1.0198 1.0092 1.0077 1.0394 1.0217 
1.0464 1.0142 1.0411 1.0045 1.0425 
1.0449 1.0296 1.0196 1.0349 1.0026 
1.0202 1.0238 1.0086 1.0219 1.0101 
1.0153 1.0121 1.019 1.0189 1.0169 
1.0066 1.0427 1.0322 1.0493 1.0007 
1.0477 1.0413 1.003 1.0352 1.0326 
1.0345 1.027 1.0458 1.0252 1.0118 
1.038 1.0354 1.023 1.0293 1.0454 
1.0093 1.0339 1.006 1.0455 1.005 
1.0241 1.0115 1.0438 1.0107 1.0261 
1.01 1.0195 1.0399 1.0406 1.0306 
1.016 1.0408 1.0239 1.0432 1.0171 
1.0297 1.0489 1.0064 1.0302 1.0446 
1.0417 1.0374 1.0414 1.0458 1.0314 
1.0323 1.0173 1.0313 1.0193 1.0053 
1.0161 1.0406 1.0078 1.0141 1.0494 
1.0227 1.033 1.0082 1.0139 1.0388 
1.0149 1.046 1.0012 1.0092 1.0482 
1.0013 1.0112 1.041 1.0429 1.0114 
1.0008 1.014 1.0265 1.013 1.0215 
1.0153 1.011 1.0122 1.0335 1.048 
1.0168 1.0364 1.0228 1.0195 1.0372 
1.001 1.032 1.0137 1.0158 1.0013 
1.0407 1.0315 1.0192 1.0331 1.0487 
1.0057 1.0106 1.038 1.0375 1.0252 
1.0035 1.006 1.0227 1.0335 1.0491 
1.0418 1.0452 1.0127 1.0049 1.0087 
1.0409 1.0383 1.0287 1.0222 1.0129 
1.0156 1.0487 1.0178 1.0167 1.0076 
1.0412 1.0044 1.0198 1.0469 1.0362 
1.0431 1.0315 1.0453 1.0418 1.0034 
1.0383 1.0047 1.0218 1.0053 1.0321 
1.0252 1.0004 1.001 1.0123 1.0304 
1.0088 1.0077 1.0044 1.0466 1.0142 
1.0201 1.0434 1.0303 1.0116 1.0102 
1.0201 1.0173 1.0169 1.0372 1.0312 
1.0374 1.0475 1.0201 1.0134 1.0017 
1.0403 1.0286 1.0356 1.0059 1.0183 
1.0245 1.0061 1.0159 1.0279 1.0027 
1.0097 1.0307 1.0438 1.0344 1.0139 
1.0293 1.027 1.0119 1.0048 1.0382 
1.0207 1.0361 1.0105 1.0408 1.0413 
1.0272 1.0149 1.0094 1.0141 1.024 
1.0034 1.0104 1.0381 1.0296 1.0114 
1.0288 1.0353 1.0449 1.0471 1.0016 
1.0273 1.04 1.0307 1.0301 1.0104 
1.0105 1.0005 1.0012 1.0115 1.014 
1.044 1.0146 1.0231 1.0231 1.0207 
1.0149 1.0267 1.0332 1.0173 1.0357 
1.0257 1.0076 1.0354 1.0424 1.0383 
1.0464 1.0041 1.047 1.0249 1.0172 
1.0255 1.0331 1.0313 1.0105 1.0247 
1.0418 1.0114 1.0467 1.0476 1.0426 
1.026 1.0202 1.0176 1.0047 1.0184 
1.0148 1.0355 1.0348 1.0228 1.0148 
1.0448 1.0198 1.0482 1.0434 1.0113 
1.0375 1.0277 1.0271 1.0389 1.0308 
1.0342 1.0046 1.0101 1.0036 1.01 
1.0431 1.0283 1.0294 1.0483 1.0002 
1.0295 1.0192 1.0394 1.0095 1.0158 
1.0345 1.0088 1.0281 1.0077 1.0112 
1.0003 1.0165 1.0102 1.0354 1.0226 
1.0233 1.0317 1.037 1.0144 1.0008 
1.0242 1.0047 1.0433 1.0203 1.0377 
1.011 1.001 1.0173 1.0341 1.0069 
1.0287 1.0211 1.0189 1.0086 1.0417 
1.0115 1.0153 1.0464 1.0216 1.0421 
1.0081 1.0402 1.0137 1.037 1.0399 
1.0333 1.0461 1.0017 1.0149 1.0245 
1.0168 1.028 1.048 1.0131 1.031 
1.04 1.0203 1.0494 1.0058 1.0243 
1.0451 1.0082 1.0396 1.0485 1.0336 
1.0468 1.01 1.0136 1.0224 1.0403 
1.0139 1.0325 1.0131 1.0262 1.0081 
1.0064 1.0131 1.0111 1.0148 1.0063 
1.0045 1.0224 1.044 1.0233 1.0351 
1.0276 1.032 1.0124 1.0379 1.0176 
1.04 1.033 1.0472 1.0446 1.0127 
1.0448 1.0395 1.0122 1.0123 1.008 
1.0269 1.0327 1.0215 1.0407 1.0331 
1.016 1.0232 1.0321 1.019 1.0168 
1.0038 1.0073 1.0353 1.0347 1.0229 
1.0061 1.0203 1.0434 1.03 1.0488 
1.0189 1.0264 1.0369 1.02 1.0364 
1.0277 1.0131 1.0348 1.0206 1.0415 
1.0271 1.0178 1.0051 1.044 1.0024 
1.0014 1.011 1.0416 1.009 1.0068 
