25
500
8249 8631 8990 134 4194 8364 1987 8878 625 4223 7735 8155 3256 4916 5335 2148 4820 4246 4528 802 5034 3403 1924 2992 1695 9565 7386 6479 7368 9957 4944 5300 7485 8508 7704 8000 8305 5066 8892 6995 2720 1084 5757 8941 9524 7501 971 3437 7153 9268 8303 6674 6370 1152 8611 3137 1583 3030 6083 1511 6816 2099 7767 6266 7614 9095 5535 8527 2671 5832 5132 4936 700 9659 2163 1069 6390 4792 7593 3080 111 1195 2626 2654 5985 4578 3937 2917 1910 9312 8863 7098 8646 3094 7028 4434 7420 4245 330 5007 996 683 9540 4106 216 2911 9774 8476 131 855 2687 9159 9253 7770 3918 4870 5026 603 5298 4078 4381 9724 2809 4781 2235 6509 174 6772 3185 2135 734 8983 3368 7840 5614 2856 4895 5752 7091 4033 4344 659 2723 7804 7900 9772 7857 6498 8031 7607 3250 8435 2316 2573 6932 1281 2564 6486 8465 7095 8007 6748 1983 426 7356 6976 6919 4232 1485 7017 1233 4946 7659 8961 7775 7594 2167 6256 6043 3728 6314 7764 6869 9240 9644 4514 9118 341 8338 1329 4642 4699 8810 8147 9688 743 9927 1868 8648 2196 8941 1456 5136 2274 8516 9845 8500 3680 6195 1101 3159 7077 4663 1273 7745 3518 6344 4448 9828 1160 9681 251 5482 5225 6050 6530 6638 3654 5186 7472 302 1337 6468 6774 4012 9539 2017 1935 516 6641 2588 5834 9654 3067 6370 7517 7597 383 5325 4953 7563 8437 388 8295 4238 8756 1116 5084 7598 8910 2931 6418 4495 5039 5497 712 6062 5450 3842 4257 1149 1062 3029 3757 4929 1243 1572 8138 4540 331 5756 6256 1077 9009 9755 4413 7958 129 6424 6619 7135 3865 3034 9898 6918 7150 616 3160 2448 5704 6243 7789 3578 8840 4104 347 6026 1546 3912 7011 2964 509 7843 7747 3355 94 8988 7698 4691 6481 3218 9001 5427 7899 644 7991 2408 2101 4435 8314 1522 8919 1104 7649 3353 2219 3314 4956 6832 7037 530 2146 2065 961 4048 2028 2348 4133 7166 6807 5570 7021 2045 4367 7104 4698 7198 4389 2164 8521 1417 1876 2316 1648 5068 967 2295 1543 289 8801 2785 6980 361 4497 7994 6847 1751 6501 3466 5240 1786 7521 6786 26 949 7125 8078 7378 2273 539 7094 1328 5624 8280 2288 7497 1746 5405 4783 2749 8187 4235 6092 5260 5764 8694 4647 1646 2362 7500 8823 2246 8870 3482 6434 2065 6341 5758 5393 1464 1233 4205 2298 7276 7438 2973 4322 5355 5980 3358 1426 9573 301 308 6454 9169 2469 673 8083 6327 1882 1957 8250 3348 7653 5095 1256 4451 1578 3400 5071 720 3718 7432 7669 9007 4210 4720 7992 1714 5192 6805 5107 5495 6850 9628 2296 3539 2837 7233 9583 9503 7893 1609 7054 7359 4829 1592 8248 1915 8224 2214 2984 833 7945 8942 9652 2562 9854 2963 84 2093 2791 7831 4425 398 6975 1502 7506 5217 
1348 818 786 4860 1752 1511 4880 2911 235 3907 2430 2229 3878 1083 3515 1155 4898 3528 840 4175 2809 2086 2571 3472 312 
1.0336 1.0206 1.0305 1.0379 1.0229 1.0259 1.0314 1.0108 1.0369 1.0099 1.0154 1.0092 1.0413 1.046 1.007 1.0179 1.0051 1.0407 1.0193 1.0171 1.0331 1.0073 1.0177 1.0243 1.0083 
1.029 1.0068 1.0277 1.0235 1.0143 1.02 1.0396 1.0378 1.0262 1.0065 1.0205 1.0127 1.0323 1.0066 1.0333 1.0278 1.0253 1.0135 1.0323 1.0435 1.0357 1.0129 1.0299 1.0495 1.007 
1.011 1.0206 1.0208 1.0446 1.0327 1.0179 1.0256 1.0184 1.016 1.0071 1.0221 1.0191 1.0407 1.0344 1.0199 1.0042 1.0119 1.0367 1.0157 1.0416 1.0197 1.0087 1.0217 1.0277 1.0479 
1.0338 1.0071 1.043 1.0101 1.0466 1.0039 1.0326 1.0038 1.033 1.037 1.0185 1.0061 1.0202 1.0234 1.0253 1.0219 1.036 1.0093 1.0195 1.0167 1.0213 1.0181 1.0331 1.0075 1.0003 
1.0192 1.0275 1.012 1.0364 1.0401 1.0289 1.0265 1.0383 1.0125 1.0226 1.0499 1.0265 1.016 1.0242 1.0321 1.0131 1.0441 1.0074 1.045 1.0215 1.0143 1.0049 1.0016 1.0496 1.0292 
1.033 1.034 1.0345 1.009 1.0088 1.0317 1.0152 1.0108 1.0195 1.0138 1.0407 1.0132 1.0042 1.0218 1.0147 1.0139 1.0086 1.0298 1.0497 1.0148 1.0098 1.0382 1.0066 1.0316 1.0152 
1.0299 1.0229 1.0493 1.0495 1.0128 1.0394 1.0458 1.0064 1.0251 1.0266 1.0278 1.0378 1.0274 1.0186 1.0285 1.0265 1.0019 1.0371 1.0096 1.0167 1.0076 1.0311 1.0119 1.0069 1.0134 
1.0408 1.0183 1.0315 1.0457 1.0117 1.0093 1.0483 1.0339 1.0046 1.0149 1.0227 1.0485 1.0304 1.0467 1.0122 1.0115 1.0178 1.0487 1.0172 1.0221 1.0005 1.0339 1.0024 1.046 1.013 
1.0065 1.0233 1.035 1.0457 1.0114 1.0332 1.034 1.0464 1.0067 1.0417 1.029 1.0173 1.0406 1.0156 1.0462 1.0145 1.0327 1.045 1.0486 1.0341 1.027 1.002 1.0112 1.0307 1.0344 
1.0083 1.0443 1.0413 1.039 1.0109 1.0047 1.0271 1.0237 1.0187 1.0168 1.0198 1.0372 1.0019 1.0407 1.0344 1.045 1.0139 1.0242 1.0419 1.036 1.0319 1.0257 1.049 1.013 1.0348 
1.0416 1.0185 1.0449 1.0029 1.0314 1.0288 1.0024 1.0435 1.0303 1.001 1.0025 1.0411 1.0103 1.0366 1.0123 1.0111 1.0435 1.0283 1.0145 1.0029 1.0291 1.0176 1.0106 1.0286 1.0448 
1.0369 1.0294 1.0107 1.047 1.0225 1.0016 1.044 1.0334 1.0348 1.0158 1.0214 1.0026 1.0008 1.0164 1.0119 1.0209 1.0264 1.0105 1.0043 1.0105 1.0399 1.0122 1.0265 1.033 1.0255 
1.0457 1.0055 1.0341 1.0303 1.0461 1.041 1.032 1.0177 1.0054 1.0413 1.0048 1.021 1.0327 1.0191 1.0076 1.0443 1.0254 1.0163 1.0444 1.0269 1.018 1.0204 1.0381 1.0171 1.0458 
1.0213 1.0427 1.0374 1.0255 1.0014 1.0149 1.0293 1.0031 1.0312 1.01 1.0055 1.0491 1.0362 1.0386 1.0254 1.0486 1.0456 1.036 1.0021 1.026 1.0168 1.0058 1.0412 1.0365 1.0451 
1.0422 1.039 1.0144 1.0433 1.0352 1.0131 1.0416 1.0384 1.044 1.044 1.0394 1.0166 1.0196 1.0107 1.0096 1.0309 1.0272 1.0171 1.0098 1.0474 1.0183 1.0416 1.014 1.0177 1.044 
1.0486 1.0131 1.0116 1.0277 1.0032 1.0087 1.0214 1.005 1.0103 1.0283 1.0423 1.0197 1.034 1.0047 1.0241 1.0372 1.0031 1.0299 1.04 1.0356 1.0272 1.0116 1.0273 1.0293 1.0411 
1.0033 1.0415 1.0059 1.0274 1.0334 1.0076 1.0051 1.031 1.0375 1.0187 1.0236 1.0179 1.0251 1.0113 1.0075 1.0356 1.0375 1.0161 1.0305 1.0095 1.0422 1.0063 1.0452 1.0496 1.0081 
1.0073 1.0021 1.0196 1.0095 1.0029 1.0492 1.0447 1.0399 1.0029 1.044 1.0274 1.0392 1.0408 1.0313 1.0483 1.0282 1.0404 1.0251 1.0026 1.023 1.0296 1.0137 1.0349 1.0082 1.0116 
1.007 1.0022 1.0082 1.0119 1.0031 1.0132 1.0242 1.0144 1.0465 1.0119 1.0469 1.0352 1.0356 1.0435 1.0421 1.0067 1.0264 1.0495 1.0376 1.0453 1.0347 1.0178 1.0026 1.0199 1.0487 
1.0379 1.006 1.0238 1.0377 1.0194 1.0225 1.0055 1.0042 1.0315 1.0339 1.0432 1.0157 1.0485 1.0364 1.0018 1.0438 1.0381 1.0446 1.0347 1.0106 1.048 1.0479 1.0422 1.0314 1.0045 
1.0313 1.0016 1.0164 1.0016 1.0404 1.0414 1.0383 1.0112 1.0121 1.0136 1.029 1.0488 1.044 1.0228 1.0473 1.03 1.0473 1.0087 1.0075 1.0284 1.042 1.0471 1.0303 1.0386 1.0469 
1.0338 1.0084 1.0168 1.0001 1.0125 1.0187 1.0132 1.0234 1.0193 1.0436 1.0099 1.0296 1.0026 1.0155 1.0159 1.0421 1.0478 1.0373 1.0273 1.0018 1.0216 1.0497 1.0103 1.0268 1.0192 
1.0456 1.0242 1.0234 1.0418 1.0201 1.0138 1.0219 1.0244 1.0368 1.0036 1.0106 1.0117 1.0217 1.0333 1.0408 1.0067 1.0068 1.0481 1.0238 1.0158 1.0368 1.0094 1.0044 1.0042 1.0244 
1.0346 1.0337 1.0049 1.0492 1.0446 1.0243 1.0074 1.0364 1.0018 1.0286 1.0451 1.0082 1.0473 1.038 1.0206 1.0426 1.0069 1.0231 1.0478 1.0126 1.0286 1.0143 1.0015 1.0355 1.0429 
1.0118 1.0103 1.0129 1.0016 1.0309 1.0135 1.0222 1.0416 1.0159 1.0395 1.0181 1.0119 1.0423 1.0157 1.0096 1.0219 1.0371 1.0303 1.0444 1.0327 1.0372 1.0119 1.0153 1.0233 1.0433 
1.0195 1.0374 1.0196 1.0178 1.0205 1.0289 1.0194 1.0407 1.0032 1.0322 1.0161 1.0469 1.0279 1.0316 1.0405 1.0369 1.0025 1.0333 1.0045 1.0069 1.0318 1.0339 1.0207 1.0442 1.0346 
1.0363 1.0165 1.035 1.0476 1.0177 1.0178 1.0154 1.0396 1 1.0135 1.0259 1.006 1.0023 1.0174 1.027 1.0019 1.018 1.0329 1.0316 1.0327 1.02 1.0491 1.0203 1.0192 1.0259 
1.0176 1.0175 1.0029 1.0245 1.0253 1.0035 1.0091 1.0189 1.0389 1.0244 1.022 1.0482 1.0302 1.0458 1.0118 1.0392 1.024 1.04 1.0492 1.0172 1.0284 1.0419 1.0048 1.0477 1.0151 
1.0146 1.0154 1.024 1.026 1.0285 1.0216 1.0083 1.01 1.0241 1.0482 1.0091 1.0113 1.0342 1.0495 1.0356 1.0129 1.0412 1.0356 1.0284 1.0187 1.0495 1.0037 1.041 1.0013 1.0318 
1.0278 1.0244 1.0156 1.0222 1.0208 1.0268 1.0093 1.0222 1.0125 1.0235 1.0286 1.0322 1.036 1.0474 1.0201 1.0237 1.0159 1.0152 1.0259 1.0139 1.0081 1.0072 1.0183 1.0023 1.0144 
1.046 1.0127 1.0335 1.0468 1.0263 1.0024 1.0269 1.011 1.0211 1.0334 1.0398 1.0299 1.0182 1.0218 1.0046 1.0395 1.037 1.0356 1.0411 1.0028 1.0446 1.0463 1.0401 1.0303 1.006 
1.0111 1.0089 1.0354 1.0123 1.0149 1.0445 1.0403 1.0314 1.0136 1.0332 1.0136 1.0238 1.0403 1.0477 1.0043 1.0438 1.0114 1.0021 1.0492 1.0397 1.0191 1.012 1.0413 1.0067 1.0438 
1.0037 1.0265 1.0257 1.047 1.0442 1.048 1.0215 1.0073 1.0478 1.0422 1.0075 1.0453 1.0317 1.0173 1.0076 1.0441 1.0296 1.0441 1.0131 1.0152 1.0134 1.0354 1.0252 1.024 1.0317 
1.0332 1.04 1.047 1.0453 1.0346 1.0173 1.0019 1.0266 1.0023 1.0279 1.0138 1.034 1.0442 1.0338 1.0497 1.0404 1.0068 1.0108 1.0357 1.0481 1.0056 1.0444 1.0486 1.0355 1.0386 
1.0319 1.0102 1.0203 1.0342 1.041 1.0404 1.0367 1.0307 1.0491 1.0384 1.0253 1.0459 1.0161 1.0001 1.0054 1.0161 1.0391 1.0447 1.0043 1.0307 1.0184 1.0415 1.0428 1.0413 1.0372 
1.0256 1.0315 1.0405 1.0237 1.0395 1.0259 1.0151 1.022 1.0184 1.0153 1.0368 1.0058 1.005 1.0335 1.0275 1.0015 1.0093 1.0035 1.0236 1.0234 1.0267 1.0443 1.0144 1.0285 1.0478 
1.0235 1.0408 1.0134 1.0379 1.0122 1.0324 1.0369 1.0073 1.0168 1.0371 1.0008 1.0276 1.0143 1.0057 1.0069 1.036 1.042 1.028 1.0079 1.0267 1.0041 1.0239 1.0359 1.0054 1.0249 
1.0452 1.0256 1.0113 1.0127 1.0148 1.0233 1.0141 1.0371 1.0376 1.0494 1.0354 1.0017 1.047 1.0178 1.0102 1.0124 1.0356 1.02 1.0453 1.0494 1.0296 1.0407 1.0225 1.0176 1.0217 
1.0474 1.0429 1.0156 1.0373 1.0492 1.0357 1.0113 1.0407 1.0019 1.0123 1.0423 1.0183 1.0052 1.0217 1.0376 1.0092 1.0002 1.0018 1.0463 1.023 1.0388 1.0198 1.027 1.0056 1.0185 
1.0198 1.0153 1.0003 1.0056 1.0207 1.0097 1.0343 1.0481 1.0057 1.0242 1.0226 1.0388 1.0427 1.0316 1.0159 1.0012 1.0062 1.0463 1.0208 1.0101 1.0015 1.041 1.0003 1.0126 1.0304 
1.0426 1.0357 1.0166 1.0317 1.0432 1.0156 1.0299 1.0499 1.0348 1.0455 1.0183 1.0066 1.0362 1.008 1.0495 1.0424 1.0441 1.0253 1.0409 1.0253 1.0086 1.0054 1.0382 1.0104 1.0303 
1.0317 1.0284 1.0477 1.0137 1.0271 1.042 1.0325 1.0263 1.0278 1.0224 1.0015 1.0436 1.04 1.0039 1.0293 1.0195 1.0299 1.0465 1.0394 1.012 1.0137 1.0072 1.048 1.0286 1.0318 
1.0155 1.0422 1.0351 1.0464 1.0474 1.0214 1.0083 1.0247 1.0354 1.0345 1.0493 1.012 1.0478 1.0371 1.0414 1.0026 1.0318 1.0144 1.0079 1.0287 1.006 1.0266 1.0125 1.0092 1.0156 
1.0115 1.0291 1.0485 1.0465 1.0431 1.0428 1.0195 1.0036 1.0085 1.0042 1.0286 1.0058 1.0037 1.033 1.0373 1.0338 1.0226 1.0345 1.0299 1.0212 1.0024 1.0242 1.0309 1.0053 1.0425 
1.0429 1.0342 1.025 1.0019 1.0227 1.0066 1.0327 1.0218 1.0263 1.0149 1.0121 1.016 1.0105 1.049 1.0278 1.0264 1.0329 1.0171 1.0068 1.0395 1.0426 1.0212 1.0308 1.006 1.0103 
1.008 1.0068 1.0007 1.0393 1.0474 1.004 1.014 1.029 1.038 1.0122 1.0137 1.0442 1.0056 1.0087 1.0093 1.0428 1.038 1.038 1.0034 1.0475 1.0291 1.0184 1.0274 1.015 1.0064 
1.0364 1.0365 1.0101 1.0491 1.0417 1.035 1.0409 1.049 1.0084 1.0027 1.0469 1.0046 1.0472 1.021 1.0166 1.0206 1.0151 1.0418 1.0328 1.0074 1.0094 1.0161 1.0414 1.0484 1.0046 
1.0335 1.0015 1.0059 1.0335 1.0335 1.0378 1.0433 1.0036 1.0472 1.0243 1.0007 1.0091 1.047 1.0108 1.0082 1.0295 1.001 1.0391 1.0152 1.0083 1.0316 1.0368 1.0183 1.0473 1.0112 
1.0065 1.0041 1.0083 1.0443 1.0316 1.0293 1.0352 1.0362 1.0089 1.0358 1.0122 1.0158 1.0425 1.0001 1.0302 1.0187 1.0362 1.0499 1.0341 1.0087 1.0083 1.0431 1.0362 1.0095 1.0199 
1.0097 1.0155 1.004 1.0141 1.0164 1.0421 1.0181 1.0455 1.0481 1.0066 1.0057 1.0039 1.0128 1.0421 1.0095 1.0181 1.0195 1.0481 1.0129 1.0206 1.0285 1.0074 1.0233 1.0013 1.0348 
1.0484 1.0237 1.0456 1.0174 1.0408 1.0102 1.0321 1.0324 1.0316 1.0264 1.0037 1.0329 1.0486 1.0307 1.038 1.0129 1.0136 1.042 1.0151 1.0137 1.011 1.023 1.0395 1.0218 1.0428 
1.0427 1.0339 1.0056 1.019 1.048 1.0443 1.0074 1.035 1.0288 1.0313 1.0434 1.0253 1.0103 1 1.0186 1.02 1.0198 1.0272 1.0309 1.0356 1.0117 1.0418 1.0326 1.0428 1.0085 
1.0296 1.0187 1.0398 1.0179 1.0186 1.0485 1.0256 1.0297 1.021 1.0379 1.0188 1.0083 1.0485 1.0104 1.0382 1.0172 1.0247 1.0361 1.0073 1.035 1.0174 1.0407 1.0025 1.0192 1.037 
1.0296 1.0416 1.0455 1.0423 1.0052 1.039 1.0399 1.0013 1.0475 1.0265 1.0302 1.0131 1.0421 1.0336 1.0117 1.0176 1.0305 1.0263 1.0074 1.0359 1.0275 1.0264 1.0189 1.0122 1.0124 
1.0313 1.0079 1.0093 1.0154 1.0283 1.0352 1.0322 1.0276 1.0441 1.0149 1.0175 1.0462 1.0247 1.0345 1.042 1.0148 1.0047 1.0175 1.0194 1.0133 1.0317 1.0332 1.0365 1.0483 1.004 
1.0041 1.0101 1.0294 1.0297 1.0436 1.0234 1.0421 1.0308 1.0206 1.0398 1.0199 1.0312 1.0192 1.0357 1.0486 1.0135 1.0206 1.0308 1.012 1.0301 1.0437 1.0331 1.0219 1.0313 1.0358 
1.0423 1.0327 1.0194 1.0218 1.0372 1.0245 1.0106 1.0447 1.0438 1.0278 1.0056 1.0143 1.0151 1.024 1.0287 1.0132 1.008 1.0492 1.023 1.0019 1.0439 1.0425 1.0434 1.0085 1.0305 
1.0195 1.0171 1.0286 1.0067 1.0384 1.0022 1.0092 1.0022 1.0423 1.0471 1.0116 1.0299 1.025 1.0173 1.0011 1.0148 1.025 1.0162 1.0107 1.048 1.0092 1.0476 1.0471 1.0253 1.0118 
1.0464 1.0009 1.0036 1.0147 1.0167 1.0259 1.0037 1.0067 1.0014 1.014 1.0184 1.0166 1.0367 1.0331 1.0046 1.0214 1.0232 1 1.0212 1.0451 1.0185 1.0162 1.0429 1.0375 1.0313 
1.0421 1.0226 1.021 1.0498 1.0056 1.0147 1.004 1.0255 1.0134 1.0388 1.0428 1.0321 1.0385 1.0497 1.0183 1.0036 1.0007 1.0241 1.0345 1.0394 1.0248 1.0369 1.0096 1.0374 1.0143 
1.0488 1.0251 1.0247 1.0013 1.0298 1.0224 1.0487 1.0079 1.0469 1.0421 1.013 1.0132 1.0384 1.0428 1.0118 1.0466 1.0166 1.0373 1.0349 1.0031 1.0029 1.0204 1.002 1.0031 1 
1.0495 1.0385 1 1.0321 1.0176 1.0068 1.0186 1.0399 1.0383 1.0122 1.0196 1.0427 1.001 1.0472 1.0375 1.0489 1.0042 1.0118 1.0461 1.0166 1.029 1.0149 1.0445 1.0316 1.0342 
1.0397 1.0321 1.0097 1.0161 1.0259 1.0188 1.0295 1.0173 1.0048 1.0153 1.0051 1.0203 1.0066 1.0064 1.0293 1.0102 1.0271 1.0219 1.0339 1.0085 1.0402 1.0163 1.007 1.0145 1.0133 
1.0221 1.0085 1.0311 1.0256 1.0307 1.0284 1.045 1.0471 1.0255 1.0284 1.0263 1.016 1.0018 1.0127 1.0002 1.0017 1.0029 1.0291 1.026 1.0397 1.0312 1.0449 1.0153 1.0116 1.0147 
1.018 1.0476 1.0155 1.0473 1.0231 1.0093 1.0007 1.0106 1.0087 1.0083 1.0392 1.0156 1.0487 1.0105 1.0343 1.0086 1.0295 1.0322 1.0407 1.0429 1 1.0087 1.0322 1.0163 1.0464 
1.0412 1.0203 1.0336 1.0457 1.034 1.0439 1.015 1.0212 1.0084 1.0455 1.0056 1.023 1.0311 1.0268 1.0226 1.0003 1.0301 1.0284 1.0124 1.038 1.0473 1.0139 1.028 1.0187 1.0325 
1.0228 1.0126 1.0458 1.0099 1.0222 1.0234 1.0311 1.0094 1.0371 1.0103 1.0335 1.0222 1.0252 1.0458 1.0284 1.0216 1.0068 1.0336 1.0093 1.0174 1.0105 1.0404 1.0016 1.0141 1.0276 
1.0248 1.0317 1.0276 1.0221 1.0487 1.0402 1.04 1.0396 1.0179 1.0244 1.0192 1.037 1.048 1.0193 1.0347 1.0094 1.0145 1.0108 1.0383 1.0493 1.0209 1.0168 1.0321 1.004 1.0032 
1.0317 1.0386 1.0402 1.0448 1.0431 1.0081 1.0453 1.0126 1.026 1.0226 1.0109 1.0373 1.0004 1.0084 1.0298 1.0493 1.0108 1.0082 1.0113 1.028 1.0124 1.0155 1.0418 1.0093 1.0072 
1.0432 1.0032 1.0493 1.022 1.0023 1.003 1.0198 1.0402 1.0141 1.0237 1.0346 1.0404 1.0307 1.0014 1.0192 1.007 1.0292 1.0249 1.0484 1.0143 1.0053 1.0294 1.0037 1.0032 1.0475 
1.0495 1.023 1.0436 1.0409 1.0394 1.0449 1.0222 1.0001 1.0129 1.0148 1.0415 1.0317 1.0439 1.0021 1.0315 1.0189 1.0352 1.0338 1.0246 1.0147 1.0399 1.0172 1.0415 1.0037 1.0251 
1.0383 1.0121 1.039 1.0129 1.0377 1.0005 1.0132 1.0185 1.0178 1.0351 1.0106 1.0423 1.0009 1.0096 1.0246 1.0274 1.0196 1.0118 1.0339 1.0013 1.0449 1.0029 1.0038 1.0378 1.0075 
1.0355 1.007 1.0165 1.0468 1.0395 1.0479 1.0455 1.035 1.0096 1.032 1.0286 1.0183 1.0482 1.0307 1.0117 1.0152 1.0475 1.0417 1.0412 1.0399 1.0428 1.0113 1.0353 1.014 1.0242 
1.0402 1.0279 1.0067 1.0289 1.0185 1.0216 1.0464 1.0245 1.0451 1.0143 1.0238 1.015 1.0191 1.0091 1.0344 1.0306 1.0207 1.0097 1.0185 1.0461 1.0044 1.005 1.0128 1.0002 1.0191 
1.0349 1.0384 1.0459 1.0273 1.0213 1.0432 1.0425 1.019 1.0106 1.0057 1.0037 1.0222 1.0352 1.0354 1.0321 1.0039 1.0209 1.0012 1.0287 1.0007 1.0053 1.0043 1.0183 1.009 1.0171 
1.0449 1.0368 1.0143 1.0273 1.0066 1.001 1.0343 1.0034 1.0256 1.0201 1.022 1.0327 1.0472 1.0319 1.033 1.0376 1.0364 1.0221 1.046 1.0277 1.0046 1.0071 1.0258 1.0052 1.0149 
1.0188 1.0051 1.0464 1.0338 1.0209 1.0113 1.0427 1.0174 1.0173 1.023 1.0436 1.0142 1.02 1.0038 1.0044 1.0175 1.0097 1.0474 1.0434 1.0144 1.0002 1.0287 1.028 1.0372 1.0063 
1.0236 1.01 1.0056 1.0139 1.0439 1.0171 1.0109 1.0431 1.0202 1.0341 1.0105 1.0251 1.0365 1.0365 1.032 1.0042 1.0388 1.0418 1.0248 1.0355 1.0007 1.0302 1.0366 1.0401 1.0276 
1.0094 1.0012 1.0168 1.0468 1.0322 1.0458 1.0249 1.0177 1.0167 1.0384 1.0021 1.0251 1.0378 1.0415 1.0101 1.0133 1.0162 1.0132 1.0064 1.0074 1.0261 1.0251 1.0451 1.0487 1.0455 
1.0421 1.0417 1.0159 1.0008 1.0187 1.0063 1.0426 1.0403 1.016 1.0098 1.0422 1.0355 1.04 1.0437 1.0204 1.0213 1.0211 1.0296 1.0341 1.003 1.0157 1.0053 1.0004 1.0034 1.0227 
1.0489 1.0071 1.0204 1.0359 1.0042 1.0228 1.032 1.0019 1.0444 1.0078 1.0407 1.0027 1.004 1.0015 1.0314 1.0084 1.0228 1.0069 1.0202 1.0276 1.0053 1.0456 1.017 1.0199 1.0469 
1.0462 1.0293 1.0094 1.0113 1.0034 1.0022 1.0343 1.0022 1.0169 1.0325 1.0172 1.0493 1.0262 1.0104 1.0244 1.0313 1.0451 1.009 1.0375 1.0024 1.0124 1.0242 1.0228 1.0078 1.0272 
1.0303 1.0492 1.0261 1.0402 1.0399 1.0194 1.0128 1.0006 1.0114 1.021 1.0339 1.0199 1.016 1.0218 1.0475 1.0479 1.0105 1.0014 1.0222 1.0301 1.0167 1.0118 1.0324 1.0143 1.0389 
1.0318 1.0211 1.0125 1.0264 1.0288 1.0288 1 1.0375 1.0094 1.0499 1.0229 1.0419 1.029 1.0481 1.004 1.0014 1.043 1.0064 1.0001 1.0335 1.0469 1.0351 1.0362 1.0263 1.0345 
1.0379 1.0315 1.0226 1.0275 1.0361 1.0389 1.0485 1.0043 1.0032 1.0145 1.015 1.0409 1.0153 1.0396 1.0213 1.0152 1.0134 1.0454 1.0214 1.0265 1.0356 1.0272 1.0331 1.0168 1.0052 
1.0229 1.0435 1.0001 1.0435 1.0478 1.0367 1.0385 1.0353 1.033 1.0496 1.0401 1.0427 1.0138 1.0137 1.0036 1.0425 1.0104 1.0334 1.0449 1.0019 1.0245 1.0121 1.0108 1.0305 1.0081 
1.0429 1.0378 1.0432 1.0051 1.0444 1.0013 1.0375 1.0434 1.0205 1.0128 1.0436 1.0234 1.0029 1.0026 1.0035 1.0094 1.0317 1.0062 1.0184 1.0138 1.0345 1.038 1.0024 1.0215 1.0212 
1.045 1.042 1.047 1.0288 1.0233 1.0157 1.0405 1.0403 1.0068 1.0047 1.0365 1.0277 1.0313 1.0072 1.0185 1.0156 1.0384 1.0412 1.0338 1.0174 1.0421 1.0055 1.0416 1.0494 1.0341 
1.0338 1.0383 1.0458 1.0027 1.0274 1.041 1.0338 1.0434 1.0477 1.0404 1.0105 1.0363 1.007 1.0211 1.01 1.0029 1.0119 1.0377 1.0103 1.0053 1.0421 1.0081 1.0388 1.0051 1.0275 
1.0247 1.0269 1.0124 1.0275 1.0128 1.049 1.027 1.029 1.044 1.0366 1.0225 1.005 1.0412 1.043 1.0143 1.0393 1.0286 1.0116 1.047 1.016 1.011 1.0252 1.0364 1.0189 1.0124 
1.0165 1.0047 1.0432 1.024 1.027 1.0059 1.0363 1.0217 1.0094 1.0453 1.0332 1.0317 1.0197 1.0061 1.0488 1.0083 1.0008 1.0054 1.0002 1.0006 1.04 1.0032 1.0298 1.0497 1.0105 
1.0054 1.0046 1.0435 1.0448 1.0429 1.0184 1.0318 1.0091 1.0177 1.039 1.0306 1.0025 1.0122 1.029 1.0483 1.0474 1.0394 1.0062 1.0095 1.0471 1.0178 1.0035 1.0193 1.0397 1.023 
1.028 1.0231 1.0122 1.0236 1.017 1.0289 1.0437 1.0483 1.005 1.0346 1.0239 1.0028 1.0118 1.031 1.0286 1.0421 1.0279 1.0448 1.0341 1.0102 1.0366 1.0386 1.0044 1.0197 1.0073 
1.0368 1.0293 1.0265 1.0157 1.0057 1.0095 1.0265 1.0238 1.0116 1.033 1.0145 1.0074 1.0125 1.0251 1.0457 1.0298 1.049 1.0106 1.0181 1.0157 1.0056 1.0465 1.0093 1.0122 1.0358 
1.0335 1.0342 1.0481 1.0174 1.0252 1.0476 1.0209 1.0061 1.0374 1.0218 1.0196 1.0372 1.0437 1.0003 1.0266 1.048 1.0255 1.0326 1.0462 1.0038 1.0304 1.024 1.0351 1.0271 1.0188 
1.0088 1.0054 1.0225 1.0352 1.0336 1.0377 1.0251 1.0049 1.0402 1.0379 1.0234 1.0091 1.0449 1.0049 1.0325 1.0087 1.0345 1.0313 1.0241 1.0375 1.0388 1.0224 1.0472 1.029 1.0063 
1.0174 1.0271 1.0322 1.0232 1.0308 1.0154 1.0089 1.0201 1.0449 1.0357 1.0324 1.0393 1.0306 1.01 1.0226 1.0326 1.0462 1.013 1.0096 1.0163 1.0142 1.0402 1.0195 1.0438 1.036 
1.0141 1.0334 1.0464 1.021 1.0424 1.045 1.0356 1.0401 1.0209 1.0187 1.013 1.0471 1.0127 1.0073 1.0153 1.0334 1.0131 1.0192 1.0074 1.0374 1.0204 1.0227 1.0302 1.0481 1.0299 
1.0151 1.0462 1.0344 1.0024 1.0462 1.0005 1.0004 1.0456 1.0121 1.0072 1.0055 1.0495 1.0287 1.0153 1.0189 1.0339 1.0483 1.0228 1.0178 1.0433 1.0065 1.0326 1.0321 1.0404 1.042 
1.0054 1.0049 1.0316 1.0418 1.0306 1.0039 1.0317 1.0148 1.0325 1.0211 1.0216 1.0044 1.0235 1.0303 1.0477 1.0321 1.0418 1.013 1.0102 1.0173 1.0154 1.02 1.0094 1.0177 1.0387 
1.0203 1.0073 1.0184 1.0017 1.0409 1.0135 1.0248 1.0305 1.0303 1.0248 1.0054 1.0226 1.0361 1.0203 1.006 1.003 1.0267 1.0222 1.0258 1.0334 1.0163 1.0404 1.0024 1.0044 1.024 
1.022 1.0481 1.0471 1.0255 1.0277 1.0245 1.0336 1.0124 1.0107 1.0014 1.0007 1.0451 1.0461 1.0425 1.0167 1.0307 1.0335 1.0319 1.0434 1.0059 1.0082 1.0134 1.0488 1.0075 1.0381 
1.0383 1.0424 1.0381 1.0042 1.0476 1.032 1.0461 1.0278 1.0242 1.0468 1.0222 1.0369 1.0243 1.0365 1.0222 1.035 1.0264 1.029 1.0151 1.0425 1.0082 1.0312 1.0042 1.0205 1.0094 
1.0483 1.0097 1.0253 1.0467 1.014 1.0168 1.0254 1.0127 1.0107 1.0105 1.0139 1.0125 1.022 1.0373 1.0299 1.0185 1.0422 1.0428 1.0222 1.0271 1.01 1.0012 1.041 1.0105 1.008 
1.0101 1.0212 1.0324 1.0208 1.042 1.0207 1.0418 1.0175 1.0058 1.0389 1.0162 1.006 1.0314 1.046 1.0359 1.0169 1.0103 1.0082 1.0033 1.0242 1.0023 1.0028 1.016 1.0359 1.0215 
1.0363 1.0474 1.03 1.0052 1.0384 1.0369 1.0499 1.0013 1.0146 1.0138 1.0227 1.0357 1.0249 1.0028 1.0263 1.0379 1.007 1.0439 1.0353 1.0285 1.0376 1.0374 1.0144 1.0263 1.0132 
1.0078 1.006 1.0464 1 1.0021 1.0024 1.0113 1.0425 1.0076 1.0484 1.006 1.016 1.0085 1.0461 1.0182 1.019 1.0252 1.0038 1.0309 1.0262 1.0086 1.018 1.0153 1.0283 1.0258 
1.0027 1.0125 1.0133 1.0164 1.025 1.0092 1.0225 1.0375 1.0373 1.0485 1.0312 1.0244 1.0074 1.0007 1.0483 1.0075 1.031 1.0333 1.0149 1.0476 1.0289 1.0329 1.0485 1.0242 1.0371 
1.0432 1.0203 1.0186 1.034 1.0054 1.0192 1.016 1.0386 1.0041 1.0424 1.0417 1.0186 1.0451 1.0436 1.0425 1.0213 1.0108 1.0012 1.0035 1.0415 1.0133 1.0486 1.0053 1.0497 1.0367 
1.0056 1.0122 1.0255 1.0222 1.0042 1.0229 1.0363 1.0349 1.0016 1.008 1.0413 1.0146 1.003 1.0496 1.0335 1.0319 1.0197 1.0214 1.0332 1.032 1.0481 1.0199 1.0016 1.0129 1.0475 
1.0496 1.0405 1.0115 1.029 1.0133 1.0365 1.0394 1.0072 1.0372 1.015 1.0321 1.0318 1.0108 1.0143 1.0493 1.024 1.0482 1.0441 1.0079 1.0241 1.043 1.0072 1.0173 1.0155 1.0063 
1.032 1.0335 1.0253 1.0321 1.021 1.0314 1.0334 1.0155 1.0383 1.016 1.039 1.0484 1.0334 1.0149 1.0182 1.0464 1.0144 1.0134 1.0336 1.0123 1.0277 1.0228 1.0367 1.027 1.0258 
1.0387 1.0176 1.0171 1.0203 1.0092 1.0062 1.0434 1.023 1.0448 1.048 1.0387 1.0359 1.0161 1.0244 1.0234 1.0368 1.0366 1.0458 1.0353 1.012 1.0374 1.0393 1.0069 1.046 1.0325 
1.0101 1.0295 1.0327 1.0458 1.0182 1.0015 1.0107 1.0496 1.0292 1.0202 1.0358 1.03 1.0404 1.0229 1.0322 1.0498 1.0137 1.0074 1.0127 1.0444 1.0386 1.0387 1.0098 1.0447 1.0039 
1.0264 1.0039 1.0275 1.047 1.0012 1.0466 1.0177 1.0221 1.0455 1.0255 1.0287 1.0029 1.0182 1.0216 1.0412 1.0453 1.0355 1.0039 1.0024 1.0258 1.0239 1.034 1.0446 1.0001 1.0137 
1.0242 1.0133 1.0464 1.0425 1.0024 1.024 1.0317 1.0089 1.0275 1.0065 1.0005 1.0355 1.0015 1.0327 1.0211 1.0247 1.0323 1.009 1.0471 1.0198 1.0261 1.0031 1.043 1.0007 1.0077 
1.0194 1.0427 1.022 1.0244 1.0104 1.0291 1.0341 1.0496 1.0472 1.0437 1.0393 1.0046 1.02 1.0383 1.0441 1.0041 1.0192 1.0041 1.0281 1.0405 1.0263 1.0496 1.036 1.0158 1.048 
1.0133 1.0151 1.0133 1.0103 1.0171 1.0077 1.0136 1.0044 1.0001 1.0089 1.021 1.044 1.0136 1.0064 1.0085 1.0443 1.0093 1.019 1.0084 1.0369 1.0006 1.0279 1.0451 1.0107 1.0183 
1.0438 1.0421 1.0129 1.0103 1.0292 1.0184 1.0305 1.0162 1.0094 1.0211 1.0495 1.0229 1.0029 1.0443 1.0475 1.0328 1.0189 1.0094 1.0238 1.0036 1.0429 1.0198 1.0028 1.0173 1.0448 
1.0166 1.0441 1.0325 1.0143 1.015 1.0268 1.0058 1.0403 1.0295 1.042 1.0041 1.009 1.0193 1.0149 1.0195 1.0469 1.0048 1.0462 1.0332 1.0175 1.0096 1.0463 1.0049 1.0329 1.0005 
1.0437 1.0166 1.0133 1.0461 1.0413 1.0477 1.0227 1.0144 1.0465 1.0353 1.0046 1.0383 1.0329 1.0319 1.0411 1.0208 1.0486 1.0153 1.0375 1.004 1.01 1.0428 1.015 1.0417 1.0113 
1.0311 1.0336 1.029 1.0415 1.0328 1.0475 1.0229 1.0331 1.0074 1.0226 1.0496 1.0088 1.0096 1.0248 1.0478 1.0109 1.0082 1.0383 1.026 1.0219 1.0373 1.0394 1.0322 1.0061 1.0424 
1.0049 1.0451 1.0249 1.008 1.0473 1.0038 1.014 1.0479 1.0411 1.0481 1.0245 1.0352 1.0489 1.004 1.0062 1.0486 1.0227 1.0057 1.0478 1.0343 1.0158 1.0417 1.0393 1.0303 1.0326 
1.0459 1.0102 1.0153 1.0481 1.0251 1.0234 1.0049 1.0055 1.0214 1.039 1.0359 1.0433 1.0151 1.0427 1.0215 1.0345 1.0297 1.0367 1.0298 1.0463 1.012 1.0163 1.0227 1.004 1.0234 
1.0278 1.0357 1.0033 1.0119 1.0493 1.0021 1.0092 1.0218 1.0145 1.0419 1.0423 1.0321 1.0213 1.0061 1.0454 1.0179 1.0353 1.0034 1.0454 1.014 1.0405 1.0344 1.0161 1.0162 1.0434 
1.0437 1.0379 1.0443 1.0053 1.0072 1.0309 1.0445 1.0422 1.0267 1.0414 1.0497 1.04 1.0379 1.0476 1.0379 1.0486 1.0114 1.0204 1.031 1.0325 1.0168 1.0044 1.0335 1.0171 1.0129 
1.0388 1.0374 1.0163 1.0062 1.0391 1.0333 1.0102 1.0226 1.0455 1.0391 1.0202 1.0431 1.0027 1.0444 1.0344 1.0261 1.0232 1.0376 1.0496 1.0393 1.0282 1.0149 1.0263 1.0278 1.0237 
1.0244 1.002 1.0485 1.0475 1.0466 1.0416 1.0191 1.0016 1.0435 1.0374 1.0008 1.0147 1.0164 1.0495 1.0216 1.0031 1.0298 1.0036 1.0088 1.0462 1.0314 1.0449 1.0246 1.0116 1.033 
1.0315 1.0257 1.0431 1.0299 1.0121 1.0441 1.0325 1.0297 1.0096 1.0001 1.0171 1.0456 1.0359 1.0293 1.0313 1.0125 1.0132 1.0158 1.0122 1.0076 1.024 1.0216 1.0141 1.0479 1.0496 
1.0236 1.0228 1.0239 1.0145 1.019 1.012 1.0153 1.0442 1.0069 1.035 1.0399 1.044 1.042 1.0468 1.0392 1.001 1.0343 1.0367 1.0022 1.0045 1.0031 1.0415 1.019 1.0081 1.0433 
1.0247 1.0126 1.047 1.0022 1.0019 1.0234 1.025 1.001 1.0451 1.0467 1.0076 1.0355 1.023 1.0047 1.0116 1.0033 1.0047 1.0152 1.0336 1.0026 1.0131 1.0437 1.0034 1.0352 1.0111 
1.0478 1.0487 1.0291 1.0155 1.0364 1.0291 1.0125 1.0338 1.0128 1.0054 1.0489 1.0324 1.0043 1.0246 1.0384 1.0334 1.0382 1.0158 1.045 1.0357 1.047 1.0467 1.003 1.0074 1.0362 
1.0392 1.0392 1.0401 1.0484 1.0096 1.0203 1.0263 1.0206 1.0431 1.022 1.0024 1.029 1.0412 1.0201 1.022 1.0072 1.0094 1.0229 1.0109 1.0333 1.032 1.0003 1.0358 1.0128 1.0006 
1.0054 1.011 1.0325 1.0437 1.008 1.0028 1.0361 1.0002 1.0145 1.0098 1.0373 1.0475 1.0481 1.046 1.0184 1.0165 1.0448 1.0478 1.0363 1.0218 1.0002 1.026 1.0436 1.0162 1.0416 
1.0389 1.0019 1.0231 1.0158 1.035 1.0485 1.0009 1.0424 1.0488 1.0463 1.0395 1.0146 1.0084 1.0349 1.022 1.0431 1.0434 1.0356 1.0305 1.0446 1.0149 1.0226 1.0179 1.0204 1.0097 
1.0197 1.0367 1.0276 1.0174 1.0142 1.014 1.0172 1.0376 1.0226 1.002 1.0042 1.0414 1.0333 1.0023 1.0187 1.0455 1.0258 1.0257 1.026 1.0231 1.0359 1.0411 1.0422 1.005 1.0133 
1.0104 1.0497 1.0126 1.0243 1.0195 1.0435 1.0462 1.0083 1.0371 1.0178 1.0419 1.0333 1.0338 1.0217 1.0442 1.0031 1.0151 1.0262 1.0198 1.008 1.0176 1.0417 1.0404 1.0457 1.0363 
1.04 1.0196 1.0289 1.0139 1.0084 1.0317 1.0424 1.0281 1.0138 1.0195 1.0442 1.0211 1.015 1.0276 1.0297 1.0096 1.0004 1.0334 1.0092 1.0073 1.026 1.0352 1.0226 1.044 1.0292 
1.0467 1.027 1.0064 1.0482 1.0118 1.006 1.0172 1.0216 1.0091 1.03 1.0239 1.0134 1.0196 1.0361 1.0059 1.0354 1.0473 1.0169 1.0457 1.0076 1.0172 1.0063 1.0061 1.0423 1.0499 
1.0033 1.0433 1.0032 1.0101 1.0051 1.0055 1.0016 1.0188 1.028 1.0286 1.0312 1.0381 1.0051 1.0462 1.0428 1.0268 1.0224 1.0017 1.0087 1.0181 1.0293 1.032 1.0429 1.0387 1.0331 
1.0134 1.0038 1.0281 1.0089 1.0101 1.0315 1.0343 1.0099 1.0206 1.029 1.0113 1.0231 1.0087 1.0227 1.0249 1.028 1.0448 1.0284 1.0333 1.0094 1.0163 1.0005 1.0196 1.0154 1.0011 
1.044 1.0126 1.0282 1.0294 1.0395 1.0178 1.04 1.0213 1.0311 1.0323 1.0495 1.0245 1.0163 1.03 1.0102 1.022 1.0314 1.0205 1.0204 1.041 1.0357 1.0475 1.008 1.0084 1.0144 
1.0347 1.0069 1.006 1.0214 1.0118 1.0084 1.0302 1.0488 1.0079 1.0377 1.0067 1.0118 1.0129 1.0216 1.0404 1.0232 1.025 1.019 1.0033 1.0324 1.0425 1.015 1.0002 1.0175 1.0388 
1.0323 1.0086 1.0245 1.0109 1.005 1.0075 1.032 1.0186 1.0305 1.0093 1.0304 1.0286 1.004 1.0402 1.0313 1.0282 1.0307 1.0377 1.0377 1.0068 1.0451 1.0149 1.0429 1.0443 1.0456 
1.0233 1.0133 1.0275 1.0255 1.0318 1.0434 1.0406 1.0193 1.0496 1.0372 1.0099 1.0128 1.0428 1.0068 1.0078 1.038 1.0249 1.0127 1.0105 1.0413 1.0363 1.0487 1.0373 1.0283 1.0048 
1.0354 1.0403 1.0341 1.0361 1.0249 1.0209 1.033 1.016 1.0227 1.0224 1.0421 1.0238 1.0478 1.0324 1.0133 1.0176 1.0125 1.0278 1.0116 1.0497 1.0167 1.0144 1.0287 1.0174 1.0442 
1.0182 1.0426 1.0436 1.0411 1.022 1.0196 1.0026 1.0142 1.0087 1.049 1.0492 1.0137 1.0249 1.0333 1.0251 1.0489 1.0455 1.0056 1.0499 1.038 1.0241 1.0142 1.0013 1.0497 1.0485 
1.0152 1.0064 1.0385 1.0235 1.0003 1.0166 1.015 1.0009 1.0137 1.0414 1.0205 1.0349 1.0192 1.041 1.0436 1.0115 1.0299 1.0194 1.022 1.0493 1.0163 1.0099 1.0373 1.0464 1.0401 
1.0144 1.0343 1.0381 1.0206 1.0248 1.0459 1.0372 1.0203 1.0418 1.0283 1.006 1.0486 1.0306 1.0058 1.0354 1.0201 1.0289 1.0012 1.045 1.0094 1.0115 1.0144 1.0296 1.0034 1.0158 
1.0223 1.0035 1.0237 1.011 1.0272 1.0292 1.0258 1.0383 1.0256 1.0165 1.0024 1.001 1.0052 1.0404 1.0301 1.0083 1.0213 1.0325 1.0378 1.0098 1.0151 1.0262 1.007 1.0057 1.0037 
1.0138 1.0173 1.0446 1.028 1.0016 1.0064 1.001 1.0125 1.0394 1.042 1.0116 1.0456 1.0022 1.0496 1.0266 1.0103 1.044 1.0476 1.0045 1.0028 1.0355 1.0114 1.0123 1.0282 1.04 
1.0033 1.0434 1.0249 1.0124 1.0332 1.0218 1.0239 1.0494 1.0223 1.0095 1.0261 1.0405 1.0286 1.0412 1.0163 1.0019 1.0059 1.0267 1.0369 1.0318 1.0388 1.0242 1.0051 1.0214 1.0193 
1.0185 1.0242 1.028 1.0338 1.0266 1.0123 1.0044 1.0257 1.0253 1.0383 1.0109 1.0139 1.0276 1.0103 1.0257 1.0447 1.007 1.015 1.0475 1.0462 1.0497 1.0365 1.0017 1.0217 1.0365 
1.0326 1.0389 1.0232 1.0299 1.0401 1.0459 1.0221 1.042 1.0458 1.0076 1.0037 1.0279 1.0391 1.025 1.0105 1.0421 1.0421 1.0464 1.0207 1.0166 1.0369 1.0095 1.0265 1.0034 1.0449 
1.0244 1.0226 1.0401 1.0246 1.0228 1.0372 1.03 1.0052 1.0486 1.043 1.0429 1.0368 1.0308 1.0123 1.0088 1.0118 1.0153 1.0107 1.0435 1.0499 1.0401 1.0045 1.0152 1.0444 1.0213 
1.012 1.0401 1.0336 1.0104 1.0081 1.0272 1.0498 1.0046 1.0004 1.0495 1.0151 1.0117 1.0287 1.0346 1.0179 1.0173 1.0249 1.0323 1.0033 1.032 1.0376 1.0151 1.0264 1.0266 1.0276 
1.0206 1.0418 1.0345 1.0296 1.0247 1.0136 1.046 1.0294 1.0157 1.0292 1.0077 1.0211 1.0188 1.0314 1.0489 1.0058 1.0157 1.0411 1.0111 1.037 1.0399 1.0209 1.0095 1.0484 1.0447 
1.0195 1.0484 1.0438 1.0419 1.0384 1.0447 1.014 1.0104 1.0377 1.0323 1.026 1.0197 1.0088 1.0086 1.0209 1.0418 1.0318 1.0197 1.026 1.0002 1.0089 1.0063 1.0247 1.0229 1.0383 
1.0066 1.0281 1.0209 1.0093 1.0135 1.0301 1.0267 1.0179 1.0483 1.0218 1.0325 1.0071 1.0041 1.0055 1.0073 1.036 1.0269 1.032 1.0044 1.0301 1.0318 1.0213 1.0099 1.0018 1.0381 
1.0206 1.0358 1.035 1.0234 1.0299 1.006 1.0214 1.0498 1.036 1.0411 1.0149 1.0061 1.0463 1.022 1.0136 1.0429 1.0108 1.0456 1.036 1.0203 1.005 1.0364 1.041 1.0318 1.0076 
1.0214 1.0182 1.0161 1.0451 1.0426 1.0251 1.0167 1.005 1.0252 1.007 1.0313 1.0202 1.0002 1.0309 1.012 1.0431 1.0456 1.007 1.015 1.0298 1.021 1.0403 1.0094 1.018 1.0218 
1.0392 1.0366 1.0411 1.0199 1.0292 1.0491 1.004 1.0024 1.0244 1.0393 1.0433 1.0053 1.017 1.0329 1.024 1.0299 1.0128 1.0157 1.0348 1.0143 1.0363 1.0303 1.0498 1.0257 1.0223 
1.022 1.0234 1.0449 1.0412 1.0447 1.0223 1.0169 1.0251 1.0308 1.0332 1.0496 1.0365 1.0046 1.0245 1.0106 1.0211 1.0412 1.0005 1.0141 1.0218 1.0299 1.0441 1.02 1.0277 1.0433 
1.0425 1.0306 1.0061 1.0152 1.0085 1.0238 1.0153 1.0174 1.0263 1.0348 1.035 1.0383 1.0275 1.0454 1.0356 1.0355 1.0299 1.0484 1.021 1.013 1.0401 1.0284 1.0142 1.039 1.0341 
1.039 1.006 1.0168 1.0227 1.0311 1.0409 1.0085 1.0257 1.0053 1.0147 1.0126 1.0128 1.0015 1.0239 1.0221 1.0477 1.0056 1.0162 1.0458 1.029 1.0105 1.034 1.0338 1.0402 1.0322 
1.043 1.0051 1.0437 1.043 1.0041 1.0273 1.0451 1.0432 1.0152 1.0224 1.0464 1.0108 1.0091 1.0405 1.0428 1.0446 1.012 1.0417 1.028 1.0055 1.0306 1.0119 1.0068 1.0225 1.0083 
1.0425 1.0202 1.0006 1.0474 1.0474 1.0291 1.048 1.0422 1.0118 1.0498 1.0071 1.0054 1.0127 1.0174 1.017 1.0277 1.0183 1.0159 1.0151 1.0263 1.0462 1.0426 1.0054 1.0005 1.0377 
1.0407 1.0411 1.0317 1.0399 1.0292 1.0279 1.0106 1.0499 1.0397 1.0428 1.0367 1.045 1.022 1.0124 1.0105 1.0262 1.0174 1.0089 1.0194 1.0023 1.0449 1.0245 1.0172 1.0189 1.0071 
1.0387 1.0042 1.0403 1.0035 1.0144 1.0117 1.0287 1.0095 1.0292 1.0146 1.0441 1.0006 1.0074 1.0014 1.0252 1.0474 1.0265 1.0106 1.007 1.0308 1.0391 1.0424 1.0075 1.0042 1.025 
1.0388 1.0346 1.0282 1.0302 1.0364 1.0351 1.0178 1.0386 1.0184 1.0385 1.0139 1.0026 1.0261 1.0122 1.041 1.0256 1.0266 1.017 1.0396 1.0237 1.0348 1.0489 1.0017 1.0491 1.0384 
1.0183 1.0203 1.0225 1.0079 1.0418 1.0359 1.0139 1.0234 1.0291 1.0044 1.045 1.0441 1.0133 1.0367 1.0066 1.0316 1.0142 1.0223 1.0242 1.03 1.0018 1.0066 1.0483 1.0099 1.0053 
1.0215 1.017 1.044 1.044 1.0289 1.0471 1.0033 1.0144 1.0421 1.0002 1.0293 1.0238 1.0364 1.0031 1.0472 1.0366 1.0403 1.0076 1.0213 1.0229 1.0046 1.0236 1.0011 1.026 1.0065 
1.0269 1.0355 1.0308 1.0293 1.0007 1.0205 1.0102 1.0084 1.0203 1.0377 1 1.004 1.0189 1.0328 1.0425 1.0078 1.0138 1.0351 1.0447 1.0012 1.0252 1.0447 1.0124 1.0163 1.0263 
1.0046 1.0033 1.0035 1.0055 1.0445 1.0295 1.0083 1.0427 1.0302 1.025 1.0041 1.0246 1.0015 1.041 1.0453 1.0477 1.0272 1.0254 1.0429 1.0248 1.015 1.0042 1.0086 1.0248 1.0256 
1.0154 1.0209 1.028 1.0215 1.0159 1.0424 1.0402 1.0064 1.006 1.0406 1.0037 1.0237 1.0185 1.0487 1.0432 1.0076 1.0267 1.0401 1.0242 1.0406 1.0112 1.034 1.0064 1.0296 1.0452 
1.0404 1.0106 1.0286 1.002 1.0225 1.0221 1.0341 1.0394 1.0306 1.0216 1.0435 1.0381 1.0118 1.005 1.0184 1.0291 1.0143 1.0116 1.0343 1.0112 1.0091 1.004 1.0369 1.0204 1.0253 
1.0117 1.0125 1.0388 1.0127 1.0307 1.0342 1.0269 1.0057 1.0105 1.0433 1.023 1.0107 1.0181 1.0158 1.0327 1.0371 1.0244 1.0175 1.0046 1.0045 1.0303 1.0346 1.04 1.025 1.0277 
1.0432 1.0103 1.0038 1.001 1.0131 1.0143 1.0157 1.0383 1.0293 1.0499 1.0496 1.0055 1.0093 1.0114 1.0233 1.0174 1.0426 1.0089 1.0408 1.022 1.0318 1.0382 1.0224 1.0436 1.0181 
1.0149 1.0069 1.0261 1.0209 1.019 1.0143 1.016 1.0044 1.0463 1.0339 1.0303 1.0367 1.0287 1.0352 1.0442 1.0474 1.0248 1.0494 1.0125 1.0026 1.0017 1.0454 1.0129 1.0278 1.0055 
1.0172 1.047 1.0457 1.0109 1.0096 1.0251 1.0298 1.0266 1.0155 1.0456 1.003 1.019 1.0222 1.0025 1.0358 1.0075 1.0304 1.0152 1.0076 1.0037 1.01 1.0045 1.0103 1.0215 1.0001 
1.0067 1.0372 1.044 1.0497 1.0442 1.0337 1.017 1.024 1.0494 1.02 1.0491 1.0206 1.0235 1.0053 1.0017 1.0329 1.0495 1.0052 1.0362 1.0103 1.0484 1.0463 1.0367 1.0072 1.0022 
1.0044 1.022 1.0073 1.0027 1.0293 1.0329 1.0461 1.0206 1.0156 1.0307 1.0318 1.0364 1.043 1.0018 1.0354 1.0165 1.0499 1.0201 1.0483 1.005 1.0108 1.0371 1.022 1.0151 1.0044 
1.0289 1.0351 1.0268 1.0354 1.0312 1.0151 1.0388 1.0351 1.0128 1.0425 1.0149 1.0027 1.0061 1.0186 1.0101 1.039 1.0468 1.0322 1.0108 1.0221 1.0226 1.0252 1.0287 1.0025 1.0345 
1.0272 1.0249 1.0303 1.0303 1.0325 1.0236 1.0297 1.0055 1.0476 1.0462 1.04 1.0192 1.0113 1.0189 1.0298 1.0409 1.0029 1.0487 1.043 1.0159 1.0284 1.0282 1.0377 1.0169 1.0163 
1.0166 1.0051 1.0466 1.034 1.0204 1.0011 1.0454 1.0205 1.0004 1.0315 1.0101 1.0131 1.0298 1.0396 1.0137 1.0244 1.0074 1.0144 1.0374 1.013 1.0368 1.0013 1.0212 1.0437 1.0041 
1.0301 1.0451 1.0499 1.0047 1.0482 1.0118 1.0179 1.0454 1.0132 1.0258 1.0056 1.046 1.0176 1.022 1.0326 1.0302 1.0032 1.0134 1.0333 1.0353 1.0144 1.0438 1.0097 1.0392 1.0003 
1.0227 1.0438 1.0374 1.0111 1.0344 1.0453 1.0358 1.0313 1.0078 1.0371 1.0165 1.002 1.0449 1.042 1.0276 1.0119 1.0362 1.0434 1.0139 1.0069 1.0068 1.0396 1.0325 1.0213 1.0045 
1.0121 1.042 1.021 1.0058 1.0197 1.0164 1.0069 1.0473 1.0141 1.0355 1.0001 1.0005 1.033 1.0144 1.0081 1.0223 1.004 1.014 1.0368 1.0192 1.0156 1.0216 1.0273 1.0423 1.0148 
1.0256 1.0458 1.0313 1.0121 1.0067 1.0259 1.0058 1.005 1.0025 1.0178 1.0026 1.0151 1.0185 1.0305 1.0339 1.0408 1.0267 1.0114 1.0128 1.0498 1.0489 1.0058 1.0346 1.0478 1.0016 
1.0462 1.0375 1.037 1.0049 1.003 1.0093 1.0361 1.0136 1.017 1.0431 1.0231 1.0145 1.0477 1.0406 1.0275 1.0426 1.0495 1.0029 1.0318 1.014 1.012 1.0169 1.0237 1.0265 1.0139 
1.0304 1.0143 1.007 1.014 1.0024 1.0258 1.0036 1.0456 1.038 1.0494 1.0404 1.0465 1.0298 1.0409 1.0035 1.0021 1.0363 1.0096 1.0063 1.0084 1.0435 1.0286 1.0388 1.0098 1.0451 
1.0472 1.0101 1.0489 1.0048 1.0497 1.0475 1.0287 1.0053 1.0395 1.0182 1.0362 1.034 1.0014 1.0449 1.0033 1.0057 1.0443 1.0029 1.0294 1.0084 1.0156 1.0249 1.0121 1.0244 1.0074 
1.0177 1.0168 1.0272 1.0366 1.0374 1.0178 1.0104 1.0368 1.0224 1.0137 1.0407 1.0317 1.0327 1.0331 1.0324 1.0336 1.0011 1.0401 1.0191 1.0483 1.0471 1.0431 1.0181 1.0315 1.0488 
1.0142 1.0038 1.0102 1.0041 1.0367 1.0066 1.0003 1.0462 1.0492 1.0082 1.0435 1.0158 1.022 1.0229 1.0246 1.0285 1.0087 1.0222 1.0263 1.0454 1.0031 1.0224 1.0261 1.0055 1.0072 
1.0283 1.0234 1.0358 1.0147 1.0493 1.0189 1.0037 1.0041 1.0489 1.0275 1.0181 1.0418 1.009 1.0137 1.0284 1.046 1.0347 1.0477 1.0174 1.0232 1.0493 1.0258 1.0484 1.0344 1.0014 
1.0433 1.0224 1.017 1.0093 1.0449 1.0008 1.01 1.0138 1.0166 1.0334 1.0432 1.032 1.0325 1.0015 1.0394 1.0147 1.0339 1.0135 1.0452 1.0431 1.0247 1.0089 1.0349 1.0126 1.0076 
1.0167 1.0013 1.0493 1.004 1.03 1.0016 1.0114 1.0486 1.0276 1.0092 1.0396 1.0094 1.0376 1.0384 1.0051 1.0278 1.0359 1.0331 1.0026 1.0003 1.0115 1.0014 1.0003 1.0022 1.0448 
1.0405 1.0437 1.0017 1.0446 1.0147 1.0487 1.0112 1.0349 1.0083 1.0288 1.0212 1.0406 1.035 1.0434 1.0449 1.022 1.0094 1.006 1.0407 1.0056 1.0161 1.0167 1.0404 1.0128 1.0179 
1.0331 1.0147 1.0417 1.0388 1.0086 1.0152 1.0328 1.0006 1.0117 1.0347 1.0078 1.0177 1.0079 1.037 1.0168 1.0291 1.0294 1.0342 1.0022 1.0038 1.0395 1.0452 1.0166 1.0068 1.0441 
1.0012 1.0295 1.0379 1.0137 1.0439 1.011 1.0033 1.042 1.0434 1.0353 1.0109 1.001 1.0353 1.0487 1.0274 1.0405 1.0389 1.0027 1.0172 1.0129 1.0392 1.0308 1.0473 1.0427 1.0411 
1.006 1.0146 1.0496 1.0186 1.0463 1.0394 1.0055 1.0285 1.0463 1.0089 1.0461 1.0379 1.0241 1.0277 1.0368 1.0254 1.0243 1.0213 1.0394 1.0386 1.0444 1.0219 1.0168 1.0475 1.0487 
1.0039 1.0374 1.0359 1.0224 1.0256 1.0496 1.0185 1.0247 1.0107 1.0281 1.0443 1.0195 1.0242 1.0115 1.0014 1.0046 1.0288 1.0416 1.0087 1.0461 1.0282 1.0251 1.0412 1.0026 1.0339 
1.0206 1.0073 1.0116 1.0138 1.0195 1.0153 1.0007 1.0095 1.0396 1.0284 1.0341 1.0293 1.0004 1.0077 1.0201 1.0304 1.0142 1.0311 1.0449 1.0275 1.0492 1.0007 1.0421 1.0307 1.0089 
1.0457 1.0178 1.048 1.0002 1.0233 1.046 1.0303 1.0191 1.0072 1.0495 1.0358 1.0476 1.0151 1.0487 1.0492 1.0021 1.0241 1.0087 1.026 1.0115 1.002 1.012 1.0487 1.0444 1.0014 
1.0319 1.0211 1.0291 1.0485 1.0048 1.0423 1.0112 1.0248 1.0071 1.0024 1.0284 1.0219 1.0223 1.0331 1.0208 1.0137 1.0005 1.0224 1.0158 1.0217 1.0483 1.0325 1.0457 1.0408 1.0126 
1.032 1.0458 1.0124 1.0129 1.0316 1.0434 1.0072 1.0095 1.0295 1.047 1.0382 1.0275 1.0051 1.0465 1.0052 1.0289 1.0126 1.0153 1.0092 1.0348 1.0248 1.0321 1.0322 1.0342 1.0343 
1.0085 1.0011 1.0367 1.0098 1.0418 1.0059 1.0358 1.0465 1.0052 1.0451 1.0168 1.0092 1.0369 1.0141 1.011 1.049 1.0223 1.0387 1.0301 1.0016 1.0369 1.0062 1.0021 1.0021 1.0362 
1.0018 1.0218 1.0329 1.0479 1.0082 1.0206 1.0109 1.0262 1.0446 1.0434 1.0189 1.0434 1.0268 1.0186 1.0444 1.0381 1.0043 1.0332 1.0291 1.0084 1.0173 1.0432 1.0124 1.0402 1.0101 
1.0448 1.0245 1.0159 1.0032 1.0116 1.0202 1.0358 1.0419 1.0107 1.0215 1.0173 1.04 1.0496 1.0174 1.0156 1.0112 1.0066 1.0111 1.0345 1.0474 1.0252 1.0493 1.009 1.0162 1.0303 
1.0224 1.0191 1.0452 1.0061 1.0211 1.0286 1.0106 1.019 1.0379 1.018 1.0319 1.0005 1.0453 1.0481 1.0126 1.0137 1.0229 1.0403 1.013 1.0385 1.0251 1.0359 1.0319 1.0493 1.0095 
1.0033 1.0449 1.043 1.0175 1.0482 1.0247 1.0147 1.0184 1.015 1.0363 1.0073 1.0089 1.0351 1.0471 1.0052 1.0162 1.0354 1.0343 1.0279 1.0081 1.0304 1.0454 1.0285 1.0061 1.0285 
1.0419 1.0281 1.004 1.0196 1.0321 1.0104 1.0167 1.0196 1.0296 1.0101 1.0275 1.0093 1.0222 1.0285 1.0298 1.043 1.0388 1.0243 1.0354 1.0233 1.0409 1.0213 1.0245 1.0151 1.0393 
1.0337 1.0382 1.0254 1.0437 1.0451 1.0043 1.0444 1.0319 1.0364 1.0264 1.0418 1.0396 1.037 1.0103 1.0341 1.0221 1.0148 1.0136 1.0083 1.0458 1.0293 1.0103 1.0346 1.0308 1.0084 
1.0127 1.0264 1.0151 1.0243 1.0189 1.0083 1.0319 1.028 1.0481 1.0027 1.0286 1.0083 1.0185 1.0084 1.041 1.0477 1.0208 1.0401 1.0195 1.0153 1.0248 1.0253 1.0455 1.0157 1.0127 
1.0077 1.0313 1.0295 1.0078 1.0222 1.0308 1.0344 1.0319 1.0437 1.0144 1.0292 1.0193 1.0008 1.0307 1.048 1.049 1.0408 1.0233 1.0053 1.0132 1.0183 1.0372 1.0042 1.0375 1.0022 
1.0157 1.0431 1.0158 1.0294 1.0402 1.025 1.0371 1.0127 1.009 1.0106 1.004 1.0231 1.0062 1.0311 1.0063 1.0208 1.0482 1.0402 1.0366 1.0064 1.0407 1.0009 1.0276 1.0447 1.0422 
1.0316 1.0442 1.0339 1.0217 1.0177 1.033 1.028 1.0368 1.0269 1.0224 1.0143 1.0495 1.002 1.0017 1.0211 1.0041 1.0092 1.048 1.032 1.042 1.0473 1.0319 1.0155 1.0044 1.0427 
1.0187 1.0163 1.0201 1.021 1.0036 1.0054 1.0213 1.0449 1.0275 1.0387 1.0325 1.0007 1.0392 1.0407 1.0431 1.0155 1.0282 1.0017 1.0032 1.0027 1.0005 1.0471 1.0403 1.0039 1.0068 
1.0249 1.0025 1.0321 1.0302 1.036 1.039 1.0184 1.0313 1.0063 1.044 1.0201 1.0185 1.0369 1.045 1.0149 1.0003 1.0243 1.0372 1.0124 1.0442 1.0259 1.013 1.0125 1.0078 1.0182 
1.0342 1.0139 1.003 1.0242 1.009 1.0088 1.0073 1.0359 1.0353 1.0084 1.0253 1.0026 1.026 1 1.0308 1.007 1.0367 1.0028 1.02 1.0191 1.0158 1.0229 1.01 1.0136 1.0135 
1.0159 1.0312 1.0157 1.0197 1.0138 1.0189 1.0213 1.0425 1.0388 1.0313 1.0056 1.0271 1.0462 1.0445 1.0497 1.0479 1.0226 1.0435 1.0286 1.0414 1.0165 1.0339 1.0299 1.0364 1.0244 
1.0081 1.048 1.0343 1.0396 1.0453 1.0069 1.022 1.0178 1.0197 1.0348 1.0116 1.024 1.0178 1.023 1.031 1.0381 1.0097 1.007 1.0026 1.0311 1.0004 1.0091 1.0045 1.0483 1.0369 
1.0271 1.0024 1.0281 1.0251 1.0375 1.041 1.0441 1.0315 1.016 1.0462 1.0169 1.0352 1.0394 1.0104 1.0051 1.0478 1.0241 1.0051 1.0129 1.0171 1.0202 1.0355 1.0123 1.0419 1.0439 
1.0456 1.0097 1.0245 1.0381 1.0326 1.0059 1.0135 1.0201 1.0246 1.0073 1.0063 1.0305 1.0049 1.041 1.0182 1.0316 1.0456 1.0491 1.0498 1.0008 1.006 1.0351 1.0362 1.0207 1.0114 
1.0322 1.0008 1.0336 1.0058 1.0195 1.007 1.0211 1.0071 1.0406 1.0305 1.0152 1.0126 1.0161 1.03 1.0028 1.0452 1.0153 1.0132 1.0069 1.0389 1.0181 1.0255 1.0459 1.0211 1.0123 
1.0194 1.0046 1.019 1.0386 1.035 1.001 1.0169 1.0223 1.0402 1.0456 1.0173 1.0142 1.0099 1.0363 1.0369 1.0244 1.046 1.0499 1.0349 1.0235 1.0224 1.0133 1.0462 1.0485 1.0257 
1.0263 1.0406 1.0052 1.0362 1.0297 1.0297 1.0249 1.0421 1.0064 1.0236 1.0468 1.0125 1.0378 1.0029 1.0123 1.0473 1.0395 1.013 1.0483 1.0382 1.0066 1.0024 1.0167 1.0393 1.0063 
1.0035 1.0191 1.0025 1.0055 1.0313 1.0384 1.0379 1.0492 1.0408 1.006 1.0086 1.0199 1.0032 1.0369 1.0334 1.0055 1.0465 1.018 1.0004 1.0432 1.0184 1.0168 1.0444 1.0064 1.0115 
1.0469 1.0246 1.0384 1.0234 1.0389 1.0428 1.0294 1.0485 1.025 1.0108 1.0298 1.0219 1.0324 1.0345 1.0475 1.0304 1.0209 1.034 1.0228 1.0186 1.0102 1.0462 1.0162 1.0012 1.0308 
1.0254 1.0023 1.0379 1.0084 1.002 1.0419 1.0454 1.0159 1.0115 1.0382 1.0105 1.0241 1.0299 1.0459 1.0133 1.0027 1.0176 1.0491 1.0186 1.0359 1.0108 1.0173 1.0028 1.0007 1.0488 
1.0108 1.0242 1.0493 1.0204 1.0037 1.0347 1.0138 1.0437 1.0359 1.0039 1.0292 1.0472 1.0229 1.0302 1.0046 1.0367 1.0211 1.0463 1.0138 1.0143 1.0095 1.0248 1.0252 1.0146 1.0493 
1.0092 1.0434 1.0064 1.0392 1.0421 1.0233 1.0489 1.0028 1.0131 1.0135 1.0405 1.0109 1.0269 1.0463 1.0402 1.0417 1.007 1.026 1.0017 1.0073 1.0111 1.0358 1.0471 1.0059 1.0115 
1.0153 1.0207 1.0092 1.0394 1.0011 1.0001 1.0056 1.0339 1.0344 1.0016 1.0218 1.012 1.0369 1.0255 1.0066 1.0003 1.0006 1.0281 1.0189 1.041 1.0311 1.0223 1.026 1.0062 1.0112 
1.0278 1.0307 1.0201 1.0131 1.0354 1.0435 1.0049 1.0442 1.0444 1.0345 1.004 1.0006 1.0243 1.0397 1.0273 1.0007 1.0105 1.0047 1.0091 1.0397 1.0027 1.0001 1.0221 1.0242 1.0455 
1.0061 1.0002 1.0177 1.0336 1.022 1.0122 1.0055 1.0484 1.0135 1.0224 1.0064 1.0033 1.0114 1.0005 1.0317 1.0149 1.033 1.018 1.0099 1.0132 1.0159 1.0156 1.0225 1.0182 1.0353 
1.044 1.0038 1.0301 1.0034 1.0097 1.0297 1.0191 1.0125 1.0341 1.0099 1.036 1.0218 1.0001 1.0455 1.0307 1.0002 1.0432 1.013 1.0483 1.0496 1.0403 1.0405 1.0056 1.0104 1.0412 
1.0426 1.0221 1.011 1.0035 1.012 1.0204 1.039 1.0297 1.0051 1.0328 1.0299 1.0427 1.0009 1.0431 1.0058 1.0091 1.0079 1.0476 1.0209 1.0437 1.0026 1.029 1.0235 1.0141 1.0342 
1.0002 1.0445 1.0379 1.0491 1.0273 1.0462 1.0431 1.0129 1.0318 1.0019 1.037 1.0002 1.007 1.0222 1.0164 1.013 1.0421 1.0123 1.0455 1.034 1.0216 1.0347 1.048 1.009 1.0156 
1.0469 1.0417 1.0069 1.0118 1.0403 1.0499 1.0106 1.0378 1.0218 1.0017 1.0212 1.0085 1.0316 1.0264 1.0046 1.0022 1.0045 1.0337 1.0232 1.0017 1.0223 1.0104 1.0237 1.0379 1.0263 
1.0373 1.01 1.0037 1.0025 1.03 1.0144 1.0359 1.0042 1.0073 1.0075 1.015 1.042 1.0022 1.0174 1.0193 1.0302 1.0153 1.0089 1.038 1.0354 1.0273 1.0291 1.0422 1.0276 1.0095 
1.0093 1.0261 1.0315 1.028 1.0074 1.0295 1.0097 1.0358 1.0258 1.0484 1.0434 1.048 1.0452 1.0337 1.0097 1.0021 1.0318 1.0119 1.0212 1.0023 1.0464 1.0316 1.0078 1.0035 1.0001 
1.0257 1.0077 1.0381 1.0478 1.0433 1.0264 1.0486 1.0419 1.0085 1.0229 1.0458 1.0075 1.0017 1.0275 1.0032 1.0365 1.0093 1.0232 1.001 1.0232 1.0367 1.0265 1.0129 1.026 1.0432 
1.0319 1.0412 1.043 1.0342 1.0352 1.0164 1.0407 1.0385 1.0261 1.0148 1.0424 1.046 1.0454 1.0334 1.0232 1.0486 1.0242 1.0197 1.018 1.0452 1.0301 1.0236 1.0327 1.0005 1.0387 
1.0179 1.047 1.0249 1.0339 1.0177 1.0415 1.037 1.0288 1.0202 1.023 1.042 1.0398 1.0218 1.0458 1.0411 1.0064 1.043 1.0252 1.0431 1.0217 1.0409 1.0373 1.0295 1.0441 1.0193 
1.0067 1.0496 1.0142 1.0259 1.0202 1.0268 1.0373 1.0448 1.0087 1.0306 1.027 1.0429 1.0485 1.0389 1.0479 1.047 1.0058 1.0229 1.0112 1.0363 1.0087 1.032 1.0352 1.0183 1.0252 
1.0297 1.039 1.0468 1.007 1.0057 1.0494 1.0206 1.0146 1.0339 1.0462 1.0371 1.0135 1.0141 1.0016 1.0035 1.0079 1.0119 1.001 1.0098 1.0222 1.0084 1.0064 1.0426 1.0079 1.0235 
1.012 1.0441 1.0418 1.004 1.0104 1.0195 1.0018 1.0302 1.0467 1.0179 1.0171 1.0419 1.0077 1.0292 1.0335 1.0422 1.0317 1.0294 1.0426 1.0417 1.022 1.0262 1.0338 1.0327 1.0367 
1.0342 1.0304 1.0155 1.0027 1.0276 1.0192 1.0358 1.0444 1.0318 1.0391 1.037 1.0345 1.0086 1.0347 1.0179 1.0374 1.0462 1.0375 1.0438 1.0447 1.0411 1.0284 1.0484 1.0192 1.0194 
1.0191 1.0403 1.0359 1.0084 1.0331 1.0291 1.0346 1.0342 1.0489 1.0016 1.0397 1.0163 1.0035 1.0115 1.0068 1.0232 1.037 1.025 1.0141 1.0344 1.0307 1.0488 1.0195 1.0454 1.0272 
1.0345 1.0403 1.0051 1.015 1.0282 1.0301 1.0457 1.0469 1.0476 1.0427 1.0216 1.046 1.0199 1.0414 1.0423 1.0159 1.018 1.0014 1.0258 1.0014 1.001 1.0402 1.0481 1.0498 1.0029 
1.0374 1.0217 1.0434 1.024 1.0244 1.0469 1.0032 1.0477 1.0094 1.0337 1.0056 1.0067 1.0487 1.0217 1.0386 1.0187 1.046 1.0012 1.0163 1.0226 1.0199 1.0391 1.0044 1.011 1.0492 
1.0299 1.0274 1.0106 1.0484 1.0468 1.0381 1.0499 1.0004 1.0126 1.0499 1.0044 1.0231 1.0309 1.0484 1.0114 1.0138 1.0455 1.0132 1.0413 1.0051 1.0024 1.0416 1.0497 1.0304 1.0155 
1.0081 1.034 1.049 1.004 1.0301 1.0368 1.0065 1.0425 1.0159 1.042 1.0349 1.042 1.0437 1.0251 1.0229 1.0285 1.0316 1.0228 1.0024 1.022 1.0039 1.0139 1.0041 1.0158 1.0008 
1.0384 1.0459 1.0141 1.0192 1.0006 1.0085 1.0161 1.0358 1.0267 1.0038 1.0108 1.0401 1.0194 1.0204 1.0072 1.0053 1.0331 1.0158 1.0175 1.0439 1.0126 1.0136 1.0243 1.0127 1.0411 
1.0489 1.0168 1.0267 1.0113 1.0315 1.0067 1.0285 1.0069 1.037 1.0316 1.0198 1.0185 1.0006 1.0378 1.0409 1.002 1.0487 1.0017 1.0438 1.0201 1.0462 1.0008 1.0075 1.0404 1.0302 
1.0088 1.0082 1.0067 1.0278 1.0381 1.0217 1.0005 1.0352 1.0332 1.0318 1.0235 1.005 1.0132 1.0335 1.0348 1.0337 1.0245 1.0001 1.0219 1.0316 1.0218 1.0119 1.0374 1.0446 1.017 
1.0122 1.0177 1.047 1.0333 1.0315 1.0067 1.0065 1.0463 1.038 1.0391 1.0096 1.0446 1.0338 1.0411 1.0301 1.0339 1.0466 1.0114 1.0384 1.0103 1.0498 1.0356 1.0143 1.034 1.0095 
1.0127 1.0341 1.0229 1.0341 1.0391 1.0182 1.0454 1.009 1.0281 1.0368 1.0015 1.0131 1.0431 1.0427 1.0052 1.0499 1.0126 1.0039 1.0249 1.0477 1.0089 1.045 1.0303 1.0101 1.0497 
1.0497 1.0131 1.0118 1.0254 1.0232 1.0461 1.0054 1.0106 1.0152 1.0487 1.0233 1.0159 1.0159 1.0439 1.049 1.0117 1.0144 1.0318 1.0084 1.0436 1.0029 1.0091 1.0424 1.0135 1.0367 
1.0168 1.0396 1.0218 1.0113 1.0283 1.0236 1.0273 1.0379 1.0395 1.0274 1.0261 1.0208 1.0184 1.0307 1.0491 1.0198 1.0204 1.012 1.0255 1.0233 1.0408 1.043 1.0127 1.0295 1.0375 
1.0042 1.0279 1.0474 1.0033 1.0063 1.0227 1.0382 1.0214 1.0053 1.0075 1.0225 1.0019 1.0038 1.0238 1.0336 1.0445 1.0283 1.005 1.014 1.0301 1.0206 1.0027 1.0441 1.0157 1.0365 
1.0083 1.0261 1.0361 1.0333 1.0424 1.0432 1.0148 1.0036 1.0216 1.0259 1.024 1.014 1.0081 1.0238 1.0426 1.0181 1.0155 1.0455 1.0271 1.0457 1.0363 1.0483 1.0392 1.0233 1.0121 
1.0487 1.0321 1.0419 1.0097 1.0384 1.022 1.0338 1.0266 1.0186 1.0282 1.0013 1.0071 1.0407 1.0398 1.014 1.0454 1.0342 1.0329 1.0303 1.0286 1.0326 1.025 1.0016 1.0247 1.0397 
1.0211 1.0131 1.0457 1.0481 1.0448 1.0412 1.0497 1.0406 1.0198 1.0233 1.0494 1.0379 1.0066 1.0105 1.022 1.0221 1.0299 1.0132 1.0194 1.0153 1.029 1.0428 1.0298 1.0077 1.0365 
1.0015 1.0069 1.0155 1.0157 1.0494 1.0163 1.031 1.0495 1.0285 1.0271 1.0033 1.0425 1.0148 1.019 1.0247 1.0373 1.0325 1.0418 1.0323 1.0004 1.0239 1.0423 1.0201 1.0328 1.0243 
1.0365 1.0449 1.0282 1.0177 1.0271 1.0048 1.0394 1.0397 1.0067 1.0008 1.0219 1.009 1.047 1.0375 1.0496 1.0031 1.0198 1.0155 1.0199 1.02 1.0042 1.0024 1.0467 1.0491 1.0172 
1.0119 1.0136 1.0084 1.0068 1.039 1.0198 1.025 1.0065 1.0315 1.04 1.0203 1.019 1.0194 1.0145 1.0153 1.0091 1.0213 1.0376 1.0213 1.0028 1.0206 1.0264 1.0333 1.0269 1.0175 
1.021 1.0369 1.0342 1.0177 1.0314 1.0111 1.0237 1.0287 1.0168 1.0452 1.0414 1.0284 1.0487 1.0176 1.0146 1.0352 1.0034 1.0253 1.0163 1.0222 1.0063 1.0107 1.0022 1.041 1.0096 
1.0348 1.049 1.0378 1.0372 1.0006 1.0193 1.0466 1.0034 1.0459 1.0213 1.0108 1.0236 1.0221 1.0268 1.0356 1.0171 1.039 1.0203 1.0236 1.042 1.0167 1.0135 1.0471 1.0178 1.0117 
1.0053 1.0199 1.0075 1.0239 1.0488 1.0088 1.0484 1.0372 1.046 1.0359 1.0037 1.0024 1.0013 1.0479 1.0079 1.0438 1.0029 1.0079 1 1.0209 1.0026 1.0433 1.0012 1.0451 1.0007 
1.0097 1.0242 1.0485 1.0397 1.0128 1.0351 1.0317 1.0481 1.015 1.0288 1.0344 1.0416 1.0206 1.0206 1.0244 1.0173 1.0314 1.0457 1.0441 1.0254 1.0175 1.0281 1.0118 1.019 1.0117 
1.0321 1.0314 1.0447 1.0206 1.0393 1.0424 1.0351 1.0111 1.0411 1.0247 1.0275 1.0092 1.0244 1.0114 1.0126 1.0265 1.0028 1.0375 1.0483 1.0109 1.0031 1.0351 1.0282 1.0066 1.0085 
1.0434 1.0044 1.036 1.0481 1.0475 1.0121 1.0143 1.0401 1.0165 1.0106 1.0335 1.0381 1.0367 1.0355 1.0451 1.0033 1.0457 1.0486 1.0174 1.0043 1.0236 1.0156 1.0196 1.037 1.0136 
1.0432 1.0379 1.0292 1.012 1.0266 1.0403 1.0018 1.0334 1.0382 1.0388 1.0045 1.0024 1.0269 1.0468 1.0387 1.001 1.0219 1.0133 1.0108 1.0272 1.0358 1.0484 1.0498 1.0471 1.0349 
1.0498 1.0335 1.0451 1.0301 1.0253 1.0034 1.0283 1.0184 1.0218 1.0419 1.0448 1.0398 1.0274 1.0103 1.0291 1.0481 1.0155 1.0247 1.0482 1.0108 1.0136 1.0375 1.0449 1.0411 1.0151 
1.0038 1.0173 1.0493 1.0238 1.0112 1.0264 1.0129 1.0268 1.0272 1.0226 1.0275 1.041 1.0028 1.0128 1.0334 1.0334 1.0177 1.0199 1.017 1.0286 1.0403 1.0339 1.0388 1.0367 1.0117 
1.0337 1.0131 1.0084 1.0213 1.0434 1.0446 1.0254 1.0235 1.0068 1.0183 1.0438 1.0162 1.0434 1.0498 1.0429 1.007 1.0303 1.0354 1.0102 1.0236 1.0299 1.0315 1.0245 1.0431 1.0009 
1.0133 1.0279 1.0164 1.0136 1.0096 1.0278 1.0325 1.0081 1.0092 1.0478 1.0161 1.0072 1.0263 1.0385 1.0095 1.0231 1.0341 1.0235 1.0152 1.0463 1.0231 1.0308 1.0081 1.0388 1.0303 
1.0426 1.0062 1.0347 1.0039 1.0053 1.0108 1.0286 1.0364 1.0486 1.0113 1.0456 1.0236 1.0452 1.0369 1.0405 1.0303 1.0381 1.0231 1.0324 1.0407 1.03 1.0114 1.04 1.017 1.0441 
1.0265 1.0384 1.0281 1.0474 1.0454 1.0462 1.0178 1.0404 1.0126 1.0141 1.0485 1.0402 1.0235 1.0369 1.0426 1.0297 1.0194 1.0196 1.0313 1.0031 1.0315 1.0275 1.0064 1.001 1.0115 
1.0002 1.0097 1.0495 1.0084 1.0051 1.0399 1.01 1.0403 1.0188 1.0007 1.0074 1.0167 1.0205 1.0058 1.049 1.046 1.0205 1.0345 1.0442 1.0174 1.0103 1.0212 1.0339 1.0031 1.0335 
1.0007 1.0169 1.0094 1.0157 1.0465 1.0051 1.0489 1.0306 1.0462 1.0351 1.0434 1.0434 1.0048 1.0113 1.0217 1.0417 1.0142 1.0068 1.0069 1.0336 1.028 1.01 1.0348 1.0415 1.0417 
1.0211 1.0116 1.0372 1.0101 1.0125 1.0232 1.0279 1.0137 1.0097 1.0166 1.022 1.0125 1.0115 1.021 1.0288 1.0002 1.0255 1.0118 1.0496 1.0356 1.0111 1.0039 1.0265 1.0325 1.046 
1.0304 1.0277 1.0471 1.0273 1.0255 1.0498 1.017 1.0252 1.0353 1.0492 1.0498 1.0137 1.0121 1.0246 1.0164 1.036 1.0163 1.0404 1.0414 1.0474 1.0384 1.0387 1.0124 1.0407 1.0497 
1.0456 1.0392 1.0155 1.0149 1.0014 1.0373 1.0067 1.0153 1.045 1.0052 1.0013 1.0163 1.0304 1.0451 1.0422 1.0473 1.0051 1.033 1.021 1.0238 1.0345 1.0455 1.0045 1.0477 1.0384 
1.0265 1.0365 1.03 1.0129 1.0144 1.0088 1.046 1.0039 1.0211 1.0196 1.008 1.0098 1.0206 1.0016 1.0458 1.0052 1.0162 1.002 1.0433 1.0103 1.0046 1.012 1.0468 1.0141 1.0318 
1.0216 1.0035 1.0304 1.0287 1.0284 1.0368 1.0342 1.0329 1.0147 1.0231 1.0424 1.0287 1.0085 1.0493 1.0169 1.043 1.0418 1.0274 1.0037 1.0151 1.0443 1.0093 1.0247 1.0002 1.0119 
1.0446 1.018 1.0079 1.0326 1.0358 1.0321 1.017 1.0116 1.0252 1.0471 1.0075 1.0289 1.0428 1.0424 1.0086 1.0412 1.0127 1.0073 1.0381 1.0266 1.0222 1.031 1.0152 1.0129 1.0428 
1.0241 1.048 1.0101 1.0137 1.0166 1.0063 1.0133 1.0028 1.0047 1.0119 1.0064 1.0263 1.0156 1.0421 1.0101 1.0274 1.0045 1.0108 1.0317 1.0081 1.0051 1.0006 1.0413 1.0426 1.0191 
1.0197 1.0312 1.0262 1.0357 1.0006 1.037 1.0418 1.0468 1.0035 1.0249 1.0125 1.0215 1.029 1.0242 1.0225 1.0263 1.0142 1.0135 1.0171 1.0446 1.0328 1.0024 1.0467 1.0348 1.0117 
1.0399 1.0351 1.0343 1.0079 1.0329 1.0279 1.0052 1.038 1.0214 1.04 1.0283 1.018 1.0072 1.0105 1.0368 1.0401 1.0263 1.0267 1.03 1.0491 1.0127 1.0028 1.001 1.0459 1.0186 
1.0098 1.0227 1.0206 1.0431 1.0417 1.0086 1.0439 1.0184 1.0326 1.046 1.0089 1.0268 1.0017 1.0278 1.025 1.024 1.0222 1.0457 1.0349 1.0095 1.0295 1.0171 1.0469 1.0491 1.0334 
1.0066 1.0157 1.009 1.0376 1.0354 1.0362 1.0409 1.0429 1.0306 1.036 1.0264 1.0422 1.032 1.0354 1.0059 1.0463 1.0029 1.0345 1.0267 1.0494 1.0382 1.023 1.0239 1.0411 1.032 
1.0213 1.0032 1.0014 1.0498 1.0336 1.0398 1.043 1.0357 1.0145 1.0134 1.0231 1.0484 1.0213 1.0041 1.0414 1.0193 1.0385 1.0427 1 1.0461 1.0245 1.0492 1.0012 1.0147 1.0411 
1.0057 1.0437 1.046 1.0188 1.0334 1.0215 1.0019 1.0033 1.0098 1.0001 1.0356 1.0477 1.0223 1.0491 1.0289 1.003 1.022 1.0428 1.0208 1.035 1.0361 1.0067 1.0434 1.0438 1.025 
1.0345 1.0311 1.0441 1.0299 1.0094 1.0219 1.0374 1.003 1.013 1.0496 1.0097 1.0229 1.0482 1.0201 1.0289 1.0205 1.0443 1.0071 1.0038 1.0019 1.0285 1.0018 1.0377 1.0438 1.0091 
1.0418 1.0181 1.0229 1.007 1.0278 1.0127 1.0227 1.0371 1.0288 1.0373 1.0269 1.0162 1.0311 1.0382 1.0042 1.0465 1.0326 1.0141 1.0172 1.0392 1.0481 1.002 1.0194 1.0246 1.0389 
1.0271 1.0417 1.018 1.0095 1.0382 1.0107 1.0488 1.0393 1.0327 1.005 1.0369 1.0477 1.0387 1.0313 1.0241 1.0166 1.015 1.0073 1.0463 1.0031 1.0037 1.0306 1.0158 1.0441 1.0339 
1.0492 1.0225 1.0248 1.0059 1.0332 1.0029 1.0143 1.0106 1.0057 1.0376 1.0381 1.0388 1.044 1.0175 1.0303 1.0011 1.0271 1.0042 1.0054 1.0143 1.0089 1.0031 1.0103 1.0287 1.0123 
1.038 1.0493 1.0032 1.0301 1.0033 1.0418 1.0388 1.0024 1.0093 1.0358 1.019 1.0351 1.0128 1.0017 1.0376 1.0159 1.0405 1.0472 1.0103 1.0076 1.0352 1.0398 1.0134 1.0152 1.0235 
1.0467 1.0378 1.0134 1.0069 1.0344 1.0137 1.0179 1.0131 1.0007 1.0054 1.0132 1.0434 1.0186 1.0123 1.0185 1.044 1.0207 1.0292 1.0107 1.0058 1.0351 1.0292 1.0256 1.0399 1.02 
1.0492 1.0119 1.0203 1.0319 1.0004 1.0302 1.0423 1.021 1.0333 1.0152 1.0362 1.002 1.0032 1.0046 1.0227 1.0158 1.0041 1.0097 1.0153 1.0326 1.0289 1.0201 1.0275 1.0123 1.0233 
1.0421 1.0089 1.0336 1.0235 1.0423 1.0286 1.0132 1.0007 1.0333 1.0129 1.0058 1.0032 1.0032 1.0181 1.0016 1.0003 1.0276 1.0404 1.0385 1.0175 1.0304 1.0315 1.0266 1.0261 1.0427 
1.0199 1.0009 1.027 1.0114 1.0472 1.0205 1.0406 1.004 1.0437 1.0018 1.0464 1.0281 1.0131 1.0306 1.0391 1.0411 1.0476 1.0226 1.0307 1.0074 1.0187 1.0353 1.0177 1.0136 1.0099 
1.0077 1.0375 1.0379 1.0073 1.0119 1.0471 1.0275 1.0026 1.0058 1.0357 1.0472 1.0472 1.0059 1.0495 1.0141 1.0496 1.0327 1.0409 1.0028 1.0292 1.0064 1.0181 1.0204 1.0077 1.0056 
1.0324 1.0365 1.0412 1.0424 1.0434 1.0454 1.0137 1.0285 1.0383 1.0245 1.008 1.0045 1.0183 1.0495 1.0307 1.0112 1.0483 1.0169 1.0316 1.0487 1.0439 1.0059 1.0183 1.0048 1.0374 
1.0142 1.0499 1.0183 1.0169 1.0296 1.0213 1.0437 1.022 1.0223 1.0428 1.0439 1.0075 1.0182 1.0123 1.0389 1.036 1.0417 1.0212 1.0071 1.0236 1.0098 1.0163 1.0468 1.0487 1.0147 
1.0142 1.0334 1.0203 1.0326 1.0058 1.0085 1.0072 1.0447 1.0042 1.0211 1.017 1.0396 1.011 1.0035 1.0271 1.0479 1.0175 1.034 1.046 1.0199 1.0109 1.0085 1.0069 1.0456 1.0409 
1.0499 1.0423 1.0256 1.0464 1.0042 1.0081 1.0158 1.012 1.0143 1.0274 1.017 1.0433 1.0229 1.0355 1.0273 1.0315 1.0164 1.0024 1.0175 1.0214 1.0211 1.016 1.027 1.0389 1.004 
1.024 1.0045 1.0399 1.0224 1.0219 1.0232 1.0016 1.0327 1.0363 1.0142 1.0264 1.0102 1.0423 1.0496 1.0089 1 1.0433 1.048 1.0337 1.0126 1.025 1.0266 1.0273 1.0097 1.0096 
1.0233 1.0451 1.0176 1.0211 1.005 1.0139 1.0259 1.0056 1.0456 1.0246 1.0244 1.0121 1.0199 1.0135 1.0364 1.0433 1.0015 1.0062 1.0499 1.0271 1.0003 1.0148 1.0187 1.0216 1.0303 
1.0244 1.0002 1.0426 1.0417 1.0239 1.0499 1.0042 1.0331 1.0199 1.0496 1.0157 1.0082 1.0127 1.0381 1.0339 1.0097 1.008 1.0235 1.0264 1.0353 1.0239 1.0081 1.03 1.0403 1.0341 
1.0279 1.0061 1.0099 1.0267 1.0261 1.0182 1.0419 1.008 1.0278 1.0422 1.0459 1.0371 1.013 1.0005 1.0424 1.0281 1.0085 1.0138 1.0174 1.0354 1.0098 1.0278 1.0059 1.0355 1.0106 
1.0044 1.0465 1.0436 1.0028 1.0353 1.019 1.0303 1.0032 1.0102 1.0478 1.0245 1.0478 1.0148 1.0233 1.0251 1.0154 1.0455 1.0471 1.0352 1.0254 1.0422 1.0396 1.0237 1.0016 1.0397 
1.0447 1.0153 1.0301 1.0084 1.0094 1.0165 1.042 1.0496 1.0119 1.0327 1.0415 1.0308 1.0493 1.0095 1.0275 1.0378 1.0186 1.0482 1.0134 1.0257 1.038 1.0115 1.0022 1.0112 1.0345 
1.0038 1.0103 1.0252 1.0059 1.0323 1.0481 1.0123 1.0296 1.0454 1.0119 1.003 1.0419 1.036 1.0095 1.0261 1.0247 1.0146 1.0495 1.0404 1.0087 1.0313 1.0339 1.028 1.0006 1.0442 
1.0493 1.0373 1.012 1.0242 1.0357 1.0158 1.0482 1.0045 1.0413 1.048 1.0386 1.001 1.022 1.0376 1.0465 1.0291 1.022 1.0376 1.0409 1.0235 1.0165 1.0458 1.029 1.0499 1.0488 
1.0101 1.0409 1.0037 1.0214 1.0036 1.0107 1.0189 1.0322 1.0154 1.0446 1.0154 1.0489 1.0497 1.0396 1.0393 1.0423 1.0113 1.008 1.0488 1.0432 1.0159 1.0475 1.049 1.0472 1.0405 
1.0368 1.0069 1.0056 1.0044 1.0267 1.0248 1.0386 1.0189 1.0126 1.0295 1.0471 1.0356 1.0127 1.0119 1.0358 1.0046 1.0008 1.0354 1.0132 1.044 1.0345 1.0398 1.0342 1.0184 1.0202 
1.0125 1.0366 1.0044 1.0157 1.0017 1.0015 1.0193 1.0296 1.0324 1.0006 1.0382 1.0242 1.0163 1.0149 1.0209 1.0262 1.0099 1.0069 1.0049 1.0093 1.0192 1.0377 1.0217 1.0353 1.0294 
1.0123 1.0404 1.0433 1.044 1.015 1.0481 1.0311 1.0271 1.0427 1.0084 1.0423 1.013 1.0188 1.0074 1.0086 1.0443 1.018 1.0013 1.0323 1.0075 1.024 1.0464 1.0341 1.0373 1.0357 
1.0302 1.0266 1.0004 1.0319 1.0164 1.0022 1.0374 1.0417 1.0248 1.0075 1.0303 1.0259 1.0351 1.0359 1.0495 1.0369 1.0435 1.0426 1.0191 1.0104 1.0437 1.0129 1.005 1.0057 1.0349 
1.0199 1.0111 1.0092 1.0044 1.0012 1.0061 1.0499 1.0009 1.0492 1.0448 1.02 1.0139 1.0185 1.0478 1.0324 1.0241 1.0195 1.03 1.0157 1.0131 1.0226 1.0313 1.03 1.0392 1.0433 
1.0391 1.0147 1.0129 1.0406 1.0253 1.0043 1.0477 1.0102 1.0037 1.0141 1.0065 1.0422 1.0287 1.0046 1.017 1.0194 1.0246 1.0235 1.0417 1.0473 1.0206 1.027 1.0486 1.0333 1.0341 
1.0263 1.0448 1.0489 1.0225 1.0486 1.0196 1.0256 1.0022 1.0365 1.032 1.0396 1.0376 1.0356 1.0322 1.0306 1.0216 1.0095 1.0168 1.0308 1.0356 1.0208 1.0462 1.0304 1.0491 1.0378 
1.0298 1.0411 1.007 1.0305 1.0068 1.027 1.044 1.0002 1.0187 1.0383 1.0144 1.0273 1.019 1.0483 1.044 1.0114 1.0206 1.0239 1.0459 1.0105 1.0055 1.0133 1.0272 1.013 1.0481 
1.0404 1.0358 1.0007 1.0433 1.0335 1.034 1.0083 1.034 1.0253 1.0102 1.0327 1.0139 1.0133 1.0171 1.007 1.0023 1.0108 1.0232 1.0398 1.0127 1.0283 1.0101 1.0217 1.024 1.0003 
1.0223 1.0018 1.0149 1.0018 1.0233 1.0157 1.0227 1.0108 1.0031 1.0124 1.027 1.011 1.0047 1.0311 1.012 1.0382 1.0282 1.016 1.0062 1.0094 1.0212 1.0095 1.0425 1.0257 1.0371 
1.0181 1.0166 1.0135 1.0061 1.0004 1.0166 1.0185 1.0102 1.0175 1.0019 1.0138 1.0191 1.0325 1.0083 1.0476 1.0093 1.0287 1.0374 1.0229 1.0166 1.0489 1.0049 1.0407 1.0002 1.041 
1.0305 1.037 1.0337 1.0281 1.0081 1.0117 1.0119 1.0366 1.0376 1.0296 1.0172 1.0269 1.0215 1.044 1.0285 1.0043 1.0258 1.0479 1.0338 1.0054 1.0052 1.0026 1.025 1.0184 1.0212 
1.0141 1.0152 1.0051 1.0485 1.0066 1.0443 1.0139 1.0281 1.0256 1.0388 1.0227 1.047 1.0404 1.0254 1.0245 1.0465 1.0333 1.0154 1.0081 1.0412 1.0389 1.0373 1.0212 1.0293 1.038 
1.0163 1.0232 1.0091 1.0172 1.0348 1.0318 1.0197 1.0301 1.0488 1.0199 1.0116 1.0094 1.0159 1.0193 1.0238 1.0092 1.0036 1.011 1.04 1.0031 1.0303 1.0301 1.0012 1.0394 1.0059 
1.0475 1.0072 1.0078 1.0216 1.012 1.0497 1.045 1.0288 1.0483 1.0287 1.029 1.0025 1.0315 1.038 1.0245 1.026 1.0302 1.0351 1.0315 1.0264 1.0338 1.0404 1.0495 1.0052 1.0307 
1.0365 1.0301 1.0473 1.03 1.0042 1.0403 1.0272 1.0493 1.0036 1.0449 1.0079 1.006 1.0382 1.0079 1.0366 1.047 1.0377 1.0182 1.0096 1.0149 1.0222 1.0321 1.0419 1.0304 1.0426 
1.0322 1.0244 1.0195 1.0305 1.0427 1.0042 1.0427 1.045 1.0482 1.0154 1.0464 1.0182 1.0097 1.0007 1.0409 1.0363 1.0406 1.0247 1.0211 1.0099 1.0002 1.0454 1.0291 1.0229 1.0046 
1.0325 1.0221 1.0323 1.0422 1.0445 1.0349 1.0064 1.0098 1.0341 1.0235 1.022 1.0131 1.0209 1.0125 1.0466 1.0271 1.0485 1.0334 1.0237 1.0291 1.0082 1.0004 1.0442 1.0279 1.0415 
1.0143 1.0441 1.0267 1.0402 1.0312 1.0162 1.0041 1.0192 1.0479 1.0422 1.0483 1.0454 1.0317 1.0014 1.0287 1.001 1.0088 1.0259 1.0156 1.0321 1.0216 1.0046 1.0255 1.0322 1.0033 
1.0418 1.0041 1.0107 1.0026 1.0417 1.033 1.0262 1.0238 1.0375 1.0431 1.0396 1.0138 1.0057 1.0488 1.0393 1.0294 1.04 1.0021 1.0394 1.0127 1.0083 1.023 1.0386 1.0464 1.0442 
1.0368 1.021 1.0323 1.0317 1.0254 1.0201 1.0147 1.031 1.0056 1.0332 1.0263 1.0455 1.021 1.0418 1.0038 1.0242 1.0129 1.0218 1.0377 1.0317 1.017 1.0108 1.0124 1.008 1.0059 
1.0009 1.0364 1.03 1.0229 1.0359 1.0196 1.0199 1.0442 1.038 1.0039 1.0425 1.0248 1.041 1.0038 1.0137 1.0247 1.0067 1.0435 1.0016 1.0072 1.0494 1.0201 1.0289 1.0309 1.0486 
1.0372 1.0335 1.0263 1.0429 1.0043 1.0123 1.0237 1.0411 1.042 1.0484 1.0483 1.0496 1.0236 1.0095 1.033 1.0059 1.046 1.0042 1.011 1.0149 1.0227 1.0334 1.041 1.0458 1.0033 
1.0281 1.0191 1.0282 1.0204 1.0173 1.0232 1.0378 1.0437 1.0062 1.0371 1.02 1.0248 1.04 1.0471 1.0044 1.0155 1.0284 1.0345 1.0349 1.0156 1.0108 1.0297 1.0148 1.0382 1.0134 
1.0443 1.0102 1.0122 1.0138 1.0082 1.048 1.0055 1.0258 1.0039 1.0058 1.0482 1.019 1.0164 1.048 1.0154 1.0207 1.0331 1.0213 1.0323 1.0388 1.0454 1.0453 1.0165 1.0032 1.0405 
1.0382 1.0147 1.0122 1.0186 1.0109 1.0177 1.0418 1.0011 1.0437 1.0179 1.0032 1.0413 1.0477 1.0231 1.0211 1.0016 1.0314 1.0485 1.0275 1.0492 1.0135 1.0344 1.0269 1.0334 1.0208 
1.0436 1.047 1.0493 1.0476 1.0049 1.0387 1.0142 1.0347 1.0023 1.0393 1.0118 1.0203 1.0112 1.0141 1.0007 1.0235 1.0046 1.0337 1.0066 1.0088 1.0261 1.0158 1.0451 1.0222 1.0351 
1.0273 1.0105 1.0287 1.0331 1.0237 1.0304 1.041 1.0142 1.0439 1.0404 1.0323 1.0412 1.0034 1.0001 1.014 1.0446 1.0084 1.0291 1.0095 1.0032 1.0068 1.005 1.0094 1.0454 1.028 
1.0278 1.0323 1.0119 1.0182 1.0367 1.0438 1.0305 1.0435 1.0209 1.0016 1.0138 1.0159 1.0326 1.0489 1.035 1.0459 1.0316 1.0032 1.0327 1.0412 1.0048 1.0141 1.0469 1.0499 1.0183 
1.0207 1.0445 1.0262 1.0457 1.026 1.0256 1.0498 1.0335 1.0253 1.0244 1.0349 1.0449 1.0334 1.0191 1.0386 1.0355 1.0198 1.0063 1.0338 1.0179 1.0335 1.0356 1.0405 1.0168 1.0209 
1.0099 1.0218 1.0085 1.0214 1.0496 1.0387 1.035 1.0369 1.0167 1.0269 1.0202 1.0227 1.0156 1.0266 1.0064 1.0014 1.0079 1.002 1.0076 1.023 1.0241 1.0425 1.0104 1.0273 1.0172 
1.0103 1.0303 1.0014 1.0308 1.0222 1.0212 1.0092 1.0311 1.0475 1.0072 1.0136 1.0282 1.0064 1.0158 1.0203 1.0482 1.0197 1.0191 1.0477 1.0246 1.0037 1.0374 1.0147 1.0073 1.031 
1.0288 1.0163 1.027 1.0225 1.0058 1.0317 1.0198 1.0305 1.0067 1.0116 1.0474 1.0297 1.0245 1.0451 1.0278 1.0428 1.0396 1.0201 1.0009 1.0093 1.0217 1.0203 1.0141 1.0411 1.0256 
1.04 1.047 1.0135 1.0215 1.0218 1.0142 1.0395 1.0089 1.0115 1.0252 1.0133 1.044 1.0202 1.0449 1.0321 1.0034 1.0139 1.0242 1.0159 1.0106 1.0421 1.0283 1.0381 1.0141 1.0118 
1.0403 1.0339 1.0287 1.0388 1.0438 1.0299 1.0191 1.0106 1.0427 1.0023 1.0353 1.0164 1.0474 1.0173 1.0108 1.0056 1.0241 1.0138 1.0207 1.0169 1.0165 1.005 1.0196 1.0337 1.0119 
1.0243 1.0215 1.0469 1.0115 1.0393 1.0283 1.008 1.0349 1.0145 1.0098 1.0414 1.0363 1.0004 1.0454 1.0454 1.0034 1.0342 1.0328 1.0217 1.0224 1.0133 1.0436 1.04 1.0414 1.01 
1.0169 1.0288 1.0125 1.0185 1.0206 1.0105 1.0234 1.0126 1.0037 1.0129 1.0066 1.028 1.0031 1.0225 1.0351 1.0424 1 1.0037 1.0413 1.0231 1.0392 1.0215 1.0327 1.0103 1.0259 
1.0246 1.0286 1.0454 1.0129 1.0013 1.0334 1.0322 1.0409 1.0428 1.0042 1.0406 1.0179 1.0127 1.0299 1.0256 1.0079 1.0068 1.0164 1.0187 1.0216 1.0179 1.0497 1.0335 1.008 1.004 
1.0087 1.0439 1.0354 1.0415 1.0266 1.0227 1.031 1.0413 1.0054 1.0406 1.01 1.0009 1.0187 1.0481 1.0091 1.0094 1.0437 1.0184 1.0123 1.0499 1.0182 1.0292 1.0161 1.025 1.0173 
1.021 1.0402 1.0245 1.0298 1.0071 1.0043 1.0077 1.0123 1.0113 1.0043 1.0489 1.0127 1.0309 1.0225 1.0252 1.0197 1.0249 1.0492 1.0418 1.0471 1.0392 1.0156 1.0352 1.0259 1.0248 
1.001 1.0301 1.0371 1.0231 1.0415 1.0471 1.036 1.0272 1.0277 1.021 1.0084 1.034 1.0367 1.0399 1.0259 1.0493 1.0163 1.0161 1.0038 1.0282 1.0025 1.0357 1.0315 1.0036 1.0109 
1.0019 1.038 1.028 1.0391 1.0336 1.0003 1.0153 1.0205 1.0061 1.0437 1.0244 1.0286 1.0395 1.0462 1.0322 1.003 1.0312 1.0301 1.0149 1.0347 1.0323 1.0204 1.0378 1.0042 1.0031 
1.0318 1.0058 1.0273 1.0158 1.0047 1.0343 1.0451 1.0272 1.0152 1.0008 1.0092 1.0313 1.0396 1.0408 1.0035 1.0291 1.0073 1.0144 1.0225 1.0482 1.0255 1.0028 1.0205 1.0002 1.0054 
1.0219 1.0048 1.0495 1.0402 1.0288 1.0205 1.0219 1.0068 1.0116 1.0381 1.0182 1.0271 1.0465 1.0411 1.0353 1.0184 1.0385 1.0368 1.0346 1.0365 1.0348 1.0489 1.0147 1.0395 1.0418 
1.0301 1.0061 1.0179 1.0385 1.0076 1.0216 1.003 1.0141 1.0156 1.0432 1.0337 1.034 1.0139 1.0026 1.0312 1.038 1.0037 1.0056 1.0061 1.0063 1.038 1.0421 1.0259 1.0055 1.0174 
1.0333 1.0379 1.0298 1.025 1.0109 1.0067 1.0159 1.0356 1.029 1.025 1.0145 1.0081 1.0302 1.0039 1.0416 1.0362 1.0214 1.0193 1.0102 1.0457 1.0466 1.0426 1.0183 1.0474 1.0206 
1.0034 1.0016 1.0339 1.0318 1.0211 1.0105 1.0206 1.0305 1.0374 1.0105 1.0162 1.0497 1.0141 1.0135 1.028 1.0126 1.0183 1.0317 1.0315 1.036 1.0275 1.0415 1.0402 1.0486 1.0389 
1.0469 1.0233 1.004 1.0405 1.0461 1.0004 1.0423 1.031 1.0461 1.0267 1.0368 1.0294 1.0228 1.0044 1.009 1.029 1.0446 1.0265 1.042 1.0056 1.0021 1.0041 1.0198 1.0431 1.0469 
1.0107 1.017 1.002 1.0455 1.0093 1.0258 1.0386 1.0326 1.0473 1.0429 1.0099 1.0094 1.0249 1.0063 1.0173 1.0094 1.0304 1.0341 1.0385 1.0059 1.0473 1.0348 1.0303 1.0449 1.0028 
1.0432 1.0106 1.0097 1.0113 1.0124 1.0218 1.0156 1.0175 1.0264 1.044 1.0456 1.033 1.0376 1.0344 1.0348 1.0109 1.0027 1.0242 1.0332 1.0343 1.035 1.0482 1.0366 1.0018 1.0226 
1.0176 1.0339 1.0428 1.0071 1.0324 1.0033 1.0078 1.0306 1.0433 1.0356 1.0358 1.0162 1.0468 1.0227 1.0169 1.0086 1.0091 1.0281 1.0249 1.0014 1.0427 1.0468 1.0231 1.0216 1.0423 
1.007 1.0265 1.0304 1.0066 1.0021 1.0138 1.0495 1.0283 1.0019 1.0086 1.0119 1.0271 1.0447 1.0239 1.0227 1.0338 1.0126 1.0108 1.013 1.0145 1.0285 1.0433 1.0333 1.0347 1.0398 
1.0103 1.0414 1.0035 1.041 1.0397 1.0054 1.035 1.0142 1.0039 1.0313 1.0453 1.0061 1.0123 1.0032 1.0405 1.0388 1.047 1.0184 1.0294 1.0122 1.0264 1.0398 1.0204 1.0178 1.0309 
1.0486 1.0413 1.0495 1.047 1.0147 1.0234 1.0452 1.0419 1.045 1.0071 1.0421 1.0055 1.0355 1.035 1.0221 1.0466 1.0329 1.0479 1.0239 1.0289 1.0206 1.0364 1.0141 1.0112 1.0254 
1.0282 1.0355 1.01 1.0202 1.0037 1.0157 1.0419 1.0445 1.0207 1.0009 1.048 1.0354 1.0134 1.0227 1.0001 1.0296 1.0445 1.0238 1.0347 1.0341 1.0373 1.019 1.0229 1.0405 1.0412 
1.0141 1.0185 1.0099 1.0098 1.0419 1.0392 1.0185 1.0126 1.0125 1.0087 1.0241 1.0227 1.0115 1.0241 1.0126 1.0432 1.027 1.0091 1.0028 1.0313 1.0146 1.027 1.0455 1.0263 1.0192 
1.0383 1.0222 1.0485 1.0037 1.0449 1.0423 1.0292 1.0071 1.0286 1.0281 1.0436 1.0466 1.0467 1.0434 1.0224 1.0009 1.0297 1.0098 1.0251 1.0011 1.0088 1.0179 1.0264 1.0479 1.036 
1.0463 1.0124 1.031 1.0421 1.0031 1.0174 1.0299 1.0127 1.0189 1.0107 1.0392 1.0164 1.01 1.043 1.0125 1.0228 1.0462 1.0057 1.0433 1.0072 1.0483 1.017 1.0339 1.0159 1.0269 
1.0241 1.0177 1.0119 1.0387 1.0079 1.0359 1.027 1.0361 1.0306 1.0423 1.0194 1.0496 1.0025 1.0173 1.0041 1.0346 1.0047 1.0324 1.0156 1.0485 1.0303 1.019 1.0344 1.0144 1.0227 
1.0113 1.0219 1.0222 1.0333 1.0434 1.0369 1.0269 1.0181 1.039 1.0038 1.033 1.0292 1.0463 1.0233 1.0448 1.0221 1.0364 1.0141 1.0082 1.0438 1.0412 1.0251 1.0049 1.0465 1.028 
1.0249 1.0492 1.0463 1.0142 1.0393 1.0238 1.04 1.0241 1.0001 1.0101 1.0353 1.0175 1.0209 1.0028 1.0407 1.0262 1.0326 1.0456 1.0289 1.0026 1.0089 1.0091 1.0347 1.0189 1.0359 
1.0193 1.0499 1.014 1.0272 1.0102 1.0372 1.0342 1.0381 1.0335 1.0162 1.015 1.0027 1.0371 1.0314 1.0122 1.0053 1.037 1.0034 1.0197 1.0233 1.0189 1.0374 1.0348 1.0041 1.0277 
1.0188 1.0113 1.0375 1.0445 1.0481 1.0291 1.0291 1.0493 1.0338 1.0274 1.0085 1.0257 1.0438 1.027 1.0234 1.0056 1.012 1.0174 1.0399 1.0157 1.0127 1.0039 1.0055 1.0411 1.0219 
1.0429 1.0348 1.0417 1.0428 1.0345 1.0057 1.0173 1.0114 1.0311 1.0287 1.0312 1.0379 1.0274 1.039 1.0014 1.0013 1.0486 1.0364 1.025 1.0181 1.0197 1.0104 1.0337 1.0364 1.0161 
1.0284 1.0387 1.0352 1.0381 1.0268 1.0174 1.0026 1.0054 1.0194 1.0482 1.0263 1.0088 1.029 1.0053 1.0427 1.0233 1.0215 1.0243 1.0309 1.0077 1.0418 1.0156 1.0356 1.0471 1.0179 
1.0497 1.0206 1.0163 1.0257 1.0153 1.0355 1.012 1.0386 1.0105 1.0388 1.0212 1.0227 1.0438 1.0269 1.0281 1.0072 1.0481 1.0463 1.009 1.0199 1.0191 1.0491 1.0479 1.0445 1.0238 
1.0266 1.0085 1.0221 1.0116 1.0437 1.0218 1.0294 1.0166 1.0041 1.0347 1.0115 1.0312 1.0325 1.0278 1.0141 1.0267 1.0221 1.0431 1.028 1.0351 1.0233 1.0109 1.0173 1.0118 1.043 
1.0199 1.0056 1.0232 1.0369 1.0208 1.0492 1.0245 1.026 1.0322 1.0419 1.042 1.0326 1.0202 1.0168 1.0106 1.0297 1.0106 1.0069 1.049 1.0242 1.0192 1.011 1.0313 1.0453 1.0419 
1.0355 1.0089 1.001 1.0027 1.0458 1.0386 1.0219 1.0474 1.0445 1.0117 1.0434 1.0104 1.0033 1.0464 1.0257 1.0451 1.0443 1.0197 1.0333 1.046 1.0153 1.0147 1.0208 1.0399 1.0128 
1.0158 1.031 1.0174 1.0316 1.0399 1.0345 1.0391 1.0425 1.0231 1.0391 1.0351 1.0241 1.0455 1.0273 1.0347 1.0495 1.0116 1.0258 1.0341 1.0402 1.0239 1.0006 1.0276 1.0305 1.0176 
1.0232 1.0283 1.0297 1.0034 1.0124 1.0131 1.0075 1.0158 1.0236 1.0059 1.0444 1.0398 1.0473 1.0276 1.0237 1.0387 1.0174 1.0348 1.0036 1.0446 1.0121 1.016 1.0413 1.0103 1.0417 
1.038 1.0401 1.0435 1.0447 1.0278 1.0293 1.0379 1.0339 1.0256 1.0113 1.0032 1.025 1.0078 1.047 1.0162 1.0198 1.0171 1.0372 1.0396 1.0301 1.0069 1.012 1.0265 1.0389 1.0383 
1.0283 1.0464 1.0143 1.0122 1.0183 1.0316 1.0455 1.0248 1.0222 1.0094 1.0335 1.0309 1.0239 1.0468 1.044 1.045 1.0236 1.0351 1.0178 1.0423 1.0489 1.0136 1.041 1.0431 1.0142 
1.0126 1.0412 1.0479 1.0445 1.0207 1.0305 1.0271 1.0384 1.006 1.0375 1.0124 1.0334 1.0257 1.0455 1.0455 1.002 1.0245 1.0316 1.0128 1.0324 1.0166 1.0286 1.0231 1.0266 1.0117 
1.0119 1.049 1.0085 1.0221 1.0289 1.0211 1.049 1.0145 1.028 1.0085 1.0164 1.005 1.0462 1.0425 1.0369 1.0001 1.0436 1.0191 1.0241 1.0329 1.0471 1.0001 1.0343 1.0365 1.0152 
1.0404 1.0004 1.026 1.04 1.0484 1.0232 1.0241 1.0407 1.0012 1.0253 1.0281 1.0255 1.021 1.0079 1.0115 1.0459 1.0108 1.0237 1.007 1.0368 1.0477 1.0498 1.0273 1.0104 1.003 
1.0056 1.0231 1.0253 1.0251 1.0471 1.0144 1.0228 1.0176 1.0277 1.0408 1.0043 1.0391 1.032 1.0047 1.0188 1.0361 1.0034 1.012 1.0463 1.0349 1.0233 1.0221 1.0126 1.0212 1.0241 
1.0036 1.0266 1.0118 1.0421 1.0307 1.0237 1.0411 1.0243 1.0033 1.013 1.0253 1.0077 1.0456 1.028 1.0429 1.0225 1.0329 1.0211 1.0388 1.0185 1.0306 1.0303 1.0316 1.0082 1.0071 
1.0074 1.0376 1.024 1.0096 1.0112 1.0396 1.0259 1.0386 1.0406 1.0028 1.0256 1.0251 1.0084 1.0354 1.0079 1.0366 1.0362 1.0114 1.0491 1.0423 1.0164 1.025 1.0471 1.0343 1.0404 
1.0398 1.0368 1.0044 1.0176 1.003 1.0027 1.0296 1.0253 1.0026 1.0048 1.0319 1.0299 1.0105 1.0419 1.0053 1.0038 1.018 1.0242 1.0468 1.0477 1.0217 1.0347 1.0194 1.0444 1.0003 
1.0048 1.0119 1.0123 1.0136 1.0184 1.0102 1.0357 1.0442 1.0111 1.0464 1.0315 1.0099 1.0381 1.0061 1.0362 1.0327 1.0034 1.0453 1.0489 1.0422 1.0198 1.041 1.0151 1.0302 1.012 
1.004 1.0171 1.0261 1.0216 1.0081 1.0182 1.0039 1.0433 1.0063 1.0487 1.0491 1.0111 1.0322 1.0044 1.026 1.0349 1.0254 1.0383 1.049 1.0126 1.0496 1.0037 1.0296 1.0002 1.0244 
1.034 1.0304 1.0115 1.0319 1.0432 1.0449 1.0253 1.0226 1.0472 1.016 1.0093 1.0423 1.0042 1.0439 1.03 1.0027 1.047 1.0126 1.0044 1.0123 1.0439 1.0383 1.0411 1.0318 1.0165 
1.0311 1.04 1.0031 1.0152 1.0277 1.0182 1.0419 1.0126 1.0382 1.0234 1.0282 1.0379 1.0398 1.0201 1.0306 1.0106 1.0226 1.0234 1.0216 1.0033 1.037 1.0228 1.0426 1.0409 1.0494 
1.0319 1.0117 1.0255 1.0367 1.0088 1.0472 1.0066 1.0079 1.0042 1.0157 1.0349 1.0101 1.0272 1.0422 1.0476 1.0429 1.0396 1.013 1.0418 1.0448 1.0488 1.0205 1.0386 1.0179 1.0403 
1.0253 1.0399 1.0061 1.0494 1.043 1.0259 1.0418 1.0085 1.0321 1.0171 1.0025 1.0332 1.0284 1.0304 1.0218 1.0277 1.0269 1.0206 1.0393 1.0091 1.0377 1.0405 1.0125 1.0056 1.0295 
1.0287 1.0192 1.0495 1.0097 1.0012 1.0146 1.0445 1.0192 1.0351 1.0032 1.0265 1.019 1.0062 1.0399 1.0033 1.0313 1.0177 1.0461 1.0291 1.0039 1.0291 1.0023 1.0336 1.0061 1.0069 
1.0264 1.0424 1.016 1.0015 1.0021 1.0446 1.0236 1.042 1.0014 1.0369 1.0107 1.0303 1.0127 1.0283 1.0026 1.0375 1.0058 1.0173 1.027 1.0012 1.0344 1.0167 1.0238 1.0423 1.007 
1.0042 1.0467 1.0489 1.0235 1.0263 1.0056 1.0059 1.0387 1.0482 1.0059 1.0328 1.0345 1.0074 1.0051 1.0221 1.0017 1.0382 1.0307 1.0397 1.0299 1.0117 1.008 1.0421 1.0172 1.0242 
1.0218 1.0159 1.0302 1.034 1.0145 1.0103 1.0469 1.0052 1.0249 1.028 1.0197 1.0451 1.011 1.0495 1.0457 1.0405 1.0382 1.0185 1.0467 1.0297 1.0435 1.0404 1.0365 1.0467 1.029 
1.0388 1.0442 1.0192 1.0276 1.0214 1.0429 1.0229 1.0299 1.0169 1.0425 1.0375 1.034 1.0143 1.0102 1.0289 1.005 1.0133 1.0162 1.0262 1.0179 1.0203 1.0159 1.0493 1.0349 1.0314 
1.016 1.0014 1.038 1.0112 1.0015 1.0055 1.0022 1.0385 1.0279 1.0331 1.0336 1.0178 1.0214 1.0013 1.0223 1.0062 1.0344 1.0444 1.0233 1.0208 1.0132 1.0078 1.048 1.0136 1.0289 
1.0215 1.0087 1.0009 1.0237 1.0011 1.0164 1.0295 1.0307 1.017 1.021 1.026 1.0143 1.0202 1.0493 1.0456 1.0175 1.0402 1.0114 1.0277 1.0362 1.0207 1.0419 1.0016 1.0259 1.03 
1.0366 1.0429 1.0319 1.0206 1.0101 1.0497 1.0147 1.0027 1.0418 1.021 1.019 1.0382 1.048 1.0327 1.0498 1.0252 1.0118 1.0269 1.0252 1.0161 1.0369 1.0217 1.0365 1.0086 1.0264 
1.0174 1.027 1.0045 1.0031 1.0253 1.0083 1.047 1.0081 1.0248 1.0108 1.0425 1.0224 1.0312 1.0176 1.0304 1.0392 1.0106 1.0311 1.0458 1.0431 1.0036 1.0429 1.0328 1.0126 1.0259 
1.0067 1.0111 1.0304 1.0207 1.003 1.0338 1.0037 1.0307 1.0126 1.0497 1.042 1.0459 1.01 1.0258 1.0049 1.0035 1.0039 1.0344 1.034 1.026 1.0491 1.0425 1.033 1.0037 1.0379 
1.002 1.0335 1.0056 1.0205 1.001 1.0055 1.0389 1.014 1.016 1.0165 1.0016 1.0453 1.0194 1.0052 1.0346 1.0069 1.0423 1.0124 1.0096 1.0233 1.0085 1.0274 1.0167 1.0139 1.0302 
1.0391 1.0143 1.0081 1.0082 1.0346 1.0238 1.0467 1.0043 1.049 1.0484 1.0338 1.0223 1.0129 1.0021 1.0242 1.0113 1.0232 1.019 1.0327 1.0271 1.0191 1.0432 1.0103 1.0145 1.0437 
1.0053 1.0047 1.0378 1.0395 1.0292 1.0229 1.0067 1.0068 1.0183 1.0341 1.0244 1.0157 1.0255 1.0206 1.0163 1.0414 1.0231 1.0247 1.0434 1.0101 1.0285 1.0473 1.0433 1.0304 1.029 
1.002 1.0424 1.0005 1.0477 1.0453 1.0149 1.033 1.0069 1.0318 1.0145 1.0082 1.0258 1.0384 1.0067 1.0243 1.0385 1.0344 1.0458 1.008 1.0134 1.0181 1.0445 1.0033 1.0367 1.0457 
1.0423 1.0089 1.005 1.0154 1.0012 1.0363 1.0336 1.0003 1.0125 1.0342 1.0128 1.0099 1.0311 1.0258 1.0238 1.0121 1.0438 1.0102 1.0416 1.0473 1.0159 1.0004 1.0408 1.0265 1.0084 
1.0225 1.0356 1.0036 1.0416 1.0065 1.0006 1.0203 1.0015 1.0011 1.0152 1.0433 1.0206 1.0104 1.0395 1.046 1.0354 1.0346 1.0003 1.0117 1.0273 1.0127 1.027 1.0012 1.0122 1.0323 
1.0392 1.0351 1.0394 1.0155 1.007 1.0457 1.0027 1.0378 1.0441 1.0474 1.0264 1.0369 1.0226 1.0058 1.0345 1.0417 1.0467 1.0177 1.0496 1.0439 1.0193 1.0145 1.044 1.0065 1.0256 
1.0265 1.0037 1.0288 1.0034 1.0152 1.0104 1.0213 1.0276 1.0203 1.0485 1.0216 1.0001 1.0412 1.0234 1.0045 1.0144 1.0152 1.007 1.0057 1.0149 1.0269 1.0093 1.0425 1.0071 1.0047 
1.0093 1.046 1.034 1.0287 1.0486 1.0111 1.0244 1.017 1.0298 1.0077 1.0446 1.0145 1.0105 1.0037 1.0397 1.0433 1.0107 1.0387 1.0222 1.0261 1.0233 1.014 1.0191 1.0285 1.0145 
1.0421 1.0288 1.0261 1.0288 1.0482 1.0043 1.0262 1.0102 1.0048 1.0229 1.0189 1.0141 1.0429 1.0059 1.0138 1.0449 1.0277 1.0114 1.0162 1.0388 1.0157 1.0319 1.0004 1.0096 1.0388 
1.0337 1.0044 1.0061 1.0174 1.0344 1.015 1.0461 1.0236 1.0274 1.0062 1.0197 1.0367 1.0236 1.0263 1.0322 1.0189 1.048 1.0129 1.0399 1.0025 1.01 1.0073 1.0041 1.0158 1.0194 
1.0124 1.0029 1.0038 1.0145 1.0137 1.0448 1.0083 1.0142 1.0479 1.0137 1.0187 1.03 1.0206 1.0186 1.0496 1.0361 1.0375 1.0204 1.0462 1.0166 1.005 1.0481 1.0428 1.0493 1.0455 
1.0266 1.0008 1.0165 1.0368 1.009 1.0167 1.0265 1.0019 1.0184 1.0245 1.0181 1.0075 1.0356 1.0088 1.0213 1.0115 1.0085 1.0355 1.0027 1.0278 1.0381 1.0373 1.0419 1.0276 1.0434 
1.0478 1.0425 1.0378 1.0003 1.0185 1.0091 1.0228 1.0326 1.0355 1.0124 1.0171 1.0004 1.0469 1.0492 1.0009 1.025 1.01 1.0465 1.0355 1.0475 1.0004 1.0317 1.0219 1.0181 1.015 
1.0497 1.0409 1.0301 1.0021 1.0405 1.0287 1.0125 1.0459 1.0073 1.0259 1.0473 1.0437 1.0415 1.038 1.0473 1.0336 1.005 1.0225 1.0388 1.021 1.0427 1.0437 1.0006 1.0368 1.0042 
1.0268 1.0317 1.0305 1.0271 1.0157 1.0442 1.018 1.0149 1.0436 1.0167 1.0313 1.0199 1.0261 1.0028 1.0281 1.0137 1.0034 1.0402 1.0266 1.0262 1.025 1.0381 1.0325 1.0019 1.0459 
1.0273 1.0219 1.0206 1.0245 1.024 1.0074 1.0228 1.0363 1.0127 1.0025 1.0315 1.0205 1.0195 1.0081 1.0196 1.0451 1.0321 1.0069 1.0497 1.0001 1.0236 1.042 1.015 1.0495 1.023 
1.0046 1.0045 1.0051 1.0302 1.0292 1.0075 1.0129 1.012 1.0308 1.0121 1.0286 1.0053 1.0109 1.0038 1.0016 1.0076 1.0338 1.0041 1.0048 1.0117 1.0125 1.0319 1.0105 1.0341 1.0325 
1.015 1.0445 1.0123 1.0184 1.0149 1.0029 1.0094 1.0327 1.0267 1.017 1.003 1.0007 1.0301 1.0245 1.0315 1.0238 1.0315 1.0355 1.032 1.0196 1.0494 1.0054 1.0264 1.0406 1.0393 
1.0278 1.0391 1.038 1.0432 1.0271 1.0427 1.0334 1.0096 1.0441 1.0372 1.0446 1.0403 1.0013 1.0289 1.0379 1.0083 1.0404 1.0175 1.0105 1.0251 1.0346 1.0176 1.0251 1.0285 1.0085 
1.0033 1.0393 1.0118 1.0133 1.0184 1.0372 1.0434 1.0126 1.0281 1.0014 1.0223 1.0148 1.0277 1.0026 1.0389 1.0442 1.0211 1.0176 1.0423 1.0079 1.0075 1.0417 1.0232 1.0384 1.0388 
1.0321 1.0443 1.0258 1.0215 1.0005 1.0183 1.0051 1.046 1.0319 1.0171 1.0167 1.0059 1.0059 1.0349 1.0197 1.0327 1.0063 1.035 1.0193 1.0449 1.0087 1.001 1.0112 1.0181 1.0447 
1.022 1.015 1.0105 1.014 1.0075 1.0491 1.0134 1.0189 1.017 1.0298 1.0102 1.0174 1.0209 1.0434 1.0414 1.0498 1.0149 1.0089 1.0273 1.0009 1.0211 1.027 1.015 1.036 1.0203 
1.0349 1.0463 1.0147 1.0451 1.045 1.0401 1.0163 1.0273 1.0174 1.0457 1.0198 1.0128 1.0173 1.042 1.034 1.0459 1.0341 1.0207 1.0348 1.0023 1.0357 1.025 1.0446 1.0052 1.0362 
1.0371 1.0209 1.0173 1.0266 1.0449 1.0335 1.0447 1.0389 1.0301 1.0288 1.0431 1.0169 1.0231 1.0293 1.0335 1.0392 1.0178 1.0454 1.0223 1.0285 1.0334 1.0006 1.0076 1.0252 1.0058 
1.0365 1.0064 1.0085 1.0173 1.0351 1.0115 1.0467 1.0359 1.0167 1.0282 1.028 1.0396 1.0486 1.0214 1.0305 1.0305 1.0073 1.022 1.0316 1.0184 1.0171 1.0394 1.0032 1.0237 1.022 
1.0348 1.0128 1.0241 1.0251 1.0287 1.0454 1.0377 1.0247 1.0198 1.0486 1.0394 1.0197 1.0044 1.0415 1.014 1.0035 1.0201 1.0245 1.0316 1.0443 1.014 1.0416 1.0047 1.0245 1.0204 
1.0384 1.0475 1.0199 1.0406 1.0113 1.0232 1.0292 1.0074 1.0337 1.0083 1.0471 1.033 1.0128 1.0318 1.0229 1.0139 1.0371 1.0473 1.0032 1.0081 1.0468 1.0075 1.0449 1.0445 1.0304 
1.0272 1.0368 1.0329 1.003 1.0025 1.0302 1.0196 1.0236 1.0168 1.034 1.033 1.0412 1.0258 1.0146 1.013 1.0261 1.0314 1.0394 1.0479 1.0477 1.046 1.0263 1.0456 1.0461 1.0478 
1.0272 1.0171 1.0183 1.0458 1.0261 1.0151 1.0475 1.0408 1.0056 1.0424 1.0481 1.0401 1.0383 1.0288 1.0145 1.0176 1.0461 1.0168 1.0264 1.0036 1.001 1.0328 1.0351 1.027 1.0313 
1.0443 1.0194 1.0044 1.0285 1.0104 1.0079 1.0326 1.0433 1.003 1.0407 1.0204 1.0039 1.0343 1.0411 1.0145 1.0098 1.027 1.039 1.003 1.0184 1.0263 1.0291 1.0382 1.0192 1.0314 
1.0262 1.0016 1.0293 1.01 1.0236 1.0026 1.0422 1.0469 1.0335 1.0273 1.0143 1.0393 1.0226 1.0476 1.0327 1.0109 1.0208 1.0497 1.0032 1.0361 1.0178 1.0018 1.0456 1.0484 1.0372 
1.0161 1.0277 1.0491 1.0493 1.0286 1.0296 1.0241 1.0254 1.0276 1.0349 1.0034 1.0147 1.047 1.0178 1.0275 1.0371 1.0279 1.0437 1.0017 1.0309 1.0165 1.0135 1.033 1.0484 1.0146 
1.0006 1.0236 1.0248 1.0035 1.0153 1.0379 1.0133 1.004 1.0486 1.0458 1.0211 1.0433 1.0369 1.0389 1.0111 1.0124 1.0287 1.0265 1.003 1.0302 1.0174 1.0311 1.0138 1.0318 1.0447 
1.049 1.0341 1.0475 1.0331 1.0151 1.0116 1.0118 1.0374 1.005 1.0232 1.0088 1.0313 1.0314 1.0065 1.0274 1.0083 1.0273 1.0315 1.0373 1.0303 1.0165 1.0265 1.049 1.0396 1.0355 
1.043 1.0071 1.0064 1.0034 1.0426 1.0147 1.0205 1.0014 1.0277 1 1.0029 1.0197 1.0051 1.0382 1.0301 1.0305 1.0115 1.0078 1.0124 1.0344 1.0121 1.0196 1.0057 1.0396 1.0078 
1.0277 1.0126 1.0251 1.0138 1.0309 1.0446 1.0482 1.0037 1.0296 1.0338 1.0172 1.0349 1.0181 1.0423 1.0109 1.0215 1.0412 1.0403 1.0436 1.0451 1.0028 1.0165 1.0322 1.0057 1.0216 
1.041 1.0064 1.0081 1.0036 1.011 1.0443 1.0151 1.0354 1.043 1.0061 1.0439 1.0366 1.0391 1.0143 1.0251 1.0113 1.035 1.0385 1.0279 1.0229 1.0261 1.0417 1.0388 1.0461 1.0195 
1.0232 1.004 1.0078 1.0028 1.0309 1.0393 1.0027 1.0255 1.0271 1.014 1.0253 1.0163 1.0113 1.0088 1.0094 1.0139 1.048 1.0407 1.0182 1.0433 1.0257 1.0271 1.0203 1.0486 1.0104 
1.0077 1.0061 1.0364 1.0232 1.0174 1.0409 1.0012 1.0256 1.0299 1.0284 1.0164 1.0361 1.0063 1.0346 1.0147 1.0265 1.0359 1.0163 1.0316 1.0228 1.0121 1.0296 1.0009 1.0164 1.0263 
1.0438 1.019 1.0062 1.0046 1.0021 1.0033 1.0266 1.043 1.0147 1.0358 1.04 1.0357 1.0095 1.0293 1.0149 1.0268 1.0252 1.0335 1.0428 1.0417 1.0285 1.0371 1.035 1.0285 1.0315 
1.0422 1.0226 1.0087 1.0072 1.0397 1.0237 1.0062 1.0242 1.0029 1.0216 1.036 1.0139 1.0038 1.0044 1.0283 1.0079 1.0285 1.0455 1.0128 1.0404 1.0044 1.0287 1.0474 1.0092 1.0248 
1.004 1.044 1.0268 1.0309 1.0297 1.0491 1.0452 1.0011 1.0436 1.0266 1.0115 1.0489 1.0362 1.0074 1.0128 1.0265 1.0429 1.0172 1.0101 1.0223 1.0076 1.0068 1.0179 1.0167 1.025 
1.032 1.0299 1.0368 1.0318 1.047 1.0303 1.0327 1.0154 1.0299 1.0068 1.0446 1.0152 1.0072 1.0174 1.0065 1.0002 1.0041 1.0356 1.0306 1.0137 1.0399 1.033 1.0164 1.0098 1.0314 
1.0068 1.0335 1.0274 1.0044 1.0201 1.0246 1.0256 1.0405 1.0252 1.0469 1.0322 1.0099 1.0314 1.0443 1.031 1.0295 1.0464 1.0063 1.0193 1.0149 1.0082 1.0083 1.0259 1.0473 1.0111 
1.0469 1.0428 1.0358 1.0007 1.0473 1.0174 1.0027 1.0243 1.0222 1.0288 1.046 1.0021 1.0441 1.0371 1.0262 1.0084 1.0115 1.0419 1.0462 1.048 1.0454 1.0168 1.0375 1.0316 1.0074 
1.0169 1.0366 1.0167 1.0244 1.0093 1.0261 1.0205 1.0392 1.034 1.0099 1.0212 1.0388 1.0028 1.0495 1.0375 1.0064 1 1.0087 1.0013 1.0459 1.0269 1.0411 1.0157 1.0406 1 
1.0183 1.0121 1.0395 1.0007 1.0121 1.0493 1.0193 1.01 1.039 1.0385 1.0142 1.0042 1.0014 1.0005 1.0129 1.0212 1.0257 1.046 1.0053 1.0347 1.0237 1.0255 1.0373 1.0032 1.0258 
1.0179 1.0118 1.0319 1.0281 1.0381 1.031 1.0354 1.0177 1.0181 1.0018 1.0497 1.0025 1.0246 1.0499 1.0473 1.0413 1.0085 1.0156 1.0499 1.0247 1.0459 1.0026 1.0158 1.0225 1.0463 
1.0364 1.0245 1.0182 1.0255 1.0261 1.0006 1.0025 1.0482 1.0021 1.0205 1.0208 1.0208 1.0359 1.0113 1.0384 1.0337 1.0328 1.012 1.0256 1.0067 1.0367 1.0282 1.0153 1.0041 1.0346 
1.0244 1.0313 1.006 1.0069 1.0256 1.0454 1.0325 1.0361 1.0148 1.0433 1.0291 1.0441 1.005 1.0498 1.0315 1.0184 1.0267 1.0399 1.0437 1.0149 1.0073 1.0233 1.0424 1.0239 1.0017 
1.0318 1.0261 1.0043 1.0021 1.0347 1.0264 1.022 1.0372 1.0044 1.0111 1.0001 1.0056 1.0421 1.0347 1.0373 1.014 1.0003 1.0324 1.0151 1.0226 1.0316 1.0461 1.0143 1.0429 1.0239 
1.0108 1.0413 1.0069 1.0444 1.0207 1.042 1.0216 1.0158 1.021 1.0102 1.0387 1.0262 1.0383 1.0002 1.0405 1.0375 1.0228 1.0238 1.0412 1.009 1.0488 1.037 1.0391 1.024 1.0393 
1.0304 1.0436 1.0101 1.0204 1.0078 1.0002 1.0216 1.0145 1.0177 1.0407 1.0028 1.0108 1.0183 1.0292 1.0133 1.0113 1.0452 1.0384 1.0416 1.0228 1.04 1.0213 1.0382 1.0304 1.0456 
1.0344 1.0252 1.0208 1.0077 1.0456 1.0203 1.0314 1.0305 1.0214 1.0038 1.0184 1.0421 1.0419 1.0028 1.0213 1.0071 1.0161 1.0022 1.0017 1.0397 1.0015 1.047 1.0171 1.0065 1.0447 
1.0389 1.0322 1.0302 1.0253 1.0087 1.0309 1.0467 1.0182 1.0152 1.0288 1.0167 1.0242 1.0324 1.0484 1.0192 1.0434 1.0066 1.0006 1.0052 1.0196 1.0482 1.0055 1.0321 1.0376 1.0181 
1.025 1.0304 1.0467 1.0038 1.0438 1.0049 1.0286 1.025 1.0349 1.008 1.0405 1.0111 1.0262 1.0415 1.022 1.0361 1.0275 1.0294 1.0046 1.0177 1.0074 1.0375 1.0137 1.0418 1.0469 
1.0067 1.0273 1.0288 1.0227 1.0453 1.0064 1.0358 1.0013 1.017 1.0121 1.0381 1.0009 1.004 1.0343 1.0091 1.0422 1.0054 1.0365 1.0489 1.0488 1.024 1.0224 1.0475 1.0378 1.0028 
1.0016 1.0007 1.0336 1.002 1.017 1.0313 1.0266 1.0279 1.0406 1.0299 1.0062 1.0357 1.0277 1.0393 1.048 1.0169 1.0069 1.0182 1.0257 1.0078 1.0299 1.0331 1.0116 1.0493 1.0216 
1.0159 1.0361 1.025 1.0228 1.008 1.0195 1.0419 1.0188 1.0437 1.0335 1.0201 1.0315 1.03 1.0051 1.0178 1.0238 1.0042 1.0471 1.0027 1.0302 1.0381 1.0483 1.0231 1.0254 1.0265 
1.04 1.0195 1.0338 1.0074 1.04 1.0415 1.0432 1.0469 1.0332 1.0085 1.0273 1.0318 1.0292 1.0005 1.0413 1.0492 1.0142 1.0285 1.0122 1.0379 1.0142 1.0009 1.0034 1.0418 1.0178 
1.025 1.0128 1.0211 1.0316 1.023 1.0242 1.0095 1.0436 1.0363 1.038 1.029 1.0436 1.0022 1.0299 1.0372 1.0361 1.0485 1.0098 1.0321 1.016 1.0001 1.0237 1.0111 1.0445 1.0472 
1.0148 1.0145 1.0015 1.0197 1.0178 1.0234 1.0183 1.0181 1.0284 1.0062 1.0401 1.0492 1.0483 1.008 1.0173 1.0315 1.0349 1.0397 1.005 1.0496 1.0262 1.03 1.0489 1.0255 1.0217 
1.0282 1.022 1.0374 1.0482 1.01 1.0173 1.0097 1.0417 1.0182 1.0144 1.0148 1.0138 1.0207 1.0299 1.0274 1.0495 1.037 1.0157 1.0056 1.0014 1.0463 1.0498 1.0149 1.0136 1.0375 
1.003 1.0167 1.0153 1.0484 1.0335 1.0297 1.0108 1.038 1.0051 1.047 1.0433 1.0443 1.0368 1.0258 1.0457 1.0064 1.0363 1.0488 1.0306 1.0424 1.0186 1.0116 1.0032 1.0329 1.0361 
1.0446 1.0027 1.0433 1.0307 1.003 1.0138 1.0229 1.0322 1.0417 1.0351 1.0137 1.0296 1.0313 1.0292 1.0089 1.0465 1.0456 1.0422 1.0265 1.0353 1.0222 1.03 1.0456 1.02 1.0252 
1.0121 1.0418 1.0474 1.0359 1.013 1.0189 1.002 1.0098 1.0066 1.0317 1.0308 1.0259 1.0255 1.0218 1.0036 1.0044 1.0162 1.0306 1.0078 1.0405 1.0489 1.0402 1.0363 1.0108 1.0168 
1.033 1.0489 1.0249 1.0177 1.0017 1.0145 1.0495 1.0485 1.0289 1.0181 1.0487 1.0492 1.019 1.0302 1.0468 1.0258 1.0316 1.0326 1.0162 1.0355 1.0396 1.0011 1.0291 1.024 1.0484 
1.0435 1.0475 1.0423 1.0109 1.0179 1.049 1.0013 1.0309 1.0222 1.0271 1.0361 1.0156 1.0084 1.0187 1.0308 1.0384 1.0098 1.0316 1.0363 1.0365 1.0304 1.0192 1.0388 1.0306 1.0155 
1.0437 1.0078 1.0068 1.0212 1.0386 1.0094 1.0302 1.043 1.0485 1.0286 1.0218 1.0208 1.0078 1.0415 1.0015 1.0271 1.0017 1.0092 1.0348 1.0364 1.0315 1.0195 1.0388 1.0293 1.0494 
1.0187 1.027 1.0048 1.0354 1.0361 1.007 1.021 1.0111 1.0263 1.0336 1.0066 1.0272 1.0388 1.0033 1.044 1.0305 1.0077 1.0065 1.0435 1.01 1.0223 1.0436 1.0436 1.0277 1.0346 
1.0051 1.0226 1.0011 1.0333 1.0392 1.0415 1.0306 1.0412 1.0216 1.0256 1.0022 1.0163 1.0497 1.0408 1.0276 1.0291 1.0056 1.0429 1.0343 1.0101 1.0321 1.0384 1.0062 1.0193 1.024 
1.0046 1.0429 1.0333 1.0162 1.0062 1.048 1.0139 1.0017 1.0105 1.0159 1.0032 1.0129 1.0191 1.0294 1.0258 1.0076 1.0308 1.0212 1.0438 1.015 1.0251 1.0391 1.0278 1.0108 1.0318 
1.017 1.0103 1.0253 1.0262 1.002 1.0374 1.0094 1.0384 1.0491 1.0332 1.0464 1.0304 1.035 1.015 1.0024 1.0365 1.0359 1.0254 1.0006 1.0126 1.0371 1.0144 1.0477 1.0279 1.0157 
1.0148 1.027 1.0318 1.0482 1.0272 1.0162 1.0175 1.0114 1.0416 1.0057 1.0083 1.0006 1.0292 1.0265 1.0257 1.0323 1.0394 1.0248 1.0095 1.0212 1.0101 1.0369 1.0334 1.0123 1.0013 
1.034 1.0498 1.0086 1.0263 1.0036 1.0173 1.0303 1.0443 1.0432 1.043 1.044 1.0129 1.0149 1.0178 1.0177 1.0381 1.0335 1.0434 1.045 1.0123 1.015 1.0098 1.0018 1.0041 1.0063 
1.0213 1.0488 1.0214 1.0378 1.0197 1.0251 1.0243 1.0014 1.0205 1.0477 1.0043 1.0428 1.0154 1.0047 1.0025 1.0425 1.0022 1.0185 1.044 1.0019 1.0359 1.0116 1.0458 1.0092 1.0483 
1.0111 1.001 1.0436 1.007 1.031 1.0454 1.04 1.0216 1.0168 1.0182 1.0131 1.0405 1.0419 1.0464 1.0429 1.0151 1.049 1.038 1.0122 1.0083 1.027 1.0248 1.014 1.0306 1.0273 
1.0267 1.0016 1.0481 1.0099 1.0263 1.0015 1.0406 1.0314 1.0406 1.0103 1.0229 1.0189 1.0165 1.0087 1.024 1.0338 1.02 1.0268 1.0499 1.0092 1.0086 1.0017 1.0086 1.0131 1.0174 
1.0073 1.0247 1.0299 1.0052 1.0146 1.0038 1.0324 1.0404 1.0142 1.02 1.0314 1.0227 1.0158 1.0228 1.0249 1.0427 1.0353 1.0096 1.0053 1.0058 1.0398 1.0427 1.0152 1.0434 1.0148 
1.0017 1.0144 1.0367 1.0457 1.0004 1.0242 1.0096 1.0263 1.013 1.0141 1.0035 1.0383 1.0323 1.0291 1.042 1.0418 1.0404 1.013 1.044 1.0485 1.048 1.0173 1.0229 1.0176 1.035 
1.0324 1.0136 1.0475 1.0271 1.0397 1.0318 1.0459 1.0161 1.0169 1.0457 1.0266 1.0012 1.003 1.0288 1.0461 1.0341 1.0058 1.0375 1.0198 1.0004 1.026 1.035 1.0127 1.0338 1.0093 
1.0108 1.0333 1.031 1.0442 1.0472 1.0392 1.0331 1.01 1.0293 1.037 1.0039 1.0121 1.0025 1.0378 1.0291 1.0009 1.0354 1.0367 1.0263 1.0231 1.0124 1.0197 1.0254 1.0025 1.041 
1.0116 1.0042 1.0312 1.0236 1.0374 1.0013 1.0041 1.0024 1.0214 1.0107 1.0244 1.0016 1.0006 1.0112 1.0431 1.0003 1.0044 1.0348 1.0275 1.0195 1.0373 1.0229 1.0386 1.0411 1.0093 
1.0184 1.0217 1.0217 1.0291 1.0336 1.0197 1.0058 1.0264 1.0171 1.0199 1.012 1.0258 1.0029 1.0452 1.0368 1.0315 1.0338 1.01 1.0224 1.0118 1.0388 1.0116 1.0399 1.0061 1.0321 
1.0109 1.024 1.0167 1.0193 1.0074 1.0135 1.0452 1.0015 1.0155 1.0218 1.0318 1.028 1.0448 1.0092 1.0447 1.0173 1.0238 1.0016 1.0361 1.0487 1.0292 1.0439 1.0393 1.0052 1.036 
