5
50
46 25 10 24 94 82 54 37 54 77 11 68 87 4 4 31 48 99 61 95 64 55 17 57 18 42 7 53 70 65 78 48 64 52 17 41 81 91 39 97 62 21 55 86 69 87 29 1 22 73 
123 86 167 95 126 
1.0306 1.0393 1.0436 1.0193 1.0215 
1.0342 1.0213 1.0239 1.0216 1.019 
1.0439 1.0345 1.0489 1.0339 1.0176 
1.0259 1.0418 1.0259 1.0095 1.0062 
1.0435 1.0332 1.0017 1.0483 1.0309 
1.0004 1.0074 1.0108 1.0151 1.0412 
1.031 1.0124 1.0015 1.0147 1.0399 
1.0263 1.0214 1.0058 1.025 1.031 
1.0303 1.0449 1.0471 1.0288 1.0122 
1.0208 1.029 1.0145 1.0152 1.0059 
1.0435 1.015 1.0472 1.0155 1.0222 
1.0321 1.0222 1.0414 1.0499 1.029 
1.0451 1.0197 1.0076 1.0442 1.022 
1.0172 1.0317 1.0234 1.0472 1.0029 
1.0087 1.0256 1.0098 1.0193 1.014 
1.0254 1.016 1.0359 1.0094 1.044 
1.0469 1.0042 1.0126 1.0199 1.015 
1.0146 1.0391 1.0325 1.0295 1.0129 
1.0271 1.0082 1.049 1.0248 1.0248 
1.0267 1.034 1.0131 1.0087 1.0111 
1.0402 1.0053 1.0137 1.0336 1.0175 
1.0093 1.0463 1.0495 1.0381 1.012 
1.0332 1.0478 1.0089 1.024 1.0157 
1.0097 1.0067 1.0124 1.022 1.0027 
1.0321 1.0037 1.0415 1.0434 1.015 
1.0032 1.0007 1.0057 1.0394 1.023 
1.0128 1.0093 1.0365 1.0008 1.0184 
1.0158 1.0009 1.0059 1.0444 1.012 
1.0276 1.0438 1.0086 1.0141 1.0332 
1.0457 1.0379 1.0089 1.0345 1.0066 
1.0082 1.0075 1.0388 1.0262 1.0182 
1.0453 1.0301 1.0211 1.0405 1.0384 
1.02 1.0103 1.0349 1.0309 1.0399 
1.0395 1.0151 1.0339 1.0068 1.0429 
1.0378 1.0236 1.032 1.0115 1.0109 
1.0353 1.0315 1.0233 1.0061 1.0418 
1.0246 1.0496 1.0489 1.0358 1.0184 
1.0468 1.0414 1.0176 1.049 1.0027 
1.0365 1.0326 1.0173 1.0159 1.0254 
1.0313 1.0298 1.0066 1.0103 1.0342 
1.0492 1.012 1.005 1.0075 1.0171 
1.0105 1.03 1.0117 1.002 1.0075 
1.0102 1.022 1.002 1.0362 1.0324 
1.0343 1.023 1.025 1.0407 1.0066 
1.0481 1.0077 1.0487 1.0241 1.0365 
1.0078 1.003 1.0323 1.0032 1.0029 
1.0048 1.0175 1.0448 1.0211 1.0071 
1.0334 1.0468 1.018 1.046 1.0213 
1.0228 1.03 1.0087 1.0328 1.0397 
1.0463 1.0416 1.0078 1.0144 1.0477 
