10
50
960 991 922 907 962 904 927 929 961 930 967 959 995 981 976 985 900 934 913 979 903 910 950 978 977 989 970 902 969 957 947 939 986 988 906 991 926 966 972 920 970 970 946 968 961 951 970 914 949 3 
421 1718 272 972 1516 1797 1858 1892 352 499 
1.0054 1.014 1.0281 1.021 1.0015 1.0257 1.0094 1.0381 1.0141 1.0227 
1.028 1.0033 1.0111 1.0009 1.0298 1.0279 1.0426 1.0269 1.044 1.044 
1.0471 1.026 1.0147 1.0168 1.0439 1.0025 1.0461 1.0342 1.0057 1.0366 
1.0386 1.0099 1.0055 1.0248 1.0171 1.0285 1.018 1.0207 1.0372 1.0042 
1.0318 1.0425 1.0009 1.0153 1.0435 1.0311 1.0296 1.0482 1.048 1.0397 
1.0266 1.0097 1.0228 1.0463 1.0315 1.0412 1.0026 1.0487 1.0263 1.0444 
1.0102 1.0466 1.0162 1.0304 1.0169 1.0349 1.0314 1.0466 1.0331 1.0497 
1.0048 1.0029 1.0297 1.0018 1.0369 1.0172 1.0367 1.0291 1.0153 1.0407 
1.0199 1.0146 1.0289 1.0007 1.0087 1.0369 1.0456 1.0429 1.0095 1.009 
1.0023 1.0137 1.0007 1.0271 1.0419 1.0193 1.0199 1.0029 1.0383 1.0499 
1.0415 1.0206 1.0038 1.0286 1.033 1.048 1.0223 1.035 1.0014 1.0084 
1.0263 1.0449 1.0402 1.0375 1.0061 1.0438 1.0275 1.0487 1.0328 1.0412 
1.0067 1.0229 1.0175 1.0318 1.0006 1.0462 1.0467 1.0449 1.0054 1.0452 
1.0308 1.0137 1.0138 1.0146 1.0437 1.0449 1.0274 1.0166 1.0073 1.045 
1.0009 1.0218 1.0161 1.0083 1.0122 1.0285 1.027 1.0358 1.0009 1.0092 
1.0402 1.0136 1.0001 1.038 1.0249 1.0349 1.0362 1.0182 1.0372 1.011 
1.0317 1.0288 1.0463 1.0368 1.0261 1.0485 1.0327 1.047 1.0161 1.0441 
1.0214 1.0474 1.0239 1.0185 1.0402 1.0136 1.0495 1.009 1.0364 1.0274 
1.0028 1.0352 1.0366 1.0499 1.0134 1.0332 1.0075 1.0402 1.0125 1.0235 
1.0377 1.033 1.0213 1.0327 1.0478 1.0148 1.0306 1.0124 1.0235 1.0188 
1.0394 1.0248 1.0043 1.0192 1.0421 1.0334 1.0456 1.0093 1.0332 1.0081 
1.0427 1.0359 1.0401 1.0095 1.0356 1.0283 1.0074 1.0184 1.0347 1.0315 
1.0104 1.0353 1.0246 1.0386 1.0373 1.0133 1.0087 1.0437 1.0281 1.0122 
1.0406 1.0333 1.0286 1.0307 1.0286 1.0345 1.049 1.0049 1.0042 1.0022 
1.0086 1.0363 1.0375 1.0361 1.0416 1.0382 1.0456 1.0125 1.0336 1.0276 
1.0095 1.0462 1.013 1.0465 1.0118 1.0138 1.0302 1.008 1.0389 1.0466 
1.0022 1.0236 1.003 1.0215 1.0092 1.015 1.0272 1.0409 1.0175 1.03 
1.0328 1.0379 1.008 1.0082 1.0456 1.0228 1.0116 1.0128 1.0235 1.0281 
1.0076 1.0101 1.0178 1.0457 1.0096 1.0426 1.0155 1.037 1.0448 1.0322 
1.0279 1.0168 1.0388 1.0381 1.0052 1.0266 1.0137 1.039 1.0393 1.0131 
1.046 1.0293 1.0162 1.0471 1.0083 1.0432 1.0483 1.0144 1.041 1.0018 
1.0475 1.0395 1.0128 1.0122 1.0288 1.0146 1.0113 1.0485 1.0464 1.0449 
1.0094 1.0358 1.0255 1.0247 1.0191 1.0401 1.006 1.0308 1.0189 1.0414 
1.0374 1.0461 1.0388 1.0123 1.0412 1.0228 1.0466 1.0417 1.0134 1.0064 
1.0121 1.009 1.0373 1.0427 1.0193 1.0419 1.0216 1.0382 1.0354 1.0389 
1.0101 1.0096 1.0237 1.0197 1.0412 1.0375 1.0108 1.0104 1.0431 1.0012 
1.0423 1.019 1.0341 1.0385 1.026 1.0119 1.009 1.0196 1.0046 1.0351 
1.0154 1.0145 1.017 1.035 1.0413 1.026 1.0118 1.0081 1.0052 1.0252 
1.0246 1.0242 1.0107 1.0187 1.0244 1.0462 1.041 1.0228 1.0035 1.0423 
1.0183 1.0169 1.0387 1.0231 1.0147 1.0092 1.0363 1.0231 1.0496 1.0312 
1.0243 1.0364 1.0156 1.0083 1.0464 1.023 1.0224 1.0363 1.0189 1.0006 
1.0287 1.0314 1.0242 1.0112 1.0468 1.045 1.0356 1.0285 1.0009 1.0485 
1.0391 1.0289 1.0357 1.0192 1.0307 1.0324 1.0317 1.0042 1.0082 1.0145 
1.0306 1.0328 1.0152 1.0128 1.0279 1.0274 1.0204 1.0089 1.0184 1.0324 
1.0298 1.0445 1.0441 1.0394 1.0086 1.0264 1.0121 1.0233 1.0024 1.011 
1.0301 1.0295 1.0389 1.049 1.0138 1.0113 1.0008 1.0105 1.0438 1.0163 
1.0252 1.0169 1.0485 1.0419 1.0009 1.0089 1.0298 1.0154 1.0345 1.0214 
1.0355 1.0119 1.0014 1.0383 1.0135 1.0057 1.0277 1.0121 1.0218 1.02 
1.0269 1.0426 1.0478 1.0078 1.0032 1.0279 1.0229 1.0048 1.0033 1.0255 
1.0393 1.0154 1.0038 1.0074 1.0139 1.0079 1.046 1.0313 1.0323 1.0322 
