5
50
97 93 92 96 94 98 92 91 96 99 95 95 98 95 92 92 95 92 93 98 96 96 98 96 92 90 96 95 97 91 100 99 96 91 95 94 97 91 99 98 96 91 96 99 93 98 100 99 96 11 
33 99 138 84 43 
1.0208 1.0248 1.0491 1.0212 1.0131 
1.0114 1.0439 1.0458 1.0222 1.0204 
1.0495 1.0052 1.0269 1.0479 1.0238 
1.0423 1.0418 1.0366 1.0159 1.0498 
1.0486 1.0196 1.0462 1.0133 1.0158 
1.0022 1.0146 1.0392 1.0037 1.0425 
1.0147 1.0458 1.0102 1.0307 1.0098 
1.033 1.0292 1.01 1.0278 1.0299 
1.0352 1.0448 1.0382 1.004 1.0315 
1.0075 1.0262 1.0067 1.0336 1.0397 
1.0418 1.0397 1.0328 1.0351 1.0316 
1.023 1.0449 1.0425 1.0158 1.0229 
1.002 1.044 1.006 1.0147 1.0162 
1.0155 1.0175 1.0292 1.0361 1.0254 
1.0398 1.0146 1.0214 1.0446 1.0188 
1.0069 1.0138 1.0163 1.0075 1.0015 
1.0021 1.0475 1.0115 1.0028 1.0234 
1.007 1.0405 1.0464 1.0057 1.0462 
1.0161 1.0024 1.0049 1.0469 1.033 
1.0423 1.035 1.0333 1.0425 1.041 
1.0237 1.0336 1.0337 1.0278 1.0393 
1.0136 1.0214 1.0164 1.0091 1.0449 
1.0135 1.0005 1.0337 1.0004 1.0337 
1.0123 1.0164 1.047 1.0108 1.0068 
1.0281 1.0085 1.0152 1.0373 1.0152 
1.0194 1.0376 1.0326 1.0396 1.0072 
1.0249 1.014 1.0174 1.0319 1.0443 
1.0111 1.0441 1.0289 1.0419 1.0065 
1.0305 1.0085 1.0216 1.045 1.0115 
1.0109 1.0064 1.0166 1.0393 1.0074 
1.0009 1.03 1.0195 1.0073 1.0089 
1.0161 1.0172 1.0468 1.0358 1.0031 
1.0268 1.0426 1.001 1.0422 1.0274 
1.0279 1.041 1.0052 1.0182 1.0391 
1.0495 1.0264 1.0374 1.0364 1.0402 
1.0255 1.046 1.0474 1.0472 1.0321 
1.0122 1.0047 1.0077 1.0289 1.0105 
1.0195 1.0094 1.045 1.0343 1.0254 
1.0481 1.0012 1.0172 1.0439 1.0428 
1.0412 1.0262 1.0467 1.0408 1.0415 
1.0408 1.0223 1.0259 1.0434 1.0204 
1.0486 1.0319 1.0458 1.0445 1.0306 
1.0166 1.02 1.0367 1.0192 1.0287 
1.0032 1.0056 1.0474 1.0447 1.0021 
1.0283 1.0222 1.0331 1.0376 1.0083 
1.0448 1.0223 1.0482 1.0018 1.0276 
1.022 1.0111 1.0182 1.0356 1.049 
1.0425 1.0324 1.0486 1.0177 1.0469 
1.0143 1.0034 1.0177 1.0168 1.0068 
1.0491 1.0196 1.0283 1.0328 1.0227 
