10
50
9602 9908 9218 9071 9621 9047 9271 9294 9608 9301 9668 9592 9942 9809 9759 9848 9004 9337 9129 9784 9034 9104 9502 9778 9766 9884 9694 9026 9686 9569 9468 9394 9860 9879 9068 9902 9264 9655 9713 9202 9695 9695 9458 9675 9613 9512 9697 9143 9492 25 
3287 4017 1719 11885 8450 15742 17578 3012 18725 11453 
1.0412 1.0305 1.012 1.0107 1.0441 1.0199 1.0383 1.0155 1.0205 1.0115 
1.0018 1.0152 1.0012 1.0146 1.0165 1.0409 1.0404 1.0225 1.0449 1.0363 
1.015 1.0063 1.0039 1.0485 1.0165 1.048 1.043 1.0492 1.0419 1.0468 
1.036 1.0418 1.0094 1.036 1.0169 1.0123 1.0082 1.0187 1.0157 1.008 
1.0131 1.0317 1.0247 1.0384 1.0266 1.0204 1.0194 1.0099 1.0119 1.0476 
1.0131 1.0089 1.007 1.0333 1.0226 1.0231 1.0486 1.0055 1.0497 1.0344 
1.0348 1.0297 1.0151 1.029 1.02 1.0092 1.0062 1.0409 1.0281 1.013 
1.0292 1.0021 1.0081 1.003 1.0094 1.0004 1.0312 1.0143 1.0473 1.0487 
1.0239 1.0025 1.0008 1.0357 1.0479 1.0322 1.0158 1.04 1.0389 1.0129 
1.0466 1.0131 1.0477 1.0147 1.0288 1.0131 1.0412 1.0458 1.0426 1.0006 
1.0183 1.0215 1.0111 1.0232 1.0012 1.0335 1.001 1.026 1.0438 1.0326 
1.0174 1.0247 1.0196 1.0071 1.0209 1.0012 1.0466 1.0189 1.0082 1.0012 
1.0435 1.0142 1.01 1.0022 1.0154 1.0433 1.0484 1.0497 1.0108 1.0402 
1.0085 1.0328 1.0317 1.0075 1.0482 1.0071 1.0391 1.0335 1.0304 1.0045 
1.0283 1.0489 1.0246 1.0121 1.039 1.0338 1.0485 1.0148 1.0239 1.0235 
1.0255 1.0223 1.0457 1.0131 1.0323 1.0205 1.0311 1.0444 1.0226 1.0116 
1.0209 1.0391 1.006 1.0117 1.0338 1.0445 1.0318 1.042 1.0381 1.0195 
1.0014 1.0037 1.0109 1.0009 1.0252 1.0484 1.0456 1.0075 1.0088 1.0311 
1.0393 1.0168 1.0012 1.0485 1.0216 1.0352 1.0255 1.0281 1.0303 1.0179 
1.035 1.0208 1.0103 1.0186 1.0262 1.022 1.0249 1.0238 1.0342 1.0301 
1.0149 1.0067 1.0306 1.0061 1.0062 1.0438 1.0264 1.0239 1.0035 1.0018 
1.0127 1.0224 1.0378 1.0103 1.0233 1.035 1.0055 1.012 1.0409 1.01 
1.0303 1.0475 1.0432 1.0398 1.0182 1.0071 1.0067 1.0272 1.0441 1.0005 
1.0358 1.0297 1.0368 1.0126 1.0076 1.0426 1.0411 1.0432 1.0167 1.016 
1.0039 1.023 1.0208 1.0362 1.0224 1.0261 1.0074 1.0435 1.0477 1.0008 
1.026 1.0428 1.0139 1.0344 1.0165 1.0104 1.0073 1.0085 1.0012 1.0055 
1.0391 1.0439 1.0446 1.0092 1.0446 1.0108 1.0378 1.019 1.0472 1.0089 
1.0423 1.0118 1.0312 1.0264 1.0334 1.0383 1.012 1.0073 1.0308 1.0222 
1.0025 1.0343 1.0212 1.0047 1.0223 1.0169 1.0248 1.0115 1.041 1.0292 
1.006 1.0368 1.0463 1.0408 1.0231 1.0202 1.0295 1.0239 1.0198 1.0291 
1.0289 1.0384 1.0007 1.0049 1.0006 1.0195 1.043 1.0426 1.0142 1.0076 
1.0214 1.026 1.0212 1.0014 1.033 1.0387 1.0354 1.0279 1.0229 1.0284 
1.0291 1.0049 1.0371 1.0191 1.0409 1.0383 1.0417 1.0475 1.0294 1.0032 
1.0448 1.0452 1.0185 1.0195 1.0236 1.0453 1.0437 1.0392 1.0122 1.0347 
1.0182 1.0445 1.0152 1.043 1.0322 1.0433 1.0105 1.0163 1.0454 1.0373 
1.0433 1.0293 1.0089 1.0468 1.0033 1.0452 1.0065 1.0013 1.0018 1.0323 
1.0097 1.0494 1.0198 1.0076 1.0373 1.0042 1.0208 1.0466 1.0496 1.0478 
1.0193 1.0414 1.0251 1.0069 1.0027 1.0478 1.0339 1.0231 1.0493 1.0234 
1.0293 1.006 1.0495 1.0196 1.0375 1.022 1.0027 1.0099 1.0386 1.0353 
1.0096 1.0294 1.0054 1.0454 1.0022 1.0017 1.0222 1.0123 1.0366 1.0288 
1.0008 1.0102 1.0124 1.0415 1.0287 1.0136 1.0018 1.0218 1.0287 1.0137 
1.011 1.0214 1.0264 1.0051 1.0363 1.0339 1.0031 1.043 1.0332 1.0456 
1.0449 1.01 1.0486 1.0232 1.0058 1.0467 1.0079 1.011 1.0414 1.0235 
1.0395 1.0183 1.0069 1.0472 1.0322 1.005 1.004 1.0081 1.0421 1.0293 
1.0389 1.033 1.0233 1.0394 1.0379 1.0039 1.0262 1.0172 1.0099 1.0049 
1.0285 1.0135 1.0218 1.0089 1.0104 1.0081 1.0201 1.0411 1.0262 1.0407 
1.0021 1.0356 1.0325 1.0051 1.0243 1.0247 1.0123 1.0039 1.0115 1.0445 
1.0273 1.0178 1.0142 1.0319 1.0334 1.0318 1.0038 1.0284 1.0263 1.0242 
1.0165 1.0054 1.0184 1.0428 1.0277 1.0297 1.0447 1.0349 1.0115 1.0154 
1.039 1.014 1.0469 1.037 1.0002 1.0321 1.0365 1.0416 1.0291 1.0015 
