10
50
69 67 83 9 6 58 44 55 9 32 88 89 86 33 27 38 11 52 95 30 35 29 12 96 63 51 15 72 36 23 87 25 41 15 85 11 16 86 68 23 33 80 53 95 48 75 90 45 9 19 
7 129 76 122 89 7 62 67 28 143 
1.0001 1.035 1.0221 1.0269 1.0392 1.0499 1.0399 1.029 1.0136 1.0077 
1.0071 1.0069 1.0228 1.0448 1.0073 1.0156 1.0061 1.0101 1.0015 1.038 
1.0234 1.0474 1.0207 1.0106 1.0498 1.0349 1.0444 1.0212 1.0471 1.0195 
1.0112 1.0094 1.0212 1.0335 1.0429 1.0165 1.031 1.0003 1.0091 1.0147 
1.0198 1.0327 1.0336 1.0314 1.0139 1.0458 1.0109 1.0137 1.035 1.0149 
1.0273 1.0309 1.0269 1.0176 1.0087 1.0313 1.0335 1.0034 1.0393 1.048 
1.0476 1.032 1.0418 1.0382 1.0429 1.0091 1.0303 1.0401 1.0259 1.0402 
1.0026 1.0309 1.0041 1.0382 1.0098 1.0151 1.0075 1.0236 1.0003 1.0322 
1.0345 1.0382 1.0081 1.037 1.0286 1.0166 1.0167 1.0132 1.0393 1.0379 
1.0062 1.0342 1.0321 1.0246 1.0386 1.0173 1.0244 1.0192 1.0308 1.0045 
1.0351 1.0356 1.0256 1.024 1.0232 1.0192 1.0425 1.0297 1.0336 1.0379 
1.0427 1.0082 1.0478 1.0053 1.0108 1.0055 1.0431 1.0434 1.0162 1.0341 
1.0499 1.0432 1.0108 1.0291 1.0456 1.0016 1.0199 1.034 1.027 1.0335 
1.0243 1.0317 1.0494 1.0225 1.0162 1.0064 1.0055 1.0329 1.0292 1.0286 
1.0018 1.0219 1.0076 1.0289 1.0469 1.0266 1.0358 1.0205 1.0179 1.0478 
1.0081 1.0179 1.0125 1.0289 1.0095 1.013 1.0196 1.0251 1.0334 1.0414 
1.0261 1.0336 1.0389 1.0142 1.0001 1.0337 1.0344 1.0102 1.001 1.0219 
1.0316 1.0157 1.0085 1.0055 1.0438 1.0171 1.0182 1.0317 1.0046 1.0166 
1.0106 1.0028 1.0419 1.0315 1.0299 1.0201 1.019 1.0475 1.0385 1.0235 
1.0486 1.0123 1.0262 1.0398 1.0362 1.0059 1.0478 1.0059 1.0229 1.0333 
1.0081 1.044 1.002 1.0334 1.0102 1.0461 1.0491 1.0457 1.0269 1.0049 
1.0261 1.0137 1.0387 1.0017 1.0197 1.0039 1.0193 1.0041 1.0237 1.0219 
1.0002 1.0292 1.0216 1.0391 1.0193 1.0311 1.0185 1.0152 1.0366 1.0461 
1.0197 1.0202 1.0164 1.0425 1.0069 1.0482 1.0159 1.0243 1.0268 1.023 
1.0259 1.0196 1.0462 1.0355 1.0228 1.0184 1.0262 1.0146 1.0463 1.0033 
1.049 1.0101 1.0325 1.0214 1.0036 1.0035 1.0263 1.0481 1.0326 1.0318 
1.0206 1.0149 1.0494 1.0312 1.0407 1.0422 1.0267 1.0344 1.0486 1.0214 
1.0332 1.0342 1.0198 1.0108 1.0322 1.007 1.0236 1.0471 1.0416 1.0317 
1.0213 1.0289 1.0338 1.0101 1.0265 1.0296 1.0481 1.0102 1.009 1.0205 
1.009 1.046 1.0368 1.0164 1.0045 1.0159 1.0139 1.0371 1.0093 1.0476 
1.0141 1.0386 1.0229 1.0234 1.0316 1.0258 1.0081 1.0413 1.0315 1.0088 
1.0016 1.0434 1.0264 1.0273 1.0316 1.0083 1.0494 1.0072 1.0416 1.0496 
1.0012 1.0131 1.0225 1.0098 1.0058 1.0353 1.0377 1.0239 1.017 1.0296 
1.04 1.0211 1.025 1.0042 1.0299 1.0077 1.0323 1.047 1.019 1.0257 
1.0202 1.0448 1.0448 1.0268 1.0418 1.0069 1.0094 1.0152 1.0357 1.0344 
1.0424 1.039 1.0347 1.0027 1.0351 1.0029 1.0079 1.0266 1.0232 1.0173 
1.0261 1.0072 1.0215 1.0228 1.0036 1.024 1.0175 1.0239 1.0113 1.0224 
1.0473 1.0052 1.0267 1.0235 1.012 1.0091 1.016 1.0112 1.0288 1.0223 
1.0224 1.0349 1.015 1.0079 1.0097 1.0281 1.0494 1.0092 1.0298 1.0185 
1.0146 1.0044 1.0157 1.0233 1.0171 1.0215 1.0054 1.0466 1.0477 1.0213 
1.0097 1.0315 1.0163 1.0333 1.0411 1.0369 1.0195 1.0032 1.0191 1.0227 
1.0119 1.0329 1.0068 1.013 1.0457 1.0287 1.0013 1.04 1.0093 1.0207 
1.0185 1.0167 1.0216 1.0096 1.0012 1.0393 1.0343 1.0441 1.0194 1.0481 
1.0116 1.0454 1.0062 1.0196 1.04 1.0369 1.0134 1.0273 1.0398 1.0182 
1.0193 1.0358 1.0447 1.024 1.0461 1.0165 1.0074 1.0435 1.0259 1.0245 
1.0222 1.0339 1.0039 1.0236 1.0222 1.0002 1.0004 1.0288 1.018 1.0252 
1.0443 1.0049 1.0297 1.0346 1.0086 1.0403 1.0427 1.0282 1.0037 1.0109 
1.0404 1.0329 1.0032 1.0069 1.0075 1.0042 1.0272 1.0468 1.0145 1.0101 
1.025 1.0332 1.0329 1.0495 1.026 1.042 1.0075 1.0129 1.0487 1.0276 
1.0037 1.0471 1.0353 1.0402 1.0211 1.0202 1.0156 1.0128 1.0433 1.0271 
