10
1000
63 11 9 67 46 98 4 69 4 9 79 20 95 89 21 96 65 78 40 95 83 66 11 47 79 66 76 35 12 14 37 5 66 54 9 89 28 17 54 44 39 53 78 18 66 29 89 50 95 44 19 23 86 79 7 63 94 44 24 15 94 11 68 74 21 22 90 25 50 60 76 46 40 46 62 45 63 77 99 78 35 65 47 14 80 77 98 8 38 40 38 34 52 31 27 50 42 93 6 34 97 99 25 74 7 18 85 56 46 93 2 14 46 3 60 95 71 84 5 21 9 16 11 66 18 42 71 56 40 7 73 10 4 15 77 11 36 59 77 41 20 48 65 72 88 73 64 29 17 36 61 28 2 91 3 17 70 16 83 99 21 60 90 81 45 95 35 22 23 21 37 26 39 20 83 56 16 54 41 11 18 76 31 39 11 47 52 30 36 39 67 75 89 9 21 13 48 40 18 61 57 11 34 67 2 97 70 49 82 81 40 71 23 59 94 47 24 22 64 81 89 3 48 60 47 69 2 99 86 57 69 64 27 98 12 61 55 78 62 21 36 51 86 74 29 46 57 30 27 12 18 81 49 10 72 15 90 19 43 74 77 64 56 50 16 13 85 35 93 71 18 27 25 20 75 19 78 11 44 52 4 77 64 75 82 72 10 86 16 91 27 4 88 87 63 25 6 40 42 50 57 91 16 5 90 2 72 38 60 33 5 58 34 34 27 41 4 13 51 7 14 81 5 86 32 63 1 77 76 26 39 3 33 65 60 76 73 69 19 1 12 5 9 81 93 58 98 94 72 60 10 88 72 43 3 59 68 37 99 81 1 78 9 25 54 29 72 49 11 58 24 7 17 26 47 37 57 86 46 82 97 56 20 32 78 88 17 90 5 64 12 93 52 62 51 80 4 26 1 15 37 60 70 94 4 7 33 24 94 14 9 88 34 50 38 21 13 91 16 83 94 9 13 58 99 3 42 70 8 11 11 50 80 28 14 35 51 65 4 27 74 93 96 28 81 99 43 23 54 83 41 77 37 44 98 99 8 83 27 29 42 48 92 14 71 73 80 31 83 30 16 17 58 42 89 53 88 73 35 90 80 55 5 43 81 55 87 31 40 49 25 24 28 10 57 51 32 66 68 24 70 40 48 44 11 31 44 49 51 50 37 61 62 58 91 87 22 32 20 46 57 1 24 57 34 78 38 91 84 37 49 87 30 41 2 48 86 93 84 36 11 15 92 56 71 2 57 53 97 77 57 25 13 3 86 68 75 46 90 48 47 77 62 29 27 89 1 50 43 21 9 69 57 66 67 79 72 56 29 14 99 3 84 32 63 75 46 27 15 14 90 18 34 34 25 92 72 53 88 56 30 66 86 36 24 9 49 22 31 49 9 79 60 28 7 17 56 2 9 39 61 90 38 83 59 17 21 54 26 5 33 58 97 38 59 60 95 57 49 58 5 69 67 95 63 84 52 11 40 20 50 46 71 97 53 11 29 92 9 25 91 31 23 30 90 9 40 99 1 36 96 47 53 64 48 40 36 11 70 31 59 31 22 22 47 64 79 52 50 89 18 52 22 25 68 31 51 7 14 45 15 80 47 30 30 41 66 26 55 54 32 80 53 94 43 75 38 28 79 41 26 94 49 15 16 90 2 6 19 22 38 24 63 32 74 37 84 66 11 99 42 75 31 44 59 28 9 50 42 37 40 98 54 52 77 27 19 39 76 82 30 1 41 96 15 45 77 77 66 64 41 44 66 39 82 92 14 11 81 25 2 49 70 28 32 69 48 39 25 94 70 73 17 52 24 57 86 79 73 48 20 22 86 75 44 25 24 81 47 79 98 11 8 32 99 18 52 9 76 33 72 87 80 74 10 44 59 36 43 9 6 31 85 82 52 43 39 17 15 48 87 31 69 54 97 59 80 40 5 96 53 27 48 59 27 69 35 1 90 96 93 12 35 89 4 49 12 33 61 12 34 18 61 22 73 37 55 18 85 53 77 15 38 73 86 59 51 22 18 10 36 36 96 80 46 72 8 86 12 63 66 14 85 97 88 67 63 74 11 2 12 96 53 8 65 57 66 48 18 83 76 16 83 88 56 13 47 16 31 16 72 88 59 38 93 79 89 41 63 15 44 16 76 98 13 76 38 2 15 94 11 86 30 24 92 21 25 19 66 35 3 20 83 95 88 8 6 41 79 79 70 44 78 73 18 68 33 82 34 59 7 77 39 52 90 96 94 32 99 16 53 34 48 40 8 8 54 55 88 42 
45 32 40 36 33 15 16 12 12 41 
1.0024 1.045 1.0399 1.0239 1.0013 1.0086 1.0269 1.0139 1.0466 1.0122 
1.0304 1.0256 1.0118 1.0446 1.0029 1.0244 1.0029 1.0052 1.0253 1.0047 
1.0073 1.0462 1.0415 1.0005 1.0337 1.0255 1.0229 1.0103 1.0427 1.021 
1.0028 1.0394 1.0094 1.0059 1.0348 1.0474 1.0272 1.001 1.0277 1.0198 
1.0338 1.0294 1.0438 1.0364 1.0054 1.021 1.0284 1.0324 1.0317 1.0114 
1.025 1.0412 1.0221 1.006 1.0454 1.0227 1.0364 1.0456 1.0357 1.0318 
1.0117 1.0289 1.0378 1.0334 1.0466 1.0217 1.0052 1.0315 1.0399 1.0448 
1.0129 1.0289 1.0334 1.0323 1.0409 1.0421 1.0156 1.0103 1.0016 1.005 
1.0391 1.0252 1.0479 1.04 1.0177 1.0331 1.0381 1.0184 1.0339 1.0256 
1.0429 1.0174 1.0225 1.0416 1.0274 1.0124 1.0269 1.023 1.0172 1.044 
1.0414 1.0335 1.0137 1.0255 1.0419 1.0403 1.0066 1.0379 1.0028 1.0002 
1.001 1.0029 1.0316 1.0467 1.0131 1.0127 1.032 1.0292 1.034 1.0478 
1.0047 1.0154 1.0407 1.0375 1.0135 1.0202 1.0376 1.0352 1.0003 1.0292 
1.0198 1.0368 1.0324 1.0035 1.0437 1.0026 1.0269 1.0074 1.0319 1.0193 
1.0029 1.0253 1.0498 1.0259 1.0296 1.0071 1.0498 1.0445 1.0323 1.0421 
1.0387 1.0363 1.0484 1.0427 1.0422 1.0093 1.0218 1.0187 1.0257 1.0189 
1.0075 1.0335 1.0455 1.0282 1.043 1.034 1.0309 1.038 1.0163 1.0114 
1.0145 1.0288 1.0312 1.0091 1.0429 1.0086 1.0443 1.015 1.0204 1.0406 
1.0381 1.0361 1.0026 1.0448 1.0017 1.0162 1.0366 1.004 1.0138 1.0072 
1.0471 1.016 1.0069 1.0369 1.01 1.0407 1.0055 1.0471 1.0249 1.0254 
1.0289 1.0153 1.0157 1.0324 1.0053 1.0448 1.0197 1.0016 1.0007 1.0106 
1.0437 1.0369 1.018 1.0141 1.0281 1.0461 1.0387 1.0259 1.0267 1.0091 
1.0084 1.0252 1.0256 1.0213 1.0406 1.022 1.0387 1.0167 1.0048 1.0111 
1.0237 1.0436 1.0476 1.0363 1.0029 1.0465 1.0183 1.0417 1.0148 1.0135 
1.0419 1.0186 1.0253 1.0128 1.0461 1.0027 1.0321 1.0214 1.0045 1.0162 
1.0181 1.0431 1.0232 1.0283 1.0366 1.0076 1.0218 1.0488 1.0406 1.0025 
1.0012 1.0069 1.0201 1.0297 1.0228 1.0458 1.0271 1.0379 1.0194 1.0053 
1.0144 1.0383 1.0477 1.0147 1.0272 1.0013 1.0226 1.021 1.0064 1.021 
1.0012 1.036 1.0336 1.0481 1.0085 1.0454 1.0471 1.0437 1.0008 1.0119 
1.004 1.0147 1.0344 1.0115 1.0286 1.0367 1.042 1.0236 1.0454 1.0201 
1.0031 1.0072 1.0463 1.009 1.0121 1.0323 1.0446 1.0325 1.0499 1.0006 
1.0147 1.0235 1.0252 1.0188 1.0452 1.009 1.0136 1.0176 1.0185 1.0032 
1.0421 1.0303 1.0344 1.0235 1.0464 1.0219 1.0082 1.0292 1.0337 1.0037 
1.0285 1.0341 1.0002 1.0351 1.0327 1.0239 1.0201 1.0328 1.0327 1.0332 
1.0327 1 1.0387 1.0263 1.0404 1.0491 1.0386 1.0421 1.0169 1.0057 
1.0146 1.0484 1.0277 1.0112 1.0368 1.0158 1.0047 1.0473 1.0399 1.0073 
1.017 1.0475 1.0038 1.0173 1.0134 1.0229 1.0214 1.0093 1.0238 1.0086 
1.03 1.0377 1.0051 1.0131 1.0314 1.0087 1.0212 1.0191 1.036 1.0101 
1.0223 1.0402 1.0401 1.0306 1.0499 1.0124 1.0295 1.0128 1.0061 1.0199 
1.0027 1.0062 1.0484 1.0248 1.0048 1.031 1.0212 1.0474 1.0315 1.0109 
1.0131 1.0135 1.0079 1.0433 1.0498 1.0035 1.0446 1.0387 1.0062 1.0258 
1.0359 1.0261 1.013 1.0406 1.0482 1.0362 1.0187 1.0465 1.0409 1.0253 
1.0499 1.0383 1.044 1.0266 1.0286 1.0363 1.0019 1.0403 1.0347 1.0246 
1.0466 1.0327 1.0413 1.0221 1.025 1.0049 1.0057 1.0045 1.0246 1.0194 
1.0279 1.0204 1.0236 1.0002 1.0479 1.0497 1.0137 1.0368 1.0118 1.0338 
1.029 1.0449 1.0341 1.0437 1.0324 1.0011 1.0421 1.0141 1.0451 1.027 
1.0372 1.0438 1.0023 1.0175 1.0031 1.0204 1.0155 1.0007 1.0104 1.0188 
1.0393 1.0198 1.0298 1.0155 1.0477 1.0428 1.0382 1.0495 1.0026 1.0428 
1.0172 1.026 1.0118 1.0099 1.0163 1.0199 1.0085 1.0043 1.0445 1.0177 
1.0248 1.0301 1.0446 1.0333 1.0058 1.0164 1.0335 1.0254 1.0312 1.0023 
1.0074 1.0348 1.0017 1.0169 1.0492 1.0445 1.0064 1.0415 1.0242 1.0417 
1.0329 1.0265 1.0368 1.0253 1.0173 1.0324 1.0223 1.0207 1.011 1.0195 
1.0249 1.0111 1.0074 1.0321 1.0218 1.0144 1.0323 1.0195 1.0317 1.0321 
1.0495 1.0123 1.016 1.0446 1.0229 1 1.0344 1.029 1.0148 1.0002 
1.022 1.0438 1.0174 1.0456 1.0439 1.046 1.0067 1.0248 1.038 1.0156 
1.0467 1.0151 1.0438 1.0199 1.0461 1.0426 1.0092 1.0046 1.0018 1.0288 
1.0378 1.0165 1.0386 1.0298 1.0309 1.022 1.0053 1.0435 1.0008 1.0448 
1.0408 1.0075 1.0499 1.0431 1.0137 1.0429 1.0452 1.0294 1.0476 1.0231 
1.0476 1.0171 1.0172 1.0251 1.0219 1.0438 1.031 1.018 1.0299 1.0107 
1.0131 1.0315 1.029 1.0356 1.046 1.0007 1.0262 1.0181 1.0301 1.0141 
1.0012 1.0189 1.0394 1.018 1.0324 1.0195 1.0242 1.0036 1.0152 1.0449 
1.0177 1.0137 1.0379 1.0071 1.0261 1.0187 1.0477 1.0171 1.0047 1.0419 
1.0292 1.0091 1.0258 1.0036 1.0268 1.0012 1.0292 1.0251 1.005 1.0226 
1.0429 1.0104 1.0329 1.0396 1.0485 1.0138 1.0391 1.0226 1.0497 1.0445 
1.0423 1.0232 1.0044 1.0297 1.025 1.0336 1.0414 1.027 1.0199 1.0018 
1.0469 1.0446 1.0082 1.0459 1.0016 1.0331 1.0365 1.006 1.0024 1.0498 
1.0194 1.0185 1.0377 1.0158 1.0035 1.0194 1.0357 1.0273 1.0223 1.0412 
1.0359 1.0443 1.0056 1.0191 1.0286 1.0049 1.0005 1.0178 1.0331 1.0397 
1.0086 1.0412 1.0473 1.007 1.0438 1.0062 1.0003 1.0163 1.0344 1.0241 
1.0163 1.0183 1.0237 1.0045 1.0301 1.0332 1.0381 1.009 1.0358 1.0108 
1.0368 1.0106 1.0034 1.0208 1.0483 1.0223 1.0408 1.0499 1.0083 1.0398 
1.0124 1.0388 1.0174 1.0364 1.0249 1.0336 1.0383 1.0216 1.0465 1.0385 
1.0074 1.0338 1.0013 1.0284 1.0052 1.0026 1.0305 1.0434 1.0492 1.0064 
1.006 1.0209 1.0363 1.0051 1.0108 1.0034 1.0278 1.0035 1.0316 1.0188 
1.0217 1.0063 1.0389 1.0379 1.021 1.0162 1.0359 1.0289 1.027 1.0166 
1.0396 1.0237 1.0331 1.0179 1.0282 1.0243 1.0463 1.0009 1.0477 1.0464 
1.0399 1.0212 1.0243 1.0106 1.0036 1.0223 1.0219 1.0302 1.0454 1.0343 
1.0448 1.0463 1.0127 1.0366 1.0439 1.0162 1.0278 1.0407 1.0425 1.0448 
1.0171 1.0047 1.001 1.0275 1.0066 1.0172 1.0439 1.0473 1.0085 1.0265 
1.0354 1.0237 1.0079 1.0407 1.0411 1.0068 1.0275 1.0491 1.0153 1.0047 
1.0098 1.0212 1.0107 1.0106 1.036 1.0461 1.0264 1.0112 1.0139 1.0242 
1.0173 1.0368 1.0217 1.0459 1.0465 1.0211 1.0103 1.027 1.0318 1.0426 
1.0363 1.0031 1.015 1.0191 1.0076 1.0332 1.0472 1.0135 1.0418 1.015 
1.0408 1.0159 1.0271 1.0481 1.016 1.0167 1.0184 1.0398 1.0377 1.0494 
1.0461 1.0391 1.0426 1.0036 1.026 1.0199 1.0371 1.0376 1.0407 1.0468 
1.0356 1.0254 1.0192 1.0237 1.0371 1.0184 1.0145 1.0216 1.0399 1.0047 
1.0368 1.0192 1.0006 1.0376 1.0376 1.007 1.0077 1.0203 1.016 1.0457 
1.0435 1.046 1.0319 1.0355 1.0072 1.0213 1.025 1.0186 1.0319 1.0456 
1.035 1.0075 1.0053 1.038 1.0297 1.0441 1.0395 1.0125 1.0146 1.0365 
1.0494 1.0315 1.0083 1.0037 1.011 1.0095 1.0255 1.0443 1.0157 1.0238 
1.0372 1.004 1.0344 1.021 1.0394 1.0213 1.0062 1.0163 1.012 1.0304 
1.0116 1.0253 1.0479 1.0477 1.001 1.0466 1.0121 1.0199 1.0124 1.031 
1.0384 1.0365 1.043 1.0457 1.0475 1.0034 1.01 1.026 1.0124 1.0109 
1.03 1.03 1.0195 1.0285 1.023 1.0136 1.0042 1.0357 1.0254 1.0118 
1.0297 1.0134 1.0252 1.0424 1.0215 1.0304 1.0157 1.0406 1.0169 1.0189 
1.0368 1.0422 1.0035 1.038 1.0408 1.0187 1.0285 1.0459 1.0376 1.0275 
1.0109 1.0387 1.047 1.0153 1.0494 1.0452 1.0396 1.0213 1.0026 1.0187 
1.0263 1.0081 1.0299 1.0146 1.0198 1.0012 1.035 1.0068 1.026 1.0333 
1.0469 1.0289 1.0461 1.0499 1.0414 1.0348 1.003 1.0494 1.0241 1.0246 
1.0249 1.0324 1.0239 1.041 1.0463 1.0064 1.0192 1.0263 1.0361 1.0271 
1.025 1.0184 1.0341 1.0257 1.0366 1.0279 1.0374 1.0451 1.0386 1.0287 
1.0145 1.0115 1.0304 1.007 1.0146 1.0427 1.0246 1.0291 1.0162 1.0101 
1.0362 1.0065 1.0482 1.0282 1.042 1.0353 1.0443 1.0038 1.0202 1.014 
1.0399 1.0292 1.0491 1.0175 1.0305 1.0123 1.0031 1.0358 1.0184 1.0487 
1.0166 1.0027 1.0046 1.0159 1.0251 1.0265 1.0151 1.0251 1.0163 1.0041 
1.007 1.047 1.0461 1.0439 1.0084 1.0074 1.0464 1.0204 1.0138 1.0047 
1.0495 1.0394 1.0425 1.0345 1.0469 1.0461 1.0069 1.0389 1.0082 1.0445 
1.0212 1.0257 1.024 1.02 1.0453 1.0307 1.0141 1.0033 1.0151 1.0099 
1.0436 1.0436 1.0088 1.0331 1.0337 1.016 1.0016 1.0281 1.0091 1.0495 
1.0108 1.0371 1.0032 1.0034 1.0143 1.0118 1.0275 1.0456 1.0382 1.0003 
1.0366 1.0223 1.0027 1.0285 1.0229 1.0492 1.0228 1.0169 1.0099 1.023 
1.0308 1.0218 1.0477 1.0166 1.0111 1.035 1.0315 1.0109 1.0418 1.01 
1.0428 1.0339 1.0014 1.0454 1.0065 1.0495 1.0401 1.0454 1.041 1.0123 
1.0056 1.0419 1.0219 1.0072 1.0411 1.0179 1.0232 1.0137 1.033 1.0362 
1.0236 1.0373 1.0193 1.0246 1.0375 1.0462 1.0135 1.0497 1.0279 1.0165 
1.045 1.0354 1.0475 1.0123 1.0346 1.0279 1.0137 1.0409 1.0031 1.0247 
1.0014 1.0195 1.004 1.0091 1.0039 1.0105 1.0061 1.0203 1.0186 1.0446 
1.0283 1.0202 1.0493 1.044 1.0166 1.0169 1.0322 1.0101 1.0256 1.0176 
1.01 1.0369 1.0185 1.0446 1.0141 1.0315 1.0161 1.03 1.0013 1.03 
1.0081 1.0079 1.0366 1.0258 1.0308 1.0177 1.0171 1.0289 1.0194 1.0204 
1.047 1.0276 1.0211 1.0045 1.0297 1.0305 1.0464 1.0328 1.0453 1.0438 
1.0402 1.0333 1.0442 1.0151 1.0409 1.0167 1.0242 1.016 1.0384 1.0239 
1.0284 1.0425 1.0083 1.0351 1.0422 1.0171 1.0206 1.0103 1.033 1.0288 
1.0472 1.0151 1.0337 1.0026 1.007 1.0446 1.0333 1.0304 1.0341 1.0219 
1.0045 1.0105 1.0297 1.0146 1.0495 1.0177 1.0395 1.0198 1.0001 1.0213 
1.027 1.0289 1.0299 1.0163 1.0481 1.0083 1.0011 1.0338 1.0408 1.0034 
1.0446 1.0499 1.024 1.04 1.0446 1.0176 1.038 1.0003 1.0345 1.0396 
1.027 1.0422 1.0477 1.0046 1.0069 1.0265 1.0432 1.0271 1.0096 1.0035 
1.0247 1.011 1.0138 1.0377 1.0161 1.0359 1.0472 1.045 1.0137 1.0012 
1.0424 1.0137 1.0243 1.0173 1.0327 1.0159 1.0098 1.025 1.0029 1.001 
1.01 1.0273 1.0367 1.0404 1.0074 1.0018 1.0374 1.034 1.026 1.0415 
1.0215 1.0366 1.0483 1.0032 1.0142 1.0205 1.0499 1.0283 1.0162 1.0446 
1.0407 1.0452 1.036 1.005 1.0202 1.0294 1.0276 1.0488 1.0001 1.0085 
1.0237 1.0036 1.0355 1.0055 1.0269 1.0487 1.03 1.0088 1.0236 1.0028 
1.0236 1.0059 1.0403 1.0158 1.039 1.0166 1.0068 1.0439 1.0268 1.0137 
1.0448 1.0485 1.0142 1.0498 1.0122 1.0179 1.0327 1.0007 1.0346 1.0102 
1.0002 1.0024 1.0288 1.0348 1.0425 1.0023 1.0326 1.0109 1.0026 1.0369 
1.0011 1.0452 1.0111 1.0079 1.0226 1.0072 1.0251 1.0352 1.0234 1.0484 
1.0109 1.0281 1.0103 1.0032 1.0229 1.0302 1.0017 1.0133 1.0413 1.0151 
1.0211 1.007 1.0358 1.0027 1.0335 1.0256 1.0383 1.0116 1.0304 1.0331 
1.0228 1.0015 1.012 1.0242 1.0459 1.0473 1.0267 1.0317 1.0027 1.0367 
1.0323 1.0016 1.0258 1.0269 1.0418 1.0475 1.0037 1.0293 1.0113 1.006 
1.0049 1.0458 1.033 1.0044 1.0464 1.0063 1.0056 1.0034 1.0056 1.0006 
1.0217 1.0333 1.0327 1.0497 1.0081 1.0028 1.0076 1.0243 1.0058 1.0059 
1.005 1.0406 1.0119 1.0179 1.0206 1.0087 1.0132 1.0321 1.0037 1.0246 
1.0114 1.0308 1.0274 1.0125 1.0307 1.01 1.0125 1.0447 1.0305 1.0195 
1.0333 1.0026 1.0031 1.0146 1.0383 1.036 1.0284 1.0411 1.0319 1.0048 
1.0078 1.0478 1.0095 1.0137 1.0166 1.0121 1.0202 1.0415 1.0435 1.0128 
1.0342 1.0178 1.0056 1.0264 1.0457 1.0007 1.023 1.013 1.0016 1.0039 
1.0192 1.0255 1.0358 1.0399 1.0425 1.046 1.0095 1.0162 1.0375 1.0263 
1.0068 1.0441 1.0257 1.0448 1.0274 1.0308 1.0448 1.0225 1.0017 1.0091 
1.0462 1.0142 1.0008 1.022 1.0039 1.025 1.0258 1.0424 1.0439 1.0182 
1.0258 1.0208 1.0199 1.0002 1.0066 1.0081 1.0026 1.0045 1.0072 1.0305 
1.0176 1.0192 1.0458 1.0437 1.0042 1.0191 1.0145 1.048 1.0477 1.0112 
1.0448 1.0385 1.0368 1.0464 1.0426 1.028 1.0263 1.0124 1.0288 1.0088 
1.015 1.0387 1.0075 1.0437 1.0136 1.0388 1.0113 1.042 1.0448 1.0026 
1.0026 1.0472 1.0033 1.0006 1.015 1.0248 1.0026 1.0249 1.0401 1.0024 
1.0329 1.0406 1.0119 1.0492 1.0455 1.0278 1.0433 1.031 1.026 1.0483 
1.0255 1.014 1.0367 1.0266 1.0134 1.0218 1.0417 1.044 1.0485 1.0461 
1.0482 1.0451 1.0148 1.042 1.0396 1.0052 1.0096 1.021 1.0283 1.012 
1.0149 1.0357 1.0485 1.0467 1.0337 1.0305 1.0006 1.0156 1.0004 1.0379 
1.0394 1.0391 1.0356 1.0183 1.0006 1.0459 1.0439 1.016 1.0017 1.012 
1.0151 1.0443 1.0136 1.0415 1.0466 1.0419 1.0312 1.0415 1.0234 1.016 
1.0106 1.0085 1.0095 1.0169 1.0451 1.0159 1.0238 1.0375 1.0289 1.029 
1.0256 1.0258 1.013 1.0183 1.0311 1.0214 1.0467 1.019 1.0208 1.0074 
1.0012 1.0426 1.0146 1.0267 1.017 1.044 1.0417 1.0121 1.0393 1.0415 
1.0067 1.0289 1.0003 1.0347 1.0159 1.027 1.0336 1.0313 1.0483 1.0218 
1.0252 1.0491 1.0444 1.0371 1.0262 1.0397 1.0363 1.0191 1.0135 1.0374 
1.0258 1.0192 1.0309 1.029 1.0256 1.0492 1.0256 1.0128 1.0113 1.0148 
1.0118 1.034 1.0117 1.0289 1.0198 1.0196 1.0098 1.0476 1.0349 1.0034 
1.022 1.0242 1.0327 1.0424 1.0269 1.0383 1.0151 1.0375 1.0049 1.0236 
1.0036 1.0209 1.0356 1.0219 1.0382 1.0454 1.0025 1.0142 1.005 1.0472 
1.0037 1.0474 1.0265 1.025 1.0397 1.0477 1.0096 1.0306 1.0112 1.0413 
1.0028 1.0127 1.0424 1.0284 1.0394 1.0409 1.0266 1.0305 1.0026 1.0126 
1.0392 1.0397 1.0219 1.0045 1.0332 1.0437 1.007 1.0357 1.029 1.0437 
1.0424 1.0316 1.0314 1.0114 1.0209 1.044 1.0478 1.0364 1.0083 1.0206 
1.004 1.0023 1.0479 1.0201 1.0292 1.0411 1.0282 1.0314 1.0417 1.0158 
1.0445 1.0466 1.0477 1.0416 1.0181 1.0123 1.0266 1.0213 1.0313 1.0442 
1.0143 1.0454 1.0431 1.0124 1.0243 1.0165 1.0195 1.0443 1.042 1.0426 
1.0265 1.0044 1.0095 1.0058 1.044 1.0303 1.0079 1.0047 1.0069 1.0431 
1.0071 1.004 1.0266 1.0178 1.0144 1.0431 1.0364 1.0267 1.0075 1.0416 
1.008 1.039 1.0003 1 1.0373 1.0479 1.0265 1.0461 1.0493 1.0063 
1.0345 1.0264 1.0192 1.0356 1.0432 1.0044 1.0181 1.048 1.003 1.0349 
1.0248 1.0403 1.049 1.0401 1.048 1.0016 1.0256 1.031 1.043 1.042 
1.0083 1 1.0205 1.0385 1.0475 1.0348 1.0235 1.0087 1.0192 1.0224 
1.028 1.0268 1.0359 1.0441 1.0134 1.0261 1.0312 1.0127 1.0069 1.0051 
1.0217 1.0132 1.0296 1.0495 1.0342 1.0392 1.0142 1.0002 1.0434 1.0311 
1.0486 1.0148 1.0021 1.0228 1.0125 1.0115 1.0258 1.0356 1.0486 1.0002 
1.0047 1.0182 1.0492 1.037 1.0398 1.0449 1.0306 1.0037 1.0402 1.0422 
1.0107 1.0037 1.0163 1.0409 1.0171 1.0323 1.0166 1.0086 1.0374 1.0165 
1.0125 1.0392 1.0159 1.0169 1.0494 1.0408 1.0108 1.0467 1.0041 1.0386 
1.0272 1.0437 1.019 1.0374 1.0201 1.0345 1.0351 1.0209 1.0408 1.0274 
1.0315 1.0162 1.0061 1.0498 1.0488 1.0118 1.0247 1.0123 1.0447 1.0258 
1.0199 1.0233 1.023 1.0436 1.0187 1.002 1.0317 1.0161 1.0487 1.0103 
1.0071 1.0226 1.0495 1.042 1.039 1.0384 1.008 1.0208 1.0433 1.0068 
1.0087 1.0221 1.0231 1.0354 1.0098 1.0426 1.0034 1.0325 1.0146 1.0287 
1.0273 1.03 1.0133 1.0206 1.0476 1.0488 1.0361 1.0357 1.0143 1.015 
1.0424 1.0417 1.0317 1.0054 1.0234 1.0134 1.0359 1.0144 1.0327 1.0444 
1.0118 1.0034 1.0209 1.0246 1.0041 1.0318 1.0414 1.012 1.0198 1.0361 
1.0442 1.0254 1.0139 1.038 1.0364 1.0319 1.0348 1.0055 1.0153 1.0492 
1.0031 1.0083 1.0453 1.031 1.0306 1.0248 1.0284 1.0117 1.0376 1.0327 
1.028 1.0005 1.0399 1.0311 1.0085 1.03 1.001 1.0455 1.0341 1.0082 
1.0371 1.0183 1.0154 1.0158 1.0217 1.0247 1.034 1.0046 1.0353 1.0305 
1.0215 1.0088 1.0218 1.0017 1.0436 1.0418 1.0092 1.0111 1.0427 1.0255 
1.0202 1.0452 1.0105 1.0151 1.0262 1.03 1.0011 1.0225 1.0077 1.0403 
1.0007 1.0046 1.023 1.0442 1.0017 1.0445 1.0284 1.0424 1.0181 1.0361 
1.0256 1.0066 1.0451 1.0127 1.0311 1.0283 1.0303 1.0344 1.048 1.0412 
1.0354 1.0325 1.0469 1.0351 1 1.0341 1.0287 1.0328 1.0463 1.0015 
1.0287 1.0188 1.014 1.0289 1.0482 1.045 1.0021 1.0184 1.006 1.0284 
1.0267 1.0477 1.0381 1.0399 1.0445 1.0047 1.0328 1.0489 1.0313 1.0466 
1.0304 1.0274 1.0277 1.0491 1.0412 1.04 1.0332 1.0273 1.0274 1.0348 
1.017 1.0447 1.0359 1.0342 1.0069 1.0019 1.0121 1.0484 1.0029 1.0331 
1.0368 1.0438 1.0347 1.011 1.0271 1.0255 1.0033 1.0069 1.019 1.0092 
1.0093 1.0126 1.0188 1.0089 1.032 1.0232 1.0479 1.0484 1.0265 1.0145 
1.0314 1.0079 1.027 1.0221 1.0422 1.044 1.0452 1.0484 1.0131 1.0479 
1.0461 1.0461 1.0477 1.0346 1.0231 1.0175 1.0067 1.0015 1.0464 1.0336 
1.0195 1.0359 1.0337 1.0209 1.028 1.0373 1.0091 1.0418 1.0491 1.0371 
1.0258 1.0162 1.0023 1.0097 1.0424 1.0425 1.0207 1.0138 1.0014 1.0399 
1.0022 1.0031 1.0113 1.0236 1.0259 1.028 1.0136 1.013 1.0092 1.0485 
1.0468 1.0078 1.0083 1.0066 1.0068 1.0031 1.0214 1.0303 1.0414 1.0303 
1.014 1.0067 1.0445 1.0496 1.0274 1.0174 1.0436 1.0462 1.0159 1.0404 
1.008 1.0485 1.0127 1.0468 1.0301 1.0202 1.0028 1.0057 1.0271 1.0397 
1.0303 1.0208 1.0262 1.0177 1.0197 1.0337 1.0142 1.018 1.0189 1.0054 
1.0061 1.0496 1.0329 1.0198 1.0449 1.0322 1.0463 1.0315 1.0363 1.0125 
1.0326 1.0483 1.0072 1.043 1.0236 1.0243 1.029 1.0296 1.0207 1.0268 
1.0246 1.0405 1.0071 1.0309 1.0475 1.0335 1.0058 1.0073 1.0051 1.0479 
1.0155 1.0427 1.002 1.0457 1.0031 1.0127 1.0066 1.0322 1.0313 1.0379 
1.0475 1.0058 1.0163 1.0198 1.048 1.0194 1.0197 1.0039 1.029 1.0306 
1.039 1.0085 1.0471 1.0318 1.0097 1.0418 1.0485 1.0406 1.029 1.0253 
1.0315 1.0025 1.0357 1.0417 1.0227 1.0034 1.0197 1.0299 1.0352 1.0142 
1.0233 1.019 1.0226 1.0329 1.0035 1.0149 1.0122 1.0205 1.0382 1.0164 
1.023 1.0103 1.0314 1.0261 1.0452 1.0303 1.0372 1.009 1.0122 1.0099 
1.0228 1.0366 1.0286 1.0078 1.0026 1.0448 1.0371 1.0194 1.0116 1.0236 
1.0267 1.0203 1.0226 1.0269 1.0318 1.0054 1.0177 1.0285 1.0188 1.0163 
1.0186 1.0391 1.0486 1.0217 1.0354 1.0055 1.0067 1.0498 1.011 1.0005 
1.0392 1.0241 1.008 1.0283 1.022 1.0242 1.0454 1.014 1.005 1.0259 
1.002 1.024 1.0068 1.0393 1.0053 1.0027 1.0369 1.0237 1.027 1.0329 
1.0429 1.0235 1.0029 1.0419 1.0187 1.0026 1.0331 1.0307 1.0451 1.0273 
1.0348 1.0343 1.0325 1.0282 1.0428 1.0348 1.0366 1.0285 1.0191 1.0006 
1.035 1.0167 1.0476 1.0423 1.0341 1.0336 1.0229 1.034 1.0246 1.0037 
1.033 1.0049 1.0428 1.0094 1.032 1.0145 1.0371 1.0299 1.0132 1.0169 
1.0179 1.0309 1.0348 1.0409 1.0128 1.002 1.0293 1.0021 1.0142 1.0015 
1.0306 1.0021 1.0069 1.0211 1.0032 1.0208 1.0275 1.0427 1.0027 1.0013 
1.0265 1.0163 1.0084 1.0293 1.0371 1.0148 1.0295 1.0087 1.0064 1.0388 
1.0358 1.007 1.0053 1.0182 1.0198 1.0239 1.0457 1.0144 1.0306 1.0003 
1.0265 1.0439 1.0166 1.0089 1.0457 1.0107 1.0073 1.0295 1.0159 1.0263 
1.0315 1.0472 1.0457 1.0015 1.0132 1.0454 1.0005 1.0273 1.0445 1.0231 
1.0272 1.0301 1.0248 1.025 1.0276 1.0044 1.0205 1.0223 1.0452 1.0462 
1.0268 1.0145 1.0284 1.0338 1.0353 1.0275 1.0476 1.0386 1.0427 1.0232 
1.0075 1.0249 1.0412 1.0416 1.0036 1.0041 1.0215 1.0467 1.0446 1.0384 
1.0251 1.0024 1.0417 1.0361 1.0415 1.0295 1.0152 1.0246 1.0238 1.0255 
1.0432 1.0134 1.0126 1.0235 1.0077 1.046 1.0047 1.0338 1.0308 1.0434 
1.0257 1.0344 1.0245 1.0219 1.043 1.0394 1.0465 1.0113 1.0213 1.0081 
1.0106 1.0135 1.0252 1.0039 1.017 1.0317 1.0147 1.0035 1.0013 1.0146 
1.0421 1.0386 1.0471 1.0171 1.0498 1.0482 1.0126 1.0361 1.0149 1.0198 
1.008 1.0057 1.0172 1.0266 1.0183 1.0013 1.0043 1.0424 1.0388 1.0418 
1.0449 1.0123 1.0033 1.0108 1.0013 1.0311 1.0115 1.0233 1.0103 1.0145 
1.0059 1.0334 1.0437 1.0329 1.0089 1.0242 1.034 1.0297 1.0009 1.0225 
1.0119 1.0239 1.0136 1.0148 1.0456 1.0446 1.0007 1.0245 1.0372 1.0181 
1.0433 1.0069 1.0084 1.0197 1.0303 1.0464 1.0121 1.0268 1.0123 1.0329 
1.012 1.0077 1.0091 1.0371 1.0422 1.0222 1.0484 1.01 1.0321 1.0476 
1.0372 1.0347 1.0136 1.0238 1.0303 1.0219 1.0228 1.0377 1.0164 1.0457 
1.0408 1.0074 1.0444 1.0494 1.0489 1.0451 1.0129 1.0295 1.0153 1.0071 
1.0212 1.0409 1.0405 1.0132 1.0471 1.0125 1.0109 1.044 1.0377 1.0382 
1.0213 1.0324 1.019 1.0188 1.0477 1.0166 1.0323 1.0401 1.0016 1.0093 
1.0201 1.027 1.0321 1.0365 1.0178 1.0277 1.0141 1.0114 1.0285 1.0464 
1.0245 1.0002 1.0381 1.0201 1.0343 1.0385 1.0396 1.0395 1.0218 1.0208 
1.0364 1.0083 1.0463 1.0223 1.0039 1.0212 1.0369 1.0192 1.0455 1.018 
1.0061 1.0213 1.0232 1.0236 1.0111 1.0052 1.0177 1.0086 1.0156 1.0225 
1.038 1.0305 1.0288 1.0348 1.0346 1.0212 1.0457 1.0189 1.0162 1.0255 
1.0224 1.0488 1.0097 1.0082 1.016 1.0068 1.0059 1.0155 1.0369 1.0143 
1.0371 1.0194 1.0171 1.0394 1.0468 1.0143 1.0303 1.0291 1.0362 1.0476 
1.0361 1.01 1.0355 1.0152 1.0467 1.0246 1.0272 1.0143 1.0144 1.0242 
1.0398 1.0011 1.0164 1.0399 1.0373 1.0342 1.0031 1.0132 1.0025 1.0221 
1.0289 1.0275 1.0228 1.04 1.0097 1.011 1.0453 1.0319 1.0409 1.0164 
1.0442 1.0357 1.0152 1.0368 1.0016 1.0114 1.0221 1.0302 1.0037 1.0046 
1.0243 1.0058 1.0062 1.044 1.0098 1.0257 1.0238 1.0252 1.0481 1.0433 
1.0243 1.0349 1.0196 1.004 1.0128 1.041 1.0232 1.0108 1.0331 1.0291 
1 1.0454 1.0267 1.0023 1.0138 1.0236 1.0469 1.0499 1.0015 1.0047 
1.0238 1.0057 1.0199 1.0157 1.0216 1.0358 1.0305 1.0271 1.0154 1.048 
1.0018 1.0298 1.0385 1.0253 1.0218 1.0051 1.016 1.0188 1.0107 1.0217 
1.031 1.0361 1.0137 1.033 1.0211 1.0123 1.0031 1.042 1.0184 1.0119 
1.0104 1.0209 1.0187 1.02 1.0364 1.0405 1.0483 1.0281 1.0429 1.038 
1.0331 1.0154 1.0325 1.0404 1.0185 1.0111 1.0205 1.0347 1.036 1.0317 
1.0431 1.0075 1.043 1.0027 1.0207 1.0429 1.0324 1.0424 1.0487 1.0485 
1.0199 1.0021 1.0233 1.0177 1.0413 1.0118 1.0033 1.0448 1.0086 1.0496 
1.0031 1.0148 1.0199 1.0218 1.0494 1.0433 1.0016 1.0108 1.0062 1.0432 
1.0213 1.0003 1.0248 1.0369 1.0099 1.0098 1.0051 1.0084 1.0108 1.0084 
1.0264 1.0038 1.0381 1.0027 1.0205 1.0498 1.0354 1.0344 1.0339 1.0009 
1.0083 1.0492 1.0303 1.0104 1.0365 1.0467 1.049 1.0383 1.001 1.0395 
1.0491 1.0203 1.0185 1.03 1.0313 1.0324 1.0058 1.0313 1.0336 1.0251 
1.0314 1.0073 1.0033 1.0231 1.0465 1.0155 1.0081 1.0184 1.0471 1.0494 
1.0357 1.0321 1.0129 1.0065 1.0352 1.0471 1.0152 1.0123 1.0453 1.0062 
1.0203 1.0166 1.0412 1.0251 1.0194 1.0153 1.0022 1.025 1.0073 1.0186 
1.0487 1.0348 1.0105 1.002 1.0136 1.0029 1.0485 1.0466 1.0445 1.0176 
1.0405 1.0036 1.0268 1.0499 1.0444 1.0443 1.0419 1.0365 1.037 1.0452 
1.0394 1.0357 1.0428 1.0043 1.0073 1.0096 1.0102 1.0126 1.0144 1.0462 
1.0317 1.0195 1.0452 1.0493 1.0399 1.0173 1.0289 1.0439 1.034 1.022 
1.0404 1.0073 1.0011 1.0362 1.0464 1.0131 1.008 1.0358 1.0159 1.033 
1.0274 1.0415 1.0002 1.0432 1.0115 1.0192 1.0209 1.0187 1.0259 1.0134 
1.0087 1.0392 1.0027 1.0361 1.0434 1.0193 1.0291 1.04 1.0117 1.0049 
1.0262 1.0448 1.0359 1.0403 1.036 1.018 1.0404 1.0422 1.0457 1.0082 
1.0093 1.0375 1.0336 1.0019 1.0068 1.0495 1.003 1.0243 1.008 1.0167 
1.046 1.0447 1.0202 1.0481 1.0269 1.0136 1.0197 1.0153 1.0129 1.0153 
1.0384 1.0223 1.0279 1.0384 1.0429 1.0159 1.001 1.0353 1.026 1.0082 
1.0291 1.005 1.0228 1.0435 1.0476 1.0198 1.0097 1.0335 1.0267 1.0332 
1.0239 1.0072 1.0484 1.0219 1.0214 1.0248 1.0177 1.0012 1.0263 1.0004 
1.0173 1.0003 1.0261 1.0138 1.0055 1.0298 1.0331 1.0492 1.016 1.033 
1.0345 1.0406 1.0166 1.0007 1.0061 1.0339 1.0062 1.0198 1.0429 1.0015 
1.0292 1.0333 1.0262 1.0403 1.0025 1.0495 1.0255 1.0489 1.0018 1.0449 
1.0405 1.0342 1.0435 1.0447 1.0329 1.0281 1.0086 1.0431 1.0001 1.0446 
1.003 1.0447 1.0343 1.0495 1.0266 1.0165 1.0416 1.011 1.0482 1.0424 
1.0347 1.0215 1.0096 1.012 1.0212 1.0319 1.0294 1.0403 1.006 1.0349 
1.0123 1.0142 1.0462 1.0387 1.0339 1.0298 1.0039 1.0453 1.0165 1.0027 
1.0166 1.0066 1.0056 1.016 1.0345 1.0499 1.0035 1.0472 1.0372 1.0468 
1.0268 1.0132 1.0008 1.0087 1.0306 1.0039 1.0482 1.0176 1.0415 1.019 
1.0345 1.0247 1.0122 1.006 1.0488 1.0056 1.033 1.0485 1.0252 1.0496 
1.045 1.0065 1.0078 1.025 1.0086 1.0008 1.012 1.0109 1.0089 1.038 
1.0266 1.0293 1.0436 1.0198 1.0243 1.04 1.0116 1.0436 1.0183 1.0258 
1.0264 1.0494 1.0395 1.0147 1.0046 1.0371 1.0367 1.046 1.003 1.0331 
1.0236 1.03 1.0434 1.0495 1.0246 1.0401 1.0452 1.0457 1.0271 1.0329 
1.0341 1.0308 1.0493 1.043 1.0255 1.0118 1.0489 1.0465 1.0317 1.0164 
1.0488 1.001 1.0129 1.0033 1.0438 1.0361 1.0455 1.0051 1.0472 1.0139 
1.0012 1.0239 1.0166 1.0333 1.0442 1.0071 1.0006 1.0308 1.047 1.0017 
1.0383 1.0244 1.0033 1.0449 1.017 1.0346 1.0135 1.0239 1.0357 1.0103 
1.0497 1.0078 1.0325 1.0071 1.005 1.0184 1.0109 1.0442 1.0277 1.0472 
1.0467 1.0294 1.0333 1.0268 1.0323 1.0337 1.0128 1.0214 1.0377 1.0193 
1.0368 1.0125 1.0376 1.0445 1.0011 1.0231 1.0472 1.0241 1.0474 1.0298 
1.0136 1.0249 1.0148 1.02 1.0413 1.0278 1.0015 1.0407 1.0149 1.0325 
1.0272 1.0349 1.0039 1.0088 1.0495 1.0331 1.043 1.0138 1.025 1.0116 
1.0244 1.0471 1.0162 1.0069 1.0077 1.0372 1.0449 1.0318 1.0368 1.0208 
1.0418 1.0383 1.0449 1.0383 1.0022 1.016 1.0228 1.0089 1.0229 1.005 
1.0473 1.0419 1.0032 1.0331 1.0133 1.0078 1.0488 1.0192 1.0351 1.0104 
1.0126 1.0009 1.021 1.045 1.0476 1.0488 1.0491 1.0474 1.0357 1.011 
1.0314 1.0302 1.0261 1.0202 1.0365 1.0493 1.0275 1.0219 1.0003 1.0467 
1.0342 1.008 1.0406 1.0015 1.0249 1.0302 1.0484 1.0014 1.0478 1.0003 
1.0092 1.0413 1.0178 1.0288 1.0404 1.0439 1.0491 1.0144 1.0261 1.0314 
1.0073 1.001 1.0289 1.0203 1.0313 1.0083 1.0092 1.0184 1.0091 1.0213 
1.0298 1.0493 1.0491 1.0051 1.0144 1.0377 1.0411 1.0418 1.0085 1.0078 
1.0351 1.0267 1.0295 1.0023 1.0425 1.0391 1.0246 1.0101 1.0297 1.0451 
1.0404 1.0464 1.0039 1.0159 1.0297 1.0092 1.0068 1.0241 1.0477 1.0067 
1.0291 1.0178 1.0392 1.0449 1.0493 1.0437 1.0058 1.0153 1.0375 1.0071 
1.0487 1.0145 1.0474 1.0378 1.0012 1.0237 1.045 1.0488 1.0179 1.0064 
1.0204 1.0374 1.0343 1.0309 1.0258 1.0434 1.0404 1.004 1.0465 1.0209 
1.0277 1.0335 1.0257 1.0153 1.0358 1.0078 1.0378 1.0263 1.0392 1 
1.0095 1.0156 1.0463 1.0484 1.0162 1.0078 1.0436 1.0368 1.0171 1.0488 
1.0171 1.0385 1.0466 1.0301 1.0447 1.0043 1.0102 1.0212 1.0159 1.0047 
1.0196 1.0175 1.0387 1.0454 1.0438 1.0148 1.006 1.0248 1.0164 1.0477 
1.0067 1.0153 1.0324 1.0003 1.0077 1.0094 1.0181 1.0232 1.0435 1.0343 
1.0103 1.0267 1.0448 1.0315 1.0093 1.0472 1.0151 1.0177 1.0007 1.038 
1.0141 1.031 1.0132 1.0447 1.0344 1.001 1.0419 1.0477 1.0117 1.0059 
1.0082 1.0378 1.0375 1.0356 1.0415 1.0014 1.0452 1.0099 1.001 1.0055 
1.0248 1.033 1.0094 1.0008 1.0255 1.0266 1.0039 1.0478 1.0372 1.0492 
1.0241 1.0021 1.0448 1.0183 1.0363 1.0417 1.0359 1.0327 1.031 1.0121 
1.0405 1.0236 1.0275 1.012 1.0015 1.047 1.0086 1.0026 1.0201 1.0356 
1.0113 1.0153 1.0255 1.0346 1.0092 1.0329 1.0403 1.0311 1.0174 1.0032 
1.0094 1.0122 1.0172 1.0258 1.024 1.0453 1.0192 1.0401 1.0285 1.0307 
1.0361 1.0332 1.0361 1.0467 1.0141 1.0241 1.0096 1.0362 1.0087 1.0147 
1.0459 1.0343 1.0134 1.0249 1.0282 1.0181 1.0341 1.0348 1.0418 1.0485 
1.0385 1.0002 1.0048 1.0474 1 1.0416 1.0398 1.0097 1.0139 1.0262 
1.0346 1.0436 1.0114 1.0133 1.0409 1.0402 1.0291 1.0366 1.0098 1.048 
1.0068 1.0452 1.0387 1.0275 1.0433 1.015 1.0486 1.0209 1.0221 1.019 
1.0388 1.0484 1.024 1.0072 1.0499 1.0001 1.0489 1.0359 1.0094 1.0293 
1.0172 1.0289 1.0441 1.0438 1.0483 1.025 1.0032 1.0283 1.0017 1.0275 
1.0212 1.0317 1.0211 1.0291 1.0436 1.0021 1.0122 1.0089 1.0242 1.0346 
1.0409 1.0215 1.0426 1.0201 1.0291 1.0046 1.0458 1.0001 1.0039 1.0383 
1.0059 1.0108 1.0476 1.0354 1.0342 1.0383 1.0211 1.0177 1.0203 1.0117 
1.0095 1.0099 1.043 1.0444 1.0295 1.0246 1.0315 1.0115 1.0226 1.0346 
1.0256 1.0051 1.0447 1.0054 1.0131 1.0454 1.0038 1.0152 1.0274 1.0016 
1.0347 1.0324 1.0245 1.0306 1.0181 1.0449 1.0035 1.0425 1.0338 1.0379 
1.0453 1.0037 1.0017 1.0324 1.0493 1.0173 1.02 1.0102 1.0255 1.0284 
1.0483 1.0392 1.0448 1.0096 1.0176 1.0005 1.0433 1.0226 1.0429 1.0433 
1.047 1.047 1.0439 1.0021 1.0398 1.008 1.044 1.0453 1.0301 1.0223 
1.0308 1.0324 1.0303 1.0406 1.0187 1.0088 1.0209 1.02 1.0138 1.0183 
1.0013 1.0452 1.0118 1.0249 1.0075 1.0333 1.0073 1.0206 1.0477 1.019 
1.0396 1.0054 1.0479 1.0257 1.0444 1.0479 1.0283 1.0049 1.0014 1.01 
1.0175 1.025 1.0325 1.0484 1.0296 1.0444 1.0297 1.0348 1.0097 1.023 
1.0421 1.0316 1.0137 1.0204 1.0036 1.0359 1.0337 1.0123 1.014 1.0194 
1.0474 1.0184 1.0051 1.0299 1.0104 1.0159 1.0091 1.0278 1.0231 1.0029 
1.0217 1.024 1.0487 1.0057 1.0497 1.0298 1.0037 1.0371 1.0183 1.0216 
1.0014 1.001 1.0157 1.0263 1.043 1.0283 1.0159 1.0215 1.0073 1.0173 
1.0287 1.0081 1.0385 1.0275 1.0026 1.0108 1.0058 1.0196 1.017 1.0198 
1.002 1.0497 1.0279 1.0078 1.0317 1.0472 1.0496 1.0211 1.0386 1.03 
1.0433 1.0388 1.0027 1.0405 1.0322 1.0054 1.0221 1.0433 1.0057 1.0269 
1.0496 1.0199 1.0448 1.0143 1.0201 1.0387 1.033 1.0469 1.0193 1.0234 
1.0075 1.0291 1.0026 1.0356 1.041 1.0474 1.0082 1.0403 1.029 1.0404 
1.0458 1.0038 1.0084 1.0483 1.0077 1.025 1.0456 1.0494 1.0093 1.0487 
1.028 1.0253 1.0493 1.0034 1.0161 1.0231 1.02 1.0177 1.0257 1.0293 
1.0036 1.0151 1.0261 1.004 1.0078 1.0206 1.0004 1.0371 1.0106 1.0303 
1.0483 1.0326 1.0394 1.0053 1.0118 1.0439 1.0208 1.0265 1.0467 1.0355 
1.0191 1.0044 1.0366 1.0322 1.0361 1.0249 1.0329 1.0095 1.015 1.0228 
1.0284 1.0077 1.0488 1.0439 1.0284 1.0007 1.01 1.0076 1.0203 1.0067 
1.0352 1.0399 1.0243 1.0132 1.0393 1.001 1.0237 1.031 1.0443 1.041 
1.0327 1.0377 1.0182 1.0292 1.0261 1.0486 1.0499 1.0032 1.0151 1.0325 
1.0148 1.0016 1.0068 1.0205 1.0356 1.0096 1.0067 1.0414 1.0235 1.0153 
1.0333 1.028 1.0228 1.0035 1.007 1.0477 1.0412 1 1.0391 1.0041 
1.041 1.0494 1.0341 1.0071 1.0455 1.0188 1.0435 1.0103 1.0484 1.0311 
1.0161 1.0178 1.0242 1.0482 1.0051 1.0449 1.0357 1.0204 1.0296 1.0294 
1.042 1.0321 1.0165 1.0315 1.048 1.0064 1.0333 1.0288 1.0394 1.0311 
1.041 1.0428 1.011 1.01 1.0143 1.0186 1.0226 1.0043 1.0035 1.0154 
1.0068 1.0131 1.0294 1.0181 1.0307 1.0493 1.0055 1.0361 1.0347 1.0118 
1.0326 1.011 1.0346 1.0161 1.0491 1.006 1.0294 1.0149 1.0462 1.0194 
1.0344 1.0356 1.0176 1.0154 1.0255 1.0392 1.0006 1.0207 1.0234 1.0169 
1.0157 1.0007 1.0338 1.0311 1.0478 1.01 1.0476 1.0077 1.0419 1.0221 
1.0053 1.0275 1.0041 1.01 1.0034 1.0144 1.0015 1.0327 1.0498 1.0267 
1.0187 1.0095 1.029 1.0046 1.0487 1.0489 1.0392 1.0311 1.0195 1.0387 
1.044 1.0002 1.0381 1.0381 1.0095 1.0216 1.0045 1.0469 1.0404 1.0459 
1.0162 1.0356 1.0147 1.0422 1.0157 1.027 1.0224 1.017 1.0157 1.0279 
1.0293 1.0204 1.0138 1.0127 1.0015 1.0417 1.0318 1.0355 1.0282 1.0144 
1.0413 1.0417 1.0363 1.0175 1.0235 1.0118 1.0242 1.0021 1.0391 1.0258 
1.0272 1.029 1.029 1.0483 1.0174 1.0083 1.0294 1.0293 1.0179 1.0139 
1.0053 1.0434 1.0054 1.0026 1.0245 1.0394 1.0096 1.047 1.0433 1.0261 
1.0021 1.0419 1.0123 1.0024 1.0316 1.0247 1.0463 1.0408 1.0092 1.0482 
1.0476 1.0241 1.0283 1.0382 1.0254 1.0402 1.0086 1.0362 1.0064 1.0185 
1.0223 1.004 1.0055 1.0426 1.0066 1.0376 1.0035 1.0271 1.0364 1.0132 
1.0471 1.0103 1.038 1.0049 1.0427 1.0439 1.0098 1.0475 1.0025 1.01 
1.0364 1.0363 1.0129 1.0126 1.0166 1.0011 1.0454 1.0105 1.0474 1.014 
1.0484 1.0358 1.0169 1.0092 1.0231 1.0012 1.0217 1.0211 1.0367 1.0371 
1.0176 1.0491 1.0362 1.0128 1.0307 1.0417 1.0452 1.0327 1.0302 1.0041 
1.0097 1.0126 1.0419 1.0277 1.0276 1.0163 1.0173 1.0346 1.0274 1.0131 
1.0071 1.0376 1.0132 1.0032 1.0353 1.0444 1.0097 1.0068 1.0338 1.003 
1.0203 1.0042 1.0447 1.0063 1.0213 1.0206 1.0355 1.0291 1.0462 1.0392 
1.0043 1.0023 1.0036 1.0038 1.0292 1.0379 1.0106 1.0067 1.0311 1.0286 
1.0046 1.041 1.0052 1.0342 1.0421 1.0126 1.0438 1.017 1.0386 1.0321 
1.0134 1.0109 1.003 1.0136 1.0314 1.0061 1.0312 1.0091 1.0484 1.0179 
1.0052 1.0074 1.0194 1.0229 1.0412 1.0275 1.0124 1.0101 1.0248 1.0057 
1.0149 1.0356 1.005 1.0256 1.0198 1.0319 1.0364 1.0333 1.0041 1.024 
1.0044 1.0424 1.0448 1.0073 1.0008 1.0473 1.0204 1.0124 1.02 1.0392 
1.0061 1.0438 1.0384 1.0317 1.0187 1.0358 1.0318 1.0362 1.0463 1.0492 
1.032 1.009 1.0242 1.0275 1.0086 1.007 1.0429 1.0202 1.0035 1.0081 
1.0337 1.0354 1.0468 1.031 1.0337 1.032 1.0325 1.0377 1.0338 1.0089 
1.0131 1.0069 1.0363 1.0199 1.0449 1.0496 1.0173 1.0306 1.0491 1.0211 
1.03 1.0071 1.0348 1.009 1.0439 1.0459 1.033 1.014 1.0108 1.0163 
1.0112 1.0266 1.0027 1.0102 1.0271 1.0101 1.0157 1.0333 1.0269 1.0175 
1.046 1.0182 1.0274 1.047 1.0037 1.0407 1.0375 1.0297 1.0133 1.0397 
1.0149 1.0122 1.0464 1.0474 1.0382 1.0021 1.0343 1.0252 1.0247 1.0373 
1.0204 1.0151 1.0369 1.0056 1.0067 1.0042 1.0279 1.0238 1.0243 1.0133 
1.0228 1.0432 1.0033 1.0061 1.0049 1.0294 1.0176 1.0085 1.0319 1.0138 
1.0266 1.0384 1.023 1.0211 1.0458 1.0382 1.038 1.0314 1.0119 1.0159 
1.0443 1.0031 1.036 1.0461 1.038 1.0354 1.0204 1.039 1.0038 1.0048 
1.0035 1.0022 1.0154 1.0448 1.0118 1.0114 1.0093 1.0131 1.044 1.0265 
1.0035 1.0139 1.0101 1.0445 1.0117 1.025 1.0463 1.025 1.0057 1.0138 
1.0186 1.0147 1.0279 1.0492 1.036 1.0433 1.0352 1.0302 1.0211 1.002 
1.0039 1.0481 1.015 1.0415 1.0332 1.0259 1.0262 1.0119 1.0452 1.0419 
1.0236 1.0327 1.038 1.0194 1.0421 1.0191 1.0409 1.013 1.0262 1.0382 
1.0032 1.0166 1.0186 1.0308 1.0332 1.0257 1.0398 1.022 1.0021 1.0274 
1.0347 1.0042 1.0222 1.0371 1.0076 1.0468 1.0412 1.0172 1.0038 1.0286 
1.0464 1.0219 1.004 1.0428 1.031 1.043 1.0231 1.0423 1.0192 1.0328 
1.0048 1.0127 1.0223 1.0304 1.0388 1.0199 1.0125 1.0214 1.0036 1.0481 
1.0026 1.0383 1.0433 1.0419 1.0046 1.0103 1.0208 1.0418 1.0111 1.0197 
1.0273 1.0251 1.0107 1.0443 1.0273 1.0303 1.031 1.0478 1.0399 1.0107 
1.0229 1.0208 1.0189 1.0339 1.0145 1.0428 1.0482 1.0339 1.0361 1.0067 
1.0014 1.0224 1.0037 1.028 1.008 1.0384 1.0117 1.0021 1.0351 1.008 
1.0478 1.0112 1.0124 1.0112 1.0079 1.0426 1.0495 1.0232 1.0266 1.0207 
1.0244 1.0134 1 1.0254 1.0424 1.0493 1.0146 1.0224 1.0484 1.0372 
1.0266 1.0443 1.0213 1.0037 1.0321 1.0051 1.0353 1.0256 1.029 1.0017 
1.0217 1.0046 1.0159 1.0202 1.0199 1.0095 1.0095 1.0286 1.0369 1.0272 
1.0132 1.0453 1.0379 1.0325 1.0201 1.0338 1.0134 1.0066 1.0138 1.0306 
1.0433 1.0371 1.0243 1.0323 1.0385 1.0481 1.0014 1.0318 1.0179 1.0123 
1.0333 1.0102 1.0389 1.0221 1.0368 1.0451 1.0433 1.0156 1.0246 1.0061 
1.004 1.0058 1.0154 1.0324 1.0475 1.0231 1.0012 1.0379 1.0142 1.0156 
1.0169 1.0295 1.0394 1.0407 1.0143 1.0003 1.0493 1.0267 1.0049 1.0407 
1.0171 1.0429 1.0302 1.0213 1.0091 1.0052 1.0184 1.0114 1.0018 1.0141 
1.0182 1.018 1.0488 1.0074 1.0218 1.0163 1.0193 1.026 1.0025 1.049 
1.0109 1.033 1.0084 1.0316 1.0187 1.014 1.0304 1.0239 1.0337 1.0312 
1.0456 1.0412 1.0269 1.0351 1.0397 1.0335 1.0492 1.0067 1.0018 1.0417 
1.0172 1.0364 1.0158 1.0119 1.0368 1.0009 1.0271 1.0052 1.0448 1.0284 
1.0316 1.0367 1.0138 1.0273 1.0325 1.0494 1.0155 1.0462 1.0009 1.0067 
1.0395 1.0182 1.0368 1.0165 1.0436 1.0188 1.0302 1.0106 1.0364 1.0071 
1.008 1.0122 1.0132 1.0028 1.0218 1.0009 1.0208 1.0202 1.0092 1.0073 
1.0217 1.0104 1.0213 1.0058 1.0242 1.0443 1.0169 1.0428 1.0434 1.0462 
1.0258 1.0179 1.0281 1.0188 1.0213 1.0468 1.0393 1.0009 1.0186 1.0286 
1.0154 1.0447 1.0445 1.0426 1.0397 1.0302 1.0354 1.014 1.0213 1.0001 
1.0331 1.0011 1.0232 1.0215 1.0421 1.0267 1.0269 1.0382 1.0492 1.0448 
1.0149 1.0351 1.0267 1.0154 1.0019 1.0447 1.0324 1.0159 1.0383 1.02 
1.0127 1.0489 1.0451 1.0123 1.0021 1.0333 1.0021 1.0244 1.0238 1.0078 
1.0495 1.0066 1.0163 1.0226 1.0016 1.0238 1.043 1.0049 1.0278 1.0406 
1.0467 1.0392 1.0252 1.0306 1.02 1.0389 1.0274 1.0429 1.0291 1.028 
1.0175 1.042 1.0458 1.0213 1.0482 1.0303 1.0048 1.001 1.0048 1.0149 
1.0026 1.0316 1.0001 1.0334 1.04 1.0473 1.0349 1.0059 1.0413 1.0046 
1.0433 1.0409 1.04 1.0366 1.0182 1.0198 1.0205 1.0436 1.0349 1.0341 
1.0112 1.0141 1.006 1.0214 1.0192 1.0275 1.0384 1.0308 1.0366 1.0435 
1.0315 1.043 1.009 1.0234 1.016 1.0356 1.0186 1.0086 1.0268 1.0156 
1.0259 1.0052 1.0343 1.0333 1.0165 1.0179 1.0404 1.0291 1.0111 1.0467 
1.0225 1.0007 1.0309 1.0254 1.0123 1.006 1.0091 1.0415 1.0432 1.0465 
1.0147 1.005 1.0182 1.0469 1.0483 1.026 1.0003 1.0193 1.0229 1.0059 
1.0137 1.0237 1.0034 1.0484 1.0488 1.0394 1.0464 1.041 1.0137 1.0313 
1.046 1.047 1.0022 1.026 1.0276 1.0441 1.0435 1.0129 1.0101 1.0457 
1.0079 1.0415 1.0359 1.0268 1.0264 1.0305 1.0007 1.0245 1.0203 1.0484 
1.0069 1.0197 1.0271 1.0436 1.006 1.0109 1.0487 1.0422 1.0335 1.0341 
1.043 1.0385 1.0049 1.0124 1.0231 1.0011 1.0467 1.0185 1.0398 1.0253 
1.0381 1.0381 1.0381 1.0109 1.0106 1.0309 1.047 1.021 1.0415 1.0395 
1.0108 1.0145 1.0347 1.0272 1.0083 1.0319 1.0372 1.0281 1.0369 1.0259 
1.0145 1.0022 1.0319 1.009 1.0087 1.0426 1.0021 1.0216 1.0476 1.0277 
1.0093 1.046 1.0038 1.0214 1.0337 1.0311 1.0324 1.0057 1.0499 1.0045 
1.014 1.0264 1.0437 1.0172 1.0301 1.0292 1.0437 1.0109 1.0185 1.0042 
1.0302 1.0056 1.0398 1.001 1.0095 1.0404 1.0496 1.0492 1.0199 1.0143 
1.0422 1.0478 1.0238 1.0439 1.0434 1.0446 1.0052 1.0329 1.0246 1.0436 
1.0004 1.0169 1.0364 1.0065 1.0318 1.0338 1.0004 1 1.0292 1.0227 
1.0433 1.0253 1.0129 1.0278 1.0357 1.0097 1.011 1.0304 1.0454 1.0094 
1.0214 1.0373 1.0025 1.0284 1.0233 1.0342 1.0072 1.0075 1.0305 1.0284 
1.0238 1.0373 1 1.037 1.0453 1.0058 1.0324 1.003 1.0057 1.0146 
1.006 1.0252 1.0263 1.0394 1.0066 1.0432 1.0424 1.0043 1.0474 1.0353 
1.0047 1.032 1.0422 1.0261 1.0373 1.0427 1.0305 1.0211 1.0012 1.0062 
1.0285 1.0071 1.0465 1.0229 1.0456 1.0061 1.0022 1.0194 1.0327 1.0376 
1.0498 1.048 1.025 1.0228 1.0039 1.0065 1.047 1.0106 1.033 1.0112 
1.0048 1.0115 1.0349 1.0146 1.0086 1.0244 1.0118 1.0142 1.0171 1.0056 
1.0422 1.045 1.0283 1.0434 1.046 1.0404 1.04 1.0153 1.0098 1.0243 
1.0446 1.0317 1.0361 1.0491 1.0322 1.036 1.0341 1.0254 1.0141 1.0432 
1.0139 1.0339 1.0259 1.0315 1.0147 1.0167 1.0342 1.0301 1.0476 1.0171 
1.0107 1.0276 1.0258 1.0101 1.0304 1.0394 1.0049 1.0302 1.0383 1.0182 
1.0195 1.0127 1.0138 1.014 1.0044 1.0366 1.0063 1.0278 1.0197 1.0032 
1.0482 1.0319 1.0211 1.0193 1.0053 1.0336 1.0176 1.01 1.0003 1.0224 
1.0263 1.0488 1.0108 1.0236 1.0388 1.0333 1.0188 1.0282 1.0198 1.0027 
1.0213 1.0149 1.004 1.0355 1.0267 1.0409 1.0317 1.0103 1.025 1.0045 
1.0083 1.0129 1.0306 1.0022 1.0311 1.045 1.0098 1.0258 1.0158 1.0049 
1.0021 1.0117 1.0163 1.0038 1.0266 1.0458 1.0432 1.0015 1.045 1.0242 
1.0398 1.0186 1.0492 1.048 1.0309 1.0323 1.0372 1.0233 1.0242 1.0396 
1.0218 1.0414 1.0495 1.0355 1.01 1.0306 1.0497 1.0318 1.0123 1.0089 
1.0224 1.0166 1.0219 1.0129 1.0424 1.0268 1.0394 1.0397 1.019 1.0171 
1.0283 1.0231 1.0045 1.016 1.0305 1.0498 1.0162 1.0278 1.0133 1.0031 
1.0485 1.0215 1.0292 1.0303 1.0305 1.041 1.0189 1.005 1.0162 1.0313 
1.0416 1.0266 1.0026 1.0062 1.0366 1.0183 1.0359 1.04 1.0328 1.0466 
1.0178 1.0141 1.0482 1.0212 1.0062 1.0029 1.0071 1.0252 1.0439 1.009 
1.0103 1.0303 1.0041 1.0458 1.0088 1.0055 1.0174 1.008 1.0377 1.0374 
1.0298 1.0114 1.0448 1.0152 1.0128 1.0131 1.0101 1.0051 1.0378 1.0352 
1.0463 1.0439 1.0128 1.0457 1.002 1.0497 1.0243 1.0413 1.0424 1.0456 
1.0464 1.0013 1.0242 1.0326 1.0238 1.0101 1.0477 1.0478 1.0404 1.0072 
1.0035 1.0246 1.0498 1.0211 1.0055 1.0076 1.0346 1.0187 1.0205 1.0318 
1.0494 1.005 1.0184 1.0355 1.0257 1.0198 1.024 1.0478 1.0443 1.0364 
1.0328 1.0213 1.0277 1.0388 1.0185 1.0418 1.0004 1.0322 1.0123 1.0005 
1.032 1.0409 1.0015 1.0179 1.0148 1.0058 1.0063 1.0221 1.0177 1.0399 
1.0366 1.0307 1.0052 1.0188 1.0399 1.0378 1.0423 1.0369 1.0395 1.002 
1.0118 1.0473 1.02 1.0127 1.033 1.0443 1.0173 1.025 1.0099 1.0496 
1.0483 1.0299 1.0195 1.0004 1.0239 1.046 1.0006 1.0348 1.0013 1.0271 
1.0331 1.0287 1.0447 1.0227 1.0226 1.0431 1.0307 1.0369 1.0044 1.029 
1.018 1.0102 1.0324 1.007 1.0052 1.0159 1.0095 1.0026 1.0157 1.0263 
1.0115 1.0342 1.0233 1.0184 1.0443 1.0121 1.0336 1.0493 1.0158 1.0276 
1.0084 1.0302 1.0005 1.0258 1.0417 1.0292 1.0258 1.041 1.04 1.0347 
1.0142 1.0169 1.036 1.0017 1.0413 1.0449 1.0115 1.0268 1.0225 1.0104 
1.0158 1.0215 1.0208 1.0209 1.034 1.0413 1.0306 1.018 1.0313 1.0191 
1.0258 1.0008 1.0134 1.0087 1.0075 1.0342 1.0151 1.0264 1.0255 1.0031 
1.0391 1.0296 1.0299 1.0102 1.0411 1.0063 1.0106 1.0411 1.0449 1.0039 
1.0086 1.0231 1.0175 1.0137 1.017 1.0021 1.0101 1.0397 1.0131 1.0184 
1.0044 1.0276 1.0325 1.0246 1.0315 1.0057 1.0402 1.0149 1.0469 1.025 
1.0156 1.0468 1.0052 1.0129 1.0238 1.0036 1.018 1.0391 1.0221 1.0027 
1.0068 1.0018 1.0032 1.0113 1.0278 1.0177 1.009 1.0169 1.0496 1.0012 
1.0053 1.0259 1.0117 1.0019 1.0443 1.0127 1.034 1.0108 1.0292 1.0448 
1.0261 1.0135 1.0235 1.0062 1.041 1.0381 1.0166 1.0004 1.0424 1.0422 
1.0107 1.0303 1.0078 1.0147 1.0325 1.0311 1.0244 1.0224 1.0422 1.0015 
1.01 1.0063 1.0122 1.0379 1.0457 1.0033 1.0295 1.0327 1.0177 1.0261 
1.0271 1.0359 1.0393 1.0114 1.0327 1.0461 1.0286 1.0088 1.0009 1.0462 
1.0038 1.0394 1.0248 1.0049 1.0039 1.0366 1.0251 1.0005 1.0227 1.0013 
1.0151 1.0189 1.0245 1.0245 1.0369 1.0445 1.0431 1.0176 1.0131 1.0258 
1.0281 1.0303 1.0077 1.0354 1.0069 1.0195 1.0368 1.0013 1.0023 1.0178 
1.0406 1.045 1.0059 1.0354 1.0193 1.001 1.0108 1.0201 1.0004 1.0226 
1.0019 1.0324 1.0166 1.006 1.0484 1.0486 1.0006 1.0173 1.0013 1.0187 
1.0066 1.0032 1.0169 1.0342 1.04 1.0292 1.0438 1.0162 1.0394 1.0373 
1.0222 1.0276 1.0177 1.0128 1.0198 1.0162 1.0088 1.047 1.016 1.0182 
1.0498 1.0396 1.0355 1.025 1.0381 1.0232 1.0233 1.0338 1.0265 1.0398 
1.0116 1.0279 1.0012 1.0068 1.038 1.0255 1.0375 1.0154 1.0252 1.038 
1.0041 1.0095 1.0238 1.0397 1.0162 1.0044 1.004 1.0455 1.0183 1.0181 
1.0133 1.0496 1.0396 1.0053 1.004 1.039 1.0118 1.0045 1.0359 1.0318 
1.029 1.0346 1.003 1.0279 1.0249 1.0219 1.0211 1.0077 1.0158 1.0272 
1.0206 1.0256 1.0205 1.0037 1.0256 1.0058 1.0077 1.0061 1.0345 1.0448 
1.0253 1.0399 1.018 1.0492 1.0274 1.0322 1.0358 1.046 1.0456 1.0111 
1.0023 1.0369 1.0173 1.0091 1.0451 1.0291 1.0158 1.0109 1.0249 1.0468 
1.0048 1.0098 1.0368 1.0279 1.0222 1.0296 1.0448 1.013 1.0426 1.0236 
1.0476 1.0401 1.0209 1.0079 1.0055 1.0481 1.0459 1.0215 1.0195 1.0453 
1.011 1.0241 1.0176 1.0132 1.0294 1.0098 1.0447 1.0231 1.0377 1.0366 
1.0339 1.0356 1.0099 1.0436 1.0216 1.0212 1.0421 1.0204 1.0277 1.0217 
1.0125 1.0173 1.0241 1.0154 1.0297 1.0255 1.023 1.0167 1.0193 1.0399 
1.0082 1.0404 1.0362 1.0252 1.0027 1.037 1.0141 1.0415 1.0297 1.0328 
1.0487 1.0086 1.0117 1.0026 1.0042 1.0014 1.0095 1.0363 1.0032 1.006 
1.0428 1.0315 1.0343 1.0364 1.0089 1.0288 1.0324 1.0353 1.0469 1.0451 
1.0235 1.0324 1.0489 1.0197 1.0091 1.0232 1.0076 1.0079 1.0258 1.0477 
1.0117 1.0085 1.006 1.01 1.0206 1.0225 1.0361 1.0107 1.0068 1.0156 
1.0084 1.0206 1.018 1.0385 1.0426 1.0456 1.034 1.0267 1.0466 1.0377 
1.029 1.0427 1.0257 1.0396 1.0493 1.0225 1.0277 1.0237 1.031 1.0183 
1.0334 1.011 1.0432 1.0354 1.0073 1.0013 1.0059 1.013 1.0221 1.0148 
1.0493 1.0488 1.0206 1.0412 1.0302 1.0278 1.0439 1.0415 1.0222 1.0061 
1.0195 1.0033 1.0276 1.0121 1.0416 1.0072 1.0345 1.019 1.0428 1.0327 
1.0277 1.0231 1.0307 1.0184 1.0442 1.0496 1.0296 1.0398 1.0347 1.0344 
1.0232 1.0189 1.0246 1.037 1.0124 1.0259 1.0085 1.0078 1.0163 1.0091 
1.0137 1.0188 1.0083 1.026 1.0261 1.0449 1.0082 1.0464 1.017 1.0379 
1.0188 1.0261 1.0283 1.027 1.0299 1.0032 1.0218 1.0218 1.0371 1.0328 
1.0303 1.0131 1.0259 1.0366 1.0236 1.009 1.0364 1.0027 1.0346 1.0494 
1.0324 1.0225 1.0364 1.0279 1.007 1.0001 1.0337 1.0022 1.0076 1.0268 
1.0267 1.0117 1.0033 1.0108 1.0153 1.0008 1.0412 1.0034 1.0009 1.0004 
1.0232 1.0386 1.0414 1.0487 1.0346 1.0239 1.0119 1.0249 1.0084 1.0231 
1.0425 1.0197 1.0404 1.0105 1.0085 1.0439 1.016 1.0205 1.0122 1.0184 
1.0166 1.0103 1.0309 1.001 1.0003 1.0405 1.0242 1.0278 1.0432 1.0458 
1.0434 1.0419 1.0185 1.0351 1.0193 1.0265 1.0022 1.0147 1.0386 1.0258 
1.0242 1.0161 1.0453 1.0287 1.0293 1.0246 1.0356 1.0118 1.0153 1.0288 
1.0289 1.0135 1.0373 1.0139 1.0411 1.0009 1.0006 1.0385 1.0423 1.0179 
1.0161 1.0191 1.0022 1.0302 1.0365 1.0042 1.0176 1.0316 1.0261 1.0391 
1.0438 1.0073 1.0161 1.0339 1.0282 1.0257 1.0101 1.041 1.0447 1.0118 
1.0253 1.017 1.0005 1.004 1.0127 1.0198 1.0026 1.0342 1.0246 1.0327 
1.0099 1.0435 1.0049 1.0243 1.0208 1.0305 1.0472 1.0248 1.019 1.0116 
1.0488 1.0087 1.035 1.0462 1.046 1.0258 1.0362 1.0098 1.0455 1.0315 
1.0191 1.0443 1.0461 1.0274 1.0223 1.049 1.0114 1.0493 1.005 1.0318 
1.0064 1.0474 1.046 1.0466 1.0295 1.0472 1.0301 1.0393 1.0305 1.0493 
1.0319 1.0106 1.0344 1.0239 1.0071 1.0238 1.0129 1.0414 1.0126 1.0158 
1.0091 1.0266 1.0139 1.0247 1.0107 1.0262 1.0158 1.0005 1.0464 1.0284 
1.025 1.002 1.0326 1.0109 1.0418 1.0085 1.0047 1.0127 1.0017 1.034 
1.0266 1.0073 1.0404 1.0153 1.022 1.0435 1.0457 1.0293 1.0487 1.0075 
1.0001 1.0017 1.0068 1.0187 1.044 1.0429 1.0392 1.026 1.0312 1.0302 
1.0259 1.0022 1.0071 1.0344 1.027 1.0181 1.0482 1.0372 1.0437 1.0076 
1.0015 1.0201 1.0086 1.0484 1.0077 1.0285 1.0151 1.0419 1.0003 1.0025 
1.0186 1.0208 1.0237 1.0148 1.0324 1.0086 1.0193 1.023 1.0081 1.0401 
1.0213 1.022 1.0294 1.0477 1.0096 1.0267 1.0462 1.0446 1.0112 1.0493 
1.0241 1.0002 1.0291 1.0373 1.0293 1.0493 1.0029 1.0227 1.0195 1.0286 
1.0381 1.0452 1.021 1.0055 1.011 1.0487 1.0278 1.0162 1.0364 1.0403 
1.0001 1.0357 1.0378 1.0099 1.0348 1.0071 1.0282 1.0272 1.034 1.0128 
1.0363 1.0082 1.0291 1.0283 1.0019 1.0034 1.0051 1.0105 1.0405 1.013 
1.0319 1.0485 1.01 1.0329 1.0375 1.0322 1.0117 1.0128 1.0102 1.0397 
1.0061 1.0049 1.0115 1.0463 1.0151 1.0171 1.0383 1.0045 1.0492 1.0459 
1.0098 1.0418 1.0476 1.0234 1.0295 1.0109 1.0008 1.0403 1.0089 1.0328 
1.0177 1.0306 1.0243 1.012 1.0148 1.0028 1.033 1.0454 1.0082 1.0365 
1.0113 1.0229 1.0033 1.0312 1.0185 1.0365 1.0363 1.0097 1.0306 1.0063 
1.0035 1.0169 1.0106 1.005 1.0322 1.0169 1.0213 1.0061 1.0481 1.0048 
1.0233 1.037 1.0304 1.0031 1.0367 1.0111 1.0116 1.0198 1.0357 1.0203 
1.0316 1.0381 1.0377 1.0111 1.024 1.011 1.007 1.0137 1.0371 1.0001 
1.0313 1.014 1.0055 1.0321 1.0491 1.0454 1.019 1.0072 1.0221 1.0071 
1.0296 1.0278 1.0376 1.0479 1.0038 1.0474 1.0343 1.0301 1.0237 1.0262 
1.0001 1.0216 1.0191 1.0324 1.0179 1.0455 1.0209 1.0213 1.0229 1.0396 
1.0322 1.0361 1.0208 1.011 1.0139 1.0183 1.0017 1.0335 1.0464 1.0286 
1.0211 1.0459 1.0221 1.0284 1.001 1.0138 1.0424 1.0034 1.0467 1.0084 
1.015 1.0493 1.0442 1.0219 1.0301 1.0271 1.0251 1.0256 1.0145 1.0164 
1.042 1.0494 1.0353 1.0195 1.0351 1.0495 1.048 1.0264 1.0012 1.0133 
1.0283 1.0352 1.022 1.0128 1.0433 1.0231 1.0192 1.0032 1.0494 1.0236 
1.0323 1.0042 1.0404 1.0437 1.0193 1.0098 1.0063 1.0457 1.0006 1.0096 
1.0195 1.032 1.0034 1.0019 1.0428 1.0338 1.0246 1.0404 1.0213 1.0151 
1.0404 1.0255 1.0043 1.0236 1.0106 1.0407 1.0212 1.0397 1.0112 1.0385 
1.0071 1.0298 1.0139 1.0076 1.0455 1.0492 1.006 1.0318 1.0388 1.0082 
1.0142 1.0209 1.0344 1.0348 1.0027 1.0026 1.023 1.0126 1.0113 1.0029 
1.0115 1.0244 1.0453 1.0383 1.0202 1.0068 1.0339 1.0173 1.0281 1.034 
1.0492 1.0389 1.0004 1.0139 1.0395 1.0474 1.0362 1.0062 1.0257 1.0043 
1.0474 1.0471 1.0237 1.0452 1.0252 1.0192 1.0151 1.0344 1.0271 1.0056 
1.0193 1.0254 1.0065 1.0487 1.0483 1.0163 1.0165 1.0172 1.0137 1.0455 
1.0005 1.0196 1.0186 1.024 1.0396 1.01 1.0019 1.0143 1.0397 1.0129 
1.0255 1.0404 1.0045 1.0447 1.0385 1.0033 1.0486 1.0412 1.033 1.0037 
1.0016 1.0319 1.0368 1.0242 1.0388 1.0137 1.0454 1.0016 1.0207 1.0066 
1.0206 1.0408 1.0119 1.0107 1.0348 1.037 1.0144 1.0187 1.0156 1.0077 
1.0402 1.0223 1.0197 1.0307 1.0314 1.0458 1.0364 1.0279 1.0486 1.0041 
1.0249 1.0405 1.0257 1.0232 1.0007 1.0119 1.0315 1.0261 1.0354 1.033 
1.0317 1.0432 1.0428 1.0303 1.0036 1.0335 1.0229 1.0178 1.0168 1.0099 
1.0396 1.0422 1.0462 1.0415 1.0221 1.039 1.0089 1.0381 1.0164 1.0372 
1.0101 1.0494 1.0458 1.0484 1.0041 1.0377 1.0195 1.0287 1.0415 1.0203 
1.0271 1.0497 1.0246 1.011 1.0405 1.0263 1.0307 1.0379 1.0181 1.0373 
1.0143 1.0464 1.0317 1.0447 1.0468 1.009 1.0366 1.0298 1.0361 1.0091 
1.0031 1.0378 1.0087 1.0196 1.0074 1.0082 1.0209 1.0428 1.023 1.0075 
1.0236 1.0388 1.043 1.0144 1.0336 1.0402 1.0452 1.0265 1.0393 1.0356 
1.012 1.0095 1.0038 1.0071 1.0173 1.0004 1.0018 1.0479 1.0236 1.0411 
1.0219 1.0052 1.0084 1.0486 1.0107 1.0113 1.035 1.0474 1.0357 1.0057 
1.0362 1.0395 1.0161 1.0283 1.0313 1.0137 1.0115 1.0042 1.0333 1.0441 
1.0126 1.0389 1.0329 1.0488 1.0344 1.0439 1.0474 1.0065 1.0084 1.0054 
1.0499 1.0345 1.047 1.0461 1.0231 1.0236 1.0198 1.0063 1.0332 1.0173 
1.0336 1.0326 1.0322 1.0314 1.0483 1.0437 1.0309 1.011 1.0208 1.0153 
1.0296 1.0275 1.0245 1.0414 1.0122 1.0199 1.0309 1.0444 1.0138 1.0257 
1.0047 1.0368 1.0227 1.0184 1.0251 1.0209 1.0328 1.0056 1.0304 1.0138 
1.0134 1.0195 1.0058 1.0497 1.0253 1.0486 1.0437 1.0404 1.0103 1.0132 
1.0227 1.0092 1.0037 1.0103 1.0435 1.0215 1.0214 1.0114 1.0207 1.0463 
1.0071 1.0293 1.0195 1.0283 1.0484 1.0319 1.0186 1.0044 1.0143 1.0457 
1.0007 1.0008 1.027 1.006 1.0424 1.0489 1.0321 1.0181 1.0328 1.0322 
1.0478 1.0078 1.0075 1.0106 1.02 1.038 1.0447 1.0085 1.035 1.0119 
1.0368 1.0494 1.0428 1.0274 1.0187 1.0478 1.0238 1.0307 1.0422 1.0482 
1.0464 1.034 1.0338 1.0087 1.0286 1.0488 1.0394 1.0187 1.0101 1.0292 
1.0207 1.0406 1.0281 1.0294 1.0145 1.0139 1.0413 1.0451 1.0246 1.0359 
1.0408 1.0071 1.0344 1.0004 1.0241 1.0381 1.0359 1.0134 1.0289 1.0012 
1.0399 1.0396 1.0491 1.0494 1.0159 1.0439 1.0324 1.0006 1.0415 1.0366 
1.0153 1.0367 1.0427 1.0381 1.0462 1.009 1.0389 1.0295 1.002 1.0012 
1.0167 1.049 1.0065 1.033 1.0248 1.0114 1.0062 1.0189 1.0421 1.0321 
1.0465 1.0266 1.0046 1.0389 1.0444 1.0021 1.0011 1.0098 1.0362 1.0075 
1.0496 1.0266 1.0253 1.0234 1.032 1.005 1.0104 1.0052 1.0013 1.0143 
1.0045 1.0147 1.0455 1.0169 1.0097 1.0028 1.0448 1.0146 1.0391 1.0157 
1.0254 1.0078 1.0266 1.0368 1.0351 1.0494 1.0187 1.0181 1.0073 1.0218 
1.0011 1.0159 1.0132 1.0019 1.0393 1.018 1.0053 1.0261 1.0014 1.0266 
1.002 1.041 1.0496 1.0256 1.0225 1.0204 1.0149 1.0228 1.0103 1.0347 
1.0212 1.006 1.0117 1.0061 1.0453 1.0124 1.0057 1.0097 1.0337 1.0088 
1.047 1.019 1.0375 1.0262 1.038 1.0222 1.0245 1.031 1.0471 1.0443 
1.021 1.0252 1.0396 1.0252 1.033 1.0162 1.0307 1.0375 1.0123 1.0035 
1.0129 1.0126 1.0153 1.0099 1.044 1.0435 1.042 1.0376 1.0201 1.0124 
1.0224 1.0472 1.0161 1.0255 1.0498 1.032 1.0016 1.0362 1.0465 1.0348 
1.0093 1.0031 1.0467 1.034 1.019 1.0486 1.0217 1.0275 1.0094 1.0115 
1.0328 1.0021 1.0236 1.0353 1.013 1.0058 1.0259 1.0211 1.0129 1.0401 
1.0306 1.0123 1.0361 1.0222 1.0015 1.0464 1.0416 1.0272 1.0143 1.0428 
1.0425 1.0406 1.0276 1.0077 1.0393 1.0324 1.0205 1.0159 1.0046 1.0389 
1.0428 1.0095 1.0137 1.0262 1.0117 1.0027 1.0471 1.0341 1.0323 1.0177 
1.037 1.0479 1.0457 1.03 1.0245 1.0006 1.0343 1.0145 1.0301 1.0332 
1.0353 1.0495 1.0445 1.0448 1.0319 1.0141 1.0232 1.047 1.0269 1.0211 
1.0422 1.0153 1.0057 1.0031 1.0021 1.0338 1.0031 1.0409 1.0489 1.024 
1.0484 1.0202 1.0037 1.0162 1.0494 1.0329 1.0319 1.0184 1.033 1.0206 
1.0193 1.0446 1.0031 1.0407 1.0294 1.029 1.0163 1.0096 1.0293 1.008 
1.0004 1.0011 1.0128 1.0066 1.01 1.0256 1.0247 1.0028 1.022 1.0085 
1.0442 1.0362 1.0233 1.0393 1.0085 1.0469 1.0012 1.0042 1.0242 1.02 
1.0264 1.0332 1.0124 1.0263 1.0085 1.0096 1.049 1.0403 1.0387 1.0125 
1.0446 1.0159 1.0248 1.0122 1.0199 1.0286 1.0086 1.0376 1.0453 1.0422 
1.0256 1.0174 1.0075 1.024 1.0007 1.001 1.0337 1.0389 1.0168 1.0001 
1.016 1.0153 1.0412 1.0286 1.0298 1.0471 1.0446 1.0263 1.0467 1.0344 
1.0212 1.0457 1.0164 1.0214 1.0437 1.0036 1.0121 1.0319 1.0183 1.0278 
1.0106 1.027 1.0432 1.0384 1.0045 1.0491 1.0345 1.0054 1.0183 1.0218 
1.0373 1.036 1.0396 1.0425 1.0379 1.0376 1.0216 1.0493 1.0303 1.0463 
1.0175 1.0057 1.0302 1.0166 1.0019 1.0259 1.0228 1.0406 1.0057 1.0026 
1.0234 1.0423 1.0006 1.0365 1.01 1.0424 1.0258 1.0384 1.0196 1.0335 
1.011 1.0452 1.0064 1.027 1.0221 1.0122 1.0212 1.0223 1.0476 1.0454 
1.0136 1.0252 1.0444 1.0338 1.0424 1.007 1.0416 1.0308 1.0068 1.0079 
1.0191 1.0387 1.0455 1.0321 1.0052 1.0003 1.0099 1.0393 1.034 1.0242 
1.0451 1.0212 1.0402 1.0055 1.02 1.0044 1.0429 1.0401 1.0296 1.049 
1.0244 1.0287 1.0411 1.0311 1.0156 1.037 1.0255 1.0065 1.0053 1.031 
1.0199 1.0331 1.035 1.027 1.0203 1.0327 1.021 1.0447 1.033 1.0087 
1.0094 1.0076 1.0071 1.0154 1.0247 1.0299 1.0266 1.0421 1.0455 1.0037 
1.0494 1.0153 1.005 1.0354 1.0195 1.0015 1.0109 1.0423 1.011 1.0393 
1.0304 1.0289 1.0078 1.0134 1.0116 1.0395 1.0278 1.0306 1.0275 1.0431 
1.018 1.0462 1.0039 1.0213 1.0228 1.0375 1.0129 1.0387 1.0001 1.0069 
1.0487 1.0196 1.0239 1.0233 1.0492 1.0291 1.0002 1.0168 1.0046 1.0151 
1.0214 1.0272 1.0263 1.0433 1.0495 1.0353 1.0016 1.0369 1.0315 1.0165 
1.0412 1.0493 1.0098 1.0171 1.0217 1.037 1.0465 1.0398 1.0328 1.0028 
1.0438 1.0084 1.0161 1.0392 1.0175 1.0329 1.0264 1.0472 1.0141 1.0038 
1.0427 1.0331 1.0466 1.0302 1.0468 1.047 1.0494 1.0315 1.0063 1.035 
1.0163 1.016 1.0079 1.0106 1.0019 1.0294 1.0275 1.0115 1.0003 1.0096 
1.0064 1.047 1.0401 1.0491 1.0329 1.003 1.0049 1.0317 1.0128 1.0271 
1.0479 1.0018 1.0463 1.0091 1.0371 1.0089 1.0482 1.0363 1.0375 1.0009 
1.0215 1.022 1.0273 1.0323 1.0105 1.0014 1.0172 1.0105 1.0149 1.0172 
1.0397 1.0347 1.0281 1.0393 1.0433 1.0277 1.006 1.0366 1.0053 1.0386 
1.0443 1.0302 1.0105 1.0195 1.0048 1.0215 1.0341 1.0055 1.02 1.0313 
1.0497 1.035 1.0345 1.0375 1.0006 1.0499 1.0418 1.0196 1.0077 1.0274 
1.0223 1.008 1.0416 1.0345 1.0328 1.0249 1.0175 1.0055 1.01 1.0008 
1.0217 1.0035 1.0169 1.0143 1.0434 1.039 1.0021 1.0302 1.0231 1.0431 
1.0388 1.0256 1.0208 1.0218 1.0381 1.0405 1.0362 1.0343 1.0207 1.037 
1.0241 1.0164 1.0061 1.0037 1.0467 1.013 1.0383 1.0457 1.0218 1.0131 
1.0218 1.0452 1.0278 1.0076 1.0329 1.0415 1.0335 1.001 1.0206 1.0341 
1.0466 1.0262 1.0373 1.0132 1.0381 1.0117 1.0128 1.0213 1.0284 1.0055 
1.0098 1.0254 1.0465 1.0068 1.0479 1.0089 1.0063 1.048 1.0423 1.0478 
1.0215 1.0047 1.0326 1.0081 1.0351 1.0366 1.0049 1.0169 1.0271 1.0231 
1.0376 1.044 1.0181 1.0367 1.0083 1.0349 1.0448 1.0284 1.014 1.009 
1.032 1.0416 1.0212 1.0305 1.0304 1.024 1.0473 1.0137 1.0428 1.0025 
1.0061 1.0472 1.0341 1.0199 1.0321 1.0096 1.0418 1.0303 1.0016 1.0267 
1.0195 1.0353 1.0017 1.0095 1.0153 1.0414 1.001 1.0354 1.0328 1.0078 
1.019 1.0217 1.016 1.0445 1.0306 1.0215 1.0375 1.0062 1.0023 1.0237 
1.0121 1.0437 1.0472 1.0103 1.0029 1.0446 1.0349 1.0353 1.0407 1.037 
1.0286 1.0499 1.0083 1.0105 1.0066 1.0118 1.0261 1.0079 1.0282 1.0296 
1.0466 1.0359 1.0231 1.0358 1.0433 1.0046 1.0235 1.018 1.0049 1.0146 
1.029 1.026 1.0378 1.043 1.0395 1.0271 1.0002 1.0343 1.0472 1.006 
1.0351 1.032 1.048 1.043 1.0202 1.0446 1.0479 1.0245 1.0098 1.0119 
1.0019 1.0059 1.0365 1.038 1.0198 1.0165 1.0146 1.0132 1.0382 1.0363 
1.0187 1.0227 1.0416 1.0004 1.0113 1.007 1.0172 1.0147 1.001 1.0341 
1.0465 1.0045 1.0226 1.0223 1.0048 1.0128 1.0309 1.046 1.0321 1.0027 
1.0127 1.0369 1.0282 1.0067 1.025 1.0284 1.0242 1.0141 1.0172 1.0426 
1.0269 1.047 1.0477 1.0273 1.0262 1.0079 1.0339 1.0393 1.001 1.0337 
1.0054 1.0081 1.0087 1.0487 1.0379 1.0494 1.0043 1.0129 1.0451 1.0196 
1.021 1.0405 1.0417 1.0406 1.0157 1.0444 1.0172 1.0215 1.0197 1.0412 
1.0102 1.0464 1.0247 1.0403 1.0094 1.0376 1.0405 1.0254 1.0483 1.0317 
1.018 1.0019 1.0432 1.0405 1.0048 1.0223 1.0067 1.0289 1.0349 1.024 
1.0237 1.0361 1.0412 1.0475 1.0016 1.0152 1.0333 1.0085 1.0404 1.0442 
1.0414 1.0488 1.009 1.0095 1.0464 1.0071 1.0238 1.0397 1.0331 1.0381 
1.0143 1.004 1.0252 1.027 1.0196 1.0313 1.0271 1.0174 1.0185 1.0345 
1.0451 1.0203 1.0226 1.0091 1.0209 1.0381 1.0307 1.0113 1.0331 1.0088 
1.0046 1.0463 1.012 1.0466 1.0272 1.0173 1.0203 1.0118 1.0438 1.0015 
1.005 1.0468 1.0291 1.0301 1.0197 1.0241 1.0189 1.0231 1.0128 1.0145 
1.027 1.0477 1.0127 1.0332 1.0307 1.0487 1.0299 1.0422 1.0119 1.0265 
1.0001 1.0319 1.0417 1.0405 1.0333 1.033 1.0389 1.0441 1.0314 1.0459 
1.0406 1.0178 1.0249 1.0106 1.0308 1.0153 1.0283 1.0286 1.0244 1.0053 
1.0207 1.0263 1.0265 1.0009 1.0295 1.0108 1.0124 1.0272 1.0361 1.002 
1.0115 1.0234 1.0297 1.0151 1.0397 1.0121 1.0248 1.0183 1.0089 1.0376 
1.0476 1.0444 1.0181 1.0226 1.0099 1.0008 1.0214 1.0459 1.011 1.0259 
1.0021 1.0294 1.0312 1.0111 1.0291 1.0114 1.0165 1.0051 1.0344 1.0402 
1.0022 1.0213 1.0172 1.0122 1.0233 1.0156 1.0392 1.0093 1.0009 1.0483 
1.0391 1.004 1.0202 1.0227 1.0096 1.016 1.0186 1.0275 1.0436 1.0395 
1.0146 1.0485 1.0399 1.0203 1.0463 1.0284 1.0071 1.0007 1.0051 1.0416 
1.016 1.0226 1.0128 1.0126 1.0037 1.0145 1.0427 1.0213 1.0291 1.0032 
1.0244 1.0072 1.026 1.0036 1.037 1.0433 1.0203 1.0212 1.0113 1.0088 
1.0042 1.0145 1.0155 1.0328 1.0086 1.015 1.0128 1.0339 1.0007 1.0412 
1.0095 1.0429 1.0287 1.0287 1.0006 1.0271 1.0099 1.0293 1.0361 1.0368 
1.0317 1.0043 1.003 1.0147 1.0032 1.028 1.0389 1.0154 1.0345 1.0004 
1.0396 1.0058 1.0278 1.001 1.027 1.0084 1.0011 1.0009 1.0491 1.0148 
1.0136 1.0438 1.0043 1.0084 1.0198 1.0325 1.0164 1.0048 1.0154 1.0104 
1.0281 1.0471 1.0408 1.0192 1.0389 1.0024 1.0449 1.0001 1.0303 1.0253 
1.0426 1.009 1.0303 1.034 1.0489 1.0065 1.0185 1.0125 1.0394 1.0008 
1.0452 1.0203 1.014 1.02 1.047 1.0346 1.0424 1.024 1.0094 1.044 
1.0405 1.0193 1.0102 1.0075 1.0296 1.0441 1.0366 1.037 1.013 1.047 
1.0221 1.0064 1.0339 1.0217 1.005 1.0013 1.0202 1.043 1.0197 1.0218 
1.0246 1.0374 1.036 1.0383 1.0107 1.0358 1.0284 1.0451 1.0254 1.0093 
1.02 1.032 1.0197 1.0453 1 1.0004 1.0006 1.0214 1.0381 1.0243 
1.0401 1.0272 1.0117 1.0457 1.0232 1.0062 1.0033 1.0242 1.0079 1.0038 
1.0203 1.0172 1.0336 1.0459 1.0045 1.0154 1.0264 1.0152 1.0457 1.0103 
1.0231 1.0407 1.0174 1.0412 1.0013 1.0123 1.0019 1.0281 1.0318 1.0325 
1.0143 1.0317 1.0391 1.0033 1.0496 1.0237 1.0312 1.0227 1.04 1.0311 
1.0424 1.0168 1.0125 1.0067 1.0224 1.0079 1.0288 1.0134 1.0284 1.0367 
1.0329 1.0473 1.0192 1.0135 1.012 1.0328 1.0478 1.0219 1.0071 1.024 
1.0035 1.0324 1.0002 1.0389 1.0243 1.0427 1.0499 1.048 1.0312 1.0246 
1.0248 1.0124 1.0486 1.0304 1.0293 1.0415 1.0189 1.0443 1.0318 1.0028 
1.0407 1.0098 1.034 1.0311 1.0229 1.0387 1.0091 1.0264 1.0159 1.0033 
1.0096 1.0375 1.0486 1.0383 1.0332 1.0339 1.0133 1.0474 1.0061 1.0266 
1.022 1.0079 1.0387 1.0473 1.0349 1.0351 1.0329 1 1.0107 1.049 
1.0345 1.0428 1.0316 1.0486 1.019 1.0259 1.0493 1.0206 1.0389 1.0072 
1.0229 1.0474 1.0402 1.0491 1.029 1.0136 1.0415 1.0203 1.0487 1.0468 
1.0253 1.0374 1.0278 1.0345 1.031 1.0001 1.004 1.0452 1.0227 1.0341 
1.0075 1.0052 1.0263 1.0277 1.0371 1.0482 1.0251 1.0002 1.0393 1.0093 
1.0267 1.0455 1.0267 1.0225 1.0397 1.036 1.0056 1.0149 1.0021 1.01 
1.0295 1.0483 1.0177 1.0126 1.0293 1.0396 1.0262 1.0205 1.0192 1.0295 
1.0006 1.0232 1.0249 1.039 1.0215 1.0177 1.027 1.035 1.0191 1.0227 
1.0324 1.0446 1.0158 1.047 1.003 1.0015 1.0286 1.0222 1.0183 1.0146 
1.0401 1.004 1.0261 1.0474 1.0068 1.0308 1.0091 1.0208 1.0397 1.0202 
1.0148 1.0417 1.009 1.0163 1.0272 1.0227 1.0256 1.0274 1.015 1.013 
1.0011 1.0324 1.0243 1.0356 1.0244 1.0293 1.011 1.0114 1.0139 1.0356 
1.0096 1.0045 1.0219 1.0149 1.0462 1.0102 1.0226 1.0213 1.0221 1.049 
1.0161 1.0261 1.0089 1.0129 1.0198 1.0131 1.0349 1.0179 1.0464 1.0409 
1.0025 1.0211 1.0041 1.0219 1.0397 1.0343 1.0159 1.0256 1.0078 1.0412 
1.0093 1.0475 1.0011 1.0196 1.039 1.0408 1.0346 1.0178 1.0283 1.01 
1.0326 1.0073 1.014 1.0241 1.037 1.0055 1.0384 1.0135 1.0171 1.0058 
1.0326 1.047 1.0083 1.0256 1.0251 1.0309 1.0255 1.0355 1.0214 1.0238 
1.0075 1.0037 1.0385 1.0368 1.0131 1.0374 1.0012 1.0185 1.0304 1.0254 
1.047 1.0235 1.0039 1.0253 1.014 1.0349 1.0024 1.0363 1.0067 1.0145 
1.0223 1.0105 1.0314 1.0269 1.0152 1.0205 1.0367 1.0226 1.0345 1.0269 
1.0008 1.0313 1.022 1.0195 1.0081 1.0217 1.0452 1.0052 1.0432 1.0431 
1.01 1.0194 1.0318 1.0152 1.0479 1.0254 1.0216 1.0448 1.0151 1.007 
1.0463 1.0167 1.0012 1.0487 1.0116 1.0201 1.0431 1.0383 1.0023 1.0338 
1.0218 1.0157 1.0251 1.0135 1.0202 1.014 1.0351 1.0282 1.0496 1.0325 
1.0142 1.0256 1.0408 1.0211 1.0256 1.0089 1.0363 1.0461 1.0103 1.0487 
1.0098 1.0431 1.0425 1.041 1.0071 1.0069 1.0332 1.0052 1.0296 1.0353 
1.0377 1.0053 1.0182 1.0249 1.0206 1.0445 1.0152 1.0204 1.0426 1.0257 
1.0304 1.0289 1.0422 1.0118 1.0037 1.0256 1.0013 1.0052 1.0394 1.049 
1.0487 1.0302 1.0282 1.0051 1.0331 1.0318 1.0224 1.0374 1.035 1.0188 
1.0264 1.0259 1.0227 1.0442 1.0339 1.0207 1.0281 1.0139 1.0111 1.0493 
1.0369 1.0104 1.0179 1.0164 1.0465 1.0062 1.021 1.013 1.0381 1.025 
1.0265 1.0043 1.0303 1.0349 1.0062 1.0076 1.0198 1.0107 1.0246 1.0086 
1.047 1.0402 1.0491 1.029 1.0432 1.0154 1.0274 1.0386 1.0136 1.0001 
1.0491 1.0197 1.0114 1.0292 1.0211 1.0403 1.0177 1.0056 1.0285 1.0443 
1.002 1.043 1.0264 1.0362 1.0167 1.0435 1.0439 1.0469 1.0338 1.0229 
1.0278 1.0389 1.0209 1.0034 1.0308 1.0444 1.0416 1.027 1.0406 1.0303 
1.0111 1.013 1.0111 1.0047 1.0156 1.0221 1.0284 1.0349 1.0451 1.042 
1.003 1.0086 1.0191 1.0078 1.013 1.0274 1.0411 1.049 1.0052 1.0231 
1.0432 1.0371 1.0179 1.0056 1.0297 1.0347 1.042 1 1.047 1.0139 
1.0369 1.0437 1.0262 1.0015 1.0432 1.0052 1.0323 1.0367 1.0271 1.0274 
1.0359 1.0289 1.0354 1.0256 1.018 1.0144 1.0199 1.0107 1.0083 1.006 
1.0182 1.0412 1.0222 1.019 1.0102 1.0126 1.0183 1.0191 1.0438 1.0115 
1.022 1.0084 1.0359 1.016 1.0397 1.0264 1.0053 1.0067 1.0043 1.0138 
1.0068 1.0147 1.0458 1.0224 1.0073 1.0467 1.0449 1.0317 1.0261 1.0314 
1.018 1.0314 1.0285 1.0139 1.0054 1.0151 1.0222 1.0495 1.0496 1.0032 
1.0115 1.0155 1.0121 1.0428 1.0097 1.004 1.0236 1.0105 1.0287 1.0492 
1.004 1.0445 1.0362 1.0131 1.025 1.0406 1.0142 1.0274 1.0448 1.0325 
1.0161 1.031 1.0448 1.004 1.0188 1.0316 1.0102 1.0379 1.0204 1.0024 
1.015 1.0495 1.0343 1.0099 1.0193 1.0266 1.0023 1.0306 1.0483 1.0386 
1.0013 1.0271 1.021 1.0474 1.0366 1.0014 1.0457 1.0328 1.0158 1.0313 
1.0267 1.0328 1.0274 1.044 1.0048 1.0377 1.0127 1.0196 1.0376 1.0313 
1.004 1.0036 1.0171 1.0252 1.0225 1.0472 1.0093 1.0395 1.044 1.0185 
1.0059 1.0307 1.0288 1.0161 1.0441 1.0107 1.0047 1.0317 1.0013 1.0413 
1.0124 1.0496 1.036 1.0293 1.0494 1.0206 1.0124 1.0355 1.0016 1.0305 
1.0214 1.032 1.0209 1.0443 1.0369 1.0166 1.0165 1.0108 1.0003 1.0115 
1.0337 1.0225 1.0294 1.0455 1.0343 1.0461 1.0257 1.0233 1.0166 1.0219 
1.0072 1.0164 1.0221 1.0316 1.0445 1.0121 1.0241 1.0311 1.0269 1.0352 
1.01 1.0218 1.0058 1.0307 1.0483 1.0194 1.0006 1.0419 1.0048 1.0121 
1.0476 1.023 1.0297 1.0243 1.031 1.0003 1.0283 1.0284 1.0014 1.0011 
1.0238 1.0328 1.0465 1.0436 1.0464 1.0273 1.0373 1.0217 1.0424 1.0112 
1.0057 1.0369 1.0074 1.0316 1.0179 1.0419 1.0392 1.0324 1.0253 1.0309 
1.0362 1.0203 1.0164 1.0011 1.0357 1.0446 1.0137 1.0279 1.0352 1.0052 
1.0401 1.0071 1.0072 1.0449 1.0007 1.001 1.0082 1.0481 1.006 1.0023 
1.0279 1.0202 1.0246 1.0026 1.0035 1.0065 1.0413 1.0268 1.0253 1.0369 
1.007 1.0293 1.0002 1.0089 1.0016 1.0004 1.0148 1.047 1.0025 1.0195 
1.0201 1.0236 1.0168 1.0007 1 1.0277 1 1.0482 1.0407 1.0334 
1.029 1.0415 1.0297 1.003 1.0074 1.0063 1.0458 1.0204 1.0196 1.047 
1.0145 1.0489 1.0061 1.0143 1.0273 1.0327 1.0346 1.0487 1.0023 1.0416 
1.0436 1.0318 1.0159 1.0345 1.0205 1.0456 1.0341 1.024 1.0155 1.0336 
1.0446 1.0499 1.0143 1.0311 1.0459 1.0276 1.0499 1.0071 1.0453 1.0286 
1.01 1.0144 1.0434 1.0077 1.0313 1.0019 1.0118 1.0009 1.0304 1.0209 
1.0126 1.0007 1.0052 1.0034 1.0157 1.0241 1.0426 1.0022 1.0476 1.0158 
1.0168 1.0408 1.008 1.0261 1.0067 1.0057 1.0304 1.0046 1.0424 1.0263 
1.0308 1.0174 1.0189 1.0147 1.0476 1.0148 1.04 1.0236 1.039 1.0308 
1.0332 1.0422 1.0124 1.0199 1 1.0149 1.0304 1.0058 1.0385 1.0045 
1.0308 1.028 1.0451 1.0421 1.0364 1.0411 1.0074 1.0079 1.0165 1.0074 
1.0201 1.0008 1.0453 1.0276 1.0163 1.0304 1.0456 1.0451 1.0306 1.0159 
1.0313 1.0403 1.028 1.0149 1.0477 1.0341 1.0392 1.0288 1.0347 1.0211 
1.0428 1.0368 1.0498 1.0317 1.0132 1.0452 1.0495 1.0053 1.0008 1.0195 
1.0325 1.0359 1.0165 1.0255 1.0185 1.0312 1.009 1.0209 1.0278 1.0393 
1.0033 1.0309 1.0054 1.009 1.0291 1.0348 1.0135 1.0244 1.0287 1.0463 
1.0175 1.0457 1.0273 1.0073 1.0461 1.0374 1.0287 1.0465 1.0308 1.0371 
1.0081 1.0069 1.0165 1.0258 1.037 1.0043 1.0019 1.0047 1.0066 1.0194 
1.0173 1.0042 1.0266 1.0092 1.0386 1.0173 1.0072 1.0281 1.0335 1.0112 
1.0427 1.0074 1.0352 1.0102 1.0199 1.001 1.021 1.025 1.0209 1.0276 
1.028 1.0058 1.0069 1.0263 1.0053 1.009 1.0279 1.0099 1.0032 1.0324 
1.0288 1.0329 1.0325 1.0394 1.0137 1.0464 1.0256 1.0001 1.0237 1.0413 
1.0344 1.0113 1.0071 1.0104 1.0313 1.0494 1.0318 1.0196 1.0172 1.0173 
1.0136 1.0285 1.0062 1.0421 1.0081 1.0144 1.0148 1.0335 1.0144 1.0466 
1.0287 1.0263 1.0318 1.0184 1.0016 1.0446 1.0494 1.0343 1.0485 1.0037 
1.0157 1.0212 1.018 1.0308 1.0391 1.0158 1.0403 1.0291 1.011 1.0491 
1.0408 1.0067 1.0025 1.0083 1.0447 1.0008 1.0055 1.0047 1.0099 1.0437 
1.0362 1.0309 1.041 1.0297 1.0017 1.0301 1.0243 1.0281 1.0438 1.0423 
1.0068 1.0486 1.034 1.0381 1.0191 1.022 1.0044 1.0496 1.0105 1.0199 
1.0118 1.0151 1.043 1.0249 1.0085 1.0312 1.0367 1.0216 1.0301 1.0045 
1.0113 1.0233 1.0311 1.018 1.0241 1.0437 1.0114 1.049 1.0069 1.0447 
1.0211 1.0326 1.041 1.0399 1.0358 1.013 1.041 1.0302 1.04 1.0194 
1.0312 1.0269 1.0452 1.0007 1.0273 1.0498 1.0166 1.0266 1.0125 1.0252 
1.0153 1.0482 1.0155 1.0022 1.0356 1.0215 1.0225 1.0203 1.0399 1.0031 
1.0308 1.0457 1.0079 1.0022 1.025 1.0372 1.0151 1.0401 1.0233 1.0164 
1.028 1.0484 1.0055 1.0294 1.0356 1.0324 1.0302 1.0254 1.0374 1.0362 
1.0238 1.0332 1.0121 1.0401 1.048 1.0497 1.0273 1.0474 1.0482 1.0232 
1.0266 1.021 1.03 1.0446 1.0216 1.0335 1.0309 1.0277 1.0419 1.0375 
1.0275 1.0348 1.0452 1.045 1.0043 1.018 1.0368 1.0406 1.0368 1.0154 
1.0259 1.0331 1.0093 1.0253 1.0203 1.012 1.0101 1.0044 1.0359 1.0332 
1.0039 1.0399 1.017 1.0314 1.041 1.0282 1.032 1.0211 1.0143 1.0335 
1.0302 1.0236 1.0176 1.0358 1.0437 1.0027 1.0087 1.0077 1.0129 1.0221 
1.008 1.0493 1.0359 1.0099 1.0415 1.039 1.0037 1.0189 1.0286 1.0249 
1.032 1.0286 1.0029 1.016 1.0166 1.033 1.0026 1.0458 1.023 1.048 
1.0483 1.0041 1.0433 1.0404 1.037 1.0088 1.0433 1.004 1.0444 1.0481 
1.0111 1.0081 1.0337 1.0263 1.0389 1.0136 1.0444 1.0395 1.0358 1.0397 
1.013 1.0356 1.0081 1.0489 1.0027 1.0052 1.018 1.0055 1.0291 1.0197 
1.0305 1.0096 1.0202 1.0204 1.0346 1.0303 1.0311 1.0132 1.0358 1.0433 
1.0474 1.0199 1.0387 1.0229 1.0064 1.0153 1.028 1.034 1.0218 1.0465 
1.0198 1.0268 1.0181 1.0035 1.0319 1.0406 1.025 1.0386 1.0395 1.0449 
1.0178 1.0383 1.0319 1.0093 1.0347 1.021 1.0106 1.0056 1.0211 1.001 
1.0074 1.0234 1.0212 1.0315 1.0359 1.0147 1.0477 1.0205 1.0182 1.0189 
1.0456 1.0374 1.0457 1.0098 1.0084 1.0424 1.0389 1.0164 1.0017 1.0018 
1.0167 1.028 1.0378 1.0061 1.0295 1.0396 1.0071 1.0189 1.0182 1.0096 
1.0343 1.0168 1.0431 1.0394 1.0335 1.0493 1.0228 1.0085 1.0047 1.0002 
1.0458 1.0283 1.0048 1.0213 1.0367 1.0151 1.0435 1.0283 1.0326 1.0238 
1.0361 1.042 1.0112 1.0015 1.0376 1.047 1.0169 1.0048 1.0433 1.0153 
1.03 1.0055 1.043 1.0252 1.0492 1.0183 1.0194 1.0174 1.0331 1.0032 
1.0235 1.0209 1.0456 1.0344 1.0259 1.0075 1.0456 1.0426 1.0426 1.0102 
1.0456 1.0491 1.0418 1.0037 1.025 1.0164 1.0412 1.0278 1.0165 1.0447 
1.017 1.012 1.0094 1.0033 1.0062 1.0298 1.0268 1.0255 1.0478 1.0377 
1.0334 1.0444 1.0328 1.0496 1.0168 1.0478 1.0028 1.0406 1.0388 1.0428 
1.0467 1.0267 1.0246 1.0104 1.0231 1.016 1.0129 1.0165 1.0285 1.0349 
1.0383 1.0375 1.0158 1.0156 1.049 1.0438 1.0276 1.0036 1.0453 1.0155 
1.0086 1.0166 1.0471 1.028 1.0139 1.0386 1.0374 1.0379 1.0132 1.0193 
1.0123 1.0397 1.0033 1.0357 1.0148 1.0181 1.0021 1.0162 1.0165 1.0231 
1.0283 1.0476 1.0175 1.0201 1.0144 1.0405 1.025 1.0377 1.0174 1.0164 
1.0258 1.0475 1.0291 1.0149 1.0305 1.0273 1.0199 1.0404 1.0498 1.0357 
1.0058 1.0236 1.0025 1.0345 1.0314 1.0113 1.033 1.041 1.0379 1.0154 
1.0107 1.0345 1.0255 1.0074 1.0377 1.0217 1.0052 1.0321 1.0001 1.0463 
1.0112 1.0269 1.0307 1.0499 1.0237 1.0283 1 1.0124 1.0101 1.0232 
1.0217 1.038 1.0167 1.0112 1.045 1.0216 1.033 1.0274 1.0176 1.0098 
1.0038 1.0364 1.0033 1.0425 1.0269 1.0327 1.0237 1.0031 1.0448 1.0406 
1.0435 1.0276 1.0237 1.0136 1.0476 1.0362 1.0279 1.0264 1.0087 1.0499 
1.0228 1.018 1.0153 1.0002 1.0227 1.0476 1.0159 1.0261 1.0358 1.04 
1.025 1.0443 1.0137 1.0028 1.0356 1.0158 1.0488 1.0276 1.0488 1.0139 
1.0301 1.0435 1.0344 1.0168 1.0454 1.0207 1.0053 1.0017 1.011 1.0402 
1.036 1.0107 1.0185 1.0324 1.0415 1.0126 1.0145 1.0297 1.0474 1.0434 
1.0198 1.0319 1.0368 1.0223 1.0493 1.0231 1.0089 1.0235 1.0261 1.0424 
1.0076 1.0388 1.0458 1.0033 1.0315 1.0495 1.0191 1.0357 1.0346 1.0108 
1.0365 1.0019 1.0014 1.0087 1.0404 1.0363 1.0024 1.0079 1.0237 1.0049 
1.0053 1.0189 1.0405 1.002 1.0026 1.0375 1.0026 1.0332 1.0306 1.0085 
1.0299 1.0204 1.0167 1.0015 1.0169 1.0367 1.0074 1.0312 1.0399 1.0187 
1.0075 1.0095 1.0285 1.0282 1.0041 1.0157 1.0304 1.0425 1.025 1.0238 
1.046 1.0326 1.015 1.0219 1.0328 1.0114 1.0204 1.0419 1.0331 1.0235 
1.0185 1.0372 1.0267 1.0474 1.0103 1.0108 1.0362 1.0149 1.0409 1.0181 
1.009 1.0427 1.0445 1.0058 1.0053 1.01 1.0033 1.0463 1.0098 1.0102 
1.0083 1.0135 1.041 1.0496 1.0087 1.0219 1.0339 1.0482 1.0062 1.0494 
1.0412 1.0425 1.0232 1.0227 1.0389 1.0256 1.0482 1.0375 1.0338 1.0135 
1.0438 1.0432 1.023 1 1.0106 1.0233 1.0226 1.0263 1.0182 1.0122 
1.0021 1.0147 1.0153 1.019 1.009 1.0469 1.0282 1.0123 1.0332 1.0126 
1.0013 1.0398 1.0111 1.0197 1.0057 1.0324 1.0412 1.0302 1.0078 1.0144 
1.0037 1.0162 1.0382 1.0366 1.0376 1.0258 1.0427 1.0171 1.0499 1.0305 
1.0013 1.0326 1.0298 1.047 1.015 1.0138 1.0413 1.0239 1.0489 1.0097 
1.0462 1.048 1.0147 1.0241 1.0013 1.0123 1.0099 1.0301 1.0341 1.0218 
1.0153 1.013 1.0074 1.0377 1.0025 1.0018 1.0043 1.025 1.0261 1.0313 
1.0245 1.0338 1.0076 1.0199 1.048 1.0218 1.0173 1.0373 1.0431 1.0305 
1.0059 1.0082 1.0171 1.0172 1.0006 1.0292 1.0009 1.0087 1.0094 1.0035 
1.0239 1.0114 1.0146 1.0134 1.0205 1.0169 1.0019 1.043 1.0104 1.0183 
1.0138 1.0487 1.0476 1.0053 1.0364 1.01 1.034 1.0388 1.0001 1.0369 
1.0103 1.0052 1.0408 1.045 1.016 1.0256 1.0148 1.0403 1.0196 1.0054 
1.0413 1.0406 1.0123 1.0221 1.048 1.0309 1.006 1.0076 1.0313 1.0376 
1.0122 1.0193 1.0308 1.0105 1.0075 1.015 1.0362 1.0162 1.0478 1.025 
1.0204 1.0259 1.0493 1.0335 1.032 1.0381 1.042 1.0486 1.0047 1.0314 
1.0317 1.0264 1.0262 1.003 1.0372 1.0236 1.0029 1.0496 1.0209 1.0112 
1.0489 1.0406 1.0215 1.0381 1.0234 1.0234 1.0371 1.0177 1.0188 1.0021 
1.0481 1.0159 1.0225 1.0027 1.0146 1.0358 1.0107 1.0255 1.0468 1.0006 
1.0121 1.0384 1.0482 1.0499 1.014 1.0026 1.0051 1.0014 1.0416 1.0322 
1.0096 1.0137 1.0393 1.0498 1.0295 1.047 1.0095 1.026 1.0063 1.0191 
1.0296 1.0245 1.0462 1.0472 1.0296 1.0008 1.0174 1.0369 1.0217 1.0223 
1.0075 1.0422 1.0312 1.0094 1.0479 1.0393 1.0183 1.0484 1.0319 1.0375 
1.0409 1.0334 1.0038 1.0321 1.0307 1.0172 1.0031 1.0416 1.0021 1.0489 
1.0224 1.0095 1.02 1.0478 1.0324 1.0436 1.0293 1.0428 1.0364 1.0197 
1.0198 1.0138 1.0306 1.0004 1.0471 1.0009 1.047 1.0121 1.0055 1.0262 
1.0325 1.0263 1.0028 1.0431 1.0062 1.0078 1.0009 1.0186 1.0347 1.0068 
1.0123 1.0278 1.0137 1.0069 1.0018 1.026 1.0228 1.0495 1.0112 1.0361 
1.0449 1.0177 1.0358 1.0392 1.048 1.0447 1.0166 1.0078 1.0288 1.0367 
1.0325 1.0421 1.0241 1.0355 1.0009 1.0134 1.0033 1.0203 1.0142 1.003 
1.0226 1.0236 1.0461 1.0175 1.0191 1.0106 1.0465 1.0206 1.0089 1.0289 
1.0329 1.0004 1.0228 1.0494 1.0177 1.0077 1.0442 1.0144 1.0449 1.0412 
1.0143 1.0164 1.0087 1.0061 1.0262 1.0486 1.0037 1.0315 1.0259 1.0269 
1.0217 1.0434 1.0141 1.0359 1.0275 1.0312 1.0414 1.0008 1.032 1.0401 
1.042 1.0083 1.0468 1.0405 1.0214 1.0338 1.0163 1.0057 1.0328 1.0146 
1.032 1.0166 1.0419 1.0355 1.0074 1.0249 1.0145 1.0153 1.0242 1.0466 
1.0419 1.0123 1.0044 1.036 1.0355 1.0138 1.0325 1.0404 1.0009 1.0394 
1.0197 1.0129 1.0417 1.0372 1.0038 1.0035 1.0023 1.0019 1.0193 1.0431 
1.0297 1.0469 1.0495 1.0151 1.014 1.0293 1.0047 1.0291 1.0097 1.0046 
1.0241 1.0466 1.037 1.0461 1.0262 1.0277 1.0425 1.0367 1.0283 1.0092 
1.0321 1.0421 1.0075 1.0214 1.0103 1.0313 1.0261 1.0184 1.0214 1.0353 
1.0437 1.0037 1.0229 1.0253 1.037 1.03 1.0201 1.0444 1.0168 1.0261 
1.0155 1.0323 1.0367 1.0049 1.0303 1.0024 1.0147 1.0424 1.0127 1.0069 
1.0073 1.01 1.0101 1.0027 1.023 1.0448 1.0258 1.0488 1.0043 1.0258 
1.0219 1.0199 1.0473 1.0213 1.037 1.0371 1.0093 1.0165 1.0174 1.0054 
1.0362 1.0436 1.0378 1.0496 1.0362 1.0333 1.0159 1.0058 1.0003 1.0475 
1.0064 1.0196 1.0031 1.004 1.0474 1.0263 1.0306 1.0394 1.0187 1.0179 
1.027 1.0286 1.0112 1.0033 1.0403 1.0268 1.0414 1.0354 1.026 1.0114 
1.004 1.0375 1.019 1.0364 1.0315 1.0075 1.0259 1.0487 1.0178 1.0198 
1.0002 1.0372 1.0096 1.0361 1.0245 1.0108 1.0239 1.0422 1.0011 1.0085 
1.0486 1.0326 1.0315 1.0184 1.0138 1.0339 1.0433 1.0013 1.0349 1.0163 
1.0416 1.0207 1.0383 1.0309 1.0311 1.0328 1.0305 1.0466 1.0467 1.0407 
