10
1000
262 305 848 514 490 713 649 380 170 403 83 656 370 464 793 982 647 491 313 760 392 841 46 774 648 606 78 708 508 543 673 542 663 680 786 289 214 800 436 40 327 541 297 789 840 316 339 15 397 781 861 460 222 70 775 117 109 502 455 852 741 4 36 667 909 937 468 38 746 580 196 320 558 949 788 691 344 216 377 580 611 399 243 65 565 589 385 213 275 391 429 818 910 825 716 517 638 398 907 740 271 555 953 481 274 253 781 336 212 845 520 804 225 24 641 292 651 13 820 807 356 757 894 815 895 302 748 203 83 100 460 850 62 448 577 750 483 795 842 167 868 110 222 784 770 55 585 326 802 174 871 614 155 803 92 520 666 945 6 804 71 801 825 286 491 201 778 326 783 638 883 96 832 127 779 582 369 608 946 822 437 121 173 313 69 451 603 80 289 484 210 370 23 977 48 435 21 973 112 373 372 563 158 502 714 237 333 232 739 520 939 902 65 125 201 554 90 341 354 109 920 868 923 917 952 825 515 157 209 144 976 27 34 71 266 237 223 999 869 736 194 344 126 159 289 673 277 957 801 832 615 690 816 266 552 433 469 258 957 775 707 309 616 389 153 377 148 617 155 191 217 64 635 354 406 651 809 472 565 110 383 3 2 379 321 63 349 870 773 906 450 86 260 286 118 533 702 422 90 430 405 807 48 155 564 542 29 908 416 448 75 568 606 648 470 194 875 864 406 155 661 124 413 352 705 109 411 499 253 860 722 931 959 63 879 917 72 619 583 928 995 744 657 857 837 285 323 625 14 494 663 177 523 979 606 306 975 32 270 297 966 67 19 846 899 391 71 228 845 15 6 179 527 725 10 471 36 147 204 632 363 995 901 798 341 263 139 148 98 528 313 904 600 135 295 366 401 443 825 930 165 875 572 593 83 971 671 871 755 187 104 643 644 630 748 850 692 481 458 549 192 288 2 270 505 876 213 154 730 92 192 842 903 70 905 577 830 284 26 492 143 76 354 553 674 877 671 130 748 860 359 646 471 221 641 307 623 824 777 340 250 426 62 744 529 182 971 3 30 682 301 730 939 206 632 727 360 437 983 404 272 346 979 48 242 456 382 901 494 226 337 523 416 753 170 388 103 518 79 212 36 404 566 957 479 685 957 1 706 227 843 410 622 601 799 828 906 341 215 907 249 52 582 773 778 601 95 495 280 101 880 14 295 906 738 509 692 341 694 673 808 382 251 852 750 9 645 534 959 441 977 145 613 987 550 625 979 715 259 753 309 672 374 688 351 864 574 693 100 720 551 519 855 259 52 405 204 671 684 178 989 543 350 406 904 440 621 86 757 61 928 822 33 692 900 983 838 173 677 784 817 90 579 775 134 432 931 709 120 407 430 242 679 648 857 451 39 533 517 629 942 821 215 328 887 341 142 116 487 943 493 27 555 431 173 153 20 692 424 377 233 755 738 676 804 981 867 6 519 112 306 198 459 398 71 865 903 517 129 770 119 510 312 632 617 449 72 828 984 53 905 987 869 974 808 901 235 981 590 769 448 737 398 204 325 412 294 998 703 836 232 102 651 422 267 782 899 565 359 449 593 743 594 90 950 41 186 806 934 310 84 407 520 691 549 529 654 703 526 262 506 634 167 731 95 449 335 627 894 919 460 128 505 212 553 201 989 648 755 747 960 845 245 552 21 972 856 521 650 329 253 156 122 966 992 752 553 579 338 287 685 370 147 450 474 128 691 807 96 211 750 550 464 684 817 810 834 301 762 999 614 568 801 151 956 606 113 724 225 19 939 848 951 497 531 468 344 376 757 364 970 862 745 510 689 143 389 751 434 112 54 250 939 915 346 686 8 45 274 675 402 194 650 368 964 595 73 703 58 64 346 294 910 453 658 391 976 757 388 917 889 563 858 29 112 86 901 171 869 493 567 106 469 747 820 869 591 680 573 145 647 512 896 989 803 553 753 424 756 280 91 817 864 528 651 560 713 12 330 980 727 880 427 979 906 544 646 349 291 486 176 252 241 267 690 812 133 452 634 310 556 683 613 929 614 602 249 537 418 846 333 461 361 854 630 733 286 665 169 768 117 467 371 951 61 88 853 92 976 157 253 220 995 160 918 701 990 95 812 122 993 960 460 926 145 783 299 270 276 411 271 59 716 793 991 641 421 954 354 126 5 393 901 790 787 118 811 547 436 40 846 944 303 943 102 660 46 752 899 964 634 301 679 121 330 356 214 185 731 68 8 184 481 607 219 131 739 187 941 853 
201 267 252 32 223 446 160 131 165 447 
1.0044 1.0175 1.0222 1.0478 1.0008 1.0469 1.0025 1.0284 1.014 1.0474 
1.0469 1.0249 1.0494 1.0186 1.0464 1.0296 1.0415 1.0033 1.0434 1.0082 
1.0198 1.0243 1.039 1.0396 1.026 1.004 1.0358 1.0147 1.0459 1.0005 
1.0282 1.0243 1.0289 1.0128 1.0125 1.0333 1.0319 1.0244 1.0166 1.0383 
1.0043 1.0197 1.0069 1.0458 1.033 1.015 1.024 1.047 1.023 1.0211 
1.0427 1.0375 1.0372 1.0337 1.0457 1.042 1.0397 1.0324 1.0041 1.0071 
1.0219 1.0285 1.0113 1.0132 1.0321 1.0024 1.0002 1.0427 1.0018 1.0032 
1.0312 1.0223 1.0333 1.0184 1.0112 1.0349 1.028 1.004 1.0251 1.0243 
1.0217 1.0009 1.0345 1.0185 1.005 1.0388 1.0214 1.0069 1.0448 1.013 
1.0111 1.0442 1.0281 1.0256 1.0404 1.0348 1.0284 1.0321 1.0372 1.0002 
1.0077 1.0304 1.0474 1.024 1.0361 1.0282 1.0259 1.0329 1.042 1.0161 
1.0315 1.0432 1.0386 1.001 1.002 1.0475 1.0031 1.0456 1.0137 1.0232 
1.0279 1.0313 1.046 1.0007 1.0164 1.0157 1.0091 1.0239 1.0289 1.0032 
1.0111 1.0012 1.0355 1.0209 1.0469 1.0238 1.0014 1.0089 1.04 1.0488 
1.0142 1.0224 1.0024 1.0415 1.0486 1.0394 1.0445 1.0192 1.0469 1.0472 
1.0355 1.0091 1.0227 1.0486 1.0177 1.0462 1.0438 1.0404 1.0423 1.0021 
1.0026 1.0432 1.0096 1.0363 1.0065 1.0267 1.0395 1.0281 1.0379 1.0497 
1.0322 1.0361 1.0226 1.0046 1.0012 1.0442 1.0305 1.0294 1.0308 1.0198 
1.017 1.0313 1.0235 1.0164 1.04 1.0284 1.0008 1.0219 1.0326 1.0019 
1.0458 1.017 1.0077 1.0351 1.0326 1.0138 1.0039 1.0405 1.0159 1.0105 
1.0049 1.0387 1.0002 1.0236 1.0071 1.0155 1.0265 1.0287 1.033 1.0438 
1.0223 1.0104 1.0259 1.0459 1.0457 1.0065 1.0409 1.0404 1.04 1.0138 
1.0403 1.0463 1.007 1.0334 1.0067 1.0341 1.0265 1.0209 1.0497 1.0424 
1.0482 1.0242 1.0352 1.0467 1.035 1.0313 1.0466 1.0414 1.0275 1.0364 
1.0055 1.0273 1.0236 1.0238 1.0248 1.0065 1.0282 1.0012 1.0068 1.0493 
1.0222 1.0295 1.0134 1.0307 1.0139 1.0422 1.0392 1.0283 1.0038 1.0092 
1.0011 1.0335 1.0394 1.002 1.0388 1.0164 1.0433 1.0277 1.0015 1.0363 
1.0112 1.0184 1.0206 1.0272 1.0318 1.0072 1.0268 1.0427 1.0245 1.0284 
1.0191 1.0296 1.0276 1.0251 1.0335 1.0061 1.0428 1.0244 1.0379 1.0008 
1.0463 1.0287 1.0005 1.0219 1.0205 1.0208 1.0457 1.0466 1.0283 1.0294 
1.0478 1.0452 1.0162 1.0287 1.0248 1.0234 1.0102 1.0366 1.0073 1.0482 
1.0462 1.0261 1.0367 1.0044 1.0289 1.0244 1.0173 1.0341 1.0173 1.0373 
1.013 1.0446 1.0291 1.001 1.0058 1.0367 1.0071 1.0296 1.0398 1.0351 
1.0325 1.0213 1.0466 1.0266 1.0352 1.0349 1.0417 1.0412 1.0219 1.0328 
1.0033 1.0342 1.0093 1.0387 1.0152 1.0494 1.0417 1.0231 1.0206 1.0208 
1.0226 1.0054 1.0479 1.0278 1.0195 1.0425 1.0067 1.0444 1.0154 1.0181 
1.0484 1.012 1.0214 1.0331 1.0481 1.0036 1.0387 1.0342 1.0417 1.0117 
1.0121 1.031 1.0373 1.0222 1.0343 1.0474 1.0337 1.0426 1.0013 1.0153 
1.0108 1.0326 1.0216 1.0021 1.0499 1.0411 1.0013 1.0412 1.0084 1.0253 
1.0468 1.0324 1.0295 1.03 1.0462 1.0462 1.0105 1.0164 1.0086 1.0106 
1.0455 1.0454 1.0296 1.022 1.0205 1.0283 1.0495 1.0398 1.022 1.0143 
1.032 1.0128 1.0408 1.0266 1.0082 1.0452 1.0034 1.0342 1.0276 1.0067 
1.0281 1.0275 1.0301 1.0283 1.0343 1.0473 1.0082 1.0068 1.0311 1.0158 
1.0009 1.0313 1.0208 1.0247 1.0089 1.011 1.0225 1.0056 1.011 1.0367 
1.0099 1.0474 1.0046 1.0262 1.0254 1.0045 1.0076 1.0013 1.0396 1.0062 
1.0444 1.0471 1.0414 1.0362 1.0251 1.0416 1.018 1.0211 1.0209 1.0127 
1.0191 1.0203 1.0332 1.0199 1.0125 1.0415 1.0075 1.0017 1.0016 1.0482 
1.0059 1.0457 1.0475 1.0038 1.0328 1.0337 1.0414 1.0282 1.0227 1.001 
1.0132 1.0081 1.0174 1.0346 1.0126 1.0273 1.0464 1.0482 1.0325 1.0379 
1.0479 1.0265 1.0188 1.0123 1.0472 1.01 1.0155 1.0063 1.0454 1.0191 
1.0284 1.0373 1.0294 1.0272 1.0388 1.0444 1.0461 1.0159 1.0043 1.0238 
1.0142 1.0078 1.0296 1.0435 1.0281 1.0437 1.0182 1.0177 1.0432 1.0269 
1.0036 1.0133 1.0117 1.0124 1.0136 1.0417 1.0228 1.022 1.0417 1.0158 
1.0159 1.0334 1.0119 1.0484 1.0311 1.032 1.0346 1.0091 1.0169 1.0174 
1.0115 1.0348 1.0241 1.0184 1.0174 1.0453 1.0241 1.0437 1.0466 1.0113 
1.0117 1.0164 1.0071 1.0384 1.0346 1.0298 1.0449 1.0457 1.0372 1.0023 
1.037 1.0121 1.0281 1.036 1.043 1.0211 1.0115 1.0138 1.036 1.044 
1.0409 1.0084 1.0024 1.0189 1.0488 1.0362 1.0059 1.0183 1.0031 1.0484 
1.0214 1.0298 1.0137 1.0157 1.0195 1.0301 1.005 1.0058 1.0468 1.0257 
1.0025 1.0378 1.0405 1.0431 1.0072 1.0171 1.0281 1.0287 1.0325 1.0396 
1.0179 1.0135 1.0492 1.0036 1.0251 1.0245 1.0124 1.0011 1.0478 1.0036 
1.0214 1.0204 1.0282 1.0356 1.0347 1.0299 1.0139 1.0111 1.0274 1.0428 
1.0081 1.0235 1.0118 1.0215 1.0151 1.0093 1.0249 1.0309 1.0087 1.0192 
1.0337 1.0295 1.002 1.0183 1.0194 1.0394 1.0164 1.0371 1.0236 1.0363 
1.0429 1.0341 1.0354 1.0132 1.0146 1.0014 1.0184 1.001 1.0141 1.0031 
1.0025 1.038 1.01 1.0219 1.0128 1.0032 1.0276 1.0367 1.0187 1.0376 
1.0386 1.0473 1.0128 1.044 1.0368 1.0313 1.0487 1.047 1.0214 1.01 
1.0225 1.0446 1.0214 1.0057 1.0176 1.0091 1.0437 1.0176 1.0127 1.0006 
1.0171 1.0337 1.0471 1.0066 1.0152 1.0178 1.0073 1.0459 1.0148 1.0304 
1.0422 1.0115 1.0332 1.0355 1.0181 1.0462 1.0218 1.0044 1.0004 1.006 
1.0243 1.0335 1.023 1.0192 1.0035 1.0061 1.0295 1.0051 1.0068 1.0387 
1.02 1.0139 1.0474 1.0292 1.0208 1.0122 1.0291 1.0487 1.0287 1.0158 
1.0139 1.0213 1.0223 1.0486 1.0434 1.047 1.0328 1.036 1.0029 1.0189 
1.0036 1.014 1.0209 1.0425 1.0007 1.0061 1.0166 1.036 1.0327 1.0195 
1.0143 1.0367 1.0007 1.0289 1.0226 1.0184 1.0261 1.0436 1.0383 1.0395 
1.0145 1.0156 1.0124 1.0193 1.0249 1.0164 1.0356 1.0357 1.0178 1.0468 
1.0496 1.0279 1.0108 1.0438 1.0461 1.0285 1.0088 1.0382 1.0351 1.0379 
1.0012 1.0227 1.0118 1.0207 1.0465 1.0205 1.0411 1.013 1.0349 1.0272 
1.0453 1.0094 1.0372 1.0348 1.0448 1.0101 1.0356 1.0079 1.0345 1.016 
1.015 1.0181 1.0088 1.0407 1.0134 1.0362 1.0163 1.008 1.0086 1.0045 
1.0036 1.0406 1.0287 1.0495 1.0032 1.014 1.0497 1.0233 1.0213 1.0198 
1.0353 1.0182 1.0377 1.0111 1.0431 1.0124 1.0459 1.0084 1.0292 1.0302 
1.0003 1.02 1.0012 1.0263 1.0473 1.0456 1.046 1.0037 1.0367 1.0041 
1.012 1.0043 1.024 1.0448 1.0283 1.0099 1.0083 1.0305 1.0375 1.0018 
1.0319 1.0015 1.0347 1.0399 1.0382 1.0455 1.0402 1.0311 1.0009 1.0279 
1.0038 1.0425 1.0352 1.0205 1.0004 1.0041 1.0091 1.0031 1.0126 1.0033 
1.028 1.0345 1.0426 1.0201 1.0378 1.0306 1.0025 1.0319 1.0317 1.0251 
1.0148 1.0341 1.0154 1.0234 1.0069 1.0101 1.0085 1.0433 1.0374 1.0265 
1.0186 1.0381 1.0233 1.0453 1.0233 1.031 1.0483 1.0177 1.0386 1.0332 
1.0099 1.0175 1.0159 1.0308 1.0249 1.0441 1.0443 1.0035 1.0268 1.0419 
1.0403 1.0434 1.0443 1.0008 1.0146 1.003 1.0451 1.0185 1.0223 1.0102 
1.0013 1.0174 1.0314 1.0111 1.0178 1.014 1.0106 1.0488 1.0348 1.043 
1.0269 1.0242 1.0007 1.02 1.0452 1.0349 1.0412 1.0485 1.0359 1.0252 
1.0392 1.0379 1.0361 1.0181 1.0432 1.0465 1.0459 1.0068 1.0119 1.0032 
1.0114 1.0086 1.0302 1.0326 1.022 1.0177 1.0135 1.0423 1.0087 1.0422 
1.0044 1.016 1.039 1.0242 1.0442 1.0094 1.0387 1.0369 1.0015 1.0187 
1.0322 1.0328 1.0241 1.036 1.0366 1.0229 1.01 1.0218 1.0261 1.0108 
1.0327 1.0468 1.0235 1.022 1.0226 1.0377 1.0201 1.0346 1.003 1.0222 
1.0375 1.0437 1.0058 1.0292 1.0167 1.0067 1.0389 1.0027 1.042 1.0103 
1.0239 1.0469 1.0031 1.0124 1.032 1.0004 1.0412 1.0453 1.0206 1.0109 
1.0187 1.0361 1.0327 1.0271 1.0413 1.0176 1.0123 1.0011 1.0057 1.0143 
1.0447 1.0138 1.0292 1.0461 1.0226 1.0312 1.022 1.021 1.0294 1.015 
1.0251 1.0196 1.0307 1.0046 1.0387 1.0327 1.0364 1.044 1.0145 1.0405 
1.009 1.0309 1.0379 1.01 1.0493 1.0432 1.0098 1.0071 1.014 1.0281 
1.0092 1.0383 1.02 1.0289 1.0276 1.0133 1.0392 1.0113 1.0211 1.0186 
1 1.0062 1.0307 1.0467 1.0023 1.0305 1.0063 1.0115 1.0197 1.0441 
1.0298 1.0011 1.0405 1.0358 1.0211 1.0352 1.0399 1.0195 1.0088 1.0161 
1.0469 1.0337 1.0345 1.0103 1.0231 1.0173 1.0156 1.0197 1.0481 1.0347 
1.0035 1.0072 1.0076 1.0313 1.0297 1.0377 1.02 1.0164 1.0233 1.0185 
1.0412 1.0298 1.0027 1.0333 1.0346 1.0359 1.01 1.0438 1.0312 1.0179 
1.0072 1.0341 1.0311 1.0128 1.0094 1.0434 1.0444 1.0072 1.0344 1.0074 
1.046 1.0035 1.0019 1.0164 1.0452 1.0202 1.0353 1.049 1.0496 1.0102 
1.0273 1.0067 1.0224 1.025 1.0268 1.0379 1.0385 1.025 1.0125 1.0201 
1.0429 1.0294 1.009 1.0148 1.0481 1.0203 1.0117 1.0229 1.0169 1.0452 
1.0407 1.0288 1.0109 1.0063 1.03 1.0049 1.0323 1.0209 1.0459 1.0313 
1.035 1.0003 1.0101 1.0473 1.0313 1.0219 1.0416 1.003 1.011 1.003 
1.014 1.0474 1.0337 1.0127 1.007 1.0294 1.0339 1.0476 1.0431 1.04 
1.04 1.0224 1.0463 1.0306 1.0253 1.0349 1.0482 1.0376 1.0242 1.003 
1.0451 1.0263 1.0007 1.0279 1.0099 1.0442 1.0252 1.0144 1.0184 1.027 
1.035 1.0335 1.0035 1.0148 1.0088 1.0482 1.0023 1.013 1.0022 1.0161 
1.002 1.0346 1.0093 1.0283 1.0086 1.0237 1.0027 1.0443 1.0173 1.028 
1.0224 1.0309 1.0052 1.0359 1.0029 1.021 1.012 1.0307 1.0344 1.0376 
1.0404 1.033 1.0048 1.0134 1.0368 1.014 1.043 1.0111 1.0118 1.038 
1.0245 1.0337 1.0139 1.0259 1.0326 1.0207 1.0401 1.0061 1.0379 1.0195 
1.0216 1.0422 1.0213 1.0174 1.0339 1.0298 1.0019 1.0409 1.0057 1.012 
1.0249 1.0485 1.026 1.0242 1.0389 1.0153 1.0001 1.0354 1.0236 1.025 
1.034 1.0177 1.0268 1.0379 1.005 1.0125 1.0413 1.0091 1.042 1.0433 
1.007 1.0052 1.0157 1.0217 1.0081 1.0469 1.0008 1.0183 1.0162 1.0318 
1.0267 1.0224 1.0395 1.0022 1.036 1.0484 1.0171 1.0061 1.0498 1.0021 
1.0377 1.0083 1.0363 1.0097 1.0396 1.0265 1.0479 1.0413 1.0325 1.0175 
1.0274 1.0417 1.0367 1.0061 1.0114 1.0178 1.0129 1.0218 1.0143 1.0259 
1.0416 1.0446 1.0349 1.0023 1.0067 1.0219 1.0128 1.0438 1.0473 1.0054 
1.0197 1.0326 1.0082 1.0011 1.0411 1.0051 1.028 1.0106 1.0391 1.039 
1.0195 1.0183 1.0217 1.0182 1.0386 1.0104 1.014 1.0001 1.0316 1.0162 
1.0144 1.0374 1.0055 1.0401 1.0401 1.0142 1.0012 1.006 1.0107 1.0128 
1.0412 1.0393 1.0132 1.0316 1.0309 1.0112 1.0098 1.0128 1.008 1.0274 
1.0254 1.011 1.0153 1.0091 1.0119 1.034 1.0287 1.0124 1.0023 1.0209 
1.0067 1.0023 1.0102 1.0123 1.0163 1.0428 1.0261 1.0265 1.0407 1.0209 
1.0498 1.0451 1.0422 1.0008 1.0381 1.0224 1.0181 1.0487 1.0422 1.0323 
1.0036 1.0277 1.0039 1.0081 1.0422 1.0019 1.0205 1.0106 1.0311 1.0433 
1.0358 1.035 1.0464 1.0242 1.0391 1.0134 1.0366 1.0261 1.0267 1.0099 
1.0355 1.0278 1.0317 1.0478 1.0246 1.0057 1.0486 1.0109 1.0243 1.0417 
1.0468 1.0273 1.0433 1.0187 1.042 1.0444 1.0183 1.0339 1.0319 1.0141 
1.0437 1.0407 1.0139 1.0193 1.0021 1.044 1.0341 1.0016 1.0338 1.0042 
1.0496 1.0073 1.0388 1.0132 1.0468 1.0422 1.0208 1.0134 1.0495 1.0288 
1.0241 1.036 1.0476 1.0485 1.0098 1.0176 1.0143 1.0255 1.0354 1.0372 
1.0425 1.0244 1.0494 1.0254 1.02 1.037 1.0446 1.0451 1.0065 1.0017 
1.0367 1.0241 1.0491 1.0478 1.0466 1.0313 1.0011 1.0403 1.0373 1.0097 
1.0426 1.0332 1.0346 1.003 1.027 1.0412 1.0172 1.048 1.0085 1.0433 
1.0438 1.042 1.0374 1.032 1.0389 1.0282 1.0274 1.0428 1.0373 1.0097 
1.0098 1.0488 1.0211 1.0396 1.0338 1.0291 1.021 1.035 1.0053 1.018 
1.042 1.0168 1.0298 1.0411 1.0122 1.0354 1.0294 1.0146 1.0142 1.0203 
1.0466 1.0351 1.0207 1.02 1.0104 1.0485 1.027 1.0132 1.0169 1.028 
1.0332 1.0145 1.033 1.0458 1.0248 1.0374 1.0319 1.0316 1.0471 1.0452 
1.0127 1.0422 1.0037 1.0173 1.0402 1.0106 1.0097 1.0439 1.0379 1.0382 
1.0236 1.0013 1.0438 1.0208 1.029 1.0449 1.0437 1.019 1.0401 1.0274 
1.0357 1.0326 1.0082 1.031 1.0267 1.0131 1.0361 1.0143 1.0223 1.0112 
1.0493 1.0077 1.0349 1.0168 1.026 1.0499 1.0231 1.0099 1.0228 1.0111 
1.0211 1.0261 1.0262 1.0411 1.0425 1.0425 1.0046 1.0313 1.005 1.0099 
1.0323 1.0013 1.0385 1.0221 1.0044 1.0026 1.027 1.0046 1.0283 1.027 
1.0074 1.0031 1.0181 1.0099 1.0455 1.0367 1.0402 1.0098 1.0281 1.0094 
1.0167 1.0445 1.0324 1.0294 1.0341 1.0495 1.0318 1.0017 1.0227 1.0426 
1.0007 1.0213 1.0351 1.0022 1.0235 1.0181 1.0029 1.0476 1.0087 1.0455 
1.0021 1.0121 1.0436 1.0415 1.017 1.0408 1.0069 1.0411 1.0086 1.0326 
1.0052 1.0282 1.0188 1.0161 1.0179 1.0438 1.0136 1.043 1.0282 1.0185 
1.005 1.0367 1.0223 1.0244 1.0417 1.0267 1.0389 1.0411 1.0349 1.0488 
1.0318 1.0483 1.0395 1.0427 1.0037 1.0393 1.0488 1.0042 1.0167 1.0259 
1.0481 1.0299 1.0279 1.038 1.0301 1.0499 1.0051 1.0484 1.0391 1.0017 
1.0181 1.0457 1.0122 1.0467 1.0236 1.0239 1.023 1.0318 1.0068 1.0175 
1.0441 1.0142 1.0415 1.0126 1.0037 1.0252 1.0412 1.0124 1.036 1.0288 
1.0076 1.0083 1.0334 1.0037 1.0436 1.0432 1.0173 1.0379 1.007 1.0401 
1.0359 1.0082 1.0419 1.0152 1.0283 1.0204 1.02 1.0423 1.0041 1.0073 
1.0263 1.0224 1.0203 1.0234 1.0253 1.0055 1.0124 1.0492 1.0066 1.0054 
1.0437 1.0149 1.0049 1.0196 1.0437 1.0088 1.0497 1.0433 1.0401 1.0437 
1.0286 1.0065 1.0139 1.0323 1.0368 1.0078 1.0498 1.0305 1.0124 1.0196 
1.0146 1.0034 1.0204 1.0335 1.043 1.024 1.0026 1.0119 1.0143 1.0376 
1.0471 1.0119 1.0299 1.0079 1.0118 1.0282 1.0126 1.0368 1.0175 1.0207 
1.0275 1.0025 1.0336 1.0259 1.0107 1.0499 1.0367 1.0301 1.0193 1.0482 
1.0172 1.0061 1.0458 1.0263 1.0317 1.0111 1.0143 1.012 1.0312 1.0001 
1.0127 1.0462 1.0139 1.0316 1.0186 1.0477 1.0275 1.0432 1.0282 1.0357 
1.0417 1.0335 1.025 1.0211 1.0208 1.0372 1.022 1.0238 1.0065 1.021 
1.0459 1.0091 1.0323 1.0198 1.036 1.0194 1.0304 1.0109 1.0492 1.005 
1.0275 1.0062 1.0187 1.0411 1.0282 1.0361 1.0303 1.0227 1.0291 1.0147 
1.0132 1.0172 1.0177 1.0385 1.0203 1.0243 1.0314 1.0235 1.0209 1.0463 
1.0042 1.0188 1.0345 1.0008 1.0483 1.016 1.0352 1.0054 1.0135 1.0213 
1.0088 1.0387 1.0005 1.0106 1.0211 1.0215 1.0115 1.0065 1.0245 1.0161 
1.0132 1.0066 1.018 1.0187 1.0373 1.0252 1.0212 1.0121 1.0114 1.0053 
1.0154 1.0236 1.0382 1.0369 1.0029 1.0057 1.0102 1.0443 1.0479 1.0439 
1.0214 1.0026 1.0471 1.0237 1.0173 1.0236 1.0167 1.0431 1.0128 1.0192 
1.0341 1.0327 1.0344 1.0238 1.0475 1.0183 1.0467 1.0089 1.028 1.0026 
1.0223 1.0437 1.0375 1.0412 1.0441 1.0217 1.0418 1.0242 1.0057 1.0146 
1.0059 1.0277 1.0487 1.048 1.0342 1.0389 1.0302 1.0072 1.0032 1.0481 
1.0007 1.0068 1.031 1.0222 1.006 1.0351 1.0144 1.0237 1.0349 1.0036 
1.0339 1.012 1.011 1.014 1.0309 1.0179 1.0274 1.0185 1.0312 1.0051 
1.0076 1.0278 1.0495 1.0292 1.0365 1.0264 1.0096 1.0116 1.0073 1.0268 
1.0397 1.0123 1.0213 1.0306 1.0032 1.0092 1.0104 1 1.036 1.0023 
1.0452 1.0328 1.0214 1.0285 1.0399 1.0089 1.0167 1.0093 1.0211 1.0249 
1.0476 1.0456 1.0239 1.0254 1.0228 1.0112 1.0263 1.0322 1.0325 1.01 
1.025 1.0221 1.013 1.0175 1.0405 1.0281 1.0119 1.033 1.0347 1.0154 
1.0069 1.0319 1.0443 1.0153 1.0228 1.0311 1.003 1.0049 1.0206 1.0274 
1.0314 1.0408 1.0065 1.011 1.0013 1.0399 1.0284 1.0161 1.0334 1.0121 
1.0014 1.0315 1.0485 1.017 1.0144 1.0059 1.0321 1.0083 1.0344 1.0116 
1.0319 1.0224 1.0105 1.0196 1.046 1.026 1.0329 1.0012 1.0063 1.0032 
1.026 1.0443 1.0384 1.0186 1.0468 1.0111 1.0488 1.0408 1.0194 1.0427 
1.0198 1.0422 1.0342 1.0144 1.0281 1.0257 1.0429 1.0294 1.0323 1.0436 
1.037 1.0275 1.0398 1.0226 1.0003 1.0093 1.0373 1.0153 1.043 1.0111 
1.0481 1.0081 1.0212 1.0382 1.0456 1.0401 1.0427 1.0081 1.0066 1.0155 
1.0338 1.0035 1.0282 1.0009 1.0417 1.0418 1.0264 1.0302 1.0256 1.0196 
1.012 1.0481 1.0093 1.0113 1.0085 1.0086 1.0184 1.0284 1.0363 1.0395 
1.0334 1.0083 1.0317 1.0489 1.0251 1.0244 1.034 1.0355 1.0188 1.0014 
1.0112 1.0113 1.0373 1.0171 1.0448 1.0153 1.0044 1.0455 1.0212 1.0498 
1.0202 1.0448 1.012 1.0454 1.007 1.0424 1.0268 1.017 1.0075 1.0372 
1.0006 1.0271 1.0077 1.0354 1.0259 1.0383 1.0115 1.0477 1.0042 1.0412 
1.0155 1.0196 1.0002 1.024 1.0266 1.0088 1.0326 1.0222 1.0454 1.0054 
1.0186 1.0176 1.0429 1.0068 1.0199 1.0078 1.0284 1.0178 1.0151 1.0414 
1.0184 1.0293 1.0454 1.0356 1.0319 1.0295 1.0115 1.0068 1.0351 1.0398 
1.0111 1.0193 1.0354 1.0089 1.0303 1.0292 1.0297 1.0407 1.0249 1.0269 
1.0271 1.0195 1.0206 1.0114 1.014 1.0403 1.0005 1.037 1.0147 1.0065 
1.0361 1.0467 1.0063 1.0083 1.029 1.0287 1.0185 1.0494 1.0277 1.0487 
1.0283 1.0385 1.0295 1.0073 1.0083 1.0107 1.0437 1.0004 1.0327 1.0078 
1.0125 1.0442 1.0083 1.0306 1.0107 1.0189 1.0048 1.0133 1.0189 1.0101 
1.0232 1.0256 1.0111 1.0117 1.0077 1.0342 1.014 1.0187 1.0226 1.0255 
1.0293 1.0261 1.0084 1.0188 1.0346 1.0258 1.0261 1.0377 1.0406 1.0449 
1.0187 1.0119 1.0258 1.0376 1.0407 1.0299 1.0115 1.0459 1.0248 1.027 
1.014 1.0336 1.011 1.0103 1.0001 1.0255 1.0133 1.0002 1.0094 1.0205 
1.0155 1.0098 1.0062 1.0346 1.0469 1.035 1.002 1.0401 1.0005 1.0279 
1.0139 1.0143 1.0129 1.0145 1.0492 1.0464 1.0186 1.0302 1.0036 1.0352 
1.0344 1.0195 1.0446 1.0394 1.0441 1.0209 1.0215 1.0485 1.0452 1.0131 
1.0481 1.0013 1.0379 1.0491 1.0337 1.0141 1.0198 1.0282 1.0308 1.022 
1.0358 1.0104 1.038 1.024 1.0342 1.0103 1.0442 1.0425 1.0025 1.0159 
1.0335 1.0472 1.0484 1.0082 1.0467 1.0388 1.0117 1.0324 1.0093 1.0285 
1.0297 1.0094 1.0133 1.0306 1.0234 1.0386 1.0258 1.0454 1.0075 1.0462 
1.0208 1.0491 1.0292 1.0362 1.026 1.0003 1.0165 1.0311 1.0157 1.0468 
1.0223 1.0126 1.0328 1.0026 1.0397 1.0208 1.0103 1.0186 1.0227 1.0483 
1.0291 1.0232 1.0244 1.0317 1.0385 1.0341 1.0484 1.0148 1.0085 1.0198 
1.0485 1.0465 1.0414 1.0174 1.0208 1.0276 1.0265 1.017 1.0178 1.0344 
1.0457 1.0057 1.0276 1.0211 1.045 1.0202 1.0354 1.0449 1.0149 1.0179 
1.0482 1.0366 1.0156 1.0389 1.0449 1.0133 1.0275 1.0093 1.0322 1.0391 
1.0161 1.0229 1.0088 1.0431 1.0162 1.0091 1.0432 1.0322 1.0033 1.005 
1.031 1.045 1.0398 1.0483 1.034 1.0407 1.0491 1.0489 1.0439 1.0246 
1.0478 1.0052 1.0327 1.0174 1.0353 1.015 1.0077 1.0135 1.0109 1.0331 
1.0135 1.0448 1.022 1.0043 1.039 1.0136 1.0158 1.0289 1.049 1.0121 
1.0057 1.0162 1.0495 1.0173 1.004 1.049 1.0232 1.0348 1.0125 1.0355 
1.0281 1.0369 1.0395 1.0476 1.0097 1.0017 1.0166 1.0087 1.0371 1.0049 
1.0468 1.0346 1.0203 1.0332 1.0148 1.0238 1.0409 1.0384 1.0341 1.0102 
1.0298 1.0311 1.0145 1.0363 1.0288 1.0121 1.0178 1.0188 1.0499 1.046 
1.0149 1.0103 1.0087 1.0228 1.0241 1.0452 1.0324 1.026 1.0231 1.0145 
1.0387 1.0169 1.0096 1.0223 1.0271 1.0305 1.0382 1.0129 1.024 1.0079 
1.019 1.039 1.0003 1.0177 1.0029 1.022 1.0246 1.027 1.0345 1.0098 
1.0313 1.0041 1.0443 1.025 1.0073 1.0489 1.0063 1.0467 1.0468 1.0179 
1.0108 1.048 1.0458 1.0385 1.0312 1.0302 1.001 1.0045 1.0014 1.013 
1.0292 1.0261 1.035 1.0271 1.0413 1.0291 1.006 1.0406 1.0011 1.0196 
1.031 1.0111 1.0311 1.0181 1.0043 1.0147 1.0304 1.0226 1.0444 1.0266 
1.0186 1.0303 1.0172 1.0315 1.0263 1.0423 1.037 1.0178 1.0484 1.0478 
1.0255 1.0333 1.0247 1.023 1.0041 1.0382 1.0228 1.0138 1.0444 1 
1.023 1.0003 1.011 1.01 1.0288 1.0146 1.0336 1.0091 1.0119 1.0306 
1.0435 1.0153 1.0293 1.0106 1.0188 1.0051 1.049 1.007 1.0292 1.0007 
1.049 1.0214 1.0403 1.0204 1.0371 1.0422 1.0147 1.0194 1.0381 1.0416 
1.0199 1.0259 1.0435 1.0431 1.0488 1.0468 1.0004 1.0386 1.0064 1.0249 
1.0206 1.0197 1.0289 1.0187 1.0033 1.0281 1.0272 1.0299 1.0175 1.0249 
1.0339 1.0203 1.0483 1.0112 1.0176 1.0112 1.0472 1.0338 1.0091 1.0124 
1.0463 1.0043 1.0074 1.0275 1.0131 1.0053 1.0223 1.0369 1.0111 1.0368 
1.0085 1.043 1.0494 1.043 1.0066 1.0452 1.0079 1.0237 1.0196 1.0204 
1.0363 1.0414 1.0007 1.0199 1.0311 1.0176 1.0111 1.034 1.04 1.0344 
1.0303 1.0387 1.0226 1.0149 1.0329 1.0119 1.0437 1.0003 1.0026 1.0019 
1.0226 1.024 1.0416 1.0386 1.0257 1.0175 1.0062 1.0057 1.0066 1.0293 
1.028 1.0158 1.0214 1.0152 1.0296 1.019 1.0322 1.0197 1.0132 1.0073 
1.009 1.0337 1.0141 1.0253 1.0119 1.0084 1.0147 1.02 1.0249 1.0251 
1.0186 1.0123 1.0089 1.0098 1.0157 1.024 1.0318 1.0395 1.0005 1.0402 
1.0254 1.0056 1.0036 1.0156 1.0126 1.0347 1.0441 1.0426 1.0489 1.0113 
1.0283 1.0106 1.0283 1.035 1.0274 1.0482 1.0053 1.0143 1.0298 1.0101 
1.0008 1.0399 1.0387 1.0445 1.017 1.0022 1.0027 1.0488 1.0074 1.0386 
1.0162 1.0106 1.0136 1.0048 1.0291 1.0334 1.0081 1.0483 1.0416 1.0415 
1.048 1.0379 1.0459 1.0441 1.0464 1.0246 1.007 1.0127 1.0296 1.0069 
1.0472 1.0047 1.0001 1.0081 1.0121 1.0236 1.0103 1.004 1.01 1.0304 
1.0435 1.0044 1.0074 1.0386 1.0327 1.0004 1.0262 1.0273 1.0138 1.0144 
1.0427 1.0154 1.0157 1.0363 1.0446 1.0418 1.0002 1.0452 1.04 1.0228 
1.0116 1.036 1.041 1.0401 1.0292 1.0027 1.0347 1.0041 1.0215 1.0164 
1.0102 1.0265 1.012 1.0134 1.0445 1.0178 1.0443 1.0376 1.0285 1.0389 
1.0133 1.0247 1.0455 1.0235 1.0278 1.0418 1.0378 1.0054 1.0273 1.0498 
1.0142 1.0152 1.0406 1.0191 1.0008 1.0436 1.0222 1.0339 1.0299 1.0427 
1.0494 1.0318 1.0346 1.0094 1.0465 1.0178 1.0019 1.0209 1.0224 1.0332 
1.0048 1.0041 1.0447 1.0002 1.018 1.0469 1.0062 1.011 1.0012 1.0041 
1.0463 1.0475 1.0138 1.0488 1.0058 1.0454 1.0281 1.01 1.0246 1.0412 
1.0139 1.0219 1.0357 1.0178 1.0032 1.0149 1.0279 1.0337 1.0044 1.0463 
1.0107 1.0256 1.0126 1.023 1.0307 1.0026 1.0089 1.046 1.0157 1.0456 
1.0224 1.0174 1.0074 1.0342 1.0005 1.0151 1.005 1.0257 1.0099 1.0176 
1.0328 1.0242 1.034 1.0069 1.0147 1.0136 1.048 1.043 1.0217 1.0371 
1.0235 1.0253 1.0223 1.0212 1.0181 1.0095 1.045 1.0231 1.0336 1.007 
1.014 1.0188 1.0241 1.0158 1.0149 1.0393 1.0327 1.001 1.0364 1.0156 
1.0448 1.0161 1.0013 1.0425 1.0074 1.0312 1.0441 1.0033 1.0325 1.0346 
1.048 1.0105 1.0045 1.0343 1.0097 1.0016 1.0295 1.0417 1.0458 1.0094 
1.0111 1.0448 1.0478 1.0255 1.0449 1.0372 1.0313 1.0215 1.0424 1.0297 
1.0371 1.0423 1.0169 1.0154 1.0388 1.0389 1.0016 1.038 1.0401 1.0387 
1.0396 1.0481 1.0346 1.0425 1.043 1.0324 1.0215 1.0164 1.0101 1.0152 
1.0425 1.0225 1.0075 1.0005 1.0371 1.0051 1.0314 1.0069 1.0233 1.03 
1.0155 1.0195 1.0407 1.0314 1.0258 1.0164 1.0085 1.0126 1.008 1.0195 
1.0193 1.0472 1.0338 1.029 1.0373 1.0089 1.0082 1.0009 1.0496 1.0368 
1.0387 1.0395 1.0291 1.0034 1.016 1.0207 1.018 1.019 1.0157 1.0141 
1.0353 1.04 1.0081 1.018 1.0469 1.0034 1.0063 1.0374 1.0048 1.0228 
1.018 1.0234 1.0409 1.0274 1.0412 1.0102 1.0429 1.0183 1.0465 1.0305 
1.0013 1.0324 1.006 1.0346 1.027 1.0296 1.0033 1.001 1.0424 1.0266 
1.0222 1.0155 1.0197 1.0171 1.023 1.0253 1.0212 1.0465 1.0015 1.0341 
1.0302 1.0119 1.0237 1.02 1.0263 1.0195 1.0309 1.0188 1.0156 1.0361 
1.0011 1.0073 1.004 1.0409 1.015 1.0187 1.0392 1.035 1.0064 1.0163 
1.0319 1.0289 1.0336 1.0051 1.0334 1.0298 1.0206 1.0206 1.0257 1.0244 
1.0204 1.026 1.0146 1.0323 1.0371 1.035 1.0205 1.0153 1.0496 1.0461 
1.0084 1.041 1.0119 1.0001 1.0008 1.0481 1.0267 1.0431 1.0496 1.037 
1.0159 1.017 1.0046 1.0017 1.0413 1.0214 1.0179 1.0099 1.0009 1.0086 
1.0382 1.0456 1.0336 1.0004 1.0192 1.0196 1.0474 1.0471 1.0111 1.0482 
1.0132 1.0204 1.0212 1.0146 1.0462 1.0496 1.0045 1.035 1.018 1.0005 
1.0235 1.0395 1.0195 1.0058 1.014 1.016 1.0287 1.0364 1.0121 1.0191 
1.0215 1.0466 1.0065 1.0131 1.0204 1.0085 1.0365 1.0159 1.0173 1.0101 
1.0479 1.0497 1.0426 1.0378 1.0121 1.0485 1.0216 1.0295 1.0476 1.0038 
1.0241 1.0007 1.0036 1.0261 1.0052 1.0148 1.0137 1.0409 1.0379 1.0432 
1.043 1.0059 1.0063 1.0442 1.0442 1.0287 1.0488 1.0386 1.0132 1.023 
1.037 1.0072 1.0079 1.0498 1.0278 1.0351 1.047 1.021 1.0025 1.0121 
1.0016 1.0287 1.0458 1.0141 1.0139 1.0404 1.0114 1.0283 1.0198 1.01 
1.0497 1.0419 1.0156 1.0249 1.0102 1.0133 1.0075 1.0119 1.0487 1.0468 
1.0006 1.0298 1.0395 1.0473 1.0034 1.0197 1.0404 1.0326 1.0463 1.0171 
1.0268 1.0222 1.0345 1.0283 1.0422 1.0056 1.0133 1.036 1.0465 1.0064 
1.0214 1.0357 1.0301 1.0073 1.0355 1.0411 1.0116 1.0183 1.0494 1.0074 
1.0355 1.0298 1.0077 1.0012 1.0353 1.0416 1.0433 1.029 1.0408 1.0488 
1.008 1.0047 1.0331 1.0408 1.0036 1.0432 1.0114 1.0272 1.0344 1.0497 
1.046 1.0347 1.0201 1.0216 1.007 1.044 1.0233 1.0255 1.0053 1.0029 
1.035 1.0282 1.013 1.0217 1.0483 1.0191 1.0119 1.0304 1.0291 1.0189 
1.0245 1.0356 1.015 1.0083 1.0368 1.0205 1.0123 1.0085 1.0099 1.0216 
1.0183 1.0015 1.046 1.0083 1.0407 1.0465 1.0437 1.0051 1.0472 1.0363 
1.0473 1.0327 1.0296 1.0318 1.0205 1.0204 1.0403 1.0182 1.0271 1.0298 
1.0284 1.0022 1.0492 1.0127 1.0008 1.0425 1.0236 1.0201 1.0305 1.0114 
1.0094 1.0456 1.0403 1.0178 1.0293 1.0408 1.0241 1.0036 1.0191 1.0036 
1.0064 1.0109 1.0331 1.006 1.0107 1.001 1.036 1.0452 1.0366 1.0435 
1.0387 1.035 1.0284 1.0097 1.0113 1.0136 1.0071 1.0482 1.0295 1.0009 
1.0239 1.0267 1.0174 1.0202 1.0002 1.0118 1.0291 1.0055 1.0002 1.0149 
1.0202 1.0168 1.0115 1.0007 1.0124 1.0469 1.0487 1.0134 1.0191 1.0453 
1.0139 1.0497 1.0053 1.0166 1.036 1.0242 1.0156 1.0396 1.0334 1.0298 
1.0141 1.0229 1.0443 1.0044 1.003 1.0103 1.0055 1.0031 1.0021 1.0476 
1.0491 1.0204 1.023 1.0162 1.0243 1.0364 1.0316 1.0317 1.0104 1.0414 
1.0217 1.0446 1.0338 1.0247 1.0319 1.0213 1.0203 1.0161 1.0325 1.029 
1.0301 1.025 1.0373 1.0288 1.02 1.0429 1.0205 1.0418 1.045 1.0482 
1.0057 1.0182 1.0398 1.0014 1.0121 1.0339 1.0339 1.0088 1.0375 1.0393 
1.0055 1.0022 1.0043 1.0008 1.0356 1.0363 1.0241 1.0281 1.0005 1.0115 
1.0407 1.0076 1.0056 1.0008 1.0328 1.0334 1.0419 1.0086 1.04 1.0041 
1.012 1.0061 1.0169 1.0442 1.0077 1.0445 1.0141 1.0194 1.018 1.0151 
1.0273 1.0241 1.0327 1.015 1.0429 1.0122 1.02 1.0424 1.0149 1.0115 
1.0083 1.0238 1.0312 1.0219 1.0496 1.0113 1.0114 1.0077 1.0202 1.0395 
1.0131 1.008 1.0308 1.0266 1.0438 1.0279 1.0344 1.001 1.0107 1.0096 
1.0013 1.0429 1.0449 1.0196 1.0141 1.0366 1.0183 1.0449 1.0082 1.0306 
1.0069 1.0322 1.0484 1.0419 1.0102 1.0293 1.0292 1.0474 1.0271 1.0478 
1.0316 1.0184 1.0302 1.0212 1.007 1.0387 1.0412 1.0046 1.0405 1.0438 
1.0259 1.0088 1.047 1.029 1.0117 1.0118 1.0072 1.0258 1.0305 1.0484 
1.0134 1.0449 1.0035 1.0194 1.0112 1.0031 1.0158 1.001 1.0196 1.049 
1.0111 1.0296 1.0486 1.0034 1.0205 1.0057 1.0007 1.0282 1.0339 1.0315 
1.047 1.044 1.0421 1.0355 1.0155 1.0006 1.0187 1.0392 1.0464 1.0131 
1.0111 1.0472 1.0193 1.0198 1.0081 1.0085 1.0372 1.0357 1.0247 1.0293 
1.0237 1 1.0217 1.0273 1.0102 1.0435 1.0483 1.0374 1.0494 1.021 
1.0274 1.0217 1.0103 1.0407 1.0305 1.0453 1.0289 1.0413 1.0112 1.0158 
1.0285 1.0467 1.0304 1.0188 1.0442 1.0155 1.048 1.0405 1.0327 1.0164 
1.0027 1.0367 1.0289 1.0106 1.0143 1.0445 1.0247 1.0132 1.0133 1.0332 
1.0023 1.0226 1.0206 1.0373 1.0062 1.0253 1.0242 1.0381 1.0135 1.0179 
1.0044 1.0347 1.02 1.0468 1.0441 1.0425 1.0146 1.0061 1.0471 1.0018 
1.0201 1.0438 1.0236 1.0204 1.0007 1.0043 1.0139 1.0409 1.0397 1.005 
1.0272 1.0238 1.0363 1.0184 1.0163 1.0194 1.0341 1.0265 1.0382 1.028 
1.0001 1.0305 1.0406 1.0416 1.0032 1.0048 1.0234 1.0007 1.0075 1.0488 
1.0336 1.0117 1.0147 1.011 1.0235 1.0343 1.0352 1.0111 1.0034 1.0213 
1.0493 1.0095 1.0437 1.0309 1.0056 1.0107 1.0141 1.0117 1.0019 1.0018 
1.0063 1.0125 1.0472 1.0157 1.0091 1.0077 1.0301 1.0109 1.0479 1.0005 
1.0315 1.0305 1.0321 1.0381 1.0048 1.0328 1.0272 1.0036 1.0102 1.0173 
1.0088 1.0232 1.0402 1.0125 1.0183 1.0364 1.0229 1.0047 1.0372 1.0369 
1.0445 1.027 1.0442 1.0141 1.0247 1.0401 1.0264 1.0332 1.0224 1.0461 
1.0091 1.0096 1.0066 1.0014 1.0143 1.0052 1.0144 1.0223 1.0215 1.014 
1.004 1.0231 1.0296 1.0099 1.0384 1.0211 1.0289 1.0436 1.0083 1.0388 
1.036 1.0167 1.009 1.0224 1.0062 1.0119 1.0302 1.0299 1.0055 1.0444 
1.0176 1.0402 1.034 1.0327 1.023 1.0185 1.0058 1.0123 1.0407 1.0109 
1.0016 1.0187 1.0335 1.008 1.0464 1.0237 1.0199 1.0372 1.0314 1.0161 
1.01 1.0382 1.0076 1.0018 1.039 1.03 1.0089 1.0028 1.039 1.0217 
1.0332 1.0195 1.0461 1.0479 1.0148 1.0459 1.0097 1.0216 1.0022 1.0348 
1.047 1.0245 1.0014 1.008 1.0394 1.0117 1.029 1.0291 1.0464 1.0114 
1.0243 1.035 1.0303 1.0345 1.0497 1.0455 1.0441 1.0402 1.0037 1.0244 
1.011 1.0313 1.0005 1.043 1.0311 1.0384 1.0292 1.0087 1.0231 1.0109 
1.0495 1.0271 1.0392 1.0412 1.0439 1.04 1.0473 1.0068 1.0319 1.0232 
1.0027 1.012 1.0144 1.0188 1.0029 1.0193 1.0299 1.0034 1 1.0114 
1.0275 1.005 1.0106 1.0153 1.0144 1.048 1.0423 1.006 1.0132 1.0484 
1.0238 1.0427 1.0208 1.046 1.0162 1.0032 1.0101 1.0098 1.0336 1.0262 
1.0259 1.0057 1.0394 1.0326 1.0205 1.0034 1.0192 1.0406 1.0234 1.0066 
1.0054 1.0005 1.0095 1.0334 1.0067 1.006 1.0399 1.0202 1.0348 1.0401 
1.0452 1.0098 1.0308 1.0333 1.0094 1.0006 1.0231 1.0282 1.0432 1.0303 
1.0328 1.0091 1.0357 1.0214 1.0235 1.0348 1.0269 1.0389 1.0486 1.0333 
1.045 1.0156 1.0484 1.0357 1.0105 1.0162 1.0492 1.0262 1.0348 1.0475 
1.0407 1.0014 1.0119 1.048 1.0172 1.0093 1.0357 1.0257 1.0175 1.0286 
1.0254 1.0283 1.0372 1.0048 1.0063 1.0282 1.0181 1.0018 1.023 1.0124 
1.0183 1.0384 1.017 1.0431 1.0096 1.0135 1.0301 1.0271 1.0157 1.0014 
1.0076 1.0472 1.0275 1.0223 1.0122 1.0359 1.0107 1.0266 1.0169 1.0122 
1.0302 1.0153 1.0238 1.0177 1.0168 1.0455 1.0363 1.0026 1.0293 1.0152 
1.017 1.0288 1.0329 1.0304 1.0319 1.0312 1.0164 1.0287 1.003 1.024 
1.0455 1.0442 1.0438 1.012 1.036 1.0033 1.0301 1.0334 1.02 1.028 
1.0206 1.0497 1.0045 1.0401 1.0175 1.0301 1.0461 1.0237 1.0446 1.0269 
1.0021 1.021 1.049 1.0337 1.0286 1.0438 1.0325 1.017 1.0084 1.021 
1.0297 1.0355 1.0284 1.0269 1.0492 1.0372 1.023 1.043 1.0152 1.0182 
1.0083 1.0163 1.0147 1.0301 1.0067 1.0303 1.0478 1.0381 1.0074 1.0115 
1.0004 1.036 1.0015 1.0208 1.0478 1.0098 1.0494 1.0461 1.0084 1.0474 
1.0483 1.0282 1.0154 1.024 1.0359 1.0247 1.0064 1.0472 1.0114 1.0387 
1.0023 1.005 1.0236 1.0471 1.0409 1.0247 1.0192 1.0312 1.0411 1.001 
1.0375 1.0444 1.0001 1.017 1.0155 1.0307 1.0041 1.0307 1.0167 1.038 
1.0496 1.0447 1.0148 1.0065 1.0345 1.0232 1.0433 1.0033 1.0487 1.0419 
1.0435 1.0288 1.0346 1.0263 1.038 1.0164 1.0376 1.007 1.0405 1.0399 
1.0394 1.0427 1.0277 1.0375 1.0368 1.0096 1.0176 1.0149 1.0173 1.011 
1.0335 1.0037 1 1.0071 1.0298 1.037 1.0198 1.0271 1.0112 1.0309 
1.0025 1.0238 1.0081 1.0038 1.0208 1.0052 1.035 1.0231 1.0436 1.0263 
1.0153 1.0179 1.0162 1.0077 1.0271 1.0162 1.0007 1.0022 1.001 1.0327 
1.002 1.002 1.0338 1.0139 1.0202 1.0115 1.0074 1.0152 1.0124 1.0472 
1.0007 1.0164 1.025 1.0476 1.0297 1.0183 1.005 1.0486 1.0491 1.0294 
1.0017 1.0109 1.0044 1.0254 1.0109 1.0211 1.0125 1.0156 1.0088 1.0159 
1.0321 1.015 1.0083 1 1.0058 1.0421 1.0244 1.0109 1.005 1.0425 
1.0228 1.0324 1.031 1.0178 1.0201 1.0206 1.0094 1.0293 1.02 1.0077 
1.0493 1.0274 1.021 1.0149 1.0383 1.0439 1.0245 1.0323 1.0456 1.0041 
1.0288 1.0207 1.013 1.0408 1.0482 1.0112 1.0193 1.0257 1.0007 1.0105 
1.0494 1.0308 1.0163 1.0222 1.0258 1.0372 1.0388 1.0023 1.0072 1.0346 
1.007 1.0012 1.029 1.046 1.0149 1.0215 1.0096 1.0265 1.0399 1.0477 
1.0118 1.0064 1.0251 1.0427 1.0188 1.0343 1.0457 1.0328 1.025 1.0314 
1.0106 1.0214 1.0064 1.0209 1.0234 1.0471 1.0398 1.0024 1.0357 1.0316 
1.0332 1.0076 1.0191 1.0316 1.043 1.0434 1.02 1.0394 1.0382 1.0446 
1.0055 1.0182 1.0086 1.0075 1.0356 1.0299 1.0407 1.0374 1.0367 1.0029 
1.0014 1.0396 1.0395 1.0269 1.0154 1.0448 1.0104 1.0014 1.0322 1.0284 
1.0357 1.0229 1.0365 1.0394 1.0253 1.0456 1.0003 1.0418 1.0468 1.0298 
1.0058 1.0213 1.0084 1.0354 1.0337 1.0021 1.0025 1.0094 1.0127 1.0404 
1.0157 1.0003 1.0116 1.0103 1.0496 1.0394 1.0047 1.0097 1.0052 1.0436 
1.0435 1.0362 1.0408 1.0161 1.0359 1.0195 1.0258 1.0273 1.0379 1.0426 
1.0293 1.0101 1.0374 1.021 1.0444 1.0012 1.0201 1.0415 1.034 1.0145 
1.0385 1.0323 1.0196 1.0177 1.0196 1.0135 1.0234 1.0272 1.0224 1.0176 
1.0477 1.0264 1.022 1.034 1.0229 1.0305 1.0431 1.0325 1.0135 1.0014 
1.0006 1.0308 1.0286 1.0424 1.0273 1.0065 1.0209 1.0353 1.0013 1.0099 
1.0194 1.0272 1.0109 1.0198 1.0165 1.0351 1.001 1.0024 1.0205 1.0075 
1.0091 1.0385 1.04 1.0364 1.0133 1.036 1.035 1.0144 1.0124 1.0343 
1.036 1.0336 1.0374 1.0046 1.0261 1.0258 1.0128 1.0319 1.0076 1.0481 
1.0457 1.0018 1.0447 1.0086 1.0457 1.0313 1.0139 1.0271 1.0287 1.0135 
1.0473 1.0232 1.0218 1.0176 1.0193 1.0273 1.0051 1.04 1.0229 1.0151 
1.0142 1.0025 1.0333 1.0267 1.0289 1.0422 1.03 1.0273 1.0237 1.0066 
1.0129 1.037 1.0262 1.0216 1.0462 1.0187 1.0483 1.0436 1.0077 1.005 
1.037 1.043 1.0374 1.0499 1.0369 1.0181 1.0348 1.0441 1.0321 1.0303 
1.0331 1.0089 1.0421 1.0327 1.0073 1.0278 1.0098 1.0279 1.0224 1.0469 
1.033 1.0011 1.0267 1.0407 1.0431 1.0302 1.0305 1.0236 1.0166 1.0247 
1.0254 1.0215 1.0415 1.0438 1.0211 1.0083 1.0003 1.0017 1.0012 1.0188 
1.0103 1.0441 1.016 1.0247 1.0022 1.0457 1.0149 1.0446 1.023 1.0365 
1.0089 1.0103 1.0063 1.0146 1.0084 1.015 1.0049 1.0214 1.0114 1.0149 
1.0451 1.0178 1.0371 1.016 1.0319 1.0056 1.0061 1.0057 1.024 1.0246 
1.0151 1.0277 1.0173 1.009 1.0152 1.0168 1.0468 1.0071 1.0321 1.0022 
1.012 1.0456 1.0186 1.0223 1.0018 1.0376 1.045 1.0496 1.0242 1.0261 
1.0426 1.0133 1.0172 1.0377 1.0212 1.0457 1.0093 1.0242 1.02 1.0409 
1.0128 1.0417 1.0115 1.0309 1.0012 1.0322 1.0014 1.0225 1.0176 1.0273 
1.0433 1.0131 1.032 1.0196 1.0081 1.0364 1.0477 1.0087 1.0198 1.032 
1.022 1.028 1.0317 1.0153 1.0363 1.0441 1.0181 1.0087 1.0293 1.0022 
1.0176 1.0258 1.0412 1.0491 1.0109 1.0096 1.0251 1.0273 1.0424 1.0474 
1.0292 1.0384 1.0217 1.0304 1.0122 1.0025 1.0036 1.0123 1.038 1.0153 
1.044 1.0066 1.0467 1.001 1.0135 1.0197 1.0252 1.0144 1.0302 1.0134 
1.0252 1.0322 1.0273 1.0408 1.0227 1.0178 1.0261 1.0053 1.0031 1.0483 
1.0096 1.0334 1.0127 1.0206 1.0489 1.0018 1.0167 1.0287 1.0088 1.0351 
1.0093 1.0088 1.048 1.0392 1.0277 1.0218 1.0159 1.0043 1.0458 1.0015 
1.0218 1.0393 1.0381 1.0332 1.0242 1.0492 1.0441 1.014 1.0478 1.0272 
1.0035 1.0252 1.0447 1.0178 1.0378 1.0456 1.0184 1.0316 1.0138 1.0086 
1.0277 1.0425 1.045 1.0198 1.0169 1.0056 1.026 1.031 1.0443 1.0462 
1.0065 1.0031 1.0426 1.0497 1.0404 1.0107 1.0377 1.0166 1.0315 1.0252 
1.0362 1.0451 1.0295 1.0284 1.0128 1.0437 1.0479 1.0371 1.0395 1.0187 
1.0032 1.0395 1.0075 1.0476 1.0407 1.043 1.0285 1.0494 1.0299 1.0485 
1.0041 1.0012 1.0317 1.015 1.0079 1.0021 1.0322 1.0071 1.0436 1.0305 
1.0304 1.0105 1.0327 1.0495 1.0083 1.008 1.0333 1.0336 1.0253 1.0097 
1.0066 1.0295 1.0119 1.0052 1.0261 1.0197 1.015 1.0484 1.0454 1.0283 
1.0395 1.0043 1.0478 1.0046 1.0155 1.0478 1.041 1.0414 1.0446 1.0175 
1.0416 1.0114 1.0024 1.0241 1.0178 1.0418 1.0056 1.0202 1.0452 1.0318 
1.0488 1.0268 1.0225 1.0139 1.0021 1.0194 1.0352 1.0036 1.0261 1.0007 
1.0389 1.0407 1.0287 1.0384 1.0013 1.0439 1.041 1.0405 1.0278 1.0263 
1.0168 1.0241 1.0048 1.0052 1.0055 1.0147 1.0107 1.014 1.0341 1.012 
1.015 1.0388 1.0364 1.0231 1.0055 1.0396 1.0366 1.0058 1.0297 1.0464 
1.0283 1.0365 1.0458 1.0453 1.0063 1.0471 1.0448 1.002 1.0146 1.0237 
1.0158 1.0101 1.0388 1.042 1.007 1.0336 1.037 1.0063 1.039 1.0489 
1.045 1.0096 1.0023 1.0306 1.0026 1.0281 1.0094 1.0417 1.0128 1.0442 
1.035 1.0209 1.0153 1.0137 1.038 1.0489 1.0087 1.0103 1.0281 1.0248 
1.0087 1.0261 1.0145 1.0064 1.0391 1.0196 1.022 1.0009 1.0172 1.0141 
1.019 1.0432 1.0136 1.046 1.0243 1.0391 1.0278 1.0164 1.0228 1.0159 
1.0061 1.0284 1.0467 1.0061 1.027 1.0351 1.0265 1.0385 1.0036 1.0441 
1.025 1.0036 1.0118 1.048 1.0456 1.0195 1.0164 1.0154 1.0207 1.0068 
1.0022 1.0285 1.0025 1.0345 1.0498 1.0406 1.0414 1.0451 1.0118 1.0143 
1.0002 1.0253 1.0229 1.0279 1.0378 1.0293 1.0194 1.0483 1.0035 1.0486 
1.0397 1.0482 1.0361 1.0319 1.0051 1.0312 1.0159 1.0447 1.008 1.044 
1.0243 1.0069 1.0211 1.0347 1.0029 1.0477 1.0412 1.0232 1.0411 1.0052 
1.044 1.0358 1.0276 1.0204 1.0006 1.0294 1.0045 1.0476 1.0181 1.0494 
1.0039 1.0015 1.0239 1.025 1.0091 1.0362 1.0428 1.046 1.0478 1.0179 
1.0017 1.0035 1.0276 1.0091 1.0227 1.0395 1.0227 1.0484 1.0067 1.0261 
1.0347 1.0083 1.0367 1.0469 1.0334 1.046 1.0314 1.0227 1.0169 1.02 
1.038 1.0326 1.0209 1.033 1.0368 1.0173 1.0187 1.0113 1.0419 1.0272 
1.0452 1.0124 1.0206 1.0055 1.0026 1.0239 1.0414 1.0178 1.0227 1.0465 
1.0229 1.0221 1.0303 1.0159 1.0416 1.0316 1.0043 1.034 1.0384 1.0073 
1.0418 1.0313 1.0402 1.0068 1.0365 1.0163 1.0211 1.0244 1.0367 1.0151 
1.0155 1.008 1.0279 1.0421 1.038 1.0145 1.018 1.014 1.0117 1.0426 
1.0024 1.0125 1.0177 1.0367 1.0396 1.0218 1.0298 1.0259 1.0392 1.0037 
1.0493 1.0428 1 1.0224 1.0055 1.0096 1.041 1.0227 1.0197 1.0017 
1.0081 1.0472 1.016 1.0468 1.0237 1.0119 1.0357 1.0315 1.0127 1.0179 
1.0071 1.0356 1.0468 1.0039 1.03 1.0093 1.0181 1.042 1.0385 1.0034 
1.0221 1.0186 1.0496 1.0452 1.0091 1.0329 1.0272 1.0163 1.0405 1.0034 
1.0108 1.0186 1.0054 1.0438 1.0423 1.0397 1.0263 1.0174 1.0496 1.0411 
1.0332 1.0263 1.0476 1.0097 1.0061 1.0264 1.0464 1.0086 1.0017 1.0486 
1.0013 1.0129 1.0026 1.0028 1.0025 1.0405 1.0102 1.0047 1.0448 1.0075 
1.0263 1.0075 1.0499 1.0469 1.021 1.0358 1.0359 1.0113 1.0145 1.0145 
1.0469 1.0071 1.0456 1.0129 1.0425 1.0295 1.0392 1.0156 1.0184 1.0134 
1.0195 1.0392 1.0411 1.0016 1.0387 1.0014 1.0024 1.0379 1.0183 1.0359 
1.0175 1.0018 1.0245 1.0447 1.0238 1.0456 1.0013 1.0375 1.0045 1.0045 
1.0254 1.0036 1.0029 1.0341 1.0134 1.0197 1.0437 1.0244 1.0133 1.0318 
1.0449 1.0358 1.0048 1.0369 1.027 1.0348 1.0272 1.0433 1.0018 1.0298 
1.0252 1.0464 1.0438 1.0426 1.0238 1.0153 1.0237 1.0065 1.0126 1.0115 
1.0483 1.0069 1.012 1.0225 1.0166 1.0059 1.0269 1.0482 1.0264 1.0486 
1.0415 1.0422 1.0325 1.0244 1.0108 1.0246 1.0174 1.0491 1.0232 1.0248 
1.0306 1.0418 1.0198 1.0391 1.0184 1.0221 1.0281 1.0338 1.0257 1.005 
1.0486 1.0498 1.0144 1.0046 1.0121 1.0261 1.0491 1.0399 1.0268 1.0256 
1.0283 1.0283 1.0152 1.0353 1.023 1.0309 1.0447 1.0266 1.044 1.0263 
1.0244 1.0064 1.0233 1.0363 1.0412 1.0387 1.0253 1.0466 1.0497 1.0053 
1.003 1.0262 1.0498 1.0469 1.0153 1.0014 1.0294 1.0071 1.0153 1.0132 
1.0008 1.0281 1.0065 1.0342 1.041 1.0063 1.032 1.0473 1.0068 1.0306 
1.0007 1.023 1.01 1.0125 1.0221 1.0322 1.0292 1.0029 1.0218 1.0012 
1.0363 1.0027 1.0438 1.0117 1.0336 1.0228 1.0031 1.0035 1.0455 1.0216 
1.0314 1.0362 1.0101 1.0374 1.0378 1.0319 1.011 1.0251 1.0098 1.0417 
1.0285 1.0425 1.0047 1.0374 1.048 1.0118 1.0009 1.0277 1.0164 1.0381 
1.0274 1.0089 1.0011 1.0324 1.0107 1.0363 1.0144 1.0498 1.0299 1.0079 
1.038 1.0207 1.0481 1.0293 1.0431 1.0382 1.0418 1.0354 1.0328 1.0186 
1.0344 1.0455 1.0108 1.0244 1.0357 1.0425 1.0415 1.0336 1.0106 1.0118 
1.0433 1.003 1.0313 1.048 1.0157 1.0451 1.024 1.0384 1.0304 1.0064 
1.0101 1.0336 1.016 1.0386 1.0243 1.0425 1.0117 1.0171 1.0274 1.0034 
1.0456 1.0079 1.0418 1.0005 1.0054 1.0443 1.0196 1.0065 1.0095 1.021 
1.0106 1.0027 1.0435 1.0357 1.0191 1.0113 1.0405 1.0325 1.0318 1.0324 
1.0234 1.0197 1.0043 1.0209 1.0008 1.0309 1.0159 1.0394 1.048 1.0329 
1.0497 1.0165 1.0273 1.0247 1.0225 1.0009 1.0375 1.0153 1.0252 1.0153 
1.029 1.0117 1.0143 1.029 1.0278 1.0229 1.0157 1.0132 1.0478 1.0197 
1.0168 1.0499 1.002 1.0194 1.0395 1.0318 1.0025 1.0406 1.0173 1.0132 
1.0381 1.0041 1.0336 1.0499 1.018 1.0218 1.0212 1.0049 1.0058 1.0334 
1.0142 1.0301 1.0125 1.0036 1.04 1.0021 1.0037 1.0343 1.0154 1.0165 
1.0185 1.03 1.0126 1.0217 1.0052 1.0374 1.0352 1.023 1.016 1.0206 
1.0005 1.0171 1.0182 1.0247 1.0162 1.027 1.0198 1.0123 1.0407 1.0268 
1.0365 1.0204 1.0409 1.0336 1.0148 1.0124 1.0134 1.0438 1.0062 1.0382 
1.0055 1.0056 1.049 1.0469 1.0144 1.019 1.0458 1.0118 1.0307 1.0499 
1.022 1.0492 1.042 1.0143 1.0411 1.0374 1.0079 1.0163 1.0465 1.0235 
1.0114 1.0409 1.0022 1 1.0025 1.0232 1.0455 1.0445 1.0115 1.0284 
1.0435 1.0287 1.0391 1.033 1.0477 1.0181 1.0415 1.0462 1.0068 1.0026 
1.0079 1.0124 1.0164 1.0073 1.0225 1.0245 1.0174 1.0142 1.0351 1.0078 
1.0205 1.0269 1.0218 1.0282 1.0494 1.0453 1.039 1.0016 1.0065 1.0398 
1.0495 1.0475 1.0441 1.0325 1.0158 1.0493 1.0046 1.0051 1.021 1.0374 
1.0481 1.0257 1.038 1.0053 1.0303 1.0012 1.0076 1.0271 1.0041 1.0065 
1.0171 1.0363 1.0068 1.0046 1.0378 1.0294 1.0017 1.0385 1.0333 1.036 
1.0083 1.0364 1.0396 1.0455 1.0172 1.0485 1.0012 1.0002 1.0252 1.0408 
1.0381 1.0132 1.0032 1.0496 1.0422 1.0219 1.0034 1.0203 1.0174 1.035 
1.0286 1.0176 1.0158 1.0351 1.0016 1.0293 1.0103 1.0453 1.0026 1.0108 
1.0377 1.0153 1.0001 1.0326 1.0292 1.0267 1.0152 1.0047 1.0038 1.003 
1.0041 1.0184 1.0289 1.0278 1.033 1.0146 1.0274 1 1.0177 1.0486 
1.0226 1.0443 1.0219 1.0234 1.036 1.0052 1.0403 1.0415 1.014 1.0063 
1.0499 1.0423 1.0439 1.0265 1.0163 1.0409 1.0466 1.0289 1.0444 1.0082 
1.0247 1.0231 1.0171 1.0182 1.0141 1.0414 1.0415 1.0476 1.0235 1.0493 
1.0368 1.0038 1.0288 1.0108 1.0156 1.0089 1.0022 1.0464 1.0199 1.0419 
1.0121 1.0064 1.011 1.019 1.0433 1.0285 1.0033 1.018 1.0479 1.0265 
1.0081 1.0419 1.0079 1.0175 1.0059 1.0383 1.0421 1.0282 1.0366 1.0437 
1.0266 1.001 1.0131 1.0247 1.0229 1.0203 1.0079 1.0313 1.0279 1.0029 
1.0496 1.0026 1.0418 1.0424 1.0308 1.006 1.0365 1.0481 1.0195 1.0044 
1.0201 1.0465 1.0099 1.0141 1.0207 1.0412 1.0204 1.021 1.0426 1.0148 
1.0001 1.0078 1.0253 1.0276 1.0377 1.0372 1.0424 1.0487 1.0311 1.0039 
1.0267 1.0409 1.0008 1.0024 1.0484 1.0015 1.0277 1.0173 1.0239 1.0106 
1.0352 1.0348 1.0086 1.003 1.0234 1.0161 1.039 1.0248 1.0264 1.0388 
1.0495 1.015 1.0102 1.0167 1.0014 1.0069 1.0103 1.0314 1.0365 1.0247 
1.0339 1.0155 1.0479 1.0247 1.0261 1.0144 1.0082 1.0006 1.0169 1.0463 
1.0217 1.0358 1.0329 1.0081 1.0094 1.02 1.0298 1.0342 1.012 1.013 
1.0477 1.0389 1.0084 1.0487 1.0226 1.0263 1.0061 1.0046 1.0194 1.038 
1.0053 1.0373 1.0424 1.0036 1.037 1.0366 1.0245 1.0027 1.0253 1.0127 
1.0408 1.0116 1.0125 1.0423 1.0034 1.0103 1.0032 1.0048 1.0498 1.0145 
1.0086 1.0257 1.0241 1.0251 1.0354 1.0495 1.0129 1.0486 1.0296 1.0348 
1.0383 1.0287 1.0299 1.0352 1.033 1.0423 1.0324 1.0308 1.0226 1.0452 
1.0383 1.0479 1.0385 1.0344 1.0251 1.0163 1.0067 1.0485 1.002 1.044 
1.0352 1.0482 1.0366 1.0011 1.0266 1.0229 1.0079 1.0038 1.0375 1.0141 
1.0357 1.0366 1.0297 1.0122 1.0227 1.0236 1.0289 1.0239 1.0386 1.006 
1.0129 1.034 1.0138 1.0263 1.0265 1.0188 1.0041 1.016 1.0307 1.0368 
1.0418 1.0113 1.011 1.0092 1.0239 1.0291 1.0152 1.0177 1.0118 1.008 
1.0192 1.0164 1.004 1.0135 1.0143 1.015 1.0041 1.0177 1.0036 1.0469 
1.0331 1.013 1.0265 1.025 1.0494 1.0241 1.0448 1.0371 1.0105 1.0245 
1.0292 1.0103 1.0203 1.0172 1.0493 1.0472 1.0174 1.0373 1.0389 1.036 
1.0296 1.0453 1.0383 1.0175 1.0031 1.0213 1.0284 1.0275 1.0454 1.0195 
1.0045 1.0121 1.0059 1.0402 1.0032 1.0151 1.0201 1.0243 1.0034 1.0447 
1.0015 1.0393 1.0212 1.0147 1.0126 1.0479 1.0225 1.0373 1.0037 1.0089 
1.0083 1.0217 1.0327 1.0285 1.0417 1.0352 1.0252 1.0335 1.0169 1.004 
1.0489 1.007 1.0058 1.0494 1.0398 1.0048 1.0444 1.0419 1.0129 1.0231 
1.0163 1.0257 1.0269 1.0102 1.004 1.0399 1.0019 1.0036 1.0497 1.034 
1.0155 1.0379 1.0392 1.0061 1.0198 1.0072 1.0302 1.0438 1.0014 1.0185 
1.0134 1.0166 1.0287 1.0486 1.0252 1.0108 1.0409 1.0384 1.0138 1.0069 
1.0154 1.0467 1.0442 1.0367 1.0261 1.0047 1.0208 1.0096 1.049 1.0442 
1.031 1.0208 1.0017 1.0239 1.043 1.0075 1.0173 1.0106 1.0282 1.0123 
1.0094 1.0199 1.0367 1.0208 1.0191 1.0424 1.011 1.0312 1.0311 1.0014 
1.0406 1.0025 1.0194 1.0078 1.0484 1.0133 1.0114 1.0352 1.0196 1.0186 
1.0228 1.0093 1.0097 1.0302 1.0037 1.0078 1.0129 1.0424 1.0133 1.0315 
1.0069 1.0159 1.0427 1.0493 1.0211 1.0435 1.0197 1.023 1.0318 1.021 
1.0448 1.0418 1.032 1.0085 1.0287 1.022 1.0405 1.047 1.0345 1.0161 
1.0371 1.022 1.0197 1.0216 1.0292 1.0469 1.0329 1.025 1.0043 1.034 
1.0197 1.0192 1.0146 1.0091 1.0377 1.0399 1.006 1.0486 1.0273 1.0049 
1.0063 1.0393 1.0165 1.0097 1.0412 1.0218 1.0208 1.0453 1.0021 1.0015 
1.0396 1.0262 1.049 1.0195 1.0439 1.0445 1.0336 1.0118 1.0433 1.0364 
1.0111 1.023 1.0334 1.0291 1.0467 1.0451 1.0468 1.0465 1.0496 1.041 
1.0272 1.0394 1.0268 1.005 1.0233 1.0229 1.0029 1.0039 1.0314 1.04 
1.0188 1.0464 1.0178 1.0195 1.0161 1.0442 1.0044 1.0403 1.0136 1.0377 
1.0316 1.0209 1.0088 1.0178 1.0286 1.027 1.0254 1.0294 1.0225 1.0455 
1.042 1.0395 1.0285 1.0107 1.0362 1.032 1.0281 1.048 1.014 1.0298 
1.004 1.0251 1.0229 1.0268 1.0256 1.018 1.0344 1.0006 1.0143 1.0118 
1.0142 1.0469 1.0106 1.0055 1.0423 1.0105 1.0147 1.0383 1.02 1.0005 
1.0259 1.0081 1.0352 1.0268 1.0484 1.0366 1.0277 1.0404 1.0203 1.0228 
1.0333 1.0387 1.033 1.0062 1.0438 1.0403 1.036 1.019 1.0155 1.0034 
1.0449 1.0182 1 1.0071 1.0359 1.0356 1.038 1.0411 1.0017 1.0488 
1.0232 1.0152 1.0183 1.0271 1.0199 1.0265 1.0354 1.0177 1.0144 1.0026 
1.0021 1.0267 1.0352 1.0411 1.0208 1.0183 1.0413 1.0139 1.0181 1.0375 
1.0026 1.0083 1.0216 1.0019 1.0363 1.015 1.0364 1.0046 1.0111 1.0063 
1.0306 1.0199 1.0052 1.0165 1.0499 1.017 1.0259 1.03 1.0154 1.0114 
1.0369 1.0165 1.0451 1.0175 1.0489 1.0274 1.0243 1.0335 1.0187 1.0229 
1.0071 1.0336 1.0044 1.0116 1.0478 1.0386 1.0387 1.0235 1.0031 1.0279 
1.0351 1.0242 1.0008 1.0074 1.0058 1.0199 1.0409 1.0136 1.0374 1.0386 
1.0492 1.0152 1.009 1.0094 1.0403 1.041 1.0459 1.0091 1.0082 1.0338 
1.0063 1.026 1.0043 1.0426 1.015 1.0238 1.0383 1.0405 1.0196 1.0341 
1.0239 1.0154 1.0262 1 1.0426 1.0428 1.0191 1.0428 1.0041 1.0211 
1.0313 1.045 1.002 1.0027 1.0452 1.034 1.0451 1.0447 1.0063 1.0386 
1.015 1.004 1.0083 1.0265 1.0108 1.0443 1.0404 1.0229 1.0318 1.0497 
1.0417 1.0277 1.0253 1.0218 1.0318 1.026 1.0105 1.0177 1.0359 1.0321 
1.0449 1.0417 1.0428 1.0089 1.0131 1.0342 1.0335 1.0224 1.0326 1.0441 
1.049 1.0289 1.0181 1.0426 1.0253 1.0111 1.0366 1.0369 1.0486 1.0472 
1.0287 1.0183 1.0415 1.0339 1.0075 1.0273 1.0384 1.039 1.0204 1.0373 
1.0438 1.0101 1.0351 1.0264 1.0495 1.0278 1.0137 1.0071 1.0087 1.0321 
1.0493 1.0302 1.0277 1.0102 1.0225 1.031 1.0123 1.0416 1.0418 1.0435 
1.0427 1.026 1.0034 1.0313 1.0094 1.015 1.0328 1.003 1.0444 1.0131 
1.0427 1.006 1.0112 1.0053 1.0427 1.017 1.0337 1.0395 1.0052 1.0445 
1.0327 1 1.0307 1.0349 1.0087 1.0269 1.0142 1.0074 1.0439 1.0092 
1.0255 1.032 1.0417 1.0328 1.0152 1.0109 1.0022 1.0055 1.0101 1.0453 
1.0101 1.0131 1.0022 1.0454 1.0228 1.018 1.0283 1.0309 1.0435 1.046 
1.0242 1.01 1.0413 1.0384 1.032 1.0386 1.0467 1.0375 1.0334 1.0196 
1.0221 1.0272 1.0065 1.0386 1.0226 1.0017 1.0276 1.0317 1.0039 1.0225 
1.0409 1.0186 1.0081 1.0177 1.005 1.0335 1.0175 1.0047 1.0153 1.03 
1.0354 1.0135 1.0114 1.0236 1.0435 1.039 1.0476 1.0433 1.0316 1.0179 
1.0483 1.049 1.0459 1.0184 1.0465 1.0012 1.0479 1.0306 1.0354 1.0091 
1.0025 1.0285 1.0428 1.0125 1.0422 1.0234 1.0346 1.0279 1.0077 1.0241 
1.0036 1.0443 1.0079 1.0021 1.0156 1.0118 1.049 1.0422 1.022 1.0458 
1.0119 1.0314 1.0116 1.0099 1.0143 1.0007 1.0497 1.0222 1.0456 1.0352 
1.0379 1.0342 1.0291 1.0222 1.0298 1.031 1.0357 1.0101 1.0363 1.0498 
1.0062 1.0107 1.0289 1.0058 1.0185 1.0328 1.0365 1.0144 1.0374 1.0443 
1.0119 1.0414 1.0284 1.0088 1.0306 1.0266 1.0003 1.0018 1.0368 1.006 
1.0289 1.0219 1.0385 1.0117 1.0422 1.0477 1.032 1.0069 1.0202 1.0059 
1.0291 1.0268 1.0458 1.0013 1.0231 1.0377 1.0327 1.0172 1.0352 1.0243 
1.019 1.0174 1.0438 1.0163 1.0303 1.0412 1.0436 1.0301 1.0037 1.0444 
1.0011 1.025 1.0461 1.0074 1.0491 1.0066 1.0202 1.0014 1.0185 1.0375 
1.0392 1.0492 1.0404 1.0198 1.0364 1.0118 1.011 1.0116 1.0084 1.0077 
1.047 1.048 1.0244 1.0358 1.0135 1.009 1.0287 1.0143 1.0166 1.0111 
1.0178 1.0342 1.0488 1.0232 1.0113 1.0262 1.0122 1.0132 1.0491 1.0392 
1.0354 1.045 1.0449 1.0155 1.0054 1.0494 1.0386 1.0338 1.0334 1.0207 
1.0121 1.0474 1.0417 1.0213 1.0342 1.03 1.0296 1.0492 1.0238 1.0008 
1.0469 1.0472 1.0165 1.0024 1.0322 1.0394 1.0201 1.0302 1.0216 1.0091 
1.0045 1.0087 1.0373 1.0468 1.0315 1.0016 1.0368 1.043 1.0094 1.0383 
1.0008 1.0262 1.0258 1.0131 1.0171 1.0403 1.0261 1.0255 1.0005 1.0415 
1.0238 1.0376 1.0395 1.042 1.044 1.0289 1.0429 1.0376 1.0105 1.0051 
1.0056 1.0355 1.0427 1.0208 1.0024 1.0315 1.0287 1.0381 1.0018 1.0376 
1.0297 1.0179 1.0163 1.0377 1.0363 1.0065 1.0056 1.0111 1.0085 1.0308 
1.0236 1.0356 1.0028 1.0059 1.0043 1.0127 1.0177 1.0033 1.0458 1.023 
1.0253 1.0076 1.0203 1.0132 1.0438 1.0047 1.0247 1.0328 1.0477 1.0495 
1.0024 1.0306 1.0342 1.0018 1.0028 1.0365 1.046 1.036 1.0402 1.0228 
1.0293 1.0298 1.0395 1.0492 1.0164 1.0472 1.005 1.0365 1.0093 1.0105 
1.0448 1.0493 1.0497 1.005 1.0295 1.0462 1.0079 1.0223 1.0444 1.0328 
1.0189 1.0481 1.0414 1.0254 1.0011 1.0145 1.0221 1.0484 1.0228 1.0043 
1.0355 1.0209 1.0443 1.0091 1.0082 1.025 1.0126 1.0439 1.037 1.0202 
1.0104 1.0413 1.0136 1.0415 1.004 1.0052 1.0251 1.0253 1.0387 1.0381 
1.0145 1.0314 1.0311 1.0133 1.0297 1.0358 1.0354 1.0095 1.0328 1.0479 
1.0164 1.0247 1.0406 1.0112 1.0057 1.0072 1.0055 1.0237 1.0477 1.0461 
1.0498 1.0075 1.0398 1.0156 1.0184 1.0466 1.0207 1.0303 1.0332 1.0478 
1.0373 1.0385 1.0109 1.0037 1.0314 1.0119 1.0325 1.0317 1.0428 1.0429 
1.0093 1.0007 1.0117 1.0315 1.0056 1.036 1.036 1.0423 1.004 1.0047 
1.0134 1.0374 1.0242 1.0214 1.0094 1.0255 1.0418 1.0292 1.0174 1.0467 
1.008 1.0171 1.028 1.0426 1.0221 1.0163 1.0095 1.0016 1.046 1.0199 
1.0257 1.0231 1.0454 1.0242 1.0356 1.016 1.0348 1.0137 1.0384 1.0044 
1.0421 1.0487 1.0169 1.0493 1.0223 1.0488 1.039 1.019 1.0126 1.0027 
1.0237 1.0311 1.031 1.0005 1.0355 1.0452 1.0364 1.0107 1.0134 1.0271 
1.048 1.0368 1.0369 1.0376 1.0013 1.0274 1.024 1.0173 1.0442 1.0031 
1.0361 1.043 1.0472 1.0045 1.0006 1.0471 1.0372 1.033 1.0412 1.0464 
1.0486 1.0017 1.0079 1.0012 1.0454 1.0217 1.0351 1.0436 1.0046 1.0465 
1.0299 1.0046 1.0204 1.0324 1.0296 1.0497 1.0298 1.0174 1.0244 1.0351 
1.0007 1.0194 1.0258 1.003 1.0203 1.0193 1.0189 1.0368 1.0397 1.0002 
1.0293 1.0105 1.0144 1.0292 1.047 1.0153 1.0453 1.0105 1.0256 1.0374 
1.0204 1.0085 1.0041 1.0102 1.0497 1.0363 1.0269 1.0481 1.0031 1.0229 
1.0463 1.033 1.0021 1.0378 1.0085 1.012 1.0049 1.0351 1.0345 1.0419 
1.0087 1.0334 1.0437 1.013 1.0403 1.0399 1.0332 1.0191 1.0326 1.0339 
1.0258 1.0285 1.0004 1.0459 1.047 1.0078 1.0301 1.0381 1.0061 1.0277 
1.0134 1.0445 1.0114 1.0421 1.0279 1.0363 1.0048 1.0231 1.0071 1.0155 
1.0028 1 1.0273 1.0288 1.0447 1.0115 1.0496 1.003 1.0174 1.0025 
1.0369 1.015 1.012 1.0446 1.0241 1.0367 1.0276 1.0087 1.0339 1.0106 
1.0412 1.0321 1.0418 1.0005 1.0033 1.0309 1.0382 1.0101 1.036 1.0151 
1.0095 1.0225 1.0372 1.036 1.0331 1.0126 1.0469 1.0159 1.035 1.0128 
1.016 1.016 1.0495 1.0369 1.0004 1.0424 1.0168 1.0001 1.0272 1.0048 
1.0408 1.0366 1.0298 1.034 1.0392 1.0077 1.014 1.0121 1.0444 1.0304 
1.0201 1.0229 1.0307 1.0361 1.0366 1.0423 1.0218 1.0475 1.0077 1.0119 
1.0321 1.0355 1.0002 1.0008 1.0086 1.0162 1.0144 1.0312 1.0471 1.0037 
1.0194 1.0355 1.0122 1.0285 1.0467 1.0354 1.0491 1.0045 1.0278 1.0322 
1.0192 1.032 1.0058 1.0301 1.0087 1.0079 1.0154 1.0252 1.0165 1.0259 
1.012 1.0142 1.0158 1.0282 1.0103 1.0424 1.0145 1.0024 1.0209 1.0226 
1.0225 1.0332 1.0058 1.0276 1.01 1.0392 1.0134 1.0372 1.0079 1.0473 
1.0109 1.0319 1.0398 1.0062 1.0085 1.0226 1.0278 1.0112 1.0463 1.032 
1.0484 1.027 1.0218 1.0365 1.0107 1.0233 1.0184 1.0333 1.0445 1.0283 
1.0139 1.0037 1.047 1.0224 1.0303 1.0452 1.031 1.0241 1.002 1.0194 
1.0484 1.0177 1.0179 1.0393 1.0343 1.0272 1.024 1.0425 1.0116 1.0406 
1.0179 1.0202 1.0299 1.0132 1.0191 1.0252 1.0006 1.0017 1.0389 1.0138 
1.0076 1.0367 1.0109 1.0177 1.0443 1.027 1.0222 1.0199 1.0265 1.049 
1.0314 1.0375 1.0391 1.0153 1.0425 1.0232 1.0154 1.0064 1.0416 1.0306 
1.0265 1.0358 1 1.0187 1.0243 1.0033 1.013 1.0486 1.0227 1.0084 
1.0142 1.008 1.0437 1.0036 1.0069 1.0299 1.0003 1.0243 1.0228 1.024 
1.002 1.0393 1.0473 1.0032 1.0215 1.0113 1.0367 1.0199 1.0003 1.0344 
1.0313 1.03 1.0354 1.0081 1.0015 1.0434 1.0295 1.0029 1.0328 1.0043 
1.0229 1.0139 1.0327 1.0074 1.0473 1.0382 1.0129 1.0383 1.001 1.0325 
1.035 1.0404 1.0443 1.0272 1.0428 1.0268 1.0069 1.0022 1.0412 1.003 
1.0375 1.0122 1.0295 1.0399 1.0402 1.0169 1.0468 1.0476 1.0212 1.0472 
1.0118 1.046 1.0436 1.0102 1.0376 1.0445 1.0207 1.0329 1.0478 1.0128 
1.0181 1.049 1.0475 1.0462 1.0483 1.0045 1.0378 1.0248 1.0187 1.0218 
1.0322 1.0066 1.0297 1.0005 1.0301 1.0084 1.0125 1.04 1.0418 1.0289 
1.0097 1.035 1.0029 1.0225 1.0468 1.0342 1.0376 1.0388 1.0403 1.0133 
1.0236 1.0063 1.0463 1.0353 1.0374 1.0059 1.0327 1.0234 1.049 1.0088 
1.0039 1.0098 1.0475 1.0395 1.0341 1.0396 1.0204 1.0359 1.0204 1.0497 
1.0047 1.022 1.0062 1.0447 1.0136 1.0153 1.0374 1.0441 1.0268 1.0276 
1.0209 1.0151 1.0063 1.0204 1.0232 1.0281 1.0402 1.0014 1.0279 1.0422 
1.0169 1.0267 1.0485 1.0203 1.0372 1.0173 1.016 1.0105 1.038 1.0019 
1.0173 1.0203 1.0189 1.0258 1.0299 1.0148 1.021 1.0085 1.0093 1.0201 
1.0112 1.0353 1.005 1.0069 1.0086 1.0358 1.0257 1.0324 1.034 1.002 
1.0419 1.0025 1.0091 1.0485 1.0347 1.0055 1.0401 1.023 1.018 1.0199 
1.0209 1.0385 1.0071 1.0176 1.0265 1.0066 1.0277 1.0435 1.0026 1.0348 
1.0029 1.01 1.032 1.0038 1.0357 1.0176 1.0171 1.0089 1.0269 1.0013 
1.0284 1.0409 1.0408 1.0059 1.04 1.0236 1.0075 1.0128 1.0034 1.0309 
1.018 1.015 1.0075 1.0264 1.0055 1.0287 1.0083 1.0449 1.0311 1.0321 
1.0133 1.0331 1.0247 1.0372 1.0227 1.0124 1.0178 1.0289 1.0416 1.0486 
1.016 1.0096 1.045 1.0456 1.0414 1.0372 1.0243 1.0497 1.0385 1.0145 
1.013 1.0288 1.0441 1.0458 1.033 1.0293 1.0019 1.0392 1.0035 1.0314 
1.0261 1.0259 1.0011 1.041 1.0274 1.0428 1.0451 1.031 1.0106 1.0394 
1.0462 1.0429 1.0018 1.0001 1.0442 1.0274 1.0451 1.0412 1.0006 1.0311 
1.0311 1.0241 1.0402 1.0419 1.0329 1.0491 1.0061 1.0327 1.0478 1.0295 
1.04 1.005 1.0496 1.0423 1.0448 1.0252 1.003 1.0163 1.0298 1.0205 
1.0276 1.0009 1.038 1.0053 1.0092 1.014 1.0251 1.0186 1.0081 1.0191 
1.0307 1.0007 1.0427 1.0038 1.0183 1.04 1.0019 1.0217 1.0129 1.0283 
1.0181 1.048 1.0348 1.0381 1.0499 1.0395 1.0164 1.0318 1.0363 1.0423 
1.0161 1.0288 1.01 1.048 1.0016 1.0287 1.0093 1.0141 1.0418 1.0353 
1.0407 1.0053 1.0271 1.014 1.016 1.0103 1.0459 1.0028 1.0196 1.0132 
1.013 1.0333 1.0035 1.0451 1.0129 1.0206 1.003 1.0086 1.0418 1.0055 
1.0354 1.0267 1.0052 1.0252 1.0107 1.0025 1.0448 1.0046 1.0126 1.008 
1.0175 1.0414 1.0113 1.0442 1.0258 1.032 1.0403 1.0256 1.0498 1.0317 
1.0158 1.0136 1.036 1.044 1.034 1.0124 1.0384 1.0298 1.0394 1.0471 
1.0439 1.0472 1.0439 1.0471 1.0335 1.0089 1.0332 1.0423 1.0262 1.0307 
1.0489 1.0249 1.007 1.031 1.0392 1.0402 1.0132 1.0415 1.0207 1.0461 
1.0298 1.0347 1.0251 1.0426 1.0154 1.0325 1.0396 1.0168 1.0372 1.0372 
1.0474 1.036 1.0191 1.0296 1.0284 1.0259 1.0029 1.027 1.0123 1.0054 
1.0276 1.007 1.0181 1.0389 1.0307 1.0192 1.0015 1.0042 1.0224 1.0319 
1.032 1.0434 1.0365 1.041 1.0059 1.0296 1.0354 1.0231 1.0128 1.0161 
1.0439 1.048 1.0198 1.0428 1.041 1.0352 1.0487 1.0303 1.0239 1.0408 
1.014 1.0398 1.0046 1.0322 1.0319 1.0222 1.0405 1.0121 1.0335 1.0032 
1.0139 1.0213 1.0418 1.0375 1.04 1.0169 1.0048 1.0108 1.023 1.0427 
1.0423 1.0436 1.0315 1.0388 1.0038 1.0147 1.03 1.0415 1.0035 1.0295 
1.0189 1.045 1.0124 1.0463 1.0366 1.0111 1.0025 1.0153 1.031 1.0493 
1.0478 1.0218 1.0181 1.0307 1.0106 1.0128 1.0455 1.0196 1.0464 1.0356 
1.0327 1.0204 1.0061 1.0274 1.0122 1.023 1.0047 1.0125 1.0301 1.009 
1.038 1.0303 1.0491 1.0057 1.0054 1.0393 1.0031 1.0243 1.031 1.0339 
1.028 1.0183 1.0386 1.0166 1.0462 1.0297 1.0415 1.0058 1.0398 1.0168 
1.0095 1.0298 1.0461 1.0147 1.0055 1.0169 1.033 1.0014 1.0052 1.0498 
1.0124 1.0469 1.0403 1.0184 1.0377 1.0028 1.0295 1.0164 1.034 1.0043 
1.0114 1.0382 1.0232 1.0136 1.0042 1.035 1.0026 1.0171 1.0037 1.0475 
1.0289 1.0241 1.0039 1.036 1.0148 1.0096 1.004 1.0067 1.0495 1.0425 
1.0194 1.027 1.045 1.0435 1.0143 1.0472 1.0395 1.0036 1.0182 1.0316 
1.0062 1.0098 1.0074 1.03 1.0201 1.0239 1.0011 1.0073 1.0421 1.0476 
1.0397 1.014 1.0271 1.0406 1.0442 1.0232 1.0175 1.0146 1.0116 1.0358 
1.0367 1.0323 1.0192 1.0045 1.0195 1.0397 1.0069 1.0384 1.0016 1.016 
1.0435 1.0257 1.0201 1.0317 1.0253 1.0396 1.0041 1.0289 1.0364 1.0202 
1.0198 1.0212 1.0274 1.0262 1.0074 1.0332 1.0028 1.0237 1.0031 1.0453 
1.008 1.0456 1.0472 1.0135 1.0042 1.0492 1.0047 1.0018 1.0111 1.0389 
1.0297 1.0157 1.0014 1.0191 1.03 1.0335 1.0107 1.0385 1.0294 1.0185 
1.0289 1.0475 1.0182 1.0476 1.0217 1.0031 1.0348 1.0058 1.0331 1.0262 
1.0013 1.0163 1.0083 1.0416 1.0264 1.0038 1.0052 1.0341 1.0161 1.0255 
1.0363 1.0169 1.045 1.0387 1.0228 1.0459 1.0105 1.0074 1.0324 1.0469 
1.0286 1.004 1.0483 1.0155 1.0361 1.0084 1.036 1.0357 1.0329 1.0069 
1.0129 1.0297 1.0078 1.0245 1.0045 1.0278 1.0045 1.0275 1.0075 1.0229 
1.0199 1.0087 1.0077 1.0358 1.0003 1.0385 1.016 1.0159 1.0094 1.0482 
1.0253 1.0027 1.0031 1.0034 1.0221 1.041 1.0299 1.0143 1.0341 1.0362 
1.0375 1.0184 1.0313 1.0393 1.0265 1.0126 1.0278 1.0066 1.024 1.0035 
1.031 1.0053 1.0287 1.0251 1.0467 1.0267 1.0371 1.0328 1.0474 1.0333 
1.002 1.0264 1.0169 1.0423 1.0397 1.0326 1.0323 1.0204 1.0223 1.0286 
1.0419 1.0084 1.0229 1.0436 1.032 1.047 1.0273 1.0288 1.0255 1.0484 
1.0392 1.0109 1.0197 1.0343 1.0094 1.0007 1.0143 1.0459 1.036 1.0299 
1.0379 1.0243 1.0371 1.0452 1.0009 1.0237 1.007 1.0413 1.0421 1.0101 
1.0439 1.0436 1.0355 1.0078 1.0218 1.0461 1.0129 1.0476 1.0341 1.0007 
1.0143 1.0452 1.0399 1.027 1.0293 1.0197 1.0219 1.0174 1.0444 1.018 
1.0124 1.0023 1.0126 1.0327 1.0371 1.0297 1.0172 1.0497 1.0424 1.0466 
1.0424 1.0229 1.0413 1.0006 1.0032 1.0311 1.0327 1.0302 1.0032 1.0031 
1.0446 1.0048 1.0307 1.0142 1.0275 1.009 1.0161 1.031 1.0072 1.0293 
1.0335 1.0193 1.0404 1.0131 1.0279 1.0083 1.0212 1.0076 1.0486 1.0447 
1.0153 1.0066 1.0087 1.0352 1.0422 1.0467 1.0262 1.0005 1.0356 1.018 
1.0365 1.0015 1.0032 1.0467 1.027 1.037 1.0193 1.0084 1.0213 1.0209 
1.0492 1.0463 1.0475 1.0138 1.0132 1.0128 1.0215 1.0309 1.0125 1.0356 
1.0171 1.0279 1.0067 1.0432 1.0443 1.0494 1.0174 1.028 1.0054 1.0327 
1.0029 1.0418 1.0277 1.0177 1.0083 1.0343 1.0484 1.0204 1.0373 1.0212 
1.0101 1.0488 1.009 1.0041 1.0488 1.0443 1.002 1.0194 1.0121 1.0436 
1.0043 1.023 1.0412 1.0437 1.0135 1.0389 1.0334 1.0084 1.0416 1.0197 
1.0111 1.0393 1.0385 1.0285 1.0227 1.0095 1.0015 1.0012 1.0097 1.016 
1.0459 1.0235 1.0362 1.0338 1.0483 1.0174 1.039 1.018 1.0239 1.0148 
1.0193 1.046 1.017 1.0314 1.0052 1.0046 1.014 1.0009 1.0418 1.0112 
1.0366 1.0225 1.0297 1.0035 1.039 1.0152 1.0219 1.0182 1.0015 1.0372 
1.0186 1.0238 1.0447 1.0161 1.0272 1.0319 1.0487 1.0035 1.0394 1.0441 
1.0474 1.0218 1.0243 1.0208 1.0178 1.0247 1.04 1.0408 1.0256 1.0395 
1.0395 1.0135 1.0474 1.0201 1.0172 1.0301 1.0054 1.0068 1.0302 1.0219 
1.0044 1.0304 1.0218 1.0119 1.0184 1.0066 1.0221 1.0019 1.0457 1.0283 
1.0371 1.023 1.0369 1.0238 1.036 1.011 1.0279 1.0425 1.0386 1.0348 
1.0309 1.0399 1.0275 1.0346 1.0465 1.0412 1.0421 1.0455 1.0314 1.0489 
1.0371 1.0012 1.0494 1.0487 1.0161 1.0465 1.0139 1.0468 1.0075 1.0162 
1.0219 1.0371 1.0158 1.0071 1.0152 1.0017 1.0407 1.0425 1.0348 1.0038 
1.0444 1.0371 1.0176 1.021 1.0116 1.0195 1.0031 1.0475 1.0495 1.021 
1.0458 1.0474 1.0062 1.0007 1.0297 1.0351 1.034 1.0122 1.0436 1.003 
1.0081 1.0036 1.0331 1.0043 1.0482 1.0364 1.0135 1.017 1.0133 1.0478 
1.0302 1.0027 1.0094 1.0463 1.0389 1.0424 1.0054 1.0308 1.01 1.0225 
1.0202 1.026 1.0357 1.0027 1.036 1.0442 1.0353 1.0352 1.0078 1.0416 
1.0015 1.0318 1.0496 1.0493 1.0126 1.0066 1.0035 1.0066 1.0054 1.0055 
1.0489 1.0459 1.0061 1.0399 1.039 1.0258 1.0368 1.008 1.0499 1.0336 
1.0371 1.0327 1.0083 1.0214 1.0077 1.0293 1.0328 1.0427 1.0065 1.0275 
1.0287 1.0161 1.0204 1.0004 1.0154 1.0289 1.0368 1.0197 1.0169 1.0275 
1.0228 1.01 1.0079 1.0393 1.0281 1.0375 1.0478 1.021 1.008 1.0287 
1.0409 1.003 1.0014 1.02 1.0301 1.0201 1.046 1.0056 1.0002 1.0401 
1.0075 1.0088 1.0416 1.008 1.045 1.0474 1.0437 1.0172 1.0397 1.0251 
1.0165 1.0309 1.0098 1.0178 1.0479 1.0368 1.0318 1.0242 1.0233 1.0117 
1.0455 1.0133 1.0356 1.0476 1.0431 1.0021 1.0253 1.0259 1.0007 1.0471 
1.0071 1.01 1.0257 1.0086 1.0268 1.0148 1.0055 1.0445 1.0269 1.0063 
1.0217 1.0033 1.023 1.0234 1.0456 1.0301 1.0382 1.0304 1.0068 1.0306 
1.0192 1.033 1.0199 1.0309 1.015 1.0357 1.0067 1.0258 1.0493 1.0182 
1.0374 1.0139 1.0426 1.0432 1.0492 1.0358 1.0111 1.0023 1.0473 1.0352 
1.0385 1.0408 1.0371 1.0138 1.0036 1.0032 1.0018 1.0352 1.0487 1.049 
1.0394 1.0363 1.0086 1.0345 1.0177 1.0415 1.0453 1.0189 1.003 1.0366 
1.0007 1.044 1.0265 1.03 1.0111 1.0028 1.0395 1.0211 1.0106 1.0344 
1.0244 1.0228 1.0101 1.0256 1.014 1.0223 1.038 1.0201 1.0279 1.0392 
1.0342 1.0044 1.0433 1.0307 1.0307 1.0178 1.0141 1.0424 1.0432 1.032 
1.0235 1.0398 1.0438 1.0491 1.0039 1.0065 1.0178 1.0462 1.0088 1.0014 
1.0143 1.0431 1.0262 1.0252 1.0241 1.0024 1.004 1.0396 1.0021 1.0119 
1.0197 1.0388 1.0004 1.0152 1.0021 1.0211 1.0444 1.0257 1.0426 1.002 
1.0372 1.043 1.0068 1.0089 1.0163 1.047 1.0177 1.0454 1.0456 1.0065 
1.0425 1.0391 1.0009 1.0356 1.0306 1.0042 1.0246 1.019 1.0287 1.036 
1.0147 1.0217 1.0042 1.0181 1.0144 1.0328 1.0498 1.0481 1.0243 1.0494 
1.049 1.0454 1.0295 1.0299 1.0147 1.004 1.0181 1.0033 1.0012 1.0164 
1.012 1.0306 1.0231 1.0257 1.0181 1.0139 1.0311 1.009 1.0026 1.03 
1.044 1.0003 1.0374 1.0071 1.0439 1.0018 1.0406 1.0458 1.0475 1.0045 
1.0151 1.0249 1.0443 1.0459 1.0076 1.0003 1.0365 1.0303 1.0456 1.0211 
1.0494 1.0495 1.0391 1.0447 1.0102 1.0016 1.0301 1.048 1.0262 1.0029 
1.038 1.0497 1.0189 1.0347 1.0247 1.024 1.04 1.0056 1.0087 1.0221 
1.0266 1.0087 1.0037 1.0366 1.0446 1.0102 1.0396 1.0022 1.0314 1.0221 
1.0113 1.0058 1.0195 1.019 1.0299 1.0389 1.0102 1.0401 1.0472 1.0331 
1.0299 1.0399 1.0109 1.0025 1.0296 1.0093 1.0469 1.0234 1.0093 1.0323 
1.0454 1.0433 1.0221 1.0313 1.0203 1.0137 1.0083 1.0128 1.0217 1.0097 
1.0089 1.0198 1.0238 1.0341 1.0309 1.0098 1.0155 1.0292 1.0335 1.0364 
1.0458 1.0093 1.0414 1.0379 1.0331 1.0459 1.0226 1.0276 1.0477 1.0044 
1.0233 1.029 1.0355 1.0205 1.0393 1.0226 1.0108 1.0034 1.0289 1.0189 
1.0042 1.037 1.006 1.0091 1.0278 1.0008 1.0146 1.0011 1.0112 1.0489 
1.0104 1.0416 1.0184 1.0344 1.0486 1.0326 1.0241 1.0209 1.0215 1.0414 
1.033 1.0378 1.0193 1.0265 1.0486 1.0483 1.0338 1.0312 1.0444 1.0318 
1.0122 1.004 1.0223 1.005 1.0293 1.012 1.021 1.0223 1.0371 1.0324 
1.0104 1.0338 1.0182 1.0058 1.0269 1.0185 1.0249 1.0467 1.0312 1.0246 
1.0431 1.0319 1.0284 1.0357 1.0197 1.027 1.0016 1.0346 1.0347 1.012 
1.0028 1.0123 1.0488 1.0381 1.0389 1.0374 1.0397 1.0456 1.0336 1.0135 
1.0268 1.0377 1.0338 1.0301 1.0417 1.0117 1.0298 1.0129 1.0053 1.0439 
1.0327 1.0178 1.0117 1.0328 1.0059 1.0351 1.0357 1.0426 1.0496 1.0134 
1.0486 1.0185 1.0371 1.0339 1.0416 1.0322 1.0479 1.0016 1.0412 1.0296 
1.0223 1.007 1.0009 1.0347 1.0406 1.0168 1.0053 1.0374 1.0477 1.017 
1.0103 1.0018 1.0114 1.0141 1.0451 1.0033 1 1.0181 1.0137 1.0268 
1.0255 1.0091 1.0285 1.0371 1.0449 1.0068 1.0322 1.0036 1.0477 1.0146 
1.0418 1.0163 1.0063 1.0341 1.0118 1.039 1.0373 1.0101 1.041 1.0205 
1.048 1.0254 1.0259 1.0387 1.0349 1.0407 1.0111 1.0085 1.0414 1.0151 
1.0121 1.0002 1.0128 1.0257 1.0013 1.0264 1.0363 1.0364 1.0474 1.045 
1.0448 1.0335 1.0498 1.007 1.0245 1.0209 1.0238 1.0229 1.0417 1.0322 
1.0471 1.0205 1.0407 1.0039 1.0197 1.037 1.0217 1.0313 1.005 1.0125 
1.0037 1.0014 1.0012 1.0208 1.0103 1.0041 1.021 1.0238 1.0176 1.0261 
1.0492 1.0089 1.0231 1.0182 1.0402 1.0053 1.0352 1.0416 1.0367 1.0301 
1.0497 1.0353 1.0298 1.0263 1.0248 1.0403 1.0248 1.02 1.0481 1.0257 
1.0151 1.0316 1.0266 1.0432 1.0367 1.0107 1.0372 1.0145 1.0348 1.0193 
1.0112 1.0209 1.0151 1.0356 1.0478 1.0193 1.0452 1.0171 1.0128 1.0119 
1.0387 1.0145 1.0378 1.0117 1.0113 1.0058 1.0229 1.0437 1.0365 1.0249 
1.0182 1.0276 1.0108 1.0383 1.046 1.0359 1.013 1.0095 1.0244 1.0374 
1.0474 1.0054 1.0128 1.0407 1.0044 1.0093 1.0421 1.0131 1.0441 1.0008 
1.0014 1.0495 1.0034 1.0478 1.0106 1.0334 1.0181 1.0259 1.0233 1.0181 
1.0084 1.0296 1.0438 1.0435 1.0079 1.0037 1.0371 1.0157 1.0097 1.0439 
1.007 1.0169 1.007 1.0269 1.0035 1.0271 1.0187 1.0016 1.0069 1.0396 
1.0361 1.0174 1.0341 1.0131 1.0202 1.0387 1.0072 1.0324 1.0001 1.0325 
1.0073 1.0122 1.0329 1.003 1.0183 1.02 1.0425 1.0015 1.0216 1.0176 
1.0451 1.0316 1.0246 1.046 1.0118 1.0077 1.0109 1.0129 1.018 1.0251 
1.0241 1.022 1.0011 1.0298 1.0441 1.0366 1.033 1.0405 1.0481 1.0471 
1.0043 1.0241 1.022 1.0002 1.0376 1.0243 1.0393 1.03 1.0082 1.0345 
1.037 1.0443 1.0462 1.0309 1.0249 1.0353 1.0107 1.0438 1.0322 1.0329 
1.0242 1.0327 1.0302 1.0167 1.0393 1.0039 1.0235 1.0222 1.0281 1.04 
1.0008 1.0027 1.0045 1.0014 1.0342 1.024 1.0424 1.0401 1.0318 1.0368 
1.015 1.031 1.0137 1.0005 1.0052 1.0411 1.0294 1.0478 1.026 1.0142 
1.0039 1.0399 1.0215 1.015 1.0463 1.0097 1.0009 1.0342 1.041 1.0434 
1.0272 1.0451 1.0249 1.0308 1.0485 1.0177 1.0071 1.0472 1.0187 1.0151 
1.0328 1.0331 1.0001 1.0254 1.025 1.0056 1.023 1.0217 1.0249 1.0105 
1.0039 1.023 1.0355 1.0083 1.0289 1.0032 1.0176 1.0274 1.01 1.0146 
1.0278 1.0454 1.0371 1.0243 1.0272 1.023 1.0305 1.0018 1.0164 1.0051 
1.0103 1.0007 1.0031 1.0448 1.0278 1.0242 1.0136 1.0307 1.0124 1.0268 
1.0455 1.0029 1.0406 1.0005 1.0491 1.0341 1.0313 1.0193 1.0241 1.0258 
1.0142 1.0409 1.0348 1.045 1.0034 1.0367 1.0458 1.0273 1.0453 1.0384 
1.0072 1.0275 1.0161 1.0358 1.0381 1.0349 1.0059 1.013 1.0383 1.0114 
1.0018 1.0244 1.0331 1.0181 1.0062 1.0325 1.0362 1.0313 1.0451 1.0027 
1.0271 1.021 1.015 1.0419 1.0054 1.0306 1.0068 1.0324 1.0034 1.0054 
1.0419 1.038 1.0212 1.0429 1.0005 1.0035 1.038 1.0457 1.0458 1.0334 
1.0275 1.0121 1.0011 1.0428 1.0377 1.0059 1.0175 1.027 1.0348 1.0391 
1.0291 1.0001 1.0153 1.0084 1.0306 1.0186 1.0263 1.0354 1.0403 1.0253 
1.0004 1.0179 1.0085 1.0097 1.0122 1.0477 1.0326 1.0243 1.0071 1.0332 
1.0327 1.0488 1.0025 1.0348 1.036 1.0316 1.0102 1.0222 1.0221 1.0249 
1.0453 1.0184 1.0236 1.0057 1.0087 1.0241 1.0096 1.0239 1.0032 1.0142 
1.0353 1.0203 1.0417 1.0465 1.0181 1.0188 1.0076 1.0136 1.0046 1.0361 
1.0079 1.033 1.022 1.0291 1.0272 1.0371 1.0405 1.001 1.0128 1.0134 
1.034 1.0158 1.0414 1.0442 1.0079 1.0244 1.0318 1.007 1.0209 1.0404 
1.0083 1.0398 1.0319 1.0361 1.04 1.0453 1.0329 1.0096 1.0238 1.03 
1.0095 1.0374 1.0035 1.0139 1.0264 1.0193 1.0317 1.0142 1.0374 1.0051 
1.0322 1.0019 1.0479 1.0184 1.0126 1.0475 1.0001 1.0017 1.0205 1.0093 
1.0373 1.0297 1.0331 1.0138 1.0089 1.0325 1.0125 1.0085 1.0497 1.0254 
1.0466 1.0315 1.033 1.0441 1.0187 1.0083 1.0482 1.0171 1.0154 1.0134 
1.0115 1.0322 1.0393 1.0237 1.0288 1.004 1.0145 1.0465 1.0264 1.0473 
1.008 1.0364 1.0248 1.0254 1.0084 1.0254 1.0302 1.006 1.0077 1.0371 
1.0051 1.0386 1.0282 1.0043 1.0227 1.0131 1.0023 1.0246 1.0439 1.0492 
1.0246 1.0497 1.0096 1.0145 1.0099 1.0444 1.0149 1.0193 1.0492 1.0118 
1.0252 1.0151 1.0356 1.007 1.0265 1.0206 1.0151 1.0391 1.0256 1.0212 
1.0247 1.0418 1.0162 1.0203 1.0438 1.0494 1.0345 1.0152 1.0148 1.0116 
1.0471 1.0412 1.0138 1.01 1.0368 1.0484 1.0239 1.0432 1.0487 1.0404 
1.031 1.0316 1.0007 1.0428 1.0292 1.0194 1.013 1.0269 1.0427 1.0407 
1.0293 1.0333 1.0011 1.0129 1.0201 1.0245 1.0308 1.0158 1.0134 1.0083 
1.0173 1.0245 1.0346 1.0249 1.0184 1.026 1.014 1.0176 1.0425 1.0022 
1.0425 1.042 1.0011 1.0161 1.0115 1.0355 1.0424 1.0358 1.0245 1.0156 
1.0076 1.038 1.045 1.0346 1.0254 1.0046 1.0081 1.0041 1.0234 1.0013 
1.016 1.0449 1.029 1.025 1.0103 1.0341 1.0287 1.0043 1.0472 1.0269 
1.0082 1.0436 1.0093 1.0086 1.0095 1.0468 1.0357 1.0125 1.0297 1.0209 
1.0251 1.0335 1.0155 1.0064 1.0079 1.0316 1.0403 1.0272 1.0414 1.0411 
1.0447 1.0482 1.0344 1.0377 1.0004 1.0345 1.0288 1.0248 1.0387 1.0199 
1.0276 1.0378 1.0177 1.0159 1.0121 1.0198 1.0063 1.0269 1.0097 1.0374 
1.0338 1.0031 1.0059 1.0029 1.0111 1.0433 1.042 1.0483 1.0198 1.0475 
1.0048 1.0162 1.0144 1.0437 1.0494 1.044 1.0326 1.0115 1.0411 1.0359 
1.0281 1.0423 1.0119 1.0332 1.0222 1.008 1.011 1.0343 1.0307 1.0276 
1.0283 1.0305 1.0251 1.0404 1.0319 1.0255 1.0392 1.0209 1.0332 1.0226 
1.0227 1.0459 1.037 1.0431 1.0448 1.0466 1.027 1.0313 1.0117 1.0173 
1.0489 1.0085 1.0227 1.0162 1.0423 1.033 1.0078 1.0113 1.0432 1.0401 
1.0145 1.0221 1.0287 1.0334 1.0248 1.0276 1.0413 1.0284 1.0071 1.003 
1.0028 1.0065 1.0087 1.0324 1.0237 1.0342 1.0143 1.0105 1.0451 1.0349 
1.0047 1.0498 1.0274 1.0059 1.0416 1.0046 1.0422 1.0213 1.0112 1.0312 
1.0427 1.0278 1.0095 1.048 1.0064 1.0019 1.0158 1.0159 1.0231 1.0413 
1.0451 1.0015 1.0341 1.0429 1.0185 1.027 1.0206 1.0042 1.0478 1.041 
1.0439 1.004 1.0066 1.0169 1.0021 1.0009 1.0461 1.0186 1.0045 1.0228 
1.0272 1.0024 1.0171 1.0363 1.01 1.0181 1.0459 1.0285 1.0352 1.0165 
1.0127 1.0229 1.046 1 1.0221 1.0154 1.0242 1.0329 1.0407 1.0471 
1.0323 1.0313 1.0484 1.0285 1.0165 1.0064 1.0224 1.0382 1.0408 1.0106 
1.0304 1.0032 1.0051 1.0464 1.0279 1.0111 1.0264 1.0168 1.04 1.0203 
1.0479 1.047 1.0193 1.0345 1.0223 1.0001 1.0008 1.0447 1.0021 1.0366 
1.0136 1.0059 1.0284 1.0034 1.0495 1.0356 1.0453 1.0194 1.0109 1.0151 
1.0228 1.0082 1.0063 1.0421 1.0252 1.0414 1.03 1.0228 1.0156 1.0233 
1.0239 1.0051 1.0265 1.0387 1.0331 1.0129 1.0326 1.0054 1.0396 1.0425 
1.0098 1.0343 1.0231 1.0291 1.0125 1.0437 1.0195 1.0203 1.0009 1.0098 
1.0409 1.0115 1.0322 1.0374 1.0341 1.033 1.0223 1.0253 1.0054 1.0214 
1.0003 1.0348 1.0108 1.0445 1.0484 1.0486 1.0104 1.0472 1.0252 1.0071 
1.0427 1.0112 1.0129 1.0289 1.0494 1.0413 1.0269 1.0139 1.0466 1.0411 
1.0297 1.0454 1.0324 1.0027 1.0017 1.0154 1.0475 1.0103 1.0125 1.0425 
1.0365 1.0326 1.0194 1.0238 1.0098 1.0178 1.022 1.0244 1.0115 1.0291 
1.0174 1.002 1.0266 1.0438 1.0279 1.0101 1.0235 1.0461 1.0372 1.047 
1.0038 1.0479 1.0022 1.0269 1.0326 1.0199 1.0069 1.031 1.0225 1.0494 
1.016 1.0242 1.0257 1.0076 1.0347 1.0341 1.0119 1.0182 1.0331 1.0434 
1.0437 1.0293 1.043 1.0013 1.0465 1.0442 1.0059 1.0237 1.0264 1.0459 
1.0214 1.0211 1.0265 1.0273 1.0234 1.0079 1.0122 1.0234 1.0198 1.0482 
1.0435 1.0392 1.0115 1.008 1.0061 1.0303 1.044 1.0278 1.0429 1.0296 
1.0295 1.0194 1.0146 1.0211 1.0087 1.0146 1.0428 1.037 1.0489 1.0223 
1.0362 1.049 1.0272 1.0091 1.0117 1.0337 1.0264 1.0092 1.0157 1.0456 
1.0249 1.0222 1.0069 1.0064 1.0315 1.0415 1.0042 1.03 1.0217 1.0154 
1.0481 1.0233 1.0328 1.0462 1.0054 1.0496 1.0069 1.0463 1.0447 1.0039 
1.0438 1.0485 1.0044 1.0126 1.0485 1.0053 1.0418 1.0088 1.0017 1.0276 
1.0343 1.0287 1.0029 1.0067 1.0443 1.0216 1.0134 1.0287 1.0468 1.0454 
1.0276 1.002 1.0239 1.0148 1.0492 1.0041 1.0476 1.0197 1.0033 1.0493 
1.0129 1.0012 1.0049 1.0213 1.0368 1.0268 1.0417 1.0256 1.0382 1.035 
1.0447 1.0236 1.04 1.0328 1.0274 1.0035 1.0028 1.016 1.0255 1.0336 
1.0379 1.0374 1.0415 1.0375 1.0126 1.0034 1.0129 1.0066 1.0197 1.0349 
1.0294 1.0442 1.0276 1.0154 1.0046 1.0462 1.032 1.0268 1.0097 1.0346 
1.034 1.0122 1.0281 1.0138 1.0444 1.005 1.0381 1.006 1.0149 1.0421 
1.0406 1.0034 1.0015 1.0459 1.0394 1.0473 1.0383 1.0362 1.0159 1.0239 
1.0274 1.0013 1.0364 1.0272 1.0234 1.0308 1.0197 1.0388 1.0429 1.0073 
1.0247 1.0146 1.0207 1.0276 1.0363 1.0483 1.0435 1.037 1.0209 1.0056 
1.0214 1.0091 1.0128 1.0454 1.0155 1.0134 1.0131 1.0245 1.0139 1.0173 
1.0276 1.0359 1.0229 1.0005 1.0416 1.0121 1.0007 1.0155 1.0047 1.0478 
1.0423 1.0084 1.0218 1.0195 1.0288 1.0326 1.0314 1.014 1.0264 1.0039 
1.0278 1.0425 1.0055 1.0205 1.004 1.0498 1.0281 1.0115 1.044 1.0339 
1.0104 1.0219 1.0026 1.0094 1.0358 1.0468 1.0049 1.0347 1.0453 1.005 
1.0488 1.0286 1.007 1.0028 1.0087 1.0251 1.0007 1.0458 1.0261 1.0003 
1.0328 1.0023 1.0269 1.0477 1.0051 1.0476 1.027 1.0368 1.0143 1.0105 
1.0132 1.0118 1.0182 1.0087 1.0192 1.0372 1.0159 1.0267 1.0059 1.0021 
1.0047 1.0258 1.0454 1.0463 1.0337 1.0122 1.0096 1.0017 1.0175 1.0232 
1.0448 1.0374 1.0259 1.035 1.0325 1.0046 1.0044 1.0183 1.0027 1.0166 
1.0462 1.01 1.0144 1.0396 1.0291 1.0078 1.0175 1.0293 1.013 1.0289 
1.0439 1.043 1.0152 1.0183 1.0427 1.0493 1.0466 1.0409 1.0412 1.0449 
1.0422 1.0117 1.0164 1.0079 1.0193 1.0341 1.0482 1.0107 1.0384 1.0087 
1.0098 1.0294 1.0462 1.0354 1.0375 1.0468 1.0073 1.0095 1.0417 1.0217 
1.0312 1.0251 1.0304 1.0044 1.0217 1.0368 1.0162 1.046 1.0163 1.0118 
1.0132 1.0183 1.003 1.0488 1.024 1.0316 1.0002 1.0268 1.0009 1.0156 
1.0384 1.0051 1.0011 1.0214 1.037 1.0176 1.0117 1.0311 1.0186 1.0451 
1.0373 1.0408 1.0178 1.0089 1.0234 1.0082 1.031 1.0498 1.0299 1.0013 
1.0141 1.0341 1.0047 1.0035 1.0136 1.0095 1.0052 1.0343 1.0061 1.0266 
1.0065 1.0368 1.0404 1.0348 1.0411 1.0028 1.0116 1.0137 1.0126 1.0151 
1.0244 1.0133 1.034 1.0158 1.0469 1.0262 1.0005 1.0212 1.0155 1.0432 
1.0219 1.013 1.0116 1.0389 1.0341 1.0342 1.0264 1.0127 1.0289 1.0058 
