10
50
9602 9908 9218 9071 9621 9047 9271 9294 9608 9301 9668 9592 9942 9809 9759 9848 9004 9337 9129 9784 9034 9104 9502 9778 9766 9884 9694 9026 9686 9569 9468 9394 9860 9879 9068 9902 9264 9655 9713 9202 9695 9695 9458 9675 9613 9512 9697 9143 9492 25 
9735 6854 5579 10118 15956 4659 6388 1993 1522 970 
1.0307 1.0371 1.0493 1.0451 1.0242 1.0099 1.0311 1.0174 1.0224 1.0257 
1.0214 1.0161 1.0047 1.0177 1.0028 1.0308 1.0026 1.0375 1.0018 1.0181 
1.0363 1.0322 1.0211 1.0025 1.0104 1.0265 1.0278 1.0287 1.0241 1.049 
1.0251 1.0056 1.0462 1.0251 1.0205 1.0287 1.0193 1.0227 1.003 1.0206 
1.0042 1.0035 1.0275 1.0409 1.0069 1.0405 1.0238 1.0497 1.002 1.0116 
1.0402 1.0015 1.0318 1.0364 1.0133 1.0226 1.0323 1.0008 1.0119 1.0079 
1.0177 1.0238 1.039 1.0031 1.0042 1.0279 1.0417 1.039 1.0163 1.0246 
1.021 1.0266 1.0484 1.0369 1.0151 1.0262 1.0025 1.0054 1.0364 1.0436 
1.0437 1.0184 1.0225 1.0125 1.0284 1.0222 1.0029 1.0391 1.041 1.0367 
1.0235 1.0423 1.0486 1.0451 1.0024 1.0417 1.0437 1.0357 1.0182 1.0368 
1.0396 1.0493 1.0071 1.0494 1.0162 1.0384 1.0357 1.0364 1.021 1.043 
1.0185 1.0246 1.0303 1.0418 1.0429 1.0149 1.0337 1.036 1.0162 1.0349 
1.0305 1.0323 1.045 1.0345 1.018 1.0178 1.0362 1.0244 1.0349 1.0029 
1.0291 1.0125 1.0067 1.0328 1.0226 1.0211 1.0272 1.0147 1.049 1.0423 
1.0387 1.0322 1.0409 1.0029 1.0035 1.0067 1.0033 1.0293 1.0057 1.0498 
1.0492 1.041 1.0496 1.0228 1.0362 1.0003 1.0311 1.0295 1.0343 1.019 
1.0102 1.0444 1.0189 1.0165 1.0125 1.0134 1.0482 1.0451 1.0166 1.0295 
1.0421 1.0247 1.0361 1.0121 1.0405 1.0071 1.0132 1.0482 1.0298 1.0324 
1.0492 1.0183 1.0408 1.0335 1.0394 1.0109 1.0117 1.0355 1.0398 1.0397 
1.0031 1.0413 1.0178 1.0462 1.0059 1.0324 1.0218 1.0052 1.004 1.0199 
1.0279 1.0211 1.0066 1.0476 1.0136 1.02 1.0004 1.0407 1.0252 1.0228 
1.0099 1.0413 1.0193 1.0451 1.0493 1.0101 1.0497 1.0135 1.0171 1.0224 
1.0466 1.0372 1.0455 1.0059 1.0103 1.0278 1.0165 1.0271 1.0302 1.0245 
1.0098 1.0424 1.0168 1.0116 1.0421 1.0082 1.0487 1.0462 1.0394 1.002 
1.0401 1.0436 1.032 1.0494 1.0449 1.0095 1.026 1.0166 1.0455 1.0077 
1.0058 1.0229 1.024 1.0402 1.007 1.0451 1.0367 1.0301 1.0279 1.0272 
1.0264 1.0438 1.0482 1.0308 1.0313 1.037 1.0295 1.037 1.0428 1.0293 
1.0031 1.0076 1.0173 1.0219 1.0462 1.0134 1.0052 1.0467 1.0111 1.0136 
1.0236 1.0188 1.0324 1.036 1.0017 1.0384 1.0028 1.0129 1.0468 1.0042 
1.0058 1.016 1.0266 1.0342 1.0212 1.0181 1.0474 1.0276 1.0003 1.001 
1.0169 1.0445 1.0264 1.0258 1.0314 1.0293 1.0264 1.0465 1.0262 1.0174 
1.0148 1.0401 1.0466 1.0019 1.0092 1.0436 1.0264 1.0317 1.0105 1.0081 
1.0135 1.0422 1.0165 1.0368 1.0202 1.0462 1.0234 1.0426 1.0334 1.0011 
1.0477 1.0204 1.0231 1.0355 1.0332 1.0394 1.0192 1.0013 1.0046 1.0451 
1.011 1.0081 1.0202 1.0035 1.0352 1.0103 1.0067 1.0341 1.0216 1.0147 
1.031 1.0315 1.0107 1.0268 1.0308 1.0426 1.0473 1.029 1.0194 1.0338 
1.0199 1.039 1.0158 1.0286 1.0334 1.0019 1.0476 1.0332 1.0261 1.0412 
1.044 1.0156 1.0366 1.0379 1.0194 1.0289 1.0025 1.0112 1.0228 1.0095 
1.0344 1.0418 1.031 1.0483 1.0318 1.0281 1.0276 1.0164 1.0214 1.0413 
1.0127 1.0163 1.0187 1.0406 1.0065 1.0426 1.0202 1.0456 1.0059 1.0332 
1.0127 1.0161 1.0123 1.0244 1.0496 1.0213 1.0311 1.0434 1.0434 1.0053 
1.0099 1.0246 1.0393 1.0127 1.0202 1.0453 1.005 1.0105 1.0132 1.0277 
1.0031 1.0104 1.0266 1.0128 1.0343 1.0154 1.0494 1.0086 1.0063 1.0479 
1.0409 1.0406 1.0252 1.0073 1.035 1.0175 1.0045 1.0322 1.0365 1.0156 
1.0147 1.0147 1.0016 1.021 1.0307 1.0098 1.0009 1.0113 1.0404 1.0487 
1.0056 1.006 1.0299 1.023 1.0306 1.0409 1.0295 1.0443 1.009 1.01 
1.0344 1.0119 1.0014 1.0246 1.0446 1.0367 1.0386 1.0277 1.0453 1.0131 
1.0133 1.0122 1.012 1.0485 1.0396 1.0468 1.0034 1.0142 1.0219 1.0263 
1.0172 1.0351 1.02 1.0339 1.0129 1.0148 1.0335 1.0166 1.0059 1.0417 
1.0004 1.0399 1.0014 1.0237 1.0059 1.026 1.0142 1.0404 1.0341 1.0175 
