5
50
97 93 92 96 94 98 92 91 96 99 95 95 98 95 92 92 95 92 93 98 96 96 98 96 92 90 96 95 97 91 100 99 96 91 95 94 97 91 99 98 96 91 96 99 93 98 100 99 96 11 
139 76 19 90 102 
1.0426 1.0371 1.0197 1.0112 1.0203 
1.0027 1.0408 1.0045 1.0008 1.0185 
1.0238 1.0237 1.0443 1.0313 1.0001 
1.035 1.0128 1.0111 1.015 1.0149 
1.0192 1.0454 1.0369 1.0181 1.0465 
1.0267 1.0213 1.0293 1.0134 1.0472 
1.0472 1.033 1.0401 1.0442 1.0177 
1.0377 1.027 1.0202 1.0364 1.0381 
1.009 1.0323 1.0237 1.0023 1.0179 
1.0095 1.0169 1.0327 1.0042 1.031 
1.0182 1.0058 1.0426 1.0487 1.017 
1.0028 1.0151 1.0258 1.0213 1.036 
1.0283 1.0286 1.0242 1.011 1.0472 
1.0128 1.0434 1.0341 1.0218 1.0003 
1.0367 1.0365 1.0438 1.0381 1.0257 
1.025 1.0114 1.0098 1.0458 1.0161 
1.0063 1.0256 1.0307 1.0278 1.0489 
1.0435 1.0365 1.0075 1.0086 1.0386 
1.0333 1.036 1.033 1.0048 1.0428 
1.0492 1.0433 1.034 1.0266 1.0235 
1.031 1.0099 1.0337 1.0392 1.0482 
1.0328 1.0352 1.0369 1.0244 1.0294 
1.0108 1.0252 1.0147 1.0432 1.0035 
1.0208 1.0264 1.0497 1.0243 1.0149 
1.0015 1.0341 1.0189 1.01 1.0312 
1.0148 1.0023 1.0351 1.0474 1.0133 
1.0391 1.02 1.0354 1.049 1.0197 
1.0419 1.028 1.0078 1.0431 1.0044 
1.034 1.0487 1.0399 1.0025 1.0483 
1.0038 1.0492 1.0193 1.0252 1.0011 
1.006 1.0334 1.034 1.0497 1.0285 
1.0029 1.004 1.0305 1.0291 1.0392 
1.021 1.0049 1.0078 1.0479 1.0471 
1.0277 1.0073 1.0193 1.012 1.0497 
1.0326 1.0276 1.029 1.0082 1.0078 
1.0159 1.0418 1.0489 1.0159 1.0449 
1.0424 1.0072 1.038 1.0008 1.0467 
1.0208 1.0477 1.0003 1.037 1.0107 
1.0196 1.0074 1.0222 1.0111 1.0019 
1.0261 1.0056 1.039 1.0163 1.0183 
1.0216 1.0432 1.0452 1.0241 1.0454 
1.0313 1.0362 1.0396 1.046 1.0115 
1.0404 1.0099 1.0136 1.018 1.0198 
1.0032 1.0387 1.0084 1.024 1.0017 
1.0006 1.017 1.0241 1.0382 1.0249 
1.0023 1.0258 1.0105 1.0121 1.0095 
1.0296 1.0416 1.0178 1.0178 1.0079 
1.0058 1.0077 1.025 1.0007 1.0229 
1.0081 1.0495 1.0178 1.0176 1.0253 
1.0399 1.0284 1.0065 1.0093 1.0108 
