10
50
69 67 83 9 6 58 44 55 9 32 88 89 86 33 27 38 11 52 95 30 35 29 12 96 63 51 15 72 36 23 87 25 41 15 85 11 16 86 68 23 33 80 53 95 48 75 90 45 9 19 
2 70 82 84 47 47 142 11 20 123 
1.0318 1.0003 1.0254 1.0422 1.0287 1.0239 1.0448 1.0131 1.0271 1.0256 
1.0177 1.01 1.0352 1.0225 1.0075 1.0495 1.0312 1.0251 1.014 1.0273 
1.0267 1.01 1.0179 1.0335 1.0344 1.0044 1.0111 1.0028 1.0244 1.0147 
1.0245 1.0276 1.0475 1.0088 1.0208 1.0068 1.0289 1.0442 1.0345 1.0249 
1.0028 1.0285 1.0131 1.0365 1.0376 1.0412 1.0456 1.0471 1.0491 1.0228 
1.0304 1.0159 1.0131 1.0355 1.0242 1.029 1.04 1.041 1.0237 1.0459 
1.0038 1.0123 1.0064 1.0086 1.037 1.0036 1.0049 1.0339 1.0284 1.0332 
1.0027 1.0382 1.0405 1.0279 1.0062 1.003 1.035 1 1.0143 1.01 
1.0461 1.0356 1.0016 1.0402 1.0314 1.0258 1.0037 1.0127 1.0069 1.0013 
1.012 1.0124 1.0406 1.0306 1.0034 1.03 1.0165 1.0182 1.0086 1.0468 
1.0499 1.015 1.0125 1.0094 1.0172 1.0429 1.0479 1.0154 1.0286 1.0182 
1.0217 1.0369 1.0182 1.0375 1.0247 1.0118 1.0038 1.0377 1.0249 1.0451 
1.0035 1.0297 1.0048 1.0049 1.0468 1.0134 1.0134 1.0026 1.0422 1.0404 
1.0418 1.0149 1.0342 1.006 1.0376 1.0259 1.016 1.0469 1.0217 1.0494 
1.0377 1.027 1.0129 1.0079 1.025 1.0029 1.0422 1.0279 1.0202 1.04 
1.0237 1.0408 1.0278 1.021 1.0138 1.0185 1.0256 1.006 1.0325 1.0488 
1.0235 1.0312 1.017 1.0437 1.0241 1.0042 1.0228 1.0067 1.0032 1.0329 
1.0369 1.0464 1.0029 1.0464 1.024 1.0304 1.0058 1.0298 1.0097 1.0358 
1.0422 1.0402 1.0234 1.0192 1.0147 1.0203 1.019 1.0412 1.0323 1.0496 
1.0402 1.0419 1.0027 1.0255 1.0453 1.0149 1.0268 1.0267 1 1.0481 
1.0018 1.0446 1.0014 1.0178 1.0135 1.0352 1.0318 1.0202 1.0328 1.0397 
1.0011 1.045 1.0298 1.0081 1.0147 1.0307 1.0284 1.0466 1.0367 1.0075 
1.0131 1.0437 1.0302 1.0363 1.0358 1.0317 1.0208 1.0463 1.0283 1.042 
1.0152 1.0278 1.0445 1.0296 1.0329 1.0408 1.0267 1.0301 1.0038 1.0241 
1.0386 1.0047 1.0465 1.0348 1.0378 1.0215 1.0257 1.0335 1.0471 1.0189 
1.0286 1.0141 1.0129 1.0465 1.0172 1.0442 1.0352 1.0354 1.0094 1.0286 
1.0022 1.0145 1.0286 1.0313 1.0277 1.025 1.0174 1.0388 1.0482 1.0409 
1.0449 1.0163 1.0422 1.0437 1.0282 1.0307 1.0426 1.0473 1.0019 1.037 
1.0014 1.0265 1.039 1.0311 1.0214 1.0314 1.0497 1.0058 1.0429 1.0421 
1.0332 1.0418 1.0473 1.0402 1.0443 1.0486 1.0238 1.0026 1.0272 1.048 
1.005 1.005 1.0006 1.0294 1.039 1.0024 1.0311 1.0207 1.0387 1.0143 
1.0262 1.0352 1.0359 1.0394 1.0112 1.0443 1.0264 1.0341 1.0436 1.0422 
1.0413 1.0115 1.0398 1.0124 1.0376 1.0271 1.0274 1.0473 1.042 1.0002 
1.0068 1.0044 1.0425 1.0025 1.0305 1.0234 1.0412 1.0275 1.0423 1.0392 
1.0455 1.0364 1.0454 1.0495 1.0012 1.0476 1.0176 1.0059 1.0341 1.0486 
1.0326 1.0058 1.0156 1.0465 1.0023 1.0327 1.0348 1.0488 1.0101 1.0031 
1.0015 1.0331 1.0029 1.0294 1.0041 1.0217 1.012 1.0429 1.0142 1.0317 
1.0247 1.0135 1.0007 1.0166 1.0274 1.0329 1.0315 1.0378 1.0293 1.0375 
1.0487 1.0344 1.0071 1.0303 1.0378 1.0037 1.0036 1.0112 1.0023 1.0104 
1.0352 1.0495 1.0012 1.0437 1.0416 1.018 1.0052 1.0364 1.0361 1.0337 
1.0062 1.0121 1.0202 1.0367 1.0404 1.0427 1.0471 1.0194 1.0439 1.0277 
1.0272 1.0069 1.0196 1.0365 1.0054 1.0036 1.0364 1.0367 1.018 1.0025 
1.0486 1.0328 1.0168 1.0442 1.0301 1.0176 1.0245 1.031 1.0289 1.0392 
1.0044 1.0493 1.0062 1.0092 1.0234 1.0484 1.022 1.0148 1.0236 1.0472 
1.0423 1.0049 1.0372 1.0179 1.0443 1.0347 1.0032 1.0182 1.0032 1.0033 
1.0332 1.0044 1.0038 1.022 1.0293 1.0062 1.0035 1.0443 1.0322 1.0486 
1.0335 1.001 1.0166 1.0246 1.0021 1.0138 1.0272 1.0275 1.0445 1.0449 
1.0402 1.0361 1.0373 1.0306 1.0146 1.0472 1.0384 1.0211 1.0132 1.0475 
1.0063 1.0005 1.0051 1.0305 1.0158 1.046 1.0146 1.0057 1.0235 1.0372 
1.0214 1.0406 1.0456 1.035 1.0023 1.0487 1.0223 1.0403 1.0346 1.0455 
