5
50
413 8393 9997 2184 6572 8055 6299 6472 2213 4401 8473 8578 1074 90 6698 2802 9657 823 4243 7367 7320 409 5997 8800 9359 6512 4037 2473 7562 6237 4595 9949 4054 8682 5896 6560 6870 4428 9006 9472 5259 5875 8417 6145 316 4144 7002 493 1962 7000 
1719 314 1577 2925 1868 
1.0127 1.0224 1.0481 1.0484 1.024 
1.0318 1.0297 1.0462 1.0387 1.0456 
1.0239 1.0413 1.0305 1.044 1.0079 
1.0448 1.0054 1.0261 1.0429 1.0205 
1.0218 1.0261 1.031 1.04 1.0269 
1.0035 1.031 1.0482 1.005 1.0444 
1.0385 1.0075 1.0091 1.0405 1.029 
1.0024 1.008 1.0198 1.0049 1.0101 
1.0374 1.0094 1.042 1.0162 1.041 
1.0391 1.024 1.0117 1.0159 1.0051 
1.0328 1.0423 1.0143 1.045 1.0002 
1.0382 1.0129 1.0318 1.0189 1.001 
1.0191 1.0441 1.0452 1.0038 1.0041 
1.039 1.0069 1.0102 1.021 1.0083 
1.0071 1.0379 1.0141 1.016 1.0472 
1.0207 1.0036 1.036 1.041 1.0101 
1.044 1.0048 1.0081 1.0007 1.008 
1.0196 1.0138 1.027 1.006 1.0134 
1.0101 1.0334 1.018 1.0452 1.0295 
1.0227 1.0309 1.041 1.0118 1.0386 
1.0462 1.0095 1.0381 1.0208 1.0411 
1.0176 1.0369 1.0288 1.0154 1.0087 
1.0292 1.0287 1.0476 1.0448 1.0096 
1.0229 1.0295 1.0046 1.0496 1.0113 
1.0183 1.028 1.0241 1.0254 1.0309 
1.0293 1.0035 1.0008 1.0482 1.0357 
1.0149 1.0056 1.0113 1.0173 1.0094 
1.0004 1.0201 1.0286 1.0297 1.0496 
1.0413 1.0124 1.0388 1.0026 1.0133 
1.0108 1.0461 1.0017 1.0268 1.0324 
1.0493 1.0159 1.041 1.0015 1.002 
1.0189 1.0012 1.0021 1.0357 1.0254 
1.0173 1.0319 1.0357 1.0252 1.0007 
1.0098 1.039 1.0382 1.0282 1.0096 
1.043 1.0045 1.0065 1.0336 1.0334 
1.0441 1.0303 1.0079 1.0212 1.0418 
1.0084 1.0471 1.0342 1.0428 1.0372 
1.0027 1.0104 1.0412 1.0162 1.0271 
1.0043 1.0305 1.0053 1.0313 1.0424 
1.0393 1.0235 1.0396 1.0013 1.0231 
1.0451 1.0108 1.0119 1.0301 1.0037 
1.0398 1.006 1.0089 1.0367 1.0342 
1.0137 1.0298 1.0466 1.0166 1.0354 
1.014 1.0297 1.0433 1.03 1.0315 
1.001 1.0259 1.0211 1.0236 1.0247 
1.0246 1.021 1.0092 1.0226 1.0206 
1.0344 1.0407 1.0063 1.0053 1.0432 
1.0181 1.0166 1.0495 1.0367 1.0102 
1.0265 1.0268 1.0204 1.0443 1.0084 
1.0437 1.044 1.0322 1.0367 1.0275 
