5
50
832 77 48 180 329 324 136 869 562 391 866 925 855 779 463 638 133 967 790 710 549 733 278 491 168 529 731 920 754 123 896 167 305 214 100 404 392 256 814 735 919 198 507 681 383 364 591 252 234 191 
1130 1408 168 1666 1498 
1.0479 1.0466 1.0157 1.0059 1.0114 
1.0413 1.0407 1.0409 1.0116 1.0326 
1.0409 1.0298 1.0085 1.0334 1.0308 
1.0339 1.0105 1.0455 1.044 1.047 
1.0402 1.0314 1.0122 1.042 1.0016 
1.0431 1.0324 1.0492 1.0455 1.0491 
1.0189 1.0272 1.0405 1.0099 1.0258 
1.0286 1.0276 1.0243 1.0188 1.0313 
1.0327 1.0461 1.0002 1.0199 1.0419 
1.0408 1.0193 1.0108 1.0223 1.0047 
1.0126 1.0012 1.0416 1.0078 1.0124 
1.0354 1.0244 1.0191 1.032 1.0163 
1.0287 1.032 1.0421 1.0413 1.0368 
1.0164 1.0379 1.0134 1.045 1.0035 
1.0486 1.0451 1.0254 1.008 1.0054 
1.0072 1.049 1.0386 1.0054 1.0475 
1.0174 1.0012 1.0225 1.0133 1.0322 
1.0492 1.0488 1.0123 1.0101 1.0025 
1.0442 1.0128 1.0133 1.0321 1.0181 
1.0091 1.0326 1.0291 1.0221 1.0196 
1.0087 1.043 1.027 1.0452 1.001 
1.0305 1.0045 1.0401 1.0199 1.0419 
1.043 1.0206 1.0457 1.0394 1.0189 
1.0166 1.0036 1.0108 1.009 1.0058 
1.0086 1.0359 1.0307 1.0002 1.0275 
1.0066 1.0068 1.0161 1.0242 1.0011 
1.022 1.032 1.0299 1.0318 1.0323 
1.0083 1.0214 1.0165 1.019 1.0497 
1.0445 1.0342 1.0287 1.0441 1.0037 
1.0142 1.0437 1.0009 1.0365 1.0123 
1.0158 1.0364 1.0011 1.0252 1.0267 
1.0455 1.0391 1.0379 1.0339 1.0083 
1.0393 1.0116 1.0084 1.0413 1.0322 
1.004 1.0355 1.0485 1.0334 1.0449 
1.0246 1.0124 1.0253 1.02 1.0403 
1.0229 1 1.0498 1.0394 1.0046 
1.0313 1.0251 1.0343 1.042 1.0233 
1.006 1.0141 1.0415 1.0156 1.0032 
1.0102 1.0227 1.0134 1.007 1.0221 
1.0371 1.0161 1.0385 1.012 1.0242 
1.0383 1.0079 1.0365 1.0108 1.011 
1.049 1.0447 1.0489 1.0437 1.0308 
1.0256 1.0185 1.0044 1.0158 1.0078 
1.0443 1.0151 1.0471 1.0023 1.0103 
1.037 1.0013 1.0085 1.033 1.0097 
1.0097 1.0042 1.0383 1.0211 1.0123 
1.0299 1.0309 1.0416 1.0313 1.0275 
1.0062 1.0432 1.0424 1.0207 1.0318 
1.0056 1.0478 1.0187 1.0125 1.0419 
1.0418 1.0219 1.0129 1.0477 1.0041 
