10
1000
2396 1734 9900 9828 1994 7069 7970 2397 7979 9851 8419 3388 1443 2632 3058 6277 1029 34 7193 8594 7705 9755 7794 7291 3746 1302 2568 4180 8080 855 9650 7360 5237 5740 2585 9583 33 6928 278 9484 5222 2983 6631 6629 4278 3932 9526 6296 6496 8460 3843 4957 6616 2894 8224 2364 6139 5388 247 1206 8524 3780 9698 251 5478 514 4659 1936 6485 3113 47 313 8799 3602 3341 316 75 5339 7161 4261 807 685 3388 6547 8802 7947 8508 2461 2834 1047 4887 2049 7691 331 7640 4987 7803 7973 1806 7380 1620 6411 9481 6432 3943 3238 1649 3927 8401 1002 4341 4457 7240 5345 3854 9329 627 9922 693 2099 2656 1528 6936 6658 6243 3875 6698 3823 4086 3480 4393 7350 7896 6051 476 5329 3073 6859 9348 7881 1015 3504 9127 7106 6262 4521 7951 205 643 2267 6515 1736 1619 3516 1529 5921 7028 6217 9777 4950 3386 5829 7477 4216 9961 9694 4607 430 5795 2872 8915 3534 1857 3870 9274 8367 5526 3727 3083 7013 9589 6860 7398 7766 2924 7138 8486 1662 5084 7597 9474 2496 1951 7254 802 1286 4647 3443 3144 1098 8904 3119 7516 3177 7057 1560 2218 340 9874 1915 1334 8531 395 4024 4453 2521 6958 5955 2319 6639 7634 6696 8072 6526 3215 3427 8797 2806 976 1836 7041 2632 6382 2881 7004 40 4934 4471 5087 1056 1336 1476 9479 4474 8173 2515 8477 4269 1298 6967 2223 4554 4090 630 7541 3046 7801 3457 584 3959 155 7848 6939 6270 9398 878 3919 8290 5994 8940 4695 4488 9125 8236 8983 5493 227 9527 9958 7217 706 612 2081 42 6051 4952 9537 3995 3520 9890 9966 866 5581 2894 3170 9188 6311 9262 9489 3034 2929 9739 7542 548 9647 1463 5994 3177 6045 694 9067 1509 7133 762 468 8675 7304 3655 5408 7251 5368 8710 5440 584 2837 6824 5748 4500 2663 3630 9630 312 619 79 9818 5080 6493 3857 1349 54 7306 85 5667 3227 9717 4730 640 6968 3823 9167 6185 6631 5532 9338 184 1110 9694 7927 4381 1254 1187 3012 4946 7105 6132 1607 7400 9871 443 1559 574 9586 7875 208 9304 4389 4785 3266 546 2367 3770 2358 2588 1889 3383 4634 2068 1376 6111 2930 8457 4438 1802 9874 726 1332 8724 4409 5852 2643 9460 4147 3881 6177 3802 2006 9215 2953 5849 557 2819 3259 7493 2528 5025 8714 5482 894 3648 1252 4234 6995 7059 4979 1615 125 6948 1845 9837 7008 424 7054 8701 4636 6170 5167 3329 4863 4325 2812 3610 4227 4781 8967 7530 7420 3592 8736 5575 7850 2168 1548 8396 3724 8953 9738 4920 3105 8278 8438 3104 6364 6056 2704 507 9478 7028 2831 6882 6598 3242 3797 5955 5338 8442 9754 8604 3215 8071 9520 4600 8676 9558 4009 5119 5156 2594 1518 3200 1597 4070 1843 4339 7876 7374 5124 4405 8564 731 6383 7076 3470 4266 1679 7962 8390 500 6817 7627 4528 7932 4571 677 9979 2438 1317 3110 1766 6123 9053 5124 1819 8362 3724 1550 5379 8693 5789 7113 5222 6240 3977 8713 172 5382 8162 1893 1321 2336 2293 3698 4414 2334 3328 9115 1808 2114 7093 3266 2467 7370 7021 6549 3426 9885 6688 4928 1146 4014 2108 2534 6216 7205 4701 8783 9835 4265 892 7198 5503 24 9255 8104 4364 121 1170 2416 7643 4579 5896 8670 4612 3852 6033 520 9511 2053 4277 6855 5886 7025 7427 1759 1749 1965 8582 6464 4033 8273 3450 516 5750 4321 1716 4319 4307 9825 9412 261 4409 514 3222 4593 3989 2775 2642 7266 6607 2969 971 1899 8749 1103 1032 3068 5461 3543 6585 3120 2771 4457 5355 5672 311 678 4622 8004 2611 9668 5310 9524 2462 5288 5502 8494 4823 1029 9332 4211 4680 5423 2187 6813 7319 9312 8144 1926 4431 9652 611 2303 4492 9551 2064 3681 873 9224 3862 7010 6079 7557 2054 4266 5601 8958 109 20 9778 5194 4532 5958 7136 6894 4281 543 7620 4405 9924 987 9171 2694 3500 9753 6082 9980 4969 2742 2560 4786 6258 1372 9952 1088 8770 5732 1058 6267 5349 1002 9956 1539 2603 4304 820 9547 4544 4217 4112 8818 3470 94 3638 9752 9027 3398 2858 1854 1405 8242 3934 6870 9571 3313 7912 7541 527 2360 9504 6645 469 5462 4895 6016 3845 8229 6010 237 1208 1155 9693 4680 1814 6273 5218 2606 1910 3351 8578 971 4638 2760 6995 9673 2502 7247 2074 3889 8326 9770 5051 4213 5650 9608 2571 4269 4496 3905 6426 501 3439 6859 5699 3804 3929 3742 4741 7714 7797 1916 5438 2818 3876 6057 7180 2081 4685 9771 2991 6789 9109 775 5242 7775 2016 1839 9397 1627 6732 4686 9224 6569 1342 9025 1902 7691 4726 3906 6471 6228 3280 3581 4069 2566 4263 5084 3364 7663 6694 9674 9656 2586 5756 5370 1063 826 1623 2735 226 3107 8665 1119 4997 9356 5960 7533 6512 7530 5051 5353 8112 3986 5885 5025 3542 5078 6880 3979 7858 4682 42 7929 9499 7312 7080 741 6933 1546 7466 5067 8344 3413 4346 933 7775 4466 9273 4450 6178 4199 1689 3865 804 1512 4076 5112 1363 4902 8746 4069 6412 6081 7174 7697 8385 6689 7837 1260 714 2805 3480 3796 5479 6938 3762 9050 5027 2189 4198 4032 5985 8260 7361 2407 9122 4017 7255 4894 3477 6273 2819 3865 8213 9496 1481 4328 620 6123 8716 8487 3700 2158 4535 6067 1794 7761 2839 7576 7658 7503 4591 2721 9457 9966 729 1133 1085 1404 5762 7611 4267 3115 7990 9069 5886 7250 7282 5358 8943 711 6346 1172 626 1849 6438 1213 5889 9650 3439 5806 13 74 5243 9147 8553 9255 6388 7383 8142 8257 873 8691 6553 9039 9094 2570 5492 6350 9842 512 4537 5233 3294 5246 9663 8809 5935 755 4804 6059 3363 
5797 15321 14981 5819 4964 9518 12080 3839 577 3034 
1.0397 1.0285 1.0271 1.0239 1.0291 1.0047 1.0227 1.0086 1.0293 1.0372 
1.0288 1.0229 1.018 1.0247 1.0361 1.0428 1.0315 1.0473 1.0456 1.008 
1.0162 1.0438 1.028 1.0035 1.0337 1.0041 1.0055 1.0446 1.0025 1.0147 
1.0295 1.0381 1.0201 1.0116 1.0488 1.022 1.0095 1.0076 1.0177 1.0109 
1.0188 1.0158 1.038 1.0354 1.0073 1.0139 1.0382 1.0245 1.0444 1.0289 
1.0447 1.0057 1.0494 1.0408 1.0029 1.0322 1.0374 1.0449 1.0456 1.0344 
1.0182 1.0081 1.0377 1.0184 1.0065 1.0472 1.0219 1.0036 1.0441 1.0154 
1.0159 1.0368 1.0297 1.0094 1.0073 1.0356 1.0393 1.0081 1.0328 1.0367 
1.016 1.0454 1.0038 1.0121 1.0135 1.0372 1.004 1.0142 1.0101 1.0362 
1.0024 1.0407 1.0303 1.0438 1.0327 1.0368 1.0384 1.0123 1.0338 1.0054 
1.0111 1.0353 1.0311 1.0377 1.0032 1.0403 1.0389 1.0294 1.0152 1.0195 
1.0493 1.0063 1.0353 1.0334 1.039 1.0215 1.0285 1.042 1.0228 1.024 
1.027 1.0146 1.0215 1.0082 1.0198 1.0473 1.0373 1.0318 1.0236 1.023 
1.0325 1.0222 1.0259 1.0285 1.0061 1.0351 1.0021 1.0394 1.0024 1.0272 
1.0462 1.0335 1.0465 1.0029 1.009 1.0382 1.0339 1.0023 1.0209 1.0149 
1.0229 1.0258 1.0117 1.0087 1.0464 1.0361 1.0245 1.0412 1.0194 1.0077 
1.0448 1.0073 1.0105 1.0032 1.0296 1.0029 1.0093 1.0391 1.034 1.0031 
1.0082 1.0206 1.0268 1.0398 1.0357 1.0423 1.0423 1.0169 1.0092 1.0346 
1.0073 1.0122 1.0276 1.0031 1.0058 1.0326 1.0275 1.0353 1.0187 1.0249 
1.0067 1.0081 1.0028 1.048 1.0205 1.0021 1.0269 1.0402 1.0345 1.0299 
1.0281 1.013 1.0038 1.0093 1.0076 1.0211 1.0269 1.0299 1.0084 1.0121 
1.0034 1.0259 1.0038 1.0177 1.0089 1.0091 1.0262 1.0354 1.0365 1.0136 
1.0368 1.0449 1.0219 1.0266 1.02 1.0006 1.0063 1.0073 1.0328 1.0456 
1.0088 1.007 1.0085 1.0359 1.0044 1.0168 1.0031 1.0376 1.036 1.0404 
1.0289 1.0048 1.042 1.0115 1.0169 1.0349 1.0143 1.0095 1.0307 1.0017 
1.0054 1.0409 1.016 1.0248 1.0439 1.0461 1.044 1.0488 1.0288 1.031 
1.0148 1.0283 1.0076 1.0324 1.0474 1.0042 1.0125 1.0283 1.0074 1.0495 
1.0314 1.0147 1.047 1.0151 1.0183 1.038 1.0324 1.0481 1.0243 1.0466 
1.0294 1.0081 1.0338 1.0409 1.0339 1.0082 1.0307 1.0421 1.01 1.0151 
1.0366 1.0242 1.0273 1.0175 1.0322 1.0182 1.0389 1.0086 1.0213 1.0067 
1.0475 1.0373 1.0305 1.013 1.0239 1.0178 1.0127 1.0032 1.0232 1.0082 
1.018 1.0217 1.0236 1.0132 1.0351 1.0422 1.0441 1.0426 1.0122 1.0331 
1.0088 1.0104 1.0189 1.0348 1.0115 1.0159 1.0397 1.0155 1.0183 1.0288 
1.0415 1.0459 1.0108 1.0354 1.033 1.0387 1.0461 1.0069 1.0463 1.0127 
1.0454 1.0236 1.0003 1.009 1.0359 1.014 1.0372 1.0275 1.0174 1.0457 
1.028 1.0069 1.0189 1.0314 1.0289 1.0457 1.0114 1.0036 1.0129 1.0415 
1.0458 1.0028 1.0176 1.0443 1.0443 1.0018 1.0344 1.0378 1.041 1.008 
1.0311 1.0263 1.0345 1.0422 1.0052 1.0491 1.0145 1.0197 1.0315 1.0377 
1.0274 1.0124 1.013 1.0446 1.0473 1.0132 1.0336 1.0475 1.0346 1.0342 
1.0372 1.0135 1.0036 1.0074 1.0151 1.0352 1.0018 1.0376 1.0393 1.0258 
1.0151 1.0122 1.0433 1.0086 1.0396 1.0466 1.0226 1.0287 1.0216 1.0249 
1.0272 1.041 1.0309 1.034 1.008 1.0427 1.0157 1.0225 1.0449 1.0053 
1.0184 1.0081 1 1.0342 1.0416 1.0349 1.0369 1.0489 1.0468 1.0017 
1.0245 1.0343 1.0357 1.0193 1.0494 1.0051 1.0397 1.0354 1.0378 1.0471 
1.0486 1.0359 1.0477 1.0408 1.0483 1.0296 1.0061 1.0178 1.021 1.0186 
1.0346 1.0184 1.0366 1.0261 1.0413 1.0028 1.0349 1.0058 1.0497 1.0042 
1.0492 1.0462 1.0229 1.0377 1.0486 1.0407 1.0037 1.0463 1.0271 1.0347 
1.0419 1.0266 1.001 1.0478 1.0067 1.0411 1.0029 1.0147 1.003 1.029 
1.0046 1.0191 1.0424 1.0178 1.0429 1.0394 1.0304 1.0346 1.0001 1.0098 
1.0112 1.0208 1.016 1.0001 1.0429 1.0033 1.0448 1.0037 1.0008 1.0329 
1.047 1.0209 1.0322 1.0056 1.0096 1.0411 1.0021 1.027 1.0045 1.0284 
1.0431 1.0283 1.0299 1.0036 1.0182 1.0118 1.0046 1.0227 1.0085 1.0179 
1.0019 1.0215 1.043 1.003 1.0103 1.0162 1.0452 1.0178 1.0097 1.017 
1.0299 1.0077 1.0314 1.0404 1.001 1.0118 1.0232 1.0314 1.006 1.0185 
1.0232 1.0104 1.0035 1.0106 1.0048 1.0405 1.0064 1.0168 1.0183 1.0013 
1.0495 1.0267 1.0035 1.0009 1.0074 1.0292 1.0285 1.0211 1.0163 1.034 
1.0239 1.0284 1.0371 1.0108 1.0455 1.0203 1.0468 1.0227 1.0157 1.0231 
1.0479 1.0364 1.0319 1.0275 1.037 1.0133 1.0356 1.0065 1.0388 1.0269 
1.041 1.0204 1.003 1.0082 1.0361 1.0434 1.0344 1.0162 1.027 1.0414 
1.0485 1.0011 1.0161 1.0241 1.0164 1.0168 1.0145 1.0312 1.0471 1.0051 
1.0025 1.0325 1.0012 1.0096 1.0204 1.0397 1.0453 1.0171 1.0237 1.0441 
1.0412 1.044 1.0393 1.0292 1.0212 1.0489 1.0025 1.0096 1.0378 1.0281 
1.0222 1.0009 1.0367 1.0076 1.0366 1.0258 1.0453 1.0052 1.0432 1.0205 
1.0284 1.0418 1.024 1.0381 1.0267 1.0443 1.0281 1.0378 1.036 1.0485 
1.0382 1.0309 1.0464 1.0477 1.0098 1.0004 1.0314 1.0083 1.0039 1.0189 
1.0485 1.0404 1.0333 1.027 1.0476 1.0115 1.004 1.0135 1.019 1.0325 
1.0232 1.0095 1.0231 1.0121 1.042 1 1.0261 1.0052 1.0345 1.0289 
1.0422 1.0469 1.0271 1.0029 1.0353 1.0293 1.0391 1.027 1.0175 1.0085 
1.0327 1.0059 1.0424 1.0332 1.02 1.0405 1.0041 1.0134 1.0118 1.0096 
1.0469 1.0405 1.0061 1.0198 1.0355 1.0111 1.033 1.0239 1.0418 1.0376 
1.0255 1.0279 1.0032 1.021 1.026 1.0117 1.049 1.027 1.0402 1.0056 
1.0117 1.0177 1.0065 1.0371 1.0017 1.0139 1.0213 1.0396 1.035 1.0071 
1.0448 1.018 1.0287 1.0483 1.0231 1.0429 1.0029 1.0037 1.0022 1.0173 
1.0033 1.0149 1.0205 1.016 1.0033 1.0261 1.0457 1.0208 1.0429 1.0411 
1.0394 1.0299 1.0256 1.0474 1.0145 1.0212 1.0032 1.0483 1.0133 1.0226 
1.0142 1.0057 1.013 1.0353 1.0055 1.0331 1.0155 1.0246 1.0112 1.0205 
1.046 1.0333 1.0079 1.045 1.0218 1.032 1.0134 1.0065 1.0454 1.0291 
1.0395 1.0489 1.0463 1.0207 1.0465 1.0245 1.0408 1.0488 1.0414 1.0064 
1.0249 1.0114 1.0218 1.0117 1.0444 1.0393 1.0283 1.0498 1.0075 1.0339 
1.0257 1.0389 1.0361 1.0066 1.0435 1.01 1.0186 1.0311 1.0226 1.0262 
1.0255 1.0207 1.0026 1.0362 1.0001 1.0151 1.0176 1.0192 1.0372 1.0489 
1.0443 1.0392 1.0483 1.0249 1.0401 1.0237 1.0422 1.0201 1.0195 1.0111 
1.0373 1.0101 1.0139 1.0485 1.0351 1.0341 1.0318 1.0266 1.0297 1.0456 
1.0298 1.0188 1.0116 1.0449 1.0062 1.0161 1.0268 1.0117 1.004 1.0478 
1.0311 1.0128 1.0074 1.0293 1.0361 1.0323 1.004 1.0067 1.0277 1.0333 
1.0352 1.0342 1.0419 1.0232 1.0191 1.0119 1.0312 1.0246 1.0424 1.0428 
1.0071 1.0353 1.0058 1.0304 1.0205 1.01 1.0419 1.0063 1.0124 1.0215 
1.0038 1.0427 1.0443 1.0205 1.0172 1.0367 1.0165 1.0299 1.0006 1.0219 
1.0435 1.0428 1.0258 1.0408 1.0259 1.0363 1.0137 1.0081 1.007 1.0257 
1.0052 1.011 1.0164 1.0296 1.0273 1.0301 1.0211 1.0359 1.0419 1.0359 
1.0493 1.0366 1.0137 1.0292 1.0474 1.0068 1.024 1.006 1.0353 1.0111 
1.0428 1.0427 1.0273 1.0016 1.0288 1.0336 1.0232 1.04 1.0224 1.0087 
1.0403 1.0202 1.0374 1.0381 1.0028 1.0318 1.02 1.0031 1 1.0313 
1.0261 1.0349 1.0131 1.0458 1.033 1.0484 1.025 1.0024 1.0191 1.033 
1.0176 1.0157 1.0226 1.0162 1.0152 1.0475 1.0227 1.0466 1.0009 1.0481 
1.0188 1.0011 1.0302 1.0028 1.0043 1.0352 1.0216 1.0259 1.0422 1.0043 
1.0389 1.0403 1.0315 1.0109 1.0395 1.0151 1.0168 1.0379 1.0177 1.0431 
1.0076 1.0212 1.0218 1.0378 1.0075 1.0281 1.0146 1.0306 1.0266 1.0183 
1.0132 1.0251 1.0094 1.0463 1.001 1.0269 1.0011 1.0252 1.0342 1.0122 
1.0244 1.0044 1.0179 1.0189 1.0326 1.01 1.0471 1.0304 1.0192 1.0013 
1.0266 1.0031 1.032 1.0055 1.0126 1.0414 1.0211 1.0342 1.0013 1.0361 
1.0238 1.0449 1.0436 1.009 1.0494 1.0174 1.0149 1.0147 1.0209 1.0011 
1.0391 1.0452 1.0261 1.0438 1.0385 1.0351 1.0445 1.0289 1.0112 1.005 
1.0198 1.0351 1.0085 1.0189 1.0059 1.0482 1.0454 1.0177 1.0091 1.0327 
1.0491 1.0148 1.0114 1.0239 1.0357 1.0346 1.0231 1.0341 1.0394 1.0167 
1.0174 1.0483 1.0412 1.0262 1.0094 1.0022 1.0202 1.0189 1.0232 1.042 
1.0207 1.0222 1.0309 1.0321 1.0078 1.0389 1.0496 1.0197 1.0049 1.0315 
1.0499 1.0151 1.027 1.0258 1.0275 1.0138 1.0431 1.0138 1.0138 1.0319 
1.0297 1.0024 1.035 1.0224 1.0051 1.0334 1.0155 1.0323 1.0312 1.0354 
1.0157 1.0354 1.017 1.0226 1.0137 1.0473 1.0245 1.0234 1.0316 1.0216 
1.0055 1.0443 1.0206 1.0419 1.0253 1.0173 1.0241 1.0476 1.0258 1.0056 
1.0375 1.016 1.043 1.0232 1.0087 1.0404 1.029 1.0152 1.0343 1.0029 
1.0342 1.0119 1.0058 1.0458 1.0323 1.0134 1.032 1.0093 1.0194 1.0182 
1.0306 1.0064 1.0288 1.0218 1.0241 1.0401 1.0328 1.0223 1.0207 1.0428 
1.0306 1.0226 1.0321 1.0112 1.0313 1.0457 1.038 1.0241 1.0172 1.0474 
1.0351 1.0221 1.0171 1.0144 1.0415 1.0448 1.0477 1.0024 1.0283 1.0088 
1.0321 1.0307 1.0395 1.038 1.0325 1.0228 1.0228 1.006 1.0294 1.0129 
1.0206 1.0215 1.0339 1.0209 1.0416 1.028 1.0414 1.0184 1.0359 1.0227 
1.0108 1.0059 1.0394 1.0246 1.0057 1.0441 1.0153 1.0049 1.0115 1.0242 
1.0445 1.0366 1.0434 1.0074 1.0418 1.0081 1.0108 1.0369 1.0242 1.0253 
1.0205 1.0426 1.0249 1.0099 1.0489 1.0337 1.0358 1.0035 1.0149 1.0089 
1.0065 1.02 1.0344 1.0098 1.0481 1.0272 1.0079 1.0374 1.0299 1.0064 
1.0287 1.0373 1.0048 1.0192 1.0361 1.0299 1.0388 1.0358 1.0182 1.0469 
1.0151 1.0299 1.0328 1.0076 1.0453 1.0158 1.0453 1.0177 1.0364 1.0142 
1.0187 1.0128 1.0213 1.001 1.0419 1.036 1.0339 1.0235 1.0157 1.0462 
1.0059 1.0109 1.0336 1.0469 1.0056 1.0061 1.0306 1.015 1.042 1.0019 
1.0155 1.0127 1.0116 1.0214 1.0075 1.0157 1.0305 1.028 1.0293 1.0303 
1.0216 1.0024 1.0142 1.0181 1.0356 1.0352 1.0277 1.0277 1.0025 1.0196 
1.0035 1.031 1.0006 1.0308 1.0242 1.0354 1.0494 1.013 1.003 1.0182 
1.0308 1.0112 1.0468 1.0449 1.0053 1.0138 1.0414 1.0298 1.0006 1.0163 
1.0103 1.0021 1.0146 1.0069 1.0043 1.0247 1.0257 1.0199 1.039 1.0088 
1.035 1.0446 1.0334 1.0411 1.0162 1.017 1.0281 1.032 1.0374 1.0481 
1.0167 1.0304 1.0249 1.0302 1.0159 1.0005 1.0169 1.0444 1.0458 1.0319 
1.036 1.0017 1.0109 1.0376 1.0446 1.0057 1.0207 1.0411 1.0017 1.0334 
1.0098 1.0235 1.0383 1.0402 1.0156 1.0106 1.0151 1.0442 1.0097 1.0394 
1.0035 1.0396 1.0375 1.008 1.0317 1.0492 1.037 1.0372 1.0429 1.0163 
1.0069 1.0124 1.0078 1.0434 1.0373 1.0148 1.0235 1.0269 1.036 1.0145 
1.0447 1.0353 1.0037 1.0392 1.0252 1.0442 1.0358 1.0094 1.0005 1.0453 
1.0166 1.0146 1.027 1.0047 1.022 1.039 1.0492 1.047 1.0267 1.0093 
1.0053 1.0488 1.0256 1.0469 1.0012 1.0208 1.0017 1.0389 1.0049 1.0072 
1.0216 1.0309 1.0464 1.0164 1.0247 1.0276 1.0304 1.0376 1.0208 1.0494 
1.043 1.0342 1.0028 1.0074 1.0466 1.0104 1.0292 1.0002 1.0393 1.0497 
1.0192 1.0254 1.0087 1.0073 1.0083 1.0033 1.0192 1.0289 1.0035 1.035 
1.0021 1.0066 1.0397 1.0311 1.016 1.0452 1.0296 1.0303 1.0216 1.0404 
1.0191 1.0473 1.0241 1.0257 1.0323 1.0219 1.0232 1.0329 1.0089 1.0072 
1.0317 1.0179 1.0476 1.0137 1.0302 1.0004 1.0491 1.0046 1.0015 1.0133 
1.0446 1.0056 1.0307 1.0279 1.0317 1.025 1.0498 1.048 1.0352 1.0393 
1.0151 1.0224 1.0273 1.0124 1.0424 1.0462 1.0291 1.032 1.0467 1.0482 
1.0097 1.0071 1.0432 1.0439 1.0123 1.0299 1.0024 1.0257 1.0438 1.039 
1.0292 1.0238 1.0173 1.0035 1.005 1.0168 1.0299 1.0311 1.0351 1.0288 
1.0416 1.0202 1.0298 1.0162 1.014 1.0123 1.0108 1.0498 1.0469 1.0159 
1.0096 1.0213 1.0015 1.0396 1.0045 1.0238 1.0164 1.0496 1.007 1.027 
1.0066 1.007 1.0469 1.0418 1.017 1.0247 1.0455 1.0117 1.0115 1.0298 
1.0266 1.0265 1.0354 1.0389 1.0404 1.0238 1.0386 1.0266 1.0328 1.0448 
1.0027 1.0482 1.0067 1.014 1.0223 1.0027 1.0176 1.0318 1.0233 1.0292 
1.0315 1.0145 1.023 1.0173 1.017 1.0332 1.0292 1.0228 1.0213 1.0168 
1.0056 1.0367 1.0396 1.0074 1.0331 1.0119 1.0206 1.013 1.0129 1.0237 
1.0028 1.0476 1.0435 1.0006 1.0119 1.027 1.0317 1.0332 1.0146 1.0034 
1.0329 1.0183 1.0392 1.0446 1.0001 1.0213 1.0392 1.0113 1.0387 1.0178 
1.0041 1.0331 1.006 1.033 1.03 1.0192 1.0112 1.0256 1.0232 1.0252 
1.0396 1.0303 1.0258 1.0291 1.0259 1.0219 1.0212 1.0076 1.0413 1.0263 
1.0023 1.0251 1.048 1.0168 1.0188 1.0359 1.0169 1.0248 1.0039 1.0276 
1.0243 1.0104 1.0482 1.0005 1.0314 1.0083 1.0483 1.0369 1.0327 1.0436 
1.0497 1.0408 1.0466 1.0389 1.0276 1.0144 1.0401 1.0345 1.0136 1.0421 
1.0271 1.0159 1.0174 1.0144 1.035 1.0288 1.0152 1.0306 1.0469 1.0263 
1.0386 1.0113 1.014 1.0447 1.0301 1.0055 1.0222 1.0141 1.0053 1.0475 
1.037 1.0298 1.0345 1.006 1.0301 1.0003 1.0178 1.0367 1.0127 1.0112 
1.0433 1.0133 1.0367 1.0249 1.0216 1.0201 1.0168 1.0247 1.0487 1.0098 
1.0085 1.0094 1.0421 1.0192 1.0263 1.0455 1.0286 1.0003 1.01 1.0409 
1.0257 1.0385 1.0036 1.0184 1.011 1.0138 1.0344 1.0041 1.0237 1.0301 
1.0235 1.0215 1.0403 1.0468 1.0197 1.0077 1.0332 1.0222 1.0492 1.0057 
1.0154 1.0012 1.022 1.0161 1.0202 1.043 1.0358 1.004 1.0284 1.0072 
1.0285 1.0375 1.0019 1.0288 1.0453 1.0472 1.0145 1.0265 1.0487 1.0251 
1.0132 1.0401 1.0388 1.0355 1.0139 1.0075 1.0133 1.0111 1.0151 1.0284 
1.0483 1.043 1.0173 1.0483 1.0456 1.0307 1.0494 1.0018 1.0238 1.0421 
1.0132 1.0139 1.0291 1.0183 1.0405 1.0183 1.0276 1.0011 1.0101 1.0422 
1.007 1 1.0185 1.0131 1.0118 1.0468 1.0024 1.0065 1.0335 1.0403 
1.0441 1.0042 1.0133 1.0349 1.0051 1.0107 1.0429 1.0194 1.0208 1.0228 
1.0083 1.002 1.0457 1.0282 1.0083 1.0328 1.0384 1.0382 1.0335 1.0385 
1.038 1.0355 1.0417 1.0045 1.0121 1.0267 1.0217 1.0262 1.0395 1.0478 
1.0108 1.0124 1.0341 1.0196 1.0499 1.0036 1.0088 1.0212 1.0381 1.0136 
1.0086 1.0341 1.0138 1.0295 1.0144 1.0236 1.0378 1.0392 1.0303 1.0474 
1.0449 1.0182 1.041 1.0439 1.0068 1.0495 1.0042 1.0434 1.038 1.0377 
1.022 1.0283 1.0274 1.03 1.0167 1.0027 1.0003 1.0177 1.011 1.0251 
1.0345 1.0266 1.012 1.002 1.0477 1.0407 1.0136 1.0433 1.007 1.0377 
1.018 1.0125 1.011 1.0493 1.0144 1.0239 1.0243 1.0307 1.0456 1.0227 
1.0369 1.0028 1.0382 1.0107 1.0107 1.0377 1.0145 1.0322 1.0135 1.0465 
1.0463 1.0371 1.0301 1.0408 1.0371 1.0401 1.0314 1.0252 1.0366 1.0234 
1.0273 1.0372 1.0175 1.005 1.0338 1.0112 1.0094 1.0253 1.0147 1.0332 
1.0047 1.0127 1.024 1.0328 1.0362 1.0042 1.0289 1.0352 1.0368 1.0217 
1.0249 1.0131 1.0251 1.0453 1.0409 1.0201 1.0075 1.0201 1.0387 1.0266 
1.029 1.0426 1.0313 1.0317 1.0321 1.0038 1.0253 1.0101 1.0223 1.0404 
1.043 1.0269 1.0369 1.0389 1.0219 1.0465 1.0127 1.0073 1.0026 1.0376 
1.0343 1.0125 1.0499 1.0305 1.0139 1.0463 1.0046 1.0139 1.0375 1.0483 
1.027 1.0084 1.0155 1.0225 1.0236 1.0075 1.0362 1.0391 1.0344 1.0029 
1.0324 1.0044 1.0497 1.0205 1.0121 1.0045 1.0295 1.0327 1.017 1.0379 
1.0432 1.0223 1.0211 1.0037 1.0136 1.0457 1.001 1.0139 1.0106 1.0136 
1.0324 1.0319 1.0438 1.0079 1.0233 1.0276 1.0264 1.006 1.0109 1.0488 
1.0125 1.0199 1.0212 1.0454 1.0129 1.0081 1.0173 1.0475 1.0056 1.0038 
1.0042 1.0336 1.0413 1.0015 1.0295 1.0221 1.0244 1.0224 1.0309 1.0073 
1.0363 1.0425 1.0309 1.0094 1.0127 1.0164 1.0054 1.0418 1.0375 1.0338 
1.0086 1.0289 1.0249 1.0385 1.046 1.0377 1.016 1.0457 1.0038 1.0104 
1.0459 1.0225 1.0284 1.0213 1.048 1.0229 1.0285 1.0026 1.0006 1.0014 
1.0272 1.0319 1.0375 1.0394 1.0467 1.0271 1.0209 1.0216 1.0167 1.0383 
1.0492 1.0366 1.0191 1.0263 1.0433 1.0361 1.0395 1.0181 1.0072 1.0013 
1.0099 1.0131 1.0022 1.029 1.046 1.0009 1.0433 1.0265 1.0281 1.0074 
1.044 1.0007 1.0354 1.0399 1.008 1.0247 1.0465 1.0322 1.0351 1.0318 
1.0187 1.0367 1.0487 1.0416 1.0458 1.0225 1.0223 1.0408 1.0138 1.0199 
1.0096 1.0281 1.0416 1.0104 1.0098 1.0063 1.0157 1.0116 1.0252 1.0071 
1.0024 1.034 1.0393 1.0315 1.0072 1.0189 1.0468 1.0111 1.0488 1.0299 
1.0359 1.0125 1.0444 1.0495 1.0448 1.0148 1.0367 1.0231 1.0268 1.0274 
1.0101 1.019 1.0143 1.018 1.0459 1.0348 1.014 1.0417 1.0024 1.0354 
1.04 1.0251 1.0162 1.0301 1.0045 1.0089 1.0465 1.0063 1.0409 1.0468 
1.0288 1.0103 1.0065 1.0456 1.0062 1.005 1.0447 1.0109 1.0467 1.049 
1.0049 1.0247 1.0451 1.0074 1.0343 1.0251 1.0065 1.0498 1.0162 1.0192 
1.016 1.024 1.0255 1.0296 1.025 1.0019 1.0176 1.0218 1.033 1.0255 
1.029 1.0112 1.0024 1.0105 1.0203 1.0404 1.0226 1.0013 1.0468 1.0433 
1.0285 1.0413 1.0377 1.0315 1.038 1.0468 1.0307 1.0386 1.0485 1.0234 
1.0282 1.0499 1.003 1.0217 1.0445 1.0247 1.0217 1.0365 1.0131 1.029 
1.0254 1.0264 1.0179 1.03 1.0301 1.0026 1.027 1.0333 1.0108 1.0291 
1.0247 1.0138 1.0187 1.0028 1.0395 1.0201 1.0338 1.0182 1.0095 1.0329 
1.0105 1.0317 1.0215 1.0152 1.0281 1.0158 1.0312 1.0069 1.0167 1.0487 
1.0352 1.0433 1.0082 1.0447 1.0128 1.0067 1.0058 1.0164 1.0398 1.0307 
1.0135 1.022 1.0236 1.0133 1.0246 1.0176 1.0081 1.0403 1.0062 1.0423 
1.0215 1.048 1.0257 1.0282 1.0241 1.0465 1.0158 1.0094 1.0149 1.0343 
1.0074 1.0114 1.0116 1.0011 1.0182 1.0355 1.0369 1.0107 1.0448 1.033 
1.0051 1.0394 1.0295 1.0296 1.0299 1.0373 1.0108 1.0204 1.0278 1.0383 
1.0087 1.0356 1.0159 1.0322 1.0342 1.0245 1.0239 1.0295 1.0124 1.0253 
1.0196 1.024 1.0325 1.0285 1.0031 1.0123 1.0445 1.0004 1.0386 1.0498 
1.0226 1.0409 1.0026 1.0165 1.0334 1.0248 1.0321 1.0008 1.0397 1.004 
1.0126 1.0377 1.0163 1.0043 1.0099 1.0496 1.0472 1.0366 1.0155 1.0162 
1.0204 1.0059 1.041 1.0315 1.0478 1.0049 1.0074 1.007 1.0324 1.007 
1.0075 1.0138 1.0289 1.0335 1.0181 1.0161 1.0285 1.0159 1.0096 1 
1.034 1.0424 1.0365 1.0091 1.0138 1.0007 1.0459 1.0459 1.013 1.0118 
1.03 1.0125 1.041 1.0365 1.0461 1.0475 1.0198 1.0068 1.0247 1.0229 
1.049 1.039 1.0316 1.0077 1.0477 1.0083 1.0478 1.0426 1.0175 1.0345 
1.0173 1.0471 1.0306 1.0373 1.0335 1.0232 1.0081 1.0201 1.0075 1.0052 
1.0477 1.0248 1.005 1.0482 1.0081 1.0146 1.0006 1.0017 1.0056 1.0016 
1.0192 1.0405 1.0176 1.0495 1.0241 1.0219 1.0001 1.0245 1.0243 1.0044 
1.0086 1.0051 1.0049 1.0391 1.0339 1.0018 1.0208 1.0207 1.0084 1.0467 
1.0303 1.0278 1.0044 1.0085 1.0113 1.0031 1.0278 1.0378 1.0382 1.0321 
1.0068 1.0145 1.0111 1.0145 1.0101 1.0346 1.0358 1.0358 1.0213 1.0386 
1.0334 1.0495 1.0358 1.018 1.013 1.0317 1.0122 1.0464 1.0452 1.0001 
1.003 1.0383 1.0412 1.0184 1.0236 1 1.0297 1.0041 1.0352 1.0198 
1.014 1.0191 1.0088 1.0481 1.0042 1.0032 1.0314 1.0329 1.0196 1.0368 
1.0375 1.0148 1.0473 1.0066 1.0088 1.0064 1.0382 1.0228 1.0479 1.043 
1.0171 1.0262 1.0327 1.0185 1.0384 1.0009 1.0437 1.0213 1.0243 1.0284 
1.018 1.0133 1.0047 1.0246 1.041 1.0402 1.012 1.0349 1.0083 1.003 
1.0497 1.0015 1.042 1.0294 1.0486 1.0051 1.02 1 1.0144 1.019 
1.0376 1.018 1.0301 1.0178 1.0141 1.0499 1.0456 1.0274 1.033 1.0416 
1.0189 1.0268 1.0429 1.0443 1.0321 1.0228 1.0202 1.0059 1.0313 1.0153 
1.0467 1.0461 1.0187 1.0181 1.0123 1.0285 1.026 1.0172 1.0069 1.0175 
1.0008 1.0117 1.045 1.0254 1.0343 1.0136 1.0194 1.0187 1.0009 1.0459 
1.0347 1.0418 1.0172 1.0236 1.0488 1.0281 1.0429 1.0031 1.0273 1.0417 
1.042 1.0468 1.005 1.0256 1.0172 1.0335 1.0197 1.0471 1.0015 1.0462 
1.04 1.0473 1.0013 1.035 1.0483 1.0273 1.0127 1.0334 1.0198 1.0037 
1.0442 1.0092 1.0222 1.0338 1.0097 1.0205 1.0341 1.0493 1.0483 1.0368 
1.0375 1.0483 1.0075 1.0322 1.021 1.0321 1.0042 1.0368 1.0001 1.0475 
1.0071 1.0384 1.0152 1.0439 1.0185 1.0277 1.0395 1.0168 1.0354 1.013 
1.0122 1.0459 1.0102 1.0089 1.0164 1.0036 1.0466 1.0159 1.0459 1.0358 
1.0382 1.0106 1.0131 1.0077 1.0009 1.0246 1.0076 1.0416 1.0136 1.049 
1.0297 1.0466 1.008 1.0444 1.031 1.0079 1.0459 1.0478 1.0246 1.0379 
1.0021 1.0425 1.0029 1.0099 1.0287 1.0253 1.0492 1.0257 1.0313 1.0086 
1.0303 1.0077 1.0172 1.0235 1.0037 1.0331 1.0018 1.0474 1.0039 1.0263 
1.0473 1.0063 1.0489 1.0423 1.0258 1.0344 1.0382 1.0064 1.0291 1.0312 
1.0271 1.0231 1.0491 1.0355 1.0437 1.0028 1.024 1.0473 1.0427 1.0484 
1.0072 1.0442 1.016 1.0052 1.0148 1.0058 1.0267 1.0422 1.0498 1.0008 
1.0044 1.0284 1.0059 1.0036 1.0355 1.0138 1.0225 1.0097 1.0363 1.0487 
1.0049 1.0332 1.0078 1.0287 1.0191 1.0023 1.0151 1.0479 1.0188 1.0293 
1.0104 1.0049 1.0477 1.0455 1.0075 1.0342 1.0286 1.0302 1.0166 1.0105 
1.0446 1.0125 1.003 1.0022 1.0077 1.0477 1.0344 1.0215 1.0093 1.0379 
1.0345 1.0142 1.0353 1.0407 1.0184 1.0423 1.0419 1.0343 1.0041 1.0111 
1.0077 1.0073 1.0293 1.0061 1.0091 1.032 1.0347 1.0168 1.0083 1.0316 
1.0153 1.0145 1.042 1.0301 1.0223 1.0022 1.0195 1.011 1.0087 1.0303 
1.0146 1.0406 1.0409 1.0212 1.0235 1.0326 1.0245 1.0096 1.0498 1.0121 
1.0195 1.028 1.0298 1.0329 1.0138 1.0207 1.0345 1.0238 1.0337 1.048 
1.0141 1.0496 1.039 1.0385 1.0313 1.0248 1.0143 1.0451 1.0297 1.0242 
1.0045 1.0325 1.0429 1.0362 1.0355 1.0113 1.048 1.0432 1.0092 1.0037 
1.0155 1.0242 1.0028 1.0003 1.0191 1.0196 1.0496 1.0219 1.0469 1.0181 
1.0124 1.0124 1.0389 1.0161 1.0109 1.0249 1.0385 1.0181 1.03 1.0173 
1.0215 1.0035 1.0361 1.0321 1.012 1.0202 1.0114 1.0154 1.0318 1.0488 
1.043 1.0326 1.0416 1.0022 1.0409 1.049 1.0348 1.0395 1.0059 1.0106 
1.0058 1.0053 1.0385 1.0372 1.0399 1.0253 1.0219 1.0437 1.0193 1.0357 
1.0491 1.048 1.0497 1.0303 1.0349 1.034 1.0232 1.0351 1.0035 1.007 
1.0198 1.0341 1.0102 1.0283 1.0136 1.0317 1.007 1.0152 1.0274 1.0303 
1.0462 1.049 1.004 1.003 1.048 1.0458 1.046 1.0062 1.0304 1.0194 
1.0391 1.0196 1.0042 1.0129 1.0139 1.0215 1.0429 1.0009 1.0342 1.0469 
1.0329 1.0294 1.0285 1.046 1.0165 1.0113 1.0039 1.045 1.0426 1.0018 
1.0455 1.0109 1.0214 1.0238 1.0407 1.0291 1.0132 1.0012 1.0342 1.0001 
1.0319 1.0075 1.0005 1.039 1.0033 1.0499 1.0121 1.0059 1.0466 1.0464 
1.0392 1.0488 1.0161 1.0452 1.0153 1.0469 1.0475 1.0491 1.0377 1.0482 
1.0221 1.0354 1.0096 1.02 1.0462 1.0059 1.0019 1.0254 1.0286 1.009 
1.0267 1.0066 1.0093 1.0216 1.0086 1.0171 1.0104 1.0167 1.0372 1.0206 
1.016 1.0226 1.0356 1.0308 1.0255 1.0066 1.0168 1.004 1.0099 1.021 
1.0074 1.0477 1.0225 1.0083 1.0117 1.0007 1.0299 1.0211 1.0032 1.0301 
1.0141 1.0478 1.0401 1.0445 1.0397 1.0298 1.0321 1.0167 1.0114 1.0439 
1.0266 1.0454 1.0422 1.0054 1.0377 1.0332 1.009 1.0351 1.0105 1.0037 
1.0013 1.0336 1.0315 1.0003 1.0191 1.0325 1.0387 1.0117 1.0153 1.0493 
1.047 1.0356 1.0494 1.0358 1.0398 1.0373 1.0144 1.0275 1.0464 1.0349 
1.0251 1.0481 1.0432 1.0181 1.0037 1.002 1.009 1.0202 1.0207 1.0452 
1.0455 1.0139 1.0298 1.002 1.0382 1.0328 1.0438 1.0093 1.022 1.0471 
1.0395 1.0017 1.019 1.0277 1.0093 1.0302 1.0357 1.0476 1.0117 1.0454 
1.0098 1.0354 1.046 1.0421 1.0411 1.012 1.0428 1.0045 1.0305 1.0292 
1.0133 1.0476 1.0428 1.0148 1.0478 1.0415 1.0196 1.026 1.0035 1.0362 
1.0186 1.0129 1.0037 1.0208 1.011 1.0459 1.0477 1.038 1.0326 1.0264 
1.0277 1.0412 1.0139 1.0358 1.0173 1.0313 1.0225 1.0159 1.0196 1.0288 
1.0089 1.0483 1.0153 1.0387 1.0447 1.025 1.0412 1.0027 1.0206 1.0074 
1.0313 1.0036 1.0495 1.0003 1.0233 1.0301 1.0019 1.0265 1.0246 1.0058 
1.0372 1.0102 1.0224 1.0275 1.037 1.0005 1.0381 1.0411 1.0116 1.0038 
1.0276 1.0293 1.0414 1.039 1.0146 1.0382 1.0384 1.0254 1.0441 1.0403 
1.0458 1.0283 1.0426 1.0412 1.0149 1.0161 1.0272 1.004 1.027 1.0064 
1.0489 1.0495 1.0441 1.0438 1.0197 1.0014 1.0141 1.0174 1.0369 1.0359 
1.0039 1.0348 1.0085 1.0308 1.028 1.0135 1.0177 1.0084 1.0095 1.0051 
1.024 1.0135 1.0102 1.0171 1.0482 1.0017 1.0327 1.0254 1.0125 1.0018 
1.0045 1.046 1.0318 1.0012 1.0496 1.0411 1.0113 1.011 1.0363 1.0287 
1.014 1.0495 1.0129 1.0303 1.0143 1.0234 1.0323 1.0304 1.0405 1.0045 
1.0116 1.0191 1.0162 1.0128 1.0116 1.0222 1.0186 1.0039 1.0388 1.0055 
1.0129 1.0138 1.0398 1.0061 1.0368 1.0356 1.0449 1.0479 1.0491 1.0122 
1.0085 1.0194 1.0259 1.0357 1.0008 1.0001 1.0109 1.0478 1.0207 1.0491 
1.0211 1.0477 1.0235 1.0072 1.0431 1.0097 1.0314 1.046 1.0194 1.0058 
1.0178 1.0456 1.0035 1.0312 1.0176 1.021 1.03 1.0239 1.016 1.0448 
1.0028 1.0422 1.0381 1.0252 1.0045 1.0408 1.0011 1.0395 1.0088 1.0493 
1 1.0057 1.0303 1.0289 1.0384 1.0447 1.0214 1.0034 1.0338 1.034 
1.0257 1.0423 1.0292 1.0005 1.0497 1.0069 1.0094 1.0221 1.0333 1.0265 
1.0206 1.0283 1.0059 1.0426 1.0464 1.0357 1.0379 1.0005 1.0422 1.0056 
1.0019 1.0078 1.0067 1.0301 1.034 1.0316 1.0283 1.0456 1.0284 1.0047 
1.0434 1.0395 1.008 1.0302 1.0202 1.0298 1.0311 1.0176 1.0434 1.0176 
1.0176 1.0003 1.0145 1.0032 1.0097 1.0095 1.011 1.0104 1.0093 1.0235 
1.0241 1.0446 1.0019 1.0273 1.0334 1.0058 1.0347 1.0323 1.0332 1.0359 
1.032 1.0217 1.0177 1.0053 1.0194 1.0129 1.0436 1.0086 1.0414 1.0017 
1.0307 1.0396 1.0025 1.0412 1.045 1.0167 1.0257 1.02 1.0428 1.0327 
1.0114 1.031 1.0184 1.0071 1.0379 1.0234 1.0134 1.0399 1.0031 1 
1.0111 1 1.0447 1.024 1.0207 1.005 1.012 1.0466 1.0398 1.001 
1.0418 1.0485 1.0425 1.0437 1.0439 1.0148 1.0113 1.0207 1.01 1.0093 
1.0356 1.036 1.0359 1.0442 1.0415 1.0401 1.0264 1.0394 1.006 1.0366 
1.0429 1.0469 1.0453 1.0378 1.0124 1.0086 1.0264 1.0358 1.017 1.0104 
1.0244 1.0027 1.0038 1.0282 1.01 1.0358 1.043 1.0064 1.0039 1.0329 
1.0022 1.0135 1.0203 1.0044 1.0267 1.02 1.0046 1.045 1.0246 1.0496 
1.0338 1.0269 1.0332 1.0046 1.0136 1.0078 1.022 1.0309 1.0188 1.0416 
1.0447 1.0459 1.0346 1.0478 1.0167 1.0463 1.0208 1.0189 1.0035 1.0171 
1.0114 1.0329 1.0398 1.0265 1.0342 1.0223 1.0071 1.0383 1.021 1.039 
1 1.0328 1.003 1.012 1.0325 1.0437 1.039 1.0108 1.0046 1.0236 
1.0151 1.0402 1.0275 1.0412 1.0293 1.0098 1.0104 1.0317 1.0457 1.0228 
1.0118 1.0177 1.0176 1.0087 1.0173 1.0467 1.0208 1.0173 1.049 1.0452 
1.0449 1.0247 1.0182 1.0259 1.049 1.0241 1.048 1.0084 1.0425 1.0256 
1.0019 1.0276 1.0389 1.0298 1.0307 1.0002 1.0083 1.0238 1.029 1.0486 
1.0155 1.0244 1.0262 1.0183 1.0311 1.0139 1.0002 1.0074 1.0336 1.0477 
1.0305 1.0025 1.0024 1.0395 1.0286 1.0164 1.048 1.0115 1.016 1.0319 
1.0403 1.0002 1.0231 1.0111 1.0238 1.0485 1.0183 1.0234 1.0237 1.0065 
1.0037 1.0153 1.0442 1.0277 1.0112 1.002 1.0253 1.0105 1.0414 1.0425 
1.04 1.0421 1.0051 1.0456 1.0144 1.0368 1.0209 1.0035 1.0019 1.0301 
1.0021 1.04 1.0199 1.0409 1.0377 1.0007 1.0366 1.015 1.0334 1.0234 
1.0456 1.0404 1.0368 1.0046 1.0291 1.0067 1.03 1.0412 1.0485 1.026 
1.0308 1.0404 1.0331 1.0059 1.0289 1.0221 1.0267 1.028 1.003 1.0372 
1.0263 1.0024 1.0476 1.0285 1.0136 1.0162 1.0366 1.0272 1.031 1.0219 
1.0449 1.0132 1.0422 1.0199 1.0375 1.0474 1.0272 1.0357 1.0249 1.0048 
1.0475 1.0465 1.0029 1.0012 1.0429 1.0416 1.0371 1.0258 1.0035 1.0368 
1.0426 1.0488 1.0199 1.0048 1.0425 1.0125 1.0024 1.0065 1.0477 1.0024 
1.0132 1.0082 1.0276 1.018 1.0233 1.0246 1.0096 1.002 1.0022 1.0433 
1.0407 1.0239 1.0334 1.02 1.0061 1.0219 1.0361 1.002 1.0136 1.0169 
1.0302 1.0255 1.0292 1.0007 1.0149 1.0105 1.0131 1.0197 1.035 1.031 
1.0095 1.0197 1.0034 1.0137 1.0282 1.0056 1.0004 1.0229 1.0472 1.008 
1.0278 1.0009 1.0015 1.0029 1.0196 1.0333 1.0259 1.0384 1.0057 1.0402 
1.0217 1.0017 1.041 1.0151 1.0354 1.0131 1.0496 1.0198 1.0275 1.0008 
1.0354 1.0405 1.0315 1.0231 1.001 1.0282 1.0495 1.0174 1.0262 1.0415 
1.0322 1.0399 1.0338 1.0074 1.0301 1.0122 1.014 1.0084 1.0388 1.0368 
1.0116 1.0296 1.0269 1.0491 1.011 1.0186 1.0016 1.0074 1.0224 1.03 
1.0401 1.0494 1.0188 1.0014 1.0374 1.0412 1.0194 1.0385 1.0468 1.0069 
1.0289 1.0229 1.0135 1.0192 1.014 1.0083 1.0284 1.0151 1.0158 1.0024 
1.0387 1.0117 1.0167 1.0472 1.0241 1.001 1.0405 1.0041 1.0324 1.0127 
1.0418 1.012 1.0004 1.0483 1.0488 1.042 1.0344 1.0342 1.0244 1.0088 
1.0009 1.0242 1.0044 1.0411 1.0278 1.0291 1.0414 1.0034 1.0241 1.0175 
1.0298 1.0382 1.0069 1.035 1.0168 1.0171 1.0337 1.0386 1.0249 1.0052 
1.0495 1.0394 1.0492 1.0136 1.0176 1 1.0142 1.0028 1.0044 1.0397 
1.019 1.0229 1.0217 1.0352 1.0471 1.0125 1.0253 1.0073 1.0226 1.0353 
1.0007 1.0451 1.0484 1.0238 1.0385 1.0099 1.0484 1.0137 1.0248 1.0396 
1.0309 1.0175 1.0355 1.0488 1.0427 1.0028 1.0463 1.0032 1.0414 1.0058 
1.0094 1.0263 1.0159 1.0458 1.0181 1.0255 1.0462 1.0387 1.0008 1.0457 
1.0007 1.001 1.0175 1.0394 1.0125 1.0256 1.0464 1.0477 1.0471 1.0081 
1.0262 1.0475 1.0201 1.0217 1.0404 1.0404 1.0303 1.0018 1.0234 1.0192 
1.0089 1.0154 1.0328 1.021 1.0075 1.0085 1.0316 1.0235 1.0357 1.0028 
1.0096 1.0407 1.0485 1.0439 1.0093 1.0116 1.0111 1.0256 1.0306 1.0139 
1.0158 1.0257 1.0388 1.0219 1.0025 1.0376 1.0282 1.0379 1.0033 1.0256 
1.0083 1.0055 1.0165 1.0311 1.0215 1.0013 1.0229 1.0231 1.0259 1.0469 
1.0248 1.0073 1.0245 1.0236 1.0256 1.008 1.0132 1.0157 1.0015 1.0409 
1.0086 1.0018 1.0331 1.0347 1.0158 1.0188 1.0293 1.0162 1.0304 1.0227 
1.0395 1.0472 1.0198 1.0125 1.0323 1.0379 1.0102 1.0297 1.0479 1.0215 
1.0474 1.0132 1.0139 1.0131 1.0322 1.0031 1.048 1.0111 1.0224 1.045 
1.0162 1.0277 1.0352 1.0392 1.0183 1.0308 1.0163 1.0371 1.0305 1.028 
1.039 1.0078 1.0198 1.0056 1.0219 1.0334 1.0228 1.0092 1.0007 1.0229 
1.0316 1.0363 1.0376 1.0257 1.0018 1.0391 1.0336 1.0424 1.0185 1.0175 
1.029 1.0158 1.0054 1.0002 1.0061 1.0051 1.0435 1.0368 1.0252 1.0415 
1.0274 1.025 1.0137 1.0068 1.0387 1.0441 1.0077 1.0275 1.0222 1.0039 
1.0322 1.0253 1.0224 1.0001 1.0477 1.0375 1.0357 1.024 1.0434 1.0091 
1.0195 1.0223 1.0042 1.0105 1.0377 1.0117 1.0345 1.0399 1.0442 1.0419 
1.026 1.0396 1.009 1.0211 1.0013 1.0447 1.0469 1.0258 1.0032 1.0003 
1.0403 1.0196 1.0384 1.0393 1.036 1.0426 1.0278 1.0374 1.0041 1.0341 
1.0209 1.0325 1.0434 1.014 1.0215 1.0044 1.0101 1.0273 1.0171 1.0078 
1.0355 1.0196 1.012 1.0355 1.0434 1.0193 1.0429 1.0013 1.0283 1.0181 
1.0297 1.0466 1.0277 1.0354 1.0365 1.0486 1.0442 1.0206 1.0303 1.0142 
1.0204 1.0317 1.0357 1.0425 1.0426 1.0046 1.0034 1.0154 1.0112 1.0476 
1.022 1.0314 1.0428 1.0333 1.0216 1.0455 1.0131 1.0342 1.0402 1.0301 
1.0003 1.008 1.0144 1.0308 1.0142 1.0499 1.0112 1.0411 1.0255 1.0145 
1.0331 1.0192 1.0163 1.0073 1.0481 1.0235 1.0027 1.0368 1.0283 1.0043 
1.0241 1.008 1.0276 1.041 1.0012 1.0268 1.0223 1.0093 1.0023 1.0123 
1.0123 1 1.04 1.0368 1.0332 1.0138 1.0401 1.0429 1.0417 1.0093 
1.0183 1.0014 1.0471 1.0499 1.0219 1.0437 1.0093 1.0448 1.0158 1.0468 
1.0037 1.0248 1.0339 1.0366 1.0298 1.0447 1.0291 1.041 1.0145 1.0055 
1.01 1.0192 1.0425 1.0037 1.0346 1.0389 1.0218 1.0188 1.0014 1.0297 
1.0142 1.0034 1.0443 1.0359 1.0051 1.0467 1.0387 1.0089 1.0079 1.0263 
1.0105 1.0476 1.0324 1.0499 1.0136 1.0198 1.0386 1.0316 1.0013 1.0403 
1.044 1.0363 1.01 1.0253 1.0279 1.0152 1.0277 1.0295 1.0109 1.0384 
1.0084 1.0447 1.0356 1.0284 1.0349 1.0422 1.0189 1.0161 1.013 1.0061 
1.0032 1.0461 1.0222 1.0493 1.0037 1.0191 1.0147 1.0024 1.0281 1.0221 
1.0025 1.0394 1.0353 1.0392 1.0249 1.0433 1.0334 1.0166 1.0193 1.0169 
1.0106 1.0352 1.0469 1.0003 1.0238 1.0167 1.0283 1.0488 1.03 1.0072 
1.0094 1.0272 1.0387 1.0364 1.0191 1.0123 1.002 1.0409 1.0068 1.0216 
1.0131 1.0142 1.001 1.0001 1.0195 1.0251 1.0414 1.0446 1.0074 1.0405 
1.0498 1.0101 1.0368 1.0143 1.0472 1.0012 1.0406 1.0085 1.0223 1.0077 
1.0282 1.0388 1.0442 1.0495 1.0481 1.0146 1.0298 1.0242 1.0408 1.0171 
1.0043 1.0229 1.0491 1.014 1.0245 1.0378 1.0259 1.0207 1.0483 1.0122 
1.0462 1.0084 1.0356 1.0485 1.0008 1.0238 1.0345 1.0376 1.0084 1.0024 
1.0483 1.0408 1.0328 1.0493 1.0017 1.039 1.0065 1.045 1.0425 1.0158 
1.013 1.0152 1.02 1.0141 1.029 1.0354 1.0075 1.0382 1.0368 1.0492 
1.0023 1.0182 1.0067 1.0116 1.0299 1.0114 1.0002 1.0275 1.0325 1.0113 
1.0405 1.0244 1.0205 1.0011 1.0421 1.0432 1.0381 1.0201 1.0061 1.0073 
1.0254 1.0218 1.0369 1.0225 1.0115 1.0414 1.0363 1.0165 1.0212 1.0373 
1.0132 1.0195 1.0088 1.0197 1.0096 1.0071 1.0459 1.032 1.0009 1.0093 
1.0094 1.0096 1.0445 1.0279 1.0403 1.0076 1.0266 1.014 1.0041 1.0328 
1.0229 1.0014 1.0064 1.0239 1.0102 1.042 1.0081 1.0364 1.0223 1.0299 
1.0432 1.0214 1.0151 1.0171 1.0177 1.0325 1.0166 1.0488 1.0301 1.0438 
1.0018 1.0453 1.0285 1.0317 1.0347 1.0283 1.0348 1.0336 1.0162 1.0054 
1.0489 1.0254 1.0042 1.0157 1.0271 1.0309 1.0293 1.0003 1.0104 1.0161 
1.0486 1.0299 1.0076 1.0239 1.0123 1.0364 1.0238 1.0412 1.0068 1.0023 
1.0351 1.0042 1.004 1.0317 1.0014 1.0155 1.0236 1.0183 1.0252 1.0295 
1.0362 1.0001 1.0397 1.0352 1.0076 1.0395 1.0282 1.0216 1.0465 1.013 
1.0141 1.0128 1.0443 1.0478 1.035 1.005 1.0157 1.0254 1.0435 1.0356 
1.0199 1.0109 1.0006 1.017 1.0076 1.0036 1.0346 1.0343 1.0071 1.0452 
1.0319 1.0121 1.0445 1.0469 1.019 1.0115 1.0082 1.0199 1.0179 1.002 
1.0398 1.0348 1.0365 1.0404 1.0026 1.0466 1.0063 1.022 1.0499 1.0142 
1.0417 1.0207 1.0131 1.0489 1.0191 1.0367 1.0185 1.0426 1.0059 1.0234 
1.0257 1.0373 1.0389 1.0289 1.048 1.0178 1.047 1.0116 1.0453 1.0353 
1.0337 1.0016 1.0166 1.0473 1.0162 1.0286 1.0077 1.047 1.0052 1.0325 
1.0345 1.0095 1.001 1.0369 1.0343 1.0183 1 1.0413 1.0184 1.0196 
1.0419 1.0298 1.007 1.0274 1.0134 1.0476 1.0095 1.0241 1.0058 1.009 
1.022 1.0417 1.0197 1.0469 1.0058 1.0409 1.037 1.0422 1.0073 1.0474 
1.0056 1.0177 1.0451 1.0037 1.0295 1.0368 1.0419 1.0328 1.0291 1.0127 
1.0413 1.0053 1.0332 1.036 1.0425 1.0331 1.029 1.0399 1.0137 1.0465 
1.0222 1.012 1.0056 1.0264 1.0101 1.0451 1.0465 1.006 1.0307 1.0348 
1.0137 1.0274 1.0342 1.0323 1.006 1.0161 1.0264 1.0114 1.012 1.0067 
1.0287 1.0263 1.0235 1.0293 1.0228 1.0131 1.0414 1.0229 1.0193 1.0204 
1.0283 1.005 1.0251 1.0141 1.0077 1.0077 1.0422 1.0198 1.026 1.0491 
1.0475 1.0183 1.0063 1.0479 1.0316 1.0085 1.0476 1.0478 1.0162 1.0337 
1.0382 1.0356 1.0043 1.0075 1.0038 1.0213 1.0249 1.0177 1.027 1.0231 
1.0048 1.0311 1.0196 1.0197 1.0075 1.0246 1.0234 1.0353 1.0364 1.0218 
1.0078 1.0158 1.0125 1.0437 1.0019 1.0241 1.0409 1.0249 1.0028 1.0036 
1.0411 1.0419 1.0013 1.0464 1.0217 1.0324 1.0236 1.0268 1.0453 1.018 
1.0097 1.0377 1.0317 1.0414 1.0333 1.0229 1.0112 1.0343 1.0191 1.013 
1.0267 1.0291 1.0341 1.0247 1.042 1.0236 1.0314 1.0254 1.0457 1.034 
1.0264 1.024 1.0153 1.0133 1.0423 1.0201 1.0028 1.0042 1.003 1.0306 
1.0147 1.0213 1.0442 1.0056 1.0369 1.0135 1.0405 1.0166 1.0224 1.0496 
1.045 1.0262 1.0268 1.0396 1.0265 1.0108 1.001 1.0061 1.0199 1.0332 
1.0092 1.0385 1.0059 1.0457 1.0011 1.0298 1.0275 1.0462 1.0296 1.0425 
1.0347 1.0443 1.0087 1.0432 1.0226 1.0163 1.0137 1.0407 1.0417 1.0189 
1.0297 1.0389 1.0452 1.0377 1.0101 1.0018 1.0055 1.0016 1.0294 1.0011 
1.0032 1.049 1.001 1.015 1.0314 1.0483 1.0288 1.0428 1.0027 1.0144 
1.0405 1.0244 1.0437 1.0116 1.0477 1.0381 1.0009 1.0442 1.0115 1.0326 
1.0397 1.0209 1.009 1.0289 1.0016 1.0217 1.0336 1.0413 1.0207 1.0408 
1.0048 1.0076 1.0342 1.0397 1.0043 1.0401 1.0416 1.0275 1.0042 1.0349 
1.0119 1.0497 1.0375 1.0205 1.004 1.0028 1.0005 1.0455 1.0026 1.0414 
1.0437 1.0296 1.0128 1.0262 1.0114 1.0121 1.0131 1 1.0371 1.0037 
1.024 1.0183 1.0336 1.0327 1.0035 1.0228 1.0319 1.0412 1.0046 1.0484 
1.0008 1.0278 1.0061 1.008 1.0486 1.005 1.0225 1.0008 1.0307 1.0439 
1.0117 1.041 1.0261 1.0457 1.0419 1.0349 1.0367 1.0125 1.0164 1.0326 
1.044 1.0349 1.0467 1.0401 1.0134 1.0223 1.0191 1.0435 1.0102 1.0385 
1.0407 1.019 1.037 1.0051 1.007 1.0462 1.019 1.0224 1.0012 1.0347 
1.0467 1.0238 1.0335 1.0074 1.0385 1.0148 1.0369 1.0129 1.0024 1.0465 
1.0153 1.0069 1.0142 1.0315 1.0151 1.0318 1.0402 1.0345 1.0262 1.0354 
1.0184 1.0332 1.0496 1.0402 1.0295 1.0356 1.0008 1.0289 1.0199 1.0175 
1.048 1.0265 1.0321 1.0338 1.0068 1.0327 1.0168 1.0482 1.0335 1.0458 
1.0209 1.0389 1.0474 1.0115 1.0373 1.0133 1.0189 1.0083 1.0049 1.0393 
1.0375 1.0062 1.0457 1.0467 1.0029 1.0054 1.0169 1.0268 1.0339 1.0023 
1.0362 1.0122 1.0465 1.0374 1.0385 1.0347 1.0379 1.0204 1.0034 1.0075 
1.0464 1.012 1.0298 1.0032 1.0252 1.0231 1.0396 1.0008 1.0393 1.0075 
1.0465 1.0418 1.003 1.0178 1.0182 1.0041 1.0049 1.0281 1.0323 1.0449 
1.0471 1.04 1.0321 1.0219 1.0133 1.0019 1.0124 1.0299 1.0009 1.0481 
1.0274 1.0243 1.0161 1.0292 1.0115 1.0347 1.0411 1.0426 1.0273 1.0344 
1.0438 1.0067 1.0223 1.0326 1.0404 1.0206 1.0413 1.0237 1.0357 1.0104 
1.0306 1.0213 1.0219 1.027 1.0358 1.0192 1.0097 1.0435 1.0252 1.0272 
1.0033 1.0015 1.0246 1.0342 1.0353 1.0149 1.0164 1.0479 1.0086 1.0323 
1.0199 1.0352 1.0452 1.0025 1.038 1.0443 1.0045 1.0123 1.0344 1.028 
1.0008 1.0013 1.0112 1.0461 1.0235 1.0227 1.0315 1.0166 1.0036 1.0286 
1.0399 1.0271 1.0472 1.0472 1.0441 1.0196 1.0261 1.0224 1.0433 1.0385 
1.0054 1.0286 1.0166 1.0178 1.0125 1.0079 1.0206 1.0414 1.0408 1.002 
1.0193 1.0362 1.0119 1.0155 1.0222 1.0249 1.0116 1.0443 1.0334 1.0341 
1.0148 1.0469 1.0211 1.0348 1.0253 1.0335 1.0111 1.0132 1.0361 1.0279 
1.0127 1.0416 1.0194 1.0259 1.0498 1.0004 1.0166 1.0321 1.0387 1.0003 
1.0126 1.0229 1.005 1.0411 1.0025 1.0374 1.0064 1.0216 1.0134 1.04 
1.0189 1.0348 1.0389 1.0235 1.0482 1.0247 1.0141 1.0089 1.0145 1.0447 
1.0384 1.0009 1.0164 1.0271 1.0099 1.0267 1.0423 1.0447 1.0314 1.0001 
1.0393 1.0362 1.0166 1.0199 1.0065 1.0126 1.0391 1.0443 1.0283 1.0124 
1.0128 1.036 1.049 1.0093 1.0008 1.03 1.0254 1.0296 1.038 1.034 
1.0493 1.0441 1.0391 1.0495 1.0413 1.0037 1.0465 1.0109 1.0162 1.0431 
1.0291 1.0033 1.0342 1.0262 1.0441 1.0385 1.0028 1.0176 1.0368 1.0293 
1.0469 1.0119 1.0151 1.0431 1.014 1.025 1.0009 1.0345 1.0289 1.0406 
1.0317 1.0199 1.0476 1.0418 1.0161 1.0019 1.0191 1.0387 1.0163 1.0398 
1.0069 1.0348 1.0149 1.0292 1.01 1.0329 1.027 1.0359 1.0022 1.0234 
1.0401 1.032 1.0432 1.0434 1.0394 1.0495 1.0446 1.016 1.0187 1.0405 
1.0294 1.0183 1.0173 1.0358 1.021 1.0149 1.0035 1.0056 1.0064 1.0149 
1.0437 1.0288 1.0101 1.0057 1.0429 1.0315 1.0217 1.0305 1.0346 1.0166 
1.0195 1.0438 1.0458 1.0045 1.0462 1.0457 1.019 1.0482 1.0478 1.0203 
1.0095 1.0016 1.0192 1.0277 1.0379 1.0054 1.0412 1.0448 1.034 1.0242 
1.0246 1.0003 1.0441 1.0017 1.0279 1.0424 1.0194 1.0333 1.0224 1.0055 
1.0269 1.0232 1.0331 1.0468 1.0262 1.0487 1.0265 1.016 1.0242 1.0167 
1.0439 1.0263 1.0076 1.0107 1.0089 1.0497 1.0204 1.0102 1.0396 1.0057 
1.0465 1.0178 1.0004 1.0481 1.0464 1.0365 1.0185 1.0351 1.007 1.047 
1.0369 1.0295 1.001 1.0228 1.0278 1.0438 1.0062 1.029 1.0063 1.0402 
1.0199 1.0335 1.0365 1.046 1.0231 1.03 1.034 1.0002 1.0127 1.0058 
1.0312 1.0261 1.0286 1.0086 1.0213 1.0002 1.0245 1.0154 1.0273 1.0407 
1.013 1.0083 1.008 1.0396 1.0253 1.0399 1.0216 1.0266 1.0165 1.0063 
1.0262 1.0397 1.0349 1.0349 1.0356 1.0113 1.0452 1.0114 1.0249 1.0074 
1.0465 1.0131 1.0102 1.0312 1.0238 1.0425 1.0307 1.0339 1.0121 1.0022 
1.0093 1.0467 1.0048 1.0186 1.0269 1.0048 1.0288 1.0343 1.0157 1.0037 
1.01 1.0073 1.0213 1.0011 1.0083 1.0385 1.0344 1.0351 1.0386 1.0294 
1.0336 1.0111 1.0478 1.0232 1.0116 1.0197 1.0013 1.0272 1.0093 1.0152 
1.0075 1.0149 1.0495 1.0341 1.0484 1.019 1.0064 1.0361 1.0273 1.0127 
1.0481 1.0412 1.0455 1.0248 1.0484 1.0161 1.0006 1.0395 1.0398 1.0234 
1.0205 1.025 1.0069 1.0134 1.0297 1.0389 1.0497 1.041 1.0061 1.0209 
1.0131 1.0185 1.0029 1.0061 1.0426 1.0143 1.0122 1.0232 1.0041 1.0264 
1.008 1.0435 1.0096 1.0248 1.0341 1.0017 1.0395 1.0186 1.0325 1.0144 
1.0112 1.0362 1.0106 1.0281 1.0133 1.0015 1.0463 1.0407 1.0452 1.0445 
1.0387 1.0207 1.0233 1.007 1.0011 1.026 1.0433 1.0423 1.0436 1.0114 
1.0492 1.0341 1.0186 1.0228 1.0314 1.0108 1.0126 1.0162 1.0178 1.028 
1.0157 1.0475 1.0451 1.0034 1.0077 1.0455 1.0158 1.0014 1.0191 1.0437 
1.0327 1.0267 1.049 1.0399 1.0319 1.0326 1.0458 1.0397 1.013 1.0267 
1.0161 1.0063 1.0158 1.0492 1.0474 1.0045 1.0476 1.0394 1.0203 1.0434 
1.0281 1.0485 1.0025 1.0276 1.0443 1.0324 1.0361 1.0429 1.0029 1.0243 
1.0265 1.0139 1.0029 1.0344 1.0156 1.0112 1.0133 1.0058 1.0482 1.0365 
1.0228 1.0231 1.0283 1.0235 1.0261 1.004 1.0237 1.0471 1.0288 1.0408 
1.0488 1.0238 1.0404 1.0235 1.0094 1.048 1.0253 1.0038 1.0495 1.0322 
1.0042 1.0433 1.0219 1.0253 1.0298 1.0147 1.0197 1.0138 1.0295 1.0491 
1.0066 1.0367 1.0271 1.0109 1.0119 1.0215 1.0474 1.0162 1.0175 1.0364 
1.0292 1.0488 1.0188 1.0216 1.0391 1.008 1.0168 1.0062 1.0035 1.0221 
1.0234 1.0219 1.0246 1.0437 1.0419 1.0064 1.0438 1.035 1.045 1.0125 
1.0177 1.0466 1.0103 1.0187 1.0171 1.0195 1.0436 1.0014 1.0418 1.0118 
1.0091 1.0166 1.009 1.0211 1.0036 1.0363 1.0374 1.0156 1.0494 1.0078 
1.0155 1.0421 1.0199 1.0058 1.0099 1.0459 1.0141 1.0399 1.0157 1.0431 
1.0275 1.049 1.0099 1.0218 1.0124 1.0385 1.01 1.0023 1.0366 1.0108 
1.0195 1.0092 1.0234 1.0397 1.0156 1.0388 1.0251 1.0139 1.0397 1.0489 
1.0156 1.0129 1.0432 1.0154 1.0426 1.0049 1.0351 1.0127 1.007 1.0399 
1.0423 1.0071 1.0019 1.0004 1.0098 1.033 1.007 1.0102 1.0134 1.0127 
1.0459 1.033 1.0127 1.0316 1.0491 1.0083 1.0292 1.0337 1.0346 1.0469 
1.0453 1.0257 1.0183 1.0126 1.0393 1.0475 1.0314 1.0255 1.0357 1.0349 
1.003 1.0051 1.034 1.0418 1.0127 1.0171 1.0424 1.0005 1.0289 1.0253 
1.0413 1.028 1.0125 1.0279 1.0213 1.0214 1.0123 1.0066 1.01 1.0108 
1.0125 1.04 1.0052 1.0422 1.0207 1.0025 1.006 1.0105 1.0252 1.0205 
1.0028 1.0224 1.002 1.0083 1.0309 1.0428 1.0494 1.0388 1.0278 1.0032 
1.0232 1.0103 1.0142 1.0489 1.0264 1.0179 1.0204 1.0257 1.0065 1.0033 
1.0315 1.0222 1.0147 1.0176 1.0352 1.0134 1.0303 1.0327 1.0088 1.034 
1.0151 1.0086 1.019 1.0437 1.0377 1.0303 1.0364 1.0489 1.0077 1.0478 
1.0077 1.0391 1.0063 1.0154 1.0159 1.0268 1.0033 1.0183 1.0498 1.0074 
1.0126 1.0181 1.0237 1.0471 1.0496 1.0238 1.0259 1.0398 1.0188 1.0379 
1.0465 1.0408 1.018 1.005 1.0382 1.0256 1.0416 1.0332 1.0338 1.0028 
1.0087 1.0229 1.0452 1.0342 1.0283 1.0296 1.0101 1.0095 1.0148 1.0138 
1.0278 1.0413 1.0058 1.0017 1.0266 1.0151 1.0014 1.0185 1.0399 1.0301 
1.045 1.0037 1.0243 1.0077 1.0066 1.041 1.0092 1.0409 1.029 1.0333 
1.0396 1.0174 1.0065 1.0358 1.025 1.0337 1.0104 1.0157 1.0205 1.0223 
1.0312 1.0088 1.014 1.0374 1.0216 1.0397 1.033 1.0258 1.0366 1.0081 
1.0307 1.0089 1.0352 1.0237 1.0074 1.0047 1.0026 1.0137 1.0328 1.0136 
1.0326 1.0282 1.0336 1.0059 1.0235 1.0204 1.0001 1.0143 1.0073 1.0211 
1.0037 1.0372 1.0289 1.0469 1.0164 1.0445 1.0133 1.0149 1.0029 1.0059 
1.0443 1.0115 1.0306 1.0088 1.003 1.046 1.0442 1.0325 1.0335 1.0167 
1.0242 1.0369 1.0493 1.0236 1.022 1.0355 1.0148 1.0107 1.0484 1.0417 
1.0183 1.0444 1.0231 1.0034 1.0065 1.0182 1.0378 1.0429 1.0212 1.0486 
1.0259 1.0059 1.0423 1.0206 1.0098 1.0283 1.0297 1.0229 1.0431 1.012 
1.049 1.0096 1.047 1.0391 1.0399 1.0222 1.0278 1.0398 1.038 1.03 
1.0426 1.0435 1.0298 1.042 1.0054 1.0401 1.0217 1.0018 1.0294 1.0323 
1.0034 1.0395 1.0212 1.0498 1.001 1.0434 1.017 1.0242 1.0105 1.0417 
1.0189 1.0144 1.0083 1.0181 1.0364 1.0303 1.0059 1.0188 1.0004 1.0295 
1.0265 1.0442 1.0237 1.0093 1.0457 1.0049 1.0337 1.0204 1.028 1.0002 
1.0336 1.0171 1.005 1.0141 1.0252 1.012 1.0433 1.004 1.0154 1.0421 
1.0045 1.0402 1.0464 1.0345 1.0425 1.0177 1.0224 1.0397 1.0165 1.0019 
1.0025 1.0195 1.0424 1.0121 1.0076 1.0371 1.0304 1.0217 1.021 1.0376 
1.0112 1.028 1.018 1.0173 1.0389 1.0102 1.0003 1.0137 1.0443 1.0458 
1.0202 1.036 1.035 1.0146 1.0336 1.0175 1.0353 1.0429 1.0102 1.0281 
1.0246 1.0017 1.0265 1.0178 1.024 1.0157 1.0283 1.0172 1.0428 1.0155 
1.0204 1.0121 1.0061 1.0235 1.0451 1.0149 1.0051 1.0401 1.0458 1.03 
1.005 1.0322 1.0378 1.0022 1.0428 1.0385 1.0486 1.0321 1.0494 1.0279 
1.0195 1.0218 1.0042 1.0193 1.0284 1.0328 1.0115 1.0459 1.045 1.0217 
1.0057 1.0176 1.0379 1.0111 1.0268 1.0368 1.0255 1.0002 1.0443 1.0003 
1.0207 1.0295 1.0319 1.0192 1.023 1.0188 1.0326 1.047 1.0388 1.0476 
1.0269 1.0465 1.0217 1.029 1.0397 1.0168 1.0437 1.0001 1.0245 1.0434 
1.0082 1.0115 1.0022 1.0099 1.0431 1.0022 1.0397 1.0417 1.0113 1.0062 
1.0149 1.0154 1.014 1.0344 1.0309 1.0251 1.029 1.0026 1.0464 1.0225 
1.0156 1.0032 1.0317 1.0419 1.0065 1.0231 1.0329 1.0112 1.0414 1.0484 
1.0315 1.0151 1.0433 1.0091 1.0368 1.0324 1.0352 1.0301 1.0367 1.0277 
1.0066 1.0435 1.0358 1.0445 1.0011 1.014 1.0365 1.0451 1.0234 1.0056 
1.0439 1.009 1.0196 1.0189 1.0339 1.0499 1.012 1.0398 1.0233 1.0468 
1.0271 1.0143 1.0337 1.0104 1.044 1.0496 1.001 1.0027 1.0234 1.0061 
1.0391 1.0236 1.0296 1.019 1.0434 1.0476 1.041 1.0378 1.0362 1.01 
1.0295 1.0222 1.0255 1.005 1.0286 1.0079 1.0059 1.0263 1.0172 1.0231 
1.0175 1.0029 1.0394 1.0272 1.0042 1.0487 1.0023 1.0297 1.0237 1.0001 
1.0001 1.0258 1.0436 1.0083 1.0009 1.021 1.0112 1.0159 1.0487 1.0224 
1.0426 1.0471 1.0311 1.0479 1.0019 1.0363 1.0496 1.0105 1.0456 1.0391 
1.0035 1.0325 1.0095 1.0129 1.0468 1.0404 1.0222 1.0116 1.0283 1.0277 
1.0013 1.0277 1.0409 1.0244 1.0031 1.0497 1.0356 1.0001 1.0073 1.0255 
1.0264 1.0112 1.0245 1.0263 1.0411 1.0012 1.0052 1.014 1.0036 1.0409 
1.007 1.0293 1.02 1.0362 1.0379 1.0114 1.0045 1.011 1.0159 1.0305 
1.007 1.0181 1.0209 1.0468 1.0082 1.0179 1.0423 1.005 1.04 1.0453 
1.0369 1.0264 1.0092 1.0215 1.0228 1.0104 1.0172 1.0053 1.0241 1.0494 
1.0409 1.0401 1.0394 1.0043 1.0374 1.0176 1.0244 1.0444 1.0277 1.0164 
1.0459 1.0496 1.0418 1.0033 1.0069 1.0496 1.0209 1.0422 1.0421 1.0082 
1.0495 1.0311 1.0423 1.03 1.0351 1.0441 1.0111 1.0051 1.008 1.0454 
1.0455 1.0391 1.0219 1.0158 1.0284 1.0408 1.0215 1.042 1.0089 1.0086 
1.0113 1.0108 1.0182 1.0129 1.0341 1.0013 1.0014 1.0099 1.0272 1.0375 
1.0357 1.029 1.0404 1.0171 1.0103 1.0221 1.0361 1.0434 1.0349 1.0319 
1.0377 1.0491 1.0397 1.007 1.017 1.0331 1.0048 1.0085 1.013 1.0402 
1.0483 1.0356 1.0367 1.0456 1.0217 1.023 1.0037 1.0189 1.0336 1.0021 
1.0429 1.0136 1.0318 1.0333 1.0107 1.0017 1.015 1.0266 1.0166 1.0342 
1.0227 1.0088 1.0018 1.0487 1.0216 1.0352 1.0262 1.0274 1.0052 1.0161 
1.0439 1.0282 1.0373 1.0114 1.0189 1.0221 1.0207 1.0329 1.0185 1.0444 
1.0234 1.012 1.0094 1.0042 1.0416 1.0032 1.03 1.0221 1.048 1.0148 
1.025 1.0048 1.0016 1.0199 1.0174 1.0424 1.0432 1.0064 1.0131 1.0341 
1.0423 1.0188 1.0446 1.0107 1.0341 1.0229 1.0289 1.0426 1.0321 1.0346 
1.018 1.0087 1.0317 1.0266 1.0285 1.0237 1.0289 1.0402 1.0163 1.0202 
1.0344 1.0193 1.0089 1.0441 1.0281 1.0419 1.0431 1.0132 1.0472 1.015 
1.0477 1.0125 1.0075 1.0146 1.0439 1.0011 1.0111 1.0416 1.0481 1.029 
1.0251 1.0395 1.0368 1.0242 1.0333 1.0407 1.0152 1.0028 1.013 1.0387 
1.002 1.0342 1.0475 1.024 1.0331 1.0109 1.0073 1.0212 1.0392 1.0064 
1.0137 1.0294 1.0296 1.0454 1.0412 1.0444 1.035 1.0012 1.012 1.0471 
1.0444 1.0072 1.0212 1.029 1.0308 1.0189 1.0169 1.0033 1.0377 1.0497 
1.0358 1.0091 1.0483 1.0067 1.044 1.0238 1.0116 1.0448 1.0273 1.0202 
1.0073 1.0059 1.017 1.0065 1.0256 1.016 1.04 1.0149 1.0399 1.0483 
1.0372 1.043 1.0117 1.0002 1.0445 1.0234 1.0008 1.0292 1.0389 1.045 
1.0239 1.0226 1.0447 1.0083 1.0344 1.0425 1.0484 1.0149 1.0024 1.0054 
1.0481 1.021 1.0474 1.0275 1.0456 1.0002 1.0018 1.0079 1.0024 1.0294 
1.0451 1.0184 1.0082 1.041 1.0346 1.031 1.0445 1.0128 1.0192 1.0302 
1.043 1.0273 1.0386 1.0036 1.0361 1.0322 1.0344 1.039 1.0491 1.0476 
1.0396 1.0258 1.0356 1.0483 1.0079 1.0058 1.0482 1.0493 1.0412 1.0246 
1.0262 1.0069 1.0156 1.0226 1.0303 1.0106 1.0038 1.0465 1.0269 1.0067 
1.0336 1.0093 1.0368 1.0127 1.0262 1.0483 1.0393 1.0233 1.0205 1.0481 
1.002 1.0303 1.017 1.0166 1.0083 1.043 1.0052 1.0306 1.0413 1.0239 
1.0299 1.0238 1.015 1.0097 1.0043 1.0111 1.0298 1.0259 1.0433 1.0402 
1.0461 1.0307 1.0292 1.0387 1.0222 1.0019 1.0411 1.0126 1.0287 1.0398 
1.0332 1.0373 1.0467 1.0027 1.0156 1.0348 1.0101 1.0154 1.0005 1.0069 
1.0356 1.0215 1.014 1.0099 1.048 1.0423 1.0393 1.0421 1.0204 1.0384 
1.0103 1.0367 1.0356 1.03 1.0468 1.0029 1.0117 1.0429 1.0209 1.0495 
1.0382 1.0331 1.0382 1.0095 1.021 1.0087 1.0456 1.038 1.0107 1.0187 
1.0302 1.0251 1.0221 1.0477 1.0225 1.0377 1.0067 1.0293 1.0468 1.0129 
1.0029 1.0077 1.022 1.0266 1.0314 1.0391 1.0417 1.0018 1.0084 1.0221 
1.04 1.012 1.0007 1.024 1.0421 1.0331 1.019 1.0467 1.0276 1.0344 
1.0124 1.0489 1.0488 1.011 1.0161 1.0394 1.0216 1.0088 1.0251 1.0342 
1.0214 1.0059 1.0456 1.0478 1.0288 1.0048 1.0453 1.0155 1.0441 1.0136 
1.0064 1.0232 1.0256 1.0306 1.0245 1.0491 1.0039 1.0045 1.0298 1.0232 
1.0186 1.0019 1.0397 1.0217 1.0089 1.0324 1.017 1.0073 1.0068 1.0019 
1.0165 1.0206 1.0289 1.019 1.0345 1.0308 1.0143 1.0397 1.0446 1.006 
1.0489 1.0389 1.0405 1.0413 1.0417 1.0057 1.0473 1.015 1.0235 1.0428 
1.0327 1.0453 1.0288 1.0456 1.0229 1.0186 1.0315 1.0123 1.0416 1.0274 
1.0069 1.016 1.0161 1.0109 1.0303 1.032 1.0393 1.0062 1.0186 1.0465 
1.046 1.0271 1.0334 1.0298 1.0326 1.0261 1.0391 1.0381 1.0126 1.044 
1.0224 1.0454 1.0448 1.0318 1.0049 1.048 1.0414 1.0372 1.0124 1.0157 
1.0438 1.023 1.0142 1.0305 1.0186 1.0276 1.0347 1.0167 1.0472 1.0281 
1.0451 1.0443 1.018 1.0379 1.0086 1.0075 1.0223 1.0315 1.0215 1.0289 
1.0093 1.005 1.0476 1.0249 1.0467 1.0255 1.0037 1.0347 1.0301 1.0484 
1.0122 1.0395 1.0221 1.002 1.0009 1.0183 1.0409 1.0091 1.0461 1.0232 
1.0397 1.0351 1.0271 1.0225 1.0089 1.0404 1.0147 1.0016 1.0097 1.0391 
1.0291 1.003 1.0322 1.0291 1.037 1.0294 1.0136 1.0077 1.0384 1.0085 
1 1.0353 1.0467 1.0228 1.0085 1.0036 1.0489 1.0293 1.0289 1.0364 
1.0169 1.0243 1.0053 1.0438 1.0079 1.0437 1.0189 1.0295 1.0364 1.0305 
1.016 1.0189 1.0088 1.0089 1.0052 1.0475 1.027 1.0457 1.0312 1.0068 
1.0054 1.0458 1.0143 1.0311 1.0465 1.0098 1.0061 1.0178 1.0466 1.0373 
1.0311 1.0337 1.0174 1.0208 1.0268 1.0018 1.0137 1.0248 1.0472 1.0427 
1.0264 1.0441 1.0227 1.0382 1.0443 1.0452 1.0012 1.0039 1.0488 1.0457 
1.0027 1.0126 1.0343 1.0233 1.0117 1.0279 1.0367 1.0135 1.0285 1.0427 
1.0192 1.0393 1.0482 1.0409 1.0398 1.0022 1.0008 1.0109 1.0311 1.0026 
1.0027 1.0372 1.0129 1.0117 1.0023 1.0489 1.0255 1.0075 1.0489 1.0113 
1.0088 1.0136 1.0416 1.0429 1.0183 1.0183 1.0139 1.0444 1.0444 1.002 
1.007 1.011 1.0483 1.033 1.0335 1.0213 1.0245 1.0238 1.0152 1.0313 
1.0259 1.0142 1.0394 1.0095 1.0186 1.0073 1.0412 1.0074 1.0255 1.0188 
1.0492 1.0028 1.0278 1.0184 1.0328 1.0196 1.0034 1.0012 1.0377 1.035 
1.015 1.0357 1.01 1.0028 1.0487 1.0396 1.0426 1.0003 1.0297 1.0225 
1.0482 1.0238 1.0279 1.0474 1.0404 1.0022 1.0343 1.0473 1.0433 1.0013 
1.0045 1.0021 1.0124 1.0269 1.0286 1.045 1.0483 1.0227 1.0224 1 
1.0094 1.0041 1.0384 1.0334 1.0466 1.0364 1.0221 1.0039 1.0066 1.0002 
1.0123 1.0005 1.0119 1.0106 1.023 1.0364 1.0182 1.0012 1.026 1.0065 
1.0498 1.0495 1.002 1.0471 1.0442 1.0254 1.002 1.0098 1.0471 1.0367 
1.0377 1.0091 1.0238 1.0418 1.003 1.0027 1.0437 1.0042 1.0263 1.0443 
1.036 1.0087 1.0239 1.0454 1.0162 1.0151 1.0304 1.0161 1.0375 1.0346 
1.0045 1.0216 1.0428 1.0216 1.0407 1.0278 1.0061 1.0094 1.0336 1.0215 
1.0331 1.0271 1.0254 1.0036 1.039 1.038 1.042 1.0095 1.0153 1.0334 
1.0258 1.0331 1.0435 1.0068 1.0377 1.0034 1.0316 1.0416 1.0025 1.0485 
1.012 1.047 1.0254 1.0416 1.0183 1.0486 1.034 1.0346 1.039 1.0329 
1.0111 1.0207 1.0201 1.014 1.0445 1.002 1.0046 1.0452 1.0102 1.0087 
1.0124 1.0289 1.0219 1.0092 1.0176 1.0484 1.0486 1.0395 1.0192 1.0026 
1.0285 1.0388 1.0113 1.0255 1.0427 1.0271 1.013 1.0127 1.0442 1.0119 
1.0057 1.016 1.0363 1.0364 1.0398 1.0484 1.0072 1.0499 1.0065 1.0389 
1.034 1.0207 1.0077 1.0302 1.0488 1.019 1.0026 1.0231 1.0228 1.0238 
1.0043 1.038 1.0004 1.0229 1.0305 1.0306 1.0284 1.0278 1.0314 1.0038 
1.0009 1.0276 1.0017 1.0482 1.0366 1.0367 1.0145 1.0361 1.0157 1.0201 
1.0028 1.0071 1.0079 1.0439 1.0338 1.0009 1.0243 1.0253 1.015 1.0402 
1.0449 1.0152 1.026 1.019 1.0238 1.0033 1.044 1.0349 1.0029 1.0248 
1.0346 1.0432 1.0097 1.0431 1.0447 1.0119 1.0338 1.0212 1.0271 1.0138 
1.029 1.0054 1.0038 1.0074 1.0013 1.0459 1.0144 1.0163 1.049 1.0449 
1.004 1.032 1.0475 1.0378 1.018 1.0248 1.0375 1.04 1.0251 1.0042 
1.0083 1.0151 1.0087 1.0295 1.0399 1.0038 1.0118 1.0324 1.0217 1.0319 
1.0047 1.0496 1.0353 1.0222 1.0492 1.0439 1.0287 1.0026 1.037 1.0023 
1.0071 1.0449 1.0175 1.0201 1.0352 1.0211 1.0243 1.0355 1.0099 1.013 
1.0298 1.0273 1.0312 1.0305 1.0465 1.0429 1.0437 1.0218 1.0487 1.0276 
1.0117 1.0459 1.0118 1.0158 1.0136 1.014 1.0078 1.0365 1.0494 1.0021 
1.0069 1.0429 1.0425 1.0359 1.0059 1.0154 1.0339 1.0365 1.0064 1.0158 
1.023 1.0259 1.0092 1.0052 1.0033 1.0419 1.0351 1.0482 1.0068 1.0362 
1.0105 1.0083 1.0408 1.0222 1.0303 1.016 1.0222 1.0249 1.0203 1.0212 
1.0208 1.048 1.0164 1.0033 1.0056 1.0089 1.0258 1.0286 1.0107 1.0142 
1.0364 1.0081 1.0385 1.0059 1.0242 1.0357 1.0315 1.0053 1.0257 1.0073 
1.0444 1.01 1.0013 1.0318 1.0173 1.0386 1.0027 1.0083 1.0027 1.0421 
1.0335 1.0037 1.0187 1.0219 1.0488 1.0264 1.0335 1.0252 1.0053 1.0097 
1.0118 1.0228 1.0306 1.0129 1.0046 1.0341 1.0076 1.0092 1.0137 1.0119 
1.0068 1.0474 1.0122 1.0062 1.0043 1.0408 1.0408 1.0048 1.0158 1.0086 
1.0067 1.0068 1.0468 1.0323 1.0169 1.0014 1.0012 1.0397 1.02 1.0232 
1.0291 1.0283 1.0475 1.0164 1.0463 1.0081 1.0262 1.035 1.0213 1.0051 
1.023 1.0417 1.0112 1.0161 1.0452 1.0081 1.0282 1.0013 1.0361 1.0192 
1.0203 1.0337 1.0458 1.0337 1.0347 1.025 1.0112 1.0188 1.0117 1.0449 
1.0418 1.0112 1.007 1.0433 1.0034 1.0377 1.0242 1.003 1.0182 1.037 
1.0297 1.0032 1.024 1.0366 1.032 1.0263 1.0352 1.0297 1.0343 1.0489 
1.0228 1.0421 1.0274 1.0352 1.0344 1.0382 1.0015 1.0123 1.0151 1.0491 
1.0091 1.0051 1.0357 1.0017 1.0282 1.0366 1.0331 1.0113 1.0264 1.0146 
1.0016 1.0153 1.0265 1.0418 1.0098 1.0239 1.0301 1.0379 1.014 1.005 
1.0129 1.0317 1.0421 1.0193 1.0197 1.0192 1.0041 1.0285 1.0034 1.0013 
1.0406 1.0485 1.0361 1.0379 1.0218 1.0272 1.0076 1.0295 1.0386 1.0074 
1.0253 1.0379 1.0078 1.0455 1.0041 1.0362 1.0111 1.0428 1.0303 1.0457 
1.0398 1.0183 1.0069 1.0208 1.03 1.0082 1.0129 1.0228 1.0357 1.0475 
1.0456 1.0348 1.0212 1.0159 1.0228 1.0117 1.0263 1.0239 1.0124 1.0127 
1.0435 1.0477 1.0376 1.0256 1.0047 1.0231 1.034 1.0139 1.0377 1.0213 
1.0481 1.0257 1.0341 1.001 1.031 1.0267 1.0209 1.0053 1.0445 1.0341 
1.0272 1.0008 1.0394 1.002 1.0123 1.028 1.0435 1.0066 1.0393 1.0482 
1.0389 1.0198 1.0394 1.023 1.0405 1.0314 1.013 1.0014 1.0403 1.0489 
1.0367 1.0458 1.0131 1.0316 1.0016 1.0381 1.0097 1.0061 1.0404 1.0422 
1.0119 1.0025 1.0063 1.0016 1.0484 1.0082 1.0102 1.0346 1.0331 1.0033 
1.0036 1.0071 1.0091 1.0004 1.0431 1.0325 1.0022 1.0204 1.0405 1.0232 
1.0261 1.0277 1.0341 1.0414 1.0422 1.025 1.0037 1.0349 1.0161 1.0282 
1.0429 1.0357 1.0303 1.0054 1.0068 1.0098 1.0117 1.0281 1.0133 1.0131 
1.0207 1.0175 1.0489 1.0076 1.0476 1.0274 1.0395 1.0142 1.008 1.0086 
1.0279 1.0389 1.0167 1.0133 1.0239 1.0455 1.0234 1.0217 1.0115 1.047 
1.0027 1.0122 1.0473 1.0181 1.0254 1.0244 1.0496 1.0091 1.0209 1.0294 
1.0148 1.0301 1.046 1.0154 1.0414 1.0039 1.0078 1.0359 1.008 1.0144 
1.031 1.0201 1.0492 1.0189 1.0201 1.028 1.0217 1.0303 1.0282 1.0155 
1.0062 1.0304 1.0439 1.0166 1.0474 1.0035 1.0172 1.049 1.0156 1.0067 
1.0202 1.0224 1.0492 1.0174 1.0161 1.0216 1.0469 1.027 1.0421 1.0307 
1.0304 1.0184 1.0346 1.0331 1.0116 1.0071 1.043 1.0435 1.038 1.0071 
1.0227 1.0115 1.0218 1.0146 1.0236 1.0425 1.0286 1.0216 1.0396 1.0231 
1.0382 1.0102 1.0093 1.0335 1.0295 1.0386 1.0292 1.0417 1.0248 1.0049 
1.009 1.0363 1.0025 1.0002 1.0464 1.0075 1.0323 1.0481 1.0214 1.0444 
1.0278 1.0454 1.0332 1.0426 1.0327 1.0261 1.0247 1.0339 1.0047 1.0137 
1.0407 1.0222 1.0416 1.0008 1.0337 1.0355 1.0102 1.0231 1.0434 1.0355 
1.0109 1.0162 1.0156 1.0198 1.0457 1.0422 1.0349 1.007 1.0385 1.0097 
1.0438 1.015 1.0484 1.0038 1.0038 1.0422 1.0197 1.0221 1.0055 1.0045 
1.0275 1.0301 1.0092 1.022 1.0025 1.01 1.048 1.0405 1.0405 1.0083 
1.0117 1.0176 1.0042 1.0396 1.0252 1.0376 1.0258 1.0388 1.0325 1.027 
1.0102 1.0372 1.001 1.0485 1.0483 1.0293 1.0193 1.0326 1.0469 1.0494 
1.0305 1.0106 1.0004 1.0095 1.0444 1.0371 1.0344 1.0164 1.029 1.0336 
1.0217 1.0208 1.0009 1.0103 1.0337 1.0238 1.0266 1.0194 1.0306 1.0463 
1.0391 1.017 1.0411 1.0458 1.0093 1.0382 1.0473 1.0276 1.0284 1.0363 
1.0345 1.0124 1.0396 1.0246 1.022 1.0026 1.0166 1.0059 1.0111 1.0022 
1.0328 1.0124 1.0192 1.0488 1.0149 1.0405 1.0149 1.0485 1.0109 1.0339 
1.0424 1.0368 1.0383 1.0346 1.0078 1.0278 1.0144 1.02 1.0372 1.0431 
1.0171 1.0075 1.0166 1.0354 1.0485 1.0117 1.0086 1.0223 1.0103 1.0014 
1.0089 1.0431 1.0446 1.021 1.024 1.016 1.0254 1.0125 1.0198 1.0365 
1.045 1.0427 1.0419 1.0372 1.0119 1.0151 1.0436 1.0225 1.0374 1.0423 
1.031 1.0286 1.0159 1.0045 1.0301 1.0202 1.0288 1.0104 1.0286 1.0434 
1.0435 1.0478 1.0446 1.0419 1.0251 1.0461 1.0484 1.0079 1.018 1.0155 
1.0304 1.011 1.0284 1.0307 1.0281 1.0432 1.0481 1.0248 1.0418 1.0464 
1.0288 1.0268 1.0137 1.0293 1.0156 1.0205 1.0252 1.0382 1.0008 1.0447 
1.0148 1.0223 1.0053 1.0038 1.0146 1.0249 1.0108 1.0405 1.0227 1.0491 
1.0154 1.0432 1.0119 1.0223 1.0292 1.0449 1.0249 1.0291 1.0065 1.0381 
1.0054 1.0125 1.0414 1.011 1.038 1.0219 1.0245 1.0228 1.0321 1.0383 
1.041 1.0384 1.002 1.0346 1.049 1.0327 1.0485 1.0459 1.0208 1.0499 
1.0259 1.049 1.0116 1.0434 1.0127 1.0178 1.0286 1.0024 1.0243 1.0148 
1.034 1.0071 1.0174 1.0076 1.0267 1.0021 1.0318 1.0221 1.0151 1.0401 
1.0174 1.0429 1.0245 1.0013 1.043 1.0142 1.0149 1.0019 1.0127 1.0283 
1.0196 1.0162 1.0047 1.0257 1.0343 1.0188 1.0412 1.0449 1.0261 1.0125 
1.0131 1.025 1.0181 1.0149 1.0473 1.0459 1.046 1.0233 1.0413 1.0307 
1.0006 1.0288 1.0045 1.0479 1.0326 1.0429 1.0354 1.0304 1.0111 1.0337 
1.03 1.0462 1.0275 1.0206 1.0079 1.0164 1.0287 1.0295 1.0354 1.0481 
1.0273 1.0046 1.0033 1.0002 1.007 1.0491 1.0478 1.038 1.002 1.0139 
1.0376 1.0141 1.0081 1.0498 1.0032 1.0498 1.0184 1.0352 1.0252 1.0412 
1.0327 1.0346 1.0064 1.0472 1.0442 1.0407 1.0254 1.0131 1.0039 1.0405 
1.0237 1.0489 1.0403 1.0238 1.025 1.016 1.0464 1.0054 1.0051 1.0453 
1.0376 1.0131 1.0063 1.0471 1.0288 1.0449 1.0265 1.0187 1.018 1.0235 
1.03 1.0398 1.0426 1.0124 1.008 1.0328 1.0449 1.0202 1.019 1.0234 
1.01 1.0209 1.0106 1.0427 1.0487 1.0349 1.0296 1.0332 1.0161 1.0337 
1.0383 1.0024 1.0371 1.0187 1.035 1.0164 1.0448 1.0376 1.0275 1.0248 
1.0429 1.0153 1.0122 1.0082 1.0139 1.0058 1.007 1.048 1.0303 1.0186 
1.0486 1.0168 1.0377 1.0247 1.0139 1.0213 1.042 1.042 1.0172 1.0281 
1.0097 1.0384 1.0266 1.0446 1.041 1.0057 1.0293 1.021 1.0289 1.0088 
1.0122 1.0086 1.0037 1.0415 1.0059 1.0403 1.0179 1.0384 1.0359 1.0146 
1.0305 1.042 1.0423 1.0446 1.0383 1.0032 1.0349 1.0309 1.0355 1.049 
1.0059 1.0357 1.0419 1.0319 1.0288 1.0038 1.0224 1.0112 1.0164 1.0215 
1.041 1.0139 1.0234 1.0144 1.0201 1.0451 1.0397 1.0119 1.0058 1.0079 
1.014 1.0015 1.0278 1.0391 1.0263 1.0004 1.0342 1.0459 1.0081 1.0337 
1.0431 1.0187 1.0119 1.0026 1.038 1.0275 1.0441 1.0394 1.0462 1.042 
1.0487 1.0408 1.0356 1.0196 1.0371 1.0104 1.0075 1.0195 1.0141 1.0176 
1.0267 1.0234 1.0131 1.0315 1.0071 1.0479 1.0219 1.0362 1.0313 1.02 
1.0473 1.0266 1.0349 1.0176 1.0197 1.0413 1.0372 1.0231 1.0245 1.0304 
1.0404 1.0478 1.0163 1.0136 1.0006 1.0436 1.0357 1.0112 1.0371 1.0435 
1.028 1.0071 1.0135 1.0217 1.0422 1.0206 1.0287 1.0296 1.0487 1.0196 
1.0301 1.0472 1.0071 1.0227 1.0101 1.044 1.039 1.019 1.0194 1.0212 
1.032 1.0369 1.0281 1.0209 1.0378 1.0333 1.0185 1.0381 1.0152 1.0321 
1.0324 1.0189 1.0481 1.0455 1.0433 1.0173 1.0164 1.0387 1.0323 1.0347 
1.0212 1.0497 1.0181 1.007 1.0446 1.0358 1.0398 1.0499 1.0473 1.0452 
1.009 1.0285 1.0154 1.0353 1.035 1.0466 1.0001 1.0353 1.0089 1.0334 
1.0244 1.0119 1.0427 1.0139 1.0395 1.0102 1.0306 1.0093 1.0144 1.0028 
1.0367 1.0331 1.0216 1.0414 1.0238 1.0298 1.0305 1.0065 1.0013 1.0194 
1.0205 1.0149 1.0374 1.033 1.0263 1.0096 1.0462 1.0027 1.0117 1.0137 
1.0357 1.0172 1.0258 1.0165 1.0464 1.0393 1.0124 1.0366 1.0074 1.0281 
1.018 1.0299 1.0058 1.0376 1.0077 1.0447 1.0163 1.0077 1.0386 1.0493 
1.0241 1.04 1.0028 1.0347 1.0299 1.0307 1.0032 1.0333 1.0386 1.037 
1.0488 1.0477 1.0233 1.0285 1.0344 1.0321 1.0474 1.0485 1.0483 1.0029 
1.016 1.0281 1.0455 1.0109 1.04 1.0271 1.0049 1.0216 1.0021 1.0101 
1.0328 1.0254 1.0135 1.0081 1.0365 1.0199 1.0031 1.0417 1.0443 1.0378 
1.0253 1.0399 1.0168 1.0053 1.0102 1.014 1.0059 1.0217 1.0021 1.0149 
1.0236 1.0185 1.02 1.029 1.0485 1.0102 1.035 1.0267 1.041 1.0461 
1.0319 1.0345 1.0031 1.0196 1.027 1.047 1.0356 1.0281 1.0106 1.0475 
1.0313 1.0009 1.0184 1.0176 1.0315 1.0165 1.0292 1.0053 1.0488 1.0222 
1.023 1.0276 1.013 1.0318 1.0399 1.0207 1.0118 1.0193 1.0424 1.0276 
1.031 1.0273 1.017 1.0126 1.0067 1.0474 1.0015 1.0386 1.0089 1.0485 
1.0236 1.0341 1.0255 1.0475 1.0323 1.0195 1.0147 1 1.0002 1.0081 
1.0081 1.0172 1.0445 1.0455 1.0363 1.0266 1.0173 1.0049 1.0266 1.0232 
1.0161 1.0139 1.0191 1.0366 1.0094 1.031 1 1.0142 1.0261 1.0149 
1.0368 1.0358 1.0004 1.0384 1.0283 1.0028 1.0069 1.0411 1.0291 1.0295 
1.0073 1.0091 1.0124 1.0175 1.0069 1.0201 1.0078 1.0483 1.0309 1.0375 
1.0477 1.0373 1.0358 1.0122 1.0136 1.0106 1.0018 1.0304 1.0066 1.0094 
1.0389 1.0239 1.0213 1.0302 1.0402 1.0355 1.0407 1.0423 1.0383 1.0173 
1.0091 1.021 1.0021 1.0067 1.0232 1.0075 1.0031 1.0422 1.0172 1.0083 
1.0272 1.0057 1.0095 1.0473 1.0103 1.0424 1.0249 1.0178 1.0011 1.0329 
1.0029 1.0123 1.0107 1.0297 1.0324 1.0067 1.0063 1.0478 1.0074 1.0154 
1.0212 1.0024 1.0339 1.0025 1.0465 1.0466 1.0352 1.0219 1.0246 1.0026 
1.0183 1.0492 1.0361 1.0475 1.0064 1.016 1.0239 1.0202 1.0046 1.0153 
1.0316 1.0147 1.0254 1.0329 1.0074 1.0158 1.0385 1.0026 1.0063 1.0094 
1.0492 1.0447 1.0065 1.0204 1.0079 1.0104 1.0469 1.0359 1.0266 1.0156 
1.0423 1.0046 1.0172 1.0294 1.0357 1.0394 1.0161 1.0029 1.0134 1.001 
1.0295 1.0225 1.0282 1.0336 1.0471 1.0279 1.0047 1.0087 1.0332 1.0207 
1.0045 1.0318 1.0004 1.0035 1.0437 1.0077 1.0035 1.0198 1.0238 1.0094 
1.0353 1.0206 1.033 1.0209 1.0415 1.0159 1.0376 1.0049 1.026 1.0414 
1.0449 1.0327 1.0444 1.0436 1.0432 1.0052 1.0441 1.0279 1.0269 1.0274 
1.0478 1.0221 1.0366 1.0078 1.0484 1.0386 1.0117 1.0276 1.0379 1.0413 
1.008 1.0099 1.0325 1.0193 1.0454 1.0171 1.0333 1.0374 1.0209 1.0292 
1.0034 1.0417 1.01 1.0098 1.0425 1.0488 1.0431 1.0457 1.0329 1.0403 
1.0009 1.0109 1.0421 1.0034 1.0021 1.0346 1.0207 1.0204 1.0184 1.002 
1.0035 1.0007 1.0282 1.0043 1.0226 1.0409 1.0075 1.0017 1.0364 1.0382 
1.0288 1.0252 1.0292 1.0111 1.0026 1.0157 1.0118 1.0163 1.0118 1.0297 
1.0057 1.0428 1.029 1.0372 1.0174 1.0264 1.0379 1.0175 1.0477 1.0196 
1.0171 1.003 1.0107 1.0057 1.0433 1.0245 1.02 1.0417 1.0266 1.0026 
1.0165 1.0212 1.0454 1.01 1.0136 1.034 1.046 1.0039 1.0351 1.0097 
1.017 1.036 1.0187 1.017 1.0465 1.0305 1.0234 1.0116 1.0216 1.0392 
1.0234 1.0308 1.0242 1.0417 1.0183 1.0294 1.0368 1.023 1.0187 1.0214 
1.0087 1.0138 1.0305 1.0012 1.0419 1.0124 1.0308 1.0148 1.0389 1.0201 
1.0204 1.0084 1.0475 1.028 1.0377 1.0376 1.0374 1.0082 1.0043 1.0182 
1.0483 1.0406 1.0446 1.0218 1.0244 1.0221 1.0264 1.0036 1.0492 1.0173 
1.0495 1.0105 1.0157 1.049 1.0335 1.005 1.0338 1.0085 1.0307 1.0082 
1.0326 1.0033 1.017 1.0266 1.0024 1.0167 1.0317 1.0104 1.0344 1.0035 
1.0263 1.0173 1.0004 1.0167 1.0486 1.0111 1.0318 1.0446 1.0368 1.0485 
1.0153 1.0222 1.0032 1.0359 1.0353 1.0377 1.0058 1.0213 1.0472 1.009 
1.0304 1.0232 1.0307 1.0118 1.0491 1.0409 1.0254 1.0281 1.033 1.034 
1.0299 1.019 1.0037 1.0155 1.0244 1.0174 1.0252 1.0138 1.0163 1.0221 
1.0464 1.0466 1.0338 1.0141 1.027 1.0487 1.0075 1.0291 1.0156 1.0011 
1.0489 1.0291 1.0233 1.0348 1.0391 1.02 1.0093 1.0127 1.0436 1.0084 
1.0303 1.0113 1.0152 1.0237 1.0421 1.031 1.0343 1.0464 1.0245 1.0493 
1.0468 1.0405 1.0433 1.0423 1.0175 1.0203 1.0014 1.0232 1.0478 1.0153 
1.0096 1.0302 1 1.0421 1.0161 1.0223 1.0431 1.0452 1.0114 1.0157 
1.0055 1.0194 1.0226 1.0419 1.0071 1.0059 1.0222 1.0443 1.008 1.0195 
1.0334 1.0066 1.0212 1.0286 1.0442 1.0152 1.0433 1.0259 1.0398 1.0109 
1.0278 1.0042 1.0293 1.0067 1.0185 1.0487 1.0452 1.0152 1.0266 1.0009 
1.0448 1.0122 1.0467 1.0198 1.0418 1.0258 1.0016 1.0237 1.0198 1.0478 
1.0108 1.0262 1.0181 1.0486 1.04 1.0277 1.0302 1.0069 1.0056 1.0205 
1.0428 1.0103 1.0448 1.0002 1.0309 1.0442 1.0205 1.0309 1.0374 1.0401 
1.0296 1.0363 1.0129 1 1.0399 1.0033 1.0263 1.0097 1.0469 1.0242 
1.032 1.0191 1.0254 1.0141 1.0319 1.0189 1.0024 1.0021 1.0079 1.0441 
1.0359 1.0018 1.0402 1.0434 1.0216 1.0237 1.0259 1.0378 1.0056 1.0019 
1.0455 1.0468 1.0179 1.0275 1.0447 1.0153 1.0023 1.0446 1.0245 1.041 
1.0209 1.0242 1.024 1.0013 1.0487 1.0353 1.0077 1.0007 1.0135 1.009 
1.0284 1.0461 1.0335 1.0449 1.049 1.0326 1.0369 1.0112 1.0403 1.0485 
1.0409 1.0026 1.0091 1.0091 1.0325 1.0127 1.0405 1.0494 1.0384 1.0229 
1.0448 1.0207 1.023 1.0101 1.013 1.0193 1.0183 1.0497 1.0418 1.0348 
1.0309 1.0448 1.0376 1.0137 1.008 1.0294 1.0422 1.0238 1.0184 1.0222 
1.0253 1.0185 1.0345 1.0085 1.001 1.0044 1.0438 1.0002 1.0455 1.0163 
1.0166 1.045 1.0021 1.0397 1.0124 1.0344 1.0306 1.0136 1.0357 1.0449 
1.0333 1.0051 1.0148 1.0292 1.0301 1.0097 1.0401 1.0198 1.03 1.0172 
1.0228 1.0288 1.0234 1.0327 1.0315 1.0497 1.004 1.0304 1.0015 1.0405 
1.0497 1.0312 1.0496 1.0026 1.0478 1.0464 1.0169 1.0154 1.0104 1.0364 
1.0434 1.0397 1.022 1.0498 1.0237 1.0441 1.045 1.0089 1.0442 1.008 
1.0251 1.0022 1.0094 1.0225 1.0288 1.0343 1.0448 1.0336 1.0342 1.035 
1.004 1.0042 1.0415 1.0017 1.0107 1.0416 1.0132 1.0359 1.0002 1.0216 
1.0273 1.0217 1.0441 1.011 1.0002 1.0267 1.0227 1.0448 1.0163 1.0016 
1.0024 1.0172 1.0039 1.0261 1.013 1.0181 1.004 1.0052 1.0244 1.026 
1.0138 1.04 1.0056 1.024 1.0041 1.0473 1.037 1.0356 1.0163 1.0004 
1.0253 1.0068 1.0079 1.0193 1.0387 1.0132 1.0203 1.0478 1.002 1.0256 
1.0032 1.0332 1.0375 1.0482 1.0492 1.0061 1.0243 1.0392 1.0062 1.036 
1.011 1.0469 1.0485 1.0172 1.0327 1.0328 1.0423 1.0461 1.0102 1.0163 
1.0048 1.0089 1.027 1.0217 1.0167 1.0174 1.0347 1.0049 1.0215 1.0453 
1.0312 1.0005 1.0329 1.0179 1.0362 1.0135 1.0038 1.0097 1.0061 1.0095 
1.0179 1.0325 1.0363 1.0473 1.0344 1.0123 1.0447 1.0256 1.0057 1.0417 
1.0491 1.0464 1.0397 1.0275 1.0033 1.0092 1.0238 1.013 1.0342 1.0299 
1.0226 1.0247 1.0056 1.0263 1.0275 1.0018 1.0494 1.0262 1.0437 1.0051 
1.0041 1.0417 1.0357 1.036 1.0226 1.0098 1.0165 1.0445 1.0261 1.0478 
1.0191 1.0093 1.0364 1.0163 1.0388 1.0494 1.0437 1.0287 1.0366 1.0379 
1.0031 1.0093 1.0292 1.0455 1.0228 1.0027 1.0072 1.0428 1.0186 1.0308 
1.0281 1.0337 1.0395 1.0218 1.0354 1.0229 1.0027 1.0444 1.0306 1.0334 
1.0376 1.0034 1.0218 1.0433 1.0458 1.0013 1.026 1.0378 1.0474 1.0357 
1.0417 1.0165 1.0215 1.0188 1.0265 1.0142 1.0095 1.0452 1.0141 1.0379 
1.0495 1.0028 1.0494 1.034 1.0322 1.0447 1.0336 1.0084 1.004 1.0189 
1.0186 1.0453 1.0186 1.0195 1.0048 1.016 1.0184 1.0005 1.0388 1.0366 
1.0125 1.0018 1.0397 1.005 1.0102 1.015 1.0365 1.034 1.0414 1.0426 
1.0351 1.0189 1.0385 1.049 1.0332 1.0216 1.0083 1.0319 1.0457 1.0429 
1.0407 1.0327 1.0288 1.0007 1.0111 1.0429 1.0042 1.0423 1.029 1.0015 
1.0178 1.0295 1.0394 1.0414 1.03 1.048 1.0039 1.0397 1.0144 1.0121 
1.0232 1.0462 1.0016 1.0299 1.0227 1.0038 1.0151 1.0089 1.0462 1.021 
1.0048 1.0155 1.018 1.0126 1.0466 1.0401 1.0328 1.0096 1.0241 1.049 
1.0238 1.016 1.0401 1.0345 1.0344 1.035 1.0369 1.0025 1.0051 1.0085 
1.0219 1.0488 1.0158 1.0303 1.0206 1.0037 1.0497 1.0097 1.014 1.0354 
1.0266 1.0121 1.0193 1.0007 1.0088 1.0164 1.0403 1.0273 1.0037 1.0021 
1.0167 1.0213 1.009 1.0135 1.0429 1.0128 1.0028 1.0362 1.0492 1.0335 
1.0497 1.0216 1.034 1.0255 1.0251 1.0049 1.0399 1.0083 1.0384 1.0134 
1.0085 1.0377 1.0291 1.0282 1.0155 1.0081 1.0427 1.0335 1.0347 1.0303 
1.0497 1.0151 1.033 1.01 1.0086 1.0448 1.043 1.026 1.0253 1.0376 
1.0309 1.0255 1.045 1.0072 1.0288 1.0164 1.0168 1.0069 1.0329 1.0201 
1.0412 1.0429 1.0303 1.0024 1.0394 1.0124 1.0184 1.0129 1.024 1.011 
1.0414 1.0141 1.0225 1.0434 1.0149 1.0206 1.0339 1.0151 1.0208 1.0093 
1.0424 1.0018 1.0408 1.0408 1.0353 1.0281 1.0212 1 1.0017 1.0086 
1.0407 1.0078 1.0048 1.0075 1.0283 1.04 1.0223 1.0196 1.0207 1.0486 
1.0407 1.047 1.0016 1.0133 1.0456 1.0442 1.0295 1.0317 1.0405 1.0341 
1.0095 1.0482 1.0128 1.0303 1.0093 1.0344 1.0059 1.0209 1.0323 1.0015 
1.0233 1.0056 1.0028 1.0487 1.0401 1.0439 1.0271 1.0344 1.0377 1.0016 
1.0136 1.011 1.0218 1.0473 1.0433 1.0437 1.0291 1.0212 1.0122 1.0459 
1.0175 1.0461 1.0291 1.0288 1.0282 1.048 1.0384 1.0193 1.0292 1.0074 
1.0468 1.0464 1.0276 1.0328 1.0038 1.0088 1.0451 1.0469 1.0153 1.047 
1.0285 1.0295 1.0099 1.0343 1.0366 1.0226 1.0277 1.0407 1.0281 1.044 
1.0197 1.0121 1.0253 1.0428 1.0096 1.0071 1.0326 1.0187 1.0249 1.0244 
1.0451 1.0404 1.0025 1.0073 1.0327 1.0445 1.0228 1.0357 1.0121 1.0426 
1.0376 1.0088 1.0398 1.037 1.0173 1.0382 1.019 1.041 1.0492 1.0171 
1.0039 1.0016 1.034 1.0374 1.0349 1.0076 1.0374 1.0431 1.0455 1.0031 
1.0372 1.0369 1.0076 1.0001 1.0469 1.0336 1.0394 1.0379 1.0142 1.0462 
1.0171 1.0345 1.022 1.0284 1.0157 1.0039 1.0148 1.0311 1.0432 1.0219 
1.0087 1.0059 1.0433 1.0262 1.0051 1.0144 1.0309 1.0179 1.0089 1.0435 
1.039 1.0005 1.0153 1.0328 1.0117 1.0251 1.0143 1.0218 1.0473 1.0298 
1.0004 1.0118 1.0074 1.0074 1.0064 1.0376 1.033 1.0068 1.0033 1.003 
1.0244 1.046 1.0204 1.0206 1.0122 1.0389 1.001 1.0241 1.0425 1.0393 
1.027 1.0389 1.0374 1.0071 1.044 1.0465 1.0391 1.0313 1.0421 1.0455 
1.0386 1.0263 1.0254 1.0467 1.0174 1.0273 1.0122 1.042 1.0404 1.0345 
1.0016 1.0094 1.0383 1.0181 1.0248 1.0411 1.0255 1.0342 1.0149 1.0367 
1.013 1.0417 1.0043 1.0099 1.0176 1.008 1.0066 1.0279 1.0397 1.0428 
1.0346 1.025 1.0144 1.0297 1.028 1.0231 1.0186 1.0415 1.0437 1.021 
1.0427 1.0184 1.0038 1.0448 1.0049 1.0279 1.0064 1.0015 1.0307 1.0223 
1.0348 1.0268 1.0459 1.0459 1.037 1.0378 1.0123 1.0348 1.0041 1.0123 
1.0269 1.0147 1.0454 1.0277 1.0117 1.0353 1.0454 1.0023 1.0271 1.0283 
1.0117 1.004 1.0437 1.0135 1.0485 1.0353 1.0081 1.0461 1.0218 1.0362 
1.0475 1.0298 1.0471 1.0116 1.0125 1.0343 1.0309 1.0238 1.0496 1.012 
1.0363 1.0469 1.0283 1.0298 1.0417 1.0014 1.013 1.0041 1.0097 1.0038 
1.046 1.017 1.0174 1.0212 1.0027 1.0138 1.0195 1.0222 1.046 1.0443 
1.0452 1.0495 1.0014 1.0295 1.0063 1.0205 1.0016 1.017 1.0254 1.0499 
1.0403 1.0031 1.0242 1.0373 1.0124 1.0253 1.0007 1.0142 1.0334 1.0404 
1.0011 1.0362 1.0426 1.0215 1.0381 1.0492 1.0052 1.0327 1.0486 1.0058 
1.0037 1.0022 1.0301 1.0232 1.0437 1.0101 1.0114 1.0141 1.0123 1.0314 
1.016 1.0144 1.0207 1.0181 1.034 1.0083 1.0116 1.0269 1.0025 1.0345 
1.0369 1.0175 1.0181 1.0197 1.0285 1.037 1.0376 1.0153 1.0117 1.0232 
1.036 1.0284 1.0145 1.0073 1.0132 1.0123 1.028 1.0032 1.0138 1.0226 
1.0115 1.0038 1.0082 1.0466 1.0296 1.0367 1.0264 1.0126 1.049 1.0037 
1.0173 1.0007 1.0169 1.002 1.004 1.0136 1.0256 1.0095 1.04 1.047 
1.0161 1.0113 1.03 1.0103 1.0147 1.0248 1.0415 1.0458 1.0102 1.0332 
1.0289 1.0074 1.0299 1.0303 1.041 1.0458 1.0084 1.0008 1.0105 1.0223 
1.0118 1.017 1.0452 1.0088 1.0419 1.003 1.0038 1.0319 1.0467 1.0199 
1.0257 1.0421 1.007 1.0388 1.0005 1.018 1.0424 1.0243 1.0217 1.0258 
1.0487 1.0442 1.0245 1.0154 1.0124 1.0459 1.0399 1.0381 1.0004 1.0256 
1.0405 1.0411 1.005 1.025 1.0463 1.0211 1.037 1.0225 1.0041 1.0346 
1.0455 1.0265 1.0084 1.002 1.006 1.0371 1.0357 1.0227 1.0424 1.0335 
1.017 1.0322 1.0312 1.0229 1.0324 1.0357 1.0446 1.0129 1.0333 1.047 
1.0251 1.0155 1.0419 1.0111 1.0167 1.0211 1.0368 1.0273 1.0488 1.0054 
1.0395 1.0365 1.0128 1.0457 1.0383 1.0484 1.0104 1.0141 1.0487 1.0112 
1.0002 1.0111 1.0238 1.0145 1.0441 1.0221 1.0404 1.0393 1.0028 1.0482 
1.0132 1.0228 1.0343 1.0446 1.0119 1.0138 1.03 1.0261 1.0433 1.0442 
1.0301 1.0391 1.013 1.0143 1.0337 1.0484 1.0456 1.0337 1.043 1.0099 
1.0439 1.0055 1.0459 1.0168 1.0485 1.0494 1.0029 1.0374 1.02 1.0356 
1.0006 1.0497 1.0048 1.0358 1.0252 1.0064 1.0425 1.0351 1.0451 1.0454 
1.002 1.0318 1.0362 1.0311 1.0025 1.0373 1.0307 1.0097 1.0469 1.0267 
1.0325 1.0412 1.0277 1.0395 1.0466 1.0449 1.0307 1.0142 1.0025 1.0109 
1.0019 1.0231 1.0425 1.0234 1.0361 1.0337 1.0279 1.0106 1.0241 1.0301 
1.0192 1.0088 1.0327 1.0041 1.0479 1.0275 1.0308 1.0295 1.0134 1.036 
1.0388 1.0002 1.0334 1.014 1.0477 1.0325 1.03 1.0442 1.0164 1.0293 
1.0133 1.0238 1.0011 1.0318 1.0005 1.0261 1.0255 1.0145 1.048 1.0095 
1.0383 1.0125 1.0076 1.0343 1.0112 1.0218 1.0251 1.0213 1.0387 1.0073 
1.0125 1.015 1.008 1.0005 1.0488 1.0271 1.0499 1.0193 1.0216 1.0447 
1.042 1.0227 1.0044 1.0035 1.0111 1.0341 1.0337 1.0495 1.0478 1.0462 
1.0398 1.0251 1.0455 1.0347 1.0259 1.0369 1.0237 1.023 1.0035 1.0248 
1.019 1.0187 1.0192 1.0386 1.0172 1.0209 1.0148 1.049 1.0252 1.0163 
1.0075 1.0041 1.0432 1.0156 1.0046 1.0438 1.0203 1.0108 1.0422 1.0127 
1.0343 1.0008 1.0405 1.0454 1.0438 1.0307 1.0304 1.0204 1.0161 1.0389 
1.021 1.0361 1.0289 1.0272 1.0388 1.0068 1.0198 1.0318 1.043 1.014 
1.0358 1.0323 1.0108 1.0379 1.0458 1.0295 1.038 1.0042 1.0351 1.0278 
1.0131 1.0429 1.0028 1.0434 1.0131 1.0013 1.033 1.0036 1.0148 1.0123 
1.014 1.0083 1.0181 1.0299 1.0008 1.0318 1.0441 1.0204 1.0449 1.0272 
1.0473 1.0261 1.0426 1.0076 1.026 1.0161 1.0323 1.0366 1.0382 1.0408 
