25
100
582 780 252 731 252 728 708 46 119 484 32 963 62 802 11 943 675 227 353 878 304 792 618 832 352 388 566 745 804 194 872 657 48 412 637 296 328 783 429 567 161 785 7 416 729 575 708 313 898 633 664 512 771 65 958 888 269 879 211 492 832 500 401 437 871 691 341 9 842 166 761 346 11 906 497 867 772 701 531 295 510 481 384 289 941 281 445 967 818 538 699 974 189 92 16 60 669 476 667 824 
10 179 350 304 336 210 393 173 461 313 419 84 385 401 227 195 212 88 211 123 445 461 462 240 192 
1.0247 1.0277 1.0433 1.0241 1.0293 1.0158 1.0358 1.0097 1.0334 1.0364 1.0219 1.0257 1.0411 1.0122 1.0287 1.0342 1.0495 1.0332 1.0051 1.0481 1.0205 1.0255 1.0205 1.0186 1.0457 
1.0023 1.0374 1.023 1.0374 1.0422 1.0194 1.0422 1.0318 1.009 1.0107 1.0379 1.027 1.0106 1.0351 1.0492 1.0086 1.0389 1.035 1.04 1.0327 1.0388 1.0375 1.0337 1.0249 1.0429 
1.0341 1.0328 1.0339 1.0059 1.0469 1.023 1.0404 1.026 1.0127 1.0066 1.0405 1.0453 1.0358 1.016 1.0053 1.0281 1.0132 1.0473 1.0308 1.0392 1.0449 1.0356 1.0151 1.0385 1.0098 
1.0129 1.0078 1.0374 1.0166 1.0328 1.033 1.0195 1.0008 1.0307 1.0066 1.0441 1.0375 1.008 1.0217 1.0061 1.0281 1.0045 1.0466 1.0096 1.0182 1.0041 1.0035 1.0396 1.0093 1.0232 
1.0242 1.036 1.024 1.0313 1.0277 1.0228 1.0029 1.0067 1.0215 1.0116 1.0243 1.0253 1.0416 1.0222 1.0358 1.0419 1.0113 1.0054 1.0194 1.0378 1.0155 1.0033 1.0046 1.0465 1.0046 
1.0043 1.028 1.0373 1.0301 1.0145 1.0291 1.0446 1.0352 1.0435 1.0181 1.0259 1.0309 1.0455 1.0494 1.0227 1.0431 1.0194 1.0292 1.0021 1.024 1.0103 1.0417 1.0049 1.0277 1.0093 
1.0262 1.0005 1.0307 1.014 1.0077 1.0283 1.0308 1.0263 1.0369 1.0199 1.0482 1.0164 1.0472 1.0295 1.0024 1.0352 1.0022 1.0289 1.0043 1.0029 1.0489 1.0205 1.0058 1.0269 1.0096 
1.0044 1.026 1.0285 1.0155 1.0404 1.0297 1.0066 1.0283 1.0308 1.0212 1.0114 1.0282 1.0003 1.0021 1.0303 1.0266 1.0264 1.0199 1.0015 1.0334 1.0081 1.0315 1.0355 1.0385 1.0308 
1.0066 1.011 1.0262 1.0485 1.0139 1.0008 1.0467 1.0433 1.026 1.0216 1.003 1.0111 1.0054 1.0026 1.0293 1.0177 1.0275 1.0044 1.0249 1.0089 1.0432 1.0023 1.0117 1.0084 1.006 
1.0228 1.0324 1.0222 1.0196 1.0037 1.0452 1.0384 1.0258 1.0286 1.0241 1.0439 1.0019 1.0196 1.0085 1.0342 1.0011 1.0469 1.0445 1.0381 1.0336 1.0067 1.0392 1.0198 1.0352 1.0213 
1.0014 1.0284 1.009 1.0328 1.0368 1.0447 1.0268 1.0491 1.0338 1.0224 1.0004 1.0301 1.0009 1.0393 1.0024 1.0038 1.0374 1.0254 1.0021 1.0124 1.0266 1.0157 1.031 1.0079 1.0251 
1.0315 1.0302 1.0367 1.028 1.0464 1.0358 1.037 1.0365 1.0489 1.0487 1.0397 1.0365 1.0072 1.0016 1.015 1.0183 1.0013 1.0222 1.0327 1.017 1.0142 1.0256 1.0345 1.0485 1.0007 
1.0342 1.0396 1.0318 1.0235 1.0245 1.0242 1.0054 1.0329 1.0021 1.0378 1.0221 1.0071 1.0197 1.0422 1.0234 1.0493 1.0058 1.0294 1.0486 1.0453 1.0251 1.0483 1.0457 1.0065 1.0272 
1.0108 1.0153 1.0249 1.0406 1.0044 1.0186 1.043 1.0049 1.0428 1.0222 1.0436 1.0159 1.035 1.0137 1.0299 1.0236 1.0399 1.0115 1.0351 1.0102 1.0437 1.0341 1.0166 1.004 1.0288 
1.0242 1.0084 1.0445 1.0497 1.0167 1.005 1.0182 1.0447 1.0469 1.0028 1.0449 1.0202 1.0269 1.0303 1.0387 1.0181 1.0216 1.0123 1.042 1.0188 1.0232 1.0112 1.0296 1.047 1.0159 
1.0104 1.0025 1.0179 1.0086 1 1.0416 1.0029 1.0173 1.0198 1.04 1.0325 1.0037 1.0183 1.0157 1.0192 1.0266 1.0032 1.0349 1.0279 1.0206 1.0098 1.0007 1.0462 1.0445 1.0398 
1.0457 1.0039 1.0055 1.0118 1.0224 1.0015 1.0147 1.0401 1.0477 1.0341 1.005 1.0377 1.0007 1.0448 1.0187 1.0227 1.0134 1.0293 1.0007 1.0103 1.0041 1.0272 1.022 1.0353 1.0363 
1.0199 1.0222 1.0066 1.0434 1.0319 1.035 1.0095 1.0418 1.0044 1.0038 1.0211 1.0453 1.0431 1.044 1.0051 1.0227 1.031 1.0063 1.0027 1.004 1.0246 1.006 1.0411 1.0191 1.0196 
1.0233 1.0035 1.0085 1.0122 1.0411 1.0246 1.0307 1.0047 1.0255 1.0421 1.0368 1.0417 1.0201 1.0019 1.0242 1.0074 1.0293 1.0212 1.0287 1.0229 1.0499 1.0098 1.0067 1.0134 1.0138 
1.0036 1.0152 1.0477 1.0328 1.0457 1.0176 1.0179 1.032 1.0323 1.0146 1.0026 1.0215 1.0045 1.0448 1.0102 1.0158 1.0153 1.038 1.0159 1.014 1.0282 1.043 1.0393 1.0185 1.0489 
1.0169 1.0465 1.015 1.009 1.0311 1.0022 1.0308 1.0142 1.0118 1.0004 1.0431 1.0275 1.0181 1.016 1.0354 1.0431 1.0291 1.0312 1.0072 1.0012 1.0383 1.0036 1.0072 1.0215 1.0183 
1.0065 1.0369 1.0428 1.0433 1.0229 1.0024 1.0333 1.0255 1.0472 1.0019 1.0311 1.0302 1.0181 1.048 1.0401 1.0391 1.0432 1.0373 1.0079 1.0089 1.041 1.0372 1.021 1.0193 1.0353 
1.0058 1.0184 1.0231 1.0254 1.0012 1.0338 1.02 1.0164 1.0426 1.0272 1.0032 1.0203 1.0035 1.0158 1.027 1.0429 1.0061 1.028 1.017 1.0407 1.0081 1.0063 1.0027 1.0247 1.0222 
1.0054 1.0309 1.0397 1.0091 1.0329 1.0432 1.0332 1.0313 1.0333 1.0101 1.0283 1.0013 1.018 1.0424 1.0063 1.0446 1.01 1.0299 1.0398 1.0231 1.019 1.0382 1.0256 1.0099 1.0255 
1.0036 1.0265 1.0489 1.0154 1.0025 1.0179 1.0414 1.0083 1.0004 1.0322 1.0013 1.0149 1.0263 1.0477 1.0309 1.0467 1.0392 1.0383 1.0293 1.0479 1.029 1.0182 1.0396 1.0466 1.0489 
1.0326 1.0034 1.0082 1.0399 1.0258 1.0023 1.0262 1.0311 1.0174 1.0027 1.0396 1.049 1.0304 1.0217 1.0128 1.0363 1.0008 1.002 1.0308 1.0046 1.0097 1.0119 1.0097 1.0029 1.0206 
1.0319 1.0097 1.0375 1.0218 1.031 1.0163 1.0222 1.016 1.0354 1.007 1.0035 1.0477 1.0052 1.003 1.02 1.0018 1.0002 1.0055 1.0201 1.0473 1.0196 1.0043 1.0133 1.0207 1.0242 
1.0406 1.0319 1.0043 1.0109 1.0204 1.0228 1.0369 1.0203 1.0316 1.0163 1.0214 1.0355 1.045 1.0108 1.0231 1.0045 1.001 1.0149 1.0308 1.0274 1.0058 1.0394 1.0378 1.0172 1.0092 
1.0347 1.035 1.0049 1.0029 1.0319 1.0136 1.0029 1.0325 1.0023 1.0444 1.0284 1.0309 1.0192 1.038 1.0076 1.0432 1.0009 1.0454 1.0227 1.0093 1.0276 1.0371 1.0413 1.0377 1.0467 
1.0148 1.0305 1.0084 1.0378 1.0224 1.0472 1.0014 1.0487 1.0447 1.0042 1.0182 1.0145 1.017 1.0443 1.0367 1.0209 1.0006 1.0445 1.0094 1.0149 1.0441 1.0252 1.0471 1.0178 1.0338 
1.0258 1.0358 1.0385 1.0269 1.0245 1.0036 1.0161 1.0283 1.0165 1.0346 1.0159 1.0227 1.0358 1.0255 1.0322 1.0249 1.0269 1.0138 1.0198 1.0113 1.023 1.019 1.0366 1.0019 1.0027 
1.0087 1.0157 1.0186 1.0026 1.0235 1.0377 1.0043 1.0076 1.0019 1.0345 1.0344 1.0045 1.0168 1.0277 1.02 1.0402 1.0053 1.027 1.0016 1.0466 1.0061 1.0264 1.0355 1.0428 1.0305 
1.0018 1.0466 1.0349 1.0068 1.0129 1.0278 1.0493 1.0214 1.0221 1.0442 1.0375 1.0454 1.0383 1.0288 1.0409 1.0278 1.0128 1.0408 1.0496 1.0374 1.0264 1.0271 1.02 1.0417 1.0267 
1.0081 1.038 1.0105 1.0292 1.0409 1.0046 1.0254 1.0207 1.0387 1.0012 1.0361 1.0268 1.0392 1.0177 1.0437 1.018 1.0197 1.0025 1.0438 1.0183 1.0142 1.0086 1.0416 1.0463 1.0237 
1.0036 1.0113 1.0216 1.0377 1.004 1.0154 1.0461 1.0141 1.0437 1.0107 1.033 1.0099 1.0214 1.0135 1.0386 1.0235 1.0343 1.0355 1.0427 1.0316 1.001 1.0225 1.0356 1.0136 1.0117 
1.0388 1.037 1.0179 1.0497 1.0376 1.0334 1.0232 1.0012 1.0424 1.0133 1.0245 1.0232 1.018 1.0225 1.0112 1.0383 1.0211 1.0212 1.0426 1.0394 1.0258 1.017 1.0023 1.045 1.0417 
1.0463 1.0246 1.0219 1.0014 1.0365 1.0102 1.0043 1.0355 1.0248 1.0325 1.0403 1.0412 1.0016 1.006 1.0292 1.0234 1.0155 1.0344 1.0225 1.0218 1.0418 1.0035 1.0451 1.0413 1.0371 
1.0433 1.0109 1.0243 1.0229 1.0197 1.0157 1.0034 1.0068 1.0495 1.0134 1.0476 1.0348 1.0368 1.0144 1.0013 1.0188 1.0244 1.0093 1.0206 1.0077 1.0478 1.0388 1.0128 1.0329 1.0024 
1.0264 1.0426 1.0425 1.0413 1.0089 1.006 1.019 1.0477 1.0483 1.018 1.0259 1.0432 1.0236 1.0315 1.0109 1.015 1.0182 1.0055 1.0201 1.0168 1.0438 1.042 1.0006 1.0482 1.0025 
1.0483 1.0075 1.0241 1.0065 1.0238 1.0075 1.0379 1.0423 1.023 1.0189 1.0179 1.0462 1.0389 1.015 1.0493 1.0204 1.0124 1.0445 1.026 1.0407 1.022 1.0363 1.0075 1.0391 1.0394 
1.0111 1.0132 1.0234 1.0221 1.0427 1.0061 1.0153 1.0435 1.0087 1.0229 1.0069 1.0352 1.0258 1.0081 1.0148 1.0062 1.0375 1.0191 1.0412 1.0488 1.0182 1.0157 1.0096 1.0402 1.0031 
1.0214 1.0411 1.0097 1.0477 1.0018 1.0085 1.0179 1.0291 1.0084 1.0217 1.018 1.0047 1.0153 1.0331 1.0258 1.0256 1.0054 1.0293 1.0146 1.0346 1.0112 1.0177 1.0288 1.0475 1.0471 
1.0037 1.0065 1.0084 1.0261 1.0243 1.0079 1.0016 1.0181 1.0362 1.0181 1.0276 1.0432 1.0421 1.006 1.0208 1.0274 1.0322 1.0217 1.0369 1.0132 1.0481 1.0115 1.0208 1.0453 1.0418 
1.0343 1.025 1.027 1.0352 1.0115 1.0236 1.0002 1.0112 1.0448 1.0065 1.0142 1.0133 1.0187 1.0424 1.0282 1.0165 1.0257 1.0224 1.0152 1.0457 1.0426 1.0355 1.0384 1.0432 1.0335 
1.0038 1.026 1.0086 1.0211 1.0363 1.0161 1.0498 1.0361 1.0219 1.0359 1.038 1.0378 1.0394 1.0197 1.0396 1.0352 1.0472 1.0411 1.0319 1.0066 1.0073 1.0295 1.0137 1.0302 1.0424 
1.0023 1.0014 1.04 1.0283 1.029 1.0185 1.016 1.0374 1.0304 1.0497 1.0451 1.0166 1.0002 1.011 1.0198 1.0212 1.0029 1.0033 1.049 1.0246 1.0091 1.0331 1.031 1.0061 1.0261 
1.0415 1.0219 1.0265 1.0466 1.0308 1.0106 1.012 1.0235 1.028 1.038 1.0033 1.0026 1.036 1.0202 1.0336 1.0345 1.04 1.0473 1.0049 1.0337 1.0047 1.0474 1.0062 1.021 1.0378 
1.0331 1.0344 1.022 1.034 1.0011 1.023 1.0426 1.0138 1.0424 1.0364 1.0395 1.0196 1.0349 1.0234 1.049 1.0276 1.0496 1.0169 1.0058 1.0256 1.029 1.0488 1.0042 1.0042 1.0457 
1.0271 1.0113 1.028 1.0163 1.0472 1.0445 1.0389 1.0249 1.03 1.0013 1.0295 1.026 1.0012 1.0456 1.0305 1.0227 1.0491 1.018 1.0031 1.0333 1.0323 1.0336 1.012 1.0081 1.0046 
1.0277 1.0087 1.0444 1.0339 1.0331 1.0039 1.0285 1.0349 1.0242 1.0264 1.0356 1.0091 1.0251 1.0065 1.0131 1.0212 1.0325 1.032 1.022 1.0122 1.0211 1.0062 1.0377 1.0021 1.0083 
1.0459 1.0208 1.0054 1.0095 1.0498 1.0275 1.0276 1.0272 1.0316 1.0231 1.0305 1.0461 1.0303 1.0071 1.0286 1.0101 1.0137 1.0068 1.0439 1.049 1.0042 1.0298 1.0439 1.0208 1.0183 
1.017 1.041 1.0325 1.0123 1.0126 1.0392 1.0023 1.0375 1.0016 1.0068 1.0137 1.046 1.0418 1.0497 1.0058 1.0087 1.0377 1.0173 1.049 1.0382 1.0241 1.0147 1.0421 1.0018 1.0096 
1.0443 1.0341 1.0021 1.0379 1.0395 1.041 1.0172 1.0241 1.0332 1.0248 1.0299 1.0229 1.0293 1.0385 1.0123 1.0147 1.0348 1.041 1.0088 1.0086 1.0134 1.0079 1.0028 1.0224 1.0104 
1.0292 1.0352 1.0381 1.0019 1.0434 1.0243 1.016 1.0172 1.0253 1.0496 1.0164 1.002 1.0304 1.0487 1.0222 1.0325 1.0276 1.0001 1.018 1.0174 1.0176 1.0031 1.0113 1.0048 1.0172 
1.0097 1.0358 1.0374 1.0439 1.0484 1.0201 1.0237 1.0247 1.0426 1.0351 1.0247 1.0264 1.0096 1.0332 1.0369 1.026 1.0136 1.0021 1.0012 1.0225 1.008 1.0485 1.0161 1.0443 1.0207 
1.0473 1.0043 1.0136 1.0339 1.0048 1.0464 1.0461 1.0034 1.0087 1.0423 1.0207 1.0209 1.0392 1.0013 1.0118 1.011 1.0017 1.0199 1.0232 1.0077 1.0035 1.0115 1.0205 1.0101 1.002 
1.032 1.0206 1.0351 1.0022 1.0019 1.0403 1.0492 1.0305 1.0396 1.0434 1.0307 1.0203 1.0265 1.0392 1.0013 1.0057 1.0281 1.0342 1.048 1.0464 1.0352 1.0409 1.0049 1.021 1.0302 
1.0085 1.0134 1.0351 1.0201 1.0172 1.0224 1.0195 1.0227 1.0169 1.0381 1.048 1.0488 1.0047 1.0264 1.0412 1.0287 1.0128 1.0107 1.0181 1.0063 1.0126 1.0245 1.036 1.0205 1 
1.0253 1.0475 1.0045 1.0436 1.0416 1.0301 1.0437 1.0464 1.0467 1.0442 1.006 1.0398 1.0363 1.0392 1.0498 1.0004 1.0268 1.0057 1.0063 1.0152 1.0495 1.0498 1.0495 1.0244 1.0395 
1.0475 1.0109 1.0366 1.0042 1.002 1.0207 1.0302 1.0201 1.0099 1.0488 1.0364 1.0249 1.0327 1.0311 1.0239 1.0188 1.0361 1.0228 1.0358 1.0211 1.0117 1.016 1.0027 1.0025 1.0371 
1.0381 1.0197 1.0293 1.027 1.0122 1.0466 1.0275 1.0429 1.0296 1.0128 1.0244 1.01 1.0126 1.0223 1.0478 1.0365 1.0059 1.0096 1.019 1.04 1.0425 1.0213 1.0393 1.0244 1.0416 
1.034 1.0365 1.0187 1.0295 1.0176 1.0381 1.0395 1.045 1.0082 1.0062 1.0173 1.0028 1.0173 1.0335 1.0007 1.0119 1.024 1.0363 1.0365 1.0023 1.0239 1.0386 1.0421 1.0467 1.0152 
1.0173 1.0064 1.023 1.0307 1.0394 1.0114 1.028 1.0445 1.0412 1.0117 1.0243 1.0161 1.0314 1.0453 1.0221 1.0411 1.0306 1.0387 1.0331 1.0405 1.0112 1.0292 1.0323 1.0075 1.0439 
1.0119 1.0249 1.0219 1.0011 1.0303 1.0335 1.0329 1.0004 1.0134 1.0007 1.0447 1.0452 1.0153 1.0277 1.0084 1.0111 1.0465 1.0101 1.0278 1.0218 1.0489 1.0286 1.0405 1.0093 1.0096 
1.0168 1.0166 1.032 1.0257 1.0452 1.0084 1.0345 1.0366 1.0181 1.0458 1.0123 1.0363 1.0457 1.0466 1.0318 1.0163 1.006 1.018 1.0041 1.0319 1.0343 1.0213 1.0484 1.0449 1.0293 
1.0089 1.0468 1.0102 1.0342 1.0059 1.0359 1.0452 1.001 1.0085 1.0464 1.0191 1.0493 1.0496 1.0319 1.0114 1.0486 1.0216 1.0169 1.0144 1.0001 1.0483 1.0315 1.0172 1.018 1.0018 
1.0087 1.0265 1.0053 1.0101 1.0454 1.0098 1.0462 1.0284 1.0155 1.0477 1.0029 1.0181 1.0105 1.0147 1.0274 1.0021 1.0425 1.0304 1.0342 1.0081 1.0166 1.0374 1.0321 1.0146 1.0385 
1.0239 1.0044 1.0076 1.0294 1.0218 1.0219 1.0134 1.0496 1.0495 1.032 1.0327 1.0241 1.0176 1.0277 1.0246 1.0321 1.0382 1.0126 1.0392 1.0197 1.0072 1.0175 1.0494 1.0333 1.0124 
1.0269 1.0229 1.0023 1.0396 1.0134 1.0327 1.0382 1.0164 1.0301 1.0022 1.0157 1.0064 1.0018 1.0395 1.0394 1.0097 1.0036 1.0247 1.0397 1.0415 1.0465 1.002 1.0453 1.0277 1.0054 
1.0123 1.0032 1.0356 1.0483 1.0185 1.0306 1.0337 1.0215 1.03 1.016 1.043 1.0396 1.0071 1.0294 1.0483 1.0166 1.0408 1.0135 1.0241 1.0209 1.0329 1.0083 1.0314 1.0196 1.0297 
1.0342 1.005 1.0011 1.0345 1.0291 1.0438 1.0373 1.0315 1.0411 1.0435 1.019 1.0005 1.0103 1.0209 1.0499 1.0268 1.0111 1.0429 1.0372 1.0314 1.0164 1.0451 1.04 1.0331 1.0256 
1.0248 1.0483 1.0429 1.0085 1.0475 1.0168 1.0458 1.0292 1.0055 1.0422 1.0157 1.0487 1.026 1.005 1.029 1.016 1.0141 1.0117 1.049 1.0272 1.0434 1.011 1.0155 1.0042 1.0385 
1.0045 1.0189 1.0056 1.041 1.0409 1.0234 1.0184 1.0322 1.0217 1.0309 1.0171 1.0333 1.0301 1.0021 1.0331 1.0404 1.0231 1.032 1.0213 1.0029 1.0229 1.0078 1.0477 1.0114 1.0072 
1.0372 1.0272 1.025 1.0379 1.0257 1.0187 1.0257 1.0496 1.0255 1.0214 1.005 1.0273 1.0105 1.0416 1.0007 1.0419 1.032 1.0025 1.0418 1.0011 1.0091 1.0375 1.031 1.0458 1.0323 
1.0285 1.0379 1.0159 1.0126 1.0121 1.0497 1.0386 1.0348 1.0281 1.0053 1.038 1.0448 1.0144 1.0011 1.0256 1.0269 1.0063 1.0184 1.0444 1.0244 1.0474 1.0243 1.028 1.0467 1.0047 
1.0454 1.0157 1.0046 1.0172 1.0221 1.0218 1.0153 1.0039 1.0067 1.0496 1.0319 1.0488 1.0099 1.0184 1.0237 1.019 1.0093 1.0257 1.0418 1.0311 1.0077 1.0418 1.0146 1.0045 1.028 
1.0049 1.0228 1.0055 1.0278 1.0052 1.0188 1.0389 1.0483 1.024 1.0348 1.0035 1.0088 1.008 1.0191 1.0224 1.0469 1.0339 1.046 1.0233 1.0072 1.0345 1.0324 1.0107 1.0005 1.0331 
1.013 1.0415 1.0428 1.0097 1.0266 1.0017 1.039 1.0356 1.0212 1.0383 1.0327 1.028 1.0346 1.0115 1.0467 1.0132 1.0001 1.0374 1.0101 1.0207 1.0012 1.0338 1.008 1.0357 1.0057 
1.0418 1.0464 1.0274 1.032 1.0124 1.0276 1.033 1.0129 1.032 1.0236 1.0434 1.0365 1.0087 1.0185 1.0006 1.0164 1.0015 1.0112 1.0228 1.0002 1.0041 1.0187 1.0148 1.032 1.047 
1.0182 1.0448 1.0352 1.033 1.0018 1.0429 1.0235 1.013 1.0399 1.0167 1.0133 1.0477 1.0015 1.0353 1.0002 1.0454 1.0408 1.0093 1.0448 1.0044 1.0458 1.0083 1.0061 1.0141 1.0087 
1.0255 1.0106 1.0395 1.0079 1.0208 1.0165 1.0132 1.026 1.0246 1.0411 1.0329 1.0249 1.0076 1.0392 1.0361 1.0164 1.0475 1.0027 1.0423 1.0182 1.0177 1.0381 1.0041 1.0126 1.0493 
1.0374 1.039 1.0354 1.0274 1.0494 1.0483 1.0445 1.0406 1.0077 1.0425 1.0395 1.0409 1.0208 1.007 1.0499 1.0302 1.0014 1.0213 1.0094 1.0421 1.0011 1.0363 1.0357 1.0174 1.0303 
1.0396 1.0125 1.0217 1.0478 1.0441 1.0304 1.0079 1.0003 1.0347 1.0171 1.0212 1.0331 1.0395 1.0381 1.0356 1.0256 1.006 1.0043 1.0255 1.0433 1.0258 1.0298 1.0072 1.0216 1.0312 
1.0065 1.0301 1.0113 1.0292 1.004 1.0265 1.0116 1.0085 1.0311 1.003 1.005 1.0078 1.0095 1.0354 1.0052 1.0349 1.0061 1.0364 1.0485 1.0031 1.0061 1.0198 1.0417 1.0406 1.005 
1.0353 1.0369 1.0303 1.0331 1.0303 1.0001 1.04 1.0185 1.0424 1.0268 1.0333 1.0246 1.004 1.005 1.0091 1.0329 1.008 1.0396 1.0476 1.0155 1.0311 1.0236 1.005 1.0262 1.0411 
1.0179 1.0142 1.0187 1.012 1.0491 1.036 1.0298 1.0256 1.0356 1.0144 1.02 1.0499 1.0477 1.0239 1.044 1.0369 1.0355 1.0304 1.0278 1.0046 1.0422 1.0264 1.0084 1.047 1.0361 
1.0224 1.034 1.0465 1.0127 1.0281 1.0164 1.0136 1.0217 1.008 1.0164 1.0297 1.0106 1.0195 1.0285 1.0155 1.0008 1.0055 1.0318 1.0458 1.0253 1.0036 1.0128 1.0393 1.0298 1.0322 
1.0178 1.0356 1.0439 1.0102 1.0402 1.0444 1.0403 1.0276 1.0313 1.0357 1.0298 1.0125 1.0244 1.0268 1.0412 1.026 1.0132 1.0198 1.0319 1.0201 1.0131 1.0347 1.0291 1.0371 1.0065 
1.0461 1.0329 1.0447 1.017 1.0391 1.037 1.0371 1.022 1.0298 1.0237 1.0155 1.0231 1.0191 1.0456 1.0117 1.0171 1.0355 1.0211 1.0348 1.0402 1.0371 1.0422 1.02 1.0271 1.0314 
1.0113 1.012 1.0078 1.0339 1.0212 1.0296 1.0289 1.0391 1.0131 1.0112 1.0374 1.0436 1.0314 1 1.0186 1.0027 1.0381 1.0121 1.0337 1.0235 1.0068 1.0136 1.0051 1.001 1.0261 
1.0429 1.0086 1.022 1.0186 1.0247 1.0461 1.0393 1.04 1.0371 1.0485 1.0012 1.0056 1.0098 1.0341 1.0078 1.0285 1.0118 1.04 1.0203 1.0026 1.0355 1.009 1.0419 1.0166 1.041 
1.0406 1.0043 1.0061 1.0015 1.0286 1.0203 1.0033 1.0332 1.04 1.0195 1.0449 1.0349 1.0353 1.0209 1.0021 1.0393 1.0295 1.0118 1.0186 1.0145 1.0115 1.0146 1.0074 1.0271 1.0027 
1.0277 1.0143 1.015 1.0184 1.0375 1.0476 1.0188 1.0444 1.0456 1.0073 1.004 1.0487 1.0069 1.0045 1.0201 1.0335 1.0086 1.0273 1.025 1.0032 1.0324 1.001 1.0272 1.0377 1.0352 
1.0278 1.0369 1.0165 1.0012 1.0479 1.009 1.0157 1.0186 1.0112 1.0464 1.0458 1.0123 1.0464 1.003 1.0109 1.0222 1.0052 1.0326 1.0497 1.0305 1.0472 1.0164 1.0432 1.0354 1.0029 
1.0331 1.0426 1.0326 1.0066 1.0343 1.0147 1.0283 1.0284 1.0338 1.0088 1.0348 1.0406 1.0044 1.004 1.0293 1.0193 1.0172 1.017 1.011 1.0137 1.0496 1.0181 1.0496 1.0488 1.032 
1.0395 1.0058 1.0187 1.0029 1.0423 1.007 1.0365 1.0266 1.0091 1.0292 1.0078 1.0426 1.0481 1.0118 1.0469 1.0381 1.0484 1.0349 1.0194 1.0047 1.0085 1.0138 1.0495 1.0288 1.005 
1.0309 1.0003 1.013 1.0258 1.0342 1.0419 1.0304 1.0498 1.0073 1.0488 1.0125 1.0088 1.0244 1.0278 1.0332 1.0427 1.0126 1.01 1.0217 1.0266 1.001 1.0444 1.0496 1.0152 1.0003 
1.0336 1.0036 1.0283 1.0171 1.0329 1.0351 1.006 1.0251 1.0194 1.012 1.0359 1.0161 1.046 1.0425 1.0126 1.0081 1.0105 1.0154 1.0399 1.0492 1.0003 1.0405 1.0497 1.0219 1.0379 
1.0468 1.0084 1.0446 1.0061 1.0176 1.0398 1.0056 1.0294 1.0091 1.048 1.0477 1.0427 1.0305 1.0169 1.0225 1.0039 1.0174 1.0087 1.0333 1.004 1.0359 1.0103 1.0071 1.0194 1.0377 
1.0143 1.0107 1.0393 1.0426 1.0407 1.0219 1.0324 1.0343 1.0365 1.0359 1.0021 1.0086 1.0064 1.0274 1.0455 1.0277 1.0442 1.0287 1.0493 1.0122 1.0348 1.0275 1.0329 1.0216 1.0435 
