10
100
87 6 92 60 21 30 18 51 37 37 52 90 48 7 25 34 48 65 2 28 19 17 14 50 58 34 51 2 39 100 4 5 52 74 11 95 49 28 75 9 71 7 51 42 26 27 56 39 92 49 13 37 43 57 83 97 57 14 82 81 34 99 71 80 10 68 71 52 43 62 78 59 89 98 76 12 44 85 94 30 18 24 52 65 94 14 29 99 28 10 31 30 62 57 29 53 34 93 51 48 
3 2 2 3 2 1 2 2 1 2 
1.05 1.07 1.06 1.05 1.05 1.09 1.07 1.05 1.09 1.09 
1.06 1.05 1.07 1.07 1.08 1.09 1.09 1.05 1.05 1.08 
1.09 1.05 1.06 1.08 1.05 1.08 1.07 1.06 1.09 1.09 
1.05 1.09 1.09 1.08 1.06 1.07 1.07 1.06 1.08 1.07 
1.05 1.08 1.07 1.06 1.08 1.05 1.09 1.06 1.07 1.05 
1.05 1.08 1.06 1.09 1.09 1.09 1.08 1.05 1.05 1.06 
1.08 1.05 1.06 1.07 1.06 1.06 1.08 1.05 1.07 1.09 
1.06 1.09 1.06 1.09 1.06 1.09 1.08 1.06 1.09 1.06 
1.07 1.05 1.05 1.09 1.06 1.05 1.05 1.05 1.08 1.06 
1.06 1.08 1.08 1.05 1.05 1.05 1.05 1.06 1.06 1.06 
1.07 1.06 1.09 1.05 1.06 1.07 1.08 1.06 1.05 1.05 
1.09 1.07 1.06 1.07 1.09 1.07 1.09 1.06 1.07 1.05 
1.07 1.08 1.06 1.05 1.06 1.09 1.05 1.08 1.08 1.05 
1.07 1.09 1.05 1.05 1.05 1.06 1.07 1.09 1.07 1.06 
1.06 1.05 1.09 1.06 1.08 1.08 1.06 1.08 1.09 1.05 
1.09 1.08 1.07 1.06 1.08 1.05 1.07 1.06 1.05 1.06 
1.05 1.09 1.05 1.07 1.08 1.09 1.09 1.05 1.09 1.05 
1.06 1.07 1.07 1.07 1.06 1.08 1.09 1.08 1.07 1.08 
1.05 1.05 1.05 1.09 1.05 1.07 1.07 1.08 1.09 1.08 
1.08 1.07 1.08 1.09 1.05 1.08 1.05 1.08 1.06 1.06 
1.07 1.05 1.08 1.06 1.06 1.08 1.08 1.07 1.05 1.06 
1.08 1.08 1.09 1.05 1.09 1.05 1.09 1.05 1.07 1.05 
1.08 1.08 1.08 1.06 1.06 1.09 1.05 1.08 1.09 1.07 
1.05 1.07 1.05 1.09 1.07 1.06 1.09 1.09 1.07 1.06 
1.05 1.07 1.06 1.06 1.05 1.08 1.09 1.05 1.08 1.07 
1.05 1.07 1.09 1.05 1.07 1.05 1.09 1.05 1.09 1.06 
1.08 1.06 1.08 1.08 1.06 1.07 1.07 1.08 1.06 1.07 
1.05 1.08 1.09 1.05 1.08 1.06 1.05 1.08 1.08 1.09 
1.06 1.05 1.07 1.07 1.06 1.06 1.08 1.05 1.08 1.06 
1.09 1.06 1.08 1.05 1.07 1.08 1.05 1.07 1.05 1.06 
1.06 1.07 1.05 1.07 1.05 1.09 1.09 1.07 1.07 1.05 
1.06 1.09 1.05 1.05 1.08 1.06 1.07 1.06 1.06 1.08 
1.09 1.09 1.07 1.07 1.09 1.08 1.05 1.05 1.06 1.07 
1.07 1.09 1.06 1.08 1.05 1.07 1.08 1.08 1.08 1.09 
1.09 1.08 1.09 1.08 1.09 1.09 1.06 1.05 1.08 1.08 
1.07 1.09 1.08 1.06 1.05 1.08 1.06 1.05 1.06 1.07 
1.09 1.05 1.05 1.07 1.06 1.05 1.07 1.08 1.06 1.07 
1.05 1.08 1.05 1.05 1.07 1.08 1.06 1.09 1.09 1.09 
1.05 1.08 1.08 1.06 1.08 1.05 1.09 1.05 1.05 1.06 
1.05 1.05 1.09 1.08 1.05 1.07 1.08 1.05 1.09 1.08 
1.05 1.07 1.07 1.08 1.07 1.05 1.07 1.06 1.09 1.07 
1.06 1.05 1.06 1.06 1.07 1.05 1.08 1.07 1.09 1.06 
1.07 1.08 1.09 1.07 1.07 1.05 1.06 1.09 1.06 1.06 
1.09 1.06 1.07 1.08 1.05 1.06 1.09 1.07 1.05 1.08 
1.06 1.05 1.09 1.06 1.06 1.05 1.07 1.06 1.06 1.06 
1.09 1.05 1.07 1.08 1.05 1.08 1.07 1.09 1.05 1.05 
1.06 1.05 1.06 1.06 1.09 1.05 1.06 1.06 1.06 1.06 
1.09 1.05 1.05 1.06 1.08 1.09 1.08 1.05 1.09 1.05 
1.06 1.07 1.08 1.08 1.05 1.08 1.07 1.07 1.08 1.05 
1.05 1.08 1.05 1.05 1.07 1.05 1.09 1.08 1.09 1.06 
1.07 1.08 1.06 1.05 1.07 1.09 1.08 1.05 1.06 1.09 
1.09 1.07 1.06 1.09 1.05 1.06 1.08 1.07 1.07 1.07 
1.08 1.09 1.07 1.08 1.07 1.08 1.07 1.07 1.07 1.05 
1.05 1.07 1.07 1.07 1.06 1.06 1.05 1.05 1.08 1.07 
1.06 1.05 1.09 1.07 1.08 1.05 1.07 1.07 1.06 1.09 
1.08 1.06 1.05 1.08 1.09 1.07 1.05 1.05 1.08 1.06 
1.09 1.07 1.05 1.05 1.05 1.07 1.05 1.05 1.05 1.05 
1.05 1.07 1.07 1.09 1.05 1.09 1.09 1.07 1.05 1.06 
1.08 1.08 1.09 1.07 1.09 1.05 1.06 1.05 1.09 1.07 
1.06 1.07 1.09 1.07 1.09 1.05 1.05 1.07 1.07 1.05 
1.05 1.08 1.08 1.05 1.06 1.07 1.09 1.08 1.05 1.07 
1.06 1.09 1.08 1.06 1.09 1.05 1.06 1.09 1.09 1.06 
1.07 1.06 1.09 1.07 1.07 1.07 1.07 1.05 1.06 1.07 
1.09 1.09 1.06 1.07 1.05 1.06 1.06 1.07 1.06 1.08 
1.05 1.08 1.09 1.07 1.07 1.07 1.07 1.05 1.06 1.05 
1.06 1.09 1.07 1.09 1.09 1.08 1.05 1.06 1.09 1.08 
1.06 1.06 1.06 1.09 1.06 1.07 1.09 1.06 1.09 1.05 
1.09 1.05 1.08 1.07 1.09 1.07 1.06 1.08 1.09 1.06 
1.08 1.08 1.05 1.07 1.05 1.07 1.05 1.05 1.08 1.05 
1.07 1.08 1.05 1.08 1.05 1.05 1.07 1.08 1.07 1.05 
1.07 1.08 1.07 1.08 1.08 1.09 1.08 1.08 1.08 1.05 
1.06 1.08 1.06 1.05 1.08 1.07 1.05 1.05 1.06 1.07 
1.08 1.08 1.05 1.06 1.09 1.07 1.09 1.07 1.05 1.06 
1.07 1.06 1.08 1.07 1.07 1.07 1.05 1.07 1.05 1.09 
1.08 1.07 1.05 1.09 1.08 1.09 1.07 1.08 1.09 1.09 
1.05 1.09 1.05 1.08 1.07 1.06 1.07 1.09 1.09 1.09 
1.07 1.09 1.05 1.06 1.07 1.07 1.05 1.08 1.08 1.05 
1.06 1.08 1.06 1.07 1.07 1.05 1.05 1.05 1.07 1.05 
1.06 1.06 1.08 1.09 1.06 1.05 1.08 1.06 1.08 1.08 
1.09 1.07 1.08 1.07 1.07 1.07 1.06 1.06 1.09 1.05 
1.05 1.08 1.09 1.08 1.05 1.06 1.05 1.07 1.06 1.06 
1.09 1.06 1.08 1.07 1.05 1.07 1.07 1.06 1.05 1.06 
1.07 1.07 1.07 1.05 1.08 1.05 1.08 1.06 1.09 1.06 
1.07 1.08 1.09 1.07 1.09 1.06 1.08 1.06 1.06 1.06 
1.09 1.05 1.05 1.07 1.05 1.05 1.08 1.08 1.07 1.06 
1.09 1.08 1.08 1.08 1.06 1.09 1.07 1.05 1.09 1.08 
1.06 1.05 1.05 1.09 1.06 1.07 1.07 1.05 1.08 1.09 
1.06 1.09 1.08 1.09 1.07 1.09 1.09 1.09 1.05 1.05 
1.08 1.07 1.07 1.09 1.07 1.09 1.06 1.07 1.06 1.07 
1.07 1.06 1.07 1.08 1.06 1.09 1.05 1.06 1.09 1.08 
1.06 1.08 1.07 1.08 1.08 1.09 1.09 1.07 1.05 1.08 
1.09 1.09 1.07 1.06 1.06 1.07 1.09 1.09 1.08 1.08 
1.08 1.08 1.05 1.07 1.09 1.09 1.06 1.09 1.07 1.09 
1.07 1.07 1.08 1.07 1.09 1.06 1.08 1.07 1.08 1.09 
1.05 1.08 1.05 1.09 1.05 1.07 1.09 1.08 1.09 1.08 
1.08 1.06 1.08 1.06 1.05 1.09 1.05 1.06 1.07 1.06 
1.06 1.05 1.05 1.06 1.06 1.09 1.09 1.08 1.07 1.08 
1.09 1.06 1.06 1.05 1.08 1.07 1.05 1.06 1.06 1.09 
1.09 1.08 1.05 1.08 1.08 1.06 1.08 1.06 1.05 1.05 
1.07 1.09 1.05 1.07 1.05 1.09 1.06 1.07 1.08 1.07 
