10
100
59 62 80 11 23 60 47 40 67 85 63 31 42 64 29 50 81 40 56 63 98 29 99 80 91 79 9 27 29 40 35 30 95 27 36 9 54 86 68 55 69 59 47 34 44 75 95 51 78 58 77 25 7 51 4 57 67 51 71 26 89 72 79 70 31 28 7 52 39 9 16 32 29 28 8 76 9 53 51 72 79 93 88 100 13 42 36 56 1 78 53 100 48 27 61 13 99 58 41 61 
1 9 7 1 8 1 6 6 9 1 
1.13 1.1 1.14 1.12 1.14 1.1 1.14 1.11 1.06 1.11 
1.13 1.13 1.11 1.12 1.06 1.05 1.14 1.13 1.1 1.08 
1.14 1.12 1.1 1.07 1.05 1.09 1.06 1.14 1.13 1.05 
1.09 1.1 1.11 1.07 1.08 1.13 1.1 1.11 1.05 1.08 
1.05 1.06 1.09 1.07 1.12 1.12 1.07 1.09 1.08 1.13 
1.09 1.11 1.06 1.13 1.08 1.11 1.07 1.14 1.1 1.05 
1.14 1.08 1.12 1.09 1.05 1.06 1.06 1.11 1.08 1.13 
1.05 1.06 1.12 1.07 1.08 1.08 1.14 1.08 1.09 1.09 
1.06 1.05 1.14 1.06 1.09 1.1 1.12 1.05 1.1 1.07 
1.13 1.09 1.05 1.12 1.12 1.05 1.14 1.11 1.12 1.14 
1.1 1.12 1.08 1.07 1.12 1.1 1.13 1.05 1.12 1.13 
1.05 1.06 1.08 1.13 1.05 1.12 1.05 1.07 1.12 1.13 
1.05 1.05 1.08 1.13 1.11 1.09 1.11 1.07 1.09 1.08 
1.14 1.07 1.07 1.06 1.08 1.06 1.11 1.11 1.14 1.1 
1.13 1.1 1.14 1.09 1.09 1.13 1.14 1.07 1.06 1.07 
1.05 1.14 1.13 1.08 1.13 1.11 1.14 1.08 1.12 1.07 
1.09 1.05 1.07 1.05 1.06 1.1 1.14 1.13 1.05 1.08 
1.05 1.13 1.05 1.09 1.08 1.11 1.06 1.07 1.12 1.12 
1.13 1.06 1.08 1.14 1.12 1.05 1.05 1.07 1.11 1.05 
1.07 1.08 1.06 1.1 1.05 1.11 1.07 1.06 1.06 1.09 
1.07 1.1 1.13 1.09 1.05 1.05 1.13 1.13 1.11 1.07 
1.13 1.13 1.07 1.12 1.08 1.14 1.06 1.14 1.1 1.14 
1.1 1.07 1.1 1.14 1.14 1.07 1.06 1.14 1.07 1.08 
1.06 1.05 1.12 1.11 1.14 1.07 1.06 1.1 1.07 1.05 
1.05 1.07 1.11 1.14 1.05 1.11 1.08 1.12 1.1 1.06 
1.14 1.14 1.1 1.07 1.14 1.09 1.1 1.14 1.09 1.14 
1.05 1.1 1.13 1.13 1.12 1.08 1.08 1.12 1.09 1.12 
1.13 1.12 1.13 1.13 1.11 1.14 1.07 1.07 1.12 1.11 
1.05 1.07 1.14 1.06 1.06 1.07 1.13 1.11 1.13 1.09 
1.14 1.12 1.05 1.08 1.09 1.05 1.1 1.12 1.08 1.11 
1.12 1.09 1.11 1.08 1.05 1.11 1.1 1.1 1.11 1.08 
1.12 1.08 1.11 1.13 1.1 1.13 1.14 1.09 1.11 1.1 
1.14 1.14 1.14 1.09 1.1 1.1 1.08 1.14 1.09 1.13 
1.06 1.08 1.13 1.11 1.05 1.06 1.11 1.12 1.1 1.08 
1.08 1.14 1.14 1.08 1.13 1.08 1.08 1.1 1.11 1.1 
1.13 1.09 1.11 1.08 1.07 1.14 1.11 1.14 1.09 1.12 
1.09 1.11 1.05 1.06 1.07 1.07 1.12 1.14 1.07 1.14 
1.11 1.1 1.11 1.13 1.11 1.14 1.08 1.08 1.07 1.06 
1.12 1.05 1.13 1.09 1.1 1.07 1.13 1.09 1.12 1.05 
1.07 1.08 1.13 1.05 1.09 1.06 1.07 1.11 1.14 1.05 
1.07 1.08 1.08 1.11 1.09 1.05 1.12 1.07 1.06 1.06 
1.05 1.1 1.11 1.12 1.07 1.05 1.13 1.07 1.11 1.1 
1.12 1.1 1.12 1.13 1.12 1.14 1.12 1.12 1.12 1.14 
1.1 1.08 1.05 1.11 1.07 1.13 1.1 1.09 1.07 1.1 
1.12 1.08 1.1 1.09 1.12 1.14 1.08 1.09 1.1 1.1 
1.05 1.05 1.14 1.07 1.1 1.14 1.14 1.12 1.07 1.14 
1.1 1.06 1.07 1.11 1.09 1.13 1.14 1.09 1.09 1.05 
1.06 1.13 1.08 1.07 1.11 1.05 1.12 1.11 1.06 1.08 
1.05 1.08 1.09 1.08 1.12 1.09 1.11 1.12 1.12 1.12 
1.08 1.11 1.07 1.12 1.1 1.11 1.09 1.06 1.11 1.06 
1.09 1.11 1.12 1.07 1.05 1.09 1.1 1.13 1.1 1.13 
1.14 1.13 1.1 1.11 1.1 1.06 1.1 1.06 1.13 1.08 
1.1 1.06 1.11 1.12 1.11 1.14 1.07 1.14 1.07 1.13 
1.07 1.09 1.08 1.13 1.05 1.08 1.14 1.05 1.14 1.06 
1.09 1.08 1.08 1.13 1.09 1.07 1.13 1.05 1.09 1.14 
1.13 1.13 1.13 1.06 1.09 1.07 1.14 1.06 1.14 1.05 
1.11 1.08 1.09 1.13 1.08 1.13 1.07 1.08 1.09 1.05 
1.05 1.07 1.06 1.1 1.06 1.05 1.1 1.13 1.14 1.06 
1.12 1.07 1.12 1.1 1.12 1.06 1.08 1.08 1.06 1.07 
1.07 1.14 1.07 1.08 1.11 1.07 1.12 1.09 1.1 1.1 
1.09 1.09 1.11 1.09 1.07 1.09 1.05 1.06 1.06 1.11 
1.13 1.11 1.06 1.1 1.12 1.13 1.13 1.1 1.14 1.14 
1.07 1.12 1.12 1.06 1.09 1.09 1.11 1.08 1.09 1.09 
1.05 1.11 1.11 1.1 1.07 1.09 1.12 1.13 1.13 1.11 
1.12 1.09 1.14 1.14 1.06 1.05 1.07 1.13 1.05 1.14 
1.14 1.13 1.05 1.05 1.09 1.1 1.12 1.12 1.05 1.14 
1.05 1.12 1.13 1.07 1.07 1.14 1.09 1.1 1.1 1.13 
1.05 1.06 1.09 1.11 1.05 1.13 1.12 1.07 1.05 1.07 
1.08 1.07 1.12 1.12 1.1 1.07 1.08 1.05 1.11 1.07 
1.12 1.06 1.06 1.06 1.12 1.1 1.05 1.06 1.11 1.09 
1.12 1.11 1.09 1.14 1.11 1.09 1.13 1.08 1.1 1.12 
1.07 1.08 1.09 1.07 1.05 1.1 1.07 1.08 1.12 1.12 
1.06 1.06 1.12 1.12 1.14 1.06 1.1 1.05 1.13 1.14 
1.14 1.13 1.12 1.1 1.07 1.06 1.1 1.11 1.05 1.1 
1.07 1.13 1.12 1.05 1.13 1.05 1.11 1.08 1.11 1.06 
1.06 1.13 1.12 1.05 1.07 1.11 1.09 1.06 1.05 1.14 
1.09 1.07 1.09 1.1 1.09 1.07 1.14 1.09 1.07 1.13 
1.13 1.12 1.12 1.1 1.06 1.09 1.11 1.06 1.14 1.05 
1.11 1.07 1.1 1.05 1.14 1.09 1.1 1.11 1.1 1.11 
1.06 1.14 1.11 1.09 1.1 1.05 1.1 1.08 1.1 1.08 
1.09 1.05 1.13 1.07 1.05 1.05 1.13 1.07 1.05 1.12 
1.05 1.13 1.07 1.07 1.06 1.06 1.1 1.12 1.08 1.08 
1.12 1.06 1.12 1.14 1.13 1.08 1.09 1.13 1.13 1.13 
1.13 1.06 1.07 1.06 1.05 1.07 1.13 1.12 1.05 1.07 
1.11 1.09 1.1 1.11 1.05 1.06 1.13 1.13 1.11 1.05 
1.13 1.07 1.09 1.13 1.13 1.05 1.05 1.1 1.1 1.09 
1.09 1.13 1.06 1.12 1.07 1.1 1.06 1.07 1.13 1.13 
1.11 1.14 1.07 1.05 1.06 1.09 1.12 1.06 1.09 1.14 
1.09 1.09 1.09 1.1 1.13 1.07 1.07 1.1 1.09 1.11 
1.13 1.14 1.09 1.05 1.05 1.14 1.09 1.08 1.09 1.12 
1.05 1.05 1.06 1.06 1.05 1.1 1.05 1.1 1.09 1.07 
1.1 1.12 1.07 1.06 1.09 1.06 1.14 1.06 1.06 1.14 
1.13 1.1 1.13 1.09 1.13 1.07 1.12 1.09 1.13 1.07 
1.1 1.13 1.13 1.14 1.05 1.12 1.09 1.13 1.11 1.06 
1.06 1.08 1.05 1.12 1.08 1.06 1.05 1.13 1.07 1.06 
1.09 1.14 1.09 1.11 1.05 1.09 1.08 1.12 1.06 1.13 
1.11 1.13 1.11 1.05 1.12 1.14 1.14 1.14 1.06 1.06 
1.07 1.1 1.1 1.09 1.1 1.07 1.1 1.07 1.13 1.14 
1.12 1.12 1.08 1.08 1.05 1.07 1.13 1.14 1.07 1.08 
1.09 1.14 1.11 1.14 1.14 1.1 1.13 1.06 1.13 1.08 
