10
200
25 52 38 44 7 52 23 41 94 42 21 32 37 11 83 2 8 23 3 24 89 77 83 45 61 46 5 42 58 16 87 61 96 49 91 58 8 28 34 50 67 29 87 96 67 67 6 56 30 67 18 70 4 83 36 100 43 90 88 71 13 54 89 3 65 46 5 21 53 58 66 97 59 3 83 100 50 31 81 59 56 4 65 49 29 67 50 37 29 29 51 20 53 33 91 42 32 45 7 46 33 86 16 31 29 24 18 79 30 55 80 63 51 82 25 81 90 81 98 74 31 90 4 88 71 28 25 85 38 8 94 100 72 72 60 35 38 52 68 62 51 38 55 91 33 49 9 47 6 94 100 32 70 3 25 68 23 99 71 76 69 69 35 8 87 24 34 6 32 16 12 1 14 66 82 12 25 54 7 19 89 20 68 41 45 91 60 3 91 86 64 4 60 23 64 17 21 34 22 75 
1 1 1 2 3 1 1 3 1 3 
1.06 1.07 1.08 1.06 1.08 1.08 1.07 1.05 1.06 1.08 
1.08 1.07 1.05 1.08 1.08 1.09 1.08 1.09 1.06 1.09 
1.07 1.06 1.08 1.09 1.07 1.09 1.07 1.08 1.05 1.05 
1.07 1.07 1.09 1.09 1.08 1.08 1.05 1.05 1.06 1.06 
1.07 1.07 1.07 1.06 1.05 1.05 1.05 1.05 1.07 1.06 
1.08 1.07 1.07 1.08 1.06 1.09 1.06 1.08 1.05 1.06 
1.06 1.07 1.06 1.08 1.09 1.09 1.07 1.06 1.06 1.07 
1.08 1.09 1.06 1.09 1.08 1.07 1.09 1.07 1.07 1.07 
1.06 1.09 1.06 1.08 1.09 1.09 1.05 1.08 1.09 1.08 
1.07 1.07 1.06 1.08 1.05 1.06 1.05 1.07 1.08 1.09 
1.06 1.07 1.06 1.09 1.05 1.09 1.05 1.06 1.09 1.05 
1.06 1.05 1.07 1.06 1.07 1.05 1.08 1.08 1.08 1.08 
1.05 1.05 1.06 1.08 1.05 1.07 1.06 1.06 1.07 1.05 
1.06 1.08 1.05 1.08 1.08 1.09 1.08 1.07 1.06 1.05 
1.05 1.08 1.06 1.05 1.08 1.08 1.08 1.08 1.07 1.08 
1.08 1.06 1.07 1.06 1.06 1.07 1.08 1.07 1.07 1.07 
1.06 1.07 1.05 1.06 1.08 1.09 1.08 1.09 1.06 1.07 
1.07 1.08 1.05 1.08 1.05 1.06 1.07 1.09 1.06 1.07 
1.08 1.07 1.06 1.08 1.08 1.08 1.07 1.09 1.08 1.05 
1.07 1.08 1.07 1.06 1.09 1.06 1.07 1.09 1.07 1.05 
1.09 1.05 1.09 1.05 1.07 1.05 1.05 1.05 1.07 1.08 
1.07 1.08 1.05 1.09 1.05 1.07 1.05 1.06 1.08 1.07 
1.08 1.05 1.09 1.05 1.07 1.09 1.05 1.09 1.08 1.07 
1.08 1.08 1.08 1.07 1.06 1.06 1.07 1.09 1.07 1.05 
1.09 1.06 1.05 1.07 1.07 1.06 1.06 1.06 1.07 1.09 
1.08 1.08 1.05 1.09 1.07 1.09 1.09 1.09 1.05 1.07 
1.05 1.08 1.09 1.07 1.06 1.08 1.08 1.07 1.07 1.05 
1.07 1.05 1.09 1.05 1.06 1.07 1.08 1.08 1.06 1.09 
1.06 1.06 1.05 1.08 1.09 1.07 1.07 1.08 1.09 1.09 
1.09 1.08 1.05 1.08 1.07 1.05 1.08 1.07 1.09 1.07 
1.09 1.08 1.06 1.08 1.07 1.07 1.06 1.06 1.07 1.05 
1.08 1.06 1.09 1.09 1.06 1.09 1.09 1.06 1.05 1.08 
1.08 1.08 1.09 1.07 1.09 1.07 1.06 1.05 1.07 1.07 
1.06 1.08 1.07 1.07 1.09 1.09 1.09 1.09 1.07 1.08 
1.05 1.06 1.07 1.05 1.09 1.08 1.05 1.09 1.09 1.05 
1.07 1.05 1.09 1.09 1.07 1.08 1.05 1.05 1.09 1.06 
1.09 1.06 1.06 1.07 1.07 1.06 1.08 1.06 1.08 1.09 
1.06 1.06 1.09 1.08 1.08 1.05 1.05 1.06 1.05 1.05 
1.09 1.05 1.05 1.08 1.09 1.08 1.08 1.09 1.06 1.07 
1.08 1.08 1.07 1.09 1.06 1.08 1.06 1.08 1.06 1.09 
1.05 1.05 1.07 1.06 1.09 1.08 1.09 1.06 1.06 1.08 
1.06 1.07 1.05 1.08 1.08 1.09 1.06 1.06 1.06 1.07 
1.09 1.08 1.08 1.06 1.07 1.06 1.06 1.09 1.08 1.05 
1.09 1.08 1.09 1.08 1.09 1.08 1.07 1.08 1.05 1.07 
1.05 1.07 1.09 1.05 1.08 1.09 1.08 1.09 1.08 1.07 
1.06 1.07 1.08 1.09 1.05 1.09 1.08 1.08 1.09 1.05 
1.08 1.08 1.07 1.07 1.08 1.07 1.06 1.06 1.09 1.06 
1.05 1.07 1.07 1.07 1.05 1.08 1.07 1.05 1.05 1.09 
1.08 1.05 1.05 1.06 1.05 1.09 1.06 1.09 1.05 1.05 
1.09 1.06 1.07 1.05 1.06 1.08 1.09 1.07 1.07 1.09 
1.08 1.08 1.08 1.05 1.07 1.08 1.07 1.08 1.06 1.06 
1.05 1.09 1.07 1.08 1.06 1.08 1.08 1.09 1.07 1.09 
1.09 1.07 1.08 1.09 1.06 1.09 1.05 1.08 1.08 1.05 
1.06 1.09 1.06 1.08 1.05 1.07 1.06 1.06 1.09 1.06 
1.05 1.05 1.08 1.07 1.06 1.05 1.06 1.08 1.07 1.09 
1.07 1.06 1.06 1.09 1.09 1.05 1.07 1.06 1.08 1.08 
1.07 1.07 1.05 1.08 1.08 1.05 1.05 1.09 1.05 1.08 
1.05 1.07 1.05 1.05 1.05 1.05 1.05 1.08 1.08 1.07 
1.09 1.08 1.07 1.06 1.06 1.08 1.07 1.06 1.08 1.09 
1.05 1.07 1.09 1.07 1.06 1.08 1.08 1.08 1.05 1.09 
1.07 1.09 1.08 1.07 1.06 1.07 1.09 1.06 1.09 1.08 
1.06 1.07 1.07 1.08 1.09 1.06 1.09 1.09 1.08 1.09 
1.05 1.07 1.09 1.08 1.07 1.09 1.09 1.08 1.09 1.09 
1.09 1.05 1.07 1.09 1.05 1.08 1.06 1.08 1.08 1.05 
1.09 1.05 1.07 1.07 1.05 1.09 1.06 1.06 1.07 1.07 
1.05 1.09 1.08 1.05 1.09 1.09 1.05 1.08 1.08 1.05 
1.05 1.05 1.09 1.07 1.05 1.08 1.08 1.06 1.05 1.07 
1.06 1.06 1.07 1.08 1.05 1.07 1.09 1.05 1.09 1.07 
1.09 1.09 1.06 1.08 1.07 1.09 1.07 1.05 1.07 1.07 
1.08 1.08 1.09 1.07 1.09 1.08 1.07 1.05 1.08 1.05 
1.08 1.08 1.06 1.09 1.07 1.09 1.09 1.09 1.08 1.09 
1.07 1.05 1.09 1.06 1.07 1.05 1.09 1.08 1.08 1.08 
1.07 1.06 1.09 1.08 1.07 1.09 1.07 1.05 1.09 1.06 
1.06 1.09 1.08 1.05 1.05 1.08 1.05 1.07 1.06 1.08 
1.09 1.08 1.07 1.07 1.08 1.06 1.05 1.07 1.06 1.08 
1.09 1.08 1.05 1.07 1.09 1.06 1.07 1.08 1.07 1.05 
1.09 1.07 1.05 1.06 1.06 1.05 1.09 1.08 1.07 1.07 
1.07 1.05 1.09 1.09 1.06 1.06 1.06 1.09 1.06 1.07 
1.06 1.08 1.05 1.05 1.09 1.09 1.08 1.09 1.05 1.05 
1.07 1.07 1.06 1.07 1.08 1.09 1.08 1.09 1.06 1.08 
1.06 1.07 1.05 1.08 1.07 1.07 1.05 1.09 1.08 1.07 
1.09 1.05 1.05 1.06 1.05 1.09 1.06 1.07 1.06 1.08 
1.09 1.06 1.09 1.08 1.07 1.05 1.07 1.06 1.09 1.05 
1.08 1.05 1.06 1.09 1.06 1.06 1.05 1.07 1.07 1.09 
1.06 1.05 1.06 1.08 1.06 1.06 1.05 1.08 1.06 1.07 
1.08 1.07 1.08 1.09 1.08 1.07 1.05 1.05 1.05 1.06 
1.08 1.06 1.07 1.08 1.07 1.09 1.09 1.06 1.05 1.05 
1.09 1.06 1.08 1.09 1.09 1.08 1.06 1.07 1.07 1.05 
1.09 1.08 1.06 1.09 1.06 1.05 1.08 1.07 1.08 1.07 
1.07 1.07 1.05 1.08 1.09 1.08 1.05 1.09 1.09 1.09 
1.07 1.05 1.09 1.09 1.07 1.05 1.05 1.09 1.08 1.09 
1.07 1.05 1.08 1.05 1.08 1.08 1.06 1.08 1.06 1.07 
1.07 1.05 1.08 1.09 1.08 1.05 1.08 1.07 1.05 1.05 
1.07 1.05 1.06 1.09 1.08 1.08 1.09 1.09 1.08 1.09 
1.05 1.08 1.05 1.09 1.07 1.07 1.07 1.05 1.07 1.09 
1.06 1.06 1.09 1.08 1.08 1.09 1.05 1.06 1.06 1.06 
1.06 1.09 1.06 1.09 1.08 1.07 1.07 1.05 1.09 1.07 
1.05 1.09 1.06 1.08 1.07 1.08 1.09 1.07 1.09 1.08 
1.06 1.09 1.09 1.06 1.06 1.05 1.08 1.09 1.07 1.09 
1.09 1.06 1.06 1.07 1.08 1.08 1.07 1.07 1.07 1.08 
1.05 1.07 1.06 1.05 1.05 1.08 1.07 1.05 1.09 1.09 
1.08 1.05 1.06 1.08 1.08 1.06 1.06 1.07 1.06 1.08 
1.08 1.06 1.08 1.06 1.07 1.09 1.09 1.07 1.08 1.09 
1.05 1.09 1.06 1.07 1.07 1.08 1.05 1.06 1.05 1.08 
1.06 1.06 1.06 1.09 1.07 1.06 1.06 1.09 1.06 1.05 
1.05 1.07 1.08 1.05 1.08 1.07 1.07 1.06 1.08 1.05 
1.07 1.07 1.09 1.05 1.07 1.09 1.05 1.07 1.09 1.08 
1.09 1.06 1.05 1.05 1.07 1.06 1.06 1.05 1.08 1.07 
1.07 1.06 1.06 1.07 1.07 1.05 1.06 1.06 1.07 1.05 
1.07 1.07 1.05 1.06 1.05 1.08 1.07 1.07 1.06 1.07 
1.09 1.07 1.06 1.05 1.06 1.07 1.09 1.06 1.06 1.07 
1.09 1.09 1.07 1.07 1.06 1.05 1.05 1.08 1.08 1.05 
1.06 1.09 1.07 1.05 1.05 1.05 1.06 1.05 1.09 1.07 
1.09 1.09 1.09 1.07 1.06 1.08 1.05 1.06 1.05 1.08 
1.09 1.09 1.08 1.09 1.06 1.08 1.09 1.08 1.05 1.06 
1.07 1.07 1.09 1.07 1.06 1.09 1.08 1.08 1.09 1.08 
1.06 1.08 1.07 1.07 1.06 1.05 1.06 1.06 1.05 1.05 
1.09 1.07 1.09 1.09 1.07 1.07 1.06 1.05 1.09 1.05 
1.09 1.09 1.05 1.08 1.09 1.08 1.07 1.09 1.09 1.05 
1.06 1.09 1.06 1.07 1.08 1.09 1.06 1.08 1.06 1.08 
1.09 1.07 1.09 1.08 1.08 1.07 1.05 1.08 1.07 1.06 
1.08 1.07 1.05 1.06 1.07 1.05 1.07 1.06 1.09 1.08 
1.06 1.06 1.09 1.08 1.07 1.07 1.07 1.08 1.05 1.09 
1.09 1.07 1.09 1.05 1.09 1.08 1.07 1.07 1.08 1.07 
1.07 1.05 1.06 1.08 1.06 1.09 1.05 1.09 1.07 1.06 
1.08 1.09 1.09 1.08 1.09 1.07 1.08 1.08 1.09 1.08 
1.08 1.07 1.09 1.05 1.07 1.07 1.06 1.06 1.05 1.08 
1.06 1.08 1.09 1.08 1.08 1.05 1.07 1.07 1.07 1.09 
1.09 1.06 1.09 1.08 1.09 1.08 1.06 1.05 1.08 1.05 
1.06 1.05 1.07 1.08 1.06 1.05 1.07 1.09 1.07 1.07 
1.07 1.07 1.09 1.05 1.05 1.05 1.09 1.07 1.08 1.05 
1.08 1.06 1.08 1.09 1.08 1.07 1.07 1.06 1.07 1.09 
1.06 1.07 1.05 1.05 1.05 1.07 1.05 1.05 1.07 1.08 
1.07 1.09 1.06 1.08 1.09 1.09 1.07 1.06 1.09 1.07 
1.05 1.07 1.05 1.08 1.05 1.08 1.06 1.05 1.07 1.08 
1.06 1.08 1.05 1.08 1.05 1.07 1.06 1.07 1.06 1.05 
1.05 1.06 1.06 1.06 1.08 1.07 1.08 1.09 1.08 1.07 
1.06 1.07 1.05 1.05 1.08 1.06 1.09 1.05 1.06 1.07 
1.06 1.09 1.09 1.08 1.09 1.07 1.09 1.08 1.07 1.08 
1.06 1.07 1.05 1.08 1.09 1.08 1.09 1.06 1.09 1.08 
1.09 1.05 1.08 1.07 1.05 1.09 1.07 1.07 1.06 1.05 
1.07 1.09 1.05 1.06 1.05 1.05 1.08 1.06 1.06 1.09 
1.09 1.07 1.09 1.09 1.05 1.08 1.05 1.05 1.07 1.06 
1.06 1.05 1.05 1.05 1.05 1.07 1.09 1.09 1.05 1.08 
1.07 1.09 1.09 1.09 1.09 1.05 1.07 1.08 1.09 1.05 
1.05 1.07 1.08 1.05 1.07 1.06 1.06 1.09 1.08 1.07 
1.05 1.06 1.05 1.09 1.06 1.06 1.08 1.08 1.07 1.06 
1.07 1.08 1.08 1.09 1.07 1.05 1.09 1.09 1.05 1.07 
1.07 1.06 1.07 1.07 1.09 1.07 1.08 1.05 1.09 1.05 
1.07 1.06 1.06 1.05 1.08 1.07 1.08 1.05 1.07 1.08 
1.09 1.06 1.08 1.06 1.07 1.09 1.06 1.06 1.06 1.05 
1.07 1.07 1.06 1.08 1.05 1.09 1.05 1.05 1.08 1.08 
1.09 1.06 1.09 1.06 1.09 1.05 1.09 1.08 1.09 1.07 
1.09 1.08 1.09 1.08 1.09 1.09 1.05 1.07 1.08 1.09 
1.05 1.08 1.05 1.08 1.08 1.07 1.08 1.05 1.05 1.09 
1.05 1.09 1.05 1.07 1.05 1.06 1.06 1.06 1.07 1.08 
1.05 1.05 1.08 1.09 1.09 1.05 1.06 1.08 1.05 1.09 
1.05 1.07 1.05 1.09 1.07 1.06 1.07 1.08 1.09 1.09 
1.09 1.09 1.08 1.05 1.08 1.08 1.05 1.06 1.09 1.08 
1.08 1.05 1.09 1.08 1.09 1.09 1.08 1.05 1.05 1.07 
1.05 1.07 1.07 1.06 1.06 1.05 1.07 1.09 1.07 1.05 
1.05 1.09 1.07 1.08 1.06 1.06 1.05 1.05 1.08 1.07 
1.09 1.07 1.06 1.05 1.07 1.08 1.05 1.06 1.08 1.09 
1.07 1.07 1.05 1.05 1.06 1.05 1.05 1.09 1.05 1.06 
1.08 1.06 1.07 1.05 1.09 1.05 1.09 1.09 1.05 1.08 
1.07 1.05 1.07 1.09 1.08 1.08 1.05 1.08 1.07 1.06 
1.07 1.06 1.08 1.09 1.07 1.06 1.06 1.05 1.06 1.09 
1.06 1.08 1.09 1.09 1.08 1.05 1.07 1.08 1.09 1.06 
1.07 1.07 1.05 1.05 1.06 1.06 1.09 1.05 1.08 1.08 
1.06 1.09 1.05 1.05 1.08 1.08 1.07 1.07 1.09 1.05 
1.07 1.06 1.06 1.05 1.08 1.09 1.08 1.05 1.07 1.05 
1.05 1.08 1.09 1.08 1.06 1.07 1.08 1.09 1.08 1.08 
1.06 1.07 1.07 1.06 1.08 1.08 1.06 1.07 1.08 1.05 
1.06 1.05 1.07 1.09 1.08 1.08 1.06 1.08 1.06 1.08 
1.09 1.05 1.05 1.07 1.05 1.06 1.09 1.06 1.05 1.06 
1.09 1.09 1.09 1.06 1.08 1.07 1.05 1.07 1.09 1.09 
1.05 1.08 1.07 1.06 1.05 1.05 1.08 1.08 1.08 1.06 
1.08 1.06 1.05 1.09 1.05 1.08 1.09 1.08 1.07 1.09 
1.08 1.06 1.07 1.08 1.09 1.07 1.08 1.08 1.08 1.08 
1.07 1.07 1.07 1.09 1.09 1.07 1.05 1.05 1.06 1.06 
1.09 1.06 1.06 1.08 1.08 1.06 1.09 1.05 1.05 1.05 
1.07 1.05 1.08 1.08 1.08 1.09 1.06 1.09 1.06 1.07 
1.08 1.05 1.05 1.05 1.06 1.09 1.08 1.08 1.06 1.05 
1.09 1.05 1.05 1.07 1.09 1.09 1.09 1.05 1.07 1.08 
1.05 1.07 1.05 1.05 1.07 1.07 1.09 1.06 1.09 1.09 
1.05 1.05 1.07 1.05 1.07 1.06 1.05 1.07 1.08 1.09 
1.07 1.07 1.08 1.05 1.07 1.09 1.09 1.08 1.06 1.08 
1.09 1.06 1.07 1.05 1.08 1.09 1.05 1.06 1.05 1.06 
1.09 1.07 1.09 1.08 1.07 1.08 1.08 1.05 1.05 1.06 
1.06 1.05 1.06 1.08 1.05 1.08 1.07 1.08 1.05 1.08 
1.08 1.08 1.08 1.08 1.08 1.06 1.09 1.07 1.06 1.06 
1.09 1.07 1.09 1.09 1.09 1.05 1.07 1.06 1.09 1.05 
1.08 1.07 1.07 1.09 1.08 1.08 1.08 1.05 1.08 1.09 
1.07 1.05 1.06 1.05 1.06 1.05 1.07 1.09 1.09 1.09 
1.09 1.07 1.06 1.05 1.09 1.06 1.09 1.09 1.06 1.06 
1.07 1.05 1.06 1.05 1.06 1.06 1.08 1.07 1.05 1.06 
1.09 1.06 1.07 1.09 1.09 1.06 1.07 1.06 1.08 1.06 
1.06 1.06 1.06 1.09 1.06 1.05 1.05 1.06 1.06 1.07 
1.07 1.09 1.05 1.05 1.07 1.07 1.06 1.09 1.09 1.09 
1.07 1.06 1.06 1.09 1.07 1.08 1.09 1.07 1.06 1.08 
