10
200
21 47 14 61 37 73 70 22 53 29 48 72 14 7 45 60 53 16 76 6 13 31 3 55 94 62 94 61 20 77 4 61 50 94 46 70 87 57 100 52 21 70 40 47 32 37 78 13 69 41 10 21 12 9 44 25 38 35 81 39 11 89 48 75 39 72 68 48 11 59 29 68 71 45 89 41 69 79 68 30 24 28 30 45 11 85 84 74 28 74 13 99 68 38 23 61 51 24 48 12 31 70 2 3 30 27 39 78 45 67 60 67 40 34 44 42 50 98 100 8 39 52 22 70 77 85 86 4 99 96 39 68 5 11 86 3 84 59 44 82 12 100 93 64 91 29 77 72 75 44 22 16 28 21 18 41 28 24 59 62 19 44 64 29 59 90 49 65 31 62 74 9 97 28 4 41 38 89 24 95 61 80 16 71 76 68 59 98 14 71 57 52 99 29 31 72 58 37 48 2 
3 3 2 2 1 2 2 1 2 1 
1.08 1.07 1.08 1.06 1.07 1.05 1.08 1.09 1.05 1.08 
1.08 1.08 1.05 1.05 1.08 1.09 1.06 1.08 1.06 1.06 
1.08 1.07 1.05 1.07 1.09 1.05 1.05 1.06 1.09 1.09 
1.05 1.06 1.05 1.06 1.08 1.05 1.05 1.05 1.06 1.05 
1.06 1.06 1.07 1.08 1.06 1.06 1.05 1.09 1.05 1.08 
1.07 1.07 1.08 1.07 1.08 1.09 1.06 1.05 1.08 1.08 
1.08 1.08 1.06 1.06 1.05 1.06 1.06 1.08 1.08 1.06 
1.07 1.09 1.09 1.08 1.08 1.07 1.07 1.09 1.07 1.05 
1.05 1.05 1.09 1.09 1.06 1.08 1.06 1.08 1.08 1.05 
1.06 1.05 1.07 1.09 1.05 1.07 1.09 1.09 1.05 1.09 
1.08 1.07 1.05 1.08 1.05 1.05 1.09 1.07 1.06 1.08 
1.08 1.05 1.06 1.08 1.09 1.07 1.07 1.07 1.05 1.05 
1.09 1.05 1.06 1.07 1.08 1.09 1.07 1.07 1.05 1.07 
1.08 1.08 1.08 1.08 1.06 1.07 1.07 1.09 1.08 1.06 
1.08 1.06 1.05 1.08 1.08 1.08 1.09 1.09 1.07 1.05 
1.08 1.05 1.07 1.07 1.05 1.07 1.05 1.09 1.09 1.05 
1.05 1.06 1.09 1.06 1.08 1.06 1.08 1.09 1.05 1.07 
1.07 1.05 1.06 1.09 1.08 1.07 1.09 1.09 1.08 1.08 
1.05 1.09 1.06 1.08 1.05 1.06 1.09 1.09 1.08 1.06 
1.08 1.08 1.09 1.06 1.05 1.05 1.08 1.05 1.09 1.08 
1.08 1.06 1.09 1.08 1.09 1.06 1.09 1.08 1.05 1.09 
1.07 1.08 1.05 1.08 1.09 1.07 1.05 1.05 1.08 1.09 
1.08 1.06 1.07 1.06 1.07 1.05 1.05 1.05 1.09 1.09 
1.08 1.08 1.06 1.07 1.06 1.06 1.09 1.07 1.06 1.06 
1.07 1.06 1.07 1.09 1.09 1.09 1.06 1.05 1.09 1.09 
1.06 1.09 1.05 1.07 1.08 1.07 1.09 1.06 1.09 1.08 
1.08 1.05 1.05 1.06 1.09 1.07 1.08 1.07 1.07 1.07 
1.05 1.06 1.07 1.07 1.07 1.08 1.07 1.09 1.08 1.08 
1.07 1.05 1.06 1.05 1.07 1.08 1.08 1.06 1.05 1.06 
1.06 1.08 1.06 1.05 1.08 1.06 1.06 1.07 1.08 1.05 
1.05 1.05 1.06 1.09 1.08 1.07 1.07 1.07 1.09 1.06 
1.08 1.06 1.07 1.07 1.08 1.05 1.06 1.09 1.06 1.08 
1.09 1.06 1.05 1.08 1.05 1.06 1.07 1.07 1.05 1.07 
1.09 1.07 1.08 1.05 1.05 1.08 1.07 1.05 1.06 1.06 
1.07 1.09 1.09 1.07 1.06 1.05 1.09 1.08 1.07 1.08 
1.08 1.08 1.08 1.07 1.06 1.05 1.09 1.05 1.06 1.05 
1.08 1.06 1.05 1.07 1.09 1.07 1.09 1.07 1.08 1.05 
1.09 1.07 1.05 1.07 1.08 1.05 1.08 1.05 1.05 1.06 
1.06 1.09 1.08 1.06 1.08 1.06 1.06 1.06 1.06 1.05 
1.09 1.06 1.07 1.08 1.09 1.06 1.06 1.07 1.06 1.07 
1.08 1.06 1.09 1.05 1.06 1.08 1.05 1.07 1.06 1.09 
1.09 1.06 1.06 1.05 1.05 1.09 1.07 1.05 1.09 1.08 
1.06 1.08 1.07 1.08 1.09 1.05 1.07 1.06 1.05 1.09 
1.06 1.07 1.06 1.09 1.08 1.06 1.07 1.05 1.09 1.05 
1.05 1.09 1.07 1.05 1.05 1.09 1.06 1.05 1.09 1.07 
1.07 1.07 1.07 1.05 1.09 1.08 1.07 1.07 1.07 1.06 
1.06 1.08 1.07 1.05 1.08 1.09 1.08 1.05 1.07 1.09 
1.06 1.08 1.09 1.06 1.06 1.05 1.05 1.06 1.09 1.08 
1.08 1.07 1.08 1.05 1.05 1.09 1.06 1.07 1.06 1.09 
1.06 1.09 1.06 1.05 1.08 1.09 1.08 1.08 1.09 1.05 
1.05 1.06 1.06 1.09 1.05 1.07 1.06 1.06 1.09 1.05 
1.07 1.09 1.07 1.06 1.09 1.08 1.06 1.05 1.09 1.07 
1.07 1.05 1.07 1.07 1.09 1.09 1.07 1.09 1.08 1.08 
1.05 1.07 1.05 1.08 1.06 1.06 1.05 1.07 1.08 1.06 
1.09 1.09 1.09 1.05 1.05 1.05 1.08 1.09 1.08 1.07 
1.08 1.06 1.05 1.08 1.08 1.08 1.05 1.07 1.07 1.07 
1.06 1.09 1.09 1.09 1.08 1.07 1.08 1.07 1.07 1.07 
1.06 1.08 1.06 1.07 1.06 1.09 1.06 1.05 1.08 1.05 
1.07 1.07 1.08 1.09 1.09 1.07 1.09 1.07 1.06 1.07 
1.08 1.07 1.08 1.09 1.09 1.09 1.05 1.09 1.06 1.06 
1.09 1.07 1.05 1.09 1.07 1.08 1.09 1.07 1.05 1.06 
1.08 1.09 1.05 1.05 1.07 1.06 1.07 1.07 1.07 1.05 
1.09 1.06 1.07 1.06 1.07 1.05 1.06 1.07 1.07 1.07 
1.07 1.09 1.05 1.09 1.07 1.07 1.08 1.09 1.09 1.05 
1.07 1.05 1.09 1.09 1.08 1.08 1.05 1.05 1.07 1.07 
1.08 1.09 1.07 1.07 1.05 1.05 1.08 1.07 1.08 1.07 
1.09 1.09 1.08 1.09 1.08 1.09 1.05 1.07 1.07 1.05 
1.08 1.06 1.09 1.07 1.08 1.05 1.07 1.08 1.09 1.07 
1.06 1.09 1.05 1.06 1.05 1.08 1.06 1.07 1.09 1.09 
1.05 1.09 1.05 1.08 1.08 1.05 1.06 1.07 1.07 1.06 
1.05 1.08 1.08 1.07 1.08 1.08 1.07 1.08 1.09 1.06 
1.08 1.07 1.06 1.05 1.08 1.06 1.05 1.09 1.05 1.05 
1.06 1.06 1.07 1.07 1.09 1.06 1.08 1.09 1.06 1.09 
1.09 1.09 1.07 1.06 1.07 1.06 1.05 1.06 1.09 1.06 
1.05 1.05 1.05 1.09 1.09 1.09 1.08 1.07 1.08 1.05 
1.09 1.06 1.06 1.07 1.08 1.07 1.08 1.06 1.09 1.07 
1.05 1.07 1.05 1.09 1.05 1.06 1.09 1.06 1.09 1.06 
1.06 1.08 1.06 1.05 1.07 1.07 1.06 1.09 1.08 1.07 
1.09 1.06 1.05 1.09 1.09 1.08 1.07 1.07 1.07 1.06 
1.07 1.08 1.08 1.08 1.05 1.07 1.07 1.07 1.06 1.09 
1.06 1.08 1.07 1.07 1.08 1.08 1.06 1.06 1.09 1.06 
1.05 1.08 1.09 1.09 1.08 1.08 1.05 1.08 1.05 1.05 
1.08 1.06 1.05 1.09 1.05 1.05 1.05 1.06 1.05 1.05 
1.06 1.08 1.09 1.05 1.05 1.09 1.08 1.06 1.07 1.05 
1.09 1.08 1.08 1.09 1.06 1.09 1.07 1.08 1.09 1.09 
1.09 1.08 1.09 1.06 1.06 1.06 1.05 1.06 1.05 1.06 
1.07 1.08 1.05 1.05 1.06 1.07 1.08 1.07 1.08 1.07 
1.05 1.05 1.07 1.09 1.05 1.05 1.07 1.08 1.09 1.09 
1.09 1.07 1.06 1.09 1.05 1.05 1.08 1.06 1.05 1.08 
1.08 1.09 1.07 1.07 1.07 1.06 1.07 1.05 1.06 1.05 
1.05 1.07 1.07 1.07 1.09 1.08 1.08 1.05 1.07 1.05 
1.06 1.08 1.05 1.08 1.05 1.09 1.07 1.09 1.08 1.09 
1.08 1.07 1.07 1.05 1.05 1.08 1.09 1.09 1.08 1.09 
1.06 1.09 1.08 1.05 1.06 1.05 1.05 1.09 1.06 1.09 
1.09 1.08 1.05 1.09 1.08 1.05 1.09 1.05 1.05 1.08 
1.05 1.06 1.05 1.06 1.07 1.07 1.08 1.08 1.07 1.08 
1.08 1.09 1.06 1.08 1.05 1.09 1.08 1.05 1.05 1.07 
1.09 1.05 1.09 1.09 1.06 1.05 1.08 1.05 1.09 1.05 
1.09 1.08 1.06 1.09 1.09 1.07 1.08 1.06 1.07 1.09 
1.08 1.07 1.06 1.07 1.07 1.09 1.08 1.09 1.06 1.09 
1.09 1.06 1.05 1.09 1.06 1.09 1.07 1.08 1.09 1.09 
1.09 1.05 1.05 1.06 1.09 1.08 1.08 1.07 1.07 1.06 
1.06 1.05 1.06 1.07 1.05 1.08 1.06 1.06 1.06 1.05 
1.05 1.08 1.06 1.09 1.07 1.05 1.06 1.08 1.06 1.06 
1.08 1.07 1.09 1.08 1.07 1.05 1.07 1.07 1.08 1.07 
1.06 1.08 1.09 1.07 1.08 1.09 1.09 1.06 1.08 1.08 
1.05 1.05 1.06 1.07 1.08 1.08 1.05 1.07 1.08 1.08 
1.09 1.07 1.05 1.07 1.05 1.06 1.06 1.06 1.06 1.09 
1.06 1.09 1.07 1.06 1.05 1.06 1.05 1.05 1.09 1.08 
1.07 1.09 1.08 1.06 1.05 1.07 1.09 1.09 1.05 1.07 
1.07 1.06 1.08 1.06 1.07 1.05 1.07 1.08 1.05 1.08 
1.05 1.08 1.08 1.08 1.05 1.05 1.06 1.07 1.09 1.08 
1.09 1.08 1.06 1.08 1.07 1.06 1.06 1.09 1.05 1.07 
1.06 1.08 1.09 1.05 1.06 1.09 1.05 1.07 1.05 1.06 
1.05 1.05 1.08 1.05 1.09 1.09 1.08 1.07 1.05 1.09 
1.09 1.07 1.07 1.08 1.06 1.09 1.09 1.09 1.08 1.05 
1.09 1.09 1.06 1.06 1.09 1.06 1.08 1.06 1.08 1.09 
1.08 1.06 1.05 1.08 1.06 1.06 1.08 1.06 1.09 1.07 
1.06 1.08 1.09 1.09 1.09 1.08 1.05 1.08 1.08 1.07 
1.06 1.08 1.05 1.09 1.06 1.09 1.09 1.09 1.06 1.09 
1.09 1.06 1.07 1.06 1.05 1.06 1.09 1.05 1.07 1.09 
1.09 1.05 1.06 1.08 1.07 1.06 1.06 1.09 1.09 1.07 
1.05 1.08 1.09 1.09 1.07 1.08 1.08 1.05 1.07 1.06 
1.07 1.08 1.05 1.06 1.07 1.09 1.07 1.09 1.05 1.06 
1.06 1.08 1.09 1.06 1.05 1.06 1.07 1.08 1.05 1.09 
1.05 1.08 1.06 1.08 1.05 1.08 1.07 1.06 1.06 1.07 
1.06 1.05 1.07 1.06 1.09 1.05 1.08 1.09 1.08 1.07 
1.08 1.07 1.07 1.05 1.08 1.09 1.09 1.06 1.07 1.08 
1.09 1.06 1.06 1.09 1.08 1.06 1.07 1.08 1.05 1.05 
1.08 1.06 1.06 1.05 1.07 1.08 1.05 1.07 1.08 1.07 
1.05 1.06 1.07 1.07 1.08 1.06 1.05 1.08 1.07 1.05 
1.08 1.09 1.08 1.07 1.09 1.06 1.08 1.05 1.07 1.08 
1.05 1.07 1.09 1.08 1.05 1.09 1.06 1.07 1.09 1.06 
1.05 1.08 1.08 1.05 1.05 1.08 1.06 1.06 1.08 1.06 
1.05 1.06 1.09 1.07 1.05 1.07 1.06 1.05 1.08 1.06 
1.07 1.05 1.08 1.09 1.06 1.08 1.06 1.08 1.06 1.09 
1.07 1.06 1.09 1.05 1.06 1.08 1.05 1.06 1.09 1.08 
1.06 1.06 1.06 1.07 1.07 1.06 1.08 1.05 1.09 1.07 
1.06 1.06 1.05 1.05 1.06 1.06 1.08 1.09 1.06 1.07 
1.06 1.08 1.05 1.07 1.09 1.08 1.09 1.08 1.06 1.08 
1.07 1.06 1.09 1.06 1.09 1.05 1.06 1.08 1.05 1.08 
1.09 1.07 1.09 1.05 1.09 1.09 1.09 1.09 1.07 1.05 
1.08 1.05 1.07 1.07 1.08 1.07 1.06 1.06 1.06 1.07 
1.07 1.07 1.08 1.06 1.07 1.05 1.08 1.07 1.06 1.05 
1.05 1.07 1.07 1.05 1.07 1.06 1.09 1.08 1.08 1.07 
1.07 1.07 1.08 1.08 1.09 1.06 1.07 1.06 1.07 1.08 
1.07 1.09 1.05 1.08 1.06 1.06 1.07 1.09 1.08 1.07 
1.06 1.07 1.05 1.08 1.07 1.09 1.07 1.08 1.09 1.07 
1.09 1.05 1.05 1.07 1.09 1.09 1.07 1.07 1.07 1.06 
1.06 1.05 1.05 1.06 1.09 1.08 1.07 1.09 1.05 1.05 
1.09 1.09 1.06 1.07 1.09 1.08 1.06 1.07 1.05 1.07 
1.08 1.08 1.09 1.05 1.05 1.06 1.09 1.09 1.05 1.06 
1.09 1.09 1.09 1.09 1.07 1.06 1.05 1.06 1.07 1.08 
1.08 1.05 1.06 1.09 1.09 1.09 1.09 1.07 1.05 1.09 
1.05 1.06 1.09 1.06 1.05 1.06 1.09 1.06 1.09 1.08 
1.06 1.05 1.07 1.06 1.07 1.08 1.09 1.08 1.05 1.05 
1.06 1.05 1.06 1.07 1.07 1.08 1.05 1.06 1.05 1.06 
1.06 1.08 1.07 1.08 1.08 1.08 1.09 1.09 1.05 1.06 
1.07 1.09 1.06 1.06 1.06 1.05 1.07 1.09 1.06 1.08 
1.09 1.06 1.08 1.07 1.07 1.07 1.08 1.05 1.06 1.09 
1.07 1.07 1.09 1.09 1.05 1.08 1.09 1.05 1.07 1.07 
1.09 1.05 1.07 1.09 1.07 1.07 1.05 1.09 1.08 1.06 
1.08 1.08 1.09 1.07 1.08 1.07 1.08 1.07 1.07 1.08 
1.05 1.09 1.06 1.06 1.08 1.06 1.08 1.07 1.05 1.08 
1.09 1.08 1.05 1.09 1.09 1.09 1.09 1.08 1.07 1.05 
1.07 1.05 1.09 1.07 1.09 1.08 1.05 1.08 1.09 1.05 
1.05 1.08 1.08 1.09 1.05 1.05 1.08 1.05 1.09 1.06 
1.06 1.06 1.09 1.08 1.05 1.05 1.08 1.09 1.08 1.05 
1.05 1.08 1.09 1.09 1.06 1.05 1.07 1.05 1.07 1.05 
1.09 1.08 1.06 1.05 1.07 1.05 1.08 1.06 1.07 1.09 
1.08 1.06 1.06 1.08 1.05 1.07 1.09 1.07 1.09 1.05 
1.05 1.09 1.07 1.05 1.07 1.09 1.09 1.07 1.09 1.07 
1.05 1.09 1.07 1.08 1.05 1.09 1.07 1.05 1.06 1.06 
1.05 1.05 1.08 1.06 1.08 1.07 1.09 1.05 1.06 1.06 
1.05 1.05 1.05 1.07 1.05 1.09 1.06 1.06 1.07 1.09 
1.09 1.06 1.05 1.06 1.06 1.08 1.07 1.06 1.05 1.05 
1.05 1.09 1.07 1.06 1.08 1.08 1.08 1.05 1.07 1.08 
1.05 1.09 1.08 1.09 1.08 1.05 1.05 1.05 1.07 1.09 
1.05 1.08 1.07 1.05 1.05 1.07 1.07 1.08 1.08 1.09 
1.06 1.07 1.09 1.09 1.05 1.08 1.07 1.05 1.06 1.08 
1.07 1.07 1.06 1.05 1.07 1.07 1.05 1.05 1.05 1.07 
1.07 1.05 1.05 1.07 1.07 1.09 1.09 1.05 1.06 1.06 
1.09 1.09 1.09 1.08 1.05 1.08 1.07 1.06 1.08 1.06 
1.07 1.05 1.05 1.05 1.07 1.06 1.09 1.05 1.05 1.07 
1.08 1.09 1.08 1.08 1.07 1.05 1.05 1.06 1.08 1.07 
1.08 1.05 1.06 1.09 1.05 1.08 1.07 1.06 1.07 1.05 
1.09 1.06 1.07 1.09 1.05 1.06 1.05 1.05 1.07 1.09 
1.06 1.05 1.08 1.07 1.08 1.07 1.08 1.07 1.08 1.06 
1.07 1.07 1.09 1.07 1.05 1.09 1.09 1.06 1.09 1.07 
1.05 1.07 1.07 1.06 1.06 1.08 1.08 1.08 1.08 1.05 
1.06 1.05 1.05 1.08 1.06 1.05 1.06 1.05 1.08 1.05 
1.07 1.05 1.09 1.09 1.06 1.09 1.07 1.07 1.08 1.07 
1.08 1.06 1.06 1.09 1.08 1.07 1.06 1.08 1.05 1.08 
1.08 1.09 1.09 1.07 1.07 1.06 1.08 1.07 1.07 1.08 
1.07 1.09 1.05 1.09 1.06 1.06 1.07 1.06 1.08 1.09 
1.07 1.05 1.06 1.06 1.08 1.06 1.09 1.05 1.08 1.05 
1.08 1.09 1.09 1.06 1.06 1.09 1.06 1.05 1.07 1.07 
1.09 1.05 1.06 1.05 1.09 1.05 1.07 1.05 1.05 1.08 
1.05 1.07 1.07 1.07 1.07 1.05 1.07 1.08 1.09 1.07 
1.07 1.05 1.05 1.08 1.09 1.05 1.07 1.06 1.05 1.09 
