10
100
32 68 9 20 25 55 2 65 2 67 4 12 48 68 14 40 23 83 62 27 28 27 44 50 76 79 39 80 97 75 41 69 73 97 44 60 32 45 1 91 81 52 68 60 53 42 84 79 64 18 12 51 48 2 98 22 67 19 39 78 19 70 7 68 67 36 90 10 69 19 40 71 62 53 29 73 50 48 48 88 21 95 93 93 29 96 24 53 32 66 44 79 28 65 39 96 78 44 92 62 
4 7 7 9 1 7 6 8 8 8 
1.04 1.05 1.05 1.03 1.05 1.03 1.05 1.06 1.04 1.05 
1.05 1.03 1.06 1.03 1.06 1.01 1.06 1.03 1.05 1.02 
1.05 1.03 1.01 1.01 1.06 1.01 1.05 1.06 1.03 1.02 
1.03 1.02 1.03 1.02 1.02 1.06 1.06 1.05 1.06 1.04 
1.04 1.04 1.04 1.01 1.05 1.03 1.03 1.04 1.04 1.05 
1.04 1.05 1.03 1.05 1.01 1.04 1.06 1.06 1.01 1.05 
1.03 1.05 1.01 1.06 1.02 1.03 1.02 1.06 1.03 1.05 
1.02 1.04 1.05 1.06 1.03 1.03 1.02 1.04 1.06 1.01 
1.02 1.02 1.03 1.02 1.02 1.06 1.01 1.05 1.05 1.05 
1.04 1.04 1.01 1.06 1.01 1.06 1.05 1.02 1.06 1.04 
1.03 1.05 1.03 1.03 1.04 1.05 1.02 1.02 1.03 1.02 
1.03 1.04 1.01 1.04 1.03 1.05 1.05 1.04 1.04 1.03 
1.04 1.03 1.01 1.04 1.03 1.05 1.05 1.01 1.05 1.01 
1.02 1.05 1.01 1.03 1.05 1.06 1.02 1.02 1.03 1.05 
1.02 1.02 1.04 1.03 1.01 1.01 1.04 1.03 1.05 1.06 
1.05 1.06 1.06 1.03 1.05 1.06 1.04 1.02 1.01 1.06 
1.06 1.02 1.04 1.01 1.03 1.05 1.01 1.05 1.03 1.05 
1.04 1.06 1.03 1.06 1.02 1.05 1.03 1.03 1.03 1.01 
1.01 1.04 1.01 1.05 1.05 1.03 1.04 1.05 1.03 1.05 
1.06 1.05 1.01 1.02 1.01 1.06 1.04 1.03 1.02 1.02 
1.01 1.01 1.04 1.02 1.05 1.04 1.01 1.05 1.05 1.01 
1.02 1.04 1.05 1.02 1.05 1.01 1.06 1.06 1.02 1.06 
1.05 1.04 1.05 1.03 1.05 1.03 1.03 1.03 1.03 1.02 
1.04 1.02 1.04 1.01 1.02 1.02 1.01 1.06 1.01 1.03 
1.04 1.05 1.01 1.05 1.01 1.05 1.06 1.03 1.02 1.06 
1.01 1.04 1.02 1.03 1.03 1.04 1.04 1.03 1.01 1.04 
1.02 1.02 1.05 1.05 1.04 1.01 1.03 1.03 1.05 1.06 
1.05 1.01 1.05 1.01 1.05 1.01 1.05 1.01 1.05 1.06 
1.02 1.03 1.02 1.02 1.02 1.04 1.05 1.02 1.01 1.02 
1.01 1.04 1.02 1.01 1.02 1.04 1.03 1.01 1.03 1.06 
1.03 1.03 1.01 1.04 1.06 1.03 1.02 1.05 1.03 1.02 
1.06 1.04 1.02 1.01 1.03 1.04 1.04 1.03 1.06 1.03 
1.01 1.04 1.03 1.06 1.01 1.03 1.01 1.06 1.05 1.01 
1.05 1.02 1.03 1.01 1.02 1.02 1.02 1.01 1.05 1.05 
1.05 1.04 1.05 1.02 1.02 1.04 1.06 1.05 1.01 1.01 
1.01 1.03 1.03 1.03 1.06 1.03 1.06 1.02 1.02 1.02 
1.02 1.01 1.05 1.02 1.01 1.01 1.04 1.02 1.06 1.04 
1.04 1.02 1.03 1.01 1.06 1.02 1.05 1.06 1.06 1.02 
1.03 1.06 1.05 1.05 1.01 1.03 1.04 1.02 1.04 1.02 
1.04 1.03 1.04 1.02 1.05 1.06 1.06 1.04 1.03 1.01 
1.04 1.01 1.05 1.06 1.01 1.06 1.04 1.01 1.06 1.02 
1.05 1.02 1.01 1.05 1.01 1.01 1.03 1.03 1.05 1.02 
1.03 1.03 1.03 1.06 1.02 1.02 1.04 1.03 1.03 1.04 
1.06 1.04 1.03 1.04 1.03 1.06 1.03 1.02 1.03 1.01 
1.02 1.06 1.04 1.04 1.04 1.01 1.01 1.06 1.04 1.03 
1.02 1.06 1.05 1.02 1.01 1.06 1.03 1.02 1.06 1.03 
1.04 1.05 1.01 1.04 1.01 1.04 1.04 1.06 1.02 1.05 
1.03 1.03 1.03 1.01 1.04 1.01 1.06 1.05 1.03 1.03 
1.03 1.06 1.04 1.02 1.01 1.03 1.03 1.05 1.02 1.06 
1.03 1.03 1.03 1.05 1.02 1.06 1.03 1.05 1.06 1.05 
1.03 1.02 1.05 1.04 1.03 1.04 1.02 1.02 1.02 1.04 
1.03 1.02 1.04 1.01 1.02 1.03 1.05 1.04 1.01 1.04 
1.05 1.05 1.05 1.05 1.03 1.02 1.02 1.05 1.02 1.01 
1.04 1.02 1.01 1.01 1.02 1.04 1.04 1.05 1.02 1.05 
1.01 1.04 1.04 1.01 1.06 1.06 1.06 1.01 1.03 1.01 
1.02 1.04 1.02 1.03 1.03 1.06 1.01 1.01 1.03 1.03 
1.02 1.02 1.04 1.05 1.04 1.02 1.02 1.05 1.06 1.02 
1.02 1.03 1.01 1.06 1.05 1.04 1.04 1.03 1.04 1.04 
1.01 1.06 1.02 1.06 1.04 1.06 1.06 1.05 1.05 1.06 
1.05 1.01 1.02 1.04 1.02 1.05 1.06 1.05 1.05 1.06 
1.01 1.04 1.06 1.01 1.03 1.03 1.06 1.01 1.02 1.05 
1.06 1.01 1.02 1.01 1.03 1.01 1.02 1.01 1.02 1.02 
1.06 1.06 1.03 1.06 1.01 1.03 1.03 1.04 1.02 1.04 
1.06 1.05 1.05 1.06 1.05 1.04 1.04 1.05 1.05 1.05 
1.01 1.03 1.06 1.03 1.02 1.02 1.06 1.02 1.03 1.06 
1.03 1.02 1.01 1.05 1.02 1.01 1.01 1.03 1.03 1.02 
1.03 1.05 1.05 1.03 1.06 1.06 1.04 1.03 1.02 1.01 
1.02 1.03 1.02 1.01 1.01 1.04 1.02 1.03 1.01 1.06 
1.04 1.02 1.01 1.01 1.05 1.02 1.04 1.05 1.04 1.01 
1.05 1.02 1.06 1.01 1.04 1.05 1.04 1.01 1.02 1.05 
1.03 1.03 1.06 1.03 1.03 1.06 1.05 1.06 1.01 1.04 
1.04 1.02 1.03 1.01 1.03 1.06 1.02 1.03 1.01 1.05 
1.06 1.05 1.03 1.02 1.06 1.06 1.05 1.04 1.06 1.01 
1.05 1.03 1.02 1.05 1.06 1.04 1.04 1.06 1.04 1.04 
1.02 1.06 1.02 1.02 1.04 1.02 1.05 1.05 1.06 1.04 
1.02 1.06 1.01 1.03 1.05 1.04 1.05 1.05 1.03 1.05 
1.01 1.04 1.06 1.06 1.06 1.06 1.03 1.02 1.02 1.05 
1.02 1.04 1.01 1.01 1.06 1.05 1.04 1.03 1.01 1.05 
1.02 1.04 1.05 1.02 1.05 1.01 1.04 1.02 1.05 1.03 
1.01 1.01 1.06 1.04 1.05 1.01 1.04 1.02 1.02 1.01 
1.04 1.03 1.04 1.05 1.04 1.03 1.06 1.03 1.06 1.06 
1.02 1.01 1.05 1.03 1.02 1.02 1.04 1.03 1.04 1.03 
1.01 1.02 1.03 1.05 1.05 1.03 1.04 1.06 1.06 1.06 
1.04 1.03 1.03 1.04 1.02 1.02 1.03 1.02 1.02 1.02 
1.02 1.03 1.05 1.05 1.02 1.06 1.01 1.02 1.04 1.01 
1.03 1.03 1.04 1.04 1.01 1.04 1.06 1.03 1.06 1.04 
1.04 1.04 1.06 1.02 1.02 1.02 1.04 1.06 1.04 1.02 
1.06 1.01 1.01 1.02 1.06 1.03 1.05 1.03 1.01 1.06 
1.01 1.05 1.02 1.03 1.04 1.01 1.03 1.02 1.04 1.04 
1.01 1.02 1.02 1.01 1.03 1.03 1.05 1.05 1.01 1.02 
1.03 1.01 1.06 1.01 1.01 1.06 1.01 1.06 1.02 1.01 
1.02 1.01 1.03 1.02 1.02 1.05 1.01 1.03 1.02 1.02 
1.06 1.06 1.01 1.05 1.06 1.05 1.02 1.06 1.06 1.05 
1.06 1.05 1.04 1.01 1.01 1.02 1.03 1.03 1.05 1.06 
1.01 1.04 1.02 1.04 1.06 1.03 1.05 1.02 1.06 1.03 
1.03 1.03 1.06 1.04 1.06 1.04 1.06 1.02 1.03 1.02 
1.04 1.03 1.05 1.04 1.05 1.01 1.04 1.01 1.02 1.04 
1.02 1.02 1.02 1.04 1.06 1.01 1.06 1.06 1.03 1.03 
1.05 1.01 1.06 1.02 1.03 1.06 1.03 1.06 1.04 1.02 
1.06 1.04 1.02 1.05 1.02 1.01 1.04 1.05 1.05 1.02 
