10
100
30 38 76 15 85 94 1 70 15 40 90 69 47 18 83 16 42 17 22 98 70 1 99 89 2 43 6 70 15 87 52 28 62 52 90 66 42 93 27 91 50 53 53 38 34 85 19 22 78 76 21 20 24 20 40 42 52 35 51 2 8 84 54 36 37 35 61 68 35 19 49 44 79 35 7 56 35 54 11 34 26 66 11 64 46 62 99 52 90 64 28 95 96 75 46 89 79 73 31 57 
3 3 3 1 1 2 3 2 2 2 
1.05 1.09 1.09 1.05 1.07 1.09 1.09 1.08 1.08 1.08 
1.05 1.05 1.09 1.06 1.08 1.05 1.08 1.08 1.05 1.09 
1.06 1.07 1.07 1.07 1.05 1.07 1.06 1.05 1.09 1.07 
1.07 1.09 1.09 1.06 1.06 1.07 1.07 1.09 1.08 1.09 
1.09 1.06 1.06 1.07 1.05 1.09 1.05 1.08 1.08 1.06 
1.08 1.07 1.08 1.06 1.08 1.08 1.05 1.07 1.07 1.08 
1.05 1.05 1.07 1.06 1.09 1.06 1.08 1.06 1.06 1.09 
1.08 1.06 1.09 1.05 1.06 1.07 1.06 1.06 1.05 1.07 
1.06 1.08 1.09 1.06 1.07 1.06 1.06 1.05 1.06 1.06 
1.09 1.05 1.06 1.08 1.08 1.09 1.06 1.08 1.08 1.09 
1.08 1.06 1.05 1.08 1.09 1.07 1.08 1.06 1.05 1.07 
1.06 1.06 1.07 1.05 1.09 1.08 1.09 1.06 1.05 1.07 
1.08 1.08 1.06 1.07 1.06 1.05 1.05 1.05 1.09 1.06 
1.07 1.07 1.08 1.06 1.07 1.09 1.06 1.06 1.07 1.07 
1.06 1.09 1.07 1.07 1.05 1.07 1.06 1.06 1.06 1.09 
1.09 1.07 1.08 1.09 1.07 1.05 1.07 1.09 1.05 1.05 
1.07 1.05 1.07 1.09 1.05 1.05 1.06 1.09 1.06 1.06 
1.09 1.08 1.05 1.08 1.08 1.06 1.09 1.09 1.08 1.06 
1.09 1.09 1.09 1.08 1.05 1.07 1.09 1.05 1.07 1.08 
1.06 1.07 1.07 1.09 1.08 1.05 1.07 1.06 1.05 1.05 
1.07 1.05 1.06 1.05 1.05 1.05 1.07 1.09 1.05 1.07 
1.08 1.09 1.06 1.09 1.07 1.09 1.09 1.08 1.09 1.06 
1.05 1.06 1.07 1.07 1.07 1.06 1.07 1.06 1.09 1.07 
1.07 1.06 1.05 1.06 1.09 1.08 1.07 1.09 1.09 1.07 
1.09 1.09 1.08 1.07 1.09 1.05 1.06 1.08 1.08 1.08 
1.09 1.08 1.06 1.08 1.06 1.07 1.06 1.05 1.07 1.07 
1.09 1.07 1.07 1.06 1.06 1.05 1.06 1.07 1.06 1.05 
1.07 1.05 1.07 1.08 1.09 1.05 1.07 1.08 1.05 1.05 
1.09 1.06 1.06 1.07 1.05 1.09 1.08 1.05 1.08 1.06 
1.09 1.07 1.09 1.07 1.09 1.09 1.07 1.08 1.08 1.06 
1.09 1.08 1.09 1.06 1.05 1.06 1.09 1.08 1.06 1.05 
1.05 1.05 1.08 1.08 1.07 1.06 1.08 1.05 1.05 1.09 
1.06 1.08 1.09 1.05 1.06 1.07 1.07 1.05 1.08 1.07 
1.06 1.05 1.07 1.06 1.09 1.06 1.07 1.08 1.09 1.06 
1.07 1.07 1.06 1.05 1.09 1.08 1.08 1.07 1.09 1.09 
1.07 1.09 1.09 1.08 1.06 1.05 1.05 1.07 1.05 1.06 
1.07 1.09 1.09 1.06 1.09 1.05 1.09 1.09 1.08 1.09 
1.05 1.09 1.05 1.08 1.08 1.07 1.05 1.06 1.09 1.05 
1.07 1.06 1.07 1.07 1.05 1.06 1.06 1.09 1.07 1.05 
1.05 1.05 1.08 1.06 1.05 1.06 1.09 1.05 1.09 1.05 
1.09 1.06 1.08 1.08 1.09 1.07 1.09 1.08 1.06 1.07 
1.09 1.09 1.08 1.07 1.06 1.08 1.05 1.09 1.09 1.08 
1.05 1.09 1.06 1.09 1.06 1.07 1.08 1.06 1.05 1.06 
1.08 1.06 1.06 1.09 1.05 1.06 1.06 1.08 1.08 1.09 
1.08 1.05 1.08 1.06 1.06 1.07 1.08 1.06 1.09 1.07 
1.05 1.07 1.07 1.07 1.08 1.08 1.06 1.08 1.07 1.09 
1.05 1.08 1.05 1.07 1.06 1.06 1.09 1.05 1.08 1.08 
1.05 1.09 1.09 1.08 1.07 1.07 1.05 1.08 1.09 1.05 
1.06 1.06 1.05 1.07 1.07 1.09 1.07 1.05 1.05 1.08 
1.06 1.05 1.07 1.09 1.06 1.06 1.07 1.06 1.05 1.05 
1.05 1.08 1.08 1.06 1.09 1.05 1.08 1.08 1.05 1.07 
1.09 1.06 1.07 1.08 1.07 1.05 1.07 1.06 1.08 1.07 
1.06 1.08 1.07 1.05 1.09 1.08 1.07 1.06 1.06 1.08 
1.05 1.05 1.08 1.07 1.07 1.06 1.07 1.05 1.05 1.05 
1.08 1.08 1.07 1.07 1.09 1.06 1.09 1.07 1.08 1.05 
1.08 1.06 1.05 1.05 1.07 1.05 1.08 1.09 1.09 1.08 
1.06 1.09 1.07 1.05 1.05 1.08 1.07 1.06 1.06 1.08 
1.06 1.06 1.09 1.08 1.07 1.05 1.08 1.06 1.08 1.07 
1.08 1.09 1.06 1.09 1.07 1.07 1.05 1.09 1.07 1.07 
1.09 1.08 1.06 1.05 1.08 1.08 1.08 1.05 1.07 1.07 
1.08 1.08 1.05 1.06 1.07 1.06 1.09 1.07 1.07 1.08 
1.06 1.08 1.06 1.09 1.07 1.06 1.07 1.08 1.06 1.05 
1.09 1.07 1.09 1.05 1.08 1.09 1.09 1.09 1.05 1.08 
1.05 1.06 1.06 1.07 1.08 1.08 1.09 1.09 1.09 1.09 
1.08 1.09 1.08 1.05 1.09 1.08 1.06 1.05 1.07 1.09 
1.05 1.09 1.08 1.05 1.05 1.06 1.07 1.06 1.07 1.08 
1.06 1.09 1.07 1.06 1.06 1.07 1.07 1.06 1.07 1.07 
1.05 1.06 1.09 1.07 1.06 1.07 1.05 1.07 1.07 1.06 
1.09 1.08 1.05 1.07 1.05 1.08 1.07 1.09 1.06 1.07 
1.09 1.08 1.08 1.08 1.06 1.08 1.06 1.07 1.06 1.05 
1.07 1.08 1.09 1.07 1.08 1.05 1.09 1.07 1.05 1.09 
1.09 1.08 1.07 1.09 1.09 1.06 1.06 1.05 1.05 1.07 
1.08 1.08 1.07 1.07 1.08 1.07 1.07 1.05 1.08 1.05 
1.05 1.06 1.06 1.08 1.07 1.07 1.07 1.08 1.09 1.07 
1.08 1.07 1.09 1.06 1.07 1.06 1.08 1.05 1.07 1.07 
1.05 1.07 1.06 1.05 1.06 1.05 1.07 1.09 1.05 1.06 
1.08 1.09 1.08 1.09 1.07 1.05 1.08 1.05 1.05 1.07 
1.06 1.09 1.05 1.07 1.07 1.08 1.05 1.09 1.05 1.09 
1.09 1.05 1.07 1.08 1.06 1.08 1.09 1.07 1.09 1.05 
1.05 1.05 1.07 1.05 1.08 1.05 1.06 1.09 1.06 1.05 
1.09 1.07 1.07 1.08 1.07 1.09 1.09 1.09 1.06 1.07 
1.08 1.08 1.08 1.08 1.06 1.08 1.09 1.07 1.09 1.05 
1.06 1.09 1.05 1.06 1.08 1.08 1.05 1.05 1.08 1.06 
1.06 1.09 1.06 1.06 1.07 1.05 1.06 1.09 1.07 1.09 
1.09 1.05 1.05 1.07 1.07 1.07 1.09 1.05 1.09 1.07 
1.09 1.07 1.05 1.06 1.07 1.09 1.09 1.07 1.05 1.08 
1.05 1.09 1.06 1.05 1.05 1.06 1.07 1.08 1.09 1.05 
1.06 1.06 1.06 1.05 1.08 1.07 1.06 1.08 1.09 1.06 
1.08 1.06 1.07 1.05 1.06 1.05 1.07 1.08 1.08 1.07 
1.06 1.08 1.06 1.08 1.09 1.07 1.06 1.08 1.09 1.05 
1.09 1.05 1.06 1.06 1.05 1.09 1.05 1.06 1.05 1.06 
1.06 1.06 1.08 1.07 1.09 1.06 1.07 1.06 1.05 1.08 
1.08 1.08 1.08 1.05 1.05 1.05 1.09 1.06 1.06 1.06 
1.09 1.08 1.07 1.07 1.08 1.08 1.08 1.05 1.06 1.06 
1.08 1.08 1.09 1.06 1.08 1.08 1.09 1.09 1.08 1.06 
1.07 1.07 1.08 1.08 1.05 1.07 1.05 1.07 1.09 1.07 
1.09 1.08 1.09 1.09 1.07 1.08 1.08 1.08 1.06 1.08 
1.06 1.07 1.09 1.08 1.08 1.06 1.05 1.09 1.07 1.05 
1.09 1.09 1.06 1.07 1.09 1.09 1.05 1.06 1.06 1.05 
1.05 1.06 1.08 1.08 1.08 1.07 1.06 1.09 1.08 1.07 
