10
100
77 84 63 77 22 22 80 4 94 56 92 40 42 49 60 13 72 84 69 45 49 62 97 85 27 36 98 52 69 89 67 99 75 43 16 18 17 59 64 26 81 21 42 96 41 85 61 49 69 78 11 62 49 73 79 41 87 22 26 48 18 93 15 39 59 27 42 25 27 78 35 47 97 70 50 55 77 21 86 70 78 86 47 12 75 70 88 9 52 63 76 17 75 8 3 15 42 92 1 45 
2 3 3 3 3 1 2 1 1 1 
1.07 1.08 1.05 1.07 1.06 1.08 1.09 1.06 1.09 1.06 
1.09 1.06 1.05 1.07 1.05 1.09 1.09 1.06 1.07 1.06 
1.06 1.09 1.06 1.08 1.05 1.07 1.08 1.08 1.09 1.07 
1.05 1.09 1.08 1.05 1.07 1.07 1.08 1.07 1.05 1.09 
1.05 1.08 1.06 1.06 1.08 1.07 1.08 1.07 1.06 1.06 
1.09 1.09 1.08 1.08 1.07 1.08 1.09 1.08 1.08 1.08 
1.08 1.07 1.08 1.06 1.08 1.07 1.05 1.09 1.09 1.06 
1.09 1.07 1.05 1.05 1.07 1.05 1.09 1.08 1.06 1.05 
1.05 1.07 1.07 1.09 1.09 1.06 1.09 1.06 1.05 1.05 
1.08 1.05 1.06 1.08 1.06 1.06 1.09 1.07 1.09 1.09 
1.07 1.09 1.06 1.08 1.07 1.09 1.07 1.05 1.06 1.08 
1.06 1.06 1.09 1.05 1.05 1.06 1.07 1.07 1.06 1.08 
1.05 1.08 1.09 1.07 1.08 1.06 1.07 1.06 1.09 1.05 
1.05 1.07 1.07 1.05 1.08 1.06 1.05 1.05 1.08 1.05 
1.06 1.08 1.05 1.05 1.05 1.07 1.07 1.08 1.09 1.05 
1.05 1.08 1.09 1.05 1.07 1.08 1.08 1.06 1.06 1.09 
1.07 1.08 1.08 1.05 1.08 1.08 1.07 1.08 1.06 1.07 
1.05 1.06 1.07 1.08 1.05 1.08 1.09 1.06 1.07 1.07 
1.09 1.09 1.08 1.09 1.05 1.07 1.08 1.05 1.05 1.05 
1.09 1.07 1.05 1.08 1.06 1.06 1.05 1.05 1.07 1.07 
1.05 1.09 1.08 1.06 1.07 1.05 1.09 1.07 1.06 1.06 
1.09 1.05 1.08 1.09 1.06 1.07 1.05 1.07 1.09 1.07 
1.09 1.05 1.08 1.09 1.07 1.07 1.09 1.06 1.06 1.07 
1.06 1.08 1.08 1.08 1.09 1.05 1.06 1.05 1.09 1.07 
1.08 1.06 1.05 1.07 1.06 1.06 1.06 1.09 1.07 1.07 
1.06 1.08 1.06 1.05 1.06 1.05 1.07 1.07 1.05 1.07 
1.08 1.06 1.06 1.06 1.07 1.08 1.05 1.09 1.07 1.06 
1.05 1.08 1.06 1.06 1.06 1.07 1.09 1.07 1.07 1.07 
1.07 1.09 1.06 1.09 1.05 1.08 1.08 1.06 1.07 1.09 
1.06 1.06 1.05 1.08 1.07 1.05 1.09 1.06 1.06 1.07 
1.06 1.07 1.05 1.07 1.06 1.07 1.07 1.05 1.05 1.07 
1.06 1.09 1.09 1.09 1.07 1.06 1.09 1.09 1.05 1.06 
1.06 1.05 1.08 1.07 1.08 1.06 1.07 1.05 1.09 1.09 
1.07 1.07 1.09 1.05 1.07 1.05 1.08 1.07 1.07 1.07 
1.08 1.06 1.05 1.06 1.06 1.06 1.09 1.06 1.06 1.07 
1.08 1.05 1.06 1.08 1.09 1.08 1.06 1.05 1.09 1.07 
1.06 1.09 1.09 1.08 1.08 1.05 1.08 1.09 1.07 1.05 
1.09 1.05 1.06 1.09 1.06 1.07 1.07 1.05 1.08 1.09 
1.09 1.05 1.06 1.07 1.09 1.08 1.05 1.07 1.07 1.07 
1.06 1.08 1.07 1.05 1.08 1.05 1.05 1.09 1.06 1.07 
1.06 1.06 1.09 1.09 1.09 1.08 1.09 1.06 1.08 1.05 
1.08 1.06 1.05 1.05 1.07 1.09 1.08 1.09 1.09 1.08 
1.05 1.05 1.09 1.08 1.07 1.09 1.09 1.09 1.09 1.08 
1.08 1.06 1.06 1.09 1.07 1.07 1.06 1.07 1.08 1.08 
1.06 1.07 1.07 1.06 1.09 1.07 1.05 1.07 1.05 1.05 
1.07 1.09 1.07 1.06 1.05 1.06 1.06 1.08 1.07 1.06 
1.08 1.07 1.05 1.06 1.09 1.06 1.06 1.09 1.07 1.07 
1.06 1.06 1.06 1.06 1.06 1.05 1.06 1.09 1.05 1.09 
1.09 1.07 1.08 1.08 1.05 1.06 1.09 1.09 1.08 1.08 
1.08 1.08 1.06 1.08 1.07 1.08 1.07 1.05 1.06 1.05 
1.05 1.08 1.09 1.09 1.06 1.08 1.07 1.09 1.06 1.06 
1.09 1.07 1.09 1.06 1.05 1.05 1.06 1.06 1.06 1.09 
1.08 1.08 1.08 1.05 1.09 1.09 1.07 1.07 1.07 1.08 
1.05 1.07 1.06 1.07 1.08 1.06 1.06 1.07 1.05 1.06 
1.05 1.06 1.07 1.09 1.07 1.07 1.05 1.07 1.06 1.08 
1.07 1.05 1.05 1.09 1.08 1.06 1.05 1.08 1.05 1.08 
1.07 1.08 1.06 1.05 1.06 1.07 1.05 1.06 1.05 1.07 
1.08 1.06 1.07 1.09 1.09 1.06 1.08 1.06 1.07 1.08 
1.07 1.08 1.05 1.06 1.09 1.08 1.06 1.09 1.08 1.06 
1.08 1.09 1.06 1.07 1.09 1.08 1.05 1.06 1.08 1.06 
1.08 1.08 1.07 1.05 1.05 1.07 1.08 1.07 1.08 1.08 
1.09 1.08 1.09 1.09 1.09 1.08 1.08 1.05 1.08 1.08 
1.08 1.07 1.06 1.07 1.09 1.07 1.09 1.05 1.07 1.07 
1.07 1.08 1.09 1.09 1.09 1.05 1.06 1.08 1.09 1.09 
1.08 1.09 1.07 1.05 1.07 1.05 1.06 1.05 1.08 1.06 
1.05 1.09 1.09 1.05 1.05 1.09 1.05 1.09 1.09 1.05 
1.05 1.08 1.08 1.08 1.08 1.08 1.07 1.09 1.06 1.08 
1.05 1.07 1.08 1.07 1.05 1.06 1.09 1.07 1.08 1.06 
1.06 1.07 1.08 1.06 1.07 1.07 1.09 1.06 1.08 1.06 
1.06 1.05 1.05 1.07 1.08 1.09 1.05 1.09 1.08 1.08 
1.06 1.05 1.09 1.08 1.06 1.09 1.07 1.07 1.08 1.05 
1.08 1.09 1.09 1.07 1.07 1.06 1.09 1.08 1.08 1.07 
1.06 1.06 1.08 1.08 1.05 1.06 1.06 1.07 1.06 1.06 
1.07 1.07 1.09 1.07 1.06 1.08 1.08 1.09 1.05 1.06 
1.08 1.09 1.08 1.09 1.08 1.06 1.07 1.08 1.06 1.08 
1.09 1.07 1.07 1.06 1.09 1.05 1.07 1.07 1.09 1.07 
1.08 1.08 1.06 1.08 1.06 1.08 1.06 1.06 1.09 1.07 
1.07 1.09 1.08 1.08 1.05 1.06 1.05 1.07 1.05 1.07 
1.06 1.07 1.07 1.06 1.08 1.05 1.06 1.08 1.09 1.08 
1.08 1.06 1.07 1.05 1.05 1.07 1.08 1.05 1.09 1.07 
1.07 1.06 1.06 1.09 1.05 1.07 1.05 1.06 1.05 1.08 
1.05 1.09 1.09 1.07 1.09 1.08 1.05 1.08 1.05 1.05 
1.06 1.05 1.08 1.07 1.08 1.06 1.08 1.08 1.06 1.08 
1.09 1.06 1.05 1.07 1.05 1.07 1.05 1.08 1.08 1.08 
1.09 1.09 1.08 1.06 1.08 1.06 1.09 1.07 1.08 1.09 
1.09 1.08 1.07 1.07 1.06 1.07 1.05 1.08 1.05 1.07 
1.05 1.05 1.07 1.07 1.07 1.08 1.08 1.06 1.07 1.09 
1.06 1.09 1.06 1.07 1.07 1.09 1.08 1.05 1.08 1.07 
1.06 1.08 1.07 1.07 1.05 1.05 1.06 1.06 1.07 1.06 
1.06 1.05 1.08 1.07 1.09 1.06 1.05 1.06 1.06 1.05 
1.06 1.06 1.07 1.06 1.06 1.05 1.08 1.05 1.05 1.06 
1.08 1.06 1.09 1.07 1.09 1.06 1.08 1.07 1.07 1.08 
1.07 1.07 1.08 1.07 1.08 1.05 1.06 1.06 1.07 1.08 
1.05 1.07 1.09 1.05 1.09 1.09 1.06 1.09 1.08 1.08 
1.09 1.07 1.07 1.08 1.06 1.08 1.09 1.05 1.06 1.06 
1.05 1.08 1.08 1.09 1.05 1.06 1.05 1.08 1.09 1.07 
1.05 1.06 1.06 1.07 1.07 1.05 1.09 1.09 1.05 1.05 
1.06 1.07 1.07 1.05 1.07 1.06 1.08 1.05 1.09 1.09 
1.09 1.07 1.06 1.08 1.05 1.08 1.05 1.08 1.08 1.09 
1.06 1.05 1.05 1.06 1.07 1.06 1.07 1.08 1.06 1.05 
