10
150
59 28 53 96 74 27 17 49 99 4 43 16 86 24 43 5 90 20 56 6 48 90 28 62 40 59 63 80 50 47 24 45 77 38 75 61 94 52 86 14 53 31 83 63 96 12 70 68 8 11 51 85 91 31 50 36 62 74 73 47 4 16 65 86 40 90 1 9 8 25 35 73 25 32 56 36 48 14 67 94 34 18 17 73 4 57 83 72 34 90 83 3 94 84 68 38 79 85 93 45 62 57 16 31 43 77 82 6 21 93 97 6 56 36 53 67 47 39 5 68 61 91 31 97 58 90 77 97 2 20 84 64 34 46 64 75 16 68 13 70 80 63 50 36 70 29 61 26 10 32 
1 3 2 2 2 1 1 1 3 1 
1.09 1.07 1.09 1.05 1.09 1.05 1.07 1.05 1.09 1.07 
1.07 1.09 1.09 1.08 1.07 1.07 1.08 1.05 1.09 1.05 
1.08 1.05 1.05 1.09 1.09 1.05 1.06 1.07 1.05 1.09 
1.09 1.06 1.09 1.05 1.06 1.09 1.09 1.08 1.08 1.05 
1.06 1.08 1.09 1.06 1.06 1.09 1.08 1.05 1.06 1.05 
1.08 1.07 1.09 1.09 1.06 1.08 1.09 1.08 1.06 1.05 
1.08 1.09 1.05 1.07 1.09 1.08 1.09 1.08 1.08 1.09 
1.07 1.05 1.08 1.08 1.06 1.06 1.07 1.06 1.06 1.06 
1.09 1.08 1.06 1.06 1.07 1.05 1.07 1.08 1.08 1.08 
1.06 1.05 1.07 1.05 1.07 1.06 1.06 1.08 1.06 1.09 
1.06 1.07 1.07 1.06 1.06 1.08 1.08 1.08 1.09 1.07 
1.08 1.07 1.07 1.08 1.08 1.09 1.09 1.08 1.06 1.08 
1.06 1.06 1.05 1.05 1.09 1.07 1.06 1.06 1.06 1.08 
1.08 1.09 1.06 1.07 1.05 1.05 1.05 1.06 1.05 1.08 
1.08 1.05 1.08 1.05 1.06 1.09 1.06 1.09 1.09 1.07 
1.07 1.09 1.08 1.07 1.08 1.05 1.06 1.09 1.05 1.09 
1.09 1.07 1.09 1.07 1.05 1.06 1.08 1.07 1.07 1.06 
1.06 1.06 1.06 1.05 1.07 1.07 1.09 1.06 1.09 1.06 
1.07 1.07 1.05 1.09 1.08 1.09 1.07 1.05 1.06 1.08 
1.09 1.07 1.08 1.05 1.05 1.07 1.06 1.09 1.07 1.08 
1.05 1.09 1.05 1.09 1.09 1.09 1.08 1.06 1.09 1.06 
1.08 1.05 1.06 1.05 1.05 1.09 1.05 1.09 1.06 1.05 
1.09 1.06 1.09 1.07 1.09 1.08 1.09 1.05 1.09 1.07 
1.05 1.06 1.08 1.05 1.05 1.06 1.08 1.06 1.06 1.05 
1.08 1.09 1.07 1.09 1.09 1.05 1.06 1.08 1.06 1.06 
1.08 1.06 1.08 1.08 1.06 1.05 1.06 1.07 1.07 1.07 
1.07 1.08 1.07 1.05 1.06 1.05 1.05 1.05 1.09 1.06 
1.06 1.08 1.07 1.07 1.05 1.08 1.08 1.07 1.06 1.07 
1.09 1.05 1.08 1.06 1.08 1.07 1.08 1.07 1.09 1.07 
1.06 1.08 1.08 1.06 1.08 1.08 1.05 1.07 1.06 1.05 
1.07 1.05 1.09 1.06 1.09 1.09 1.06 1.09 1.08 1.07 
1.09 1.06 1.05 1.08 1.05 1.05 1.07 1.08 1.08 1.09 
1.07 1.08 1.05 1.06 1.09 1.08 1.07 1.08 1.07 1.06 
1.05 1.08 1.09 1.05 1.09 1.07 1.09 1.06 1.05 1.09 
1.08 1.06 1.06 1.06 1.05 1.09 1.08 1.06 1.09 1.07 
1.08 1.07 1.07 1.06 1.06 1.07 1.09 1.08 1.07 1.06 
1.08 1.07 1.05 1.07 1.08 1.09 1.09 1.07 1.08 1.09 
1.05 1.06 1.06 1.06 1.05 1.09 1.08 1.06 1.06 1.08 
1.09 1.06 1.08 1.07 1.06 1.05 1.09 1.06 1.07 1.08 
1.06 1.06 1.09 1.08 1.06 1.09 1.06 1.06 1.09 1.06 
1.06 1.07 1.06 1.07 1.09 1.08 1.07 1.09 1.07 1.05 
1.07 1.07 1.06 1.09 1.08 1.09 1.07 1.08 1.09 1.06 
1.05 1.07 1.09 1.08 1.06 1.06 1.09 1.08 1.09 1.07 
1.09 1.07 1.07 1.05 1.08 1.06 1.07 1.05 1.06 1.09 
1.05 1.07 1.07 1.06 1.05 1.05 1.08 1.06 1.07 1.08 
1.07 1.06 1.08 1.08 1.06 1.08 1.07 1.08 1.05 1.08 
1.08 1.09 1.07 1.07 1.06 1.05 1.07 1.07 1.08 1.06 
1.08 1.05 1.09 1.08 1.05 1.06 1.06 1.05 1.08 1.05 
1.08 1.05 1.06 1.09 1.05 1.08 1.05 1.07 1.05 1.07 
1.05 1.07 1.05 1.09 1.07 1.09 1.07 1.09 1.07 1.06 
1.05 1.07 1.06 1.08 1.06 1.06 1.07 1.05 1.08 1.05 
1.09 1.07 1.05 1.07 1.08 1.07 1.06 1.06 1.05 1.07 
1.07 1.06 1.08 1.07 1.09 1.07 1.09 1.06 1.07 1.05 
1.06 1.08 1.05 1.07 1.09 1.06 1.08 1.05 1.07 1.05 
1.06 1.05 1.08 1.09 1.08 1.08 1.07 1.07 1.05 1.06 
1.08 1.09 1.06 1.05 1.08 1.07 1.07 1.08 1.05 1.07 
1.05 1.05 1.07 1.05 1.09 1.08 1.06 1.07 1.09 1.08 
1.08 1.08 1.07 1.06 1.09 1.05 1.07 1.08 1.08 1.07 
1.09 1.09 1.08 1.07 1.05 1.09 1.06 1.05 1.08 1.07 
1.07 1.05 1.09 1.05 1.09 1.07 1.09 1.05 1.07 1.05 
1.07 1.07 1.05 1.09 1.05 1.09 1.06 1.05 1.06 1.07 
1.09 1.09 1.05 1.09 1.05 1.07 1.09 1.05 1.05 1.05 
1.06 1.06 1.06 1.07 1.06 1.05 1.08 1.09 1.07 1.05 
1.09 1.05 1.08 1.09 1.08 1.07 1.06 1.09 1.07 1.07 
1.05 1.05 1.08 1.05 1.06 1.07 1.07 1.06 1.07 1.09 
1.07 1.07 1.05 1.09 1.08 1.09 1.09 1.07 1.06 1.06 
1.08 1.06 1.07 1.05 1.05 1.09 1.09 1.05 1.09 1.07 
1.09 1.09 1.07 1.08 1.06 1.08 1.05 1.06 1.07 1.08 
1.07 1.06 1.07 1.06 1.06 1.07 1.05 1.08 1.09 1.07 
1.09 1.09 1.05 1.05 1.07 1.07 1.06 1.07 1.09 1.09 
1.07 1.08 1.05 1.06 1.07 1.08 1.05 1.05 1.07 1.07 
1.05 1.09 1.09 1.07 1.07 1.09 1.07 1.08 1.09 1.07 
1.09 1.06 1.08 1.05 1.09 1.05 1.09 1.06 1.06 1.05 
1.07 1.06 1.05 1.07 1.06 1.08 1.09 1.05 1.09 1.09 
1.09 1.06 1.08 1.09 1.07 1.06 1.05 1.07 1.09 1.08 
1.08 1.07 1.09 1.09 1.06 1.07 1.05 1.07 1.09 1.05 
1.09 1.07 1.09 1.05 1.07 1.08 1.09 1.09 1.05 1.06 
1.09 1.09 1.06 1.05 1.07 1.07 1.08 1.06 1.08 1.05 
1.07 1.08 1.06 1.06 1.07 1.09 1.06 1.07 1.07 1.09 
1.06 1.09 1.06 1.07 1.05 1.09 1.05 1.07 1.08 1.05 
1.09 1.07 1.08 1.05 1.08 1.07 1.08 1.09 1.09 1.05 
1.08 1.09 1.06 1.08 1.07 1.09 1.09 1.09 1.05 1.05 
1.08 1.05 1.09 1.05 1.07 1.09 1.05 1.08 1.06 1.09 
1.07 1.07 1.08 1.09 1.06 1.08 1.07 1.08 1.06 1.05 
1.06 1.06 1.05 1.09 1.05 1.05 1.08 1.05 1.05 1.07 
1.09 1.09 1.07 1.06 1.07 1.08 1.06 1.08 1.06 1.05 
1.06 1.06 1.07 1.06 1.06 1.05 1.05 1.06 1.09 1.07 
1.09 1.09 1.06 1.06 1.09 1.09 1.07 1.05 1.07 1.08 
1.07 1.05 1.09 1.08 1.05 1.07 1.09 1.06 1.09 1.07 
1.07 1.06 1.05 1.07 1.06 1.08 1.05 1.07 1.07 1.08 
1.06 1.07 1.08 1.07 1.06 1.08 1.06 1.06 1.08 1.05 
1.09 1.06 1.05 1.05 1.06 1.08 1.05 1.06 1.07 1.07 
1.06 1.08 1.06 1.07 1.08 1.09 1.05 1.09 1.06 1.07 
1.06 1.09 1.06 1.05 1.09 1.09 1.09 1.09 1.06 1.09 
1.06 1.07 1.06 1.07 1.05 1.06 1.07 1.06 1.07 1.09 
1.09 1.05 1.06 1.05 1.09 1.06 1.09 1.09 1.08 1.05 
1.05 1.07 1.05 1.07 1.09 1.08 1.08 1.06 1.09 1.06 
1.09 1.07 1.06 1.09 1.06 1.09 1.08 1.09 1.06 1.05 
1.05 1.05 1.08 1.09 1.06 1.07 1.05 1.09 1.09 1.09 
1.06 1.08 1.08 1.09 1.06 1.07 1.06 1.06 1.08 1.07 
1.05 1.05 1.08 1.08 1.09 1.08 1.09 1.07 1.07 1.07 
1.05 1.08 1.05 1.08 1.08 1.06 1.07 1.05 1.07 1.09 
1.06 1.07 1.06 1.07 1.08 1.08 1.05 1.07 1.08 1.05 
1.08 1.06 1.05 1.08 1.06 1.06 1.08 1.09 1.06 1.05 
1.06 1.07 1.06 1.06 1.07 1.09 1.08 1.09 1.06 1.09 
1.05 1.06 1.06 1.09 1.08 1.05 1.07 1.06 1.09 1.05 
1.05 1.07 1.07 1.07 1.09 1.08 1.06 1.08 1.07 1.09 
1.06 1.06 1.07 1.05 1.05 1.07 1.06 1.09 1.07 1.07 
1.06 1.05 1.06 1.09 1.07 1.09 1.06 1.05 1.06 1.05 
1.09 1.07 1.07 1.06 1.07 1.06 1.08 1.09 1.07 1.07 
1.08 1.05 1.06 1.06 1.09 1.05 1.08 1.09 1.07 1.07 
1.05 1.09 1.09 1.05 1.06 1.05 1.05 1.05 1.07 1.08 
1.09 1.07 1.06 1.08 1.07 1.09 1.05 1.09 1.09 1.08 
1.08 1.07 1.09 1.09 1.06 1.09 1.07 1.09 1.07 1.06 
1.06 1.05 1.07 1.08 1.06 1.08 1.09 1.07 1.09 1.09 
1.06 1.05 1.05 1.06 1.09 1.05 1.06 1.06 1.08 1.06 
1.09 1.05 1.09 1.05 1.08 1.05 1.06 1.08 1.09 1.05 
1.05 1.05 1.06 1.07 1.06 1.06 1.09 1.06 1.08 1.05 
1.08 1.09 1.09 1.05 1.07 1.08 1.06 1.05 1.07 1.09 
1.09 1.08 1.05 1.07 1.09 1.07 1.09 1.07 1.06 1.07 
1.06 1.05 1.07 1.06 1.08 1.09 1.05 1.05 1.08 1.05 
1.09 1.06 1.07 1.06 1.05 1.07 1.05 1.06 1.06 1.09 
1.09 1.07 1.06 1.06 1.07 1.07 1.09 1.09 1.07 1.09 
1.06 1.07 1.05 1.06 1.06 1.09 1.09 1.09 1.08 1.08 
1.07 1.08 1.06 1.08 1.07 1.07 1.09 1.05 1.08 1.08 
1.05 1.06 1.09 1.06 1.05 1.06 1.07 1.08 1.05 1.05 
1.05 1.06 1.08 1.08 1.07 1.05 1.05 1.06 1.06 1.06 
1.08 1.07 1.08 1.07 1.06 1.08 1.09 1.05 1.07 1.08 
1.06 1.07 1.09 1.06 1.06 1.09 1.05 1.05 1.09 1.09 
1.07 1.07 1.07 1.07 1.05 1.08 1.05 1.06 1.09 1.05 
1.05 1.08 1.09 1.08 1.08 1.06 1.06 1.09 1.08 1.05 
1.09 1.05 1.08 1.06 1.08 1.09 1.07 1.05 1.05 1.06 
1.05 1.07 1.08 1.07 1.06 1.06 1.05 1.06 1.07 1.08 
1.08 1.08 1.07 1.05 1.09 1.06 1.07 1.05 1.07 1.05 
1.05 1.08 1.06 1.09 1.05 1.06 1.09 1.08 1.09 1.05 
1.05 1.05 1.07 1.05 1.06 1.06 1.08 1.07 1.05 1.06 
1.06 1.08 1.05 1.07 1.05 1.08 1.05 1.09 1.09 1.07 
1.09 1.08 1.06 1.09 1.09 1.09 1.09 1.07 1.09 1.06 
1.06 1.09 1.07 1.07 1.07 1.07 1.07 1.08 1.07 1.09 
1.09 1.09 1.07 1.09 1.05 1.05 1.06 1.08 1.09 1.07 
1.09 1.07 1.05 1.08 1.09 1.05 1.07 1.09 1.05 1.08 
1.09 1.05 1.05 1.07 1.05 1.05 1.09 1.07 1.09 1.09 
1.07 1.09 1.07 1.05 1.07 1.07 1.09 1.05 1.09 1.06 
1.05 1.09 1.09 1.05 1.09 1.05 1.05 1.09 1.06 1.07 
1.05 1.06 1.07 1.07 1.07 1.07 1.08 1.05 1.06 1.05 
1.08 1.09 1.08 1.09 1.08 1.07 1.06 1.08 1.09 1.08 
1.07 1.07 1.09 1.05 1.05 1.06 1.05 1.07 1.05 1.06 
1.09 1.09 1.06 1.07 1.09 1.07 1.05 1.07 1.09 1.09 
1.09 1.08 1.07 1.07 1.05 1.08 1.06 1.09 1.06 1.07 
1.05 1.07 1.07 1.09 1.09 1.07 1.07 1.07 1.07 1.08 
