10
200
52 93 10 3 8 77 11 67 88 33 35 57 83 46 91 82 100 24 25 72 2 87 9 3 10 87 82 91 41 64 29 7 79 72 99 97 83 73 90 27 73 84 86 84 38 66 8 31 15 85 59 59 13 18 37 4 71 48 55 32 92 17 21 25 87 11 8 78 68 46 10 5 77 68 27 89 41 34 48 56 11 41 92 58 42 67 6 22 68 54 26 19 33 25 27 35 9 82 21 97 8 56 22 77 56 75 26 69 92 4 39 28 33 85 2 37 42 4 83 77 88 3 7 85 85 72 12 4 100 38 69 76 58 60 43 14 31 3 31 27 40 62 12 44 83 61 47 41 4 39 6 86 47 70 58 74 18 14 76 89 12 45 42 11 86 12 97 41 13 74 81 76 72 27 37 56 31 98 9 54 36 11 81 53 90 46 58 65 11 68 23 73 62 89 78 43 4 5 39 74 
2 4 6 4 2 4 5 7 9 1 
1.05 1.06 1.09 1.08 1.09 1.07 1.05 1.05 1.09 1.06 
1.05 1.05 1.08 1.05 1.05 1.09 1.07 1.07 1.05 1.05 
1.06 1.07 1.05 1.06 1.05 1.09 1.06 1.05 1.06 1.06 
1.08 1.06 1.06 1.09 1.06 1.05 1.09 1.06 1.09 1.07 
1.08 1.05 1.07 1.05 1.07 1.09 1.05 1.05 1.07 1.09 
1.09 1.08 1.05 1.06 1.06 1.05 1.09 1.07 1.08 1.07 
1.07 1.06 1.06 1.08 1.09 1.05 1.08 1.05 1.07 1.08 
1.07 1.06 1.06 1.05 1.07 1.05 1.08 1.09 1.06 1.08 
1.07 1.06 1.07 1.08 1.06 1.09 1.05 1.07 1.05 1.07 
1.09 1.08 1.05 1.09 1.09 1.09 1.09 1.09 1.07 1.09 
1.08 1.08 1.08 1.07 1.09 1.07 1.05 1.07 1.09 1.05 
1.05 1.07 1.07 1.05 1.07 1.06 1.08 1.06 1.05 1.05 
1.06 1.09 1.05 1.08 1.06 1.07 1.08 1.07 1.09 1.08 
1.06 1.08 1.08 1.06 1.06 1.09 1.07 1.06 1.06 1.07 
1.07 1.07 1.06 1.07 1.06 1.07 1.09 1.09 1.09 1.09 
1.07 1.08 1.07 1.06 1.06 1.09 1.06 1.09 1.05 1.06 
1.09 1.07 1.09 1.07 1.05 1.09 1.09 1.05 1.05 1.07 
1.08 1.05 1.06 1.06 1.05 1.07 1.07 1.09 1.08 1.08 
1.08 1.05 1.05 1.09 1.05 1.08 1.06 1.08 1.07 1.09 
1.08 1.09 1.06 1.07 1.05 1.06 1.05 1.09 1.06 1.05 
1.07 1.08 1.05 1.08 1.06 1.09 1.09 1.07 1.08 1.08 
1.07 1.07 1.06 1.09 1.06 1.05 1.05 1.07 1.06 1.05 
1.07 1.06 1.07 1.05 1.05 1.08 1.09 1.05 1.08 1.06 
1.09 1.06 1.07 1.05 1.08 1.08 1.05 1.07 1.05 1.07 
1.05 1.07 1.09 1.08 1.06 1.08 1.05 1.08 1.07 1.07 
1.08 1.09 1.08 1.06 1.09 1.05 1.05 1.05 1.05 1.09 
1.08 1.09 1.09 1.05 1.05 1.07 1.07 1.06 1.06 1.05 
1.06 1.08 1.06 1.07 1.05 1.05 1.05 1.09 1.09 1.05 
1.08 1.07 1.08 1.09 1.08 1.05 1.06 1.09 1.05 1.06 
1.06 1.07 1.09 1.06 1.09 1.08 1.06 1.09 1.05 1.05 
1.05 1.08 1.06 1.05 1.07 1.06 1.08 1.07 1.09 1.05 
1.07 1.07 1.05 1.08 1.07 1.09 1.05 1.06 1.07 1.08 
1.07 1.06 1.05 1.08 1.05 1.06 1.08 1.05 1.08 1.05 
1.09 1.05 1.05 1.06 1.05 1.09 1.08 1.06 1.06 1.05 
1.08 1.08 1.09 1.07 1.09 1.07 1.09 1.07 1.08 1.06 
1.07 1.07 1.08 1.08 1.07 1.07 1.05 1.07 1.09 1.06 
1.07 1.09 1.07 1.06 1.06 1.06 1.06 1.06 1.05 1.06 
1.07 1.08 1.09 1.08 1.09 1.08 1.08 1.07 1.06 1.09 
1.08 1.08 1.06 1.05 1.07 1.06 1.08 1.06 1.05 1.05 
1.07 1.05 1.07 1.09 1.06 1.07 1.08 1.06 1.09 1.08 
1.05 1.08 1.07 1.07 1.06 1.09 1.09 1.06 1.06 1.07 
1.07 1.05 1.06 1.09 1.09 1.07 1.06 1.06 1.07 1.05 
1.08 1.06 1.08 1.08 1.05 1.06 1.05 1.07 1.05 1.08 
1.09 1.09 1.08 1.05 1.07 1.09 1.07 1.06 1.09 1.09 
1.05 1.09 1.07 1.08 1.08 1.08 1.08 1.09 1.05 1.05 
1.07 1.07 1.06 1.09 1.06 1.05 1.05 1.08 1.05 1.07 
1.06 1.09 1.09 1.06 1.06 1.05 1.05 1.08 1.07 1.09 
1.09 1.09 1.06 1.07 1.07 1.08 1.07 1.08 1.05 1.07 
1.09 1.06 1.06 1.08 1.08 1.09 1.08 1.06 1.06 1.09 
1.07 1.08 1.08 1.09 1.06 1.08 1.05 1.07 1.07 1.09 
1.07 1.05 1.06 1.07 1.09 1.05 1.09 1.07 1.05 1.05 
1.06 1.08 1.09 1.07 1.08 1.07 1.08 1.08 1.08 1.07 
1.07 1.05 1.09 1.09 1.05 1.06 1.07 1.05 1.05 1.06 
1.09 1.05 1.05 1.08 1.08 1.08 1.05 1.06 1.05 1.07 
1.09 1.09 1.06 1.07 1.09 1.09 1.08 1.05 1.09 1.09 
1.06 1.07 1.06 1.09 1.09 1.05 1.07 1.08 1.09 1.05 
1.07 1.05 1.07 1.09 1.08 1.05 1.06 1.08 1.07 1.08 
1.05 1.06 1.06 1.07 1.08 1.08 1.08 1.07 1.09 1.06 
1.06 1.07 1.07 1.06 1.09 1.05 1.06 1.07 1.06 1.05 
1.08 1.07 1.06 1.06 1.09 1.09 1.06 1.05 1.07 1.05 
1.05 1.07 1.07 1.09 1.08 1.05 1.07 1.08 1.05 1.06 
1.08 1.05 1.09 1.08 1.09 1.09 1.08 1.07 1.08 1.07 
1.07 1.07 1.07 1.07 1.08 1.06 1.07 1.05 1.07 1.05 
1.07 1.08 1.06 1.05 1.08 1.07 1.07 1.07 1.08 1.09 
1.07 1.07 1.09 1.06 1.05 1.08 1.08 1.08 1.08 1.07 
1.09 1.06 1.08 1.05 1.08 1.05 1.07 1.06 1.05 1.05 
1.05 1.08 1.07 1.08 1.05 1.06 1.05 1.09 1.05 1.05 
1.05 1.09 1.09 1.06 1.09 1.05 1.05 1.07 1.05 1.05 
1.09 1.07 1.07 1.05 1.06 1.07 1.06 1.09 1.09 1.06 
1.09 1.07 1.07 1.05 1.06 1.09 1.05 1.08 1.08 1.07 
1.07 1.09 1.06 1.07 1.06 1.06 1.09 1.08 1.09 1.07 
1.08 1.06 1.06 1.08 1.06 1.08 1.09 1.05 1.06 1.09 
1.08 1.07 1.06 1.05 1.08 1.09 1.09 1.09 1.06 1.07 
1.09 1.06 1.08 1.05 1.06 1.07 1.05 1.08 1.06 1.08 
1.09 1.07 1.06 1.09 1.05 1.05 1.08 1.06 1.09 1.05 
1.05 1.07 1.06 1.09 1.05 1.07 1.09 1.05 1.05 1.06 
1.07 1.07 1.06 1.08 1.05 1.06 1.07 1.09 1.09 1.05 
1.08 1.07 1.07 1.08 1.09 1.06 1.09 1.09 1.09 1.09 
1.05 1.09 1.05 1.06 1.06 1.05 1.06 1.06 1.05 1.06 
1.05 1.08 1.06 1.05 1.08 1.06 1.05 1.06 1.06 1.06 
1.09 1.09 1.06 1.09 1.06 1.08 1.07 1.05 1.06 1.05 
1.06 1.05 1.09 1.08 1.06 1.07 1.06 1.09 1.08 1.07 
1.05 1.06 1.06 1.08 1.09 1.08 1.09 1.05 1.07 1.08 
1.07 1.08 1.05 1.06 1.08 1.08 1.06 1.05 1.05 1.07 
1.09 1.06 1.07 1.07 1.07 1.07 1.09 1.05 1.08 1.05 
1.05 1.06 1.05 1.07 1.07 1.05 1.07 1.07 1.08 1.09 
1.07 1.08 1.07 1.06 1.05 1.06 1.09 1.05 1.05 1.08 
1.08 1.09 1.08 1.05 1.09 1.07 1.06 1.07 1.06 1.09 
1.09 1.08 1.05 1.05 1.08 1.08 1.07 1.07 1.05 1.05 
1.07 1.06 1.08 1.06 1.05 1.08 1.05 1.09 1.09 1.09 
1.08 1.08 1.09 1.09 1.06 1.07 1.08 1.05 1.06 1.06 
1.05 1.06 1.08 1.08 1.06 1.06 1.09 1.06 1.09 1.08 
1.09 1.05 1.07 1.07 1.08 1.07 1.06 1.09 1.07 1.08 
1.09 1.05 1.07 1.08 1.06 1.07 1.08 1.09 1.09 1.09 
1.09 1.06 1.07 1.06 1.06 1.06 1.06 1.08 1.08 1.09 
1.06 1.09 1.07 1.08 1.08 1.09 1.08 1.08 1.08 1.09 
1.09 1.07 1.07 1.05 1.08 1.05 1.07 1.07 1.06 1.06 
1.06 1.06 1.06 1.05 1.06 1.05 1.08 1.08 1.05 1.08 
1.08 1.07 1.09 1.07 1.05 1.07 1.07 1.05 1.07 1.05 
1.07 1.06 1.06 1.06 1.09 1.05 1.09 1.05 1.07 1.06 
1.07 1.08 1.07 1.06 1.07 1.09 1.08 1.06 1.09 1.05 
1.07 1.07 1.06 1.06 1.09 1.08 1.08 1.09 1.06 1.06 
1.06 1.08 1.06 1.07 1.06 1.05 1.08 1.06 1.06 1.08 
1.05 1.08 1.08 1.06 1.06 1.09 1.07 1.07 1.06 1.08 
1.08 1.08 1.09 1.06 1.07 1.05 1.05 1.05 1.09 1.05 
1.06 1.08 1.05 1.07 1.07 1.07 1.07 1.08 1.09 1.09 
1.07 1.08 1.05 1.07 1.09 1.06 1.08 1.05 1.06 1.09 
1.06 1.05 1.08 1.09 1.06 1.09 1.09 1.08 1.08 1.06 
1.09 1.07 1.07 1.08 1.09 1.08 1.08 1.05 1.06 1.08 
1.07 1.08 1.08 1.09 1.06 1.07 1.06 1.07 1.05 1.07 
1.07 1.08 1.05 1.09 1.09 1.08 1.05 1.06 1.06 1.09 
1.07 1.06 1.08 1.07 1.07 1.09 1.05 1.08 1.09 1.08 
1.07 1.06 1.08 1.08 1.06 1.08 1.09 1.05 1.06 1.05 
1.09 1.09 1.07 1.06 1.08 1.09 1.06 1.09 1.09 1.05 
1.08 1.08 1.08 1.05 1.06 1.05 1.08 1.09 1.05 1.08 
1.05 1.05 1.05 1.05 1.08 1.07 1.08 1.09 1.05 1.05 
1.06 1.06 1.07 1.08 1.08 1.07 1.07 1.06 1.07 1.09 
1.06 1.07 1.09 1.05 1.06 1.06 1.08 1.06 1.08 1.05 
1.09 1.08 1.07 1.07 1.06 1.09 1.08 1.05 1.08 1.07 
1.07 1.06 1.08 1.06 1.07 1.05 1.05 1.08 1.07 1.05 
1.07 1.05 1.08 1.05 1.07 1.06 1.05 1.06 1.05 1.09 
1.07 1.09 1.09 1.05 1.07 1.09 1.07 1.06 1.05 1.09 
1.08 1.06 1.06 1.07 1.07 1.09 1.06 1.08 1.09 1.08 
1.07 1.06 1.06 1.08 1.06 1.05 1.06 1.07 1.09 1.09 
1.06 1.07 1.06 1.08 1.07 1.07 1.08 1.08 1.08 1.06 
1.05 1.08 1.09 1.06 1.07 1.06 1.09 1.07 1.05 1.08 
1.07 1.05 1.05 1.07 1.05 1.07 1.05 1.08 1.06 1.09 
1.07 1.08 1.07 1.07 1.08 1.06 1.07 1.05 1.06 1.06 
1.05 1.08 1.09 1.05 1.09 1.07 1.05 1.08 1.06 1.07 
1.05 1.07 1.08 1.07 1.05 1.05 1.05 1.05 1.09 1.07 
1.08 1.05 1.08 1.08 1.08 1.08 1.07 1.08 1.06 1.09 
1.07 1.09 1.09 1.09 1.07 1.08 1.08 1.05 1.08 1.09 
1.07 1.08 1.05 1.08 1.09 1.07 1.08 1.08 1.06 1.08 
1.08 1.06 1.05 1.05 1.06 1.07 1.07 1.09 1.07 1.07 
1.05 1.06 1.09 1.06 1.06 1.06 1.05 1.07 1.06 1.06 
1.05 1.09 1.06 1.07 1.09 1.06 1.07 1.07 1.08 1.06 
1.08 1.07 1.07 1.09 1.09 1.09 1.06 1.08 1.06 1.09 
1.07 1.09 1.07 1.08 1.07 1.05 1.07 1.09 1.08 1.06 
1.06 1.09 1.09 1.06 1.05 1.06 1.08 1.06 1.05 1.06 
1.05 1.06 1.08 1.09 1.06 1.05 1.09 1.09 1.09 1.07 
1.09 1.05 1.06 1.05 1.06 1.05 1.09 1.09 1.09 1.07 
1.07 1.06 1.06 1.08 1.05 1.06 1.05 1.06 1.07 1.05 
1.07 1.07 1.05 1.06 1.05 1.09 1.06 1.05 1.07 1.07 
1.09 1.09 1.07 1.09 1.06 1.07 1.08 1.07 1.07 1.06 
1.06 1.07 1.06 1.09 1.07 1.09 1.06 1.05 1.05 1.08 
1.07 1.06 1.07 1.05 1.09 1.05 1.09 1.05 1.07 1.06 
1.06 1.05 1.07 1.07 1.08 1.07 1.09 1.06 1.09 1.09 
1.09 1.07 1.08 1.05 1.05 1.09 1.06 1.07 1.05 1.06 
1.06 1.08 1.06 1.06 1.06 1.05 1.09 1.06 1.09 1.09 
1.07 1.08 1.07 1.05 1.09 1.09 1.06 1.06 1.06 1.09 
1.08 1.07 1.08 1.06 1.05 1.05 1.08 1.06 1.05 1.06 
1.07 1.05 1.06 1.07 1.09 1.05 1.05 1.07 1.05 1.05 
1.07 1.08 1.09 1.09 1.09 1.06 1.08 1.07 1.06 1.05 
1.08 1.07 1.05 1.06 1.06 1.08 1.09 1.06 1.08 1.07 
1.05 1.07 1.05 1.06 1.08 1.09 1.07 1.07 1.09 1.06 
1.08 1.05 1.07 1.05 1.07 1.06 1.09 1.06 1.08 1.08 
1.07 1.06 1.09 1.06 1.06 1.09 1.05 1.07 1.05 1.08 
1.08 1.07 1.07 1.06 1.05 1.05 1.09 1.08 1.09 1.07 
1.07 1.05 1.08 1.06 1.08 1.05 1.06 1.06 1.08 1.07 
1.05 1.06 1.09 1.09 1.08 1.05 1.09 1.09 1.06 1.06 
1.08 1.05 1.07 1.07 1.08 1.07 1.07 1.09 1.08 1.08 
1.06 1.08 1.07 1.06 1.06 1.07 1.08 1.05 1.06 1.07 
1.08 1.05 1.06 1.05 1.06 1.08 1.08 1.08 1.09 1.05 
1.09 1.08 1.07 1.05 1.09 1.09 1.09 1.08 1.05 1.06 
1.09 1.05 1.05 1.06 1.05 1.06 1.08 1.06 1.05 1.07 
1.06 1.05 1.07 1.09 1.08 1.07 1.06 1.08 1.08 1.06 
1.09 1.06 1.06 1.05 1.08 1.09 1.06 1.07 1.05 1.09 
1.07 1.05 1.07 1.09 1.06 1.09 1.08 1.06 1.09 1.07 
1.07 1.07 1.07 1.07 1.07 1.05 1.06 1.07 1.09 1.09 
1.06 1.05 1.05 1.09 1.08 1.08 1.05 1.05 1.06 1.05 
1.09 1.05 1.06 1.09 1.09 1.05 1.07 1.05 1.07 1.06 
1.08 1.09 1.07 1.06 1.08 1.06 1.05 1.07 1.06 1.07 
1.05 1.08 1.09 1.06 1.07 1.06 1.05 1.05 1.07 1.09 
1.06 1.06 1.07 1.05 1.08 1.07 1.08 1.06 1.05 1.06 
1.05 1.06 1.08 1.06 1.05 1.06 1.07 1.05 1.07 1.06 
1.05 1.07 1.08 1.05 1.07 1.08 1.06 1.08 1.05 1.06 
1.06 1.09 1.07 1.09 1.08 1.05 1.05 1.05 1.07 1.09 
1.08 1.05 1.07 1.07 1.06 1.09 1.06 1.07 1.09 1.08 
1.08 1.06 1.07 1.06 1.07 1.09 1.07 1.09 1.09 1.09 
1.06 1.06 1.08 1.09 1.08 1.05 1.08 1.07 1.05 1.09 
1.08 1.07 1.07 1.05 1.06 1.06 1.09 1.05 1.08 1.06 
1.06 1.06 1.05 1.07 1.05 1.08 1.09 1.05 1.09 1.06 
1.07 1.05 1.07 1.06 1.06 1.05 1.06 1.09 1.07 1.09 
1.05 1.07 1.08 1.05 1.06 1.05 1.07 1.06 1.06 1.09 
1.09 1.08 1.05 1.08 1.08 1.08 1.09 1.05 1.05 1.07 
1.09 1.06 1.07 1.08 1.05 1.07 1.05 1.06 1.06 1.06 
1.08 1.08 1.07 1.09 1.09 1.07 1.09 1.05 1.09 1.05 
1.08 1.08 1.08 1.08 1.06 1.09 1.07 1.05 1.07 1.06 
1.05 1.09 1.05 1.09 1.07 1.08 1.09 1.08 1.06 1.09 
1.09 1.06 1.08 1.09 1.07 1.06 1.08 1.06 1.08 1.06 
1.09 1.06 1.09 1.09 1.06 1.06 1.05 1.08 1.07 1.07 
1.05 1.05 1.07 1.06 1.07 1.07 1.08 1.09 1.06 1.08 
1.07 1.09 1.05 1.07 1.09 1.05 1.09 1.08 1.09 1.06 
1.05 1.09 1.06 1.05 1.07 1.08 1.05 1.06 1.05 1.06 
1.06 1.08 1.09 1.07 1.08 1.05 1.06 1.09 1.08 1.07 
1.06 1.06 1.08 1.06 1.06 1.07 1.09 1.07 1.07 1.09 
1.08 1.05 1.07 1.09 1.07 1.09 1.09 1.08 1.07 1.07 
1.05 1.09 1.07 1.06 1.07 1.08 1.05 1.06 1.07 1.06 
1.08 1.05 1.06 1.05 1.09 1.06 1.09 1.06 1.05 1.07 
1.05 1.05 1.07 1.09 1.05 1.06 1.08 1.07 1.09 1.07 
