10
150
89 5 35 23 87 26 74 42 88 43 50 56 40 26 72 11 74 67 31 41 13 7 79 71 82 44 92 1 75 87 93 37 36 7 13 32 89 80 10 83 21 42 4 49 89 39 20 49 12 78 50 99 22 77 91 44 82 97 63 18 48 21 98 76 50 85 17 69 19 76 64 22 86 32 29 35 88 36 7 11 12 69 21 35 58 49 53 11 66 74 16 50 78 83 26 19 67 84 33 65 15 78 95 32 59 37 77 48 16 9 91 89 83 6 16 88 93 96 68 17 70 97 41 29 90 21 26 79 33 17 55 69 83 35 20 56 32 13 36 84 77 30 10 89 48 48 81 22 64 72 
7 7 3 5 6 2 4 5 6 8 
1.1 1.1 1.13 1.08 1.07 1.13 1.12 1.11 1.12 1.06 
1.05 1.08 1.09 1.13 1.07 1.14 1.05 1.11 1.13 1.13 
1.14 1.07 1.08 1.13 1.1 1.05 1.1 1.07 1.12 1.06 
1.12 1.06 1.14 1.05 1.06 1.08 1.09 1.1 1.07 1.07 
1.1 1.1 1.06 1.1 1.05 1.1 1.11 1.11 1.08 1.07 
1.07 1.12 1.07 1.11 1.05 1.09 1.05 1.12 1.08 1.1 
1.1 1.06 1.1 1.14 1.11 1.1 1.05 1.11 1.05 1.14 
1.06 1.07 1.07 1.07 1.05 1.11 1.1 1.14 1.06 1.1 
1.1 1.05 1.12 1.12 1.08 1.06 1.14 1.05 1.07 1.07 
1.14 1.14 1.05 1.1 1.05 1.12 1.11 1.07 1.06 1.06 
1.07 1.13 1.1 1.11 1.06 1.07 1.13 1.08 1.06 1.05 
1.14 1.13 1.06 1.07 1.12 1.12 1.1 1.14 1.07 1.08 
1.11 1.12 1.06 1.05 1.13 1.09 1.08 1.05 1.06 1.05 
1.07 1.07 1.07 1.05 1.07 1.14 1.11 1.14 1.13 1.14 
1.14 1.1 1.1 1.09 1.11 1.14 1.14 1.09 1.07 1.07 
1.11 1.08 1.13 1.08 1.05 1.1 1.14 1.11 1.05 1.14 
1.14 1.08 1.07 1.07 1.13 1.1 1.05 1.08 1.1 1.12 
1.07 1.14 1.09 1.1 1.08 1.06 1.09 1.1 1.12 1.11 
1.07 1.08 1.07 1.14 1.11 1.09 1.11 1.11 1.05 1.08 
1.12 1.14 1.07 1.09 1.12 1.11 1.08 1.05 1.13 1.12 
1.14 1.06 1.11 1.13 1.05 1.13 1.06 1.07 1.06 1.1 
1.12 1.1 1.13 1.11 1.09 1.08 1.08 1.05 1.06 1.05 
1.09 1.14 1.05 1.05 1.1 1.14 1.12 1.1 1.05 1.08 
1.09 1.05 1.1 1.12 1.14 1.1 1.07 1.13 1.06 1.13 
1.06 1.1 1.09 1.07 1.07 1.06 1.13 1.11 1.1 1.14 
1.08 1.05 1.06 1.05 1.06 1.06 1.08 1.1 1.14 1.09 
1.13 1.05 1.05 1.11 1.06 1.12 1.14 1.11 1.06 1.11 
1.05 1.13 1.09 1.06 1.09 1.08 1.13 1.09 1.05 1.09 
1.13 1.12 1.1 1.06 1.1 1.14 1.14 1.07 1.12 1.07 
1.08 1.07 1.08 1.14 1.08 1.11 1.09 1.14 1.13 1.13 
1.1 1.11 1.1 1.08 1.11 1.12 1.12 1.12 1.13 1.12 
1.06 1.09 1.09 1.11 1.13 1.07 1.14 1.12 1.14 1.07 
1.12 1.13 1.12 1.11 1.11 1.05 1.09 1.05 1.06 1.1 
1.05 1.06 1.06 1.08 1.09 1.13 1.14 1.14 1.12 1.08 
1.1 1.13 1.13 1.08 1.09 1.07 1.13 1.05 1.07 1.05 
1.06 1.12 1.08 1.11 1.07 1.05 1.08 1.14 1.13 1.08 
1.05 1.13 1.05 1.11 1.05 1.06 1.06 1.05 1.06 1.07 
1.06 1.09 1.14 1.1 1.14 1.13 1.09 1.1 1.06 1.07 
1.08 1.08 1.1 1.11 1.13 1.13 1.13 1.14 1.07 1.05 
1.13 1.08 1.11 1.1 1.09 1.14 1.11 1.06 1.11 1.14 
1.13 1.14 1.11 1.12 1.1 1.13 1.13 1.07 1.1 1.08 
1.1 1.05 1.12 1.11 1.13 1.09 1.12 1.06 1.07 1.05 
1.14 1.08 1.08 1.14 1.07 1.07 1.09 1.11 1.14 1.06 
1.07 1.11 1.12 1.05 1.09 1.09 1.11 1.1 1.06 1.14 
1.05 1.1 1.12 1.14 1.13 1.08 1.13 1.09 1.13 1.07 
1.05 1.05 1.06 1.14 1.13 1.05 1.11 1.11 1.13 1.08 
1.11 1.12 1.08 1.1 1.14 1.11 1.12 1.13 1.06 1.1 
1.1 1.07 1.05 1.1 1.13 1.07 1.11 1.05 1.06 1.14 
1.09 1.12 1.11 1.09 1.07 1.11 1.05 1.06 1.13 1.12 
1.07 1.1 1.09 1.14 1.06 1.09 1.12 1.06 1.14 1.08 
1.05 1.13 1.11 1.06 1.08 1.14 1.1 1.05 1.11 1.13 
1.13 1.1 1.05 1.1 1.14 1.08 1.11 1.11 1.11 1.06 
1.12 1.12 1.08 1.05 1.09 1.05 1.14 1.13 1.08 1.06 
1.1 1.06 1.12 1.07 1.09 1.14 1.06 1.1 1.08 1.11 
1.1 1.14 1.1 1.06 1.07 1.14 1.08 1.11 1.07 1.12 
1.07 1.08 1.09 1.13 1.09 1.08 1.11 1.11 1.05 1.11 
1.06 1.07 1.11 1.12 1.07 1.06 1.09 1.09 1.1 1.14 
1.14 1.12 1.05 1.13 1.08 1.05 1.14 1.09 1.08 1.06 
1.14 1.08 1.05 1.1 1.07 1.09 1.11 1.08 1.07 1.09 
1.07 1.07 1.13 1.09 1.13 1.11 1.14 1.12 1.1 1.12 
1.07 1.1 1.11 1.09 1.06 1.1 1.05 1.14 1.09 1.12 
1.08 1.06 1.06 1.05 1.09 1.11 1.05 1.08 1.08 1.13 
1.13 1.06 1.1 1.13 1.06 1.13 1.12 1.08 1.11 1.05 
1.1 1.1 1.06 1.06 1.12 1.1 1.13 1.1 1.11 1.06 
1.1 1.07 1.08 1.09 1.1 1.13 1.1 1.05 1.11 1.07 
1.1 1.05 1.12 1.06 1.11 1.1 1.1 1.07 1.14 1.06 
1.1 1.09 1.07 1.11 1.07 1.09 1.06 1.14 1.1 1.07 
1.05 1.14 1.12 1.07 1.09 1.11 1.12 1.05 1.12 1.06 
1.11 1.14 1.12 1.1 1.05 1.07 1.14 1.12 1.05 1.06 
1.11 1.13 1.07 1.05 1.1 1.08 1.05 1.09 1.13 1.13 
1.07 1.09 1.09 1.09 1.08 1.12 1.07 1.13 1.09 1.08 
1.11 1.11 1.06 1.08 1.06 1.1 1.05 1.13 1.05 1.06 
1.13 1.07 1.08 1.11 1.06 1.09 1.09 1.07 1.07 1.06 
1.05 1.08 1.12 1.12 1.11 1.06 1.12 1.12 1.06 1.06 
1.1 1.08 1.08 1.13 1.09 1.06 1.14 1.1 1.07 1.1 
1.1 1.09 1.14 1.12 1.14 1.11 1.12 1.06 1.12 1.05 
1.13 1.08 1.11 1.07 1.13 1.08 1.14 1.12 1.1 1.11 
1.05 1.08 1.09 1.12 1.1 1.07 1.06 1.06 1.11 1.09 
1.11 1.06 1.14 1.06 1.1 1.12 1.05 1.11 1.06 1.1 
1.11 1.14 1.13 1.13 1.13 1.09 1.12 1.06 1.05 1.09 
1.11 1.11 1.12 1.11 1.09 1.14 1.13 1.14 1.08 1.1 
1.13 1.08 1.07 1.11 1.12 1.1 1.05 1.06 1.07 1.08 
1.13 1.14 1.11 1.05 1.08 1.13 1.05 1.13 1.05 1.1 
1.12 1.1 1.1 1.06 1.11 1.14 1.09 1.12 1.09 1.1 
1.06 1.09 1.09 1.07 1.05 1.06 1.12 1.14 1.13 1.07 
1.05 1.09 1.09 1.07 1.1 1.11 1.11 1.1 1.06 1.13 
1.09 1.05 1.11 1.07 1.1 1.06 1.05 1.09 1.12 1.08 
1.07 1.1 1.12 1.14 1.09 1.05 1.07 1.05 1.12 1.09 
1.1 1.12 1.09 1.14 1.12 1.05 1.12 1.11 1.07 1.08 
1.12 1.08 1.05 1.07 1.08 1.06 1.11 1.07 1.1 1.07 
1.08 1.13 1.09 1.11 1.09 1.05 1.05 1.09 1.1 1.08 
1.08 1.09 1.14 1.11 1.05 1.09 1.11 1.07 1.11 1.06 
1.06 1.07 1.11 1.08 1.08 1.11 1.11 1.13 1.11 1.09 
1.09 1.12 1.05 1.09 1.05 1.14 1.11 1.13 1.14 1.06 
1.07 1.07 1.07 1.09 1.1 1.05 1.12 1.07 1.05 1.07 
1.07 1.06 1.08 1.08 1.08 1.12 1.1 1.11 1.07 1.08 
1.06 1.07 1.1 1.06 1.12 1.11 1.09 1.06 1.07 1.12 
1.1 1.11 1.13 1.14 1.07 1.13 1.13 1.06 1.06 1.06 
1.06 1.08 1.05 1.14 1.13 1.05 1.14 1.1 1.13 1.14 
1.05 1.12 1.11 1.09 1.07 1.09 1.14 1.05 1.08 1.06 
1.08 1.14 1.11 1.1 1.14 1.11 1.06 1.09 1.1 1.1 
1.06 1.11 1.13 1.1 1.12 1.1 1.1 1.14 1.09 1.05 
1.08 1.12 1.11 1.1 1.08 1.13 1.09 1.07 1.11 1.08 
1.09 1.05 1.06 1.09 1.1 1.06 1.12 1.06 1.13 1.1 
1.09 1.07 1.06 1.09 1.11 1.12 1.13 1.08 1.05 1.11 
1.09 1.06 1.1 1.1 1.07 1.11 1.05 1.13 1.1 1.11 
1.06 1.1 1.1 1.06 1.1 1.05 1.06 1.05 1.1 1.06 
1.07 1.07 1.06 1.09 1.06 1.14 1.14 1.11 1.1 1.05 
1.08 1.06 1.14 1.05 1.14 1.14 1.11 1.11 1.08 1.09 
1.05 1.06 1.14 1.11 1.09 1.08 1.09 1.08 1.13 1.05 
1.05 1.09 1.06 1.12 1.1 1.12 1.11 1.06 1.07 1.08 
1.07 1.06 1.07 1.09 1.06 1.08 1.14 1.11 1.1 1.13 
1.08 1.1 1.14 1.13 1.13 1.06 1.14 1.07 1.13 1.1 
1.13 1.09 1.07 1.14 1.1 1.13 1.06 1.1 1.11 1.11 
1.07 1.1 1.05 1.09 1.07 1.12 1.1 1.1 1.08 1.07 
1.05 1.14 1.13 1.05 1.05 1.14 1.08 1.14 1.12 1.12 
1.08 1.05 1.1 1.06 1.05 1.06 1.08 1.09 1.07 1.08 
1.14 1.07 1.12 1.11 1.1 1.1 1.08 1.06 1.09 1.11 
1.1 1.05 1.14 1.13 1.07 1.08 1.13 1.14 1.08 1.05 
1.12 1.1 1.06 1.06 1.12 1.07 1.08 1.13 1.1 1.06 
1.07 1.06 1.09 1.11 1.09 1.06 1.14 1.08 1.12 1.09 
1.13 1.12 1.08 1.06 1.11 1.05 1.14 1.12 1.08 1.06 
1.13 1.14 1.14 1.06 1.1 1.09 1.06 1.09 1.08 1.07 
1.08 1.05 1.06 1.11 1.12 1.08 1.09 1.07 1.12 1.05 
1.07 1.05 1.12 1.14 1.12 1.11 1.14 1.1 1.07 1.13 
1.06 1.13 1.09 1.11 1.06 1.07 1.1 1.09 1.05 1.12 
1.1 1.08 1.1 1.07 1.14 1.1 1.09 1.14 1.14 1.13 
1.05 1.1 1.14 1.14 1.09 1.08 1.14 1.07 1.05 1.09 
1.05 1.09 1.09 1.06 1.13 1.12 1.1 1.12 1.06 1.09 
1.11 1.08 1.05 1.08 1.09 1.09 1.11 1.09 1.13 1.1 
1.12 1.12 1.05 1.09 1.14 1.06 1.14 1.09 1.08 1.1 
1.11 1.1 1.11 1.08 1.12 1.09 1.08 1.13 1.14 1.06 
1.05 1.07 1.08 1.06 1.11 1.14 1.06 1.14 1.07 1.08 
1.05 1.12 1.12 1.07 1.11 1.12 1.13 1.07 1.07 1.08 
1.06 1.09 1.09 1.14 1.07 1.1 1.08 1.09 1.05 1.06 
1.09 1.05 1.09 1.05 1.14 1.1 1.13 1.1 1.11 1.07 
1.1 1.11 1.09 1.08 1.07 1.14 1.1 1.14 1.1 1.07 
1.13 1.08 1.13 1.08 1.07 1.05 1.09 1.07 1.13 1.14 
1.09 1.07 1.14 1.12 1.05 1.08 1.08 1.13 1.05 1.06 
1.06 1.05 1.08 1.14 1.13 1.06 1.1 1.1 1.07 1.12 
1.06 1.14 1.12 1.08 1.12 1.05 1.09 1.12 1.14 1.11 
1.11 1.13 1.08 1.08 1.11 1.13 1.08 1.07 1.09 1.08 
1.12 1.08 1.07 1.06 1.11 1.1 1.14 1.07 1.1 1.09 
1.1 1.08 1.13 1.09 1.09 1.12 1.1 1.1 1.06 1.1 
1.13 1.11 1.07 1.14 1.06 1.13 1.1 1.06 1.08 1.12 
1.11 1.06 1.11 1.12 1.11 1.13 1.12 1.05 1.13 1.07 
1.05 1.06 1.14 1.08 1.12 1.14 1.14 1.13 1.11 1.05 
1.1 1.12 1.1 1.09 1.07 1.12 1.06 1.07 1.14 1.08 
1.1 1.12 1.1 1.08 1.1 1.14 1.14 1.12 1.12 1.05 
1.11 1.09 1.09 1.09 1.07 1.13 1.07 1.12 1.13 1.13 
