10
100
48 94 23 34 2 1 9 58 65 51 23 33 59 96 53 31 32 42 8 63 57 52 78 93 77 100 26 4 74 75 68 82 42 92 63 68 2 100 86 94 23 42 74 27 35 48 50 37 82 12 8 88 50 93 99 38 44 56 76 70 40 42 62 93 38 33 72 86 34 11 53 95 49 45 54 98 49 24 63 76 14 44 29 99 34 27 81 32 42 60 97 25 19 3 79 51 60 32 90 54 
2 7 3 5 2 6 7 2 1 2 
1.1 1.06 1.06 1.14 1.09 1.06 1.09 1.08 1.07 1.05 
1.13 1.1 1.06 1.14 1.06 1.11 1.07 1.08 1.11 1.05 
1.14 1.11 1.07 1.09 1.1 1.11 1.11 1.06 1.12 1.11 
1.08 1.06 1.09 1.13 1.13 1.08 1.1 1.14 1.08 1.14 
1.06 1.08 1.11 1.13 1.13 1.13 1.08 1.08 1.06 1.12 
1.13 1.09 1.08 1.05 1.07 1.14 1.09 1.1 1.13 1.07 
1.05 1.14 1.07 1.06 1.08 1.07 1.05 1.1 1.07 1.1 
1.12 1.08 1.12 1.08 1.07 1.14 1.08 1.07 1.08 1.12 
1.07 1.14 1.08 1.08 1.14 1.12 1.07 1.13 1.07 1.12 
1.14 1.06 1.11 1.07 1.14 1.09 1.13 1.13 1.12 1.07 
1.07 1.12 1.07 1.08 1.08 1.13 1.05 1.08 1.14 1.06 
1.11 1.06 1.06 1.08 1.13 1.13 1.05 1.13 1.06 1.09 
1.14 1.13 1.06 1.13 1.11 1.05 1.05 1.07 1.08 1.13 
1.13 1.11 1.13 1.09 1.09 1.05 1.13 1.07 1.09 1.12 
1.12 1.13 1.12 1.11 1.09 1.13 1.1 1.05 1.14 1.08 
1.13 1.05 1.13 1.11 1.09 1.11 1.13 1.07 1.05 1.12 
1.06 1.05 1.06 1.09 1.07 1.09 1.11 1.08 1.05 1.05 
1.08 1.1 1.13 1.08 1.12 1.11 1.14 1.11 1.05 1.1 
1.05 1.11 1.06 1.13 1.05 1.12 1.05 1.05 1.12 1.09 
1.14 1.09 1.12 1.09 1.1 1.11 1.1 1.12 1.05 1.08 
1.05 1.14 1.05 1.1 1.14 1.05 1.06 1.14 1.12 1.11 
1.13 1.09 1.09 1.08 1.13 1.14 1.14 1.09 1.14 1.08 
1.13 1.11 1.12 1.1 1.05 1.13 1.09 1.13 1.1 1.06 
1.11 1.06 1.08 1.12 1.07 1.12 1.07 1.12 1.07 1.05 
1.14 1.11 1.08 1.06 1.09 1.05 1.06 1.05 1.13 1.08 
1.1 1.05 1.08 1.14 1.13 1.07 1.09 1.09 1.11 1.12 
1.13 1.09 1.1 1.09 1.14 1.08 1.11 1.07 1.08 1.1 
1.11 1.08 1.08 1.12 1.08 1.08 1.07 1.13 1.12 1.05 
1.08 1.07 1.09 1.08 1.12 1.09 1.08 1.12 1.06 1.11 
1.05 1.05 1.11 1.1 1.08 1.12 1.11 1.1 1.06 1.12 
1.06 1.13 1.12 1.12 1.11 1.1 1.06 1.09 1.12 1.09 
1.12 1.05 1.12 1.06 1.11 1.05 1.08 1.12 1.1 1.11 
1.05 1.13 1.05 1.06 1.09 1.09 1.14 1.07 1.14 1.06 
1.07 1.12 1.1 1.07 1.06 1.13 1.06 1.14 1.1 1.06 
1.13 1.05 1.05 1.08 1.12 1.13 1.13 1.07 1.14 1.1 
1.11 1.09 1.07 1.11 1.11 1.05 1.13 1.07 1.14 1.13 
1.06 1.06 1.13 1.1 1.05 1.07 1.1 1.11 1.05 1.14 
1.05 1.1 1.14 1.06 1.13 1.13 1.06 1.14 1.12 1.06 
1.07 1.07 1.05 1.1 1.14 1.14 1.14 1.11 1.11 1.13 
1.08 1.09 1.1 1.08 1.09 1.14 1.07 1.05 1.05 1.08 
1.11 1.11 1.09 1.12 1.11 1.06 1.05 1.11 1.13 1.11 
1.13 1.09 1.07 1.05 1.06 1.13 1.05 1.08 1.07 1.1 
1.06 1.09 1.13 1.08 1.07 1.08 1.07 1.1 1.14 1.13 
1.11 1.1 1.14 1.07 1.08 1.07 1.13 1.11 1.07 1.09 
1.12 1.1 1.1 1.11 1.11 1.1 1.05 1.13 1.05 1.11 
1.13 1.05 1.05 1.11 1.09 1.11 1.09 1.07 1.13 1.07 
1.12 1.11 1.12 1.06 1.07 1.08 1.11 1.12 1.11 1.07 
1.05 1.11 1.05 1.09 1.09 1.11 1.06 1.1 1.11 1.14 
1.08 1.07 1.11 1.07 1.14 1.09 1.14 1.07 1.14 1.11 
1.09 1.11 1.11 1.13 1.08 1.13 1.07 1.06 1.14 1.08 
1.12 1.08 1.14 1.06 1.1 1.05 1.07 1.12 1.06 1.13 
1.12 1.14 1.07 1.06 1.08 1.13 1.14 1.05 1.09 1.07 
1.05 1.05 1.1 1.05 1.13 1.11 1.12 1.1 1.12 1.11 
1.06 1.11 1.09 1.1 1.14 1.09 1.07 1.08 1.07 1.12 
1.1 1.07 1.1 1.05 1.11 1.08 1.05 1.1 1.1 1.08 
1.12 1.08 1.13 1.12 1.07 1.14 1.05 1.07 1.08 1.11 
1.13 1.13 1.05 1.12 1.14 1.08 1.09 1.13 1.14 1.11 
1.08 1.1 1.1 1.1 1.13 1.07 1.08 1.07 1.05 1.11 
1.06 1.11 1.05 1.08 1.14 1.08 1.13 1.09 1.12 1.1 
1.14 1.09 1.11 1.1 1.11 1.06 1.09 1.06 1.11 1.05 
1.11 1.09 1.1 1.12 1.13 1.07 1.13 1.13 1.13 1.08 
1.13 1.13 1.14 1.12 1.07 1.14 1.05 1.09 1.13 1.07 
1.11 1.14 1.07 1.09 1.08 1.05 1.09 1.08 1.11 1.09 
1.05 1.1 1.14 1.12 1.09 1.1 1.14 1.08 1.09 1.07 
1.09 1.11 1.13 1.12 1.13 1.14 1.1 1.08 1.11 1.11 
1.1 1.05 1.1 1.09 1.08 1.14 1.08 1.12 1.13 1.05 
1.07 1.06 1.1 1.05 1.11 1.12 1.11 1.11 1.05 1.09 
1.1 1.14 1.1 1.08 1.09 1.11 1.1 1.09 1.11 1.08 
1.12 1.06 1.07 1.14 1.12 1.07 1.11 1.13 1.1 1.07 
1.11 1.06 1.09 1.13 1.14 1.08 1.06 1.14 1.14 1.08 
1.09 1.06 1.12 1.14 1.1 1.05 1.07 1.11 1.14 1.11 
1.08 1.05 1.09 1.07 1.11 1.14 1.07 1.1 1.12 1.12 
1.05 1.12 1.1 1.1 1.1 1.12 1.09 1.12 1.07 1.06 
1.12 1.08 1.11 1.09 1.05 1.14 1.1 1.14 1.1 1.11 
1.12 1.06 1.07 1.14 1.09 1.11 1.05 1.14 1.09 1.08 
1.12 1.14 1.12 1.11 1.05 1.13 1.09 1.05 1.1 1.14 
1.08 1.13 1.13 1.1 1.09 1.1 1.1 1.14 1.11 1.13 
1.05 1.14 1.08 1.14 1.13 1.05 1.08 1.1 1.11 1.11 
1.14 1.11 1.09 1.05 1.12 1.12 1.05 1.1 1.14 1.06 
1.11 1.07 1.09 1.05 1.11 1.1 1.08 1.09 1.09 1.08 
1.08 1.08 1.06 1.09 1.1 1.12 1.06 1.09 1.06 1.05 
1.11 1.1 1.07 1.13 1.05 1.06 1.09 1.05 1.08 1.1 
1.1 1.08 1.08 1.13 1.05 1.09 1.08 1.06 1.11 1.07 
1.06 1.11 1.1 1.11 1.11 1.07 1.05 1.12 1.11 1.12 
1.08 1.06 1.06 1.06 1.12 1.11 1.08 1.09 1.07 1.12 
1.06 1.12 1.07 1.09 1.14 1.06 1.11 1.07 1.07 1.11 
1.14 1.1 1.1 1.05 1.05 1.12 1.06 1.05 1.06 1.05 
1.1 1.11 1.11 1.09 1.12 1.08 1.09 1.09 1.09 1.09 
1.09 1.14 1.13 1.13 1.1 1.05 1.09 1.12 1.09 1.11 
1.09 1.11 1.08 1.14 1.11 1.07 1.09 1.06 1.06 1.12 
1.07 1.06 1.07 1.06 1.1 1.06 1.09 1.05 1.09 1.14 
1.07 1.09 1.14 1.07 1.11 1.1 1.14 1.1 1.13 1.05 
1.12 1.05 1.07 1.07 1.06 1.11 1.14 1.05 1.05 1.05 
1.09 1.14 1.05 1.09 1.13 1.1 1.1 1.11 1.1 1.13 
1.07 1.11 1.08 1.07 1.1 1.08 1.08 1.12 1.05 1.12 
1.07 1.14 1.05 1.14 1.07 1.12 1.12 1.07 1.11 1.14 
1.14 1.06 1.11 1.1 1.11 1.06 1.14 1.14 1.13 1.09 
1.11 1.13 1.09 1.06 1.1 1.11 1.12 1.1 1.1 1.12 
1.1 1.13 1.13 1.07 1.14 1.06 1.11 1.09 1.06 1.08 
1.1 1.13 1.06 1.14 1.13 1.07 1.07 1.07 1.14 1.07 
