10
200
95 63 4 58 72 32 61 36 86 49 16 79 78 35 22 90 23 8 17 40 37 11 74 11 33 58 86 66 45 12 91 33 41 72 6 77 35 58 55 64 82 72 9 58 41 67 46 100 90 84 33 17 21 21 74 99 75 100 93 84 6 70 83 89 67 56 98 86 53 22 76 67 80 48 41 77 82 21 16 32 57 69 10 69 53 18 73 11 18 23 37 50 69 9 80 47 100 81 71 50 68 62 43 81 95 19 13 40 25 16 54 42 82 73 14 95 33 70 91 78 59 93 76 21 27 2 58 38 32 97 31 69 31 45 77 67 71 79 5 53 3 76 85 41 55 19 63 36 65 46 83 89 57 28 51 25 22 19 28 55 52 3 72 18 75 39 38 9 81 98 57 66 63 20 9 98 59 83 94 67 6 8 79 23 32 58 94 29 4 97 40 78 39 47 75 81 39 7 86 14 
3 3 3 2 3 1 3 2 3 3 
1.05 1.03 1.03 1.06 1.05 1.03 1.03 1.05 1.06 1.02 
1.03 1.01 1.04 1.06 1.05 1.05 1.06 1.05 1.05 1.05 
1.02 1.01 1.06 1.01 1.06 1.01 1.01 1.03 1.05 1.04 
1.02 1.02 1.04 1.03 1.02 1.06 1.02 1.01 1.05 1.04 
1.03 1.05 1.01 1.05 1.05 1.06 1.02 1.03 1.06 1.02 
1.05 1.02 1.04 1.03 1.02 1.03 1.06 1.04 1.06 1.05 
1.04 1.06 1.02 1.04 1.02 1.02 1.06 1.04 1.03 1.04 
1.06 1.06 1.01 1.05 1.06 1.05 1.01 1.01 1.05 1.01 
1.01 1.05 1.04 1.01 1.04 1.03 1.01 1.03 1.01 1.03 
1.01 1.02 1.03 1.05 1.05 1.02 1.03 1.02 1.04 1.06 
1.06 1.05 1.01 1.01 1.01 1.01 1.06 1.05 1.01 1.02 
1.01 1.01 1.03 1.01 1.05 1.04 1.03 1.04 1.01 1.03 
1.04 1.04 1.05 1.03 1.05 1.05 1.06 1.03 1.01 1.04 
1.02 1.06 1.02 1.05 1.05 1.06 1.05 1.06 1.01 1.03 
1.03 1.02 1.05 1.03 1.01 1.01 1.01 1.06 1.01 1.01 
1.03 1.05 1.01 1.05 1.04 1.06 1.04 1.03 1.02 1.03 
1.01 1.01 1.01 1.03 1.02 1.01 1.06 1.01 1.04 1.02 
1.03 1.06 1.01 1.02 1.06 1.05 1.03 1.02 1.01 1.05 
1.01 1.04 1.05 1.01 1.03 1.04 1.05 1.04 1.01 1.05 
1.02 1.03 1.06 1.06 1.06 1.04 1.05 1.02 1.06 1.06 
1.02 1.04 1.05 1.02 1.04 1.01 1.02 1.03 1.04 1.06 
1.01 1.06 1.05 1.02 1.06 1.03 1.03 1.03 1.05 1.02 
1.02 1.06 1.02 1.01 1.04 1.02 1.01 1.05 1.01 1.05 
1.02 1.03 1.01 1.02 1.06 1.03 1.04 1.02 1.03 1.02 
1.04 1.04 1.05 1.03 1.03 1.06 1.03 1.05 1.06 1.03 
1.04 1.02 1.01 1.03 1.06 1.06 1.03 1.06 1.04 1.05 
1.01 1.05 1.01 1.02 1.06 1.06 1.01 1.05 1.06 1.03 
1.04 1.02 1.01 1.06 1.04 1.05 1.02 1.05 1.02 1.03 
1.02 1.05 1.03 1.01 1.01 1.01 1.04 1.02 1.05 1.01 
1.04 1.02 1.05 1.03 1.04 1.04 1.01 1.01 1.04 1.04 
1.06 1.05 1.06 1.05 1.06 1.06 1.01 1.01 1.06 1.06 
1.02 1.03 1.01 1.02 1.02 1.02 1.04 1.03 1.02 1.05 
1.02 1.02 1.02 1.02 1.05 1.03 1.03 1.01 1.04 1.04 
1.01 1.02 1.06 1.05 1.01 1.01 1.05 1.05 1.06 1.06 
1.05 1.02 1.05 1.01 1.05 1.02 1.06 1.02 1.05 1.05 
1.06 1.03 1.06 1.04 1.03 1.04 1.04 1.06 1.02 1.02 
1.06 1.03 1.03 1.05 1.05 1.02 1.06 1.02 1.04 1.02 
1.04 1.01 1.04 1.02 1.04 1.04 1.01 1.06 1.06 1.06 
1.02 1.06 1.06 1.06 1.05 1.03 1.05 1.02 1.04 1.03 
1.03 1.05 1.01 1.02 1.03 1.03 1.03 1.05 1.06 1.06 
1.05 1.01 1.03 1.02 1.01 1.01 1.02 1.06 1.02 1.03 
1.04 1.02 1.01 1.01 1.06 1.05 1.03 1.02 1.03 1.03 
1.03 1.03 1.05 1.05 1.05 1.06 1.04 1.06 1.04 1.01 
1.05 1.03 1.05 1.02 1.04 1.02 1.06 1.02 1.01 1.01 
1.05 1.02 1.04 1.05 1.05 1.05 1.02 1.01 1.02 1.02 
1.04 1.01 1.01 1.03 1.04 1.06 1.01 1.03 1.06 1.01 
1.01 1.01 1.03 1.04 1.03 1.06 1.04 1.01 1.04 1.03 
1.02 1.01 1.04 1.04 1.01 1.05 1.02 1.06 1.05 1.02 
1.06 1.06 1.04 1.05 1.03 1.02 1.06 1.04 1.05 1.06 
1.02 1.02 1.05 1.01 1.05 1.03 1.01 1.04 1.05 1.04 
1.01 1.03 1.04 1.02 1.04 1.01 1.02 1.04 1.04 1.04 
1.02 1.05 1.06 1.03 1.06 1.03 1.02 1.03 1.01 1.06 
1.02 1.02 1.01 1.02 1.06 1.04 1.05 1.04 1.03 1.06 
1.04 1.03 1.02 1.01 1.05 1.02 1.03 1.06 1.02 1.04 
1.04 1.03 1.02 1.06 1.03 1.06 1.04 1.03 1.06 1.06 
1.02 1.05 1.06 1.06 1.03 1.04 1.06 1.05 1.03 1.03 
1.02 1.05 1.04 1.05 1.01 1.02 1.06 1.03 1.03 1.03 
1.02 1.01 1.02 1.05 1.05 1.01 1.05 1.06 1.03 1.05 
1.03 1.02 1.05 1.01 1.05 1.05 1.05 1.01 1.05 1.03 
1.03 1.02 1.04 1.03 1.04 1.05 1.04 1.05 1.06 1.02 
1.05 1.05 1.02 1.03 1.04 1.05 1.04 1.04 1.04 1.05 
1.04 1.01 1.04 1.01 1.04 1.01 1.02 1.04 1.01 1.04 
1.05 1.03 1.02 1.01 1.05 1.06 1.02 1.05 1.04 1.04 
1.05 1.01 1.03 1.02 1.02 1.02 1.05 1.05 1.05 1.05 
1.01 1.04 1.05 1.05 1.05 1.01 1.03 1.03 1.01 1.02 
1.03 1.01 1.01 1.06 1.02 1.04 1.02 1.06 1.06 1.02 
1.05 1.02 1.06 1.02 1.03 1.05 1.01 1.02 1.01 1.02 
1.02 1.06 1.06 1.01 1.06 1.01 1.06 1.05 1.03 1.03 
1.05 1.03 1.04 1.03 1.04 1.05 1.02 1.05 1.01 1.02 
1.05 1.06 1.04 1.03 1.03 1.01 1.05 1.01 1.04 1.03 
1.05 1.01 1.03 1.01 1.01 1.03 1.04 1.06 1.04 1.02 
1.03 1.03 1.04 1.06 1.06 1.04 1.04 1.03 1.03 1.06 
1.06 1.04 1.04 1.06 1.05 1.02 1.05 1.04 1.02 1.03 
1.02 1.06 1.03 1.05 1.05 1.03 1.02 1.04 1.03 1.04 
1.03 1.02 1.06 1.01 1.06 1.03 1.03 1.03 1.01 1.06 
1.02 1.02 1.04 1.01 1.01 1.06 1.02 1.03 1.05 1.05 
1.05 1.06 1.03 1.03 1.03 1.05 1.04 1.04 1.06 1.02 
1.03 1.01 1.05 1.05 1.02 1.05 1.02 1.03 1.05 1.06 
1.05 1.01 1.03 1.05 1.04 1.03 1.01 1.03 1.02 1.01 
1.01 1.06 1.02 1.06 1.01 1.06 1.02 1.04 1.06 1.06 
1.06 1.01 1.06 1.01 1.03 1.06 1.01 1.05 1.06 1.02 
1.05 1.06 1.05 1.04 1.04 1.03 1.03 1.01 1.05 1.02 
1.03 1.01 1.04 1.05 1.01 1.06 1.04 1.05 1.06 1.05 
1.06 1.01 1.04 1.04 1.01 1.04 1.01 1.05 1.04 1.03 
1.02 1.06 1.02 1.05 1.05 1.05 1.03 1.06 1.02 1.02 
1.05 1.04 1.03 1.04 1.02 1.03 1.02 1.04 1.02 1.06 
1.04 1.01 1.05 1.05 1.02 1.01 1.02 1.02 1.03 1.05 
1.02 1.06 1.01 1.04 1.02 1.02 1.01 1.05 1.02 1.02 
1.04 1.03 1.06 1.06 1.03 1.05 1.02 1.06 1.02 1.02 
1.01 1.02 1.06 1.06 1.03 1.06 1.04 1.05 1.02 1.01 
1.02 1.01 1.01 1.06 1.01 1.04 1.01 1.01 1.01 1.03 
1.01 1.03 1.06 1.03 1.05 1.06 1.05 1.04 1.05 1.01 
1.06 1.01 1.04 1.02 1.02 1.05 1.03 1.06 1.03 1.01 
1.04 1.03 1.05 1.02 1.02 1.01 1.04 1.03 1.03 1.05 
1.03 1.05 1.06 1.01 1.01 1.01 1.04 1.03 1.03 1.04 
1.03 1.05 1.02 1.06 1.02 1.06 1.03 1.06 1.05 1.06 
1.06 1.01 1.03 1.03 1.06 1.05 1.02 1.03 1.01 1.03 
1.05 1.04 1.02 1.02 1.01 1.05 1.02 1.06 1.02 1.03 
1.04 1.05 1.05 1.06 1.02 1.05 1.04 1.05 1.05 1.03 
1.06 1.01 1.06 1.03 1.01 1.01 1.05 1.05 1.03 1.04 
1.02 1.05 1.03 1.01 1.03 1.06 1.04 1.03 1.01 1.06 
1.05 1.02 1.02 1.01 1.06 1.04 1.02 1.06 1.06 1.01 
1.06 1.01 1.05 1.03 1.06 1.02 1.06 1.01 1.03 1.05 
1.06 1.04 1.02 1.01 1.05 1.06 1.05 1.02 1.04 1.05 
1.02 1.06 1.04 1.03 1.02 1.01 1.06 1.02 1.01 1.04 
1.04 1.04 1.01 1.05 1.02 1.03 1.05 1.01 1.04 1.01 
1.04 1.05 1.02 1.01 1.05 1.01 1.06 1.05 1.06 1.04 
1.02 1.03 1.01 1.06 1.04 1.01 1.05 1.06 1.02 1.05 
1.01 1.01 1.03 1.06 1.02 1.01 1.04 1.03 1.04 1.04 
1.01 1.01 1.02 1.04 1.05 1.06 1.05 1.05 1.05 1.06 
1.06 1.01 1.03 1.01 1.03 1.02 1.05 1.01 1.06 1.04 
1.01 1.03 1.04 1.04 1.04 1.03 1.05 1.06 1.02 1.05 
1.02 1.05 1.01 1.03 1.01 1.04 1.02 1.01 1.05 1.05 
1.02 1.01 1.06 1.02 1.03 1.01 1.01 1.04 1.06 1.04 
1.05 1.01 1.05 1.01 1.03 1.05 1.06 1.01 1.05 1.02 
1.06 1.01 1.02 1.03 1.06 1.05 1.04 1.01 1.04 1.01 
1.05 1.04 1.03 1.03 1.02 1.02 1.06 1.03 1.01 1.02 
1.03 1.04 1.01 1.02 1.02 1.03 1.02 1.04 1.06 1.04 
1.02 1.02 1.01 1.02 1.06 1.06 1.02 1.02 1.01 1.04 
1.01 1.02 1.04 1.04 1.01 1.01 1.02 1.02 1.03 1.03 
1.03 1.01 1.05 1.01 1.05 1.01 1.03 1.01 1.04 1.04 
1.06 1.03 1.05 1.02 1.04 1.02 1.06 1.03 1.03 1.04 
1.02 1.04 1.03 1.01 1.02 1.06 1.04 1.03 1.01 1.04 
1.01 1.01 1.05 1.06 1.05 1.02 1.05 1.01 1.03 1.03 
1.02 1.02 1.04 1.06 1.06 1.01 1.03 1.02 1.05 1.05 
1.02 1.06 1.03 1.05 1.05 1.05 1.01 1.02 1.04 1.04 
1.03 1.03 1.06 1.02 1.04 1.06 1.02 1.03 1.01 1.06 
1.01 1.03 1.05 1.04 1.01 1.05 1.01 1.06 1.05 1.05 
1.05 1.01 1.02 1.06 1.06 1.05 1.06 1.06 1.06 1.05 
1.05 1.06 1.03 1.01 1.03 1.02 1.04 1.03 1.06 1.02 
1.06 1.06 1.02 1.05 1.01 1.06 1.06 1.06 1.01 1.05 
1.02 1.01 1.02 1.04 1.06 1.05 1.04 1.05 1.05 1.01 
1.03 1.03 1.04 1.05 1.01 1.05 1.05 1.02 1.01 1.04 
1.01 1.03 1.06 1.06 1.04 1.03 1.06 1.05 1.01 1.05 
1.02 1.03 1.05 1.03 1.01 1.06 1.04 1.03 1.04 1.05 
1.06 1.04 1.04 1.06 1.04 1.05 1.05 1.03 1.02 1.05 
1.06 1.06 1.03 1.06 1.03 1.05 1.05 1.06 1.06 1.01 
1.03 1.02 1.02 1.02 1.03 1.06 1.02 1.02 1.06 1.05 
1.05 1.06 1.03 1.05 1.06 1.04 1.01 1.04 1.02 1.04 
1.01 1.04 1.04 1.06 1.04 1.01 1.06 1.05 1.02 1.06 
1.06 1.03 1.03 1.05 1.04 1.03 1.04 1.05 1.01 1.04 
1.05 1.01 1.05 1.02 1.04 1.03 1.01 1.02 1.02 1.01 
1.06 1.03 1.01 1.04 1.01 1.05 1.02 1.02 1.01 1.04 
1.04 1.03 1.03 1.06 1.01 1.01 1.05 1.04 1.05 1.05 
1.05 1.01 1.06 1.04 1.04 1.05 1.05 1.04 1.03 1.02 
1.06 1.06 1.01 1.06 1.06 1.01 1.03 1.04 1.04 1.06 
1.04 1.05 1.03 1.05 1.04 1.05 1.05 1.03 1.03 1.04 
1.03 1.02 1.01 1.05 1.06 1.04 1.05 1.03 1.06 1.02 
1.05 1.01 1.05 1.02 1.06 1.02 1.03 1.04 1.02 1.06 
1.03 1.03 1.02 1.06 1.04 1.02 1.05 1.01 1.06 1.01 
1.02 1.06 1.02 1.05 1.05 1.03 1.05 1.06 1.06 1.02 
1.05 1.05 1.03 1.02 1.06 1.06 1.05 1.03 1.03 1.05 
1.06 1.05 1.02 1.01 1.06 1.04 1.04 1.04 1.03 1.04 
1.02 1.06 1.06 1.01 1.04 1.04 1.05 1.02 1.03 1.04 
1.01 1.03 1.04 1.03 1.06 1.05 1.01 1.04 1.04 1.02 
1.04 1.03 1.01 1.02 1.05 1.02 1.02 1.06 1.01 1.01 
1.04 1.05 1.05 1.06 1.05 1.04 1.06 1.03 1.01 1.04 
1.02 1.06 1.01 1.05 1.03 1.03 1.02 1.02 1.03 1.06 
1.04 1.01 1.06 1.04 1.05 1.06 1.02 1.06 1.06 1.05 
1.06 1.04 1.06 1.04 1.01 1.05 1.06 1.06 1.03 1.04 
1.06 1.04 1.04 1.06 1.06 1.06 1.06 1.06 1.05 1.05 
1.03 1.06 1.06 1.03 1.04 1.03 1.04 1.04 1.02 1.01 
1.02 1.02 1.06 1.02 1.04 1.04 1.01 1.05 1.06 1.02 
1.04 1.05 1.02 1.04 1.01 1.02 1.01 1.05 1.05 1.06 
1.02 1.04 1.01 1.04 1.04 1.03 1.05 1.01 1.06 1.03 
1.02 1.01 1.06 1.02 1.03 1.05 1.06 1.01 1.01 1.05 
1.05 1.04 1.04 1.02 1.03 1.05 1.06 1.03 1.06 1.06 
1.06 1.02 1.03 1.06 1.04 1.01 1.04 1.06 1.02 1.06 
1.03 1.02 1.01 1.06 1.06 1.04 1.05 1.06 1.06 1.04 
1.04 1.05 1.01 1.05 1.03 1.03 1.06 1.05 1.04 1.04 
1.01 1.05 1.02 1.04 1.01 1.06 1.06 1.04 1.02 1.01 
1.04 1.01 1.04 1.02 1.05 1.02 1.04 1.04 1.05 1.03 
1.06 1.02 1.05 1.02 1.04 1.04 1.05 1.06 1.03 1.01 
1.04 1.05 1.01 1.01 1.04 1.06 1.04 1.04 1.06 1.01 
1.02 1.02 1.03 1.04 1.06 1.06 1.05 1.02 1.03 1.05 
1.02 1.06 1.03 1.04 1.05 1.06 1.05 1.06 1.01 1.04 
1.03 1.06 1.06 1.01 1.04 1.01 1.04 1.06 1.02 1.01 
1.05 1.05 1.04 1.02 1.03 1.04 1.05 1.02 1.06 1.06 
1.02 1.02 1.01 1.05 1.04 1.03 1.06 1.06 1.05 1.06 
1.02 1.05 1.06 1.03 1.05 1.04 1.06 1.01 1.01 1.04 
1.04 1.03 1.05 1.04 1.04 1.01 1.03 1.05 1.05 1.03 
1.02 1.02 1.06 1.06 1.03 1.02 1.01 1.03 1.04 1.06 
1.06 1.03 1.02 1.06 1.04 1.05 1.06 1.02 1.06 1.06 
1.06 1.01 1.04 1.02 1.05 1.04 1.05 1.06 1.04 1.02 
1.05 1.03 1.04 1.02 1.01 1.02 1.06 1.06 1.02 1.01 
1.05 1.04 1.06 1.06 1.04 1.02 1.04 1.03 1.05 1.01 
1.03 1.04 1.05 1.05 1.04 1.02 1.02 1.01 1.06 1.01 
1.06 1.02 1.01 1.02 1.06 1.02 1.03 1.01 1.06 1.03 
1.03 1.01 1.05 1.04 1.03 1.03 1.05 1.03 1.02 1.02 
1.02 1.01 1.03 1.03 1.03 1.05 1.01 1.01 1.06 1.05 
1.04 1.01 1.06 1.05 1.01 1.01 1.06 1.04 1.01 1.04 
1.02 1.02 1.01 1.01 1.02 1.06 1.06 1.01 1.03 1.03 
1.01 1.04 1.02 1.04 1.06 1.04 1.02 1.05 1.03 1.04 
1.04 1.04 1.03 1.01 1.01 1.01 1.06 1.03 1.05 1.04 
1.02 1.04 1.01 1.04 1.03 1.04 1.03 1.01 1.04 1.06 
1.01 1.05 1.03 1.04 1.02 1.01 1.02 1.02 1.05 1.02 
1.04 1.01 1.01 1.01 1.02 1.03 1.03 1.05 1.04 1.04 
1.01 1.01 1.01 1.03 1.03 1.01 1.01 1.01 1.01 1.05 
1.02 1.04 1.02 1.04 1.02 1.03 1.06 1.06 1.05 1.04 
1.05 1.06 1.03 1.05 1.05 1.06 1.01 1.04 1.01 1.05 
