10
100
90 95 38 86 28 4 43 87 63 1 58 100 93 49 3 97 90 100 2 98 87 18 24 50 2 50 14 28 86 29 31 3 40 99 97 73 25 28 68 19 37 83 46 95 31 99 54 86 89 64 49 11 26 45 82 87 39 85 83 30 23 63 28 34 98 24 4 87 44 12 72 38 53 81 66 74 76 83 34 64 81 97 49 66 23 22 59 27 14 84 53 4 12 61 39 70 18 79 21 18 
1 3 1 1 1 3 2 3 1 1 
1.05 1.07 1.07 1.06 1.07 1.09 1.09 1.05 1.06 1.05 
1.08 1.06 1.05 1.09 1.05 1.09 1.05 1.09 1.09 1.05 
1.08 1.07 1.07 1.06 1.05 1.06 1.08 1.05 1.07 1.06 
1.08 1.09 1.09 1.08 1.08 1.09 1.09 1.08 1.08 1.08 
1.08 1.07 1.07 1.08 1.06 1.09 1.08 1.09 1.06 1.09 
1.07 1.05 1.05 1.09 1.05 1.06 1.08 1.08 1.07 1.05 
1.05 1.07 1.07 1.08 1.09 1.05 1.09 1.06 1.05 1.07 
1.08 1.05 1.09 1.06 1.07 1.05 1.07 1.07 1.05 1.05 
1.06 1.07 1.05 1.07 1.06 1.06 1.09 1.07 1.09 1.08 
1.06 1.05 1.07 1.07 1.05 1.08 1.06 1.07 1.05 1.09 
1.07 1.09 1.06 1.06 1.05 1.08 1.06 1.05 1.09 1.06 
1.06 1.08 1.08 1.07 1.09 1.08 1.05 1.09 1.05 1.08 
1.07 1.05 1.09 1.07 1.05 1.05 1.07 1.06 1.06 1.05 
1.06 1.05 1.06 1.07 1.05 1.08 1.09 1.06 1.06 1.09 
1.06 1.06 1.06 1.06 1.06 1.07 1.06 1.05 1.05 1.07 
1.09 1.09 1.07 1.06 1.07 1.09 1.08 1.05 1.08 1.08 
1.08 1.05 1.06 1.08 1.08 1.05 1.09 1.06 1.07 1.09 
1.06 1.08 1.05 1.05 1.07 1.05 1.08 1.06 1.05 1.08 
1.09 1.09 1.07 1.05 1.05 1.05 1.05 1.06 1.09 1.06 
1.08 1.07 1.06 1.05 1.07 1.07 1.08 1.06 1.09 1.06 
1.08 1.05 1.09 1.09 1.08 1.09 1.05 1.08 1.08 1.07 
1.09 1.05 1.06 1.08 1.05 1.05 1.09 1.08 1.06 1.07 
1.09 1.08 1.05 1.05 1.07 1.07 1.06 1.05 1.05 1.07 
1.07 1.07 1.06 1.09 1.08 1.06 1.06 1.06 1.05 1.09 
1.05 1.08 1.07 1.07 1.05 1.07 1.08 1.06 1.05 1.09 
1.09 1.08 1.07 1.09 1.06 1.06 1.06 1.09 1.09 1.08 
1.08 1.06 1.07 1.08 1.05 1.08 1.09 1.05 1.06 1.08 
1.09 1.09 1.07 1.08 1.08 1.08 1.06 1.09 1.05 1.08 
1.08 1.08 1.09 1.06 1.06 1.08 1.06 1.07 1.07 1.08 
1.09 1.07 1.07 1.08 1.07 1.06 1.07 1.07 1.09 1.08 
1.09 1.09 1.05 1.07 1.05 1.05 1.06 1.09 1.05 1.05 
1.06 1.09 1.09 1.06 1.09 1.05 1.05 1.05 1.05 1.06 
1.08 1.09 1.09 1.07 1.06 1.05 1.05 1.09 1.09 1.07 
1.09 1.07 1.05 1.09 1.09 1.09 1.05 1.07 1.08 1.07 
1.09 1.07 1.06 1.07 1.05 1.06 1.07 1.07 1.06 1.08 
1.08 1.06 1.06 1.08 1.09 1.05 1.08 1.07 1.06 1.09 
1.06 1.08 1.07 1.05 1.08 1.07 1.09 1.06 1.09 1.07 
1.05 1.09 1.05 1.08 1.05 1.08 1.06 1.06 1.05 1.09 
1.09 1.09 1.05 1.06 1.05 1.05 1.05 1.09 1.06 1.06 
1.05 1.05 1.05 1.05 1.09 1.07 1.07 1.09 1.09 1.07 
1.05 1.08 1.05 1.06 1.07 1.06 1.05 1.07 1.05 1.07 
1.05 1.08 1.08 1.06 1.07 1.09 1.09 1.08 1.06 1.05 
1.09 1.06 1.07 1.06 1.09 1.08 1.06 1.06 1.07 1.07 
1.05 1.05 1.07 1.07 1.09 1.08 1.08 1.07 1.09 1.05 
1.07 1.07 1.05 1.05 1.05 1.05 1.05 1.06 1.05 1.06 
1.07 1.08 1.08 1.09 1.09 1.08 1.07 1.08 1.09 1.09 
1.07 1.05 1.06 1.05 1.08 1.07 1.07 1.09 1.06 1.09 
1.07 1.08 1.07 1.07 1.09 1.09 1.08 1.06 1.05 1.09 
1.09 1.09 1.09 1.05 1.05 1.05 1.08 1.05 1.08 1.09 
1.05 1.05 1.05 1.08 1.09 1.07 1.06 1.09 1.05 1.05 
1.05 1.06 1.06 1.08 1.05 1.07 1.09 1.05 1.06 1.05 
1.08 1.08 1.05 1.06 1.08 1.05 1.05 1.09 1.06 1.08 
1.06 1.05 1.07 1.06 1.05 1.06 1.07 1.07 1.08 1.05 
1.07 1.09 1.07 1.07 1.06 1.09 1.06 1.05 1.08 1.07 
1.09 1.09 1.05 1.08 1.09 1.06 1.06 1.07 1.05 1.08 
1.07 1.09 1.07 1.08 1.05 1.07 1.06 1.08 1.07 1.05 
1.06 1.06 1.07 1.07 1.08 1.06 1.05 1.07 1.07 1.05 
1.05 1.08 1.05 1.06 1.09 1.07 1.06 1.08 1.09 1.09 
1.08 1.06 1.05 1.07 1.08 1.06 1.09 1.09 1.08 1.09 
1.05 1.09 1.06 1.09 1.07 1.05 1.08 1.07 1.08 1.06 
1.09 1.08 1.09 1.08 1.08 1.05 1.09 1.09 1.05 1.06 
1.07 1.07 1.06 1.08 1.09 1.05 1.06 1.06 1.07 1.05 
1.06 1.06 1.08 1.07 1.05 1.09 1.05 1.06 1.06 1.05 
1.07 1.08 1.05 1.09 1.09 1.08 1.07 1.06 1.06 1.08 
1.08 1.05 1.06 1.09 1.07 1.09 1.06 1.08 1.08 1.05 
1.06 1.09 1.07 1.06 1.05 1.09 1.06 1.08 1.08 1.05 
1.05 1.07 1.07 1.06 1.07 1.09 1.06 1.06 1.07 1.06 
1.08 1.06 1.05 1.05 1.09 1.08 1.08 1.06 1.09 1.05 
1.05 1.06 1.06 1.06 1.07 1.07 1.08 1.08 1.06 1.08 
1.06 1.07 1.05 1.09 1.09 1.07 1.09 1.06 1.08 1.07 
1.08 1.09 1.09 1.09 1.05 1.08 1.09 1.07 1.08 1.09 
1.06 1.09 1.09 1.07 1.08 1.09 1.05 1.05 1.08 1.07 
1.07 1.08 1.09 1.08 1.08 1.05 1.09 1.05 1.09 1.09 
1.07 1.05 1.05 1.09 1.05 1.08 1.08 1.08 1.06 1.09 
1.09 1.09 1.06 1.09 1.09 1.06 1.07 1.09 1.08 1.08 
1.06 1.07 1.09 1.05 1.09 1.08 1.06 1.09 1.05 1.05 
1.05 1.09 1.05 1.06 1.09 1.09 1.06 1.07 1.07 1.08 
1.08 1.08 1.05 1.06 1.06 1.06 1.09 1.09 1.07 1.08 
1.05 1.09 1.07 1.05 1.09 1.05 1.07 1.07 1.06 1.08 
1.07 1.06 1.09 1.06 1.09 1.09 1.09 1.08 1.05 1.08 
1.07 1.09 1.07 1.07 1.09 1.06 1.08 1.05 1.07 1.05 
1.06 1.05 1.05 1.07 1.08 1.09 1.09 1.09 1.06 1.05 
1.09 1.09 1.05 1.07 1.09 1.07 1.08 1.08 1.07 1.06 
1.09 1.06 1.08 1.06 1.05 1.07 1.09 1.08 1.08 1.08 
1.09 1.09 1.07 1.08 1.08 1.06 1.07 1.06 1.09 1.08 
1.05 1.05 1.07 1.06 1.08 1.08 1.06 1.06 1.06 1.06 
1.08 1.08 1.09 1.07 1.07 1.08 1.09 1.09 1.08 1.09 
1.06 1.05 1.07 1.09 1.07 1.08 1.08 1.07 1.05 1.08 
1.09 1.06 1.05 1.06 1.06 1.05 1.09 1.08 1.09 1.07 
1.05 1.05 1.07 1.05 1.07 1.06 1.09 1.07 1.05 1.09 
1.08 1.08 1.05 1.06 1.07 1.05 1.05 1.05 1.08 1.08 
1.05 1.06 1.07 1.09 1.07 1.06 1.06 1.05 1.07 1.06 
1.08 1.09 1.09 1.05 1.06 1.09 1.06 1.08 1.06 1.08 
1.09 1.05 1.08 1.09 1.06 1.08 1.06 1.09 1.05 1.05 
1.05 1.09 1.07 1.06 1.08 1.09 1.06 1.06 1.09 1.09 
1.06 1.09 1.09 1.06 1.07 1.07 1.06 1.05 1.06 1.05 
1.09 1.06 1.09 1.06 1.08 1.09 1.08 1.05 1.06 1.05 
1.06 1.06 1.07 1.05 1.05 1.06 1.07 1.08 1.09 1.09 
1.08 1.06 1.07 1.05 1.09 1.08 1.07 1.07 1.09 1.09 
1.07 1.06 1.09 1.06 1.07 1.05 1.06 1.07 1.05 1.09 
