10
100
45 48 91 70 77 63 60 4 54 54 6 13 90 82 16 80 57 63 41 1 28 87 91 7 12 5 47 34 1 89 100 40 22 37 91 7 50 73 79 4 63 83 80 66 26 37 62 72 15 32 35 89 54 14 80 82 14 50 52 92 34 59 25 99 45 10 56 73 86 28 31 3 12 100 46 43 54 72 39 5 91 1 97 23 75 27 34 23 29 31 79 74 36 37 37 23 87 81 46 16 
6 2 8 9 2 7 1 8 7 8 
1.06 1.09 1.08 1.05 1.09 1.08 1.06 1.06 1.05 1.08 
1.06 1.06 1.09 1.06 1.05 1.09 1.07 1.09 1.09 1.07 
1.08 1.07 1.06 1.05 1.06 1.07 1.08 1.08 1.09 1.09 
1.07 1.05 1.06 1.08 1.06 1.05 1.09 1.06 1.06 1.09 
1.05 1.07 1.08 1.08 1.08 1.08 1.07 1.05 1.08 1.06 
1.05 1.05 1.09 1.06 1.05 1.08 1.05 1.08 1.09 1.06 
1.05 1.09 1.07 1.07 1.09 1.05 1.09 1.08 1.05 1.06 
1.08 1.09 1.05 1.09 1.07 1.07 1.09 1.09 1.05 1.05 
1.05 1.08 1.05 1.06 1.07 1.06 1.08 1.05 1.05 1.09 
1.07 1.09 1.09 1.07 1.09 1.05 1.08 1.05 1.05 1.07 
1.08 1.08 1.08 1.09 1.09 1.08 1.05 1.06 1.08 1.09 
1.07 1.07 1.05 1.08 1.05 1.05 1.07 1.06 1.06 1.07 
1.06 1.06 1.09 1.08 1.05 1.08 1.07 1.08 1.06 1.05 
1.08 1.05 1.06 1.08 1.08 1.07 1.07 1.05 1.06 1.09 
1.06 1.06 1.08 1.07 1.09 1.05 1.09 1.08 1.09 1.09 
1.05 1.07 1.06 1.05 1.09 1.08 1.08 1.08 1.09 1.07 
1.09 1.09 1.08 1.07 1.06 1.06 1.09 1.06 1.08 1.08 
1.06 1.05 1.07 1.07 1.07 1.07 1.07 1.09 1.05 1.09 
1.07 1.05 1.06 1.07 1.08 1.08 1.07 1.08 1.07 1.09 
1.06 1.08 1.09 1.05 1.07 1.09 1.09 1.06 1.06 1.06 
1.06 1.09 1.05 1.06 1.06 1.05 1.09 1.07 1.06 1.08 
1.09 1.08 1.05 1.05 1.06 1.09 1.06 1.09 1.06 1.05 
1.07 1.08 1.08 1.07 1.07 1.07 1.08 1.07 1.09 1.08 
1.07 1.06 1.06 1.08 1.07 1.08 1.07 1.05 1.07 1.07 
1.09 1.08 1.07 1.06 1.09 1.07 1.09 1.07 1.08 1.06 
1.08 1.06 1.05 1.05 1.07 1.06 1.05 1.07 1.06 1.07 
1.07 1.06 1.05 1.05 1.06 1.07 1.08 1.06 1.08 1.06 
1.07 1.09 1.06 1.08 1.06 1.08 1.08 1.06 1.06 1.08 
1.09 1.07 1.09 1.05 1.05 1.05 1.09 1.07 1.06 1.08 
1.07 1.06 1.09 1.09 1.07 1.06 1.07 1.08 1.06 1.05 
1.08 1.07 1.08 1.08 1.06 1.06 1.07 1.05 1.07 1.07 
1.05 1.05 1.07 1.09 1.08 1.05 1.05 1.05 1.07 1.08 
1.06 1.08 1.05 1.05 1.09 1.09 1.08 1.07 1.05 1.07 
1.08 1.05 1.07 1.08 1.08 1.08 1.06 1.08 1.06 1.06 
1.05 1.07 1.08 1.05 1.07 1.07 1.09 1.07 1.05 1.08 
1.06 1.09 1.08 1.07 1.07 1.08 1.05 1.07 1.06 1.08 
1.05 1.08 1.06 1.08 1.06 1.08 1.09 1.07 1.09 1.08 
1.08 1.05 1.05 1.08 1.07 1.05 1.07 1.08 1.06 1.09 
1.06 1.06 1.07 1.07 1.09 1.07 1.09 1.07 1.05 1.05 
1.07 1.06 1.08 1.06 1.05 1.08 1.07 1.06 1.06 1.07 
1.06 1.06 1.07 1.09 1.05 1.05 1.05 1.06 1.06 1.07 
1.07 1.07 1.08 1.09 1.07 1.06 1.05 1.05 1.05 1.06 
1.05 1.06 1.05 1.08 1.08 1.06 1.06 1.06 1.07 1.05 
1.09 1.07 1.06 1.08 1.05 1.09 1.05 1.07 1.08 1.08 
1.09 1.08 1.09 1.09 1.06 1.06 1.06 1.08 1.09 1.09 
1.09 1.07 1.05 1.09 1.09 1.06 1.05 1.05 1.08 1.06 
1.05 1.09 1.05 1.05 1.06 1.09 1.08 1.07 1.05 1.05 
1.07 1.06 1.09 1.08 1.05 1.07 1.09 1.07 1.05 1.09 
1.07 1.07 1.05 1.05 1.05 1.05 1.07 1.08 1.07 1.07 
1.06 1.09 1.06 1.09 1.08 1.09 1.05 1.09 1.05 1.06 
1.09 1.05 1.05 1.07 1.07 1.07 1.05 1.08 1.05 1.07 
1.09 1.05 1.05 1.08 1.08 1.08 1.08 1.05 1.06 1.09 
1.05 1.08 1.09 1.06 1.06 1.09 1.05 1.09 1.06 1.07 
1.05 1.06 1.05 1.05 1.09 1.09 1.09 1.05 1.09 1.07 
1.06 1.06 1.05 1.08 1.05 1.08 1.07 1.05 1.09 1.05 
1.06 1.08 1.08 1.05 1.09 1.05 1.09 1.05 1.09 1.09 
1.07 1.08 1.08 1.09 1.06 1.06 1.06 1.07 1.09 1.06 
1.06 1.07 1.06 1.06 1.09 1.05 1.06 1.06 1.07 1.06 
1.05 1.08 1.05 1.08 1.06 1.07 1.08 1.06 1.07 1.05 
1.05 1.05 1.07 1.06 1.07 1.06 1.05 1.09 1.08 1.09 
1.06 1.09 1.08 1.06 1.06 1.05 1.05 1.05 1.06 1.09 
1.07 1.09 1.09 1.06 1.07 1.05 1.05 1.09 1.07 1.09 
1.07 1.09 1.09 1.08 1.07 1.08 1.06 1.05 1.06 1.09 
1.07 1.05 1.06 1.06 1.07 1.09 1.09 1.07 1.08 1.06 
1.09 1.08 1.05 1.08 1.07 1.08 1.08 1.05 1.09 1.06 
1.08 1.07 1.06 1.08 1.05 1.08 1.09 1.07 1.08 1.07 
1.05 1.07 1.09 1.07 1.08 1.07 1.05 1.05 1.08 1.08 
1.07 1.05 1.06 1.06 1.08 1.08 1.08 1.09 1.05 1.08 
1.09 1.06 1.05 1.09 1.08 1.06 1.07 1.06 1.05 1.05 
1.05 1.06 1.09 1.09 1.05 1.07 1.06 1.07 1.07 1.07 
1.08 1.05 1.08 1.09 1.07 1.08 1.07 1.08 1.09 1.09 
1.05 1.07 1.07 1.05 1.08 1.07 1.06 1.09 1.06 1.07 
1.05 1.08 1.07 1.08 1.05 1.07 1.05 1.05 1.08 1.09 
1.08 1.07 1.08 1.05 1.05 1.07 1.07 1.08 1.06 1.08 
1.09 1.09 1.07 1.08 1.05 1.09 1.08 1.06 1.07 1.08 
1.06 1.08 1.06 1.06 1.08 1.08 1.06 1.07 1.08 1.08 
1.07 1.07 1.07 1.08 1.08 1.08 1.07 1.07 1.05 1.09 
1.08 1.06 1.05 1.05 1.06 1.05 1.06 1.06 1.06 1.09 
1.06 1.05 1.08 1.08 1.09 1.09 1.09 1.08 1.07 1.07 
1.07 1.05 1.09 1.05 1.05 1.06 1.06 1.07 1.05 1.06 
1.09 1.07 1.05 1.08 1.07 1.05 1.09 1.06 1.06 1.05 
1.06 1.05 1.09 1.06 1.05 1.07 1.07 1.05 1.05 1.09 
1.07 1.07 1.08 1.05 1.05 1.09 1.05 1.05 1.08 1.08 
1.09 1.09 1.08 1.06 1.09 1.08 1.05 1.08 1.09 1.06 
1.05 1.05 1.08 1.07 1.07 1.08 1.06 1.05 1.06 1.09 
1.08 1.09 1.05 1.08 1.09 1.06 1.06 1.08 1.08 1.07 
1.09 1.07 1.05 1.08 1.09 1.08 1.09 1.05 1.08 1.09 
1.06 1.06 1.08 1.09 1.07 1.08 1.09 1.09 1.09 1.05 
1.05 1.06 1.07 1.06 1.06 1.08 1.07 1.09 1.07 1.05 
1.08 1.09 1.09 1.09 1.07 1.07 1.06 1.07 1.05 1.08 
1.05 1.06 1.09 1.07 1.05 1.05 1.09 1.09 1.09 1.05 
1.05 1.05 1.06 1.06 1.07 1.08 1.09 1.09 1.06 1.09 
1.06 1.09 1.09 1.06 1.09 1.07 1.09 1.09 1.05 1.08 
1.06 1.07 1.06 1.07 1.07 1.08 1.06 1.07 1.08 1.08 
1.08 1.08 1.06 1.07 1.08 1.09 1.06 1.08 1.06 1.08 
1.05 1.08 1.06 1.07 1.07 1.09 1.05 1.05 1.05 1.05 
1.08 1.07 1.07 1.08 1.09 1.05 1.06 1.05 1.07 1.09 
1.08 1.07 1.05 1.08 1.08 1.08 1.06 1.07 1.08 1.09 
1.06 1.05 1.09 1.08 1.05 1.05 1.08 1.09 1.08 1.09 
1.09 1.08 1.09 1.08 1.09 1.07 1.08 1.07 1.09 1.06 
