10
200
65 25 77 67 8 23 15 91 46 95 6 95 30 61 44 11 39 14 23 3 67 97 29 41 25 62 66 82 43 8 14 25 13 90 65 11 90 6 5 91 71 77 19 14 45 81 100 67 10 59 49 91 80 75 4 43 73 54 1 84 30 20 50 8 7 10 55 79 3 70 96 77 17 56 15 94 41 63 53 42 91 72 88 30 52 46 90 66 79 67 24 97 95 26 97 26 17 82 49 52 9 58 54 88 55 13 78 13 80 15 37 24 47 9 92 93 37 74 22 2 96 62 82 39 46 39 49 94 73 58 85 20 18 87 83 31 95 52 85 29 41 55 66 29 50 85 42 29 41 30 13 40 19 55 15 8 38 11 42 34 84 81 87 93 67 16 1 12 43 68 7 84 27 100 68 42 39 73 13 4 25 58 17 66 7 53 96 23 48 33 86 93 90 51 45 25 8 10 38 66 
1 3 1 2 2 3 2 2 1 3 
1.05 1.04 1.01 1.02 1.06 1.01 1.03 1.02 1.06 1.04 
1.04 1.03 1.01 1.05 1.03 1.01 1.05 1.04 1.02 1.06 
1.05 1.01 1.03 1.05 1.04 1.04 1.03 1.01 1.01 1.06 
1.03 1.01 1.03 1.06 1.04 1.05 1.02 1.02 1.02 1.05 
1.05 1.05 1.06 1.02 1.06 1.02 1.01 1.01 1.05 1.06 
1.01 1.03 1.03 1.01 1.06 1.06 1.06 1.01 1.01 1.01 
1.06 1.03 1.01 1.02 1.02 1.01 1.04 1.06 1.03 1.05 
1.04 1.04 1.05 1.02 1.04 1.02 1.06 1.04 1.01 1.03 
1.05 1.01 1.05 1.01 1.01 1.06 1.03 1.06 1.03 1.04 
1.06 1.01 1.02 1.06 1.01 1.04 1.06 1.03 1.01 1.04 
1.03 1.04 1.03 1.04 1.01 1.01 1.03 1.06 1.01 1.01 
1.02 1.03 1.03 1.04 1.05 1.01 1.01 1.06 1.03 1.06 
1.06 1.01 1.03 1.05 1.01 1.05 1.03 1.02 1.04 1.01 
1.06 1.02 1.02 1.02 1.06 1.06 1.06 1.04 1.06 1.01 
1.02 1.05 1.06 1.04 1.06 1.05 1.01 1.04 1.03 1.05 
1.04 1.04 1.02 1.04 1.06 1.04 1.01 1.06 1.02 1.05 
1.06 1.03 1.03 1.06 1.04 1.04 1.05 1.05 1.03 1.05 
1.05 1.06 1.04 1.02 1.05 1.02 1.01 1.02 1.03 1.03 
1.06 1.06 1.04 1.03 1.03 1.01 1.03 1.02 1.04 1.02 
1.05 1.04 1.03 1.03 1.03 1.02 1.05 1.02 1.06 1.02 
1.03 1.04 1.04 1.04 1.05 1.03 1.05 1.03 1.03 1.03 
1.01 1.03 1.01 1.03 1.05 1.06 1.01 1.06 1.02 1.04 
1.04 1.02 1.03 1.04 1.04 1.03 1.06 1.05 1.04 1.03 
1.04 1.03 1.06 1.01 1.05 1.05 1.04 1.06 1.03 1.04 
1.06 1.06 1.04 1.01 1.06 1.01 1.02 1.06 1.05 1.02 
1.05 1.03 1.06 1.04 1.04 1.06 1.05 1.01 1.06 1.03 
1.04 1.05 1.05 1.01 1.04 1.01 1.03 1.06 1.05 1.06 
1.03 1.05 1.06 1.03 1.05 1.06 1.06 1.01 1.06 1.02 
1.04 1.03 1.01 1.04 1.01 1.05 1.03 1.05 1.03 1.05 
1.02 1.01 1.02 1.02 1.06 1.04 1.06 1.06 1.04 1.01 
1.03 1.04 1.03 1.05 1.06 1.02 1.06 1.02 1.04 1.05 
1.06 1.03 1.02 1.05 1.05 1.02 1.04 1.01 1.04 1.06 
1.04 1.01 1.06 1.06 1.06 1.06 1.01 1.05 1.01 1.04 
1.04 1.02 1.01 1.06 1.02 1.03 1.01 1.03 1.05 1.04 
1.06 1.05 1.03 1.02 1.06 1.06 1.01 1.03 1.01 1.06 
1.05 1.01 1.05 1.05 1.06 1.05 1.04 1.03 1.06 1.06 
1.01 1.03 1.02 1.06 1.01 1.02 1.03 1.01 1.04 1.05 
1.02 1.02 1.01 1.05 1.04 1.01 1.01 1.06 1.01 1.02 
1.04 1.01 1.05 1.03 1.03 1.06 1.05 1.01 1.01 1.03 
1.06 1.01 1.01 1.03 1.03 1.06 1.06 1.05 1.02 1.06 
1.01 1.02 1.04 1.01 1.06 1.03 1.06 1.01 1.03 1.03 
1.05 1.01 1.02 1.02 1.04 1.03 1.05 1.06 1.05 1.04 
1.02 1.04 1.01 1.06 1.02 1.04 1.01 1.01 1.03 1.06 
1.01 1.02 1.06 1.01 1.02 1.05 1.01 1.02 1.06 1.02 
1.05 1.05 1.04 1.03 1.04 1.06 1.06 1.02 1.03 1.03 
1.02 1.03 1.02 1.03 1.01 1.04 1.04 1.06 1.06 1.06 
1.06 1.01 1.03 1.02 1.03 1.03 1.06 1.05 1.01 1.06 
1.01 1.02 1.06 1.05 1.02 1.06 1.05 1.03 1.06 1.05 
1.03 1.03 1.03 1.02 1.01 1.06 1.01 1.03 1.05 1.02 
1.03 1.05 1.03 1.01 1.02 1.02 1.02 1.04 1.06 1.02 
1.03 1.04 1.03 1.04 1.02 1.04 1.01 1.03 1.01 1.06 
1.04 1.05 1.01 1.06 1.02 1.02 1.05 1.06 1.03 1.05 
1.02 1.06 1.04 1.02 1.05 1.06 1.06 1.01 1.01 1.04 
1.04 1.04 1.05 1.06 1.06 1.03 1.02 1.06 1.04 1.01 
1.04 1.01 1.02 1.03 1.05 1.02 1.06 1.03 1.02 1.02 
1.05 1.01 1.05 1.06 1.05 1.01 1.05 1.06 1.01 1.02 
1.04 1.06 1.01 1.04 1.01 1.05 1.01 1.03 1.06 1.04 
1.02 1.02 1.02 1.04 1.05 1.01 1.03 1.03 1.05 1.06 
1.02 1.02 1.02 1.03 1.06 1.05 1.06 1.05 1.06 1.03 
1.06 1.04 1.03 1.03 1.05 1.04 1.02 1.05 1.01 1.06 
1.01 1.06 1.01 1.02 1.05 1.03 1.01 1.06 1.04 1.04 
1.05 1.02 1.03 1.04 1.01 1.02 1.03 1.02 1.04 1.06 
1.01 1.05 1.02 1.06 1.06 1.05 1.04 1.03 1.03 1.03 
1.05 1.03 1.04 1.06 1.03 1.04 1.03 1.06 1.03 1.05 
1.01 1.03 1.05 1.05 1.01 1.04 1.02 1.05 1.01 1.06 
1.02 1.04 1.04 1.04 1.05 1.03 1.06 1.03 1.03 1.03 
1.03 1.01 1.05 1.04 1.01 1.04 1.01 1.06 1.06 1.05 
1.05 1.01 1.05 1.01 1.05 1.06 1.02 1.04 1.03 1.03 
1.04 1.06 1.05 1.05 1.05 1.04 1.03 1.02 1.06 1.03 
1.04 1.01 1.06 1.02 1.03 1.04 1.03 1.05 1.01 1.01 
1.02 1.04 1.05 1.01 1.04 1.06 1.02 1.05 1.04 1.05 
1.02 1.01 1.05 1.02 1.04 1.02 1.05 1.02 1.06 1.05 
1.05 1.01 1.06 1.06 1.03 1.06 1.03 1.03 1.04 1.01 
1.05 1.02 1.03 1.06 1.02 1.02 1.01 1.03 1.04 1.05 
1.02 1.03 1.01 1.03 1.05 1.06 1.06 1.03 1.05 1.04 
1.05 1.05 1.01 1.03 1.03 1.04 1.01 1.06 1.01 1.05 
1.03 1.03 1.05 1.06 1.04 1.01 1.02 1.03 1.04 1.04 
1.05 1.02 1.05 1.04 1.02 1.02 1.01 1.05 1.02 1.03 
1.01 1.03 1.06 1.05 1.06 1.03 1.01 1.02 1.02 1.04 
1.05 1.03 1.03 1.02 1.06 1.04 1.02 1.03 1.01 1.03 
1.05 1.06 1.06 1.01 1.04 1.06 1.03 1.02 1.03 1.03 
1.01 1.06 1.04 1.02 1.05 1.06 1.03 1.01 1.03 1.02 
1.03 1.06 1.03 1.02 1.06 1.06 1.05 1.03 1.04 1.06 
1.04 1.01 1.04 1.01 1.05 1.03 1.01 1.03 1.06 1.01 
1.05 1.01 1.04 1.01 1.03 1.06 1.05 1.03 1.03 1.05 
1.03 1.03 1.06 1.02 1.02 1.04 1.01 1.04 1.06 1.06 
1.04 1.06 1.03 1.03 1.04 1.04 1.02 1.01 1.02 1.05 
1.03 1.04 1.01 1.06 1.05 1.03 1.04 1.04 1.03 1.05 
1.01 1.06 1.04 1.03 1.02 1.04 1.03 1.03 1.01 1.03 
1.03 1.04 1.06 1.03 1.06 1.02 1.05 1.05 1.02 1.04 
1.04 1.06 1.02 1.04 1.03 1.01 1.04 1.03 1.06 1.06 
1.03 1.01 1.05 1.02 1.06 1.05 1.06 1.04 1.04 1.04 
1.04 1.04 1.02 1.03 1.03 1.03 1.04 1.03 1.01 1.03 
1.01 1.02 1.04 1.06 1.04 1.02 1.03 1.05 1.02 1.02 
1.06 1.06 1.03 1.04 1.03 1.04 1.03 1.06 1.06 1.06 
1.01 1.05 1.05 1.06 1.04 1.04 1.04 1.02 1.06 1.01 
1.03 1.04 1.01 1.04 1.05 1.05 1.06 1.05 1.01 1.06 
1.06 1.03 1.06 1.02 1.04 1.03 1.05 1.03 1.02 1.03 
1.04 1.03 1.03 1.03 1.05 1.01 1.04 1.02 1.01 1.05 
1.02 1.05 1.06 1.02 1.01 1.02 1.01 1.06 1.06 1.03 
1.03 1.05 1.05 1.05 1.05 1.03 1.06 1.06 1.01 1.02 
1.01 1.03 1.05 1.05 1.02 1.03 1.06 1.02 1.02 1.06 
1.03 1.02 1.06 1.02 1.02 1.01 1.01 1.03 1.03 1.01 
1.04 1.02 1.01 1.04 1.05 1.02 1.06 1.01 1.03 1.06 
1.03 1.02 1.01 1.03 1.04 1.02 1.06 1.04 1.05 1.01 
1.02 1.03 1.05 1.01 1.01 1.03 1.04 1.05 1.04 1.01 
1.02 1.06 1.03 1.03 1.02 1.06 1.04 1.01 1.05 1.04 
1.05 1.02 1.03 1.01 1.06 1.06 1.04 1.04 1.04 1.01 
1.01 1.02 1.02 1.04 1.01 1.04 1.03 1.02 1.01 1.01 
1.06 1.03 1.06 1.01 1.03 1.02 1.01 1.05 1.06 1.02 
1.06 1.02 1.03 1.05 1.03 1.02 1.04 1.02 1.06 1.03 
1.06 1.04 1.06 1.01 1.06 1.06 1.04 1.03 1.04 1.04 
1.05 1.06 1.05 1.04 1.05 1.06 1.02 1.04 1.05 1.02 
1.01 1.03 1.02 1.01 1.02 1.02 1.03 1.02 1.02 1.02 
1.04 1.05 1.02 1.02 1.06 1.06 1.03 1.05 1.01 1.04 
1.06 1.05 1.04 1.02 1.06 1.04 1.04 1.01 1.02 1.04 
1.04 1.06 1.01 1.01 1.04 1.03 1.02 1.01 1.02 1.03 
1.04 1.03 1.04 1.02 1.05 1.05 1.04 1.03 1.02 1.04 
1.02 1.05 1.02 1.01 1.05 1.02 1.05 1.02 1.04 1.06 
1.06 1.04 1.04 1.03 1.04 1.03 1.05 1.05 1.05 1.01 
1.01 1.04 1.04 1.04 1.01 1.04 1.03 1.04 1.01 1.04 
1.05 1.05 1.04 1.03 1.02 1.03 1.01 1.06 1.05 1.02 
1.03 1.04 1.03 1.02 1.02 1.06 1.03 1.03 1.05 1.01 
1.05 1.06 1.03 1.05 1.02 1.04 1.02 1.04 1.03 1.01 
1.02 1.01 1.04 1.04 1.06 1.02 1.06 1.02 1.03 1.04 
1.04 1.01 1.05 1.01 1.03 1.01 1.01 1.01 1.03 1.03 
1.02 1.02 1.01 1.01 1.06 1.06 1.01 1.04 1.05 1.04 
1.01 1.05 1.01 1.05 1.02 1.04 1.06 1.05 1.06 1.02 
1.04 1.02 1.06 1.01 1.04 1.04 1.04 1.05 1.03 1.06 
1.04 1.04 1.06 1.03 1.04 1.02 1.06 1.03 1.04 1.03 
1.05 1.01 1.03 1.05 1.04 1.06 1.01 1.02 1.03 1.02 
1.02 1.05 1.04 1.04 1.06 1.03 1.06 1.01 1.04 1.05 
1.03 1.02 1.06 1.04 1.01 1.02 1.05 1.02 1.02 1.06 
1.03 1.02 1.05 1.02 1.02 1.04 1.05 1.05 1.05 1.04 
1.05 1.04 1.03 1.06 1.03 1.04 1.06 1.06 1.04 1.03 
1.02 1.06 1.06 1.01 1.04 1.02 1.01 1.03 1.05 1.04 
1.01 1.02 1.06 1.05 1.04 1.01 1.04 1.05 1.06 1.05 
1.05 1.04 1.05 1.03 1.06 1.05 1.02 1.01 1.06 1.05 
1.01 1.01 1.05 1.02 1.06 1.05 1.02 1.05 1.06 1.02 
1.05 1.01 1.01 1.01 1.01 1.01 1.02 1.04 1.06 1.04 
1.01 1.06 1.03 1.01 1.02 1.04 1.02 1.05 1.04 1.05 
1.01 1.01 1.03 1.01 1.05 1.05 1.02 1.06 1.06 1.02 
1.02 1.05 1.06 1.04 1.03 1.06 1.03 1.06 1.01 1.06 
1.06 1.02 1.02 1.02 1.06 1.03 1.04 1.05 1.01 1.03 
1.02 1.05 1.05 1.02 1.04 1.04 1.06 1.03 1.03 1.02 
1.05 1.02 1.01 1.05 1.01 1.03 1.02 1.02 1.03 1.04 
1.04 1.06 1.04 1.02 1.03 1.04 1.06 1.01 1.06 1.05 
1.05 1.02 1.04 1.06 1.02 1.01 1.02 1.02 1.06 1.04 
1.01 1.02 1.05 1.06 1.04 1.01 1.01 1.05 1.01 1.05 
1.05 1.06 1.02 1.04 1.05 1.01 1.06 1.01 1.01 1.04 
1.04 1.06 1.05 1.03 1.04 1.04 1.05 1.06 1.06 1.03 
1.03 1.05 1.01 1.02 1.02 1.01 1.06 1.03 1.04 1.02 
1.02 1.03 1.01 1.03 1.04 1.03 1.05 1.02 1.06 1.01 
1.02 1.01 1.01 1.01 1.05 1.01 1.04 1.05 1.02 1.02 
1.02 1.06 1.06 1.03 1.02 1.05 1.03 1.05 1.06 1.06 
1.04 1.04 1.03 1.06 1.05 1.03 1.02 1.03 1.04 1.02 
1.02 1.03 1.01 1.03 1.02 1.02 1.03 1.01 1.06 1.06 
1.06 1.05 1.06 1.01 1.06 1.02 1.04 1.03 1.06 1.03 
1.06 1.06 1.04 1.02 1.03 1.04 1.04 1.03 1.04 1.04 
1.03 1.04 1.03 1.01 1.04 1.05 1.01 1.01 1.02 1.04 
1.02 1.06 1.05 1.02 1.05 1.06 1.05 1.01 1.03 1.05 
1.04 1.04 1.05 1.03 1.06 1.01 1.01 1.02 1.06 1.03 
1.05 1.06 1.02 1.05 1.03 1.01 1.06 1.04 1.03 1.02 
1.04 1.04 1.03 1.01 1.05 1.06 1.06 1.03 1.03 1.06 
1.02 1.01 1.01 1.01 1.05 1.03 1.04 1.02 1.04 1.03 
1.01 1.02 1.02 1.05 1.05 1.06 1.02 1.03 1.05 1.05 
1.01 1.03 1.02 1.06 1.06 1.04 1.05 1.05 1.01 1.02 
1.03 1.01 1.02 1.03 1.05 1.05 1.02 1.02 1.01 1.02 
1.04 1.01 1.04 1.02 1.04 1.01 1.03 1.01 1.05 1.01 
1.03 1.02 1.03 1.03 1.04 1.02 1.02 1.01 1.03 1.04 
1.02 1.04 1.05 1.02 1.04 1.02 1.03 1.01 1.02 1.05 
1.01 1.03 1.02 1.01 1.01 1.02 1.04 1.01 1.04 1.03 
1.03 1.01 1.01 1.02 1.02 1.05 1.04 1.04 1.01 1.06 
1.06 1.01 1.06 1.01 1.01 1.02 1.01 1.02 1.05 1.06 
1.02 1.02 1.02 1.05 1.03 1.05 1.01 1.01 1.06 1.03 
1.01 1.05 1.03 1.02 1.06 1.01 1.03 1.01 1.03 1.06 
1.05 1.03 1.06 1.03 1.05 1.02 1.02 1.01 1.01 1.06 
1.01 1.01 1.04 1.06 1.05 1.06 1.03 1.01 1.04 1.01 
1.04 1.02 1.04 1.02 1.01 1.04 1.02 1.01 1.06 1.02 
1.03 1.04 1.05 1.02 1.01 1.06 1.03 1.05 1.04 1.04 
1.04 1.04 1.06 1.05 1.06 1.06 1.03 1.05 1.06 1.01 
1.02 1.06 1.03 1.01 1.01 1.03 1.04 1.04 1.03 1.01 
1.03 1.02 1.04 1.03 1.02 1.01 1.06 1.03 1.06 1.01 
1.06 1.01 1.03 1.05 1.01 1.04 1.05 1.06 1.06 1.06 
1.03 1.04 1.04 1.05 1.02 1.04 1.05 1.05 1.01 1.01 
1.01 1.06 1.03 1.05 1.01 1.03 1.01 1.02 1.03 1.05 
1.05 1.02 1.06 1.05 1.03 1.01 1.06 1.05 1.02 1.06 
1.06 1.03 1.03 1.04 1.02 1.02 1.01 1.03 1.04 1.03 
1.04 1.03 1.04 1.04 1.03 1.01 1.01 1.03 1.03 1.03 
1.04 1.01 1.03 1.06 1.04 1.01 1.04 1.06 1.05 1.01 
1.05 1.02 1.01 1.06 1.02 1.06 1.03 1.06 1.05 1.06 
1.05 1.04 1.02 1.04 1.03 1.06 1.04 1.04 1.04 1.04 
1.02 1.05 1.02 1.04 1.04 1.05 1.01 1.02 1.05 1.06 
1.02 1.05 1.03 1.04 1.05 1.06 1.03 1.04 1.03 1.04 
1.01 1.03 1.04 1.02 1.05 1.06 1.05 1.06 1.01 1.04 
1.06 1.02 1.02 1.02 1.01 1.02 1.06 1.06 1.03 1.05 
1.05 1.01 1.01 1.02 1.05 1.03 1.01 1.01 1.05 1.01 
1.06 1.05 1.01 1.05 1.01 1.02 1.03 1.03 1.06 1.06 
1.06 1.02 1.01 1.01 1.02 1.04 1.05 1.06 1.05 1.05 
1.04 1.01 1.04 1.06 1.03 1.06 1.01 1.02 1.06 1.04 
