10
200
90 29 8 68 34 12 87 98 53 95 66 66 71 66 76 35 82 86 32 21 46 37 1 90 72 36 81 79 93 55 84 91 28 62 92 98 98 64 50 78 93 43 72 22 95 11 65 84 69 100 40 8 99 16 49 9 65 38 84 60 86 56 16 75 44 87 91 49 93 16 2 87 100 29 3 68 47 10 37 39 20 6 76 16 93 53 66 50 97 58 86 77 87 36 2 44 13 8 82 88 74 30 51 21 75 78 53 52 8 53 48 63 25 32 72 33 94 54 44 85 100 97 21 12 97 51 4 84 68 46 57 24 5 33 76 1 81 92 32 32 97 62 90 65 31 26 16 86 70 33 15 49 67 61 46 61 27 21 80 4 71 39 100 72 98 49 94 7 74 93 73 69 18 27 27 20 82 16 84 79 39 28 79 98 85 84 1 57 70 34 27 3 48 72 74 57 10 71 58 38 
3 3 1 1 1 1 3 1 1 3 
1.03 1.02 1.03 1.01 1.05 1.01 1.04 1.02 1.03 1.04 
1.05 1.02 1.03 1.05 1.01 1.04 1.05 1.06 1.02 1.01 
1.03 1.01 1.01 1.04 1.04 1.06 1.02 1.01 1.05 1.01 
1.03 1.05 1.05 1.06 1.04 1.05 1.05 1.02 1.05 1.05 
1.02 1.05 1.02 1.03 1.04 1.06 1.03 1.05 1.03 1.04 
1.01 1.06 1.04 1.06 1.02 1.01 1.06 1.04 1.02 1.05 
1.06 1.06 1.02 1.02 1.02 1.02 1.04 1.02 1.01 1.04 
1.03 1.02 1.04 1.01 1.05 1.06 1.04 1.02 1.02 1.06 
1.03 1.03 1.03 1.06 1.02 1.06 1.01 1.05 1.06 1.06 
1.02 1.06 1.06 1.05 1.05 1.04 1.03 1.04 1.03 1.03 
1.04 1.04 1.04 1.03 1.06 1.03 1.05 1.03 1.04 1.01 
1.04 1.02 1.02 1.04 1.06 1.06 1.06 1.05 1.03 1.04 
1.04 1.02 1.05 1.02 1.01 1.03 1.05 1.01 1.01 1.06 
1.02 1.06 1.05 1.05 1.04 1.01 1.02 1.02 1.03 1.05 
1.03 1.06 1.05 1.04 1.06 1.04 1.04 1.02 1.05 1.06 
1.04 1.05 1.06 1.04 1.01 1.05 1.06 1.03 1.02 1.02 
1.04 1.03 1.04 1.04 1.04 1.06 1.06 1.06 1.04 1.01 
1.05 1.01 1.03 1.02 1.02 1.05 1.01 1.04 1.03 1.02 
1.05 1.05 1.01 1.04 1.02 1.03 1.04 1.05 1.05 1.02 
1.05 1.04 1.04 1.05 1.05 1.03 1.01 1.04 1.06 1.05 
1.01 1.05 1.02 1.01 1.06 1.06 1.05 1.01 1.03 1.03 
1.05 1.04 1.02 1.03 1.06 1.05 1.03 1.01 1.06 1.02 
1.02 1.03 1.03 1.01 1.06 1.01 1.04 1.06 1.01 1.02 
1.02 1.06 1.05 1.03 1.03 1.01 1.02 1.06 1.06 1.03 
1.04 1.04 1.04 1.04 1.03 1.03 1.01 1.04 1.06 1.04 
1.02 1.06 1.02 1.05 1.04 1.02 1.02 1.05 1.06 1.05 
1.02 1.02 1.04 1.02 1.02 1.03 1.04 1.04 1.04 1.01 
1.05 1.03 1.05 1.04 1.06 1.03 1.04 1.04 1.06 1.05 
1.04 1.02 1.06 1.03 1.05 1.03 1.02 1.05 1.04 1.05 
1.05 1.05 1.02 1.01 1.03 1.03 1.01 1.04 1.06 1.04 
1.05 1.06 1.01 1.05 1.03 1.05 1.01 1.02 1.05 1.05 
1.02 1.03 1.02 1.05 1.01 1.06 1.02 1.05 1.02 1.06 
1.01 1.02 1.02 1.04 1.03 1.02 1.01 1.02 1.01 1.06 
1.06 1.02 1.01 1.02 1.01 1.01 1.02 1.04 1.02 1.05 
1.05 1.06 1.03 1.04 1.01 1.06 1.06 1.01 1.05 1.06 
1.01 1.05 1.03 1.05 1.03 1.03 1.06 1.04 1.01 1.05 
1.04 1.05 1.02 1.04 1.04 1.04 1.06 1.01 1.06 1.04 
1.04 1.03 1.06 1.06 1.03 1.05 1.06 1.01 1.01 1.05 
1.04 1.01 1.06 1.04 1.02 1.06 1.03 1.06 1.04 1.02 
1.06 1.01 1.02 1.06 1.04 1.01 1.04 1.04 1.02 1.01 
1.04 1.06 1.06 1.04 1.03 1.03 1.03 1.05 1.06 1.01 
1.03 1.03 1.04 1.05 1.06 1.03 1.01 1.05 1.05 1.05 
1.04 1.03 1.04 1.06 1.01 1.04 1.01 1.01 1.02 1.05 
1.03 1.03 1.06 1.01 1.04 1.04 1.04 1.04 1.02 1.04 
1.02 1.05 1.01 1.01 1.05 1.03 1.01 1.06 1.06 1.03 
1.03 1.02 1.05 1.06 1.02 1.02 1.05 1.05 1.06 1.04 
1.04 1.03 1.02 1.05 1.02 1.02 1.02 1.03 1.03 1.05 
1.02 1.06 1.06 1.06 1.03 1.01 1.03 1.02 1.05 1.06 
1.04 1.06 1.02 1.01 1.06 1.01 1.01 1.01 1.04 1.04 
1.02 1.06 1.04 1.06 1.06 1.04 1.01 1.06 1.05 1.05 
1.01 1.05 1.04 1.03 1.02 1.01 1.02 1.04 1.01 1.01 
1.01 1.05 1.01 1.03 1.05 1.04 1.06 1.03 1.05 1.01 
1.06 1.05 1.01 1.04 1.03 1.01 1.03 1.04 1.03 1.02 
1.06 1.05 1.04 1.01 1.03 1.01 1.05 1.03 1.05 1.05 
1.05 1.01 1.02 1.06 1.05 1.01 1.02 1.01 1.06 1.02 
1.01 1.04 1.02 1.04 1.06 1.06 1.02 1.03 1.06 1.05 
1.04 1.01 1.04 1.05 1.02 1.05 1.05 1.03 1.04 1.03 
1.02 1.02 1.05 1.06 1.04 1.02 1.05 1.05 1.06 1.05 
1.01 1.06 1.02 1.02 1.03 1.06 1.02 1.01 1.03 1.01 
1.02 1.05 1.05 1.01 1.01 1.06 1.02 1.06 1.03 1.04 
1.06 1.06 1.06 1.06 1.06 1.03 1.06 1.03 1.03 1.04 
1.02 1.04 1.01 1.06 1.02 1.04 1.04 1.06 1.05 1.05 
1.04 1.02 1.05 1.04 1.05 1.01 1.03 1.03 1.02 1.04 
1.01 1.02 1.01 1.04 1.04 1.05 1.04 1.02 1.05 1.03 
1.03 1.05 1.04 1.04 1.02 1.03 1.06 1.06 1.03 1.05 
1.02 1.01 1.05 1.04 1.04 1.02 1.02 1.02 1.06 1.02 
1.06 1.04 1.02 1.04 1.05 1.02 1.04 1.05 1.06 1.05 
1.05 1.03 1.02 1.01 1.04 1.03 1.01 1.02 1.01 1.02 
1.04 1.04 1.05 1.03 1.04 1.01 1.02 1.03 1.06 1.05 
1.06 1.05 1.05 1.02 1.05 1.04 1.02 1.06 1.04 1.06 
1.04 1.01 1.05 1.02 1.06 1.06 1.03 1.01 1.05 1.04 
1.01 1.06 1.06 1.05 1.03 1.01 1.01 1.06 1.05 1.04 
1.05 1.05 1.03 1.04 1.06 1.05 1.02 1.06 1.06 1.04 
1.05 1.04 1.04 1.05 1.04 1.04 1.05 1.01 1.06 1.04 
1.03 1.01 1.02 1.06 1.04 1.06 1.05 1.06 1.04 1.03 
1.04 1.03 1.03 1.01 1.05 1.05 1.05 1.04 1.04 1.04 
1.03 1.05 1.02 1.05 1.01 1.01 1.06 1.04 1.04 1.05 
1.06 1.02 1.01 1.01 1.05 1.06 1.01 1.04 1.01 1.01 
1.05 1.05 1.04 1.06 1.03 1.06 1.02 1.05 1.06 1.02 
1.02 1.04 1.05 1.06 1.02 1.03 1.03 1.04 1.03 1.02 
1.02 1.03 1.05 1.03 1.03 1.04 1.03 1.02 1.06 1.03 
1.05 1.04 1.02 1.05 1.03 1.02 1.04 1.06 1.02 1.01 
1.01 1.04 1.04 1.01 1.01 1.01 1.05 1.05 1.01 1.06 
1.04 1.04 1.01 1.06 1.03 1.06 1.05 1.03 1.01 1.02 
1.02 1.06 1.04 1.06 1.01 1.02 1.03 1.03 1.04 1.02 
1.02 1.03 1.06 1.06 1.06 1.05 1.06 1.02 1.03 1.03 
1.05 1.06 1.04 1.02 1.05 1.01 1.06 1.03 1.01 1.01 
1.05 1.01 1.02 1.06 1.04 1.01 1.01 1.03 1.01 1.01 
1.01 1.03 1.03 1.06 1.03 1.03 1.02 1.03 1.06 1.06 
1.04 1.04 1.05 1.04 1.06 1.06 1.06 1.03 1.01 1.01 
1.03 1.01 1.03 1.05 1.03 1.04 1.01 1.01 1.05 1.04 
1.06 1.02 1.04 1.04 1.04 1.06 1.06 1.05 1.01 1.04 
1.03 1.05 1.02 1.03 1.06 1.05 1.03 1.04 1.02 1.04 
1.02 1.03 1.05 1.02 1.05 1.02 1.04 1.05 1.01 1.02 
1.05 1.06 1.03 1.05 1.01 1.04 1.03 1.05 1.05 1.04 
1.03 1.04 1.06 1.04 1.03 1.04 1.02 1.04 1.03 1.01 
1.01 1.01 1.05 1.05 1.06 1.02 1.01 1.04 1.01 1.03 
1.01 1.02 1.05 1.05 1.04 1.02 1.06 1.04 1.04 1.01 
1.06 1.01 1.04 1.01 1.05 1.06 1.01 1.05 1.05 1.02 
1.06 1.05 1.03 1.04 1.02 1.01 1.05 1.03 1.03 1.01 
1.06 1.01 1.04 1.05 1.06 1.06 1.03 1.01 1.04 1.03 
1.04 1.02 1.03 1.01 1.01 1.05 1.06 1.06 1.04 1.03 
1.02 1.06 1.01 1.01 1.06 1.01 1.02 1.06 1.02 1.02 
1.01 1.01 1.01 1.01 1.06 1.03 1.02 1.01 1.04 1.05 
1.03 1.02 1.02 1.02 1.03 1.01 1.02 1.02 1.04 1.01 
1.04 1.03 1.01 1.02 1.05 1.04 1.06 1.05 1.03 1.01 
1.03 1.03 1.05 1.04 1.01 1.06 1.01 1.06 1.01 1.03 
1.03 1.04 1.05 1.06 1.05 1.04 1.01 1.06 1.02 1.02 
1.01 1.06 1.01 1.03 1.04 1.05 1.04 1.02 1.03 1.05 
1.03 1.04 1.01 1.03 1.03 1.05 1.06 1.04 1.05 1.03 
1.04 1.01 1.02 1.06 1.03 1.05 1.01 1.02 1.01 1.02 
1.04 1.01 1.05 1.06 1.03 1.02 1.04 1.05 1.01 1.03 
1.02 1.01 1.06 1.06 1.02 1.03 1.06 1.01 1.02 1.06 
1.04 1.02 1.01 1.03 1.05 1.01 1.06 1.02 1.04 1.05 
1.05 1.01 1.02 1.02 1.03 1.01 1.02 1.06 1.03 1.04 
1.01 1.01 1.02 1.01 1.03 1.03 1.02 1.02 1.05 1.06 
1.04 1.05 1.05 1.04 1.06 1.02 1.02 1.01 1.06 1.06 
1.02 1.04 1.02 1.02 1.05 1.05 1.05 1.02 1.05 1.03 
1.06 1.05 1.06 1.02 1.05 1.06 1.05 1.03 1.04 1.05 
1.01 1.01 1.01 1.06 1.05 1.06 1.02 1.04 1.05 1.05 
1.01 1.02 1.05 1.01 1.04 1.03 1.02 1.02 1.06 1.04 
1.01 1.05 1.04 1.03 1.05 1.05 1.03 1.02 1.03 1.04 
1.02 1.02 1.04 1.04 1.01 1.06 1.05 1.03 1.03 1.04 
1.02 1.04 1.05 1.03 1.05 1.06 1.03 1.05 1.06 1.03 
1.04 1.02 1.06 1.02 1.02 1.04 1.01 1.05 1.05 1.04 
1.01 1.06 1.06 1.02 1.02 1.01 1.04 1.03 1.04 1.06 
1.04 1.04 1.01 1.06 1.02 1.06 1.04 1.04 1.03 1.01 
1.05 1.04 1.05 1.01 1.01 1.02 1.06 1.02 1.06 1.02 
1.03 1.02 1.03 1.01 1.03 1.05 1.06 1.04 1.05 1.02 
1.02 1.05 1.03 1.05 1.02 1.04 1.01 1.04 1.06 1.02 
1.05 1.02 1.05 1.01 1.06 1.06 1.01 1.01 1.03 1.04 
1.04 1.05 1.03 1.06 1.02 1.06 1.03 1.06 1.05 1.06 
1.04 1.02 1.05 1.03 1.02 1.02 1.02 1.02 1.01 1.05 
1.01 1.02 1.04 1.03 1.01 1.02 1.01 1.02 1.06 1.04 
1.02 1.02 1.06 1.02 1.02 1.03 1.03 1.05 1.05 1.05 
1.04 1.03 1.01 1.04 1.01 1.01 1.06 1.06 1.06 1.04 
1.04 1.02 1.04 1.05 1.02 1.04 1.02 1.06 1.02 1.02 
1.03 1.01 1.03 1.03 1.05 1.05 1.04 1.04 1.02 1.05 
1.05 1.05 1.03 1.02 1.02 1.01 1.03 1.05 1.03 1.04 
1.04 1.04 1.02 1.06 1.02 1.05 1.01 1.02 1.01 1.01 
1.04 1.05 1.02 1.03 1.02 1.03 1.06 1.02 1.05 1.01 
1.04 1.03 1.01 1.03 1.02 1.06 1.04 1.04 1.04 1.02 
1.05 1.04 1.01 1.02 1.04 1.06 1.04 1.06 1.05 1.03 
1.04 1.04 1.02 1.03 1.02 1.03 1.02 1.02 1.04 1.05 
1.06 1.04 1.02 1.03 1.02 1.04 1.05 1.05 1.04 1.04 
1.01 1.02 1.01 1.01 1.06 1.05 1.02 1.01 1.02 1.04 
1.03 1.05 1.01 1.06 1.04 1.01 1.04 1.03 1.03 1.01 
1.03 1.05 1.01 1.04 1.04 1.05 1.04 1.03 1.01 1.06 
1.02 1.04 1.06 1.01 1.06 1.05 1.05 1.03 1.06 1.02 
1.04 1.01 1.04 1.03 1.04 1.03 1.04 1.04 1.06 1.01 
1.01 1.01 1.05 1.04 1.03 1.01 1.03 1.01 1.06 1.06 
1.01 1.02 1.06 1.03 1.01 1.03 1.05 1.01 1.03 1.05 
1.01 1.02 1.05 1.03 1.02 1.06 1.01 1.03 1.02 1.03 
1.03 1.06 1.01 1.04 1.03 1.05 1.02 1.02 1.02 1.03 
1.02 1.02 1.06 1.04 1.06 1.03 1.01 1.03 1.01 1.03 
1.02 1.06 1.05 1.06 1.02 1.06 1.01 1.04 1.02 1.05 
1.06 1.05 1.06 1.05 1.02 1.04 1.06 1.05 1.04 1.04 
1.01 1.04 1.06 1.06 1.03 1.01 1.05 1.05 1.05 1.03 
1.03 1.06 1.01 1.06 1.06 1.05 1.06 1.02 1.01 1.05 
1.06 1.04 1.05 1.02 1.03 1.02 1.03 1.06 1.04 1.04 
1.04 1.06 1.01 1.01 1.03 1.05 1.06 1.03 1.02 1.02 
1.02 1.04 1.02 1.03 1.01 1.02 1.05 1.03 1.03 1.04 
1.02 1.06 1.04 1.06 1.04 1.03 1.06 1.02 1.06 1.02 
1.04 1.04 1.06 1.01 1.01 1.06 1.01 1.05 1.01 1.03 
1.01 1.03 1.06 1.01 1.03 1.03 1.02 1.01 1.05 1.05 
1.03 1.04 1.03 1.04 1.03 1.06 1.03 1.04 1.04 1.05 
1.01 1.01 1.05 1.05 1.02 1.06 1.01 1.02 1.02 1.06 
1.06 1.01 1.02 1.03 1.03 1.06 1.03 1.01 1.03 1.04 
1.04 1.02 1.02 1.04 1.01 1.03 1.05 1.04 1.06 1.04 
1.04 1.01 1.02 1.06 1.05 1.01 1.03 1.06 1.05 1.03 
1.01 1.02 1.05 1.03 1.03 1.05 1.03 1.02 1.06 1.01 
1.05 1.06 1.02 1.01 1.02 1.04 1.04 1.04 1.01 1.04 
1.01 1.01 1.01 1.04 1.05 1.06 1.05 1.03 1.01 1.05 
1.04 1.05 1.04 1.03 1.01 1.01 1.04 1.04 1.06 1.06 
1.02 1.02 1.04 1.01 1.01 1.05 1.01 1.02 1.04 1.05 
1.03 1.06 1.05 1.02 1.02 1.02 1.02 1.02 1.06 1.05 
1.04 1.02 1.03 1.06 1.03 1.02 1.03 1.03 1.06 1.02 
1.04 1.03 1.01 1.03 1.05 1.06 1.01 1.05 1.01 1.04 
1.02 1.04 1.04 1.02 1.03 1.06 1.01 1.03 1.05 1.01 
1.04 1.04 1.01 1.06 1.01 1.03 1.01 1.03 1.05 1.01 
1.04 1.06 1.01 1.06 1.04 1.01 1.02 1.03 1.03 1.04 
1.02 1.02 1.06 1.05 1.01 1.04 1.03 1.02 1.06 1.01 
1.02 1.04 1.05 1.02 1.03 1.04 1.01 1.04 1.06 1.01 
1.05 1.03 1.04 1.06 1.03 1.03 1.02 1.01 1.06 1.06 
1.04 1.02 1.06 1.01 1.06 1.04 1.06 1.06 1.03 1.03 
1.06 1.03 1.01 1.05 1.02 1.02 1.02 1.05 1.05 1.06 
1.03 1.01 1.01 1.03 1.04 1.04 1.04 1.05 1.05 1.06 
1.06 1.03 1.04 1.02 1.04 1.03 1.03 1.06 1.06 1.05 
1.01 1.01 1.04 1.05 1.01 1.01 1.04 1.06 1.02 1.02 
1.05 1.05 1.04 1.02 1.04 1.04 1.05 1.05 1.05 1.02 
1.05 1.05 1.04 1.06 1.01 1.03 1.01 1.02 1.03 1.03 
1.03 1.05 1.04 1.01 1.02 1.02 1.05 1.01 1.04 1.02 
1.03 1.04 1.02 1.06 1.01 1.03 1.06 1.06 1.03 1.02 
1.01 1.02 1.06 1.05 1.05 1.01 1.06 1.06 1.06 1.04 
1.01 1.02 1.02 1.03 1.02 1.05 1.03 1.05 1.06 1.02 
1.03 1.05 1.01 1.05 1.05 1.05 1.03 1.05 1.01 1.02 
1.04 1.05 1.03 1.05 1.04 1.03 1.03 1.04 1.01 1.06 
1.03 1.03 1.05 1.02 1.02 1.04 1.03 1.04 1.06 1.02 
1.02 1.03 1.05 1.05 1.06 1.04 1.02 1.04 1.06 1.05 
1.02 1.03 1.03 1.04 1.01 1.01 1.06 1.03 1.03 1.03 
