10
150
65 39 8 84 72 35 56 36 42 20 98 31 8 15 74 75 44 61 79 51 67 51 16 44 9 78 100 34 89 73 35 41 45 71 26 48 48 9 48 93 84 96 77 91 40 62 59 15 34 31 28 20 62 70 16 30 36 85 75 37 1 5 97 19 20 81 60 93 54 66 93 29 4 83 23 78 74 1 88 60 7 50 22 15 35 54 29 14 98 18 50 34 19 13 63 49 73 43 35 4 64 52 41 92 23 36 24 20 81 5 2 41 50 78 5 96 24 60 13 76 77 3 79 52 94 61 1 19 64 3 47 56 74 64 90 64 11 49 71 2 30 28 30 3 59 75 88 54 56 25 
1 1 2 2 3 1 1 3 3 2 
1.09 1.07 1.08 1.08 1.07 1.09 1.09 1.05 1.05 1.08 
1.05 1.05 1.09 1.06 1.05 1.07 1.06 1.07 1.09 1.07 
1.09 1.07 1.09 1.06 1.06 1.08 1.06 1.08 1.08 1.09 
1.06 1.06 1.07 1.09 1.06 1.07 1.09 1.08 1.08 1.05 
1.05 1.06 1.05 1.07 1.06 1.06 1.07 1.05 1.07 1.05 
1.07 1.07 1.06 1.08 1.06 1.08 1.07 1.09 1.07 1.08 
1.07 1.06 1.06 1.05 1.06 1.07 1.05 1.08 1.06 1.07 
1.08 1.08 1.09 1.08 1.08 1.06 1.07 1.08 1.06 1.07 
1.05 1.07 1.05 1.07 1.07 1.07 1.09 1.06 1.08 1.08 
1.05 1.07 1.07 1.07 1.09 1.05 1.09 1.09 1.07 1.08 
1.09 1.06 1.08 1.07 1.08 1.08 1.05 1.05 1.05 1.07 
1.06 1.09 1.06 1.06 1.09 1.09 1.08 1.09 1.08 1.08 
1.05 1.05 1.08 1.06 1.06 1.06 1.05 1.09 1.09 1.07 
1.09 1.06 1.08 1.09 1.05 1.07 1.07 1.08 1.08 1.09 
1.08 1.05 1.07 1.05 1.06 1.09 1.09 1.07 1.05 1.07 
1.05 1.09 1.06 1.06 1.06 1.07 1.06 1.07 1.09 1.05 
1.07 1.07 1.09 1.05 1.07 1.09 1.05 1.08 1.08 1.07 
1.08 1.09 1.05 1.07 1.06 1.06 1.06 1.06 1.06 1.08 
1.08 1.06 1.07 1.08 1.05 1.05 1.09 1.06 1.07 1.08 
1.08 1.07 1.07 1.05 1.05 1.05 1.05 1.08 1.08 1.05 
1.05 1.07 1.07 1.06 1.08 1.05 1.06 1.09 1.08 1.06 
1.06 1.09 1.08 1.09 1.08 1.09 1.05 1.07 1.07 1.07 
1.09 1.05 1.07 1.08 1.07 1.05 1.06 1.08 1.07 1.06 
1.06 1.05 1.09 1.09 1.08 1.08 1.06 1.08 1.05 1.08 
1.06 1.07 1.09 1.07 1.07 1.05 1.06 1.08 1.07 1.05 
1.05 1.09 1.08 1.09 1.09 1.06 1.05 1.06 1.06 1.05 
1.05 1.07 1.09 1.08 1.08 1.07 1.06 1.09 1.05 1.05 
1.09 1.07 1.07 1.07 1.08 1.05 1.07 1.05 1.07 1.06 
1.05 1.06 1.05 1.07 1.09 1.09 1.07 1.08 1.09 1.09 
1.05 1.08 1.07 1.06 1.09 1.09 1.07 1.05 1.09 1.06 
1.06 1.05 1.08 1.06 1.05 1.05 1.08 1.06 1.07 1.05 
1.09 1.06 1.05 1.07 1.08 1.07 1.05 1.06 1.09 1.08 
1.07 1.06 1.07 1.09 1.06 1.06 1.08 1.08 1.08 1.08 
1.07 1.06 1.08 1.07 1.06 1.06 1.06 1.06 1.06 1.09 
1.06 1.06 1.08 1.05 1.08 1.09 1.07 1.05 1.08 1.05 
1.09 1.06 1.06 1.08 1.06 1.06 1.05 1.09 1.05 1.08 
1.06 1.09 1.08 1.06 1.06 1.09 1.08 1.09 1.05 1.07 
1.07 1.08 1.08 1.07 1.06 1.06 1.09 1.06 1.05 1.09 
1.09 1.05 1.08 1.09 1.09 1.05 1.05 1.06 1.09 1.05 
1.09 1.08 1.05 1.06 1.07 1.08 1.07 1.05 1.07 1.06 
1.05 1.05 1.06 1.07 1.07 1.05 1.05 1.07 1.09 1.07 
1.09 1.05 1.05 1.08 1.06 1.07 1.06 1.09 1.08 1.08 
1.05 1.09 1.07 1.07 1.08 1.06 1.08 1.09 1.08 1.06 
1.09 1.05 1.09 1.07 1.07 1.09 1.08 1.06 1.08 1.05 
1.09 1.08 1.09 1.05 1.05 1.09 1.09 1.08 1.05 1.08 
1.08 1.05 1.09 1.07 1.05 1.05 1.07 1.09 1.06 1.05 
1.05 1.07 1.07 1.05 1.08 1.07 1.09 1.06 1.08 1.08 
1.07 1.09 1.08 1.08 1.06 1.06 1.07 1.08 1.07 1.08 
1.07 1.09 1.07 1.06 1.06 1.09 1.08 1.06 1.06 1.07 
1.07 1.07 1.07 1.05 1.08 1.06 1.05 1.09 1.05 1.06 
1.06 1.08 1.09 1.08 1.06 1.05 1.08 1.08 1.06 1.06 
1.09 1.08 1.05 1.09 1.05 1.07 1.07 1.08 1.07 1.06 
1.08 1.07 1.07 1.07 1.05 1.06 1.08 1.09 1.09 1.08 
1.07 1.08 1.05 1.05 1.09 1.07 1.06 1.07 1.09 1.08 
1.06 1.08 1.06 1.05 1.05 1.07 1.09 1.07 1.05 1.05 
1.08 1.09 1.08 1.08 1.05 1.08 1.08 1.09 1.08 1.05 
1.07 1.08 1.07 1.06 1.08 1.08 1.05 1.07 1.06 1.06 
1.06 1.09 1.07 1.07 1.05 1.09 1.08 1.09 1.08 1.07 
1.05 1.09 1.07 1.08 1.07 1.06 1.05 1.08 1.05 1.07 
1.07 1.07 1.08 1.08 1.07 1.07 1.07 1.09 1.05 1.05 
1.05 1.07 1.06 1.09 1.09 1.09 1.09 1.07 1.07 1.05 
1.07 1.07 1.07 1.09 1.08 1.06 1.05 1.07 1.07 1.06 
1.08 1.09 1.05 1.09 1.08 1.08 1.05 1.07 1.07 1.06 
1.08 1.05 1.05 1.05 1.07 1.07 1.08 1.08 1.08 1.09 
1.09 1.08 1.05 1.08 1.05 1.05 1.05 1.06 1.08 1.05 
1.06 1.08 1.05 1.08 1.06 1.09 1.09 1.08 1.05 1.09 
1.07 1.08 1.07 1.06 1.08 1.07 1.06 1.05 1.08 1.05 
1.09 1.06 1.05 1.05 1.06 1.05 1.09 1.08 1.09 1.06 
1.07 1.08 1.06 1.09 1.07 1.06 1.06 1.07 1.05 1.05 
1.05 1.06 1.08 1.07 1.07 1.09 1.05 1.08 1.06 1.07 
1.08 1.08 1.09 1.05 1.09 1.07 1.09 1.09 1.08 1.05 
1.05 1.07 1.06 1.09 1.07 1.06 1.07 1.05 1.06 1.06 
1.05 1.08 1.08 1.06 1.07 1.05 1.07 1.09 1.06 1.05 
1.09 1.08 1.06 1.09 1.07 1.06 1.07 1.09 1.09 1.07 
1.07 1.06 1.06 1.05 1.07 1.05 1.09 1.06 1.06 1.05 
1.06 1.09 1.05 1.09 1.05 1.06 1.08 1.08 1.09 1.05 
1.07 1.06 1.09 1.08 1.05 1.05 1.09 1.07 1.07 1.07 
1.07 1.07 1.08 1.09 1.06 1.08 1.05 1.09 1.08 1.08 
1.05 1.07 1.08 1.08 1.09 1.05 1.05 1.05 1.05 1.08 
1.07 1.06 1.05 1.05 1.06 1.08 1.05 1.05 1.07 1.09 
1.06 1.08 1.07 1.09 1.08 1.05 1.05 1.05 1.05 1.08 
1.05 1.09 1.05 1.06 1.08 1.08 1.09 1.06 1.05 1.06 
1.07 1.06 1.07 1.07 1.07 1.08 1.08 1.07 1.07 1.07 
1.09 1.09 1.05 1.07 1.08 1.06 1.09 1.06 1.08 1.05 
1.09 1.06 1.05 1.06 1.09 1.05 1.07 1.05 1.05 1.07 
1.09 1.08 1.08 1.09 1.05 1.06 1.06 1.07 1.08 1.09 
1.06 1.09 1.06 1.05 1.09 1.06 1.09 1.07 1.07 1.08 
1.06 1.05 1.06 1.05 1.09 1.06 1.06 1.09 1.08 1.06 
1.09 1.08 1.06 1.06 1.08 1.08 1.05 1.06 1.09 1.07 
1.09 1.09 1.06 1.06 1.09 1.08 1.08 1.05 1.06 1.05 
1.08 1.08 1.08 1.06 1.05 1.07 1.07 1.08 1.09 1.06 
1.05 1.07 1.07 1.09 1.07 1.05 1.08 1.07 1.09 1.07 
1.08 1.08 1.08 1.09 1.06 1.07 1.07 1.06 1.06 1.05 
1.07 1.06 1.08 1.08 1.09 1.08 1.09 1.06 1.07 1.05 
1.07 1.07 1.09 1.08 1.09 1.05 1.07 1.09 1.05 1.07 
1.08 1.09 1.05 1.08 1.07 1.06 1.09 1.07 1.07 1.07 
1.07 1.06 1.06 1.06 1.05 1.06 1.08 1.09 1.08 1.06 
1.06 1.05 1.07 1.07 1.08 1.06 1.07 1.06 1.09 1.06 
1.06 1.07 1.07 1.05 1.09 1.07 1.06 1.08 1.06 1.08 
1.09 1.07 1.08 1.05 1.09 1.07 1.08 1.09 1.07 1.05 
1.06 1.06 1.08 1.09 1.07 1.06 1.06 1.06 1.08 1.09 
1.05 1.06 1.08 1.05 1.07 1.06 1.06 1.09 1.08 1.09 
1.06 1.08 1.06 1.05 1.06 1.07 1.05 1.05 1.08 1.09 
1.07 1.08 1.05 1.08 1.06 1.06 1.09 1.06 1.05 1.09 
1.09 1.08 1.07 1.09 1.05 1.05 1.09 1.06 1.06 1.06 
1.08 1.07 1.05 1.08 1.09 1.06 1.08 1.09 1.09 1.09 
1.05 1.09 1.08 1.08 1.07 1.05 1.09 1.09 1.09 1.07 
1.09 1.06 1.09 1.09 1.08 1.07 1.05 1.06 1.06 1.06 
1.09 1.06 1.06 1.07 1.08 1.08 1.06 1.09 1.09 1.05 
1.07 1.05 1.09 1.05 1.07 1.09 1.08 1.07 1.05 1.05 
1.07 1.08 1.07 1.05 1.08 1.08 1.07 1.06 1.07 1.09 
1.05 1.09 1.09 1.08 1.09 1.08 1.07 1.08 1.09 1.08 
1.06 1.06 1.05 1.08 1.06 1.08 1.09 1.05 1.05 1.06 
1.07 1.09 1.08 1.06 1.05 1.07 1.08 1.05 1.08 1.09 
1.09 1.08 1.05 1.05 1.09 1.06 1.05 1.09 1.07 1.08 
1.05 1.05 1.06 1.07 1.08 1.08 1.07 1.08 1.07 1.08 
1.07 1.07 1.06 1.08 1.05 1.05 1.05 1.06 1.09 1.05 
1.05 1.05 1.06 1.08 1.06 1.06 1.07 1.05 1.09 1.09 
1.05 1.05 1.07 1.06 1.08 1.06 1.09 1.09 1.09 1.05 
1.06 1.08 1.09 1.08 1.09 1.06 1.09 1.09 1.05 1.08 
1.09 1.09 1.06 1.05 1.06 1.08 1.05 1.06 1.05 1.07 
1.06 1.08 1.07 1.08 1.09 1.05 1.09 1.06 1.09 1.06 
1.06 1.06 1.08 1.05 1.05 1.07 1.09 1.05 1.05 1.09 
1.07 1.08 1.06 1.07 1.07 1.06 1.09 1.09 1.06 1.05 
1.09 1.07 1.05 1.05 1.09 1.09 1.06 1.05 1.07 1.06 
1.07 1.06 1.05 1.06 1.09 1.07 1.08 1.05 1.05 1.09 
1.05 1.09 1.05 1.07 1.05 1.06 1.07 1.05 1.07 1.06 
1.07 1.05 1.07 1.05 1.07 1.09 1.08 1.09 1.09 1.06 
1.05 1.05 1.05 1.07 1.09 1.05 1.06 1.07 1.08 1.07 
1.09 1.06 1.08 1.06 1.07 1.09 1.08 1.05 1.09 1.06 
1.08 1.09 1.08 1.07 1.05 1.08 1.05 1.08 1.06 1.05 
1.06 1.08 1.06 1.08 1.08 1.05 1.09 1.09 1.05 1.09 
1.08 1.05 1.09 1.09 1.06 1.09 1.05 1.07 1.06 1.09 
1.06 1.08 1.06 1.06 1.07 1.06 1.08 1.09 1.07 1.06 
1.09 1.07 1.07 1.07 1.05 1.08 1.08 1.09 1.07 1.09 
1.09 1.07 1.06 1.09 1.09 1.05 1.05 1.09 1.06 1.06 
1.08 1.06 1.05 1.07 1.05 1.07 1.05 1.06 1.09 1.08 
1.05 1.07 1.09 1.06 1.06 1.06 1.05 1.08 1.06 1.08 
1.07 1.05 1.05 1.09 1.08 1.05 1.08 1.05 1.09 1.09 
1.05 1.07 1.09 1.07 1.05 1.09 1.09 1.08 1.06 1.09 
1.06 1.08 1.08 1.08 1.09 1.06 1.07 1.07 1.08 1.06 
1.08 1.09 1.07 1.08 1.06 1.09 1.07 1.08 1.07 1.07 
1.07 1.05 1.05 1.09 1.05 1.07 1.07 1.08 1.05 1.08 
1.08 1.07 1.05 1.05 1.07 1.09 1.09 1.05 1.07 1.05 
1.08 1.09 1.08 1.05 1.08 1.06 1.06 1.07 1.06 1.05 
1.05 1.05 1.07 1.05 1.07 1.07 1.09 1.06 1.05 1.06 
1.05 1.07 1.06 1.07 1.08 1.05 1.07 1.09 1.05 1.08 
1.05 1.08 1.08 1.06 1.09 1.08 1.09 1.05 1.06 1.05 
1.05 1.06 1.06 1.06 1.06 1.05 1.09 1.06 1.07 1.06 
1.08 1.06 1.09 1.08 1.07 1.07 1.07 1.06 1.08 1.08 
