10
200
14 79 67 80 78 66 95 84 51 96 88 73 47 90 12 2 89 72 99 98 94 44 50 25 92 36 94 7 6 72 44 64 92 34 30 4 52 9 93 64 45 84 97 46 99 75 28 42 63 6 39 74 73 69 13 8 35 52 77 100 87 56 3 27 80 17 98 42 5 18 4 3 23 58 57 59 24 100 60 3 47 69 64 48 54 16 30 57 94 90 88 38 46 28 10 39 2 78 82 77 77 69 57 41 33 31 60 91 79 81 44 60 38 57 74 15 11 37 9 76 41 28 85 90 86 64 64 64 31 96 3 18 69 54 4 17 72 79 37 74 82 54 8 30 11 2 36 32 40 32 42 82 57 41 69 23 76 88 83 37 15 19 77 64 8 13 45 51 43 43 54 5 16 99 95 36 55 65 24 74 64 82 41 95 6 69 40 91 43 72 73 2 12 22 96 5 51 39 3 100 
9 8 4 6 3 5 3 5 5 9 
1.12 1.14 1.13 1.11 1.09 1.07 1.12 1.14 1.06 1.14 
1.07 1.12 1.07 1.08 1.1 1.11 1.06 1.1 1.14 1.1 
1.11 1.06 1.06 1.08 1.07 1.1 1.1 1.13 1.11 1.09 
1.12 1.11 1.13 1.05 1.09 1.11 1.05 1.12 1.11 1.1 
1.06 1.09 1.12 1.06 1.07 1.07 1.08 1.07 1.14 1.07 
1.13 1.06 1.1 1.12 1.1 1.09 1.08 1.12 1.05 1.06 
1.1 1.05 1.07 1.14 1.11 1.06 1.11 1.14 1.11 1.13 
1.06 1.13 1.08 1.12 1.05 1.06 1.11 1.07 1.07 1.06 
1.08 1.08 1.08 1.05 1.07 1.13 1.1 1.09 1.1 1.09 
1.09 1.12 1.09 1.07 1.13 1.13 1.09 1.06 1.12 1.14 
1.13 1.14 1.05 1.09 1.12 1.14 1.05 1.11 1.14 1.07 
1.07 1.11 1.12 1.14 1.09 1.09 1.05 1.08 1.13 1.13 
1.12 1.06 1.13 1.09 1.07 1.05 1.14 1.13 1.11 1.11 
1.12 1.09 1.11 1.08 1.11 1.12 1.13 1.08 1.06 1.11 
1.12 1.05 1.06 1.08 1.1 1.12 1.08 1.06 1.09 1.14 
1.06 1.07 1.14 1.05 1.1 1.06 1.13 1.08 1.07 1.11 
1.05 1.08 1.12 1.07 1.1 1.06 1.07 1.1 1.1 1.13 
1.05 1.08 1.05 1.12 1.08 1.12 1.1 1.1 1.11 1.12 
1.06 1.08 1.13 1.1 1.14 1.05 1.14 1.14 1.09 1.05 
1.11 1.13 1.08 1.07 1.06 1.11 1.13 1.1 1.14 1.14 
1.09 1.08 1.13 1.14 1.12 1.14 1.14 1.05 1.05 1.13 
1.14 1.06 1.09 1.09 1.05 1.12 1.05 1.14 1.08 1.11 
1.13 1.12 1.05 1.1 1.1 1.08 1.09 1.06 1.07 1.14 
1.08 1.12 1.08 1.14 1.08 1.13 1.05 1.1 1.08 1.12 
1.1 1.11 1.09 1.08 1.14 1.09 1.1 1.13 1.07 1.06 
1.07 1.05 1.09 1.05 1.13 1.1 1.05 1.08 1.14 1.14 
1.11 1.13 1.07 1.08 1.08 1.14 1.11 1.05 1.13 1.1 
1.1 1.07 1.12 1.13 1.11 1.1 1.11 1.13 1.09 1.14 
1.09 1.06 1.09 1.07 1.12 1.09 1.13 1.07 1.06 1.14 
1.09 1.06 1.14 1.1 1.05 1.14 1.05 1.08 1.09 1.06 
1.1 1.06 1.05 1.12 1.07 1.07 1.13 1.06 1.12 1.13 
1.05 1.06 1.14 1.09 1.11 1.14 1.1 1.1 1.14 1.13 
1.09 1.12 1.05 1.1 1.09 1.09 1.1 1.08 1.09 1.11 
1.1 1.05 1.14 1.08 1.08 1.13 1.13 1.12 1.08 1.1 
1.14 1.05 1.12 1.12 1.07 1.13 1.14 1.06 1.07 1.11 
1.09 1.14 1.08 1.13 1.05 1.12 1.11 1.08 1.06 1.14 
1.1 1.05 1.09 1.14 1.08 1.08 1.07 1.14 1.13 1.05 
1.14 1.08 1.08 1.07 1.07 1.07 1.14 1.14 1.06 1.1 
1.1 1.1 1.13 1.08 1.14 1.07 1.13 1.06 1.05 1.14 
1.09 1.14 1.05 1.08 1.05 1.06 1.12 1.11 1.06 1.06 
1.09 1.11 1.07 1.1 1.06 1.11 1.14 1.13 1.12 1.11 
1.09 1.08 1.09 1.07 1.05 1.13 1.07 1.11 1.1 1.09 
1.07 1.13 1.11 1.05 1.1 1.07 1.14 1.05 1.11 1.05 
1.06 1.12 1.07 1.05 1.06 1.14 1.08 1.06 1.06 1.1 
1.08 1.14 1.06 1.14 1.07 1.13 1.13 1.08 1.08 1.13 
1.05 1.07 1.07 1.06 1.08 1.09 1.07 1.09 1.12 1.06 
1.05 1.11 1.11 1.1 1.12 1.13 1.12 1.12 1.06 1.11 
1.1 1.11 1.12 1.12 1.1 1.08 1.05 1.07 1.11 1.05 
1.05 1.08 1.06 1.11 1.06 1.1 1.09 1.09 1.12 1.14 
1.1 1.08 1.1 1.09 1.11 1.07 1.06 1.14 1.07 1.07 
1.11 1.13 1.05 1.1 1.12 1.11 1.06 1.1 1.08 1.11 
1.1 1.08 1.12 1.11 1.08 1.12 1.14 1.12 1.13 1.11 
1.05 1.08 1.07 1.09 1.05 1.06 1.1 1.09 1.14 1.14 
1.06 1.13 1.05 1.1 1.11 1.11 1.13 1.11 1.09 1.14 
1.08 1.13 1.13 1.09 1.08 1.08 1.11 1.14 1.07 1.07 
1.07 1.12 1.07 1.06 1.06 1.08 1.08 1.12 1.13 1.1 
1.1 1.12 1.1 1.07 1.1 1.07 1.06 1.12 1.09 1.05 
1.09 1.12 1.09 1.12 1.06 1.06 1.05 1.1 1.06 1.06 
1.12 1.05 1.05 1.06 1.07 1.1 1.09 1.11 1.07 1.11 
1.07 1.1 1.06 1.1 1.09 1.14 1.09 1.07 1.1 1.13 
1.06 1.1 1.1 1.11 1.05 1.06 1.14 1.07 1.13 1.11 
1.12 1.11 1.07 1.05 1.07 1.06 1.12 1.11 1.1 1.08 
1.11 1.07 1.06 1.13 1.07 1.05 1.08 1.07 1.05 1.07 
1.09 1.12 1.13 1.1 1.05 1.07 1.13 1.06 1.14 1.1 
1.07 1.1 1.05 1.12 1.12 1.05 1.12 1.12 1.08 1.11 
1.13 1.06 1.12 1.09 1.13 1.06 1.09 1.1 1.14 1.11 
1.12 1.08 1.09 1.13 1.12 1.07 1.13 1.1 1.1 1.07 
1.06 1.08 1.06 1.13 1.08 1.08 1.12 1.12 1.13 1.07 
1.13 1.12 1.14 1.11 1.06 1.05 1.07 1.13 1.06 1.07 
1.07 1.14 1.1 1.13 1.05 1.07 1.13 1.06 1.14 1.06 
1.09 1.12 1.14 1.12 1.08 1.11 1.12 1.09 1.08 1.06 
1.09 1.13 1.06 1.12 1.13 1.13 1.06 1.12 1.12 1.11 
1.13 1.05 1.12 1.07 1.07 1.13 1.1 1.1 1.13 1.13 
1.05 1.11 1.08 1.14 1.13 1.06 1.11 1.11 1.07 1.1 
1.08 1.08 1.08 1.07 1.13 1.07 1.14 1.08 1.1 1.09 
1.07 1.13 1.06 1.1 1.12 1.14 1.05 1.08 1.11 1.06 
1.07 1.13 1.07 1.05 1.08 1.13 1.05 1.05 1.11 1.12 
1.09 1.13 1.12 1.05 1.06 1.07 1.14 1.1 1.09 1.14 
1.09 1.06 1.12 1.09 1.13 1.05 1.07 1.12 1.08 1.07 
1.06 1.07 1.13 1.05 1.14 1.08 1.11 1.12 1.08 1.09 
1.08 1.09 1.07 1.12 1.08 1.11 1.07 1.11 1.14 1.1 
1.12 1.08 1.07 1.07 1.12 1.13 1.05 1.06 1.07 1.13 
1.12 1.09 1.13 1.11 1.05 1.06 1.05 1.09 1.09 1.05 
1.08 1.12 1.11 1.13 1.1 1.05 1.07 1.07 1.13 1.09 
1.09 1.11 1.09 1.05 1.1 1.08 1.1 1.07 1.05 1.14 
1.09 1.14 1.13 1.11 1.09 1.08 1.13 1.13 1.07 1.11 
1.09 1.05 1.12 1.08 1.11 1.11 1.09 1.1 1.11 1.05 
1.12 1.13 1.1 1.1 1.14 1.05 1.13 1.07 1.06 1.11 
1.05 1.12 1.08 1.06 1.13 1.08 1.11 1.12 1.09 1.05 
1.14 1.1 1.07 1.1 1.12 1.1 1.12 1.05 1.13 1.05 
1.08 1.1 1.13 1.08 1.05 1.13 1.05 1.13 1.08 1.11 
1.13 1.08 1.05 1.09 1.13 1.05 1.1 1.07 1.06 1.07 
1.13 1.05 1.12 1.11 1.13 1.11 1.11 1.06 1.12 1.1 
1.08 1.14 1.09 1.08 1.09 1.07 1.08 1.06 1.11 1.09 
1.14 1.05 1.13 1.11 1.11 1.06 1.09 1.14 1.11 1.13 
1.06 1.09 1.13 1.11 1.1 1.14 1.09 1.09 1.12 1.05 
1.05 1.05 1.08 1.09 1.06 1.08 1.05 1.06 1.1 1.06 
1.05 1.05 1.09 1.07 1.05 1.08 1.13 1.05 1.1 1.09 
1.09 1.07 1.12 1.05 1.08 1.12 1.07 1.05 1.1 1.07 
1.08 1.13 1.12 1.13 1.06 1.05 1.08 1.11 1.09 1.06 
1.13 1.06 1.09 1.09 1.11 1.08 1.08 1.12 1.13 1.09 
1.12 1.07 1.12 1.07 1.09 1.13 1.11 1.05 1.08 1.06 
1.05 1.06 1.05 1.07 1.06 1.05 1.09 1.08 1.11 1.1 
1.12 1.05 1.09 1.08 1.06 1.11 1.13 1.12 1.06 1.09 
1.09 1.08 1.1 1.08 1.08 1.08 1.13 1.05 1.07 1.11 
1.1 1.07 1.12 1.14 1.11 1.07 1.07 1.08 1.07 1.13 
1.05 1.06 1.09 1.05 1.07 1.07 1.13 1.12 1.11 1.13 
1.06 1.11 1.12 1.09 1.05 1.13 1.14 1.14 1.09 1.11 
1.12 1.11 1.13 1.07 1.11 1.08 1.14 1.07 1.07 1.13 
1.13 1.13 1.13 1.12 1.14 1.08 1.08 1.05 1.14 1.12 
1.09 1.11 1.13 1.06 1.05 1.06 1.07 1.07 1.08 1.07 
1.11 1.07 1.14 1.12 1.07 1.06 1.06 1.1 1.1 1.13 
1.08 1.14 1.12 1.08 1.07 1.11 1.07 1.08 1.06 1.14 
1.06 1.06 1.08 1.06 1.09 1.14 1.05 1.1 1.11 1.1 
1.06 1.12 1.13 1.07 1.14 1.09 1.13 1.13 1.12 1.14 
1.05 1.07 1.09 1.1 1.06 1.08 1.08 1.09 1.13 1.11 
1.11 1.05 1.07 1.08 1.06 1.09 1.11 1.05 1.14 1.12 
1.14 1.1 1.07 1.08 1.08 1.09 1.11 1.05 1.1 1.07 
1.14 1.13 1.14 1.1 1.07 1.05 1.1 1.1 1.14 1.07 
1.05 1.08 1.07 1.11 1.12 1.09 1.05 1.06 1.14 1.1 
1.09 1.08 1.06 1.14 1.11 1.05 1.06 1.1 1.06 1.1 
1.06 1.08 1.08 1.08 1.14 1.12 1.11 1.05 1.13 1.07 
1.13 1.06 1.09 1.13 1.08 1.05 1.1 1.11 1.1 1.08 
1.06 1.11 1.06 1.13 1.1 1.1 1.06 1.06 1.09 1.1 
1.08 1.07 1.12 1.08 1.06 1.05 1.08 1.09 1.06 1.11 
1.09 1.07 1.14 1.09 1.08 1.09 1.13 1.14 1.13 1.1 
1.07 1.08 1.14 1.05 1.07 1.13 1.12 1.07 1.09 1.07 
1.05 1.11 1.1 1.06 1.05 1.09 1.06 1.12 1.08 1.14 
1.05 1.08 1.09 1.07 1.11 1.13 1.07 1.09 1.09 1.06 
1.1 1.13 1.11 1.14 1.08 1.07 1.11 1.05 1.11 1.11 
1.12 1.11 1.05 1.13 1.11 1.09 1.05 1.05 1.11 1.14 
1.13 1.09 1.11 1.08 1.05 1.11 1.14 1.09 1.08 1.13 
1.08 1.05 1.06 1.13 1.1 1.1 1.11 1.05 1.06 1.11 
1.08 1.11 1.12 1.14 1.1 1.06 1.12 1.11 1.13 1.07 
1.11 1.13 1.09 1.08 1.07 1.07 1.14 1.07 1.12 1.12 
1.12 1.13 1.14 1.12 1.13 1.08 1.08 1.12 1.12 1.09 
1.14 1.14 1.05 1.07 1.13 1.05 1.07 1.12 1.06 1.11 
1.12 1.07 1.1 1.14 1.05 1.13 1.1 1.12 1.09 1.11 
1.09 1.14 1.12 1.09 1.13 1.07 1.14 1.13 1.14 1.08 
1.13 1.08 1.05 1.07 1.13 1.09 1.13 1.09 1.12 1.09 
1.05 1.13 1.12 1.06 1.05 1.09 1.08 1.05 1.12 1.07 
1.08 1.13 1.11 1.14 1.1 1.05 1.06 1.05 1.07 1.14 
1.12 1.05 1.05 1.07 1.12 1.07 1.09 1.1 1.13 1.05 
1.07 1.09 1.11 1.08 1.13 1.06 1.12 1.1 1.12 1.1 
1.09 1.11 1.08 1.07 1.13 1.12 1.07 1.08 1.12 1.07 
1.11 1.13 1.09 1.1 1.13 1.12 1.1 1.09 1.07 1.08 
1.13 1.1 1.09 1.1 1.06 1.06 1.1 1.12 1.1 1.08 
1.06 1.08 1.07 1.1 1.11 1.14 1.1 1.12 1.12 1.1 
1.05 1.1 1.07 1.06 1.05 1.07 1.13 1.14 1.09 1.09 
1.09 1.14 1.14 1.08 1.11 1.05 1.13 1.12 1.08 1.12 
1.14 1.12 1.12 1.14 1.09 1.14 1.12 1.08 1.12 1.13 
1.05 1.05 1.07 1.07 1.11 1.11 1.06 1.11 1.05 1.13 
1.13 1.06 1.11 1.1 1.12 1.12 1.13 1.08 1.08 1.1 
1.14 1.08 1.07 1.1 1.11 1.06 1.12 1.14 1.08 1.06 
1.13 1.12 1.07 1.14 1.1 1.06 1.1 1.08 1.11 1.14 
1.12 1.07 1.08 1.06 1.05 1.05 1.13 1.08 1.1 1.07 
1.09 1.13 1.13 1.05 1.11 1.1 1.06 1.12 1.14 1.07 
1.08 1.05 1.11 1.09 1.12 1.09 1.05 1.08 1.06 1.05 
1.08 1.1 1.13 1.06 1.13 1.07 1.09 1.09 1.12 1.08 
1.13 1.14 1.05 1.08 1.07 1.09 1.08 1.09 1.05 1.06 
1.09 1.11 1.14 1.05 1.14 1.12 1.06 1.06 1.14 1.07 
1.12 1.08 1.07 1.09 1.13 1.14 1.05 1.12 1.11 1.12 
1.13 1.09 1.12 1.13 1.07 1.08 1.12 1.13 1.08 1.05 
1.09 1.06 1.05 1.06 1.06 1.06 1.08 1.12 1.09 1.13 
1.07 1.06 1.13 1.06 1.13 1.13 1.05 1.13 1.08 1.1 
1.09 1.14 1.08 1.12 1.1 1.08 1.11 1.1 1.13 1.09 
1.1 1.09 1.09 1.14 1.07 1.07 1.05 1.12 1.11 1.09 
1.12 1.09 1.05 1.07 1.12 1.09 1.12 1.07 1.09 1.07 
1.06 1.08 1.05 1.05 1.09 1.14 1.08 1.07 1.11 1.06 
1.11 1.12 1.09 1.08 1.11 1.08 1.05 1.08 1.1 1.05 
1.14 1.06 1.13 1.12 1.05 1.07 1.05 1.09 1.08 1.07 
1.09 1.06 1.05 1.13 1.07 1.14 1.09 1.12 1.12 1.11 
1.12 1.09 1.1 1.12 1.1 1.13 1.14 1.11 1.05 1.06 
1.1 1.12 1.12 1.14 1.14 1.12 1.05 1.09 1.12 1.08 
1.12 1.14 1.08 1.05 1.11 1.05 1.07 1.11 1.13 1.14 
1.13 1.14 1.1 1.08 1.09 1.11 1.11 1.07 1.09 1.09 
1.08 1.14 1.05 1.07 1.08 1.08 1.14 1.06 1.13 1.09 
1.07 1.14 1.06 1.09 1.05 1.06 1.07 1.14 1.11 1.05 
1.05 1.12 1.11 1.12 1.11 1.06 1.11 1.05 1.11 1.11 
1.08 1.14 1.05 1.13 1.1 1.12 1.08 1.11 1.08 1.1 
1.07 1.06 1.12 1.11 1.09 1.12 1.08 1.09 1.12 1.11 
1.08 1.08 1.09 1.13 1.13 1.05 1.11 1.11 1.1 1.12 
1.14 1.06 1.11 1.08 1.14 1.06 1.14 1.05 1.13 1.06 
1.08 1.14 1.07 1.12 1.09 1.07 1.13 1.05 1.12 1.06 
1.1 1.06 1.11 1.13 1.12 1.07 1.14 1.09 1.05 1.13 
1.13 1.07 1.08 1.1 1.13 1.05 1.07 1.05 1.05 1.1 
1.13 1.1 1.09 1.08 1.09 1.08 1.07 1.13 1.08 1.06 
1.12 1.05 1.09 1.12 1.13 1.06 1.06 1.11 1.08 1.1 
1.1 1.06 1.09 1.1 1.08 1.14 1.13 1.07 1.07 1.07 
1.07 1.07 1.06 1.1 1.08 1.14 1.05 1.06 1.11 1.09 
1.07 1.11 1.08 1.08 1.12 1.1 1.08 1.05 1.07 1.1 
1.06 1.08 1.14 1.1 1.12 1.07 1.12 1.13 1.12 1.14 
1.1 1.12 1.07 1.14 1.05 1.1 1.13 1.07 1.13 1.11 
1.06 1.06 1.12 1.11 1.13 1.05 1.13 1.13 1.12 1.05 
1.12 1.12 1.14 1.07 1.05 1.1 1.14 1.11 1.14 1.12 
1.08 1.14 1.1 1.07 1.12 1.05 1.12 1.09 1.09 1.08 
1.13 1.14 1.12 1.12 1.14 1.09 1.08 1.05 1.14 1.1 
1.12 1.06 1.07 1.09 1.11 1.13 1.09 1.1 1.08 1.14 
1.06 1.12 1.11 1.1 1.05 1.12 1.05 1.1 1.05 1.05 
1.09 1.07 1.09 1.06 1.1 1.1 1.05 1.11 1.11 1.08 
