10
200
86 14 29 43 8 5 2 18 52 100 57 42 78 54 31 13 77 41 44 65 97 77 44 41 42 19 57 91 30 33 62 74 95 64 51 26 36 69 97 66 26 32 68 49 49 34 68 65 15 70 65 48 3 39 18 11 43 91 40 27 8 95 30 17 26 97 48 74 98 38 41 84 14 42 21 84 37 20 31 12 27 83 73 55 12 29 9 38 38 97 48 6 79 100 66 35 33 35 17 91 11 28 5 79 87 54 47 49 96 78 56 75 21 24 25 43 78 17 9 44 97 33 23 95 54 44 4 45 70 81 6 52 66 23 98 16 74 68 28 52 92 3 85 26 59 20 29 11 32 1 10 70 79 75 55 43 85 91 53 14 52 19 51 45 32 40 100 19 33 4 34 10 69 54 24 32 3 17 81 96 15 47 43 87 5 16 93 1 72 65 21 7 84 17 40 28 24 25 59 31 
3 3 3 2 1 1 1 2 2 3 
1.08 1.05 1.08 1.07 1.05 1.06 1.09 1.07 1.05 1.07 
1.07 1.09 1.07 1.09 1.06 1.05 1.06 1.09 1.08 1.05 
1.08 1.07 1.05 1.08 1.09 1.06 1.06 1.06 1.06 1.09 
1.06 1.06 1.07 1.06 1.07 1.09 1.07 1.05 1.09 1.07 
1.06 1.07 1.06 1.05 1.08 1.05 1.06 1.08 1.07 1.09 
1.08 1.07 1.09 1.05 1.06 1.07 1.05 1.06 1.09 1.08 
1.09 1.05 1.08 1.06 1.07 1.06 1.08 1.07 1.08 1.09 
1.08 1.05 1.08 1.07 1.09 1.09 1.06 1.05 1.06 1.07 
1.07 1.09 1.09 1.05 1.08 1.07 1.08 1.07 1.06 1.09 
1.07 1.05 1.06 1.08 1.06 1.06 1.06 1.09 1.09 1.06 
1.06 1.09 1.06 1.06 1.09 1.07 1.08 1.08 1.08 1.09 
1.09 1.09 1.06 1.06 1.09 1.09 1.09 1.08 1.06 1.07 
1.09 1.08 1.08 1.05 1.09 1.09 1.08 1.06 1.06 1.08 
1.08 1.09 1.05 1.07 1.07 1.06 1.09 1.08 1.09 1.09 
1.06 1.06 1.07 1.08 1.09 1.09 1.06 1.06 1.05 1.09 
1.06 1.07 1.05 1.08 1.05 1.06 1.06 1.07 1.09 1.05 
1.06 1.09 1.08 1.07 1.09 1.06 1.08 1.08 1.07 1.07 
1.07 1.09 1.06 1.07 1.08 1.06 1.07 1.09 1.06 1.05 
1.09 1.06 1.07 1.08 1.05 1.08 1.07 1.09 1.09 1.08 
1.07 1.09 1.06 1.07 1.08 1.05 1.08 1.06 1.09 1.05 
1.07 1.09 1.06 1.07 1.09 1.06 1.09 1.05 1.06 1.07 
1.08 1.08 1.06 1.06 1.08 1.08 1.06 1.06 1.05 1.08 
1.06 1.06 1.07 1.09 1.06 1.06 1.08 1.07 1.05 1.07 
1.07 1.09 1.06 1.05 1.08 1.09 1.08 1.08 1.07 1.05 
1.05 1.07 1.09 1.09 1.08 1.05 1.09 1.07 1.08 1.06 
1.06 1.05 1.08 1.08 1.05 1.07 1.08 1.09 1.07 1.09 
1.09 1.05 1.05 1.06 1.05 1.08 1.05 1.06 1.07 1.09 
1.07 1.06 1.07 1.08 1.09 1.05 1.09 1.06 1.06 1.07 
1.09 1.09 1.07 1.05 1.09 1.05 1.08 1.08 1.09 1.07 
1.08 1.07 1.08 1.08 1.07 1.07 1.06 1.06 1.07 1.06 
1.06 1.08 1.06 1.07 1.06 1.05 1.07 1.05 1.07 1.08 
1.08 1.09 1.08 1.08 1.07 1.07 1.05 1.09 1.05 1.05 
1.09 1.07 1.09 1.09 1.05 1.06 1.05 1.06 1.08 1.05 
1.09 1.07 1.09 1.05 1.07 1.08 1.05 1.08 1.05 1.06 
1.05 1.07 1.05 1.08 1.05 1.07 1.08 1.08 1.06 1.09 
1.06 1.09 1.05 1.06 1.05 1.08 1.08 1.08 1.07 1.07 
1.05 1.08 1.06 1.08 1.07 1.07 1.05 1.05 1.06 1.06 
1.06 1.09 1.06 1.09 1.07 1.06 1.05 1.08 1.06 1.09 
1.09 1.06 1.05 1.08 1.09 1.08 1.06 1.05 1.08 1.07 
1.07 1.05 1.06 1.07 1.09 1.08 1.07 1.07 1.08 1.07 
1.08 1.09 1.05 1.06 1.08 1.09 1.08 1.06 1.05 1.07 
1.08 1.09 1.08 1.07 1.05 1.05 1.06 1.07 1.05 1.07 
1.05 1.08 1.07 1.07 1.09 1.07 1.07 1.07 1.07 1.06 
1.09 1.05 1.09 1.06 1.05 1.06 1.09 1.08 1.06 1.06 
1.06 1.08 1.09 1.07 1.09 1.06 1.08 1.05 1.06 1.06 
1.07 1.07 1.09 1.06 1.09 1.08 1.05 1.09 1.07 1.05 
1.09 1.09 1.07 1.05 1.09 1.07 1.09 1.06 1.05 1.08 
1.09 1.07 1.08 1.07 1.06 1.06 1.05 1.09 1.08 1.09 
1.06 1.06 1.06 1.07 1.07 1.08 1.07 1.05 1.09 1.09 
1.07 1.05 1.06 1.09 1.06 1.05 1.09 1.08 1.05 1.06 
1.08 1.07 1.05 1.09 1.07 1.07 1.09 1.06 1.05 1.08 
1.08 1.09 1.08 1.09 1.08 1.05 1.09 1.05 1.07 1.05 
1.08 1.09 1.05 1.07 1.05 1.09 1.07 1.06 1.06 1.08 
1.07 1.09 1.06 1.07 1.06 1.09 1.05 1.09 1.08 1.05 
1.07 1.08 1.05 1.05 1.08 1.07 1.08 1.07 1.05 1.07 
1.09 1.09 1.07 1.08 1.07 1.05 1.09 1.08 1.05 1.08 
1.06 1.05 1.05 1.05 1.07 1.06 1.08 1.06 1.09 1.07 
1.09 1.08 1.06 1.08 1.09 1.09 1.07 1.07 1.07 1.07 
1.07 1.06 1.08 1.07 1.05 1.07 1.05 1.07 1.09 1.09 
1.06 1.08 1.06 1.09 1.08 1.07 1.08 1.06 1.05 1.07 
1.06 1.09 1.07 1.09 1.09 1.09 1.05 1.05 1.07 1.09 
1.08 1.08 1.08 1.09 1.08 1.07 1.07 1.08 1.05 1.07 
1.08 1.07 1.05 1.06 1.09 1.09 1.05 1.05 1.05 1.09 
1.05 1.05 1.09 1.06 1.05 1.07 1.08 1.05 1.05 1.07 
1.06 1.07 1.09 1.06 1.06 1.05 1.09 1.07 1.05 1.07 
1.07 1.05 1.05 1.06 1.06 1.08 1.06 1.09 1.07 1.09 
1.06 1.08 1.07 1.08 1.08 1.06 1.09 1.07 1.05 1.09 
1.07 1.08 1.05 1.09 1.09 1.05 1.07 1.08 1.09 1.06 
1.05 1.09 1.09 1.09 1.09 1.07 1.09 1.09 1.06 1.06 
1.07 1.05 1.05 1.09 1.08 1.08 1.07 1.07 1.06 1.08 
1.06 1.06 1.08 1.08 1.09 1.08 1.08 1.07 1.09 1.08 
1.05 1.08 1.09 1.08 1.06 1.07 1.05 1.05 1.06 1.08 
1.09 1.05 1.08 1.06 1.09 1.08 1.05 1.05 1.05 1.07 
1.05 1.09 1.09 1.05 1.05 1.09 1.06 1.07 1.07 1.06 
1.05 1.08 1.05 1.09 1.05 1.08 1.08 1.07 1.07 1.07 
1.07 1.06 1.05 1.08 1.06 1.06 1.08 1.08 1.08 1.06 
1.08 1.08 1.09 1.09 1.08 1.09 1.07 1.05 1.05 1.08 
1.07 1.07 1.05 1.09 1.08 1.06 1.06 1.07 1.09 1.05 
1.06 1.09 1.09 1.09 1.06 1.08 1.09 1.06 1.05 1.07 
1.06 1.07 1.07 1.07 1.08 1.09 1.09 1.05 1.08 1.08 
1.05 1.08 1.09 1.07 1.05 1.09 1.07 1.06 1.08 1.06 
1.06 1.09 1.05 1.05 1.07 1.05 1.06 1.07 1.07 1.08 
1.08 1.07 1.09 1.07 1.06 1.09 1.06 1.07 1.07 1.07 
1.06 1.06 1.07 1.08 1.08 1.07 1.09 1.08 1.07 1.06 
1.07 1.08 1.07 1.05 1.08 1.07 1.06 1.09 1.06 1.05 
1.08 1.07 1.05 1.08 1.05 1.07 1.06 1.07 1.08 1.09 
1.05 1.07 1.09 1.05 1.05 1.08 1.07 1.05 1.07 1.07 
1.09 1.07 1.05 1.05 1.09 1.06 1.09 1.05 1.09 1.08 
1.06 1.08 1.09 1.05 1.09 1.06 1.08 1.08 1.09 1.05 
1.08 1.09 1.09 1.05 1.08 1.06 1.09 1.09 1.08 1.09 
1.09 1.06 1.08 1.08 1.07 1.05 1.09 1.07 1.09 1.05 
1.06 1.06 1.08 1.06 1.08 1.06 1.06 1.06 1.08 1.08 
1.06 1.05 1.07 1.07 1.06 1.05 1.08 1.05 1.08 1.09 
1.07 1.07 1.07 1.08 1.09 1.05 1.05 1.05 1.09 1.07 
1.06 1.07 1.08 1.08 1.08 1.06 1.07 1.06 1.09 1.09 
1.08 1.08 1.06 1.05 1.06 1.08 1.07 1.08 1.08 1.07 
1.06 1.06 1.08 1.06 1.05 1.09 1.09 1.07 1.06 1.09 
1.05 1.07 1.08 1.07 1.06 1.06 1.09 1.09 1.09 1.09 
1.06 1.08 1.05 1.05 1.09 1.08 1.09 1.09 1.05 1.06 
1.09 1.08 1.06 1.09 1.08 1.06 1.08 1.05 1.09 1.06 
1.07 1.08 1.06 1.09 1.09 1.07 1.07 1.07 1.05 1.09 
1.09 1.05 1.05 1.09 1.05 1.07 1.06 1.07 1.07 1.09 
1.05 1.08 1.07 1.08 1.06 1.09 1.05 1.06 1.05 1.09 
1.06 1.07 1.06 1.06 1.06 1.07 1.09 1.05 1.09 1.05 
1.08 1.09 1.09 1.07 1.05 1.05 1.06 1.07 1.08 1.09 
1.05 1.09 1.09 1.06 1.07 1.05 1.08 1.05 1.09 1.08 
1.05 1.09 1.05 1.09 1.07 1.05 1.09 1.08 1.05 1.05 
1.05 1.05 1.06 1.06 1.08 1.06 1.08 1.07 1.06 1.06 
1.08 1.09 1.09 1.09 1.05 1.05 1.09 1.05 1.05 1.07 
1.08 1.05 1.07 1.05 1.06 1.05 1.06 1.06 1.06 1.07 
1.06 1.09 1.08 1.07 1.08 1.06 1.08 1.07 1.07 1.09 
1.08 1.05 1.06 1.08 1.05 1.05 1.07 1.07 1.07 1.05 
1.08 1.05 1.05 1.05 1.07 1.09 1.07 1.08 1.09 1.06 
1.07 1.06 1.09 1.06 1.09 1.07 1.09 1.07 1.06 1.09 
1.07 1.05 1.07 1.07 1.09 1.08 1.07 1.05 1.05 1.06 
1.09 1.06 1.08 1.07 1.09 1.07 1.07 1.05 1.06 1.09 
1.09 1.06 1.07 1.09 1.06 1.07 1.05 1.09 1.07 1.09 
1.06 1.05 1.05 1.06 1.06 1.09 1.07 1.07 1.09 1.05 
1.09 1.07 1.08 1.06 1.07 1.07 1.09 1.06 1.07 1.06 
1.07 1.08 1.05 1.05 1.07 1.06 1.06 1.05 1.07 1.09 
1.05 1.05 1.05 1.06 1.06 1.06 1.05 1.07 1.09 1.08 
1.05 1.05 1.06 1.07 1.05 1.09 1.05 1.06 1.05 1.06 
1.07 1.07 1.05 1.09 1.07 1.06 1.05 1.06 1.09 1.05 
1.09 1.06 1.07 1.08 1.06 1.07 1.05 1.07 1.09 1.07 
1.07 1.07 1.08 1.07 1.09 1.09 1.07 1.06 1.05 1.09 
1.05 1.06 1.08 1.08 1.07 1.08 1.08 1.07 1.09 1.09 
1.05 1.05 1.06 1.09 1.09 1.05 1.06 1.07 1.07 1.05 
1.06 1.06 1.09 1.08 1.05 1.06 1.06 1.05 1.06 1.09 
1.05 1.07 1.05 1.05 1.07 1.05 1.06 1.09 1.06 1.09 
1.08 1.05 1.09 1.06 1.08 1.09 1.05 1.05 1.07 1.09 
1.06 1.08 1.05 1.08 1.08 1.06 1.08 1.06 1.09 1.05 
1.08 1.09 1.06 1.07 1.06 1.09 1.09 1.09 1.07 1.05 
1.06 1.08 1.06 1.09 1.07 1.07 1.08 1.09 1.09 1.05 
1.09 1.09 1.08 1.08 1.05 1.07 1.05 1.08 1.09 1.05 
1.06 1.07 1.08 1.05 1.05 1.06 1.06 1.09 1.05 1.09 
1.05 1.09 1.06 1.09 1.05 1.06 1.06 1.05 1.08 1.05 
1.07 1.08 1.07 1.06 1.06 1.07 1.07 1.06 1.06 1.07 
1.05 1.07 1.07 1.07 1.08 1.05 1.09 1.05 1.06 1.06 
1.05 1.05 1.05 1.08 1.09 1.09 1.09 1.05 1.08 1.08 
1.06 1.07 1.07 1.08 1.08 1.08 1.07 1.05 1.06 1.08 
1.08 1.08 1.06 1.08 1.07 1.09 1.07 1.08 1.07 1.05 
1.07 1.05 1.08 1.05 1.07 1.08 1.06 1.05 1.08 1.06 
1.08 1.06 1.08 1.08 1.08 1.07 1.05 1.05 1.05 1.09 
1.06 1.06 1.05 1.09 1.09 1.08 1.05 1.07 1.05 1.07 
1.05 1.08 1.09 1.06 1.06 1.09 1.06 1.06 1.07 1.08 
1.08 1.06 1.05 1.08 1.09 1.09 1.06 1.07 1.08 1.07 
1.06 1.08 1.08 1.06 1.09 1.06 1.09 1.09 1.09 1.09 
1.09 1.06 1.05 1.06 1.05 1.09 1.05 1.09 1.05 1.07 
1.07 1.06 1.08 1.09 1.09 1.09 1.05 1.08 1.05 1.06 
1.09 1.06 1.08 1.07 1.07 1.08 1.08 1.06 1.06 1.07 
1.05 1.07 1.08 1.06 1.06 1.06 1.07 1.07 1.07 1.05 
1.06 1.05 1.05 1.05 1.07 1.09 1.07 1.08 1.06 1.06 
1.08 1.06 1.06 1.05 1.06 1.06 1.08 1.09 1.05 1.08 
1.05 1.08 1.07 1.06 1.08 1.07 1.08 1.06 1.06 1.07 
1.06 1.06 1.05 1.05 1.07 1.07 1.08 1.09 1.08 1.08 
1.09 1.08 1.05 1.07 1.09 1.08 1.07 1.05 1.06 1.08 
1.06 1.05 1.07 1.06 1.07 1.05 1.06 1.06 1.07 1.09 
1.09 1.07 1.06 1.06 1.07 1.06 1.06 1.07 1.08 1.09 
1.07 1.09 1.09 1.09 1.05 1.07 1.07 1.07 1.09 1.08 
1.06 1.06 1.08 1.09 1.07 1.09 1.09 1.08 1.08 1.05 
1.09 1.08 1.07 1.05 1.05 1.07 1.08 1.07 1.09 1.09 
1.05 1.06 1.09 1.08 1.07 1.09 1.05 1.08 1.05 1.06 
1.09 1.08 1.09 1.08 1.05 1.09 1.05 1.06 1.08 1.09 
1.06 1.08 1.09 1.07 1.08 1.09 1.07 1.06 1.06 1.06 
1.08 1.09 1.09 1.08 1.08 1.06 1.07 1.09 1.06 1.05 
1.06 1.08 1.09 1.08 1.08 1.08 1.09 1.06 1.08 1.09 
1.09 1.07 1.06 1.07 1.09 1.06 1.07 1.06 1.07 1.05 
1.06 1.09 1.07 1.06 1.08 1.05 1.07 1.06 1.09 1.05 
1.07 1.06 1.09 1.07 1.07 1.09 1.06 1.09 1.06 1.09 
1.09 1.07 1.09 1.08 1.07 1.06 1.08 1.06 1.08 1.09 
1.06 1.09 1.08 1.05 1.06 1.08 1.07 1.06 1.08 1.05 
1.07 1.05 1.05 1.06 1.09 1.08 1.06 1.08 1.08 1.07 
1.05 1.08 1.06 1.05 1.07 1.09 1.08 1.09 1.06 1.06 
1.07 1.08 1.05 1.05 1.06 1.08 1.09 1.05 1.08 1.08 
1.09 1.09 1.08 1.07 1.07 1.05 1.08 1.05 1.06 1.05 
1.06 1.06 1.09 1.07 1.05 1.06 1.09 1.09 1.07 1.06 
1.08 1.06 1.06 1.06 1.09 1.07 1.05 1.06 1.05 1.08 
1.05 1.09 1.09 1.08 1.07 1.07 1.07 1.09 1.06 1.07 
1.09 1.08 1.05 1.08 1.05 1.07 1.09 1.05 1.05 1.06 
1.07 1.08 1.05 1.07 1.08 1.06 1.08 1.07 1.09 1.06 
1.06 1.09 1.08 1.06 1.05 1.05 1.09 1.06 1.05 1.08 
1.07 1.08 1.09 1.08 1.06 1.07 1.09 1.07 1.09 1.05 
1.06 1.05 1.06 1.06 1.05 1.08 1.09 1.05 1.08 1.05 
1.08 1.07 1.06 1.06 1.09 1.08 1.09 1.08 1.07 1.06 
1.07 1.07 1.08 1.09 1.09 1.05 1.09 1.07 1.07 1.08 
1.09 1.07 1.09 1.07 1.09 1.09 1.07 1.07 1.05 1.05 
1.07 1.08 1.07 1.06 1.06 1.09 1.08 1.05 1.09 1.07 
1.08 1.08 1.09 1.05 1.09 1.05 1.07 1.07 1.08 1.09 
1.07 1.07 1.07 1.06 1.08 1.07 1.05 1.07 1.09 1.09 
1.09 1.06 1.09 1.06 1.08 1.07 1.06 1.07 1.08 1.06 
1.09 1.07 1.07 1.09 1.09 1.07 1.05 1.09 1.05 1.05 
1.09 1.08 1.09 1.09 1.09 1.08 1.05 1.07 1.05 1.05 
1.08 1.08 1.06 1.06 1.06 1.07 1.06 1.05 1.05 1.06 
1.05 1.08 1.08 1.06 1.09 1.05 1.06 1.06 1.08 1.05 
1.07 1.06 1.07 1.08 1.07 1.06 1.09 1.07 1.09 1.09 
1.07 1.08 1.09 1.09 1.09 1.08 1.06 1.08 1.08 1.05 
1.05 1.05 1.07 1.08 1.06 1.09 1.07 1.06 1.07 1.06 
1.09 1.05 1.05 1.09 1.06 1.06 1.05 1.06 1.08 1.06 
1.07 1.05 1.07 1.09 1.06 1.05 1.07 1.06 1.09 1.07 
1.08 1.09 1.09 1.08 1.05 1.08 1.06 1.08 1.09 1.09 
