10
100
55 3 2 47 57 98 36 28 16 43 67 75 84 22 32 14 66 38 10 67 39 6 19 28 80 67 96 29 4 13 99 3 6 28 27 58 24 21 67 69 41 53 30 72 42 17 51 6 15 26 39 100 88 95 55 9 84 61 40 8 57 47 24 36 77 66 11 78 54 10 78 56 49 85 98 56 20 96 4 30 15 28 80 90 7 87 11 45 98 27 54 47 66 89 19 90 18 30 46 97 
1 2 3 1 1 2 2 1 2 3 
1.04 1.06 1.03 1.04 1.04 1.03 1.06 1.05 1.04 1.01 
1.05 1.02 1.01 1.03 1.03 1.04 1.03 1.03 1.03 1.05 
1.05 1.01 1.01 1.02 1.02 1.04 1.01 1.02 1.02 1.04 
1.05 1.04 1.03 1.06 1.02 1.03 1.01 1.03 1.04 1.05 
1.02 1.05 1.03 1.01 1.03 1.06 1.01 1.03 1.01 1.05 
1.03 1.04 1.01 1.02 1.02 1.05 1.06 1.01 1.01 1.03 
1.05 1.05 1.02 1.06 1.06 1.04 1.05 1.03 1.06 1.02 
1.05 1.02 1.03 1.02 1.04 1.05 1.03 1.02 1.01 1.01 
1.06 1.02 1.05 1.02 1.04 1.03 1.02 1.02 1.03 1.05 
1.03 1.06 1.04 1.03 1.03 1.06 1.04 1.03 1.01 1.04 
1.06 1.01 1.01 1.06 1.01 1.04 1.01 1.03 1.02 1.03 
1.03 1.02 1.06 1.03 1.03 1.02 1.03 1.05 1.04 1.06 
1.03 1.06 1.03 1.05 1.06 1.06 1.06 1.01 1.03 1.03 
1.06 1.01 1.05 1.06 1.03 1.02 1.01 1.04 1.04 1.02 
1.06 1.03 1.05 1.05 1.06 1.02 1.03 1.06 1.05 1.04 
1.04 1.01 1.06 1.02 1.03 1.05 1.06 1.04 1.01 1.06 
1.04 1.06 1.02 1.01 1.01 1.05 1.01 1.01 1.05 1.04 
1.01 1.01 1.04 1.06 1.06 1.05 1.05 1.01 1.04 1.01 
1.02 1.01 1.04 1.06 1.05 1.05 1.03 1.05 1.06 1.01 
1.05 1.05 1.04 1.06 1.04 1.02 1.01 1.01 1.05 1.02 
1.03 1.04 1.05 1.06 1.03 1.02 1.02 1.01 1.05 1.04 
1.04 1.04 1.04 1.04 1.04 1.02 1.03 1.05 1.05 1.02 
1.02 1.04 1.03 1.02 1.04 1.05 1.05 1.02 1.02 1.02 
1.02 1.04 1.06 1.02 1.06 1.06 1.01 1.02 1.01 1.06 
1.06 1.03 1.01 1.04 1.06 1.01 1.05 1.04 1.03 1.06 
1.05 1.03 1.06 1.03 1.02 1.01 1.04 1.03 1.02 1.02 
1.05 1.06 1.03 1.01 1.01 1.02 1.05 1.05 1.03 1.04 
1.06 1.05 1.01 1.06 1.06 1.06 1.01 1.02 1.06 1.03 
1.03 1.06 1.01 1.05 1.03 1.05 1.05 1.03 1.06 1.04 
1.01 1.02 1.03 1.01 1.05 1.02 1.06 1.05 1.02 1.01 
1.02 1.05 1.03 1.01 1.03 1.03 1.01 1.01 1.02 1.05 
1.05 1.02 1.03 1.01 1.01 1.03 1.04 1.04 1.01 1.01 
1.01 1.06 1.06 1.01 1.06 1.04 1.02 1.04 1.03 1.02 
1.01 1.01 1.02 1.05 1.02 1.02 1.04 1.03 1.02 1.06 
1.06 1.03 1.02 1.04 1.06 1.03 1.03 1.03 1.06 1.01 
1.01 1.02 1.04 1.02 1.01 1.05 1.06 1.03 1.02 1.02 
1.03 1.05 1.01 1.02 1.01 1.03 1.02 1.03 1.06 1.04 
1.06 1.06 1.03 1.06 1.01 1.04 1.01 1.05 1.04 1.04 
1.03 1.02 1.02 1.05 1.05 1.04 1.04 1.06 1.06 1.06 
1.01 1.01 1.05 1.05 1.02 1.02 1.02 1.03 1.02 1.05 
1.03 1.02 1.05 1.04 1.05 1.01 1.05 1.03 1.02 1.05 
1.03 1.05 1.03 1.04 1.03 1.02 1.01 1.03 1.01 1.01 
1.01 1.06 1.01 1.06 1.04 1.04 1.05 1.01 1.02 1.02 
1.04 1.05 1.01 1.06 1.05 1.02 1.01 1.01 1.06 1.03 
1.06 1.03 1.01 1.01 1.03 1.01 1.02 1.01 1.03 1.06 
1.02 1.01 1.05 1.05 1.04 1.04 1.05 1.02 1.04 1.04 
1.04 1.06 1.04 1.02 1.03 1.06 1.01 1.01 1.02 1.04 
1.04 1.01 1.02 1.01 1.02 1.03 1.02 1.06 1.01 1.01 
1.01 1.01 1.01 1.06 1.05 1.05 1.02 1.06 1.04 1.05 
1.03 1.05 1.04 1.06 1.06 1.03 1.06 1.06 1.06 1.06 
1.04 1.06 1.02 1.06 1.04 1.01 1.05 1.04 1.01 1.05 
1.06 1.06 1.04 1.04 1.02 1.06 1.04 1.04 1.03 1.01 
1.01 1.05 1.03 1.05 1.04 1.06 1.04 1.05 1.02 1.04 
1.06 1.06 1.02 1.03 1.05 1.01 1.01 1.03 1.06 1.03 
1.02 1.03 1.02 1.01 1.05 1.06 1.02 1.06 1.06 1.06 
1.05 1.05 1.01 1.04 1.02 1.06 1.06 1.05 1.05 1.01 
1.03 1.01 1.01 1.06 1.03 1.05 1.05 1.05 1.02 1.03 
1.05 1.02 1.01 1.06 1.04 1.01 1.06 1.06 1.02 1.04 
1.02 1.02 1.02 1.05 1.01 1.03 1.06 1.06 1.02 1.03 
1.02 1.06 1.01 1.05 1.03 1.01 1.03 1.05 1.06 1.06 
1.03 1.04 1.05 1.02 1.04 1.03 1.05 1.05 1.02 1.04 
1.05 1.03 1.01 1.01 1.04 1.06 1.06 1.04 1.05 1.01 
1.06 1.06 1.05 1.04 1.01 1.01 1.05 1.02 1.01 1.04 
1.04 1.06 1.03 1.04 1.02 1.05 1.05 1.03 1.02 1.04 
1.04 1.01 1.03 1.04 1.01 1.01 1.05 1.05 1.02 1.02 
1.04 1.05 1.02 1.06 1.02 1.04 1.01 1.05 1.03 1.05 
1.03 1.04 1.03 1.02 1.02 1.05 1.04 1.06 1.02 1.05 
1.06 1.05 1.04 1.01 1.06 1.02 1.03 1.03 1.02 1.05 
1.03 1.02 1.04 1.05 1.06 1.01 1.04 1.03 1.01 1.06 
1.01 1.01 1.02 1.02 1.01 1.04 1.05 1.05 1.05 1.05 
1.03 1.06 1.06 1.01 1.06 1.06 1.01 1.06 1.04 1.03 
1.06 1.01 1.05 1.06 1.03 1.04 1.04 1.06 1.05 1.02 
1.06 1.05 1.02 1.05 1.01 1.06 1.04 1.05 1.01 1.02 
1.06 1.06 1.02 1.06 1.01 1.02 1.05 1.06 1.06 1.06 
1.02 1.01 1.05 1.04 1.04 1.06 1.03 1.02 1.04 1.04 
1.01 1.02 1.03 1.06 1.06 1.02 1.02 1.02 1.02 1.04 
1.02 1.04 1.06 1.05 1.03 1.04 1.04 1.05 1.06 1.01 
1.01 1.01 1.05 1.03 1.03 1.02 1.04 1.06 1.04 1.06 
1.04 1.03 1.01 1.06 1.04 1.01 1.04 1.05 1.02 1.02 
1.03 1.06 1.05 1.01 1.01 1.01 1.03 1.04 1.05 1.05 
1.06 1.01 1.05 1.03 1.06 1.03 1.05 1.06 1.05 1.06 
1.03 1.02 1.04 1.06 1.01 1.01 1.03 1.01 1.05 1.05 
1.04 1.02 1.03 1.02 1.02 1.01 1.01 1.06 1.01 1.06 
1.02 1.03 1.06 1.03 1.03 1.03 1.04 1.05 1.01 1.06 
1.01 1.01 1.01 1.02 1.05 1.05 1.03 1.05 1.05 1.04 
1.04 1.05 1.02 1.01 1.06 1.01 1.04 1.02 1.06 1.06 
1.04 1.02 1.04 1.02 1.02 1.01 1.01 1.01 1.01 1.03 
1.03 1.04 1.04 1.01 1.04 1.03 1.02 1.04 1.06 1.03 
1.02 1.01 1.03 1.04 1.02 1.05 1.04 1.03 1.06 1.01 
1.05 1.06 1.06 1.02 1.01 1.03 1.06 1.02 1.06 1.02 
1.02 1.04 1.03 1.01 1.03 1.02 1.04 1.02 1.05 1.05 
1.03 1.04 1.06 1.04 1.03 1.01 1.02 1.03 1.02 1.03 
1.05 1.02 1.06 1.04 1.01 1.04 1.05 1.05 1.03 1.03 
1.01 1.05 1.04 1.04 1.02 1.04 1.01 1.01 1.03 1.03 
1.05 1.06 1.06 1.03 1.01 1.02 1.01 1.06 1.05 1.04 
1.01 1.01 1.05 1.05 1.03 1.01 1.02 1.06 1.03 1.06 
1.02 1.06 1.03 1.03 1.02 1.01 1.05 1.03 1.05 1.04 
1.04 1.05 1.03 1.01 1.03 1.05 1.04 1.01 1.01 1.02 
1.01 1.02 1.04 1.06 1.02 1.02 1.01 1.04 1.06 1.02 
1.05 1.03 1.01 1.01 1.02 1.05 1.04 1.05 1.06 1.04 
