10
150
34 22 66 68 41 28 29 97 19 10 8 59 45 79 81 63 22 34 60 26 2 5 74 41 48 30 69 74 59 95 34 29 28 81 92 8 25 4 93 13 84 28 81 23 55 15 1 76 54 61 54 98 30 56 10 61 13 29 8 71 5 34 83 5 13 82 63 22 46 90 100 37 50 46 50 44 31 51 54 22 82 18 13 20 82 9 54 88 18 96 10 13 93 74 45 39 38 45 80 2 51 100 5 93 98 8 75 1 21 37 51 62 49 97 46 53 98 13 64 78 30 3 96 68 12 43 84 67 10 38 64 81 68 77 70 64 7 42 68 51 86 51 42 79 28 10 49 100 94 76 
3 9 8 6 5 6 5 3 3 3 
1.08 1.05 1.08 1.09 1.07 1.08 1.09 1.07 1.05 1.07 
1.07 1.09 1.07 1.05 1.09 1.09 1.08 1.05 1.05 1.05 
1.07 1.06 1.07 1.06 1.05 1.07 1.09 1.05 1.07 1.08 
1.07 1.09 1.07 1.09 1.05 1.09 1.06 1.05 1.05 1.05 
1.09 1.07 1.08 1.07 1.05 1.05 1.06 1.07 1.05 1.08 
1.09 1.09 1.08 1.09 1.06 1.09 1.08 1.06 1.06 1.08 
1.08 1.08 1.06 1.08 1.05 1.05 1.09 1.09 1.08 1.07 
1.05 1.08 1.05 1.08 1.06 1.08 1.07 1.06 1.05 1.05 
1.06 1.09 1.05 1.09 1.07 1.05 1.05 1.08 1.07 1.06 
1.09 1.08 1.05 1.06 1.06 1.09 1.07 1.05 1.07 1.06 
1.07 1.09 1.08 1.05 1.05 1.07 1.08 1.08 1.08 1.05 
1.05 1.07 1.07 1.07 1.06 1.05 1.09 1.06 1.05 1.05 
1.09 1.05 1.08 1.06 1.06 1.07 1.09 1.09 1.06 1.07 
1.09 1.05 1.06 1.05 1.06 1.07 1.05 1.05 1.07 1.09 
1.07 1.06 1.09 1.07 1.09 1.08 1.05 1.06 1.05 1.09 
1.07 1.09 1.07 1.06 1.09 1.08 1.07 1.08 1.08 1.08 
1.09 1.08 1.07 1.07 1.05 1.05 1.09 1.08 1.06 1.07 
1.06 1.06 1.09 1.09 1.09 1.09 1.05 1.06 1.07 1.07 
1.09 1.05 1.05 1.05 1.08 1.06 1.08 1.07 1.06 1.06 
1.06 1.07 1.07 1.06 1.08 1.07 1.09 1.08 1.08 1.08 
1.08 1.08 1.08 1.09 1.08 1.05 1.05 1.08 1.07 1.08 
1.06 1.08 1.06 1.09 1.07 1.09 1.09 1.06 1.08 1.07 
1.09 1.05 1.08 1.09 1.07 1.08 1.06 1.07 1.06 1.09 
1.06 1.08 1.05 1.05 1.06 1.06 1.07 1.09 1.09 1.05 
1.07 1.08 1.07 1.05 1.05 1.08 1.08 1.07 1.06 1.05 
1.09 1.09 1.07 1.05 1.07 1.07 1.08 1.09 1.09 1.05 
1.09 1.06 1.07 1.05 1.06 1.09 1.06 1.08 1.09 1.06 
1.06 1.08 1.05 1.07 1.08 1.06 1.06 1.07 1.07 1.05 
1.05 1.05 1.08 1.08 1.06 1.06 1.06 1.09 1.05 1.05 
1.06 1.08 1.07 1.06 1.08 1.07 1.05 1.07 1.08 1.09 
1.08 1.09 1.05 1.07 1.06 1.06 1.09 1.05 1.06 1.06 
1.09 1.09 1.09 1.08 1.06 1.08 1.06 1.06 1.07 1.05 
1.09 1.05 1.09 1.07 1.05 1.08 1.05 1.06 1.07 1.07 
1.05 1.05 1.05 1.07 1.07 1.08 1.06 1.05 1.09 1.09 
1.09 1.09 1.07 1.07 1.08 1.06 1.06 1.06 1.08 1.07 
1.09 1.09 1.07 1.08 1.08 1.06 1.09 1.05 1.06 1.06 
1.06 1.06 1.08 1.07 1.08 1.05 1.06 1.07 1.05 1.08 
1.06 1.09 1.08 1.06 1.07 1.09 1.05 1.05 1.06 1.05 
1.06 1.07 1.05 1.08 1.08 1.05 1.05 1.09 1.06 1.06 
1.05 1.08 1.09 1.06 1.05 1.09 1.09 1.06 1.05 1.05 
1.08 1.09 1.08 1.08 1.07 1.08 1.05 1.05 1.05 1.06 
1.05 1.06 1.07 1.07 1.05 1.05 1.09 1.07 1.07 1.08 
1.08 1.05 1.06 1.09 1.09 1.05 1.05 1.07 1.09 1.05 
1.08 1.07 1.09 1.05 1.06 1.09 1.09 1.06 1.09 1.06 
1.05 1.06 1.07 1.07 1.05 1.07 1.08 1.09 1.09 1.05 
1.05 1.08 1.07 1.05 1.05 1.06 1.07 1.09 1.09 1.06 
1.07 1.06 1.08 1.05 1.05 1.06 1.06 1.05 1.06 1.08 
1.08 1.05 1.06 1.07 1.06 1.06 1.06 1.08 1.09 1.05 
1.09 1.08 1.06 1.05 1.05 1.06 1.08 1.08 1.07 1.09 
1.05 1.05 1.05 1.09 1.05 1.06 1.05 1.05 1.09 1.06 
1.05 1.07 1.07 1.06 1.07 1.05 1.07 1.07 1.07 1.09 
1.06 1.05 1.09 1.06 1.09 1.08 1.07 1.05 1.09 1.09 
1.06 1.06 1.07 1.08 1.07 1.08 1.07 1.05 1.08 1.08 
1.09 1.05 1.09 1.05 1.09 1.06 1.05 1.08 1.06 1.08 
1.09 1.07 1.06 1.07 1.06 1.06 1.07 1.08 1.08 1.06 
1.05 1.06 1.07 1.08 1.09 1.09 1.05 1.06 1.06 1.05 
1.08 1.05 1.09 1.08 1.07 1.05 1.09 1.07 1.07 1.06 
1.08 1.08 1.07 1.06 1.08 1.08 1.05 1.07 1.06 1.07 
1.06 1.08 1.09 1.09 1.08 1.09 1.09 1.06 1.09 1.08 
1.09 1.07 1.05 1.06 1.05 1.06 1.06 1.09 1.08 1.08 
1.09 1.09 1.09 1.06 1.05 1.05 1.05 1.09 1.09 1.08 
1.09 1.09 1.06 1.06 1.05 1.08 1.09 1.06 1.05 1.06 
1.07 1.07 1.05 1.08 1.05 1.08 1.05 1.06 1.08 1.05 
1.08 1.07 1.09 1.09 1.07 1.07 1.08 1.05 1.05 1.05 
1.09 1.06 1.07 1.05 1.07 1.05 1.05 1.06 1.08 1.05 
1.06 1.05 1.07 1.05 1.09 1.09 1.09 1.06 1.08 1.05 
1.09 1.07 1.09 1.07 1.09 1.08 1.08 1.08 1.05 1.08 
1.09 1.09 1.09 1.07 1.08 1.08 1.06 1.09 1.07 1.09 
1.07 1.08 1.09 1.06 1.08 1.05 1.05 1.08 1.08 1.06 
1.07 1.05 1.09 1.05 1.09 1.07 1.06 1.07 1.06 1.05 
1.08 1.06 1.08 1.08 1.06 1.07 1.08 1.05 1.07 1.08 
1.08 1.06 1.06 1.09 1.09 1.06 1.05 1.08 1.07 1.09 
1.07 1.05 1.05 1.09 1.06 1.09 1.07 1.09 1.05 1.08 
1.09 1.06 1.07 1.07 1.07 1.08 1.06 1.07 1.05 1.06 
1.09 1.05 1.06 1.05 1.08 1.09 1.06 1.07 1.05 1.05 
1.07 1.06 1.06 1.07 1.07 1.05 1.06 1.08 1.09 1.07 
1.09 1.05 1.07 1.08 1.06 1.06 1.05 1.09 1.09 1.08 
1.08 1.08 1.09 1.06 1.05 1.08 1.06 1.07 1.09 1.08 
1.05 1.07 1.05 1.09 1.09 1.06 1.07 1.09 1.07 1.06 
1.06 1.05 1.09 1.09 1.06 1.06 1.05 1.08 1.07 1.08 
1.06 1.05 1.09 1.06 1.07 1.07 1.07 1.08 1.05 1.08 
1.05 1.07 1.07 1.08 1.09 1.06 1.06 1.07 1.07 1.07 
1.07 1.06 1.05 1.05 1.07 1.07 1.08 1.06 1.09 1.08 
1.06 1.06 1.07 1.08 1.08 1.09 1.07 1.05 1.09 1.07 
1.06 1.08 1.05 1.09 1.08 1.09 1.07 1.06 1.07 1.09 
1.07 1.07 1.05 1.09 1.06 1.05 1.08 1.06 1.08 1.08 
1.06 1.09 1.07 1.08 1.07 1.09 1.05 1.08 1.09 1.09 
1.07 1.07 1.07 1.05 1.05 1.08 1.07 1.08 1.08 1.05 
1.08 1.09 1.07 1.05 1.07 1.08 1.08 1.08 1.07 1.05 
1.06 1.05 1.06 1.09 1.09 1.08 1.07 1.06 1.05 1.05 
1.08 1.06 1.08 1.06 1.07 1.05 1.05 1.08 1.06 1.06 
1.08 1.06 1.07 1.08 1.08 1.07 1.06 1.06 1.05 1.06 
1.06 1.06 1.05 1.08 1.09 1.09 1.09 1.07 1.07 1.05 
1.08 1.09 1.05 1.09 1.08 1.07 1.06 1.08 1.05 1.08 
1.05 1.06 1.08 1.09 1.05 1.06 1.07 1.08 1.08 1.07 
1.07 1.08 1.05 1.07 1.09 1.08 1.07 1.08 1.06 1.06 
1.09 1.06 1.06 1.08 1.09 1.05 1.05 1.07 1.06 1.07 
1.05 1.09 1.09 1.07 1.05 1.07 1.05 1.05 1.07 1.08 
1.09 1.06 1.06 1.07 1.05 1.06 1.05 1.06 1.08 1.09 
1.05 1.07 1.08 1.05 1.07 1.05 1.06 1.06 1.07 1.07 
1.05 1.05 1.09 1.09 1.06 1.06 1.07 1.09 1.07 1.09 
1.07 1.07 1.08 1.07 1.07 1.06 1.08 1.07 1.09 1.09 
1.07 1.06 1.08 1.06 1.09 1.08 1.06 1.06 1.09 1.06 
1.06 1.07 1.08 1.09 1.07 1.06 1.08 1.08 1.05 1.09 
1.09 1.05 1.09 1.06 1.06 1.08 1.09 1.06 1.08 1.07 
1.06 1.09 1.06 1.08 1.08 1.06 1.08 1.09 1.07 1.09 
1.05 1.05 1.06 1.08 1.09 1.07 1.07 1.05 1.07 1.05 
1.08 1.06 1.08 1.06 1.08 1.07 1.08 1.06 1.08 1.05 
1.05 1.08 1.06 1.07 1.05 1.07 1.05 1.08 1.08 1.06 
1.07 1.09 1.08 1.07 1.06 1.06 1.06 1.06 1.08 1.05 
1.08 1.09 1.09 1.06 1.07 1.06 1.07 1.05 1.07 1.09 
1.07 1.07 1.08 1.08 1.09 1.05 1.09 1.07 1.09 1.06 
1.09 1.05 1.05 1.09 1.06 1.05 1.05 1.05 1.08 1.09 
1.07 1.05 1.05 1.05 1.05 1.06 1.09 1.06 1.07 1.05 
1.09 1.07 1.09 1.08 1.09 1.05 1.06 1.07 1.09 1.09 
1.05 1.08 1.09 1.06 1.08 1.09 1.07 1.06 1.08 1.09 
1.08 1.06 1.07 1.09 1.08 1.08 1.06 1.06 1.05 1.05 
1.07 1.08 1.05 1.09 1.06 1.06 1.05 1.05 1.08 1.05 
1.06 1.06 1.06 1.07 1.08 1.06 1.09 1.07 1.06 1.09 
1.09 1.08 1.07 1.08 1.06 1.07 1.06 1.08 1.07 1.09 
1.08 1.05 1.06 1.08 1.07 1.07 1.06 1.06 1.05 1.06 
1.08 1.07 1.08 1.06 1.07 1.05 1.07 1.06 1.05 1.08 
1.07 1.06 1.09 1.07 1.05 1.08 1.07 1.09 1.07 1.06 
1.07 1.07 1.07 1.08 1.06 1.09 1.06 1.05 1.05 1.05 
1.07 1.08 1.07 1.07 1.06 1.05 1.05 1.05 1.06 1.09 
1.09 1.06 1.05 1.08 1.05 1.08 1.07 1.05 1.08 1.06 
1.08 1.05 1.09 1.08 1.07 1.07 1.07 1.07 1.05 1.08 
1.05 1.08 1.09 1.06 1.07 1.08 1.06 1.08 1.08 1.05 
1.05 1.08 1.05 1.07 1.07 1.06 1.07 1.06 1.05 1.07 
1.05 1.06 1.06 1.09 1.05 1.06 1.08 1.08 1.06 1.05 
1.05 1.08 1.08 1.08 1.08 1.05 1.05 1.08 1.05 1.05 
1.07 1.08 1.05 1.06 1.05 1.06 1.05 1.09 1.08 1.06 
1.07 1.06 1.05 1.05 1.09 1.06 1.09 1.08 1.08 1.07 
1.07 1.07 1.07 1.05 1.05 1.08 1.07 1.05 1.05 1.08 
1.07 1.08 1.08 1.08 1.09 1.06 1.09 1.07 1.06 1.07 
1.05 1.09 1.05 1.08 1.07 1.08 1.05 1.08 1.06 1.05 
1.09 1.05 1.06 1.07 1.09 1.09 1.05 1.05 1.08 1.05 
1.08 1.06 1.05 1.09 1.06 1.07 1.05 1.08 1.08 1.08 
1.06 1.06 1.07 1.05 1.09 1.06 1.09 1.07 1.07 1.07 
1.05 1.07 1.07 1.08 1.05 1.08 1.08 1.09 1.06 1.08 
1.07 1.05 1.07 1.09 1.07 1.08 1.08 1.07 1.07 1.08 
1.09 1.09 1.09 1.08 1.09 1.06 1.07 1.09 1.06 1.07 
1.05 1.06 1.08 1.08 1.06 1.06 1.06 1.05 1.06 1.09 
1.08 1.06 1.05 1.06 1.06 1.06 1.09 1.06 1.05 1.09 
1.05 1.05 1.07 1.05 1.08 1.06 1.07 1.09 1.07 1.05 
1.05 1.08 1.09 1.07 1.05 1.06 1.07 1.05 1.06 1.06 
1.06 1.07 1.06 1.09 1.05 1.08 1.06 1.07 1.08 1.07 
1.06 1.08 1.08 1.08 1.05 1.05 1.07 1.09 1.07 1.09 
1.05 1.09 1.05 1.09 1.07 1.06 1.06 1.07 1.08 1.08 
1.08 1.05 1.09 1.07 1.05 1.08 1.09 1.06 1.05 1.06 
