10
150
48 2 39 16 67 39 6 95 71 93 75 45 99 16 97 46 10 38 14 12 47 45 92 100 71 18 71 11 55 88 63 68 12 100 3 19 42 41 9 31 33 39 54 39 46 20 96 98 85 19 70 33 54 73 32 22 86 28 8 22 74 17 60 73 54 37 45 9 99 88 23 20 85 3 70 71 93 62 21 32 6 23 25 42 46 56 60 4 46 79 85 94 33 25 71 94 15 78 98 78 45 75 22 13 68 47 79 37 74 18 59 76 6 82 78 62 48 52 3 82 33 87 76 35 32 31 23 33 16 50 30 79 84 81 60 35 33 77 37 56 91 20 84 72 27 60 34 74 11 28 
3 3 5 7 8 5 9 3 6 4 
1.04 1.02 1.02 1.04 1.04 1.02 1.02 1.05 1.02 1.05 
1.05 1.03 1.05 1.04 1.02 1.01 1.06 1.02 1.01 1.02 
1.01 1.04 1.03 1.01 1.03 1.01 1.05 1.05 1.06 1.06 
1.06 1.06 1.03 1.02 1.02 1.06 1.04 1.01 1.06 1.06 
1.04 1.01 1.05 1.05 1.06 1.02 1.06 1.06 1.03 1.06 
1.05 1.03 1.04 1.06 1.06 1.03 1.01 1.02 1.06 1.01 
1.06 1.02 1.02 1.03 1.01 1.05 1.02 1.04 1.04 1.06 
1.05 1.06 1.06 1.06 1.05 1.03 1.05 1.04 1.04 1.01 
1.05 1.03 1.04 1.01 1.01 1.02 1.02 1.04 1.01 1.04 
1.03 1.04 1.01 1.04 1.02 1.02 1.06 1.02 1.05 1.01 
1.06 1.01 1.05 1.02 1.04 1.06 1.06 1.03 1.05 1.04 
1.02 1.02 1.01 1.03 1.01 1.03 1.05 1.06 1.05 1.01 
1.06 1.03 1.04 1.06 1.04 1.04 1.05 1.02 1.05 1.05 
1.01 1.04 1.06 1.06 1.06 1.03 1.03 1.05 1.06 1.06 
1.01 1.03 1.05 1.04 1.02 1.05 1.01 1.03 1.01 1.04 
1.05 1.01 1.02 1.04 1.01 1.04 1.06 1.03 1.05 1.02 
1.03 1.01 1.04 1.03 1.03 1.03 1.03 1.04 1.04 1.01 
1.04 1.04 1.03 1.01 1.02 1.03 1.02 1.01 1.04 1.04 
1.01 1.04 1.05 1.06 1.05 1.01 1.03 1.01 1.03 1.01 
1.04 1.03 1.01 1.06 1.05 1.05 1.05 1.04 1.04 1.02 
1.03 1.06 1.04 1.03 1.03 1.04 1.02 1.06 1.05 1.01 
1.06 1.05 1.02 1.06 1.05 1.01 1.03 1.02 1.06 1.01 
1.06 1.04 1.05 1.03 1.03 1.04 1.03 1.02 1.05 1.04 
1.01 1.04 1.06 1.02 1.04 1.02 1.01 1.06 1.02 1.04 
1.01 1.01 1.03 1.03 1.01 1.02 1.04 1.02 1.04 1.02 
1.05 1.06 1.06 1.06 1.04 1.05 1.01 1.03 1.02 1.03 
1.06 1.05 1.05 1.01 1.04 1.05 1.01 1.06 1.05 1.03 
1.03 1.06 1.06 1.05 1.01 1.05 1.04 1.03 1.02 1.03 
1.02 1.06 1.06 1.03 1.01 1.03 1.02 1.01 1.02 1.06 
1.04 1.06 1.01 1.06 1.04 1.02 1.02 1.03 1.01 1.06 
1.05 1.01 1.04 1.03 1.02 1.06 1.03 1.01 1.04 1.05 
1.03 1.03 1.02 1.02 1.05 1.06 1.02 1.01 1.03 1.02 
1.03 1.05 1.05 1.06 1.06 1.04 1.06 1.04 1.04 1.02 
1.06 1.03 1.05 1.02 1.02 1.04 1.06 1.02 1.02 1.02 
1.01 1.04 1.04 1.03 1.05 1.01 1.01 1.06 1.06 1.06 
1.05 1.04 1.03 1.03 1.03 1.06 1.05 1.05 1.02 1.05 
1.05 1.01 1.03 1.03 1.03 1.03 1.02 1.04 1.03 1.05 
1.06 1.03 1.02 1.06 1.03 1.01 1.06 1.05 1.02 1.06 
1.03 1.01 1.01 1.04 1.06 1.01 1.03 1.04 1.04 1.05 
1.02 1.02 1.06 1.02 1.04 1.06 1.03 1.02 1.02 1.05 
1.06 1.06 1.03 1.01 1.04 1.03 1.06 1.03 1.03 1.06 
1.06 1.01 1.02 1.06 1.01 1.05 1.04 1.01 1.02 1.05 
1.03 1.03 1.01 1.06 1.04 1.06 1.01 1.03 1.02 1.05 
1.02 1.06 1.05 1.03 1.04 1.06 1.03 1.03 1.02 1.02 
1.05 1.04 1.01 1.04 1.06 1.05 1.01 1.03 1.01 1.01 
1.02 1.03 1.06 1.04 1.03 1.02 1.01 1.06 1.05 1.06 
1.05 1.06 1.06 1.02 1.04 1.03 1.05 1.04 1.02 1.02 
1.06 1.02 1.06 1.05 1.04 1.05 1.05 1.04 1.04 1.06 
1.01 1.05 1.05 1.01 1.02 1.02 1.02 1.03 1.05 1.03 
1.01 1.04 1.05 1.01 1.01 1.02 1.04 1.03 1.02 1.03 
1.01 1.03 1.03 1.04 1.03 1.05 1.02 1.01 1.03 1.03 
1.03 1.03 1.06 1.05 1.03 1.03 1.04 1.06 1.05 1.06 
1.03 1.04 1.05 1.06 1.02 1.02 1.04 1.05 1.06 1.03 
1.02 1.01 1.05 1.04 1.02 1.06 1.05 1.02 1.05 1.06 
1.01 1.04 1.05 1.02 1.04 1.05 1.05 1.06 1.03 1.06 
1.04 1.02 1.06 1.01 1.01 1.04 1.02 1.01 1.03 1.02 
1.05 1.06 1.01 1.05 1.05 1.05 1.04 1.02 1.06 1.02 
1.05 1.05 1.02 1.01 1.04 1.04 1.01 1.05 1.06 1.05 
1.03 1.06 1.03 1.05 1.05 1.01 1.03 1.04 1.06 1.04 
1.02 1.06 1.02 1.04 1.03 1.01 1.01 1.06 1.04 1.01 
1.03 1.05 1.01 1.02 1.05 1.04 1.06 1.04 1.01 1.02 
1.02 1.05 1.06 1.04 1.05 1.04 1.06 1.03 1.01 1.05 
1.05 1.05 1.01 1.02 1.01 1.06 1.03 1.02 1.06 1.03 
1.01 1.06 1.02 1.02 1.01 1.04 1.04 1.04 1.03 1.05 
1.01 1.06 1.03 1.01 1.05 1.04 1.05 1.06 1.04 1.05 
1.03 1.01 1.01 1.05 1.01 1.02 1.02 1.02 1.04 1.06 
1.03 1.06 1.02 1.05 1.04 1.05 1.03 1.06 1.03 1.01 
1.01 1.06 1.04 1.01 1.01 1.03 1.03 1.06 1.03 1.02 
1.02 1.02 1.01 1.01 1.01 1.02 1.04 1.01 1.02 1.01 
1.06 1.05 1.04 1.03 1.01 1.04 1.06 1.06 1.04 1.03 
1.04 1.06 1.01 1.06 1.03 1.01 1.03 1.04 1.05 1.04 
1.03 1.05 1.04 1.04 1.05 1.04 1.04 1.05 1.04 1.05 
1.04 1.04 1.03 1.04 1.04 1.02 1.04 1.06 1.06 1.01 
1.02 1.06 1.03 1.06 1.01 1.02 1.04 1.04 1.05 1.02 
1.06 1.02 1.03 1.06 1.06 1.05 1.01 1.02 1.06 1.03 
1.04 1.02 1.02 1.04 1.03 1.04 1.02 1.02 1.03 1.03 
1.05 1.06 1.01 1.03 1.04 1.04 1.01 1.03 1.05 1.02 
1.01 1.02 1.02 1.03 1.03 1.06 1.01 1.02 1.03 1.01 
1.04 1.05 1.05 1.01 1.01 1.04 1.01 1.03 1.04 1.03 
1.03 1.04 1.06 1.04 1.02 1.01 1.03 1.05 1.01 1.05 
1.01 1.05 1.06 1.02 1.05 1.05 1.06 1.02 1.06 1.03 
1.04 1.01 1.01 1.04 1.01 1.01 1.03 1.02 1.05 1.01 
1.03 1.06 1.01 1.06 1.03 1.02 1.02 1.05 1.06 1.01 
1.04 1.03 1.03 1.03 1.02 1.01 1.06 1.06 1.05 1.03 
1.02 1.01 1.01 1.02 1.01 1.02 1.04 1.02 1.01 1.03 
1.03 1.01 1.03 1.06 1.06 1.06 1.01 1.04 1.05 1.02 
1.01 1.01 1.04 1.06 1.03 1.05 1.06 1.02 1.02 1.04 
1.06 1.03 1.05 1.04 1.02 1.05 1.05 1.04 1.05 1.05 
1.06 1.05 1.04 1.01 1.03 1.01 1.05 1.05 1.02 1.03 
1.01 1.03 1.05 1.04 1.03 1.01 1.02 1.05 1.01 1.05 
1.03 1.05 1.05 1.03 1.01 1.05 1.03 1.03 1.02 1.04 
1.02 1.06 1.04 1.03 1.04 1.02 1.06 1.05 1.03 1.02 
1.05 1.05 1.02 1.01 1.05 1.06 1.02 1.01 1.01 1.03 
1.04 1.04 1.02 1.01 1.05 1.06 1.04 1.04 1.03 1.04 
1.02 1.03 1.05 1.02 1.04 1.05 1.06 1.03 1.04 1.01 
1.03 1.04 1.01 1.02 1.06 1.01 1.04 1.04 1.04 1.03 
1.06 1.01 1.03 1.02 1.02 1.02 1.04 1.01 1.02 1.05 
1.06 1.01 1.05 1.05 1.06 1.01 1.01 1.04 1.04 1.01 
1.05 1.02 1.04 1.01 1.06 1.06 1.04 1.02 1.04 1.06 
1.03 1.06 1.02 1.01 1.02 1.01 1.03 1.03 1.06 1.01 
1.01 1.06 1.02 1.02 1.04 1.03 1.04 1.04 1.06 1.01 
1.06 1.03 1.02 1.06 1.05 1.06 1.01 1.03 1.05 1.01 
1.03 1.06 1.01 1.04 1.02 1.03 1.01 1.06 1.03 1.02 
1.04 1.03 1.03 1.03 1.01 1.05 1.04 1.02 1.03 1.02 
1.03 1.02 1.03 1.04 1.05 1.04 1.06 1.04 1.01 1.03 
1.05 1.06 1.02 1.04 1.03 1.06 1.06 1.05 1.02 1.04 
1.01 1.06 1.02 1.02 1.04 1.03 1.06 1.06 1.04 1.06 
1.03 1.04 1.02 1.04 1.05 1.01 1.06 1.06 1.01 1.04 
1.04 1.04 1.02 1.04 1.04 1.01 1.05 1.02 1.03 1.06 
1.03 1.06 1.02 1.05 1.02 1.06 1.06 1.03 1.02 1.06 
1.01 1.06 1.04 1.05 1.06 1.01 1.03 1.04 1.01 1.04 
1.03 1.01 1.02 1.01 1.02 1.06 1.06 1.05 1.03 1.02 
1.02 1.06 1.06 1.05 1.01 1.06 1.01 1.02 1.06 1.03 
1.05 1.05 1.03 1.06 1.02 1.01 1.02 1.04 1.01 1.02 
1.03 1.02 1.04 1.02 1.05 1.02 1.06 1.01 1.04 1.01 
1.05 1.01 1.01 1.04 1.06 1.06 1.01 1.01 1.02 1.03 
1.05 1.06 1.01 1.02 1.06 1.01 1.06 1.01 1.06 1.05 
1.05 1.02 1.05 1.02 1.02 1.04 1.01 1.02 1.05 1.04 
1.04 1.01 1.04 1.02 1.05 1.04 1.06 1.06 1.02 1.05 
1.05 1.04 1.04 1.02 1.02 1.03 1.05 1.05 1.05 1.03 
1.01 1.03 1.02 1.05 1.03 1.02 1.04 1.03 1.02 1.04 
1.01 1.04 1.02 1.02 1.03 1.01 1.06 1.01 1.04 1.04 
1.04 1.06 1.02 1.02 1.01 1.01 1.01 1.03 1.01 1.05 
1.02 1.01 1.02 1.05 1.06 1.06 1.03 1.02 1.02 1.06 
1.02 1.03 1.06 1.06 1.03 1.04 1.02 1.06 1.05 1.01 
1.06 1.02 1.02 1.01 1.05 1.06 1.04 1.01 1.03 1.01 
1.04 1.02 1.03 1.06 1.01 1.02 1.01 1.06 1.01 1.05 
1.05 1.01 1.01 1.06 1.02 1.03 1.06 1.03 1.03 1.02 
1.03 1.01 1.01 1.05 1.01 1.02 1.02 1.03 1.04 1.06 
1.06 1.04 1.03 1.03 1.04 1.03 1.03 1.05 1.04 1.02 
1.02 1.01 1.01 1.06 1.05 1.03 1.06 1.05 1.06 1.04 
1.02 1.03 1.06 1.01 1.03 1.02 1.01 1.04 1.06 1.06 
1.02 1.03 1.06 1.01 1.05 1.05 1.06 1.05 1.01 1.06 
1.03 1.04 1.06 1.03 1.02 1.02 1.06 1.01 1.02 1.01 
1.04 1.02 1.02 1.04 1.01 1.06 1.04 1.04 1.05 1.01 
1.06 1.04 1.03 1.04 1.01 1.01 1.02 1.04 1.03 1.03 
1.03 1.02 1.06 1.05 1.03 1.04 1.03 1.02 1.06 1.05 
1.04 1.01 1.04 1.01 1.02 1.02 1.02 1.04 1.05 1.02 
1.02 1.05 1.04 1.01 1.05 1.02 1.04 1.01 1.01 1.01 
1.03 1.03 1.04 1.01 1.06 1.03 1.06 1.02 1.04 1.06 
1.05 1.05 1.01 1.05 1.06 1.06 1.05 1.02 1.06 1.06 
1.02 1.01 1.06 1.06 1.02 1.02 1.04 1.04 1.05 1.05 
1.04 1.01 1.03 1.03 1.02 1.02 1.05 1.01 1.04 1.03 
1.05 1.02 1.02 1.02 1.06 1.04 1.04 1.03 1.04 1.05 
1.02 1.04 1.05 1.06 1.06 1.04 1.01 1.04 1.02 1.04 
1.04 1.04 1.06 1.02 1.03 1.06 1.06 1.01 1.04 1.05 
1.01 1.02 1.01 1.03 1.02 1.04 1.01 1.05 1.04 1.02 
1.02 1.02 1.04 1.02 1.01 1.05 1.05 1.06 1.01 1.04 
1.05 1.04 1.06 1.04 1.06 1.03 1.02 1.06 1.05 1.05 
1.05 1.06 1.03 1.04 1.03 1.05 1.06 1.01 1.04 1.04 
