10
200
6 59 30 19 59 42 44 86 2 13 97 11 40 81 19 39 99 12 82 16 26 67 79 56 33 64 14 22 28 13 72 39 22 63 28 84 14 18 9 46 3 76 97 11 55 40 61 75 68 93 25 5 66 23 32 99 36 74 8 42 82 92 83 43 2 16 9 98 54 44 22 13 41 66 86 89 17 59 27 68 49 83 22 95 47 53 6 31 36 98 9 45 82 24 19 26 62 5 76 82 42 84 14 82 81 19 23 99 38 93 3 20 13 54 13 21 52 100 58 26 74 73 67 16 46 27 81 90 97 55 74 22 47 25 77 69 7 6 44 52 98 27 100 57 54 53 19 21 35 65 82 71 41 10 42 33 84 45 60 10 65 1 61 36 5 79 99 34 22 75 65 64 48 32 27 14 50 32 66 62 82 40 61 70 87 94 68 78 52 79 76 17 68 48 7 38 92 20 65 57 
9 3 1 3 5 2 4 7 7 3 
1.07 1.06 1.08 1.06 1.07 1.07 1.09 1.09 1.07 1.06 
1.08 1.06 1.07 1.08 1.08 1.06 1.09 1.06 1.05 1.09 
1.08 1.05 1.09 1.09 1.05 1.05 1.08 1.07 1.08 1.07 
1.05 1.05 1.09 1.08 1.06 1.07 1.07 1.07 1.05 1.08 
1.06 1.07 1.05 1.07 1.07 1.07 1.07 1.08 1.07 1.06 
1.07 1.07 1.09 1.05 1.08 1.05 1.06 1.07 1.08 1.08 
1.05 1.07 1.07 1.08 1.09 1.09 1.06 1.09 1.08 1.09 
1.08 1.07 1.09 1.06 1.09 1.05 1.09 1.05 1.07 1.06 
1.05 1.05 1.05 1.07 1.07 1.07 1.06 1.09 1.07 1.09 
1.07 1.09 1.07 1.07 1.05 1.05 1.07 1.06 1.07 1.05 
1.07 1.08 1.06 1.09 1.09 1.08 1.05 1.08 1.09 1.05 
1.05 1.09 1.08 1.09 1.09 1.06 1.05 1.06 1.07 1.06 
1.07 1.07 1.08 1.05 1.06 1.08 1.06 1.07 1.07 1.08 
1.09 1.06 1.09 1.07 1.06 1.06 1.08 1.05 1.05 1.07 
1.06 1.09 1.08 1.07 1.05 1.07 1.08 1.09 1.06 1.09 
1.06 1.09 1.06 1.07 1.05 1.08 1.08 1.09 1.07 1.06 
1.08 1.08 1.09 1.05 1.06 1.06 1.09 1.07 1.05 1.06 
1.09 1.09 1.07 1.05 1.06 1.05 1.09 1.07 1.08 1.06 
1.08 1.07 1.06 1.09 1.05 1.07 1.05 1.09 1.06 1.05 
1.05 1.09 1.09 1.09 1.06 1.05 1.08 1.07 1.08 1.08 
1.07 1.07 1.09 1.09 1.08 1.09 1.08 1.06 1.08 1.08 
1.05 1.07 1.09 1.06 1.05 1.06 1.08 1.06 1.08 1.08 
1.06 1.08 1.09 1.07 1.08 1.06 1.05 1.08 1.08 1.06 
1.07 1.08 1.05 1.05 1.08 1.07 1.05 1.09 1.06 1.06 
1.08 1.08 1.06 1.09 1.06 1.08 1.05 1.05 1.07 1.06 
1.07 1.08 1.07 1.05 1.08 1.09 1.06 1.05 1.05 1.09 
1.09 1.07 1.06 1.07 1.05 1.07 1.07 1.05 1.05 1.06 
1.08 1.07 1.05 1.07 1.08 1.08 1.08 1.07 1.05 1.09 
1.06 1.05 1.05 1.09 1.07 1.08 1.05 1.08 1.09 1.08 
1.08 1.09 1.08 1.06 1.06 1.09 1.09 1.06 1.09 1.09 
1.05 1.08 1.05 1.05 1.06 1.07 1.06 1.06 1.09 1.07 
1.06 1.08 1.09 1.08 1.07 1.09 1.05 1.05 1.05 1.08 
1.05 1.08 1.09 1.05 1.09 1.06 1.06 1.07 1.08 1.05 
1.07 1.09 1.09 1.08 1.06 1.08 1.06 1.07 1.07 1.07 
1.07 1.07 1.06 1.08 1.06 1.06 1.07 1.06 1.07 1.05 
1.09 1.09 1.06 1.07 1.07 1.08 1.07 1.05 1.08 1.09 
1.07 1.06 1.09 1.05 1.06 1.08 1.08 1.05 1.05 1.05 
1.05 1.06 1.08 1.05 1.08 1.05 1.05 1.07 1.07 1.07 
1.05 1.09 1.06 1.07 1.08 1.06 1.06 1.06 1.08 1.08 
1.07 1.06 1.05 1.06 1.09 1.09 1.06 1.09 1.08 1.05 
1.05 1.09 1.09 1.09 1.05 1.06 1.08 1.09 1.07 1.06 
1.05 1.09 1.09 1.07 1.05 1.08 1.05 1.09 1.07 1.09 
1.07 1.08 1.07 1.09 1.09 1.08 1.09 1.06 1.05 1.08 
1.08 1.08 1.09 1.07 1.09 1.06 1.06 1.09 1.05 1.09 
1.08 1.06 1.07 1.07 1.09 1.07 1.05 1.08 1.05 1.08 
1.09 1.06 1.07 1.09 1.09 1.08 1.07 1.08 1.09 1.09 
1.09 1.05 1.06 1.07 1.06 1.07 1.08 1.08 1.06 1.06 
1.08 1.06 1.06 1.08 1.08 1.09 1.07 1.09 1.05 1.09 
1.05 1.08 1.06 1.05 1.08 1.07 1.09 1.05 1.07 1.05 
1.08 1.06 1.08 1.09 1.09 1.07 1.05 1.09 1.08 1.08 
1.06 1.06 1.07 1.08 1.06 1.08 1.05 1.09 1.07 1.06 
1.08 1.09 1.05 1.09 1.08 1.05 1.09 1.05 1.07 1.07 
1.05 1.07 1.09 1.05 1.06 1.09 1.08 1.08 1.05 1.06 
1.06 1.06 1.09 1.09 1.09 1.09 1.06 1.08 1.08 1.07 
1.06 1.05 1.07 1.09 1.05 1.05 1.07 1.09 1.09 1.05 
1.05 1.06 1.07 1.06 1.05 1.07 1.06 1.07 1.07 1.09 
1.05 1.05 1.06 1.08 1.05 1.06 1.06 1.09 1.06 1.09 
1.09 1.09 1.06 1.05 1.08 1.07 1.06 1.09 1.06 1.06 
1.07 1.05 1.09 1.06 1.07 1.06 1.06 1.05 1.05 1.09 
1.08 1.07 1.07 1.05 1.07 1.07 1.09 1.05 1.05 1.08 
1.08 1.06 1.05 1.06 1.06 1.07 1.07 1.06 1.05 1.09 
1.09 1.08 1.06 1.06 1.05 1.07 1.06 1.06 1.08 1.07 
1.09 1.09 1.09 1.08 1.07 1.08 1.07 1.08 1.07 1.06 
1.06 1.07 1.07 1.06 1.09 1.08 1.06 1.05 1.05 1.06 
1.08 1.08 1.06 1.05 1.08 1.08 1.08 1.07 1.06 1.07 
1.06 1.09 1.08 1.05 1.05 1.05 1.07 1.05 1.09 1.07 
1.07 1.09 1.05 1.08 1.06 1.07 1.06 1.09 1.08 1.09 
1.09 1.08 1.07 1.06 1.07 1.09 1.08 1.08 1.08 1.07 
1.07 1.09 1.08 1.09 1.06 1.07 1.06 1.08 1.07 1.05 
1.09 1.06 1.05 1.09 1.06 1.09 1.05 1.05 1.09 1.08 
1.08 1.05 1.08 1.09 1.09 1.08 1.08 1.08 1.08 1.07 
1.07 1.08 1.09 1.06 1.06 1.08 1.07 1.08 1.07 1.05 
1.09 1.09 1.08 1.09 1.09 1.08 1.06 1.05 1.07 1.06 
1.09 1.06 1.06 1.05 1.07 1.08 1.06 1.08 1.06 1.08 
1.07 1.09 1.06 1.09 1.07 1.08 1.05 1.05 1.06 1.07 
1.06 1.07 1.05 1.08 1.06 1.06 1.08 1.07 1.09 1.06 
1.05 1.05 1.05 1.06 1.08 1.08 1.06 1.09 1.07 1.06 
1.08 1.07 1.08 1.07 1.08 1.05 1.08 1.08 1.09 1.08 
1.05 1.09 1.07 1.08 1.09 1.07 1.06 1.07 1.07 1.06 
1.07 1.08 1.07 1.05 1.08 1.05 1.09 1.06 1.06 1.07 
1.07 1.06 1.05 1.07 1.06 1.07 1.09 1.06 1.09 1.07 
1.05 1.09 1.08 1.08 1.07 1.05 1.05 1.09 1.07 1.08 
1.05 1.06 1.05 1.05 1.06 1.06 1.05 1.08 1.06 1.06 
1.06 1.07 1.09 1.07 1.09 1.08 1.08 1.05 1.05 1.09 
1.06 1.09 1.06 1.05 1.06 1.05 1.07 1.05 1.09 1.09 
1.05 1.06 1.05 1.06 1.06 1.07 1.06 1.05 1.07 1.08 
1.07 1.08 1.09 1.05 1.07 1.05 1.06 1.07 1.05 1.05 
1.06 1.07 1.07 1.05 1.07 1.09 1.07 1.08 1.08 1.05 
1.05 1.05 1.07 1.08 1.06 1.09 1.05 1.06 1.08 1.08 
1.09 1.05 1.06 1.07 1.09 1.09 1.07 1.06 1.07 1.06 
1.05 1.09 1.09 1.05 1.08 1.09 1.09 1.07 1.07 1.07 
1.07 1.09 1.06 1.08 1.06 1.06 1.06 1.08 1.06 1.05 
1.09 1.07 1.08 1.05 1.09 1.09 1.07 1.06 1.08 1.06 
1.05 1.09 1.07 1.05 1.07 1.08 1.07 1.07 1.08 1.07 
1.06 1.06 1.06 1.07 1.09 1.09 1.06 1.09 1.08 1.06 
1.08 1.06 1.09 1.07 1.08 1.09 1.05 1.06 1.08 1.07 
1.08 1.08 1.06 1.06 1.08 1.06 1.05 1.08 1.05 1.06 
1.09 1.09 1.05 1.05 1.06 1.09 1.09 1.05 1.05 1.05 
1.05 1.09 1.09 1.07 1.05 1.05 1.05 1.09 1.05 1.09 
1.06 1.08 1.07 1.05 1.05 1.07 1.05 1.06 1.07 1.05 
1.05 1.06 1.07 1.08 1.05 1.06 1.08 1.06 1.09 1.07 
1.09 1.05 1.09 1.06 1.08 1.09 1.09 1.09 1.05 1.09 
1.07 1.08 1.08 1.05 1.09 1.07 1.05 1.07 1.07 1.08 
1.05 1.09 1.07 1.09 1.08 1.08 1.07 1.08 1.07 1.07 
1.09 1.05 1.06 1.07 1.07 1.05 1.09 1.05 1.07 1.09 
1.08 1.07 1.09 1.08 1.05 1.06 1.06 1.06 1.09 1.08 
1.05 1.09 1.07 1.08 1.06 1.05 1.08 1.09 1.08 1.05 
1.08 1.07 1.07 1.06 1.05 1.07 1.07 1.05 1.08 1.06 
1.05 1.09 1.09 1.07 1.07 1.06 1.07 1.09 1.08 1.07 
1.07 1.09 1.08 1.09 1.06 1.07 1.07 1.05 1.06 1.06 
1.07 1.05 1.09 1.09 1.08 1.05 1.06 1.07 1.09 1.07 
1.06 1.09 1.06 1.07 1.06 1.08 1.05 1.05 1.06 1.08 
1.05 1.07 1.07 1.06 1.08 1.09 1.07 1.06 1.08 1.09 
1.06 1.05 1.07 1.06 1.09 1.06 1.08 1.08 1.09 1.07 
1.05 1.06 1.06 1.08 1.05 1.09 1.09 1.09 1.05 1.06 
1.05 1.08 1.08 1.05 1.08 1.05 1.05 1.09 1.08 1.08 
1.07 1.07 1.09 1.05 1.06 1.09 1.08 1.09 1.07 1.07 
1.06 1.05 1.09 1.05 1.08 1.07 1.08 1.06 1.07 1.08 
1.05 1.06 1.07 1.05 1.07 1.08 1.05 1.08 1.06 1.08 
1.09 1.08 1.06 1.09 1.07 1.09 1.09 1.08 1.09 1.05 
1.06 1.08 1.06 1.06 1.08 1.08 1.07 1.05 1.09 1.06 
1.07 1.07 1.07 1.06 1.06 1.08 1.08 1.06 1.08 1.08 
1.08 1.06 1.07 1.08 1.08 1.08 1.08 1.07 1.06 1.08 
1.05 1.07 1.09 1.06 1.07 1.08 1.08 1.06 1.09 1.08 
1.08 1.07 1.08 1.08 1.06 1.05 1.09 1.08 1.06 1.06 
1.08 1.07 1.07 1.05 1.07 1.06 1.05 1.05 1.07 1.06 
1.05 1.09 1.09 1.06 1.08 1.08 1.07 1.07 1.05 1.08 
1.05 1.06 1.06 1.08 1.09 1.09 1.09 1.05 1.05 1.06 
1.05 1.08 1.08 1.09 1.07 1.08 1.09 1.06 1.06 1.07 
1.06 1.06 1.08 1.05 1.08 1.07 1.07 1.05 1.09 1.05 
1.05 1.06 1.08 1.08 1.05 1.08 1.09 1.06 1.05 1.05 
1.09 1.05 1.06 1.08 1.05 1.05 1.08 1.09 1.09 1.08 
1.06 1.07 1.08 1.09 1.06 1.06 1.06 1.05 1.09 1.07 
1.05 1.06 1.09 1.08 1.05 1.06 1.05 1.06 1.08 1.08 
1.09 1.06 1.06 1.09 1.07 1.05 1.09 1.05 1.05 1.05 
1.07 1.08 1.05 1.06 1.05 1.08 1.08 1.08 1.07 1.07 
1.05 1.09 1.06 1.09 1.08 1.08 1.06 1.08 1.07 1.08 
1.06 1.05 1.08 1.09 1.05 1.05 1.05 1.06 1.05 1.05 
1.07 1.07 1.06 1.06 1.08 1.05 1.08 1.05 1.06 1.06 
1.08 1.08 1.06 1.09 1.05 1.09 1.09 1.09 1.09 1.06 
1.06 1.09 1.07 1.05 1.05 1.06 1.07 1.07 1.08 1.07 
1.09 1.07 1.06 1.05 1.08 1.08 1.06 1.07 1.08 1.09 
1.07 1.05 1.06 1.05 1.06 1.06 1.07 1.09 1.05 1.05 
1.05 1.07 1.09 1.06 1.06 1.09 1.07 1.06 1.06 1.08 
1.06 1.05 1.07 1.08 1.06 1.08 1.05 1.06 1.09 1.08 
1.07 1.09 1.05 1.05 1.08 1.06 1.06 1.05 1.09 1.05 
1.06 1.09 1.05 1.06 1.06 1.07 1.09 1.08 1.07 1.08 
1.09 1.05 1.09 1.06 1.08 1.07 1.05 1.09 1.08 1.09 
1.09 1.08 1.06 1.08 1.05 1.09 1.07 1.06 1.07 1.09 
1.05 1.09 1.05 1.06 1.05 1.09 1.09 1.05 1.08 1.09 
1.07 1.08 1.07 1.05 1.06 1.09 1.09 1.08 1.06 1.08 
1.05 1.06 1.09 1.05 1.09 1.05 1.07 1.07 1.07 1.07 
1.08 1.06 1.09 1.05 1.08 1.07 1.07 1.07 1.08 1.07 
1.08 1.06 1.09 1.07 1.09 1.09 1.05 1.08 1.06 1.06 
1.06 1.07 1.09 1.08 1.05 1.08 1.06 1.08 1.08 1.07 
1.05 1.08 1.06 1.08 1.05 1.05 1.06 1.08 1.09 1.06 
1.07 1.07 1.07 1.09 1.05 1.09 1.06 1.05 1.06 1.07 
1.05 1.05 1.07 1.09 1.06 1.07 1.09 1.07 1.06 1.07 
1.05 1.09 1.07 1.09 1.07 1.09 1.09 1.09 1.07 1.09 
1.09 1.05 1.07 1.08 1.07 1.08 1.06 1.05 1.05 1.06 
1.05 1.09 1.06 1.08 1.08 1.08 1.07 1.08 1.09 1.05 
1.05 1.06 1.07 1.05 1.07 1.08 1.06 1.09 1.09 1.07 
1.05 1.08 1.05 1.07 1.08 1.05 1.09 1.06 1.09 1.08 
1.07 1.07 1.07 1.06 1.08 1.09 1.05 1.05 1.08 1.09 
1.05 1.07 1.05 1.09 1.07 1.08 1.06 1.08 1.06 1.05 
1.09 1.09 1.05 1.05 1.05 1.08 1.06 1.09 1.06 1.09 
1.06 1.08 1.09 1.05 1.06 1.08 1.06 1.08 1.07 1.08 
1.08 1.08 1.06 1.08 1.05 1.07 1.06 1.07 1.07 1.07 
1.09 1.05 1.05 1.08 1.06 1.07 1.06 1.07 1.09 1.09 
1.09 1.07 1.06 1.05 1.05 1.07 1.05 1.07 1.09 1.09 
1.05 1.08 1.05 1.08 1.05 1.07 1.09 1.06 1.07 1.09 
1.09 1.08 1.08 1.09 1.06 1.08 1.08 1.09 1.05 1.08 
1.05 1.07 1.07 1.09 1.09 1.06 1.06 1.05 1.05 1.06 
1.09 1.08 1.08 1.09 1.05 1.07 1.06 1.09 1.09 1.05 
1.05 1.05 1.05 1.08 1.07 1.09 1.07 1.09 1.05 1.09 
1.08 1.06 1.06 1.05 1.07 1.08 1.07 1.08 1.05 1.08 
1.06 1.06 1.07 1.08 1.09 1.08 1.06 1.05 1.08 1.07 
1.07 1.05 1.06 1.05 1.08 1.06 1.05 1.05 1.09 1.08 
1.06 1.08 1.09 1.07 1.08 1.07 1.05 1.08 1.06 1.06 
1.07 1.05 1.05 1.08 1.05 1.08 1.08 1.08 1.06 1.07 
1.06 1.05 1.09 1.05 1.06 1.07 1.07 1.09 1.05 1.09 
1.05 1.05 1.07 1.06 1.08 1.08 1.07 1.05 1.07 1.08 
1.07 1.08 1.08 1.08 1.07 1.05 1.09 1.09 1.06 1.05 
1.08 1.09 1.08 1.06 1.07 1.07 1.05 1.09 1.07 1.06 
1.05 1.09 1.08 1.06 1.07 1.05 1.08 1.06 1.07 1.08 
1.06 1.09 1.06 1.09 1.05 1.05 1.06 1.09 1.09 1.07 
1.08 1.08 1.08 1.05 1.05 1.08 1.08 1.07 1.07 1.06 
1.08 1.07 1.09 1.06 1.05 1.06 1.06 1.05 1.08 1.06 
1.05 1.06 1.07 1.09 1.06 1.09 1.09 1.07 1.07 1.06 
1.08 1.09 1.05 1.08 1.05 1.08 1.08 1.09 1.06 1.09 
1.07 1.08 1.06 1.08 1.08 1.09 1.08 1.06 1.06 1.08 
1.05 1.06 1.08 1.06 1.08 1.05 1.09 1.08 1.05 1.09 
1.07 1.05 1.05 1.07 1.09 1.07 1.06 1.07 1.08 1.07 
1.09 1.09 1.07 1.06 1.07 1.09 1.06 1.09 1.05 1.06 
1.09 1.09 1.06 1.05 1.07 1.05 1.09 1.09 1.08 1.07 
1.09 1.08 1.07 1.07 1.07 1.07 1.09 1.06 1.06 1.05 
1.09 1.05 1.08 1.08 1.09 1.07 1.06 1.05 1.07 1.06 
1.09 1.05 1.07 1.05 1.05 1.07 1.08 1.06 1.07 1.09 
1.05 1.08 1.06 1.09 1.08 1.08 1.07 1.05 1.08 1.05 
1.07 1.07 1.08 1.06 1.06 1.07 1.08 1.05 1.08 1.05 
