10
100
69 52 71 97 75 41 22 16 12 14 47 16 9 11 35 66 10 61 99 66 27 66 8 96 90 72 96 69 57 100 67 58 22 88 75 36 56 9 32 97 84 11 23 30 87 17 45 37 65 21 50 56 79 51 82 7 17 61 8 19 3 36 10 19 45 21 12 32 24 94 16 63 87 38 84 66 26 89 26 99 33 9 13 59 65 70 25 43 27 16 73 83 17 51 71 24 4 2 44 12 
3 3 1 1 1 2 3 2 3 1 
1.09 1.09 1.07 1.08 1.09 1.08 1.09 1.06 1.06 1.09 
1.05 1.05 1.08 1.08 1.09 1.06 1.06 1.07 1.08 1.06 
1.08 1.06 1.05 1.08 1.06 1.07 1.07 1.08 1.07 1.09 
1.07 1.08 1.08 1.07 1.05 1.05 1.09 1.09 1.09 1.07 
1.07 1.06 1.08 1.06 1.07 1.05 1.05 1.07 1.08 1.08 
1.05 1.09 1.08 1.07 1.08 1.06 1.09 1.08 1.09 1.06 
1.06 1.08 1.05 1.07 1.08 1.07 1.08 1.08 1.07 1.08 
1.06 1.08 1.08 1.09 1.06 1.09 1.05 1.07 1.08 1.07 
1.08 1.05 1.08 1.08 1.06 1.05 1.06 1.09 1.05 1.06 
1.05 1.06 1.05 1.08 1.05 1.06 1.09 1.05 1.06 1.08 
1.09 1.06 1.07 1.06 1.06 1.08 1.08 1.07 1.05 1.06 
1.06 1.07 1.08 1.05 1.09 1.08 1.07 1.06 1.07 1.07 
1.05 1.09 1.06 1.09 1.08 1.06 1.07 1.05 1.07 1.05 
1.08 1.05 1.06 1.06 1.08 1.05 1.07 1.05 1.08 1.06 
1.09 1.05 1.08 1.09 1.07 1.05 1.05 1.06 1.05 1.07 
1.08 1.06 1.07 1.09 1.08 1.05 1.07 1.09 1.06 1.05 
1.08 1.05 1.09 1.05 1.05 1.09 1.08 1.09 1.08 1.08 
1.08 1.05 1.07 1.09 1.08 1.09 1.06 1.09 1.05 1.05 
1.07 1.07 1.08 1.09 1.07 1.07 1.05 1.05 1.06 1.06 
1.07 1.09 1.09 1.07 1.05 1.07 1.09 1.08 1.09 1.05 
1.07 1.07 1.05 1.07 1.06 1.06 1.08 1.06 1.06 1.05 
1.07 1.05 1.07 1.09 1.05 1.06 1.07 1.07 1.08 1.08 
1.09 1.09 1.05 1.08 1.09 1.09 1.06 1.07 1.09 1.07 
1.05 1.05 1.07 1.05 1.09 1.07 1.06 1.06 1.07 1.07 
1.06 1.09 1.08 1.09 1.09 1.07 1.07 1.06 1.05 1.07 
1.06 1.09 1.07 1.08 1.09 1.09 1.08 1.08 1.06 1.06 
1.05 1.06 1.07 1.08 1.07 1.06 1.06 1.06 1.05 1.06 
1.09 1.09 1.09 1.05 1.08 1.07 1.07 1.06 1.08 1.05 
1.06 1.05 1.06 1.07 1.06 1.07 1.08 1.06 1.09 1.06 
1.08 1.09 1.07 1.09 1.07 1.06 1.09 1.06 1.05 1.06 
1.08 1.05 1.07 1.05 1.06 1.09 1.07 1.09 1.07 1.09 
1.09 1.08 1.07 1.06 1.07 1.08 1.05 1.06 1.07 1.08 
1.08 1.08 1.06 1.05 1.07 1.09 1.05 1.08 1.08 1.06 
1.07 1.08 1.07 1.06 1.05 1.07 1.06 1.05 1.09 1.08 
1.08 1.06 1.06 1.05 1.08 1.09 1.09 1.05 1.08 1.08 
1.08 1.06 1.06 1.07 1.05 1.06 1.07 1.07 1.05 1.08 
1.06 1.09 1.08 1.08 1.06 1.09 1.05 1.07 1.06 1.05 
1.05 1.08 1.08 1.08 1.06 1.06 1.06 1.09 1.07 1.08 
1.05 1.09 1.06 1.06 1.08 1.08 1.06 1.05 1.05 1.08 
1.08 1.09 1.07 1.07 1.05 1.06 1.05 1.08 1.05 1.06 
1.06 1.07 1.09 1.06 1.09 1.07 1.06 1.09 1.06 1.07 
1.07 1.07 1.06 1.05 1.09 1.08 1.09 1.09 1.07 1.09 
1.07 1.05 1.07 1.07 1.06 1.09 1.09 1.07 1.05 1.08 
1.07 1.07 1.07 1.07 1.05 1.08 1.07 1.05 1.09 1.09 
1.07 1.09 1.08 1.08 1.06 1.08 1.05 1.07 1.08 1.08 
1.09 1.09 1.06 1.06 1.07 1.06 1.08 1.08 1.07 1.06 
1.05 1.05 1.06 1.06 1.05 1.09 1.07 1.06 1.08 1.06 
1.08 1.05 1.06 1.06 1.08 1.09 1.06 1.09 1.08 1.05 
1.07 1.05 1.05 1.08 1.09 1.08 1.06 1.07 1.08 1.05 
1.06 1.05 1.09 1.08 1.06 1.06 1.06 1.08 1.08 1.05 
1.09 1.08 1.06 1.08 1.07 1.06 1.08 1.08 1.08 1.07 
1.09 1.09 1.07 1.09 1.09 1.08 1.06 1.06 1.08 1.09 
1.07 1.06 1.09 1.06 1.08 1.05 1.07 1.06 1.05 1.08 
1.08 1.07 1.06 1.05 1.08 1.05 1.06 1.05 1.08 1.05 
1.07 1.09 1.07 1.07 1.08 1.06 1.05 1.07 1.09 1.08 
1.05 1.07 1.08 1.07 1.09 1.07 1.05 1.05 1.09 1.05 
1.05 1.08 1.05 1.05 1.05 1.08 1.09 1.07 1.05 1.09 
1.07 1.07 1.09 1.05 1.05 1.05 1.07 1.05 1.05 1.06 
1.08 1.07 1.06 1.05 1.07 1.06 1.07 1.05 1.07 1.09 
1.07 1.05 1.07 1.07 1.09 1.05 1.06 1.06 1.05 1.05 
1.08 1.05 1.06 1.07 1.05 1.08 1.06 1.09 1.09 1.06 
1.06 1.06 1.05 1.08 1.06 1.09 1.06 1.09 1.09 1.07 
1.06 1.05 1.06 1.05 1.07 1.08 1.06 1.07 1.09 1.05 
1.05 1.06 1.05 1.09 1.09 1.07 1.08 1.08 1.05 1.09 
1.09 1.09 1.05 1.05 1.08 1.07 1.06 1.09 1.05 1.05 
1.08 1.05 1.08 1.07 1.09 1.08 1.05 1.06 1.09 1.06 
1.06 1.09 1.06 1.05 1.06 1.09 1.08 1.06 1.05 1.06 
1.06 1.08 1.07 1.07 1.06 1.06 1.05 1.08 1.07 1.06 
1.09 1.05 1.08 1.07 1.08 1.05 1.06 1.06 1.08 1.09 
1.06 1.09 1.09 1.06 1.09 1.07 1.09 1.08 1.09 1.06 
1.05 1.08 1.08 1.08 1.08 1.08 1.07 1.05 1.08 1.05 
1.08 1.07 1.07 1.06 1.08 1.09 1.07 1.09 1.05 1.05 
1.09 1.07 1.08 1.05 1.06 1.09 1.07 1.09 1.09 1.07 
1.09 1.05 1.05 1.05 1.05 1.06 1.09 1.06 1.05 1.06 
1.08 1.06 1.07 1.07 1.08 1.09 1.08 1.06 1.06 1.05 
1.06 1.05 1.05 1.05 1.08 1.08 1.08 1.09 1.09 1.09 
1.05 1.08 1.05 1.05 1.08 1.08 1.07 1.05 1.05 1.05 
1.09 1.08 1.06 1.08 1.09 1.09 1.05 1.07 1.05 1.09 
1.07 1.09 1.08 1.08 1.08 1.09 1.09 1.05 1.06 1.09 
1.08 1.08 1.06 1.09 1.06 1.08 1.06 1.06 1.08 1.05 
1.09 1.05 1.07 1.09 1.06 1.07 1.09 1.08 1.06 1.05 
1.09 1.05 1.05 1.06 1.06 1.09 1.09 1.09 1.07 1.05 
1.09 1.09 1.05 1.08 1.05 1.07 1.05 1.06 1.08 1.07 
1.07 1.05 1.06 1.06 1.09 1.07 1.08 1.09 1.06 1.09 
1.08 1.07 1.05 1.05 1.07 1.08 1.06 1.08 1.09 1.05 
1.07 1.06 1.07 1.09 1.09 1.08 1.06 1.07 1.06 1.05 
1.08 1.07 1.06 1.05 1.09 1.05 1.07 1.06 1.09 1.08 
1.08 1.09 1.08 1.08 1.05 1.05 1.09 1.08 1.07 1.09 
1.09 1.05 1.08 1.06 1.07 1.09 1.09 1.06 1.08 1.05 
1.07 1.05 1.08 1.05 1.09 1.07 1.05 1.08 1.09 1.07 
1.09 1.05 1.07 1.08 1.05 1.06 1.07 1.08 1.07 1.06 
1.05 1.06 1.05 1.09 1.08 1.08 1.07 1.05 1.08 1.06 
1.06 1.05 1.08 1.05 1.06 1.06 1.06 1.07 1.07 1.08 
1.08 1.06 1.05 1.07 1.08 1.07 1.05 1.09 1.05 1.07 
1.05 1.09 1.05 1.07 1.05 1.07 1.05 1.08 1.06 1.09 
1.06 1.06 1.06 1.07 1.08 1.06 1.06 1.06 1.09 1.07 
1.05 1.07 1.06 1.07 1.06 1.06 1.08 1.09 1.05 1.08 
1.05 1.06 1.08 1.07 1.09 1.07 1.08 1.05 1.08 1.06 
1.05 1.07 1.05 1.07 1.06 1.06 1.08 1.09 1.05 1.07 
1.08 1.06 1.08 1.07 1.05 1.07 1.08 1.08 1.08 1.08 
