10
150
92 24 26 53 25 65 88 33 74 85 49 44 6 39 69 99 42 77 65 20 31 93 42 50 25 93 68 94 85 68 88 55 71 86 90 32 48 54 59 83 77 75 50 100 51 37 29 74 94 57 35 53 7 38 64 97 51 41 16 66 24 8 51 5 54 22 49 73 54 38 1 49 66 69 83 37 2 13 39 35 65 87 56 9 3 3 24 60 77 10 60 83 49 49 36 83 32 44 93 89 33 77 90 34 56 51 48 39 63 81 8 2 16 19 30 35 27 50 64 2 1 75 64 51 69 22 73 28 62 12 3 67 85 67 70 67 88 56 37 97 15 54 55 90 30 85 46 24 68 73 
1 3 3 3 3 2 2 1 1 2 
1.12 1.08 1.13 1.14 1.09 1.07 1.09 1.14 1.13 1.08 
1.06 1.06 1.09 1.14 1.07 1.14 1.08 1.11 1.13 1.05 
1.07 1.05 1.13 1.07 1.09 1.13 1.13 1.07 1.13 1.11 
1.06 1.07 1.08 1.09 1.06 1.1 1.11 1.09 1.12 1.12 
1.13 1.06 1.1 1.05 1.14 1.14 1.05 1.09 1.1 1.14 
1.11 1.14 1.1 1.12 1.09 1.08 1.13 1.14 1.07 1.1 
1.12 1.08 1.12 1.06 1.14 1.07 1.12 1.14 1.07 1.11 
1.14 1.08 1.14 1.07 1.14 1.09 1.1 1.12 1.05 1.14 
1.14 1.14 1.08 1.07 1.07 1.12 1.14 1.14 1.1 1.09 
1.12 1.05 1.08 1.12 1.05 1.05 1.09 1.1 1.07 1.14 
1.1 1.07 1.1 1.13 1.09 1.09 1.06 1.06 1.05 1.12 
1.05 1.06 1.12 1.06 1.06 1.14 1.07 1.13 1.11 1.13 
1.08 1.14 1.09 1.09 1.14 1.09 1.14 1.13 1.09 1.1 
1.06 1.1 1.13 1.07 1.13 1.08 1.11 1.09 1.12 1.13 
1.11 1.1 1.09 1.14 1.06 1.05 1.07 1.05 1.13 1.13 
1.11 1.12 1.06 1.14 1.13 1.09 1.11 1.05 1.11 1.05 
1.08 1.1 1.13 1.11 1.06 1.07 1.08 1.14 1.09 1.13 
1.06 1.12 1.14 1.14 1.07 1.06 1.12 1.08 1.09 1.11 
1.06 1.1 1.05 1.11 1.05 1.11 1.06 1.1 1.09 1.08 
1.12 1.08 1.07 1.05 1.08 1.14 1.08 1.09 1.1 1.08 
1.11 1.06 1.11 1.13 1.12 1.14 1.06 1.07 1.1 1.06 
1.14 1.1 1.07 1.14 1.06 1.14 1.05 1.12 1.08 1.07 
1.13 1.12 1.08 1.09 1.08 1.08 1.05 1.08 1.14 1.14 
1.12 1.12 1.09 1.06 1.12 1.07 1.14 1.1 1.11 1.13 
1.08 1.07 1.06 1.09 1.14 1.1 1.05 1.06 1.09 1.14 
1.06 1.13 1.09 1.11 1.1 1.07 1.1 1.06 1.09 1.12 
1.08 1.05 1.09 1.09 1.05 1.05 1.05 1.09 1.05 1.05 
1.09 1.09 1.1 1.12 1.09 1.05 1.07 1.1 1.07 1.12 
1.12 1.13 1.1 1.12 1.08 1.08 1.08 1.09 1.14 1.11 
1.11 1.12 1.1 1.08 1.09 1.07 1.09 1.05 1.12 1.09 
1.1 1.11 1.12 1.07 1.07 1.1 1.07 1.13 1.07 1.11 
1.13 1.05 1.08 1.09 1.14 1.05 1.11 1.11 1.12 1.09 
1.06 1.12 1.09 1.08 1.05 1.08 1.06 1.13 1.09 1.06 
1.13 1.09 1.09 1.08 1.14 1.13 1.14 1.13 1.11 1.08 
1.09 1.1 1.08 1.08 1.14 1.06 1.06 1.11 1.07 1.1 
1.11 1.14 1.05 1.07 1.05 1.14 1.06 1.13 1.07 1.09 
1.07 1.06 1.07 1.1 1.13 1.08 1.06 1.05 1.06 1.14 
1.1 1.05 1.07 1.05 1.06 1.13 1.07 1.06 1.05 1.09 
1.06 1.07 1.11 1.14 1.14 1.06 1.12 1.13 1.1 1.05 
1.06 1.11 1.09 1.11 1.1 1.1 1.06 1.13 1.07 1.06 
1.07 1.11 1.06 1.05 1.12 1.08 1.07 1.07 1.07 1.14 
1.14 1.12 1.08 1.08 1.1 1.07 1.06 1.09 1.08 1.13 
1.06 1.12 1.11 1.09 1.07 1.06 1.08 1.08 1.07 1.13 
1.06 1.14 1.07 1.14 1.05 1.12 1.11 1.07 1.11 1.13 
1.11 1.12 1.05 1.05 1.12 1.11 1.12 1.1 1.05 1.14 
1.09 1.14 1.1 1.1 1.09 1.06 1.12 1.13 1.06 1.12 
1.05 1.08 1.11 1.09 1.05 1.09 1.12 1.05 1.06 1.1 
1.07 1.08 1.09 1.14 1.12 1.05 1.07 1.1 1.06 1.06 
1.05 1.09 1.06 1.08 1.08 1.1 1.1 1.12 1.11 1.14 
1.14 1.08 1.14 1.14 1.14 1.09 1.06 1.11 1.07 1.12 
1.08 1.12 1.06 1.13 1.08 1.06 1.13 1.1 1.1 1.08 
1.07 1.05 1.07 1.06 1.11 1.12 1.07 1.08 1.06 1.05 
1.11 1.07 1.05 1.11 1.09 1.14 1.05 1.11 1.05 1.12 
1.08 1.08 1.11 1.05 1.08 1.09 1.05 1.08 1.11 1.13 
1.07 1.11 1.07 1.07 1.08 1.12 1.06 1.06 1.12 1.05 
1.1 1.08 1.12 1.12 1.12 1.06 1.08 1.06 1.14 1.1 
1.12 1.05 1.11 1.05 1.08 1.1 1.11 1.07 1.08 1.14 
1.12 1.09 1.07 1.06 1.12 1.07 1.13 1.13 1.1 1.07 
1.13 1.06 1.05 1.07 1.12 1.11 1.08 1.07 1.06 1.05 
1.09 1.11 1.09 1.06 1.13 1.05 1.14 1.09 1.11 1.1 
1.12 1.08 1.06 1.11 1.05 1.13 1.1 1.05 1.06 1.12 
1.06 1.05 1.11 1.13 1.05 1.09 1.14 1.12 1.05 1.06 
1.12 1.14 1.06 1.11 1.12 1.06 1.11 1.12 1.07 1.09 
1.14 1.11 1.12 1.14 1.08 1.1 1.05 1.09 1.1 1.06 
1.07 1.06 1.09 1.09 1.13 1.08 1.06 1.07 1.09 1.11 
1.09 1.06 1.06 1.13 1.14 1.12 1.08 1.09 1.13 1.11 
1.12 1.06 1.13 1.14 1.06 1.12 1.11 1.11 1.05 1.05 
1.11 1.05 1.1 1.11 1.09 1.1 1.05 1.13 1.1 1.11 
1.1 1.14 1.12 1.09 1.09 1.14 1.14 1.14 1.08 1.13 
1.05 1.06 1.08 1.13 1.11 1.1 1.14 1.07 1.09 1.09 
1.1 1.11 1.13 1.07 1.05 1.07 1.14 1.07 1.12 1.06 
1.11 1.11 1.11 1.1 1.09 1.1 1.12 1.14 1.08 1.1 
1.05 1.13 1.07 1.13 1.05 1.06 1.12 1.12 1.14 1.13 
1.08 1.09 1.11 1.14 1.06 1.07 1.12 1.05 1.08 1.11 
1.13 1.14 1.12 1.14 1.1 1.13 1.13 1.14 1.11 1.14 
1.12 1.12 1.14 1.06 1.14 1.12 1.13 1.12 1.14 1.09 
1.1 1.09 1.09 1.06 1.14 1.12 1.08 1.14 1.12 1.06 
1.05 1.13 1.06 1.1 1.14 1.08 1.09 1.07 1.11 1.14 
1.05 1.06 1.13 1.07 1.05 1.08 1.12 1.06 1.08 1.11 
1.1 1.12 1.12 1.1 1.1 1.1 1.12 1.11 1.12 1.11 
1.06 1.14 1.06 1.14 1.1 1.1 1.07 1.08 1.1 1.1 
1.07 1.11 1.14 1.07 1.09 1.14 1.14 1.06 1.11 1.14 
1.09 1.14 1.08 1.06 1.12 1.09 1.07 1.14 1.06 1.14 
1.06 1.1 1.11 1.14 1.09 1.08 1.08 1.13 1.09 1.11 
1.11 1.08 1.06 1.09 1.13 1.09 1.1 1.12 1.07 1.06 
1.05 1.07 1.1 1.13 1.06 1.1 1.08 1.13 1.14 1.07 
1.11 1.07 1.14 1.1 1.13 1.14 1.14 1.08 1.12 1.13 
1.05 1.1 1.1 1.13 1.14 1.13 1.07 1.12 1.11 1.08 
1.08 1.12 1.12 1.14 1.07 1.1 1.11 1.12 1.06 1.12 
1.06 1.12 1.05 1.1 1.05 1.06 1.07 1.14 1.09 1.06 
1.14 1.12 1.13 1.1 1.11 1.05 1.09 1.07 1.08 1.1 
1.14 1.05 1.14 1.12 1.07 1.13 1.11 1.13 1.07 1.05 
1.07 1.13 1.1 1.14 1.1 1.11 1.11 1.13 1.13 1.08 
1.05 1.1 1.11 1.08 1.07 1.12 1.06 1.09 1.14 1.06 
1.07 1.09 1.07 1.08 1.12 1.14 1.11 1.08 1.11 1.08 
1.13 1.06 1.14 1.07 1.12 1.06 1.08 1.12 1.13 1.12 
1.14 1.14 1.05 1.05 1.08 1.09 1.08 1.09 1.14 1.07 
1.09 1.12 1.11 1.07 1.11 1.05 1.14 1.06 1.13 1.08 
1.13 1.12 1.13 1.06 1.06 1.12 1.12 1.09 1.09 1.14 
1.05 1.1 1.05 1.12 1.05 1.06 1.1 1.14 1.1 1.1 
1.06 1.07 1.08 1.06 1.14 1.11 1.14 1.05 1.1 1.12 
1.07 1.09 1.05 1.14 1.13 1.09 1.11 1.05 1.14 1.05 
1.09 1.11 1.09 1.12 1.1 1.08 1.09 1.09 1.09 1.13 
1.1 1.07 1.07 1.13 1.11 1.11 1.1 1.11 1.09 1.13 
1.12 1.14 1.11 1.1 1.08 1.1 1.14 1.07 1.12 1.08 
1.05 1.13 1.11 1.1 1.08 1.05 1.12 1.07 1.09 1.06 
1.11 1.07 1.08 1.05 1.07 1.09 1.13 1.12 1.05 1.08 
1.12 1.06 1.05 1.05 1.1 1.1 1.13 1.11 1.08 1.12 
1.11 1.13 1.05 1.12 1.14 1.07 1.12 1.08 1.05 1.07 
1.14 1.12 1.06 1.05 1.12 1.07 1.12 1.11 1.05 1.1 
1.09 1.07 1.07 1.07 1.13 1.13 1.12 1.06 1.09 1.11 
1.12 1.1 1.11 1.12 1.12 1.11 1.09 1.05 1.1 1.07 
1.14 1.05 1.08 1.05 1.06 1.07 1.09 1.06 1.09 1.05 
1.11 1.05 1.06 1.1 1.05 1.13 1.08 1.13 1.13 1.05 
1.11 1.08 1.14 1.06 1.07 1.06 1.11 1.09 1.12 1.08 
1.12 1.09 1.08 1.08 1.13 1.1 1.07 1.13 1.11 1.11 
1.07 1.13 1.05 1.1 1.08 1.05 1.06 1.07 1.13 1.1 
1.1 1.11 1.13 1.08 1.1 1.12 1.09 1.07 1.05 1.07 
1.05 1.14 1.14 1.09 1.07 1.14 1.1 1.14 1.07 1.11 
1.14 1.11 1.09 1.12 1.11 1.11 1.07 1.1 1.13 1.11 
1.05 1.08 1.13 1.09 1.07 1.11 1.13 1.09 1.06 1.06 
1.12 1.06 1.13 1.11 1.07 1.1 1.08 1.09 1.13 1.08 
1.06 1.11 1.09 1.09 1.07 1.14 1.12 1.08 1.05 1.13 
1.08 1.14 1.1 1.13 1.08 1.13 1.14 1.07 1.05 1.1 
1.12 1.12 1.1 1.07 1.07 1.1 1.11 1.07 1.1 1.06 
1.05 1.07 1.1 1.14 1.14 1.1 1.13 1.14 1.13 1.08 
1.08 1.05 1.11 1.1 1.09 1.08 1.12 1.12 1.11 1.11 
1.12 1.12 1.08 1.07 1.08 1.07 1.1 1.11 1.06 1.13 
1.07 1.14 1.09 1.1 1.1 1.05 1.11 1.13 1.07 1.09 
1.1 1.1 1.12 1.09 1.09 1.05 1.07 1.1 1.06 1.14 
1.13 1.05 1.1 1.1 1.09 1.05 1.1 1.06 1.12 1.07 
1.09 1.09 1.06 1.11 1.1 1.12 1.11 1.06 1.11 1.14 
1.11 1.09 1.07 1.12 1.13 1.09 1.1 1.12 1.12 1.13 
1.1 1.14 1.12 1.14 1.08 1.07 1.09 1.1 1.12 1.13 
1.05 1.09 1.07 1.05 1.14 1.1 1.12 1.13 1.12 1.08 
1.12 1.06 1.11 1.1 1.08 1.06 1.1 1.12 1.12 1.14 
1.12 1.08 1.1 1.05 1.1 1.07 1.05 1.14 1.05 1.1 
1.06 1.05 1.09 1.13 1.05 1.1 1.05 1.09 1.07 1.1 
1.09 1.05 1.07 1.06 1.11 1.07 1.12 1.05 1.14 1.12 
1.14 1.11 1.1 1.13 1.08 1.13 1.07 1.14 1.09 1.05 
1.14 1.12 1.13 1.07 1.14 1.07 1.08 1.05 1.05 1.14 
1.05 1.1 1.09 1.09 1.08 1.07 1.05 1.13 1.13 1.05 
1.12 1.09 1.06 1.07 1.11 1.14 1.13 1.08 1.05 1.11 
1.12 1.05 1.14 1.05 1.06 1.1 1.1 1.11 1.07 1.05 
1.05 1.07 1.14 1.14 1.12 1.1 1.13 1.12 1.07 1.1 
1.09 1.07 1.06 1.05 1.06 1.09 1.14 1.07 1.05 1.07 
1.14 1.14 1.08 1.1 1.05 1.11 1.13 1.11 1.13 1.05 
1.13 1.09 1.14 1.08 1.06 1.07 1.12 1.1 1.09 1.11 
1.06 1.05 1.13 1.05 1.12 1.11 1.13 1.07 1.08 1.14 
1.06 1.14 1.14 1.05 1.1 1.06 1.08 1.13 1.08 1.07 
