10
200
24 69 92 47 34 34 52 99 41 13 1 48 27 48 48 54 41 82 41 75 73 6 90 67 25 88 36 99 17 68 43 81 80 15 32 79 70 79 77 38 8 98 29 16 64 52 45 69 79 56 66 19 36 93 3 80 31 90 45 37 34 100 17 4 35 99 78 85 54 42 1 60 24 51 69 41 84 94 78 85 24 12 76 29 60 35 27 45 99 52 98 3 30 10 56 48 41 57 22 89 10 53 71 58 13 28 37 35 74 69 52 63 57 94 40 98 51 57 41 14 32 90 34 98 64 44 76 21 46 37 4 24 71 35 68 11 23 73 68 17 30 41 67 83 89 59 41 94 3 49 95 30 26 40 51 25 72 47 64 17 27 71 88 94 49 80 44 24 3 74 51 47 64 5 63 84 29 45 21 92 80 72 75 58 9 46 95 69 7 32 81 85 19 76 89 43 98 12 18 24 
8 3 7 8 6 3 8 6 5 6 
1.04 1.04 1.06 1.03 1.04 1.05 1.04 1.02 1.05 1.04 
1.04 1.03 1.05 1.06 1.04 1.06 1.06 1.05 1.04 1.05 
1.06 1.02 1.03 1.04 1.05 1.04 1.02 1.04 1.05 1.05 
1.05 1.04 1.01 1.05 1.01 1.06 1.02 1.04 1.04 1.05 
1.01 1.03 1.01 1.04 1.04 1.02 1.05 1.05 1.01 1.01 
1.04 1.01 1.04 1.02 1.01 1.01 1.04 1.05 1.06 1.03 
1.01 1.04 1.03 1.04 1.06 1.01 1.05 1.05 1.03 1.04 
1.01 1.03 1.04 1.04 1.01 1.03 1.02 1.01 1.03 1.03 
1.06 1.01 1.01 1.04 1.01 1.03 1.02 1.01 1.01 1.02 
1.04 1.06 1.06 1.04 1.01 1.05 1.03 1.05 1.04 1.05 
1.02 1.02 1.04 1.03 1.04 1.06 1.05 1.06 1.04 1.06 
1.04 1.04 1.01 1.05 1.01 1.04 1.05 1.06 1.04 1.06 
1.05 1.03 1.02 1.04 1.04 1.04 1.03 1.03 1.01 1.02 
1.06 1.03 1.05 1.01 1.04 1.06 1.05 1.05 1.03 1.06 
1.04 1.01 1.03 1.03 1.03 1.03 1.02 1.01 1.04 1.04 
1.04 1.02 1.05 1.01 1.02 1.03 1.01 1.05 1.02 1.04 
1.02 1.04 1.03 1.01 1.06 1.02 1.06 1.04 1.06 1.06 
1.04 1.03 1.02 1.03 1.03 1.03 1.04 1.06 1.02 1.02 
1.06 1.06 1.03 1.01 1.01 1.02 1.03 1.05 1.01 1.01 
1.05 1.01 1.02 1.06 1.05 1.04 1.04 1.01 1.04 1.03 
1.05 1.06 1.03 1.01 1.01 1.01 1.02 1.02 1.04 1.01 
1.02 1.03 1.04 1.03 1.01 1.03 1.01 1.03 1.02 1.05 
1.03 1.06 1.01 1.02 1.06 1.04 1.06 1.02 1.01 1.03 
1.02 1.01 1.06 1.03 1.04 1.01 1.06 1.04 1.03 1.01 
1.03 1.01 1.04 1.01 1.01 1.02 1.01 1.02 1.06 1.03 
1.03 1.03 1.04 1.06 1.02 1.01 1.06 1.01 1.03 1.05 
1.02 1.01 1.05 1.02 1.06 1.02 1.03 1.01 1.01 1.05 
1.06 1.06 1.01 1.03 1.04 1.05 1.03 1.05 1.02 1.06 
1.06 1.05 1.05 1.01 1.04 1.06 1.03 1.04 1.05 1.05 
1.05 1.01 1.01 1.02 1.02 1.05 1.02 1.05 1.01 1.02 
1.06 1.06 1.02 1.03 1.01 1.05 1.01 1.01 1.06 1.03 
1.04 1.04 1.03 1.06 1.01 1.03 1.05 1.02 1.06 1.05 
1.03 1.05 1.02 1.04 1.04 1.01 1.04 1.02 1.03 1.01 
1.05 1.01 1.04 1.02 1.06 1.06 1.06 1.05 1.03 1.03 
1.03 1.04 1.01 1.04 1.04 1.03 1.01 1.05 1.04 1.04 
1.02 1.04 1.02 1.06 1.03 1.02 1.04 1.06 1.03 1.04 
1.05 1.06 1.04 1.04 1.03 1.01 1.02 1.01 1.03 1.06 
1.05 1.02 1.02 1.02 1.06 1.05 1.05 1.03 1.02 1.06 
1.03 1.06 1.06 1.01 1.05 1.01 1.03 1.05 1.03 1.06 
1.02 1.01 1.06 1.03 1.06 1.04 1.03 1.04 1.05 1.06 
1.06 1.06 1.06 1.02 1.05 1.06 1.06 1.03 1.06 1.04 
1.01 1.04 1.02 1.04 1.02 1.02 1.06 1.01 1.02 1.02 
1.02 1.05 1.03 1.06 1.02 1.03 1.06 1.05 1.02 1.03 
1.03 1.04 1.01 1.04 1.04 1.02 1.01 1.01 1.06 1.05 
1.02 1.01 1.06 1.06 1.04 1.03 1.01 1.03 1.04 1.04 
1.05 1.01 1.01 1.06 1.01 1.05 1.05 1.04 1.01 1.04 
1.01 1.03 1.05 1.01 1.01 1.05 1.04 1.04 1.02 1.05 
1.03 1.03 1.04 1.04 1.05 1.04 1.05 1.03 1.01 1.03 
1.03 1.05 1.04 1.05 1.04 1.05 1.01 1.06 1.06 1.01 
1.03 1.05 1.05 1.05 1.04 1.06 1.04 1.04 1.01 1.03 
1.02 1.02 1.03 1.06 1.06 1.03 1.05 1.05 1.04 1.03 
1.01 1.04 1.01 1.06 1.04 1.03 1.02 1.05 1.05 1.02 
1.03 1.06 1.05 1.02 1.06 1.04 1.01 1.04 1.04 1.04 
1.02 1.01 1.06 1.01 1.04 1.06 1.06 1.05 1.05 1.01 
1.05 1.04 1.06 1.04 1.03 1.01 1.04 1.05 1.03 1.03 
1.06 1.03 1.04 1.02 1.05 1.01 1.04 1.01 1.06 1.01 
1.06 1.01 1.03 1.04 1.02 1.06 1.03 1.04 1.04 1.01 
1.04 1.06 1.04 1.04 1.04 1.05 1.05 1.01 1.06 1.01 
1.01 1.06 1.06 1.06 1.01 1.05 1.06 1.04 1.05 1.02 
1.01 1.05 1.02 1.06 1.02 1.06 1.04 1.04 1.05 1.02 
1.02 1.05 1.05 1.02 1.04 1.01 1.02 1.01 1.03 1.03 
1.01 1.04 1.05 1.05 1.02 1.02 1.03 1.06 1.04 1.03 
1.02 1.06 1.06 1.02 1.04 1.01 1.02 1.04 1.01 1.06 
1.06 1.05 1.01 1.05 1.06 1.06 1.03 1.05 1.01 1.06 
1.03 1.02 1.02 1.01 1.01 1.06 1.05 1.03 1.04 1.04 
1.06 1.04 1.03 1.06 1.01 1.02 1.05 1.01 1.06 1.04 
1.04 1.01 1.03 1.01 1.04 1.02 1.05 1.02 1.05 1.04 
1.03 1.06 1.04 1.01 1.03 1.02 1.01 1.04 1.03 1.02 
1.04 1.04 1.03 1.02 1.02 1.03 1.04 1.02 1.02 1.02 
1.01 1.03 1.03 1.06 1.05 1.02 1.05 1.04 1.03 1.01 
1.01 1.03 1.03 1.06 1.05 1.04 1.04 1.02 1.06 1.05 
1.03 1.06 1.01 1.03 1.03 1.03 1.04 1.06 1.06 1.02 
1.01 1.01 1.03 1.02 1.04 1.06 1.06 1.02 1.06 1.06 
1.03 1.02 1.01 1.06 1.04 1.06 1.02 1.05 1.02 1.05 
1.02 1.01 1.06 1.06 1.05 1.02 1.03 1.03 1.06 1.04 
1.04 1.05 1.04 1.05 1.02 1.01 1.04 1.04 1.05 1.05 
1.06 1.01 1.05 1.05 1.05 1.02 1.02 1.02 1.01 1.02 
1.06 1.01 1.06 1.03 1.02 1.01 1.05 1.04 1.04 1.06 
1.06 1.06 1.03 1.03 1.03 1.02 1.06 1.05 1.05 1.04 
1.03 1.04 1.05 1.02 1.02 1.06 1.06 1.03 1.03 1.02 
1.01 1.02 1.01 1.04 1.02 1.04 1.06 1.01 1.04 1.01 
1.01 1.04 1.06 1.05 1.01 1.05 1.01 1.02 1.01 1.03 
1.05 1.01 1.02 1.02 1.03 1.06 1.01 1.03 1.03 1.01 
1.06 1.06 1.04 1.01 1.04 1.04 1.04 1.03 1.03 1.05 
1.03 1.02 1.04 1.03 1.02 1.06 1.06 1.03 1.04 1.06 
1.03 1.04 1.04 1.01 1.05 1.05 1.01 1.04 1.04 1.04 
1.02 1.05 1.04 1.06 1.04 1.01 1.01 1.01 1.03 1.03 
1.03 1.03 1.02 1.02 1.01 1.05 1.04 1.05 1.03 1.06 
1.02 1.06 1.06 1.01 1.03 1.03 1.03 1.02 1.01 1.01 
1.04 1.04 1.03 1.02 1.04 1.04 1.02 1.02 1.04 1.05 
1.01 1.06 1.05 1.05 1.03 1.06 1.01 1.02 1.02 1.05 
1.05 1.02 1.02 1.01 1.06 1.02 1.06 1.05 1.04 1.05 
1.01 1.01 1.02 1.04 1.03 1.06 1.01 1.04 1.02 1.04 
1.02 1.05 1.03 1.02 1.01 1.03 1.01 1.01 1.03 1.03 
1.04 1.05 1.01 1.06 1.04 1.06 1.05 1.06 1.05 1.03 
1.06 1.04 1.04 1.03 1.02 1.02 1.06 1.01 1.01 1.04 
1.02 1.06 1.04 1.03 1.05 1.05 1.02 1.03 1.02 1.02 
1.01 1.02 1.04 1.06 1.01 1.06 1.05 1.04 1.04 1.03 
1.04 1.05 1.02 1.05 1.03 1.03 1.01 1.03 1.04 1.06 
1.06 1.03 1.03 1.04 1.04 1.04 1.05 1.04 1.01 1.05 
1.02 1.06 1.04 1.04 1.06 1.01 1.01 1.05 1.05 1.06 
1.02 1.05 1.03 1.02 1.01 1.06 1.04 1.03 1.03 1.05 
1.05 1.03 1.05 1.01 1.06 1.01 1.03 1.03 1.06 1.01 
1.06 1.05 1.02 1.06 1.01 1.06 1.02 1.01 1.03 1.01 
1.06 1.05 1.02 1.02 1.05 1.06 1.04 1.01 1.01 1.04 
1.01 1.06 1.06 1.03 1.03 1.04 1.04 1.04 1.02 1.04 
1.02 1.02 1.04 1.01 1.06 1.06 1.02 1.06 1.04 1.01 
1.03 1.06 1.05 1.06 1.04 1.02 1.01 1.02 1.01 1.01 
1.02 1.01 1.02 1.02 1.03 1.05 1.02 1.06 1.03 1.06 
1.03 1.05 1.01 1.05 1.01 1.05 1.05 1.03 1.02 1.06 
1.06 1.01 1.01 1.04 1.02 1.02 1.02 1.03 1.06 1.01 
1.01 1.04 1.01 1.06 1.02 1.01 1.02 1.02 1.03 1.05 
1.01 1.04 1.03 1.03 1.02 1.05 1.02 1.04 1.01 1.05 
1.06 1.03 1.01 1.06 1.01 1.03 1.04 1.01 1.05 1.01 
1.02 1.05 1.01 1.03 1.01 1.05 1.06 1.01 1.06 1.05 
1.01 1.03 1.02 1.03 1.01 1.01 1.03 1.06 1.04 1.02 
1.04 1.02 1.06 1.04 1.04 1.02 1.05 1.03 1.03 1.04 
1.02 1.04 1.05 1.06 1.01 1.03 1.05 1.01 1.06 1.05 
1.04 1.01 1.02 1.06 1.02 1.02 1.03 1.01 1.04 1.01 
1.05 1.01 1.01 1.03 1.01 1.03 1.04 1.06 1.03 1.06 
1.01 1.02 1.05 1.01 1.02 1.02 1.06 1.04 1.03 1.06 
1.05 1.01 1.06 1.01 1.02 1.03 1.04 1.04 1.06 1.04 
1.02 1.02 1.02 1.01 1.02 1.05 1.06 1.03 1.01 1.02 
1.02 1.03 1.03 1.04 1.01 1.06 1.05 1.03 1.06 1.02 
1.03 1.05 1.02 1.06 1.06 1.01 1.04 1.02 1.02 1.03 
1.05 1.06 1.02 1.02 1.02 1.04 1.03 1.02 1.01 1.02 
1.05 1.05 1.03 1.02 1.05 1.01 1.01 1.06 1.02 1.02 
1.04 1.06 1.02 1.03 1.01 1.03 1.05 1.06 1.06 1.03 
1.06 1.04 1.02 1.01 1.06 1.06 1.05 1.06 1.05 1.01 
1.04 1.02 1.05 1.06 1.05 1.03 1.03 1.02 1.04 1.02 
1.06 1.04 1.02 1.05 1.04 1.01 1.01 1.06 1.03 1.06 
1.04 1.06 1.02 1.03 1.03 1.01 1.06 1.01 1.02 1.01 
1.01 1.06 1.02 1.03 1.06 1.03 1.02 1.06 1.06 1.04 
1.06 1.05 1.05 1.02 1.03 1.05 1.05 1.06 1.03 1.03 
1.02 1.03 1.06 1.05 1.01 1.04 1.01 1.02 1.02 1.06 
1.04 1.06 1.04 1.06 1.06 1.01 1.01 1.01 1.05 1.03 
1.02 1.05 1.01 1.02 1.04 1.06 1.06 1.01 1.02 1.03 
1.01 1.03 1.02 1.06 1.05 1.02 1.06 1.02 1.01 1.02 
1.02 1.04 1.03 1.03 1.04 1.01 1.03 1.04 1.04 1.04 
1.04 1.02 1.01 1.02 1.06 1.05 1.03 1.01 1.03 1.01 
1.03 1.05 1.06 1.03 1.06 1.02 1.01 1.05 1.05 1.04 
1.04 1.01 1.02 1.02 1.06 1.06 1.03 1.06 1.04 1.05 
1.05 1.06 1.03 1.05 1.04 1.05 1.04 1.05 1.06 1.02 
1.05 1.01 1.04 1.02 1.05 1.05 1.05 1.01 1.05 1.06 
1.04 1.04 1.02 1.06 1.06 1.06 1.05 1.05 1.03 1.04 
1.05 1.06 1.04 1.04 1.02 1.02 1.06 1.04 1.02 1.03 
1.02 1.06 1.05 1.01 1.04 1.05 1.06 1.04 1.03 1.01 
1.06 1.05 1.03 1.04 1.05 1.05 1.01 1.01 1.01 1.06 
1.02 1.05 1.06 1.06 1.01 1.04 1.06 1.06 1.03 1.06 
1.06 1.05 1.05 1.02 1.06 1.05 1.02 1.04 1.04 1.04 
1.04 1.03 1.03 1.03 1.01 1.05 1.05 1.03 1.06 1.04 
1.01 1.01 1.03 1.05 1.06 1.06 1.02 1.04 1.01 1.05 
1.01 1.06 1.05 1.04 1.03 1.04 1.02 1.05 1.02 1.05 
1.01 1.01 1.02 1.01 1.04 1.04 1.02 1.01 1.02 1.05 
1.04 1.06 1.03 1.02 1.06 1.01 1.02 1.06 1.03 1.02 
1.03 1.04 1.06 1.04 1.03 1.06 1.05 1.01 1.03 1.03 
1.02 1.03 1.06 1.05 1.06 1.06 1.03 1.05 1.06 1.05 
1.04 1.05 1.05 1.02 1.06 1.03 1.05 1.03 1.04 1.06 
1.03 1.03 1.01 1.04 1.04 1.04 1.05 1.03 1.02 1.01 
1.02 1.03 1.04 1.03 1.04 1.04 1.01 1.03 1.06 1.03 
1.06 1.04 1.01 1.05 1.01 1.01 1.04 1.02 1.04 1.02 
1.01 1.04 1.03 1.03 1.04 1.04 1.01 1.03 1.02 1.03 
1.04 1.06 1.06 1.04 1.02 1.03 1.05 1.04 1.01 1.05 
1.03 1.03 1.04 1.01 1.03 1.04 1.05 1.04 1.04 1.02 
1.04 1.03 1.04 1.04 1.05 1.01 1.06 1.05 1.03 1.01 
1.04 1.03 1.05 1.03 1.05 1.04 1.05 1.03 1.06 1.01 
1.02 1.01 1.02 1.04 1.05 1.03 1.02 1.05 1.06 1.04 
1.05 1.01 1.05 1.05 1.01 1.01 1.01 1.03 1.04 1.01 
1.03 1.01 1.06 1.05 1.03 1.03 1.02 1.05 1.02 1.04 
1.01 1.01 1.04 1.02 1.03 1.06 1.02 1.01 1.06 1.06 
1.05 1.04 1.01 1.05 1.03 1.05 1.04 1.03 1.04 1.06 
1.02 1.03 1.02 1.05 1.04 1.02 1.04 1.03 1.06 1.03 
1.01 1.06 1.03 1.03 1.02 1.01 1.02 1.04 1.02 1.04 
1.05 1.02 1.04 1.02 1.03 1.06 1.02 1.04 1.02 1.01 
1.04 1.01 1.03 1.02 1.01 1.03 1.05 1.05 1.03 1.02 
1.01 1.04 1.06 1.06 1.03 1.05 1.02 1.02 1.01 1.02 
1.03 1.02 1.05 1.05 1.01 1.05 1.02 1.04 1.04 1.05 
1.05 1.05 1.01 1.05 1.04 1.06 1.04 1.03 1.06 1.02 
1.05 1.04 1.04 1.06 1.04 1.01 1.05 1.01 1.06 1.06 
1.01 1.05 1.03 1.02 1.01 1.01 1.04 1.02 1.06 1.02 
1.04 1.05 1.05 1.06 1.02 1.01 1.05 1.06 1.06 1.01 
1.03 1.05 1.06 1.05 1.04 1.01 1.01 1.02 1.02 1.03 
1.03 1.03 1.05 1.05 1.06 1.03 1.04 1.02 1.05 1.02 
1.06 1.03 1.01 1.04 1.06 1.06 1.05 1.02 1.01 1.06 
1.01 1.04 1.03 1.02 1.02 1.02 1.03 1.04 1.03 1.02 
1.03 1.01 1.05 1.01 1.02 1.01 1.04 1.04 1.06 1.04 
1.03 1.02 1.01 1.03 1.04 1.05 1.01 1.05 1.06 1.01 
1.01 1.02 1.03 1.01 1.05 1.01 1.01 1.01 1.02 1.05 
1.03 1.06 1.02 1.03 1.05 1.01 1.04 1.06 1.03 1.04 
1.06 1.05 1.01 1.04 1.01 1.01 1.05 1.03 1.04 1.04 
1.04 1.04 1.02 1.04 1.05 1.06 1.03 1.02 1.04 1.01 
1.04 1.03 1.03 1.05 1.02 1.01 1.05 1.06 1.03 1.06 
1.03 1.04 1.01 1.01 1.04 1.01 1.02 1.05 1.02 1.03 
1.02 1.03 1.03 1.02 1.06 1.05 1.03 1.04 1.04 1.05 
1.02 1.05 1.05 1.04 1.05 1.05 1.06 1.06 1.03 1.02 
1.06 1.02 1.05 1.03 1.05 1.01 1.03 1.01 1.05 1.03 
1.02 1.06 1.02 1.01 1.02 1.04 1.03 1.05 1.01 1.05 
1.01 1.01 1.03 1.06 1.05 1.05 1.06 1.05 1.04 1.02 
1.04 1.01 1.02 1.04 1.06 1.02 1.05 1.01 1.04 1.03 
1.01 1.05 1.03 1.03 1.05 1.01 1.03 1.01 1.02 1.01 
