10
200
44 34 44 85 21 90 14 34 13 63 46 18 100 88 79 8 5 10 81 48 28 17 45 2 90 67 94 11 24 4 39 47 37 46 66 24 94 22 69 31 15 6 95 100 56 16 21 18 71 11 25 55 79 60 94 53 62 16 58 15 67 40 17 6 87 18 7 15 21 98 39 55 15 26 28 68 7 42 8 4 10 79 76 51 92 87 56 81 76 66 51 36 25 83 24 20 45 8 82 1 65 50 90 85 50 72 35 45 98 31 6 99 33 6 50 38 10 86 17 42 45 45 13 79 3 7 34 96 47 5 12 46 87 26 68 31 2 86 6 88 64 65 61 86 29 16 2 76 9 34 54 7 55 49 51 40 67 1 37 50 6 2 53 44 5 58 6 17 65 46 2 68 37 5 43 83 65 65 90 54 21 13 27 49 9 2 15 42 15 2 46 71 9 85 97 40 37 22 28 4 
1 2 3 1 2 2 3 3 1 1 
1.06 1.04 1.01 1.06 1.04 1.03 1.04 1.04 1.01 1.04 
1.01 1.04 1.03 1.01 1.04 1.02 1.04 1.03 1.01 1.03 
1.05 1.04 1.04 1.04 1.04 1.06 1.04 1.03 1.04 1.04 
1.03 1.06 1.03 1.05 1.02 1.01 1.06 1.04 1.06 1.03 
1.04 1.01 1.03 1.05 1.06 1.05 1.06 1.04 1.05 1.05 
1.02 1.03 1.05 1.04 1.06 1.01 1.05 1.05 1.03 1.05 
1.01 1.03 1.04 1.06 1.05 1.02 1.02 1.05 1.03 1.02 
1.02 1.03 1.04 1.02 1.05 1.04 1.01 1.04 1.04 1.04 
1.02 1.02 1.04 1.02 1.04 1.01 1.04 1.04 1.02 1.03 
1.02 1.04 1.04 1.02 1.03 1.05 1.06 1.06 1.04 1.04 
1.01 1.06 1.04 1.03 1.01 1.06 1.06 1.02 1.03 1.02 
1.06 1.04 1.05 1.05 1.01 1.04 1.03 1.04 1.01 1.03 
1.02 1.04 1.02 1.03 1.02 1.03 1.06 1.04 1.02 1.04 
1.05 1.02 1.05 1.04 1.03 1.01 1.06 1.06 1.03 1.05 
1.01 1.02 1.03 1.05 1.01 1.06 1.02 1.05 1.06 1.04 
1.02 1.01 1.03 1.05 1.03 1.05 1.02 1.04 1.04 1.01 
1.02 1.05 1.01 1.05 1.01 1.04 1.02 1.04 1.06 1.06 
1.05 1.04 1.01 1.04 1.04 1.05 1.04 1.06 1.06 1.01 
1.06 1.02 1.01 1.04 1.01 1.01 1.04 1.02 1.04 1.01 
1.02 1.01 1.03 1.02 1.01 1.03 1.04 1.05 1.01 1.05 
1.02 1.01 1.04 1.01 1.05 1.05 1.05 1.06 1.03 1.06 
1.03 1.02 1.01 1.03 1.06 1.04 1.03 1.04 1.05 1.01 
1.03 1.06 1.01 1.05 1.01 1.05 1.04 1.01 1.06 1.04 
1.03 1.02 1.01 1.06 1.01 1.04 1.01 1.01 1.06 1.04 
1.02 1.03 1.03 1.01 1.03 1.05 1.06 1.05 1.01 1.02 
1.03 1.04 1.03 1.02 1.05 1.03 1.06 1.05 1.06 1.06 
1.03 1.04 1.05 1.03 1.04 1.06 1.02 1.05 1.02 1.03 
1.04 1.01 1.01 1.02 1.03 1.01 1.05 1.03 1.06 1.05 
1.05 1.06 1.05 1.03 1.02 1.04 1.06 1.05 1.04 1.02 
1.04 1.06 1.04 1.02 1.03 1.03 1.06 1.06 1.02 1.06 
1.05 1.04 1.04 1.01 1.05 1.04 1.05 1.06 1.03 1.02 
1.05 1.06 1.06 1.04 1.03 1.04 1.05 1.03 1.03 1.06 
1.04 1.03 1.05 1.04 1.03 1.06 1.06 1.05 1.04 1.03 
1.06 1.05 1.02 1.05 1.03 1.02 1.06 1.06 1.01 1.05 
1.03 1.03 1.06 1.04 1.02 1.01 1.06 1.04 1.04 1.03 
1.01 1.02 1.03 1.02 1.01 1.06 1.05 1.02 1.01 1.03 
1.05 1.06 1.02 1.02 1.01 1.03 1.01 1.03 1.03 1.06 
1.05 1.04 1.05 1.03 1.01 1.02 1.02 1.03 1.04 1.03 
1.05 1.01 1.03 1.04 1.03 1.03 1.02 1.02 1.04 1.01 
1.06 1.06 1.03 1.02 1.01 1.06 1.06 1.04 1.02 1.02 
1.04 1.01 1.06 1.05 1.06 1.05 1.04 1.02 1.02 1.04 
1.02 1.04 1.04 1.02 1.05 1.02 1.04 1.06 1.01 1.02 
1.02 1.03 1.02 1.02 1.02 1.04 1.05 1.05 1.02 1.01 
1.06 1.02 1.05 1.02 1.03 1.06 1.05 1.04 1.04 1.06 
1.04 1.03 1.05 1.03 1.06 1.01 1.06 1.01 1.04 1.02 
1.03 1.02 1.04 1.05 1.05 1.05 1.02 1.06 1.01 1.06 
1.01 1.05 1.03 1.06 1.03 1.04 1.04 1.01 1.04 1.04 
1.06 1.04 1.01 1.03 1.06 1.01 1.04 1.03 1.02 1.03 
1.02 1.03 1.01 1.06 1.02 1.06 1.06 1.03 1.04 1.01 
1.02 1.06 1.03 1.05 1.05 1.04 1.06 1.06 1.03 1.01 
1.01 1.04 1.02 1.06 1.01 1.02 1.05 1.06 1.06 1.04 
1.06 1.02 1.04 1.02 1.05 1.01 1.04 1.01 1.04 1.02 
1.04 1.06 1.02 1.01 1.05 1.05 1.04 1.02 1.02 1.01 
1.02 1.04 1.04 1.04 1.03 1.04 1.04 1.06 1.04 1.02 
1.06 1.01 1.01 1.06 1.02 1.02 1.01 1.01 1.01 1.03 
1.03 1.04 1.02 1.02 1.04 1.01 1.04 1.01 1.04 1.01 
1.04 1.02 1.02 1.05 1.06 1.03 1.06 1.02 1.03 1.06 
1.04 1.04 1.04 1.04 1.05 1.06 1.03 1.05 1.05 1.03 
1.05 1.04 1.06 1.03 1.01 1.02 1.03 1.01 1.06 1.03 
1.03 1.04 1.02 1.03 1.05 1.01 1.04 1.03 1.01 1.03 
1.03 1.06 1.06 1.01 1.05 1.04 1.05 1.04 1.04 1.03 
1.06 1.02 1.04 1.01 1.05 1.05 1.02 1.01 1.05 1.02 
1.01 1.05 1.05 1.03 1.04 1.05 1.05 1.06 1.06 1.02 
1.04 1.02 1.02 1.05 1.01 1.05 1.05 1.03 1.03 1.01 
1.05 1.02 1.06 1.02 1.05 1.04 1.03 1.01 1.05 1.02 
1.05 1.04 1.04 1.04 1.04 1.05 1.01 1.04 1.05 1.04 
1.06 1.02 1.06 1.01 1.06 1.06 1.05 1.05 1.04 1.06 
1.02 1.01 1.02 1.02 1.05 1.01 1.02 1.03 1.01 1.01 
1.06 1.05 1.02 1.06 1.03 1.06 1.06 1.06 1.03 1.01 
1.02 1.01 1.06 1.02 1.01 1.01 1.03 1.04 1.01 1.03 
1.03 1.06 1.01 1.03 1.05 1.06 1.01 1.04 1.06 1.05 
1.06 1.03 1.02 1.01 1.06 1.02 1.04 1.02 1.02 1.02 
1.03 1.02 1.02 1.05 1.03 1.06 1.05 1.04 1.05 1.06 
1.04 1.03 1.01 1.03 1.06 1.05 1.02 1.05 1.03 1.06 
1.03 1.05 1.04 1.05 1.01 1.03 1.03 1.04 1.03 1.02 
1.03 1.03 1.05 1.06 1.03 1.05 1.01 1.04 1.02 1.06 
1.03 1.06 1.02 1.03 1.06 1.06 1.06 1.01 1.03 1.06 
1.05 1.01 1.03 1.04 1.01 1.03 1.03 1.06 1.02 1.02 
1.01 1.04 1.03 1.03 1.03 1.02 1.02 1.02 1.02 1.04 
1.03 1.01 1.06 1.05 1.05 1.03 1.06 1.03 1.04 1.06 
1.04 1.01 1.01 1.02 1.05 1.01 1.02 1.03 1.01 1.05 
1.06 1.02 1.03 1.01 1.01 1.06 1.04 1.02 1.06 1.02 
1.03 1.03 1.02 1.04 1.02 1.01 1.04 1.05 1.04 1.03 
1.02 1.01 1.03 1.03 1.03 1.01 1.03 1.02 1.02 1.03 
1.03 1.01 1.04 1.02 1.01 1.04 1.06 1.06 1.04 1.03 
1.02 1.04 1.06 1.03 1.02 1.03 1.01 1.05 1.06 1.05 
1.06 1.06 1.03 1.04 1.04 1.05 1.02 1.06 1.02 1.05 
1.02 1.06 1.05 1.03 1.04 1.02 1.05 1.03 1.04 1.04 
1.04 1.03 1.05 1.06 1.02 1.06 1.04 1.01 1.06 1.05 
1.04 1.03 1.02 1.03 1.06 1.02 1.03 1.06 1.01 1.05 
1.04 1.01 1.06 1.06 1.02 1.02 1.01 1.01 1.03 1.04 
1.02 1.04 1.06 1.05 1.05 1.04 1.03 1.02 1.03 1.04 
1.03 1.02 1.06 1.05 1.04 1.01 1.05 1.03 1.03 1.01 
1.01 1.06 1.01 1.02 1.03 1.05 1.06 1.01 1.06 1.01 
1.04 1.06 1.02 1.03 1.02 1.03 1.06 1.04 1.05 1.04 
1.03 1.01 1.04 1.05 1.04 1.06 1.03 1.01 1.06 1.01 
1.05 1.02 1.04 1.01 1.04 1.01 1.06 1.06 1.03 1.02 
1.01 1.01 1.06 1.01 1.03 1.06 1.03 1.04 1.03 1.05 
1.01 1.06 1.04 1.06 1.04 1.05 1.04 1.04 1.06 1.02 
1.02 1.04 1.05 1.02 1.02 1.02 1.03 1.05 1.05 1.05 
1.06 1.06 1.01 1.02 1.03 1.02 1.02 1.05 1.01 1.01 
1.03 1.05 1.01 1.03 1.06 1.03 1.03 1.05 1.04 1.01 
1.01 1.05 1.06 1.04 1.05 1.03 1.04 1.05 1.02 1.01 
1.04 1.04 1.06 1.06 1.02 1.06 1.06 1.06 1.01 1.04 
1.04 1.04 1.03 1.05 1.06 1.03 1.01 1.03 1.05 1.05 
1.04 1.03 1.02 1.03 1.01 1.01 1.02 1.01 1.03 1.01 
1.04 1.04 1.06 1.03 1.03 1.01 1.01 1.03 1.05 1.04 
1.05 1.06 1.05 1.01 1.01 1.03 1.04 1.05 1.01 1.05 
1.05 1.02 1.06 1.04 1.05 1.06 1.06 1.05 1.06 1.03 
1.05 1.04 1.01 1.04 1.02 1.03 1.03 1.02 1.03 1.06 
1.01 1.03 1.01 1.02 1.04 1.05 1.03 1.02 1.05 1.04 
1.03 1.03 1.04 1.01 1.04 1.05 1.01 1.03 1.03 1.02 
1.01 1.04 1.05 1.06 1.03 1.04 1.02 1.04 1.06 1.06 
1.02 1.04 1.01 1.02 1.01 1.06 1.05 1.06 1.01 1.02 
1.04 1.01 1.02 1.02 1.03 1.03 1.04 1.01 1.01 1.03 
1.02 1.03 1.06 1.05 1.02 1.03 1.05 1.04 1.05 1.05 
1.05 1.04 1.02 1.01 1.04 1.02 1.05 1.01 1.01 1.01 
1.01 1.03 1.01 1.03 1.01 1.02 1.01 1.01 1.05 1.02 
1.03 1.03 1.06 1.02 1.05 1.01 1.06 1.03 1.01 1.02 
1.04 1.04 1.02 1.06 1.04 1.04 1.04 1.05 1.04 1.03 
1.05 1.05 1.01 1.01 1.01 1.05 1.02 1.01 1.05 1.06 
1.04 1.03 1.05 1.06 1.02 1.02 1.02 1.04 1.04 1.06 
1.04 1.05 1.04 1.06 1.05 1.03 1.05 1.05 1.03 1.06 
1.03 1.02 1.05 1.05 1.01 1.02 1.02 1.04 1.04 1.02 
1.04 1.01 1.02 1.02 1.03 1.05 1.06 1.02 1.02 1.06 
1.05 1.06 1.04 1.02 1.05 1.04 1.01 1.06 1.06 1.02 
1.01 1.02 1.03 1.02 1.03 1.06 1.01 1.05 1.06 1.06 
1.05 1.04 1.01 1.05 1.05 1.05 1.05 1.05 1.03 1.05 
1.01 1.04 1.01 1.06 1.05 1.06 1.05 1.04 1.02 1.04 
1.06 1.03 1.02 1.02 1.05 1.01 1.05 1.03 1.05 1.06 
1.04 1.06 1.06 1.02 1.05 1.03 1.03 1.02 1.06 1.06 
1.06 1.02 1.06 1.02 1.05 1.02 1.04 1.04 1.06 1.04 
1.05 1.04 1.01 1.02 1.04 1.01 1.05 1.01 1.03 1.03 
1.06 1.03 1.06 1.01 1.04 1.01 1.04 1.05 1.05 1.01 
1.03 1.01 1.05 1.05 1.05 1.05 1.02 1.05 1.03 1.06 
1.06 1.01 1.03 1.01 1.05 1.03 1.01 1.06 1.01 1.04 
1.06 1.01 1.05 1.01 1.06 1.06 1.03 1.01 1.06 1.04 
1.04 1.06 1.06 1.01 1.01 1.05 1.02 1.04 1.04 1.03 
1.03 1.02 1.05 1.01 1.05 1.06 1.03 1.02 1.02 1.02 
1.06 1.03 1.01 1.05 1.03 1.04 1.06 1.04 1.04 1.04 
1.01 1.05 1.05 1.06 1.01 1.01 1.05 1.03 1.06 1.06 
1.03 1.05 1.06 1.03 1.04 1.03 1.01 1.02 1.02 1.01 
1.04 1.06 1.01 1.06 1.06 1.02 1.02 1.05 1.01 1.06 
1.01 1.03 1.06 1.05 1.01 1.01 1.01 1.06 1.05 1.05 
1.03 1.02 1.06 1.01 1.02 1.05 1.04 1.05 1.01 1.05 
1.01 1.03 1.01 1.01 1.04 1.06 1.01 1.04 1.02 1.05 
1.04 1.01 1.03 1.02 1.04 1.05 1.02 1.02 1.02 1.03 
1.03 1.04 1.05 1.06 1.02 1.04 1.02 1.01 1.04 1.04 
1.01 1.04 1.02 1.02 1.05 1.03 1.02 1.06 1.03 1.03 
1.02 1.06 1.03 1.01 1.03 1.03 1.03 1.02 1.06 1.02 
1.04 1.01 1.04 1.02 1.03 1.05 1.04 1.02 1.02 1.02 
1.06 1.02 1.04 1.03 1.01 1.04 1.01 1.05 1.04 1.02 
1.06 1.03 1.01 1.03 1.02 1.03 1.03 1.02 1.05 1.03 
1.02 1.01 1.02 1.03 1.05 1.01 1.04 1.03 1.06 1.04 
1.02 1.05 1.02 1.05 1.05 1.06 1.02 1.05 1.01 1.04 
1.02 1.06 1.04 1.04 1.02 1.06 1.05 1.05 1.02 1.01 
1.06 1.01 1.03 1.01 1.02 1.02 1.05 1.01 1.03 1.01 
1.02 1.04 1.03 1.05 1.05 1.02 1.01 1.02 1.01 1.01 
1.05 1.03 1.05 1.01 1.04 1.01 1.01 1.02 1.03 1.02 
1.01 1.04 1.01 1.02 1.05 1.04 1.03 1.06 1.06 1.03 
1.01 1.05 1.04 1.05 1.03 1.02 1.06 1.03 1.04 1.04 
1.04 1.06 1.06 1.01 1.04 1.06 1.01 1.05 1.04 1.03 
1.01 1.04 1.02 1.05 1.02 1.01 1.02 1.04 1.01 1.04 
1.05 1.05 1.01 1.06 1.02 1.03 1.02 1.03 1.04 1.03 
1.01 1.04 1.03 1.02 1.04 1.01 1.01 1.05 1.06 1.03 
1.01 1.06 1.05 1.03 1.06 1.01 1.05 1.02 1.03 1.02 
1.06 1.01 1.03 1.04 1.04 1.03 1.02 1.06 1.05 1.02 
1.01 1.02 1.04 1.03 1.06 1.06 1.03 1.06 1.01 1.05 
1.01 1.03 1.06 1.04 1.05 1.01 1.05 1.04 1.03 1.05 
1.02 1.02 1.05 1.06 1.06 1.03 1.03 1.06 1.06 1.06 
1.06 1.05 1.03 1.03 1.03 1.03 1.03 1.06 1.04 1.02 
1.05 1.06 1.02 1.06 1.01 1.06 1.05 1.01 1.02 1.06 
1.05 1.03 1.01 1.03 1.02 1.02 1.01 1.06 1.05 1.02 
1.06 1.05 1.04 1.05 1.02 1.06 1.05 1.01 1.03 1.06 
1.05 1.02 1.03 1.06 1.05 1.01 1.04 1.03 1.04 1.03 
1.06 1.01 1.03 1.03 1.04 1.05 1.03 1.04 1.04 1.01 
1.02 1.05 1.02 1.02 1.05 1.03 1.06 1.05 1.06 1.03 
1.03 1.02 1.03 1.05 1.05 1.05 1.04 1.03 1.05 1.01 
1.02 1.01 1.05 1.05 1.01 1.05 1.06 1.05 1.01 1.01 
1.06 1.04 1.02 1.02 1.02 1.06 1.03 1.02 1.01 1.06 
1.02 1.02 1.02 1.02 1.04 1.04 1.02 1.01 1.03 1.03 
1.02 1.01 1.03 1.06 1.02 1.02 1.06 1.04 1.02 1.05 
1.02 1.01 1.02 1.05 1.05 1.05 1.02 1.03 1.05 1.05 
1.03 1.03 1.01 1.03 1.06 1.06 1.04 1.04 1.01 1.04 
1.02 1.06 1.04 1.05 1.04 1.02 1.02 1.04 1.04 1.04 
1.02 1.04 1.02 1.05 1.02 1.04 1.02 1.03 1.04 1.02 
1.01 1.06 1.02 1.01 1.06 1.03 1.03 1.06 1.06 1.04 
1.05 1.06 1.05 1.01 1.06 1.03 1.05 1.06 1.01 1.03 
1.03 1.06 1.05 1.06 1.06 1.01 1.02 1.03 1.06 1.01 
1.01 1.03 1.02 1.03 1.04 1.03 1.04 1.03 1.02 1.06 
1.04 1.03 1.04 1.04 1.06 1.04 1.03 1.01 1.03 1.05 
1.05 1.04 1.03 1.06 1.04 1.06 1.05 1.06 1.01 1.01 
1.05 1.04 1.02 1.04 1.06 1.05 1.06 1.05 1.05 1.01 
1.02 1.06 1.04 1.01 1.06 1.04 1.02 1.04 1.03 1.01 
1.02 1.03 1.04 1.05 1.01 1.03 1.03 1.06 1.01 1.04 
1.01 1.06 1.05 1.05 1.01 1.03 1.03 1.06 1.03 1.04 
1.01 1.06 1.05 1.05 1.01 1.03 1.05 1.01 1.02 1.06 
1.04 1.01 1.04 1.01 1.04 1.03 1.04 1.06 1.01 1.01 
1.02 1.03 1.04 1.06 1.02 1.01 1.03 1.04 1.02 1.03 
1.02 1.06 1.02 1.04 1.04 1.03 1.06 1.03 1.03 1.02 
