10
100
95 22 12 38 46 29 37 98 67 84 52 27 33 50 57 45 98 79 55 15 80 92 79 52 89 87 68 8 85 31 57 65 96 19 26 25 80 77 87 9 27 24 25 51 91 38 87 59 33 20 72 91 49 95 49 13 29 61 6 85 36 10 76 87 8 23 46 90 21 4 92 6 60 1 39 52 1 59 38 63 72 16 96 72 90 17 39 33 6 2 68 83 21 67 28 27 24 9 35 66 
3 3 3 1 3 2 2 1 3 2 
1.05 1.04 1.05 1.02 1.03 1.05 1.03 1.05 1.05 1.05 
1.04 1.01 1.04 1.05 1.01 1.03 1.01 1.04 1.01 1.06 
1.05 1.01 1.02 1.03 1.02 1.06 1.05 1.04 1.05 1.02 
1.04 1.05 1.02 1.03 1.02 1.03 1.04 1.02 1.05 1.05 
1.04 1.05 1.04 1.05 1.06 1.06 1.01 1.02 1.05 1.05 
1.05 1.02 1.06 1.04 1.01 1.04 1.05 1.01 1.04 1.02 
1.04 1.06 1.02 1.05 1.03 1.06 1.05 1.03 1.01 1.03 
1.03 1.04 1.04 1.02 1.03 1.03 1.02 1.06 1.03 1.02 
1.06 1.01 1.06 1.02 1.03 1.02 1.04 1.01 1.06 1.05 
1.01 1.05 1.02 1.05 1.02 1.03 1.05 1.04 1.03 1.05 
1.06 1.01 1.01 1.06 1.04 1.01 1.05 1.06 1.02 1.02 
1.02 1.03 1.02 1.05 1.01 1.04 1.01 1.04 1.05 1.02 
1.01 1.02 1.03 1.02 1.03 1.02 1.01 1.01 1.04 1.05 
1.03 1.05 1.01 1.04 1.03 1.05 1.04 1.01 1.03 1.06 
1.05 1.04 1.04 1.01 1.02 1.02 1.01 1.06 1.04 1.03 
1.03 1.05 1.04 1.05 1.06 1.04 1.03 1.02 1.02 1.03 
1.04 1.03 1.04 1.03 1.03 1.05 1.02 1.05 1.02 1.05 
1.06 1.04 1.02 1.03 1.06 1.02 1.01 1.05 1.03 1.04 
1.06 1.03 1.05 1.04 1.01 1.02 1.01 1.05 1.03 1.01 
1.01 1.04 1.01 1.03 1.06 1.03 1.03 1.05 1.05 1.04 
1.01 1.05 1.04 1.06 1.01 1.05 1.01 1.06 1.03 1.04 
1.06 1.02 1.02 1.03 1.03 1.02 1.02 1.02 1.05 1.04 
1.03 1.04 1.01 1.05 1.04 1.06 1.05 1.03 1.02 1.03 
1.05 1.01 1.05 1.06 1.06 1.02 1.04 1.03 1.03 1.03 
1.06 1.04 1.04 1.04 1.02 1.04 1.05 1.04 1.01 1.04 
1.04 1.03 1.06 1.05 1.01 1.04 1.04 1.02 1.06 1.04 
1.05 1.06 1.04 1.02 1.05 1.04 1.04 1.04 1.06 1.04 
1.03 1.05 1.06 1.02 1.01 1.02 1.02 1.05 1.02 1.04 
1.04 1.01 1.06 1.04 1.02 1.01 1.01 1.02 1.03 1.03 
1.06 1.04 1.05 1.06 1.04 1.04 1.01 1.02 1.05 1.04 
1.03 1.01 1.01 1.03 1.04 1.01 1.02 1.01 1.02 1.05 
1.05 1.03 1.06 1.04 1.02 1.01 1.01 1.04 1.05 1.03 
1.03 1.04 1.01 1.04 1.01 1.04 1.03 1.02 1.01 1.02 
1.02 1.06 1.03 1.05 1.06 1.01 1.03 1.02 1.02 1.05 
1.03 1.05 1.05 1.01 1.02 1.05 1.05 1.02 1.02 1.01 
1.06 1.03 1.06 1.01 1.04 1.05 1.02 1.03 1.05 1.04 
1.04 1.03 1.01 1.06 1.03 1.06 1.03 1.01 1.05 1.02 
1.05 1.02 1.02 1.02 1.05 1.02 1.02 1.05 1.04 1.05 
1.03 1.03 1.01 1.04 1.05 1.01 1.02 1.05 1.03 1.02 
1.04 1.06 1.02 1.04 1.03 1.02 1.05 1.03 1.06 1.01 
1.02 1.04 1.02 1.02 1.05 1.01 1.01 1.06 1.06 1.04 
1.01 1.05 1.04 1.01 1.05 1.02 1.05 1.01 1.06 1.06 
1.06 1.05 1.02 1.04 1.01 1.04 1.04 1.04 1.06 1.05 
1.04 1.01 1.04 1.02 1.06 1.03 1.06 1.03 1.01 1.05 
1.03 1.03 1.05 1.02 1.02 1.06 1.03 1.03 1.02 1.06 
1.02 1.04 1.01 1.06 1.01 1.06 1.06 1.02 1.05 1.05 
1.06 1.05 1.02 1.03 1.04 1.01 1.05 1.05 1.05 1.06 
1.02 1.05 1.01 1.06 1.05 1.01 1.05 1.04 1.03 1.03 
1.04 1.03 1.02 1.03 1.01 1.03 1.03 1.05 1.05 1.02 
1.01 1.05 1.01 1.04 1.06 1.01 1.03 1.03 1.06 1.06 
1.01 1.05 1.01 1.03 1.06 1.02 1.01 1.05 1.03 1.04 
1.05 1.01 1.03 1.05 1.03 1.02 1.04 1.02 1.01 1.02 
1.02 1.03 1.02 1.04 1.06 1.01 1.05 1.04 1.04 1.04 
1.06 1.03 1.05 1.03 1.05 1.03 1.01 1.02 1.04 1.06 
1.05 1.06 1.06 1.01 1.04 1.03 1.06 1.06 1.02 1.04 
1.04 1.05 1.04 1.05 1.05 1.06 1.03 1.05 1.03 1.04 
1.04 1.03 1.01 1.02 1.01 1.03 1.06 1.02 1.04 1.02 
1.04 1.02 1.01 1.01 1.03 1.02 1.05 1.05 1.06 1.05 
1.04 1.03 1.03 1.03 1.05 1.02 1.03 1.03 1.02 1.01 
1.05 1.03 1.02 1.05 1.04 1.06 1.01 1.06 1.06 1.03 
1.01 1.01 1.03 1.02 1.02 1.03 1.06 1.05 1.04 1.04 
1.03 1.02 1.03 1.04 1.06 1.04 1.02 1.01 1.06 1.05 
1.02 1.04 1.02 1.01 1.03 1.06 1.01 1.05 1.03 1.01 
1.05 1.04 1.03 1.03 1.04 1.05 1.06 1.05 1.02 1.06 
1.04 1.05 1.04 1.01 1.01 1.05 1.02 1.04 1.01 1.03 
1.03 1.04 1.04 1.02 1.02 1.06 1.06 1.04 1.03 1.02 
1.01 1.05 1.01 1.05 1.06 1.01 1.05 1.01 1.01 1.02 
1.02 1.01 1.05 1.03 1.05 1.06 1.03 1.02 1.03 1.05 
1.06 1.04 1.01 1.03 1.06 1.06 1.06 1.06 1.06 1.06 
1.03 1.03 1.06 1.06 1.06 1.04 1.05 1.01 1.02 1.01 
1.02 1.04 1.04 1.04 1.04 1.03 1.03 1.01 1.04 1.04 
1.05 1.03 1.02 1.02 1.04 1.04 1.04 1.05 1.03 1.05 
1.01 1.02 1.01 1.04 1.03 1.03 1.04 1.01 1.02 1.02 
1.05 1.03 1.03 1.06 1.05 1.01 1.01 1.04 1.01 1.06 
1.01 1.02 1.06 1.03 1.01 1.04 1.05 1.01 1.06 1.06 
1.01 1.01 1.03 1.05 1.02 1.02 1.02 1.06 1.01 1.05 
1.05 1.01 1.03 1.05 1.05 1.02 1.02 1.05 1.04 1.01 
1.01 1.02 1.06 1.02 1.03 1.03 1.06 1.01 1.02 1.02 
1.02 1.04 1.02 1.05 1.06 1.05 1.06 1.03 1.05 1.05 
1.05 1.02 1.01 1.05 1.01 1.05 1.04 1.01 1.05 1.04 
1.04 1.05 1.04 1.05 1.04 1.06 1.02 1.04 1.05 1.03 
1.04 1.01 1.03 1.04 1.02 1.05 1.05 1.02 1.04 1.04 
1.03 1.03 1.03 1.02 1.04 1.01 1.02 1.05 1.06 1.01 
1.02 1.04 1.05 1.03 1.06 1.04 1.05 1.05 1.05 1.05 
1.04 1.05 1.06 1.02 1.02 1.05 1.05 1.04 1.05 1.05 
1.03 1.02 1.06 1.05 1.04 1.01 1.06 1.06 1.06 1.05 
1.02 1.03 1.02 1.05 1.06 1.01 1.04 1.06 1.05 1.03 
1.05 1.04 1.06 1.06 1.04 1.03 1.01 1.06 1.01 1.03 
1.02 1.05 1.01 1.01 1.06 1.01 1.05 1.01 1.02 1.01 
1.03 1.03 1.02 1.02 1.06 1.01 1.03 1.04 1.05 1.05 
1.03 1.01 1.01 1.03 1.05 1.01 1.01 1.04 1.06 1.06 
1.02 1.02 1.04 1.06 1.05 1.01 1.02 1.03 1.04 1.06 
1.03 1.02 1.04 1.03 1.06 1.03 1.05 1.06 1.06 1.05 
1.05 1.05 1.05 1.04 1.03 1.06 1.01 1.03 1.01 1.02 
1.01 1.01 1.04 1.05 1.01 1.02 1.04 1.02 1.06 1.02 
1.05 1.04 1.06 1.04 1.04 1.04 1.05 1.01 1.06 1.02 
1.06 1.01 1.01 1.06 1.03 1.03 1.04 1.03 1.01 1.04 
1.01 1.01 1.05 1.06 1.05 1.03 1.02 1.06 1.02 1.02 
1.05 1.04 1.01 1.05 1.02 1.06 1.05 1.02 1.05 1.06 
1.03 1.05 1.03 1.03 1.04 1.04 1.04 1.01 1.01 1.01 
