10
200
65 31 64 23 97 54 1 71 79 52 81 70 49 80 100 28 85 6 81 74 12 7 6 41 66 25 25 44 30 30 69 62 72 62 56 88 21 79 16 78 95 49 51 79 6 71 68 82 30 40 90 48 30 5 91 76 36 49 25 68 18 54 92 76 33 24 76 32 44 52 40 74 42 75 68 2 56 31 82 94 49 8 99 80 95 42 21 14 3 79 20 80 83 88 57 52 67 49 25 19 69 60 30 78 50 66 74 55 2 36 77 84 37 11 97 32 75 3 68 1 85 37 97 46 17 51 98 18 84 8 42 45 33 20 37 58 69 1 32 20 57 19 14 24 80 57 83 66 10 96 33 32 59 87 20 33 80 52 74 86 6 82 83 38 76 100 41 33 100 96 75 46 97 100 87 62 12 97 65 76 7 88 6 15 21 70 66 4 3 94 42 49 14 54 48 58 42 95 18 41 
3 1 2 1 3 1 1 1 1 1 
1.04 1.05 1.03 1.04 1.06 1.06 1.06 1.03 1.02 1.03 
1.01 1.06 1.04 1.05 1.04 1.03 1.02 1.05 1.01 1.03 
1.03 1.05 1.05 1.05 1.03 1.01 1.06 1.03 1.04 1.05 
1.03 1.01 1.03 1.03 1.06 1.05 1.04 1.01 1.06 1.06 
1.06 1.01 1.02 1.04 1.02 1.05 1.05 1.01 1.06 1.04 
1.02 1.05 1.05 1.01 1.01 1.03 1.05 1.01 1.06 1.03 
1.01 1.05 1.01 1.06 1.06 1.06 1.06 1.04 1.02 1.06 
1.01 1.04 1.02 1.06 1.04 1.03 1.06 1.03 1.01 1.05 
1.04 1.03 1.05 1.03 1.03 1.05 1.04 1.03 1.02 1.01 
1.05 1.01 1.03 1.03 1.02 1.03 1.04 1.05 1.03 1.01 
1.05 1.03 1.02 1.03 1.03 1.06 1.01 1.05 1.04 1.02 
1.06 1.01 1.03 1.02 1.04 1.04 1.06 1.04 1.06 1.05 
1.01 1.03 1.05 1.04 1.03 1.04 1.06 1.02 1.01 1.06 
1.04 1.01 1.01 1.06 1.05 1.03 1.06 1.05 1.04 1.06 
1.04 1.04 1.01 1.03 1.06 1.01 1.02 1.03 1.06 1.06 
1.03 1.04 1.06 1.05 1.04 1.06 1.03 1.06 1.01 1.05 
1.03 1.05 1.03 1.02 1.05 1.05 1.02 1.02 1.04 1.05 
1.02 1.05 1.04 1.05 1.02 1.04 1.05 1.04 1.04 1.01 
1.05 1.06 1.03 1.06 1.02 1.03 1.02 1.05 1.03 1.03 
1.05 1.03 1.04 1.02 1.02 1.01 1.04 1.03 1.04 1.04 
1.04 1.06 1.01 1.01 1.04 1.05 1.03 1.05 1.05 1.03 
1.04 1.03 1.02 1.04 1.03 1.02 1.02 1.01 1.04 1.04 
1.02 1.05 1.06 1.02 1.01 1.02 1.02 1.04 1.03 1.04 
1.01 1.04 1.04 1.02 1.05 1.01 1.04 1.06 1.04 1.05 
1.01 1.04 1.06 1.01 1.06 1.01 1.04 1.03 1.04 1.03 
1.04 1.01 1.03 1.02 1.03 1.03 1.06 1.01 1.02 1.04 
1.04 1.02 1.05 1.02 1.02 1.05 1.02 1.06 1.06 1.05 
1.04 1.03 1.03 1.04 1.05 1.02 1.01 1.03 1.05 1.06 
1.05 1.04 1.02 1.05 1.03 1.05 1.05 1.01 1.01 1.01 
1.04 1.02 1.03 1.01 1.01 1.05 1.01 1.04 1.04 1.02 
1.02 1.04 1.02 1.05 1.02 1.01 1.03 1.03 1.04 1.02 
1.02 1.06 1.02 1.04 1.01 1.05 1.02 1.04 1.01 1.01 
1.03 1.03 1.02 1.06 1.04 1.01 1.05 1.04 1.06 1.01 
1.06 1.01 1.02 1.02 1.02 1.05 1.06 1.03 1.06 1.03 
1.06 1.02 1.04 1.04 1.05 1.01 1.06 1.04 1.01 1.01 
1.01 1.06 1.01 1.01 1.04 1.05 1.03 1.06 1.02 1.01 
1.03 1.02 1.01 1.06 1.03 1.01 1.02 1.06 1.02 1.04 
1.02 1.04 1.03 1.01 1.03 1.03 1.04 1.05 1.05 1.03 
1.01 1.02 1.02 1.05 1.01 1.01 1.02 1.05 1.06 1.02 
1.04 1.02 1.05 1.05 1.01 1.01 1.04 1.02 1.01 1.04 
1.05 1.06 1.02 1.04 1.06 1.02 1.05 1.05 1.06 1.04 
1.02 1.06 1.04 1.03 1.06 1.03 1.02 1.01 1.02 1.03 
1.06 1.04 1.03 1.05 1.03 1.06 1.02 1.05 1.06 1.05 
1.01 1.04 1.05 1.05 1.01 1.05 1.06 1.03 1.05 1.03 
1.06 1.06 1.06 1.06 1.02 1.04 1.03 1.03 1.01 1.01 
1.04 1.05 1.04 1.06 1.04 1.06 1.01 1.05 1.05 1.01 
1.05 1.04 1.02 1.05 1.05 1.01 1.01 1.05 1.01 1.04 
1.01 1.04 1.01 1.05 1.03 1.03 1.02 1.05 1.06 1.03 
1.06 1.06 1.04 1.04 1.05 1.05 1.01 1.02 1.06 1.02 
1.06 1.06 1.03 1.06 1.03 1.05 1.05 1.06 1.04 1.05 
1.05 1.02 1.03 1.01 1.05 1.01 1.01 1.04 1.03 1.04 
1.01 1.04 1.06 1.01 1.06 1.03 1.03 1.03 1.05 1.04 
1.05 1.04 1.01 1.05 1.01 1.03 1.02 1.06 1.04 1.06 
1.06 1.03 1.03 1.03 1.01 1.03 1.02 1.01 1.04 1.01 
1.04 1.03 1.02 1.02 1.02 1.04 1.04 1.03 1.05 1.01 
1.06 1.04 1.04 1.05 1.03 1.04 1.04 1.02 1.03 1.03 
1.03 1.06 1.06 1.02 1.04 1.02 1.06 1.05 1.04 1.03 
1.03 1.01 1.01 1.06 1.05 1.01 1.06 1.06 1.05 1.03 
1.03 1.04 1.04 1.01 1.03 1.03 1.02 1.06 1.06 1.05 
1.01 1.02 1.01 1.02 1.02 1.02 1.03 1.06 1.05 1.02 
1.03 1.04 1.05 1.03 1.06 1.06 1.03 1.04 1.06 1.05 
1.04 1.01 1.01 1.06 1.06 1.05 1.01 1.06 1.03 1.04 
1.06 1.01 1.03 1.04 1.04 1.02 1.04 1.05 1.05 1.05 
1.04 1.06 1.05 1.05 1.04 1.02 1.01 1.03 1.05 1.04 
1.03 1.05 1.01 1.04 1.01 1.06 1.04 1.02 1.03 1.06 
1.02 1.01 1.03 1.06 1.06 1.02 1.02 1.02 1.01 1.04 
1.04 1.02 1.05 1.02 1.02 1.02 1.02 1.05 1.04 1.01 
1.01 1.01 1.04 1.06 1.06 1.04 1.06 1.06 1.04 1.06 
1.02 1.03 1.05 1.03 1.05 1.02 1.02 1.05 1.04 1.04 
1.04 1.06 1.04 1.01 1.06 1.04 1.04 1.03 1.05 1.06 
1.05 1.04 1.01 1.06 1.06 1.06 1.06 1.02 1.04 1.02 
1.05 1.01 1.01 1.05 1.03 1.02 1.03 1.05 1.01 1.06 
1.03 1.04 1.03 1.05 1.04 1.01 1.06 1.06 1.05 1.05 
1.04 1.06 1.06 1.02 1.01 1.03 1.02 1.03 1.03 1.04 
1.03 1.03 1.01 1.02 1.02 1.04 1.06 1.02 1.04 1.01 
1.03 1.04 1.04 1.06 1.06 1.01 1.01 1.04 1.04 1.05 
1.03 1.03 1.05 1.02 1.05 1.02 1.06 1.04 1.06 1.06 
1.03 1.01 1.04 1.01 1.06 1.05 1.03 1.06 1.06 1.05 
1.04 1.01 1.02 1.04 1.01 1.05 1.02 1.01 1.03 1.01 
1.06 1.04 1.02 1.05 1.02 1.03 1.06 1.03 1.02 1.02 
1.02 1.05 1.03 1.04 1.06 1.02 1.05 1.01 1.03 1.02 
1.02 1.06 1.06 1.04 1.05 1.03 1.03 1.05 1.01 1.05 
1.05 1.01 1.02 1.05 1.06 1.04 1.06 1.02 1.06 1.03 
1.01 1.04 1.03 1.01 1.01 1.06 1.01 1.02 1.06 1.05 
1.01 1.02 1.04 1.06 1.01 1.02 1.06 1.01 1.01 1.02 
1.01 1.02 1.06 1.01 1.06 1.02 1.06 1.02 1.06 1.02 
1.04 1.01 1.03 1.01 1.06 1.01 1.01 1.04 1.04 1.05 
1.02 1.05 1.01 1.03 1.06 1.05 1.01 1.04 1.01 1.01 
1.03 1.02 1.02 1.03 1.04 1.06 1.05 1.02 1.05 1.01 
1.06 1.02 1.05 1.05 1.04 1.02 1.01 1.03 1.04 1.02 
1.02 1.04 1.01 1.05 1.04 1.04 1.03 1.02 1.03 1.04 
1.02 1.01 1.03 1.01 1.03 1.01 1.04 1.02 1.05 1.03 
1.02 1.03 1.04 1.05 1.01 1.03 1.05 1.05 1.03 1.03 
1.06 1.03 1.05 1.06 1.05 1.01 1.01 1.04 1.02 1.03 
1.05 1.02 1.02 1.01 1.04 1.01 1.05 1.03 1.04 1.04 
1.06 1.04 1.01 1.06 1.04 1.04 1.04 1.05 1.01 1.02 
1.01 1.05 1.02 1.02 1.01 1.01 1.01 1.03 1.06 1.04 
1.01 1.02 1.01 1.06 1.02 1.04 1.01 1.02 1.06 1.04 
1.05 1.06 1.03 1.05 1.06 1.06 1.02 1.01 1.03 1.03 
1.01 1.02 1.01 1.03 1.06 1.06 1.01 1.06 1.05 1.02 
1.02 1.02 1.02 1.03 1.05 1.06 1.02 1.01 1.05 1.06 
1.06 1.03 1.02 1.06 1.02 1.04 1.02 1.02 1.02 1.01 
1.01 1.03 1.05 1.05 1.02 1.06 1.02 1.02 1.02 1.05 
1.04 1.03 1.02 1.03 1.03 1.01 1.06 1.05 1.04 1.04 
1.02 1.01 1.03 1.06 1.03 1.02 1.06 1.04 1.04 1.06 
1.06 1.01 1.03 1.06 1.05 1.06 1.04 1.02 1.03 1.01 
1.05 1.06 1.02 1.02 1.06 1.04 1.04 1.02 1.04 1.03 
1.04 1.03 1.04 1.02 1.04 1.06 1.01 1.02 1.02 1.06 
1.06 1.03 1.02 1.02 1.04 1.02 1.04 1.02 1.04 1.05 
1.05 1.02 1.03 1.01 1.05 1.04 1.04 1.03 1.03 1.03 
1.05 1.01 1.03 1.01 1.03 1.01 1.06 1.02 1.03 1.06 
1.01 1.04 1.05 1.04 1.06 1.05 1.06 1.06 1.04 1.02 
1.03 1.01 1.04 1.02 1.02 1.02 1.04 1.05 1.01 1.03 
1.02 1.06 1.04 1.06 1.03 1.06 1.06 1.04 1.04 1.03 
1.03 1.06 1.01 1.02 1.02 1.03 1.04 1.05 1.03 1.03 
1.03 1.01 1.03 1.02 1.03 1.02 1.06 1.04 1.03 1.01 
1.04 1.04 1.05 1.04 1.02 1.04 1.06 1.01 1.03 1.03 
1.05 1.06 1.04 1.02 1.02 1.01 1.01 1.02 1.02 1.01 
1.06 1.03 1.04 1.05 1.05 1.06 1.01 1.06 1.06 1.01 
1.04 1.05 1.02 1.04 1.06 1.06 1.05 1.01 1.01 1.01 
1.02 1.06 1.02 1.02 1.03 1.04 1.06 1.01 1.03 1.05 
1.04 1.06 1.02 1.06 1.01 1.05 1.02 1.05 1.05 1.05 
1.01 1.02 1.02 1.06 1.06 1.04 1.05 1.01 1.02 1.01 
1.06 1.03 1.01 1.01 1.06 1.06 1.06 1.03 1.02 1.05 
1.05 1.06 1.03 1.02 1.01 1.06 1.06 1.05 1.04 1.05 
1.03 1.04 1.02 1.05 1.01 1.04 1.02 1.02 1.01 1.06 
1.06 1.04 1.04 1.02 1.03 1.06 1.06 1.06 1.06 1.03 
1.01 1.02 1.05 1.06 1.06 1.02 1.01 1.01 1.04 1.06 
1.03 1.06 1.05 1.02 1.05 1.01 1.01 1.02 1.02 1.05 
1.05 1.02 1.03 1.05 1.06 1.03 1.06 1.02 1.01 1.03 
1.03 1.06 1.04 1.03 1.06 1.03 1.02 1.02 1.01 1.02 
1.06 1.04 1.01 1.06 1.03 1.02 1.04 1.04 1.01 1.04 
1.01 1.05 1.05 1.04 1.02 1.01 1.01 1.01 1.04 1.01 
1.03 1.01 1.04 1.06 1.01 1.01 1.05 1.02 1.01 1.02 
1.01 1.01 1.06 1.02 1.05 1.06 1.03 1.03 1.03 1.04 
1.01 1.04 1.04 1.05 1.05 1.04 1.03 1.06 1.03 1.06 
1.05 1.03 1.06 1.01 1.02 1.01 1.05 1.01 1.04 1.05 
1.05 1.03 1.01 1.03 1.04 1.01 1.03 1.02 1.02 1.04 
1.04 1.02 1.06 1.01 1.03 1.05 1.06 1.01 1.05 1.05 
1.06 1.05 1.02 1.04 1.04 1.05 1.03 1.03 1.06 1.02 
1.03 1.01 1.05 1.02 1.03 1.02 1.02 1.06 1.01 1.06 
1.04 1.03 1.01 1.01 1.04 1.04 1.03 1.03 1.06 1.01 
1.05 1.04 1.06 1.05 1.02 1.06 1.06 1.06 1.02 1.06 
1.04 1.04 1.05 1.02 1.03 1.03 1.02 1.01 1.05 1.06 
1.04 1.02 1.03 1.01 1.03 1.05 1.05 1.06 1.03 1.03 
1.01 1.02 1.01 1.05 1.05 1.01 1.01 1.01 1.05 1.03 
1.03 1.03 1.02 1.06 1.03 1.04 1.01 1.01 1.05 1.02 
1.05 1.01 1.04 1.04 1.03 1.05 1.05 1.05 1.02 1.02 
1.05 1.03 1.05 1.01 1.06 1.06 1.05 1.02 1.04 1.03 
1.01 1.04 1.01 1.04 1.04 1.05 1.06 1.02 1.06 1.04 
1.06 1.06 1.04 1.06 1.04 1.05 1.05 1.04 1.04 1.03 
1.05 1.02 1.04 1.04 1.01 1.03 1.03 1.01 1.02 1.01 
1.06 1.06 1.02 1.04 1.03 1.05 1.04 1.02 1.06 1.06 
1.01 1.05 1.04 1.03 1.03 1.06 1.03 1.02 1.02 1.01 
1.06 1.01 1.03 1.06 1.03 1.03 1.06 1.02 1.04 1.01 
1.01 1.01 1.01 1.02 1.04 1.01 1.01 1.02 1.02 1.02 
1.04 1.05 1.06 1.04 1.06 1.04 1.02 1.06 1.01 1.03 
1.01 1.01 1.03 1.03 1.06 1.01 1.06 1.02 1.04 1.04 
1.05 1.04 1.03 1.01 1.02 1.04 1.06 1.06 1.02 1.05 
1.05 1.02 1.03 1.06 1.03 1.06 1.06 1.03 1.06 1.03 
1.03 1.01 1.01 1.01 1.02 1.03 1.06 1.05 1.05 1.02 
1.05 1.02 1.04 1.01 1.04 1.02 1.03 1.06 1.01 1.01 
1.01 1.02 1.04 1.05 1.03 1.01 1.02 1.06 1.03 1.01 
1.01 1.06 1.06 1.02 1.05 1.02 1.04 1.03 1.02 1.01 
1.03 1.03 1.05 1.02 1.02 1.05 1.02 1.06 1.03 1.02 
1.03 1.01 1.04 1.05 1.05 1.05 1.01 1.03 1.03 1.06 
1.05 1.04 1.03 1.06 1.03 1.02 1.06 1.01 1.06 1.01 
1.02 1.02 1.03 1.01 1.01 1.03 1.05 1.02 1.04 1.02 
1.05 1.06 1.02 1.05 1.06 1.02 1.06 1.03 1.05 1.01 
1.03 1.03 1.01 1.06 1.05 1.06 1.02 1.05 1.01 1.06 
1.03 1.01 1.02 1.01 1.04 1.04 1.04 1.02 1.03 1.02 
1.04 1.01 1.05 1.02 1.04 1.06 1.06 1.06 1.05 1.03 
1.06 1.04 1.03 1.05 1.02 1.03 1.01 1.03 1.01 1.03 
1.03 1.04 1.01 1.02 1.03 1.05 1.05 1.06 1.02 1.02 
1.03 1.05 1.06 1.02 1.06 1.06 1.05 1.01 1.04 1.05 
1.05 1.05 1.01 1.03 1.03 1.05 1.06 1.03 1.02 1.05 
1.01 1.06 1.02 1.04 1.06 1.04 1.05 1.04 1.06 1.02 
1.05 1.06 1.05 1.03 1.03 1.06 1.01 1.06 1.04 1.02 
1.01 1.02 1.05 1.04 1.06 1.04 1.03 1.05 1.06 1.04 
1.06 1.01 1.05 1.05 1.02 1.01 1.01 1.03 1.04 1.01 
1.05 1.04 1.05 1.01 1.06 1.05 1.01 1.01 1.02 1.01 
1.06 1.06 1.03 1.04 1.01 1.05 1.03 1.04 1.02 1.06 
1.03 1.04 1.01 1.04 1.04 1.02 1.06 1.06 1.01 1.03 
1.03 1.02 1.05 1.03 1.03 1.04 1.05 1.02 1.04 1.02 
1.01 1.05 1.05 1.02 1.01 1.01 1.03 1.05 1.05 1.03 
1.04 1.05 1.01 1.02 1.02 1.05 1.06 1.06 1.06 1.06 
1.02 1.02 1.04 1.03 1.03 1.02 1.03 1.05 1.06 1.06 
1.05 1.03 1.03 1.02 1.03 1.05 1.06 1.03 1.01 1.01 
1.01 1.01 1.01 1.01 1.06 1.04 1.05 1.01 1.01 1.04 
1.02 1.06 1.05 1.04 1.06 1.03 1.05 1.01 1.01 1.03 
1.04 1.04 1.04 1.05 1.04 1.02 1.01 1.03 1.06 1.01 
1.02 1.03 1.02 1.06 1.06 1.03 1.03 1.02 1.04 1.05 
1.05 1.06 1.01 1.02 1.01 1.05 1.03 1.05 1.02 1.06 
1.02 1.02 1.04 1.02 1.02 1.06 1.04 1.03 1.01 1.04 
1.05 1.04 1.06 1.05 1.05 1.04 1.01 1.04 1.05 1.04 
1.02 1.04 1.04 1.02 1.05 1.05 1.06 1.02 1.03 1.02 
1.05 1.01 1.04 1.04 1.05 1.06 1.01 1.03 1.05 1.01 
1.05 1.02 1.06 1.04 1.03 1.03 1.04 1.03 1.06 1.01 
1.05 1.06 1.01 1.04 1.04 1.01 1.01 1.01 1.02 1.01 
1.03 1.01 1.02 1.06 1.06 1.06 1.03 1.04 1.01 1.01 
