10
100
9 73 68 25 7 57 17 25 61 80 6 13 50 39 34 73 51 20 67 29 67 20 37 21 70 57 75 86 67 34 64 5 50 63 28 20 13 80 77 19 15 24 72 73 79 61 51 74 26 17 82 35 59 92 60 92 90 37 69 14 99 63 22 17 96 33 21 95 22 27 41 30 19 94 24 46 48 69 15 99 78 42 65 38 22 45 32 77 57 12 93 56 15 42 6 5 8 67 93 67 
3 1 3 2 2 1 3 3 2 3 
1.01 1.01 1.01 1.06 1.06 1.01 1.05 1.05 1.01 1.02 
1.06 1.04 1.02 1.04 1.04 1.04 1.01 1.02 1.04 1.01 
1.05 1.06 1.05 1.03 1.04 1.03 1.03 1.05 1.02 1.04 
1.05 1.04 1.03 1.03 1.05 1.01 1.05 1.03 1.04 1.06 
1.06 1.02 1.06 1.06 1.05 1.06 1.05 1.04 1.03 1.03 
1.06 1.01 1.05 1.05 1.01 1.02 1.03 1.01 1.06 1.05 
1.05 1.05 1.06 1.06 1.01 1.01 1.01 1.06 1.02 1.01 
1.01 1.06 1.06 1.02 1.03 1.01 1.02 1.05 1.04 1.05 
1.02 1.01 1.06 1.06 1.04 1.04 1.04 1.05 1.01 1.02 
1.03 1.02 1.06 1.05 1.06 1.04 1.06 1.02 1.02 1.03 
1.01 1.02 1.05 1.03 1.03 1.01 1.06 1.06 1.03 1.04 
1.06 1.06 1.05 1.05 1.03 1.02 1.04 1.05 1.04 1.04 
1.05 1.06 1.05 1.01 1.03 1.06 1.01 1.06 1.04 1.01 
1.02 1.05 1.05 1.05 1.01 1.02 1.01 1.02 1.02 1.06 
1.01 1.04 1.06 1.01 1.04 1.01 1.03 1.06 1.03 1.05 
1.05 1.06 1.03 1.06 1.03 1.01 1.03 1.05 1.02 1.01 
1.03 1.05 1.02 1.02 1.03 1.05 1.06 1.01 1.04 1.06 
1.03 1.01 1.02 1.06 1.02 1.05 1.03 1.02 1.02 1.01 
1.04 1.01 1.05 1.02 1.05 1.06 1.05 1.04 1.01 1.03 
1.01 1.01 1.06 1.05 1.01 1.04 1.01 1.04 1.02 1.05 
1.05 1.06 1.02 1.06 1.04 1.04 1.05 1.06 1.03 1.06 
1.01 1.01 1.05 1.05 1.02 1.06 1.06 1.02 1.05 1.05 
1.06 1.01 1.05 1.01 1.03 1.06 1.03 1.05 1.01 1.01 
1.03 1.03 1.02 1.06 1.03 1.06 1.02 1.06 1.01 1.01 
1.04 1.06 1.05 1.02 1.06 1.01 1.01 1.05 1.03 1.03 
1.01 1.06 1.03 1.04 1.03 1.01 1.02 1.05 1.01 1.01 
1.06 1.03 1.01 1.05 1.05 1.05 1.01 1.05 1.04 1.01 
1.03 1.06 1.05 1.04 1.04 1.03 1.02 1.02 1.05 1.05 
1.06 1.02 1.01 1.01 1.01 1.01 1.05 1.03 1.04 1.02 
1.02 1.05 1.04 1.05 1.06 1.01 1.01 1.01 1.05 1.06 
1.05 1.05 1.04 1.02 1.04 1.01 1.06 1.05 1.06 1.04 
1.05 1.06 1.03 1.03 1.02 1.06 1.01 1.01 1.04 1.01 
1.01 1.04 1.04 1.02 1.01 1.04 1.02 1.01 1.06 1.02 
1.03 1.05 1.01 1.05 1.04 1.02 1.05 1.04 1.04 1.04 
1.01 1.02 1.03 1.04 1.05 1.05 1.01 1.03 1.06 1.05 
1.03 1.05 1.04 1.02 1.06 1.02 1.06 1.03 1.01 1.01 
1.01 1.03 1.06 1.02 1.04 1.06 1.04 1.06 1.01 1.01 
1.06 1.01 1.06 1.02 1.03 1.03 1.04 1.02 1.04 1.06 
1.03 1.03 1.06 1.03 1.01 1.05 1.05 1.06 1.03 1.03 
1.03 1.03 1.06 1.05 1.03 1.06 1.05 1.06 1.04 1.03 
1.06 1.01 1.06 1.04 1.06 1.06 1.04 1.04 1.02 1.01 
1.01 1.01 1.02 1.02 1.02 1.01 1.06 1.06 1.03 1.04 
1.02 1.04 1.04 1.03 1.01 1.04 1.04 1.03 1.04 1.05 
1.01 1.03 1.01 1.06 1.02 1.03 1.06 1.03 1.03 1.03 
1.03 1.06 1.02 1.02 1.05 1.04 1.04 1.02 1.02 1.02 
1.02 1.06 1.02 1.03 1.05 1.02 1.03 1.06 1.05 1.02 
1.02 1.04 1.06 1.05 1.02 1.05 1.01 1.02 1.01 1.06 
1.06 1.01 1.02 1.06 1.02 1.02 1.03 1.01 1.06 1.06 
1.05 1.06 1.01 1.04 1.04 1.03 1.03 1.06 1.02 1.04 
1.06 1.05 1.01 1.03 1.02 1.01 1.03 1.02 1.04 1.03 
1.02 1.03 1.06 1.03 1.02 1.04 1.05 1.03 1.02 1.02 
1.04 1.03 1.05 1.03 1.03 1.06 1.06 1.01 1.03 1.01 
1.03 1.02 1.05 1.05 1.05 1.01 1.03 1.04 1.03 1.06 
1.01 1.04 1.05 1.02 1.02 1.05 1.05 1.02 1.03 1.04 
1.06 1.02 1.01 1.05 1.01 1.06 1.05 1.06 1.06 1.06 
1.03 1.01 1.04 1.03 1.06 1.06 1.01 1.03 1.03 1.05 
1.04 1.04 1.06 1.06 1.06 1.02 1.04 1.03 1.01 1.01 
1.01 1.04 1.06 1.01 1.06 1.02 1.05 1.01 1.01 1.03 
1.06 1.05 1.03 1.06 1.05 1.02 1.03 1.06 1.05 1.03 
1.04 1.03 1.04 1.04 1.01 1.01 1.03 1.05 1.05 1.03 
1.04 1.01 1.06 1.01 1.06 1.02 1.06 1.06 1.05 1.01 
1.06 1.01 1.04 1.03 1.06 1.06 1.01 1.02 1.02 1.03 
1.05 1.05 1.04 1.01 1.04 1.06 1.05 1.06 1.03 1.06 
1.02 1.05 1.05 1.05 1.06 1.05 1.01 1.03 1.04 1.05 
1.04 1.01 1.01 1.01 1.05 1.03 1.03 1.03 1.02 1.04 
1.03 1.05 1.02 1.05 1.03 1.05 1.02 1.03 1.06 1.02 
1.05 1.02 1.03 1.04 1.04 1.03 1.06 1.03 1.03 1.04 
1.04 1.01 1.01 1.06 1.06 1.04 1.04 1.02 1.03 1.02 
1.06 1.03 1.04 1.03 1.02 1.05 1.06 1.04 1.06 1.01 
1.04 1.05 1.02 1.04 1.03 1.04 1.03 1.04 1.03 1.06 
1.06 1.04 1.02 1.01 1.04 1.01 1.02 1.02 1.03 1.06 
1.06 1.01 1.02 1.04 1.05 1.05 1.01 1.02 1.04 1.04 
1.03 1.05 1.06 1.03 1.03 1.05 1.05 1.02 1.03 1.05 
1.01 1.06 1.01 1.05 1.05 1.05 1.05 1.03 1.03 1.01 
1.02 1.02 1.06 1.05 1.03 1.01 1.04 1.06 1.06 1.06 
1.06 1.03 1.02 1.02 1.01 1.04 1.05 1.04 1.01 1.04 
1.01 1.03 1.06 1.04 1.06 1.03 1.04 1.03 1.05 1.03 
1.01 1.02 1.04 1.01 1.01 1.01 1.02 1.03 1.06 1.04 
1.05 1.04 1.06 1.04 1.05 1.01 1.03 1.04 1.03 1.02 
1.01 1.03 1.03 1.01 1.05 1.06 1.01 1.04 1.05 1.03 
1.02 1.05 1.05 1.04 1.01 1.06 1.05 1.05 1.01 1.02 
1.02 1.06 1.05 1.02 1.04 1.04 1.06 1.01 1.02 1.04 
1.06 1.01 1.02 1.03 1.01 1.04 1.05 1.02 1.03 1.01 
1.01 1.03 1.02 1.02 1.03 1.01 1.05 1.04 1.06 1.01 
1.06 1.02 1.01 1.04 1.02 1.02 1.05 1.02 1.05 1.01 
1.03 1.05 1.03 1.02 1.05 1.05 1.02 1.03 1.03 1.02 
1.02 1.04 1.01 1.05 1.03 1.04 1.01 1.02 1.03 1.02 
1.04 1.04 1.03 1.06 1.05 1.06 1.02 1.03 1.04 1.01 
1.02 1.02 1.06 1.05 1.02 1.06 1.05 1.01 1.02 1.06 
1.06 1.04 1.04 1.04 1.05 1.01 1.04 1.01 1.05 1.01 
1.03 1.01 1.03 1.03 1.02 1.01 1.06 1.01 1.02 1.06 
1.04 1.05 1.02 1.01 1.03 1.05 1.05 1.02 1.02 1.02 
1.03 1.06 1.06 1.02 1.02 1.01 1.06 1.06 1.04 1.06 
1.06 1.02 1.03 1.03 1.01 1.06 1.06 1.03 1.05 1.01 
1.04 1.03 1.03 1.04 1.04 1.02 1.02 1.01 1.05 1.03 
1.05 1.02 1.03 1.02 1.05 1.01 1.04 1.02 1.06 1.02 
1.04 1.04 1.05 1.03 1.04 1.05 1.03 1.02 1.01 1.04 
1.05 1.01 1.06 1.06 1.06 1.01 1.04 1.04 1.04 1.03 
1.02 1.04 1.03 1.06 1.05 1.01 1.06 1.05 1.03 1.04 
1.04 1.04 1.03 1.01 1.01 1.02 1.03 1.04 1.06 1.01 
