10
100
73 12 80 50 64 48 21 1 86 95 68 67 94 75 90 2 85 35 3 59 60 39 95 2 63 44 86 51 17 43 4 70 2 53 16 75 31 51 78 77 85 14 74 72 5 5 27 41 46 82 77 15 72 95 63 3 20 46 84 71 43 31 52 94 47 8 41 19 91 33 63 80 42 61 76 69 95 72 40 22 4 67 45 37 13 49 46 27 30 28 9 20 11 87 89 84 54 21 45 69 
8 1 8 2 9 8 3 9 3 6 
1.02 1.02 1.02 1.02 1.04 1.05 1.05 1.01 1.01 1.06 
1.01 1.04 1.04 1.01 1.03 1.05 1.04 1.06 1.04 1.04 
1.02 1.02 1.01 1.02 1.02 1.04 1.05 1.04 1.01 1.06 
1.04 1.04 1.05 1.03 1.02 1.05 1.03 1.02 1.01 1.02 
1.04 1.04 1.02 1.03 1.05 1.03 1.04 1.06 1.01 1.06 
1.04 1.03 1.05 1.01 1.05 1.03 1.01 1.06 1.06 1.05 
1.02 1.01 1.02 1.02 1.05 1.02 1.05 1.02 1.02 1.04 
1.04 1.04 1.05 1.04 1.06 1.01 1.06 1.04 1.03 1.04 
1.02 1.04 1.02 1.02 1.04 1.05 1.02 1.02 1.02 1.03 
1.01 1.04 1.06 1.03 1.06 1.03 1.02 1.03 1.03 1.02 
1.05 1.02 1.02 1.02 1.05 1.01 1.04 1.01 1.06 1.01 
1.02 1.02 1.06 1.03 1.01 1.05 1.02 1.02 1.03 1.05 
1.01 1.02 1.03 1.01 1.05 1.06 1.03 1.06 1.01 1.05 
1.03 1.03 1.01 1.05 1.04 1.02 1.02 1.05 1.03 1.05 
1.04 1.04 1.05 1.02 1.03 1.03 1.05 1.05 1.05 1.01 
1.04 1.03 1.06 1.05 1.05 1.02 1.04 1.01 1.01 1.03 
1.03 1.05 1.06 1.06 1.06 1.06 1.01 1.01 1.06 1.02 
1.01 1.04 1.06 1.03 1.05 1.03 1.04 1.01 1.01 1.02 
1.01 1.06 1.02 1.01 1.04 1.03 1.03 1.02 1.03 1.04 
1.05 1.06 1.04 1.06 1.03 1.02 1.06 1.02 1.04 1.03 
1.04 1.01 1.06 1.02 1.06 1.03 1.05 1.01 1.01 1.06 
1.02 1.02 1.01 1.05 1.02 1.03 1.05 1.05 1.04 1.03 
1.02 1.04 1.03 1.03 1.02 1.05 1.06 1.03 1.04 1.01 
1.05 1.04 1.04 1.02 1.03 1.06 1.04 1.01 1.04 1.02 
1.02 1.02 1.06 1.03 1.01 1.05 1.06 1.05 1.03 1.06 
1.06 1.06 1.01 1.01 1.06 1.04 1.03 1.02 1.05 1.05 
1.06 1.06 1.06 1.02 1.02 1.06 1.01 1.06 1.02 1.05 
1.03 1.06 1.06 1.03 1.06 1.05 1.03 1.05 1.01 1.06 
1.03 1.03 1.02 1.06 1.01 1.06 1.06 1.01 1.04 1.02 
1.04 1.06 1.06 1.03 1.02 1.02 1.03 1.04 1.06 1.01 
1.01 1.05 1.04 1.04 1.05 1.01 1.01 1.04 1.03 1.02 
1.06 1.05 1.05 1.02 1.05 1.01 1.04 1.02 1.06 1.06 
1.05 1.04 1.03 1.02 1.01 1.05 1.06 1.04 1.04 1.05 
1.05 1.05 1.04 1.02 1.03 1.06 1.03 1.06 1.05 1.06 
1.02 1.01 1.05 1.06 1.01 1.04 1.03 1.04 1.06 1.04 
1.05 1.02 1.04 1.05 1.06 1.04 1.04 1.06 1.03 1.01 
1.01 1.06 1.01 1.02 1.05 1.04 1.01 1.01 1.03 1.03 
1.03 1.06 1.01 1.02 1.04 1.06 1.06 1.03 1.03 1.02 
1.01 1.01 1.01 1.03 1.06 1.04 1.06 1.04 1.05 1.03 
1.05 1.02 1.04 1.02 1.04 1.02 1.06 1.06 1.01 1.04 
1.05 1.06 1.06 1.02 1.02 1.01 1.04 1.03 1.04 1.03 
1.02 1.06 1.03 1.04 1.05 1.01 1.06 1.04 1.02 1.03 
1.04 1.01 1.04 1.05 1.02 1.06 1.01 1.03 1.04 1.01 
1.03 1.03 1.03 1.02 1.04 1.04 1.05 1.04 1.02 1.03 
1.02 1.03 1.04 1.05 1.05 1.02 1.02 1.06 1.04 1.02 
1.01 1.05 1.05 1.06 1.04 1.05 1.01 1.06 1.03 1.04 
1.03 1.02 1.06 1.04 1.02 1.03 1.01 1.04 1.05 1.02 
1.01 1.06 1.04 1.02 1.06 1.05 1.02 1.03 1.01 1.04 
1.02 1.05 1.03 1.05 1.05 1.02 1.01 1.05 1.05 1.03 
1.04 1.04 1.03 1.02 1.03 1.03 1.03 1.05 1.04 1.02 
1.06 1.05 1.02 1.06 1.02 1.05 1.05 1.03 1.03 1.02 
1.02 1.05 1.06 1.02 1.06 1.05 1.02 1.02 1.05 1.04 
1.02 1.05 1.03 1.03 1.05 1.06 1.06 1.04 1.02 1.03 
1.06 1.02 1.04 1.05 1.03 1.01 1.01 1.03 1.05 1.05 
1.04 1.04 1.01 1.01 1.06 1.01 1.03 1.06 1.02 1.04 
1.02 1.03 1.05 1.01 1.05 1.02 1.01 1.03 1.06 1.06 
1.01 1.06 1.02 1.02 1.02 1.04 1.04 1.01 1.05 1.04 
1.01 1.01 1.03 1.06 1.03 1.02 1.04 1.05 1.05 1.06 
1.04 1.05 1.02 1.02 1.06 1.05 1.04 1.01 1.05 1.03 
1.04 1.02 1.01 1.02 1.05 1.02 1.06 1.06 1.06 1.05 
1.01 1.04 1.03 1.03 1.03 1.03 1.03 1.01 1.04 1.01 
1.05 1.02 1.02 1.06 1.03 1.02 1.01 1.03 1.04 1.02 
1.04 1.05 1.02 1.02 1.06 1.03 1.03 1.02 1.04 1.06 
1.06 1.03 1.05 1.05 1.04 1.03 1.02 1.02 1.03 1.06 
1.04 1.04 1.05 1.06 1.03 1.06 1.02 1.01 1.04 1.01 
1.04 1.03 1.01 1.03 1.01 1.03 1.02 1.06 1.02 1.01 
1.03 1.02 1.04 1.04 1.05 1.06 1.05 1.03 1.04 1.02 
1.02 1.04 1.04 1.03 1.03 1.03 1.05 1.04 1.02 1.05 
1.01 1.04 1.05 1.06 1.04 1.05 1.03 1.05 1.03 1.03 
1.05 1.01 1.04 1.03 1.01 1.03 1.06 1.01 1.04 1.03 
1.02 1.06 1.01 1.06 1.06 1.05 1.03 1.01 1.06 1.03 
1.04 1.06 1.01 1.04 1.06 1.05 1.01 1.06 1.01 1.02 
1.02 1.03 1.03 1.04 1.02 1.06 1.04 1.04 1.04 1.06 
1.02 1.03 1.02 1.02 1.04 1.04 1.02 1.01 1.03 1.04 
1.03 1.02 1.06 1.04 1.01 1.06 1.01 1.01 1.02 1.03 
1.06 1.06 1.01 1.03 1.06 1.06 1.05 1.06 1.05 1.05 
1.05 1.01 1.05 1.05 1.05 1.03 1.02 1.02 1.02 1.03 
1.05 1.04 1.06 1.06 1.06 1.05 1.04 1.01 1.03 1.04 
1.05 1.02 1.06 1.05 1.02 1.06 1.01 1.05 1.01 1.02 
1.01 1.03 1.04 1.05 1.02 1.04 1.03 1.03 1.02 1.03 
1.03 1.04 1.03 1.03 1.04 1.05 1.03 1.01 1.02 1.05 
1.05 1.01 1.05 1.01 1.06 1.01 1.02 1.03 1.01 1.05 
1.02 1.05 1.03 1.01 1.01 1.04 1.02 1.02 1.04 1.02 
1.06 1.02 1.06 1.04 1.01 1.05 1.03 1.04 1.06 1.02 
1.05 1.02 1.05 1.03 1.05 1.05 1.04 1.05 1.02 1.05 
1.02 1.02 1.06 1.04 1.03 1.05 1.02 1.03 1.05 1.05 
1.03 1.05 1.03 1.01 1.04 1.04 1.03 1.06 1.03 1.02 
1.05 1.01 1.04 1.04 1.06 1.06 1.01 1.02 1.03 1.05 
1.02 1.05 1.06 1.05 1.04 1.04 1.04 1.02 1.02 1.02 
1.02 1.03 1.02 1.01 1.04 1.05 1.01 1.04 1.06 1.01 
1.03 1.02 1.03 1.02 1.01 1.05 1.02 1.06 1.03 1.01 
1.04 1.04 1.04 1.03 1.04 1.06 1.02 1.03 1.03 1.06 
1.02 1.06 1.02 1.06 1.05 1.06 1.03 1.02 1.03 1.01 
1.01 1.02 1.05 1.05 1.05 1.06 1.06 1.04 1.06 1.04 
1.02 1.01 1.03 1.01 1.03 1.02 1.06 1.05 1.04 1.02 
1.02 1.01 1.06 1.02 1.05 1.02 1.05 1.01 1.02 1.04 
1.03 1.04 1.03 1.01 1.05 1.02 1.02 1.04 1.02 1.04 
1.06 1.05 1.02 1.03 1.03 1.02 1.05 1.02 1.06 1.04 
1.04 1.05 1.01 1.05 1.06 1.01 1.02 1.01 1.03 1.04 
1.02 1.05 1.04 1.03 1.04 1.02 1.02 1.02 1.04 1.05 
