10
150
94 39 98 22 80 8 93 42 71 69 12 89 66 71 93 78 43 71 88 25 76 60 100 77 62 48 29 7 80 94 53 38 95 40 74 43 49 10 52 71 80 50 55 26 1 14 94 22 60 43 85 45 18 19 41 44 68 2 30 64 97 92 9 81 15 42 7 25 90 5 68 62 70 31 8 51 34 17 15 71 36 96 43 11 95 13 3 9 59 38 42 10 23 14 77 90 93 89 20 48 18 2 50 79 67 18 48 3 35 60 8 29 46 59 39 78 55 88 39 41 17 30 72 79 11 96 65 86 77 57 11 50 13 54 94 63 45 85 15 47 71 71 77 75 46 54 18 31 7 37 
2 2 3 1 1 3 2 1 1 3 
1.05 1.06 1.09 1.08 1.07 1.05 1.09 1.08 1.08 1.05 
1.08 1.09 1.09 1.07 1.05 1.09 1.06 1.07 1.08 1.09 
1.06 1.05 1.05 1.06 1.09 1.06 1.08 1.07 1.05 1.05 
1.08 1.05 1.07 1.06 1.06 1.09 1.06 1.06 1.06 1.08 
1.07 1.09 1.09 1.07 1.05 1.05 1.07 1.06 1.09 1.07 
1.05 1.07 1.07 1.08 1.09 1.06 1.05 1.05 1.06 1.08 
1.06 1.05 1.06 1.07 1.05 1.05 1.07 1.08 1.08 1.08 
1.06 1.08 1.08 1.06 1.05 1.06 1.09 1.06 1.05 1.06 
1.07 1.07 1.08 1.05 1.09 1.05 1.06 1.06 1.09 1.09 
1.07 1.05 1.08 1.08 1.05 1.06 1.05 1.06 1.06 1.07 
1.06 1.06 1.07 1.07 1.07 1.07 1.08 1.07 1.07 1.06 
1.09 1.09 1.09 1.08 1.05 1.06 1.06 1.07 1.08 1.06 
1.05 1.08 1.05 1.08 1.08 1.07 1.09 1.05 1.06 1.07 
1.06 1.06 1.06 1.09 1.09 1.09 1.09 1.07 1.08 1.07 
1.05 1.09 1.08 1.06 1.07 1.08 1.06 1.09 1.08 1.08 
1.07 1.08 1.05 1.06 1.07 1.07 1.08 1.07 1.07 1.06 
1.05 1.06 1.09 1.08 1.09 1.05 1.08 1.06 1.07 1.07 
1.08 1.08 1.07 1.07 1.08 1.08 1.07 1.09 1.06 1.09 
1.05 1.07 1.06 1.05 1.07 1.07 1.07 1.07 1.09 1.08 
1.06 1.08 1.08 1.06 1.05 1.06 1.09 1.07 1.09 1.08 
1.05 1.09 1.06 1.06 1.07 1.07 1.06 1.05 1.07 1.05 
1.07 1.05 1.08 1.08 1.05 1.09 1.09 1.08 1.07 1.08 
1.07 1.08 1.05 1.07 1.09 1.06 1.08 1.06 1.09 1.05 
1.07 1.06 1.09 1.09 1.09 1.09 1.09 1.05 1.07 1.05 
1.06 1.08 1.07 1.06 1.07 1.06 1.05 1.09 1.05 1.05 
1.06 1.05 1.08 1.05 1.09 1.07 1.09 1.07 1.08 1.09 
1.08 1.05 1.06 1.09 1.08 1.06 1.07 1.06 1.06 1.07 
1.07 1.07 1.05 1.07 1.08 1.09 1.06 1.05 1.06 1.06 
1.06 1.08 1.07 1.09 1.07 1.06 1.06 1.05 1.05 1.08 
1.08 1.08 1.08 1.08 1.05 1.05 1.07 1.05 1.06 1.05 
1.06 1.09 1.05 1.08 1.06 1.07 1.08 1.05 1.08 1.07 
1.07 1.07 1.06 1.05 1.05 1.08 1.08 1.09 1.07 1.09 
1.08 1.08 1.06 1.07 1.07 1.09 1.05 1.05 1.08 1.05 
1.07 1.09 1.06 1.06 1.09 1.09 1.08 1.05 1.07 1.06 
1.06 1.09 1.08 1.05 1.09 1.09 1.05 1.08 1.05 1.06 
1.09 1.06 1.08 1.05 1.08 1.09 1.08 1.09 1.07 1.08 
1.09 1.09 1.07 1.09 1.07 1.05 1.09 1.05 1.09 1.09 
1.09 1.08 1.07 1.08 1.06 1.05 1.06 1.07 1.07 1.07 
1.08 1.09 1.05 1.08 1.06 1.09 1.07 1.05 1.09 1.08 
1.05 1.07 1.06 1.07 1.06 1.07 1.09 1.05 1.07 1.06 
1.08 1.09 1.05 1.06 1.06 1.06 1.09 1.06 1.07 1.05 
1.05 1.06 1.06 1.07 1.09 1.05 1.05 1.05 1.08 1.09 
1.08 1.06 1.08 1.09 1.09 1.07 1.05 1.06 1.06 1.09 
1.09 1.08 1.09 1.06 1.09 1.06 1.05 1.05 1.08 1.05 
1.07 1.06 1.07 1.05 1.06 1.08 1.06 1.06 1.08 1.05 
1.05 1.09 1.06 1.05 1.07 1.07 1.06 1.05 1.08 1.09 
1.08 1.09 1.07 1.07 1.09 1.07 1.09 1.07 1.09 1.07 
1.08 1.07 1.06 1.09 1.06 1.06 1.06 1.06 1.07 1.09 
1.09 1.09 1.07 1.06 1.06 1.05 1.05 1.09 1.05 1.09 
1.05 1.09 1.08 1.06 1.09 1.09 1.05 1.09 1.09 1.07 
1.06 1.09 1.06 1.09 1.07 1.05 1.05 1.09 1.08 1.08 
1.07 1.08 1.05 1.06 1.05 1.05 1.09 1.07 1.07 1.09 
1.06 1.05 1.09 1.08 1.05 1.05 1.06 1.06 1.07 1.06 
1.09 1.07 1.06 1.08 1.08 1.08 1.05 1.08 1.09 1.06 
1.05 1.06 1.09 1.07 1.08 1.09 1.06 1.06 1.06 1.06 
1.09 1.08 1.05 1.05 1.09 1.09 1.09 1.05 1.08 1.05 
1.06 1.05 1.09 1.09 1.07 1.05 1.06 1.06 1.07 1.06 
1.09 1.08 1.09 1.07 1.09 1.06 1.08 1.07 1.05 1.06 
1.06 1.08 1.07 1.06 1.08 1.05 1.07 1.08 1.06 1.09 
1.08 1.09 1.08 1.08 1.06 1.06 1.07 1.05 1.07 1.06 
1.08 1.07 1.05 1.05 1.06 1.05 1.09 1.07 1.06 1.05 
1.07 1.07 1.08 1.09 1.06 1.09 1.05 1.08 1.08 1.07 
1.08 1.09 1.05 1.06 1.09 1.06 1.07 1.09 1.07 1.06 
1.07 1.09 1.05 1.05 1.09 1.05 1.09 1.07 1.06 1.07 
1.08 1.05 1.05 1.07 1.05 1.05 1.08 1.06 1.07 1.07 
1.07 1.08 1.05 1.07 1.09 1.06 1.09 1.08 1.09 1.08 
1.07 1.06 1.05 1.08 1.08 1.05 1.07 1.06 1.06 1.07 
1.07 1.07 1.07 1.06 1.09 1.09 1.05 1.09 1.07 1.09 
1.09 1.05 1.08 1.09 1.05 1.07 1.09 1.07 1.08 1.06 
1.08 1.08 1.09 1.06 1.08 1.08 1.08 1.06 1.09 1.08 
1.05 1.08 1.09 1.07 1.08 1.06 1.05 1.07 1.05 1.06 
1.05 1.08 1.09 1.05 1.05 1.08 1.05 1.09 1.05 1.08 
1.08 1.05 1.06 1.06 1.09 1.07 1.07 1.07 1.08 1.06 
1.09 1.09 1.05 1.09 1.09 1.09 1.06 1.08 1.07 1.09 
1.09 1.08 1.08 1.07 1.09 1.09 1.09 1.07 1.05 1.06 
1.05 1.06 1.06 1.06 1.08 1.06 1.08 1.08 1.08 1.05 
1.05 1.05 1.07 1.09 1.06 1.05 1.09 1.09 1.09 1.07 
1.08 1.06 1.06 1.08 1.09 1.07 1.07 1.05 1.08 1.08 
1.09 1.05 1.08 1.05 1.08 1.06 1.09 1.05 1.07 1.06 
1.05 1.09 1.06 1.05 1.08 1.09 1.08 1.09 1.05 1.07 
1.09 1.06 1.09 1.06 1.05 1.07 1.07 1.09 1.08 1.09 
1.08 1.08 1.06 1.08 1.06 1.06 1.07 1.05 1.06 1.07 
1.09 1.07 1.07 1.08 1.07 1.05 1.08 1.05 1.06 1.08 
1.09 1.08 1.06 1.09 1.07 1.08 1.05 1.09 1.06 1.06 
1.05 1.07 1.08 1.08 1.08 1.09 1.08 1.09 1.06 1.06 
1.09 1.08 1.08 1.07 1.09 1.07 1.05 1.08 1.06 1.07 
1.07 1.08 1.05 1.09 1.07 1.06 1.09 1.05 1.08 1.05 
1.09 1.06 1.07 1.07 1.06 1.06 1.07 1.08 1.05 1.08 
1.07 1.06 1.07 1.07 1.09 1.07 1.05 1.05 1.05 1.09 
1.07 1.08 1.09 1.07 1.07 1.08 1.06 1.08 1.05 1.08 
1.06 1.07 1.08 1.06 1.07 1.06 1.08 1.05 1.07 1.09 
1.05 1.09 1.09 1.07 1.07 1.08 1.07 1.09 1.07 1.07 
1.07 1.07 1.07 1.05 1.08 1.09 1.08 1.09 1.08 1.09 
1.06 1.06 1.05 1.06 1.08 1.09 1.05 1.08 1.07 1.07 
1.08 1.08 1.05 1.09 1.05 1.07 1.07 1.09 1.09 1.07 
1.09 1.06 1.06 1.06 1.05 1.05 1.07 1.06 1.05 1.08 
1.07 1.08 1.07 1.07 1.08 1.06 1.09 1.06 1.09 1.06 
1.05 1.09 1.07 1.08 1.05 1.05 1.08 1.05 1.06 1.07 
1.06 1.08 1.08 1.07 1.08 1.09 1.05 1.07 1.09 1.06 
1.07 1.09 1.05 1.06 1.08 1.07 1.08 1.08 1.05 1.07 
1.09 1.06 1.08 1.07 1.07 1.06 1.06 1.06 1.09 1.09 
1.05 1.09 1.08 1.05 1.07 1.08 1.05 1.05 1.07 1.07 
1.09 1.09 1.06 1.05 1.09 1.09 1.09 1.09 1.06 1.08 
1.07 1.07 1.06 1.05 1.09 1.09 1.09 1.06 1.07 1.09 
1.08 1.05 1.07 1.07 1.08 1.07 1.07 1.09 1.08 1.05 
1.05 1.06 1.05 1.05 1.05 1.06 1.06 1.07 1.09 1.07 
1.06 1.09 1.08 1.09 1.05 1.07 1.07 1.06 1.07 1.05 
1.09 1.08 1.07 1.08 1.06 1.09 1.05 1.05 1.07 1.09 
1.08 1.06 1.07 1.08 1.08 1.06 1.07 1.05 1.09 1.06 
1.07 1.05 1.05 1.09 1.07 1.08 1.07 1.06 1.05 1.09 
1.07 1.07 1.05 1.06 1.08 1.07 1.07 1.05 1.08 1.06 
1.08 1.07 1.07 1.05 1.09 1.06 1.06 1.06 1.09 1.08 
1.05 1.09 1.09 1.08 1.06 1.07 1.08 1.05 1.08 1.07 
1.05 1.06 1.09 1.07 1.07 1.06 1.08 1.08 1.08 1.05 
1.09 1.09 1.08 1.09 1.09 1.07 1.06 1.07 1.07 1.07 
1.08 1.09 1.06 1.08 1.06 1.09 1.07 1.09 1.08 1.09 
1.07 1.09 1.09 1.09 1.08 1.05 1.07 1.05 1.08 1.09 
1.05 1.09 1.05 1.09 1.09 1.09 1.05 1.06 1.09 1.05 
1.07 1.07 1.07 1.08 1.08 1.06 1.06 1.05 1.07 1.05 
1.07 1.09 1.09 1.06 1.07 1.05 1.06 1.07 1.05 1.05 
1.09 1.08 1.06 1.06 1.06 1.09 1.05 1.08 1.09 1.08 
1.05 1.06 1.09 1.08 1.07 1.06 1.05 1.09 1.06 1.05 
1.05 1.06 1.05 1.07 1.09 1.05 1.06 1.07 1.09 1.07 
1.07 1.07 1.06 1.09 1.08 1.08 1.06 1.05 1.08 1.05 
1.07 1.06 1.07 1.05 1.08 1.08 1.06 1.06 1.08 1.05 
1.06 1.05 1.07 1.05 1.07 1.06 1.09 1.07 1.09 1.05 
1.08 1.05 1.09 1.07 1.07 1.09 1.07 1.07 1.06 1.05 
1.05 1.06 1.05 1.06 1.08 1.05 1.06 1.06 1.06 1.06 
1.06 1.09 1.06 1.07 1.07 1.09 1.06 1.09 1.06 1.05 
1.09 1.07 1.06 1.06 1.08 1.06 1.09 1.06 1.08 1.09 
1.09 1.09 1.09 1.06 1.06 1.06 1.07 1.09 1.09 1.06 
1.05 1.09 1.08 1.08 1.07 1.07 1.06 1.08 1.06 1.08 
1.09 1.08 1.07 1.09 1.08 1.08 1.08 1.05 1.08 1.06 
1.06 1.07 1.06 1.05 1.09 1.08 1.07 1.08 1.09 1.08 
1.07 1.09 1.09 1.09 1.06 1.07 1.07 1.08 1.08 1.06 
1.08 1.08 1.07 1.07 1.09 1.05 1.08 1.09 1.09 1.09 
1.06 1.07 1.09 1.05 1.07 1.09 1.06 1.05 1.05 1.06 
1.05 1.07 1.05 1.05 1.06 1.09 1.08 1.09 1.05 1.07 
1.05 1.07 1.07 1.08 1.07 1.09 1.05 1.07 1.08 1.05 
1.06 1.09 1.08 1.09 1.08 1.05 1.07 1.05 1.06 1.08 
1.07 1.09 1.05 1.08 1.08 1.07 1.06 1.07 1.06 1.05 
1.07 1.06 1.09 1.05 1.05 1.07 1.06 1.08 1.05 1.07 
1.07 1.05 1.06 1.09 1.09 1.08 1.06 1.07 1.09 1.07 
1.09 1.07 1.09 1.05 1.08 1.08 1.09 1.06 1.08 1.09 
1.06 1.07 1.09 1.08 1.05 1.05 1.08 1.08 1.05 1.06 
1.05 1.09 1.05 1.08 1.06 1.07 1.07 1.06 1.09 1.08 
1.06 1.09 1.05 1.08 1.08 1.06 1.05 1.07 1.05 1.09 
1.08 1.08 1.06 1.06 1.05 1.06 1.07 1.07 1.06 1.06 
1.06 1.07 1.07 1.05 1.08 1.09 1.07 1.06 1.06 1.06 
1.09 1.09 1.06 1.06 1.06 1.07 1.06 1.05 1.09 1.06 
