10
100
6 72 84 20 45 81 8 19 85 88 77 78 7 89 84 77 32 27 54 10 67 69 7 44 41 19 35 58 2 41 88 44 6 63 36 90 20 77 31 70 49 95 86 30 33 75 53 7 86 53 34 12 49 60 35 10 29 11 86 60 77 39 26 97 25 71 97 61 3 27 21 13 19 46 15 27 86 38 18 42 7 81 51 68 32 89 61 72 58 99 48 86 9 17 58 32 35 77 21 16 
3 2 3 6 9 5 1 7 5 7 
1.03 1.04 1.02 1.02 1.01 1.02 1.04 1.01 1.02 1.03 
1.05 1.03 1.06 1.02 1.06 1.04 1.02 1.01 1.02 1.04 
1.04 1.05 1.05 1.06 1.01 1.02 1.03 1.02 1.03 1.04 
1.04 1.03 1.03 1.06 1.02 1.06 1.04 1.05 1.05 1.01 
1.02 1.04 1.03 1.02 1.04 1.03 1.02 1.01 1.01 1.05 
1.05 1.02 1.05 1.04 1.05 1.04 1.01 1.05 1.01 1.03 
1.02 1.06 1.03 1.01 1.05 1.02 1.03 1.05 1.01 1.03 
1.03 1.06 1.05 1.02 1.06 1.06 1.05 1.01 1.03 1.05 
1.06 1.04 1.05 1.05 1.04 1.02 1.01 1.04 1.02 1.02 
1.02 1.01 1.03 1.05 1.03 1.04 1.04 1.03 1.02 1.03 
1.01 1.01 1.04 1.01 1.04 1.02 1.05 1.04 1.05 1.01 
1.03 1.03 1.03 1.03 1.04 1.03 1.06 1.05 1.06 1.06 
1.02 1.01 1.06 1.04 1.05 1.01 1.05 1.06 1.06 1.02 
1.06 1.06 1.06 1.02 1.02 1.06 1.05 1.06 1.05 1.01 
1.02 1.04 1.05 1.03 1.04 1.04 1.02 1.04 1.01 1.04 
1.05 1.03 1.01 1.03 1.02 1.05 1.01 1.05 1.03 1.01 
1.02 1.03 1.01 1.05 1.06 1.04 1.04 1.04 1.06 1.01 
1.03 1.05 1.01 1.03 1.06 1.06 1.06 1.02 1.04 1.01 
1.03 1.05 1.05 1.05 1.02 1.05 1.01 1.05 1.03 1.03 
1.06 1.04 1.02 1.05 1.02 1.05 1.06 1.04 1.05 1.01 
1.02 1.01 1.03 1.06 1.06 1.03 1.03 1.04 1.05 1.02 
1.02 1.04 1.03 1.06 1.06 1.05 1.03 1.01 1.05 1.05 
1.03 1.05 1.05 1.01 1.02 1.02 1.03 1.02 1.04 1.04 
1.04 1.05 1.05 1.04 1.01 1.04 1.03 1.03 1.04 1.03 
1.03 1.05 1.04 1.02 1.03 1.02 1.04 1.05 1.06 1.01 
1.03 1.06 1.01 1.06 1.01 1.02 1.01 1.03 1.05 1.05 
1.04 1.03 1.05 1.05 1.04 1.05 1.04 1.01 1.05 1.04 
1.04 1.05 1.03 1.04 1.04 1.05 1.03 1.02 1.05 1.01 
1.06 1.06 1.04 1.04 1.04 1.05 1.06 1.05 1.05 1.04 
1.01 1.06 1.04 1.05 1.04 1.06 1.05 1.03 1.05 1.04 
1.06 1.04 1.03 1.02 1.05 1.06 1.03 1.04 1.04 1.06 
1.05 1.05 1.05 1.02 1.02 1.02 1.01 1.03 1.04 1.02 
1.02 1.04 1.03 1.03 1.03 1.05 1.02 1.01 1.04 1.01 
1.05 1.05 1.06 1.02 1.02 1.06 1.01 1.04 1.06 1.03 
1.04 1.02 1.04 1.03 1.06 1.06 1.03 1.03 1.04 1.03 
1.04 1.01 1.04 1.02 1.04 1.06 1.03 1.06 1.02 1.05 
1.02 1.02 1.04 1.01 1.04 1.05 1.04 1.03 1.02 1.04 
1.03 1.05 1.05 1.01 1.02 1.01 1.05 1.01 1.06 1.03 
1.03 1.05 1.01 1.02 1.04 1.01 1.03 1.03 1.02 1.01 
1.01 1.04 1.01 1.02 1.03 1.02 1.03 1.06 1.03 1.05 
1.04 1.05 1.01 1.04 1.02 1.03 1.01 1.05 1.04 1.04 
1.06 1.01 1.02 1.03 1.02 1.04 1.03 1.06 1.06 1.05 
1.02 1.05 1.03 1.04 1.06 1.01 1.01 1.03 1.05 1.06 
1.02 1.05 1.02 1.02 1.05 1.03 1.01 1.05 1.01 1.06 
1.06 1.06 1.06 1.01 1.06 1.06 1.05 1.05 1.05 1.01 
1.01 1.04 1.03 1.02 1.01 1.02 1.01 1.03 1.02 1.02 
1.02 1.04 1.03 1.03 1.06 1.02 1.03 1.04 1.03 1.06 
1.03 1.04 1.05 1.06 1.01 1.01 1.04 1.04 1.01 1.04 
1.06 1.05 1.02 1.01 1.04 1.05 1.02 1.02 1.06 1.03 
1.04 1.05 1.02 1.03 1.01 1.02 1.02 1.06 1.04 1.02 
1.03 1.03 1.06 1.01 1.01 1.01 1.01 1.02 1.01 1.04 
1.01 1.05 1.06 1.02 1.02 1.05 1.04 1.02 1.02 1.01 
1.02 1.03 1.04 1.01 1.03 1.05 1.05 1.01 1.05 1.03 
1.06 1.05 1.06 1.01 1.01 1.01 1.05 1.02 1.06 1.06 
1.06 1.01 1.05 1.03 1.06 1.04 1.01 1.06 1.02 1.01 
1.04 1.06 1.01 1.03 1.01 1.06 1.03 1.03 1.01 1.02 
1.03 1.02 1.04 1.03 1.06 1.06 1.06 1.04 1.06 1.03 
1.05 1.02 1.06 1.02 1.03 1.01 1.03 1.06 1.01 1.06 
1.02 1.01 1.04 1.06 1.05 1.01 1.05 1.05 1.02 1.01 
1.06 1.03 1.01 1.05 1.05 1.06 1.04 1.01 1.03 1.06 
1.05 1.05 1.05 1.06 1.06 1.02 1.04 1.03 1.01 1.01 
1.02 1.03 1.02 1.05 1.04 1.02 1.05 1.02 1.03 1.02 
1.02 1.06 1.03 1.01 1.03 1.03 1.05 1.02 1.05 1.02 
1.01 1.05 1.02 1.05 1.04 1.01 1.01 1.05 1.05 1.04 
1.04 1.02 1.01 1.05 1.05 1.05 1.01 1.02 1.05 1.06 
1.02 1.02 1.03 1.02 1.04 1.05 1.03 1.02 1.01 1.03 
1.03 1.04 1.01 1.06 1.03 1.04 1.05 1.05 1.04 1.06 
1.01 1.02 1.02 1.02 1.04 1.05 1.05 1.03 1.01 1.03 
1.03 1.02 1.06 1.05 1.03 1.03 1.06 1.05 1.04 1.04 
1.02 1.03 1.04 1.03 1.03 1.03 1.02 1.05 1.01 1.06 
1.03 1.03 1.06 1.03 1.03 1.03 1.01 1.04 1.02 1.04 
1.02 1.05 1.06 1.04 1.04 1.01 1.05 1.01 1.01 1.02 
1.04 1.02 1.06 1.05 1.01 1.02 1.04 1.01 1.03 1.03 
1.06 1.04 1.02 1.04 1.02 1.04 1.04 1.03 1.06 1.06 
1.03 1.01 1.06 1.02 1.05 1.01 1.01 1.05 1.02 1.03 
1.06 1.06 1.03 1.01 1.01 1.03 1.04 1.02 1.03 1.03 
1.01 1.03 1.01 1.03 1.03 1.02 1.03 1.03 1.02 1.03 
1.06 1.06 1.05 1.02 1.02 1.04 1.02 1.04 1.01 1.04 
1.02 1.05 1.04 1.01 1.04 1.03 1.06 1.05 1.01 1.05 
1.04 1.01 1.04 1.01 1.05 1.04 1.01 1.06 1.03 1.06 
1.03 1.01 1.02 1.06 1.04 1.04 1.03 1.01 1.05 1.06 
1.03 1.06 1.03 1.03 1.01 1.05 1.05 1.04 1.06 1.05 
1.01 1.06 1.04 1.05 1.06 1.06 1.06 1.04 1.01 1.03 
1.06 1.01 1.03 1.06 1.01 1.06 1.05 1.05 1.04 1.05 
1.04 1.06 1.04 1.02 1.06 1.05 1.02 1.04 1.04 1.01 
1.02 1.05 1.05 1.03 1.04 1.05 1.03 1.01 1.05 1.03 
1.01 1.06 1.02 1.06 1.05 1.03 1.03 1.04 1.03 1.01 
1.05 1.06 1.03 1.01 1.04 1.06 1.03 1.06 1.06 1.02 
1.04 1.06 1.05 1.01 1.04 1.03 1.06 1.03 1.04 1.05 
1.01 1.02 1.05 1.03 1.01 1.02 1.03 1.05 1.06 1.02 
1.03 1.02 1.02 1.04 1.04 1.06 1.02 1.01 1.02 1.04 
1.05 1.03 1.03 1.06 1.05 1.03 1.04 1.06 1.01 1.02 
1.04 1.05 1.06 1.03 1.05 1.06 1.05 1.05 1.01 1.01 
1.01 1.05 1.01 1.01 1.04 1.05 1.05 1.05 1.02 1.03 
1.02 1.05 1.03 1.02 1.02 1.03 1.02 1.01 1.01 1.03 
1.02 1.06 1.01 1.06 1.04 1.04 1.04 1.04 1.05 1.06 
1.02 1.01 1.03 1.03 1.06 1.06 1.04 1.04 1.01 1.01 
1.05 1.01 1.03 1.01 1.02 1.01 1.03 1.01 1.05 1.06 
1.01 1.01 1.05 1.06 1.03 1.01 1.04 1.03 1.01 1.05 
1.06 1.01 1.04 1.04 1.05 1.01 1.02 1.02 1.06 1.01 
