10
200
92 37 51 17 82 64 96 31 69 51 99 79 25 98 77 2 32 16 24 3 4 86 57 39 22 26 24 99 45 26 48 62 51 69 77 98 64 85 100 85 93 1 30 5 36 73 50 77 48 4 39 95 96 93 93 18 63 14 28 67 95 16 84 11 46 79 87 98 64 81 67 43 47 72 50 10 63 29 6 14 73 45 82 100 30 99 38 64 20 69 30 87 25 19 94 53 7 34 60 67 11 59 7 7 44 61 55 27 74 13 69 39 55 24 95 48 10 12 55 17 35 83 9 47 67 99 3 28 32 98 100 47 83 64 3 83 59 91 41 32 61 9 37 78 10 81 16 81 28 83 49 45 57 73 69 15 4 62 18 44 90 57 80 20 84 83 20 41 10 72 97 54 67 79 88 86 25 79 13 29 28 68 7 52 2 83 50 12 6 91 55 9 53 53 59 88 36 13 29 83 
9 7 3 9 1 3 9 6 5 6 
1.08 1.06 1.08 1.08 1.09 1.06 1.09 1.09 1.07 1.09 
1.05 1.06 1.09 1.09 1.06 1.09 1.09 1.09 1.06 1.07 
1.09 1.08 1.06 1.07 1.09 1.08 1.08 1.07 1.09 1.07 
1.06 1.05 1.08 1.07 1.05 1.09 1.05 1.05 1.08 1.08 
1.09 1.05 1.07 1.08 1.06 1.08 1.06 1.06 1.05 1.05 
1.05 1.05 1.05 1.05 1.08 1.09 1.06 1.05 1.09 1.08 
1.05 1.05 1.08 1.07 1.08 1.05 1.06 1.08 1.07 1.06 
1.05 1.05 1.07 1.08 1.05 1.08 1.05 1.07 1.08 1.06 
1.08 1.08 1.08 1.09 1.08 1.06 1.07 1.06 1.05 1.09 
1.05 1.06 1.09 1.07 1.05 1.06 1.08 1.06 1.09 1.09 
1.06 1.07 1.06 1.08 1.05 1.08 1.09 1.05 1.05 1.06 
1.06 1.09 1.09 1.09 1.09 1.07 1.05 1.09 1.08 1.08 
1.06 1.07 1.06 1.06 1.05 1.07 1.09 1.07 1.07 1.09 
1.08 1.08 1.08 1.05 1.09 1.06 1.08 1.07 1.07 1.05 
1.08 1.09 1.06 1.05 1.05 1.07 1.09 1.08 1.08 1.09 
1.07 1.05 1.09 1.06 1.07 1.07 1.07 1.09 1.06 1.09 
1.09 1.09 1.08 1.09 1.09 1.06 1.06 1.06 1.08 1.07 
1.08 1.07 1.07 1.07 1.07 1.06 1.07 1.05 1.09 1.09 
1.07 1.09 1.09 1.08 1.07 1.08 1.08 1.07 1.07 1.07 
1.06 1.08 1.09 1.05 1.07 1.07 1.05 1.06 1.07 1.09 
1.07 1.05 1.06 1.08 1.06 1.09 1.05 1.06 1.09 1.05 
1.07 1.06 1.09 1.07 1.05 1.05 1.05 1.06 1.07 1.08 
1.09 1.09 1.06 1.05 1.05 1.06 1.07 1.05 1.05 1.07 
1.08 1.09 1.06 1.06 1.05 1.06 1.05 1.06 1.05 1.05 
1.09 1.07 1.09 1.05 1.07 1.06 1.08 1.05 1.08 1.07 
1.06 1.09 1.09 1.09 1.05 1.08 1.08 1.07 1.06 1.06 
1.06 1.09 1.08 1.08 1.05 1.07 1.07 1.05 1.05 1.07 
1.09 1.07 1.08 1.05 1.06 1.06 1.05 1.08 1.08 1.05 
1.07 1.05 1.09 1.07 1.06 1.05 1.06 1.08 1.05 1.06 
1.06 1.08 1.05 1.06 1.07 1.05 1.09 1.06 1.09 1.09 
1.06 1.06 1.06 1.05 1.07 1.08 1.06 1.07 1.07 1.06 
1.08 1.05 1.07 1.05 1.05 1.05 1.09 1.08 1.08 1.06 
1.05 1.05 1.08 1.09 1.05 1.07 1.06 1.06 1.06 1.07 
1.08 1.08 1.06 1.06 1.06 1.05 1.06 1.08 1.05 1.08 
1.07 1.07 1.06 1.08 1.09 1.07 1.06 1.06 1.08 1.05 
1.05 1.05 1.07 1.05 1.09 1.05 1.09 1.09 1.06 1.05 
1.09 1.07 1.07 1.07 1.05 1.07 1.09 1.08 1.07 1.06 
1.09 1.06 1.09 1.07 1.09 1.05 1.06 1.05 1.05 1.06 
1.09 1.06 1.07 1.05 1.06 1.09 1.09 1.09 1.09 1.07 
1.07 1.05 1.05 1.05 1.05 1.09 1.06 1.05 1.06 1.06 
1.09 1.09 1.06 1.09 1.07 1.09 1.07 1.07 1.09 1.06 
1.05 1.07 1.09 1.09 1.09 1.07 1.07 1.09 1.07 1.06 
1.06 1.05 1.08 1.05 1.07 1.05 1.06 1.07 1.07 1.06 
1.09 1.05 1.09 1.07 1.06 1.07 1.08 1.06 1.05 1.07 
1.07 1.06 1.08 1.07 1.08 1.07 1.05 1.06 1.05 1.05 
1.07 1.08 1.05 1.05 1.09 1.09 1.05 1.08 1.08 1.07 
1.08 1.09 1.06 1.06 1.05 1.09 1.09 1.06 1.05 1.08 
1.05 1.08 1.08 1.07 1.09 1.07 1.08 1.07 1.05 1.07 
1.06 1.07 1.09 1.07 1.07 1.07 1.08 1.07 1.07 1.07 
1.05 1.09 1.09 1.06 1.09 1.06 1.08 1.08 1.07 1.05 
1.06 1.09 1.06 1.06 1.09 1.09 1.09 1.06 1.06 1.09 
1.09 1.06 1.09 1.08 1.08 1.08 1.05 1.08 1.09 1.06 
1.09 1.05 1.08 1.08 1.07 1.07 1.06 1.07 1.07 1.09 
1.06 1.06 1.06 1.08 1.09 1.05 1.05 1.05 1.09 1.08 
1.08 1.06 1.09 1.06 1.07 1.08 1.09 1.09 1.07 1.09 
1.06 1.07 1.06 1.09 1.07 1.06 1.07 1.09 1.09 1.08 
1.06 1.06 1.06 1.07 1.06 1.08 1.09 1.09 1.06 1.07 
1.09 1.08 1.08 1.07 1.07 1.09 1.08 1.06 1.06 1.07 
1.09 1.05 1.06 1.07 1.09 1.07 1.06 1.07 1.06 1.06 
1.09 1.08 1.07 1.06 1.06 1.05 1.08 1.05 1.08 1.07 
1.07 1.09 1.06 1.05 1.07 1.07 1.09 1.08 1.08 1.06 
1.06 1.08 1.06 1.07 1.07 1.05 1.06 1.07 1.05 1.08 
1.09 1.08 1.09 1.07 1.06 1.08 1.08 1.05 1.09 1.07 
1.09 1.07 1.08 1.08 1.06 1.05 1.07 1.06 1.09 1.09 
1.05 1.05 1.07 1.07 1.08 1.05 1.05 1.05 1.06 1.05 
1.06 1.07 1.08 1.09 1.08 1.07 1.05 1.05 1.05 1.05 
1.06 1.07 1.07 1.07 1.07 1.09 1.07 1.08 1.07 1.09 
1.05 1.09 1.08 1.06 1.08 1.09 1.07 1.07 1.05 1.06 
1.08 1.07 1.05 1.09 1.09 1.06 1.09 1.09 1.09 1.05 
1.06 1.08 1.07 1.07 1.06 1.05 1.08 1.09 1.07 1.06 
1.08 1.09 1.09 1.07 1.05 1.07 1.06 1.09 1.05 1.09 
1.05 1.06 1.07 1.05 1.07 1.07 1.07 1.09 1.06 1.07 
1.06 1.07 1.07 1.08 1.09 1.06 1.05 1.09 1.08 1.06 
1.06 1.08 1.07 1.06 1.06 1.08 1.09 1.09 1.06 1.06 
1.09 1.05 1.06 1.06 1.08 1.05 1.06 1.08 1.05 1.08 
1.05 1.09 1.09 1.08 1.07 1.05 1.08 1.06 1.07 1.06 
1.08 1.09 1.06 1.07 1.05 1.05 1.09 1.07 1.07 1.09 
1.09 1.05 1.09 1.07 1.07 1.08 1.06 1.05 1.07 1.05 
1.06 1.07 1.09 1.08 1.06 1.08 1.08 1.09 1.05 1.05 
1.07 1.08 1.07 1.06 1.06 1.09 1.08 1.06 1.08 1.09 
1.07 1.08 1.07 1.06 1.07 1.08 1.06 1.06 1.08 1.09 
1.05 1.05 1.05 1.08 1.08 1.09 1.07 1.08 1.05 1.06 
1.05 1.05 1.05 1.07 1.07 1.08 1.05 1.05 1.08 1.05 
1.08 1.07 1.09 1.05 1.09 1.05 1.09 1.05 1.05 1.08 
1.06 1.07 1.05 1.05 1.08 1.09 1.05 1.09 1.08 1.07 
1.08 1.06 1.06 1.07 1.05 1.05 1.08 1.06 1.05 1.08 
1.07 1.09 1.06 1.07 1.06 1.09 1.09 1.05 1.07 1.08 
1.07 1.06 1.08 1.05 1.08 1.05 1.05 1.07 1.07 1.08 
1.05 1.07 1.09 1.08 1.05 1.07 1.09 1.06 1.06 1.05 
1.08 1.09 1.08 1.08 1.05 1.07 1.09 1.06 1.07 1.07 
1.07 1.07 1.06 1.09 1.08 1.07 1.07 1.09 1.08 1.08 
1.05 1.09 1.07 1.05 1.09 1.07 1.08 1.06 1.09 1.05 
1.09 1.09 1.08 1.09 1.09 1.09 1.05 1.09 1.08 1.06 
1.08 1.07 1.07 1.06 1.05 1.06 1.06 1.06 1.05 1.05 
1.09 1.08 1.06 1.06 1.07 1.05 1.06 1.08 1.05 1.07 
1.06 1.09 1.09 1.08 1.09 1.06 1.09 1.09 1.05 1.06 
1.08 1.09 1.09 1.07 1.08 1.09 1.07 1.06 1.07 1.09 
1.06 1.06 1.06 1.07 1.09 1.08 1.07 1.07 1.06 1.06 
1.05 1.07 1.09 1.09 1.06 1.08 1.07 1.07 1.08 1.07 
1.09 1.08 1.05 1.05 1.06 1.08 1.07 1.07 1.07 1.05 
1.09 1.05 1.07 1.08 1.09 1.06 1.08 1.09 1.06 1.08 
1.06 1.07 1.08 1.06 1.06 1.08 1.08 1.08 1.09 1.06 
1.08 1.08 1.07 1.07 1.09 1.07 1.08 1.07 1.05 1.07 
1.07 1.06 1.05 1.05 1.07 1.05 1.08 1.08 1.09 1.06 
1.09 1.09 1.06 1.09 1.05 1.06 1.06 1.08 1.06 1.06 
1.06 1.05 1.06 1.09 1.09 1.08 1.08 1.09 1.06 1.09 
1.06 1.09 1.09 1.06 1.05 1.09 1.08 1.05 1.09 1.05 
1.08 1.06 1.08 1.06 1.06 1.08 1.06 1.05 1.06 1.09 
1.06 1.05 1.07 1.08 1.06 1.08 1.07 1.07 1.06 1.08 
1.06 1.06 1.07 1.09 1.06 1.09 1.05 1.05 1.06 1.06 
1.08 1.05 1.09 1.05 1.05 1.06 1.08 1.07 1.05 1.07 
1.09 1.08 1.05 1.06 1.08 1.05 1.08 1.05 1.05 1.06 
1.05 1.07 1.06 1.08 1.05 1.08 1.09 1.07 1.08 1.05 
1.07 1.06 1.09 1.06 1.08 1.06 1.08 1.08 1.09 1.06 
1.09 1.09 1.08 1.07 1.06 1.05 1.07 1.05 1.07 1.09 
1.06 1.07 1.08 1.08 1.06 1.05 1.06 1.05 1.06 1.08 
1.05 1.05 1.06 1.09 1.06 1.09 1.05 1.05 1.07 1.08 
1.06 1.09 1.06 1.05 1.08 1.09 1.08 1.06 1.09 1.09 
1.06 1.07 1.09 1.07 1.05 1.09 1.08 1.08 1.05 1.06 
1.08 1.08 1.05 1.06 1.07 1.09 1.07 1.07 1.07 1.09 
1.05 1.05 1.09 1.07 1.09 1.06 1.06 1.09 1.06 1.05 
1.08 1.08 1.05 1.05 1.08 1.09 1.06 1.06 1.08 1.09 
1.09 1.08 1.09 1.09 1.05 1.06 1.09 1.08 1.09 1.06 
1.06 1.09 1.05 1.08 1.07 1.09 1.05 1.07 1.05 1.07 
1.06 1.05 1.06 1.07 1.08 1.09 1.06 1.07 1.08 1.08 
1.07 1.09 1.07 1.08 1.09 1.07 1.06 1.08 1.08 1.09 
1.09 1.07 1.05 1.06 1.08 1.09 1.05 1.05 1.08 1.09 
1.07 1.09 1.08 1.09 1.06 1.05 1.06 1.09 1.08 1.09 
1.09 1.08 1.08 1.05 1.07 1.06 1.05 1.06 1.08 1.05 
1.09 1.06 1.08 1.07 1.09 1.07 1.08 1.06 1.09 1.07 
1.09 1.05 1.09 1.09 1.08 1.06 1.08 1.09 1.08 1.05 
1.08 1.05 1.07 1.05 1.08 1.06 1.07 1.07 1.06 1.08 
1.08 1.05 1.07 1.08 1.09 1.05 1.06 1.06 1.09 1.07 
1.08 1.08 1.07 1.07 1.09 1.05 1.09 1.08 1.07 1.08 
1.09 1.06 1.06 1.05 1.08 1.06 1.07 1.07 1.09 1.06 
1.07 1.09 1.05 1.06 1.08 1.08 1.06 1.06 1.06 1.08 
1.09 1.05 1.06 1.09 1.08 1.08 1.05 1.07 1.09 1.08 
1.09 1.07 1.08 1.06 1.09 1.09 1.08 1.08 1.07 1.09 
1.08 1.09 1.07 1.06 1.06 1.07 1.06 1.07 1.05 1.05 
1.08 1.05 1.09 1.09 1.06 1.07 1.07 1.05 1.06 1.05 
1.06 1.07 1.05 1.09 1.07 1.08 1.06 1.09 1.06 1.08 
1.08 1.07 1.06 1.05 1.07 1.06 1.09 1.08 1.09 1.07 
1.09 1.05 1.07 1.06 1.09 1.07 1.08 1.09 1.06 1.07 
1.06 1.05 1.06 1.05 1.06 1.06 1.08 1.07 1.08 1.06 
1.08 1.06 1.06 1.05 1.08 1.09 1.05 1.08 1.09 1.07 
1.07 1.06 1.07 1.05 1.06 1.07 1.06 1.06 1.09 1.05 
1.09 1.08 1.09 1.06 1.05 1.06 1.06 1.07 1.08 1.07 
1.07 1.09 1.06 1.09 1.09 1.08 1.09 1.06 1.09 1.09 
1.08 1.06 1.09 1.06 1.06 1.07 1.09 1.09 1.07 1.05 
1.06 1.07 1.09 1.08 1.08 1.05 1.08 1.09 1.07 1.09 
1.07 1.08 1.07 1.05 1.09 1.08 1.05 1.08 1.05 1.09 
1.09 1.06 1.09 1.09 1.08 1.08 1.06 1.07 1.09 1.09 
1.09 1.07 1.08 1.07 1.09 1.05 1.08 1.09 1.06 1.09 
1.05 1.08 1.09 1.08 1.05 1.05 1.06 1.09 1.08 1.05 
1.06 1.09 1.08 1.06 1.08 1.08 1.07 1.05 1.06 1.09 
1.05 1.09 1.05 1.06 1.08 1.05 1.08 1.05 1.07 1.05 
1.09 1.09 1.08 1.06 1.06 1.09 1.06 1.05 1.09 1.09 
1.07 1.07 1.07 1.09 1.07 1.08 1.09 1.07 1.06 1.09 
1.09 1.05 1.07 1.08 1.06 1.07 1.06 1.09 1.06 1.06 
1.09 1.09 1.06 1.05 1.07 1.07 1.06 1.09 1.08 1.09 
1.08 1.06 1.09 1.05 1.05 1.08 1.08 1.06 1.07 1.08 
1.06 1.05 1.09 1.05 1.07 1.08 1.06 1.06 1.09 1.09 
1.05 1.07 1.08 1.06 1.06 1.05 1.05 1.09 1.09 1.06 
1.09 1.06 1.05 1.05 1.09 1.08 1.07 1.08 1.07 1.09 
1.06 1.09 1.08 1.06 1.06 1.08 1.07 1.08 1.07 1.06 
1.05 1.07 1.08 1.05 1.08 1.06 1.05 1.07 1.06 1.06 
1.05 1.09 1.08 1.09 1.06 1.09 1.08 1.08 1.09 1.07 
1.07 1.06 1.06 1.06 1.09 1.08 1.08 1.08 1.08 1.07 
1.08 1.08 1.09 1.08 1.09 1.08 1.08 1.05 1.06 1.06 
1.09 1.05 1.06 1.08 1.05 1.08 1.06 1.06 1.09 1.05 
1.07 1.06 1.06 1.09 1.09 1.09 1.06 1.06 1.07 1.09 
1.08 1.07 1.07 1.06 1.05 1.09 1.06 1.06 1.06 1.08 
1.09 1.06 1.06 1.06 1.09 1.05 1.05 1.09 1.05 1.05 
1.09 1.05 1.07 1.09 1.09 1.05 1.07 1.07 1.05 1.06 
1.09 1.08 1.05 1.07 1.07 1.08 1.06 1.07 1.09 1.08 
1.09 1.06 1.09 1.05 1.07 1.08 1.08 1.05 1.08 1.07 
1.05 1.09 1.07 1.06 1.08 1.09 1.05 1.06 1.06 1.06 
1.08 1.09 1.06 1.05 1.08 1.08 1.06 1.05 1.08 1.05 
1.06 1.08 1.08 1.07 1.06 1.06 1.07 1.06 1.06 1.05 
1.08 1.07 1.08 1.09 1.05 1.09 1.05 1.05 1.05 1.09 
1.05 1.09 1.09 1.09 1.07 1.09 1.07 1.06 1.09 1.07 
1.09 1.07 1.05 1.08 1.08 1.07 1.07 1.09 1.07 1.07 
1.06 1.09 1.09 1.09 1.09 1.09 1.08 1.07 1.09 1.09 
1.09 1.06 1.07 1.06 1.06 1.08 1.05 1.05 1.09 1.05 
1.05 1.09 1.08 1.08 1.07 1.07 1.05 1.05 1.07 1.05 
1.06 1.06 1.09 1.09 1.06 1.07 1.05 1.07 1.05 1.07 
1.07 1.06 1.07 1.05 1.06 1.09 1.07 1.07 1.05 1.09 
1.08 1.07 1.06 1.09 1.07 1.06 1.07 1.06 1.09 1.07 
1.09 1.08 1.06 1.06 1.05 1.07 1.06 1.08 1.08 1.09 
1.08 1.09 1.08 1.08 1.06 1.09 1.09 1.09 1.07 1.07 
1.08 1.05 1.06 1.07 1.06 1.07 1.09 1.09 1.05 1.06 
1.08 1.08 1.06 1.08 1.05 1.06 1.05 1.09 1.08 1.05 
1.05 1.06 1.09 1.07 1.06 1.09 1.08 1.09 1.05 1.05 
1.07 1.09 1.05 1.05 1.06 1.08 1.07 1.07 1.05 1.08 
1.06 1.09 1.05 1.08 1.07 1.07 1.08 1.05 1.05 1.06 
1.06 1.07 1.05 1.07 1.08 1.05 1.08 1.09 1.06 1.08 
1.08 1.06 1.05 1.06 1.06 1.09 1.09 1.07 1.09 1.05 
1.09 1.09 1.09 1.09 1.08 1.09 1.06 1.05 1.08 1.05 
1.05 1.09 1.07 1.07 1.06 1.08 1.07 1.08 1.08 1.09 
1.08 1.07 1.09 1.08 1.05 1.09 1.05 1.05 1.06 1.07 
