20
200
51 16 35 33 80 51 89 72 50 50 68 66 45 85 30 71 39 87 35 12 82 47 93 58 91 21 56 34 35 73 77 34 21 14 33 55 49 1 6 19 15 23 50 20 67 95 27 94 84 45 62 22 34 52 42 64 56 35 87 70 81 18 71 53 87 9 77 15 98 30 33 73 82 91 44 52 31 10 72 7 92 32 49 55 50 7 61 89 94 92 94 83 10 17 22 97 88 47 27 30 67 74 51 51 58 55 33 64 78 6 2 25 64 70 67 34 63 50 100 14 94 53 20 32 65 56 49 95 56 87 95 24 77 1 76 93 80 35 91 36 23 56 21 29 95 58 3 20 11 48 77 74 39 63 98 86 2 93 14 71 52 36 76 96 23 47 96 30 10 64 4 25 31 98 5 14 13 79 96 48 49 37 81 30 74 44 76 52 90 51 39 68 99 24 23 50 45 81 66 87 
8 8 9 2 2 2 9 1 9 8 5 8 6 5 1 2 5 2 1 3 
1.06 1.06 1.03 1.05 1.03 1.06 1.03 1.04 1.06 1.03 1.04 1.04 1.02 1.03 1.02 1.03 1.06 1.06 1.02 1.04 
1.01 1.05 1.02 1.03 1.02 1.01 1.04 1.05 1.04 1.01 1.02 1.06 1.02 1.02 1.05 1.01 1.02 1.02 1.05 1.04 
1.01 1.02 1.02 1.04 1.06 1.06 1.02 1.02 1.05 1.03 1.05 1.04 1.03 1.01 1.05 1.01 1.02 1.01 1.05 1.02 
1.02 1.01 1.05 1.04 1.02 1.03 1.01 1.03 1.03 1.04 1.04 1.04 1.05 1.05 1.03 1.01 1.02 1.04 1.05 1.03 
1.05 1.04 1.02 1.05 1.01 1.01 1.04 1.04 1.05 1.02 1.04 1.02 1.04 1.05 1.03 1.05 1.05 1.05 1.03 1.04 
1.05 1.06 1.05 1.01 1.02 1.05 1.05 1.02 1.05 1.01 1.03 1.05 1.06 1.05 1.03 1.03 1.04 1.01 1.06 1.05 
1.02 1.02 1.04 1.04 1.01 1.05 1.04 1.06 1.02 1.02 1.02 1.03 1.03 1.04 1.01 1.02 1.02 1.05 1.03 1.05 
1.04 1.02 1.03 1.05 1.06 1.06 1.02 1.03 1.06 1.03 1.04 1.01 1.05 1.02 1.03 1.04 1.01 1.06 1.01 1.06 
1.02 1.06 1.06 1.06 1.04 1.06 1.03 1.02 1.02 1.03 1.01 1.03 1.06 1.05 1.03 1.02 1.01 1.06 1.03 1.04 
1.01 1.05 1.02 1.01 1.02 1.04 1.05 1.05 1.01 1.04 1.05 1.06 1.01 1.01 1.05 1.02 1.02 1.04 1.03 1.05 
1.03 1.06 1.05 1.01 1.01 1.04 1.04 1.06 1.03 1.06 1.05 1.02 1.02 1.03 1.02 1.06 1.04 1.01 1.06 1.03 
1.06 1.06 1.06 1.03 1.05 1.04 1.03 1.04 1.03 1.02 1.05 1.04 1.02 1.05 1.06 1.02 1.05 1.03 1.02 1.04 
1.05 1.02 1.04 1.03 1.06 1.02 1.02 1.05 1.06 1.05 1.05 1.01 1.04 1.04 1.04 1.02 1.02 1.01 1.03 1.05 
1.06 1.01 1.06 1.02 1.05 1.06 1.02 1.03 1.01 1.04 1.01 1.04 1.02 1.01 1.02 1.06 1.02 1.04 1.03 1.03 
1.06 1.01 1.05 1.03 1.01 1.06 1.05 1.04 1.06 1.03 1.02 1.02 1.02 1.01 1.04 1.04 1.03 1.06 1.01 1.02 
1.06 1.03 1.02 1.02 1.01 1.01 1.01 1.01 1.04 1.02 1.01 1.04 1.05 1.03 1.01 1.02 1.06 1.01 1.03 1.04 
1.03 1.03 1.05 1.04 1.05 1.01 1.01 1.01 1.04 1.01 1.06 1.04 1.01 1.02 1.01 1.05 1.02 1.02 1.02 1.05 
1.06 1.05 1.06 1.05 1.02 1.03 1.02 1.05 1.06 1.01 1.02 1.03 1.01 1.03 1.01 1.06 1.04 1.02 1.06 1.01 
1.01 1.01 1.06 1.03 1.05 1.05 1.04 1.02 1.01 1.02 1.03 1.01 1.06 1.01 1.03 1.05 1.03 1.03 1.05 1.05 
1.01 1.01 1.02 1.01 1.06 1.01 1.03 1.04 1.06 1.06 1.03 1.03 1.03 1.06 1.04 1.04 1.06 1.03 1.02 1.01 
1.03 1.05 1.02 1.04 1.04 1.06 1.03 1.05 1.01 1.01 1.03 1.01 1.02 1.03 1.03 1.01 1.06 1.04 1.04 1.01 
1.05 1.05 1.06 1.03 1.04 1.03 1.05 1.03 1.04 1.06 1.05 1.06 1.05 1.03 1.06 1.05 1.04 1.03 1.06 1.06 
1.03 1.02 1.05 1.01 1.02 1.02 1.03 1.06 1.03 1.03 1.03 1.05 1.04 1.06 1.06 1.04 1.03 1.02 1.04 1.01 
1.06 1.06 1.05 1.04 1.04 1.05 1.04 1.05 1.03 1.01 1.04 1.01 1.01 1.04 1.02 1.06 1.03 1.02 1.04 1.05 
1.03 1.02 1.03 1.02 1.02 1.02 1.02 1.02 1.06 1.04 1.02 1.03 1.05 1.05 1.05 1.05 1.04 1.05 1.02 1.01 
1.02 1.02 1.03 1.05 1.04 1.04 1.06 1.04 1.02 1.01 1.01 1.01 1.02 1.06 1.04 1.05 1.03 1.01 1.04 1.04 
1.06 1.04 1.02 1.01 1.05 1.01 1.05 1.06 1.05 1.02 1.04 1.01 1.06 1.05 1.03 1.06 1.04 1.02 1.01 1.05 
1.06 1.03 1.01 1.04 1.01 1.05 1.02 1.05 1.02 1.06 1.04 1.05 1.06 1.06 1.01 1.05 1.05 1.02 1.04 1.06 
1.01 1.01 1.03 1.06 1.05 1.02 1.06 1.01 1.02 1.05 1.04 1.06 1.03 1.02 1.04 1.03 1.05 1.05 1.02 1.03 
1.01 1.05 1.02 1.05 1.04 1.03 1.03 1.02 1.02 1.04 1.04 1.06 1.06 1.02 1.05 1.05 1.02 1.05 1.06 1.05 
1.01 1.01 1.03 1.06 1.02 1.03 1.04 1.06 1.05 1.06 1.05 1.06 1.03 1.04 1.01 1.05 1.05 1.06 1.02 1.02 
1.02 1.06 1.01 1.03 1.06 1.03 1.06 1.03 1.05 1.02 1.05 1.01 1.05 1.06 1.04 1.04 1.04 1.02 1.04 1.02 
1.03 1.02 1.04 1.04 1.03 1.01 1.01 1.05 1.06 1.06 1.02 1.02 1.01 1.04 1.02 1.06 1.01 1.05 1.01 1.03 
1.03 1.05 1.05 1.04 1.01 1.01 1.06 1.01 1.03 1.01 1.02 1.03 1.01 1.05 1.05 1.06 1.03 1.02 1.04 1.02 
1.03 1.06 1.06 1.05 1.02 1.03 1.01 1.04 1.03 1.03 1.04 1.04 1.01 1.04 1.04 1.03 1.03 1.06 1.01 1.05 
1.06 1.03 1.06 1.06 1.02 1.02 1.06 1.01 1.02 1.05 1.01 1.06 1.05 1.02 1.01 1.06 1.06 1.01 1.05 1.03 
1.06 1.01 1.01 1.01 1.05 1.01 1.04 1.01 1.02 1.06 1.05 1.02 1.01 1.02 1.04 1.04 1.05 1.01 1.01 1.05 
1.02 1.01 1.04 1.02 1.03 1.03 1.05 1.04 1.04 1.05 1.06 1.02 1.05 1.02 1.03 1.01 1.04 1.01 1.03 1.06 
1.05 1.04 1.05 1.02 1.01 1.01 1.05 1.04 1.02 1.03 1.06 1.04 1.06 1.06 1.04 1.03 1.01 1.03 1.06 1.02 
1.03 1.04 1.06 1.05 1.05 1.04 1.04 1.05 1.02 1.02 1.06 1.01 1.05 1.06 1.02 1.04 1.05 1.01 1.02 1.03 
1.04 1.01 1.03 1.05 1.01 1.03 1.03 1.04 1.01 1.04 1.04 1.05 1.01 1.04 1.06 1.06 1.03 1.05 1.06 1.05 
1.04 1.01 1.04 1.06 1.02 1.01 1.04 1.02 1.03 1.04 1.05 1.01 1.06 1.03 1.06 1.03 1.06 1.05 1.01 1.06 
1.04 1.02 1.04 1.02 1.06 1.04 1.06 1.04 1.03 1.05 1.04 1.02 1.05 1.05 1.02 1.04 1.04 1.06 1.03 1.04 
1.02 1.03 1.06 1.01 1.04 1.03 1.06 1.06 1.01 1.06 1.05 1.06 1.05 1.05 1.02 1.05 1.05 1.04 1.02 1.02 
1.01 1.06 1.05 1.05 1.03 1.02 1.02 1.01 1.01 1.02 1.01 1.06 1.06 1.02 1.05 1.04 1.01 1.01 1.02 1.02 
1.06 1.02 1.01 1.03 1.03 1.05 1.06 1.03 1.05 1.06 1.05 1.04 1.04 1.02 1.05 1.03 1.01 1.02 1.04 1.04 
1.05 1.04 1.06 1.03 1.06 1.04 1.01 1.05 1.02 1.05 1.04 1.06 1.01 1.05 1.06 1.01 1.03 1.06 1.05 1.05 
1.04 1.05 1.01 1.04 1.03 1.01 1.02 1.01 1.02 1.01 1.05 1.06 1.06 1.06 1.01 1.05 1.01 1.05 1.03 1.02 
1.05 1.04 1.02 1.04 1.06 1.01 1.02 1.03 1.03 1.02 1.05 1.04 1.01 1.03 1.04 1.01 1.05 1.04 1.04 1.04 
1.02 1.03 1.05 1.03 1.01 1.03 1.03 1.01 1.01 1.03 1.01 1.05 1.01 1.02 1.03 1.03 1.05 1.05 1.05 1.06 
1.01 1.04 1.05 1.03 1.05 1.04 1.05 1.05 1.02 1.01 1.04 1.03 1.06 1.01 1.06 1.02 1.01 1.01 1.06 1.01 
1.01 1.06 1.01 1.06 1.01 1.02 1.05 1.02 1.01 1.01 1.04 1.05 1.04 1.04 1.03 1.03 1.06 1.02 1.04 1.05 
1.02 1.03 1.06 1.02 1.01 1.01 1.05 1.01 1.01 1.01 1.06 1.06 1.02 1.02 1.03 1.05 1.05 1.04 1.04 1.06 
1.01 1.01 1.01 1.03 1.01 1.06 1.03 1.05 1.03 1.05 1.04 1.04 1.03 1.01 1.06 1.04 1.01 1.01 1.04 1.01 
1.05 1.01 1.04 1.05 1.04 1.05 1.04 1.05 1.01 1.05 1.03 1.04 1.06 1.02 1.06 1.01 1.02 1.02 1.04 1.01 
1.03 1.02 1.01 1.01 1.01 1.05 1.01 1.04 1.02 1.05 1.04 1.06 1.01 1.04 1.04 1.01 1.04 1.03 1.06 1.04 
1.04 1.01 1.04 1.04 1.02 1.06 1.02 1.06 1.04 1.04 1.05 1.04 1.02 1.02 1.05 1.01 1.02 1.03 1.01 1.01 
1.01 1.03 1.01 1.05 1.04 1.03 1.04 1.05 1.03 1.03 1.03 1.01 1.01 1.06 1.05 1.01 1.01 1.02 1.03 1.02 
1.06 1.04 1.04 1.05 1.05 1.01 1.05 1.03 1.06 1.01 1.03 1.02 1.01 1.01 1.01 1.01 1.05 1.06 1.03 1.06 
1.03 1.05 1.04 1.04 1.01 1.03 1.01 1.03 1.02 1.05 1.05 1.04 1.02 1.06 1.02 1.03 1.05 1.04 1.03 1.02 
1.03 1.03 1.03 1.04 1.05 1.03 1.05 1.03 1.05 1.06 1.05 1.01 1.03 1.01 1.05 1.03 1.04 1.02 1.06 1.01 
1.06 1.01 1.03 1.05 1.01 1.01 1.06 1.03 1.02 1.03 1.02 1.04 1.05 1.04 1.05 1.02 1.02 1.05 1.03 1.04 
1.01 1.05 1.05 1.06 1.05 1.03 1.03 1.06 1.03 1.04 1.03 1.05 1.06 1.05 1.06 1.02 1.06 1.06 1.05 1.04 
1.06 1.06 1.06 1.06 1.01 1.06 1.06 1.03 1.04 1.01 1.06 1.04 1.01 1.02 1.03 1.06 1.02 1.01 1.01 1.01 
1.01 1.02 1.06 1.04 1.02 1.05 1.04 1.02 1.05 1.03 1.03 1.01 1.06 1.05 1.05 1.04 1.02 1.01 1.04 1.04 
1.03 1.06 1.06 1.02 1.03 1.05 1.01 1.06 1.03 1.05 1.02 1.03 1.04 1.04 1.05 1.05 1.02 1.06 1.05 1.06 
1.02 1.01 1.05 1.05 1.05 1.04 1.04 1.06 1.05 1.01 1.02 1.01 1.02 1.06 1.05 1.06 1.02 1.01 1.04 1.01 
1.02 1.03 1.06 1.01 1.05 1.05 1.01 1.01 1.06 1.04 1.01 1.05 1.06 1.06 1.01 1.01 1.06 1.04 1.01 1.03 
1.02 1.06 1.02 1.03 1.02 1.01 1.06 1.02 1.01 1.03 1.02 1.04 1.02 1.03 1.01 1.02 1.02 1.02 1.04 1.05 
1.06 1.05 1.02 1.04 1.02 1.04 1.03 1.01 1.01 1.05 1.02 1.04 1.05 1.02 1.04 1.03 1.01 1.03 1.01 1.01 
1.02 1.02 1.01 1.02 1.05 1.03 1.03 1.06 1.04 1.02 1.05 1.05 1.06 1.05 1.04 1.04 1.03 1.02 1.04 1.04 
1.02 1.02 1.04 1.03 1.01 1.03 1.01 1.02 1.04 1.04 1.06 1.06 1.02 1.05 1.02 1.04 1.04 1.02 1.01 1.06 
1.02 1.02 1.04 1.04 1.06 1.04 1.03 1.01 1.05 1.06 1.04 1.01 1.01 1.03 1.05 1.04 1.03 1.05 1.03 1.03 
1.02 1.06 1.05 1.01 1.05 1.06 1.05 1.01 1.06 1.04 1.06 1.05 1.02 1.06 1.03 1.03 1.02 1.05 1.05 1.04 
1.01 1.03 1.01 1.05 1.05 1.03 1.03 1.02 1.04 1.06 1.02 1.01 1.01 1.03 1.05 1.02 1.06 1.04 1.06 1.02 
1.05 1.05 1.05 1.02 1.06 1.05 1.01 1.05 1.06 1.05 1.04 1.04 1.02 1.03 1.01 1.03 1.06 1.02 1.01 1.03 
1.06 1.01 1.03 1.01 1.03 1.04 1.05 1.04 1.04 1.03 1.02 1.01 1.04 1.01 1.02 1.06 1.01 1.01 1.04 1.02 
1.03 1.02 1.04 1.04 1.06 1.05 1.05 1.02 1.06 1.04 1.03 1.06 1.02 1.06 1.05 1.01 1.03 1.03 1.05 1.02 
1.01 1.02 1.03 1.03 1.02 1.02 1.04 1.01 1.04 1.02 1.02 1.04 1.06 1.01 1.04 1.01 1.06 1.01 1.06 1.03 
1.03 1.04 1.02 1.02 1.01 1.06 1.04 1.04 1.05 1.02 1.01 1.04 1.06 1.01 1.06 1.03 1.01 1.04 1.01 1.02 
1.02 1.04 1.04 1.01 1.02 1.06 1.05 1.02 1.04 1.03 1.02 1.04 1.06 1.05 1.04 1.06 1.05 1.06 1.02 1.01 
1.03 1.03 1.02 1.05 1.02 1.03 1.03 1.06 1.02 1.01 1.03 1.01 1.04 1.01 1.02 1.05 1.05 1.03 1.05 1.06 
1.01 1.03 1.01 1.06 1.01 1.01 1.05 1.05 1.01 1.03 1.05 1.01 1.01 1.06 1.06 1.05 1.04 1.03 1.06 1.05 
1.02 1.04 1.03 1.01 1.02 1.05 1.06 1.05 1.06 1.02 1.04 1.03 1.02 1.03 1.04 1.05 1.02 1.03 1.02 1.04 
1.03 1.04 1.03 1.05 1.06 1.05 1.03 1.02 1.04 1.03 1.04 1.06 1.01 1.05 1.03 1.06 1.06 1.06 1.01 1.01 
1.03 1.05 1.05 1.06 1.01 1.03 1.01 1.03 1.05 1.03 1.05 1.02 1.05 1.01 1.03 1.04 1.04 1.02 1.06 1.06 
1.04 1.06 1.03 1.04 1.02 1.02 1.01 1.01 1.03 1.02 1.03 1.04 1.02 1.02 1.02 1.03 1.02 1.01 1.06 1.01 
1.01 1.03 1.05 1.03 1.06 1.05 1.02 1.03 1.02 1.01 1.01 1.02 1.05 1.06 1.02 1.03 1.05 1.03 1.01 1.05 
1.02 1.05 1.01 1.05 1.03 1.01 1.01 1.03 1.04 1.04 1.04 1.02 1.03 1.05 1.02 1.06 1.04 1.06 1.02 1.03 
1.05 1.02 1.02 1.06 1.06 1.06 1.03 1.04 1.05 1.06 1.06 1.05 1.04 1.04 1.01 1.01 1.01 1.03 1.06 1.02 
1.03 1.06 1.05 1.06 1.04 1.03 1.04 1.01 1.05 1.05 1.01 1.06 1.04 1.04 1.02 1.05 1.05 1.06 1.06 1.01 
1.05 1.01 1.05 1.04 1.01 1.01 1.03 1.03 1.06 1.02 1.04 1.06 1.01 1.01 1.05 1.05 1.02 1.03 1.02 1.03 
1.03 1.06 1.03 1.01 1.01 1.01 1.04 1.01 1.01 1.03 1.04 1.01 1.01 1.04 1.06 1.02 1.05 1.02 1.06 1.02 
1.04 1.06 1.02 1.03 1.04 1.05 1.05 1.04 1.03 1.03 1.04 1.02 1.03 1.04 1.01 1.04 1.02 1.03 1.05 1.01 
1.01 1.02 1.05 1.03 1.04 1.05 1.03 1.04 1.04 1.03 1.02 1.05 1.04 1.03 1.06 1.04 1.03 1.04 1.05 1.01 
1.04 1.03 1.02 1.04 1.06 1.01 1.05 1.05 1.03 1.06 1.04 1.04 1.03 1.06 1.03 1.02 1.02 1.03 1.06 1.06 
1.06 1.06 1.06 1.05 1.05 1.05 1.02 1.05 1.02 1.04 1.03 1.01 1.02 1.06 1.01 1.02 1.06 1.04 1.05 1.01 
1.02 1.02 1.02 1.05 1.06 1.02 1.05 1.05 1.02 1.06 1.04 1.04 1.01 1.02 1.02 1.02 1.03 1.02 1.02 1.01 
1.06 1.01 1.04 1.01 1.05 1.04 1.05 1.02 1.05 1.03 1.03 1.01 1.05 1.03 1.04 1.01 1.01 1.02 1.05 1.02 
1.03 1.01 1.04 1.01 1.02 1.04 1.06 1.05 1.05 1.06 1.05 1.01 1.02 1.01 1.03 1.02 1.02 1.03 1.02 1.01 
1.03 1.05 1.01 1.03 1.02 1.05 1.01 1.05 1.02 1.03 1.01 1.02 1.01 1.03 1.02 1.04 1.04 1.04 1.01 1.02 
1.01 1.02 1.02 1.05 1.05 1.03 1.06 1.05 1.04 1.03 1.01 1.01 1.01 1.02 1.06 1.06 1.01 1.03 1.04 1.06 
1.06 1.05 1.02 1.05 1.03 1.04 1.06 1.05 1.04 1.05 1.03 1.03 1.04 1.05 1.06 1.01 1.03 1.05 1.03 1.03 
1.03 1.02 1.06 1.03 1.03 1.03 1.05 1.04 1.02 1.05 1.05 1.02 1.01 1.02 1.06 1.03 1.04 1.04 1.04 1.04 
1.04 1.01 1.04 1.05 1.05 1.03 1.04 1.02 1.06 1.01 1.03 1.03 1.02 1.04 1.02 1.05 1.01 1.02 1.03 1.06 
1.02 1.03 1.02 1.02 1.06 1.05 1.04 1.05 1.04 1.06 1.05 1.04 1.04 1.06 1.01 1.01 1.04 1.05 1.03 1.01 
1.04 1.05 1.06 1.01 1.06 1.01 1.05 1.05 1.02 1.05 1.02 1.04 1.04 1.05 1.03 1.04 1.02 1.03 1.01 1.06 
1.06 1.05 1.03 1.03 1.01 1.06 1.04 1.01 1.06 1.01 1.06 1.02 1.05 1.03 1.06 1.04 1.03 1.04 1.05 1.01 
1.01 1.04 1.02 1.03 1.01 1.03 1.05 1.02 1.01 1.03 1.06 1.02 1.05 1.05 1.04 1.04 1.06 1.03 1.01 1.04 
1.04 1.05 1.02 1.01 1.05 1.03 1.01 1.04 1.02 1.03 1.05 1.03 1.04 1.05 1.04 1.04 1.01 1.03 1.05 1.06 
1.02 1.06 1.01 1.01 1.01 1.03 1.05 1.01 1.04 1.03 1.03 1.02 1.04 1.03 1.06 1.03 1.04 1.03 1.06 1.05 
1.06 1.05 1.05 1.06 1.05 1.05 1.04 1.04 1.06 1.03 1.01 1.04 1.03 1.06 1.01 1.02 1.04 1.05 1.02 1.04 
1.02 1.02 1.04 1.06 1.01 1.02 1.04 1.06 1.04 1.06 1.05 1.04 1.05 1.04 1.04 1.06 1.03 1.03 1.02 1.04 
1.01 1.05 1.03 1.05 1.05 1.05 1.05 1.05 1.05 1.05 1.06 1.06 1.06 1.03 1.03 1.04 1.06 1.04 1.02 1.01 
1.03 1.02 1.04 1.02 1.05 1.03 1.02 1.02 1.02 1.03 1.05 1.02 1.05 1.03 1.01 1.06 1.01 1.06 1.05 1.05 
1.05 1.03 1.06 1.02 1.06 1.02 1.04 1.01 1.05 1.02 1.05 1.01 1.02 1.06 1.01 1.01 1.03 1.03 1.01 1.06 
1.02 1.02 1.05 1.01 1.02 1.02 1.02 1.02 1.06 1.01 1.05 1.02 1.03 1.03 1.05 1.06 1.03 1.01 1.01 1.02 
1.01 1.01 1.03 1.01 1.06 1.04 1.06 1.01 1.06 1.02 1.06 1.01 1.03 1.04 1.01 1.05 1.03 1.06 1.04 1.05 
1.02 1.06 1.04 1.04 1.02 1.05 1.01 1.04 1.04 1.06 1.01 1.01 1.06 1.05 1.04 1.02 1.02 1.05 1.06 1.01 
1.01 1.01 1.01 1.05 1.02 1.01 1.03 1.03 1.03 1.06 1.03 1.06 1.03 1.03 1.02 1.06 1.04 1.05 1.02 1.01 
1.03 1.05 1.02 1.01 1.03 1.05 1.03 1.02 1.02 1.01 1.04 1.05 1.06 1.04 1.04 1.02 1.04 1.01 1.05 1.03 
1.04 1.05 1.02 1.04 1.01 1.04 1.05 1.01 1.05 1.04 1.06 1.05 1.03 1.04 1.04 1.04 1.05 1.04 1.02 1.04 
1.06 1.05 1.01 1.06 1.05 1.01 1.06 1.06 1.05 1.04 1.02 1.04 1.01 1.06 1.02 1.06 1.04 1.01 1.02 1.03 
1.02 1.06 1.02 1.05 1.05 1.03 1.02 1.01 1.06 1.05 1.01 1.04 1.05 1.05 1.01 1.06 1.04 1.05 1.01 1.04 
1.02 1.05 1.02 1.03 1.05 1.02 1.01 1.01 1.04 1.06 1.01 1.06 1.04 1.01 1.03 1.04 1.01 1.01 1.03 1.06 
1.01 1.01 1.01 1.05 1.06 1.06 1.04 1.01 1.01 1.04 1.03 1.04 1.06 1.04 1.01 1.06 1.02 1.03 1.05 1.06 
1.02 1.06 1.04 1.01 1.03 1.01 1.06 1.05 1.01 1.05 1.01 1.04 1.01 1.06 1.03 1.03 1.04 1.02 1.01 1.05 
1.06 1.06 1.05 1.03 1.01 1.04 1.04 1.04 1.05 1.06 1.06 1.04 1.03 1.03 1.02 1.04 1.04 1.04 1.05 1.05 
1.02 1.05 1.02 1.06 1.02 1.01 1.05 1.05 1.01 1.02 1.04 1.04 1.01 1.01 1.03 1.04 1.02 1.02 1.01 1.01 
1.03 1.01 1.04 1.05 1.04 1.05 1.04 1.06 1.02 1.06 1.05 1.06 1.06 1.06 1.06 1.03 1.04 1.02 1.05 1.06 
1.05 1.02 1.01 1.03 1.02 1.01 1.06 1.01 1.03 1.04 1.02 1.04 1.02 1.05 1.01 1.02 1.03 1.02 1.06 1.04 
1.05 1.05 1.02 1.03 1.05 1.06 1.01 1.04 1.02 1.03 1.05 1.02 1.04 1.02 1.05 1.05 1.03 1.05 1.02 1.02 
1.05 1.04 1.02 1.05 1.02 1.04 1.05 1.02 1.02 1.06 1.04 1.05 1.04 1.02 1.04 1.04 1.05 1.01 1.06 1.04 
1.05 1.06 1.02 1.06 1.04 1.04 1.04 1.04 1.04 1.06 1.05 1.01 1.05 1.02 1.02 1.01 1.04 1.03 1.06 1.02 
1.02 1.01 1.04 1.02 1.04 1.06 1.04 1.02 1.03 1.05 1.02 1.04 1.02 1.03 1.02 1.04 1.05 1.06 1.01 1.03 
1.05 1.04 1.02 1.04 1.05 1.06 1.04 1.01 1.03 1.05 1.04 1.01 1.06 1.03 1.02 1.06 1.01 1.05 1.02 1.03 
1.01 1.05 1.03 1.02 1.04 1.02 1.01 1.05 1.02 1.03 1.04 1.04 1.04 1.06 1.03 1.06 1.02 1.01 1.02 1.06 
1.04 1.06 1.03 1.02 1.01 1.06 1.02 1.02 1.03 1.02 1.06 1.02 1.02 1.01 1.05 1.01 1.03 1.01 1.04 1.03 
1.06 1.02 1.01 1.01 1.06 1.06 1.01 1.02 1.04 1.02 1.02 1.01 1.04 1.01 1.06 1.04 1.01 1.04 1.04 1.04 
1.03 1.05 1.04 1.02 1.01 1.06 1.04 1.02 1.01 1.06 1.05 1.03 1.06 1.05 1.03 1.03 1.06 1.04 1.04 1.06 
1.04 1.05 1.06 1.02 1.01 1.02 1.04 1.04 1.01 1.04 1.03 1.01 1.04 1.04 1.03 1.06 1.03 1.06 1.05 1.04 
1.05 1.02 1.03 1.06 1.06 1.05 1.02 1.01 1.04 1.02 1.04 1.01 1.05 1.01 1.06 1.04 1.05 1.02 1.03 1.06 
1.06 1.02 1.02 1.02 1.05 1.03 1.06 1.01 1.02 1.06 1.05 1.02 1.06 1.03 1.06 1.01 1.05 1.04 1.02 1.01 
1.03 1.04 1.04 1.03 1.05 1.06 1.04 1.03 1.05 1.01 1.05 1.03 1.02 1.04 1.04 1.02 1.05 1.06 1.05 1.01 
1.04 1.04 1.02 1.01 1.02 1.02 1.02 1.01 1.04 1.06 1.02 1.04 1.04 1.01 1.04 1.04 1.05 1.04 1.03 1.04 
1.02 1.04 1.01 1.03 1.02 1.04 1.05 1.06 1.02 1.06 1.06 1.01 1.01 1.02 1.02 1.02 1.04 1.06 1.06 1.05 
1.03 1.03 1.03 1.02 1.01 1.03 1.06 1.02 1.02 1.05 1.02 1.05 1.04 1.04 1.05 1.04 1.04 1.04 1.05 1.01 
1.06 1.05 1.03 1.03 1.05 1.04 1.01 1.01 1.01 1.05 1.02 1.06 1.04 1.05 1.05 1.05 1.01 1.05 1.01 1.01 
1.02 1.03 1.04 1.05 1.06 1.01 1.01 1.05 1.02 1.06 1.03 1.06 1.02 1.04 1.03 1.01 1.04 1.02 1.04 1.03 
1.01 1.01 1.01 1.02 1.04 1.06 1.04 1.06 1.02 1.05 1.03 1.04 1.06 1.06 1.01 1.05 1.01 1.03 1.02 1.01 
1.03 1.02 1.02 1.06 1.01 1.02 1.03 1.06 1.03 1.05 1.02 1.06 1.03 1.05 1.01 1.06 1.02 1.05 1.02 1.04 
1.01 1.06 1.04 1.01 1.03 1.01 1.02 1.03 1.01 1.05 1.06 1.06 1.01 1.03 1.03 1.03 1.03 1.05 1.03 1.01 
1.05 1.05 1.02 1.02 1.06 1.06 1.04 1.03 1.06 1.02 1.01 1.04 1.03 1.02 1.05 1.03 1.01 1.06 1.05 1.04 
1.01 1.05 1.01 1.05 1.06 1.03 1.05 1.06 1.03 1.03 1.01 1.06 1.01 1.02 1.05 1.04 1.04 1.04 1.01 1.06 
1.01 1.02 1.04 1.01 1.06 1.01 1.02 1.05 1.03 1.04 1.04 1.06 1.05 1.04 1.04 1.06 1.02 1.06 1.03 1.03 
1.04 1.04 1.05 1.05 1.01 1.01 1.04 1.05 1.04 1.04 1.04 1.04 1.06 1.06 1.06 1.05 1.03 1.02 1.06 1.03 
1.05 1.06 1.02 1.04 1.06 1.04 1.01 1.04 1.04 1.06 1.06 1.06 1.04 1.04 1.02 1.03 1.02 1.04 1.02 1.01 
1.02 1.04 1.05 1.02 1.01 1.06 1.01 1.04 1.01 1.04 1.05 1.03 1.04 1.02 1.01 1.06 1.01 1.02 1.01 1.05 
1.03 1.03 1.01 1.06 1.02 1.02 1.06 1.04 1.04 1.03 1.06 1.06 1.03 1.02 1.01 1.03 1.05 1.02 1.01 1.05 
1.02 1.03 1.01 1.05 1.05 1.02 1.01 1.03 1.02 1.02 1.06 1.04 1.02 1.05 1.01 1.04 1.03 1.02 1.05 1.01 
1.02 1.06 1.05 1.05 1.04 1.04 1.02 1.05 1.01 1.04 1.06 1.06 1.03 1.04 1.03 1.05 1.02 1.03 1.06 1.04 
1.06 1.06 1.04 1.04 1.01 1.04 1.02 1.02 1.05 1.03 1.02 1.02 1.05 1.06 1.03 1.06 1.03 1.06 1.04 1.05 
1.01 1.06 1.03 1.04 1.02 1.03 1.01 1.02 1.04 1.04 1.01 1.04 1.06 1.01 1.04 1.02 1.04 1.04 1.02 1.03 
1.06 1.01 1.03 1.03 1.03 1.05 1.04 1.04 1.01 1.06 1.04 1.03 1.02 1.05 1.03 1.04 1.06 1.04 1.02 1.01 
1.06 1.05 1.03 1.04 1.06 1.01 1.06 1.03 1.04 1.03 1.01 1.03 1.01 1.05 1.03 1.03 1.03 1.03 1.06 1.05 
1.02 1.03 1.05 1.05 1.05 1.01 1.02 1.03 1.02 1.05 1.02 1.04 1.06 1.03 1.02 1.02 1.06 1.01 1.03 1.01 
1.04 1.04 1.04 1.05 1.01 1.03 1.01 1.03 1.03 1.05 1.06 1.03 1.05 1.01 1.03 1.04 1.02 1.02 1.06 1.02 
1.06 1.06 1.01 1.04 1.02 1.06 1.06 1.03 1.02 1.05 1.01 1.01 1.04 1.03 1.05 1.01 1.05 1.01 1.02 1.05 
1.04 1.01 1.05 1.05 1.01 1.01 1.02 1.05 1.04 1.03 1.05 1.05 1.01 1.01 1.02 1.01 1.03 1.04 1.03 1.05 
1.06 1.04 1.02 1.05 1.03 1.02 1.04 1.04 1.02 1.02 1.06 1.05 1.01 1.03 1.01 1.02 1.03 1.04 1.06 1.02 
1.05 1.02 1.02 1.05 1.05 1.02 1.01 1.01 1.06 1.03 1.02 1.06 1.04 1.04 1.05 1.03 1.02 1.01 1.06 1.05 
1.02 1.04 1.01 1.06 1.04 1.01 1.02 1.06 1.03 1.02 1.03 1.05 1.01 1.05 1.03 1.04 1.05 1.01 1.04 1.06 
1.06 1.01 1.04 1.01 1.02 1.05 1.06 1.04 1.05 1.04 1.02 1.05 1.01 1.04 1.03 1.06 1.02 1.01 1.06 1.03 
1.05 1.01 1.05 1.01 1.02 1.04 1.04 1.01 1.02 1.03 1.06 1.02 1.04 1.02 1.01 1.03 1.06 1.03 1.03 1.01 
1.01 1.03 1.06 1.03 1.04 1.04 1.01 1.04 1.06 1.01 1.02 1.06 1.06 1.05 1.06 1.04 1.03 1.06 1.06 1.04 
1.03 1.06 1.03 1.02 1.06 1.02 1.03 1.03 1.04 1.06 1.06 1.03 1.05 1.04 1.02 1.01 1.06 1.03 1.04 1.01 
1.06 1.05 1.02 1.01 1.01 1.06 1.03 1.03 1.06 1.03 1.02 1.02 1.02 1.02 1.05 1.06 1.04 1.03 1.04 1.02 
1.04 1.03 1.02 1.01 1.03 1.04 1.05 1.06 1.01 1.05 1.03 1.04 1.05 1.02 1.02 1.01 1.03 1.05 1.01 1.05 
1.01 1.03 1.02 1.06 1.03 1.05 1.03 1.03 1.03 1.02 1.04 1.04 1.04 1.06 1.02 1.05 1.04 1.03 1.05 1.03 
1.04 1.04 1.02 1.06 1.04 1.02 1.01 1.05 1.04 1.06 1.03 1.03 1.01 1.05 1.02 1.02 1.06 1.05 1.01 1.02 
1.02 1.03 1.02 1.05 1.02 1.04 1.02 1.01 1.02 1.05 1.06 1.05 1.02 1.06 1.02 1.06 1.05 1.03 1.06 1.02 
1.03 1.05 1.03 1.02 1.03 1.01 1.04 1.01 1.03 1.02 1.04 1.05 1.05 1.04 1.01 1.04 1.01 1.03 1.02 1.02 
1.02 1.04 1.02 1.02 1.03 1.05 1.03 1.03 1.02 1.01 1.01 1.03 1.05 1.02 1.02 1.05 1.03 1.05 1.06 1.05 
1.02 1.02 1.06 1.06 1.03 1.05 1.05 1.05 1.02 1.04 1.05 1.02 1.01 1.02 1.02 1.04 1.06 1.02 1.03 1.01 
1.06 1.02 1.06 1.06 1.02 1.01 1.04 1.01 1.04 1.01 1.02 1.03 1.04 1.06 1.05 1.03 1.01 1.04 1.04 1.05 
1.06 1.01 1.05 1.02 1.01 1.05 1.05 1.01 1.06 1.03 1.05 1.03 1.04 1.04 1.04 1.02 1.02 1.04 1.05 1.05 
1.01 1.05 1.02 1.03 1.06 1.06 1.06 1.02 1.05 1.03 1.05 1.03 1.05 1.06 1.04 1.05 1.05 1.03 1.03 1.03 
1.05 1.06 1.05 1.06 1.01 1.05 1.01 1.03 1.02 1.03 1.06 1.03 1.04 1.06 1.02 1.02 1.03 1.03 1.01 1.04 
1.06 1.04 1.04 1.06 1.01 1.06 1.05 1.01 1.05 1.02 1.06 1.05 1.03 1.04 1.03 1.05 1.05 1.03 1.01 1.02 
1.05 1.04 1.01 1.02 1.04 1.05 1.06 1.01 1.03 1.05 1.05 1.06 1.03 1.06 1.03 1.01 1.03 1.03 1.04 1.02 
1.06 1.02 1.02 1.05 1.01 1.01 1.05 1.03 1.04 1.01 1.04 1.03 1.02 1.05 1.06 1.04 1.06 1.06 1.02 1.01 
1.03 1.01 1.02 1.06 1.04 1.03 1.03 1.06 1.04 1.02 1.03 1.01 1.01 1.02 1.06 1.06 1.02 1.06 1.02 1.03 
1.02 1.03 1.03 1.05 1.05 1.04 1.01 1.03 1.02 1.06 1.05 1.05 1.03 1.04 1.06 1.03 1.03 1.01 1.06 1.02 
1.04 1.03 1.03 1.02 1.03 1.06 1.02 1.04 1.01 1.06 1.03 1.04 1.05 1.02 1.01 1.05 1.04 1.06 1.03 1.04 
1.06 1.01 1.06 1.01 1.05 1.02 1.02 1.01 1.01 1.02 1.05 1.02 1.02 1.05 1.05 1.06 1.06 1.06 1.04 1.03 
1.01 1.01 1.04 1.04 1.01 1.05 1.06 1.02 1.01 1.01 1.03 1.02 1.03 1.05 1.05 1.04 1.01 1.06 1.06 1.04 
1.05 1.02 1.06 1.05 1.03 1.04 1.04 1.04 1.06 1.04 1.05 1.02 1.06 1.02 1.03 1.02 1.06 1.02 1.04 1.03 
1.04 1.01 1.05 1.03 1.04 1.02 1.06 1.04 1.02 1.06 1.06 1.06 1.02 1.03 1.03 1.01 1.03 1.06 1.02 1.03 
1.04 1.02 1.02 1.02 1.02 1.05 1.02 1.02 1.06 1.05 1.03 1.02 1.01 1.06 1.03 1.02 1.04 1.06 1.02 1.06 
1.04 1.04 1.01 1.03 1.03 1.05 1.05 1.02 1.05 1.01 1.03 1.04 1.05 1.02 1.01 1.03 1.06 1.05 1.06 1.06 
