20
400
94 30 49 35 56 81 16 57 12 62 94 76 81 70 77 47 65 23 38 39 49 30 17 92 15 95 41 58 22 9 23 37 21 59 46 68 55 77 78 75 67 18 58 56 10 83 30 32 21 84 77 1 29 9 14 1 20 32 9 16 90 57 44 59 12 50 86 13 27 25 72 82 8 86 67 38 15 49 29 91 49 80 51 58 15 77 74 60 11 70 5 55 41 100 67 50 35 93 65 42 17 85 38 82 51 44 56 45 87 30 50 57 74 99 60 76 62 52 3 55 49 33 82 77 64 41 12 13 70 70 15 49 95 2 35 50 25 31 63 90 74 69 21 6 62 93 36 80 22 35 83 86 97 45 64 76 70 95 46 62 42 71 3 57 95 34 44 71 70 18 26 81 53 57 21 85 95 14 83 53 12 11 91 22 36 95 39 32 67 64 99 45 87 79 2 72 45 22 1 4 36 79 90 9 31 72 19 83 65 47 73 96 71 46 19 11 88 37 70 90 28 99 77 59 51 42 88 31 99 59 22 46 53 85 99 63 40 69 3 63 7 6 49 44 35 22 47 68 23 92 23 77 80 28 45 68 92 12 69 57 43 84 83 37 60 4 5 18 44 20 13 30 1 8 92 47 5 1 7 22 53 45 64 87 51 66 54 79 49 69 28 99 89 16 76 56 46 4 60 43 32 81 9 91 75 34 50 49 72 65 86 72 36 46 98 93 61 43 42 40 35 93 51 64 75 29 12 23 38 89 51 94 55 88 39 35 66 62 43 19 24 9 57 59 74 49 96 69 27 38 64 41 44 64 88 81 7 42 92 67 12 23 39 54 26 29 66 86 20 38 91 49 78 9 44 30 83 32 40 7 92 43 31 43 47 26 64 5 44 55 100 24 20 38 52 27 88 4 47 43 
3 3 1 3 1 2 3 2 1 2 3 1 1 2 1 1 3 2 1 1 
1.06 1.05 1.08 1.05 1.07 1.08 1.06 1.07 1.05 1.09 1.05 1.07 1.08 1.05 1.08 1.07 1.08 1.06 1.05 1.05 
1.06 1.09 1.08 1.09 1.07 1.05 1.06 1.06 1.05 1.06 1.06 1.05 1.09 1.05 1.08 1.07 1.07 1.06 1.05 1.06 
1.06 1.08 1.07 1.05 1.05 1.07 1.06 1.05 1.08 1.08 1.05 1.09 1.09 1.05 1.08 1.08 1.08 1.09 1.09 1.05 
1.09 1.09 1.05 1.09 1.09 1.06 1.06 1.09 1.05 1.06 1.07 1.06 1.05 1.07 1.08 1.09 1.05 1.08 1.07 1.08 
1.09 1.07 1.05 1.06 1.07 1.05 1.06 1.08 1.09 1.08 1.05 1.07 1.08 1.06 1.07 1.08 1.05 1.09 1.06 1.08 
1.08 1.05 1.05 1.09 1.09 1.08 1.05 1.07 1.06 1.06 1.08 1.08 1.06 1.05 1.08 1.06 1.06 1.08 1.06 1.05 
1.07 1.05 1.05 1.07 1.08 1.06 1.05 1.09 1.09 1.07 1.09 1.07 1.07 1.06 1.07 1.09 1.06 1.07 1.07 1.07 
1.06 1.08 1.05 1.08 1.09 1.05 1.08 1.07 1.09 1.08 1.08 1.06 1.09 1.08 1.08 1.09 1.06 1.07 1.08 1.09 
1.05 1.08 1.06 1.09 1.08 1.08 1.08 1.08 1.08 1.06 1.08 1.06 1.09 1.06 1.05 1.05 1.09 1.06 1.06 1.07 
1.07 1.08 1.08 1.05 1.07 1.06 1.05 1.06 1.09 1.09 1.05 1.06 1.09 1.09 1.08 1.05 1.07 1.09 1.07 1.09 
1.09 1.09 1.07 1.08 1.07 1.08 1.05 1.06 1.08 1.08 1.08 1.06 1.05 1.06 1.08 1.07 1.08 1.06 1.06 1.08 
1.06 1.08 1.06 1.06 1.09 1.09 1.08 1.06 1.07 1.07 1.06 1.09 1.08 1.09 1.07 1.06 1.06 1.07 1.06 1.07 
1.07 1.06 1.09 1.07 1.09 1.09 1.05 1.05 1.05 1.08 1.09 1.09 1.09 1.06 1.07 1.09 1.09 1.06 1.06 1.05 
1.09 1.07 1.07 1.09 1.09 1.08 1.09 1.06 1.06 1.09 1.05 1.06 1.05 1.06 1.08 1.09 1.08 1.07 1.09 1.05 
1.07 1.08 1.05 1.08 1.08 1.08 1.05 1.08 1.07 1.05 1.06 1.07 1.05 1.09 1.07 1.06 1.07 1.09 1.08 1.07 
1.06 1.07 1.07 1.05 1.06 1.05 1.09 1.05 1.08 1.08 1.09 1.07 1.05 1.05 1.06 1.05 1.09 1.08 1.05 1.08 
1.07 1.09 1.05 1.06 1.08 1.05 1.05 1.09 1.08 1.07 1.09 1.09 1.09 1.07 1.08 1.06 1.08 1.08 1.08 1.05 
1.08 1.06 1.08 1.07 1.05 1.09 1.05 1.06 1.09 1.08 1.07 1.08 1.08 1.05 1.06 1.05 1.05 1.06 1.09 1.09 
1.08 1.07 1.08 1.06 1.08 1.08 1.05 1.09 1.09 1.07 1.07 1.08 1.07 1.06 1.09 1.05 1.06 1.08 1.05 1.09 
1.07 1.05 1.09 1.08 1.08 1.07 1.09 1.09 1.09 1.07 1.06 1.09 1.05 1.05 1.07 1.07 1.05 1.06 1.06 1.05 
1.05 1.05 1.05 1.05 1.07 1.07 1.05 1.08 1.07 1.06 1.07 1.09 1.08 1.08 1.09 1.09 1.05 1.06 1.09 1.07 
1.09 1.09 1.06 1.06 1.05 1.05 1.06 1.05 1.05 1.08 1.09 1.09 1.07 1.06 1.07 1.08 1.08 1.06 1.07 1.05 
1.06 1.06 1.09 1.05 1.05 1.05 1.09 1.09 1.07 1.08 1.07 1.07 1.08 1.09 1.08 1.05 1.08 1.07 1.08 1.08 
1.07 1.07 1.06 1.07 1.08 1.07 1.06 1.08 1.08 1.06 1.08 1.07 1.08 1.07 1.08 1.05 1.06 1.07 1.09 1.06 
1.08 1.07 1.06 1.06 1.06 1.06 1.08 1.05 1.06 1.06 1.07 1.09 1.08 1.07 1.08 1.07 1.08 1.09 1.08 1.05 
1.09 1.08 1.06 1.07 1.07 1.08 1.08 1.07 1.08 1.09 1.09 1.09 1.05 1.09 1.09 1.05 1.07 1.08 1.08 1.07 
1.05 1.05 1.08 1.06 1.06 1.08 1.06 1.09 1.07 1.08 1.09 1.05 1.08 1.05 1.06 1.05 1.07 1.09 1.08 1.06 
1.09 1.07 1.05 1.07 1.05 1.07 1.07 1.08 1.09 1.06 1.09 1.08 1.07 1.05 1.07 1.07 1.08 1.08 1.09 1.05 
1.09 1.09 1.08 1.06 1.08 1.08 1.08 1.05 1.07 1.06 1.06 1.05 1.08 1.08 1.05 1.06 1.07 1.06 1.07 1.09 
1.08 1.08 1.06 1.08 1.05 1.05 1.06 1.05 1.05 1.09 1.07 1.07 1.09 1.06 1.08 1.08 1.07 1.07 1.06 1.07 
1.09 1.06 1.07 1.09 1.08 1.05 1.07 1.06 1.09 1.09 1.06 1.05 1.06 1.08 1.09 1.07 1.06 1.05 1.05 1.06 
1.09 1.05 1.05 1.09 1.08 1.09 1.07 1.06 1.08 1.09 1.06 1.08 1.07 1.06 1.08 1.06 1.05 1.07 1.08 1.05 
1.09 1.07 1.06 1.08 1.05 1.09 1.08 1.08 1.08 1.08 1.09 1.08 1.06 1.09 1.08 1.09 1.08 1.09 1.07 1.05 
1.08 1.08 1.05 1.07 1.08 1.08 1.07 1.06 1.08 1.06 1.08 1.07 1.07 1.07 1.08 1.07 1.09 1.08 1.05 1.08 
1.09 1.09 1.08 1.06 1.07 1.07 1.08 1.06 1.05 1.08 1.07 1.08 1.06 1.07 1.06 1.09 1.07 1.09 1.07 1.09 
1.06 1.06 1.07 1.08 1.05 1.09 1.07 1.06 1.08 1.09 1.05 1.07 1.09 1.08 1.09 1.09 1.05 1.09 1.09 1.06 
1.09 1.09 1.07 1.06 1.09 1.08 1.05 1.07 1.08 1.06 1.09 1.08 1.07 1.09 1.07 1.05 1.08 1.09 1.05 1.07 
1.07 1.07 1.06 1.09 1.09 1.09 1.08 1.05 1.09 1.09 1.06 1.05 1.07 1.09 1.05 1.05 1.07 1.06 1.09 1.09 
1.09 1.09 1.05 1.08 1.07 1.09 1.05 1.07 1.08 1.08 1.08 1.06 1.05 1.08 1.06 1.08 1.06 1.06 1.08 1.08 
1.09 1.08 1.06 1.09 1.06 1.05 1.07 1.05 1.09 1.09 1.08 1.05 1.07 1.08 1.06 1.05 1.06 1.06 1.06 1.08 
1.05 1.08 1.06 1.08 1.07 1.06 1.08 1.08 1.07 1.09 1.05 1.09 1.06 1.07 1.05 1.07 1.05 1.08 1.08 1.08 
1.08 1.08 1.09 1.09 1.07 1.06 1.09 1.05 1.06 1.09 1.09 1.05 1.06 1.05 1.09 1.09 1.09 1.08 1.07 1.07 
1.06 1.09 1.07 1.08 1.07 1.08 1.09 1.05 1.05 1.05 1.05 1.08 1.07 1.06 1.06 1.05 1.05 1.09 1.08 1.08 
1.05 1.08 1.08 1.07 1.07 1.07 1.09 1.08 1.06 1.06 1.09 1.08 1.07 1.06 1.07 1.05 1.07 1.08 1.05 1.06 
1.07 1.09 1.09 1.09 1.06 1.06 1.09 1.08 1.05 1.07 1.07 1.08 1.07 1.09 1.08 1.09 1.07 1.08 1.09 1.07 
1.06 1.06 1.08 1.05 1.08 1.07 1.08 1.09 1.06 1.08 1.06 1.07 1.07 1.08 1.08 1.06 1.05 1.06 1.06 1.05 
1.05 1.09 1.05 1.06 1.05 1.09 1.07 1.09 1.07 1.06 1.05 1.06 1.07 1.08 1.06 1.07 1.08 1.08 1.09 1.06 
1.09 1.05 1.08 1.07 1.08 1.05 1.05 1.05 1.07 1.09 1.05 1.07 1.08 1.08 1.07 1.05 1.05 1.06 1.06 1.08 
1.05 1.08 1.07 1.09 1.09 1.05 1.08 1.05 1.07 1.06 1.05 1.05 1.09 1.09 1.07 1.07 1.09 1.05 1.08 1.06 
1.07 1.05 1.09 1.08 1.05 1.09 1.05 1.09 1.05 1.09 1.07 1.09 1.08 1.09 1.06 1.09 1.05 1.05 1.08 1.07 
1.09 1.05 1.08 1.07 1.07 1.07 1.08 1.07 1.05 1.09 1.08 1.06 1.07 1.06 1.07 1.06 1.06 1.05 1.08 1.06 
1.05 1.07 1.08 1.07 1.09 1.08 1.05 1.06 1.05 1.07 1.09 1.08 1.09 1.05 1.05 1.07 1.06 1.09 1.06 1.07 
1.06 1.09 1.05 1.09 1.07 1.07 1.06 1.09 1.06 1.07 1.07 1.05 1.05 1.07 1.09 1.07 1.07 1.05 1.08 1.07 
1.09 1.07 1.08 1.08 1.07 1.06 1.09 1.07 1.06 1.07 1.06 1.06 1.06 1.05 1.07 1.09 1.05 1.05 1.07 1.09 
1.08 1.08 1.08 1.08 1.05 1.05 1.07 1.06 1.07 1.08 1.07 1.05 1.06 1.05 1.08 1.09 1.05 1.06 1.06 1.06 
1.08 1.09 1.08 1.05 1.06 1.09 1.06 1.09 1.09 1.06 1.06 1.06 1.05 1.05 1.05 1.09 1.08 1.05 1.06 1.07 
1.05 1.07 1.08 1.07 1.06 1.07 1.07 1.08 1.06 1.05 1.06 1.08 1.05 1.06 1.06 1.05 1.08 1.05 1.09 1.08 
1.06 1.08 1.09 1.08 1.05 1.07 1.09 1.09 1.08 1.08 1.07 1.08 1.09 1.06 1.07 1.06 1.05 1.07 1.08 1.06 
1.05 1.06 1.05 1.08 1.09 1.06 1.08 1.05 1.06 1.09 1.08 1.06 1.05 1.07 1.07 1.07 1.06 1.09 1.09 1.05 
1.09 1.06 1.08 1.07 1.09 1.07 1.06 1.07 1.06 1.08 1.05 1.09 1.06 1.07 1.07 1.09 1.07 1.05 1.05 1.08 
1.09 1.08 1.07 1.05 1.08 1.07 1.05 1.08 1.09 1.07 1.06 1.08 1.09 1.08 1.06 1.05 1.07 1.07 1.07 1.08 
1.05 1.09 1.05 1.05 1.06 1.08 1.09 1.05 1.05 1.05 1.07 1.06 1.06 1.08 1.06 1.09 1.05 1.05 1.07 1.09 
1.08 1.06 1.07 1.09 1.06 1.09 1.09 1.06 1.08 1.07 1.09 1.05 1.08 1.07 1.07 1.06 1.09 1.08 1.08 1.08 
1.05 1.05 1.05 1.09 1.06 1.09 1.08 1.08 1.07 1.05 1.05 1.07 1.08 1.09 1.07 1.08 1.05 1.09 1.05 1.06 
1.09 1.06 1.09 1.09 1.05 1.07 1.07 1.08 1.09 1.07 1.09 1.07 1.05 1.09 1.07 1.07 1.09 1.05 1.07 1.09 
1.05 1.09 1.05 1.09 1.06 1.08 1.05 1.09 1.06 1.05 1.08 1.08 1.08 1.08 1.06 1.08 1.05 1.09 1.08 1.09 
1.06 1.06 1.06 1.09 1.08 1.08 1.06 1.09 1.06 1.05 1.07 1.09 1.05 1.08 1.07 1.07 1.08 1.07 1.09 1.07 
1.08 1.09 1.06 1.09 1.08 1.05 1.05 1.05 1.07 1.08 1.09 1.06 1.08 1.07 1.06 1.09 1.07 1.08 1.07 1.05 
1.05 1.08 1.07 1.06 1.07 1.06 1.06 1.07 1.06 1.09 1.05 1.08 1.09 1.08 1.06 1.06 1.09 1.08 1.09 1.07 
1.05 1.09 1.07 1.06 1.08 1.07 1.09 1.07 1.05 1.06 1.05 1.09 1.06 1.05 1.05 1.08 1.09 1.05 1.09 1.07 
1.08 1.09 1.05 1.05 1.08 1.09 1.06 1.07 1.07 1.06 1.05 1.06 1.08 1.07 1.05 1.09 1.07 1.09 1.05 1.08 
1.09 1.05 1.07 1.06 1.06 1.06 1.09 1.07 1.08 1.05 1.08 1.09 1.07 1.07 1.09 1.06 1.08 1.08 1.05 1.09 
1.06 1.05 1.06 1.08 1.09 1.05 1.05 1.06 1.09 1.07 1.08 1.06 1.09 1.05 1.07 1.07 1.07 1.05 1.08 1.09 
1.05 1.09 1.08 1.07 1.08 1.06 1.09 1.08 1.08 1.06 1.06 1.09 1.05 1.08 1.07 1.06 1.07 1.05 1.09 1.06 
1.05 1.05 1.06 1.09 1.09 1.05 1.06 1.07 1.05 1.09 1.06 1.06 1.09 1.06 1.08 1.06 1.06 1.07 1.07 1.06 
1.09 1.06 1.07 1.07 1.05 1.07 1.07 1.05 1.06 1.05 1.07 1.07 1.06 1.08 1.05 1.05 1.08 1.07 1.09 1.06 
1.07 1.08 1.06 1.06 1.07 1.07 1.06 1.05 1.06 1.08 1.05 1.07 1.05 1.06 1.05 1.09 1.06 1.07 1.09 1.09 
1.05 1.08 1.07 1.05 1.05 1.08 1.05 1.07 1.05 1.09 1.07 1.07 1.06 1.08 1.06 1.08 1.07 1.08 1.08 1.05 
1.06 1.06 1.06 1.09 1.07 1.07 1.09 1.05 1.07 1.09 1.06 1.07 1.09 1.05 1.08 1.08 1.08 1.06 1.05 1.07 
1.09 1.08 1.06 1.06 1.07 1.05 1.08 1.09 1.09 1.06 1.05 1.08 1.08 1.07 1.06 1.05 1.08 1.08 1.09 1.05 
1.08 1.05 1.08 1.08 1.05 1.06 1.07 1.07 1.09 1.06 1.06 1.05 1.09 1.07 1.05 1.09 1.07 1.07 1.08 1.06 
1.09 1.09 1.09 1.05 1.06 1.08 1.07 1.05 1.07 1.07 1.09 1.07 1.08 1.08 1.06 1.09 1.07 1.09 1.07 1.06 
1.05 1.05 1.07 1.07 1.09 1.07 1.05 1.05 1.06 1.07 1.08 1.09 1.09 1.07 1.07 1.05 1.05 1.05 1.07 1.09 
1.08 1.09 1.06 1.09 1.06 1.07 1.06 1.09 1.09 1.06 1.06 1.09 1.08 1.05 1.08 1.05 1.07 1.06 1.06 1.05 
1.06 1.08 1.06 1.06 1.08 1.05 1.09 1.07 1.07 1.08 1.09 1.06 1.08 1.05 1.05 1.05 1.09 1.08 1.08 1.07 
1.08 1.09 1.05 1.07 1.06 1.08 1.07 1.09 1.05 1.05 1.08 1.08 1.06 1.08 1.05 1.08 1.09 1.05 1.06 1.06 
1.08 1.09 1.07 1.09 1.08 1.05 1.09 1.08 1.06 1.09 1.07 1.09 1.07 1.07 1.09 1.09 1.06 1.09 1.07 1.08 
1.05 1.09 1.08 1.07 1.06 1.06 1.08 1.07 1.08 1.06 1.08 1.05 1.06 1.09 1.06 1.07 1.08 1.05 1.09 1.08 
1.07 1.07 1.08 1.08 1.07 1.08 1.09 1.07 1.07 1.07 1.06 1.05 1.09 1.05 1.06 1.08 1.07 1.08 1.08 1.07 
1.08 1.07 1.07 1.07 1.06 1.05 1.06 1.07 1.07 1.06 1.09 1.06 1.09 1.09 1.09 1.06 1.06 1.05 1.07 1.07 
1.05 1.09 1.06 1.09 1.07 1.08 1.06 1.05 1.09 1.06 1.08 1.08 1.09 1.07 1.08 1.07 1.08 1.08 1.06 1.08 
1.06 1.05 1.07 1.07 1.08 1.05 1.06 1.07 1.09 1.09 1.07 1.07 1.06 1.07 1.08 1.05 1.06 1.05 1.09 1.09 
1.07 1.06 1.09 1.07 1.08 1.07 1.07 1.09 1.06 1.08 1.06 1.09 1.09 1.09 1.09 1.08 1.05 1.09 1.09 1.08 
1.05 1.09 1.05 1.09 1.05 1.09 1.06 1.05 1.06 1.05 1.09 1.05 1.05 1.07 1.08 1.06 1.08 1.08 1.08 1.05 
1.07 1.09 1.05 1.09 1.08 1.09 1.05 1.06 1.07 1.06 1.08 1.05 1.05 1.08 1.07 1.05 1.08 1.06 1.05 1.07 
1.06 1.06 1.08 1.06 1.06 1.07 1.07 1.05 1.09 1.06 1.05 1.09 1.07 1.05 1.05 1.08 1.07 1.08 1.06 1.07 
1.07 1.07 1.09 1.08 1.05 1.07 1.06 1.05 1.06 1.06 1.05 1.06 1.05 1.09 1.06 1.07 1.08 1.05 1.08 1.05 
1.08 1.08 1.05 1.05 1.07 1.09 1.09 1.06 1.08 1.07 1.05 1.05 1.09 1.09 1.09 1.06 1.09 1.06 1.08 1.06 
1.05 1.05 1.08 1.05 1.07 1.08 1.07 1.09 1.05 1.09 1.06 1.05 1.08 1.05 1.08 1.05 1.09 1.09 1.07 1.08 
1.08 1.07 1.06 1.07 1.07 1.06 1.06 1.07 1.06 1.08 1.07 1.07 1.06 1.08 1.05 1.05 1.08 1.08 1.09 1.07 
1.07 1.08 1.06 1.08 1.07 1.09 1.07 1.08 1.05 1.07 1.06 1.08 1.08 1.05 1.09 1.06 1.05 1.09 1.09 1.07 
1.09 1.09 1.05 1.08 1.09 1.05 1.05 1.08 1.06 1.05 1.05 1.09 1.09 1.08 1.07 1.08 1.05 1.08 1.06 1.07 
1.09 1.07 1.06 1.06 1.09 1.06 1.09 1.05 1.06 1.06 1.08 1.08 1.08 1.08 1.09 1.09 1.09 1.07 1.05 1.08 
1.09 1.05 1.05 1.07 1.08 1.09 1.07 1.05 1.09 1.06 1.05 1.09 1.08 1.09 1.08 1.05 1.08 1.06 1.09 1.05 
1.06 1.06 1.06 1.05 1.05 1.08 1.06 1.08 1.06 1.09 1.07 1.05 1.07 1.07 1.08 1.05 1.09 1.05 1.06 1.08 
1.08 1.05 1.07 1.05 1.08 1.09 1.06 1.06 1.05 1.09 1.07 1.09 1.08 1.06 1.05 1.06 1.05 1.09 1.09 1.08 
1.05 1.05 1.07 1.07 1.08 1.09 1.05 1.09 1.07 1.07 1.08 1.09 1.06 1.06 1.06 1.09 1.09 1.09 1.06 1.05 
1.07 1.06 1.06 1.08 1.05 1.05 1.09 1.06 1.07 1.08 1.05 1.05 1.07 1.08 1.07 1.05 1.07 1.05 1.07 1.09 
1.08 1.07 1.05 1.08 1.05 1.09 1.05 1.09 1.05 1.05 1.07 1.07 1.08 1.08 1.06 1.06 1.05 1.06 1.09 1.09 
1.05 1.07 1.06 1.09 1.05 1.06 1.07 1.05 1.09 1.07 1.06 1.09 1.09 1.09 1.08 1.09 1.07 1.09 1.05 1.06 
1.05 1.08 1.05 1.08 1.05 1.08 1.07 1.06 1.09 1.06 1.06 1.06 1.05 1.08 1.05 1.07 1.09 1.05 1.07 1.06 
1.06 1.07 1.09 1.06 1.06 1.08 1.09 1.07 1.06 1.08 1.06 1.06 1.05 1.08 1.09 1.07 1.06 1.09 1.07 1.08 
1.09 1.07 1.08 1.07 1.07 1.09 1.05 1.08 1.05 1.06 1.09 1.08 1.07 1.06 1.07 1.08 1.05 1.08 1.05 1.09 
1.06 1.08 1.05 1.08 1.08 1.08 1.09 1.08 1.07 1.09 1.07 1.09 1.07 1.05 1.09 1.07 1.07 1.08 1.06 1.07 
1.05 1.08 1.09 1.07 1.07 1.09 1.07 1.07 1.05 1.05 1.07 1.06 1.08 1.07 1.06 1.06 1.07 1.08 1.09 1.05 
1.09 1.08 1.06 1.09 1.08 1.07 1.05 1.05 1.07 1.05 1.05 1.07 1.05 1.08 1.08 1.05 1.07 1.07 1.06 1.06 
1.06 1.05 1.09 1.07 1.08 1.05 1.05 1.09 1.09 1.07 1.05 1.08 1.09 1.05 1.09 1.08 1.05 1.07 1.07 1.07 
1.05 1.05 1.06 1.07 1.08 1.08 1.08 1.06 1.06 1.06 1.05 1.09 1.08 1.05 1.09 1.08 1.07 1.05 1.05 1.05 
1.06 1.05 1.09 1.09 1.08 1.05 1.07 1.06 1.05 1.08 1.05 1.05 1.08 1.06 1.07 1.08 1.05 1.06 1.09 1.05 
1.07 1.07 1.08 1.07 1.07 1.08 1.06 1.09 1.08 1.06 1.06 1.09 1.05 1.06 1.06 1.09 1.07 1.05 1.06 1.08 
1.08 1.06 1.06 1.09 1.08 1.09 1.06 1.05 1.08 1.09 1.07 1.09 1.06 1.05 1.05 1.06 1.09 1.09 1.08 1.09 
1.08 1.08 1.08 1.05 1.06 1.09 1.08 1.06 1.09 1.09 1.05 1.08 1.09 1.06 1.07 1.09 1.08 1.08 1.05 1.07 
1.08 1.08 1.07 1.07 1.07 1.06 1.05 1.05 1.07 1.09 1.05 1.05 1.08 1.09 1.07 1.07 1.07 1.06 1.09 1.09 
1.06 1.08 1.08 1.05 1.08 1.06 1.08 1.07 1.08 1.09 1.08 1.05 1.07 1.09 1.06 1.09 1.08 1.09 1.07 1.08 
1.05 1.05 1.06 1.08 1.09 1.09 1.09 1.09 1.09 1.08 1.06 1.07 1.08 1.09 1.08 1.08 1.06 1.08 1.08 1.08 
1.08 1.06 1.07 1.05 1.05 1.05 1.07 1.07 1.08 1.07 1.05 1.08 1.06 1.06 1.08 1.09 1.05 1.06 1.07 1.06 
1.07 1.06 1.07 1.07 1.06 1.09 1.07 1.07 1.07 1.05 1.05 1.09 1.09 1.08 1.09 1.05 1.07 1.06 1.05 1.07 
1.08 1.06 1.09 1.08 1.09 1.08 1.09 1.09 1.06 1.08 1.07 1.07 1.09 1.08 1.08 1.09 1.09 1.09 1.09 1.08 
1.09 1.07 1.05 1.07 1.08 1.09 1.05 1.09 1.06 1.09 1.06 1.06 1.09 1.05 1.07 1.07 1.05 1.06 1.05 1.09 
1.08 1.06 1.08 1.06 1.07 1.07 1.06 1.09 1.06 1.07 1.07 1.05 1.07 1.07 1.08 1.06 1.09 1.07 1.05 1.08 
1.09 1.08 1.09 1.09 1.09 1.08 1.07 1.05 1.06 1.08 1.05 1.08 1.06 1.09 1.07 1.05 1.05 1.08 1.08 1.07 
1.05 1.05 1.08 1.06 1.09 1.07 1.06 1.07 1.06 1.08 1.06 1.06 1.06 1.06 1.09 1.06 1.05 1.07 1.06 1.07 
1.06 1.05 1.06 1.09 1.06 1.07 1.06 1.06 1.06 1.09 1.06 1.07 1.09 1.09 1.09 1.06 1.09 1.06 1.08 1.05 
1.06 1.06 1.06 1.09 1.09 1.09 1.06 1.06 1.09 1.05 1.06 1.09 1.08 1.07 1.07 1.06 1.09 1.08 1.08 1.08 
1.06 1.09 1.07 1.05 1.07 1.05 1.09 1.08 1.07 1.08 1.07 1.09 1.08 1.07 1.06 1.07 1.08 1.09 1.09 1.05 
1.07 1.06 1.06 1.08 1.07 1.09 1.09 1.06 1.07 1.09 1.09 1.05 1.05 1.06 1.09 1.06 1.06 1.05 1.06 1.07 
1.07 1.09 1.08 1.05 1.07 1.07 1.06 1.09 1.09 1.07 1.07 1.07 1.09 1.08 1.08 1.07 1.09 1.06 1.07 1.09 
1.07 1.08 1.09 1.08 1.05 1.05 1.09 1.05 1.08 1.06 1.08 1.08 1.06 1.07 1.07 1.07 1.07 1.06 1.08 1.06 
1.06 1.06 1.08 1.09 1.08 1.06 1.06 1.05 1.05 1.08 1.07 1.09 1.05 1.08 1.09 1.05 1.08 1.07 1.09 1.05 
1.06 1.07 1.06 1.08 1.06 1.09 1.05 1.08 1.08 1.08 1.08 1.09 1.08 1.09 1.09 1.09 1.06 1.05 1.07 1.06 
1.07 1.07 1.06 1.06 1.05 1.06 1.09 1.06 1.06 1.07 1.05 1.06 1.09 1.09 1.06 1.07 1.09 1.06 1.06 1.05 
1.07 1.05 1.06 1.08 1.07 1.08 1.05 1.06 1.07 1.09 1.05 1.07 1.07 1.08 1.05 1.07 1.07 1.08 1.08 1.08 
1.09 1.05 1.07 1.09 1.07 1.06 1.06 1.07 1.08 1.06 1.08 1.09 1.05 1.05 1.07 1.08 1.05 1.05 1.07 1.06 
1.09 1.08 1.08 1.05 1.09 1.08 1.07 1.07 1.09 1.07 1.08 1.08 1.09 1.06 1.05 1.05 1.07 1.06 1.07 1.09 
1.07 1.05 1.09 1.08 1.09 1.07 1.08 1.07 1.06 1.09 1.06 1.09 1.06 1.09 1.05 1.07 1.09 1.08 1.09 1.07 
1.07 1.09 1.09 1.09 1.07 1.08 1.09 1.06 1.07 1.09 1.05 1.08 1.07 1.09 1.06 1.08 1.06 1.08 1.08 1.08 
1.08 1.06 1.07 1.05 1.05 1.07 1.07 1.05 1.08 1.05 1.08 1.05 1.06 1.05 1.07 1.09 1.07 1.06 1.09 1.09 
1.05 1.06 1.06 1.06 1.05 1.08 1.08 1.05 1.07 1.05 1.08 1.05 1.07 1.08 1.06 1.07 1.06 1.08 1.09 1.09 
1.06 1.05 1.05 1.05 1.07 1.05 1.09 1.07 1.06 1.07 1.05 1.08 1.08 1.07 1.05 1.07 1.09 1.07 1.09 1.07 
1.08 1.09 1.06 1.08 1.05 1.07 1.06 1.05 1.06 1.06 1.05 1.05 1.09 1.06 1.08 1.06 1.07 1.09 1.08 1.08 
1.05 1.05 1.07 1.08 1.06 1.07 1.06 1.08 1.07 1.06 1.07 1.05 1.07 1.05 1.05 1.09 1.07 1.05 1.06 1.09 
1.08 1.06 1.05 1.05 1.07 1.07 1.08 1.05 1.09 1.08 1.07 1.09 1.08 1.07 1.09 1.05 1.08 1.08 1.08 1.06 
1.07 1.08 1.09 1.07 1.05 1.07 1.06 1.05 1.08 1.05 1.09 1.07 1.09 1.07 1.05 1.07 1.09 1.05 1.09 1.07 
1.06 1.06 1.06 1.05 1.05 1.05 1.05 1.07 1.09 1.08 1.08 1.06 1.07 1.09 1.07 1.07 1.06 1.05 1.06 1.09 
1.05 1.09 1.06 1.06 1.07 1.09 1.09 1.06 1.06 1.09 1.06 1.09 1.08 1.08 1.09 1.05 1.07 1.08 1.06 1.07 
1.07 1.05 1.05 1.06 1.05 1.05 1.07 1.07 1.06 1.07 1.05 1.09 1.07 1.05 1.06 1.07 1.07 1.08 1.05 1.08 
1.06 1.08 1.06 1.07 1.06 1.06 1.09 1.09 1.09 1.05 1.06 1.07 1.06 1.07 1.06 1.05 1.07 1.06 1.08 1.08 
1.08 1.05 1.06 1.09 1.07 1.09 1.08 1.07 1.09 1.06 1.07 1.07 1.07 1.06 1.08 1.07 1.08 1.08 1.07 1.07 
1.09 1.05 1.06 1.06 1.05 1.09 1.08 1.05 1.05 1.09 1.07 1.07 1.05 1.08 1.06 1.05 1.07 1.09 1.08 1.08 
1.09 1.05 1.05 1.07 1.07 1.08 1.09 1.05 1.06 1.06 1.07 1.07 1.08 1.06 1.05 1.05 1.06 1.07 1.05 1.08 
1.06 1.07 1.07 1.06 1.09 1.05 1.07 1.08 1.06 1.09 1.08 1.09 1.07 1.06 1.05 1.06 1.05 1.07 1.05 1.06 
1.05 1.07 1.05 1.08 1.06 1.07 1.06 1.06 1.07 1.09 1.05 1.06 1.08 1.05 1.09 1.06 1.06 1.06 1.09 1.05 
1.08 1.09 1.09 1.08 1.09 1.09 1.08 1.08 1.05 1.06 1.08 1.09 1.07 1.09 1.06 1.09 1.07 1.05 1.06 1.05 
1.08 1.05 1.08 1.09 1.08 1.08 1.09 1.07 1.05 1.06 1.08 1.07 1.09 1.09 1.07 1.05 1.05 1.05 1.08 1.05 
1.06 1.05 1.07 1.07 1.08 1.09 1.07 1.06 1.07 1.09 1.07 1.06 1.06 1.06 1.08 1.05 1.06 1.07 1.08 1.08 
1.07 1.09 1.06 1.06 1.06 1.06 1.07 1.07 1.08 1.07 1.06 1.08 1.06 1.08 1.09 1.06 1.07 1.05 1.07 1.08 
1.09 1.08 1.09 1.08 1.05 1.05 1.08 1.09 1.07 1.06 1.08 1.07 1.06 1.06 1.07 1.05 1.05 1.06 1.06 1.09 
1.09 1.06 1.05 1.08 1.05 1.09 1.05 1.07 1.07 1.07 1.07 1.08 1.07 1.08 1.05 1.09 1.05 1.08 1.05 1.05 
1.07 1.06 1.08 1.05 1.07 1.07 1.05 1.08 1.08 1.05 1.08 1.07 1.06 1.07 1.08 1.05 1.07 1.05 1.05 1.07 
1.09 1.07 1.05 1.06 1.05 1.05 1.05 1.05 1.05 1.06 1.05 1.07 1.07 1.06 1.05 1.07 1.05 1.06 1.05 1.05 
1.09 1.05 1.09 1.05 1.05 1.06 1.06 1.09 1.07 1.06 1.09 1.05 1.09 1.05 1.06 1.08 1.07 1.07 1.06 1.06 
1.09 1.06 1.09 1.06 1.07 1.08 1.05 1.08 1.07 1.05 1.08 1.06 1.09 1.07 1.05 1.09 1.07 1.08 1.08 1.09 
1.08 1.09 1.09 1.09 1.06 1.07 1.05 1.09 1.09 1.07 1.09 1.08 1.09 1.07 1.06 1.09 1.09 1.08 1.08 1.09 
1.06 1.07 1.06 1.06 1.07 1.08 1.08 1.06 1.08 1.09 1.06 1.06 1.06 1.07 1.08 1.05 1.06 1.08 1.07 1.08 
1.08 1.08 1.06 1.09 1.07 1.09 1.08 1.05 1.09 1.05 1.08 1.06 1.08 1.05 1.06 1.06 1.05 1.06 1.05 1.07 
1.06 1.06 1.07 1.05 1.05 1.07 1.05 1.07 1.08 1.09 1.06 1.08 1.06 1.07 1.05 1.06 1.06 1.09 1.07 1.08 
1.05 1.07 1.05 1.08 1.05 1.06 1.06 1.08 1.08 1.07 1.06 1.06 1.05 1.09 1.05 1.07 1.08 1.08 1.07 1.05 
1.06 1.07 1.09 1.05 1.06 1.07 1.08 1.09 1.07 1.09 1.08 1.09 1.09 1.09 1.07 1.08 1.08 1.05 1.07 1.05 
1.05 1.05 1.07 1.07 1.08 1.07 1.08 1.05 1.07 1.08 1.07 1.09 1.09 1.07 1.07 1.08 1.09 1.07 1.09 1.05 
1.09 1.09 1.08 1.05 1.06 1.08 1.05 1.07 1.06 1.08 1.05 1.05 1.08 1.08 1.06 1.05 1.07 1.07 1.08 1.09 
1.07 1.09 1.09 1.08 1.07 1.08 1.07 1.07 1.09 1.05 1.06 1.07 1.07 1.05 1.09 1.06 1.09 1.08 1.08 1.06 
1.08 1.09 1.08 1.08 1.08 1.05 1.09 1.05 1.05 1.06 1.07 1.08 1.08 1.08 1.08 1.09 1.06 1.07 1.05 1.08 
1.06 1.09 1.05 1.08 1.09 1.07 1.06 1.09 1.06 1.06 1.09 1.06 1.06 1.07 1.08 1.08 1.06 1.05 1.07 1.09 
1.07 1.06 1.06 1.08 1.07 1.09 1.08 1.09 1.05 1.09 1.05 1.08 1.07 1.09 1.08 1.05 1.05 1.08 1.08 1.08 
1.08 1.08 1.07 1.06 1.06 1.06 1.08 1.08 1.08 1.07 1.05 1.06 1.05 1.07 1.06 1.09 1.08 1.09 1.06 1.08 
1.08 1.05 1.07 1.05 1.07 1.05 1.07 1.07 1.07 1.09 1.05 1.09 1.05 1.05 1.09 1.08 1.05 1.06 1.09 1.08 
1.09 1.05 1.09 1.07 1.08 1.07 1.05 1.07 1.08 1.05 1.07 1.07 1.09 1.09 1.08 1.07 1.05 1.09 1.05 1.05 
1.09 1.06 1.08 1.06 1.09 1.09 1.09 1.09 1.05 1.09 1.05 1.07 1.06 1.06 1.05 1.07 1.08 1.06 1.07 1.06 
1.08 1.06 1.05 1.09 1.06 1.06 1.09 1.05 1.06 1.07 1.08 1.06 1.08 1.09 1.09 1.07 1.06 1.07 1.09 1.06 
1.06 1.07 1.06 1.05 1.07 1.08 1.09 1.06 1.09 1.05 1.09 1.09 1.09 1.08 1.07 1.06 1.08 1.05 1.06 1.05 
1.05 1.06 1.06 1.09 1.05 1.08 1.06 1.06 1.05 1.05 1.09 1.08 1.07 1.07 1.05 1.07 1.05 1.05 1.06 1.06 
1.08 1.06 1.08 1.06 1.06 1.07 1.07 1.07 1.06 1.08 1.09 1.09 1.06 1.07 1.07 1.06 1.06 1.07 1.08 1.09 
1.06 1.05 1.09 1.06 1.06 1.07 1.06 1.06 1.08 1.05 1.06 1.05 1.09 1.09 1.06 1.06 1.05 1.05 1.08 1.07 
1.07 1.09 1.06 1.09 1.07 1.06 1.05 1.07 1.09 1.08 1.08 1.08 1.08 1.05 1.06 1.05 1.08 1.06 1.05 1.09 
1.07 1.05 1.07 1.08 1.06 1.09 1.07 1.05 1.05 1.07 1.06 1.06 1.05 1.07 1.08 1.08 1.05 1.06 1.06 1.07 
1.08 1.05 1.09 1.06 1.07 1.05 1.09 1.08 1.05 1.05 1.06 1.06 1.06 1.06 1.08 1.09 1.06 1.05 1.06 1.06 
1.07 1.06 1.06 1.08 1.08 1.08 1.09 1.05 1.09 1.06 1.06 1.07 1.09 1.08 1.06 1.09 1.07 1.09 1.06 1.07 
1.08 1.09 1.09 1.08 1.05 1.07 1.07 1.06 1.09 1.07 1.09 1.08 1.05 1.06 1.09 1.05 1.05 1.05 1.05 1.05 
1.06 1.06 1.09 1.07 1.08 1.05 1.07 1.05 1.07 1.07 1.08 1.07 1.06 1.09 1.05 1.08 1.08 1.06 1.06 1.08 
1.09 1.05 1.09 1.08 1.05 1.07 1.09 1.07 1.05 1.06 1.09 1.07 1.07 1.08 1.07 1.08 1.06 1.08 1.07 1.07 
1.08 1.07 1.07 1.06 1.07 1.05 1.07 1.05 1.08 1.07 1.07 1.07 1.09 1.09 1.06 1.07 1.05 1.09 1.09 1.09 
1.09 1.06 1.07 1.09 1.07 1.08 1.06 1.07 1.06 1.07 1.08 1.09 1.05 1.06 1.08 1.09 1.07 1.07 1.08 1.05 
1.07 1.09 1.07 1.07 1.08 1.06 1.06 1.05 1.09 1.08 1.05 1.07 1.06 1.08 1.05 1.09 1.07 1.06 1.05 1.06 
1.09 1.07 1.05 1.06 1.09 1.06 1.06 1.07 1.08 1.08 1.06 1.08 1.06 1.09 1.08 1.06 1.05 1.05 1.09 1.07 
1.05 1.09 1.06 1.05 1.06 1.09 1.06 1.06 1.07 1.09 1.07 1.05 1.09 1.07 1.09 1.09 1.09 1.09 1.05 1.05 
1.05 1.05 1.06 1.09 1.08 1.05 1.06 1.07 1.09 1.09 1.08 1.08 1.07 1.05 1.07 1.09 1.07 1.08 1.09 1.09 
1.08 1.06 1.07 1.09 1.07 1.07 1.08 1.05 1.09 1.07 1.09 1.05 1.07 1.08 1.09 1.07 1.08 1.08 1.08 1.09 
1.08 1.08 1.06 1.07 1.08 1.08 1.08 1.06 1.05 1.07 1.06 1.05 1.09 1.07 1.08 1.07 1.05 1.05 1.06 1.06 
1.08 1.06 1.06 1.05 1.07 1.08 1.05 1.07 1.09 1.05 1.05 1.06 1.08 1.05 1.07 1.05 1.06 1.05 1.06 1.05 
1.08 1.09 1.09 1.06 1.07 1.07 1.05 1.05 1.06 1.08 1.05 1.08 1.05 1.08 1.07 1.05 1.05 1.09 1.09 1.06 
1.06 1.05 1.08 1.08 1.07 1.09 1.07 1.08 1.09 1.05 1.06 1.09 1.06 1.09 1.09 1.08 1.07 1.06 1.09 1.06 
1.07 1.09 1.07 1.08 1.06 1.05 1.06 1.07 1.07 1.06 1.07 1.05 1.08 1.05 1.08 1.06 1.07 1.06 1.06 1.05 
1.06 1.07 1.09 1.09 1.08 1.07 1.05 1.07 1.08 1.09 1.05 1.09 1.07 1.09 1.09 1.05 1.05 1.06 1.05 1.07 
1.06 1.09 1.08 1.06 1.09 1.08 1.05 1.07 1.08 1.09 1.09 1.09 1.06 1.07 1.09 1.06 1.06 1.05 1.09 1.05 
1.08 1.08 1.08 1.06 1.08 1.08 1.09 1.05 1.05 1.06 1.05 1.07 1.08 1.06 1.07 1.07 1.05 1.06 1.05 1.06 
1.08 1.05 1.05 1.05 1.08 1.06 1.05 1.08 1.05 1.07 1.07 1.07 1.05 1.09 1.09 1.07 1.09 1.09 1.09 1.05 
1.05 1.06 1.09 1.07 1.09 1.07 1.08 1.05 1.06 1.09 1.05 1.05 1.06 1.06 1.09 1.07 1.05 1.08 1.09 1.08 
1.05 1.09 1.07 1.09 1.06 1.08 1.07 1.06 1.05 1.07 1.05 1.07 1.07 1.05 1.09 1.06 1.05 1.08 1.08 1.09 
1.07 1.07 1.08 1.09 1.05 1.05 1.05 1.08 1.05 1.06 1.05 1.08 1.07 1.09 1.09 1.09 1.09 1.09 1.07 1.08 
1.09 1.06 1.05 1.06 1.06 1.06 1.07 1.06 1.06 1.06 1.08 1.05 1.07 1.07 1.09 1.08 1.08 1.05 1.09 1.05 
1.06 1.06 1.06 1.08 1.09 1.06 1.06 1.06 1.08 1.05 1.05 1.05 1.07 1.06 1.09 1.07 1.05 1.07 1.05 1.09 
1.08 1.09 1.06 1.06 1.08 1.08 1.05 1.08 1.09 1.09 1.07 1.09 1.08 1.08 1.05 1.06 1.05 1.08 1.07 1.06 
1.05 1.07 1.07 1.09 1.05 1.08 1.05 1.07 1.08 1.07 1.08 1.09 1.07 1.08 1.05 1.08 1.05 1.08 1.05 1.05 
1.08 1.07 1.08 1.08 1.08 1.07 1.05 1.08 1.06 1.09 1.07 1.08 1.05 1.09 1.06 1.05 1.09 1.09 1.06 1.06 
1.06 1.08 1.07 1.08 1.09 1.07 1.05 1.07 1.07 1.08 1.06 1.05 1.06 1.08 1.07 1.09 1.08 1.06 1.08 1.06 
1.08 1.08 1.09 1.07 1.05 1.05 1.08 1.07 1.09 1.07 1.09 1.09 1.06 1.08 1.06 1.05 1.09 1.05 1.07 1.07 
1.09 1.05 1.05 1.07 1.05 1.08 1.06 1.06 1.05 1.07 1.09 1.05 1.08 1.09 1.07 1.05 1.07 1.09 1.08 1.09 
1.07 1.09 1.09 1.05 1.07 1.05 1.05 1.08 1.08 1.09 1.08 1.05 1.08 1.05 1.08 1.09 1.05 1.05 1.08 1.08 
1.07 1.09 1.07 1.06 1.09 1.06 1.06 1.06 1.06 1.07 1.06 1.05 1.07 1.05 1.07 1.09 1.06 1.07 1.06 1.09 
1.05 1.06 1.07 1.05 1.06 1.06 1.09 1.06 1.08 1.06 1.08 1.08 1.07 1.07 1.08 1.08 1.09 1.05 1.06 1.06 
1.07 1.09 1.08 1.06 1.07 1.06 1.09 1.05 1.09 1.07 1.08 1.08 1.07 1.08 1.08 1.06 1.06 1.06 1.05 1.09 
1.08 1.05 1.07 1.09 1.07 1.07 1.07 1.09 1.09 1.07 1.06 1.09 1.05 1.08 1.09 1.07 1.05 1.08 1.09 1.08 
1.05 1.09 1.06 1.07 1.07 1.06 1.05 1.06 1.05 1.07 1.05 1.09 1.06 1.06 1.09 1.05 1.07 1.07 1.09 1.09 
1.06 1.07 1.07 1.09 1.06 1.06 1.08 1.06 1.09 1.06 1.05 1.05 1.05 1.05 1.07 1.06 1.08 1.05 1.07 1.06 
1.06 1.09 1.06 1.08 1.07 1.05 1.08 1.06 1.09 1.09 1.08 1.07 1.05 1.08 1.06 1.09 1.05 1.06 1.07 1.07 
1.07 1.05 1.08 1.09 1.09 1.08 1.05 1.09 1.09 1.05 1.07 1.05 1.09 1.06 1.08 1.07 1.09 1.05 1.09 1.09 
1.07 1.07 1.08 1.09 1.09 1.08 1.07 1.07 1.08 1.07 1.06 1.09 1.09 1.09 1.07 1.06 1.07 1.09 1.05 1.06 
1.09 1.07 1.08 1.07 1.06 1.09 1.08 1.05 1.08 1.08 1.05 1.08 1.09 1.07 1.07 1.07 1.06 1.09 1.09 1.06 
1.07 1.05 1.08 1.06 1.06 1.06 1.07 1.05 1.09 1.07 1.08 1.07 1.06 1.09 1.09 1.07 1.08 1.05 1.07 1.05 
1.06 1.09 1.07 1.08 1.05 1.05 1.06 1.06 1.05 1.06 1.08 1.09 1.07 1.06 1.09 1.06 1.07 1.07 1.06 1.09 
1.07 1.07 1.09 1.05 1.06 1.05 1.08 1.06 1.07 1.05 1.08 1.06 1.07 1.06 1.05 1.09 1.08 1.09 1.08 1.08 
1.09 1.08 1.06 1.06 1.08 1.07 1.07 1.09 1.07 1.06 1.05 1.07 1.06 1.09 1.07 1.08 1.07 1.07 1.07 1.07 
1.07 1.07 1.06 1.09 1.09 1.08 1.09 1.08 1.08 1.08 1.08 1.07 1.09 1.06 1.05 1.09 1.06 1.06 1.05 1.06 
1.08 1.07 1.09 1.06 1.05 1.07 1.06 1.08 1.05 1.05 1.06 1.08 1.07 1.09 1.08 1.05 1.09 1.06 1.05 1.07 
1.08 1.07 1.06 1.06 1.05 1.06 1.05 1.08 1.05 1.05 1.08 1.05 1.06 1.05 1.06 1.09 1.09 1.09 1.09 1.09 
1.08 1.07 1.07 1.05 1.09 1.06 1.05 1.09 1.09 1.07 1.06 1.07 1.08 1.09 1.08 1.07 1.09 1.09 1.08 1.08 
1.09 1.08 1.07 1.09 1.07 1.09 1.05 1.06 1.08 1.09 1.06 1.06 1.08 1.05 1.08 1.07 1.08 1.08 1.06 1.06 
1.06 1.08 1.09 1.06 1.09 1.05 1.06 1.09 1.06 1.09 1.07 1.09 1.09 1.08 1.05 1.06 1.08 1.06 1.07 1.06 
1.07 1.09 1.05 1.08 1.06 1.07 1.09 1.09 1.07 1.05 1.06 1.06 1.09 1.08 1.08 1.06 1.09 1.09 1.05 1.09 
1.06 1.07 1.08 1.08 1.07 1.05 1.07 1.05 1.05 1.07 1.09 1.09 1.06 1.05 1.07 1.08 1.09 1.06 1.07 1.05 
1.06 1.07 1.05 1.09 1.06 1.08 1.06 1.05 1.07 1.09 1.05 1.07 1.06 1.08 1.05 1.05 1.06 1.09 1.08 1.07 
1.09 1.09 1.05 1.09 1.08 1.07 1.08 1.09 1.05 1.06 1.06 1.06 1.08 1.09 1.07 1.06 1.09 1.07 1.05 1.07 
1.06 1.07 1.05 1.06 1.09 1.05 1.06 1.07 1.08 1.08 1.07 1.05 1.07 1.07 1.08 1.09 1.06 1.09 1.09 1.08 
1.06 1.08 1.06 1.07 1.09 1.08 1.08 1.06 1.08 1.08 1.05 1.07 1.07 1.05 1.08 1.09 1.08 1.05 1.06 1.06 
1.08 1.07 1.08 1.08 1.05 1.05 1.08 1.08 1.06 1.07 1.07 1.09 1.07 1.05 1.06 1.08 1.06 1.09 1.09 1.08 
1.08 1.07 1.07 1.06 1.09 1.08 1.06 1.05 1.08 1.08 1.08 1.07 1.07 1.09 1.07 1.08 1.07 1.06 1.07 1.08 
1.09 1.08 1.09 1.07 1.06 1.06 1.07 1.08 1.07 1.09 1.08 1.06 1.09 1.07 1.08 1.05 1.08 1.08 1.05 1.05 
1.05 1.08 1.05 1.07 1.08 1.09 1.08 1.06 1.07 1.09 1.06 1.06 1.09 1.05 1.06 1.06 1.07 1.06 1.08 1.08 
1.07 1.08 1.09 1.08 1.08 1.06 1.08 1.09 1.07 1.07 1.06 1.09 1.09 1.05 1.09 1.08 1.05 1.05 1.09 1.09 
1.08 1.05 1.09 1.06 1.08 1.09 1.09 1.05 1.08 1.08 1.09 1.05 1.08 1.05 1.09 1.09 1.09 1.07 1.05 1.08 
1.08 1.07 1.08 1.08 1.07 1.08 1.08 1.07 1.06 1.06 1.05 1.06 1.09 1.06 1.05 1.09 1.05 1.09 1.08 1.08 
1.09 1.07 1.07 1.09 1.07 1.05 1.06 1.06 1.05 1.05 1.05 1.09 1.09 1.07 1.05 1.05 1.06 1.09 1.06 1.09 
1.06 1.05 1.06 1.08 1.09 1.07 1.05 1.06 1.08 1.05 1.06 1.05 1.08 1.08 1.08 1.07 1.05 1.06 1.06 1.08 
1.06 1.05 1.06 1.09 1.05 1.07 1.05 1.06 1.08 1.07 1.06 1.05 1.09 1.06 1.06 1.07 1.05 1.07 1.05 1.06 
1.06 1.07 1.07 1.09 1.06 1.05 1.08 1.05 1.06 1.05 1.06 1.08 1.08 1.06 1.08 1.05 1.09 1.05 1.06 1.07 
1.08 1.09 1.05 1.09 1.08 1.08 1.07 1.06 1.06 1.06 1.09 1.07 1.05 1.09 1.06 1.05 1.09 1.08 1.08 1.09 
1.09 1.05 1.09 1.06 1.06 1.07 1.07 1.08 1.09 1.08 1.09 1.09 1.07 1.09 1.08 1.09 1.09 1.08 1.05 1.05 
1.06 1.09 1.05 1.06 1.06 1.05 1.07 1.09 1.08 1.06 1.07 1.06 1.08 1.08 1.05 1.09 1.09 1.09 1.08 1.09 
1.05 1.09 1.06 1.07 1.05 1.07 1.09 1.05 1.05 1.08 1.08 1.07 1.08 1.09 1.06 1.08 1.07 1.07 1.09 1.07 
1.09 1.06 1.06 1.07 1.07 1.09 1.07 1.07 1.08 1.05 1.07 1.09 1.05 1.06 1.05 1.05 1.08 1.09 1.09 1.08 
1.06 1.08 1.05 1.08 1.06 1.05 1.09 1.05 1.09 1.07 1.07 1.08 1.08 1.08 1.08 1.09 1.09 1.09 1.06 1.06 
1.06 1.06 1.08 1.07 1.09 1.07 1.05 1.09 1.05 1.09 1.06 1.06 1.09 1.05 1.07 1.06 1.07 1.09 1.09 1.09 
1.06 1.08 1.07 1.07 1.08 1.09 1.08 1.08 1.07 1.07 1.06 1.07 1.07 1.09 1.06 1.05 1.06 1.07 1.07 1.07 
1.06 1.08 1.09 1.07 1.05 1.09 1.06 1.06 1.09 1.07 1.05 1.07 1.09 1.08 1.08 1.05 1.06 1.09 1.06 1.06 
1.07 1.06 1.05 1.07 1.05 1.05 1.05 1.09 1.06 1.08 1.09 1.07 1.06 1.08 1.06 1.07 1.08 1.08 1.06 1.08 
1.09 1.09 1.09 1.08 1.07 1.07 1.05 1.09 1.05 1.05 1.09 1.08 1.07 1.07 1.05 1.07 1.06 1.07 1.06 1.08 
1.05 1.07 1.05 1.08 1.06 1.08 1.05 1.09 1.07 1.09 1.05 1.07 1.07 1.06 1.06 1.06 1.07 1.09 1.05 1.07 
1.07 1.08 1.09 1.06 1.08 1.05 1.08 1.09 1.09 1.07 1.06 1.07 1.09 1.08 1.06 1.09 1.08 1.05 1.07 1.08 
1.07 1.07 1.08 1.09 1.07 1.06 1.05 1.07 1.07 1.07 1.07 1.06 1.05 1.05 1.05 1.07 1.08 1.06 1.05 1.06 
1.07 1.08 1.05 1.05 1.07 1.05 1.08 1.07 1.05 1.05 1.05 1.09 1.09 1.06 1.05 1.07 1.06 1.05 1.06 1.09 
1.08 1.08 1.09 1.05 1.08 1.06 1.09 1.08 1.06 1.07 1.08 1.08 1.09 1.06 1.08 1.05 1.09 1.07 1.07 1.09 
1.08 1.09 1.08 1.09 1.06 1.07 1.05 1.05 1.05 1.07 1.07 1.07 1.07 1.06 1.05 1.05 1.08 1.05 1.05 1.05 
1.05 1.09 1.06 1.06 1.06 1.08 1.09 1.09 1.07 1.08 1.05 1.06 1.05 1.08 1.07 1.07 1.06 1.09 1.08 1.07 
1.06 1.09 1.09 1.05 1.07 1.07 1.07 1.06 1.08 1.08 1.09 1.08 1.06 1.07 1.07 1.07 1.06 1.06 1.06 1.07 
1.06 1.09 1.05 1.05 1.07 1.07 1.08 1.07 1.09 1.06 1.06 1.08 1.09 1.05 1.05 1.08 1.05 1.05 1.05 1.06 
1.08 1.08 1.06 1.09 1.08 1.08 1.05 1.06 1.05 1.08 1.06 1.06 1.08 1.09 1.06 1.05 1.06 1.06 1.06 1.07 
1.06 1.07 1.07 1.05 1.05 1.09 1.06 1.06 1.05 1.06 1.07 1.09 1.08 1.05 1.09 1.05 1.09 1.08 1.09 1.09 
1.05 1.07 1.09 1.07 1.09 1.07 1.05 1.07 1.05 1.07 1.07 1.09 1.08 1.05 1.05 1.09 1.05 1.05 1.06 1.07 
1.06 1.09 1.07 1.06 1.09 1.09 1.05 1.09 1.09 1.09 1.06 1.09 1.05 1.05 1.05 1.08 1.07 1.06 1.09 1.06 
1.06 1.07 1.07 1.06 1.05 1.08 1.06 1.07 1.06 1.07 1.05 1.06 1.06 1.05 1.05 1.08 1.06 1.09 1.07 1.07 
1.06 1.06 1.07 1.05 1.05 1.05 1.07 1.08 1.09 1.06 1.07 1.09 1.05 1.06 1.07 1.07 1.09 1.07 1.07 1.08 
1.05 1.07 1.06 1.08 1.06 1.05 1.06 1.07 1.08 1.05 1.05 1.05 1.05 1.09 1.05 1.05 1.06 1.06 1.09 1.08 
1.06 1.05 1.05 1.08 1.07 1.09 1.06 1.06 1.05 1.07 1.09 1.07 1.08 1.08 1.08 1.07 1.05 1.09 1.07 1.05 
1.05 1.09 1.09 1.05 1.09 1.06 1.05 1.05 1.05 1.09 1.06 1.05 1.06 1.07 1.09 1.07 1.06 1.07 1.09 1.07 
1.05 1.09 1.06 1.07 1.06 1.08 1.07 1.08 1.08 1.05 1.07 1.07 1.05 1.09 1.09 1.08 1.05 1.05 1.07 1.07 
1.06 1.09 1.07 1.09 1.09 1.09 1.08 1.09 1.05 1.08 1.07 1.07 1.07 1.09 1.06 1.05 1.09 1.05 1.06 1.05 
1.06 1.07 1.05 1.09 1.05 1.07 1.09 1.09 1.07 1.07 1.07 1.05 1.09 1.08 1.09 1.07 1.06 1.07 1.05 1.09 
1.06 1.09 1.09 1.08 1.07 1.08 1.09 1.05 1.05 1.08 1.09 1.09 1.09 1.05 1.06 1.07 1.05 1.07 1.09 1.08 
1.05 1.09 1.09 1.09 1.09 1.05 1.09 1.06 1.05 1.08 1.07 1.08 1.07 1.09 1.06 1.09 1.05 1.06 1.05 1.09 
1.06 1.06 1.07 1.08 1.09 1.05 1.06 1.09 1.07 1.06 1.05 1.08 1.08 1.06 1.05 1.05 1.07 1.05 1.08 1.07 
1.09 1.09 1.09 1.05 1.07 1.08 1.06 1.09 1.06 1.06 1.05 1.09 1.05 1.05 1.08 1.06 1.09 1.05 1.09 1.06 
1.09 1.07 1.08 1.05 1.09 1.09 1.06 1.08 1.06 1.06 1.08 1.07 1.09 1.07 1.06 1.09 1.06 1.05 1.08 1.09 
1.07 1.05 1.05 1.09 1.06 1.08 1.09 1.05 1.07 1.05 1.09 1.08 1.05 1.07 1.08 1.06 1.05 1.09 1.05 1.07 
1.06 1.05 1.06 1.07 1.08 1.05 1.09 1.09 1.07 1.07 1.08 1.06 1.08 1.07 1.05 1.05 1.08 1.09 1.09 1.07 
1.05 1.07 1.07 1.05 1.07 1.05 1.08 1.05 1.08 1.06 1.07 1.07 1.06 1.08 1.09 1.05 1.07 1.06 1.07 1.09 
1.08 1.09 1.07 1.05 1.07 1.08 1.07 1.06 1.06 1.05 1.06 1.08 1.05 1.09 1.07 1.06 1.09 1.06 1.06 1.09 
1.05 1.08 1.05 1.09 1.07 1.08 1.09 1.05 1.09 1.05 1.06 1.05 1.07 1.08 1.09 1.06 1.07 1.05 1.08 1.07 
1.09 1.06 1.09 1.07 1.08 1.05 1.09 1.08 1.07 1.08 1.07 1.09 1.05 1.09 1.09 1.05 1.06 1.08 1.09 1.09 
1.07 1.06 1.05 1.08 1.09 1.09 1.06 1.05 1.08 1.08 1.09 1.08 1.06 1.09 1.07 1.06 1.08 1.06 1.06 1.06 
1.09 1.09 1.06 1.09 1.06 1.09 1.08 1.09 1.09 1.06 1.05 1.06 1.06 1.08 1.08 1.05 1.09 1.08 1.06 1.09 
1.05 1.05 1.05 1.08 1.07 1.05 1.06 1.09 1.06 1.09 1.09 1.05 1.05 1.09 1.08 1.06 1.06 1.05 1.09 1.06 
1.08 1.07 1.07 1.09 1.05 1.08 1.05 1.06 1.08 1.09 1.07 1.05 1.09 1.08 1.06 1.05 1.08 1.08 1.06 1.09 
1.07 1.09 1.09 1.08 1.08 1.06 1.05 1.06 1.06 1.06 1.08 1.05 1.08 1.09 1.07 1.06 1.07 1.05 1.07 1.08 
1.07 1.06 1.07 1.08 1.08 1.05 1.09 1.09 1.08 1.06 1.08 1.09 1.08 1.06 1.05 1.09 1.09 1.06 1.09 1.06 
1.05 1.06 1.08 1.08 1.08 1.06 1.09 1.08 1.09 1.08 1.08 1.07 1.07 1.07 1.08 1.09 1.05 1.06 1.05 1.07 
1.07 1.08 1.05 1.07 1.06 1.06 1.09 1.07 1.08 1.08 1.07 1.05 1.07 1.09 1.09 1.06 1.06 1.05 1.08 1.05 
1.07 1.07 1.09 1.09 1.08 1.06 1.05 1.07 1.08 1.08 1.05 1.06 1.08 1.06 1.05 1.05 1.08 1.05 1.09 1.06 
1.09 1.07 1.06 1.08 1.06 1.05 1.05 1.05 1.07 1.08 1.07 1.08 1.09 1.09 1.06 1.05 1.06 1.08 1.05 1.05 
1.06 1.08 1.07 1.06 1.06 1.08 1.09 1.09 1.07 1.05 1.09 1.05 1.08 1.09 1.09 1.08 1.06 1.06 1.06 1.06 
1.09 1.08 1.07 1.07 1.06 1.09 1.06 1.05 1.09 1.07 1.09 1.08 1.05 1.06 1.06 1.06 1.08 1.09 1.06 1.05 
1.06 1.05 1.05 1.09 1.08 1.07 1.07 1.05 1.06 1.09 1.05 1.05 1.05 1.06 1.08 1.06 1.05 1.08 1.07 1.06 
1.09 1.07 1.08 1.08 1.06 1.05 1.07 1.05 1.09 1.07 1.07 1.07 1.08 1.08 1.07 1.08 1.06 1.05 1.09 1.08 
1.06 1.08 1.09 1.06 1.08 1.05 1.07 1.09 1.07 1.08 1.05 1.09 1.06 1.09 1.08 1.09 1.08 1.07 1.06 1.06 
1.07 1.06 1.06 1.09 1.07 1.06 1.09 1.08 1.05 1.09 1.06 1.06 1.07 1.09 1.05 1.08 1.06 1.06 1.09 1.05 
1.05 1.09 1.07 1.06 1.09 1.08 1.06 1.09 1.08 1.09 1.06 1.08 1.07 1.05 1.09 1.05 1.05 1.06 1.05 1.06 
1.05 1.08 1.08 1.06 1.06 1.08 1.07 1.07 1.05 1.09 1.05 1.09 1.05 1.08 1.08 1.08 1.09 1.05 1.07 1.05 
1.09 1.07 1.07 1.06 1.08 1.05 1.09 1.07 1.07 1.08 1.09 1.06 1.06 1.05 1.07 1.05 1.08 1.09 1.06 1.09 
1.09 1.07 1.06 1.09 1.07 1.06 1.07 1.07 1.05 1.05 1.07 1.08 1.05 1.05 1.05 1.07 1.05 1.05 1.08 1.05 
1.06 1.05 1.09 1.08 1.07 1.06 1.05 1.05 1.05 1.07 1.05 1.05 1.07 1.09 1.08 1.05 1.08 1.06 1.07 1.06 
1.06 1.06 1.05 1.07 1.07 1.08 1.05 1.09 1.08 1.08 1.08 1.05 1.07 1.09 1.09 1.06 1.06 1.07 1.08 1.09 
1.09 1.06 1.05 1.07 1.07 1.05 1.09 1.05 1.05 1.09 1.05 1.08 1.06 1.05 1.08 1.05 1.09 1.08 1.05 1.05 
1.08 1.08 1.07 1.06 1.07 1.05 1.05 1.08 1.08 1.07 1.09 1.08 1.05 1.05 1.07 1.08 1.08 1.05 1.08 1.05 
1.07 1.07 1.08 1.07 1.09 1.07 1.09 1.06 1.05 1.06 1.06 1.07 1.07 1.06 1.06 1.08 1.07 1.06 1.06 1.07 
1.09 1.08 1.09 1.08 1.09 1.07 1.08 1.08 1.06 1.08 1.08 1.08 1.06 1.06 1.05 1.09 1.07 1.05 1.09 1.05 
1.06 1.08 1.07 1.07 1.07 1.08 1.08 1.07 1.05 1.05 1.09 1.09 1.08 1.09 1.09 1.07 1.05 1.09 1.05 1.07 
1.07 1.06 1.09 1.05 1.07 1.05 1.05 1.09 1.08 1.07 1.07 1.08 1.05 1.09 1.06 1.07 1.06 1.06 1.05 1.05 
1.06 1.07 1.05 1.09 1.05 1.08 1.06 1.06 1.05 1.06 1.07 1.08 1.06 1.05 1.09 1.07 1.08 1.09 1.05 1.08 
1.05 1.06 1.08 1.07 1.05 1.06 1.06 1.07 1.09 1.09 1.07 1.08 1.06 1.07 1.06 1.09 1.06 1.07 1.05 1.09 
1.05 1.07 1.09 1.09 1.05 1.08 1.05 1.06 1.07 1.09 1.07 1.07 1.07 1.07 1.05 1.07 1.05 1.09 1.05 1.07 
1.09 1.07 1.05 1.05 1.08 1.05 1.05 1.05 1.07 1.09 1.07 1.05 1.08 1.07 1.08 1.06 1.09 1.05 1.05 1.09 
1.06 1.05 1.06 1.06 1.09 1.08 1.09 1.09 1.07 1.05 1.09 1.05 1.06 1.08 1.05 1.06 1.06 1.07 1.07 1.08 
1.05 1.07 1.06 1.05 1.09 1.05 1.08 1.05 1.09 1.08 1.07 1.07 1.08 1.05 1.07 1.05 1.05 1.06 1.09 1.06 
1.08 1.06 1.05 1.06 1.08 1.07 1.09 1.09 1.06 1.05 1.05 1.09 1.06 1.07 1.07 1.08 1.05 1.05 1.07 1.08 
1.08 1.06 1.07 1.08 1.06 1.09 1.05 1.05 1.07 1.07 1.06 1.06 1.08 1.08 1.05 1.08 1.08 1.09 1.06 1.08 
1.06 1.06 1.06 1.09 1.09 1.08 1.05 1.08 1.05 1.07 1.07 1.07 1.06 1.05 1.07 1.07 1.06 1.09 1.08 1.06 
1.07 1.05 1.08 1.06 1.09 1.05 1.05 1.08 1.05 1.05 1.05 1.08 1.08 1.08 1.06 1.05 1.07 1.06 1.08 1.09 
1.05 1.07 1.05 1.07 1.07 1.05 1.09 1.08 1.08 1.07 1.07 1.06 1.08 1.07 1.07 1.05 1.06 1.06 1.07 1.08 
1.09 1.09 1.06 1.07 1.07 1.08 1.07 1.08 1.09 1.05 1.09 1.07 1.09 1.08 1.05 1.05 1.06 1.06 1.05 1.09 
1.06 1.07 1.06 1.09 1.06 1.06 1.07 1.08 1.09 1.06 1.06 1.08 1.09 1.06 1.05 1.09 1.08 1.05 1.08 1.08 
1.08 1.08 1.05 1.06 1.09 1.07 1.08 1.06 1.07 1.07 1.05 1.06 1.09 1.05 1.09 1.08 1.05 1.06 1.06 1.08 
1.08 1.09 1.09 1.08 1.08 1.05 1.06 1.09 1.09 1.08 1.06 1.07 1.06 1.09 1.09 1.05 1.06 1.09 1.09 1.05 
1.07 1.06 1.07 1.09 1.07 1.05 1.08 1.08 1.06 1.05 1.08 1.09 1.05 1.09 1.07 1.08 1.07 1.07 1.09 1.06 
1.09 1.08 1.05 1.05 1.06 1.08 1.08 1.07 1.09 1.08 1.08 1.07 1.06 1.05 1.06 1.08 1.09 1.07 1.06 1.06 
1.07 1.08 1.09 1.09 1.08 1.07 1.09 1.05 1.09 1.07 1.05 1.09 1.07 1.09 1.06 1.08 1.06 1.08 1.07 1.09 
1.08 1.08 1.07 1.08 1.06 1.08 1.06 1.06 1.08 1.09 1.07 1.05 1.08 1.08 1.07 1.09 1.09 1.07 1.05 1.07 
1.08 1.08 1.05 1.05 1.09 1.07 1.05 1.05 1.06 1.07 1.06 1.08 1.07 1.05 1.08 1.09 1.07 1.06 1.08 1.06 
1.08 1.06 1.09 1.06 1.05 1.08 1.08 1.07 1.07 1.05 1.07 1.07 1.08 1.05 1.08 1.06 1.07 1.05 1.09 1.05 
1.07 1.09 1.07 1.08 1.07 1.08 1.08 1.05 1.09 1.05 1.06 1.07 1.05 1.09 1.06 1.09 1.07 1.07 1.08 1.06 
1.09 1.06 1.07 1.06 1.09 1.07 1.09 1.08 1.09 1.06 1.05 1.06 1.06 1.09 1.07 1.07 1.06 1.07 1.09 1.08 
1.05 1.05 1.08 1.06 1.06 1.05 1.05 1.07 1.09 1.05 1.07 1.08 1.06 1.07 1.05 1.07 1.08 1.07 1.09 1.09 
1.08 1.07 1.09 1.07 1.08 1.07 1.05 1.05 1.06 1.05 1.06 1.07 1.05 1.06 1.07 1.07 1.08 1.07 1.09 1.07 
1.09 1.06 1.07 1.07 1.05 1.05 1.05 1.06 1.06 1.07 1.05 1.07 1.05 1.09 1.07 1.06 1.06 1.07 1.08 1.06 
1.08 1.08 1.09 1.06 1.05 1.09 1.06 1.06 1.08 1.09 1.06 1.09 1.09 1.09 1.05 1.07 1.08 1.05 1.09 1.08 
1.07 1.09 1.07 1.07 1.07 1.06 1.09 1.08 1.08 1.05 1.09 1.08 1.09 1.06 1.08 1.07 1.09 1.09 1.09 1.07 
1.09 1.07 1.07 1.05 1.07 1.06 1.05 1.08 1.07 1.08 1.07 1.08 1.06 1.06 1.05 1.05 1.06 1.08 1.05 1.05 
1.05 1.07 1.08 1.06 1.09 1.07 1.09 1.08 1.05 1.05 1.05 1.08 1.08 1.06 1.08 1.09 1.07 1.08 1.07 1.06 
1.07 1.07 1.06 1.05 1.09 1.09 1.07 1.05 1.08 1.06 1.09 1.08 1.07 1.05 1.08 1.07 1.06 1.06 1.05 1.09 
1.05 1.07 1.09 1.09 1.07 1.06 1.06 1.09 1.06 1.05 1.08 1.05 1.09 1.08 1.05 1.07 1.06 1.08 1.08 1.08 
1.09 1.08 1.07 1.07 1.08 1.06 1.07 1.07 1.05 1.08 1.07 1.08 1.06 1.06 1.07 1.07 1.08 1.07 1.09 1.06 
1.05 1.06 1.09 1.08 1.05 1.08 1.08 1.06 1.08 1.06 1.06 1.07 1.06 1.07 1.05 1.05 1.06 1.06 1.07 1.07 
1.06 1.08 1.07 1.09 1.08 1.06 1.06 1.07 1.05 1.09 1.09 1.05 1.05 1.08 1.07 1.08 1.06 1.08 1.05 1.06 
1.07 1.08 1.09 1.05 1.09 1.05 1.07 1.08 1.05 1.05 1.07 1.07 1.06 1.09 1.07 1.08 1.05 1.07 1.05 1.08 
1.08 1.08 1.06 1.06 1.07 1.06 1.07 1.09 1.08 1.05 1.05 1.07 1.05 1.09 1.08 1.06 1.06 1.05 1.05 1.07 
1.06 1.05 1.06 1.05 1.06 1.05 1.08 1.08 1.08 1.06 1.07 1.09 1.07 1.05 1.07 1.09 1.05 1.09 1.05 1.09 
1.09 1.05 1.07 1.08 1.09 1.08 1.05 1.09 1.09 1.07 1.06 1.07 1.08 1.06 1.05 1.09 1.06 1.08 1.09 1.05 
1.05 1.07 1.07 1.05 1.08 1.05 1.08 1.06 1.07 1.05 1.05 1.08 1.09 1.09 1.05 1.08 1.09 1.05 1.08 1.08 
1.06 1.05 1.06 1.09 1.07 1.09 1.08 1.05 1.08 1.09 1.06 1.08 1.07 1.07 1.08 1.08 1.07 1.06 1.07 1.08 
1.09 1.09 1.08 1.09 1.06 1.07 1.06 1.05 1.07 1.05 1.06 1.07 1.09 1.07 1.07 1.05 1.07 1.09 1.07 1.05 
1.05 1.07 1.06 1.09 1.09 1.05 1.09 1.07 1.06 1.08 1.08 1.08 1.09 1.05 1.06 1.06 1.07 1.06 1.07 1.09 
1.08 1.07 1.06 1.08 1.08 1.05 1.06 1.07 1.09 1.07 1.08 1.08 1.09 1.07 1.08 1.09 1.06 1.07 1.08 1.06 
1.09 1.07 1.07 1.06 1.05 1.09 1.06 1.09 1.08 1.09 1.09 1.06 1.09 1.07 1.08 1.09 1.08 1.07 1.08 1.05 
1.06 1.07 1.05 1.06 1.05 1.06 1.05 1.08 1.08 1.07 1.09 1.07 1.06 1.07 1.07 1.09 1.09 1.07 1.07 1.09 
1.07 1.08 1.09 1.07 1.09 1.09 1.09 1.09 1.09 1.09 1.09 1.08 1.05 1.08 1.05 1.09 1.08 1.05 1.08 1.09 
1.09 1.05 1.09 1.05 1.06 1.05 1.07 1.07 1.09 1.08 1.07 1.09 1.07 1.05 1.07 1.05 1.09 1.09 1.06 1.06 
1.09 1.09 1.05 1.08 1.09 1.09 1.09 1.09 1.09 1.07 1.05 1.08 1.09 1.05 1.06 1.08 1.09 1.07 1.07 1.06 
1.05 1.07 1.07 1.09 1.08 1.07 1.06 1.07 1.07 1.05 1.06 1.05 1.09 1.08 1.06 1.08 1.09 1.08 1.05 1.06 
1.07 1.08 1.09 1.06 1.08 1.09 1.06 1.05 1.05 1.08 1.09 1.09 1.07 1.08 1.09 1.07 1.05 1.06 1.05 1.09 
1.09 1.09 1.07 1.08 1.05 1.06 1.05 1.05 1.05 1.05 1.05 1.06 1.09 1.09 1.09 1.09 1.09 1.07 1.09 1.06 
1.07 1.06 1.05 1.06 1.06 1.06 1.05 1.05 1.05 1.08 1.06 1.07 1.05 1.06 1.07 1.09 1.07 1.08 1.07 1.08 
1.09 1.05 1.05 1.07 1.06 1.08 1.07 1.09 1.05 1.05 1.07 1.08 1.08 1.09 1.07 1.09 1.08 1.06 1.08 1.09 
1.05 1.07 1.08 1.06 1.05 1.05 1.06 1.08 1.08 1.08 1.07 1.08 1.07 1.05 1.08 1.05 1.09 1.08 1.07 1.08 
1.07 1.06 1.09 1.05 1.08 1.05 1.07 1.05 1.08 1.06 1.07 1.05 1.09 1.05 1.05 1.06 1.05 1.07 1.05 1.09 
1.09 1.09 1.05 1.06 1.06 1.05 1.08 1.06 1.05 1.07 1.08 1.07 1.07 1.06 1.08 1.07 1.09 1.05 1.06 1.09 
1.09 1.09 1.08 1.08 1.08 1.07 1.08 1.09 1.05 1.09 1.06 1.08 1.06 1.05 1.07 1.09 1.09 1.05 1.05 1.08 
1.05 1.05 1.07 1.07 1.09 1.05 1.07 1.06 1.07 1.07 1.08 1.05 1.05 1.09 1.07 1.05 1.07 1.09 1.07 1.08 
1.06 1.09 1.07 1.09 1.07 1.08 1.09 1.08 1.05 1.09 1.05 1.05 1.05 1.06 1.08 1.09 1.07 1.06 1.06 1.05 
1.06 1.08 1.07 1.07 1.05 1.06 1.05 1.09 1.08 1.05 1.07 1.05 1.05 1.08 1.08 1.07 1.07 1.09 1.09 1.07 
1.09 1.09 1.09 1.07 1.06 1.09 1.05 1.05 1.09 1.09 1.07 1.06 1.05 1.09 1.06 1.09 1.07 1.09 1.08 1.09 
1.08 1.06 1.05 1.08 1.08 1.07 1.09 1.07 1.09 1.09 1.09 1.05 1.05 1.08 1.05 1.07 1.06 1.09 1.05 1.08 
1.09 1.07 1.09 1.09 1.06 1.05 1.06 1.07 1.08 1.09 1.06 1.09 1.05 1.08 1.07 1.05 1.08 1.07 1.06 1.05 
