20
400
59 10 58 78 26 14 97 53 91 87 60 83 16 75 27 73 94 64 95 55 57 33 9 95 7 10 5 67 17 24 39 2 47 50 51 88 57 13 79 64 44 78 1 37 62 37 2 92 32 56 71 49 50 77 58 96 50 49 95 86 66 53 30 64 84 23 8 67 47 17 6 85 59 35 93 27 36 46 92 51 15 88 62 11 46 95 64 35 81 50 94 96 60 5 49 21 78 32 72 35 91 94 69 71 27 94 83 39 7 15 13 17 31 56 10 18 44 33 66 83 14 25 60 84 90 28 14 70 30 96 44 51 65 44 93 39 57 43 70 29 26 55 57 15 97 3 73 82 92 45 46 33 28 34 67 47 96 99 50 99 72 53 44 20 89 31 74 61 91 82 7 66 17 9 11 96 88 91 95 26 18 78 46 68 60 53 80 52 26 60 17 51 58 50 76 49 28 55 76 32 32 32 34 54 52 23 8 65 76 27 10 78 91 44 52 33 44 74 47 80 41 56 79 62 10 91 31 87 57 44 67 9 76 55 11 76 16 40 44 85 97 3 37 11 59 90 82 92 75 38 3 79 80 95 67 25 75 56 23 93 33 95 86 99 84 100 81 53 37 64 87 13 44 91 11 33 16 62 92 100 41 35 6 8 27 18 18 56 29 9 14 96 50 2 6 39 7 36 78 44 53 71 9 92 8 15 93 63 100 71 12 5 95 70 30 99 43 63 72 62 9 98 57 35 22 59 7 88 29 37 88 22 82 1 50 59 6 80 59 26 94 25 33 12 48 32 36 26 35 4 5 8 14 20 56 24 5 56 1 95 59 68 48 95 19 90 21 74 84 4 73 53 59 68 90 49 40 55 8 66 55 11 29 14 37 17 66 12 29 23 40 100 100 74 50 46 5 42 3 52 
1 3 1 2 3 3 2 1 1 2 2 1 2 3 2 2 2 1 1 3 
1.05 1.07 1.07 1.06 1.07 1.06 1.05 1.08 1.07 1.05 1.06 1.06 1.08 1.05 1.07 1.05 1.05 1.08 1.06 1.09 
1.09 1.08 1.07 1.05 1.09 1.05 1.09 1.07 1.09 1.06 1.05 1.06 1.07 1.09 1.06 1.09 1.07 1.08 1.08 1.09 
1.05 1.09 1.07 1.09 1.06 1.06 1.07 1.07 1.09 1.05 1.08 1.05 1.09 1.09 1.05 1.09 1.09 1.06 1.09 1.06 
1.07 1.08 1.09 1.05 1.08 1.05 1.07 1.05 1.07 1.05 1.08 1.07 1.06 1.09 1.06 1.07 1.07 1.07 1.05 1.05 
1.08 1.07 1.05 1.05 1.06 1.07 1.05 1.09 1.07 1.06 1.05 1.06 1.09 1.08 1.08 1.09 1.07 1.07 1.07 1.09 
1.08 1.07 1.09 1.09 1.08 1.08 1.09 1.08 1.05 1.06 1.07 1.07 1.08 1.09 1.08 1.06 1.06 1.06 1.05 1.07 
1.05 1.06 1.05 1.08 1.08 1.05 1.06 1.09 1.05 1.06 1.08 1.09 1.06 1.09 1.05 1.05 1.09 1.07 1.05 1.05 
1.07 1.07 1.09 1.08 1.06 1.05 1.07 1.09 1.08 1.05 1.05 1.06 1.09 1.08 1.07 1.08 1.08 1.05 1.08 1.08 
1.07 1.08 1.08 1.09 1.05 1.08 1.05 1.08 1.06 1.09 1.08 1.08 1.06 1.09 1.09 1.07 1.05 1.05 1.05 1.05 
1.06 1.07 1.07 1.09 1.09 1.09 1.06 1.06 1.05 1.08 1.09 1.07 1.08 1.05 1.07 1.05 1.08 1.05 1.09 1.06 
1.09 1.06 1.08 1.05 1.05 1.07 1.06 1.07 1.05 1.07 1.09 1.08 1.06 1.05 1.05 1.05 1.07 1.09 1.06 1.08 
1.05 1.07 1.05 1.09 1.07 1.06 1.05 1.07 1.08 1.05 1.08 1.08 1.07 1.08 1.09 1.05 1.08 1.07 1.08 1.05 
1.09 1.08 1.08 1.05 1.06 1.07 1.07 1.05 1.09 1.09 1.09 1.09 1.07 1.06 1.05 1.08 1.08 1.06 1.08 1.09 
1.08 1.06 1.06 1.09 1.09 1.09 1.09 1.09 1.08 1.05 1.09 1.09 1.07 1.09 1.08 1.06 1.09 1.09 1.09 1.08 
1.05 1.05 1.08 1.06 1.05 1.07 1.08 1.06 1.05 1.06 1.05 1.07 1.05 1.07 1.05 1.08 1.09 1.08 1.07 1.05 
1.07 1.09 1.06 1.07 1.09 1.05 1.05 1.08 1.06 1.06 1.08 1.08 1.08 1.07 1.07 1.06 1.07 1.08 1.06 1.05 
1.06 1.07 1.07 1.05 1.09 1.08 1.06 1.09 1.08 1.09 1.08 1.07 1.05 1.06 1.07 1.07 1.08 1.09 1.05 1.05 
1.09 1.06 1.06 1.08 1.07 1.08 1.07 1.06 1.07 1.06 1.05 1.06 1.07 1.09 1.07 1.06 1.07 1.06 1.09 1.09 
1.08 1.08 1.08 1.07 1.08 1.05 1.06 1.09 1.09 1.06 1.08 1.06 1.08 1.09 1.05 1.06 1.06 1.07 1.06 1.06 
1.09 1.09 1.07 1.05 1.05 1.07 1.07 1.09 1.07 1.05 1.09 1.09 1.05 1.08 1.07 1.05 1.05 1.06 1.07 1.08 
1.08 1.06 1.05 1.07 1.05 1.07 1.08 1.05 1.05 1.09 1.08 1.07 1.05 1.09 1.05 1.05 1.07 1.09 1.05 1.08 
1.09 1.09 1.05 1.08 1.06 1.05 1.06 1.07 1.05 1.07 1.08 1.08 1.06 1.07 1.07 1.05 1.05 1.05 1.08 1.09 
1.05 1.06 1.05 1.05 1.09 1.07 1.06 1.05 1.07 1.08 1.05 1.08 1.05 1.09 1.06 1.06 1.06 1.09 1.08 1.07 
1.07 1.07 1.09 1.06 1.05 1.05 1.06 1.07 1.07 1.09 1.05 1.05 1.08 1.07 1.09 1.09 1.09 1.06 1.06 1.07 
1.05 1.05 1.05 1.05 1.08 1.09 1.05 1.08 1.06 1.06 1.08 1.09 1.07 1.05 1.07 1.07 1.05 1.08 1.07 1.09 
1.06 1.09 1.08 1.06 1.08 1.08 1.07 1.09 1.07 1.09 1.07 1.09 1.08 1.06 1.05 1.06 1.07 1.06 1.09 1.06 
1.05 1.06 1.06 1.05 1.09 1.09 1.06 1.08 1.06 1.07 1.07 1.08 1.07 1.08 1.05 1.05 1.08 1.09 1.08 1.08 
1.07 1.09 1.05 1.06 1.06 1.06 1.07 1.05 1.08 1.05 1.06 1.08 1.08 1.09 1.06 1.05 1.07 1.07 1.07 1.06 
1.07 1.06 1.09 1.05 1.05 1.08 1.08 1.08 1.08 1.08 1.06 1.09 1.05 1.09 1.09 1.06 1.09 1.09 1.05 1.09 
1.06 1.07 1.06 1.05 1.07 1.05 1.05 1.07 1.08 1.09 1.05 1.08 1.09 1.07 1.08 1.09 1.06 1.07 1.08 1.09 
1.09 1.08 1.05 1.07 1.07 1.08 1.09 1.09 1.06 1.07 1.08 1.07 1.05 1.08 1.06 1.07 1.06 1.09 1.06 1.06 
1.08 1.05 1.05 1.08 1.09 1.06 1.05 1.09 1.08 1.05 1.08 1.05 1.05 1.05 1.05 1.08 1.07 1.06 1.09 1.05 
1.08 1.09 1.06 1.08 1.09 1.05 1.08 1.05 1.08 1.07 1.05 1.06 1.06 1.05 1.09 1.05 1.09 1.05 1.06 1.07 
1.07 1.08 1.05 1.08 1.09 1.08 1.07 1.06 1.09 1.06 1.05 1.06 1.06 1.08 1.08 1.07 1.06 1.08 1.05 1.06 
1.07 1.06 1.05 1.08 1.07 1.08 1.08 1.08 1.08 1.05 1.08 1.07 1.07 1.07 1.07 1.08 1.07 1.09 1.05 1.07 
1.07 1.06 1.09 1.06 1.09 1.06 1.05 1.06 1.05 1.08 1.06 1.08 1.08 1.07 1.06 1.06 1.09 1.09 1.05 1.09 
1.07 1.08 1.06 1.05 1.08 1.06 1.08 1.06 1.08 1.09 1.07 1.09 1.05 1.08 1.06 1.06 1.06 1.09 1.08 1.06 
1.06 1.06 1.08 1.08 1.06 1.06 1.08 1.08 1.05 1.07 1.08 1.06 1.05 1.09 1.08 1.09 1.06 1.08 1.09 1.09 
1.09 1.05 1.08 1.08 1.09 1.07 1.06 1.05 1.05 1.06 1.08 1.06 1.05 1.09 1.06 1.05 1.09 1.05 1.08 1.07 
1.07 1.07 1.07 1.05 1.09 1.08 1.08 1.07 1.08 1.06 1.09 1.09 1.08 1.07 1.08 1.05 1.09 1.08 1.06 1.09 
1.06 1.07 1.09 1.06 1.08 1.07 1.06 1.09 1.06 1.08 1.07 1.09 1.07 1.06 1.08 1.06 1.07 1.09 1.09 1.09 
1.05 1.08 1.07 1.05 1.06 1.06 1.05 1.05 1.09 1.07 1.09 1.09 1.09 1.09 1.09 1.07 1.09 1.05 1.07 1.05 
1.06 1.09 1.07 1.09 1.06 1.09 1.07 1.08 1.07 1.09 1.08 1.09 1.07 1.07 1.08 1.07 1.06 1.09 1.08 1.07 
1.09 1.05 1.09 1.06 1.08 1.06 1.09 1.07 1.06 1.05 1.08 1.07 1.06 1.09 1.06 1.08 1.07 1.08 1.05 1.05 
1.06 1.07 1.07 1.05 1.05 1.07 1.08 1.07 1.06 1.06 1.06 1.05 1.05 1.09 1.09 1.07 1.08 1.08 1.08 1.07 
1.07 1.09 1.09 1.07 1.06 1.08 1.06 1.05 1.08 1.07 1.07 1.08 1.05 1.07 1.07 1.09 1.07 1.07 1.06 1.08 
1.08 1.09 1.05 1.07 1.07 1.07 1.08 1.06 1.05 1.07 1.05 1.06 1.05 1.08 1.06 1.06 1.05 1.08 1.08 1.07 
1.05 1.08 1.07 1.07 1.05 1.08 1.06 1.05 1.07 1.05 1.09 1.05 1.08 1.05 1.06 1.09 1.06 1.05 1.06 1.08 
1.07 1.05 1.08 1.09 1.05 1.09 1.05 1.06 1.08 1.06 1.06 1.07 1.07 1.06 1.07 1.06 1.09 1.08 1.09 1.06 
1.05 1.06 1.08 1.05 1.06 1.05 1.09 1.07 1.08 1.05 1.08 1.08 1.05 1.05 1.05 1.05 1.08 1.05 1.09 1.06 
1.06 1.08 1.06 1.07 1.05 1.05 1.07 1.08 1.06 1.05 1.08 1.06 1.05 1.06 1.07 1.09 1.09 1.07 1.05 1.06 
1.09 1.08 1.05 1.05 1.07 1.09 1.09 1.05 1.06 1.07 1.08 1.08 1.06 1.08 1.05 1.08 1.06 1.07 1.05 1.09 
1.08 1.09 1.05 1.06 1.08 1.07 1.07 1.07 1.05 1.08 1.09 1.07 1.05 1.08 1.07 1.08 1.05 1.06 1.07 1.06 
1.05 1.05 1.09 1.05 1.09 1.09 1.09 1.06 1.06 1.06 1.05 1.07 1.07 1.08 1.05 1.09 1.09 1.07 1.05 1.08 
1.09 1.08 1.09 1.07 1.05 1.06 1.08 1.06 1.07 1.06 1.08 1.06 1.09 1.05 1.06 1.05 1.08 1.05 1.07 1.05 
1.05 1.09 1.05 1.09 1.08 1.09 1.07 1.05 1.07 1.08 1.07 1.07 1.05 1.07 1.06 1.07 1.06 1.06 1.07 1.06 
1.07 1.08 1.08 1.06 1.07 1.05 1.09 1.09 1.06 1.08 1.09 1.07 1.09 1.07 1.05 1.06 1.08 1.07 1.08 1.06 
1.06 1.07 1.09 1.05 1.08 1.09 1.07 1.09 1.09 1.08 1.08 1.09 1.06 1.07 1.08 1.08 1.09 1.05 1.06 1.05 
1.06 1.05 1.07 1.09 1.06 1.09 1.06 1.07 1.07 1.09 1.05 1.09 1.08 1.07 1.08 1.07 1.09 1.07 1.06 1.07 
1.09 1.05 1.08 1.05 1.08 1.06 1.05 1.07 1.09 1.05 1.06 1.09 1.07 1.06 1.06 1.06 1.09 1.06 1.07 1.07 
1.05 1.06 1.05 1.05 1.07 1.09 1.09 1.06 1.09 1.05 1.05 1.05 1.05 1.06 1.07 1.08 1.09 1.09 1.07 1.05 
1.05 1.09 1.09 1.05 1.05 1.08 1.09 1.09 1.05 1.06 1.06 1.06 1.07 1.05 1.08 1.07 1.06 1.08 1.08 1.08 
1.08 1.05 1.08 1.08 1.07 1.09 1.09 1.06 1.08 1.08 1.08 1.08 1.08 1.09 1.07 1.07 1.06 1.06 1.06 1.06 
1.07 1.05 1.07 1.06 1.09 1.09 1.09 1.08 1.08 1.05 1.06 1.06 1.09 1.08 1.09 1.06 1.06 1.06 1.08 1.08 
1.09 1.05 1.09 1.09 1.06 1.08 1.07 1.08 1.09 1.09 1.06 1.08 1.06 1.05 1.06 1.08 1.05 1.06 1.07 1.05 
1.06 1.06 1.06 1.07 1.09 1.07 1.07 1.05 1.08 1.08 1.07 1.05 1.07 1.09 1.07 1.05 1.09 1.06 1.05 1.06 
1.08 1.09 1.09 1.09 1.08 1.05 1.05 1.09 1.05 1.05 1.06 1.08 1.08 1.06 1.07 1.06 1.06 1.07 1.08 1.09 
1.09 1.05 1.09 1.06 1.05 1.09 1.07 1.08 1.09 1.08 1.07 1.09 1.09 1.05 1.05 1.06 1.05 1.05 1.09 1.08 
1.08 1.07 1.09 1.08 1.07 1.09 1.07 1.06 1.09 1.08 1.08 1.05 1.07 1.05 1.05 1.07 1.08 1.09 1.09 1.05 
1.09 1.09 1.07 1.08 1.07 1.06 1.07 1.09 1.09 1.07 1.05 1.05 1.05 1.07 1.07 1.09 1.08 1.09 1.05 1.05 
1.09 1.07 1.05 1.08 1.05 1.06 1.09 1.07 1.07 1.08 1.07 1.06 1.07 1.08 1.06 1.08 1.06 1.05 1.07 1.06 
1.08 1.08 1.07 1.09 1.05 1.08 1.09 1.07 1.05 1.09 1.09 1.05 1.08 1.09 1.08 1.06 1.06 1.09 1.06 1.09 
1.07 1.05 1.07 1.09 1.07 1.09 1.07 1.08 1.07 1.07 1.06 1.08 1.05 1.09 1.08 1.07 1.05 1.08 1.07 1.05 
1.08 1.06 1.09 1.05 1.07 1.08 1.07 1.08 1.08 1.06 1.05 1.05 1.05 1.09 1.08 1.09 1.08 1.09 1.05 1.07 
1.05 1.07 1.05 1.09 1.05 1.07 1.06 1.09 1.07 1.06 1.07 1.09 1.06 1.07 1.07 1.05 1.09 1.08 1.05 1.08 
1.05 1.08 1.05 1.08 1.05 1.07 1.05 1.07 1.06 1.08 1.06 1.05 1.08 1.07 1.09 1.06 1.06 1.08 1.07 1.07 
1.06 1.06 1.06 1.07 1.09 1.08 1.05 1.06 1.09 1.09 1.06 1.06 1.05 1.09 1.06 1.05 1.07 1.05 1.05 1.09 
1.08 1.05 1.05 1.07 1.05 1.07 1.08 1.05 1.05 1.06 1.08 1.05 1.07 1.09 1.06 1.09 1.06 1.09 1.06 1.08 
1.06 1.09 1.05 1.09 1.07 1.08 1.05 1.09 1.08 1.07 1.05 1.09 1.06 1.06 1.09 1.05 1.06 1.07 1.08 1.07 
1.09 1.05 1.05 1.09 1.08 1.09 1.05 1.07 1.06 1.09 1.09 1.08 1.08 1.09 1.09 1.05 1.07 1.07 1.05 1.05 
1.09 1.07 1.05 1.07 1.09 1.08 1.08 1.09 1.06 1.06 1.05 1.09 1.07 1.05 1.05 1.05 1.05 1.05 1.08 1.09 
1.08 1.08 1.08 1.06 1.06 1.08 1.05 1.09 1.08 1.05 1.09 1.09 1.07 1.06 1.07 1.09 1.07 1.07 1.08 1.05 
1.05 1.09 1.06 1.07 1.05 1.09 1.07 1.09 1.09 1.07 1.08 1.05 1.05 1.08 1.08 1.05 1.05 1.07 1.06 1.09 
1.09 1.05 1.09 1.07 1.07 1.05 1.07 1.07 1.08 1.09 1.07 1.05 1.09 1.07 1.05 1.07 1.09 1.06 1.09 1.06 
1.06 1.09 1.06 1.09 1.05 1.07 1.06 1.09 1.05 1.06 1.07 1.05 1.07 1.08 1.07 1.08 1.09 1.05 1.07 1.08 
1.05 1.05 1.07 1.08 1.06 1.07 1.07 1.05 1.05 1.06 1.07 1.05 1.07 1.09 1.08 1.08 1.05 1.08 1.09 1.08 
1.08 1.05 1.07 1.05 1.05 1.05 1.05 1.06 1.07 1.09 1.06 1.06 1.05 1.06 1.08 1.07 1.08 1.05 1.07 1.08 
1.08 1.07 1.07 1.05 1.07 1.08 1.05 1.09 1.07 1.05 1.06 1.08 1.06 1.07 1.09 1.09 1.09 1.08 1.09 1.07 
1.07 1.09 1.08 1.05 1.05 1.07 1.07 1.05 1.05 1.05 1.06 1.08 1.08 1.09 1.05 1.08 1.06 1.09 1.08 1.05 
1.09 1.07 1.08 1.05 1.07 1.06 1.07 1.06 1.08 1.09 1.06 1.06 1.09 1.05 1.06 1.08 1.07 1.06 1.06 1.09 
1.07 1.07 1.07 1.09 1.07 1.08 1.08 1.05 1.05 1.05 1.06 1.07 1.07 1.09 1.05 1.05 1.05 1.08 1.06 1.07 
1.08 1.05 1.08 1.09 1.05 1.08 1.07 1.07 1.06 1.07 1.06 1.05 1.07 1.09 1.08 1.08 1.07 1.09 1.09 1.09 
1.06 1.08 1.09 1.05 1.09 1.08 1.08 1.07 1.08 1.05 1.09 1.09 1.07 1.06 1.06 1.08 1.09 1.06 1.08 1.07 
1.09 1.09 1.05 1.07 1.07 1.09 1.09 1.08 1.08 1.09 1.07 1.07 1.06 1.05 1.09 1.05 1.06 1.05 1.09 1.05 
1.05 1.05 1.08 1.09 1.09 1.05 1.09 1.05 1.06 1.05 1.06 1.08 1.09 1.05 1.08 1.06 1.06 1.09 1.08 1.07 
1.05 1.05 1.08 1.06 1.09 1.05 1.08 1.05 1.06 1.07 1.09 1.06 1.06 1.07 1.05 1.07 1.07 1.09 1.09 1.06 
1.09 1.09 1.07 1.05 1.05 1.08 1.05 1.07 1.08 1.07 1.05 1.05 1.08 1.06 1.07 1.06 1.08 1.06 1.05 1.09 
1.08 1.06 1.09 1.06 1.07 1.05 1.09 1.06 1.05 1.05 1.09 1.07 1.05 1.09 1.09 1.05 1.08 1.06 1.07 1.07 
1.06 1.09 1.06 1.07 1.09 1.06 1.06 1.08 1.08 1.08 1.05 1.09 1.09 1.07 1.08 1.06 1.05 1.07 1.05 1.07 
1.08 1.05 1.05 1.05 1.07 1.08 1.07 1.05 1.05 1.09 1.09 1.09 1.05 1.08 1.06 1.05 1.06 1.09 1.06 1.08 
1.06 1.08 1.06 1.07 1.08 1.05 1.09 1.09 1.07 1.09 1.08 1.07 1.08 1.08 1.08 1.08 1.08 1.07 1.09 1.08 
1.09 1.09 1.07 1.07 1.08 1.07 1.06 1.07 1.06 1.08 1.05 1.07 1.05 1.07 1.07 1.07 1.06 1.06 1.08 1.09 
1.09 1.07 1.08 1.09 1.05 1.08 1.09 1.07 1.05 1.09 1.06 1.06 1.05 1.08 1.05 1.06 1.06 1.05 1.09 1.05 
1.08 1.07 1.08 1.07 1.09 1.06 1.09 1.08 1.06 1.06 1.08 1.05 1.09 1.07 1.05 1.05 1.06 1.07 1.05 1.09 
1.05 1.07 1.06 1.08 1.09 1.08 1.05 1.09 1.06 1.06 1.05 1.05 1.07 1.06 1.08 1.06 1.09 1.07 1.08 1.09 
1.05 1.06 1.05 1.05 1.05 1.06 1.06 1.07 1.06 1.05 1.08 1.08 1.08 1.05 1.07 1.09 1.09 1.08 1.08 1.07 
1.06 1.08 1.08 1.07 1.09 1.05 1.06 1.06 1.06 1.09 1.08 1.05 1.08 1.07 1.09 1.09 1.05 1.06 1.05 1.09 
1.07 1.05 1.09 1.06 1.09 1.06 1.07 1.09 1.06 1.05 1.07 1.08 1.06 1.05 1.07 1.05 1.09 1.05 1.06 1.05 
1.08 1.07 1.05 1.09 1.06 1.07 1.09 1.06 1.08 1.09 1.06 1.07 1.07 1.06 1.07 1.06 1.08 1.09 1.07 1.09 
1.08 1.09 1.07 1.09 1.07 1.07 1.09 1.07 1.08 1.09 1.08 1.08 1.07 1.07 1.05 1.07 1.05 1.05 1.06 1.06 
1.05 1.08 1.07 1.08 1.06 1.08 1.09 1.09 1.07 1.09 1.06 1.05 1.08 1.09 1.08 1.06 1.05 1.06 1.06 1.09 
1.07 1.08 1.07 1.08 1.06 1.05 1.09 1.05 1.05 1.06 1.05 1.08 1.07 1.08 1.09 1.08 1.09 1.08 1.09 1.08 
1.08 1.05 1.06 1.05 1.07 1.07 1.08 1.06 1.09 1.05 1.09 1.05 1.09 1.08 1.08 1.08 1.07 1.08 1.05 1.05 
1.05 1.08 1.05 1.08 1.07 1.08 1.08 1.09 1.05 1.07 1.08 1.06 1.07 1.08 1.08 1.06 1.06 1.06 1.08 1.05 
1.05 1.08 1.05 1.09 1.07 1.07 1.07 1.07 1.06 1.06 1.06 1.05 1.06 1.05 1.09 1.09 1.06 1.06 1.07 1.05 
1.05 1.06 1.07 1.05 1.06 1.06 1.06 1.05 1.08 1.07 1.07 1.05 1.09 1.08 1.06 1.07 1.05 1.08 1.08 1.09 
1.08 1.07 1.07 1.09 1.07 1.07 1.07 1.05 1.08 1.05 1.07 1.05 1.08 1.05 1.07 1.06 1.06 1.06 1.07 1.09 
1.07 1.05 1.06 1.09 1.05 1.08 1.05 1.09 1.09 1.05 1.08 1.05 1.09 1.05 1.09 1.07 1.07 1.09 1.06 1.07 
1.07 1.07 1.08 1.06 1.09 1.08 1.05 1.05 1.06 1.08 1.05 1.08 1.06 1.08 1.09 1.09 1.09 1.08 1.08 1.06 
1.07 1.09 1.07 1.05 1.06 1.05 1.06 1.09 1.05 1.06 1.09 1.08 1.05 1.05 1.09 1.05 1.05 1.07 1.07 1.09 
1.05 1.06 1.07 1.06 1.09 1.08 1.05 1.08 1.08 1.07 1.09 1.09 1.05 1.08 1.05 1.08 1.08 1.05 1.06 1.06 
1.06 1.08 1.09 1.05 1.08 1.06 1.07 1.07 1.08 1.05 1.05 1.06 1.05 1.09 1.08 1.09 1.09 1.08 1.08 1.05 
1.05 1.06 1.08 1.08 1.06 1.08 1.05 1.09 1.06 1.07 1.06 1.05 1.09 1.05 1.05 1.09 1.06 1.06 1.08 1.07 
1.09 1.06 1.09 1.09 1.05 1.05 1.07 1.06 1.08 1.05 1.08 1.08 1.07 1.07 1.06 1.07 1.05 1.07 1.08 1.05 
1.05 1.05 1.08 1.05 1.07 1.07 1.07 1.05 1.06 1.05 1.08 1.07 1.08 1.05 1.07 1.09 1.07 1.06 1.08 1.08 
1.09 1.06 1.05 1.08 1.05 1.09 1.05 1.07 1.07 1.08 1.09 1.05 1.09 1.09 1.06 1.09 1.06 1.05 1.08 1.07 
1.09 1.07 1.09 1.08 1.06 1.09 1.09 1.07 1.06 1.06 1.05 1.07 1.09 1.09 1.07 1.09 1.05 1.07 1.07 1.09 
1.09 1.07 1.08 1.07 1.08 1.08 1.05 1.09 1.06 1.09 1.06 1.09 1.07 1.06 1.08 1.06 1.06 1.07 1.05 1.06 
1.09 1.05 1.06 1.09 1.07 1.08 1.08 1.06 1.07 1.09 1.06 1.05 1.05 1.07 1.08 1.07 1.08 1.05 1.09 1.08 
1.07 1.07 1.05 1.06 1.05 1.07 1.06 1.06 1.07 1.08 1.06 1.05 1.08 1.06 1.05 1.06 1.08 1.07 1.08 1.07 
1.06 1.08 1.05 1.07 1.09 1.08 1.05 1.06 1.05 1.05 1.09 1.07 1.09 1.05 1.05 1.05 1.09 1.08 1.08 1.09 
1.05 1.05 1.06 1.05 1.06 1.08 1.08 1.06 1.05 1.07 1.06 1.08 1.09 1.07 1.09 1.05 1.08 1.09 1.07 1.05 
1.07 1.08 1.05 1.09 1.09 1.09 1.05 1.07 1.05 1.08 1.05 1.05 1.09 1.07 1.08 1.09 1.08 1.07 1.06 1.08 
1.09 1.08 1.08 1.09 1.06 1.08 1.09 1.05 1.06 1.06 1.07 1.08 1.06 1.07 1.05 1.09 1.06 1.08 1.07 1.08 
1.07 1.07 1.06 1.07 1.08 1.09 1.09 1.09 1.07 1.05 1.07 1.06 1.06 1.05 1.06 1.08 1.07 1.08 1.09 1.06 
1.08 1.06 1.06 1.07 1.07 1.07 1.07 1.06 1.08 1.09 1.05 1.05 1.05 1.09 1.09 1.09 1.08 1.06 1.07 1.06 
1.09 1.06 1.07 1.08 1.07 1.08 1.06 1.08 1.07 1.06 1.05 1.07 1.08 1.09 1.08 1.06 1.05 1.05 1.09 1.05 
1.09 1.08 1.08 1.06 1.08 1.08 1.07 1.08 1.05 1.09 1.06 1.05 1.05 1.05 1.07 1.05 1.08 1.09 1.06 1.09 
1.06 1.08 1.09 1.06 1.09 1.08 1.06 1.06 1.07 1.05 1.08 1.09 1.07 1.09 1.06 1.09 1.05 1.05 1.06 1.05 
1.08 1.09 1.09 1.08 1.09 1.09 1.09 1.09 1.07 1.05 1.09 1.08 1.06 1.08 1.07 1.07 1.09 1.07 1.08 1.08 
1.07 1.05 1.08 1.09 1.08 1.05 1.06 1.08 1.05 1.06 1.08 1.08 1.07 1.09 1.05 1.08 1.05 1.07 1.08 1.07 
1.08 1.09 1.05 1.06 1.05 1.09 1.09 1.09 1.06 1.09 1.06 1.07 1.07 1.07 1.09 1.07 1.06 1.05 1.09 1.06 
1.07 1.08 1.07 1.07 1.06 1.07 1.06 1.06 1.08 1.05 1.05 1.05 1.05 1.08 1.05 1.09 1.07 1.06 1.09 1.06 
1.06 1.05 1.07 1.08 1.08 1.05 1.09 1.06 1.07 1.09 1.09 1.08 1.07 1.09 1.05 1.08 1.07 1.06 1.06 1.05 
1.07 1.09 1.05 1.07 1.09 1.07 1.07 1.07 1.07 1.07 1.08 1.08 1.07 1.05 1.09 1.09 1.08 1.09 1.07 1.08 
1.09 1.09 1.07 1.08 1.09 1.06 1.08 1.09 1.05 1.06 1.06 1.05 1.05 1.06 1.07 1.05 1.07 1.07 1.08 1.09 
1.07 1.09 1.07 1.07 1.09 1.08 1.05 1.09 1.08 1.07 1.05 1.07 1.07 1.08 1.07 1.06 1.08 1.07 1.07 1.09 
1.06 1.09 1.06 1.05 1.07 1.09 1.09 1.05 1.06 1.08 1.06 1.05 1.05 1.07 1.09 1.06 1.06 1.08 1.05 1.06 
1.05 1.08 1.07 1.06 1.09 1.06 1.05 1.07 1.05 1.09 1.05 1.08 1.05 1.08 1.06 1.09 1.09 1.05 1.06 1.06 
1.07 1.09 1.07 1.07 1.09 1.06 1.07 1.09 1.09 1.07 1.07 1.05 1.06 1.08 1.06 1.06 1.06 1.06 1.09 1.07 
1.05 1.07 1.08 1.07 1.06 1.07 1.07 1.08 1.09 1.06 1.09 1.08 1.09 1.06 1.06 1.06 1.05 1.07 1.07 1.07 
1.09 1.07 1.06 1.08 1.08 1.08 1.08 1.05 1.06 1.09 1.09 1.05 1.05 1.05 1.05 1.09 1.08 1.06 1.06 1.08 
1.06 1.05 1.06 1.08 1.06 1.05 1.05 1.07 1.06 1.05 1.06 1.07 1.06 1.06 1.06 1.08 1.08 1.06 1.05 1.05 
1.08 1.05 1.05 1.07 1.08 1.09 1.06 1.08 1.08 1.06 1.05 1.09 1.05 1.08 1.07 1.06 1.05 1.05 1.05 1.05 
1.09 1.08 1.05 1.08 1.08 1.05 1.09 1.09 1.09 1.07 1.07 1.05 1.05 1.07 1.07 1.05 1.05 1.07 1.09 1.05 
1.09 1.09 1.09 1.07 1.05 1.08 1.09 1.08 1.07 1.07 1.07 1.08 1.08 1.05 1.09 1.06 1.08 1.07 1.05 1.06 
1.09 1.06 1.09 1.09 1.06 1.07 1.08 1.09 1.06 1.09 1.08 1.09 1.06 1.05 1.08 1.09 1.06 1.09 1.09 1.07 
1.07 1.08 1.06 1.06 1.06 1.09 1.06 1.05 1.05 1.07 1.06 1.09 1.09 1.06 1.09 1.07 1.05 1.05 1.07 1.08 
1.08 1.09 1.07 1.08 1.09 1.06 1.08 1.09 1.07 1.07 1.06 1.08 1.06 1.08 1.05 1.06 1.09 1.09 1.07 1.07 
1.07 1.05 1.05 1.09 1.08 1.06 1.06 1.05 1.06 1.06 1.08 1.06 1.08 1.05 1.09 1.07 1.05 1.06 1.05 1.08 
1.06 1.09 1.05 1.07 1.09 1.05 1.05 1.07 1.08 1.05 1.07 1.08 1.09 1.05 1.08 1.06 1.06 1.06 1.08 1.06 
1.05 1.08 1.08 1.08 1.08 1.06 1.08 1.07 1.07 1.07 1.09 1.09 1.09 1.07 1.09 1.09 1.05 1.05 1.08 1.08 
1.09 1.09 1.09 1.07 1.08 1.05 1.09 1.08 1.08 1.09 1.07 1.09 1.09 1.05 1.09 1.09 1.08 1.06 1.06 1.08 
1.07 1.05 1.08 1.06 1.08 1.05 1.07 1.07 1.05 1.05 1.09 1.09 1.07 1.07 1.06 1.07 1.06 1.09 1.06 1.06 
1.05 1.08 1.08 1.09 1.05 1.07 1.09 1.07 1.05 1.06 1.08 1.05 1.06 1.07 1.09 1.06 1.05 1.09 1.06 1.07 
1.07 1.06 1.05 1.07 1.07 1.05 1.07 1.09 1.06 1.06 1.08 1.06 1.08 1.06 1.09 1.08 1.06 1.09 1.08 1.08 
1.07 1.06 1.09 1.07 1.06 1.06 1.06 1.07 1.06 1.08 1.05 1.07 1.09 1.06 1.07 1.06 1.05 1.08 1.07 1.05 
1.05 1.05 1.05 1.08 1.07 1.09 1.09 1.07 1.05 1.06 1.08 1.06 1.08 1.09 1.08 1.05 1.07 1.09 1.06 1.06 
1.08 1.09 1.07 1.09 1.05 1.08 1.09 1.07 1.07 1.05 1.08 1.09 1.08 1.08 1.06 1.05 1.06 1.08 1.06 1.08 
1.08 1.05 1.08 1.05 1.06 1.08 1.05 1.08 1.07 1.07 1.09 1.08 1.09 1.08 1.06 1.08 1.08 1.06 1.09 1.06 
1.05 1.08 1.07 1.06 1.07 1.08 1.07 1.05 1.07 1.08 1.07 1.07 1.09 1.05 1.06 1.07 1.08 1.07 1.07 1.07 
1.06 1.07 1.09 1.06 1.07 1.07 1.09 1.07 1.05 1.06 1.06 1.05 1.05 1.09 1.06 1.06 1.05 1.09 1.08 1.09 
1.09 1.05 1.07 1.08 1.05 1.08 1.09 1.09 1.05 1.07 1.09 1.05 1.06 1.09 1.05 1.07 1.06 1.07 1.06 1.08 
1.09 1.08 1.07 1.06 1.06 1.09 1.05 1.08 1.08 1.05 1.08 1.09 1.09 1.06 1.07 1.07 1.08 1.09 1.07 1.06 
1.05 1.05 1.05 1.07 1.06 1.06 1.05 1.06 1.08 1.05 1.06 1.09 1.09 1.09 1.06 1.06 1.05 1.09 1.07 1.08 
1.08 1.09 1.05 1.09 1.07 1.07 1.08 1.06 1.05 1.05 1.08 1.08 1.08 1.08 1.05 1.07 1.09 1.07 1.09 1.06 
1.05 1.06 1.05 1.05 1.05 1.05 1.06 1.08 1.09 1.07 1.07 1.05 1.09 1.08 1.09 1.07 1.09 1.07 1.09 1.08 
1.05 1.05 1.06 1.08 1.09 1.05 1.07 1.06 1.08 1.05 1.08 1.05 1.06 1.07 1.06 1.08 1.09 1.05 1.06 1.09 
1.05 1.06 1.07 1.08 1.06 1.07 1.07 1.07 1.05 1.07 1.08 1.08 1.06 1.08 1.06 1.06 1.06 1.05 1.05 1.06 
1.09 1.06 1.05 1.06 1.07 1.05 1.09 1.05 1.05 1.07 1.08 1.09 1.09 1.08 1.08 1.09 1.08 1.05 1.05 1.05 
1.05 1.07 1.05 1.06 1.07 1.08 1.05 1.08 1.07 1.09 1.05 1.08 1.08 1.09 1.06 1.06 1.08 1.06 1.06 1.08 
1.07 1.05 1.07 1.07 1.08 1.07 1.05 1.08 1.09 1.08 1.07 1.09 1.06 1.05 1.07 1.05 1.09 1.07 1.08 1.09 
1.06 1.05 1.07 1.05 1.08 1.07 1.08 1.09 1.08 1.09 1.08 1.07 1.05 1.06 1.05 1.09 1.07 1.05 1.05 1.08 
1.09 1.09 1.05 1.06 1.07 1.08 1.06 1.09 1.06 1.05 1.06 1.05 1.09 1.07 1.07 1.09 1.06 1.06 1.07 1.07 
1.06 1.07 1.05 1.09 1.08 1.06 1.08 1.05 1.05 1.09 1.05 1.09 1.06 1.05 1.05 1.07 1.06 1.06 1.06 1.07 
1.06 1.08 1.07 1.09 1.09 1.06 1.09 1.06 1.05 1.09 1.05 1.06 1.05 1.09 1.06 1.08 1.06 1.07 1.07 1.05 
1.05 1.08 1.05 1.05 1.08 1.08 1.06 1.07 1.07 1.06 1.05 1.09 1.06 1.09 1.05 1.07 1.08 1.05 1.06 1.05 
1.07 1.06 1.09 1.06 1.08 1.05 1.05 1.07 1.08 1.09 1.06 1.08 1.06 1.06 1.07 1.07 1.08 1.08 1.06 1.08 
1.06 1.09 1.06 1.06 1.06 1.07 1.05 1.06 1.06 1.09 1.06 1.08 1.08 1.08 1.08 1.05 1.05 1.08 1.06 1.07 
1.07 1.07 1.05 1.05 1.05 1.09 1.05 1.07 1.07 1.07 1.06 1.08 1.08 1.07 1.09 1.07 1.06 1.07 1.08 1.05 
1.09 1.05 1.05 1.07 1.08 1.09 1.09 1.05 1.08 1.06 1.08 1.05 1.06 1.07 1.07 1.05 1.08 1.06 1.05 1.07 
1.08 1.06 1.09 1.07 1.05 1.08 1.09 1.09 1.05 1.09 1.05 1.09 1.05 1.08 1.05 1.07 1.08 1.05 1.08 1.06 
1.09 1.08 1.09 1.06 1.09 1.06 1.07 1.07 1.08 1.07 1.08 1.05 1.09 1.06 1.05 1.07 1.06 1.05 1.05 1.08 
1.07 1.05 1.09 1.08 1.07 1.06 1.05 1.06 1.06 1.07 1.08 1.09 1.05 1.08 1.08 1.05 1.05 1.05 1.08 1.05 
1.09 1.06 1.05 1.08 1.06 1.08 1.07 1.06 1.06 1.05 1.07 1.05 1.06 1.05 1.05 1.07 1.07 1.06 1.05 1.08 
1.09 1.07 1.09 1.05 1.06 1.09 1.09 1.08 1.07 1.06 1.07 1.07 1.08 1.07 1.05 1.08 1.06 1.07 1.09 1.07 
1.08 1.05 1.05 1.06 1.07 1.08 1.05 1.07 1.05 1.09 1.08 1.05 1.09 1.09 1.08 1.05 1.08 1.09 1.09 1.08 
1.09 1.05 1.06 1.06 1.06 1.08 1.07 1.06 1.05 1.05 1.07 1.05 1.08 1.09 1.09 1.06 1.08 1.05 1.06 1.07 
1.09 1.06 1.06 1.07 1.08 1.06 1.07 1.06 1.06 1.08 1.08 1.07 1.06 1.05 1.09 1.09 1.08 1.06 1.08 1.09 
1.07 1.08 1.06 1.08 1.07 1.07 1.07 1.05 1.06 1.07 1.09 1.09 1.07 1.09 1.07 1.07 1.07 1.07 1.09 1.06 
1.06 1.06 1.07 1.08 1.05 1.06 1.09 1.09 1.09 1.08 1.06 1.08 1.07 1.09 1.05 1.09 1.09 1.07 1.05 1.06 
1.06 1.09 1.06 1.08 1.06 1.05 1.06 1.08 1.05 1.05 1.05 1.09 1.06 1.05 1.09 1.09 1.06 1.06 1.07 1.08 
1.05 1.09 1.08 1.09 1.07 1.06 1.08 1.09 1.06 1.05 1.06 1.08 1.05 1.05 1.09 1.05 1.08 1.08 1.06 1.05 
1.07 1.05 1.06 1.06 1.09 1.08 1.05 1.08 1.08 1.07 1.06 1.06 1.09 1.05 1.08 1.09 1.07 1.09 1.08 1.07 
1.09 1.09 1.06 1.05 1.07 1.05 1.09 1.09 1.06 1.05 1.07 1.08 1.09 1.08 1.05 1.08 1.07 1.06 1.05 1.05 
1.07 1.09 1.07 1.05 1.07 1.07 1.05 1.05 1.08 1.07 1.09 1.09 1.06 1.06 1.07 1.08 1.05 1.06 1.09 1.09 
1.05 1.08 1.08 1.09 1.09 1.05 1.07 1.09 1.05 1.06 1.09 1.09 1.08 1.06 1.08 1.05 1.09 1.07 1.06 1.05 
1.07 1.05 1.07 1.09 1.08 1.06 1.05 1.06 1.09 1.09 1.08 1.08 1.06 1.07 1.05 1.06 1.06 1.05 1.06 1.08 
1.05 1.06 1.08 1.08 1.08 1.05 1.05 1.05 1.08 1.05 1.07 1.06 1.08 1.06 1.05 1.08 1.08 1.09 1.06 1.07 
1.09 1.06 1.08 1.06 1.06 1.07 1.08 1.06 1.06 1.07 1.09 1.07 1.07 1.08 1.06 1.09 1.08 1.07 1.06 1.08 
1.08 1.07 1.09 1.09 1.05 1.05 1.05 1.05 1.05 1.09 1.08 1.08 1.07 1.06 1.06 1.07 1.06 1.05 1.07 1.09 
1.08 1.08 1.07 1.05 1.08 1.08 1.05 1.06 1.05 1.08 1.08 1.06 1.09 1.09 1.09 1.09 1.08 1.07 1.08 1.08 
1.08 1.06 1.09 1.06 1.09 1.08 1.05 1.06 1.05 1.08 1.05 1.09 1.08 1.08 1.05 1.06 1.06 1.06 1.05 1.06 
1.06 1.09 1.05 1.05 1.07 1.08 1.05 1.06 1.09 1.07 1.08 1.07 1.09 1.09 1.08 1.08 1.07 1.06 1.05 1.07 
1.05 1.07 1.07 1.08 1.06 1.08 1.08 1.05 1.05 1.08 1.09 1.05 1.09 1.08 1.05 1.07 1.06 1.09 1.06 1.09 
1.05 1.06 1.08 1.07 1.06 1.09 1.05 1.08 1.09 1.07 1.05 1.08 1.06 1.06 1.05 1.08 1.05 1.09 1.08 1.07 
1.07 1.08 1.06 1.09 1.05 1.06 1.09 1.08 1.07 1.07 1.07 1.05 1.09 1.06 1.07 1.06 1.05 1.08 1.07 1.06 
1.06 1.06 1.06 1.08 1.08 1.05 1.05 1.09 1.05 1.07 1.09 1.08 1.07 1.09 1.08 1.06 1.09 1.05 1.09 1.05 
1.09 1.07 1.09 1.08 1.08 1.05 1.06 1.05 1.06 1.07 1.07 1.09 1.06 1.08 1.05 1.05 1.09 1.09 1.06 1.07 
1.05 1.09 1.08 1.08 1.05 1.08 1.06 1.07 1.06 1.05 1.06 1.07 1.08 1.08 1.09 1.07 1.07 1.07 1.08 1.06 
1.07 1.06 1.06 1.07 1.06 1.09 1.05 1.06 1.09 1.06 1.08 1.05 1.07 1.09 1.06 1.07 1.09 1.05 1.09 1.06 
1.08 1.09 1.08 1.05 1.06 1.06 1.09 1.09 1.06 1.06 1.08 1.08 1.06 1.07 1.05 1.06 1.07 1.06 1.07 1.08 
1.08 1.09 1.08 1.09 1.08 1.09 1.06 1.09 1.07 1.06 1.09 1.05 1.05 1.06 1.05 1.05 1.07 1.05 1.05 1.09 
1.09 1.05 1.07 1.07 1.07 1.09 1.07 1.05 1.06 1.08 1.08 1.06 1.09 1.09 1.08 1.06 1.09 1.07 1.05 1.08 
1.08 1.08 1.09 1.06 1.05 1.05 1.08 1.07 1.07 1.07 1.05 1.08 1.06 1.09 1.09 1.08 1.07 1.07 1.07 1.05 
1.07 1.07 1.07 1.06 1.07 1.05 1.08 1.05 1.05 1.07 1.05 1.05 1.06 1.09 1.06 1.06 1.07 1.09 1.05 1.09 
1.05 1.08 1.09 1.09 1.06 1.09 1.09 1.07 1.09 1.05 1.05 1.05 1.08 1.09 1.06 1.08 1.05 1.06 1.08 1.06 
1.09 1.06 1.07 1.09 1.09 1.06 1.08 1.08 1.09 1.07 1.08 1.08 1.07 1.08 1.06 1.06 1.07 1.05 1.08 1.07 
1.09 1.07 1.09 1.05 1.09 1.07 1.06 1.06 1.08 1.06 1.06 1.09 1.06 1.07 1.09 1.07 1.05 1.08 1.06 1.09 
1.09 1.05 1.05 1.08 1.08 1.07 1.05 1.06 1.06 1.07 1.07 1.07 1.07 1.09 1.05 1.06 1.07 1.05 1.07 1.09 
1.05 1.09 1.07 1.08 1.07 1.07 1.05 1.09 1.08 1.07 1.07 1.07 1.07 1.09 1.08 1.07 1.05 1.05 1.05 1.08 
1.07 1.07 1.06 1.08 1.09 1.07 1.09 1.07 1.08 1.08 1.08 1.06 1.09 1.09 1.06 1.05 1.06 1.07 1.09 1.06 
1.07 1.09 1.09 1.07 1.09 1.06 1.07 1.09 1.08 1.07 1.06 1.05 1.07 1.07 1.06 1.05 1.06 1.08 1.07 1.07 
1.05 1.09 1.09 1.07 1.08 1.05 1.05 1.07 1.06 1.07 1.05 1.06 1.09 1.09 1.05 1.08 1.08 1.08 1.05 1.09 
1.09 1.07 1.06 1.09 1.09 1.05 1.05 1.05 1.05 1.08 1.05 1.05 1.05 1.07 1.07 1.07 1.05 1.09 1.07 1.05 
1.06 1.06 1.06 1.08 1.05 1.05 1.05 1.06 1.07 1.06 1.06 1.07 1.07 1.07 1.05 1.09 1.07 1.08 1.07 1.06 
1.08 1.07 1.05 1.05 1.09 1.06 1.09 1.06 1.08 1.07 1.07 1.07 1.09 1.06 1.06 1.05 1.09 1.07 1.07 1.07 
1.09 1.09 1.08 1.05 1.05 1.09 1.09 1.08 1.05 1.09 1.09 1.09 1.05 1.06 1.06 1.09 1.09 1.08 1.06 1.09 
1.08 1.05 1.09 1.05 1.05 1.07 1.09 1.05 1.09 1.05 1.08 1.06 1.06 1.05 1.08 1.06 1.07 1.09 1.06 1.09 
1.09 1.06 1.06 1.06 1.06 1.06 1.08 1.06 1.09 1.09 1.09 1.06 1.06 1.08 1.09 1.05 1.05 1.09 1.08 1.06 
1.07 1.07 1.06 1.09 1.08 1.09 1.08 1.08 1.05 1.07 1.06 1.09 1.07 1.08 1.05 1.08 1.09 1.09 1.08 1.05 
1.08 1.08 1.09 1.09 1.07 1.05 1.05 1.09 1.06 1.07 1.09 1.07 1.09 1.06 1.07 1.06 1.05 1.08 1.07 1.05 
1.05 1.08 1.07 1.05 1.08 1.05 1.06 1.07 1.07 1.05 1.06 1.06 1.09 1.08 1.08 1.09 1.09 1.09 1.05 1.09 
1.09 1.08 1.06 1.06 1.07 1.05 1.07 1.06 1.07 1.07 1.08 1.08 1.06 1.09 1.08 1.09 1.05 1.09 1.07 1.05 
1.09 1.09 1.08 1.08 1.09 1.07 1.08 1.08 1.05 1.08 1.08 1.05 1.09 1.06 1.06 1.07 1.07 1.09 1.08 1.09 
1.06 1.07 1.05 1.07 1.09 1.05 1.05 1.07 1.09 1.09 1.09 1.08 1.05 1.08 1.09 1.09 1.07 1.09 1.09 1.07 
1.07 1.07 1.08 1.06 1.06 1.06 1.05 1.09 1.07 1.07 1.05 1.06 1.09 1.05 1.08 1.09 1.09 1.05 1.08 1.05 
1.09 1.09 1.06 1.08 1.06 1.06 1.09 1.05 1.06 1.09 1.08 1.06 1.08 1.07 1.06 1.07 1.07 1.09 1.05 1.05 
1.05 1.08 1.09 1.06 1.09 1.06 1.05 1.07 1.09 1.09 1.07 1.09 1.07 1.09 1.08 1.08 1.08 1.06 1.08 1.05 
1.07 1.05 1.07 1.07 1.07 1.09 1.06 1.06 1.07 1.09 1.05 1.07 1.06 1.08 1.09 1.05 1.05 1.08 1.07 1.08 
1.06 1.06 1.06 1.08 1.07 1.07 1.07 1.09 1.05 1.08 1.05 1.07 1.08 1.09 1.09 1.06 1.08 1.07 1.07 1.07 
1.08 1.09 1.08 1.09 1.08 1.07 1.05 1.06 1.05 1.06 1.07 1.07 1.08 1.06 1.07 1.05 1.05 1.08 1.05 1.06 
1.08 1.07 1.06 1.09 1.05 1.05 1.07 1.09 1.08 1.08 1.07 1.05 1.08 1.07 1.08 1.09 1.07 1.07 1.07 1.05 
1.06 1.06 1.09 1.07 1.07 1.06 1.09 1.05 1.07 1.06 1.06 1.08 1.09 1.05 1.08 1.06 1.08 1.06 1.08 1.07 
1.08 1.06 1.08 1.07 1.06 1.06 1.08 1.07 1.09 1.05 1.09 1.08 1.07 1.07 1.05 1.09 1.09 1.07 1.07 1.06 
1.05 1.09 1.06 1.08 1.07 1.09 1.05 1.09 1.06 1.05 1.06 1.07 1.08 1.06 1.07 1.06 1.07 1.09 1.09 1.07 
1.07 1.05 1.06 1.07 1.07 1.06 1.06 1.07 1.07 1.06 1.06 1.05 1.05 1.09 1.08 1.08 1.07 1.05 1.05 1.08 
1.05 1.09 1.09 1.08 1.08 1.05 1.09 1.05 1.08 1.08 1.08 1.05 1.05 1.08 1.07 1.06 1.08 1.05 1.06 1.07 
1.08 1.07 1.08 1.05 1.09 1.08 1.06 1.09 1.06 1.06 1.05 1.05 1.09 1.09 1.06 1.07 1.09 1.08 1.06 1.06 
1.08 1.06 1.05 1.08 1.07 1.08 1.09 1.08 1.09 1.08 1.07 1.08 1.06 1.08 1.08 1.06 1.08 1.08 1.08 1.07 
1.05 1.07 1.07 1.08 1.06 1.08 1.05 1.09 1.09 1.05 1.05 1.07 1.06 1.06 1.08 1.06 1.09 1.06 1.08 1.05 
1.05 1.08 1.07 1.09 1.06 1.05 1.09 1.06 1.07 1.07 1.06 1.09 1.07 1.05 1.07 1.08 1.05 1.06 1.05 1.07 
1.05 1.07 1.05 1.09 1.06 1.06 1.06 1.05 1.07 1.06 1.06 1.05 1.08 1.07 1.08 1.06 1.06 1.07 1.07 1.06 
1.08 1.07 1.06 1.05 1.06 1.07 1.06 1.05 1.05 1.09 1.08 1.09 1.05 1.06 1.05 1.08 1.06 1.05 1.09 1.06 
1.08 1.08 1.05 1.07 1.05 1.06 1.08 1.05 1.07 1.07 1.07 1.05 1.08 1.05 1.07 1.05 1.08 1.08 1.07 1.05 
1.07 1.09 1.06 1.05 1.08 1.06 1.07 1.05 1.06 1.07 1.08 1.05 1.07 1.06 1.07 1.09 1.09 1.06 1.05 1.07 
1.05 1.06 1.07 1.05 1.09 1.05 1.09 1.09 1.05 1.08 1.06 1.05 1.07 1.07 1.08 1.08 1.06 1.08 1.08 1.05 
1.07 1.05 1.09 1.08 1.05 1.06 1.05 1.06 1.06 1.05 1.09 1.08 1.09 1.05 1.09 1.09 1.06 1.07 1.07 1.05 
1.08 1.09 1.07 1.09 1.05 1.06 1.05 1.08 1.06 1.05 1.09 1.08 1.06 1.05 1.06 1.07 1.05 1.09 1.07 1.09 
1.06 1.05 1.07 1.05 1.05 1.07 1.06 1.09 1.07 1.08 1.09 1.09 1.06 1.07 1.05 1.07 1.07 1.09 1.05 1.07 
1.07 1.05 1.09 1.05 1.07 1.05 1.09 1.06 1.07 1.08 1.09 1.07 1.08 1.09 1.07 1.09 1.06 1.06 1.08 1.09 
1.09 1.08 1.05 1.06 1.09 1.05 1.09 1.09 1.05 1.08 1.09 1.06 1.05 1.06 1.09 1.06 1.06 1.09 1.06 1.09 
1.06 1.06 1.09 1.09 1.06 1.08 1.05 1.06 1.06 1.06 1.08 1.06 1.09 1.05 1.06 1.07 1.08 1.06 1.08 1.09 
1.05 1.07 1.08 1.08 1.08 1.05 1.08 1.05 1.09 1.06 1.08 1.07 1.06 1.09 1.09 1.06 1.08 1.08 1.07 1.08 
1.06 1.06 1.06 1.05 1.07 1.08 1.07 1.08 1.07 1.07 1.05 1.05 1.05 1.05 1.06 1.07 1.09 1.08 1.08 1.05 
1.07 1.07 1.07 1.09 1.09 1.06 1.07 1.06 1.08 1.09 1.09 1.07 1.06 1.07 1.07 1.07 1.05 1.09 1.05 1.09 
1.06 1.06 1.08 1.09 1.06 1.08 1.08 1.09 1.05 1.09 1.09 1.06 1.06 1.08 1.07 1.05 1.08 1.08 1.09 1.06 
1.05 1.07 1.06 1.05 1.07 1.05 1.09 1.05 1.09 1.05 1.05 1.09 1.05 1.08 1.09 1.06 1.07 1.09 1.07 1.06 
1.05 1.09 1.08 1.07 1.05 1.07 1.08 1.08 1.07 1.09 1.05 1.08 1.05 1.07 1.06 1.05 1.06 1.06 1.08 1.06 
1.08 1.07 1.08 1.05 1.05 1.05 1.09 1.09 1.07 1.07 1.08 1.08 1.06 1.06 1.06 1.06 1.07 1.08 1.05 1.09 
1.08 1.08 1.09 1.07 1.05 1.07 1.05 1.06 1.08 1.05 1.06 1.05 1.06 1.05 1.05 1.05 1.06 1.08 1.05 1.07 
1.06 1.08 1.09 1.06 1.09 1.06 1.09 1.08 1.08 1.08 1.06 1.09 1.05 1.07 1.05 1.06 1.06 1.06 1.05 1.06 
1.06 1.09 1.09 1.05 1.09 1.08 1.09 1.06 1.05 1.09 1.09 1.05 1.05 1.09 1.07 1.05 1.07 1.08 1.09 1.05 
1.06 1.06 1.06 1.08 1.07 1.08 1.08 1.07 1.05 1.05 1.06 1.07 1.05 1.05 1.05 1.07 1.09 1.05 1.07 1.06 
1.09 1.09 1.07 1.09 1.05 1.08 1.07 1.08 1.09 1.05 1.09 1.05 1.05 1.07 1.05 1.09 1.07 1.07 1.08 1.07 
1.09 1.07 1.06 1.09 1.09 1.08 1.06 1.09 1.08 1.06 1.06 1.07 1.08 1.05 1.09 1.05 1.09 1.05 1.07 1.06 
1.08 1.05 1.06 1.08 1.09 1.05 1.07 1.07 1.08 1.09 1.07 1.07 1.07 1.07 1.07 1.08 1.05 1.07 1.07 1.08 
1.05 1.07 1.07 1.05 1.07 1.05 1.07 1.07 1.08 1.06 1.09 1.07 1.08 1.07 1.08 1.05 1.06 1.08 1.08 1.09 
1.06 1.06 1.09 1.07 1.08 1.09 1.06 1.08 1.09 1.09 1.06 1.07 1.07 1.06 1.07 1.08 1.06 1.07 1.05 1.07 
1.06 1.06 1.07 1.07 1.09 1.06 1.05 1.05 1.05 1.09 1.05 1.08 1.07 1.08 1.05 1.06 1.05 1.05 1.09 1.08 
1.07 1.05 1.08 1.08 1.08 1.07 1.06 1.06 1.07 1.06 1.07 1.05 1.07 1.09 1.06 1.08 1.06 1.07 1.05 1.07 
1.08 1.05 1.06 1.05 1.09 1.08 1.05 1.08 1.05 1.07 1.06 1.05 1.07 1.09 1.07 1.05 1.07 1.08 1.08 1.09 
1.08 1.08 1.06 1.08 1.06 1.06 1.05 1.09 1.08 1.07 1.06 1.08 1.07 1.08 1.06 1.07 1.05 1.06 1.05 1.05 
1.05 1.07 1.05 1.06 1.08 1.07 1.05 1.05 1.07 1.09 1.09 1.05 1.07 1.05 1.08 1.05 1.06 1.06 1.07 1.05 
1.08 1.06 1.05 1.06 1.08 1.06 1.05 1.06 1.05 1.09 1.08 1.07 1.09 1.08 1.07 1.08 1.08 1.05 1.07 1.08 
1.09 1.05 1.06 1.05 1.09 1.07 1.07 1.09 1.07 1.09 1.08 1.06 1.09 1.08 1.08 1.09 1.05 1.09 1.05 1.06 
1.07 1.05 1.05 1.06 1.07 1.08 1.06 1.06 1.09 1.06 1.06 1.07 1.05 1.06 1.06 1.06 1.05 1.09 1.06 1.09 
1.05 1.05 1.05 1.09 1.06 1.07 1.08 1.07 1.09 1.05 1.07 1.07 1.05 1.05 1.09 1.07 1.09 1.07 1.05 1.05 
1.09 1.05 1.07 1.08 1.07 1.06 1.07 1.07 1.07 1.09 1.07 1.08 1.09 1.05 1.05 1.05 1.07 1.09 1.07 1.09 
1.07 1.05 1.07 1.06 1.08 1.09 1.05 1.06 1.05 1.09 1.06 1.09 1.08 1.09 1.06 1.07 1.05 1.06 1.07 1.09 
1.08 1.07 1.08 1.05 1.07 1.06 1.05 1.09 1.06 1.06 1.09 1.06 1.06 1.05 1.05 1.05 1.09 1.06 1.08 1.09 
1.07 1.05 1.05 1.05 1.09 1.05 1.05 1.09 1.05 1.06 1.08 1.05 1.05 1.07 1.07 1.06 1.08 1.06 1.07 1.06 
1.07 1.06 1.07 1.08 1.06 1.06 1.06 1.09 1.05 1.09 1.06 1.05 1.08 1.07 1.07 1.07 1.05 1.05 1.05 1.08 
1.06 1.09 1.07 1.05 1.08 1.05 1.09 1.06 1.06 1.06 1.09 1.07 1.07 1.09 1.09 1.06 1.07 1.09 1.09 1.05 
1.05 1.09 1.07 1.06 1.09 1.05 1.07 1.06 1.07 1.08 1.06 1.05 1.07 1.06 1.08 1.08 1.05 1.07 1.09 1.06 
1.07 1.06 1.09 1.06 1.05 1.06 1.08 1.06 1.06 1.09 1.08 1.08 1.05 1.07 1.06 1.05 1.07 1.06 1.09 1.06 
1.05 1.06 1.05 1.06 1.07 1.06 1.07 1.07 1.05 1.08 1.08 1.06 1.09 1.09 1.05 1.09 1.08 1.05 1.06 1.08 
1.05 1.05 1.05 1.08 1.08 1.06 1.05 1.09 1.06 1.05 1.05 1.07 1.05 1.08 1.05 1.05 1.05 1.07 1.07 1.09 
1.05 1.08 1.06 1.07 1.05 1.08 1.05 1.05 1.08 1.08 1.06 1.08 1.06 1.09 1.08 1.05 1.08 1.08 1.09 1.05 
1.05 1.06 1.08 1.09 1.09 1.05 1.06 1.07 1.06 1.07 1.07 1.08 1.07 1.07 1.05 1.07 1.07 1.08 1.06 1.08 
1.07 1.07 1.09 1.08 1.09 1.08 1.09 1.07 1.06 1.08 1.06 1.07 1.07 1.06 1.08 1.06 1.06 1.09 1.09 1.07 
1.05 1.06 1.07 1.07 1.07 1.07 1.08 1.08 1.05 1.08 1.07 1.08 1.09 1.07 1.05 1.06 1.07 1.07 1.09 1.07 
1.09 1.06 1.05 1.05 1.09 1.06 1.09 1.09 1.07 1.08 1.07 1.06 1.08 1.09 1.05 1.08 1.06 1.06 1.09 1.07 
1.06 1.08 1.05 1.08 1.08 1.05 1.05 1.09 1.06 1.05 1.07 1.09 1.05 1.08 1.05 1.07 1.05 1.07 1.08 1.06 
1.08 1.09 1.05 1.09 1.06 1.05 1.09 1.06 1.08 1.08 1.05 1.06 1.09 1.06 1.06 1.08 1.06 1.07 1.07 1.06 
1.08 1.08 1.05 1.09 1.05 1.06 1.09 1.07 1.08 1.09 1.08 1.05 1.05 1.05 1.08 1.08 1.07 1.07 1.05 1.09 
1.06 1.05 1.05 1.05 1.09 1.08 1.05 1.05 1.08 1.05 1.05 1.06 1.07 1.06 1.06 1.09 1.08 1.09 1.06 1.05 
1.09 1.09 1.06 1.09 1.08 1.05 1.09 1.07 1.07 1.09 1.09 1.06 1.09 1.06 1.07 1.09 1.08 1.06 1.05 1.08 
1.07 1.05 1.09 1.08 1.07 1.05 1.05 1.09 1.07 1.06 1.08 1.05 1.06 1.06 1.09 1.09 1.09 1.05 1.05 1.05 
1.07 1.08 1.05 1.09 1.07 1.07 1.08 1.06 1.09 1.05 1.08 1.09 1.08 1.07 1.08 1.05 1.07 1.08 1.05 1.08 
1.05 1.09 1.07 1.09 1.06 1.09 1.05 1.08 1.05 1.06 1.08 1.06 1.08 1.07 1.09 1.08 1.08 1.06 1.09 1.07 
1.08 1.09 1.06 1.07 1.06 1.07 1.05 1.08 1.06 1.08 1.09 1.06 1.08 1.08 1.09 1.07 1.05 1.09 1.07 1.07 
1.06 1.05 1.07 1.09 1.06 1.09 1.09 1.07 1.07 1.09 1.08 1.07 1.08 1.09 1.06 1.09 1.08 1.05 1.05 1.07 
1.06 1.05 1.09 1.05 1.06 1.05 1.05 1.06 1.09 1.09 1.06 1.09 1.07 1.06 1.06 1.09 1.09 1.06 1.05 1.09 
1.05 1.07 1.07 1.07 1.07 1.08 1.08 1.05 1.05 1.09 1.06 1.09 1.07 1.06 1.07 1.08 1.06 1.09 1.05 1.08 
1.08 1.07 1.09 1.06 1.06 1.06 1.08 1.08 1.09 1.05 1.05 1.09 1.07 1.08 1.08 1.05 1.05 1.06 1.05 1.09 
1.06 1.06 1.06 1.08 1.07 1.09 1.05 1.09 1.05 1.08 1.06 1.08 1.05 1.09 1.07 1.07 1.08 1.05 1.05 1.06 
1.05 1.08 1.06 1.07 1.09 1.05 1.09 1.08 1.08 1.07 1.07 1.05 1.09 1.06 1.05 1.09 1.06 1.09 1.09 1.07 
1.09 1.06 1.09 1.09 1.05 1.07 1.06 1.06 1.07 1.08 1.07 1.06 1.09 1.05 1.08 1.07 1.09 1.08 1.09 1.06 
1.09 1.09 1.08 1.05 1.05 1.08 1.05 1.08 1.07 1.06 1.07 1.06 1.05 1.09 1.09 1.06 1.06 1.05 1.05 1.09 
1.05 1.09 1.05 1.07 1.09 1.05 1.07 1.09 1.09 1.06 1.07 1.08 1.09 1.05 1.09 1.05 1.06 1.06 1.07 1.09 
1.06 1.09 1.06 1.07 1.06 1.06 1.07 1.07 1.08 1.05 1.07 1.08 1.06 1.07 1.09 1.05 1.07 1.07 1.09 1.05 
1.08 1.06 1.06 1.09 1.06 1.08 1.08 1.08 1.09 1.07 1.09 1.06 1.08 1.07 1.07 1.06 1.06 1.07 1.09 1.09 
1.09 1.09 1.07 1.06 1.09 1.06 1.07 1.08 1.05 1.06 1.09 1.08 1.05 1.09 1.09 1.07 1.07 1.06 1.06 1.09 
1.06 1.05 1.06 1.09 1.08 1.08 1.09 1.09 1.05 1.05 1.08 1.05 1.09 1.05 1.07 1.05 1.06 1.06 1.05 1.08 
1.05 1.06 1.08 1.08 1.08 1.06 1.08 1.06 1.07 1.06 1.06 1.06 1.08 1.08 1.05 1.08 1.08 1.06 1.06 1.08 
1.05 1.07 1.09 1.06 1.09 1.08 1.08 1.05 1.06 1.06 1.07 1.08 1.05 1.07 1.06 1.05 1.08 1.06 1.05 1.07 
1.06 1.05 1.07 1.07 1.07 1.06 1.07 1.09 1.05 1.07 1.08 1.05 1.07 1.07 1.09 1.07 1.09 1.08 1.06 1.08 
1.06 1.06 1.06 1.08 1.09 1.07 1.08 1.09 1.05 1.07 1.08 1.07 1.05 1.07 1.06 1.09 1.06 1.06 1.08 1.09 
1.05 1.09 1.05 1.05 1.09 1.05 1.09 1.06 1.09 1.05 1.06 1.05 1.08 1.06 1.05 1.09 1.09 1.08 1.05 1.09 
1.09 1.07 1.08 1.05 1.08 1.05 1.09 1.07 1.09 1.05 1.06 1.09 1.07 1.08 1.05 1.08 1.08 1.08 1.09 1.09 
1.08 1.06 1.09 1.05 1.09 1.09 1.08 1.05 1.05 1.09 1.05 1.09 1.05 1.09 1.07 1.09 1.06 1.09 1.08 1.08 
1.06 1.06 1.06 1.06 1.05 1.09 1.07 1.07 1.05 1.08 1.09 1.08 1.06 1.05 1.06 1.06 1.07 1.07 1.05 1.06 
1.08 1.05 1.05 1.08 1.09 1.08 1.06 1.09 1.05 1.07 1.05 1.09 1.08 1.09 1.09 1.06 1.06 1.06 1.08 1.07 
1.08 1.05 1.09 1.05 1.07 1.05 1.06 1.09 1.09 1.05 1.06 1.07 1.05 1.05 1.05 1.05 1.05 1.07 1.05 1.08 
1.09 1.08 1.08 1.05 1.09 1.05 1.07 1.05 1.09 1.05 1.06 1.08 1.07 1.09 1.08 1.07 1.05 1.09 1.05 1.07 
1.05 1.07 1.07 1.08 1.07 1.09 1.08 1.07 1.06 1.06 1.07 1.07 1.05 1.07 1.08 1.06 1.08 1.09 1.07 1.06 
1.08 1.07 1.05 1.09 1.09 1.09 1.07 1.09 1.06 1.08 1.09 1.06 1.05 1.08 1.07 1.05 1.08 1.09 1.07 1.05 
1.06 1.09 1.05 1.06 1.06 1.05 1.09 1.09 1.08 1.05 1.05 1.05 1.06 1.06 1.09 1.08 1.08 1.06 1.09 1.08 
1.07 1.06 1.07 1.09 1.05 1.05 1.06 1.06 1.07 1.07 1.07 1.07 1.09 1.07 1.09 1.06 1.06 1.06 1.07 1.06 
1.08 1.09 1.06 1.07 1.05 1.08 1.06 1.07 1.09 1.07 1.05 1.08 1.05 1.09 1.08 1.08 1.05 1.09 1.05 1.05 
1.08 1.07 1.09 1.05 1.08 1.05 1.09 1.07 1.08 1.09 1.09 1.05 1.05 1.05 1.07 1.06 1.05 1.05 1.06 1.08 
1.05 1.08 1.08 1.05 1.08 1.07 1.05 1.08 1.08 1.05 1.09 1.05 1.08 1.06 1.09 1.05 1.06 1.05 1.06 1.09 
1.08 1.05 1.08 1.09 1.05 1.06 1.06 1.09 1.06 1.06 1.05 1.05 1.05 1.06 1.06 1.06 1.05 1.06 1.08 1.05 
1.07 1.09 1.08 1.06 1.07 1.09 1.06 1.05 1.09 1.06 1.09 1.08 1.09 1.08 1.08 1.05 1.07 1.08 1.08 1.06 
1.07 1.09 1.06 1.09 1.09 1.09 1.09 1.09 1.07 1.05 1.08 1.09 1.05 1.05 1.07 1.07 1.06 1.09 1.07 1.08 
1.05 1.06 1.05 1.05 1.05 1.09 1.09 1.05 1.08 1.06 1.06 1.09 1.09 1.08 1.05 1.05 1.05 1.06 1.06 1.06 
1.07 1.05 1.07 1.09 1.09 1.09 1.09 1.07 1.08 1.06 1.09 1.06 1.05 1.07 1.08 1.09 1.07 1.05 1.07 1.09 
1.07 1.08 1.08 1.08 1.05 1.05 1.08 1.06 1.05 1.09 1.09 1.05 1.09 1.09 1.06 1.08 1.09 1.06 1.06 1.06 
1.06 1.09 1.06 1.05 1.07 1.09 1.08 1.09 1.05 1.08 1.09 1.05 1.07 1.09 1.06 1.05 1.09 1.06 1.07 1.07 
1.06 1.09 1.05 1.09 1.08 1.05 1.06 1.08 1.09 1.09 1.05 1.06 1.08 1.08 1.05 1.06 1.09 1.08 1.05 1.07 
1.07 1.06 1.05 1.07 1.09 1.09 1.07 1.06 1.06 1.05 1.06 1.09 1.05 1.05 1.09 1.06 1.08 1.09 1.07 1.06 
1.08 1.05 1.07 1.06 1.07 1.06 1.08 1.05 1.06 1.05 1.05 1.05 1.09 1.08 1.08 1.09 1.06 1.07 1.08 1.09 
1.08 1.08 1.05 1.09 1.05 1.05 1.07 1.09 1.08 1.08 1.06 1.09 1.09 1.09 1.07 1.07 1.08 1.06 1.05 1.05 
1.09 1.08 1.09 1.09 1.08 1.06 1.09 1.07 1.05 1.07 1.09 1.06 1.09 1.07 1.07 1.05 1.08 1.06 1.06 1.06 
1.05 1.09 1.07 1.08 1.05 1.07 1.08 1.09 1.08 1.07 1.07 1.07 1.09 1.08 1.05 1.05 1.07 1.07 1.08 1.07 
1.08 1.07 1.09 1.06 1.07 1.08 1.09 1.06 1.08 1.07 1.05 1.07 1.08 1.09 1.07 1.05 1.05 1.09 1.06 1.07 
1.06 1.07 1.08 1.09 1.06 1.05 1.05 1.06 1.08 1.07 1.06 1.08 1.05 1.07 1.08 1.05 1.07 1.08 1.05 1.06 
1.06 1.05 1.08 1.07 1.06 1.09 1.08 1.08 1.07 1.07 1.06 1.07 1.05 1.07 1.08 1.07 1.05 1.07 1.09 1.09 
1.07 1.08 1.08 1.09 1.08 1.09 1.05 1.08 1.09 1.05 1.08 1.06 1.08 1.08 1.06 1.06 1.06 1.09 1.05 1.07 
1.05 1.07 1.08 1.07 1.06 1.07 1.09 1.08 1.06 1.09 1.09 1.05 1.07 1.08 1.05 1.06 1.05 1.08 1.06 1.07 
1.08 1.05 1.08 1.06 1.08 1.08 1.06 1.05 1.07 1.07 1.05 1.07 1.05 1.09 1.09 1.07 1.06 1.09 1.07 1.08 
1.07 1.06 1.08 1.05 1.08 1.05 1.07 1.05 1.08 1.07 1.07 1.06 1.05 1.07 1.07 1.05 1.08 1.07 1.07 1.08 
1.08 1.07 1.07 1.07 1.09 1.05 1.07 1.09 1.05 1.06 1.05 1.07 1.09 1.09 1.07 1.09 1.06 1.07 1.05 1.07 
1.06 1.07 1.08 1.06 1.07 1.09 1.08 1.09 1.07 1.09 1.05 1.05 1.09 1.07 1.05 1.07 1.08 1.09 1.05 1.07 
1.09 1.05 1.08 1.09 1.09 1.06 1.07 1.05 1.08 1.05 1.05 1.06 1.05 1.07 1.09 1.08 1.05 1.06 1.06 1.09 
1.08 1.06 1.05 1.05 1.08 1.09 1.09 1.07 1.09 1.05 1.05 1.08 1.05 1.08 1.09 1.05 1.09 1.09 1.06 1.09 
1.05 1.06 1.08 1.05 1.09 1.08 1.09 1.07 1.05 1.08 1.05 1.07 1.09 1.05 1.07 1.06 1.09 1.05 1.05 1.06 
1.08 1.07 1.07 1.05 1.08 1.07 1.05 1.07 1.06 1.08 1.09 1.05 1.06 1.08 1.09 1.09 1.08 1.09 1.08 1.05 
1.07 1.09 1.05 1.08 1.05 1.07 1.06 1.08 1.07 1.09 1.05 1.07 1.09 1.06 1.07 1.09 1.05 1.08 1.06 1.09 
1.07 1.06 1.08 1.07 1.06 1.07 1.09 1.06 1.09 1.09 1.06 1.06 1.05 1.07 1.09 1.07 1.05 1.06 1.09 1.09 
1.05 1.05 1.05 1.09 1.08 1.05 1.07 1.08 1.09 1.08 1.05 1.06 1.07 1.07 1.07 1.08 1.07 1.07 1.07 1.08 
1.06 1.08 1.05 1.09 1.08 1.06 1.09 1.05 1.07 1.07 1.06 1.08 1.08 1.06 1.05 1.08 1.07 1.09 1.06 1.09 
1.05 1.06 1.09 1.05 1.09 1.08 1.08 1.08 1.08 1.05 1.05 1.08 1.09 1.05 1.07 1.08 1.06 1.07 1.09 1.07 
1.07 1.05 1.05 1.09 1.07 1.06 1.06 1.07 1.06 1.05 1.06 1.05 1.09 1.05 1.05 1.07 1.05 1.09 1.09 1.05 
1.09 1.08 1.09 1.09 1.07 1.08 1.06 1.08 1.09 1.08 1.08 1.09 1.06 1.07 1.07 1.07 1.07 1.08 1.07 1.08 
1.08 1.05 1.07 1.07 1.06 1.05 1.08 1.09 1.08 1.08 1.05 1.09 1.06 1.09 1.09 1.09 1.05 1.06 1.09 1.08 
1.09 1.08 1.07 1.06 1.08 1.08 1.07 1.09 1.09 1.07 1.08 1.08 1.09 1.07 1.08 1.09 1.07 1.07 1.05 1.06 
1.07 1.07 1.08 1.07 1.05 1.05 1.08 1.07 1.06 1.07 1.05 1.07 1.09 1.07 1.09 1.07 1.08 1.07 1.06 1.07 
1.06 1.09 1.05 1.07 1.06 1.05 1.08 1.06 1.05 1.07 1.07 1.08 1.09 1.09 1.06 1.05 1.08 1.05 1.06 1.05 
1.06 1.09 1.07 1.08 1.06 1.07 1.08 1.08 1.06 1.06 1.06 1.05 1.09 1.07 1.06 1.05 1.07 1.06 1.06 1.06 
1.05 1.06 1.08 1.07 1.06 1.05 1.08 1.06 1.08 1.07 1.09 1.07 1.07 1.05 1.09 1.07 1.08 1.05 1.06 1.07 
1.07 1.09 1.06 1.06 1.09 1.05 1.06 1.07 1.08 1.09 1.05 1.08 1.09 1.05 1.09 1.09 1.06 1.06 1.06 1.07 
1.09 1.05 1.05 1.05 1.06 1.06 1.06 1.06 1.08 1.09 1.06 1.06 1.08 1.06 1.06 1.06 1.07 1.06 1.06 1.09 
1.05 1.08 1.05 1.05 1.09 1.05 1.06 1.05 1.09 1.06 1.06 1.07 1.08 1.07 1.07 1.08 1.07 1.08 1.09 1.07 
1.07 1.09 1.05 1.05 1.05 1.09 1.06 1.07 1.09 1.08 1.05 1.08 1.09 1.08 1.06 1.05 1.07 1.08 1.07 1.08 
1.05 1.08 1.05 1.06 1.07 1.07 1.07 1.08 1.09 1.06 1.05 1.07 1.05 1.09 1.09 1.05 1.09 1.06 1.07 1.06 
1.08 1.09 1.06 1.07 1.09 1.08 1.05 1.06 1.08 1.07 1.05 1.06 1.05 1.06 1.06 1.08 1.08 1.06 1.07 1.06 
1.05 1.06 1.06 1.06 1.05 1.08 1.09 1.08 1.07 1.06 1.06 1.09 1.09 1.08 1.06 1.08 1.07 1.08 1.09 1.08 
1.07 1.08 1.08 1.06 1.06 1.07 1.05 1.07 1.09 1.05 1.05 1.06 1.05 1.08 1.06 1.09 1.09 1.07 1.09 1.08 
