20
300
78 65 88 70 23 64 48 42 13 77 100 11 57 55 86 2 62 59 78 81 58 90 37 10 37 52 73 92 13 85 15 98 6 33 72 53 59 88 82 95 65 41 71 9 76 28 70 61 23 28 76 61 23 73 57 42 23 25 80 56 23 86 8 93 50 37 47 40 56 65 7 21 52 5 56 78 38 86 33 35 100 73 98 9 2 76 77 55 36 19 87 50 7 13 6 79 94 60 21 35 39 85 44 50 68 11 64 31 11 91 61 19 94 40 86 56 35 84 8 32 11 55 96 70 63 98 74 24 95 18 70 25 23 90 64 93 56 26 82 51 92 46 59 86 88 79 85 87 84 92 52 2 92 51 73 7 50 89 28 67 56 59 10 95 20 99 97 92 65 86 61 67 36 39 22 43 74 36 79 82 43 79 27 64 40 93 87 38 89 14 39 89 94 31 24 48 7 15 85 3 61 91 56 74 27 42 32 79 21 93 20 40 67 75 7 59 22 31 14 66 63 85 65 13 100 10 65 85 14 28 97 20 19 41 28 50 45 75 19 18 80 60 64 85 37 91 50 34 86 47 29 20 48 30 48 68 46 12 93 89 76 5 49 44 23 36 69 71 67 70 72 59 43 15 34 70 64 19 33 78 25 55 82 83 16 25 49 89 12 77 32 41 14 98 49 85 74 41 47 31 
1 2 3 3 2 2 3 2 1 2 3 2 3 2 3 3 1 2 2 1 
1.03 1.02 1.04 1.03 1.02 1.01 1.06 1.01 1.03 1.06 1.04 1.05 1.06 1.02 1.02 1.03 1.02 1.04 1.06 1.06 
1.03 1.05 1.02 1.02 1.01 1.02 1.03 1.06 1.05 1.01 1.03 1.03 1.04 1.05 1.02 1.02 1.03 1.04 1.04 1.02 
1.01 1.06 1.03 1.02 1.02 1.06 1.05 1.02 1.03 1.05 1.06 1.01 1.04 1.01 1.06 1.04 1.02 1.04 1.06 1.06 
1.01 1.05 1.01 1.06 1.01 1.06 1.05 1.03 1.06 1.05 1.01 1.01 1.02 1.04 1.03 1.03 1.05 1.03 1.03 1.05 
1.01 1.02 1.06 1.03 1.02 1.05 1.06 1.02 1.06 1.03 1.01 1.06 1.01 1.04 1.05 1.02 1.01 1.01 1.02 1.05 
1.03 1.02 1.04 1.06 1.04 1.04 1.06 1.01 1.02 1.01 1.01 1.05 1.02 1.02 1.05 1.02 1.06 1.01 1.06 1.05 
1.06 1.01 1.02 1.01 1.06 1.02 1.03 1.06 1.03 1.04 1.06 1.01 1.02 1.05 1.01 1.02 1.03 1.06 1.02 1.02 
1.03 1.02 1.01 1.01 1.05 1.03 1.04 1.03 1.05 1.05 1.06 1.06 1.01 1.04 1.03 1.04 1.04 1.01 1.01 1.05 
1.05 1.01 1.06 1.02 1.01 1.03 1.03 1.03 1.01 1.06 1.01 1.04 1.02 1.02 1.03 1.04 1.05 1.04 1.04 1.01 
1.05 1.04 1.05 1.04 1.05 1.04 1.05 1.06 1.02 1.03 1.01 1.06 1.02 1.04 1.03 1.03 1.03 1.04 1.04 1.02 
1.02 1.06 1.02 1.02 1.05 1.03 1.03 1.02 1.04 1.05 1.03 1.06 1.02 1.04 1.03 1.02 1.01 1.03 1.02 1.04 
1.03 1.02 1.01 1.02 1.01 1.02 1.06 1.04 1.02 1.03 1.04 1.04 1.02 1.03 1.05 1.06 1.04 1.05 1.02 1.04 
1.04 1.05 1.01 1.04 1.01 1.05 1.02 1.03 1.04 1.06 1.06 1.03 1.05 1.04 1.02 1.04 1.04 1.06 1.02 1.06 
1.02 1.01 1.06 1.06 1.05 1.03 1.04 1.03 1.05 1.05 1.05 1.01 1.05 1.06 1.05 1.02 1.03 1.01 1.01 1.01 
1.04 1.03 1.04 1.04 1.05 1.04 1.05 1.05 1.04 1.06 1.03 1.01 1.06 1.06 1.02 1.01 1.01 1.04 1.04 1.02 
1.01 1.06 1.06 1.04 1.06 1.01 1.03 1.03 1.02 1.02 1.03 1.01 1.02 1.03 1.03 1.05 1.06 1.04 1.04 1.03 
1.06 1.03 1.01 1.04 1.03 1.02 1.02 1.02 1.05 1.05 1.02 1.06 1.05 1.06 1.01 1.06 1.03 1.04 1.03 1.05 
1.03 1.04 1.02 1.02 1.04 1.05 1.02 1.03 1.04 1.02 1.03 1.01 1.02 1.03 1.04 1.03 1.05 1.02 1.05 1.04 
1.06 1.06 1.04 1.06 1.04 1.06 1.06 1.06 1.06 1.03 1.06 1.06 1.01 1.03 1.02 1.01 1.03 1.03 1.04 1.01 
1.03 1.04 1.04 1.06 1.02 1.02 1.05 1.01 1.02 1.03 1.01 1.01 1.04 1.06 1.04 1.06 1.02 1.04 1.01 1.01 
1.06 1.04 1.06 1.03 1.04 1.04 1.01 1.03 1.06 1.03 1.02 1.04 1.06 1.02 1.04 1.01 1.01 1.06 1.01 1.05 
1.03 1.03 1.04 1.02 1.02 1.04 1.01 1.03 1.05 1.06 1.03 1.01 1.06 1.01 1.06 1.06 1.04 1.05 1.01 1.03 
1.03 1.02 1.03 1.03 1.04 1.06 1.06 1.03 1.04 1.01 1.04 1.01 1.04 1.05 1.05 1.06 1.03 1.06 1.03 1.01 
1.04 1.04 1.01 1.03 1.06 1.01 1.04 1.04 1.04 1.02 1.01 1.02 1.05 1.03 1.06 1.01 1.02 1.06 1.02 1.01 
1.02 1.04 1.06 1.02 1.05 1.03 1.05 1.02 1.01 1.01 1.04 1.05 1.06 1.01 1.01 1.05 1.06 1.05 1.06 1.02 
1.05 1.06 1.02 1.02 1.01 1.04 1.04 1.05 1.03 1.04 1.02 1.06 1.03 1.01 1.01 1.02 1.02 1.03 1.02 1.05 
1.01 1.01 1.04 1.05 1.02 1.03 1.01 1.02 1.03 1.03 1.01 1.01 1.06 1.03 1.04 1.06 1.01 1.02 1.03 1.02 
1.05 1.02 1.02 1.02 1.01 1.05 1.06 1.04 1.04 1.01 1.06 1.04 1.05 1.05 1.06 1.04 1.02 1.03 1.04 1.02 
1.05 1.04 1.05 1.04 1.06 1.05 1.05 1.05 1.01 1.05 1.03 1.01 1.02 1.05 1.01 1.04 1.06 1.03 1.02 1.04 
1.04 1.01 1.05 1.02 1.06 1.05 1.01 1.01 1.02 1.06 1.04 1.05 1.04 1.06 1.06 1.05 1.03 1.02 1.02 1.04 
1.04 1.01 1.02 1.06 1.05 1.03 1.01 1.06 1.06 1.03 1.05 1.03 1.02 1.05 1.05 1.05 1.01 1.05 1.03 1.03 
1.02 1.02 1.05 1.01 1.06 1.01 1.05 1.01 1.01 1.01 1.03 1.04 1.05 1.06 1.01 1.02 1.01 1.03 1.06 1.03 
1.05 1.03 1.03 1.04 1.06 1.03 1.06 1.04 1.02 1.01 1.02 1.03 1.02 1.01 1.02 1.05 1.04 1.05 1.03 1.02 
1.03 1.06 1.06 1.04 1.01 1.06 1.04 1.04 1.06 1.06 1.05 1.01 1.01 1.01 1.04 1.06 1.04 1.02 1.06 1.01 
1.06 1.05 1.04 1.05 1.04 1.01 1.03 1.03 1.06 1.02 1.06 1.02 1.04 1.03 1.06 1.01 1.03 1.01 1.03 1.01 
1.03 1.05 1.01 1.01 1.04 1.05 1.06 1.06 1.05 1.04 1.05 1.01 1.02 1.03 1.02 1.06 1.04 1.06 1.01 1.02 
1.05 1.06 1.06 1.04 1.02 1.03 1.03 1.02 1.05 1.05 1.03 1.02 1.05 1.03 1.06 1.04 1.02 1.04 1.06 1.04 
1.05 1.05 1.03 1.02 1.06 1.01 1.04 1.01 1.04 1.02 1.06 1.01 1.02 1.06 1.05 1.02 1.04 1.06 1.01 1.06 
1.01 1.04 1.01 1.04 1.04 1.06 1.02 1.06 1.04 1.01 1.01 1.03 1.02 1.03 1.06 1.01 1.03 1.02 1.02 1.05 
1.02 1.05 1.04 1.02 1.04 1.04 1.01 1.06 1.03 1.04 1.01 1.05 1.06 1.01 1.03 1.06 1.02 1.05 1.04 1.02 
1.03 1.06 1.05 1.06 1.05 1.04 1.03 1.01 1.02 1.04 1.01 1.04 1.06 1.06 1.06 1.03 1.05 1.01 1.05 1.02 
1.05 1.03 1.02 1.04 1.03 1.06 1.05 1.06 1.02 1.02 1.04 1.06 1.06 1.02 1.04 1.02 1.03 1.06 1.03 1.06 
1.05 1.05 1.04 1.02 1.06 1.05 1.02 1.05 1.05 1.06 1.06 1.05 1.05 1.01 1.04 1.04 1.06 1.05 1.02 1.01 
1.06 1.02 1.04 1.01 1.03 1.03 1.05 1.04 1.04 1.01 1.06 1.05 1.06 1.05 1.01 1.01 1.06 1.06 1.04 1.01 
1.04 1.01 1.04 1.05 1.02 1.01 1.05 1.04 1.06 1.04 1.06 1.04 1.02 1.01 1.04 1.01 1.03 1.05 1.02 1.03 
1.04 1.04 1.02 1.04 1.04 1.06 1.04 1.03 1.01 1.05 1.05 1.05 1.04 1.04 1.05 1.05 1.04 1.04 1.03 1.03 
1.04 1.03 1.03 1.02 1.02 1.02 1.05 1.05 1.06 1.06 1.01 1.02 1.02 1.06 1.06 1.04 1.04 1.06 1.03 1.05 
1.06 1.02 1.03 1.05 1.03 1.03 1.03 1.01 1.02 1.04 1.02 1.02 1.04 1.02 1.06 1.02 1.03 1.04 1.05 1.04 
1.04 1.06 1.03 1.02 1.06 1.01 1.02 1.05 1.05 1.03 1.06 1.05 1.05 1.03 1.04 1.06 1.03 1.04 1.03 1.02 
1.05 1.06 1.05 1.02 1.05 1.05 1.05 1.05 1.01 1.01 1.06 1.05 1.05 1.06 1.02 1.04 1.06 1.06 1.04 1.02 
1.05 1.03 1.01 1.04 1.06 1.06 1.05 1.06 1.06 1.02 1.06 1.01 1.05 1.02 1.05 1.05 1.06 1.05 1.02 1.04 
1.03 1.06 1.06 1.01 1.04 1.06 1.06 1.06 1.04 1.01 1.05 1.04 1.02 1.03 1.06 1.03 1.03 1.01 1.02 1.02 
1.06 1.05 1.06 1.01 1.06 1.02 1.06 1.06 1.05 1.06 1.04 1.02 1.06 1.03 1.03 1.04 1.03 1.05 1.02 1.01 
1.05 1.06 1.05 1.03 1.04 1.03 1.05 1.03 1.03 1.01 1.06 1.03 1.04 1.03 1.01 1.03 1.01 1.06 1.04 1.04 
1.06 1.02 1.05 1.04 1.01 1.05 1.04 1.01 1.02 1.06 1.01 1.05 1.02 1.03 1.02 1.06 1.04 1.06 1.02 1.03 
1.02 1.04 1.01 1.06 1.01 1.03 1.05 1.05 1.03 1.02 1.04 1.06 1.04 1.06 1.04 1.04 1.02 1.06 1.04 1.04 
1.06 1.03 1.05 1.06 1.01 1.02 1.03 1.03 1.02 1.01 1.01 1.04 1.06 1.05 1.05 1.06 1.06 1.01 1.01 1.06 
1.01 1.05 1.06 1.01 1.02 1.06 1.03 1.05 1.03 1.01 1.06 1.03 1.04 1.06 1.06 1.05 1.02 1.02 1.06 1.01 
1.02 1.04 1.06 1.01 1.02 1.05 1.03 1.01 1.05 1.05 1.05 1.02 1.01 1.01 1.02 1.06 1.05 1.06 1.04 1.04 
1.04 1.01 1.06 1.05 1.04 1.03 1.06 1.01 1.01 1.01 1.04 1.04 1.04 1.05 1.05 1.03 1.01 1.06 1.03 1.02 
1.06 1.03 1.01 1.06 1.03 1.03 1.05 1.04 1.06 1.04 1.04 1.02 1.03 1.01 1.06 1.05 1.05 1.04 1.02 1.06 
1.01 1.04 1.05 1.05 1.05 1.03 1.01 1.04 1.05 1.02 1.04 1.01 1.02 1.04 1.02 1.04 1.03 1.02 1.05 1.06 
1.01 1.01 1.01 1.06 1.04 1.02 1.03 1.04 1.02 1.04 1.02 1.04 1.04 1.02 1.03 1.01 1.03 1.03 1.05 1.05 
1.01 1.02 1.02 1.05 1.02 1.06 1.04 1.01 1.02 1.02 1.02 1.03 1.04 1.03 1.01 1.04 1.01 1.06 1.01 1.01 
1.03 1.04 1.04 1.02 1.06 1.05 1.03 1.05 1.02 1.01 1.06 1.02 1.01 1.04 1.03 1.02 1.01 1.01 1.02 1.02 
1.02 1.02 1.03 1.01 1.02 1.05 1.01 1.05 1.06 1.06 1.04 1.06 1.02 1.02 1.05 1.02 1.06 1.03 1.01 1.06 
1.02 1.02 1.02 1.01 1.02 1.03 1.06 1.05 1.01 1.02 1.03 1.03 1.01 1.01 1.03 1.01 1.06 1.01 1.03 1.01 
1.05 1.06 1.03 1.01 1.06 1.01 1.01 1.01 1.04 1.04 1.01 1.05 1.02 1.02 1.05 1.01 1.01 1.01 1.03 1.05 
1.04 1.03 1.02 1.05 1.01 1.04 1.02 1.04 1.06 1.06 1.05 1.03 1.01 1.05 1.06 1.04 1.02 1.01 1.03 1.02 
1.05 1.02 1.04 1.01 1.01 1.05 1.06 1.03 1.02 1.01 1.06 1.04 1.02 1.06 1.03 1.04 1.03 1.06 1.02 1.03 
1.03 1.05 1.04 1.01 1.01 1.05 1.02 1.04 1.01 1.06 1.01 1.02 1.02 1.06 1.06 1.02 1.04 1.01 1.03 1.05 
1.02 1.03 1.04 1.01 1.05 1.05 1.02 1.03 1.03 1.01 1.01 1.03 1.06 1.04 1.05 1.06 1.06 1.03 1.03 1.05 
1.06 1.04 1.01 1.04 1.03 1.04 1.03 1.05 1.01 1.06 1.06 1.02 1.02 1.01 1.02 1.06 1.01 1.06 1.03 1.04 
1.01 1.06 1.01 1.05 1.05 1.03 1.04 1.05 1.06 1.01 1.05 1.05 1.03 1.03 1.02 1.05 1.03 1.01 1.04 1.01 
1.04 1.06 1.06 1.06 1.01 1.01 1.01 1.04 1.05 1.02 1.06 1.02 1.05 1.03 1.01 1.02 1.05 1.03 1.01 1.05 
1.01 1.04 1.03 1.06 1.06 1.04 1.06 1.06 1.05 1.01 1.04 1.01 1.06 1.06 1.02 1.04 1.03 1.01 1.01 1.05 
1.02 1.02 1.03 1.04 1.02 1.06 1.06 1.04 1.01 1.02 1.06 1.03 1.04 1.06 1.05 1.03 1.06 1.05 1.04 1.03 
1.06 1.03 1.05 1.04 1.06 1.04 1.06 1.02 1.02 1.06 1.06 1.04 1.01 1.04 1.02 1.03 1.01 1.03 1.06 1.06 
1.01 1.05 1.05 1.05 1.06 1.02 1.02 1.02 1.06 1.05 1.04 1.05 1.06 1.05 1.05 1.03 1.04 1.01 1.06 1.03 
1.03 1.04 1.06 1.02 1.04 1.03 1.04 1.02 1.05 1.06 1.05 1.02 1.05 1.04 1.04 1.02 1.03 1.06 1.02 1.06 
1.04 1.05 1.02 1.05 1.05 1.01 1.02 1.03 1.01 1.02 1.02 1.04 1.01 1.06 1.05 1.06 1.02 1.03 1.06 1.06 
1.04 1.03 1.02 1.02 1.04 1.06 1.05 1.02 1.02 1.05 1.01 1.01 1.05 1.05 1.03 1.04 1.02 1.04 1.02 1.06 
1.02 1.03 1.02 1.03 1.04 1.03 1.04 1.03 1.01 1.02 1.02 1.04 1.02 1.02 1.01 1.05 1.03 1.03 1.01 1.04 
1.04 1.05 1.02 1.04 1.06 1.01 1.01 1.03 1.02 1.04 1.01 1.05 1.05 1.02 1.03 1.03 1.01 1.03 1.03 1.06 
1.06 1.02 1.06 1.06 1.06 1.01 1.02 1.06 1.03 1.05 1.05 1.04 1.01 1.02 1.05 1.04 1.01 1.05 1.06 1.05 
1.02 1.02 1.03 1.06 1.05 1.01 1.04 1.06 1.01 1.06 1.06 1.02 1.06 1.05 1.03 1.01 1.03 1.03 1.02 1.01 
1.01 1.01 1.02 1.03 1.04 1.04 1.02 1.04 1.01 1.03 1.03 1.05 1.04 1.04 1.04 1.04 1.05 1.04 1.01 1.05 
1.06 1.01 1.03 1.05 1.01 1.05 1.01 1.02 1.01 1.02 1.01 1.04 1.01 1.03 1.06 1.04 1.04 1.01 1.02 1.01 
1.01 1.06 1.06 1.01 1.06 1.03 1.02 1.03 1.01 1.06 1.02 1.04 1.01 1.03 1.05 1.06 1.06 1.01 1.06 1.06 
1.05 1.04 1.05 1.02 1.05 1.02 1.04 1.05 1.01 1.02 1.01 1.04 1.05 1.05 1.03 1.04 1.02 1.03 1.03 1.06 
1.06 1.01 1.04 1.02 1.03 1.04 1.04 1.04 1.03 1.05 1.03 1.06 1.06 1.01 1.01 1.03 1.06 1.02 1.04 1.05 
1.04 1.01 1.05 1.02 1.06 1.02 1.01 1.04 1.06 1.04 1.04 1.06 1.01 1.02 1.05 1.04 1.02 1.03 1.02 1.04 
1.03 1.02 1.04 1.01 1.02 1.01 1.04 1.02 1.03 1.04 1.06 1.04 1.06 1.03 1.03 1.05 1.05 1.02 1.06 1.02 
1.04 1.01 1.02 1.03 1.04 1.03 1.01 1.03 1.02 1.02 1.02 1.05 1.05 1.01 1.05 1.06 1.04 1.04 1.04 1.04 
1.04 1.04 1.05 1.05 1.05 1.06 1.03 1.02 1.06 1.03 1.05 1.02 1.06 1.01 1.05 1.04 1.05 1.05 1.01 1.04 
1.02 1.03 1.05 1.04 1.03 1.02 1.05 1.01 1.03 1.02 1.03 1.06 1.02 1.02 1.05 1.04 1.03 1.05 1.04 1.03 
1.01 1.05 1.02 1.04 1.04 1.04 1.05 1.03 1.05 1.04 1.01 1.06 1.01 1.06 1.03 1.04 1.06 1.03 1.06 1.03 
1.05 1.06 1.05 1.03 1.04 1.02 1.02 1.02 1.03 1.06 1.02 1.02 1.01 1.06 1.01 1.06 1.06 1.01 1.01 1.05 
1.05 1.06 1.01 1.06 1.06 1.05 1.06 1.01 1.03 1.06 1.01 1.05 1.01 1.06 1.06 1.06 1.04 1.06 1.04 1.02 
1.06 1.03 1.05 1.06 1.03 1.06 1.01 1.01 1.05 1.04 1.05 1.06 1.04 1.02 1.06 1.06 1.02 1.02 1.03 1.04 
1.06 1.01 1.06 1.06 1.02 1.02 1.01 1.02 1.05 1.01 1.04 1.01 1.05 1.01 1.04 1.04 1.02 1.06 1.04 1.05 
1.06 1.06 1.05 1.05 1.01 1.02 1.02 1.01 1.03 1.05 1.06 1.01 1.04 1.05 1.05 1.01 1.02 1.01 1.05 1.03 
1.04 1.02 1.03 1.04 1.01 1.06 1.01 1.06 1.04 1.04 1.05 1.04 1.06 1.03 1.03 1.01 1.06 1.05 1.04 1.04 
1.01 1.04 1.05 1.04 1.02 1.02 1.01 1.01 1.01 1.01 1.02 1.02 1.01 1.03 1.05 1.01 1.02 1.03 1.06 1.06 
1.05 1.05 1.04 1.05 1.01 1.02 1.02 1.04 1.01 1.02 1.04 1.02 1.05 1.05 1.04 1.02 1.06 1.06 1.04 1.03 
1.04 1.06 1.02 1.05 1.05 1.03 1.04 1.03 1.06 1.06 1.02 1.01 1.05 1.04 1.03 1.04 1.01 1.02 1.01 1.02 
1.01 1.05 1.04 1.02 1.06 1.05 1.06 1.04 1.04 1.05 1.02 1.02 1.04 1.04 1.04 1.06 1.02 1.02 1.04 1.04 
1.02 1.06 1.02 1.03 1.06 1.03 1.03 1.06 1.03 1.05 1.06 1.04 1.01 1.01 1.05 1.03 1.06 1.06 1.06 1.04 
1.05 1.01 1.04 1.05 1.06 1.04 1.02 1.02 1.03 1.02 1.06 1.05 1.01 1.05 1.05 1.01 1.04 1.06 1.02 1.06 
1.04 1.02 1.03 1.04 1.01 1.01 1.05 1.06 1.02 1.04 1.04 1.04 1.02 1.06 1.03 1.02 1.06 1.06 1.06 1.02 
1.03 1.03 1.03 1.02 1.03 1.03 1.04 1.06 1.03 1.03 1.02 1.06 1.01 1.01 1.02 1.03 1.04 1.02 1.01 1.03 
1.03 1.03 1.02 1.05 1.04 1.02 1.06 1.02 1.04 1.02 1.05 1.06 1.06 1.01 1.06 1.02 1.05 1.06 1.02 1.01 
1.03 1.04 1.02 1.04 1.02 1.05 1.02 1.06 1.01 1.03 1.03 1.01 1.01 1.01 1.06 1.03 1.06 1.05 1.01 1.04 
1.06 1.03 1.01 1.04 1.03 1.03 1.04 1.02 1.02 1.04 1.04 1.03 1.04 1.04 1.06 1.03 1.01 1.02 1.04 1.02 
1.06 1.02 1.05 1.06 1.01 1.01 1.05 1.03 1.02 1.01 1.06 1.03 1.04 1.01 1.06 1.01 1.06 1.05 1.06 1.04 
1.06 1.02 1.01 1.05 1.05 1.04 1.02 1.01 1.04 1.02 1.06 1.04 1.05 1.06 1.02 1.04 1.02 1.02 1.06 1.04 
1.04 1.06 1.05 1.04 1.02 1.02 1.01 1.01 1.04 1.06 1.03 1.05 1.02 1.05 1.06 1.02 1.03 1.04 1.01 1.05 
1.01 1.05 1.02 1.01 1.01 1.01 1.04 1.04 1.06 1.04 1.02 1.01 1.01 1.05 1.06 1.02 1.02 1.06 1.06 1.05 
1.06 1.06 1.02 1.01 1.06 1.03 1.01 1.04 1.03 1.01 1.04 1.02 1.06 1.03 1.02 1.04 1.03 1.03 1.03 1.01 
1.04 1.06 1.06 1.01 1.04 1.04 1.04 1.02 1.02 1.05 1.04 1.04 1.02 1.02 1.02 1.03 1.03 1.05 1.06 1.02 
1.05 1.03 1.03 1.01 1.05 1.06 1.03 1.02 1.06 1.04 1.06 1.06 1.02 1.06 1.03 1.03 1.03 1.05 1.01 1.02 
1.04 1.02 1.01 1.01 1.01 1.04 1.05 1.05 1.06 1.03 1.03 1.01 1.06 1.04 1.02 1.03 1.02 1.06 1.05 1.03 
1.03 1.06 1.01 1.02 1.05 1.06 1.06 1.04 1.01 1.06 1.01 1.05 1.06 1.02 1.05 1.03 1.04 1.02 1.01 1.06 
1.05 1.03 1.03 1.06 1.04 1.02 1.01 1.03 1.05 1.04 1.04 1.02 1.06 1.05 1.06 1.05 1.02 1.02 1.04 1.05 
1.01 1.01 1.04 1.03 1.04 1.01 1.05 1.03 1.03 1.01 1.05 1.05 1.05 1.03 1.01 1.02 1.01 1.03 1.06 1.02 
1.01 1.04 1.05 1.06 1.03 1.03 1.06 1.06 1.01 1.02 1.02 1.04 1.05 1.05 1.01 1.04 1.02 1.04 1.05 1.04 
1.05 1.04 1.03 1.03 1.03 1.03 1.01 1.04 1.01 1.02 1.06 1.05 1.01 1.04 1.03 1.02 1.03 1.02 1.05 1.06 
1.01 1.04 1.02 1.06 1.06 1.03 1.03 1.03 1.01 1.03 1.06 1.06 1.03 1.05 1.03 1.03 1.03 1.04 1.03 1.01 
1.03 1.03 1.04 1.04 1.06 1.04 1.04 1.01 1.03 1.06 1.04 1.01 1.04 1.03 1.02 1.05 1.05 1.01 1.03 1.05 
1.02 1.06 1.06 1.06 1.05 1.03 1.04 1.01 1.01 1.02 1.05 1.02 1.03 1.01 1.06 1.02 1.06 1.06 1.06 1.06 
1.02 1.06 1.05 1.03 1.01 1.03 1.03 1.01 1.06 1.02 1.04 1.02 1.03 1.05 1.05 1.02 1.04 1.06 1.02 1.04 
1.03 1.06 1.06 1.03 1.03 1.03 1.06 1.03 1.03 1.04 1.01 1.02 1.02 1.02 1.02 1.03 1.03 1.03 1.03 1.03 
1.05 1.06 1.05 1.02 1.01 1.02 1.02 1.02 1.02 1.02 1.04 1.06 1.03 1.05 1.04 1.03 1.02 1.01 1.01 1.03 
1.02 1.06 1.05 1.02 1.03 1.06 1.06 1.02 1.03 1.06 1.02 1.02 1.05 1.03 1.03 1.02 1.05 1.06 1.01 1.05 
1.04 1.05 1.04 1.03 1.06 1.05 1.03 1.06 1.05 1.05 1.01 1.04 1.04 1.04 1.04 1.06 1.01 1.02 1.05 1.06 
1.03 1.06 1.05 1.06 1.03 1.01 1.03 1.04 1.03 1.01 1.02 1.02 1.05 1.05 1.06 1.02 1.05 1.06 1.04 1.02 
1.02 1.03 1.04 1.06 1.06 1.06 1.06 1.01 1.04 1.06 1.01 1.01 1.01 1.01 1.04 1.02 1.04 1.04 1.02 1.01 
1.02 1.02 1.06 1.05 1.03 1.06 1.03 1.06 1.01 1.02 1.06 1.02 1.06 1.03 1.03 1.06 1.06 1.05 1.01 1.03 
1.04 1.03 1.01 1.04 1.05 1.03 1.06 1.04 1.05 1.04 1.06 1.06 1.02 1.03 1.01 1.02 1.03 1.06 1.01 1.06 
1.01 1.01 1.03 1.05 1.04 1.06 1.05 1.01 1.04 1.05 1.01 1.04 1.02 1.04 1.04 1.03 1.03 1.02 1.03 1.04 
1.06 1.06 1.03 1.02 1.04 1.05 1.03 1.02 1.05 1.04 1.04 1.03 1.03 1.02 1.03 1.05 1.04 1.05 1.01 1.04 
1.06 1.02 1.04 1.05 1.03 1.05 1.02 1.01 1.01 1.01 1.05 1.01 1.05 1.04 1.06 1.06 1.03 1.04 1.05 1.01 
1.02 1.04 1.05 1.05 1.03 1.02 1.02 1.03 1.02 1.04 1.05 1.03 1.04 1.02 1.03 1.01 1.04 1.03 1.05 1.05 
1.04 1.04 1.03 1.06 1.05 1.01 1.05 1.03 1.05 1.04 1.03 1.02 1.01 1.05 1.04 1.02 1.05 1.01 1.05 1.05 
1.05 1.02 1.01 1.01 1.04 1.03 1.05 1.04 1.01 1.06 1.03 1.02 1.03 1.06 1.03 1.06 1.05 1.04 1.04 1.06 
1.05 1.02 1.02 1.02 1.04 1.06 1.05 1.01 1.02 1.02 1.01 1.04 1.04 1.01 1.05 1.05 1.02 1.04 1.04 1.01 
1.05 1.04 1.02 1.03 1.01 1.01 1.05 1.06 1.01 1.01 1.04 1.03 1.06 1.01 1.04 1.02 1.06 1.03 1.01 1.06 
1.03 1.01 1.05 1.04 1.04 1.05 1.01 1.06 1.06 1.04 1.06 1.06 1.06 1.01 1.03 1.04 1.06 1.04 1.06 1.04 
1.02 1.06 1.05 1.01 1.04 1.01 1.05 1.03 1.06 1.02 1.05 1.06 1.01 1.02 1.06 1.06 1.02 1.02 1.05 1.05 
1.04 1.05 1.02 1.06 1.06 1.01 1.03 1.06 1.04 1.01 1.02 1.04 1.01 1.04 1.02 1.02 1.04 1.01 1.04 1.04 
1.04 1.01 1.05 1.06 1.06 1.01 1.04 1.03 1.04 1.04 1.03 1.06 1.05 1.06 1.04 1.03 1.01 1.02 1.06 1.03 
1.06 1.03 1.01 1.01 1.02 1.02 1.05 1.06 1.02 1.05 1.03 1.06 1.05 1.02 1.05 1.01 1.06 1.04 1.05 1.04 
1.06 1.04 1.01 1.05 1.02 1.05 1.06 1.02 1.06 1.02 1.02 1.06 1.01 1.02 1.02 1.01 1.02 1.04 1.04 1.06 
1.03 1.01 1.05 1.01 1.04 1.06 1.03 1.04 1.02 1.02 1.03 1.04 1.03 1.06 1.05 1.01 1.02 1.06 1.02 1.06 
1.05 1.02 1.02 1.03 1.02 1.05 1.03 1.03 1.03 1.03 1.04 1.05 1.02 1.01 1.06 1.06 1.01 1.01 1.05 1.05 
1.05 1.01 1.04 1.03 1.04 1.01 1.03 1.04 1.01 1.05 1.01 1.01 1.06 1.06 1.06 1.05 1.05 1.06 1.05 1.06 
1.04 1.01 1.03 1.03 1.01 1.01 1.04 1.05 1.03 1.05 1.03 1.05 1.03 1.02 1.01 1.06 1.01 1.04 1.05 1.01 
1.05 1.06 1.02 1.03 1.04 1.06 1.06 1.05 1.02 1.02 1.02 1.05 1.02 1.06 1.06 1.04 1.01 1.05 1.06 1.06 
1.02 1.02 1.03 1.05 1.05 1.06 1.05 1.01 1.03 1.01 1.01 1.03 1.01 1.05 1.03 1.05 1.02 1.06 1.03 1.04 
1.03 1.05 1.06 1.01 1.05 1.02 1.03 1.01 1.02 1.01 1.06 1.02 1.03 1.06 1.03 1.02 1.02 1.05 1.05 1.02 
1.01 1.06 1.06 1.01 1.06 1.04 1.02 1.03 1.06 1.04 1.03 1.05 1.04 1.03 1.06 1.06 1.02 1.01 1.04 1.04 
1.05 1.05 1.02 1.04 1.03 1.01 1.01 1.06 1.05 1.05 1.01 1.04 1.01 1.05 1.01 1.02 1.05 1.06 1.01 1.02 
1.05 1.02 1.06 1.04 1.03 1.06 1.04 1.01 1.06 1.05 1.04 1.06 1.03 1.04 1.05 1.04 1.06 1.05 1.05 1.05 
1.04 1.04 1.03 1.06 1.02 1.02 1.06 1.01 1.06 1.01 1.03 1.03 1.04 1.04 1.03 1.02 1.02 1.02 1.05 1.04 
1.01 1.04 1.03 1.03 1.03 1.04 1.03 1.06 1.05 1.06 1.02 1.05 1.03 1.02 1.04 1.01 1.03 1.02 1.03 1.06 
1.03 1.04 1.05 1.01 1.03 1.05 1.05 1.04 1.03 1.03 1.01 1.04 1.05 1.06 1.05 1.05 1.03 1.05 1.06 1.05 
1.04 1.06 1.01 1.02 1.03 1.06 1.04 1.02 1.06 1.03 1.01 1.04 1.04 1.02 1.03 1.03 1.02 1.02 1.01 1.03 
1.02 1.03 1.04 1.05 1.04 1.02 1.02 1.04 1.03 1.01 1.05 1.03 1.02 1.02 1.04 1.01 1.01 1.01 1.05 1.03 
1.06 1.02 1.04 1.01 1.05 1.01 1.03 1.04 1.06 1.01 1.04 1.01 1.04 1.05 1.03 1.06 1.05 1.04 1.05 1.06 
1.01 1.02 1.06 1.03 1.04 1.02 1.01 1.01 1.04 1.01 1.02 1.04 1.01 1.03 1.02 1.05 1.04 1.03 1.05 1.01 
1.01 1.01 1.01 1.02 1.04 1.03 1.06 1.06 1.02 1.03 1.03 1.04 1.03 1.06 1.06 1.06 1.05 1.06 1.01 1.04 
1.06 1.03 1.01 1.02 1.06 1.03 1.03 1.03 1.05 1.01 1.06 1.01 1.03 1.04 1.05 1.06 1.05 1.01 1.05 1.04 
1.05 1.06 1.06 1.05 1.05 1.05 1.05 1.03 1.01 1.02 1.04 1.05 1.06 1.01 1.05 1.05 1.06 1.06 1.02 1.06 
1.02 1.04 1.04 1.04 1.02 1.06 1.05 1.03 1.03 1.01 1.03 1.03 1.05 1.01 1.04 1.05 1.06 1.02 1.01 1.05 
1.06 1.04 1.02 1.04 1.04 1.01 1.06 1.04 1.03 1.02 1.06 1.01 1.01 1.04 1.01 1.01 1.03 1.03 1.02 1.02 
1.01 1.01 1.03 1.05 1.04 1.04 1.05 1.05 1.03 1.03 1.03 1.03 1.03 1.04 1.01 1.03 1.05 1.05 1.02 1.04 
1.02 1.04 1.01 1.05 1.03 1.02 1.04 1.01 1.04 1.01 1.04 1.05 1.05 1.01 1.06 1.05 1.05 1.04 1.06 1.03 
1.05 1.01 1.05 1.04 1.05 1.02 1.02 1.02 1.02 1.05 1.06 1.05 1.05 1.04 1.01 1.02 1.01 1.04 1.06 1.03 
1.06 1.03 1.03 1.03 1.05 1.03 1.02 1.04 1.03 1.03 1.04 1.03 1.04 1.02 1.02 1.06 1.03 1.03 1.04 1.01 
1.01 1.06 1.02 1.01 1.03 1.05 1.06 1.02 1.06 1.06 1.01 1.04 1.02 1.03 1.05 1.03 1.05 1.03 1.05 1.03 
1.04 1.02 1.03 1.01 1.01 1.01 1.04 1.02 1.01 1.01 1.03 1.01 1.05 1.06 1.05 1.01 1.01 1.03 1.03 1.05 
1.06 1.04 1.01 1.05 1.03 1.04 1.03 1.06 1.04 1.04 1.01 1.05 1.05 1.01 1.05 1.03 1.04 1.03 1.05 1.06 
1.02 1.03 1.03 1.02 1.04 1.04 1.03 1.05 1.06 1.05 1.04 1.02 1.05 1.06 1.04 1.03 1.05 1.05 1.04 1.03 
1.06 1.06 1.02 1.05 1.03 1.01 1.06 1.06 1.05 1.02 1.04 1.06 1.05 1.03 1.06 1.05 1.01 1.01 1.04 1.06 
1.06 1.01 1.01 1.01 1.06 1.04 1.06 1.05 1.02 1.06 1.04 1.03 1.01 1.04 1.04 1.02 1.01 1.06 1.01 1.06 
1.04 1.01 1.05 1.05 1.06 1.06 1.05 1.03 1.01 1.01 1.01 1.05 1.01 1.03 1.05 1.02 1.06 1.06 1.05 1.06 
1.04 1.03 1.01 1.05 1.06 1.01 1.05 1.01 1.03 1.04 1.06 1.01 1.04 1.04 1.06 1.04 1.05 1.05 1.01 1.02 
1.02 1.06 1.04 1.04 1.03 1.03 1.05 1.01 1.02 1.05 1.05 1.04 1.05 1.06 1.01 1.06 1.02 1.02 1.01 1.05 
1.03 1.03 1.01 1.03 1.01 1.03 1.06 1.05 1.05 1.04 1.02 1.06 1.01 1.04 1.03 1.05 1.04 1.03 1.05 1.03 
1.02 1.03 1.06 1.06 1.05 1.03 1.01 1.04 1.01 1.06 1.06 1.02 1.04 1.04 1.01 1.03 1.03 1.05 1.01 1.06 
1.05 1.04 1.02 1.05 1.01 1.05 1.03 1.04 1.06 1.02 1.01 1.06 1.04 1.04 1.04 1.03 1.01 1.01 1.03 1.02 
1.06 1.03 1.02 1.01 1.03 1.05 1.05 1.02 1.05 1.04 1.05 1.04 1.01 1.05 1.01 1.01 1.04 1.05 1.04 1.01 
1.06 1.04 1.02 1.05 1.02 1.04 1.01 1.04 1.06 1.04 1.05 1.06 1.01 1.04 1.03 1.03 1.03 1.05 1.03 1.01 
1.02 1.06 1.01 1.05 1.04 1.01 1.05 1.03 1.05 1.02 1.06 1.05 1.05 1.02 1.02 1.04 1.02 1.01 1.02 1.04 
1.01 1.04 1.02 1.02 1.03 1.04 1.05 1.03 1.04 1.06 1.01 1.01 1.06 1.01 1.05 1.06 1.05 1.01 1.05 1.05 
1.05 1.05 1.06 1.04 1.06 1.06 1.01 1.04 1.06 1.05 1.04 1.01 1.06 1.04 1.01 1.03 1.05 1.05 1.01 1.02 
1.02 1.05 1.03 1.04 1.02 1.01 1.04 1.04 1.05 1.05 1.04 1.06 1.04 1.06 1.06 1.01 1.05 1.01 1.05 1.06 
1.03 1.02 1.05 1.04 1.02 1.02 1.06 1.04 1.05 1.02 1.02 1.01 1.01 1.06 1.01 1.06 1.01 1.05 1.02 1.04 
1.02 1.05 1.04 1.04 1.02 1.05 1.01 1.06 1.04 1.05 1.05 1.01 1.06 1.03 1.01 1.05 1.03 1.03 1.05 1.01 
1.04 1.01 1.02 1.05 1.01 1.05 1.05 1.04 1.01 1.06 1.03 1.05 1.06 1.01 1.03 1.05 1.04 1.04 1.03 1.05 
1.02 1.06 1.04 1.06 1.06 1.05 1.01 1.03 1.04 1.06 1.01 1.05 1.03 1.06 1.01 1.04 1.02 1.05 1.03 1.02 
1.06 1.02 1.02 1.06 1.03 1.05 1.06 1.06 1.01 1.01 1.06 1.05 1.04 1.03 1.04 1.04 1.03 1.04 1.01 1.02 
1.06 1.01 1.02 1.04 1.03 1.03 1.04 1.05 1.04 1.01 1.01 1.03 1.05 1.02 1.01 1.02 1.01 1.06 1.01 1.06 
1.04 1.04 1.03 1.05 1.03 1.04 1.05 1.04 1.06 1.05 1.05 1.01 1.05 1.03 1.02 1.01 1.06 1.05 1.05 1.02 
1.05 1.03 1.05 1.06 1.01 1.02 1.03 1.05 1.02 1.02 1.06 1.05 1.01 1.03 1.06 1.01 1.06 1.02 1.03 1.04 
1.04 1.04 1.05 1.03 1.04 1.04 1.03 1.04 1.06 1.06 1.02 1.01 1.01 1.06 1.05 1.06 1.05 1.04 1.04 1.06 
1.05 1.04 1.02 1.05 1.02 1.05 1.05 1.01 1.01 1.03 1.01 1.01 1.03 1.05 1.06 1.05 1.01 1.05 1.02 1.02 
1.04 1.05 1.03 1.03 1.05 1.02 1.02 1.06 1.02 1.02 1.02 1.05 1.05 1.04 1.03 1.01 1.03 1.04 1.03 1.04 
1.06 1.06 1.05 1.06 1.05 1.06 1.01 1.06 1.01 1.04 1.04 1.04 1.05 1.06 1.01 1.03 1.04 1.03 1.03 1.04 
1.06 1.02 1.02 1.02 1.03 1.03 1.04 1.01 1.05 1.01 1.03 1.02 1.04 1.01 1.01 1.06 1.01 1.01 1.02 1.04 
1.05 1.03 1.01 1.02 1.05 1.06 1.01 1.03 1.05 1.03 1.02 1.05 1.01 1.03 1.02 1.02 1.05 1.03 1.03 1.06 
1.02 1.03 1.06 1.04 1.04 1.06 1.06 1.06 1.02 1.01 1.01 1.06 1.05 1.06 1.03 1.01 1.03 1.05 1.05 1.03 
1.02 1.02 1.03 1.05 1.02 1.03 1.02 1.02 1.01 1.02 1.04 1.01 1.04 1.06 1.01 1.05 1.04 1.03 1.05 1.05 
1.04 1.02 1.06 1.01 1.06 1.01 1.06 1.05 1.02 1.03 1.03 1.06 1.05 1.02 1.03 1.01 1.02 1.03 1.03 1.04 
1.04 1.06 1.06 1.05 1.04 1.04 1.01 1.02 1.01 1.02 1.02 1.06 1.04 1.03 1.06 1.04 1.05 1.02 1.01 1.05 
1.06 1.03 1.05 1.06 1.01 1.01 1.04 1.05 1.02 1.01 1.01 1.04 1.03 1.02 1.01 1.03 1.03 1.02 1.05 1.02 
1.05 1.06 1.01 1.06 1.03 1.03 1.02 1.06 1.04 1.05 1.06 1.03 1.02 1.02 1.06 1.06 1.05 1.03 1.04 1.04 
1.06 1.06 1.02 1.03 1.05 1.02 1.01 1.04 1.01 1.01 1.06 1.06 1.01 1.01 1.03 1.06 1.04 1.02 1.06 1.02 
1.06 1.01 1.05 1.04 1.01 1.04 1.03 1.06 1.05 1.03 1.02 1.05 1.02 1.04 1.05 1.05 1.06 1.05 1.03 1.01 
1.02 1.05 1.05 1.03 1.02 1.06 1.04 1.06 1.01 1.02 1.06 1.01 1.02 1.04 1.05 1.01 1.05 1.06 1.01 1.04 
1.06 1.05 1.04 1.04 1.06 1.03 1.04 1.05 1.02 1.06 1.06 1.06 1.03 1.05 1.02 1.01 1.06 1.01 1.06 1.03 
1.06 1.03 1.06 1.06 1.02 1.02 1.01 1.01 1.04 1.04 1.05 1.02 1.05 1.06 1.04 1.04 1.06 1.06 1.04 1.02 
1.03 1.01 1.01 1.06 1.03 1.01 1.01 1.01 1.02 1.05 1.05 1.04 1.02 1.05 1.01 1.06 1.04 1.03 1.05 1.01 
1.01 1.04 1.04 1.02 1.03 1.01 1.03 1.01 1.06 1.06 1.01 1.03 1.03 1.06 1.02 1.03 1.05 1.01 1.02 1.06 
1.01 1.02 1.02 1.06 1.04 1.01 1.01 1.05 1.01 1.01 1.01 1.06 1.05 1.02 1.03 1.01 1.04 1.03 1.01 1.06 
1.05 1.01 1.01 1.05 1.04 1.01 1.01 1.01 1.06 1.05 1.06 1.01 1.06 1.02 1.04 1.04 1.01 1.03 1.06 1.02 
1.06 1.04 1.02 1.03 1.03 1.02 1.05 1.02 1.04 1.01 1.05 1.03 1.06 1.06 1.01 1.05 1.06 1.06 1.04 1.03 
1.06 1.03 1.06 1.05 1.05 1.02 1.01 1.02 1.01 1.06 1.05 1.06 1.04 1.04 1.06 1.04 1.06 1.06 1.05 1.06 
1.02 1.01 1.01 1.01 1.06 1.01 1.01 1.02 1.01 1.06 1.01 1.02 1.05 1.03 1.04 1.01 1.04 1.04 1.03 1.03 
1.01 1.04 1.01 1.02 1.05 1.01 1.05 1.02 1.04 1.06 1.03 1.01 1.01 1.02 1.01 1.03 1.03 1.06 1.06 1.06 
1.03 1.04 1.01 1.02 1.04 1.05 1.02 1.06 1.02 1.01 1.04 1.03 1.06 1.06 1.06 1.03 1.01 1.06 1.05 1.04 
1.01 1.02 1.05 1.04 1.06 1.05 1.04 1.04 1.03 1.01 1.06 1.04 1.01 1.06 1.06 1.03 1.02 1.04 1.02 1.01 
1.04 1.05 1.05 1.03 1.02 1.06 1.06 1.04 1.02 1.05 1.05 1.01 1.04 1.03 1.04 1.02 1.03 1.04 1.02 1.01 
1.03 1.06 1.05 1.04 1.04 1.03 1.06 1.02 1.06 1.06 1.03 1.05 1.02 1.03 1.01 1.01 1.05 1.04 1.05 1.02 
1.04 1.03 1.04 1.02 1.02 1.05 1.06 1.02 1.05 1.06 1.03 1.02 1.04 1.03 1.06 1.02 1.03 1.01 1.03 1.03 
1.02 1.04 1.05 1.02 1.03 1.03 1.01 1.02 1.04 1.05 1.05 1.06 1.05 1.05 1.03 1.06 1.01 1.01 1.01 1.03 
1.04 1.03 1.06 1.02 1.01 1.06 1.03 1.05 1.04 1.06 1.02 1.01 1.06 1.01 1.04 1.05 1.02 1.05 1.02 1.03 
1.04 1.01 1.06 1.01 1.05 1.01 1.05 1.02 1.06 1.06 1.04 1.03 1.05 1.03 1.02 1.01 1.03 1.01 1.02 1.02 
1.03 1.06 1.01 1.03 1.06 1.03 1.03 1.01 1.05 1.03 1.03 1.03 1.05 1.01 1.04 1.03 1.02 1.01 1.01 1.04 
1.04 1.06 1.05 1.03 1.01 1.04 1.02 1.06 1.06 1.03 1.04 1.05 1.05 1.01 1.04 1.06 1.06 1.02 1.05 1.01 
1.05 1.01 1.01 1.03 1.06 1.05 1.03 1.05 1.06 1.06 1.04 1.03 1.03 1.01 1.02 1.01 1.02 1.03 1.05 1.05 
1.06 1.04 1.03 1.06 1.03 1.03 1.06 1.03 1.04 1.03 1.02 1.04 1.01 1.04 1.03 1.05 1.06 1.04 1.05 1.06 
1.05 1.05 1.05 1.05 1.04 1.06 1.06 1.06 1.05 1.06 1.06 1.01 1.04 1.02 1.01 1.02 1.02 1.05 1.02 1.03 
1.03 1.05 1.04 1.01 1.03 1.06 1.04 1.04 1.05 1.04 1.04 1.03 1.03 1.02 1.05 1.06 1.04 1.02 1.06 1.02 
1.02 1.06 1.06 1.03 1.01 1.05 1.01 1.05 1.02 1.05 1.04 1.01 1.06 1.06 1.03 1.01 1.06 1.02 1.02 1.06 
1.04 1.05 1.03 1.03 1.06 1.06 1.06 1.01 1.05 1.05 1.06 1.02 1.02 1.02 1.04 1.01 1.03 1.05 1.01 1.06 
1.03 1.04 1.02 1.01 1.02 1.03 1.05 1.02 1.02 1.04 1.01 1.01 1.02 1.03 1.05 1.02 1.01 1.01 1.06 1.03 
1.06 1.06 1.06 1.03 1.04 1.02 1.05 1.03 1.01 1.04 1.02 1.04 1.01 1.03 1.05 1.06 1.01 1.06 1.02 1.05 
1.04 1.01 1.06 1.06 1.05 1.04 1.06 1.05 1.03 1.03 1.04 1.05 1.05 1.01 1.02 1.05 1.02 1.01 1.03 1.06 
1.06 1.04 1.02 1.06 1.04 1.04 1.05 1.01 1.06 1.01 1.04 1.05 1.03 1.03 1.03 1.02 1.02 1.03 1.02 1.02 
1.05 1.06 1.03 1.06 1.01 1.04 1.01 1.05 1.03 1.02 1.04 1.04 1.02 1.04 1.05 1.01 1.04 1.03 1.04 1.05 
1.01 1.06 1.05 1.01 1.05 1.04 1.04 1.02 1.04 1.04 1.06 1.02 1.03 1.02 1.04 1.02 1.03 1.03 1.05 1.03 
1.02 1.06 1.06 1.04 1.03 1.06 1.04 1.04 1.01 1.03 1.03 1.05 1.03 1.03 1.01 1.06 1.01 1.05 1.04 1.01 
1.03 1.05 1.02 1.05 1.03 1.01 1.05 1.02 1.05 1.06 1.06 1.04 1.03 1.02 1.06 1.05 1.02 1.03 1.05 1.02 
1.03 1.01 1.04 1.02 1.05 1.06 1.02 1.01 1.01 1.04 1.03 1.01 1.06 1.01 1.02 1.06 1.02 1.06 1.06 1.05 
1.06 1.01 1.01 1.06 1.05 1.02 1.05 1.04 1.02 1.05 1.01 1.01 1.02 1.03 1.05 1.05 1.03 1.01 1.02 1.05 
1.06 1.04 1.01 1.06 1.01 1.02 1.04 1.06 1.03 1.01 1.03 1.01 1.06 1.05 1.04 1.06 1.01 1.01 1.05 1.04 
1.02 1.01 1.04 1.06 1.05 1.04 1.03 1.05 1.04 1.03 1.03 1.06 1.05 1.02 1.01 1.02 1.01 1.01 1.01 1.04 
1.02 1.05 1.02 1.04 1.06 1.06 1.06 1.05 1.05 1.05 1.06 1.04 1.05 1.04 1.02 1.01 1.01 1.04 1.02 1.03 
1.02 1.02 1.02 1.03 1.01 1.04 1.04 1.06 1.03 1.03 1.02 1.05 1.04 1.05 1.01 1.03 1.01 1.05 1.01 1.04 
1.05 1.02 1.02 1.01 1.05 1.02 1.04 1.04 1.05 1.03 1.04 1.03 1.06 1.01 1.06 1.02 1.06 1.01 1.06 1.06 
1.03 1.02 1.01 1.01 1.02 1.03 1.04 1.05 1.02 1.05 1.01 1.06 1.06 1.02 1.04 1.04 1.02 1.06 1.04 1.02 
1.05 1.01 1.04 1.02 1.01 1.05 1.02 1.04 1.04 1.04 1.03 1.04 1.06 1.05 1.06 1.03 1.04 1.03 1.06 1.06 
1.05 1.06 1.03 1.04 1.05 1.03 1.04 1.01 1.03 1.04 1.06 1.06 1.03 1.06 1.05 1.05 1.03 1.06 1.02 1.05 
1.03 1.02 1.01 1.02 1.04 1.06 1.01 1.04 1.05 1.05 1.02 1.06 1.04 1.06 1.05 1.05 1.03 1.01 1.06 1.03 
1.05 1.04 1.01 1.02 1.02 1.02 1.01 1.05 1.05 1.06 1.06 1.04 1.03 1.04 1.04 1.01 1.04 1.02 1.01 1.01 
1.02 1.05 1.04 1.06 1.01 1.05 1.02 1.01 1.01 1.06 1.01 1.05 1.02 1.01 1.05 1.06 1.01 1.01 1.02 1.03 
1.04 1.03 1.03 1.02 1.06 1.04 1.05 1.05 1.03 1.05 1.01 1.02 1.03 1.04 1.04 1.02 1.06 1.05 1.02 1.03 
1.01 1.04 1.01 1.04 1.01 1.03 1.02 1.05 1.03 1.06 1.02 1.06 1.04 1.01 1.03 1.01 1.03 1.03 1.01 1.03 
1.05 1.05 1.01 1.01 1.03 1.04 1.05 1.03 1.01 1.05 1.05 1.04 1.03 1.04 1.05 1.01 1.01 1.02 1.03 1.01 
1.06 1.03 1.06 1.05 1.06 1.05 1.02 1.06 1.03 1.01 1.04 1.05 1.03 1.02 1.05 1.06 1.05 1.06 1.03 1.06 
1.05 1.03 1.02 1.01 1.04 1.06 1.05 1.05 1.04 1.04 1.02 1.03 1.06 1.05 1.06 1.06 1.03 1.05 1.01 1.03 
1.01 1.01 1.02 1.06 1.06 1.06 1.03 1.01 1.01 1.04 1.02 1.02 1.05 1.05 1.03 1.03 1.01 1.06 1.03 1.05 
1.05 1.05 1.02 1.06 1.01 1.01 1.04 1.02 1.01 1.03 1.02 1.03 1.01 1.01 1.04 1.03 1.06 1.03 1.06 1.03 
1.05 1.01 1.03 1.04 1.06 1.04 1.06 1.05 1.06 1.06 1.04 1.03 1.01 1.06 1.05 1.03 1.01 1.03 1.01 1.02 
1.02 1.05 1.04 1.02 1.05 1.04 1.06 1.01 1.06 1.03 1.06 1.06 1.06 1.05 1.02 1.02 1.02 1.04 1.02 1.02 
1.06 1.04 1.01 1.02 1.02 1.04 1.03 1.03 1.02 1.05 1.05 1.05 1.05 1.03 1.03 1.03 1.04 1.03 1.04 1.01 
1.03 1.03 1.01 1.05 1.01 1.06 1.05 1.03 1.03 1.06 1.01 1.04 1.02 1.06 1.04 1.03 1.03 1.01 1.03 1.05 
1.06 1.03 1.01 1.02 1.03 1.01 1.03 1.05 1.01 1.02 1.03 1.04 1.03 1.01 1.04 1.06 1.05 1.03 1.01 1.03 
1.04 1.01 1.01 1.04 1.04 1.02 1.04 1.01 1.01 1.02 1.01 1.04 1.05 1.05 1.03 1.04 1.05 1.03 1.03 1.03 
1.01 1.02 1.05 1.01 1.05 1.03 1.03 1.01 1.04 1.04 1.02 1.03 1.04 1.01 1.03 1.03 1.01 1.05 1.04 1.01 
1.06 1.05 1.02 1.06 1.01 1.04 1.03 1.02 1.06 1.03 1.03 1.06 1.05 1.01 1.03 1.02 1.01 1.01 1.03 1.06 
1.01 1.02 1.05 1.01 1.06 1.05 1.06 1.04 1.06 1.06 1.05 1.06 1.06 1.06 1.04 1.02 1.03 1.04 1.02 1.05 
1.06 1.01 1.02 1.02 1.03 1.04 1.05 1.04 1.02 1.05 1.05 1.05 1.03 1.02 1.04 1.02 1.04 1.01 1.02 1.04 
1.03 1.01 1.05 1.03 1.02 1.03 1.03 1.04 1.06 1.03 1.04 1.06 1.03 1.04 1.04 1.02 1.05 1.01 1.03 1.02 
1.03 1.03 1.02 1.03 1.02 1.06 1.03 1.01 1.04 1.06 1.03 1.04 1.04 1.01 1.03 1.05 1.05 1.06 1.02 1.02 
1.01 1.03 1.06 1.03 1.06 1.04 1.05 1.06 1.02 1.05 1.06 1.03 1.02 1.03 1.04 1.05 1.01 1.03 1.05 1.05 
1.02 1.02 1.03 1.01 1.02 1.06 1.01 1.01 1.02 1.04 1.05 1.03 1.04 1.06 1.02 1.05 1.06 1.05 1.06 1.04 
1.01 1.05 1.02 1.02 1.02 1.05 1.01 1.02 1.02 1.06 1.04 1.01 1.04 1.03 1.02 1.04 1.04 1.06 1.05 1.05 
1.05 1.03 1.02 1.06 1.03 1.06 1.04 1.01 1.03 1.05 1.03 1.05 1.04 1.06 1.01 1.02 1.03 1.05 1.01 1.02 
1.02 1.04 1.05 1.05 1.06 1.01 1.04 1.04 1.03 1.02 1.04 1.02 1.04 1.04 1.02 1.03 1.05 1.01 1.05 1.06 
1.04 1.06 1.04 1.04 1.02 1.03 1.02 1.06 1.02 1.04 1.03 1.06 1.02 1.06 1.06 1.02 1.06 1.02 1.05 1.01 
1.03 1.02 1.06 1.03 1.03 1.03 1.05 1.04 1.01 1.01 1.05 1.03 1.06 1.02 1.03 1.01 1.05 1.02 1.05 1.05 
1.04 1.02 1.04 1.03 1.06 1.04 1.05 1.03 1.04 1.01 1.01 1.02 1.05 1.01 1.05 1.01 1.05 1.01 1.01 1.02 
1.02 1.02 1.06 1.01 1.03 1.05 1.05 1.04 1.02 1.02 1.04 1.04 1.03 1.05 1.01 1.02 1.06 1.05 1.05 1.05 
1.02 1.01 1.04 1.06 1.04 1.01 1.03 1.05 1.04 1.04 1.05 1.05 1.06 1.03 1.05 1.01 1.03 1.04 1.01 1.06 
1.02 1.01 1.06 1.03 1.02 1.01 1.06 1.02 1.05 1.03 1.02 1.06 1.01 1.06 1.04 1.04 1.02 1.05 1.01 1.02 
1.06 1.04 1.03 1.06 1.02 1.06 1.05 1.01 1.01 1.03 1.01 1.06 1.01 1.06 1.01 1.01 1.06 1.02 1.04 1.05 
1.02 1.04 1.06 1.04 1.06 1.03 1.06 1.05 1.06 1.03 1.04 1.03 1.05 1.02 1.06 1.02 1.03 1.04 1.02 1.06 
1.01 1.02 1.05 1.04 1.04 1.05 1.02 1.03 1.05 1.06 1.05 1.04 1.02 1.04 1.02 1.05 1.02 1.04 1.01 1.04 
