20
400
97 39 47 71 95 50 96 58 71 89 70 64 6 62 91 28 85 70 68 80 75 43 60 81 66 25 74 45 63 93 15 64 80 47 1 86 57 91 87 4 13 79 34 57 26 99 63 75 95 17 7 18 13 17 95 72 4 95 79 21 84 20 21 69 71 55 42 52 65 37 9 74 85 23 51 67 33 70 98 52 93 58 88 99 4 76 30 11 53 2 26 12 80 73 21 5 63 45 9 74 30 82 23 48 12 71 48 35 96 54 6 88 92 11 88 87 69 74 85 63 75 82 60 67 51 44 71 67 26 2 48 80 52 12 73 47 93 12 59 93 78 21 16 15 83 27 19 76 27 53 100 99 13 75 32 33 62 36 75 28 6 7 69 25 31 22 94 95 76 99 50 60 7 14 47 72 70 18 28 47 54 99 34 68 16 45 29 8 99 39 61 95 99 6 89 85 60 59 40 59 18 82 26 85 36 65 69 7 2 64 33 75 59 86 68 90 50 64 38 84 17 24 77 57 71 81 60 29 95 85 13 80 90 79 27 35 47 50 5 78 5 13 20 86 77 65 98 24 90 28 52 42 93 43 54 70 40 42 37 49 14 79 42 6 4 72 96 39 51 97 98 78 49 9 46 36 4 72 80 75 21 5 99 90 37 32 13 1 34 3 14 60 31 65 71 60 21 43 83 80 53 50 77 78 86 97 7 70 65 59 50 82 41 59 79 55 16 8 94 90 55 71 17 3 17 87 31 2 76 39 34 67 87 34 26 20 75 51 62 55 78 90 68 30 28 87 60 57 62 37 21 51 89 90 79 73 73 1 76 5 85 40 70 99 80 55 12 56 20 80 49 53 94 17 9 42 2 83 77 78 68 100 41 37 95 68 100 27 94 15 76 45 8 90 83 1 20 38 93 11 
2 3 1 1 3 1 3 2 1 1 1 2 1 1 2 1 3 1 1 1 
1.07 1.09 1.05 1.09 1.09 1.05 1.07 1.06 1.07 1.07 1.07 1.06 1.05 1.09 1.09 1.09 1.08 1.08 1.07 1.05 
1.05 1.08 1.06 1.07 1.08 1.07 1.05 1.08 1.08 1.06 1.06 1.08 1.06 1.09 1.09 1.08 1.08 1.08 1.08 1.07 
1.09 1.05 1.05 1.05 1.06 1.07 1.05 1.05 1.09 1.07 1.05 1.08 1.06 1.07 1.08 1.05 1.09 1.05 1.08 1.09 
1.05 1.06 1.09 1.05 1.06 1.06 1.09 1.06 1.05 1.09 1.07 1.05 1.05 1.07 1.09 1.07 1.05 1.05 1.05 1.05 
1.05 1.07 1.09 1.09 1.09 1.06 1.09 1.06 1.05 1.06 1.05 1.06 1.07 1.08 1.08 1.06 1.06 1.06 1.05 1.07 
1.06 1.05 1.06 1.08 1.09 1.08 1.05 1.07 1.06 1.07 1.07 1.09 1.08 1.08 1.07 1.09 1.08 1.07 1.08 1.05 
1.08 1.06 1.06 1.06 1.06 1.08 1.05 1.08 1.09 1.05 1.06 1.06 1.08 1.07 1.09 1.06 1.09 1.08 1.09 1.09 
1.09 1.07 1.07 1.05 1.05 1.08 1.07 1.07 1.09 1.07 1.08 1.07 1.05 1.07 1.06 1.07 1.08 1.06 1.07 1.06 
1.06 1.08 1.08 1.07 1.09 1.09 1.05 1.05 1.05 1.06 1.07 1.05 1.08 1.05 1.06 1.05 1.06 1.07 1.07 1.07 
1.05 1.07 1.07 1.06 1.05 1.05 1.06 1.09 1.06 1.05 1.07 1.08 1.07 1.09 1.09 1.09 1.05 1.06 1.09 1.08 
1.07 1.09 1.09 1.07 1.07 1.08 1.09 1.08 1.06 1.05 1.06 1.06 1.08 1.08 1.05 1.06 1.05 1.07 1.09 1.08 
1.08 1.06 1.09 1.09 1.07 1.07 1.05 1.08 1.05 1.08 1.08 1.05 1.07 1.09 1.07 1.06 1.06 1.07 1.09 1.08 
1.07 1.06 1.08 1.05 1.09 1.08 1.08 1.09 1.05 1.09 1.09 1.06 1.05 1.09 1.05 1.07 1.08 1.08 1.06 1.08 
1.09 1.09 1.07 1.07 1.09 1.08 1.05 1.08 1.08 1.06 1.06 1.08 1.05 1.06 1.06 1.07 1.09 1.09 1.09 1.07 
1.05 1.05 1.07 1.07 1.06 1.07 1.07 1.05 1.05 1.05 1.07 1.09 1.09 1.08 1.08 1.09 1.09 1.07 1.08 1.05 
1.07 1.09 1.09 1.06 1.07 1.06 1.08 1.08 1.05 1.08 1.06 1.06 1.09 1.08 1.09 1.08 1.05 1.07 1.06 1.08 
1.07 1.09 1.08 1.09 1.09 1.09 1.08 1.07 1.06 1.05 1.08 1.06 1.07 1.07 1.06 1.08 1.07 1.07 1.05 1.08 
1.09 1.06 1.05 1.06 1.07 1.06 1.07 1.09 1.05 1.05 1.09 1.06 1.05 1.05 1.08 1.09 1.08 1.06 1.07 1.08 
1.08 1.06 1.07 1.09 1.09 1.08 1.08 1.09 1.09 1.05 1.09 1.07 1.09 1.09 1.09 1.09 1.09 1.07 1.06 1.09 
1.07 1.09 1.06 1.07 1.05 1.08 1.05 1.06 1.05 1.08 1.09 1.05 1.05 1.05 1.07 1.05 1.08 1.09 1.06 1.08 
1.07 1.06 1.05 1.06 1.05 1.08 1.05 1.05 1.08 1.05 1.08 1.05 1.08 1.09 1.07 1.06 1.06 1.08 1.06 1.09 
1.07 1.05 1.06 1.07 1.08 1.07 1.07 1.06 1.06 1.09 1.05 1.05 1.05 1.05 1.05 1.05 1.08 1.06 1.06 1.06 
1.08 1.07 1.06 1.07 1.06 1.09 1.08 1.05 1.06 1.06 1.09 1.07 1.08 1.06 1.09 1.08 1.09 1.07 1.09 1.05 
1.08 1.07 1.07 1.09 1.09 1.05 1.05 1.09 1.09 1.09 1.06 1.06 1.05 1.08 1.08 1.05 1.08 1.07 1.05 1.06 
1.09 1.09 1.08 1.05 1.07 1.08 1.05 1.05 1.07 1.09 1.05 1.05 1.09 1.07 1.06 1.07 1.09 1.09 1.05 1.07 
1.08 1.05 1.05 1.08 1.06 1.07 1.05 1.08 1.09 1.09 1.07 1.07 1.08 1.07 1.06 1.07 1.08 1.06 1.05 1.07 
1.05 1.09 1.05 1.06 1.07 1.09 1.07 1.06 1.07 1.08 1.05 1.09 1.09 1.05 1.06 1.07 1.09 1.08 1.05 1.09 
1.07 1.09 1.07 1.08 1.05 1.09 1.07 1.08 1.05 1.08 1.08 1.09 1.05 1.07 1.08 1.08 1.05 1.08 1.09 1.08 
1.09 1.09 1.09 1.07 1.06 1.07 1.08 1.06 1.08 1.07 1.05 1.05 1.07 1.05 1.05 1.05 1.06 1.07 1.05 1.05 
1.08 1.07 1.07 1.06 1.05 1.07 1.09 1.06 1.08 1.07 1.08 1.06 1.06 1.09 1.05 1.09 1.07 1.08 1.09 1.06 
1.07 1.07 1.08 1.06 1.05 1.09 1.08 1.05 1.05 1.06 1.08 1.07 1.09 1.08 1.09 1.08 1.09 1.08 1.07 1.06 
1.07 1.06 1.05 1.07 1.08 1.07 1.05 1.07 1.09 1.09 1.09 1.07 1.08 1.07 1.08 1.09 1.06 1.09 1.06 1.06 
1.09 1.05 1.05 1.07 1.09 1.05 1.05 1.05 1.09 1.09 1.09 1.05 1.08 1.08 1.07 1.07 1.07 1.06 1.09 1.05 
1.06 1.05 1.05 1.09 1.05 1.08 1.07 1.06 1.07 1.05 1.06 1.09 1.08 1.08 1.07 1.09 1.07 1.07 1.09 1.08 
1.05 1.09 1.08 1.07 1.09 1.07 1.09 1.05 1.06 1.06 1.06 1.05 1.07 1.07 1.09 1.09 1.07 1.07 1.09 1.08 
1.07 1.07 1.06 1.08 1.06 1.05 1.09 1.08 1.08 1.05 1.08 1.05 1.08 1.06 1.06 1.07 1.06 1.05 1.07 1.08 
1.09 1.07 1.08 1.09 1.06 1.08 1.09 1.06 1.06 1.06 1.07 1.05 1.08 1.09 1.05 1.05 1.06 1.09 1.07 1.05 
1.09 1.05 1.05 1.09 1.09 1.06 1.08 1.06 1.07 1.08 1.08 1.07 1.09 1.05 1.06 1.06 1.06 1.09 1.08 1.09 
1.09 1.05 1.07 1.07 1.07 1.05 1.05 1.06 1.05 1.06 1.05 1.09 1.07 1.07 1.06 1.06 1.07 1.06 1.07 1.05 
1.06 1.06 1.07 1.05 1.08 1.08 1.05 1.06 1.09 1.07 1.05 1.05 1.08 1.05 1.06 1.05 1.06 1.09 1.08 1.08 
1.05 1.08 1.06 1.05 1.08 1.07 1.06 1.07 1.06 1.05 1.07 1.08 1.08 1.07 1.08 1.07 1.05 1.07 1.09 1.05 
1.07 1.05 1.06 1.07 1.08 1.07 1.06 1.05 1.08 1.05 1.07 1.05 1.07 1.07 1.09 1.06 1.07 1.05 1.05 1.08 
1.08 1.07 1.06 1.05 1.05 1.08 1.05 1.09 1.07 1.05 1.05 1.06 1.08 1.09 1.06 1.07 1.08 1.08 1.08 1.07 
1.07 1.09 1.06 1.07 1.09 1.09 1.06 1.05 1.06 1.06 1.05 1.09 1.09 1.08 1.06 1.05 1.08 1.09 1.08 1.09 
1.08 1.08 1.05 1.07 1.05 1.06 1.08 1.09 1.08 1.09 1.07 1.09 1.09 1.07 1.09 1.09 1.05 1.05 1.05 1.05 
1.06 1.05 1.07 1.06 1.07 1.06 1.08 1.06 1.06 1.05 1.09 1.06 1.09 1.06 1.06 1.08 1.08 1.07 1.09 1.09 
1.07 1.09 1.09 1.06 1.06 1.07 1.05 1.06 1.09 1.09 1.07 1.09 1.05 1.08 1.09 1.06 1.07 1.08 1.06 1.05 
1.05 1.05 1.09 1.07 1.09 1.07 1.08 1.06 1.08 1.05 1.09 1.05 1.08 1.06 1.09 1.07 1.09 1.06 1.09 1.09 
1.06 1.05 1.05 1.07 1.06 1.05 1.05 1.06 1.06 1.05 1.08 1.06 1.09 1.05 1.07 1.06 1.07 1.09 1.08 1.05 
1.05 1.05 1.06 1.05 1.06 1.09 1.08 1.06 1.08 1.05 1.09 1.07 1.05 1.08 1.09 1.07 1.07 1.07 1.06 1.08 
1.07 1.07 1.06 1.08 1.07 1.09 1.08 1.09 1.05 1.09 1.05 1.07 1.06 1.07 1.09 1.06 1.07 1.06 1.06 1.08 
1.05 1.09 1.06 1.07 1.06 1.06 1.05 1.06 1.05 1.05 1.06 1.08 1.06 1.09 1.06 1.05 1.05 1.07 1.05 1.05 
1.06 1.07 1.05 1.08 1.06 1.07 1.08 1.09 1.05 1.05 1.09 1.05 1.08 1.05 1.07 1.06 1.09 1.06 1.09 1.09 
1.08 1.05 1.05 1.08 1.08 1.05 1.06 1.08 1.05 1.08 1.05 1.07 1.09 1.05 1.08 1.06 1.06 1.09 1.08 1.06 
1.09 1.05 1.09 1.07 1.07 1.05 1.09 1.06 1.06 1.09 1.05 1.07 1.07 1.06 1.06 1.09 1.08 1.07 1.06 1.07 
1.09 1.09 1.06 1.09 1.05 1.05 1.07 1.06 1.09 1.07 1.08 1.06 1.05 1.07 1.07 1.06 1.05 1.05 1.06 1.05 
1.07 1.07 1.06 1.06 1.09 1.06 1.08 1.09 1.07 1.06 1.07 1.06 1.08 1.06 1.06 1.07 1.07 1.08 1.05 1.07 
1.07 1.09 1.07 1.05 1.07 1.08 1.08 1.09 1.09 1.09 1.09 1.09 1.05 1.07 1.06 1.08 1.07 1.05 1.08 1.08 
1.06 1.07 1.07 1.07 1.05 1.09 1.08 1.07 1.06 1.09 1.05 1.05 1.07 1.09 1.05 1.08 1.08 1.07 1.07 1.07 
1.09 1.05 1.06 1.07 1.05 1.06 1.09 1.06 1.05 1.06 1.09 1.08 1.06 1.05 1.07 1.06 1.06 1.05 1.05 1.08 
1.08 1.05 1.08 1.05 1.06 1.05 1.05 1.09 1.05 1.09 1.06 1.08 1.09 1.06 1.05 1.08 1.05 1.05 1.07 1.05 
1.06 1.07 1.05 1.05 1.05 1.07 1.08 1.07 1.08 1.09 1.05 1.09 1.09 1.06 1.08 1.08 1.06 1.05 1.09 1.07 
1.05 1.07 1.06 1.06 1.07 1.06 1.05 1.08 1.05 1.08 1.09 1.07 1.09 1.05 1.05 1.09 1.05 1.05 1.08 1.09 
1.06 1.05 1.05 1.05 1.06 1.06 1.08 1.08 1.08 1.08 1.07 1.08 1.07 1.05 1.08 1.07 1.06 1.05 1.06 1.05 
1.07 1.09 1.05 1.08 1.07 1.09 1.09 1.06 1.07 1.05 1.07 1.05 1.05 1.08 1.07 1.08 1.07 1.06 1.05 1.08 
1.09 1.09 1.08 1.09 1.06 1.05 1.09 1.05 1.07 1.05 1.05 1.06 1.06 1.09 1.08 1.08 1.07 1.09 1.06 1.09 
1.09 1.05 1.05 1.09 1.07 1.08 1.08 1.09 1.07 1.06 1.08 1.06 1.08 1.07 1.09 1.09 1.09 1.07 1.05 1.09 
1.09 1.06 1.05 1.07 1.06 1.06 1.07 1.05 1.07 1.08 1.09 1.07 1.08 1.05 1.06 1.09 1.09 1.05 1.08 1.09 
1.07 1.06 1.09 1.05 1.09 1.06 1.09 1.08 1.06 1.07 1.05 1.08 1.05 1.08 1.06 1.06 1.08 1.05 1.06 1.08 
1.07 1.08 1.05 1.05 1.05 1.09 1.07 1.06 1.06 1.06 1.09 1.09 1.09 1.07 1.07 1.05 1.06 1.06 1.08 1.05 
1.06 1.09 1.07 1.09 1.07 1.05 1.05 1.08 1.07 1.09 1.09 1.06 1.08 1.06 1.08 1.05 1.05 1.05 1.06 1.09 
1.05 1.07 1.05 1.08 1.09 1.06 1.05 1.09 1.08 1.06 1.09 1.08 1.07 1.07 1.06 1.09 1.09 1.05 1.05 1.08 
1.07 1.06 1.05 1.08 1.05 1.06 1.08 1.05 1.09 1.08 1.05 1.06 1.05 1.08 1.09 1.08 1.09 1.05 1.05 1.08 
1.09 1.06 1.08 1.09 1.06 1.06 1.06 1.09 1.07 1.06 1.09 1.07 1.07 1.08 1.07 1.08 1.09 1.08 1.09 1.08 
1.07 1.08 1.08 1.08 1.07 1.09 1.08 1.09 1.09 1.05 1.05 1.06 1.05 1.09 1.08 1.09 1.06 1.08 1.05 1.09 
1.08 1.05 1.06 1.07 1.08 1.09 1.06 1.06 1.05 1.07 1.06 1.08 1.05 1.06 1.06 1.09 1.05 1.05 1.09 1.06 
1.08 1.05 1.05 1.07 1.08 1.05 1.06 1.06 1.05 1.05 1.06 1.05 1.08 1.09 1.07 1.06 1.06 1.09 1.06 1.09 
1.07 1.09 1.09 1.09 1.06 1.09 1.06 1.08 1.08 1.05 1.09 1.05 1.07 1.09 1.05 1.09 1.08 1.07 1.05 1.09 
1.07 1.06 1.05 1.05 1.06 1.05 1.05 1.05 1.09 1.06 1.05 1.06 1.05 1.06 1.05 1.07 1.05 1.06 1.05 1.05 
1.08 1.09 1.08 1.05 1.05 1.05 1.05 1.09 1.07 1.06 1.07 1.09 1.06 1.08 1.06 1.06 1.05 1.05 1.09 1.05 
1.05 1.06 1.08 1.05 1.08 1.05 1.08 1.09 1.06 1.09 1.05 1.09 1.06 1.06 1.09 1.07 1.05 1.07 1.09 1.07 
1.07 1.07 1.07 1.07 1.06 1.06 1.06 1.06 1.08 1.07 1.09 1.05 1.08 1.05 1.07 1.05 1.08 1.05 1.09 1.07 
1.07 1.07 1.08 1.06 1.08 1.07 1.08 1.07 1.05 1.09 1.05 1.06 1.06 1.07 1.05 1.07 1.08 1.06 1.06 1.08 
1.06 1.07 1.06 1.07 1.05 1.06 1.09 1.09 1.05 1.08 1.09 1.05 1.05 1.06 1.07 1.09 1.05 1.09 1.06 1.07 
1.09 1.07 1.05 1.07 1.05 1.07 1.05 1.08 1.05 1.07 1.08 1.07 1.07 1.07 1.08 1.05 1.06 1.08 1.05 1.06 
1.06 1.05 1.08 1.06 1.05 1.06 1.06 1.07 1.07 1.08 1.09 1.07 1.05 1.09 1.06 1.06 1.09 1.08 1.06 1.05 
1.08 1.06 1.06 1.09 1.05 1.07 1.09 1.08 1.06 1.09 1.08 1.07 1.05 1.05 1.07 1.07 1.07 1.09 1.09 1.09 
1.06 1.05 1.07 1.07 1.05 1.06 1.05 1.06 1.06 1.09 1.06 1.09 1.09 1.09 1.05 1.08 1.05 1.06 1.06 1.06 
1.07 1.06 1.08 1.09 1.08 1.06 1.05 1.05 1.09 1.06 1.09 1.08 1.08 1.07 1.07 1.06 1.09 1.06 1.07 1.09 
1.08 1.08 1.05 1.05 1.07 1.07 1.08 1.05 1.07 1.08 1.07 1.08 1.08 1.06 1.09 1.09 1.06 1.07 1.06 1.09 
1.08 1.05 1.07 1.09 1.09 1.09 1.09 1.08 1.05 1.07 1.08 1.06 1.08 1.08 1.08 1.09 1.09 1.08 1.07 1.06 
1.08 1.06 1.08 1.07 1.06 1.09 1.08 1.06 1.05 1.09 1.07 1.06 1.05 1.09 1.06 1.05 1.05 1.09 1.09 1.09 
1.08 1.07 1.07 1.05 1.05 1.05 1.07 1.09 1.06 1.06 1.07 1.07 1.08 1.05 1.06 1.05 1.06 1.07 1.07 1.06 
1.05 1.09 1.05 1.09 1.09 1.08 1.07 1.06 1.05 1.06 1.08 1.06 1.09 1.08 1.08 1.07 1.09 1.08 1.05 1.05 
1.06 1.08 1.08 1.09 1.07 1.08 1.05 1.07 1.09 1.09 1.05 1.08 1.06 1.07 1.07 1.07 1.05 1.09 1.06 1.07 
1.06 1.08 1.05 1.09 1.08 1.07 1.08 1.06 1.06 1.05 1.06 1.06 1.06 1.08 1.07 1.06 1.07 1.06 1.05 1.05 
1.06 1.09 1.08 1.05 1.09 1.09 1.07 1.07 1.06 1.09 1.08 1.05 1.06 1.07 1.05 1.08 1.07 1.06 1.07 1.07 
1.07 1.08 1.07 1.05 1.05 1.07 1.05 1.06 1.08 1.07 1.07 1.09 1.09 1.07 1.08 1.06 1.06 1.06 1.05 1.09 
1.07 1.09 1.07 1.08 1.09 1.08 1.09 1.08 1.07 1.09 1.09 1.06 1.05 1.09 1.05 1.05 1.06 1.06 1.06 1.05 
1.09 1.08 1.05 1.06 1.09 1.06 1.06 1.08 1.06 1.06 1.05 1.05 1.07 1.05 1.09 1.09 1.06 1.06 1.06 1.06 
1.05 1.06 1.08 1.09 1.08 1.05 1.09 1.05 1.05 1.06 1.06 1.08 1.09 1.08 1.05 1.09 1.05 1.07 1.09 1.08 
1.05 1.06 1.09 1.05 1.08 1.09 1.06 1.05 1.09 1.05 1.08 1.09 1.08 1.05 1.06 1.09 1.09 1.05 1.05 1.06 
1.09 1.05 1.05 1.06 1.07 1.06 1.08 1.06 1.07 1.06 1.05 1.05 1.05 1.05 1.09 1.09 1.05 1.06 1.08 1.09 
1.06 1.08 1.06 1.08 1.08 1.07 1.05 1.05 1.06 1.09 1.05 1.09 1.08 1.06 1.07 1.06 1.05 1.05 1.06 1.05 
1.07 1.06 1.08 1.09 1.05 1.05 1.07 1.06 1.09 1.08 1.05 1.08 1.07 1.09 1.08 1.09 1.06 1.06 1.09 1.07 
1.08 1.07 1.05 1.09 1.07 1.06 1.05 1.09 1.05 1.09 1.07 1.06 1.06 1.07 1.07 1.06 1.05 1.08 1.09 1.08 
1.08 1.05 1.07 1.08 1.08 1.05 1.06 1.06 1.08 1.06 1.07 1.08 1.05 1.06 1.05 1.06 1.07 1.08 1.09 1.07 
1.08 1.09 1.07 1.06 1.05 1.06 1.08 1.07 1.09 1.08 1.07 1.08 1.08 1.08 1.05 1.06 1.09 1.09 1.08 1.05 
1.09 1.09 1.07 1.07 1.08 1.09 1.07 1.05 1.07 1.05 1.07 1.07 1.07 1.09 1.05 1.06 1.07 1.08 1.09 1.09 
1.08 1.09 1.07 1.06 1.05 1.06 1.06 1.08 1.07 1.09 1.07 1.07 1.06 1.06 1.07 1.05 1.06 1.07 1.08 1.05 
1.07 1.08 1.07 1.05 1.07 1.07 1.08 1.06 1.09 1.06 1.07 1.08 1.07 1.09 1.08 1.08 1.06 1.07 1.07 1.07 
1.06 1.07 1.07 1.08 1.09 1.07 1.07 1.09 1.09 1.06 1.09 1.06 1.08 1.05 1.09 1.05 1.07 1.09 1.07 1.07 
1.05 1.08 1.09 1.07 1.05 1.05 1.08 1.06 1.08 1.07 1.09 1.09 1.07 1.05 1.05 1.08 1.08 1.09 1.07 1.08 
1.08 1.09 1.06 1.05 1.05 1.09 1.06 1.05 1.09 1.08 1.08 1.09 1.07 1.09 1.09 1.06 1.08 1.06 1.09 1.05 
1.07 1.07 1.08 1.06 1.05 1.07 1.09 1.08 1.05 1.07 1.05 1.06 1.07 1.07 1.09 1.09 1.07 1.09 1.09 1.05 
1.08 1.05 1.06 1.06 1.07 1.09 1.07 1.05 1.07 1.06 1.09 1.06 1.05 1.08 1.07 1.08 1.09 1.09 1.08 1.05 
1.06 1.06 1.07 1.08 1.07 1.05 1.08 1.08 1.07 1.07 1.09 1.08 1.07 1.09 1.06 1.09 1.05 1.08 1.06 1.06 
1.08 1.08 1.08 1.07 1.06 1.08 1.05 1.09 1.05 1.05 1.06 1.09 1.06 1.09 1.06 1.05 1.08 1.09 1.09 1.05 
1.07 1.05 1.07 1.07 1.07 1.06 1.09 1.07 1.07 1.07 1.07 1.07 1.08 1.09 1.05 1.07 1.09 1.09 1.06 1.06 
1.08 1.08 1.09 1.09 1.05 1.09 1.08 1.05 1.08 1.08 1.09 1.05 1.07 1.06 1.06 1.09 1.09 1.05 1.06 1.07 
1.09 1.08 1.05 1.06 1.06 1.09 1.09 1.09 1.08 1.06 1.06 1.08 1.06 1.07 1.08 1.08 1.09 1.05 1.07 1.05 
1.06 1.06 1.06 1.06 1.07 1.08 1.07 1.07 1.06 1.07 1.05 1.07 1.06 1.09 1.08 1.09 1.08 1.05 1.06 1.09 
1.09 1.06 1.06 1.05 1.06 1.06 1.06 1.09 1.08 1.07 1.09 1.06 1.06 1.09 1.08 1.08 1.07 1.09 1.08 1.06 
1.05 1.05 1.06 1.09 1.09 1.07 1.06 1.08 1.09 1.05 1.09 1.08 1.07 1.09 1.05 1.06 1.05 1.05 1.09 1.06 
1.09 1.07 1.08 1.09 1.09 1.06 1.08 1.07 1.08 1.07 1.09 1.06 1.05 1.08 1.05 1.08 1.05 1.07 1.09 1.07 
1.08 1.09 1.05 1.07 1.07 1.08 1.08 1.05 1.08 1.06 1.06 1.08 1.05 1.07 1.07 1.08 1.08 1.06 1.09 1.05 
1.07 1.06 1.08 1.07 1.09 1.05 1.09 1.06 1.06 1.06 1.05 1.07 1.05 1.09 1.09 1.07 1.08 1.05 1.09 1.07 
1.09 1.07 1.09 1.08 1.07 1.07 1.07 1.09 1.09 1.09 1.08 1.06 1.06 1.05 1.08 1.08 1.07 1.08 1.06 1.09 
1.07 1.06 1.06 1.05 1.09 1.09 1.06 1.09 1.08 1.05 1.05 1.08 1.05 1.09 1.05 1.06 1.08 1.09 1.09 1.08 
1.07 1.08 1.09 1.06 1.05 1.05 1.07 1.07 1.08 1.06 1.09 1.08 1.05 1.07 1.05 1.08 1.08 1.05 1.08 1.06 
1.05 1.08 1.08 1.05 1.07 1.08 1.08 1.09 1.07 1.07 1.09 1.07 1.06 1.05 1.08 1.06 1.05 1.06 1.07 1.06 
1.09 1.05 1.07 1.09 1.06 1.07 1.05 1.08 1.06 1.06 1.06 1.09 1.08 1.08 1.08 1.08 1.08 1.09 1.07 1.07 
1.07 1.09 1.08 1.05 1.08 1.07 1.07 1.07 1.05 1.09 1.09 1.07 1.07 1.09 1.06 1.06 1.08 1.08 1.07 1.05 
1.07 1.09 1.08 1.07 1.07 1.05 1.05 1.05 1.08 1.07 1.06 1.05 1.09 1.08 1.09 1.05 1.06 1.09 1.05 1.08 
1.09 1.09 1.07 1.08 1.08 1.05 1.09 1.05 1.05 1.07 1.06 1.07 1.08 1.07 1.07 1.06 1.06 1.06 1.08 1.06 
1.06 1.08 1.05 1.05 1.05 1.06 1.05 1.05 1.06 1.07 1.09 1.08 1.09 1.09 1.06 1.08 1.07 1.09 1.09 1.06 
1.09 1.09 1.08 1.06 1.06 1.09 1.08 1.09 1.09 1.08 1.09 1.05 1.09 1.09 1.09 1.05 1.05 1.09 1.09 1.08 
1.08 1.07 1.09 1.09 1.07 1.09 1.09 1.05 1.08 1.05 1.07 1.05 1.06 1.09 1.08 1.07 1.08 1.06 1.05 1.08 
1.05 1.09 1.09 1.05 1.08 1.08 1.09 1.09 1.09 1.06 1.09 1.09 1.07 1.06 1.05 1.07 1.07 1.07 1.08 1.05 
1.06 1.09 1.05 1.07 1.07 1.05 1.07 1.08 1.07 1.09 1.07 1.06 1.07 1.08 1.09 1.06 1.05 1.05 1.06 1.07 
1.07 1.06 1.07 1.07 1.06 1.07 1.06 1.05 1.07 1.05 1.08 1.09 1.05 1.07 1.06 1.09 1.07 1.07 1.06 1.08 
1.08 1.08 1.07 1.06 1.07 1.05 1.08 1.07 1.08 1.08 1.05 1.08 1.06 1.08 1.05 1.08 1.08 1.06 1.06 1.06 
1.06 1.09 1.06 1.05 1.06 1.05 1.07 1.05 1.05 1.07 1.09 1.08 1.06 1.09 1.06 1.06 1.06 1.06 1.05 1.07 
1.05 1.06 1.07 1.09 1.05 1.08 1.05 1.08 1.07 1.06 1.05 1.05 1.07 1.05 1.07 1.09 1.05 1.05 1.09 1.07 
1.08 1.05 1.09 1.07 1.09 1.07 1.07 1.08 1.06 1.06 1.05 1.08 1.05 1.07 1.07 1.06 1.05 1.08 1.09 1.06 
1.05 1.09 1.09 1.09 1.09 1.08 1.06 1.07 1.05 1.09 1.06 1.06 1.08 1.06 1.09 1.07 1.06 1.07 1.09 1.09 
1.06 1.07 1.05 1.05 1.08 1.06 1.06 1.07 1.05 1.08 1.05 1.05 1.08 1.07 1.06 1.07 1.09 1.06 1.09 1.09 
1.09 1.06 1.06 1.08 1.08 1.06 1.09 1.05 1.06 1.07 1.08 1.05 1.06 1.08 1.09 1.05 1.09 1.08 1.08 1.07 
1.09 1.07 1.09 1.05 1.05 1.05 1.08 1.07 1.06 1.06 1.07 1.06 1.09 1.05 1.06 1.08 1.07 1.05 1.05 1.09 
1.08 1.08 1.09 1.05 1.09 1.08 1.08 1.06 1.07 1.06 1.05 1.07 1.09 1.08 1.06 1.05 1.06 1.06 1.07 1.06 
1.09 1.05 1.09 1.07 1.08 1.08 1.05 1.07 1.06 1.07 1.06 1.07 1.09 1.09 1.08 1.09 1.07 1.08 1.05 1.08 
1.09 1.05 1.08 1.06 1.09 1.07 1.05 1.09 1.07 1.07 1.09 1.05 1.09 1.05 1.07 1.06 1.08 1.05 1.09 1.09 
1.06 1.08 1.07 1.07 1.07 1.07 1.08 1.06 1.09 1.05 1.05 1.05 1.09 1.08 1.09 1.07 1.08 1.05 1.06 1.06 
1.08 1.09 1.08 1.05 1.09 1.05 1.06 1.08 1.05 1.07 1.09 1.08 1.05 1.08 1.05 1.06 1.05 1.07 1.06 1.07 
1.09 1.06 1.08 1.09 1.09 1.08 1.08 1.07 1.09 1.05 1.08 1.06 1.09 1.07 1.06 1.08 1.07 1.07 1.09 1.07 
1.05 1.08 1.05 1.07 1.05 1.09 1.09 1.08 1.07 1.08 1.06 1.08 1.07 1.08 1.06 1.06 1.05 1.08 1.06 1.08 
1.06 1.08 1.08 1.07 1.07 1.08 1.09 1.08 1.07 1.07 1.08 1.06 1.08 1.05 1.05 1.05 1.08 1.09 1.06 1.06 
1.08 1.05 1.05 1.07 1.05 1.08 1.05 1.09 1.09 1.09 1.07 1.08 1.09 1.07 1.07 1.06 1.07 1.09 1.05 1.05 
1.05 1.08 1.07 1.05 1.07 1.07 1.07 1.05 1.07 1.07 1.07 1.09 1.09 1.08 1.06 1.05 1.05 1.07 1.05 1.05 
1.08 1.09 1.09 1.05 1.08 1.07 1.06 1.07 1.05 1.07 1.09 1.07 1.09 1.05 1.08 1.05 1.05 1.05 1.09 1.05 
1.07 1.08 1.05 1.08 1.05 1.09 1.08 1.09 1.07 1.07 1.08 1.05 1.05 1.07 1.08 1.07 1.08 1.05 1.07 1.09 
1.07 1.08 1.05 1.06 1.07 1.05 1.09 1.08 1.07 1.07 1.08 1.05 1.06 1.09 1.07 1.07 1.06 1.07 1.07 1.06 
1.06 1.07 1.07 1.05 1.06 1.09 1.08 1.08 1.06 1.07 1.08 1.09 1.05 1.07 1.06 1.05 1.09 1.09 1.06 1.06 
1.09 1.09 1.07 1.05 1.07 1.09 1.05 1.07 1.07 1.05 1.07 1.07 1.07 1.07 1.07 1.05 1.06 1.09 1.06 1.07 
1.05 1.08 1.06 1.06 1.06 1.05 1.08 1.09 1.06 1.09 1.06 1.06 1.09 1.07 1.07 1.07 1.08 1.07 1.05 1.08 
1.07 1.09 1.07 1.05 1.05 1.06 1.07 1.09 1.08 1.06 1.08 1.06 1.09 1.07 1.06 1.05 1.05 1.05 1.08 1.06 
1.08 1.08 1.07 1.09 1.08 1.07 1.07 1.08 1.05 1.09 1.09 1.06 1.07 1.07 1.07 1.08 1.06 1.09 1.08 1.06 
1.09 1.06 1.05 1.08 1.07 1.09 1.08 1.06 1.05 1.09 1.05 1.07 1.09 1.06 1.09 1.09 1.09 1.06 1.05 1.06 
1.09 1.08 1.08 1.05 1.08 1.05 1.07 1.08 1.06 1.08 1.07 1.09 1.09 1.07 1.06 1.08 1.07 1.09 1.07 1.05 
1.05 1.06 1.05 1.06 1.05 1.09 1.05 1.05 1.06 1.07 1.07 1.06 1.08 1.05 1.06 1.07 1.07 1.05 1.09 1.05 
1.09 1.07 1.06 1.05 1.08 1.09 1.08 1.07 1.08 1.07 1.07 1.08 1.06 1.09 1.07 1.06 1.07 1.08 1.07 1.08 
1.05 1.07 1.07 1.07 1.07 1.05 1.05 1.05 1.08 1.07 1.05 1.07 1.08 1.07 1.09 1.06 1.07 1.07 1.08 1.08 
1.06 1.07 1.09 1.05 1.08 1.05 1.06 1.08 1.07 1.07 1.05 1.06 1.05 1.08 1.08 1.08 1.08 1.06 1.05 1.05 
1.07 1.09 1.08 1.08 1.08 1.08 1.09 1.05 1.05 1.06 1.09 1.05 1.06 1.07 1.09 1.05 1.09 1.06 1.05 1.08 
1.07 1.05 1.09 1.07 1.05 1.06 1.05 1.06 1.05 1.07 1.05 1.07 1.09 1.09 1.07 1.08 1.07 1.06 1.08 1.06 
1.05 1.07 1.05 1.05 1.05 1.05 1.09 1.06 1.09 1.08 1.05 1.06 1.08 1.06 1.06 1.05 1.06 1.06 1.06 1.05 
1.08 1.05 1.07 1.09 1.05 1.08 1.05 1.06 1.08 1.06 1.08 1.09 1.09 1.09 1.07 1.05 1.09 1.09 1.09 1.05 
1.09 1.07 1.09 1.07 1.09 1.06 1.06 1.08 1.05 1.09 1.09 1.06 1.05 1.09 1.05 1.08 1.09 1.05 1.05 1.05 
1.07 1.08 1.05 1.06 1.05 1.08 1.05 1.09 1.06 1.06 1.05 1.06 1.06 1.05 1.07 1.08 1.05 1.05 1.07 1.07 
1.07 1.06 1.08 1.05 1.07 1.09 1.09 1.08 1.09 1.06 1.07 1.09 1.05 1.07 1.05 1.06 1.08 1.07 1.09 1.07 
1.07 1.06 1.09 1.06 1.06 1.07 1.07 1.09 1.09 1.05 1.08 1.06 1.07 1.06 1.09 1.08 1.08 1.06 1.05 1.06 
1.07 1.05 1.06 1.05 1.07 1.07 1.06 1.07 1.06 1.07 1.06 1.08 1.09 1.05 1.08 1.06 1.05 1.05 1.05 1.06 
1.09 1.06 1.07 1.06 1.06 1.05 1.06 1.07 1.09 1.08 1.08 1.07 1.07 1.05 1.08 1.05 1.09 1.07 1.05 1.09 
1.07 1.08 1.06 1.05 1.07 1.05 1.07 1.09 1.06 1.07 1.06 1.07 1.05 1.09 1.05 1.05 1.09 1.07 1.06 1.05 
1.07 1.07 1.06 1.08 1.08 1.07 1.05 1.05 1.07 1.07 1.06 1.07 1.07 1.09 1.06 1.08 1.08 1.06 1.05 1.06 
1.07 1.07 1.09 1.09 1.06 1.08 1.07 1.06 1.09 1.09 1.06 1.05 1.07 1.09 1.08 1.09 1.05 1.06 1.08 1.07 
1.05 1.05 1.07 1.05 1.06 1.06 1.06 1.09 1.08 1.05 1.06 1.05 1.06 1.09 1.05 1.06 1.08 1.07 1.08 1.09 
1.08 1.07 1.06 1.09 1.05 1.09 1.05 1.06 1.08 1.08 1.09 1.05 1.08 1.08 1.07 1.05 1.08 1.05 1.08 1.06 
1.09 1.07 1.05 1.06 1.09 1.09 1.06 1.08 1.05 1.09 1.06 1.08 1.05 1.05 1.09 1.05 1.08 1.09 1.05 1.05 
1.09 1.07 1.05 1.09 1.09 1.09 1.06 1.05 1.06 1.07 1.09 1.09 1.06 1.09 1.08 1.07 1.05 1.05 1.08 1.07 
1.07 1.09 1.08 1.08 1.07 1.05 1.08 1.06 1.08 1.07 1.07 1.05 1.08 1.07 1.09 1.07 1.05 1.08 1.08 1.05 
1.06 1.07 1.08 1.09 1.07 1.05 1.09 1.07 1.05 1.05 1.06 1.09 1.06 1.07 1.08 1.09 1.08 1.05 1.09 1.05 
1.07 1.07 1.06 1.09 1.05 1.05 1.08 1.05 1.08 1.05 1.07 1.06 1.09 1.08 1.09 1.08 1.09 1.07 1.05 1.07 
1.05 1.05 1.09 1.07 1.07 1.08 1.05 1.09 1.06 1.06 1.09 1.09 1.09 1.05 1.05 1.09 1.05 1.08 1.06 1.06 
1.09 1.05 1.07 1.06 1.05 1.06 1.06 1.08 1.07 1.06 1.09 1.05 1.05 1.05 1.09 1.05 1.06 1.09 1.07 1.06 
1.08 1.05 1.09 1.07 1.05 1.06 1.08 1.09 1.08 1.05 1.09 1.08 1.07 1.05 1.05 1.05 1.09 1.07 1.07 1.09 
1.05 1.09 1.09 1.05 1.06 1.07 1.06 1.06 1.09 1.07 1.09 1.06 1.09 1.09 1.05 1.05 1.06 1.09 1.07 1.05 
1.07 1.09 1.05 1.08 1.06 1.08 1.08 1.07 1.09 1.08 1.07 1.06 1.05 1.05 1.09 1.06 1.08 1.09 1.06 1.07 
1.07 1.08 1.06 1.08 1.06 1.05 1.08 1.05 1.08 1.07 1.07 1.07 1.07 1.06 1.05 1.06 1.08 1.08 1.08 1.08 
1.08 1.07 1.06 1.07 1.08 1.09 1.07 1.05 1.08 1.05 1.08 1.07 1.05 1.06 1.06 1.09 1.08 1.06 1.09 1.08 
1.08 1.06 1.08 1.06 1.09 1.08 1.07 1.08 1.07 1.05 1.06 1.08 1.08 1.05 1.09 1.08 1.07 1.08 1.06 1.05 
1.07 1.08 1.08 1.07 1.07 1.08 1.08 1.09 1.09 1.05 1.06 1.07 1.06 1.08 1.05 1.07 1.05 1.07 1.06 1.08 
1.07 1.06 1.05 1.06 1.07 1.08 1.06 1.07 1.08 1.08 1.07 1.09 1.05 1.09 1.07 1.09 1.05 1.06 1.06 1.08 
1.05 1.09 1.07 1.06 1.06 1.06 1.06 1.08 1.09 1.07 1.09 1.09 1.05 1.09 1.05 1.07 1.05 1.05 1.05 1.05 
1.06 1.08 1.05 1.05 1.05 1.07 1.08 1.08 1.08 1.07 1.07 1.09 1.06 1.09 1.06 1.06 1.06 1.07 1.08 1.09 
1.06 1.07 1.06 1.08 1.07 1.05 1.07 1.09 1.06 1.06 1.08 1.09 1.07 1.08 1.05 1.09 1.05 1.06 1.06 1.06 
1.07 1.07 1.05 1.06 1.07 1.09 1.05 1.09 1.06 1.09 1.05 1.08 1.08 1.06 1.06 1.06 1.06 1.07 1.05 1.06 
1.09 1.05 1.08 1.06 1.09 1.08 1.05 1.05 1.08 1.09 1.06 1.08 1.09 1.08 1.09 1.05 1.07 1.09 1.05 1.09 
1.09 1.08 1.06 1.09 1.07 1.07 1.09 1.09 1.06 1.08 1.08 1.08 1.06 1.07 1.09 1.05 1.08 1.05 1.07 1.09 
1.05 1.09 1.07 1.06 1.08 1.07 1.05 1.09 1.06 1.07 1.09 1.05 1.05 1.07 1.08 1.08 1.09 1.05 1.09 1.09 
1.09 1.09 1.08 1.07 1.06 1.05 1.09 1.08 1.07 1.05 1.09 1.09 1.05 1.07 1.05 1.08 1.08 1.06 1.09 1.07 
1.09 1.05 1.07 1.05 1.08 1.05 1.08 1.06 1.07 1.08 1.08 1.07 1.08 1.07 1.08 1.07 1.09 1.09 1.09 1.07 
1.07 1.05 1.06 1.07 1.06 1.05 1.07 1.07 1.08 1.05 1.07 1.06 1.05 1.05 1.08 1.08 1.08 1.05 1.07 1.05 
1.05 1.09 1.09 1.05 1.05 1.07 1.07 1.06 1.06 1.09 1.05 1.07 1.09 1.07 1.08 1.05 1.07 1.09 1.07 1.09 
1.05 1.07 1.06 1.07 1.07 1.07 1.05 1.08 1.09 1.06 1.05 1.08 1.07 1.08 1.08 1.05 1.05 1.09 1.09 1.08 
1.07 1.09 1.08 1.06 1.05 1.09 1.05 1.09 1.07 1.06 1.06 1.09 1.09 1.05 1.07 1.07 1.06 1.08 1.06 1.06 
1.08 1.07 1.09 1.07 1.08 1.09 1.06 1.06 1.06 1.08 1.07 1.05 1.09 1.07 1.09 1.06 1.08 1.05 1.09 1.05 
1.07 1.07 1.07 1.07 1.06 1.08 1.05 1.06 1.08 1.07 1.06 1.07 1.08 1.05 1.09 1.07 1.05 1.09 1.09 1.08 
1.08 1.07 1.09 1.05 1.05 1.09 1.05 1.05 1.07 1.08 1.05 1.09 1.08 1.09 1.08 1.07 1.07 1.08 1.05 1.07 
1.08 1.06 1.09 1.09 1.07 1.05 1.05 1.08 1.09 1.05 1.07 1.05 1.08 1.07 1.07 1.06 1.09 1.06 1.06 1.05 
1.08 1.06 1.06 1.06 1.09 1.08 1.07 1.05 1.05 1.08 1.07 1.07 1.08 1.06 1.06 1.05 1.08 1.08 1.09 1.05 
1.09 1.08 1.07 1.06 1.07 1.06 1.07 1.06 1.08 1.06 1.06 1.08 1.07 1.06 1.08 1.06 1.08 1.06 1.08 1.07 
1.06 1.09 1.06 1.07 1.06 1.08 1.09 1.06 1.07 1.07 1.08 1.09 1.09 1.05 1.06 1.07 1.06 1.09 1.08 1.08 
1.07 1.09 1.08 1.06 1.06 1.07 1.05 1.07 1.07 1.05 1.08 1.06 1.09 1.08 1.07 1.06 1.09 1.05 1.06 1.08 
1.06 1.07 1.05 1.06 1.08 1.09 1.08 1.07 1.05 1.06 1.05 1.05 1.09 1.09 1.09 1.06 1.08 1.06 1.05 1.08 
1.05 1.06 1.08 1.09 1.08 1.05 1.09 1.08 1.08 1.05 1.06 1.05 1.07 1.08 1.08 1.07 1.08 1.09 1.07 1.05 
1.09 1.08 1.08 1.08 1.08 1.07 1.06 1.07 1.07 1.07 1.08 1.09 1.07 1.06 1.07 1.05 1.06 1.05 1.06 1.06 
1.06 1.06 1.07 1.05 1.05 1.08 1.09 1.07 1.05 1.09 1.09 1.05 1.06 1.06 1.07 1.07 1.06 1.05 1.09 1.07 
1.06 1.09 1.06 1.08 1.09 1.09 1.07 1.06 1.05 1.08 1.07 1.05 1.08 1.08 1.07 1.05 1.06 1.08 1.08 1.09 
1.06 1.08 1.09 1.05 1.06 1.07 1.08 1.09 1.07 1.08 1.09 1.08 1.09 1.08 1.08 1.05 1.07 1.09 1.06 1.08 
1.08 1.07 1.06 1.09 1.07 1.07 1.09 1.08 1.05 1.08 1.07 1.08 1.06 1.06 1.05 1.07 1.05 1.05 1.06 1.07 
1.08 1.09 1.08 1.09 1.05 1.06 1.05 1.06 1.09 1.05 1.05 1.08 1.09 1.05 1.08 1.08 1.08 1.06 1.07 1.05 
1.07 1.06 1.07 1.08 1.07 1.08 1.06 1.09 1.06 1.07 1.09 1.09 1.07 1.07 1.05 1.09 1.06 1.08 1.08 1.06 
1.08 1.06 1.05 1.09 1.06 1.05 1.08 1.05 1.09 1.05 1.05 1.07 1.09 1.08 1.08 1.07 1.08 1.06 1.05 1.05 
1.08 1.06 1.09 1.09 1.06 1.06 1.06 1.08 1.05 1.06 1.08 1.06 1.06 1.06 1.07 1.08 1.07 1.08 1.06 1.09 
1.05 1.08 1.05 1.08 1.07 1.07 1.05 1.06 1.09 1.09 1.07 1.07 1.08 1.05 1.08 1.08 1.05 1.07 1.05 1.08 
1.06 1.09 1.08 1.09 1.09 1.07 1.06 1.06 1.05 1.05 1.05 1.08 1.08 1.07 1.07 1.06 1.08 1.05 1.08 1.06 
1.06 1.06 1.08 1.06 1.09 1.05 1.09 1.09 1.05 1.07 1.06 1.06 1.05 1.07 1.08 1.09 1.07 1.07 1.09 1.05 
1.05 1.06 1.06 1.08 1.09 1.08 1.08 1.05 1.06 1.07 1.07 1.07 1.05 1.05 1.05 1.09 1.08 1.06 1.08 1.05 
1.06 1.06 1.09 1.09 1.09 1.07 1.09 1.05 1.07 1.08 1.08 1.08 1.08 1.07 1.06 1.08 1.08 1.08 1.09 1.08 
1.07 1.09 1.08 1.06 1.08 1.05 1.05 1.05 1.05 1.05 1.07 1.07 1.09 1.08 1.05 1.08 1.08 1.09 1.09 1.09 
1.09 1.06 1.05 1.07 1.07 1.06 1.08 1.08 1.07 1.08 1.06 1.06 1.06 1.06 1.08 1.09 1.05 1.07 1.05 1.06 
1.08 1.08 1.08 1.05 1.08 1.09 1.09 1.08 1.06 1.09 1.08 1.09 1.07 1.07 1.09 1.08 1.08 1.05 1.05 1.05 
1.07 1.07 1.06 1.09 1.05 1.07 1.08 1.07 1.07 1.07 1.09 1.07 1.07 1.07 1.07 1.08 1.06 1.07 1.05 1.09 
1.06 1.05 1.09 1.07 1.07 1.07 1.09 1.07 1.05 1.07 1.05 1.07 1.05 1.05 1.09 1.06 1.06 1.09 1.08 1.09 
1.09 1.08 1.09 1.08 1.05 1.08 1.06 1.05 1.09 1.07 1.08 1.09 1.06 1.09 1.08 1.09 1.09 1.06 1.06 1.08 
1.09 1.05 1.06 1.05 1.06 1.05 1.07 1.05 1.06 1.05 1.08 1.06 1.05 1.05 1.07 1.07 1.06 1.05 1.09 1.06 
1.09 1.09 1.05 1.06 1.06 1.07 1.09 1.07 1.06 1.07 1.09 1.06 1.09 1.06 1.05 1.08 1.07 1.06 1.07 1.07 
1.08 1.08 1.08 1.08 1.09 1.05 1.09 1.05 1.05 1.09 1.07 1.07 1.05 1.07 1.06 1.06 1.06 1.08 1.05 1.09 
1.06 1.09 1.06 1.07 1.09 1.09 1.05 1.05 1.08 1.06 1.06 1.08 1.09 1.05 1.08 1.06 1.05 1.08 1.07 1.08 
1.08 1.08 1.05 1.09 1.08 1.07 1.05 1.05 1.09 1.08 1.09 1.06 1.09 1.09 1.07 1.07 1.07 1.09 1.06 1.07 
1.09 1.08 1.05 1.05 1.09 1.09 1.05 1.07 1.06 1.06 1.07 1.05 1.09 1.05 1.05 1.07 1.09 1.06 1.08 1.08 
1.06 1.07 1.09 1.09 1.05 1.06 1.09 1.08 1.05 1.08 1.08 1.05 1.09 1.07 1.07 1.07 1.08 1.08 1.05 1.08 
1.05 1.06 1.06 1.07 1.06 1.06 1.07 1.08 1.09 1.08 1.07 1.06 1.05 1.07 1.09 1.09 1.07 1.05 1.07 1.09 
1.06 1.05 1.08 1.09 1.08 1.05 1.07 1.05 1.08 1.07 1.08 1.09 1.08 1.05 1.05 1.09 1.07 1.06 1.09 1.06 
1.05 1.08 1.07 1.07 1.05 1.07 1.09 1.09 1.08 1.07 1.06 1.08 1.06 1.05 1.05 1.06 1.07 1.05 1.06 1.09 
1.06 1.05 1.06 1.06 1.09 1.06 1.08 1.05 1.05 1.07 1.08 1.07 1.06 1.09 1.08 1.05 1.05 1.07 1.05 1.08 
1.08 1.08 1.06 1.09 1.07 1.05 1.09 1.07 1.08 1.06 1.06 1.05 1.05 1.07 1.08 1.07 1.07 1.05 1.05 1.07 
1.09 1.06 1.09 1.06 1.08 1.05 1.09 1.07 1.09 1.06 1.05 1.07 1.06 1.08 1.09 1.07 1.07 1.09 1.07 1.06 
1.05 1.08 1.09 1.06 1.05 1.07 1.08 1.08 1.07 1.07 1.05 1.08 1.06 1.08 1.07 1.08 1.08 1.05 1.06 1.08 
1.05 1.09 1.07 1.05 1.05 1.06 1.09 1.09 1.08 1.06 1.06 1.07 1.06 1.09 1.07 1.07 1.09 1.08 1.05 1.07 
1.06 1.06 1.05 1.07 1.06 1.06 1.08 1.08 1.08 1.08 1.09 1.09 1.05 1.09 1.09 1.06 1.06 1.05 1.07 1.08 
1.07 1.08 1.09 1.07 1.06 1.06 1.05 1.06 1.07 1.08 1.07 1.06 1.05 1.08 1.06 1.06 1.06 1.05 1.06 1.05 
1.05 1.07 1.06 1.05 1.09 1.08 1.09 1.07 1.05 1.08 1.09 1.07 1.05 1.08 1.07 1.07 1.05 1.05 1.07 1.07 
1.07 1.08 1.06 1.07 1.08 1.07 1.07 1.09 1.09 1.05 1.05 1.09 1.06 1.09 1.08 1.09 1.06 1.09 1.06 1.07 
1.06 1.09 1.08 1.06 1.07 1.09 1.05 1.07 1.05 1.07 1.08 1.06 1.09 1.05 1.09 1.07 1.08 1.09 1.05 1.06 
1.07 1.05 1.09 1.07 1.06 1.09 1.05 1.06 1.07 1.05 1.06 1.08 1.08 1.06 1.08 1.06 1.07 1.05 1.05 1.09 
1.09 1.08 1.05 1.08 1.09 1.05 1.09 1.09 1.05 1.05 1.07 1.05 1.07 1.05 1.07 1.08 1.09 1.09 1.09 1.09 
1.06 1.09 1.06 1.07 1.07 1.08 1.06 1.05 1.08 1.07 1.08 1.09 1.08 1.08 1.07 1.05 1.08 1.05 1.09 1.07 
1.05 1.05 1.05 1.09 1.05 1.08 1.09 1.07 1.08 1.06 1.07 1.09 1.09 1.07 1.06 1.09 1.09 1.07 1.07 1.08 
1.06 1.06 1.08 1.06 1.05 1.09 1.09 1.07 1.09 1.07 1.09 1.07 1.07 1.08 1.06 1.08 1.07 1.06 1.09 1.06 
1.09 1.06 1.06 1.05 1.08 1.06 1.08 1.08 1.05 1.05 1.08 1.08 1.05 1.05 1.07 1.09 1.06 1.05 1.05 1.07 
1.08 1.05 1.06 1.09 1.05 1.09 1.08 1.06 1.07 1.05 1.08 1.06 1.05 1.08 1.06 1.07 1.09 1.07 1.09 1.07 
1.06 1.08 1.07 1.09 1.08 1.05 1.08 1.07 1.05 1.06 1.06 1.05 1.06 1.09 1.07 1.06 1.05 1.08 1.08 1.05 
1.05 1.06 1.08 1.08 1.06 1.07 1.07 1.05 1.07 1.06 1.08 1.09 1.07 1.07 1.08 1.06 1.05 1.06 1.09 1.09 
1.09 1.08 1.07 1.06 1.05 1.09 1.07 1.06 1.08 1.08 1.09 1.07 1.09 1.09 1.07 1.08 1.06 1.06 1.08 1.05 
1.05 1.06 1.05 1.05 1.07 1.05 1.05 1.08 1.05 1.05 1.06 1.07 1.08 1.07 1.09 1.06 1.07 1.07 1.05 1.06 
1.08 1.05 1.06 1.05 1.09 1.06 1.06 1.05 1.06 1.05 1.06 1.06 1.08 1.06 1.05 1.06 1.06 1.09 1.09 1.06 
1.06 1.08 1.07 1.09 1.05 1.08 1.07 1.09 1.07 1.08 1.05 1.08 1.09 1.05 1.06 1.09 1.06 1.06 1.06 1.07 
1.05 1.09 1.06 1.08 1.06 1.06 1.08 1.06 1.08 1.06 1.08 1.05 1.09 1.09 1.06 1.09 1.07 1.07 1.05 1.08 
1.05 1.09 1.07 1.08 1.05 1.05 1.05 1.07 1.05 1.06 1.09 1.08 1.07 1.05 1.06 1.05 1.05 1.06 1.05 1.06 
1.05 1.09 1.05 1.07 1.05 1.08 1.07 1.07 1.07 1.05 1.07 1.08 1.06 1.07 1.05 1.05 1.07 1.05 1.06 1.06 
1.05 1.09 1.07 1.09 1.07 1.06 1.06 1.08 1.07 1.07 1.05 1.05 1.06 1.07 1.08 1.05 1.07 1.09 1.05 1.08 
1.07 1.07 1.07 1.08 1.08 1.05 1.08 1.09 1.08 1.09 1.07 1.09 1.07 1.08 1.05 1.07 1.08 1.09 1.08 1.09 
1.07 1.07 1.08 1.07 1.06 1.09 1.09 1.07 1.05 1.06 1.05 1.07 1.08 1.06 1.09 1.09 1.09 1.07 1.09 1.07 
1.06 1.07 1.08 1.08 1.05 1.07 1.05 1.09 1.08 1.06 1.06 1.06 1.06 1.08 1.09 1.06 1.09 1.05 1.05 1.07 
1.09 1.07 1.08 1.05 1.05 1.08 1.06 1.06 1.09 1.07 1.05 1.06 1.05 1.08 1.06 1.09 1.05 1.08 1.09 1.07 
1.07 1.07 1.09 1.09 1.05 1.06 1.05 1.07 1.05 1.05 1.09 1.09 1.05 1.09 1.07 1.05 1.09 1.09 1.07 1.05 
1.08 1.06 1.05 1.07 1.09 1.07 1.05 1.08 1.09 1.09 1.07 1.09 1.07 1.09 1.06 1.05 1.08 1.08 1.06 1.07 
1.09 1.06 1.07 1.06 1.08 1.06 1.06 1.07 1.09 1.05 1.05 1.09 1.07 1.06 1.06 1.07 1.06 1.05 1.07 1.06 
1.07 1.07 1.06 1.05 1.07 1.05 1.05 1.09 1.08 1.09 1.06 1.05 1.07 1.06 1.08 1.08 1.07 1.05 1.07 1.09 
1.06 1.08 1.07 1.08 1.06 1.08 1.05 1.08 1.08 1.06 1.08 1.06 1.08 1.09 1.05 1.06 1.09 1.09 1.06 1.09 
1.06 1.09 1.08 1.08 1.07 1.09 1.05 1.05 1.08 1.06 1.06 1.09 1.06 1.05 1.09 1.05 1.08 1.09 1.07 1.06 
1.06 1.06 1.09 1.05 1.07 1.07 1.07 1.09 1.08 1.07 1.09 1.09 1.06 1.05 1.06 1.06 1.06 1.08 1.06 1.05 
1.06 1.06 1.07 1.09 1.09 1.05 1.09 1.09 1.09 1.05 1.06 1.07 1.05 1.08 1.08 1.05 1.05 1.05 1.05 1.06 
1.06 1.09 1.06 1.06 1.05 1.07 1.09 1.09 1.09 1.05 1.05 1.07 1.09 1.05 1.07 1.05 1.05 1.05 1.07 1.08 
1.08 1.05 1.08 1.05 1.05 1.05 1.06 1.07 1.08 1.06 1.05 1.07 1.09 1.08 1.08 1.08 1.09 1.05 1.08 1.08 
1.07 1.08 1.05 1.09 1.05 1.09 1.06 1.06 1.08 1.08 1.06 1.07 1.07 1.06 1.07 1.09 1.09 1.05 1.09 1.06 
1.08 1.05 1.08 1.06 1.09 1.08 1.06 1.05 1.07 1.07 1.06 1.07 1.05 1.07 1.06 1.05 1.05 1.08 1.09 1.07 
1.08 1.05 1.06 1.05 1.06 1.07 1.05 1.06 1.06 1.05 1.05 1.08 1.07 1.07 1.07 1.09 1.08 1.07 1.09 1.09 
1.08 1.09 1.05 1.07 1.05 1.07 1.07 1.05 1.05 1.05 1.09 1.07 1.08 1.05 1.07 1.07 1.05 1.07 1.07 1.07 
1.08 1.08 1.09 1.09 1.07 1.05 1.08 1.07 1.05 1.06 1.07 1.07 1.09 1.08 1.09 1.08 1.05 1.08 1.08 1.09 
1.05 1.05 1.08 1.05 1.07 1.08 1.07 1.09 1.08 1.05 1.07 1.09 1.09 1.05 1.05 1.08 1.06 1.07 1.06 1.06 
1.08 1.08 1.09 1.08 1.06 1.08 1.05 1.06 1.05 1.05 1.08 1.08 1.05 1.06 1.09 1.09 1.08 1.09 1.08 1.06 
1.05 1.05 1.07 1.09 1.07 1.08 1.08 1.07 1.06 1.06 1.06 1.07 1.09 1.05 1.06 1.08 1.08 1.06 1.08 1.05 
1.09 1.07 1.06 1.08 1.05 1.05 1.05 1.09 1.09 1.08 1.06 1.05 1.06 1.07 1.06 1.08 1.07 1.05 1.07 1.09 
1.07 1.07 1.09 1.06 1.09 1.08 1.06 1.05 1.05 1.08 1.09 1.08 1.09 1.08 1.05 1.05 1.05 1.09 1.08 1.06 
1.06 1.07 1.08 1.08 1.09 1.09 1.07 1.08 1.08 1.06 1.09 1.06 1.08 1.08 1.08 1.05 1.08 1.09 1.05 1.07 
1.07 1.09 1.07 1.07 1.09 1.06 1.06 1.08 1.05 1.09 1.05 1.09 1.06 1.06 1.05 1.07 1.08 1.06 1.08 1.07 
1.05 1.09 1.06 1.06 1.09 1.08 1.08 1.06 1.08 1.05 1.09 1.06 1.05 1.08 1.08 1.07 1.07 1.09 1.06 1.09 
1.07 1.09 1.09 1.09 1.08 1.09 1.07 1.09 1.06 1.05 1.06 1.07 1.09 1.05 1.07 1.07 1.07 1.07 1.06 1.08 
1.09 1.07 1.07 1.07 1.08 1.05 1.09 1.06 1.06 1.09 1.06 1.07 1.07 1.07 1.07 1.09 1.06 1.08 1.05 1.05 
1.05 1.08 1.05 1.06 1.08 1.07 1.06 1.05 1.09 1.05 1.09 1.05 1.09 1.05 1.07 1.09 1.09 1.05 1.08 1.05 
1.05 1.08 1.05 1.08 1.05 1.07 1.08 1.08 1.05 1.06 1.08 1.09 1.05 1.05 1.08 1.06 1.09 1.09 1.09 1.09 
1.07 1.07 1.06 1.08 1.07 1.06 1.06 1.06 1.09 1.06 1.05 1.06 1.09 1.09 1.05 1.05 1.07 1.06 1.08 1.07 
1.09 1.07 1.09 1.08 1.07 1.06 1.05 1.05 1.09 1.08 1.08 1.05 1.06 1.05 1.05 1.07 1.08 1.07 1.06 1.05 
1.09 1.08 1.07 1.05 1.07 1.07 1.05 1.06 1.08 1.08 1.07 1.05 1.07 1.05 1.07 1.06 1.05 1.07 1.09 1.09 
1.09 1.08 1.05 1.08 1.08 1.07 1.09 1.07 1.08 1.06 1.06 1.07 1.08 1.09 1.05 1.07 1.08 1.07 1.08 1.05 
1.07 1.07 1.09 1.08 1.05 1.05 1.05 1.07 1.07 1.07 1.07 1.08 1.06 1.06 1.08 1.08 1.08 1.09 1.06 1.06 
1.08 1.05 1.09 1.07 1.07 1.05 1.05 1.06 1.05 1.09 1.06 1.09 1.09 1.07 1.08 1.08 1.05 1.08 1.09 1.07 
1.09 1.07 1.09 1.07 1.07 1.07 1.07 1.09 1.07 1.08 1.09 1.09 1.07 1.06 1.09 1.05 1.05 1.09 1.05 1.08 
1.06 1.07 1.05 1.07 1.09 1.07 1.05 1.05 1.09 1.08 1.05 1.09 1.06 1.05 1.05 1.08 1.08 1.09 1.07 1.06 
1.05 1.06 1.09 1.08 1.05 1.07 1.08 1.09 1.09 1.08 1.08 1.06 1.08 1.06 1.06 1.05 1.08 1.07 1.08 1.08 
1.05 1.06 1.06 1.05 1.09 1.09 1.07 1.06 1.08 1.07 1.07 1.06 1.05 1.06 1.06 1.05 1.09 1.07 1.08 1.05 
1.07 1.05 1.05 1.06 1.07 1.09 1.08 1.09 1.09 1.08 1.05 1.06 1.05 1.06 1.06 1.09 1.09 1.08 1.09 1.05 
1.08 1.07 1.09 1.09 1.09 1.07 1.05 1.07 1.05 1.07 1.05 1.06 1.09 1.09 1.05 1.08 1.05 1.07 1.06 1.07 
1.09 1.05 1.06 1.08 1.09 1.08 1.07 1.09 1.07 1.06 1.07 1.05 1.08 1.05 1.06 1.06 1.06 1.09 1.07 1.09 
1.07 1.09 1.07 1.08 1.08 1.07 1.06 1.06 1.08 1.08 1.09 1.08 1.07 1.05 1.07 1.08 1.05 1.05 1.05 1.08 
1.07 1.05 1.07 1.06 1.09 1.07 1.06 1.06 1.06 1.08 1.09 1.07 1.08 1.08 1.07 1.09 1.05 1.06 1.05 1.06 
1.07 1.07 1.05 1.08 1.08 1.05 1.09 1.09 1.06 1.05 1.08 1.09 1.06 1.07 1.05 1.07 1.07 1.06 1.06 1.09 
1.05 1.06 1.06 1.09 1.09 1.07 1.05 1.07 1.09 1.08 1.07 1.07 1.06 1.07 1.06 1.06 1.05 1.05 1.05 1.09 
1.09 1.07 1.08 1.06 1.09 1.06 1.09 1.09 1.09 1.09 1.09 1.07 1.05 1.09 1.07 1.08 1.09 1.08 1.09 1.06 
1.09 1.08 1.06 1.05 1.09 1.05 1.05 1.08 1.09 1.08 1.05 1.08 1.05 1.05 1.08 1.09 1.05 1.07 1.06 1.09 
1.07 1.07 1.07 1.06 1.05 1.08 1.09 1.06 1.09 1.07 1.09 1.05 1.09 1.08 1.08 1.08 1.06 1.07 1.05 1.07 
1.09 1.07 1.08 1.08 1.08 1.07 1.09 1.09 1.05 1.09 1.09 1.06 1.08 1.08 1.07 1.05 1.05 1.09 1.08 1.05 
1.09 1.07 1.09 1.09 1.06 1.07 1.09 1.09 1.06 1.05 1.08 1.09 1.09 1.07 1.05 1.09 1.06 1.06 1.09 1.05 
1.06 1.07 1.09 1.08 1.06 1.05 1.05 1.08 1.09 1.07 1.08 1.05 1.05 1.08 1.05 1.05 1.08 1.07 1.05 1.06 
1.06 1.06 1.07 1.06 1.08 1.07 1.05 1.06 1.05 1.08 1.06 1.05 1.07 1.05 1.08 1.09 1.09 1.06 1.09 1.05 
1.05 1.05 1.06 1.09 1.07 1.06 1.06 1.07 1.09 1.07 1.06 1.09 1.06 1.09 1.07 1.09 1.05 1.07 1.09 1.06 
1.06 1.07 1.07 1.09 1.06 1.05 1.08 1.05 1.05 1.07 1.05 1.07 1.07 1.06 1.08 1.07 1.09 1.07 1.06 1.05 
1.06 1.08 1.08 1.09 1.08 1.08 1.06 1.07 1.07 1.09 1.05 1.09 1.05 1.05 1.06 1.08 1.06 1.09 1.07 1.08 
1.08 1.09 1.05 1.07 1.08 1.07 1.07 1.05 1.06 1.07 1.06 1.06 1.05 1.07 1.09 1.06 1.08 1.07 1.09 1.05 
1.05 1.07 1.09 1.09 1.08 1.07 1.07 1.06 1.09 1.09 1.06 1.08 1.08 1.09 1.08 1.05 1.05 1.06 1.08 1.09 
1.06 1.05 1.09 1.09 1.05 1.05 1.09 1.07 1.09 1.07 1.07 1.09 1.09 1.09 1.07 1.09 1.05 1.07 1.08 1.08 
1.09 1.08 1.07 1.08 1.07 1.07 1.08 1.08 1.07 1.08 1.07 1.09 1.05 1.09 1.09 1.07 1.06 1.07 1.08 1.05 
1.07 1.08 1.07 1.06 1.09 1.07 1.09 1.09 1.08 1.07 1.07 1.09 1.09 1.05 1.06 1.09 1.05 1.07 1.06 1.09 
1.05 1.09 1.09 1.09 1.09 1.09 1.08 1.08 1.06 1.05 1.05 1.05 1.06 1.09 1.06 1.08 1.09 1.09 1.05 1.09 
1.09 1.08 1.07 1.07 1.05 1.06 1.08 1.05 1.05 1.06 1.07 1.09 1.08 1.05 1.09 1.08 1.06 1.06 1.09 1.07 
1.05 1.05 1.06 1.05 1.05 1.05 1.06 1.05 1.09 1.06 1.07 1.07 1.08 1.08 1.06 1.05 1.05 1.06 1.07 1.05 
1.07 1.07 1.05 1.07 1.07 1.07 1.06 1.08 1.06 1.07 1.06 1.08 1.09 1.08 1.08 1.05 1.08 1.06 1.08 1.09 
1.08 1.08 1.07 1.05 1.05 1.06 1.07 1.05 1.05 1.06 1.05 1.09 1.08 1.05 1.09 1.05 1.05 1.06 1.09 1.09 
1.05 1.09 1.06 1.08 1.05 1.07 1.05 1.07 1.06 1.09 1.05 1.07 1.05 1.06 1.05 1.09 1.07 1.08 1.08 1.08 
1.05 1.08 1.08 1.05 1.07 1.09 1.09 1.06 1.08 1.06 1.09 1.05 1.08 1.08 1.06 1.08 1.08 1.06 1.08 1.05 
1.09 1.08 1.07 1.07 1.09 1.06 1.09 1.06 1.05 1.06 1.06 1.06 1.07 1.09 1.09 1.05 1.09 1.09 1.08 1.09 
1.06 1.05 1.07 1.07 1.07 1.05 1.06 1.05 1.05 1.05 1.09 1.09 1.07 1.06 1.05 1.05 1.06 1.09 1.06 1.09 
1.09 1.09 1.05 1.06 1.06 1.07 1.05 1.09 1.07 1.09 1.05 1.06 1.05 1.06 1.07 1.05 1.08 1.07 1.09 1.07 
1.06 1.07 1.05 1.06 1.06 1.09 1.09 1.09 1.09 1.09 1.05 1.07 1.07 1.05 1.09 1.08 1.08 1.09 1.05 1.09 
1.06 1.09 1.05 1.05 1.08 1.07 1.08 1.07 1.08 1.07 1.07 1.06 1.07 1.09 1.06 1.09 1.06 1.09 1.06 1.08 
1.05 1.09 1.08 1.07 1.06 1.08 1.06 1.05 1.08 1.08 1.05 1.09 1.07 1.06 1.05 1.08 1.06 1.09 1.06 1.08 
1.09 1.05 1.08 1.07 1.08 1.06 1.07 1.07 1.05 1.07 1.05 1.08 1.09 1.09 1.07 1.06 1.06 1.09 1.09 1.06 
1.07 1.09 1.05 1.06 1.09 1.05 1.08 1.09 1.06 1.08 1.09 1.06 1.09 1.05 1.07 1.07 1.05 1.05 1.09 1.06 
1.09 1.07 1.08 1.09 1.09 1.08 1.09 1.07 1.05 1.08 1.07 1.06 1.09 1.05 1.08 1.05 1.09 1.05 1.05 1.06 
1.05 1.09 1.07 1.07 1.08 1.09 1.07 1.06 1.05 1.08 1.06 1.05 1.06 1.09 1.09 1.08 1.05 1.05 1.06 1.05 
1.06 1.06 1.05 1.06 1.08 1.05 1.06 1.08 1.06 1.09 1.07 1.08 1.07 1.08 1.06 1.06 1.09 1.07 1.08 1.08 
1.05 1.09 1.09 1.09 1.05 1.09 1.05 1.06 1.05 1.06 1.07 1.05 1.05 1.07 1.07 1.09 1.06 1.07 1.07 1.05 
1.08 1.09 1.09 1.06 1.08 1.07 1.07 1.07 1.05 1.08 1.06 1.09 1.08 1.05 1.06 1.09 1.07 1.07 1.05 1.06 
1.07 1.08 1.09 1.07 1.09 1.05 1.09 1.06 1.07 1.05 1.08 1.09 1.09 1.07 1.06 1.08 1.07 1.09 1.05 1.09 
1.05 1.08 1.08 1.08 1.06 1.08 1.06 1.09 1.08 1.05 1.06 1.07 1.09 1.05 1.05 1.09 1.05 1.05 1.05 1.09 
1.08 1.05 1.06 1.07 1.05 1.06 1.06 1.09 1.09 1.06 1.08 1.07 1.07 1.08 1.08 1.08 1.07 1.05 1.06 1.06 
1.09 1.05 1.05 1.09 1.07 1.09 1.08 1.06 1.05 1.09 1.05 1.07 1.09 1.06 1.09 1.05 1.09 1.08 1.08 1.06 
1.05 1.07 1.06 1.07 1.05 1.05 1.09 1.07 1.08 1.06 1.08 1.05 1.09 1.09 1.06 1.08 1.06 1.06 1.05 1.05 
1.06 1.09 1.05 1.07 1.08 1.05 1.07 1.06 1.08 1.06 1.09 1.05 1.08 1.09 1.05 1.07 1.07 1.09 1.07 1.05 
1.07 1.07 1.08 1.06 1.07 1.06 1.08 1.08 1.06 1.06 1.06 1.09 1.07 1.05 1.09 1.07 1.06 1.07 1.06 1.07 
1.07 1.05 1.08 1.07 1.08 1.06 1.09 1.05 1.07 1.08 1.06 1.05 1.06 1.07 1.06 1.05 1.09 1.05 1.05 1.05 
1.08 1.09 1.05 1.09 1.07 1.05 1.09 1.07 1.08 1.06 1.07 1.09 1.06 1.06 1.08 1.06 1.06 1.09 1.08 1.09 
1.08 1.06 1.06 1.05 1.08 1.09 1.06 1.05 1.08 1.05 1.09 1.09 1.08 1.08 1.08 1.09 1.06 1.09 1.09 1.05 
1.06 1.09 1.05 1.07 1.06 1.08 1.09 1.07 1.07 1.07 1.05 1.07 1.06 1.06 1.06 1.08 1.06 1.07 1.09 1.07 
1.09 1.07 1.09 1.06 1.07 1.05 1.05 1.08 1.09 1.06 1.06 1.06 1.08 1.09 1.05 1.09 1.09 1.06 1.05 1.06 
1.07 1.05 1.05 1.06 1.07 1.05 1.09 1.08 1.06 1.05 1.08 1.09 1.07 1.09 1.09 1.05 1.07 1.06 1.07 1.05 
1.09 1.06 1.06 1.08 1.05 1.06 1.08 1.05 1.07 1.07 1.08 1.07 1.05 1.09 1.08 1.07 1.06 1.05 1.09 1.05 
1.06 1.05 1.08 1.07 1.05 1.05 1.05 1.05 1.06 1.07 1.05 1.08 1.06 1.05 1.06 1.07 1.06 1.06 1.09 1.07 
1.06 1.05 1.08 1.08 1.05 1.08 1.09 1.07 1.05 1.05 1.05 1.06 1.05 1.08 1.06 1.08 1.05 1.05 1.09 1.08 
1.06 1.09 1.07 1.08 1.05 1.09 1.05 1.09 1.09 1.07 1.07 1.07 1.08 1.05 1.09 1.05 1.05 1.06 1.08 1.09 
1.07 1.08 1.09 1.09 1.05 1.08 1.09 1.08 1.09 1.05 1.07 1.05 1.07 1.07 1.06 1.05 1.05 1.05 1.07 1.08 
1.08 1.06 1.07 1.05 1.09 1.06 1.07 1.05 1.09 1.09 1.09 1.09 1.07 1.06 1.06 1.05 1.07 1.06 1.05 1.08 
1.06 1.08 1.06 1.06 1.08 1.07 1.08 1.07 1.08 1.09 1.06 1.07 1.09 1.07 1.07 1.06 1.06 1.05 1.09 1.07 
1.06 1.08 1.09 1.08 1.06 1.05 1.05 1.05 1.09 1.07 1.05 1.07 1.05 1.06 1.08 1.08 1.06 1.06 1.09 1.06 
1.08 1.09 1.08 1.08 1.05 1.08 1.08 1.07 1.06 1.07 1.06 1.08 1.09 1.05 1.08 1.08 1.09 1.05 1.05 1.05 
1.09 1.08 1.06 1.09 1.09 1.09 1.08 1.05 1.07 1.05 1.05 1.08 1.07 1.07 1.07 1.07 1.07 1.07 1.07 1.07 
1.07 1.07 1.08 1.09 1.07 1.06 1.07 1.07 1.09 1.05 1.07 1.07 1.05 1.06 1.09 1.09 1.05 1.09 1.09 1.08 
1.05 1.09 1.08 1.09 1.06 1.06 1.09 1.09 1.05 1.06 1.08 1.05 1.06 1.05 1.08 1.09 1.05 1.06 1.05 1.08 
1.07 1.06 1.08 1.05 1.09 1.09 1.06 1.08 1.05 1.06 1.08 1.09 1.05 1.05 1.06 1.06 1.08 1.08 1.05 1.09 
1.05 1.05 1.08 1.08 1.06 1.09 1.05 1.08 1.07 1.09 1.05 1.07 1.06 1.07 1.09 1.08 1.09 1.06 1.07 1.07 
1.07 1.08 1.09 1.08 1.08 1.05 1.08 1.09 1.06 1.07 1.05 1.07 1.07 1.05 1.06 1.06 1.08 1.09 1.08 1.06 
1.06 1.05 1.07 1.09 1.08 1.08 1.08 1.07 1.09 1.05 1.05 1.09 1.08 1.05 1.08 1.05 1.07 1.07 1.08 1.08 
1.06 1.08 1.06 1.06 1.07 1.06 1.05 1.05 1.05 1.07 1.07 1.05 1.05 1.06 1.06 1.08 1.08 1.07 1.07 1.08 
1.06 1.07 1.07 1.09 1.09 1.07 1.05 1.06 1.08 1.07 1.08 1.06 1.06 1.05 1.07 1.07 1.05 1.07 1.09 1.05 
1.07 1.05 1.06 1.08 1.08 1.07 1.08 1.08 1.05 1.08 1.08 1.07 1.05 1.07 1.05 1.05 1.06 1.06 1.07 1.07 
1.06 1.06 1.05 1.05 1.05 1.09 1.09 1.09 1.05 1.08 1.07 1.09 1.09 1.07 1.09 1.09 1.07 1.09 1.06 1.07 
1.05 1.05 1.09 1.06 1.08 1.05 1.09 1.08 1.05 1.07 1.08 1.07 1.08 1.08 1.09 1.07 1.06 1.08 1.06 1.06 
