20
400
65 26 32 4 50 78 1 21 83 32 91 24 64 21 30 1 31 28 52 30 45 70 66 66 67 49 69 17 26 74 79 7 14 27 20 42 65 61 32 96 10 38 53 45 56 53 25 92 89 4 2 12 91 62 57 90 89 98 52 94 1 1 58 10 57 36 83 17 71 92 17 67 9 1 70 4 73 44 67 68 1 68 68 10 11 83 73 60 87 90 48 89 9 94 40 20 96 33 6 69 43 100 98 97 28 34 56 6 66 34 27 63 87 24 94 13 53 13 41 47 72 75 18 44 21 27 1 34 66 14 61 77 5 46 56 100 41 34 84 27 63 63 18 37 58 60 44 88 45 24 62 44 52 59 46 36 57 70 21 7 24 91 71 57 58 53 42 48 22 43 14 50 40 99 88 8 54 13 1 76 28 92 4 38 28 60 100 88 14 93 79 52 60 25 14 6 77 44 10 42 3 23 90 31 14 78 85 13 11 65 38 89 17 58 39 38 31 48 100 62 99 99 96 5 57 22 52 56 86 77 50 34 78 49 75 39 48 4 97 55 94 17 44 82 9 24 43 11 53 38 85 90 28 56 61 93 91 12 70 50 22 39 55 3 69 44 54 10 50 10 80 87 26 54 61 15 42 63 59 14 79 62 52 17 69 95 95 32 71 97 72 69 60 18 21 54 95 86 31 91 9 94 93 56 63 6 53 94 2 48 69 95 92 35 49 26 95 18 97 99 96 71 46 69 28 34 16 10 65 94 98 3 52 89 33 32 18 87 38 24 21 77 91 25 32 23 40 75 61 20 62 26 94 36 35 13 58 71 39 24 54 8 63 6 92 60 100 7 34 28 82 92 69 20 46 1 71 37 80 93 64 1 57 100 90 14 68 37 99 81 32 35 30 48 57 35 79 1 94 2 
8 1 9 5 5 6 4 4 6 4 5 9 6 1 5 8 5 4 4 2 
1.06 1.04 1.03 1.02 1.01 1.04 1.02 1.04 1.05 1.02 1.03 1.03 1.03 1.03 1.03 1.02 1.06 1.06 1.04 1.05 
1.04 1.01 1.01 1.06 1.02 1.03 1.02 1.02 1.05 1.02 1.05 1.04 1.02 1.02 1.01 1.05 1.06 1.04 1.04 1.02 
1.05 1.04 1.06 1.03 1.05 1.04 1.02 1.01 1.05 1.03 1.02 1.03 1.02 1.04 1.03 1.03 1.01 1.05 1.06 1.01 
1.02 1.06 1.05 1.04 1.05 1.03 1.04 1.05 1.02 1.02 1.02 1.01 1.04 1.05 1.04 1.03 1.04 1.01 1.02 1.06 
1.03 1.02 1.06 1.03 1.01 1.04 1.01 1.04 1.05 1.06 1.01 1.05 1.01 1.02 1.04 1.03 1.03 1.06 1.03 1.05 
1.04 1.03 1.02 1.02 1.03 1.06 1.05 1.06 1.05 1.06 1.06 1.06 1.01 1.04 1.05 1.02 1.05 1.06 1.01 1.05 
1.05 1.06 1.02 1.03 1.01 1.06 1.04 1.01 1.04 1.05 1.02 1.02 1.01 1.05 1.01 1.04 1.02 1.01 1.01 1.05 
1.01 1.01 1.01 1.03 1.06 1.03 1.05 1.05 1.04 1.04 1.02 1.01 1.03 1.02 1.05 1.01 1.05 1.02 1.06 1.01 
1.01 1.03 1.05 1.03 1.05 1.01 1.05 1.02 1.06 1.03 1.02 1.02 1.02 1.06 1.04 1.04 1.01 1.05 1.01 1.02 
1.03 1.05 1.01 1.04 1.02 1.06 1.04 1.02 1.03 1.06 1.02 1.01 1.06 1.01 1.01 1.05 1.06 1.04 1.04 1.05 
1.01 1.04 1.03 1.06 1.06 1.06 1.01 1.04 1.04 1.02 1.01 1.06 1.05 1.01 1.03 1.05 1.01 1.02 1.06 1.01 
1.06 1.04 1.04 1.02 1.01 1.05 1.02 1.03 1.03 1.04 1.01 1.06 1.04 1.04 1.06 1.01 1.04 1.01 1.02 1.02 
1.03 1.04 1.03 1.02 1.02 1.02 1.04 1.05 1.06 1.06 1.04 1.05 1.01 1.01 1.02 1.06 1.02 1.03 1.03 1.05 
1.05 1.05 1.04 1.06 1.02 1.05 1.05 1.02 1.03 1.04 1.02 1.05 1.01 1.05 1.06 1.03 1.05 1.04 1.02 1.05 
1.06 1.06 1.04 1.05 1.04 1.01 1.05 1.04 1.04 1.06 1.04 1.06 1.04 1.05 1.04 1.03 1.01 1.02 1.03 1.05 
1.05 1.04 1.04 1.03 1.03 1.03 1.06 1.06 1.05 1.01 1.01 1.02 1.04 1.03 1.06 1.05 1.06 1.05 1.03 1.01 
1.01 1.03 1.05 1.06 1.06 1.02 1.01 1.02 1.06 1.05 1.05 1.05 1.01 1.05 1.05 1.03 1.02 1.03 1.05 1.02 
1.02 1.02 1.05 1.03 1.04 1.03 1.05 1.06 1.03 1.06 1.06 1.06 1.05 1.04 1.05 1.05 1.06 1.01 1.05 1.02 
1.01 1.03 1.05 1.03 1.02 1.03 1.01 1.01 1.04 1.05 1.04 1.04 1.03 1.02 1.03 1.01 1.03 1.01 1.05 1.03 
1.02 1.04 1.04 1.06 1.04 1.04 1.02 1.06 1.02 1.06 1.01 1.02 1.03 1.02 1.05 1.01 1.04 1.06 1.06 1.04 
1.03 1.02 1.06 1.04 1.04 1.01 1.01 1.02 1.03 1.05 1.02 1.01 1.04 1.03 1.03 1.02 1.05 1.05 1.02 1.04 
1.04 1.05 1.05 1.01 1.03 1.03 1.05 1.04 1.06 1.02 1.02 1.02 1.05 1.05 1.04 1.05 1.04 1.02 1.01 1.05 
1.05 1.06 1.06 1.04 1.05 1.06 1.06 1.05 1.03 1.05 1.04 1.05 1.06 1.01 1.03 1.04 1.01 1.06 1.05 1.04 
1.03 1.03 1.05 1.06 1.02 1.02 1.05 1.06 1.04 1.05 1.05 1.02 1.04 1.04 1.02 1.06 1.04 1.04 1.02 1.01 
1.05 1.06 1.04 1.01 1.01 1.06 1.06 1.02 1.06 1.03 1.03 1.04 1.01 1.05 1.01 1.05 1.02 1.01 1.06 1.04 
1.02 1.06 1.06 1.01 1.04 1.01 1.01 1.03 1.03 1.01 1.02 1.03 1.03 1.06 1.06 1.05 1.06 1.05 1.02 1.03 
1.05 1.01 1.03 1.06 1.05 1.01 1.02 1.01 1.03 1.01 1.04 1.04 1.03 1.03 1.05 1.03 1.04 1.02 1.01 1.05 
1.01 1.04 1.06 1.02 1.01 1.03 1.03 1.01 1.05 1.01 1.01 1.02 1.04 1.01 1.01 1.01 1.06 1.05 1.04 1.05 
1.03 1.05 1.06 1.01 1.06 1.02 1.04 1.05 1.04 1.01 1.06 1.05 1.05 1.03 1.06 1.05 1.02 1.02 1.05 1.02 
1.05 1.06 1.02 1.03 1.04 1.01 1.05 1.06 1.02 1.03 1.01 1.05 1.04 1.03 1.01 1.02 1.01 1.04 1.01 1.03 
1.05 1.01 1.04 1.05 1.01 1.04 1.03 1.03 1.05 1.03 1.03 1.04 1.05 1.03 1.06 1.04 1.04 1.02 1.03 1.06 
1.03 1.03 1.04 1.02 1.01 1.06 1.01 1.06 1.06 1.03 1.04 1.03 1.04 1.06 1.06 1.04 1.02 1.03 1.05 1.03 
1.06 1.03 1.03 1.01 1.01 1.02 1.03 1.04 1.06 1.02 1.06 1.04 1.04 1.01 1.06 1.04 1.05 1.04 1.06 1.04 
1.03 1.06 1.04 1.06 1.02 1.05 1.04 1.04 1.05 1.02 1.04 1.06 1.02 1.03 1.05 1.03 1.04 1.02 1.01 1.02 
1.02 1.01 1.05 1.02 1.02 1.05 1.06 1.02 1.05 1.01 1.04 1.02 1.05 1.06 1.03 1.02 1.01 1.06 1.02 1.01 
1.02 1.01 1.05 1.06 1.02 1.05 1.02 1.02 1.02 1.03 1.06 1.04 1.01 1.01 1.04 1.03 1.06 1.05 1.06 1.05 
1.03 1.03 1.06 1.03 1.06 1.05 1.01 1.02 1.05 1.05 1.01 1.04 1.05 1.04 1.06 1.06 1.06 1.03 1.02 1.03 
1.04 1.05 1.06 1.02 1.04 1.02 1.03 1.03 1.01 1.02 1.04 1.06 1.03 1.02 1.06 1.04 1.02 1.05 1.01 1.05 
1.02 1.02 1.02 1.04 1.02 1.02 1.06 1.02 1.01 1.03 1.06 1.03 1.03 1.04 1.01 1.05 1.04 1.02 1.01 1.01 
1.03 1.02 1.01 1.02 1.04 1.04 1.06 1.04 1.05 1.04 1.04 1.04 1.02 1.03 1.03 1.01 1.02 1.01 1.03 1.03 
1.06 1.03 1.02 1.03 1.05 1.06 1.05 1.05 1.04 1.05 1.04 1.03 1.06 1.06 1.04 1.05 1.03 1.03 1.06 1.06 
1.02 1.06 1.06 1.02 1.03 1.01 1.02 1.01 1.01 1.06 1.05 1.05 1.01 1.02 1.06 1.01 1.03 1.03 1.04 1.03 
1.06 1.01 1.02 1.06 1.05 1.03 1.02 1.04 1.01 1.05 1.02 1.02 1.01 1.02 1.05 1.06 1.06 1.04 1.02 1.05 
1.01 1.06 1.05 1.03 1.05 1.03 1.05 1.04 1.02 1.05 1.06 1.04 1.04 1.05 1.02 1.01 1.03 1.01 1.03 1.05 
1.06 1.01 1.01 1.06 1.06 1.05 1.05 1.01 1.06 1.05 1.03 1.05 1.01 1.05 1.03 1.04 1.01 1.06 1.01 1.03 
1.04 1.01 1.01 1.03 1.01 1.01 1.06 1.04 1.04 1.02 1.03 1.03 1.02 1.05 1.04 1.05 1.01 1.03 1.02 1.03 
1.02 1.02 1.05 1.04 1.02 1.03 1.05 1.04 1.03 1.02 1.02 1.01 1.05 1.05 1.06 1.05 1.04 1.02 1.06 1.06 
1.05 1.06 1.06 1.06 1.03 1.01 1.04 1.05 1.01 1.01 1.06 1.01 1.04 1.02 1.04 1.01 1.02 1.01 1.02 1.04 
1.01 1.03 1.02 1.01 1.06 1.01 1.02 1.03 1.05 1.01 1.01 1.01 1.06 1.05 1.06 1.03 1.04 1.03 1.01 1.03 
1.05 1.01 1.05 1.06 1.02 1.01 1.03 1.01 1.05 1.04 1.01 1.02 1.06 1.05 1.04 1.05 1.04 1.01 1.05 1.06 
1.05 1.03 1.05 1.06 1.04 1.02 1.05 1.01 1.04 1.05 1.01 1.06 1.02 1.03 1.03 1.03 1.01 1.01 1.03 1.05 
1.02 1.02 1.05 1.05 1.05 1.06 1.05 1.02 1.04 1.05 1.03 1.03 1.01 1.01 1.05 1.03 1.06 1.01 1.01 1.04 
1.02 1.03 1.01 1.03 1.06 1.01 1.06 1.05 1.04 1.05 1.02 1.06 1.03 1.04 1.02 1.05 1.01 1.03 1.05 1.06 
1.05 1.01 1.01 1.04 1.03 1.01 1.05 1.01 1.02 1.04 1.04 1.03 1.05 1.01 1.01 1.03 1.01 1.01 1.04 1.05 
1.06 1.03 1.06 1.05 1.06 1.04 1.06 1.03 1.01 1.06 1.06 1.06 1.05 1.01 1.01 1.06 1.06 1.02 1.05 1.01 
1.05 1.01 1.04 1.02 1.01 1.04 1.03 1.01 1.06 1.02 1.02 1.02 1.02 1.02 1.01 1.02 1.03 1.04 1.05 1.06 
1.05 1.04 1.01 1.04 1.06 1.03 1.01 1.05 1.03 1.05 1.02 1.06 1.02 1.04 1.04 1.04 1.03 1.02 1.04 1.03 
1.02 1.02 1.05 1.01 1.06 1.02 1.06 1.02 1.03 1.04 1.05 1.04 1.03 1.05 1.06 1.01 1.01 1.06 1.03 1.03 
1.02 1.04 1.04 1.05 1.06 1.01 1.01 1.03 1.04 1.01 1.02 1.06 1.06 1.02 1.03 1.02 1.06 1.04 1.06 1.02 
1.03 1.02 1.03 1.01 1.06 1.02 1.01 1.04 1.05 1.04 1.04 1.05 1.05 1.02 1.03 1.03 1.01 1.02 1.06 1.04 
1.05 1.04 1.04 1.06 1.02 1.05 1.04 1.04 1.03 1.06 1.06 1.01 1.03 1.02 1.01 1.02 1.03 1.05 1.05 1.03 
1.02 1.03 1.03 1.04 1.03 1.01 1.02 1.05 1.05 1.03 1.05 1.06 1.06 1.02 1.04 1.06 1.06 1.01 1.01 1.01 
1.06 1.06 1.01 1.02 1.03 1.05 1.05 1.03 1.06 1.02 1.02 1.06 1.05 1.05 1.02 1.02 1.01 1.05 1.02 1.03 
1.05 1.06 1.06 1.02 1.04 1.04 1.04 1.02 1.02 1.04 1.02 1.05 1.03 1.06 1.02 1.02 1.05 1.03 1.05 1.01 
1.06 1.04 1.02 1.06 1.03 1.04 1.01 1.04 1.02 1.02 1.06 1.02 1.02 1.06 1.02 1.05 1.03 1.01 1.03 1.03 
1.06 1.04 1.01 1.05 1.01 1.04 1.04 1.04 1.06 1.01 1.02 1.05 1.04 1.02 1.02 1.01 1.06 1.04 1.04 1.06 
1.02 1.03 1.06 1.05 1.06 1.01 1.04 1.01 1.01 1.05 1.03 1.04 1.06 1.05 1.03 1.04 1.04 1.01 1.04 1.06 
1.04 1.02 1.04 1.04 1.04 1.02 1.01 1.04 1.01 1.03 1.06 1.06 1.04 1.02 1.02 1.05 1.02 1.06 1.01 1.05 
1.06 1.04 1.04 1.03 1.03 1.02 1.02 1.04 1.03 1.03 1.03 1.01 1.03 1.02 1.01 1.03 1.06 1.05 1.01 1.04 
1.05 1.02 1.03 1.05 1.05 1.02 1.02 1.01 1.01 1.06 1.05 1.01 1.05 1.01 1.05 1.03 1.06 1.04 1.06 1.02 
1.01 1.05 1.05 1.05 1.04 1.03 1.01 1.03 1.05 1.01 1.04 1.04 1.04 1.06 1.03 1.02 1.01 1.06 1.02 1.02 
1.01 1.05 1.04 1.04 1.02 1.04 1.04 1.06 1.06 1.01 1.06 1.04 1.06 1.03 1.02 1.03 1.04 1.05 1.06 1.03 
1.02 1.02 1.06 1.01 1.05 1.03 1.02 1.02 1.01 1.02 1.03 1.05 1.03 1.03 1.06 1.06 1.01 1.02 1.05 1.01 
1.03 1.04 1.02 1.05 1.01 1.02 1.03 1.01 1.03 1.04 1.01 1.06 1.04 1.06 1.03 1.02 1.02 1.04 1.06 1.02 
1.01 1.03 1.01 1.02 1.04 1.03 1.03 1.04 1.05 1.04 1.01 1.04 1.04 1.01 1.03 1.03 1.01 1.04 1.02 1.02 
1.01 1.01 1.03 1.04 1.04 1.05 1.06 1.06 1.06 1.05 1.02 1.04 1.04 1.04 1.04 1.02 1.04 1.01 1.05 1.03 
1.03 1.06 1.05 1.06 1.01 1.04 1.05 1.01 1.01 1.05 1.05 1.05 1.03 1.05 1.03 1.06 1.04 1.05 1.04 1.06 
1.02 1.02 1.05 1.04 1.01 1.06 1.04 1.04 1.02 1.04 1.06 1.05 1.01 1.04 1.01 1.02 1.05 1.05 1.06 1.02 
1.01 1.02 1.01 1.06 1.01 1.06 1.01 1.01 1.04 1.04 1.05 1.06 1.06 1.01 1.04 1.05 1.04 1.04 1.04 1.05 
1.01 1.06 1.02 1.03 1.03 1.01 1.05 1.01 1.03 1.06 1.05 1.03 1.01 1.03 1.02 1.06 1.01 1.01 1.05 1.04 
1.05 1.04 1.03 1.05 1.01 1.03 1.05 1.05 1.01 1.04 1.01 1.02 1.01 1.04 1.05 1.05 1.02 1.03 1.05 1.06 
1.03 1.01 1.02 1.03 1.04 1.03 1.06 1.03 1.01 1.06 1.04 1.06 1.06 1.01 1.04 1.02 1.01 1.04 1.02 1.05 
1.01 1.01 1.05 1.02 1.06 1.02 1.02 1.02 1.04 1.03 1.03 1.03 1.04 1.05 1.02 1.02 1.03 1.04 1.02 1.06 
1.02 1.03 1.02 1.06 1.06 1.04 1.05 1.06 1.03 1.01 1.06 1.02 1.06 1.01 1.04 1.06 1.01 1.04 1.04 1.06 
1.01 1.01 1.03 1.01 1.02 1.06 1.03 1.03 1.02 1.03 1.01 1.05 1.06 1.02 1.01 1.03 1.05 1.03 1.03 1.06 
1.04 1.01 1.05 1.05 1.04 1.02 1.02 1.05 1.01 1.04 1.02 1.02 1.05 1.02 1.03 1.02 1.06 1.03 1.03 1.04 
1.04 1.02 1.05 1.03 1.06 1.01 1.02 1.02 1.03 1.04 1.06 1.01 1.02 1.04 1.03 1.05 1.01 1.04 1.03 1.06 
1.05 1.01 1.04 1.01 1.05 1.06 1.02 1.01 1.01 1.05 1.05 1.03 1.02 1.05 1.04 1.05 1.05 1.05 1.03 1.01 
1.04 1.01 1.02 1.06 1.06 1.01 1.03 1.02 1.04 1.01 1.04 1.03 1.03 1.01 1.06 1.06 1.02 1.05 1.05 1.06 
1.03 1.02 1.03 1.05 1.02 1.06 1.02 1.03 1.02 1.04 1.05 1.01 1.06 1.02 1.01 1.03 1.05 1.01 1.03 1.01 
1.02 1.03 1.02 1.05 1.05 1.03 1.01 1.04 1.02 1.04 1.01 1.04 1.01 1.06 1.01 1.05 1.05 1.05 1.03 1.01 
1.05 1.01 1.04 1.02 1.03 1.03 1.04 1.01 1.03 1.03 1.01 1.02 1.03 1.06 1.05 1.03 1.05 1.04 1.02 1.01 
1.01 1.05 1.02 1.04 1.02 1.02 1.03 1.06 1.02 1.03 1.04 1.04 1.05 1.05 1.02 1.02 1.04 1.04 1.04 1.02 
1.05 1.04 1.04 1.04 1.03 1.02 1.01 1.06 1.02 1.04 1.06 1.02 1.03 1.05 1.03 1.02 1.04 1.05 1.06 1.03 
1.03 1.02 1.06 1.04 1.03 1.04 1.06 1.06 1.06 1.04 1.04 1.01 1.04 1.06 1.01 1.05 1.04 1.04 1.05 1.01 
1.02 1.01 1.05 1.03 1.05 1.02 1.02 1.01 1.04 1.01 1.01 1.04 1.03 1.04 1.01 1.06 1.03 1.06 1.06 1.05 
1.06 1.05 1.02 1.06 1.02 1.02 1.02 1.02 1.06 1.04 1.05 1.05 1.03 1.05 1.03 1.01 1.01 1.03 1.05 1.05 
1.01 1.05 1.04 1.03 1.02 1.06 1.01 1.05 1.05 1.01 1.04 1.03 1.06 1.05 1.02 1.05 1.04 1.06 1.05 1.06 
1.05 1.02 1.03 1.01 1.01 1.02 1.04 1.04 1.01 1.06 1.01 1.01 1.05 1.03 1.03 1.05 1.03 1.06 1.01 1.02 
1.02 1.03 1.01 1.01 1.01 1.04 1.06 1.06 1.01 1.04 1.02 1.06 1.01 1.06 1.04 1.01 1.05 1.02 1.02 1.01 
1.06 1.05 1.06 1.05 1.04 1.05 1.03 1.04 1.03 1.05 1.03 1.02 1.03 1.05 1.04 1.03 1.01 1.02 1.02 1.06 
1.05 1.06 1.06 1.03 1.04 1.02 1.02 1.06 1.03 1.01 1.01 1.05 1.05 1.02 1.02 1.02 1.03 1.05 1.06 1.03 
1.02 1.04 1.03 1.06 1.04 1.01 1.02 1.06 1.06 1.03 1.03 1.05 1.04 1.06 1.03 1.01 1.06 1.04 1.02 1.04 
1.03 1.04 1.05 1.02 1.04 1.05 1.01 1.01 1.01 1.01 1.06 1.05 1.01 1.03 1.06 1.03 1.02 1.06 1.03 1.02 
1.02 1.01 1.05 1.03 1.03 1.06 1.01 1.05 1.05 1.02 1.06 1.03 1.01 1.05 1.06 1.03 1.04 1.03 1.04 1.01 
1.05 1.03 1.06 1.06 1.02 1.03 1.04 1.06 1.02 1.04 1.05 1.02 1.04 1.06 1.06 1.02 1.01 1.04 1.03 1.04 
1.03 1.05 1.04 1.02 1.04 1.06 1.04 1.04 1.03 1.05 1.02 1.05 1.03 1.05 1.06 1.04 1.02 1.04 1.06 1.03 
1.01 1.02 1.02 1.03 1.06 1.03 1.02 1.05 1.01 1.02 1.05 1.03 1.02 1.06 1.03 1.02 1.05 1.05 1.02 1.02 
1.04 1.05 1.03 1.05 1.06 1.02 1.04 1.06 1.04 1.01 1.06 1.01 1.03 1.06 1.02 1.01 1.06 1.04 1.02 1.01 
1.01 1.05 1.06 1.01 1.03 1.05 1.01 1.01 1.03 1.06 1.01 1.03 1.06 1.04 1.01 1.04 1.03 1.02 1.05 1.06 
1.05 1.02 1.06 1.06 1.04 1.04 1.06 1.04 1.03 1.04 1.05 1.05 1.05 1.03 1.06 1.01 1.01 1.05 1.01 1.03 
1.04 1.05 1.04 1.02 1.03 1.02 1.04 1.04 1.04 1.04 1.03 1.05 1.05 1.04 1.03 1.04 1.03 1.01 1.04 1.01 
1.02 1.06 1.01 1.04 1.01 1.05 1.01 1.02 1.05 1.06 1.01 1.05 1.02 1.04 1.05 1.02 1.04 1.01 1.03 1.05 
1.02 1.05 1.04 1.06 1.02 1.02 1.03 1.03 1.03 1.03 1.04 1.02 1.05 1.04 1.06 1.06 1.03 1.04 1.06 1.03 
1.03 1.02 1.01 1.01 1.04 1.06 1.04 1.06 1.06 1.03 1.05 1.02 1.05 1.03 1.03 1.03 1.06 1.03 1.06 1.01 
1.05 1.05 1.04 1.06 1.01 1.02 1.04 1.01 1.03 1.04 1.05 1.01 1.03 1.01 1.06 1.06 1.01 1.03 1.02 1.03 
1.03 1.04 1.06 1.04 1.02 1.04 1.05 1.06 1.03 1.02 1.03 1.05 1.01 1.04 1.03 1.02 1.01 1.01 1.04 1.04 
1.01 1.03 1.05 1.06 1.06 1.02 1.04 1.05 1.01 1.02 1.02 1.03 1.06 1.05 1.02 1.02 1.06 1.01 1.06 1.03 
1.01 1.03 1.04 1.04 1.01 1.06 1.03 1.01 1.05 1.05 1.02 1.03 1.03 1.06 1.04 1.05 1.01 1.01 1.03 1.03 
1.01 1.04 1.05 1.01 1.04 1.02 1.01 1.03 1.05 1.05 1.04 1.06 1.05 1.01 1.05 1.01 1.03 1.06 1.02 1.02 
1.06 1.05 1.06 1.03 1.05 1.02 1.06 1.05 1.03 1.01 1.05 1.01 1.04 1.01 1.05 1.03 1.05 1.04 1.01 1.05 
1.01 1.06 1.04 1.06 1.04 1.06 1.03 1.02 1.03 1.05 1.06 1.06 1.02 1.05 1.03 1.01 1.06 1.01 1.04 1.05 
1.02 1.05 1.05 1.06 1.02 1.05 1.06 1.06 1.06 1.02 1.03 1.02 1.03 1.03 1.06 1.01 1.05 1.03 1.04 1.02 
1.05 1.02 1.01 1.04 1.02 1.04 1.02 1.04 1.03 1.04 1.02 1.04 1.02 1.03 1.02 1.05 1.06 1.06 1.06 1.02 
1.01 1.06 1.04 1.01 1.02 1.06 1.02 1.06 1.02 1.02 1.03 1.02 1.05 1.04 1.06 1.01 1.03 1.02 1.01 1.05 
1.01 1.03 1.06 1.05 1.05 1.05 1.04 1.04 1.01 1.04 1.03 1.06 1.03 1.03 1.04 1.06 1.03 1.01 1.04 1.05 
1.01 1.04 1.04 1.05 1.05 1.01 1.02 1.01 1.03 1.03 1.02 1.01 1.06 1.06 1.01 1.03 1.03 1.01 1.05 1.04 
1.05 1.06 1.01 1.01 1.01 1.06 1.03 1.06 1.05 1.02 1.05 1.02 1.03 1.04 1.01 1.02 1.03 1.04 1.06 1.03 
1.05 1.05 1.04 1.06 1.06 1.05 1.03 1.04 1.04 1.05 1.03 1.03 1.05 1.02 1.04 1.05 1.05 1.02 1.06 1.06 
1.02 1.03 1.02 1.06 1.05 1.04 1.05 1.02 1.04 1.05 1.06 1.04 1.05 1.06 1.05 1.05 1.06 1.04 1.04 1.05 
1.04 1.03 1.03 1.05 1.04 1.02 1.02 1.03 1.02 1.02 1.05 1.01 1.06 1.04 1.01 1.04 1.02 1.03 1.06 1.02 
1.01 1.04 1.06 1.01 1.04 1.03 1.01 1.06 1.05 1.05 1.01 1.02 1.05 1.01 1.02 1.03 1.06 1.05 1.01 1.03 
1.02 1.04 1.02 1.06 1.04 1.03 1.02 1.06 1.01 1.05 1.01 1.06 1.01 1.02 1.01 1.01 1.03 1.04 1.02 1.03 
1.06 1.01 1.01 1.01 1.01 1.02 1.06 1.04 1.03 1.06 1.04 1.04 1.06 1.01 1.06 1.01 1.03 1.05 1.03 1.02 
1.02 1.03 1.06 1.03 1.02 1.02 1.03 1.05 1.05 1.02 1.05 1.03 1.03 1.02 1.04 1.03 1.03 1.02 1.05 1.02 
1.02 1.02 1.06 1.04 1.05 1.01 1.05 1.03 1.02 1.06 1.05 1.05 1.05 1.01 1.05 1.02 1.02 1.01 1.02 1.06 
1.04 1.06 1.05 1.01 1.05 1.05 1.04 1.03 1.04 1.05 1.03 1.01 1.06 1.06 1.06 1.04 1.01 1.06 1.02 1.04 
1.03 1.05 1.02 1.03 1.03 1.02 1.03 1.06 1.04 1.06 1.05 1.03 1.04 1.02 1.02 1.02 1.05 1.03 1.03 1.03 
1.01 1.03 1.01 1.02 1.06 1.06 1.02 1.03 1.05 1.02 1.01 1.04 1.06 1.05 1.04 1.05 1.05 1.05 1.04 1.06 
1.05 1.03 1.06 1.03 1.05 1.06 1.02 1.01 1.01 1.02 1.03 1.03 1.06 1.06 1.05 1.03 1.04 1.04 1.06 1.06 
1.04 1.01 1.02 1.04 1.05 1.06 1.02 1.02 1.01 1.05 1.02 1.01 1.06 1.06 1.04 1.02 1.01 1.02 1.03 1.04 
1.06 1.04 1.04 1.06 1.03 1.06 1.05 1.01 1.04 1.06 1.05 1.04 1.01 1.05 1.04 1.05 1.02 1.04 1.02 1.03 
1.02 1.01 1.02 1.04 1.03 1.04 1.03 1.05 1.04 1.06 1.06 1.06 1.06 1.05 1.02 1.04 1.03 1.03 1.02 1.06 
1.04 1.05 1.02 1.05 1.06 1.02 1.05 1.02 1.05 1.02 1.05 1.05 1.02 1.05 1.06 1.05 1.06 1.05 1.03 1.05 
1.02 1.01 1.03 1.06 1.01 1.05 1.06 1.02 1.03 1.01 1.03 1.04 1.06 1.03 1.06 1.06 1.05 1.05 1.03 1.04 
1.01 1.03 1.06 1.01 1.02 1.06 1.02 1.01 1.01 1.05 1.01 1.05 1.01 1.03 1.02 1.05 1.02 1.01 1.01 1.02 
1.05 1.03 1.02 1.01 1.04 1.04 1.05 1.01 1.01 1.04 1.01 1.05 1.01 1.03 1.02 1.04 1.01 1.04 1.05 1.06 
1.02 1.04 1.03 1.04 1.05 1.03 1.04 1.01 1.01 1.05 1.06 1.06 1.04 1.03 1.01 1.05 1.06 1.06 1.03 1.05 
1.05 1.06 1.03 1.03 1.02 1.01 1.05 1.02 1.05 1.02 1.01 1.01 1.03 1.02 1.01 1.04 1.01 1.03 1.01 1.02 
1.02 1.01 1.03 1.02 1.01 1.05 1.01 1.03 1.06 1.03 1.04 1.04 1.01 1.06 1.05 1.04 1.04 1.01 1.05 1.04 
1.03 1.02 1.01 1.02 1.02 1.01 1.04 1.02 1.04 1.04 1.04 1.06 1.03 1.05 1.03 1.06 1.02 1.03 1.04 1.06 
1.06 1.02 1.02 1.03 1.06 1.06 1.02 1.03 1.02 1.01 1.04 1.05 1.04 1.02 1.03 1.05 1.01 1.05 1.01 1.02 
1.04 1.02 1.02 1.03 1.01 1.04 1.06 1.05 1.04 1.01 1.04 1.06 1.02 1.01 1.05 1.03 1.01 1.06 1.01 1.06 
1.04 1.05 1.06 1.02 1.01 1.06 1.01 1.04 1.02 1.03 1.01 1.01 1.04 1.02 1.04 1.02 1.03 1.05 1.04 1.04 
1.02 1.01 1.05 1.02 1.06 1.03 1.03 1.04 1.06 1.06 1.04 1.05 1.01 1.03 1.01 1.04 1.02 1.03 1.04 1.02 
1.02 1.05 1.04 1.03 1.01 1.04 1.06 1.05 1.05 1.01 1.02 1.06 1.06 1.01 1.04 1.06 1.02 1.02 1.04 1.01 
1.06 1.02 1.01 1.04 1.06 1.05 1.01 1.06 1.01 1.01 1.04 1.01 1.02 1.01 1.04 1.03 1.01 1.05 1.02 1.05 
1.02 1.05 1.04 1.05 1.01 1.06 1.01 1.04 1.05 1.01 1.06 1.06 1.02 1.05 1.06 1.01 1.01 1.05 1.03 1.01 
1.01 1.06 1.04 1.03 1.03 1.01 1.05 1.06 1.03 1.01 1.02 1.01 1.03 1.05 1.02 1.06 1.06 1.06 1.04 1.01 
1.06 1.06 1.02 1.06 1.02 1.05 1.03 1.01 1.03 1.01 1.06 1.02 1.03 1.05 1.02 1.03 1.03 1.01 1.05 1.01 
1.03 1.01 1.04 1.04 1.04 1.03 1.04 1.02 1.03 1.06 1.06 1.04 1.01 1.05 1.01 1.05 1.02 1.06 1.06 1.02 
1.02 1.04 1.02 1.04 1.03 1.02 1.06 1.03 1.04 1.03 1.03 1.03 1.04 1.03 1.04 1.01 1.06 1.04 1.03 1.04 
1.01 1.04 1.02 1.01 1.05 1.04 1.02 1.04 1.01 1.04 1.05 1.05 1.03 1.02 1.05 1.01 1.06 1.06 1.01 1.04 
1.03 1.03 1.01 1.06 1.01 1.05 1.04 1.05 1.01 1.06 1.02 1.05 1.02 1.01 1.04 1.05 1.01 1.02 1.03 1.02 
1.04 1.01 1.06 1.03 1.01 1.05 1.04 1.06 1.03 1.04 1.01 1.03 1.03 1.01 1.05 1.01 1.04 1.05 1.02 1.03 
1.04 1.01 1.03 1.01 1.05 1.03 1.04 1.02 1.01 1.03 1.04 1.06 1.02 1.05 1.05 1.04 1.04 1.03 1.05 1.06 
1.06 1.05 1.06 1.06 1.01 1.01 1.03 1.03 1.02 1.01 1.06 1.06 1.02 1.05 1.02 1.05 1.03 1.03 1.03 1.04 
1.06 1.04 1.06 1.03 1.06 1.06 1.04 1.04 1.05 1.06 1.02 1.04 1.06 1.04 1.03 1.04 1.05 1.06 1.06 1.03 
1.06 1.03 1.05 1.05 1.05 1.04 1.03 1.05 1.06 1.03 1.05 1.06 1.06 1.04 1.04 1.03 1.04 1.02 1.04 1.03 
1.01 1.04 1.02 1.01 1.06 1.03 1.04 1.01 1.03 1.02 1.06 1.02 1.04 1.05 1.04 1.02 1.06 1.01 1.03 1.06 
1.01 1.06 1.04 1.01 1.02 1.05 1.01 1.01 1.06 1.01 1.06 1.01 1.04 1.01 1.03 1.01 1.06 1.03 1.01 1.02 
1.03 1.05 1.03 1.05 1.01 1.04 1.04 1.02 1.04 1.01 1.02 1.06 1.02 1.04 1.01 1.06 1.01 1.01 1.05 1.03 
1.03 1.06 1.06 1.05 1.05 1.02 1.05 1.04 1.03 1.06 1.05 1.01 1.03 1.05 1.02 1.03 1.06 1.06 1.05 1.02 
1.05 1.02 1.06 1.02 1.06 1.04 1.04 1.06 1.03 1.04 1.02 1.02 1.04 1.01 1.02 1.03 1.03 1.05 1.01 1.01 
1.05 1.06 1.01 1.05 1.01 1.04 1.04 1.05 1.05 1.05 1.03 1.01 1.01 1.01 1.04 1.05 1.02 1.02 1.01 1.01 
1.05 1.06 1.06 1.06 1.03 1.06 1.03 1.02 1.04 1.06 1.03 1.02 1.05 1.01 1.01 1.03 1.03 1.01 1.03 1.04 
1.06 1.05 1.03 1.06 1.01 1.04 1.03 1.05 1.04 1.04 1.05 1.05 1.02 1.03 1.01 1.02 1.03 1.01 1.05 1.02 
1.06 1.03 1.04 1.04 1.06 1.03 1.03 1.06 1.03 1.05 1.01 1.04 1.02 1.02 1.01 1.01 1.04 1.01 1.01 1.01 
1.05 1.02 1.04 1.01 1.06 1.03 1.03 1.05 1.05 1.06 1.04 1.05 1.04 1.06 1.04 1.04 1.06 1.04 1.03 1.01 
1.05 1.06 1.01 1.02 1.04 1.02 1.01 1.05 1.03 1.02 1.02 1.01 1.04 1.06 1.01 1.05 1.02 1.01 1.02 1.05 
1.03 1.01 1.06 1.04 1.01 1.01 1.05 1.05 1.06 1.02 1.03 1.03 1.04 1.03 1.01 1.03 1.03 1.05 1.04 1.04 
1.01 1.03 1.01 1.04 1.01 1.01 1.06 1.06 1.06 1.05 1.02 1.03 1.06 1.06 1.06 1.02 1.06 1.06 1.02 1.04 
1.04 1.01 1.01 1.05 1.03 1.06 1.01 1.04 1.03 1.01 1.05 1.01 1.06 1.02 1.06 1.02 1.03 1.06 1.01 1.05 
1.03 1.03 1.03 1.01 1.05 1.04 1.01 1.03 1.04 1.03 1.03 1.04 1.01 1.01 1.05 1.05 1.03 1.03 1.04 1.04 
1.04 1.03 1.04 1.02 1.06 1.04 1.01 1.04 1.01 1.01 1.01 1.05 1.04 1.03 1.04 1.06 1.06 1.05 1.03 1.03 
1.01 1.04 1.01 1.03 1.06 1.03 1.02 1.04 1.04 1.06 1.04 1.06 1.06 1.01 1.05 1.04 1.04 1.01 1.02 1.05 
1.05 1.03 1.02 1.01 1.03 1.03 1.02 1.06 1.05 1.02 1.06 1.03 1.05 1.02 1.06 1.06 1.02 1.03 1.01 1.03 
1.06 1.03 1.05 1.03 1.06 1.06 1.04 1.02 1.03 1.06 1.06 1.06 1.01 1.06 1.06 1.05 1.01 1.01 1.04 1.04 
1.03 1.03 1.04 1.03 1.05 1.03 1.02 1.03 1.03 1.05 1.01 1.01 1.06 1.06 1.02 1.04 1.02 1.03 1.03 1.06 
1.01 1.04 1.04 1.02 1.06 1.04 1.02 1.04 1.02 1.03 1.02 1.03 1.01 1.03 1.02 1.06 1.06 1.01 1.04 1.03 
1.05 1.05 1.02 1.01 1.05 1.05 1.03 1.06 1.02 1.04 1.03 1.05 1.03 1.01 1.06 1.02 1.03 1.05 1.03 1.02 
1.03 1.06 1.02 1.06 1.06 1.05 1.03 1.01 1.02 1.02 1.02 1.04 1.06 1.05 1.04 1.02 1.02 1.01 1.05 1.03 
1.04 1.05 1.01 1.05 1.04 1.01 1.06 1.03 1.03 1.03 1.01 1.02 1.03 1.02 1.05 1.04 1.05 1.03 1.01 1.03 
1.02 1.02 1.06 1.03 1.06 1.01 1.06 1.03 1.03 1.02 1.06 1.04 1.03 1.01 1.05 1.05 1.04 1.04 1.06 1.01 
1.01 1.02 1.02 1.02 1.05 1.02 1.02 1.01 1.06 1.04 1.04 1.03 1.05 1.03 1.02 1.03 1.05 1.03 1.03 1.03 
1.02 1.01 1.04 1.04 1.05 1.05 1.05 1.05 1.06 1.04 1.05 1.03 1.03 1.05 1.06 1.05 1.03 1.01 1.02 1.04 
1.05 1.02 1.04 1.02 1.03 1.03 1.01 1.02 1.04 1.04 1.06 1.05 1.05 1.05 1.02 1.02 1.02 1.03 1.02 1.04 
1.05 1.04 1.06 1.04 1.05 1.02 1.05 1.02 1.05 1.01 1.03 1.05 1.05 1.01 1.06 1.01 1.02 1.03 1.04 1.03 
1.04 1.06 1.05 1.01 1.04 1.02 1.02 1.03 1.02 1.04 1.04 1.03 1.01 1.06 1.01 1.03 1.04 1.04 1.04 1.01 
1.05 1.04 1.01 1.01 1.01 1.02 1.04 1.06 1.05 1.03 1.03 1.06 1.02 1.01 1.04 1.02 1.01 1.02 1.06 1.01 
1.04 1.04 1.03 1.05 1.05 1.03 1.02 1.05 1.01 1.06 1.02 1.01 1.05 1.04 1.04 1.02 1.05 1.01 1.06 1.06 
1.02 1.01 1.04 1.02 1.02 1.03 1.01 1.01 1.02 1.02 1.01 1.03 1.01 1.03 1.06 1.01 1.05 1.01 1.03 1.01 
1.06 1.04 1.05 1.04 1.05 1.05 1.02 1.03 1.06 1.02 1.01 1.05 1.05 1.05 1.01 1.03 1.02 1.04 1.04 1.01 
1.01 1.01 1.05 1.03 1.02 1.05 1.05 1.04 1.04 1.01 1.04 1.04 1.02 1.06 1.01 1.01 1.02 1.04 1.01 1.01 
1.03 1.03 1.01 1.05 1.06 1.05 1.03 1.04 1.05 1.02 1.03 1.03 1.04 1.05 1.06 1.04 1.01 1.06 1.02 1.03 
1.05 1.05 1.06 1.04 1.02 1.06 1.06 1.02 1.01 1.01 1.01 1.06 1.06 1.04 1.03 1.03 1.06 1.05 1.03 1.06 
1.06 1.01 1.02 1.05 1.04 1.05 1.05 1.06 1.04 1.06 1.02 1.02 1.02 1.04 1.06 1.04 1.06 1.02 1.05 1.04 
1.03 1.06 1.06 1.01 1.04 1.06 1.01 1.04 1.03 1.05 1.01 1.06 1.02 1.05 1.03 1.06 1.02 1.05 1.01 1.04 
1.02 1.04 1.03 1.04 1.06 1.06 1.06 1.03 1.05 1.05 1.01 1.06 1.04 1.06 1.04 1.06 1.02 1.05 1.01 1.06 
1.02 1.03 1.03 1.01 1.03 1.02 1.04 1.04 1.03 1.03 1.06 1.01 1.06 1.06 1.02 1.02 1.01 1.02 1.04 1.04 
1.05 1.01 1.04 1.05 1.01 1.06 1.06 1.06 1.02 1.02 1.06 1.05 1.02 1.01 1.05 1.05 1.02 1.05 1.03 1.04 
1.01 1.03 1.04 1.02 1.02 1.05 1.05 1.05 1.04 1.04 1.03 1.02 1.01 1.04 1.04 1.04 1.06 1.01 1.05 1.05 
1.04 1.01 1.06 1.06 1.02 1.04 1.02 1.03 1.04 1.04 1.04 1.06 1.02 1.01 1.06 1.02 1.01 1.04 1.06 1.04 
1.04 1.05 1.03 1.04 1.04 1.05 1.05 1.01 1.05 1.04 1.02 1.02 1.01 1.01 1.06 1.05 1.06 1.06 1.02 1.03 
1.03 1.01 1.05 1.03 1.03 1.01 1.06 1.03 1.04 1.03 1.04 1.02 1.05 1.03 1.02 1.05 1.04 1.04 1.04 1.03 
1.04 1.03 1.01 1.02 1.02 1.04 1.06 1.05 1.04 1.05 1.05 1.05 1.02 1.06 1.01 1.02 1.05 1.02 1.04 1.02 
1.03 1.06 1.03 1.02 1.02 1.04 1.01 1.02 1.04 1.05 1.01 1.02 1.02 1.04 1.04 1.02 1.02 1.04 1.04 1.01 
1.04 1.03 1.06 1.06 1.03 1.01 1.03 1.06 1.04 1.02 1.06 1.04 1.05 1.05 1.06 1.04 1.06 1.04 1.02 1.04 
1.01 1.04 1.02 1.05 1.03 1.01 1.04 1.05 1.06 1.01 1.01 1.02 1.04 1.02 1.02 1.05 1.06 1.06 1.01 1.04 
1.01 1.04 1.01 1.02 1.03 1.02 1.03 1.03 1.05 1.01 1.02 1.05 1.01 1.02 1.04 1.02 1.05 1.01 1.02 1.01 
1.04 1.02 1.01 1.03 1.06 1.04 1.05 1.02 1.02 1.05 1.03 1.02 1.05 1.01 1.03 1.06 1.01 1.04 1.04 1.05 
1.04 1.03 1.03 1.06 1.06 1.03 1.01 1.02 1.05 1.02 1.05 1.01 1.04 1.03 1.04 1.01 1.02 1.01 1.03 1.03 
1.01 1.01 1.04 1.03 1.05 1.05 1.04 1.02 1.02 1.04 1.04 1.06 1.02 1.04 1.03 1.02 1.06 1.03 1.04 1.02 
1.02 1.06 1.01 1.01 1.03 1.03 1.03 1.03 1.02 1.02 1.03 1.05 1.05 1.02 1.02 1.01 1.05 1.02 1.05 1.04 
1.05 1.06 1.01 1.01 1.03 1.03 1.03 1.04 1.02 1.01 1.04 1.04 1.06 1.05 1.04 1.02 1.06 1.03 1.01 1.03 
1.04 1.03 1.05 1.03 1.06 1.06 1.01 1.04 1.05 1.02 1.05 1.06 1.04 1.01 1.01 1.05 1.04 1.04 1.05 1.03 
1.02 1.03 1.04 1.06 1.06 1.01 1.06 1.04 1.01 1.03 1.05 1.02 1.03 1.06 1.01 1.01 1.03 1.03 1.01 1.05 
1.02 1.05 1.04 1.01 1.01 1.05 1.01 1.03 1.02 1.03 1.05 1.02 1.06 1.01 1.04 1.01 1.05 1.05 1.01 1.02 
1.05 1.05 1.03 1.02 1.04 1.04 1.01 1.06 1.03 1.01 1.03 1.03 1.03 1.06 1.02 1.01 1.01 1.06 1.05 1.04 
1.03 1.06 1.04 1.02 1.03 1.05 1.04 1.01 1.03 1.06 1.01 1.05 1.05 1.01 1.05 1.01 1.04 1.02 1.04 1.01 
1.01 1.04 1.04 1.05 1.03 1.02 1.06 1.03 1.03 1.04 1.05 1.02 1.05 1.05 1.06 1.01 1.04 1.01 1.06 1.05 
1.02 1.04 1.04 1.05 1.01 1.03 1.05 1.01 1.03 1.01 1.03 1.03 1.01 1.04 1.04 1.02 1.04 1.03 1.06 1.03 
1.04 1.02 1.06 1.03 1.05 1.02 1.05 1.06 1.05 1.06 1.04 1.02 1.01 1.04 1.04 1.01 1.04 1.02 1.03 1.04 
1.03 1.02 1.02 1.01 1.05 1.01 1.05 1.06 1.01 1.06 1.06 1.03 1.01 1.04 1.02 1.03 1.04 1.03 1.02 1.03 
1.06 1.05 1.04 1.05 1.03 1.02 1.03 1.03 1.03 1.01 1.02 1.03 1.01 1.05 1.05 1.01 1.06 1.03 1.05 1.01 
1.03 1.01 1.01 1.01 1.02 1.01 1.04 1.03 1.03 1.04 1.04 1.05 1.04 1.02 1.02 1.01 1.03 1.04 1.06 1.02 
1.04 1.04 1.06 1.05 1.06 1.02 1.02 1.05 1.05 1.01 1.01 1.03 1.02 1.04 1.01 1.01 1.03 1.05 1.04 1.06 
1.06 1.06 1.01 1.04 1.04 1.02 1.01 1.01 1.06 1.06 1.04 1.02 1.02 1.06 1.03 1.03 1.04 1.02 1.06 1.06 
1.06 1.01 1.03 1.05 1.04 1.03 1.04 1.02 1.05 1.03 1.02 1.05 1.03 1.03 1.01 1.04 1.05 1.05 1.04 1.02 
1.02 1.06 1.04 1.02 1.01 1.03 1.01 1.01 1.02 1.05 1.03 1.04 1.02 1.01 1.05 1.05 1.06 1.02 1.01 1.03 
1.05 1.03 1.05 1.03 1.04 1.06 1.06 1.03 1.06 1.05 1.03 1.03 1.03 1.03 1.06 1.01 1.06 1.03 1.05 1.06 
1.03 1.06 1.05 1.06 1.02 1.03 1.06 1.05 1.01 1.04 1.06 1.03 1.05 1.03 1.05 1.02 1.01 1.06 1.02 1.04 
1.03 1.04 1.04 1.04 1.06 1.01 1.02 1.06 1.04 1.04 1.05 1.01 1.03 1.04 1.01 1.05 1.04 1.05 1.03 1.03 
1.03 1.03 1.02 1.02 1.02 1.02 1.02 1.06 1.04 1.04 1.01 1.01 1.06 1.04 1.06 1.02 1.06 1.05 1.03 1.02 
1.01 1.02 1.05 1.03 1.01 1.02 1.03 1.02 1.05 1.03 1.04 1.06 1.01 1.06 1.05 1.01 1.05 1.03 1.03 1.06 
1.01 1.05 1.01 1.03 1.02 1.05 1.05 1.06 1.02 1.06 1.04 1.06 1.06 1.03 1.04 1.03 1.04 1.01 1.04 1.04 
1.06 1.05 1.05 1.06 1.04 1.06 1.03 1.03 1.04 1.04 1.03 1.04 1.04 1.01 1.03 1.05 1.02 1.02 1.05 1.01 
1.02 1.06 1.06 1.06 1.01 1.04 1.01 1.04 1.04 1.01 1.05 1.06 1.01 1.06 1.05 1.02 1.03 1.01 1.03 1.05 
1.01 1.02 1.02 1.05 1.03 1.01 1.04 1.03 1.05 1.05 1.01 1.02 1.06 1.02 1.05 1.05 1.01 1.05 1.04 1.01 
1.06 1.03 1.03 1.01 1.01 1.06 1.02 1.06 1.02 1.01 1.01 1.04 1.05 1.05 1.04 1.02 1.01 1.06 1.05 1.05 
1.01 1.01 1.01 1.02 1.03 1.01 1.05 1.05 1.03 1.03 1.01 1.04 1.05 1.01 1.02 1.05 1.06 1.01 1.02 1.05 
1.05 1.04 1.03 1.02 1.01 1.03 1.03 1.02 1.03 1.02 1.02 1.06 1.06 1.03 1.01 1.02 1.06 1.04 1.04 1.04 
1.01 1.01 1.01 1.06 1.03 1.02 1.04 1.05 1.03 1.01 1.01 1.04 1.05 1.04 1.02 1.02 1.02 1.06 1.03 1.04 
1.04 1.02 1.05 1.05 1.04 1.03 1.02 1.02 1.06 1.06 1.06 1.05 1.04 1.01 1.02 1.04 1.06 1.06 1.03 1.01 
1.05 1.04 1.04 1.02 1.01 1.02 1.02 1.02 1.05 1.06 1.01 1.02 1.06 1.02 1.01 1.06 1.05 1.05 1.04 1.01 
1.01 1.01 1.01 1.01 1.03 1.01 1.04 1.05 1.01 1.02 1.01 1.05 1.04 1.06 1.02 1.04 1.06 1.02 1.03 1.03 
1.02 1.01 1.02 1.03 1.05 1.04 1.01 1.05 1.05 1.05 1.04 1.04 1.04 1.04 1.03 1.06 1.04 1.06 1.02 1.06 
1.03 1.01 1.06 1.05 1.03 1.05 1.03 1.03 1.06 1.05 1.02 1.01 1.03 1.01 1.04 1.03 1.04 1.06 1.05 1.01 
1.06 1.05 1.02 1.04 1.06 1.01 1.06 1.06 1.02 1.05 1.02 1.02 1.01 1.01 1.02 1.03 1.06 1.05 1.05 1.02 
1.02 1.01 1.02 1.05 1.01 1.06 1.01 1.05 1.06 1.01 1.01 1.02 1.02 1.02 1.02 1.06 1.01 1.02 1.04 1.04 
1.06 1.02 1.04 1.06 1.02 1.05 1.04 1.04 1.04 1.02 1.06 1.05 1.06 1.01 1.03 1.04 1.01 1.02 1.04 1.03 
1.04 1.01 1.03 1.03 1.05 1.06 1.05 1.01 1.03 1.03 1.04 1.06 1.02 1.02 1.01 1.01 1.02 1.05 1.01 1.03 
1.06 1.05 1.01 1.03 1.01 1.03 1.05 1.05 1.02 1.06 1.01 1.04 1.02 1.03 1.01 1.01 1.06 1.03 1.05 1.06 
1.05 1.06 1.03 1.01 1.05 1.01 1.05 1.02 1.05 1.05 1.01 1.01 1.01 1.04 1.02 1.01 1.04 1.05 1.03 1.01 
1.02 1.06 1.06 1.05 1.02 1.01 1.04 1.01 1.02 1.01 1.06 1.06 1.02 1.01 1.06 1.06 1.03 1.03 1.06 1.01 
1.06 1.02 1.04 1.02 1.01 1.03 1.05 1.02 1.01 1.02 1.01 1.04 1.01 1.06 1.06 1.01 1.02 1.02 1.03 1.06 
1.02 1.02 1.03 1.06 1.03 1.02 1.03 1.02 1.03 1.06 1.03 1.03 1.02 1.06 1.05 1.05 1.06 1.06 1.03 1.03 
1.01 1.02 1.05 1.01 1.05 1.06 1.01 1.05 1.01 1.04 1.02 1.06 1.04 1.02 1.04 1.06 1.01 1.05 1.06 1.02 
1.04 1.06 1.01 1.05 1.03 1.01 1.02 1.01 1.05 1.05 1.05 1.03 1.04 1.02 1.03 1.04 1.04 1.06 1.03 1.05 
1.01 1.05 1.05 1.06 1.02 1.03 1.01 1.01 1.02 1.03 1.02 1.03 1.04 1.05 1.04 1.06 1.06 1.03 1.01 1.03 
1.05 1.06 1.05 1.03 1.01 1.03 1.04 1.03 1.02 1.03 1.05 1.04 1.04 1.04 1.02 1.06 1.05 1.03 1.05 1.04 
1.04 1.06 1.06 1.02 1.04 1.05 1.06 1.05 1.02 1.06 1.01 1.02 1.01 1.01 1.05 1.02 1.05 1.01 1.04 1.03 
1.04 1.06 1.02 1.03 1.04 1.04 1.04 1.05 1.06 1.06 1.03 1.02 1.06 1.04 1.03 1.01 1.04 1.05 1.03 1.03 
1.05 1.03 1.04 1.01 1.03 1.03 1.06 1.03 1.06 1.03 1.05 1.01 1.03 1.03 1.05 1.01 1.04 1.05 1.05 1.05 
1.04 1.02 1.01 1.04 1.01 1.05 1.01 1.05 1.01 1.01 1.06 1.05 1.06 1.02 1.04 1.03 1.02 1.04 1.06 1.02 
1.03 1.02 1.04 1.05 1.06 1.03 1.01 1.06 1.04 1.04 1.01 1.05 1.03 1.04 1.05 1.01 1.01 1.05 1.06 1.04 
1.02 1.06 1.01 1.03 1.01 1.06 1.02 1.04 1.03 1.06 1.03 1.04 1.01 1.03 1.02 1.01 1.01 1.02 1.03 1.02 
1.02 1.03 1.05 1.06 1.01 1.02 1.04 1.04 1.01 1.02 1.02 1.04 1.05 1.05 1.06 1.04 1.01 1.03 1.02 1.05 
1.04 1.03 1.03 1.06 1.04 1.05 1.05 1.02 1.03 1.04 1.04 1.01 1.02 1.06 1.04 1.06 1.06 1.02 1.06 1.01 
1.05 1.04 1.01 1.02 1.03 1.06 1.04 1.03 1.03 1.02 1.03 1.05 1.05 1.05 1.05 1.03 1.03 1.06 1.01 1.02 
1.02 1.03 1.05 1.03 1.05 1.03 1.06 1.06 1.02 1.06 1.03 1.05 1.06 1.02 1.03 1.05 1.03 1.03 1.05 1.01 
1.03 1.01 1.01 1.01 1.03 1.06 1.06 1.02 1.05 1.05 1.03 1.04 1.04 1.01 1.05 1.03 1.04 1.02 1.05 1.02 
1.05 1.06 1.01 1.04 1.05 1.02 1.06 1.04 1.03 1.02 1.02 1.03 1.06 1.04 1.02 1.06 1.01 1.06 1.06 1.01 
1.06 1.04 1.01 1.02 1.01 1.06 1.06 1.03 1.05 1.03 1.04 1.05 1.06 1.01 1.01 1.06 1.02 1.06 1.06 1.06 
1.02 1.05 1.02 1.02 1.03 1.02 1.03 1.03 1.02 1.01 1.03 1.05 1.01 1.05 1.03 1.02 1.04 1.04 1.06 1.02 
1.01 1.02 1.01 1.01 1.06 1.02 1.06 1.04 1.06 1.05 1.05 1.05 1.03 1.05 1.02 1.05 1.04 1.01 1.04 1.03 
1.02 1.03 1.03 1.06 1.06 1.01 1.02 1.01 1.05 1.04 1.03 1.01 1.03 1.03 1.02 1.03 1.02 1.01 1.03 1.05 
1.06 1.05 1.02 1.06 1.04 1.04 1.06 1.03 1.05 1.06 1.05 1.02 1.03 1.03 1.05 1.05 1.04 1.03 1.04 1.06 
1.02 1.06 1.04 1.01 1.01 1.06 1.05 1.04 1.06 1.01 1.05 1.05 1.01 1.04 1.04 1.02 1.02 1.04 1.05 1.03 
1.06 1.05 1.03 1.03 1.05 1.01 1.02 1.04 1.04 1.02 1.01 1.03 1.06 1.01 1.04 1.01 1.02 1.02 1.01 1.03 
1.03 1.06 1.05 1.02 1.01 1.06 1.04 1.04 1.06 1.01 1.06 1.05 1.05 1.01 1.01 1.06 1.03 1.01 1.04 1.02 
1.02 1.01 1.06 1.02 1.06 1.02 1.05 1.02 1.04 1.01 1.03 1.05 1.05 1.02 1.06 1.03 1.02 1.06 1.04 1.01 
1.02 1.03 1.03 1.02 1.04 1.04 1.01 1.06 1.05 1.01 1.05 1.06 1.03 1.02 1.03 1.06 1.02 1.02 1.03 1.05 
1.02 1.03 1.01 1.05 1.05 1.03 1.03 1.06 1.03 1.02 1.06 1.02 1.06 1.02 1.04 1.03 1.05 1.06 1.01 1.01 
1.03 1.01 1.01 1.05 1.01 1.03 1.01 1.01 1.03 1.06 1.06 1.03 1.05 1.06 1.03 1.04 1.06 1.05 1.01 1.02 
1.05 1.02 1.05 1.06 1.03 1.04 1.02 1.05 1.02 1.01 1.03 1.06 1.05 1.01 1.02 1.06 1.03 1.01 1.02 1.06 
1.04 1.04 1.03 1.05 1.01 1.06 1.03 1.06 1.04 1.06 1.04 1.02 1.06 1.01 1.01 1.02 1.06 1.01 1.01 1.05 
1.03 1.01 1.01 1.06 1.04 1.05 1.05 1.01 1.04 1.02 1.06 1.06 1.03 1.05 1.06 1.01 1.05 1.04 1.02 1.06 
1.02 1.03 1.04 1.01 1.05 1.03 1.02 1.01 1.05 1.05 1.05 1.03 1.04 1.03 1.04 1.01 1.06 1.02 1.01 1.05 
1.02 1.02 1.04 1.04 1.03 1.06 1.03 1.04 1.04 1.05 1.05 1.01 1.06 1.04 1.04 1.04 1.03 1.02 1.03 1.01 
1.03 1.03 1.05 1.05 1.03 1.03 1.05 1.02 1.03 1.04 1.02 1.04 1.02 1.05 1.02 1.05 1.04 1.01 1.03 1.05 
1.04 1.01 1.02 1.04 1.03 1.06 1.06 1.02 1.02 1.04 1.03 1.05 1.05 1.03 1.02 1.06 1.06 1.02 1.02 1.01 
1.05 1.03 1.06 1.06 1.01 1.03 1.02 1.01 1.05 1.05 1.01 1.05 1.05 1.01 1.05 1.04 1.04 1.04 1.02 1.02 
1.03 1.05 1.06 1.04 1.02 1.02 1.06 1.04 1.06 1.06 1.01 1.01 1.05 1.03 1.06 1.04 1.01 1.04 1.03 1.05 
1.01 1.06 1.05 1.03 1.02 1.05 1.06 1.02 1.01 1.02 1.05 1.04 1.05 1.04 1.06 1.05 1.04 1.05 1.03 1.04 
1.02 1.02 1.02 1.04 1.06 1.04 1.04 1.03 1.01 1.02 1.05 1.01 1.02 1.06 1.05 1.03 1.02 1.01 1.03 1.05 
1.01 1.04 1.01 1.03 1.06 1.02 1.05 1.03 1.05 1.05 1.05 1.05 1.05 1.06 1.02 1.05 1.02 1.04 1.04 1.05 
1.06 1.04 1.06 1.02 1.03 1.01 1.04 1.06 1.04 1.05 1.05 1.03 1.01 1.03 1.01 1.03 1.01 1.03 1.05 1.05 
1.04 1.01 1.02 1.02 1.01 1.02 1.06 1.01 1.06 1.01 1.03 1.04 1.04 1.06 1.01 1.04 1.04 1.05 1.02 1.06 
1.01 1.05 1.05 1.05 1.03 1.06 1.03 1.05 1.05 1.02 1.05 1.02 1.02 1.03 1.05 1.04 1.04 1.02 1.02 1.05 
1.01 1.03 1.05 1.03 1.06 1.04 1.01 1.02 1.06 1.05 1.01 1.06 1.03 1.01 1.05 1.03 1.02 1.05 1.01 1.03 
1.04 1.01 1.02 1.04 1.04 1.04 1.05 1.02 1.01 1.05 1.04 1.04 1.03 1.02 1.04 1.05 1.06 1.06 1.06 1.01 
1.04 1.05 1.03 1.06 1.02 1.06 1.03 1.01 1.03 1.01 1.06 1.05 1.06 1.06 1.04 1.02 1.06 1.02 1.06 1.02 
1.05 1.01 1.06 1.02 1.05 1.01 1.05 1.02 1.03 1.06 1.06 1.02 1.05 1.02 1.05 1.03 1.01 1.02 1.06 1.06 
1.04 1.04 1.02 1.03 1.04 1.01 1.01 1.03 1.05 1.06 1.04 1.05 1.04 1.03 1.03 1.04 1.03 1.06 1.05 1.05 
1.02 1.06 1.06 1.04 1.05 1.01 1.02 1.02 1.01 1.06 1.02 1.01 1.03 1.02 1.02 1.02 1.01 1.04 1.06 1.06 
1.04 1.06 1.05 1.03 1.03 1.06 1.05 1.02 1.04 1.05 1.04 1.05 1.03 1.04 1.04 1.03 1.02 1.04 1.06 1.03 
1.04 1.05 1.03 1.04 1.05 1.03 1.06 1.02 1.06 1.04 1.05 1.06 1.05 1.01 1.04 1.03 1.03 1.04 1.02 1.02 
1.01 1.06 1.06 1.03 1.03 1.04 1.04 1.02 1.04 1.01 1.03 1.01 1.05 1.01 1.02 1.01 1.01 1.03 1.06 1.06 
1.05 1.05 1.06 1.04 1.06 1.01 1.02 1.01 1.02 1.05 1.01 1.03 1.06 1.03 1.05 1.06 1.02 1.02 1.02 1.01 
1.05 1.02 1.01 1.06 1.01 1.04 1.05 1.03 1.02 1.02 1.01 1.01 1.04 1.06 1.06 1.05 1.04 1.03 1.02 1.02 
1.01 1.05 1.03 1.02 1.02 1.03 1.01 1.04 1.05 1.03 1.05 1.06 1.05 1.01 1.05 1.01 1.04 1.02 1.05 1.06 
1.03 1.02 1.03 1.05 1.01 1.02 1.01 1.02 1.06 1.01 1.05 1.01 1.03 1.04 1.02 1.04 1.02 1.05 1.05 1.05 
1.05 1.05 1.03 1.06 1.06 1.01 1.03 1.04 1.05 1.01 1.02 1.05 1.02 1.01 1.04 1.02 1.05 1.03 1.05 1.04 
1.01 1.06 1.02 1.04 1.06 1.03 1.04 1.04 1.06 1.03 1.02 1.04 1.02 1.02 1.06 1.04 1.04 1.02 1.01 1.04 
1.03 1.04 1.02 1.01 1.03 1.02 1.04 1.06 1.04 1.06 1.05 1.03 1.05 1.06 1.02 1.06 1.03 1.05 1.02 1.06 
1.04 1.06 1.06 1.05 1.05 1.02 1.03 1.02 1.03 1.05 1.04 1.04 1.04 1.05 1.04 1.05 1.05 1.03 1.02 1.01 
1.02 1.06 1.06 1.02 1.04 1.06 1.06 1.01 1.01 1.04 1.02 1.04 1.05 1.04 1.01 1.03 1.01 1.03 1.03 1.02 
1.06 1.04 1.03 1.01 1.04 1.03 1.04 1.02 1.05 1.03 1.01 1.06 1.05 1.02 1.04 1.04 1.04 1.02 1.05 1.06 
1.06 1.01 1.06 1.04 1.03 1.01 1.02 1.01 1.04 1.04 1.04 1.01 1.02 1.06 1.04 1.06 1.04 1.04 1.06 1.05 
1.01 1.03 1.03 1.04 1.02 1.05 1.05 1.02 1.05 1.02 1.01 1.01 1.05 1.04 1.02 1.05 1.04 1.03 1.05 1.06 
1.05 1.04 1.02 1.05 1.01 1.01 1.05 1.04 1.04 1.03 1.01 1.01 1.04 1.03 1.04 1.04 1.01 1.03 1.01 1.05 
1.05 1.04 1.04 1.05 1.02 1.03 1.05 1.05 1.04 1.06 1.04 1.03 1.01 1.05 1.06 1.03 1.06 1.02 1.03 1.04 
1.02 1.04 1.05 1.03 1.05 1.05 1.04 1.06 1.02 1.01 1.02 1.06 1.04 1.02 1.01 1.05 1.05 1.04 1.04 1.02 
1.04 1.06 1.06 1.03 1.06 1.06 1.06 1.03 1.02 1.03 1.04 1.02 1.04 1.06 1.06 1.01 1.06 1.02 1.06 1.01 
1.03 1.03 1.03 1.06 1.02 1.01 1.04 1.04 1.06 1.03 1.02 1.06 1.06 1.03 1.01 1.01 1.04 1.03 1.06 1.05 
1.05 1.05 1.06 1.01 1.03 1.03 1.03 1.04 1.04 1.04 1.01 1.04 1.01 1.01 1.03 1.01 1.01 1.06 1.05 1.03 
1.06 1.05 1.02 1.05 1.05 1.04 1.06 1.03 1.02 1.02 1.05 1.04 1.06 1.06 1.05 1.04 1.05 1.02 1.03 1.06 
1.04 1.02 1.03 1.06 1.01 1.05 1.06 1.04 1.04 1.03 1.05 1.06 1.05 1.04 1.03 1.06 1.02 1.03 1.05 1.02 
1.05 1.05 1.05 1.03 1.01 1.03 1.02 1.04 1.01 1.05 1.04 1.01 1.06 1.02 1.04 1.04 1.02 1.01 1.04 1.04 
1.02 1.05 1.02 1.04 1.01 1.01 1.04 1.01 1.05 1.03 1.02 1.01 1.02 1.04 1.02 1.02 1.01 1.02 1.02 1.04 
1.06 1.01 1.02 1.06 1.04 1.03 1.04 1.06 1.06 1.03 1.04 1.04 1.06 1.06 1.05 1.05 1.03 1.05 1.06 1.03 
1.05 1.03 1.04 1.03 1.02 1.01 1.03 1.03 1.01 1.03 1.06 1.05 1.02 1.06 1.05 1.04 1.01 1.01 1.02 1.03 
1.03 1.01 1.06 1.05 1.04 1.06 1.02 1.02 1.06 1.06 1.04 1.01 1.01 1.03 1.01 1.05 1.05 1.04 1.06 1.03 
1.05 1.04 1.01 1.06 1.06 1.04 1.01 1.03 1.02 1.02 1.04 1.01 1.02 1.05 1.02 1.04 1.06 1.05 1.01 1.05 
1.02 1.06 1.04 1.04 1.01 1.03 1.01 1.04 1.01 1.02 1.06 1.02 1.04 1.05 1.06 1.01 1.03 1.03 1.06 1.04 
1.04 1.02 1.02 1.06 1.02 1.06 1.01 1.02 1.05 1.01 1.01 1.03 1.02 1.01 1.02 1.05 1.02 1.02 1.03 1.01 
1.03 1.01 1.01 1.03 1.05 1.06 1.04 1.05 1.03 1.03 1.06 1.03 1.03 1.04 1.01 1.01 1.05 1.02 1.03 1.04 
1.02 1.01 1.04 1.01 1.03 1.03 1.01 1.03 1.03 1.03 1.03 1.01 1.02 1.06 1.01 1.01 1.06 1.05 1.02 1.04 
1.05 1.06 1.06 1.06 1.04 1.04 1.06 1.01 1.04 1.03 1.04 1.03 1.02 1.01 1.02 1.03 1.03 1.01 1.02 1.03 
1.04 1.02 1.05 1.02 1.02 1.02 1.05 1.01 1.04 1.05 1.05 1.02 1.06 1.04 1.01 1.06 1.06 1.03 1.05 1.05 
1.06 1.01 1.01 1.03 1.01 1.02 1.06 1.02 1.03 1.06 1.04 1.06 1.06 1.06 1.02 1.05 1.04 1.01 1.01 1.04 
1.04 1.06 1.03 1.02 1.06 1.02 1.06 1.04 1.03 1.05 1.06 1.04 1.01 1.02 1.05 1.01 1.05 1.03 1.06 1.02 
1.03 1.02 1.01 1.06 1.02 1.01 1.02 1.02 1.05 1.01 1.05 1.01 1.06 1.02 1.04 1.05 1.02 1.02 1.03 1.01 
1.02 1.01 1.01 1.06 1.06 1.06 1.02 1.02 1.06 1.02 1.06 1.04 1.02 1.06 1.03 1.04 1.04 1.03 1.02 1.03 
1.05 1.01 1.06 1.05 1.06 1.05 1.01 1.02 1.03 1.06 1.04 1.04 1.05 1.05 1.06 1.05 1.06 1.05 1.02 1.03 
1.06 1.03 1.05 1.06 1.01 1.06 1.06 1.04 1.04 1.04 1.02 1.03 1.03 1.04 1.02 1.02 1.03 1.01 1.03 1.06 
1.03 1.04 1.04 1.03 1.03 1.03 1.03 1.06 1.03 1.02 1.05 1.03 1.01 1.04 1.06 1.01 1.02 1.02 1.06 1.02 
1.01 1.02 1.06 1.01 1.06 1.04 1.03 1.03 1.06 1.04 1.03 1.03 1.06 1.04 1.06 1.02 1.05 1.06 1.04 1.03 
1.04 1.03 1.05 1.03 1.03 1.05 1.01 1.02 1.06 1.06 1.03 1.03 1.02 1.05 1.03 1.03 1.06 1.02 1.04 1.03 
1.04 1.06 1.05 1.03 1.01 1.06 1.03 1.02 1.01 1.03 1.05 1.01 1.04 1.06 1.05 1.04 1.02 1.03 1.02 1.02 
1.02 1.02 1.03 1.04 1.04 1.05 1.01 1.02 1.03 1.06 1.06 1.05 1.03 1.03 1.05 1.06 1.05 1.02 1.06 1.05 
1.01 1.06 1.02 1.01 1.01 1.04 1.06 1.02 1.06 1.05 1.05 1.02 1.06 1.03 1.01 1.01 1.01 1.03 1.03 1.04 
1.06 1.02 1.03 1.02 1.01 1.02 1.05 1.05 1.03 1.02 1.06 1.06 1.06 1.06 1.01 1.02 1.01 1.01 1.02 1.02 
1.06 1.01 1.06 1.06 1.04 1.05 1.06 1.02 1.01 1.01 1.03 1.02 1.06 1.04 1.05 1.01 1.02 1.05 1.05 1.03 
1.01 1.01 1.06 1.04 1.06 1.05 1.01 1.05 1.01 1.01 1.03 1.03 1.05 1.02 1.03 1.01 1.04 1.05 1.04 1.06 
1.02 1.02 1.01 1.06 1.06 1.02 1.04 1.05 1.01 1.05 1.05 1.03 1.05 1.01 1.05 1.04 1.05 1.03 1.03 1.06 
1.06 1.04 1.02 1.04 1.02 1.04 1.06 1.05 1.05 1.04 1.01 1.03 1.02 1.03 1.04 1.03 1.01 1.04 1.02 1.02 
1.02 1.03 1.05 1.04 1.01 1.04 1.06 1.03 1.05 1.02 1.03 1.04 1.05 1.03 1.05 1.02 1.03 1.01 1.01 1.02 
1.05 1.02 1.06 1.02 1.01 1.06 1.02 1.02 1.05 1.05 1.03 1.01 1.03 1.01 1.04 1.04 1.03 1.06 1.01 1.01 
1.05 1.06 1.01 1.03 1.02 1.02 1.04 1.02 1.04 1.03 1.04 1.03 1.02 1.01 1.01 1.04 1.01 1.03 1.01 1.04 
1.06 1.03 1.03 1.06 1.02 1.05 1.01 1.05 1.03 1.03 1.04 1.01 1.04 1.03 1.04 1.06 1.03 1.03 1.02 1.01 
1.02 1.04 1.05 1.01 1.01 1.03 1.04 1.06 1.04 1.01 1.02 1.06 1.01 1.05 1.04 1.01 1.06 1.02 1.04 1.04 
1.01 1.03 1.05 1.01 1.06 1.05 1.04 1.05 1.04 1.03 1.01 1.04 1.02 1.04 1.03 1.03 1.04 1.04 1.02 1.01 
1.06 1.03 1.01 1.02 1.03 1.04 1.02 1.01 1.05 1.05 1.01 1.05 1.01 1.02 1.05 1.02 1.01 1.06 1.03 1.01 
1.05 1.04 1.03 1.02 1.01 1.06 1.01 1.04 1.02 1.02 1.01 1.02 1.01 1.03 1.06 1.03 1.06 1.02 1.01 1.03 
1.05 1.06 1.05 1.05 1.05 1.03 1.02 1.04 1.01 1.05 1.04 1.01 1.06 1.02 1.01 1.01 1.05 1.04 1.01 1.04 
1.06 1.03 1.01 1.02 1.01 1.04 1.04 1.03 1.01 1.03 1.04 1.01 1.06 1.04 1.02 1.05 1.06 1.05 1.02 1.04 
1.06 1.04 1.01 1.03 1.03 1.05 1.04 1.02 1.04 1.01 1.01 1.01 1.02 1.02 1.01 1.05 1.04 1.04 1.01 1.04 
1.05 1.05 1.02 1.03 1.03 1.03 1.02 1.04 1.01 1.06 1.02 1.05 1.01 1.02 1.06 1.06 1.02 1.01 1.06 1.06 
1.04 1.04 1.06 1.04 1.01 1.03 1.05 1.04 1.03 1.01 1.04 1.05 1.04 1.04 1.01 1.04 1.05 1.01 1.06 1.01 
1.03 1.05 1.05 1.06 1.03 1.02 1.02 1.02 1.01 1.01 1.05 1.02 1.03 1.01 1.02 1.03 1.02 1.04 1.02 1.02 
1.03 1.05 1.04 1.01 1.01 1.01 1.01 1.02 1.03 1.04 1.02 1.06 1.06 1.02 1.03 1.04 1.01 1.05 1.03 1.04 
1.06 1.02 1.05 1.01 1.05 1.06 1.01 1.05 1.02 1.01 1.02 1.06 1.06 1.04 1.06 1.02 1.01 1.01 1.01 1.02 
1.05 1.02 1.04 1.04 1.02 1.01 1.04 1.03 1.02 1.06 1.02 1.04 1.05 1.06 1.02 1.04 1.06 1.04 1.03 1.01 
1.05 1.06 1.03 1.05 1.03 1.02 1.06 1.04 1.04 1.02 1.01 1.02 1.05 1.01 1.01 1.03 1.02 1.04 1.05 1.06 
1.06 1.03 1.01 1.01 1.02 1.06 1.01 1.02 1.04 1.06 1.05 1.04 1.01 1.01 1.02 1.06 1.01 1.05 1.01 1.04 
1.02 1.05 1.05 1.02 1.04 1.02 1.03 1.04 1.05 1.06 1.02 1.06 1.03 1.05 1.06 1.06 1.04 1.06 1.03 1.01 
1.01 1.02 1.04 1.03 1.01 1.06 1.03 1.02 1.04 1.02 1.02 1.06 1.06 1.06 1.02 1.01 1.03 1.05 1.03 1.01 
1.04 1.03 1.03 1.04 1.01 1.01 1.04 1.04 1.02 1.02 1.04 1.04 1.06 1.03 1.04 1.06 1.04 1.06 1.06 1.04 
1.05 1.01 1.05 1.05 1.05 1.03 1.06 1.04 1.02 1.05 1.01 1.01 1.03 1.04 1.04 1.05 1.03 1.05 1.01 1.06 
1.02 1.04 1.04 1.02 1.06 1.03 1.05 1.02 1.05 1.05 1.04 1.01 1.02 1.03 1.06 1.05 1.02 1.04 1.05 1.03 
1.02 1.01 1.01 1.05 1.02 1.02 1.06 1.06 1.06 1.04 1.01 1.06 1.01 1.06 1.06 1.02 1.06 1.04 1.03 1.05 
1.06 1.04 1.04 1.01 1.06 1.05 1.04 1.02 1.06 1.05 1.04 1.04 1.06 1.03 1.06 1.02 1.03 1.01 1.02 1.04 
1.03 1.02 1.03 1.05 1.06 1.05 1.04 1.01 1.04 1.02 1.03 1.03 1.05 1.06 1.02 1.05 1.06 1.05 1.05 1.05 
1.03 1.05 1.03 1.06 1.02 1.01 1.06 1.05 1.01 1.02 1.06 1.02 1.02 1.01 1.02 1.05 1.01 1.03 1.02 1.02 
1.04 1.05 1.04 1.05 1.06 1.05 1.04 1.04 1.06 1.05 1.01 1.03 1.05 1.02 1.01 1.05 1.01 1.01 1.06 1.04 
1.05 1.04 1.02 1.05 1.03 1.01 1.05 1.03 1.01 1.03 1.03 1.06 1.05 1.01 1.04 1.06 1.01 1.01 1.04 1.03 
1.05 1.04 1.03 1.06 1.05 1.03 1.04 1.02 1.04 1.05 1.06 1.04 1.04 1.06 1.06 1.03 1.03 1.05 1.01 1.05 
1.06 1.06 1.01 1.02 1.04 1.04 1.05 1.06 1.04 1.01 1.02 1.05 1.06 1.05 1.02 1.04 1.02 1.03 1.02 1.06 
