20
200
20 27 2 93 41 26 74 2 79 56 7 85 79 29 11 25 36 40 76 34 57 95 87 75 77 54 32 37 91 50 75 100 79 44 67 81 73 97 85 73 20 58 59 50 80 42 5 31 44 79 91 17 47 54 68 23 23 35 27 65 62 49 97 44 45 94 22 16 14 70 55 44 6 64 19 39 35 1 52 51 26 15 88 30 33 73 85 2 95 41 82 57 40 29 71 98 42 99 99 94 32 99 79 19 14 66 62 52 93 12 51 41 4 42 43 10 75 70 68 82 84 22 65 38 79 50 50 97 23 93 50 86 1 70 23 92 82 45 82 67 17 17 76 16 94 70 84 29 74 98 50 16 74 79 95 3 81 1 22 34 66 98 10 5 51 69 53 86 76 23 93 1 43 55 97 81 38 93 90 70 77 41 66 23 82 33 45 57 58 4 47 92 50 77 41 35 49 15 10 43 
5 1 3 6 5 3 1 3 9 1 1 8 1 8 9 5 9 4 2 6 
1.05 1.06 1.02 1.06 1.06 1.01 1.03 1.05 1.02 1.06 1.06 1.02 1.06 1.06 1.01 1.02 1.06 1.03 1.02 1.03 
1.01 1.02 1.01 1.02 1.06 1.05 1.06 1.04 1.05 1.02 1.03 1.03 1.04 1.04 1.02 1.06 1.06 1.04 1.03 1.05 
1.05 1.04 1.05 1.02 1.06 1.01 1.04 1.03 1.06 1.02 1.04 1.04 1.04 1.05 1.06 1.03 1.02 1.03 1.04 1.01 
1.03 1.06 1.04 1.03 1.01 1.04 1.03 1.05 1.05 1.03 1.05 1.06 1.02 1.01 1.05 1.02 1.04 1.03 1.06 1.02 
1.05 1.06 1.02 1.01 1.04 1.06 1.02 1.04 1.03 1.01 1.06 1.01 1.04 1.01 1.04 1.01 1.05 1.02 1.05 1.04 
1.06 1.06 1.06 1.06 1.03 1.05 1.03 1.03 1.06 1.06 1.04 1.03 1.01 1.03 1.06 1.05 1.05 1.01 1.02 1.04 
1.03 1.01 1.02 1.01 1.04 1.01 1.03 1.06 1.01 1.06 1.04 1.04 1.04 1.01 1.06 1.02 1.03 1.02 1.06 1.04 
1.06 1.01 1.01 1.06 1.05 1.01 1.06 1.03 1.01 1.06 1.05 1.02 1.06 1.05 1.04 1.03 1.02 1.05 1.04 1.05 
1.03 1.06 1.06 1.06 1.01 1.02 1.01 1.03 1.03 1.06 1.02 1.06 1.05 1.06 1.04 1.02 1.05 1.03 1.01 1.05 
1.03 1.05 1.04 1.05 1.03 1.02 1.06 1.06 1.02 1.05 1.03 1.03 1.04 1.01 1.02 1.05 1.01 1.03 1.02 1.04 
1.04 1.03 1.01 1.02 1.04 1.03 1.06 1.01 1.06 1.03 1.01 1.06 1.02 1.01 1.05 1.03 1.03 1.03 1.06 1.03 
1.01 1.05 1.04 1.06 1.04 1.04 1.01 1.06 1.05 1.04 1.01 1.06 1.06 1.03 1.01 1.06 1.04 1.04 1.06 1.01 
1.01 1.02 1.03 1.01 1.03 1.06 1.02 1.05 1.05 1.04 1.04 1.05 1.02 1.05 1.04 1.05 1.02 1.05 1.03 1.05 
1.02 1.04 1.01 1.05 1.01 1.01 1.03 1.05 1.01 1.03 1.05 1.06 1.01 1.05 1.03 1.05 1.02 1.05 1.02 1.02 
1.01 1.06 1.05 1.05 1.03 1.05 1.06 1.03 1.01 1.03 1.02 1.01 1.05 1.05 1.04 1.06 1.05 1.03 1.05 1.03 
1.01 1.06 1.06 1.01 1.02 1.04 1.03 1.05 1.05 1.03 1.01 1.01 1.02 1.01 1.04 1.01 1.05 1.03 1.04 1.01 
1.05 1.04 1.02 1.06 1.04 1.05 1.06 1.03 1.03 1.01 1.01 1.02 1.01 1.03 1.01 1.04 1.02 1.02 1.06 1.06 
1.02 1.06 1.01 1.01 1.04 1.01 1.05 1.04 1.02 1.01 1.04 1.02 1.05 1.06 1.04 1.05 1.05 1.04 1.06 1.04 
1.01 1.01 1.04 1.02 1.04 1.06 1.06 1.04 1.03 1.02 1.04 1.01 1.01 1.03 1.05 1.06 1.06 1.06 1.06 1.06 
1.01 1.01 1.02 1.01 1.06 1.03 1.03 1.04 1.04 1.03 1.06 1.06 1.03 1.01 1.05 1.05 1.05 1.04 1.03 1.03 
1.03 1.05 1.02 1.03 1.02 1.03 1.01 1.01 1.05 1.04 1.02 1.06 1.05 1.02 1.06 1.01 1.04 1.03 1.04 1.04 
1.05 1.05 1.04 1.02 1.01 1.01 1.04 1.06 1.04 1.05 1.05 1.04 1.06 1.02 1.04 1.02 1.05 1.03 1.01 1.04 
1.01 1.03 1.05 1.02 1.01 1.02 1.01 1.05 1.02 1.06 1.06 1.06 1.04 1.03 1.02 1.06 1.04 1.05 1.05 1.06 
1.01 1.02 1.03 1.04 1.05 1.03 1.02 1.05 1.02 1.02 1.02 1.02 1.03 1.04 1.01 1.05 1.01 1.01 1.04 1.02 
1.05 1.01 1.06 1.06 1.04 1.04 1.05 1.02 1.06 1.02 1.03 1.02 1.06 1.02 1.04 1.02 1.05 1.03 1.03 1.04 
1.05 1.04 1.03 1.01 1.05 1.05 1.03 1.06 1.03 1.03 1.01 1.06 1.03 1.06 1.01 1.05 1.06 1.06 1.04 1.03 
1.03 1.06 1.06 1.02 1.03 1.01 1.01 1.01 1.05 1.02 1.05 1.05 1.02 1.06 1.04 1.02 1.06 1.05 1.01 1.03 
1.05 1.04 1.04 1.02 1.01 1.02 1.06 1.01 1.03 1.02 1.01 1.04 1.05 1.03 1.02 1.03 1.02 1.01 1.01 1.04 
1.03 1.06 1.06 1.05 1.05 1.02 1.01 1.02 1.03 1.03 1.03 1.03 1.01 1.04 1.04 1.01 1.01 1.02 1.02 1.03 
1.03 1.06 1.06 1.05 1.03 1.03 1.03 1.04 1.05 1.03 1.01 1.02 1.02 1.03 1.01 1.01 1.06 1.04 1.02 1.05 
1.04 1.01 1.02 1.06 1.03 1.05 1.01 1.06 1.02 1.06 1.03 1.05 1.03 1.06 1.02 1.03 1.04 1.02 1.02 1.02 
1.04 1.04 1.02 1.01 1.06 1.03 1.04 1.05 1.06 1.04 1.06 1.06 1.04 1.05 1.04 1.01 1.02 1.06 1.01 1.02 
1.05 1.02 1.05 1.02 1.03 1.06 1.03 1.05 1.06 1.04 1.04 1.02 1.03 1.02 1.01 1.04 1.04 1.04 1.03 1.02 
1.04 1.02 1.03 1.01 1.04 1.01 1.04 1.02 1.03 1.05 1.01 1.02 1.02 1.05 1.03 1.05 1.02 1.06 1.05 1.02 
1.02 1.05 1.03 1.04 1.03 1.04 1.06 1.04 1.01 1.04 1.05 1.04 1.04 1.06 1.01 1.03 1.02 1.03 1.02 1.02 
1.01 1.01 1.05 1.01 1.06 1.04 1.03 1.05 1.03 1.02 1.05 1.01 1.01 1.05 1.05 1.03 1.03 1.02 1.05 1.02 
1.05 1.01 1.02 1.02 1.02 1.02 1.05 1.04 1.03 1.02 1.02 1.04 1.02 1.02 1.01 1.01 1.03 1.05 1.01 1.01 
1.06 1.06 1.03 1.06 1.03 1.02 1.06 1.01 1.06 1.06 1.05 1.03 1.01 1.01 1.01 1.02 1.04 1.04 1.03 1.03 
1.04 1.02 1.03 1.03 1.05 1.01 1.04 1.03 1.06 1.01 1.02 1.01 1.04 1.05 1.03 1.05 1.03 1.05 1.05 1.01 
1.06 1.06 1.02 1.06 1.05 1.01 1.04 1.01 1.01 1.03 1.06 1.05 1.05 1.05 1.01 1.02 1.04 1.04 1.01 1.02 
1.04 1.02 1.04 1.02 1.01 1.01 1.02 1.03 1.05 1.04 1.05 1.03 1.05 1.06 1.04 1.02 1.02 1.03 1.01 1.06 
1.05 1.05 1.02 1.05 1.04 1.05 1.04 1.01 1.03 1.06 1.06 1.01 1.01 1.04 1.06 1.04 1.06 1.03 1.05 1.02 
1.04 1.03 1.05 1.04 1.04 1.02 1.02 1.01 1.01 1.01 1.01 1.05 1.02 1.05 1.05 1.02 1.04 1.06 1.05 1.03 
1.06 1.03 1.03 1.05 1.04 1.03 1.04 1.06 1.04 1.06 1.01 1.03 1.01 1.04 1.02 1.05 1.02 1.02 1.04 1.06 
1.06 1.05 1.04 1.03 1.03 1.06 1.06 1.05 1.06 1.06 1.05 1.06 1.02 1.02 1.02 1.03 1.06 1.03 1.04 1.02 
1.03 1.04 1.01 1.05 1.04 1.01 1.03 1.05 1.04 1.01 1.01 1.03 1.06 1.05 1.02 1.06 1.01 1.04 1.03 1.05 
1.03 1.01 1.03 1.05 1.01 1.01 1.05 1.06 1.02 1.02 1.03 1.03 1.06 1.01 1.04 1.05 1.02 1.02 1.01 1.05 
1.06 1.05 1.05 1.05 1.06 1.02 1.06 1.05 1.06 1.05 1.01 1.02 1.06 1.03 1.04 1.02 1.01 1.03 1.05 1.05 
1.02 1.02 1.03 1.02 1.06 1.02 1.03 1.04 1.02 1.05 1.01 1.01 1.02 1.01 1.06 1.06 1.02 1.03 1.03 1.04 
1.01 1.06 1.04 1.05 1.05 1.04 1.03 1.02 1.05 1.02 1.03 1.01 1.04 1.04 1.04 1.05 1.05 1.02 1.03 1.03 
1.02 1.05 1.04 1.04 1.02 1.06 1.01 1.06 1.03 1.02 1.03 1.02 1.02 1.04 1.06 1.01 1.02 1.01 1.05 1.04 
1.04 1.04 1.01 1.04 1.03 1.04 1.01 1.03 1.06 1.03 1.05 1.03 1.04 1.04 1.06 1.06 1.06 1.04 1.02 1.05 
1.01 1.06 1.06 1.02 1.06 1.05 1.02 1.03 1.06 1.06 1.01 1.05 1.04 1.03 1.03 1.01 1.06 1.03 1.06 1.02 
1.02 1.06 1.05 1.02 1.03 1.04 1.05 1.05 1.06 1.01 1.01 1.04 1.05 1.01 1.06 1.05 1.06 1.04 1.06 1.02 
1.04 1.04 1.04 1.06 1.06 1.05 1.02 1.05 1.03 1.04 1.03 1.05 1.05 1.01 1.05 1.03 1.03 1.05 1.02 1.06 
1.02 1.04 1.05 1.05 1.06 1.05 1.03 1.04 1.02 1.05 1.04 1.01 1.04 1.02 1.06 1.01 1.01 1.01 1.04 1.05 
1.05 1.01 1.05 1.02 1.05 1.04 1.03 1.01 1.02 1.03 1.05 1.06 1.06 1.02 1.05 1.04 1.02 1.04 1.06 1.02 
1.05 1.04 1.05 1.03 1.01 1.04 1.03 1.01 1.01 1.06 1.01 1.06 1.03 1.06 1.05 1.04 1.05 1.03 1.04 1.01 
1.04 1.06 1.04 1.02 1.02 1.01 1.06 1.05 1.04 1.06 1.04 1.06 1.04 1.05 1.03 1.06 1.02 1.02 1.03 1.01 
1.06 1.02 1.06 1.03 1.01 1.05 1.05 1.04 1.02 1.04 1.05 1.02 1.02 1.04 1.04 1.05 1.01 1.02 1.02 1.05 
1.01 1.05 1.01 1.02 1.02 1.06 1.06 1.03 1.03 1.01 1.05 1.06 1.05 1.04 1.01 1.05 1.02 1.06 1.03 1.01 
1.03 1.05 1.04 1.01 1.04 1.05 1.03 1.05 1.06 1.05 1.01 1.02 1.03 1.05 1.01 1.05 1.01 1.01 1.03 1.05 
1.03 1.04 1.06 1.01 1.02 1.02 1.04 1.06 1.01 1.04 1.01 1.04 1.06 1.04 1.03 1.01 1.01 1.03 1.03 1.02 
1.06 1.06 1.03 1.02 1.06 1.03 1.01 1.04 1.03 1.01 1.05 1.01 1.01 1.01 1.06 1.05 1.05 1.02 1.02 1.03 
1.02 1.05 1.01 1.03 1.04 1.04 1.06 1.03 1.06 1.05 1.03 1.04 1.03 1.01 1.06 1.05 1.04 1.01 1.01 1.06 
1.01 1.02 1.06 1.01 1.05 1.03 1.01 1.01 1.02 1.02 1.06 1.01 1.01 1.05 1.03 1.03 1.04 1.05 1.02 1.02 
1.06 1.03 1.04 1.02 1.01 1.06 1.03 1.02 1.01 1.01 1.05 1.06 1.04 1.01 1.02 1.01 1.01 1.04 1.01 1.02 
1.04 1.06 1.04 1.03 1.01 1.06 1.01 1.04 1.02 1.02 1.01 1.04 1.01 1.03 1.04 1.02 1.03 1.01 1.02 1.05 
1.03 1.01 1.04 1.01 1.02 1.05 1.03 1.03 1.06 1.04 1.02 1.01 1.03 1.04 1.02 1.04 1.01 1.06 1.06 1.04 
1.05 1.06 1.03 1.04 1.05 1.03 1.03 1.06 1.06 1.05 1.03 1.01 1.02 1.05 1.02 1.04 1.04 1.04 1.01 1.03 
1.03 1.05 1.01 1.04 1.04 1.05 1.02 1.03 1.06 1.01 1.05 1.06 1.03 1.05 1.03 1.03 1.01 1.05 1.05 1.06 
1.06 1.04 1.04 1.04 1.02 1.05 1.05 1.03 1.01 1.02 1.02 1.04 1.01 1.03 1.05 1.06 1.06 1.05 1.02 1.05 
1.03 1.01 1.01 1.05 1.01 1.03 1.04 1.06 1.04 1.06 1.02 1.05 1.04 1.01 1.06 1.03 1.01 1.05 1.06 1.05 
1.01 1.03 1.04 1.04 1.05 1.06 1.02 1.06 1.06 1.05 1.05 1.03 1.06 1.02 1.06 1.06 1.06 1.03 1.06 1.06 
1.01 1.03 1.05 1.05 1.05 1.03 1.05 1.03 1.03 1.06 1.02 1.02 1.01 1.03 1.01 1.04 1.05 1.05 1.04 1.03 
1.02 1.04 1.04 1.02 1.05 1.04 1.01 1.06 1.04 1.04 1.01 1.04 1.02 1.04 1.05 1.05 1.04 1.04 1.05 1.05 
1.02 1.05 1.04 1.02 1.06 1.05 1.01 1.05 1.05 1.06 1.02 1.04 1.02 1.06 1.01 1.02 1.03 1.02 1.04 1.01 
1.05 1.06 1.03 1.03 1.04 1.06 1.04 1.05 1.05 1.04 1.06 1.06 1.04 1.06 1.01 1.04 1.02 1.03 1.06 1.02 
1.02 1.02 1.04 1.06 1.02 1.03 1.06 1.04 1.03 1.04 1.01 1.01 1.02 1.04 1.02 1.03 1.02 1.05 1.06 1.02 
1.02 1.05 1.06 1.01 1.04 1.04 1.04 1.01 1.01 1.01 1.05 1.02 1.05 1.06 1.06 1.04 1.06 1.04 1.02 1.01 
1.01 1.04 1.03 1.03 1.02 1.06 1.04 1.05 1.06 1.03 1.06 1.01 1.02 1.01 1.04 1.01 1.03 1.05 1.02 1.03 
1.02 1.05 1.05 1.02 1.02 1.04 1.03 1.06 1.06 1.04 1.05 1.04 1.02 1.02 1.06 1.01 1.02 1.04 1.05 1.02 
1.06 1.02 1.04 1.05 1.04 1.05 1.05 1.06 1.06 1.05 1.02 1.04 1.04 1.03 1.02 1.03 1.02 1.06 1.02 1.05 
1.01 1.03 1.01 1.04 1.05 1.06 1.04 1.06 1.01 1.06 1.01 1.01 1.03 1.06 1.04 1.03 1.05 1.02 1.06 1.01 
1.05 1.06 1.03 1.01 1.04 1.03 1.04 1.01 1.06 1.03 1.05 1.06 1.04 1.04 1.03 1.02 1.04 1.02 1.03 1.05 
1.05 1.02 1.06 1.01 1.06 1.01 1.05 1.06 1.01 1.02 1.01 1.01 1.04 1.04 1.03 1.06 1.01 1.05 1.02 1.03 
1.04 1.06 1.03 1.02 1.06 1.01 1.01 1.05 1.04 1.02 1.06 1.01 1.02 1.06 1.02 1.03 1.02 1.05 1.03 1.01 
1.03 1.04 1.02 1.03 1.02 1.02 1.04 1.06 1.01 1.01 1.06 1.05 1.02 1.03 1.05 1.02 1.05 1.02 1.03 1.03 
1.04 1.05 1.02 1.01 1.03 1.04 1.04 1.02 1.05 1.03 1.03 1.02 1.06 1.06 1.02 1.04 1.06 1.04 1.06 1.03 
1.02 1.01 1.02 1.02 1.05 1.03 1.06 1.03 1.01 1.01 1.06 1.05 1.02 1.05 1.05 1.01 1.05 1.03 1.03 1.02 
1.05 1.03 1.03 1.02 1.04 1.04 1.01 1.01 1.02 1.01 1.06 1.03 1.01 1.05 1.02 1.04 1.03 1.04 1.02 1.06 
1.01 1.04 1.03 1.03 1.06 1.03 1.03 1.06 1.05 1.03 1.05 1.02 1.04 1.04 1.03 1.02 1.03 1.02 1.03 1.03 
1.03 1.02 1.05 1.05 1.03 1.04 1.05 1.01 1.04 1.02 1.02 1.04 1.02 1.01 1.04 1.01 1.01 1.01 1.02 1.04 
1.05 1.01 1.04 1.06 1.06 1.01 1.02 1.03 1.04 1.04 1.03 1.02 1.02 1.01 1.05 1.02 1.02 1.04 1.02 1.05 
1.02 1.05 1.02 1.02 1.01 1.04 1.05 1.06 1.06 1.06 1.03 1.05 1.03 1.04 1.03 1.01 1.03 1.04 1.06 1.04 
1.04 1.01 1.03 1.05 1.03 1.04 1.06 1.06 1.05 1.05 1.01 1.03 1.06 1.05 1.04 1.02 1.01 1.05 1.04 1.01 
1.06 1.03 1.01 1.04 1.05 1.02 1.04 1.01 1.03 1.03 1.05 1.06 1.01 1.05 1.02 1.02 1.01 1.01 1.04 1.03 
1.03 1.05 1.06 1.03 1.03 1.06 1.03 1.01 1.04 1.05 1.01 1.04 1.02 1.04 1.06 1.04 1.01 1.01 1.01 1.05 
1.04 1.05 1.02 1.06 1.04 1.01 1.06 1.02 1.01 1.04 1.06 1.06 1.04 1.04 1.05 1.05 1.01 1.02 1.03 1.04 
1.04 1.06 1.05 1.05 1.02 1.04 1.06 1.04 1.01 1.01 1.01 1.04 1.02 1.01 1.05 1.01 1.04 1.04 1.03 1.05 
1.03 1.06 1.02 1.05 1.05 1.05 1.01 1.01 1.06 1.03 1.02 1.02 1.06 1.02 1.05 1.03 1.02 1.01 1.01 1.05 
1.06 1.02 1.04 1.02 1.01 1.01 1.06 1.04 1.06 1.04 1.02 1.02 1.02 1.05 1.06 1.03 1.01 1.03 1.06 1.04 
1.06 1.06 1.02 1.02 1.03 1.05 1.01 1.04 1.03 1.01 1.05 1.01 1.05 1.03 1.06 1.04 1.05 1.04 1.02 1.01 
1.04 1.05 1.05 1.04 1.03 1.03 1.01 1.01 1.02 1.02 1.04 1.03 1.04 1.05 1.02 1.05 1.03 1.03 1.01 1.03 
1.02 1.05 1.05 1.04 1.05 1.02 1.06 1.04 1.02 1.02 1.05 1.03 1.06 1.05 1.04 1.03 1.02 1.05 1.06 1.06 
1.03 1.05 1.01 1.01 1.06 1.01 1.03 1.02 1.05 1.02 1.06 1.03 1.05 1.01 1.04 1.02 1.06 1.03 1.06 1.01 
1.01 1.05 1.06 1.03 1.03 1.06 1.06 1.06 1.05 1.01 1.03 1.05 1.02 1.06 1.05 1.01 1.04 1.01 1.01 1.05 
1.02 1.04 1.02 1.01 1.01 1.05 1.02 1.04 1.03 1.04 1.05 1.01 1.03 1.01 1.03 1.06 1.06 1.03 1.04 1.05 
1.05 1.06 1.02 1.04 1.06 1.05 1.03 1.01 1.05 1.01 1.04 1.03 1.02 1.04 1.03 1.02 1.03 1.01 1.01 1.06 
1.06 1.05 1.01 1.03 1.04 1.04 1.06 1.01 1.02 1.02 1.01 1.03 1.01 1.01 1.06 1.02 1.04 1.06 1.06 1.05 
1.03 1.05 1.03 1.02 1.01 1.02 1.04 1.03 1.03 1.01 1.02 1.04 1.06 1.04 1.06 1.06 1.01 1.04 1.06 1.04 
1.05 1.06 1.01 1.06 1.04 1.04 1.05 1.01 1.06 1.03 1.01 1.06 1.01 1.02 1.04 1.04 1.02 1.03 1.05 1.05 
1.06 1.02 1.01 1.06 1.02 1.01 1.01 1.03 1.03 1.05 1.03 1.04 1.06 1.03 1.06 1.01 1.02 1.04 1.01 1.06 
1.05 1.04 1.04 1.04 1.02 1.06 1.05 1.04 1.04 1.03 1.06 1.06 1.05 1.02 1.02 1.04 1.02 1.06 1.02 1.03 
1.04 1.04 1.02 1.05 1.01 1.02 1.04 1.03 1.06 1.03 1.06 1.03 1.05 1.04 1.03 1.06 1.04 1.02 1.03 1.03 
1.02 1.05 1.02 1.03 1.06 1.02 1.02 1.05 1.05 1.01 1.02 1.02 1.03 1.03 1.01 1.04 1.03 1.01 1.03 1.06 
1.05 1.04 1.01 1.05 1.03 1.03 1.01 1.05 1.04 1.02 1.06 1.05 1.01 1.05 1.06 1.06 1.03 1.02 1.01 1.05 
1.05 1.05 1.03 1.03 1.02 1.01 1.02 1.05 1.05 1.04 1.04 1.01 1.05 1.05 1.05 1.05 1.02 1.06 1.04 1.04 
1.01 1.03 1.02 1.02 1.03 1.06 1.02 1.03 1.05 1.01 1.04 1.05 1.03 1.02 1.03 1.04 1.04 1.03 1.06 1.01 
1.05 1.02 1.03 1.02 1.03 1.04 1.02 1.04 1.01 1.06 1.02 1.02 1.02 1.05 1.04 1.05 1.02 1.06 1.02 1.05 
1.05 1.01 1.03 1.06 1.04 1.06 1.05 1.01 1.02 1.01 1.01 1.01 1.02 1.03 1.02 1.02 1.01 1.05 1.06 1.03 
1.02 1.05 1.02 1.03 1.05 1.06 1.02 1.04 1.05 1.06 1.06 1.01 1.04 1.04 1.06 1.02 1.06 1.01 1.03 1.03 
1.04 1.03 1.03 1.06 1.02 1.02 1.01 1.01 1.04 1.04 1.01 1.06 1.01 1.01 1.02 1.04 1.04 1.06 1.06 1.06 
1.03 1.02 1.02 1.03 1.05 1.06 1.04 1.05 1.02 1.01 1.01 1.01 1.01 1.06 1.01 1.01 1.04 1.04 1.01 1.04 
1.06 1.05 1.04 1.02 1.02 1.06 1.04 1.05 1.04 1.06 1.05 1.02 1.06 1.03 1.03 1.05 1.06 1.02 1.05 1.03 
1.01 1.06 1.05 1.06 1.06 1.03 1.01 1.02 1.05 1.01 1.04 1.06 1.06 1.02 1.01 1.06 1.05 1.02 1.03 1.03 
1.06 1.02 1.04 1.03 1.05 1.05 1.06 1.06 1.01 1.02 1.05 1.02 1.01 1.02 1.02 1.01 1.01 1.06 1.03 1.04 
1.03 1.06 1.06 1.02 1.05 1.02 1.02 1.01 1.04 1.04 1.04 1.02 1.01 1.05 1.05 1.02 1.05 1.04 1.01 1.04 
1.05 1.05 1.01 1.03 1.05 1.06 1.03 1.06 1.06 1.06 1.06 1.01 1.03 1.06 1.01 1.05 1.03 1.05 1.04 1.02 
1.06 1.06 1.01 1.01 1.01 1.02 1.02 1.06 1.02 1.06 1.02 1.04 1.05 1.06 1.05 1.06 1.04 1.06 1.02 1.01 
1.04 1.03 1.02 1.01 1.06 1.06 1.03 1.02 1.03 1.01 1.02 1.04 1.04 1.01 1.04 1.01 1.04 1.03 1.06 1.02 
1.03 1.03 1.06 1.05 1.03 1.03 1.05 1.02 1.06 1.02 1.01 1.06 1.04 1.05 1.04 1.03 1.02 1.01 1.05 1.04 
1.06 1.04 1.06 1.04 1.05 1.05 1.01 1.02 1.06 1.05 1.03 1.06 1.05 1.06 1.05 1.06 1.06 1.02 1.04 1.05 
1.05 1.06 1.03 1.02 1.01 1.02 1.06 1.06 1.04 1.03 1.02 1.05 1.01 1.04 1.02 1.01 1.05 1.05 1.05 1.02 
1.03 1.05 1.05 1.03 1.06 1.06 1.05 1.06 1.05 1.03 1.05 1.03 1.06 1.04 1.02 1.01 1.02 1.02 1.02 1.01 
1.01 1.03 1.03 1.04 1.02 1.05 1.06 1.04 1.04 1.05 1.04 1.04 1.03 1.06 1.06 1.03 1.05 1.03 1.01 1.04 
1.02 1.02 1.06 1.01 1.02 1.04 1.02 1.05 1.05 1.05 1.05 1.03 1.03 1.01 1.04 1.06 1.01 1.03 1.02 1.01 
1.01 1.04 1.02 1.04 1.04 1.05 1.01 1.03 1.01 1.02 1.03 1.05 1.02 1.02 1.01 1.06 1.06 1.06 1.04 1.06 
1.04 1.05 1.03 1.04 1.03 1.05 1.03 1.02 1.05 1.06 1.06 1.03 1.01 1.02 1.06 1.01 1.02 1.02 1.06 1.05 
1.04 1.05 1.01 1.05 1.02 1.02 1.05 1.02 1.01 1.06 1.06 1.04 1.04 1.03 1.03 1.02 1.05 1.03 1.05 1.05 
1.05 1.05 1.04 1.01 1.03 1.04 1.02 1.06 1.01 1.06 1.01 1.01 1.02 1.06 1.06 1.01 1.06 1.04 1.04 1.05 
1.01 1.06 1.06 1.06 1.02 1.01 1.01 1.01 1.04 1.05 1.02 1.02 1.05 1.06 1.04 1.06 1.05 1.06 1.05 1.06 
1.04 1.05 1.02 1.05 1.02 1.05 1.03 1.01 1.01 1.03 1.02 1.04 1.04 1.03 1.03 1.06 1.04 1.02 1.05 1.02 
1.05 1.01 1.04 1.02 1.06 1.02 1.02 1.01 1.05 1.03 1.05 1.02 1.02 1.03 1.05 1.04 1.03 1.04 1.06 1.01 
1.03 1.03 1.05 1.03 1.01 1.01 1.02 1.05 1.03 1.03 1.04 1.01 1.04 1.03 1.04 1.02 1.01 1.02 1.04 1.05 
1.03 1.05 1.04 1.05 1.02 1.04 1.03 1.02 1.04 1.03 1.03 1.02 1.01 1.04 1.06 1.03 1.03 1.04 1.02 1.04 
1.06 1.04 1.06 1.04 1.02 1.05 1.04 1.02 1.04 1.02 1.02 1.01 1.03 1.02 1.03 1.06 1.02 1.02 1.01 1.04 
1.03 1.01 1.04 1.05 1.02 1.04 1.05 1.05 1.06 1.06 1.01 1.06 1.03 1.05 1.05 1.03 1.03 1.03 1.01 1.03 
1.02 1.04 1.02 1.03 1.03 1.02 1.04 1.06 1.04 1.05 1.04 1.01 1.05 1.02 1.01 1.04 1.02 1.01 1.02 1.02 
1.05 1.03 1.01 1.06 1.03 1.03 1.04 1.05 1.04 1.04 1.03 1.03 1.04 1.03 1.01 1.06 1.03 1.05 1.04 1.03 
1.01 1.05 1.06 1.05 1.01 1.01 1.01 1.03 1.02 1.01 1.04 1.01 1.01 1.01 1.04 1.05 1.05 1.01 1.05 1.02 
1.04 1.02 1.04 1.06 1.02 1.04 1.04 1.06 1.03 1.01 1.01 1.04 1.02 1.06 1.01 1.06 1.05 1.03 1.01 1.05 
1.02 1.03 1.06 1.03 1.06 1.04 1.06 1.06 1.01 1.01 1.04 1.03 1.01 1.03 1.03 1.05 1.05 1.01 1.04 1.02 
1.01 1.06 1.05 1.06 1.05 1.01 1.06 1.06 1.06 1.02 1.05 1.02 1.01 1.05 1.06 1.05 1.04 1.01 1.02 1.04 
1.06 1.04 1.04 1.02 1.04 1.03 1.04 1.05 1.02 1.03 1.03 1.02 1.02 1.01 1.05 1.06 1.05 1.04 1.05 1.05 
1.02 1.04 1.05 1.01 1.04 1.02 1.04 1.05 1.04 1.06 1.02 1.05 1.03 1.02 1.02 1.04 1.04 1.02 1.01 1.04 
1.01 1.04 1.01 1.03 1.05 1.06 1.05 1.01 1.05 1.06 1.04 1.04 1.04 1.06 1.04 1.01 1.03 1.03 1.05 1.04 
1.04 1.05 1.02 1.06 1.06 1.03 1.06 1.04 1.05 1.04 1.01 1.05 1.02 1.04 1.01 1.02 1.03 1.05 1.01 1.02 
1.02 1.06 1.04 1.06 1.04 1.03 1.06 1.03 1.05 1.06 1.03 1.06 1.06 1.02 1.06 1.01 1.03 1.03 1.04 1.01 
1.02 1.01 1.05 1.02 1.02 1.01 1.04 1.01 1.06 1.04 1.04 1.02 1.06 1.01 1.05 1.04 1.03 1.01 1.01 1.04 
1.01 1.03 1.06 1.03 1.02 1.05 1.05 1.04 1.05 1.04 1.06 1.02 1.04 1.02 1.04 1.04 1.04 1.01 1.05 1.03 
1.03 1.05 1.04 1.01 1.01 1.06 1.06 1.04 1.02 1.01 1.04 1.01 1.05 1.05 1.02 1.06 1.05 1.02 1.06 1.02 
1.01 1.06 1.04 1.02 1.03 1.05 1.02 1.03 1.05 1.06 1.04 1.04 1.04 1.06 1.01 1.04 1.04 1.01 1.01 1.05 
1.01 1.05 1.05 1.01 1.04 1.05 1.04 1.04 1.03 1.05 1.01 1.06 1.04 1.03 1.04 1.02 1.06 1.04 1.05 1.04 
1.02 1.03 1.05 1.04 1.05 1.05 1.02 1.03 1.02 1.05 1.02 1.06 1.05 1.03 1.06 1.04 1.05 1.05 1.01 1.01 
1.01 1.06 1.02 1.02 1.06 1.02 1.02 1.04 1.03 1.03 1.01 1.06 1.01 1.04 1.04 1.06 1.04 1.04 1.04 1.02 
1.06 1.03 1.04 1.02 1.03 1.01 1.06 1.01 1.06 1.02 1.03 1.03 1.06 1.03 1.01 1.04 1.05 1.01 1.03 1.05 
1.05 1.04 1.02 1.03 1.06 1.02 1.03 1.04 1.04 1.06 1.01 1.02 1.02 1.03 1.05 1.04 1.06 1.05 1.04 1.06 
1.04 1.02 1.02 1.05 1.01 1.01 1.01 1.05 1.01 1.05 1.02 1.04 1.05 1.05 1.01 1.01 1.04 1.02 1.04 1.06 
1.01 1.05 1.01 1.06 1.05 1.06 1.05 1.06 1.06 1.01 1.04 1.01 1.03 1.03 1.04 1.05 1.06 1.02 1.04 1.01 
1.04 1.01 1.04 1.04 1.01 1.04 1.02 1.05 1.02 1.06 1.05 1.02 1.03 1.02 1.06 1.02 1.03 1.06 1.03 1.01 
1.03 1.03 1.04 1.05 1.06 1.05 1.04 1.04 1.03 1.03 1.04 1.01 1.02 1.03 1.05 1.02 1.04 1.05 1.05 1.03 
1.02 1.06 1.01 1.01 1.03 1.04 1.02 1.06 1.03 1.01 1.02 1.01 1.04 1.01 1.06 1.05 1.06 1.04 1.05 1.01 
1.06 1.01 1.06 1.02 1.01 1.03 1.05 1.03 1.02 1.06 1.04 1.04 1.01 1.06 1.01 1.03 1.02 1.06 1.03 1.03 
1.06 1.03 1.06 1.04 1.04 1.02 1.04 1.05 1.01 1.02 1.01 1.03 1.01 1.01 1.04 1.05 1.01 1.02 1.03 1.06 
1.06 1.06 1.02 1.03 1.02 1.02 1.03 1.05 1.04 1.03 1.05 1.05 1.06 1.01 1.05 1.01 1.01 1.04 1.01 1.03 
1.02 1.05 1.02 1.05 1.02 1.06 1.01 1.03 1.06 1.03 1.02 1.04 1.01 1.05 1.01 1.03 1.03 1.01 1.01 1.01 
1.04 1.03 1.01 1.05 1.02 1.05 1.05 1.01 1.06 1.03 1.04 1.04 1.05 1.03 1.06 1.02 1.03 1.02 1.06 1.03 
1.06 1.06 1.03 1.06 1.03 1.05 1.01 1.05 1.04 1.03 1.06 1.06 1.02 1.01 1.06 1.01 1.04 1.06 1.02 1.05 
1.02 1.05 1.03 1.06 1.05 1.05 1.02 1.03 1.04 1.04 1.02 1.02 1.01 1.06 1.06 1.06 1.03 1.02 1.04 1.06 
1.06 1.03 1.06 1.05 1.03 1.02 1.05 1.05 1.05 1.01 1.03 1.02 1.05 1.04 1.02 1.06 1.01 1.05 1.06 1.02 
1.01 1.04 1.05 1.06 1.03 1.05 1.03 1.05 1.02 1.06 1.02 1.05 1.05 1.03 1.03 1.05 1.06 1.02 1.06 1.03 
1.04 1.06 1.01 1.06 1.04 1.04 1.06 1.01 1.03 1.05 1.02 1.02 1.05 1.05 1.05 1.02 1.01 1.05 1.04 1.04 
1.06 1.06 1.06 1.01 1.03 1.06 1.04 1.01 1.03 1.06 1.06 1.05 1.05 1.01 1.06 1.05 1.02 1.03 1.03 1.02 
1.06 1.01 1.03 1.01 1.03 1.05 1.04 1.05 1.06 1.02 1.05 1.06 1.06 1.01 1.05 1.04 1.06 1.02 1.03 1.06 
1.01 1.02 1.05 1.04 1.05 1.06 1.04 1.06 1.01 1.04 1.05 1.02 1.01 1.03 1.03 1.03 1.04 1.05 1.04 1.02 
1.04 1.04 1.03 1.04 1.01 1.03 1.06 1.03 1.01 1.03 1.04 1.01 1.01 1.02 1.05 1.05 1.05 1.03 1.03 1.05 
1.06 1.03 1.01 1.06 1.02 1.05 1.05 1.05 1.04 1.06 1.05 1.02 1.06 1.05 1.05 1.06 1.01 1.05 1.05 1.01 
1.06 1.04 1.04 1.06 1.04 1.06 1.01 1.04 1.03 1.02 1.04 1.03 1.02 1.05 1.05 1.05 1.02 1.05 1.05 1.04 
1.01 1.04 1.01 1.04 1.03 1.01 1.02 1.05 1.02 1.01 1.04 1.05 1.06 1.05 1.03 1.04 1.02 1.01 1.03 1.06 
1.04 1.01 1.04 1.01 1.01 1.04 1.01 1.05 1.06 1.04 1.05 1.06 1.02 1.04 1.03 1.05 1.03 1.01 1.05 1.03 
1.05 1.05 1.02 1.06 1.04 1.05 1.04 1.02 1.05 1.05 1.05 1.05 1.05 1.01 1.03 1.06 1.03 1.03 1.04 1.05 
1.04 1.04 1.06 1.01 1.02 1.02 1.06 1.04 1.05 1.01 1.06 1.05 1.01 1.03 1.05 1.05 1.05 1.05 1.05 1.03 
1.02 1.03 1.03 1.03 1.04 1.06 1.01 1.05 1.05 1.06 1.05 1.01 1.01 1.03 1.02 1.02 1.03 1.05 1.02 1.04 
1.01 1.02 1.05 1.05 1.05 1.05 1.03 1.05 1.01 1.01 1.02 1.06 1.04 1.03 1.06 1.05 1.01 1.02 1.04 1.04 
1.04 1.04 1.04 1.03 1.06 1.03 1.04 1.05 1.06 1.05 1.05 1.03 1.04 1.03 1.02 1.02 1.06 1.03 1.01 1.01 
1.04 1.04 1.06 1.02 1.03 1.04 1.01 1.06 1.01 1.01 1.05 1.02 1.03 1.01 1.03 1.02 1.03 1.06 1.06 1.05 
1.06 1.03 1.06 1.06 1.01 1.02 1.02 1.03 1.04 1.05 1.05 1.01 1.02 1.01 1.05 1.06 1.06 1.02 1.06 1.04 
1.05 1.05 1.06 1.05 1.06 1.02 1.02 1.03 1.04 1.06 1.06 1.03 1.01 1.02 1.03 1.04 1.04 1.03 1.02 1.05 
1.05 1.02 1.06 1.04 1.05 1.03 1.04 1.02 1.02 1.05 1.01 1.02 1.06 1.06 1.05 1.02 1.01 1.05 1.01 1.06 
