20
300
22 38 79 61 54 34 11 18 92 12 2 5 93 13 43 77 83 90 63 83 84 96 30 95 37 9 52 41 56 35 52 70 95 71 3 71 92 15 83 53 86 48 76 62 77 9 55 50 81 36 21 42 43 44 86 9 53 6 26 20 46 68 100 40 13 91 29 80 70 12 91 32 34 53 27 56 28 24 56 66 44 68 22 80 51 40 89 88 38 57 73 44 56 87 73 12 3 10 79 53 58 13 100 85 80 95 84 36 95 74 47 85 55 4 85 21 61 64 100 47 11 8 4 10 65 20 48 79 69 8 7 45 19 17 27 41 44 38 5 10 49 29 17 38 74 19 72 51 48 39 31 75 93 45 1 33 10 11 21 44 27 93 9 65 10 10 79 15 91 14 90 5 94 38 100 98 5 88 9 39 16 11 82 68 90 79 78 58 90 17 8 20 38 77 83 17 18 27 83 20 28 20 9 9 94 37 92 12 65 57 61 20 1 35 100 61 18 90 56 80 69 80 45 90 41 1 92 92 55 48 14 15 79 50 96 68 74 38 39 37 49 65 64 12 64 87 94 99 35 90 59 92 67 89 19 11 52 71 7 39 33 38 37 62 41 33 97 79 89 42 71 32 98 52 53 27 60 88 88 33 47 90 11 6 37 17 8 83 100 29 1 1 21 11 72 33 25 30 18 73 
1 1 2 2 3 3 1 3 2 2 3 2 1 3 2 2 2 2 2 2 
1.06 1.09 1.09 1.06 1.05 1.07 1.07 1.08 1.08 1.08 1.09 1.08 1.08 1.06 1.06 1.05 1.05 1.09 1.06 1.06 
1.07 1.08 1.06 1.08 1.09 1.07 1.08 1.06 1.06 1.08 1.08 1.07 1.06 1.09 1.09 1.06 1.07 1.08 1.07 1.08 
1.06 1.07 1.08 1.05 1.06 1.05 1.07 1.07 1.06 1.05 1.09 1.06 1.09 1.07 1.06 1.09 1.07 1.05 1.05 1.05 
1.05 1.05 1.06 1.08 1.09 1.07 1.05 1.08 1.05 1.09 1.08 1.09 1.08 1.05 1.08 1.09 1.09 1.09 1.08 1.08 
1.06 1.07 1.08 1.09 1.08 1.05 1.09 1.08 1.05 1.08 1.07 1.07 1.05 1.06 1.09 1.08 1.06 1.06 1.07 1.06 
1.07 1.06 1.06 1.09 1.06 1.09 1.09 1.08 1.09 1.08 1.05 1.06 1.08 1.06 1.05 1.09 1.08 1.05 1.07 1.08 
1.09 1.08 1.05 1.05 1.07 1.08 1.05 1.08 1.07 1.08 1.07 1.06 1.05 1.07 1.09 1.09 1.06 1.09 1.05 1.05 
1.08 1.08 1.08 1.07 1.08 1.08 1.09 1.07 1.06 1.08 1.08 1.08 1.08 1.06 1.07 1.07 1.07 1.07 1.09 1.09 
1.07 1.05 1.09 1.05 1.06 1.06 1.08 1.09 1.09 1.09 1.09 1.05 1.07 1.06 1.08 1.05 1.07 1.06 1.06 1.08 
1.07 1.06 1.07 1.07 1.09 1.06 1.08 1.06 1.06 1.09 1.09 1.06 1.05 1.05 1.06 1.09 1.06 1.08 1.09 1.08 
1.07 1.07 1.06 1.09 1.05 1.07 1.08 1.08 1.08 1.06 1.06 1.09 1.09 1.06 1.05 1.05 1.05 1.07 1.08 1.08 
1.06 1.06 1.08 1.08 1.09 1.07 1.07 1.08 1.07 1.09 1.07 1.07 1.05 1.05 1.06 1.05 1.05 1.05 1.08 1.06 
1.08 1.07 1.06 1.05 1.08 1.09 1.09 1.07 1.06 1.08 1.05 1.07 1.05 1.08 1.08 1.08 1.05 1.07 1.09 1.08 
1.09 1.09 1.05 1.08 1.05 1.09 1.06 1.08 1.06 1.06 1.06 1.05 1.09 1.05 1.07 1.06 1.08 1.05 1.07 1.06 
1.05 1.08 1.06 1.08 1.05 1.06 1.07 1.09 1.06 1.06 1.07 1.09 1.06 1.05 1.05 1.09 1.05 1.08 1.07 1.06 
1.08 1.08 1.05 1.06 1.06 1.06 1.06 1.06 1.09 1.07 1.06 1.07 1.06 1.08 1.08 1.07 1.07 1.09 1.09 1.07 
1.07 1.05 1.08 1.06 1.07 1.07 1.07 1.08 1.07 1.08 1.09 1.06 1.05 1.08 1.08 1.09 1.07 1.08 1.08 1.06 
1.06 1.05 1.05 1.09 1.08 1.09 1.08 1.07 1.08 1.09 1.05 1.08 1.05 1.09 1.09 1.05 1.08 1.05 1.05 1.06 
1.06 1.05 1.05 1.06 1.07 1.06 1.07 1.05 1.06 1.07 1.05 1.05 1.06 1.08 1.06 1.09 1.09 1.05 1.09 1.05 
1.05 1.05 1.09 1.06 1.05 1.05 1.05 1.05 1.07 1.06 1.06 1.09 1.06 1.05 1.06 1.09 1.07 1.09 1.08 1.08 
1.08 1.05 1.08 1.09 1.07 1.05 1.05 1.08 1.09 1.06 1.06 1.09 1.06 1.07 1.06 1.06 1.09 1.09 1.06 1.08 
1.08 1.09 1.05 1.09 1.07 1.08 1.07 1.08 1.07 1.09 1.09 1.09 1.08 1.09 1.07 1.07 1.08 1.09 1.05 1.05 
1.09 1.05 1.09 1.05 1.07 1.06 1.09 1.05 1.06 1.05 1.08 1.09 1.08 1.09 1.08 1.06 1.08 1.07 1.05 1.08 
1.05 1.05 1.05 1.05 1.08 1.07 1.09 1.06 1.05 1.05 1.07 1.07 1.05 1.08 1.06 1.06 1.09 1.06 1.09 1.07 
1.06 1.06 1.09 1.09 1.08 1.06 1.09 1.07 1.05 1.09 1.05 1.09 1.09 1.07 1.05 1.07 1.05 1.06 1.07 1.05 
1.05 1.08 1.06 1.08 1.07 1.06 1.09 1.05 1.08 1.09 1.07 1.06 1.07 1.09 1.06 1.06 1.06 1.06 1.08 1.06 
1.06 1.07 1.05 1.06 1.06 1.06 1.07 1.09 1.09 1.08 1.09 1.05 1.09 1.06 1.05 1.08 1.09 1.05 1.09 1.06 
1.08 1.05 1.09 1.06 1.07 1.08 1.07 1.07 1.06 1.08 1.05 1.07 1.08 1.07 1.05 1.06 1.07 1.09 1.05 1.08 
1.08 1.05 1.09 1.06 1.07 1.09 1.07 1.09 1.09 1.05 1.09 1.05 1.07 1.05 1.05 1.05 1.06 1.09 1.08 1.06 
1.08 1.06 1.07 1.08 1.08 1.08 1.06 1.06 1.08 1.08 1.06 1.09 1.05 1.08 1.08 1.09 1.07 1.06 1.08 1.07 
1.07 1.05 1.07 1.07 1.06 1.08 1.08 1.08 1.06 1.06 1.08 1.09 1.09 1.06 1.09 1.05 1.08 1.05 1.05 1.08 
1.05 1.09 1.05 1.07 1.05 1.09 1.09 1.07 1.09 1.09 1.05 1.09 1.05 1.09 1.05 1.05 1.08 1.05 1.07 1.07 
1.06 1.07 1.07 1.09 1.07 1.08 1.05 1.05 1.05 1.09 1.08 1.05 1.06 1.07 1.08 1.07 1.07 1.07 1.06 1.07 
1.06 1.09 1.05 1.07 1.06 1.06 1.08 1.05 1.06 1.09 1.08 1.09 1.08 1.06 1.06 1.06 1.06 1.06 1.05 1.05 
1.06 1.08 1.06 1.07 1.09 1.05 1.09 1.08 1.07 1.09 1.06 1.08 1.09 1.08 1.08 1.07 1.08 1.07 1.06 1.09 
1.07 1.09 1.07 1.08 1.05 1.06 1.09 1.05 1.09 1.07 1.09 1.05 1.09 1.08 1.09 1.05 1.09 1.07 1.08 1.06 
1.05 1.06 1.06 1.06 1.08 1.07 1.05 1.08 1.08 1.05 1.06 1.07 1.07 1.06 1.05 1.08 1.08 1.08 1.09 1.08 
1.09 1.05 1.06 1.05 1.08 1.06 1.07 1.07 1.06 1.05 1.07 1.06 1.06 1.06 1.07 1.09 1.05 1.05 1.06 1.08 
1.07 1.06 1.06 1.09 1.09 1.09 1.07 1.07 1.08 1.09 1.09 1.09 1.08 1.06 1.06 1.06 1.05 1.05 1.06 1.07 
1.09 1.06 1.06 1.05 1.09 1.06 1.09 1.07 1.05 1.09 1.08 1.09 1.07 1.07 1.08 1.08 1.09 1.07 1.07 1.05 
1.06 1.07 1.07 1.05 1.07 1.06 1.05 1.05 1.07 1.05 1.09 1.08 1.06 1.09 1.09 1.07 1.07 1.06 1.07 1.09 
1.05 1.08 1.07 1.05 1.08 1.06 1.08 1.08 1.07 1.08 1.06 1.06 1.05 1.06 1.08 1.08 1.06 1.06 1.07 1.07 
1.06 1.09 1.09 1.06 1.08 1.08 1.06 1.05 1.09 1.08 1.06 1.05 1.09 1.06 1.05 1.06 1.09 1.05 1.06 1.09 
1.09 1.08 1.09 1.05 1.09 1.07 1.09 1.05 1.05 1.05 1.05 1.05 1.07 1.06 1.09 1.05 1.05 1.07 1.05 1.09 
1.08 1.06 1.06 1.08 1.05 1.07 1.09 1.05 1.06 1.08 1.06 1.06 1.05 1.09 1.07 1.07 1.05 1.09 1.06 1.05 
1.06 1.06 1.09 1.05 1.06 1.09 1.08 1.07 1.07 1.05 1.08 1.06 1.09 1.07 1.05 1.07 1.08 1.05 1.07 1.05 
1.08 1.07 1.08 1.05 1.07 1.05 1.07 1.09 1.06 1.06 1.06 1.06 1.08 1.07 1.06 1.06 1.06 1.05 1.05 1.07 
1.09 1.08 1.09 1.07 1.08 1.08 1.06 1.05 1.07 1.05 1.05 1.08 1.07 1.08 1.06 1.05 1.07 1.05 1.07 1.06 
1.06 1.09 1.09 1.05 1.08 1.07 1.05 1.06 1.05 1.07 1.06 1.09 1.08 1.09 1.09 1.05 1.05 1.07 1.08 1.09 
1.08 1.05 1.09 1.05 1.09 1.05 1.05 1.07 1.08 1.08 1.08 1.06 1.05 1.07 1.06 1.06 1.06 1.06 1.09 1.07 
1.06 1.06 1.06 1.05 1.05 1.08 1.08 1.06 1.05 1.06 1.05 1.07 1.08 1.05 1.06 1.09 1.07 1.09 1.09 1.05 
1.08 1.05 1.05 1.05 1.08 1.08 1.08 1.06 1.07 1.08 1.06 1.07 1.08 1.08 1.05 1.06 1.06 1.05 1.07 1.07 
1.07 1.09 1.05 1.08 1.09 1.07 1.05 1.06 1.05 1.09 1.09 1.06 1.08 1.08 1.06 1.06 1.06 1.05 1.09 1.09 
1.08 1.05 1.08 1.08 1.06 1.09 1.09 1.07 1.06 1.07 1.07 1.08 1.05 1.05 1.06 1.08 1.09 1.08 1.05 1.07 
1.05 1.09 1.07 1.09 1.09 1.08 1.08 1.06 1.06 1.05 1.09 1.07 1.05 1.06 1.08 1.09 1.06 1.09 1.07 1.08 
1.06 1.06 1.08 1.08 1.09 1.08 1.07 1.06 1.07 1.08 1.09 1.09 1.05 1.05 1.09 1.06 1.07 1.09 1.05 1.05 
1.07 1.06 1.06 1.08 1.08 1.05 1.06 1.07 1.09 1.06 1.09 1.05 1.07 1.07 1.05 1.05 1.08 1.09 1.08 1.09 
1.07 1.07 1.07 1.05 1.09 1.05 1.07 1.07 1.05 1.09 1.06 1.07 1.05 1.07 1.06 1.06 1.09 1.05 1.09 1.08 
1.06 1.05 1.08 1.06 1.05 1.06 1.09 1.06 1.09 1.07 1.07 1.08 1.06 1.06 1.05 1.09 1.05 1.06 1.06 1.05 
1.09 1.05 1.05 1.08 1.05 1.06 1.09 1.07 1.06 1.09 1.08 1.07 1.05 1.09 1.05 1.08 1.06 1.07 1.08 1.05 
1.09 1.09 1.05 1.06 1.06 1.09 1.09 1.05 1.06 1.08 1.08 1.08 1.06 1.09 1.07 1.05 1.08 1.05 1.05 1.06 
1.06 1.08 1.09 1.06 1.09 1.07 1.05 1.07 1.05 1.06 1.09 1.06 1.09 1.07 1.07 1.05 1.06 1.07 1.09 1.08 
1.08 1.05 1.06 1.09 1.07 1.07 1.07 1.09 1.07 1.08 1.05 1.08 1.07 1.05 1.05 1.07 1.06 1.09 1.08 1.08 
1.09 1.05 1.06 1.06 1.08 1.07 1.06 1.08 1.09 1.08 1.06 1.06 1.08 1.08 1.05 1.09 1.07 1.09 1.09 1.09 
1.05 1.09 1.07 1.06 1.09 1.07 1.09 1.07 1.07 1.09 1.08 1.06 1.08 1.09 1.06 1.05 1.07 1.05 1.05 1.06 
1.05 1.08 1.09 1.09 1.09 1.07 1.09 1.09 1.06 1.06 1.06 1.07 1.09 1.09 1.05 1.08 1.05 1.07 1.07 1.09 
1.07 1.08 1.09 1.08 1.08 1.07 1.08 1.09 1.09 1.05 1.05 1.06 1.08 1.07 1.07 1.05 1.08 1.06 1.05 1.07 
1.05 1.09 1.07 1.07 1.05 1.06 1.05 1.06 1.05 1.06 1.08 1.06 1.09 1.05 1.09 1.06 1.05 1.06 1.06 1.09 
1.06 1.09 1.09 1.05 1.07 1.08 1.06 1.05 1.07 1.05 1.06 1.07 1.06 1.05 1.06 1.05 1.07 1.08 1.05 1.09 
1.08 1.05 1.07 1.06 1.08 1.07 1.06 1.07 1.05 1.08 1.09 1.05 1.07 1.06 1.07 1.08 1.05 1.05 1.07 1.08 
1.09 1.06 1.05 1.07 1.08 1.06 1.08 1.09 1.08 1.07 1.05 1.09 1.08 1.07 1.07 1.08 1.06 1.07 1.08 1.07 
1.08 1.07 1.06 1.07 1.08 1.06 1.08 1.08 1.07 1.08 1.06 1.06 1.06 1.08 1.07 1.08 1.06 1.08 1.05 1.09 
1.09 1.06 1.06 1.06 1.07 1.07 1.08 1.06 1.06 1.08 1.06 1.08 1.07 1.06 1.07 1.05 1.06 1.08 1.06 1.09 
1.08 1.07 1.06 1.05 1.07 1.05 1.09 1.06 1.08 1.05 1.08 1.09 1.09 1.07 1.08 1.09 1.08 1.05 1.08 1.06 
1.08 1.07 1.09 1.05 1.05 1.06 1.09 1.05 1.07 1.08 1.09 1.08 1.05 1.09 1.09 1.07 1.06 1.07 1.06 1.05 
1.05 1.06 1.05 1.05 1.09 1.08 1.08 1.09 1.06 1.08 1.06 1.09 1.06 1.08 1.08 1.07 1.07 1.07 1.07 1.08 
1.05 1.05 1.05 1.07 1.08 1.09 1.08 1.06 1.08 1.06 1.05 1.09 1.07 1.09 1.06 1.05 1.07 1.08 1.06 1.05 
1.09 1.05 1.05 1.07 1.05 1.07 1.08 1.07 1.09 1.06 1.06 1.08 1.06 1.09 1.08 1.07 1.07 1.07 1.06 1.05 
1.05 1.07 1.07 1.05 1.08 1.06 1.06 1.06 1.05 1.09 1.05 1.05 1.09 1.08 1.07 1.06 1.06 1.09 1.06 1.09 
1.05 1.05 1.08 1.08 1.07 1.06 1.08 1.06 1.09 1.08 1.06 1.06 1.07 1.09 1.08 1.07 1.06 1.06 1.06 1.08 
1.05 1.07 1.06 1.06 1.08 1.06 1.07 1.06 1.05 1.08 1.07 1.07 1.09 1.07 1.07 1.06 1.06 1.07 1.09 1.09 
1.06 1.09 1.07 1.06 1.09 1.06 1.08 1.09 1.05 1.09 1.08 1.07 1.09 1.08 1.09 1.05 1.06 1.05 1.07 1.06 
1.06 1.06 1.08 1.08 1.08 1.08 1.08 1.05 1.07 1.05 1.06 1.07 1.09 1.06 1.05 1.09 1.06 1.07 1.07 1.05 
1.05 1.09 1.09 1.06 1.06 1.08 1.07 1.08 1.08 1.07 1.09 1.05 1.07 1.06 1.05 1.06 1.05 1.08 1.09 1.06 
1.08 1.07 1.05 1.09 1.08 1.06 1.05 1.06 1.07 1.05 1.09 1.08 1.07 1.07 1.07 1.08 1.09 1.08 1.08 1.07 
1.06 1.08 1.05 1.08 1.07 1.07 1.05 1.05 1.06 1.07 1.09 1.07 1.05 1.07 1.06 1.07 1.09 1.08 1.09 1.08 
1.05 1.07 1.06 1.06 1.08 1.06 1.06 1.09 1.08 1.09 1.08 1.09 1.08 1.08 1.05 1.08 1.06 1.09 1.09 1.05 
1.08 1.09 1.08 1.05 1.08 1.09 1.08 1.05 1.07 1.08 1.07 1.06 1.07 1.08 1.08 1.05 1.08 1.09 1.05 1.05 
1.09 1.07 1.07 1.09 1.06 1.07 1.08 1.05 1.07 1.06 1.07 1.07 1.07 1.05 1.09 1.08 1.09 1.05 1.06 1.09 
1.06 1.07 1.07 1.09 1.06 1.08 1.08 1.07 1.08 1.09 1.05 1.07 1.09 1.09 1.06 1.07 1.06 1.07 1.05 1.07 
1.07 1.08 1.06 1.09 1.07 1.09 1.06 1.07 1.08 1.05 1.08 1.09 1.07 1.08 1.05 1.09 1.09 1.08 1.08 1.08 
1.09 1.08 1.09 1.08 1.09 1.05 1.06 1.09 1.08 1.06 1.08 1.09 1.06 1.08 1.07 1.06 1.08 1.08 1.08 1.06 
1.05 1.08 1.09 1.05 1.05 1.06 1.06 1.07 1.09 1.07 1.08 1.09 1.09 1.06 1.09 1.07 1.08 1.09 1.06 1.06 
1.07 1.08 1.06 1.06 1.08 1.07 1.06 1.09 1.07 1.05 1.08 1.06 1.07 1.07 1.08 1.07 1.08 1.08 1.08 1.08 
1.09 1.07 1.07 1.05 1.09 1.05 1.09 1.07 1.06 1.05 1.07 1.07 1.06 1.05 1.05 1.08 1.07 1.05 1.09 1.07 
1.05 1.07 1.07 1.06 1.05 1.08 1.06 1.09 1.08 1.05 1.07 1.05 1.07 1.08 1.08 1.08 1.06 1.06 1.07 1.07 
1.05 1.07 1.07 1.06 1.06 1.09 1.07 1.07 1.09 1.09 1.09 1.05 1.09 1.09 1.09 1.05 1.09 1.08 1.06 1.06 
1.08 1.06 1.09 1.08 1.09 1.07 1.09 1.08 1.07 1.06 1.06 1.06 1.06 1.09 1.08 1.09 1.05 1.09 1.09 1.06 
1.07 1.08 1.07 1.09 1.09 1.06 1.05 1.09 1.07 1.09 1.05 1.09 1.08 1.08 1.05 1.08 1.07 1.06 1.08 1.07 
1.07 1.09 1.07 1.09 1.09 1.09 1.09 1.07 1.07 1.09 1.06 1.06 1.08 1.09 1.06 1.08 1.07 1.05 1.05 1.07 
1.06 1.09 1.05 1.05 1.06 1.08 1.06 1.05 1.09 1.06 1.05 1.08 1.07 1.05 1.05 1.05 1.07 1.07 1.05 1.07 
1.06 1.09 1.08 1.06 1.06 1.08 1.06 1.06 1.08 1.09 1.09 1.09 1.06 1.05 1.06 1.05 1.06 1.09 1.07 1.07 
1.05 1.09 1.07 1.09 1.09 1.06 1.05 1.09 1.05 1.07 1.07 1.06 1.06 1.06 1.06 1.07 1.09 1.07 1.06 1.07 
1.07 1.05 1.08 1.06 1.05 1.09 1.09 1.09 1.06 1.08 1.06 1.05 1.09 1.05 1.05 1.06 1.07 1.06 1.05 1.06 
1.06 1.08 1.07 1.09 1.09 1.07 1.09 1.06 1.07 1.05 1.06 1.09 1.08 1.09 1.05 1.05 1.06 1.07 1.05 1.05 
1.08 1.09 1.05 1.05 1.07 1.05 1.09 1.08 1.06 1.07 1.07 1.06 1.05 1.06 1.06 1.05 1.05 1.06 1.08 1.07 
1.05 1.09 1.06 1.05 1.07 1.09 1.08 1.06 1.08 1.08 1.05 1.07 1.09 1.09 1.07 1.09 1.08 1.06 1.05 1.09 
1.09 1.08 1.05 1.05 1.06 1.07 1.07 1.05 1.06 1.05 1.08 1.06 1.08 1.08 1.05 1.05 1.06 1.08 1.07 1.06 
1.09 1.08 1.07 1.08 1.06 1.05 1.09 1.08 1.05 1.08 1.06 1.09 1.05 1.07 1.05 1.08 1.06 1.07 1.07 1.05 
1.07 1.06 1.07 1.06 1.05 1.07 1.05 1.06 1.05 1.09 1.08 1.09 1.08 1.06 1.06 1.05 1.05 1.08 1.05 1.08 
1.05 1.08 1.05 1.07 1.06 1.08 1.05 1.09 1.05 1.09 1.05 1.09 1.06 1.09 1.05 1.05 1.08 1.08 1.06 1.08 
1.05 1.07 1.06 1.09 1.05 1.07 1.06 1.07 1.09 1.07 1.09 1.08 1.08 1.09 1.06 1.07 1.07 1.08 1.08 1.05 
1.06 1.09 1.09 1.07 1.08 1.08 1.06 1.06 1.09 1.08 1.06 1.05 1.08 1.09 1.05 1.07 1.09 1.07 1.07 1.06 
1.09 1.09 1.08 1.06 1.05 1.05 1.09 1.09 1.07 1.09 1.09 1.06 1.08 1.05 1.07 1.09 1.05 1.09 1.07 1.09 
1.08 1.09 1.07 1.05 1.08 1.08 1.06 1.09 1.05 1.08 1.06 1.07 1.05 1.09 1.08 1.07 1.06 1.08 1.07 1.09 
1.06 1.08 1.05 1.07 1.06 1.09 1.09 1.08 1.07 1.05 1.08 1.05 1.09 1.09 1.08 1.05 1.09 1.05 1.07 1.05 
1.07 1.05 1.09 1.09 1.08 1.06 1.08 1.08 1.06 1.05 1.06 1.08 1.06 1.08 1.07 1.07 1.09 1.09 1.07 1.07 
1.05 1.05 1.09 1.07 1.09 1.08 1.06 1.09 1.06 1.06 1.07 1.08 1.09 1.09 1.09 1.08 1.06 1.09 1.09 1.08 
1.05 1.06 1.09 1.09 1.09 1.08 1.06 1.06 1.07 1.09 1.07 1.09 1.06 1.08 1.08 1.06 1.09 1.08 1.08 1.09 
1.09 1.05 1.09 1.05 1.05 1.06 1.09 1.08 1.09 1.05 1.05 1.05 1.07 1.07 1.06 1.06 1.08 1.05 1.08 1.08 
1.06 1.08 1.05 1.08 1.09 1.07 1.08 1.05 1.08 1.09 1.09 1.08 1.06 1.05 1.08 1.08 1.07 1.06 1.07 1.09 
1.09 1.05 1.07 1.08 1.08 1.07 1.06 1.07 1.06 1.08 1.06 1.05 1.07 1.08 1.06 1.09 1.05 1.07 1.09 1.08 
1.05 1.06 1.07 1.08 1.05 1.05 1.08 1.07 1.09 1.07 1.05 1.07 1.06 1.08 1.09 1.07 1.06 1.06 1.05 1.08 
1.08 1.09 1.09 1.06 1.06 1.08 1.07 1.06 1.07 1.06 1.08 1.06 1.09 1.05 1.05 1.06 1.09 1.09 1.05 1.08 
1.06 1.06 1.09 1.08 1.07 1.07 1.05 1.09 1.07 1.07 1.05 1.08 1.05 1.06 1.08 1.09 1.06 1.08 1.09 1.08 
1.05 1.09 1.07 1.08 1.09 1.08 1.07 1.06 1.07 1.06 1.06 1.06 1.06 1.07 1.09 1.06 1.09 1.09 1.06 1.09 
1.07 1.09 1.05 1.08 1.08 1.06 1.06 1.07 1.06 1.06 1.06 1.08 1.08 1.07 1.09 1.05 1.05 1.05 1.08 1.07 
1.05 1.08 1.08 1.06 1.09 1.06 1.06 1.09 1.06 1.08 1.05 1.05 1.05 1.09 1.06 1.05 1.07 1.09 1.06 1.07 
1.05 1.05 1.08 1.07 1.08 1.09 1.05 1.06 1.08 1.09 1.09 1.09 1.07 1.09 1.09 1.06 1.06 1.08 1.08 1.09 
1.05 1.09 1.09 1.08 1.09 1.05 1.07 1.09 1.09 1.08 1.07 1.05 1.08 1.05 1.06 1.06 1.09 1.08 1.09 1.08 
1.06 1.08 1.08 1.09 1.05 1.07 1.07 1.09 1.05 1.06 1.08 1.07 1.05 1.09 1.09 1.05 1.06 1.09 1.08 1.05 
1.09 1.06 1.06 1.05 1.05 1.07 1.06 1.07 1.08 1.06 1.06 1.07 1.08 1.07 1.08 1.07 1.05 1.08 1.05 1.08 
1.07 1.05 1.05 1.08 1.09 1.06 1.06 1.05 1.09 1.08 1.07 1.08 1.09 1.05 1.06 1.09 1.06 1.08 1.05 1.09 
1.05 1.05 1.06 1.06 1.07 1.05 1.06 1.06 1.07 1.08 1.05 1.08 1.06 1.09 1.09 1.09 1.07 1.08 1.07 1.05 
1.05 1.08 1.06 1.07 1.08 1.07 1.06 1.09 1.08 1.09 1.06 1.06 1.08 1.05 1.08 1.07 1.05 1.06 1.06 1.05 
1.07 1.07 1.07 1.05 1.07 1.06 1.09 1.09 1.07 1.06 1.06 1.05 1.06 1.07 1.08 1.05 1.09 1.05 1.05 1.09 
1.07 1.07 1.08 1.09 1.09 1.07 1.07 1.06 1.05 1.09 1.07 1.05 1.05 1.08 1.06 1.07 1.07 1.09 1.08 1.07 
1.05 1.07 1.06 1.06 1.07 1.06 1.06 1.07 1.05 1.05 1.06 1.09 1.05 1.09 1.07 1.06 1.09 1.07 1.08 1.08 
1.07 1.09 1.08 1.06 1.06 1.05 1.06 1.08 1.07 1.06 1.07 1.09 1.09 1.09 1.06 1.06 1.05 1.05 1.09 1.05 
1.05 1.08 1.08 1.05 1.09 1.07 1.06 1.07 1.09 1.07 1.09 1.09 1.08 1.07 1.07 1.05 1.06 1.06 1.08 1.08 
1.06 1.05 1.09 1.05 1.05 1.08 1.05 1.09 1.08 1.08 1.09 1.06 1.06 1.09 1.08 1.05 1.09 1.09 1.05 1.07 
1.05 1.08 1.07 1.09 1.08 1.09 1.09 1.05 1.07 1.05 1.09 1.06 1.07 1.09 1.09 1.06 1.08 1.06 1.08 1.07 
1.06 1.09 1.08 1.08 1.09 1.06 1.05 1.06 1.05 1.07 1.08 1.09 1.09 1.05 1.09 1.05 1.09 1.09 1.08 1.09 
1.07 1.06 1.05 1.09 1.06 1.07 1.09 1.07 1.05 1.08 1.06 1.06 1.09 1.07 1.09 1.09 1.09 1.06 1.08 1.05 
1.06 1.06 1.07 1.06 1.05 1.05 1.08 1.07 1.07 1.09 1.05 1.09 1.05 1.06 1.05 1.08 1.09 1.05 1.06 1.06 
1.05 1.05 1.08 1.09 1.08 1.08 1.05 1.08 1.09 1.08 1.09 1.07 1.09 1.07 1.07 1.08 1.08 1.09 1.09 1.08 
1.07 1.07 1.06 1.07 1.09 1.08 1.06 1.06 1.07 1.09 1.08 1.07 1.05 1.07 1.07 1.08 1.06 1.05 1.09 1.06 
1.09 1.06 1.09 1.07 1.07 1.07 1.06 1.06 1.09 1.06 1.05 1.07 1.08 1.07 1.07 1.08 1.08 1.06 1.08 1.09 
1.08 1.09 1.08 1.05 1.05 1.08 1.05 1.07 1.08 1.07 1.05 1.08 1.06 1.06 1.08 1.07 1.05 1.07 1.08 1.08 
1.05 1.05 1.09 1.06 1.07 1.05 1.06 1.08 1.09 1.06 1.09 1.09 1.07 1.07 1.09 1.08 1.08 1.07 1.06 1.07 
1.07 1.08 1.07 1.06 1.06 1.07 1.06 1.05 1.06 1.06 1.05 1.08 1.08 1.09 1.06 1.05 1.08 1.08 1.05 1.06 
1.05 1.08 1.06 1.08 1.09 1.05 1.08 1.08 1.07 1.09 1.06 1.09 1.08 1.06 1.08 1.06 1.09 1.07 1.07 1.05 
1.07 1.05 1.05 1.05 1.05 1.08 1.08 1.09 1.07 1.05 1.08 1.08 1.07 1.08 1.09 1.05 1.08 1.05 1.09 1.07 
1.09 1.06 1.07 1.05 1.06 1.09 1.09 1.08 1.09 1.08 1.08 1.05 1.05 1.09 1.09 1.07 1.08 1.07 1.06 1.08 
1.09 1.09 1.07 1.06 1.09 1.05 1.08 1.07 1.09 1.09 1.05 1.07 1.07 1.07 1.08 1.07 1.08 1.09 1.05 1.06 
1.06 1.07 1.07 1.06 1.08 1.06 1.09 1.05 1.09 1.05 1.05 1.09 1.06 1.06 1.07 1.05 1.05 1.08 1.08 1.09 
1.08 1.06 1.08 1.09 1.06 1.05 1.08 1.08 1.05 1.05 1.07 1.06 1.09 1.08 1.09 1.09 1.09 1.07 1.07 1.06 
1.05 1.05 1.09 1.09 1.07 1.08 1.09 1.08 1.07 1.09 1.05 1.05 1.05 1.05 1.09 1.09 1.09 1.08 1.05 1.09 
1.05 1.09 1.08 1.09 1.09 1.07 1.05 1.07 1.07 1.09 1.08 1.05 1.08 1.06 1.08 1.07 1.09 1.08 1.09 1.07 
1.06 1.07 1.08 1.05 1.05 1.05 1.08 1.08 1.08 1.07 1.08 1.05 1.05 1.06 1.06 1.06 1.07 1.05 1.09 1.08 
1.07 1.07 1.09 1.07 1.05 1.06 1.05 1.07 1.09 1.06 1.07 1.05 1.05 1.07 1.06 1.07 1.05 1.05 1.05 1.05 
1.09 1.07 1.07 1.05 1.08 1.08 1.09 1.07 1.07 1.08 1.05 1.09 1.05 1.07 1.09 1.05 1.07 1.06 1.07 1.06 
1.07 1.07 1.08 1.09 1.07 1.07 1.09 1.07 1.05 1.05 1.08 1.09 1.05 1.08 1.05 1.09 1.07 1.08 1.09 1.09 
1.08 1.09 1.06 1.06 1.08 1.09 1.08 1.05 1.08 1.09 1.07 1.06 1.05 1.08 1.06 1.06 1.05 1.07 1.08 1.06 
1.09 1.08 1.07 1.07 1.05 1.05 1.05 1.06 1.09 1.07 1.09 1.06 1.09 1.05 1.07 1.08 1.05 1.08 1.07 1.08 
1.06 1.08 1.05 1.05 1.08 1.07 1.09 1.05 1.07 1.08 1.07 1.07 1.05 1.09 1.06 1.07 1.06 1.05 1.07 1.09 
1.05 1.05 1.05 1.09 1.06 1.05 1.09 1.08 1.09 1.09 1.05 1.08 1.09 1.08 1.08 1.06 1.05 1.07 1.09 1.09 
1.05 1.07 1.06 1.06 1.09 1.08 1.09 1.05 1.08 1.05 1.08 1.08 1.06 1.08 1.07 1.05 1.05 1.07 1.07 1.05 
1.05 1.09 1.07 1.07 1.05 1.07 1.06 1.08 1.08 1.07 1.07 1.05 1.07 1.08 1.06 1.06 1.08 1.09 1.05 1.06 
1.06 1.07 1.09 1.06 1.09 1.05 1.08 1.05 1.05 1.06 1.09 1.06 1.08 1.08 1.09 1.07 1.09 1.09 1.07 1.06 
1.05 1.08 1.05 1.07 1.05 1.08 1.06 1.07 1.05 1.07 1.07 1.09 1.09 1.08 1.07 1.07 1.08 1.09 1.07 1.07 
1.05 1.06 1.08 1.09 1.06 1.09 1.05 1.07 1.05 1.07 1.05 1.06 1.06 1.05 1.09 1.06 1.09 1.08 1.08 1.06 
1.09 1.06 1.08 1.05 1.06 1.06 1.09 1.05 1.05 1.06 1.07 1.06 1.08 1.08 1.09 1.07 1.06 1.08 1.09 1.08 
1.07 1.07 1.06 1.09 1.09 1.07 1.05 1.05 1.09 1.08 1.06 1.06 1.09 1.08 1.07 1.09 1.08 1.08 1.08 1.09 
1.09 1.07 1.07 1.08 1.08 1.06 1.07 1.05 1.08 1.09 1.09 1.06 1.05 1.07 1.06 1.09 1.06 1.09 1.07 1.05 
1.07 1.05 1.09 1.07 1.09 1.06 1.06 1.08 1.08 1.06 1.05 1.09 1.08 1.08 1.05 1.09 1.05 1.06 1.07 1.05 
1.07 1.06 1.05 1.08 1.05 1.09 1.08 1.05 1.06 1.06 1.06 1.07 1.09 1.05 1.05 1.05 1.06 1.05 1.09 1.06 
1.07 1.07 1.06 1.08 1.07 1.05 1.06 1.05 1.08 1.07 1.08 1.06 1.06 1.07 1.07 1.07 1.07 1.07 1.06 1.09 
1.06 1.08 1.05 1.06 1.09 1.05 1.08 1.06 1.06 1.05 1.05 1.08 1.09 1.06 1.06 1.06 1.07 1.05 1.09 1.08 
1.09 1.07 1.08 1.08 1.08 1.07 1.07 1.06 1.06 1.06 1.08 1.09 1.08 1.09 1.08 1.07 1.07 1.09 1.05 1.06 
1.09 1.07 1.08 1.06 1.09 1.06 1.08 1.09 1.06 1.06 1.07 1.06 1.07 1.05 1.06 1.06 1.08 1.05 1.06 1.07 
1.08 1.06 1.06 1.05 1.09 1.09 1.08 1.07 1.09 1.08 1.08 1.09 1.09 1.06 1.08 1.07 1.05 1.07 1.05 1.07 
1.05 1.08 1.08 1.06 1.08 1.05 1.07 1.08 1.07 1.08 1.07 1.05 1.08 1.05 1.07 1.08 1.09 1.05 1.07 1.07 
1.08 1.05 1.05 1.05 1.08 1.07 1.07 1.05 1.05 1.05 1.08 1.08 1.06 1.09 1.05 1.06 1.08 1.08 1.07 1.09 
1.08 1.07 1.08 1.07 1.08 1.08 1.09 1.05 1.05 1.05 1.07 1.05 1.06 1.08 1.06 1.09 1.07 1.09 1.07 1.07 
1.08 1.06 1.06 1.08 1.08 1.07 1.05 1.07 1.08 1.08 1.08 1.05 1.05 1.08 1.09 1.08 1.08 1.05 1.08 1.09 
1.05 1.06 1.05 1.09 1.07 1.09 1.06 1.08 1.08 1.05 1.07 1.06 1.06 1.07 1.06 1.08 1.08 1.08 1.05 1.07 
1.09 1.05 1.08 1.07 1.06 1.06 1.06 1.06 1.05 1.06 1.07 1.05 1.06 1.06 1.08 1.07 1.08 1.09 1.09 1.09 
1.08 1.06 1.07 1.06 1.08 1.06 1.09 1.09 1.06 1.09 1.07 1.06 1.06 1.08 1.08 1.05 1.07 1.05 1.08 1.06 
1.05 1.07 1.05 1.08 1.06 1.08 1.08 1.09 1.08 1.05 1.08 1.07 1.09 1.09 1.05 1.07 1.07 1.08 1.08 1.08 
1.05 1.05 1.08 1.08 1.09 1.05 1.07 1.08 1.05 1.05 1.07 1.08 1.07 1.07 1.09 1.07 1.07 1.06 1.08 1.09 
1.05 1.05 1.08 1.08 1.09 1.08 1.05 1.08 1.05 1.08 1.05 1.08 1.09 1.06 1.07 1.08 1.06 1.05 1.06 1.06 
1.07 1.09 1.07 1.06 1.05 1.05 1.07 1.07 1.06 1.05 1.08 1.08 1.08 1.08 1.08 1.07 1.05 1.09 1.08 1.07 
1.09 1.05 1.05 1.08 1.09 1.05 1.06 1.07 1.08 1.09 1.06 1.05 1.05 1.07 1.06 1.09 1.08 1.09 1.07 1.07 
1.06 1.05 1.08 1.06 1.06 1.09 1.05 1.06 1.08 1.08 1.05 1.07 1.09 1.05 1.09 1.08 1.07 1.07 1.05 1.09 
1.07 1.05 1.06 1.05 1.09 1.05 1.06 1.09 1.08 1.06 1.07 1.08 1.05 1.05 1.09 1.08 1.09 1.06 1.07 1.06 
1.06 1.09 1.08 1.05 1.06 1.08 1.06 1.07 1.07 1.05 1.07 1.09 1.08 1.07 1.05 1.05 1.06 1.07 1.06 1.06 
1.05 1.09 1.09 1.07 1.06 1.06 1.09 1.09 1.08 1.08 1.09 1.05 1.05 1.07 1.05 1.07 1.08 1.05 1.09 1.08 
1.06 1.05 1.07 1.08 1.09 1.09 1.09 1.07 1.07 1.06 1.05 1.06 1.09 1.08 1.09 1.06 1.05 1.07 1.07 1.07 
1.09 1.07 1.08 1.05 1.08 1.07 1.05 1.08 1.07 1.07 1.05 1.07 1.05 1.07 1.08 1.06 1.05 1.09 1.06 1.05 
1.06 1.07 1.07 1.08 1.06 1.05 1.09 1.09 1.08 1.07 1.08 1.07 1.09 1.08 1.06 1.06 1.07 1.09 1.05 1.05 
1.09 1.05 1.08 1.07 1.05 1.09 1.06 1.07 1.08 1.09 1.09 1.07 1.07 1.07 1.09 1.06 1.09 1.08 1.08 1.06 
1.08 1.08 1.05 1.08 1.07 1.05 1.07 1.07 1.06 1.07 1.07 1.05 1.06 1.07 1.06 1.08 1.06 1.09 1.05 1.09 
1.05 1.07 1.05 1.08 1.06 1.07 1.07 1.07 1.09 1.08 1.09 1.06 1.07 1.08 1.07 1.07 1.07 1.07 1.08 1.06 
1.09 1.06 1.08 1.05 1.05 1.09 1.07 1.08 1.07 1.05 1.06 1.08 1.05 1.09 1.08 1.08 1.05 1.06 1.05 1.06 
1.09 1.05 1.07 1.07 1.09 1.08 1.08 1.06 1.08 1.08 1.09 1.08 1.06 1.07 1.08 1.07 1.08 1.07 1.09 1.07 
1.08 1.05 1.06 1.07 1.06 1.07 1.05 1.07 1.06 1.09 1.09 1.05 1.07 1.06 1.08 1.05 1.05 1.09 1.08 1.08 
1.09 1.06 1.09 1.09 1.05 1.07 1.09 1.08 1.08 1.08 1.07 1.09 1.05 1.07 1.09 1.08 1.09 1.08 1.06 1.06 
1.05 1.05 1.07 1.05 1.05 1.08 1.05 1.09 1.06 1.08 1.05 1.08 1.09 1.08 1.07 1.07 1.09 1.05 1.06 1.09 
1.08 1.09 1.08 1.08 1.09 1.06 1.09 1.07 1.05 1.08 1.06 1.09 1.07 1.07 1.07 1.08 1.07 1.09 1.09 1.07 
1.05 1.09 1.05 1.09 1.07 1.09 1.09 1.07 1.07 1.08 1.05 1.06 1.05 1.07 1.07 1.06 1.06 1.07 1.05 1.09 
1.06 1.06 1.08 1.06 1.07 1.07 1.08 1.08 1.08 1.06 1.09 1.09 1.05 1.09 1.07 1.07 1.05 1.08 1.05 1.06 
1.08 1.09 1.06 1.09 1.05 1.06 1.08 1.08 1.09 1.05 1.09 1.09 1.07 1.08 1.09 1.06 1.07 1.07 1.09 1.07 
1.06 1.09 1.09 1.07 1.05 1.08 1.07 1.06 1.09 1.08 1.05 1.09 1.05 1.09 1.05 1.05 1.09 1.08 1.07 1.07 
1.09 1.09 1.07 1.09 1.08 1.09 1.05 1.06 1.07 1.06 1.09 1.06 1.05 1.07 1.05 1.06 1.08 1.05 1.07 1.08 
1.06 1.05 1.06 1.06 1.06 1.08 1.09 1.07 1.07 1.08 1.07 1.05 1.07 1.07 1.06 1.06 1.09 1.08 1.08 1.08 
1.08 1.09 1.09 1.06 1.09 1.05 1.06 1.05 1.06 1.06 1.07 1.08 1.08 1.05 1.05 1.08 1.07 1.07 1.05 1.09 
1.08 1.05 1.08 1.07 1.05 1.05 1.09 1.05 1.05 1.06 1.05 1.08 1.09 1.07 1.09 1.07 1.07 1.08 1.06 1.06 
1.08 1.05 1.09 1.08 1.07 1.08 1.06 1.06 1.07 1.08 1.09 1.05 1.05 1.09 1.07 1.08 1.09 1.08 1.06 1.09 
1.05 1.05 1.07 1.07 1.06 1.06 1.07 1.08 1.08 1.09 1.08 1.09 1.08 1.08 1.07 1.08 1.05 1.08 1.06 1.07 
1.09 1.06 1.08 1.07 1.07 1.06 1.05 1.07 1.08 1.08 1.08 1.08 1.09 1.06 1.08 1.07 1.07 1.09 1.07 1.07 
1.07 1.09 1.06 1.08 1.07 1.05 1.08 1.09 1.05 1.06 1.06 1.05 1.05 1.09 1.09 1.05 1.05 1.06 1.06 1.06 
1.09 1.05 1.09 1.06 1.07 1.08 1.06 1.08 1.07 1.06 1.09 1.09 1.09 1.08 1.08 1.08 1.06 1.09 1.06 1.05 
1.07 1.07 1.08 1.07 1.06 1.07 1.08 1.05 1.08 1.06 1.06 1.05 1.08 1.06 1.06 1.05 1.07 1.06 1.07 1.06 
1.09 1.08 1.09 1.06 1.09 1.08 1.06 1.08 1.05 1.08 1.07 1.06 1.09 1.09 1.07 1.05 1.09 1.09 1.08 1.07 
1.07 1.07 1.06 1.09 1.08 1.07 1.07 1.06 1.07 1.09 1.07 1.07 1.08 1.08 1.06 1.05 1.05 1.05 1.06 1.07 
1.05 1.06 1.05 1.09 1.05 1.08 1.05 1.08 1.08 1.08 1.05 1.06 1.05 1.08 1.06 1.09 1.05 1.07 1.09 1.05 
1.07 1.08 1.05 1.06 1.07 1.05 1.09 1.08 1.07 1.08 1.08 1.09 1.06 1.05 1.08 1.09 1.05 1.07 1.09 1.09 
1.06 1.09 1.08 1.05 1.08 1.08 1.09 1.09 1.07 1.08 1.07 1.08 1.08 1.09 1.08 1.06 1.06 1.07 1.08 1.08 
1.08 1.08 1.09 1.08 1.05 1.07 1.05 1.08 1.09 1.05 1.05 1.07 1.05 1.07 1.09 1.05 1.05 1.07 1.07 1.08 
1.06 1.08 1.08 1.07 1.05 1.07 1.05 1.05 1.05 1.07 1.05 1.09 1.05 1.07 1.07 1.05 1.09 1.09 1.09 1.05 
1.05 1.06 1.07 1.06 1.06 1.06 1.08 1.05 1.06 1.08 1.09 1.06 1.06 1.06 1.08 1.05 1.05 1.09 1.05 1.09 
1.05 1.05 1.08 1.07 1.05 1.09 1.08 1.05 1.09 1.06 1.08 1.06 1.05 1.06 1.05 1.08 1.06 1.08 1.05 1.08 
1.08 1.05 1.09 1.09 1.09 1.09 1.05 1.09 1.05 1.05 1.09 1.05 1.09 1.08 1.06 1.09 1.08 1.06 1.05 1.09 
1.06 1.09 1.07 1.08 1.05 1.06 1.05 1.06 1.05 1.05 1.08 1.09 1.07 1.08 1.05 1.08 1.07 1.08 1.05 1.07 
1.05 1.07 1.09 1.05 1.05 1.09 1.07 1.09 1.08 1.06 1.08 1.06 1.06 1.08 1.09 1.05 1.08 1.09 1.06 1.08 
1.08 1.07 1.06 1.07 1.05 1.06 1.07 1.09 1.09 1.09 1.07 1.08 1.05 1.09 1.05 1.06 1.07 1.07 1.05 1.08 
1.05 1.06 1.06 1.09 1.07 1.06 1.09 1.07 1.07 1.06 1.08 1.06 1.07 1.09 1.06 1.05 1.08 1.08 1.05 1.06 
1.08 1.08 1.06 1.09 1.05 1.07 1.05 1.09 1.07 1.07 1.07 1.09 1.07 1.08 1.06 1.09 1.08 1.07 1.07 1.09 
1.08 1.07 1.07 1.06 1.09 1.07 1.09 1.07 1.07 1.05 1.05 1.05 1.08 1.06 1.07 1.06 1.05 1.09 1.08 1.05 
1.06 1.08 1.08 1.05 1.06 1.06 1.06 1.05 1.08 1.07 1.09 1.07 1.06 1.09 1.09 1.07 1.08 1.07 1.09 1.09 
1.07 1.09 1.05 1.07 1.07 1.09 1.06 1.07 1.06 1.05 1.06 1.09 1.09 1.07 1.05 1.07 1.07 1.05 1.07 1.09 
1.09 1.07 1.06 1.07 1.08 1.05 1.05 1.08 1.09 1.09 1.07 1.05 1.07 1.08 1.07 1.08 1.06 1.09 1.05 1.09 
1.07 1.05 1.07 1.07 1.05 1.05 1.09 1.05 1.06 1.08 1.05 1.06 1.09 1.05 1.06 1.06 1.06 1.09 1.08 1.05 
1.07 1.05 1.08 1.07 1.05 1.07 1.06 1.05 1.07 1.09 1.06 1.07 1.08 1.08 1.06 1.09 1.06 1.06 1.09 1.06 
1.05 1.09 1.05 1.07 1.08 1.05 1.09 1.05 1.07 1.09 1.08 1.07 1.09 1.06 1.05 1.09 1.07 1.07 1.08 1.05 
1.07 1.07 1.08 1.09 1.07 1.07 1.08 1.06 1.08 1.05 1.06 1.07 1.06 1.06 1.08 1.06 1.06 1.05 1.07 1.07 
1.09 1.07 1.06 1.05 1.08 1.07 1.05 1.09 1.05 1.07 1.07 1.07 1.07 1.08 1.07 1.06 1.09 1.07 1.07 1.06 
1.07 1.06 1.08 1.09 1.07 1.07 1.05 1.05 1.09 1.09 1.09 1.06 1.05 1.08 1.09 1.09 1.09 1.06 1.08 1.05 
1.09 1.08 1.08 1.09 1.07 1.08 1.05 1.07 1.06 1.07 1.09 1.07 1.07 1.05 1.08 1.07 1.05 1.06 1.08 1.06 
1.07 1.08 1.05 1.06 1.06 1.09 1.07 1.06 1.09 1.09 1.07 1.05 1.08 1.09 1.09 1.07 1.05 1.05 1.08 1.06 
1.08 1.09 1.09 1.05 1.07 1.07 1.08 1.05 1.06 1.05 1.09 1.09 1.06 1.06 1.06 1.07 1.06 1.06 1.08 1.07 
1.09 1.06 1.08 1.08 1.06 1.05 1.08 1.05 1.05 1.05 1.06 1.05 1.06 1.07 1.08 1.08 1.05 1.07 1.08 1.07 
1.05 1.06 1.09 1.05 1.06 1.05 1.08 1.07 1.06 1.06 1.07 1.09 1.08 1.08 1.07 1.05 1.09 1.07 1.09 1.06 
1.07 1.06 1.09 1.06 1.06 1.08 1.09 1.09 1.06 1.07 1.09 1.07 1.09 1.05 1.09 1.05 1.05 1.09 1.06 1.06 
1.07 1.05 1.09 1.05 1.07 1.07 1.08 1.06 1.06 1.09 1.09 1.07 1.08 1.06 1.05 1.08 1.08 1.09 1.06 1.08 
1.08 1.09 1.05 1.07 1.06 1.05 1.06 1.05 1.06 1.08 1.08 1.08 1.08 1.06 1.06 1.08 1.09 1.07 1.09 1.08 
1.06 1.07 1.07 1.08 1.08 1.06 1.05 1.07 1.05 1.05 1.08 1.08 1.06 1.06 1.09 1.07 1.08 1.07 1.06 1.09 
1.08 1.06 1.07 1.06 1.08 1.08 1.08 1.08 1.09 1.08 1.06 1.05 1.09 1.08 1.09 1.07 1.05 1.09 1.05 1.09 
1.07 1.06 1.05 1.09 1.07 1.07 1.05 1.08 1.07 1.06 1.05 1.08 1.07 1.06 1.07 1.07 1.06 1.06 1.09 1.05 
1.08 1.09 1.07 1.09 1.05 1.07 1.06 1.09 1.05 1.09 1.09 1.09 1.06 1.05 1.07 1.07 1.08 1.06 1.07 1.08 
1.08 1.08 1.06 1.06 1.06 1.06 1.08 1.07 1.07 1.07 1.07 1.09 1.05 1.09 1.08 1.09 1.07 1.05 1.08 1.08 
1.09 1.06 1.06 1.08 1.07 1.05 1.07 1.06 1.08 1.05 1.07 1.06 1.07 1.09 1.06 1.05 1.09 1.05 1.08 1.09 
1.07 1.05 1.05 1.09 1.05 1.08 1.09 1.09 1.06 1.09 1.08 1.09 1.05 1.07 1.07 1.06 1.05 1.05 1.08 1.07 
1.05 1.09 1.09 1.06 1.08 1.09 1.06 1.09 1.09 1.06 1.06 1.05 1.08 1.09 1.09 1.05 1.07 1.05 1.09 1.05 
1.09 1.05 1.05 1.08 1.08 1.09 1.06 1.06 1.07 1.05 1.08 1.07 1.06 1.05 1.09 1.07 1.05 1.05 1.07 1.08 
1.08 1.05 1.09 1.07 1.06 1.07 1.06 1.05 1.07 1.07 1.05 1.07 1.05 1.05 1.09 1.06 1.08 1.08 1.08 1.07 
1.06 1.08 1.07 1.08 1.06 1.09 1.08 1.08 1.06 1.06 1.09 1.09 1.06 1.08 1.08 1.05 1.06 1.05 1.07 1.08 
1.06 1.05 1.07 1.08 1.07 1.09 1.06 1.09 1.09 1.05 1.08 1.08 1.09 1.06 1.05 1.09 1.07 1.08 1.08 1.08 
1.09 1.08 1.09 1.09 1.08 1.08 1.09 1.06 1.09 1.09 1.05 1.06 1.05 1.08 1.09 1.06 1.09 1.08 1.05 1.09 
1.05 1.08 1.08 1.05 1.09 1.09 1.06 1.06 1.06 1.05 1.09 1.06 1.07 1.07 1.07 1.08 1.07 1.06 1.07 1.09 
1.08 1.05 1.08 1.07 1.05 1.07 1.09 1.08 1.07 1.05 1.07 1.05 1.08 1.08 1.07 1.09 1.09 1.06 1.06 1.07 
1.05 1.06 1.06 1.05 1.05 1.09 1.06 1.07 1.08 1.09 1.08 1.08 1.07 1.07 1.08 1.06 1.05 1.05 1.08 1.07 
1.06 1.05 1.06 1.07 1.06 1.09 1.08 1.06 1.09 1.06 1.05 1.09 1.05 1.09 1.08 1.09 1.06 1.09 1.07 1.07 
1.09 1.09 1.06 1.05 1.07 1.05 1.06 1.08 1.08 1.09 1.05 1.06 1.08 1.06 1.07 1.07 1.07 1.06 1.09 1.07 
1.07 1.07 1.08 1.05 1.05 1.09 1.05 1.07 1.07 1.05 1.07 1.06 1.05 1.07 1.09 1.08 1.08 1.07 1.07 1.06 
1.08 1.07 1.05 1.09 1.08 1.08 1.08 1.07 1.07 1.05 1.05 1.06 1.09 1.07 1.06 1.06 1.06 1.09 1.07 1.07 
1.06 1.07 1.06 1.06 1.05 1.08 1.07 1.05 1.05 1.08 1.07 1.05 1.06 1.07 1.09 1.06 1.06 1.07 1.08 1.07 
1.07 1.08 1.06 1.07 1.07 1.08 1.09 1.06 1.05 1.07 1.05 1.07 1.07 1.05 1.05 1.08 1.07 1.09 1.05 1.07 
1.08 1.06 1.07 1.06 1.06 1.09 1.05 1.09 1.05 1.08 1.09 1.07 1.08 1.05 1.09 1.09 1.07 1.07 1.05 1.09 
1.07 1.05 1.08 1.05 1.08 1.06 1.06 1.09 1.09 1.09 1.06 1.06 1.07 1.06 1.06 1.05 1.06 1.05 1.09 1.09 
1.08 1.09 1.05 1.07 1.09 1.09 1.08 1.06 1.05 1.06 1.07 1.06 1.05 1.08 1.06 1.05 1.05 1.05 1.06 1.06 
1.08 1.08 1.05 1.06 1.08 1.06 1.05 1.08 1.06 1.05 1.07 1.05 1.05 1.06 1.06 1.06 1.09 1.09 1.08 1.06 
1.06 1.05 1.08 1.05 1.08 1.05 1.07 1.05 1.05 1.09 1.07 1.08 1.08 1.05 1.09 1.05 1.08 1.06 1.07 1.06 
1.09 1.09 1.09 1.05 1.06 1.05 1.09 1.08 1.08 1.09 1.06 1.06 1.09 1.05 1.08 1.08 1.08 1.07 1.05 1.05 
1.05 1.09 1.07 1.07 1.09 1.05 1.06 1.05 1.06 1.07 1.05 1.05 1.05 1.07 1.05 1.07 1.07 1.05 1.07 1.05 
1.05 1.07 1.08 1.07 1.08 1.07 1.09 1.06 1.06 1.07 1.07 1.06 1.07 1.07 1.08 1.06 1.08 1.06 1.05 1.09 
1.06 1.09 1.05 1.07 1.09 1.07 1.05 1.09 1.09 1.05 1.05 1.07 1.05 1.06 1.08 1.05 1.06 1.08 1.05 1.09 
1.05 1.09 1.06 1.06 1.06 1.06 1.09 1.05 1.06 1.09 1.09 1.07 1.08 1.08 1.09 1.06 1.09 1.08 1.07 1.05 
1.06 1.09 1.06 1.05 1.08 1.08 1.09 1.06 1.07 1.08 1.09 1.06 1.08 1.08 1.07 1.08 1.09 1.05 1.08 1.08 
1.07 1.08 1.06 1.09 1.05 1.09 1.08 1.07 1.06 1.05 1.06 1.09 1.08 1.06 1.07 1.06 1.09 1.09 1.06 1.05 
1.08 1.08 1.07 1.08 1.09 1.07 1.05 1.05 1.09 1.06 1.09 1.07 1.06 1.08 1.07 1.08 1.05 1.08 1.07 1.08 
1.07 1.05 1.08 1.06 1.09 1.07 1.05 1.05 1.08 1.09 1.06 1.05 1.09 1.07 1.06 1.08 1.09 1.05 1.05 1.06 
1.06 1.07 1.09 1.05 1.06 1.09 1.06 1.08 1.07 1.07 1.06 1.09 1.08 1.08 1.08 1.08 1.09 1.09 1.06 1.07 
1.09 1.09 1.06 1.05 1.07 1.09 1.05 1.08 1.05 1.06 1.05 1.09 1.06 1.06 1.07 1.06 1.07 1.05 1.06 1.07 
1.06 1.09 1.09 1.08 1.05 1.09 1.09 1.07 1.09 1.09 1.06 1.08 1.06 1.06 1.06 1.09 1.07 1.08 1.08 1.09 
1.07 1.05 1.09 1.07 1.08 1.06 1.08 1.05 1.05 1.05 1.08 1.09 1.07 1.07 1.06 1.07 1.06 1.08 1.09 1.08 
1.09 1.05 1.05 1.07 1.08 1.06 1.07 1.07 1.05 1.07 1.06 1.06 1.06 1.07 1.08 1.07 1.06 1.06 1.08 1.09 
1.05 1.05 1.07 1.09 1.06 1.07 1.07 1.07 1.06 1.06 1.09 1.07 1.07 1.09 1.08 1.06 1.09 1.07 1.05 1.09 
1.06 1.07 1.09 1.05 1.06 1.09 1.07 1.05 1.05 1.08 1.07 1.07 1.07 1.07 1.05 1.09 1.08 1.09 1.05 1.06 
