20
200
74 90 3 70 78 24 100 26 91 54 98 60 100 8 13 62 69 33 68 96 43 78 16 81 60 21 6 46 14 97 12 41 88 84 48 19 74 53 81 44 75 95 42 14 60 97 88 85 94 64 86 46 11 34 34 3 21 96 23 14 59 74 18 84 44 46 45 48 21 62 10 40 74 66 39 7 32 85 50 39 18 91 84 89 41 19 65 7 37 9 18 9 32 67 2 79 85 36 6 14 5 33 37 1 61 43 54 42 69 81 91 37 62 98 33 64 34 65 9 88 12 77 99 39 6 87 93 98 83 62 63 13 68 81 76 68 98 18 35 64 61 95 42 79 84 85 27 56 65 69 34 67 74 98 58 83 64 42 23 73 6 48 99 48 57 18 48 73 19 68 18 89 18 68 37 92 27 100 44 20 54 93 43 87 84 89 39 30 66 72 60 54 83 2 55 95 33 88 41 71 
1 2 3 1 3 2 3 3 2 3 2 3 1 2 3 2 1 3 2 1 
1.01 1.04 1.06 1.02 1.01 1.02 1.01 1.04 1.01 1.05 1.06 1.04 1.04 1.06 1.06 1.01 1.05 1.06 1.02 1.03 
1.05 1.06 1.02 1.03 1.02 1.05 1.03 1.06 1.01 1.06 1.01 1.01 1.01 1.06 1.06 1.03 1.05 1.04 1.03 1.04 
1.05 1.05 1.03 1.06 1.05 1.04 1.06 1.01 1.05 1.03 1.01 1.03 1.03 1.03 1.03 1.03 1.02 1.04 1.02 1.05 
1.01 1.03 1.01 1.05 1.04 1.06 1.04 1.01 1.02 1.06 1.01 1.06 1.06 1.04 1.02 1.06 1.05 1.03 1.02 1.02 
1.04 1.02 1.03 1.02 1.03 1.02 1.04 1.02 1.01 1.03 1.03 1.04 1.06 1.05 1.05 1.04 1.06 1.04 1.06 1.02 
1.02 1.01 1.05 1.04 1.06 1.02 1.04 1.01 1.05 1.03 1.04 1.01 1.04 1.05 1.05 1.01 1.03 1.04 1.06 1.05 
1.02 1.01 1.06 1.02 1.06 1.01 1.01 1.02 1.06 1.03 1.03 1.05 1.01 1.03 1.04 1.06 1.05 1.05 1.01 1.06 
1.03 1.03 1.04 1.05 1.05 1.03 1.01 1.02 1.04 1.03 1.03 1.02 1.05 1.01 1.01 1.03 1.02 1.02 1.02 1.02 
1.02 1.01 1.04 1.01 1.04 1.03 1.01 1.03 1.03 1.01 1.03 1.02 1.04 1.02 1.01 1.06 1.02 1.03 1.03 1.02 
1.02 1.03 1.01 1.03 1.05 1.01 1.06 1.01 1.03 1.06 1.01 1.01 1.04 1.04 1.01 1.05 1.02 1.02 1.06 1.03 
1.01 1.01 1.05 1.01 1.05 1.02 1.06 1.03 1.06 1.03 1.04 1.03 1.04 1.06 1.01 1.06 1.03 1.04 1.06 1.01 
1.03 1.04 1.06 1.02 1.05 1.05 1.06 1.02 1.05 1.05 1.05 1.03 1.05 1.05 1.03 1.01 1.02 1.02 1.03 1.02 
1.06 1.02 1.06 1.04 1.03 1.06 1.02 1.01 1.03 1.04 1.01 1.06 1.04 1.02 1.05 1.06 1.06 1.02 1.05 1.04 
1.04 1.03 1.01 1.05 1.03 1.02 1.03 1.05 1.06 1.04 1.06 1.02 1.06 1.04 1.04 1.01 1.01 1.06 1.02 1.03 
1.01 1.01 1.02 1.06 1.03 1.02 1.04 1.04 1.05 1.05 1.02 1.01 1.02 1.04 1.04 1.01 1.06 1.05 1.02 1.05 
1.04 1.02 1.01 1.05 1.01 1.01 1.06 1.05 1.03 1.03 1.03 1.06 1.06 1.03 1.06 1.03 1.01 1.04 1.03 1.03 
1.01 1.04 1.03 1.04 1.03 1.03 1.04 1.05 1.03 1.03 1.03 1.02 1.05 1.02 1.05 1.06 1.03 1.01 1.02 1.03 
1.05 1.05 1.06 1.01 1.03 1.02 1.06 1.04 1.01 1.06 1.01 1.05 1.01 1.05 1.04 1.03 1.05 1.03 1.04 1.01 
1.02 1.05 1.04 1.01 1.03 1.02 1.01 1.06 1.02 1.04 1.03 1.05 1.06 1.05 1.01 1.02 1.05 1.06 1.04 1.03 
1.06 1.02 1.05 1.01 1.03 1.01 1.05 1.03 1.03 1.06 1.04 1.06 1.01 1.01 1.01 1.01 1.02 1.02 1.03 1.04 
1.06 1.01 1.05 1.04 1.01 1.01 1.02 1.05 1.01 1.06 1.02 1.01 1.02 1.02 1.03 1.02 1.02 1.03 1.02 1.05 
1.06 1.01 1.06 1.06 1.03 1.06 1.02 1.01 1.05 1.06 1.05 1.05 1.02 1.06 1.03 1.04 1.04 1.01 1.06 1.05 
1.03 1.02 1.06 1.06 1.05 1.02 1.03 1.01 1.05 1.01 1.05 1.04 1.05 1.06 1.03 1.04 1.04 1.05 1.05 1.03 
1.01 1.05 1.05 1.03 1.06 1.06 1.05 1.06 1.02 1.01 1.03 1.05 1.03 1.05 1.04 1.02 1.06 1.01 1.04 1.02 
1.04 1.02 1.05 1.05 1.05 1.05 1.06 1.02 1.04 1.06 1.04 1.04 1.03 1.01 1.04 1.01 1.06 1.02 1.05 1.06 
1.06 1.03 1.01 1.01 1.02 1.04 1.02 1.06 1.06 1.01 1.02 1.03 1.03 1.02 1.03 1.06 1.06 1.03 1.01 1.03 
1.03 1.06 1.03 1.04 1.05 1.03 1.06 1.01 1.01 1.04 1.02 1.01 1.02 1.05 1.05 1.05 1.05 1.03 1.02 1.05 
1.03 1.05 1.03 1.02 1.05 1.05 1.03 1.06 1.02 1.02 1.04 1.01 1.02 1.05 1.04 1.05 1.03 1.06 1.03 1.05 
1.04 1.02 1.04 1.06 1.06 1.03 1.05 1.04 1.04 1.06 1.04 1.05 1.06 1.06 1.06 1.05 1.01 1.05 1.03 1.03 
1.06 1.03 1.01 1.04 1.04 1.03 1.05 1.06 1.01 1.06 1.06 1.02 1.05 1.04 1.05 1.02 1.04 1.02 1.06 1.02 
1.06 1.03 1.02 1.04 1.06 1.04 1.01 1.01 1.04 1.04 1.06 1.06 1.01 1.04 1.02 1.05 1.05 1.05 1.02 1.06 
1.01 1.05 1.04 1.01 1.01 1.04 1.04 1.04 1.01 1.06 1.04 1.04 1.02 1.02 1.03 1.01 1.03 1.05 1.05 1.02 
1.05 1.02 1.02 1.05 1.01 1.02 1.04 1.06 1.05 1.03 1.04 1.01 1.01 1.02 1.03 1.05 1.01 1.01 1.05 1.04 
1.05 1.04 1.01 1.03 1.06 1.02 1.02 1.02 1.06 1.06 1.06 1.01 1.02 1.06 1.03 1.01 1.05 1.05 1.02 1.06 
1.06 1.04 1.04 1.03 1.02 1.04 1.01 1.05 1.03 1.02 1.04 1.03 1.04 1.05 1.04 1.06 1.06 1.05 1.02 1.02 
1.04 1.04 1.06 1.05 1.03 1.02 1.06 1.01 1.06 1.05 1.04 1.05 1.01 1.06 1.02 1.05 1.03 1.05 1.03 1.03 
1.01 1.03 1.02 1.06 1.05 1.01 1.05 1.04 1.05 1.02 1.03 1.02 1.03 1.01 1.04 1.03 1.01 1.01 1.05 1.01 
1.04 1.06 1.02 1.04 1.06 1.02 1.04 1.06 1.03 1.06 1.01 1.05 1.04 1.03 1.04 1.04 1.03 1.02 1.06 1.01 
1.05 1.05 1.01 1.01 1.02 1.02 1.04 1.04 1.03 1.04 1.02 1.06 1.04 1.06 1.05 1.03 1.03 1.02 1.01 1.06 
1.02 1.05 1.03 1.01 1.05 1.02 1.06 1.05 1.06 1.01 1.06 1.02 1.04 1.01 1.01 1.02 1.05 1.03 1.04 1.01 
1.03 1.05 1.06 1.06 1.03 1.02 1.03 1.04 1.01 1.06 1.01 1.06 1.01 1.04 1.03 1.04 1.03 1.04 1.02 1.01 
1.02 1.05 1.01 1.05 1.06 1.02 1.05 1.05 1.05 1.04 1.05 1.05 1.06 1.02 1.03 1.02 1.05 1.03 1.02 1.05 
1.05 1.06 1.06 1.04 1.04 1.01 1.06 1.04 1.05 1.03 1.06 1.02 1.06 1.06 1.05 1.05 1.02 1.04 1.03 1.01 
1.05 1.01 1.01 1.06 1.01 1.05 1.06 1.04 1.05 1.01 1.05 1.04 1.01 1.04 1.04 1.06 1.04 1.06 1.01 1.05 
1.03 1.03 1.06 1.04 1.04 1.03 1.05 1.02 1.04 1.02 1.06 1.02 1.05 1.04 1.02 1.03 1.04 1.04 1.03 1.01 
1.04 1.05 1.02 1.04 1.01 1.05 1.02 1.02 1.02 1.03 1.06 1.03 1.01 1.05 1.03 1.02 1.04 1.02 1.04 1.05 
1.03 1.02 1.05 1.05 1.04 1.01 1.05 1.04 1.06 1.06 1.06 1.06 1.04 1.05 1.01 1.04 1.02 1.04 1.05 1.06 
1.04 1.06 1.03 1.03 1.02 1.01 1.06 1.06 1.02 1.05 1.02 1.01 1.06 1.01 1.02 1.06 1.04 1.03 1.03 1.04 
1.03 1.05 1.02 1.02 1.03 1.03 1.03 1.06 1.02 1.03 1.05 1.05 1.05 1.04 1.06 1.03 1.05 1.06 1.01 1.03 
1.03 1.04 1.05 1.03 1.04 1.02 1.04 1.04 1.02 1.02 1.06 1.03 1.06 1.03 1.03 1.04 1.04 1.03 1.05 1.01 
1.01 1.01 1.04 1.05 1.01 1.05 1.03 1.04 1.06 1.03 1.06 1.03 1.04 1.03 1.02 1.06 1.03 1.05 1.06 1.02 
1.03 1.05 1.02 1.01 1.04 1.04 1.03 1.02 1.02 1.01 1.02 1.01 1.01 1.06 1.04 1.05 1.03 1.06 1.05 1.04 
1.04 1.02 1.06 1.06 1.01 1.04 1.05 1.06 1.05 1.01 1.01 1.01 1.04 1.01 1.05 1.04 1.05 1.04 1.05 1.03 
1.06 1.05 1.03 1.04 1.03 1.02 1.04 1.04 1.04 1.06 1.01 1.02 1.04 1.03 1.01 1.03 1.02 1.04 1.06 1.02 
1.04 1.01 1.05 1.04 1.05 1.04 1.03 1.01 1.02 1.03 1.02 1.03 1.06 1.06 1.05 1.02 1.06 1.01 1.01 1.04 
1.02 1.03 1.03 1.01 1.04 1.02 1.05 1.01 1.03 1.01 1.01 1.02 1.04 1.06 1.05 1.03 1.02 1.06 1.06 1.02 
1.02 1.03 1.05 1.03 1.03 1.02 1.03 1.05 1.04 1.01 1.01 1.01 1.04 1.01 1.03 1.02 1.03 1.01 1.01 1.02 
1.01 1.02 1.01 1.06 1.03 1.05 1.01 1.03 1.04 1.05 1.02 1.01 1.03 1.02 1.01 1.03 1.02 1.06 1.06 1.06 
1.04 1.01 1.02 1.03 1.01 1.01 1.04 1.02 1.06 1.01 1.04 1.04 1.06 1.04 1.06 1.01 1.06 1.02 1.03 1.01 
1.04 1.05 1.02 1.06 1.03 1.06 1.03 1.02 1.03 1.05 1.01 1.05 1.03 1.01 1.04 1.02 1.01 1.02 1.03 1.06 
1.05 1.03 1.05 1.06 1.04 1.03 1.02 1.02 1.04 1.04 1.06 1.06 1.05 1.05 1.03 1.02 1.02 1.06 1.04 1.01 
1.03 1.01 1.04 1.05 1.05 1.04 1.01 1.05 1.05 1.06 1.03 1.05 1.05 1.03 1.04 1.02 1.06 1.03 1.02 1.03 
1.04 1.05 1.04 1.01 1.03 1.03 1.04 1.04 1.05 1.06 1.05 1.02 1.06 1.06 1.03 1.03 1.03 1.01 1.06 1.06 
1.06 1.04 1.04 1.01 1.03 1.02 1.03 1.05 1.01 1.02 1.01 1.06 1.04 1.05 1.05 1.05 1.03 1.05 1.03 1.05 
1.02 1.05 1.05 1.04 1.05 1.01 1.02 1.05 1.01 1.04 1.06 1.06 1.02 1.02 1.06 1.01 1.01 1.02 1.04 1.04 
1.01 1.04 1.01 1.02 1.05 1.06 1.04 1.05 1.04 1.02 1.04 1.04 1.05 1.06 1.04 1.05 1.02 1.05 1.04 1.03 
1.04 1.01 1.01 1.01 1.01 1.02 1.03 1.03 1.05 1.05 1.05 1.02 1.04 1.06 1.06 1.01 1.05 1.02 1.03 1.04 
1.02 1.02 1.04 1.03 1.05 1.01 1.06 1.02 1.04 1.02 1.06 1.01 1.03 1.06 1.01 1.03 1.04 1.04 1.05 1.05 
1.06 1.03 1.04 1.06 1.05 1.05 1.03 1.02 1.03 1.01 1.02 1.03 1.01 1.03 1.02 1.04 1.04 1.04 1.01 1.03 
1.04 1.01 1.06 1.03 1.04 1.05 1.01 1.05 1.04 1.02 1.02 1.04 1.01 1.04 1.03 1.01 1.06 1.03 1.06 1.01 
1.04 1.03 1.02 1.02 1.04 1.05 1.01 1.06 1.05 1.06 1.04 1.01 1.04 1.06 1.02 1.04 1.04 1.02 1.05 1.06 
1.04 1.04 1.02 1.03 1.03 1.03 1.06 1.06 1.01 1.03 1.01 1.04 1.02 1.04 1.01 1.04 1.06 1.03 1.06 1.05 
1.03 1.04 1.04 1.05 1.01 1.05 1.02 1.05 1.05 1.05 1.03 1.06 1.06 1.04 1.02 1.06 1.04 1.04 1.01 1.05 
1.02 1.03 1.01 1.02 1.02 1.04 1.02 1.04 1.02 1.05 1.02 1.06 1.04 1.06 1.05 1.02 1.04 1.02 1.01 1.06 
1.04 1.03 1.06 1.05 1.05 1.04 1.03 1.01 1.06 1.04 1.05 1.01 1.06 1.05 1.04 1.04 1.02 1.04 1.03 1.03 
1.06 1.03 1.04 1.02 1.05 1.01 1.01 1.05 1.06 1.05 1.04 1.06 1.06 1.06 1.04 1.02 1.04 1.03 1.05 1.05 
1.01 1.02 1.01 1.05 1.02 1.03 1.06 1.06 1.03 1.02 1.04 1.04 1.06 1.04 1.05 1.02 1.01 1.03 1.06 1.03 
1.01 1.04 1.02 1.05 1.01 1.02 1.02 1.03 1.01 1.05 1.06 1.02 1.05 1.02 1.06 1.04 1.02 1.01 1.02 1.06 
1.02 1.02 1.02 1.02 1.02 1.06 1.02 1.01 1.05 1.04 1.05 1.03 1.01 1.03 1.06 1.01 1.06 1.03 1.04 1.05 
1.01 1.04 1.05 1.03 1.02 1.06 1.02 1.01 1.06 1.06 1.06 1.05 1.05 1.04 1.05 1.06 1.04 1.03 1.05 1.01 
1.01 1.06 1.06 1.03 1.01 1.06 1.01 1.02 1.06 1.03 1.06 1.05 1.04 1.02 1.04 1.01 1.04 1.02 1.02 1.01 
1.02 1.06 1.05 1.01 1.03 1.02 1.06 1.06 1.02 1.01 1.06 1.01 1.05 1.01 1.05 1.06 1.06 1.06 1.06 1.06 
1.02 1.02 1.05 1.04 1.01 1.05 1.01 1.01 1.05 1.04 1.06 1.05 1.06 1.04 1.03 1.03 1.01 1.05 1.01 1.05 
1.04 1.02 1.01 1.03 1.04 1.05 1.05 1.01 1.06 1.01 1.02 1.02 1.04 1.02 1.03 1.05 1.03 1.03 1.03 1.02 
1.05 1.03 1.04 1.03 1.01 1.05 1.06 1.06 1.05 1.06 1.06 1.03 1.04 1.01 1.05 1.02 1.03 1.05 1.02 1.03 
1.06 1.02 1.02 1.06 1.06 1.04 1.02 1.03 1.02 1.02 1.04 1.01 1.01 1.01 1.05 1.06 1.04 1.01 1.05 1.05 
1.06 1.01 1.04 1.01 1.04 1.01 1.04 1.06 1.01 1.05 1.03 1.03 1.01 1.04 1.02 1.05 1.01 1.02 1.03 1.01 
1.02 1.03 1.06 1.01 1.02 1.03 1.01 1.04 1.03 1.06 1.04 1.03 1.04 1.03 1.05 1.05 1.05 1.06 1.02 1.02 
1.06 1.04 1.01 1.02 1.03 1.06 1.02 1.04 1.04 1.05 1.03 1.01 1.04 1.02 1.06 1.06 1.03 1.05 1.04 1.02 
1.06 1.02 1.01 1.05 1.02 1.06 1.01 1.06 1.06 1.01 1.04 1.01 1.02 1.03 1.03 1.01 1.03 1.03 1.02 1.01 
1.05 1.04 1.01 1.04 1.04 1.01 1.02 1.01 1.06 1.02 1.06 1.06 1.02 1.03 1.05 1.02 1.05 1.04 1.03 1.03 
1.04 1.06 1.05 1.03 1.01 1.04 1.01 1.06 1.02 1.01 1.01 1.04 1.05 1.05 1.01 1.06 1.02 1.04 1.01 1.01 
1.05 1.06 1.06 1.03 1.06 1.02 1.02 1.02 1.01 1.05 1.05 1.02 1.01 1.03 1.01 1.02 1.05 1.03 1.01 1.02 
1.02 1.03 1.02 1.01 1.03 1.06 1.03 1.03 1.06 1.05 1.05 1.03 1.01 1.03 1.03 1.04 1.06 1.01 1.02 1.04 
1.01 1.03 1.01 1.02 1.05 1.02 1.06 1.01 1.04 1.05 1.03 1.02 1.04 1.02 1.05 1.02 1.05 1.02 1.03 1.02 
1.05 1.04 1.02 1.04 1.03 1.06 1.01 1.01 1.05 1.01 1.02 1.05 1.02 1.02 1.04 1.03 1.05 1.05 1.03 1.04 
1.02 1.01 1.02 1.05 1.03 1.04 1.04 1.04 1.06 1.04 1.03 1.06 1.03 1.03 1.05 1.01 1.04 1.05 1.06 1.05 
1.04 1.06 1.05 1.04 1.06 1.04 1.02 1.01 1.02 1.06 1.06 1.04 1.01 1.01 1.05 1.04 1.01 1.04 1.05 1.06 
1.03 1.04 1.02 1.01 1.03 1.02 1.02 1.05 1.01 1.05 1.06 1.04 1.02 1.03 1.05 1.04 1.05 1.02 1.06 1.03 
1.03 1.06 1.05 1.02 1.01 1.04 1.03 1.06 1.02 1.06 1.03 1.06 1.04 1.01 1.04 1.03 1.06 1.05 1.05 1.03 
1.06 1.04 1.06 1.05 1.01 1.04 1.04 1.02 1.01 1.02 1.06 1.03 1.05 1.05 1.04 1.01 1.01 1.02 1.04 1.06 
1.03 1.04 1.05 1.03 1.03 1.01 1.01 1.05 1.01 1.05 1.05 1.01 1.05 1.03 1.04 1.06 1.05 1.05 1.03 1.05 
1.04 1.06 1.04 1.05 1.04 1.02 1.04 1.02 1.04 1.01 1.01 1.01 1.03 1.01 1.02 1.01 1.03 1.04 1.05 1.05 
1.04 1.04 1.03 1.02 1.05 1.04 1.06 1.02 1.05 1.03 1.02 1.03 1.02 1.02 1.01 1.05 1.06 1.02 1.06 1.04 
1.03 1.05 1.02 1.02 1.03 1.05 1.03 1.04 1.01 1.04 1.01 1.04 1.01 1.04 1.03 1.04 1.03 1.05 1.03 1.04 
1.06 1.04 1.03 1.05 1.03 1.02 1.03 1.02 1.06 1.03 1.02 1.06 1.02 1.06 1.01 1.01 1.03 1.01 1.01 1.06 
1.02 1.05 1.05 1.03 1.02 1.01 1.05 1.05 1.05 1.02 1.06 1.06 1.01 1.05 1.06 1.03 1.01 1.02 1.06 1.02 
1.03 1.05 1.04 1.05 1.03 1.06 1.01 1.01 1.03 1.03 1.05 1.01 1.05 1.03 1.05 1.05 1.03 1.05 1.01 1.02 
1.02 1.05 1.03 1.04 1.02 1.06 1.06 1.03 1.02 1.06 1.05 1.04 1.03 1.06 1.06 1.05 1.01 1.03 1.04 1.05 
1.03 1.02 1.02 1.02 1.02 1.04 1.02 1.01 1.02 1.06 1.05 1.04 1.06 1.03 1.02 1.05 1.01 1.06 1.01 1.04 
1.02 1.01 1.05 1.06 1.02 1.04 1.05 1.01 1.01 1.03 1.06 1.02 1.03 1.02 1.05 1.01 1.01 1.04 1.03 1.02 
1.01 1.06 1.04 1.05 1.06 1.02 1.02 1.05 1.06 1.05 1.03 1.01 1.01 1.06 1.02 1.03 1.05 1.02 1.04 1.04 
1.03 1.03 1.05 1.05 1.01 1.05 1.06 1.03 1.05 1.06 1.02 1.03 1.06 1.02 1.05 1.06 1.03 1.05 1.03 1.03 
1.03 1.03 1.05 1.02 1.01 1.05 1.04 1.04 1.02 1.02 1.01 1.05 1.06 1.05 1.06 1.05 1.01 1.01 1.05 1.01 
1.01 1.04 1.01 1.02 1.05 1.06 1.02 1.05 1.05 1.04 1.05 1.04 1.02 1.03 1.04 1.03 1.03 1.05 1.01 1.04 
1.03 1.03 1.06 1.03 1.01 1.06 1.02 1.01 1.03 1.02 1.04 1.03 1.01 1.02 1.05 1.02 1.05 1.06 1.01 1.03 
1.03 1.06 1.06 1.05 1.01 1.04 1.06 1.05 1.06 1.04 1.05 1.06 1.06 1.01 1.05 1.05 1.01 1.03 1.03 1.01 
1.05 1.05 1.06 1.03 1.02 1.02 1.04 1.05 1.05 1.04 1.02 1.04 1.06 1.03 1.01 1.03 1.02 1.02 1.03 1.02 
1.05 1.06 1.01 1.03 1.04 1.03 1.06 1.02 1.04 1.04 1.03 1.06 1.05 1.05 1.02 1.03 1.01 1.02 1.06 1.01 
1.04 1.04 1.02 1.03 1.01 1.01 1.03 1.05 1.03 1.04 1.02 1.05 1.02 1.03 1.06 1.06 1.02 1.05 1.06 1.04 
1.06 1.05 1.03 1.04 1.03 1.02 1.06 1.03 1.04 1.06 1.01 1.02 1.06 1.04 1.06 1.03 1.02 1.01 1.02 1.06 
1.05 1.04 1.03 1.02 1.05 1.06 1.04 1.05 1.02 1.03 1.02 1.06 1.04 1.01 1.01 1.03 1.01 1.01 1.02 1.06 
1.06 1.02 1.02 1.06 1.01 1.06 1.02 1.03 1.03 1.03 1.06 1.05 1.03 1.01 1.04 1.01 1.01 1.05 1.01 1.03 
1.05 1.06 1.02 1.02 1.05 1.04 1.01 1.04 1.04 1.06 1.06 1.05 1.04 1.05 1.06 1.06 1.02 1.06 1.02 1.02 
1.03 1.06 1.01 1.02 1.04 1.03 1.04 1.05 1.01 1.05 1.06 1.05 1.04 1.06 1.06 1.02 1.06 1.03 1.06 1.02 
1.01 1.01 1.05 1.02 1.02 1.01 1.03 1.05 1.06 1.06 1.04 1.04 1.01 1.04 1.04 1.02 1.06 1.04 1.01 1.05 
1.03 1.04 1.05 1.02 1.05 1.06 1.01 1.05 1.03 1.06 1.04 1.01 1.06 1.04 1.06 1.06 1.02 1.06 1.03 1.04 
1.01 1.03 1.05 1.04 1.01 1.04 1.03 1.01 1.01 1.02 1.01 1.01 1.06 1.03 1.06 1.03 1.03 1.01 1.05 1.02 
1.05 1.06 1.05 1.03 1.04 1.01 1.02 1.05 1.01 1.03 1.04 1.01 1.04 1.03 1.03 1.04 1.02 1.06 1.06 1.05 
1.02 1.04 1.03 1.05 1.05 1.02 1.06 1.05 1.02 1.03 1.04 1.01 1.06 1.03 1.06 1.05 1.04 1.04 1.06 1.05 
1.02 1.02 1.01 1.03 1.04 1.06 1.04 1.04 1.05 1.04 1.02 1.02 1.04 1.04 1.05 1.06 1.02 1.03 1.05 1.05 
1.01 1.04 1.05 1.02 1.03 1.05 1.01 1.05 1.06 1.04 1.05 1.06 1.02 1.03 1.05 1.01 1.05 1.02 1.01 1.01 
1.06 1.04 1.06 1.02 1.04 1.04 1.04 1.06 1.02 1.04 1.01 1.01 1.03 1.06 1.06 1.04 1.05 1.06 1.02 1.02 
1.01 1.01 1.02 1.04 1.02 1.02 1.02 1.02 1.02 1.01 1.01 1.06 1.04 1.02 1.02 1.04 1.04 1.03 1.06 1.04 
1.04 1.03 1.05 1.04 1.04 1.01 1.06 1.05 1.04 1.05 1.06 1.01 1.05 1.02 1.02 1.06 1.04 1.06 1.04 1.03 
1.02 1.01 1.04 1.06 1.06 1.05 1.06 1.05 1.02 1.03 1.03 1.01 1.06 1.03 1.04 1.06 1.01 1.05 1.01 1.02 
1.01 1.02 1.06 1.03 1.03 1.04 1.06 1.06 1.06 1.01 1.01 1.05 1.05 1.04 1.06 1.06 1.04 1.01 1.05 1.06 
1.04 1.06 1.06 1.04 1.03 1.04 1.01 1.03 1.03 1.04 1.01 1.05 1.06 1.02 1.04 1.01 1.06 1.03 1.04 1.05 
1.05 1.04 1.02 1.05 1.04 1.05 1.06 1.04 1.01 1.05 1.03 1.03 1.06 1.04 1.05 1.02 1.06 1.06 1.03 1.02 
1.06 1.05 1.05 1.02 1.04 1.04 1.04 1.04 1.02 1.05 1.06 1.06 1.06 1.05 1.03 1.01 1.02 1.06 1.04 1.02 
1.05 1.03 1.02 1.05 1.06 1.01 1.04 1.04 1.01 1.02 1.05 1.06 1.04 1.06 1.01 1.01 1.02 1.06 1.01 1.01 
1.06 1.03 1.04 1.05 1.01 1.05 1.06 1.02 1.03 1.01 1.06 1.03 1.05 1.02 1.02 1.01 1.04 1.01 1.02 1.01 
1.04 1.02 1.04 1.05 1.04 1.05 1.05 1.06 1.04 1.01 1.05 1.06 1.05 1.04 1.05 1.04 1.05 1.03 1.06 1.03 
1.03 1.01 1.06 1.05 1.06 1.06 1.06 1.06 1.04 1.02 1.01 1.05 1.04 1.06 1.05 1.03 1.03 1.02 1.06 1.02 
1.05 1.02 1.06 1.04 1.03 1.06 1.04 1.04 1.05 1.01 1.01 1.01 1.03 1.02 1.01 1.01 1.06 1.03 1.05 1.03 
1.02 1.05 1.01 1.05 1.02 1.02 1.05 1.01 1.04 1.03 1.06 1.02 1.04 1.04 1.06 1.01 1.03 1.06 1.05 1.06 
1.03 1.03 1.02 1.01 1.02 1.02 1.02 1.06 1.04 1.06 1.05 1.01 1.01 1.04 1.03 1.04 1.03 1.05 1.04 1.05 
1.02 1.06 1.01 1.02 1.05 1.02 1.04 1.05 1.03 1.02 1.06 1.02 1.02 1.02 1.05 1.06 1.01 1.05 1.04 1.02 
1.02 1.05 1.06 1.01 1.04 1.01 1.06 1.01 1.03 1.01 1.02 1.04 1.03 1.03 1.06 1.05 1.05 1.04 1.04 1.03 
1.02 1.06 1.05 1.02 1.05 1.04 1.02 1.01 1.01 1.02 1.02 1.03 1.03 1.01 1.06 1.03 1.02 1.06 1.06 1.01 
1.05 1.02 1.03 1.02 1.05 1.04 1.06 1.03 1.01 1.03 1.04 1.06 1.05 1.02 1.05 1.05 1.04 1.04 1.02 1.05 
1.02 1.05 1.01 1.02 1.06 1.04 1.04 1.06 1.03 1.05 1.05 1.05 1.04 1.03 1.04 1.03 1.05 1.02 1.03 1.04 
1.01 1.03 1.04 1.02 1.06 1.06 1.03 1.03 1.05 1.02 1.03 1.05 1.02 1.01 1.04 1.01 1.02 1.01 1.01 1.01 
1.03 1.02 1.05 1.02 1.04 1.02 1.02 1.04 1.04 1.01 1.05 1.01 1.01 1.06 1.02 1.03 1.06 1.02 1.04 1.05 
1.05 1.05 1.06 1.01 1.04 1.02 1.02 1.01 1.01 1.02 1.06 1.03 1.05 1.05 1.04 1.06 1.04 1.01 1.01 1.02 
1.02 1.06 1.04 1.05 1.06 1.06 1.03 1.02 1.04 1.06 1.01 1.02 1.03 1.05 1.05 1.06 1.03 1.01 1.02 1.03 
1.03 1.05 1.06 1.05 1.06 1.02 1.04 1.02 1.02 1.04 1.01 1.03 1.02 1.06 1.06 1.02 1.05 1.03 1.02 1.05 
1.04 1.04 1.05 1.03 1.02 1.06 1.02 1.03 1.01 1.05 1.06 1.05 1.06 1.02 1.04 1.06 1.05 1.03 1.01 1.06 
1.01 1.01 1.06 1.05 1.03 1.05 1.06 1.05 1.05 1.01 1.02 1.01 1.02 1.05 1.01 1.05 1.01 1.06 1.02 1.01 
1.01 1.05 1.04 1.01 1.06 1.05 1.03 1.05 1.02 1.05 1.03 1.04 1.03 1.02 1.01 1.05 1.05 1.03 1.05 1.04 
1.03 1.06 1.03 1.02 1.02 1.03 1.06 1.02 1.02 1.06 1.01 1.05 1.06 1.04 1.05 1.05 1.01 1.03 1.02 1.04 
1.03 1.06 1.06 1.05 1.05 1.03 1.06 1.05 1.01 1.01 1.05 1.03 1.05 1.06 1.01 1.02 1.02 1.03 1.03 1.03 
1.01 1.02 1.05 1.06 1.02 1.06 1.03 1.05 1.04 1.02 1.02 1.02 1.04 1.02 1.04 1.06 1.04 1.03 1.05 1.04 
1.02 1.03 1.04 1.01 1.01 1.06 1.05 1.03 1.04 1.06 1.06 1.04 1.05 1.03 1.01 1.03 1.02 1.04 1.02 1.04 
1.02 1.01 1.05 1.05 1.05 1.03 1.04 1.02 1.06 1.04 1.01 1.01 1.02 1.06 1.05 1.02 1.04 1.04 1.01 1.03 
1.02 1.03 1.01 1.01 1.03 1.06 1.04 1.04 1.06 1.02 1.01 1.04 1.06 1.04 1.05 1.05 1.06 1.01 1.01 1.02 
1.04 1.04 1.05 1.03 1.02 1.04 1.06 1.02 1.05 1.05 1.03 1.03 1.06 1.03 1.02 1.01 1.05 1.03 1.06 1.04 
1.01 1.05 1.03 1.04 1.02 1.02 1.01 1.03 1.05 1.01 1.01 1.06 1.05 1.05 1.01 1.03 1.04 1.02 1.01 1.03 
1.02 1.02 1.02 1.02 1.06 1.02 1.02 1.01 1.04 1.04 1.03 1.04 1.04 1.01 1.02 1.06 1.06 1.01 1.01 1.06 
1.02 1.06 1.06 1.02 1.06 1.03 1.01 1.01 1.03 1.04 1.05 1.02 1.06 1.02 1.04 1.04 1.01 1.03 1.06 1.04 
1.01 1.05 1.05 1.03 1.03 1.03 1.03 1.06 1.01 1.05 1.01 1.03 1.03 1.04 1.01 1.02 1.03 1.04 1.06 1.04 
1.04 1.04 1.01 1.01 1.04 1.02 1.06 1.02 1.02 1.05 1.06 1.03 1.06 1.06 1.06 1.04 1.03 1.05 1.01 1.05 
1.04 1.05 1.02 1.03 1.01 1.06 1.02 1.05 1.04 1.06 1.04 1.02 1.01 1.02 1.02 1.05 1.04 1.06 1.02 1.02 
1.06 1.04 1.02 1.04 1.04 1.06 1.03 1.06 1.05 1.06 1.01 1.04 1.06 1.01 1.04 1.04 1.01 1.02 1.01 1.04 
1.06 1.05 1.03 1.04 1.05 1.06 1.05 1.02 1.03 1.03 1.06 1.02 1.05 1.03 1.06 1.03 1.04 1.04 1.01 1.04 
1.01 1.04 1.01 1.03 1.02 1.04 1.03 1.02 1.02 1.06 1.05 1.02 1.06 1.06 1.05 1.04 1.04 1.05 1.03 1.01 
1.04 1.02 1.05 1.05 1.04 1.06 1.01 1.05 1.04 1.06 1.06 1.03 1.01 1.04 1.06 1.04 1.02 1.06 1.02 1.05 
1.04 1.06 1.06 1.02 1.04 1.01 1.01 1.05 1.05 1.03 1.01 1.03 1.05 1.03 1.03 1.02 1.01 1.01 1.02 1.04 
1.05 1.03 1.02 1.06 1.01 1.04 1.04 1.06 1.04 1.02 1.02 1.04 1.03 1.02 1.04 1.04 1.01 1.01 1.04 1.06 
1.01 1.01 1.04 1.03 1.02 1.01 1.02 1.01 1.01 1.01 1.04 1.03 1.01 1.01 1.01 1.05 1.03 1.01 1.03 1.01 
1.01 1.06 1.05 1.03 1.06 1.04 1.04 1.04 1.06 1.03 1.06 1.04 1.03 1.04 1.03 1.04 1.02 1.04 1.05 1.01 
1.03 1.06 1.02 1.03 1.05 1.06 1.02 1.05 1.05 1.03 1.02 1.06 1.06 1.06 1.03 1.02 1.06 1.06 1.04 1.01 
1.05 1.05 1.01 1.06 1.05 1.04 1.02 1.06 1.04 1.06 1.03 1.04 1.05 1.03 1.05 1.03 1.02 1.04 1.05 1.05 
1.03 1.02 1.03 1.02 1.05 1.03 1.06 1.03 1.06 1.01 1.05 1.01 1.01 1.01 1.03 1.06 1.05 1.03 1.05 1.02 
1.01 1.01 1.04 1.06 1.02 1.02 1.02 1.04 1.02 1.03 1.06 1.04 1.05 1.02 1.06 1.04 1.05 1.06 1.02 1.01 
1.06 1.03 1.01 1.03 1.03 1.06 1.01 1.01 1.04 1.02 1.06 1.02 1.03 1.02 1.04 1.04 1.02 1.04 1.04 1.02 
1.04 1.05 1.01 1.01 1.05 1.01 1.04 1.01 1.04 1.03 1.04 1.06 1.02 1.03 1.04 1.02 1.01 1.05 1.03 1.04 
1.01 1.06 1.06 1.01 1.01 1.05 1.03 1.03 1.04 1.01 1.06 1.04 1.04 1.03 1.04 1.06 1.01 1.04 1.03 1.02 
1.05 1.05 1.05 1.01 1.04 1.04 1.01 1.03 1.06 1.06 1.05 1.02 1.03 1.05 1.05 1.03 1.06 1.05 1.05 1.04 
1.03 1.03 1.02 1.04 1.05 1.01 1.06 1.04 1.03 1.05 1.03 1.04 1.05 1.02 1.05 1.02 1.02 1.06 1.06 1.03 
1.01 1.04 1.04 1.04 1.04 1.04 1.03 1.01 1.06 1.05 1.03 1.04 1.05 1.04 1.04 1.04 1.04 1.06 1.02 1.01 
1.01 1.03 1.01 1.03 1.06 1.03 1.06 1.04 1.04 1.01 1.05 1.03 1.04 1.03 1.05 1.05 1.03 1.01 1.05 1.04 
1.06 1.01 1.04 1.05 1.01 1.02 1.02 1.01 1.03 1.01 1.01 1.02 1.06 1.02 1.05 1.06 1.05 1.06 1.03 1.04 
1.06 1.02 1.03 1.04 1.03 1.05 1.04 1.04 1.01 1.02 1.06 1.03 1.04 1.03 1.04 1.03 1.04 1.06 1.01 1.02 
1.01 1.06 1.05 1.01 1.05 1.01 1.06 1.06 1.05 1.06 1.04 1.03 1.04 1.06 1.06 1.04 1.01 1.06 1.03 1.02 
1.04 1.03 1.06 1.03 1.01 1.03 1.05 1.05 1.04 1.01 1.04 1.06 1.05 1.01 1.02 1.01 1.05 1.04 1.06 1.02 
1.03 1.06 1.03 1.04 1.06 1.03 1.02 1.06 1.03 1.06 1.02 1.06 1.04 1.04 1.05 1.04 1.06 1.05 1.05 1.03 
1.01 1.03 1.05 1.02 1.05 1.05 1.01 1.01 1.02 1.01 1.01 1.05 1.01 1.04 1.03 1.06 1.05 1.04 1.02 1.01 
1.06 1.03 1.04 1.06 1.06 1.05 1.06 1.03 1.05 1.01 1.01 1.02 1.04 1.01 1.04 1.02 1.02 1.03 1.02 1.02 
1.06 1.03 1.02 1.02 1.03 1.01 1.06 1.02 1.04 1.03 1.05 1.02 1.05 1.06 1.02 1.01 1.03 1.02 1.03 1.03 
