20
200
21 91 18 93 58 63 51 21 61 57 3 45 52 88 93 48 5 1 41 85 69 84 42 74 3 17 61 6 55 39 5 93 98 13 81 5 7 93 45 44 30 73 89 91 80 36 18 60 72 73 31 59 65 18 23 34 95 24 59 27 91 64 95 58 29 29 36 27 59 85 45 41 16 9 14 4 6 76 16 13 33 14 26 71 92 62 79 64 68 21 93 88 24 46 9 40 70 26 8 47 43 78 50 13 50 63 65 54 93 41 45 62 48 32 33 20 6 31 16 64 42 10 53 48 98 7 31 15 89 59 57 44 78 34 46 64 4 4 32 91 33 13 14 99 26 64 66 67 28 59 95 79 43 90 28 59 54 25 65 61 99 50 79 19 84 24 67 41 67 64 41 31 14 58 19 98 18 80 71 56 73 29 32 25 85 25 14 30 91 86 99 73 24 18 6 67 38 40 38 97 
7 6 5 5 6 5 8 7 2 5 1 3 6 4 1 2 7 9 7 9 
1.06 1.08 1.05 1.06 1.07 1.07 1.06 1.09 1.09 1.07 1.06 1.09 1.07 1.07 1.05 1.06 1.07 1.05 1.06 1.08 
1.09 1.09 1.05 1.09 1.09 1.05 1.05 1.05 1.09 1.06 1.07 1.07 1.08 1.05 1.05 1.06 1.07 1.07 1.07 1.05 
1.06 1.07 1.06 1.09 1.09 1.06 1.07 1.09 1.07 1.09 1.08 1.08 1.05 1.06 1.05 1.05 1.06 1.08 1.09 1.08 
1.09 1.07 1.07 1.05 1.06 1.06 1.08 1.06 1.09 1.09 1.07 1.07 1.05 1.06 1.07 1.09 1.07 1.05 1.09 1.07 
1.09 1.09 1.08 1.05 1.05 1.08 1.08 1.05 1.05 1.06 1.06 1.05 1.09 1.06 1.06 1.07 1.07 1.05 1.07 1.07 
1.09 1.07 1.06 1.09 1.08 1.05 1.08 1.08 1.06 1.08 1.07 1.09 1.06 1.09 1.09 1.07 1.06 1.09 1.07 1.07 
1.06 1.08 1.05 1.06 1.08 1.05 1.06 1.08 1.09 1.06 1.06 1.08 1.09 1.07 1.09 1.09 1.07 1.05 1.05 1.08 
1.06 1.07 1.08 1.09 1.05 1.08 1.08 1.06 1.07 1.09 1.05 1.08 1.05 1.08 1.09 1.09 1.05 1.06 1.06 1.07 
1.08 1.06 1.05 1.07 1.07 1.05 1.05 1.06 1.07 1.09 1.09 1.09 1.08 1.08 1.07 1.07 1.08 1.09 1.08 1.05 
1.05 1.07 1.07 1.08 1.05 1.08 1.05 1.05 1.09 1.05 1.06 1.09 1.05 1.09 1.08 1.06 1.06 1.08 1.09 1.07 
1.08 1.07 1.06 1.09 1.09 1.06 1.08 1.05 1.09 1.08 1.05 1.05 1.05 1.06 1.08 1.08 1.07 1.09 1.09 1.05 
1.06 1.08 1.07 1.09 1.05 1.06 1.07 1.07 1.05 1.06 1.05 1.05 1.08 1.08 1.06 1.09 1.07 1.06 1.07 1.09 
1.05 1.08 1.08 1.08 1.09 1.05 1.08 1.07 1.06 1.07 1.05 1.05 1.08 1.07 1.08 1.09 1.09 1.06 1.08 1.06 
1.06 1.09 1.05 1.07 1.06 1.08 1.08 1.09 1.09 1.05 1.05 1.08 1.09 1.09 1.05 1.07 1.09 1.09 1.07 1.09 
1.05 1.08 1.08 1.05 1.06 1.05 1.09 1.06 1.07 1.05 1.09 1.09 1.06 1.07 1.05 1.06 1.05 1.09 1.05 1.09 
1.06 1.06 1.06 1.05 1.08 1.07 1.06 1.06 1.09 1.07 1.06 1.07 1.05 1.07 1.08 1.05 1.08 1.05 1.08 1.07 
1.06 1.07 1.09 1.08 1.09 1.07 1.08 1.09 1.08 1.09 1.08 1.09 1.05 1.06 1.09 1.07 1.05 1.08 1.05 1.06 
1.09 1.09 1.07 1.06 1.07 1.07 1.05 1.05 1.09 1.09 1.06 1.05 1.08 1.05 1.06 1.05 1.06 1.06 1.07 1.05 
1.08 1.07 1.07 1.08 1.08 1.05 1.05 1.08 1.05 1.08 1.05 1.06 1.08 1.07 1.06 1.09 1.07 1.09 1.07 1.06 
1.08 1.09 1.09 1.09 1.06 1.08 1.07 1.05 1.07 1.06 1.08 1.09 1.05 1.09 1.09 1.05 1.06 1.05 1.05 1.07 
1.06 1.06 1.06 1.05 1.08 1.09 1.05 1.06 1.08 1.09 1.06 1.09 1.05 1.05 1.06 1.05 1.09 1.07 1.06 1.09 
1.06 1.07 1.08 1.06 1.05 1.09 1.06 1.07 1.05 1.09 1.05 1.07 1.06 1.09 1.09 1.09 1.06 1.07 1.06 1.06 
1.09 1.05 1.05 1.09 1.09 1.07 1.06 1.05 1.07 1.08 1.06 1.05 1.07 1.06 1.09 1.07 1.05 1.06 1.05 1.09 
1.05 1.05 1.06 1.05 1.08 1.05 1.07 1.07 1.05 1.09 1.05 1.06 1.05 1.06 1.09 1.06 1.09 1.06 1.08 1.09 
1.08 1.09 1.05 1.09 1.08 1.07 1.07 1.09 1.05 1.06 1.09 1.08 1.05 1.08 1.08 1.07 1.05 1.06 1.08 1.09 
1.07 1.08 1.08 1.08 1.05 1.09 1.06 1.05 1.09 1.09 1.06 1.09 1.07 1.07 1.08 1.05 1.05 1.09 1.07 1.09 
1.09 1.09 1.05 1.08 1.05 1.09 1.06 1.09 1.06 1.09 1.07 1.05 1.08 1.07 1.05 1.08 1.05 1.05 1.07 1.07 
1.05 1.05 1.05 1.07 1.09 1.08 1.05 1.05 1.09 1.08 1.05 1.07 1.09 1.05 1.09 1.06 1.07 1.07 1.09 1.05 
1.09 1.06 1.09 1.05 1.05 1.07 1.06 1.08 1.05 1.06 1.07 1.09 1.08 1.08 1.07 1.09 1.05 1.07 1.09 1.09 
1.07 1.09 1.05 1.08 1.06 1.08 1.05 1.07 1.09 1.08 1.05 1.05 1.08 1.06 1.09 1.08 1.09 1.07 1.07 1.07 
1.06 1.08 1.08 1.05 1.06 1.07 1.09 1.05 1.07 1.07 1.05 1.08 1.08 1.07 1.05 1.08 1.05 1.07 1.05 1.07 
1.06 1.08 1.07 1.08 1.06 1.08 1.05 1.09 1.05 1.09 1.06 1.08 1.08 1.06 1.05 1.09 1.06 1.07 1.07 1.05 
1.05 1.09 1.07 1.07 1.06 1.06 1.09 1.06 1.09 1.05 1.08 1.07 1.05 1.05 1.07 1.06 1.08 1.05 1.07 1.08 
1.06 1.08 1.06 1.08 1.07 1.05 1.07 1.07 1.05 1.09 1.06 1.05 1.09 1.07 1.05 1.06 1.08 1.08 1.06 1.07 
1.06 1.06 1.05 1.06 1.07 1.06 1.07 1.06 1.09 1.08 1.05 1.06 1.07 1.05 1.09 1.08 1.07 1.05 1.07 1.05 
1.09 1.07 1.06 1.08 1.08 1.09 1.09 1.08 1.05 1.07 1.08 1.07 1.06 1.06 1.05 1.06 1.05 1.09 1.06 1.08 
1.05 1.06 1.08 1.08 1.09 1.09 1.09 1.06 1.08 1.06 1.07 1.06 1.07 1.05 1.08 1.06 1.09 1.07 1.05 1.07 
1.07 1.06 1.05 1.08 1.05 1.08 1.07 1.09 1.06 1.05 1.05 1.08 1.07 1.07 1.06 1.09 1.05 1.09 1.08 1.09 
1.09 1.05 1.09 1.05 1.08 1.09 1.08 1.08 1.06 1.07 1.07 1.06 1.05 1.05 1.06 1.08 1.06 1.05 1.06 1.07 
1.05 1.09 1.06 1.06 1.07 1.05 1.09 1.07 1.09 1.07 1.08 1.08 1.05 1.08 1.09 1.05 1.06 1.06 1.07 1.09 
1.08 1.08 1.06 1.06 1.07 1.07 1.08 1.07 1.06 1.06 1.05 1.05 1.07 1.08 1.09 1.07 1.08 1.06 1.08 1.08 
1.06 1.08 1.05 1.09 1.08 1.08 1.06 1.07 1.08 1.07 1.07 1.07 1.06 1.05 1.07 1.08 1.09 1.08 1.08 1.06 
1.08 1.07 1.06 1.05 1.08 1.08 1.05 1.06 1.05 1.07 1.06 1.06 1.07 1.07 1.09 1.08 1.05 1.05 1.07 1.06 
1.08 1.08 1.08 1.05 1.06 1.06 1.05 1.07 1.09 1.07 1.05 1.09 1.07 1.09 1.07 1.07 1.08 1.06 1.05 1.06 
1.06 1.07 1.09 1.06 1.07 1.05 1.09 1.09 1.06 1.05 1.05 1.08 1.08 1.08 1.07 1.08 1.06 1.05 1.05 1.05 
1.09 1.08 1.05 1.06 1.06 1.07 1.09 1.09 1.09 1.06 1.07 1.05 1.06 1.05 1.07 1.07 1.08 1.08 1.07 1.05 
1.08 1.08 1.09 1.08 1.08 1.07 1.09 1.05 1.08 1.08 1.06 1.08 1.07 1.07 1.06 1.08 1.09 1.07 1.07 1.09 
1.06 1.09 1.09 1.07 1.08 1.09 1.06 1.07 1.06 1.07 1.07 1.09 1.07 1.08 1.08 1.08 1.08 1.05 1.09 1.07 
1.07 1.08 1.06 1.09 1.06 1.08 1.07 1.07 1.05 1.09 1.06 1.06 1.08 1.08 1.09 1.05 1.08 1.06 1.08 1.07 
1.09 1.07 1.05 1.06 1.07 1.06 1.05 1.09 1.07 1.08 1.09 1.09 1.08 1.08 1.09 1.05 1.08 1.05 1.05 1.08 
1.07 1.08 1.07 1.06 1.08 1.06 1.05 1.09 1.09 1.06 1.08 1.07 1.09 1.07 1.06 1.09 1.09 1.08 1.06 1.09 
1.06 1.08 1.08 1.06 1.09 1.06 1.05 1.07 1.06 1.05 1.05 1.05 1.06 1.08 1.09 1.06 1.08 1.09 1.06 1.09 
1.09 1.09 1.06 1.09 1.06 1.07 1.08 1.07 1.05 1.07 1.07 1.08 1.06 1.09 1.07 1.09 1.07 1.05 1.05 1.05 
1.07 1.05 1.05 1.05 1.05 1.08 1.05 1.07 1.08 1.06 1.06 1.08 1.05 1.09 1.09 1.07 1.08 1.08 1.07 1.06 
1.06 1.05 1.05 1.07 1.07 1.05 1.07 1.05 1.08 1.05 1.07 1.06 1.07 1.08 1.09 1.09 1.06 1.09 1.08 1.08 
1.05 1.07 1.09 1.07 1.07 1.05 1.09 1.05 1.08 1.06 1.09 1.09 1.07 1.09 1.08 1.07 1.09 1.06 1.06 1.06 
1.07 1.07 1.09 1.07 1.05 1.08 1.09 1.08 1.08 1.09 1.07 1.06 1.07 1.06 1.05 1.09 1.07 1.05 1.09 1.08 
1.05 1.07 1.06 1.07 1.07 1.09 1.07 1.09 1.09 1.07 1.08 1.05 1.07 1.08 1.08 1.09 1.08 1.08 1.06 1.06 
1.07 1.09 1.07 1.07 1.05 1.07 1.09 1.09 1.05 1.09 1.09 1.09 1.09 1.05 1.07 1.06 1.07 1.08 1.09 1.07 
1.05 1.09 1.09 1.09 1.08 1.05 1.07 1.08 1.05 1.08 1.09 1.06 1.07 1.06 1.05 1.07 1.08 1.06 1.07 1.09 
1.08 1.07 1.06 1.06 1.06 1.09 1.05 1.09 1.09 1.05 1.06 1.06 1.07 1.05 1.08 1.06 1.05 1.09 1.06 1.07 
1.07 1.07 1.05 1.05 1.06 1.09 1.09 1.07 1.09 1.08 1.06 1.09 1.09 1.08 1.09 1.07 1.08 1.05 1.06 1.05 
1.07 1.09 1.07 1.08 1.05 1.09 1.06 1.09 1.07 1.05 1.08 1.07 1.06 1.09 1.07 1.06 1.05 1.08 1.08 1.06 
1.08 1.06 1.06 1.09 1.08 1.06 1.09 1.06 1.09 1.05 1.05 1.08 1.05 1.08 1.05 1.09 1.07 1.09 1.09 1.08 
1.05 1.09 1.05 1.09 1.09 1.07 1.08 1.05 1.05 1.06 1.05 1.08 1.07 1.06 1.07 1.05 1.08 1.05 1.05 1.05 
1.05 1.09 1.06 1.07 1.06 1.06 1.07 1.06 1.08 1.08 1.08 1.08 1.07 1.09 1.07 1.07 1.05 1.07 1.09 1.06 
1.05 1.05 1.08 1.05 1.07 1.07 1.05 1.05 1.06 1.09 1.06 1.06 1.09 1.09 1.08 1.06 1.08 1.06 1.07 1.06 
1.06 1.09 1.07 1.06 1.07 1.07 1.06 1.08 1.07 1.05 1.05 1.07 1.09 1.09 1.05 1.05 1.06 1.08 1.06 1.07 
1.08 1.06 1.07 1.07 1.06 1.07 1.05 1.07 1.07 1.06 1.09 1.08 1.07 1.08 1.05 1.05 1.05 1.08 1.09 1.06 
1.06 1.09 1.07 1.05 1.06 1.08 1.09 1.09 1.09 1.09 1.09 1.09 1.09 1.08 1.08 1.06 1.08 1.09 1.09 1.06 
1.05 1.08 1.06 1.06 1.09 1.06 1.06 1.07 1.06 1.08 1.07 1.07 1.08 1.06 1.07 1.09 1.06 1.07 1.07 1.09 
1.09 1.07 1.05 1.09 1.05 1.07 1.06 1.09 1.07 1.07 1.05 1.07 1.09 1.07 1.07 1.07 1.08 1.05 1.08 1.09 
1.07 1.07 1.06 1.06 1.05 1.07 1.06 1.09 1.05 1.07 1.08 1.06 1.08 1.05 1.08 1.05 1.05 1.08 1.08 1.08 
1.06 1.09 1.05 1.09 1.07 1.05 1.06 1.09 1.05 1.07 1.09 1.05 1.05 1.06 1.08 1.09 1.07 1.08 1.08 1.05 
1.08 1.08 1.08 1.09 1.09 1.09 1.05 1.09 1.09 1.09 1.06 1.07 1.07 1.09 1.07 1.09 1.07 1.06 1.06 1.07 
1.06 1.08 1.05 1.05 1.06 1.08 1.07 1.07 1.06 1.05 1.08 1.08 1.06 1.07 1.08 1.06 1.05 1.09 1.05 1.07 
1.06 1.06 1.06 1.05 1.07 1.07 1.08 1.06 1.09 1.06 1.09 1.08 1.07 1.06 1.07 1.09 1.07 1.06 1.05 1.06 
1.08 1.08 1.08 1.09 1.06 1.07 1.07 1.09 1.06 1.09 1.06 1.06 1.08 1.07 1.08 1.08 1.09 1.06 1.09 1.07 
1.05 1.08 1.08 1.09 1.06 1.06 1.08 1.05 1.06 1.09 1.05 1.06 1.05 1.08 1.06 1.06 1.09 1.07 1.05 1.08 
1.06 1.08 1.06 1.08 1.08 1.05 1.07 1.08 1.08 1.09 1.08 1.08 1.05 1.09 1.09 1.08 1.07 1.06 1.09 1.07 
1.06 1.08 1.05 1.09 1.08 1.05 1.06 1.06 1.06 1.07 1.08 1.05 1.06 1.06 1.07 1.08 1.05 1.08 1.08 1.06 
1.07 1.09 1.05 1.09 1.07 1.09 1.09 1.06 1.09 1.09 1.09 1.06 1.07 1.06 1.09 1.09 1.05 1.08 1.08 1.06 
1.06 1.08 1.05 1.06 1.05 1.09 1.08 1.09 1.09 1.09 1.09 1.06 1.09 1.05 1.05 1.06 1.06 1.07 1.09 1.09 
1.08 1.08 1.06 1.06 1.09 1.08 1.07 1.09 1.05 1.08 1.09 1.06 1.05 1.08 1.09 1.08 1.06 1.05 1.08 1.09 
1.07 1.06 1.08 1.09 1.09 1.07 1.05 1.09 1.08 1.05 1.05 1.09 1.06 1.06 1.08 1.06 1.06 1.06 1.06 1.05 
1.07 1.06 1.08 1.07 1.05 1.08 1.07 1.08 1.07 1.09 1.08 1.06 1.09 1.05 1.06 1.05 1.07 1.06 1.08 1.09 
1.05 1.05 1.08 1.05 1.06 1.08 1.09 1.09 1.08 1.08 1.09 1.06 1.08 1.09 1.07 1.05 1.06 1.09 1.06 1.08 
1.08 1.08 1.06 1.07 1.07 1.07 1.08 1.07 1.09 1.07 1.07 1.07 1.09 1.08 1.08 1.08 1.08 1.07 1.07 1.08 
1.09 1.09 1.09 1.09 1.06 1.06 1.06 1.09 1.05 1.06 1.07 1.09 1.09 1.09 1.05 1.07 1.07 1.05 1.05 1.09 
1.06 1.06 1.07 1.07 1.06 1.05 1.07 1.05 1.08 1.09 1.08 1.08 1.09 1.06 1.08 1.06 1.07 1.08 1.07 1.05 
1.05 1.08 1.06 1.09 1.06 1.07 1.07 1.06 1.05 1.06 1.05 1.06 1.09 1.09 1.08 1.08 1.07 1.05 1.07 1.05 
1.05 1.09 1.06 1.09 1.06 1.05 1.07 1.08 1.06 1.09 1.07 1.05 1.08 1.07 1.07 1.09 1.07 1.05 1.09 1.06 
1.07 1.07 1.05 1.05 1.06 1.05 1.07 1.09 1.07 1.06 1.07 1.06 1.08 1.08 1.09 1.06 1.06 1.09 1.05 1.07 
1.07 1.06 1.09 1.09 1.05 1.09 1.09 1.06 1.05 1.07 1.08 1.08 1.05 1.05 1.06 1.08 1.05 1.09 1.09 1.06 
1.06 1.05 1.09 1.05 1.07 1.09 1.08 1.08 1.08 1.08 1.06 1.07 1.06 1.05 1.06 1.05 1.05 1.09 1.07 1.08 
1.08 1.08 1.07 1.05 1.06 1.08 1.06 1.09 1.06 1.06 1.06 1.07 1.08 1.08 1.05 1.08 1.09 1.09 1.05 1.06 
1.07 1.05 1.06 1.08 1.09 1.09 1.06 1.09 1.08 1.08 1.06 1.07 1.09 1.08 1.06 1.06 1.06 1.08 1.09 1.09 
1.09 1.09 1.05 1.08 1.06 1.06 1.09 1.08 1.08 1.06 1.07 1.09 1.08 1.07 1.07 1.07 1.07 1.08 1.08 1.07 
1.06 1.09 1.05 1.05 1.06 1.05 1.08 1.05 1.05 1.06 1.08 1.09 1.07 1.05 1.06 1.06 1.09 1.08 1.09 1.07 
1.06 1.08 1.08 1.08 1.08 1.05 1.05 1.08 1.09 1.09 1.08 1.05 1.07 1.06 1.06 1.09 1.08 1.09 1.05 1.06 
1.05 1.09 1.06 1.08 1.06 1.09 1.05 1.06 1.07 1.06 1.06 1.06 1.07 1.08 1.06 1.05 1.07 1.05 1.09 1.05 
1.09 1.09 1.08 1.08 1.08 1.05 1.09 1.07 1.08 1.08 1.06 1.06 1.09 1.07 1.06 1.05 1.07 1.06 1.07 1.09 
1.05 1.07 1.05 1.06 1.05 1.05 1.08 1.06 1.06 1.05 1.09 1.05 1.08 1.09 1.08 1.08 1.08 1.06 1.09 1.05 
1.07 1.08 1.09 1.05 1.09 1.09 1.08 1.08 1.09 1.06 1.09 1.08 1.08 1.05 1.06 1.08 1.08 1.08 1.05 1.06 
1.07 1.09 1.05 1.05 1.09 1.08 1.06 1.08 1.09 1.05 1.07 1.06 1.06 1.08 1.05 1.07 1.09 1.08 1.07 1.06 
1.06 1.09 1.06 1.05 1.05 1.06 1.08 1.09 1.09 1.05 1.05 1.08 1.06 1.06 1.09 1.05 1.06 1.08 1.07 1.06 
1.09 1.05 1.07 1.06 1.09 1.06 1.07 1.06 1.06 1.07 1.09 1.07 1.07 1.08 1.05 1.07 1.05 1.06 1.09 1.08 
1.05 1.05 1.08 1.05 1.09 1.09 1.05 1.07 1.06 1.08 1.05 1.05 1.09 1.06 1.06 1.07 1.07 1.05 1.06 1.08 
1.06 1.06 1.07 1.06 1.06 1.07 1.08 1.06 1.09 1.08 1.08 1.05 1.09 1.07 1.05 1.09 1.09 1.08 1.06 1.09 
1.05 1.07 1.09 1.07 1.08 1.09 1.06 1.09 1.06 1.05 1.07 1.05 1.05 1.07 1.09 1.06 1.05 1.08 1.09 1.07 
1.09 1.08 1.09 1.07 1.08 1.05 1.09 1.09 1.07 1.05 1.07 1.08 1.06 1.07 1.05 1.06 1.08 1.08 1.09 1.09 
1.09 1.09 1.08 1.09 1.08 1.09 1.05 1.05 1.05 1.08 1.06 1.09 1.06 1.08 1.09 1.09 1.07 1.09 1.05 1.05 
1.05 1.09 1.06 1.08 1.07 1.09 1.07 1.06 1.09 1.08 1.05 1.06 1.08 1.07 1.07 1.08 1.07 1.08 1.06 1.06 
1.08 1.05 1.05 1.06 1.05 1.08 1.08 1.05 1.09 1.09 1.05 1.08 1.06 1.06 1.08 1.06 1.06 1.08 1.05 1.09 
1.06 1.09 1.05 1.05 1.08 1.07 1.06 1.06 1.09 1.05 1.08 1.06 1.06 1.07 1.07 1.06 1.08 1.07 1.08 1.06 
1.09 1.09 1.05 1.06 1.05 1.07 1.08 1.06 1.08 1.07 1.06 1.06 1.09 1.07 1.06 1.07 1.06 1.08 1.06 1.09 
1.07 1.09 1.07 1.06 1.07 1.08 1.07 1.09 1.05 1.06 1.08 1.07 1.05 1.07 1.06 1.05 1.08 1.09 1.08 1.06 
1.09 1.05 1.07 1.05 1.05 1.08 1.09 1.08 1.06 1.05 1.09 1.08 1.06 1.09 1.08 1.07 1.07 1.06 1.06 1.07 
1.07 1.05 1.07 1.08 1.07 1.07 1.05 1.09 1.06 1.06 1.08 1.08 1.09 1.07 1.07 1.05 1.05 1.08 1.07 1.05 
1.05 1.09 1.07 1.07 1.08 1.05 1.05 1.05 1.08 1.07 1.08 1.06 1.07 1.07 1.07 1.07 1.06 1.06 1.09 1.09 
1.07 1.08 1.07 1.07 1.08 1.06 1.05 1.07 1.07 1.07 1.08 1.08 1.05 1.09 1.06 1.09 1.09 1.09 1.06 1.05 
1.07 1.07 1.08 1.07 1.07 1.07 1.06 1.09 1.06 1.09 1.09 1.07 1.05 1.08 1.06 1.08 1.08 1.07 1.06 1.08 
1.06 1.07 1.09 1.09 1.09 1.07 1.09 1.08 1.09 1.07 1.06 1.07 1.09 1.08 1.07 1.08 1.07 1.08 1.06 1.05 
1.09 1.05 1.08 1.05 1.06 1.07 1.06 1.09 1.06 1.05 1.05 1.07 1.05 1.08 1.06 1.05 1.07 1.06 1.08 1.08 
1.09 1.09 1.08 1.05 1.09 1.05 1.07 1.06 1.07 1.07 1.06 1.06 1.07 1.06 1.06 1.06 1.06 1.06 1.07 1.08 
1.06 1.07 1.09 1.08 1.08 1.07 1.07 1.06 1.06 1.07 1.07 1.08 1.09 1.09 1.08 1.08 1.05 1.05 1.05 1.09 
1.08 1.08 1.09 1.09 1.06 1.09 1.05 1.08 1.09 1.09 1.08 1.07 1.05 1.09 1.07 1.09 1.06 1.09 1.07 1.09 
1.08 1.08 1.07 1.07 1.08 1.07 1.07 1.08 1.09 1.06 1.08 1.05 1.06 1.06 1.05 1.06 1.07 1.06 1.08 1.06 
1.09 1.06 1.06 1.08 1.06 1.09 1.05 1.05 1.09 1.05 1.06 1.08 1.07 1.07 1.06 1.09 1.08 1.05 1.09 1.06 
1.05 1.08 1.05 1.07 1.07 1.08 1.07 1.05 1.08 1.05 1.08 1.05 1.07 1.07 1.08 1.05 1.09 1.08 1.06 1.09 
1.09 1.09 1.07 1.07 1.09 1.06 1.06 1.06 1.07 1.05 1.09 1.09 1.07 1.05 1.06 1.05 1.09 1.08 1.06 1.06 
1.08 1.06 1.06 1.06 1.05 1.07 1.05 1.09 1.08 1.08 1.05 1.05 1.06 1.08 1.06 1.07 1.08 1.08 1.06 1.07 
1.08 1.06 1.06 1.07 1.05 1.08 1.05 1.08 1.08 1.07 1.09 1.07 1.07 1.08 1.06 1.06 1.09 1.08 1.07 1.05 
1.05 1.08 1.09 1.05 1.09 1.05 1.07 1.08 1.07 1.06 1.09 1.06 1.06 1.09 1.06 1.05 1.07 1.07 1.06 1.09 
1.06 1.07 1.09 1.05 1.05 1.08 1.08 1.06 1.09 1.08 1.08 1.07 1.05 1.08 1.09 1.09 1.05 1.07 1.09 1.08 
1.06 1.06 1.05 1.09 1.05 1.07 1.08 1.07 1.05 1.06 1.09 1.08 1.09 1.08 1.08 1.06 1.07 1.06 1.06 1.06 
1.09 1.05 1.05 1.08 1.08 1.05 1.06 1.07 1.07 1.06 1.07 1.07 1.08 1.08 1.09 1.06 1.06 1.05 1.06 1.09 
1.06 1.08 1.06 1.09 1.09 1.08 1.09 1.07 1.08 1.06 1.06 1.08 1.06 1.05 1.09 1.05 1.07 1.08 1.05 1.05 
1.05 1.09 1.05 1.07 1.06 1.07 1.07 1.05 1.08 1.05 1.07 1.09 1.09 1.09 1.08 1.07 1.07 1.08 1.05 1.09 
1.09 1.06 1.08 1.07 1.07 1.09 1.05 1.06 1.08 1.08 1.05 1.06 1.08 1.08 1.09 1.07 1.08 1.07 1.07 1.06 
1.08 1.08 1.06 1.06 1.09 1.07 1.08 1.05 1.06 1.09 1.09 1.08 1.06 1.05 1.05 1.05 1.09 1.07 1.05 1.09 
1.06 1.09 1.06 1.05 1.07 1.09 1.07 1.06 1.06 1.05 1.06 1.05 1.07 1.06 1.08 1.07 1.08 1.07 1.08 1.09 
1.09 1.06 1.08 1.06 1.09 1.08 1.05 1.05 1.05 1.07 1.08 1.06 1.08 1.06 1.08 1.08 1.09 1.06 1.09 1.05 
1.07 1.05 1.07 1.08 1.06 1.07 1.09 1.07 1.05 1.06 1.06 1.09 1.09 1.06 1.08 1.06 1.09 1.06 1.08 1.09 
1.08 1.05 1.08 1.09 1.07 1.06 1.07 1.08 1.05 1.09 1.07 1.09 1.05 1.09 1.06 1.09 1.09 1.08 1.07 1.08 
1.08 1.05 1.05 1.05 1.05 1.08 1.09 1.05 1.08 1.09 1.06 1.07 1.07 1.08 1.08 1.09 1.09 1.08 1.05 1.08 
1.05 1.08 1.09 1.07 1.07 1.09 1.07 1.08 1.09 1.09 1.08 1.09 1.05 1.08 1.08 1.07 1.08 1.05 1.06 1.05 
1.08 1.07 1.08 1.08 1.05 1.08 1.08 1.05 1.09 1.06 1.06 1.09 1.09 1.07 1.07 1.07 1.05 1.06 1.08 1.08 
1.09 1.09 1.06 1.05 1.09 1.06 1.07 1.09 1.07 1.05 1.08 1.08 1.06 1.07 1.05 1.06 1.09 1.09 1.09 1.08 
1.09 1.09 1.06 1.08 1.06 1.05 1.07 1.08 1.08 1.06 1.06 1.08 1.06 1.07 1.09 1.09 1.05 1.06 1.07 1.08 
1.05 1.05 1.07 1.08 1.06 1.06 1.07 1.08 1.07 1.07 1.07 1.05 1.05 1.07 1.09 1.09 1.08 1.06 1.07 1.08 
1.06 1.07 1.08 1.05 1.08 1.09 1.05 1.08 1.09 1.08 1.07 1.08 1.07 1.09 1.08 1.09 1.08 1.05 1.06 1.06 
1.09 1.05 1.06 1.07 1.06 1.07 1.07 1.08 1.08 1.08 1.06 1.09 1.05 1.09 1.06 1.05 1.08 1.07 1.07 1.08 
1.05 1.06 1.05 1.06 1.09 1.09 1.07 1.09 1.05 1.08 1.06 1.09 1.09 1.05 1.09 1.07 1.05 1.09 1.07 1.08 
1.06 1.05 1.05 1.07 1.06 1.05 1.05 1.06 1.09 1.06 1.05 1.09 1.07 1.05 1.09 1.07 1.07 1.05 1.08 1.08 
1.07 1.07 1.09 1.06 1.08 1.06 1.06 1.06 1.08 1.06 1.09 1.06 1.09 1.07 1.05 1.09 1.05 1.08 1.06 1.09 
1.09 1.05 1.06 1.09 1.06 1.08 1.07 1.06 1.09 1.09 1.05 1.05 1.08 1.05 1.07 1.07 1.09 1.08 1.08 1.07 
1.07 1.08 1.09 1.05 1.06 1.06 1.06 1.07 1.08 1.09 1.06 1.06 1.07 1.09 1.09 1.09 1.09 1.07 1.07 1.07 
1.05 1.09 1.06 1.05 1.08 1.08 1.06 1.06 1.09 1.06 1.05 1.09 1.08 1.07 1.05 1.05 1.05 1.08 1.07 1.09 
1.07 1.09 1.09 1.07 1.06 1.08 1.08 1.06 1.09 1.05 1.06 1.07 1.06 1.06 1.05 1.07 1.09 1.09 1.07 1.07 
1.05 1.08 1.05 1.06 1.08 1.08 1.05 1.06 1.09 1.06 1.06 1.06 1.05 1.06 1.08 1.08 1.08 1.05 1.09 1.07 
1.07 1.06 1.08 1.05 1.05 1.09 1.06 1.07 1.07 1.09 1.08 1.06 1.07 1.09 1.05 1.06 1.08 1.06 1.07 1.07 
1.07 1.07 1.07 1.06 1.07 1.07 1.09 1.09 1.06 1.08 1.06 1.05 1.05 1.05 1.07 1.07 1.06 1.08 1.09 1.05 
1.08 1.06 1.09 1.09 1.06 1.05 1.08 1.07 1.08 1.09 1.07 1.08 1.08 1.09 1.06 1.09 1.07 1.05 1.07 1.05 
1.06 1.05 1.06 1.08 1.08 1.05 1.06 1.08 1.07 1.05 1.05 1.07 1.09 1.09 1.06 1.08 1.05 1.07 1.05 1.07 
1.06 1.05 1.09 1.07 1.09 1.06 1.09 1.08 1.08 1.07 1.05 1.07 1.09 1.06 1.07 1.05 1.05 1.05 1.07 1.08 
1.06 1.05 1.07 1.09 1.08 1.08 1.07 1.09 1.07 1.05 1.07 1.07 1.06 1.08 1.07 1.08 1.06 1.09 1.06 1.06 
1.09 1.05 1.05 1.05 1.09 1.09 1.06 1.06 1.05 1.08 1.09 1.06 1.08 1.07 1.07 1.06 1.08 1.08 1.07 1.07 
1.05 1.09 1.07 1.06 1.05 1.09 1.07 1.05 1.06 1.07 1.09 1.06 1.09 1.06 1.09 1.06 1.06 1.05 1.06 1.06 
1.09 1.05 1.09 1.09 1.05 1.06 1.07 1.05 1.07 1.05 1.07 1.09 1.07 1.08 1.07 1.09 1.07 1.06 1.07 1.05 
1.08 1.09 1.06 1.09 1.05 1.07 1.06 1.07 1.09 1.08 1.09 1.06 1.07 1.06 1.05 1.08 1.07 1.08 1.06 1.07 
1.06 1.06 1.06 1.05 1.06 1.08 1.09 1.08 1.05 1.07 1.09 1.09 1.07 1.07 1.07 1.08 1.07 1.08 1.06 1.07 
1.05 1.06 1.09 1.06 1.05 1.05 1.07 1.08 1.06 1.07 1.06 1.05 1.05 1.09 1.09 1.07 1.06 1.08 1.06 1.08 
1.06 1.07 1.09 1.05 1.08 1.08 1.05 1.06 1.07 1.09 1.05 1.08 1.08 1.05 1.05 1.06 1.07 1.09 1.05 1.09 
1.05 1.07 1.05 1.05 1.05 1.05 1.09 1.05 1.09 1.06 1.07 1.08 1.09 1.08 1.07 1.08 1.05 1.06 1.07 1.06 
1.05 1.07 1.06 1.05 1.08 1.08 1.05 1.08 1.08 1.09 1.08 1.08 1.08 1.09 1.08 1.09 1.09 1.05 1.09 1.07 
1.08 1.06 1.09 1.08 1.09 1.08 1.05 1.06 1.05 1.05 1.08 1.09 1.05 1.07 1.06 1.09 1.08 1.05 1.06 1.08 
1.09 1.09 1.09 1.09 1.08 1.06 1.09 1.07 1.05 1.09 1.05 1.06 1.09 1.05 1.07 1.09 1.08 1.05 1.07 1.06 
1.05 1.05 1.05 1.06 1.09 1.08 1.06 1.08 1.08 1.08 1.08 1.08 1.05 1.06 1.05 1.09 1.05 1.05 1.07 1.05 
1.08 1.07 1.05 1.09 1.09 1.07 1.05 1.07 1.09 1.09 1.09 1.05 1.08 1.06 1.06 1.09 1.07 1.08 1.07 1.09 
1.08 1.09 1.09 1.09 1.06 1.07 1.07 1.08 1.09 1.07 1.08 1.08 1.05 1.09 1.09 1.07 1.06 1.06 1.09 1.05 
1.08 1.06 1.06 1.06 1.07 1.05 1.05 1.08 1.09 1.07 1.06 1.08 1.08 1.05 1.05 1.08 1.07 1.08 1.06 1.06 
1.07 1.08 1.05 1.09 1.07 1.08 1.06 1.07 1.05 1.08 1.08 1.05 1.07 1.08 1.06 1.05 1.08 1.06 1.05 1.08 
1.07 1.05 1.09 1.07 1.08 1.05 1.09 1.08 1.08 1.08 1.05 1.06 1.08 1.08 1.05 1.09 1.06 1.08 1.08 1.09 
1.09 1.05 1.07 1.08 1.08 1.06 1.08 1.06 1.07 1.06 1.07 1.06 1.06 1.05 1.07 1.06 1.09 1.06 1.08 1.06 
1.08 1.06 1.07 1.05 1.09 1.09 1.09 1.09 1.05 1.06 1.05 1.08 1.09 1.08 1.05 1.07 1.07 1.09 1.07 1.06 
1.08 1.09 1.06 1.06 1.09 1.05 1.09 1.06 1.07 1.05 1.05 1.06 1.05 1.06 1.05 1.06 1.06 1.09 1.06 1.08 
1.06 1.09 1.07 1.07 1.07 1.06 1.07 1.09 1.06 1.05 1.07 1.05 1.07 1.07 1.06 1.06 1.08 1.06 1.09 1.05 
1.05 1.06 1.05 1.09 1.09 1.08 1.08 1.07 1.06 1.08 1.07 1.06 1.07 1.06 1.07 1.07 1.05 1.05 1.09 1.09 
1.09 1.07 1.09 1.07 1.08 1.05 1.09 1.08 1.06 1.06 1.08 1.07 1.08 1.06 1.09 1.08 1.09 1.05 1.05 1.09 
1.08 1.06 1.06 1.08 1.07 1.06 1.05 1.05 1.05 1.05 1.08 1.05 1.06 1.06 1.07 1.05 1.07 1.09 1.06 1.09 
1.05 1.09 1.05 1.09 1.07 1.07 1.08 1.08 1.06 1.06 1.08 1.06 1.07 1.06 1.06 1.09 1.08 1.09 1.08 1.06 
1.08 1.09 1.06 1.05 1.08 1.06 1.06 1.07 1.08 1.06 1.05 1.06 1.06 1.09 1.07 1.05 1.09 1.09 1.08 1.09 
1.08 1.05 1.05 1.05 1.05 1.09 1.09 1.05 1.08 1.07 1.09 1.07 1.05 1.09 1.05 1.07 1.06 1.06 1.09 1.05 
1.08 1.05 1.05 1.08 1.06 1.08 1.07 1.06 1.09 1.05 1.09 1.08 1.06 1.07 1.07 1.05 1.09 1.08 1.08 1.08 
1.05 1.09 1.05 1.05 1.09 1.07 1.06 1.06 1.08 1.09 1.09 1.09 1.05 1.05 1.08 1.08 1.07 1.08 1.06 1.05 
1.05 1.09 1.06 1.05 1.08 1.06 1.06 1.08 1.09 1.06 1.06 1.09 1.05 1.06 1.08 1.06 1.06 1.07 1.07 1.06 
1.05 1.08 1.09 1.07 1.09 1.08 1.06 1.09 1.06 1.06 1.09 1.09 1.09 1.06 1.05 1.06 1.06 1.06 1.09 1.05 
1.07 1.08 1.07 1.08 1.06 1.08 1.05 1.05 1.07 1.07 1.06 1.06 1.07 1.06 1.05 1.07 1.06 1.07 1.07 1.08 
1.06 1.07 1.07 1.05 1.07 1.07 1.05 1.05 1.05 1.08 1.09 1.08 1.05 1.09 1.08 1.05 1.09 1.09 1.07 1.05 
