20
400
23 81 91 96 25 97 53 1 9 7 53 84 2 11 35 81 35 85 73 98 53 49 14 86 71 1 4 23 80 54 67 27 46 29 80 83 78 90 53 8 41 46 37 43 33 44 5 13 11 1 36 94 19 41 41 79 8 93 47 27 19 27 30 100 54 91 35 94 49 87 72 19 95 5 57 6 76 80 90 37 27 64 46 34 64 49 27 54 16 54 35 53 4 23 34 8 9 76 97 72 73 69 63 6 47 46 62 4 79 65 40 51 68 50 78 17 69 14 17 68 78 60 27 36 85 92 8 26 53 89 6 46 50 98 62 50 21 95 96 83 16 97 60 35 29 59 78 39 84 54 74 56 91 19 93 41 34 40 100 67 2 33 42 71 40 19 28 35 81 10 11 51 61 18 42 38 83 99 24 82 48 6 52 56 90 40 31 83 85 17 10 50 86 79 88 60 64 92 71 88 8 82 26 5 14 22 97 20 17 70 1 87 97 23 53 48 95 29 82 7 4 61 61 4 11 29 62 16 5 94 53 10 26 66 66 1 33 19 23 8 27 76 28 53 28 35 66 53 66 91 53 12 82 86 27 64 32 50 50 33 75 15 27 76 65 84 23 82 8 67 38 79 85 82 95 1 32 28 3 35 12 30 58 23 4 26 2 75 46 10 13 60 47 65 61 67 7 91 29 53 58 5 11 44 16 22 96 46 97 32 92 61 84 19 7 20 53 96 99 17 60 40 79 7 52 30 78 6 43 39 48 73 60 57 34 56 79 62 61 22 4 29 17 40 78 24 89 10 37 92 86 49 62 6 75 38 22 84 88 90 74 12 16 59 21 27 51 42 54 64 20 57 28 81 81 23 35 15 88 22 61 94 50 36 16 71 7 76 14 14 21 55 47 30 72 18 41 3 57 39 
2 3 1 2 1 1 1 3 3 1 3 2 3 3 1 2 2 1 3 1 
1.05 1.04 1.04 1.04 1.06 1.03 1.03 1.01 1.05 1.03 1.04 1.03 1.06 1.04 1.04 1.03 1.03 1.01 1.03 1.01 
1.01 1.05 1.02 1.02 1.04 1.06 1.01 1.03 1.06 1.01 1.06 1.02 1.03 1.05 1.03 1.06 1.05 1.03 1.05 1.02 
1.03 1.05 1.06 1.05 1.06 1.06 1.01 1.05 1.05 1.02 1.01 1.04 1.01 1.03 1.04 1.02 1.05 1.04 1.05 1.03 
1.02 1.05 1.04 1.01 1.04 1.05 1.06 1.02 1.05 1.04 1.04 1.06 1.05 1.05 1.02 1.05 1.05 1.05 1.02 1.05 
1.01 1.03 1.03 1.04 1.03 1.03 1.04 1.06 1.06 1.02 1.01 1.04 1.04 1.02 1.02 1.05 1.03 1.05 1.03 1.05 
1.05 1.01 1.01 1.04 1.05 1.03 1.05 1.02 1.01 1.01 1.03 1.02 1.03 1.02 1.04 1.02 1.05 1.01 1.01 1.05 
1.02 1.03 1.03 1.03 1.04 1.05 1.04 1.01 1.03 1.03 1.05 1.02 1.01 1.02 1.02 1.05 1.04 1.02 1.01 1.04 
1.05 1.01 1.05 1.03 1.01 1.01 1.02 1.06 1.03 1.04 1.03 1.06 1.01 1.05 1.04 1.04 1.06 1.06 1.02 1.05 
1.01 1.02 1.03 1.02 1.06 1.03 1.03 1.02 1.04 1.04 1.06 1.03 1.04 1.01 1.05 1.02 1.04 1.06 1.01 1.02 
1.06 1.04 1.06 1.03 1.02 1.03 1.05 1.06 1.03 1.04 1.01 1.06 1.06 1.06 1.05 1.01 1.03 1.04 1.01 1.02 
1.03 1.02 1.02 1.01 1.04 1.04 1.01 1.02 1.02 1.01 1.04 1.01 1.03 1.05 1.05 1.05 1.02 1.02 1.06 1.01 
1.02 1.06 1.03 1.05 1.06 1.06 1.01 1.06 1.04 1.01 1.06 1.04 1.06 1.03 1.03 1.01 1.04 1.04 1.03 1.03 
1.06 1.01 1.06 1.04 1.03 1.03 1.05 1.03 1.05 1.02 1.01 1.05 1.01 1.01 1.04 1.03 1.05 1.06 1.03 1.05 
1.04 1.02 1.04 1.04 1.06 1.03 1.03 1.01 1.03 1.04 1.02 1.02 1.03 1.06 1.03 1.03 1.03 1.06 1.04 1.04 
1.06 1.01 1.06 1.03 1.02 1.04 1.01 1.05 1.04 1.01 1.02 1.03 1.04 1.01 1.02 1.05 1.03 1.04 1.04 1.05 
1.01 1.02 1.06 1.01 1.02 1.03 1.05 1.02 1.05 1.05 1.02 1.03 1.04 1.06 1.01 1.02 1.04 1.03 1.04 1.01 
1.02 1.03 1.05 1.06 1.02 1.01 1.03 1.05 1.06 1.01 1.03 1.03 1.01 1.05 1.03 1.05 1.01 1.05 1.03 1.02 
1.01 1.04 1.01 1.05 1.05 1.06 1.03 1.06 1.01 1.05 1.01 1.02 1.05 1.05 1.02 1.03 1.03 1.03 1.06 1.02 
1.03 1.04 1.03 1.02 1.06 1.01 1.02 1.05 1.02 1.04 1.03 1.01 1.04 1.04 1.04 1.03 1.04 1.01 1.05 1.04 
1.03 1.02 1.05 1.03 1.06 1.06 1.05 1.01 1.04 1.01 1.06 1.01 1.03 1.06 1.03 1.03 1.02 1.01 1.03 1.01 
1.01 1.02 1.03 1.02 1.03 1.06 1.01 1.03 1.04 1.06 1.05 1.04 1.06 1.06 1.01 1.01 1.06 1.03 1.06 1.06 
1.05 1.06 1.02 1.03 1.03 1.03 1.03 1.03 1.06 1.03 1.06 1.02 1.04 1.03 1.05 1.02 1.06 1.02 1.02 1.06 
1.03 1.01 1.01 1.03 1.01 1.06 1.01 1.02 1.03 1.01 1.02 1.05 1.04 1.06 1.05 1.04 1.01 1.04 1.01 1.01 
1.02 1.05 1.06 1.06 1.05 1.05 1.06 1.02 1.06 1.04 1.06 1.03 1.03 1.02 1.01 1.01 1.05 1.05 1.01 1.06 
1.06 1.04 1.05 1.04 1.06 1.01 1.02 1.06 1.04 1.01 1.02 1.05 1.05 1.01 1.05 1.04 1.03 1.01 1.05 1.03 
1.02 1.02 1.03 1.05 1.01 1.01 1.02 1.03 1.05 1.06 1.05 1.05 1.03 1.03 1.01 1.04 1.04 1.03 1.06 1.04 
1.03 1.02 1.05 1.01 1.02 1.01 1.02 1.04 1.03 1.01 1.06 1.02 1.04 1.02 1.06 1.05 1.02 1.06 1.01 1.02 
1.01 1.04 1.03 1.05 1.03 1.02 1.03 1.01 1.05 1.02 1.05 1.04 1.01 1.05 1.05 1.04 1.01 1.06 1.01 1.05 
1.02 1.05 1.03 1.04 1.03 1.02 1.01 1.02 1.01 1.05 1.02 1.01 1.01 1.03 1.06 1.03 1.01 1.01 1.03 1.06 
1.04 1.05 1.01 1.01 1.06 1.05 1.01 1.06 1.06 1.01 1.02 1.02 1.06 1.05 1.04 1.01 1.02 1.06 1.02 1.05 
1.04 1.06 1.03 1.03 1.04 1.05 1.01 1.05 1.03 1.04 1.02 1.04 1.05 1.04 1.04 1.01 1.04 1.04 1.06 1.06 
1.02 1.06 1.06 1.02 1.01 1.05 1.02 1.06 1.05 1.05 1.06 1.01 1.06 1.04 1.04 1.06 1.05 1.01 1.06 1.02 
1.04 1.01 1.02 1.05 1.06 1.04 1.03 1.06 1.04 1.03 1.03 1.05 1.05 1.04 1.01 1.06 1.02 1.05 1.05 1.01 
1.01 1.05 1.05 1.03 1.04 1.03 1.02 1.05 1.06 1.03 1.01 1.02 1.03 1.02 1.03 1.05 1.02 1.06 1.01 1.04 
1.01 1.02 1.05 1.02 1.03 1.01 1.01 1.04 1.06 1.05 1.05 1.06 1.02 1.04 1.06 1.05 1.02 1.02 1.03 1.04 
1.04 1.01 1.03 1.03 1.06 1.05 1.02 1.01 1.04 1.04 1.04 1.05 1.03 1.04 1.05 1.04 1.04 1.05 1.03 1.05 
1.02 1.01 1.03 1.06 1.01 1.04 1.01 1.04 1.05 1.02 1.05 1.05 1.06 1.01 1.04 1.04 1.06 1.02 1.03 1.03 
1.06 1.04 1.02 1.04 1.03 1.03 1.05 1.05 1.03 1.06 1.02 1.05 1.01 1.05 1.02 1.06 1.03 1.03 1.02 1.05 
1.01 1.03 1.03 1.05 1.02 1.03 1.02 1.04 1.02 1.03 1.05 1.06 1.05 1.06 1.01 1.04 1.02 1.03 1.05 1.02 
1.02 1.02 1.05 1.05 1.05 1.06 1.04 1.02 1.06 1.05 1.02 1.03 1.05 1.03 1.06 1.01 1.03 1.01 1.06 1.01 
1.04 1.01 1.02 1.01 1.04 1.06 1.02 1.02 1.04 1.05 1.01 1.01 1.06 1.05 1.05 1.01 1.04 1.06 1.01 1.06 
1.03 1.04 1.05 1.05 1.04 1.03 1.02 1.04 1.04 1.05 1.01 1.05 1.03 1.02 1.04 1.03 1.05 1.05 1.01 1.06 
1.06 1.04 1.02 1.01 1.02 1.06 1.01 1.06 1.05 1.06 1.02 1.01 1.02 1.05 1.01 1.04 1.02 1.04 1.03 1.05 
1.03 1.06 1.04 1.03 1.01 1.02 1.02 1.03 1.06 1.03 1.04 1.03 1.01 1.04 1.04 1.06 1.05 1.01 1.06 1.03 
1.03 1.01 1.03 1.01 1.02 1.06 1.01 1.03 1.03 1.06 1.04 1.02 1.03 1.04 1.03 1.05 1.01 1.01 1.02 1.06 
1.06 1.02 1.04 1.06 1.01 1.02 1.03 1.05 1.03 1.01 1.01 1.06 1.04 1.05 1.04 1.03 1.06 1.04 1.04 1.02 
1.06 1.02 1.01 1.03 1.06 1.03 1.02 1.04 1.06 1.03 1.05 1.05 1.06 1.05 1.06 1.06 1.06 1.02 1.04 1.01 
1.02 1.03 1.05 1.03 1.03 1.06 1.05 1.02 1.04 1.04 1.06 1.04 1.06 1.04 1.06 1.01 1.01 1.01 1.01 1.01 
1.02 1.06 1.01 1.03 1.05 1.04 1.06 1.06 1.05 1.06 1.02 1.03 1.06 1.03 1.04 1.03 1.03 1.01 1.01 1.05 
1.03 1.06 1.01 1.02 1.06 1.02 1.03 1.04 1.03 1.04 1.04 1.01 1.02 1.06 1.04 1.02 1.04 1.06 1.02 1.06 
1.01 1.02 1.05 1.04 1.01 1.01 1.06 1.04 1.04 1.02 1.01 1.01 1.06 1.04 1.03 1.01 1.05 1.06 1.05 1.05 
1.02 1.06 1.01 1.01 1.06 1.04 1.03 1.03 1.05 1.02 1.03 1.03 1.01 1.06 1.05 1.02 1.01 1.03 1.03 1.03 
1.06 1.04 1.03 1.01 1.03 1.05 1.04 1.04 1.03 1.06 1.03 1.01 1.03 1.01 1.02 1.04 1.05 1.06 1.06 1.03 
1.02 1.06 1.05 1.05 1.06 1.04 1.01 1.04 1.06 1.05 1.06 1.01 1.04 1.05 1.05 1.02 1.05 1.06 1.05 1.06 
1.02 1.02 1.04 1.04 1.04 1.01 1.01 1.05 1.02 1.04 1.03 1.01 1.04 1.03 1.04 1.03 1.04 1.04 1.01 1.05 
1.02 1.06 1.04 1.03 1.03 1.04 1.01 1.04 1.03 1.01 1.05 1.04 1.05 1.04 1.03 1.04 1.06 1.02 1.04 1.04 
1.05 1.06 1.06 1.04 1.06 1.05 1.02 1.05 1.01 1.04 1.01 1.06 1.03 1.02 1.05 1.06 1.06 1.03 1.02 1.06 
1.03 1.03 1.02 1.03 1.01 1.05 1.03 1.02 1.04 1.03 1.06 1.06 1.03 1.02 1.06 1.05 1.05 1.01 1.06 1.02 
1.04 1.04 1.01 1.04 1.02 1.04 1.03 1.03 1.06 1.06 1.04 1.02 1.06 1.02 1.04 1.03 1.01 1.01 1.05 1.02 
1.01 1.06 1.06 1.06 1.05 1.02 1.04 1.05 1.03 1.01 1.01 1.03 1.02 1.03 1.04 1.04 1.02 1.02 1.06 1.01 
1.05 1.03 1.01 1.02 1.06 1.02 1.03 1.05 1.03 1.01 1.06 1.03 1.05 1.05 1.03 1.01 1.01 1.02 1.06 1.01 
1.06 1.05 1.03 1.06 1.01 1.05 1.03 1.03 1.06 1.05 1.03 1.01 1.01 1.05 1.02 1.01 1.06 1.01 1.04 1.03 
1.03 1.04 1.03 1.04 1.06 1.02 1.05 1.04 1.04 1.04 1.06 1.03 1.02 1.03 1.02 1.01 1.06 1.06 1.06 1.02 
1.06 1.01 1.02 1.03 1.03 1.04 1.02 1.04 1.05 1.01 1.03 1.03 1.01 1.04 1.02 1.03 1.06 1.01 1.04 1.02 
1.05 1.05 1.02 1.06 1.05 1.01 1.06 1.03 1.02 1.02 1.01 1.02 1.02 1.05 1.01 1.02 1.02 1.01 1.03 1.03 
1.03 1.02 1.04 1.06 1.03 1.03 1.05 1.06 1.03 1.04 1.05 1.02 1.06 1.01 1.05 1.06 1.01 1.01 1.02 1.02 
1.01 1.03 1.02 1.03 1.01 1.05 1.03 1.05 1.06 1.03 1.03 1.02 1.05 1.04 1.05 1.01 1.01 1.04 1.05 1.03 
1.05 1.01 1.01 1.02 1.02 1.01 1.02 1.03 1.05 1.01 1.04 1.01 1.02 1.06 1.04 1.02 1.06 1.06 1.04 1.03 
1.02 1.04 1.01 1.02 1.03 1.03 1.04 1.06 1.06 1.02 1.06 1.02 1.03 1.01 1.03 1.01 1.03 1.04 1.03 1.04 
1.02 1.04 1.06 1.01 1.06 1.06 1.06 1.02 1.06 1.06 1.01 1.01 1.05 1.04 1.05 1.01 1.02 1.04 1.02 1.02 
1.03 1.03 1.06 1.02 1.02 1.06 1.04 1.05 1.02 1.04 1.04 1.02 1.01 1.06 1.01 1.05 1.01 1.05 1.06 1.04 
1.05 1.04 1.02 1.02 1.03 1.05 1.03 1.06 1.01 1.03 1.04 1.01 1.05 1.02 1.04 1.01 1.03 1.02 1.01 1.01 
1.04 1.03 1.03 1.05 1.04 1.01 1.02 1.02 1.06 1.04 1.04 1.05 1.01 1.02 1.01 1.01 1.03 1.03 1.01 1.02 
1.05 1.06 1.05 1.04 1.06 1.01 1.05 1.02 1.06 1.05 1.05 1.05 1.03 1.02 1.06 1.06 1.06 1.03 1.03 1.05 
1.05 1.05 1.06 1.04 1.02 1.06 1.01 1.04 1.06 1.02 1.06 1.04 1.06 1.03 1.03 1.03 1.03 1.06 1.05 1.05 
1.05 1.03 1.03 1.06 1.01 1.04 1.04 1.03 1.03 1.04 1.06 1.05 1.05 1.04 1.02 1.06 1.06 1.06 1.05 1.04 
1.02 1.04 1.01 1.01 1.06 1.06 1.02 1.05 1.06 1.05 1.02 1.02 1.03 1.04 1.02 1.03 1.03 1.01 1.06 1.01 
1.05 1.04 1.01 1.03 1.05 1.03 1.05 1.03 1.03 1.02 1.03 1.02 1.06 1.04 1.06 1.04 1.02 1.03 1.03 1.01 
1.04 1.06 1.02 1.06 1.01 1.02 1.04 1.04 1.01 1.02 1.02 1.02 1.06 1.01 1.03 1.03 1.05 1.06 1.06 1.02 
1.04 1.03 1.04 1.05 1.05 1.02 1.05 1.02 1.01 1.04 1.06 1.06 1.02 1.05 1.01 1.04 1.06 1.05 1.01 1.04 
1.03 1.01 1.02 1.05 1.01 1.03 1.05 1.02 1.04 1.01 1.01 1.03 1.04 1.02 1.03 1.04 1.03 1.06 1.04 1.05 
1.06 1.04 1.03 1.05 1.06 1.06 1.02 1.04 1.02 1.05 1.03 1.01 1.01 1.06 1.05 1.03 1.04 1.03 1.04 1.01 
1.02 1.05 1.02 1.02 1.02 1.01 1.03 1.06 1.02 1.06 1.04 1.02 1.05 1.01 1.05 1.02 1.05 1.03 1.04 1.06 
1.06 1.05 1.05 1.06 1.04 1.03 1.03 1.01 1.05 1.03 1.05 1.03 1.06 1.06 1.06 1.04 1.04 1.03 1.06 1.06 
1.05 1.06 1.03 1.01 1.05 1.03 1.04 1.02 1.03 1.05 1.01 1.01 1.01 1.03 1.01 1.01 1.05 1.06 1.06 1.04 
1.01 1.04 1.02 1.05 1.05 1.01 1.01 1.04 1.01 1.02 1.05 1.03 1.01 1.02 1.05 1.06 1.01 1.03 1.03 1.05 
1.05 1.06 1.05 1.05 1.01 1.03 1.05 1.01 1.04 1.01 1.03 1.04 1.05 1.05 1.01 1.02 1.04 1.03 1.03 1.02 
1.04 1.04 1.06 1.06 1.01 1.02 1.05 1.06 1.03 1.04 1.06 1.04 1.04 1.06 1.01 1.05 1.03 1.05 1.04 1.03 
1.03 1.06 1.04 1.02 1.01 1.02 1.02 1.03 1.03 1.02 1.03 1.02 1.01 1.01 1.03 1.01 1.05 1.01 1.06 1.06 
1.05 1.03 1.01 1.05 1.04 1.01 1.01 1.02 1.03 1.01 1.01 1.02 1.06 1.06 1.06 1.05 1.06 1.03 1.05 1.06 
1.06 1.04 1.03 1.03 1.02 1.01 1.03 1.03 1.04 1.01 1.06 1.02 1.04 1.05 1.01 1.05 1.04 1.01 1.01 1.01 
1.03 1.05 1.02 1.05 1.02 1.01 1.03 1.04 1.01 1.01 1.03 1.04 1.05 1.05 1.06 1.03 1.04 1.02 1.06 1.03 
1.01 1.01 1.03 1.06 1.05 1.04 1.06 1.01 1.01 1.06 1.02 1.01 1.04 1.01 1.03 1.04 1.03 1.02 1.03 1.06 
1.04 1.05 1.03 1.05 1.02 1.01 1.02 1.05 1.06 1.05 1.04 1.04 1.02 1.04 1.06 1.05 1.04 1.04 1.06 1.01 
1.05 1.04 1.04 1.01 1.02 1.02 1.05 1.06 1.03 1.02 1.03 1.02 1.04 1.01 1.02 1.02 1.01 1.05 1.03 1.05 
1.04 1.06 1.05 1.05 1.06 1.02 1.03 1.01 1.02 1.06 1.02 1.04 1.03 1.02 1.05 1.02 1.01 1.04 1.06 1.06 
1.05 1.02 1.01 1.01 1.01 1.02 1.02 1.01 1.01 1.01 1.04 1.05 1.03 1.04 1.04 1.03 1.03 1.03 1.04 1.05 
1.04 1.02 1.04 1.04 1.06 1.06 1.04 1.04 1.01 1.05 1.04 1.03 1.04 1.05 1.03 1.06 1.02 1.02 1.03 1.06 
1.05 1.02 1.03 1.03 1.02 1.04 1.02 1.03 1.04 1.01 1.01 1.06 1.05 1.01 1.04 1.04 1.06 1.06 1.01 1.02 
1.01 1.05 1.05 1.03 1.04 1.03 1.02 1.06 1.06 1.03 1.02 1.03 1.02 1.06 1.02 1.03 1.01 1.06 1.05 1.03 
1.01 1.02 1.05 1.05 1.05 1.04 1.05 1.06 1.03 1.02 1.01 1.03 1.04 1.04 1.06 1.02 1.03 1.05 1.05 1.05 
1.05 1.01 1.04 1.01 1.06 1.06 1.04 1.02 1.03 1.06 1.03 1.06 1.05 1.05 1.01 1.01 1.02 1.03 1.04 1.01 
1.04 1.06 1.04 1.02 1.03 1.06 1.06 1.06 1.04 1.02 1.02 1.02 1.02 1.06 1.06 1.04 1.03 1.04 1.01 1.01 
1.01 1.04 1.03 1.06 1.03 1.02 1.03 1.03 1.05 1.06 1.05 1.04 1.06 1.04 1.06 1.06 1.06 1.01 1.01 1.05 
1.05 1.02 1.05 1.02 1.02 1.04 1.02 1.06 1.06 1.03 1.01 1.05 1.05 1.02 1.03 1.05 1.01 1.03 1.05 1.04 
1.05 1.06 1.02 1.04 1.02 1.02 1.02 1.06 1.01 1.03 1.05 1.02 1.06 1.06 1.04 1.06 1.05 1.02 1.04 1.03 
1.02 1.03 1.05 1.06 1.06 1.01 1.01 1.06 1.02 1.02 1.03 1.04 1.03 1.03 1.03 1.06 1.03 1.04 1.06 1.05 
1.05 1.02 1.02 1.03 1.01 1.04 1.01 1.03 1.05 1.04 1.04 1.02 1.04 1.03 1.05 1.01 1.03 1.05 1.06 1.04 
1.05 1.01 1.02 1.06 1.05 1.04 1.02 1.06 1.01 1.04 1.06 1.04 1.05 1.01 1.03 1.03 1.03 1.06 1.05 1.02 
1.02 1.05 1.04 1.06 1.04 1.01 1.04 1.03 1.06 1.04 1.06 1.05 1.05 1.06 1.04 1.06 1.02 1.01 1.01 1.03 
1.04 1.03 1.01 1.02 1.03 1.06 1.04 1.02 1.05 1.02 1.01 1.04 1.04 1.04 1.02 1.06 1.06 1.02 1.05 1.05 
1.05 1.06 1.01 1.03 1.02 1.05 1.03 1.02 1.03 1.03 1.02 1.03 1.01 1.01 1.06 1.01 1.04 1.03 1.01 1.04 
1.03 1.04 1.05 1.06 1.01 1.01 1.04 1.03 1.06 1.06 1.03 1.02 1.03 1.05 1.06 1.01 1.04 1.06 1.02 1.01 
1.04 1.02 1.02 1.02 1.03 1.04 1.01 1.02 1.01 1.02 1.03 1.02 1.01 1.03 1.05 1.05 1.05 1.04 1.01 1.01 
1.02 1.05 1.04 1.02 1.05 1.05 1.01 1.03 1.04 1.05 1.02 1.04 1.05 1.04 1.04 1.01 1.02 1.04 1.04 1.06 
1.04 1.03 1.05 1.03 1.01 1.01 1.03 1.03 1.06 1.01 1.06 1.06 1.04 1.05 1.01 1.06 1.06 1.04 1.06 1.06 
1.01 1.03 1.03 1.03 1.05 1.02 1.05 1.03 1.05 1.01 1.03 1.06 1.04 1.06 1.03 1.03 1.06 1.01 1.04 1.01 
1.02 1.06 1.05 1.05 1.06 1.04 1.03 1.06 1.01 1.04 1.04 1.01 1.05 1.06 1.03 1.04 1.05 1.02 1.01 1.03 
1.03 1.03 1.06 1.03 1.04 1.03 1.05 1.02 1.06 1.02 1.05 1.06 1.01 1.06 1.04 1.04 1.04 1.06 1.02 1.03 
1.06 1.05 1.02 1.03 1.01 1.01 1.05 1.02 1.04 1.05 1.03 1.04 1.06 1.02 1.02 1.05 1.06 1.01 1.04 1.01 
1.01 1.02 1.02 1.05 1.01 1.03 1.06 1.06 1.04 1.01 1.02 1.01 1.01 1.01 1.04 1.05 1.06 1.03 1.03 1.05 
1.04 1.03 1.01 1.02 1.02 1.05 1.06 1.05 1.02 1.06 1.02 1.04 1.02 1.03 1.01 1.05 1.04 1.06 1.03 1.04 
1.03 1.04 1.04 1.03 1.03 1.01 1.04 1.06 1.04 1.04 1.05 1.06 1.05 1.01 1.05 1.05 1.02 1.06 1.04 1.03 
1.01 1.06 1.01 1.06 1.06 1.03 1.02 1.06 1.03 1.05 1.01 1.05 1.02 1.05 1.02 1.04 1.05 1.05 1.05 1.03 
1.04 1.02 1.05 1.04 1.03 1.05 1.02 1.02 1.02 1.03 1.02 1.06 1.01 1.05 1.03 1.02 1.03 1.02 1.01 1.05 
1.01 1.01 1.05 1.02 1.04 1.02 1.02 1.04 1.01 1.05 1.01 1.06 1.03 1.04 1.06 1.04 1.04 1.05 1.04 1.01 
1.06 1.02 1.06 1.04 1.06 1.05 1.03 1.01 1.05 1.03 1.03 1.04 1.01 1.02 1.05 1.02 1.03 1.01 1.05 1.04 
1.02 1.03 1.06 1.04 1.01 1.02 1.01 1.05 1.06 1.03 1.05 1.05 1.02 1.01 1.01 1.04 1.02 1.02 1.04 1.02 
1.05 1.05 1.05 1.04 1.03 1.06 1.01 1.06 1.06 1.04 1.04 1.06 1.01 1.01 1.04 1.01 1.03 1.01 1.04 1.02 
1.01 1.03 1.05 1.01 1.01 1.06 1.04 1.05 1.06 1.02 1.06 1.06 1.02 1.04 1.01 1.01 1.05 1.04 1.06 1.04 
1.03 1.03 1.06 1.05 1.06 1.04 1.04 1.06 1.06 1.01 1.03 1.06 1.01 1.02 1.05 1.06 1.01 1.05 1.03 1.06 
1.02 1.05 1.03 1.02 1.01 1.03 1.01 1.02 1.02 1.06 1.02 1.05 1.02 1.06 1.02 1.03 1.02 1.03 1.02 1.01 
1.04 1.01 1.04 1.01 1.04 1.03 1.02 1.01 1.05 1.04 1.02 1.06 1.03 1.05 1.03 1.04 1.01 1.04 1.06 1.02 
1.05 1.05 1.06 1.02 1.05 1.03 1.05 1.01 1.04 1.04 1.06 1.06 1.01 1.01 1.04 1.04 1.03 1.02 1.04 1.06 
1.06 1.03 1.03 1.05 1.02 1.03 1.03 1.05 1.06 1.03 1.04 1.06 1.06 1.02 1.02 1.04 1.03 1.05 1.06 1.02 
1.04 1.02 1.04 1.03 1.06 1.03 1.01 1.05 1.01 1.02 1.03 1.06 1.05 1.01 1.05 1.04 1.02 1.05 1.06 1.02 
1.04 1.04 1.05 1.05 1.04 1.01 1.04 1.02 1.04 1.02 1.04 1.05 1.04 1.03 1.04 1.01 1.04 1.05 1.05 1.04 
1.05 1.01 1.03 1.01 1.04 1.02 1.04 1.01 1.01 1.03 1.01 1.04 1.04 1.06 1.02 1.01 1.06 1.05 1.03 1.01 
1.06 1.04 1.02 1.01 1.03 1.05 1.03 1.04 1.02 1.02 1.05 1.06 1.03 1.05 1.01 1.03 1.03 1.02 1.06 1.03 
1.03 1.01 1.01 1.02 1.01 1.03 1.01 1.01 1.02 1.01 1.05 1.04 1.02 1.03 1.04 1.03 1.06 1.02 1.04 1.05 
1.04 1.02 1.04 1.06 1.05 1.04 1.04 1.03 1.02 1.03 1.02 1.02 1.05 1.05 1.01 1.03 1.06 1.04 1.01 1.06 
1.01 1.06 1.05 1.05 1.01 1.03 1.04 1.05 1.04 1.02 1.02 1.03 1.06 1.04 1.06 1.06 1.02 1.02 1.02 1.02 
1.05 1.01 1.01 1.01 1.06 1.05 1.04 1.06 1.03 1.01 1.02 1.03 1.06 1.03 1.05 1.03 1.01 1.04 1.02 1.04 
1.06 1.05 1.05 1.04 1.04 1.05 1.05 1.06 1.05 1.06 1.03 1.05 1.06 1.04 1.01 1.01 1.01 1.01 1.05 1.05 
1.06 1.03 1.02 1.01 1.01 1.02 1.01 1.06 1.01 1.02 1.05 1.04 1.06 1.04 1.05 1.02 1.01 1.03 1.06 1.01 
1.01 1.04 1.01 1.05 1.01 1.04 1.04 1.06 1.06 1.04 1.03 1.03 1.05 1.02 1.02 1.03 1.03 1.02 1.02 1.06 
1.03 1.06 1.01 1.03 1.04 1.01 1.01 1.03 1.04 1.04 1.01 1.01 1.06 1.01 1.04 1.02 1.06 1.04 1.03 1.01 
1.02 1.04 1.02 1.02 1.06 1.02 1.06 1.04 1.03 1.03 1.04 1.06 1.06 1.05 1.04 1.04 1.01 1.03 1.05 1.01 
1.06 1.04 1.06 1.03 1.02 1.02 1.03 1.04 1.01 1.04 1.04 1.02 1.02 1.03 1.02 1.05 1.03 1.03 1.06 1.03 
1.01 1.01 1.03 1.03 1.05 1.05 1.05 1.02 1.06 1.03 1.03 1.01 1.04 1.01 1.05 1.02 1.01 1.05 1.03 1.06 
1.01 1.01 1.01 1.04 1.04 1.03 1.04 1.06 1.06 1.03 1.03 1.01 1.05 1.06 1.04 1.01 1.04 1.05 1.05 1.04 
1.03 1.01 1.04 1.02 1.02 1.03 1.05 1.01 1.03 1.05 1.04 1.06 1.01 1.03 1.02 1.03 1.02 1.04 1.02 1.02 
1.01 1.03 1.02 1.02 1.06 1.04 1.01 1.06 1.04 1.05 1.02 1.01 1.03 1.01 1.02 1.03 1.06 1.06 1.03 1.05 
1.02 1.05 1.06 1.05 1.02 1.05 1.06 1.04 1.03 1.02 1.04 1.04 1.04 1.01 1.03 1.03 1.01 1.01 1.06 1.05 
1.02 1.01 1.04 1.01 1.03 1.06 1.06 1.04 1.06 1.05 1.01 1.03 1.06 1.04 1.06 1.04 1.04 1.06 1.05 1.06 
1.02 1.05 1.03 1.04 1.02 1.04 1.06 1.04 1.05 1.05 1.02 1.04 1.01 1.03 1.06 1.01 1.05 1.01 1.02 1.06 
1.04 1.02 1.05 1.02 1.03 1.01 1.06 1.05 1.05 1.04 1.01 1.02 1.02 1.01 1.05 1.05 1.02 1.04 1.05 1.01 
1.02 1.02 1.05 1.04 1.01 1.06 1.06 1.04 1.04 1.06 1.04 1.02 1.03 1.03 1.05 1.04 1.01 1.02 1.04 1.04 
1.04 1.06 1.04 1.03 1.01 1.02 1.02 1.03 1.03 1.04 1.02 1.02 1.06 1.06 1.06 1.01 1.04 1.02 1.06 1.05 
1.02 1.06 1.03 1.03 1.04 1.04 1.06 1.04 1.05 1.02 1.01 1.06 1.02 1.02 1.04 1.05 1.05 1.05 1.01 1.05 
1.01 1.02 1.04 1.01 1.05 1.06 1.01 1.01 1.03 1.06 1.04 1.01 1.06 1.05 1.01 1.02 1.04 1.05 1.04 1.02 
1.04 1.03 1.03 1.03 1.03 1.05 1.04 1.01 1.02 1.04 1.05 1.01 1.04 1.05 1.02 1.01 1.04 1.06 1.02 1.04 
1.03 1.02 1.01 1.03 1.03 1.01 1.02 1.03 1.05 1.06 1.03 1.04 1.03 1.01 1.03 1.04 1.04 1.03 1.01 1.05 
1.01 1.05 1.02 1.06 1.05 1.01 1.04 1.03 1.03 1.04 1.06 1.02 1.06 1.03 1.04 1.02 1.05 1.04 1.01 1.01 
1.05 1.03 1.06 1.05 1.04 1.02 1.03 1.04 1.02 1.05 1.06 1.05 1.02 1.02 1.04 1.03 1.05 1.03 1.04 1.06 
1.04 1.04 1.01 1.04 1.01 1.03 1.05 1.03 1.05 1.02 1.03 1.04 1.05 1.05 1.02 1.06 1.03 1.02 1.03 1.03 
1.01 1.04 1.05 1.04 1.03 1.05 1.05 1.04 1.03 1.05 1.06 1.02 1.03 1.02 1.02 1.03 1.05 1.04 1.06 1.05 
1.06 1.03 1.06 1.04 1.04 1.04 1.03 1.01 1.05 1.01 1.04 1.03 1.02 1.03 1.06 1.01 1.06 1.04 1.03 1.05 
1.01 1.02 1.01 1.04 1.05 1.03 1.01 1.02 1.04 1.05 1.05 1.04 1.06 1.01 1.06 1.06 1.06 1.05 1.05 1.06 
1.01 1.03 1.02 1.04 1.06 1.05 1.04 1.06 1.04 1.03 1.05 1.01 1.03 1.06 1.04 1.01 1.02 1.02 1.04 1.01 
1.03 1.03 1.03 1.01 1.05 1.02 1.05 1.05 1.02 1.03 1.01 1.02 1.04 1.03 1.01 1.04 1.05 1.06 1.01 1.05 
1.01 1.01 1.04 1.06 1.01 1.02 1.03 1.04 1.06 1.01 1.06 1.01 1.05 1.06 1.01 1.03 1.05 1.01 1.03 1.06 
1.05 1.06 1.05 1.01 1.04 1.05 1.06 1.02 1.06 1.05 1.05 1.05 1.01 1.06 1.02 1.05 1.03 1.05 1.04 1.04 
1.03 1.03 1.03 1.03 1.04 1.03 1.01 1.03 1.01 1.06 1.01 1.06 1.01 1.06 1.03 1.06 1.01 1.02 1.03 1.01 
1.02 1.04 1.05 1.06 1.06 1.06 1.05 1.01 1.03 1.06 1.05 1.05 1.04 1.04 1.03 1.02 1.04 1.02 1.01 1.06 
1.03 1.06 1.06 1.03 1.05 1.05 1.01 1.04 1.03 1.05 1.02 1.01 1.01 1.06 1.04 1.01 1.05 1.03 1.02 1.03 
1.01 1.06 1.06 1.02 1.04 1.06 1.02 1.05 1.04 1.01 1.01 1.01 1.01 1.02 1.06 1.01 1.04 1.03 1.04 1.04 
1.04 1.04 1.02 1.05 1.03 1.05 1.06 1.02 1.05 1.01 1.03 1.02 1.03 1.05 1.02 1.03 1.06 1.01 1.05 1.02 
1.03 1.02 1.03 1.05 1.02 1.06 1.01 1.05 1.04 1.03 1.05 1.05 1.06 1.03 1.02 1.03 1.03 1.02 1.02 1.01 
1.06 1.02 1.04 1.01 1.03 1.04 1.06 1.03 1.02 1.05 1.01 1.04 1.04 1.03 1.04 1.06 1.02 1.06 1.01 1.05 
1.06 1.05 1.02 1.02 1.05 1.04 1.06 1.01 1.04 1.05 1.01 1.05 1.05 1.04 1.06 1.05 1.02 1.03 1.06 1.02 
1.06 1.04 1.06 1.03 1.02 1.02 1.01 1.05 1.02 1.01 1.01 1.02 1.06 1.01 1.01 1.06 1.01 1.05 1.02 1.01 
1.03 1.05 1.02 1.05 1.01 1.03 1.05 1.01 1.03 1.02 1.04 1.03 1.03 1.06 1.04 1.04 1.03 1.01 1.02 1.04 
1.05 1.06 1.04 1.01 1.01 1.03 1.02 1.03 1.06 1.05 1.05 1.06 1.05 1.06 1.05 1.01 1.02 1.04 1.02 1.01 
1.01 1.03 1.01 1.01 1.04 1.04 1.02 1.01 1.03 1.06 1.03 1.05 1.03 1.05 1.06 1.03 1.04 1.01 1.06 1.02 
1.05 1.04 1.02 1.02 1.02 1.01 1.03 1.01 1.03 1.01 1.05 1.06 1.04 1.02 1.01 1.05 1.03 1.02 1.02 1.05 
1.03 1.02 1.05 1.05 1.05 1.03 1.03 1.03 1.03 1.05 1.03 1.03 1.01 1.06 1.02 1.02 1.06 1.02 1.06 1.06 
1.02 1.05 1.06 1.06 1.02 1.03 1.06 1.04 1.05 1.06 1.06 1.05 1.06 1.03 1.04 1.03 1.06 1.04 1.03 1.03 
1.01 1.05 1.03 1.06 1.05 1.01 1.06 1.04 1.02 1.04 1.06 1.04 1.06 1.01 1.04 1.01 1.02 1.06 1.01 1.06 
1.05 1.02 1.03 1.01 1.04 1.02 1.02 1.02 1.03 1.06 1.01 1.06 1.01 1.03 1.01 1.04 1.05 1.01 1.06 1.01 
1.03 1.05 1.06 1.02 1.02 1.03 1.05 1.03 1.01 1.03 1.02 1.02 1.03 1.04 1.01 1.03 1.02 1.04 1.06 1.01 
1.02 1.01 1.05 1.02 1.05 1.01 1.04 1.02 1.01 1.06 1.02 1.04 1.01 1.05 1.06 1.01 1.06 1.05 1.03 1.06 
1.02 1.06 1.06 1.03 1.06 1.04 1.02 1.04 1.05 1.03 1.02 1.06 1.03 1.05 1.05 1.06 1.05 1.06 1.04 1.04 
1.04 1.06 1.02 1.02 1.05 1.06 1.06 1.02 1.03 1.02 1.05 1.05 1.01 1.04 1.03 1.04 1.03 1.04 1.01 1.02 
1.01 1.03 1.03 1.06 1.01 1.03 1.06 1.02 1.01 1.04 1.05 1.04 1.01 1.05 1.03 1.06 1.02 1.04 1.05 1.04 
1.06 1.01 1.01 1.05 1.04 1.01 1.03 1.05 1.04 1.05 1.03 1.02 1.05 1.03 1.05 1.06 1.05 1.01 1.06 1.05 
1.03 1.04 1.04 1.03 1.01 1.01 1.06 1.01 1.02 1.06 1.05 1.02 1.03 1.04 1.03 1.05 1.03 1.05 1.03 1.04 
1.02 1.06 1.04 1.05 1.02 1.02 1.04 1.02 1.06 1.02 1.06 1.06 1.03 1.03 1.03 1.01 1.02 1.03 1.01 1.04 
1.06 1.02 1.02 1.03 1.06 1.04 1.02 1.05 1.02 1.02 1.01 1.03 1.06 1.05 1.02 1.06 1.06 1.04 1.01 1.04 
1.02 1.02 1.05 1.03 1.05 1.01 1.04 1.01 1.05 1.03 1.02 1.05 1.02 1.01 1.03 1.01 1.04 1.05 1.02 1.04 
1.01 1.04 1.03 1.04 1.04 1.01 1.05 1.06 1.02 1.02 1.02 1.03 1.03 1.04 1.06 1.03 1.01 1.06 1.03 1.02 
1.03 1.05 1.02 1.03 1.03 1.01 1.06 1.03 1.04 1.03 1.02 1.05 1.06 1.05 1.06 1.02 1.02 1.06 1.01 1.06 
1.06 1.06 1.05 1.06 1.01 1.02 1.03 1.06 1.01 1.05 1.01 1.05 1.04 1.01 1.05 1.04 1.04 1.05 1.02 1.02 
1.05 1.02 1.02 1.03 1.05 1.05 1.03 1.03 1.05 1.04 1.03 1.01 1.01 1.02 1.05 1.05 1.02 1.02 1.06 1.01 
1.05 1.02 1.03 1.05 1.06 1.01 1.05 1.02 1.05 1.03 1.05 1.05 1.04 1.06 1.04 1.05 1.06 1.05 1.04 1.06 
1.06 1.01 1.02 1.02 1.04 1.04 1.06 1.04 1.04 1.03 1.03 1.04 1.03 1.02 1.05 1.03 1.06 1.01 1.04 1.04 
1.03 1.03 1.03 1.03 1.01 1.05 1.01 1.04 1.04 1.03 1.05 1.05 1.06 1.02 1.02 1.01 1.01 1.06 1.02 1.02 
1.03 1.04 1.04 1.04 1.03 1.03 1.01 1.04 1.05 1.03 1.05 1.05 1.01 1.02 1.03 1.01 1.06 1.03 1.03 1.03 
1.04 1.05 1.04 1.02 1.06 1.03 1.03 1.01 1.01 1.06 1.04 1.03 1.03 1.05 1.03 1.02 1.02 1.02 1.03 1.02 
1.01 1.02 1.01 1.05 1.05 1.06 1.03 1.04 1.04 1.01 1.03 1.02 1.05 1.05 1.05 1.01 1.06 1.05 1.03 1.01 
1.06 1.05 1.06 1.06 1.04 1.01 1.06 1.01 1.01 1.01 1.02 1.06 1.04 1.04 1.04 1.04 1.03 1.06 1.01 1.03 
1.06 1.05 1.01 1.02 1.05 1.01 1.05 1.02 1.06 1.06 1.05 1.06 1.03 1.03 1.03 1.04 1.03 1.06 1.06 1.02 
1.02 1.04 1.04 1.06 1.04 1.06 1.06 1.03 1.03 1.02 1.04 1.05 1.02 1.04 1.01 1.04 1.06 1.01 1.05 1.02 
1.05 1.01 1.06 1.05 1.01 1.05 1.05 1.04 1.05 1.06 1.06 1.01 1.02 1.03 1.01 1.03 1.01 1.02 1.05 1.02 
1.01 1.01 1.05 1.06 1.05 1.03 1.06 1.01 1.05 1.05 1.01 1.06 1.06 1.04 1.06 1.03 1.01 1.04 1.06 1.03 
1.03 1.01 1.06 1.05 1.06 1.05 1.06 1.03 1.02 1.05 1.06 1.02 1.05 1.05 1.06 1.03 1.06 1.06 1.06 1.02 
1.05 1.03 1.03 1.03 1.01 1.05 1.01 1.05 1.01 1.04 1.01 1.05 1.01 1.01 1.02 1.04 1.04 1.04 1.04 1.06 
1.06 1.02 1.02 1.04 1.03 1.02 1.01 1.03 1.01 1.01 1.03 1.06 1.03 1.02 1.03 1.01 1.01 1.04 1.01 1.05 
1.03 1.01 1.06 1.01 1.05 1.04 1.03 1.05 1.03 1.01 1.03 1.01 1.05 1.05 1.05 1.05 1.01 1.06 1.04 1.05 
1.05 1.01 1.04 1.04 1.03 1.04 1.02 1.05 1.01 1.05 1.01 1.06 1.03 1.01 1.02 1.03 1.04 1.02 1.05 1.04 
1.01 1.05 1.05 1.04 1.03 1.01 1.05 1.02 1.01 1.05 1.05 1.04 1.03 1.01 1.05 1.04 1.01 1.04 1.03 1.04 
1.01 1.03 1.02 1.02 1.01 1.04 1.03 1.06 1.05 1.03 1.02 1.06 1.05 1.06 1.05 1.06 1.02 1.06 1.02 1.06 
1.03 1.02 1.05 1.01 1.03 1.01 1.04 1.05 1.01 1.03 1.02 1.05 1.05 1.06 1.03 1.04 1.03 1.03 1.03 1.02 
1.04 1.02 1.05 1.04 1.04 1.02 1.05 1.05 1.03 1.06 1.05 1.06 1.05 1.03 1.05 1.03 1.06 1.02 1.02 1.05 
1.01 1.01 1.01 1.03 1.02 1.06 1.06 1.06 1.02 1.02 1.05 1.06 1.04 1.01 1.04 1.01 1.02 1.05 1.05 1.04 
1.06 1.04 1.04 1.06 1.01 1.03 1.03 1.02 1.05 1.02 1.03 1.04 1.01 1.02 1.04 1.02 1.01 1.06 1.01 1.02 
1.05 1.01 1.03 1.01 1.06 1.03 1.05 1.04 1.04 1.03 1.01 1.03 1.01 1.04 1.03 1.01 1.02 1.06 1.01 1.01 
1.06 1.05 1.02 1.01 1.03 1.01 1.05 1.03 1.01 1.02 1.02 1.06 1.05 1.03 1.03 1.05 1.01 1.05 1.03 1.03 
1.01 1.04 1.04 1.04 1.01 1.02 1.03 1.01 1.05 1.03 1.03 1.05 1.05 1.03 1.01 1.03 1.01 1.05 1.01 1.02 
1.03 1.04 1.05 1.05 1.02 1.06 1.04 1.05 1.03 1.04 1.02 1.05 1.05 1.02 1.01 1.01 1.03 1.06 1.04 1.04 
1.05 1.04 1.04 1.05 1.05 1.02 1.06 1.01 1.03 1.02 1.03 1.02 1.01 1.04 1.05 1.03 1.06 1.04 1.05 1.05 
1.02 1.01 1.03 1.03 1.03 1.02 1.06 1.04 1.01 1.02 1.03 1.05 1.06 1.05 1.05 1.02 1.03 1.02 1.04 1.06 
1.04 1.05 1.05 1.01 1.05 1.05 1.02 1.02 1.04 1.03 1.03 1.02 1.01 1.02 1.02 1.06 1.01 1.04 1.05 1.04 
1.03 1.03 1.06 1.03 1.02 1.06 1.06 1.03 1.04 1.03 1.01 1.04 1.05 1.04 1.05 1.04 1.02 1.05 1.06 1.06 
1.03 1.06 1.06 1.06 1.05 1.06 1.01 1.03 1.02 1.04 1.02 1.05 1.04 1.03 1.05 1.02 1.02 1.06 1.01 1.03 
1.06 1.02 1.06 1.01 1.01 1.05 1.04 1.06 1.05 1.06 1.01 1.04 1.04 1.01 1.04 1.04 1.03 1.06 1.03 1.03 
1.01 1.06 1.02 1.06 1.06 1.01 1.05 1.02 1.01 1.05 1.06 1.02 1.01 1.01 1.05 1.03 1.04 1.02 1.06 1.02 
1.01 1.05 1.04 1.03 1.05 1.04 1.05 1.01 1.05 1.06 1.06 1.03 1.04 1.02 1.05 1.05 1.03 1.03 1.02 1.04 
1.03 1.06 1.04 1.01 1.05 1.05 1.04 1.01 1.04 1.03 1.05 1.05 1.02 1.02 1.06 1.06 1.02 1.02 1.05 1.04 
1.02 1.05 1.02 1.02 1.06 1.06 1.05 1.05 1.05 1.04 1.03 1.06 1.03 1.04 1.03 1.02 1.06 1.03 1.02 1.05 
1.04 1.04 1.02 1.05 1.04 1.05 1.01 1.02 1.03 1.05 1.03 1.04 1.04 1.05 1.06 1.05 1.01 1.04 1.03 1.02 
1.03 1.02 1.02 1.03 1.04 1.01 1.01 1.06 1.04 1.05 1.01 1.01 1.01 1.01 1.05 1.01 1.05 1.02 1.05 1.01 
1.04 1.03 1.01 1.02 1.04 1.02 1.05 1.06 1.06 1.05 1.02 1.04 1.04 1.01 1.03 1.04 1.04 1.05 1.01 1.05 
1.01 1.05 1.01 1.03 1.06 1.03 1.03 1.05 1.05 1.05 1.02 1.01 1.03 1.04 1.05 1.05 1.05 1.04 1.02 1.04 
1.04 1.03 1.02 1.06 1.06 1.01 1.03 1.04 1.04 1.02 1.02 1.06 1.01 1.06 1.05 1.06 1.03 1.06 1.02 1.03 
1.02 1.04 1.05 1.03 1.02 1.04 1.03 1.01 1.01 1.02 1.05 1.04 1.02 1.05 1.03 1.04 1.03 1.03 1.04 1.06 
1.03 1.02 1.06 1.02 1.02 1.03 1.05 1.04 1.06 1.01 1.04 1.04 1.05 1.05 1.04 1.01 1.05 1.04 1.04 1.03 
1.01 1.02 1.02 1.05 1.02 1.04 1.02 1.03 1.03 1.05 1.02 1.03 1.03 1.06 1.01 1.01 1.04 1.02 1.05 1.06 
1.05 1.01 1.02 1.05 1.01 1.05 1.01 1.02 1.04 1.05 1.06 1.06 1.03 1.01 1.03 1.04 1.06 1.06 1.01 1.01 
1.03 1.04 1.06 1.02 1.05 1.01 1.04 1.04 1.05 1.06 1.06 1.04 1.02 1.02 1.04 1.04 1.03 1.04 1.03 1.03 
1.06 1.03 1.05 1.01 1.06 1.04 1.06 1.06 1.04 1.05 1.04 1.03 1.01 1.01 1.01 1.03 1.02 1.01 1.01 1.05 
1.01 1.01 1.03 1.05 1.03 1.04 1.04 1.01 1.03 1.04 1.01 1.05 1.02 1.01 1.02 1.05 1.01 1.03 1.04 1.02 
1.06 1.01 1.01 1.03 1.05 1.06 1.06 1.01 1.04 1.01 1.06 1.01 1.01 1.01 1.02 1.04 1.06 1.04 1.05 1.01 
1.06 1.05 1.01 1.01 1.05 1.03 1.04 1.05 1.04 1.01 1.03 1.04 1.02 1.06 1.05 1.05 1.02 1.03 1.04 1.05 
1.06 1.03 1.05 1.02 1.02 1.06 1.01 1.04 1.03 1.03 1.06 1.06 1.06 1.03 1.01 1.04 1.05 1.03 1.01 1.06 
1.04 1.03 1.03 1.01 1.01 1.01 1.05 1.01 1.03 1.02 1.02 1.02 1.04 1.01 1.01 1.03 1.04 1.02 1.04 1.06 
1.04 1.01 1.01 1.03 1.01 1.06 1.06 1.05 1.01 1.01 1.03 1.06 1.02 1.02 1.02 1.06 1.06 1.06 1.01 1.01 
1.06 1.03 1.05 1.03 1.04 1.01 1.04 1.01 1.02 1.03 1.01 1.01 1.04 1.01 1.02 1.02 1.03 1.02 1.04 1.04 
1.01 1.05 1.05 1.04 1.06 1.03 1.03 1.02 1.04 1.01 1.03 1.04 1.02 1.01 1.06 1.01 1.04 1.03 1.02 1.01 
1.05 1.03 1.04 1.02 1.04 1.01 1.01 1.01 1.01 1.01 1.01 1.06 1.03 1.03 1.01 1.02 1.01 1.02 1.05 1.02 
1.03 1.04 1.05 1.05 1.03 1.01 1.02 1.01 1.05 1.04 1.03 1.06 1.05 1.05 1.01 1.01 1.03 1.03 1.06 1.05 
1.01 1.02 1.01 1.06 1.01 1.05 1.03 1.04 1.04 1.04 1.01 1.01 1.02 1.03 1.02 1.06 1.06 1.01 1.05 1.06 
1.05 1.04 1.05 1.06 1.01 1.05 1.05 1.03 1.01 1.03 1.02 1.05 1.01 1.03 1.01 1.03 1.04 1.06 1.05 1.05 
1.03 1.03 1.04 1.04 1.01 1.04 1.02 1.04 1.06 1.06 1.01 1.01 1.04 1.06 1.03 1.04 1.03 1.06 1.01 1.05 
1.06 1.05 1.06 1.05 1.04 1.03 1.06 1.02 1.04 1.02 1.04 1.02 1.04 1.01 1.03 1.02 1.02 1.03 1.03 1.01 
1.03 1.02 1.04 1.04 1.05 1.01 1.06 1.02 1.06 1.01 1.06 1.02 1.05 1.01 1.02 1.01 1.05 1.01 1.04 1.06 
1.03 1.01 1.03 1.01 1.06 1.02 1.03 1.02 1.01 1.02 1.02 1.05 1.06 1.03 1.05 1.02 1.01 1.03 1.03 1.04 
1.03 1.04 1.06 1.05 1.05 1.06 1.02 1.06 1.04 1.05 1.03 1.02 1.06 1.05 1.06 1.06 1.04 1.04 1.05 1.06 
1.05 1.01 1.04 1.04 1.06 1.01 1.06 1.02 1.04 1.06 1.06 1.05 1.04 1.05 1.05 1.03 1.04 1.04 1.02 1.02 
1.02 1.01 1.01 1.04 1.06 1.04 1.01 1.02 1.01 1.05 1.06 1.01 1.02 1.05 1.01 1.04 1.05 1.02 1.01 1.05 
1.01 1.04 1.03 1.06 1.04 1.03 1.04 1.01 1.01 1.02 1.03 1.04 1.06 1.02 1.05 1.03 1.05 1.06 1.02 1.03 
1.06 1.05 1.02 1.04 1.06 1.06 1.01 1.02 1.02 1.02 1.03 1.02 1.05 1.05 1.03 1.02 1.04 1.01 1.04 1.04 
1.03 1.01 1.06 1.03 1.04 1.01 1.01 1.03 1.01 1.03 1.06 1.02 1.05 1.04 1.03 1.02 1.06 1.01 1.05 1.02 
1.02 1.04 1.05 1.04 1.06 1.06 1.06 1.02 1.06 1.01 1.02 1.03 1.03 1.01 1.04 1.06 1.05 1.04 1.05 1.02 
1.03 1.06 1.06 1.04 1.06 1.01 1.02 1.02 1.01 1.03 1.03 1.03 1.03 1.02 1.03 1.06 1.01 1.02 1.04 1.06 
1.04 1.04 1.04 1.02 1.03 1.04 1.02 1.04 1.05 1.04 1.04 1.03 1.05 1.06 1.05 1.04 1.04 1.02 1.05 1.01 
1.03 1.04 1.01 1.04 1.06 1.03 1.01 1.06 1.05 1.03 1.04 1.02 1.05 1.06 1.06 1.04 1.03 1.06 1.01 1.01 
1.03 1.01 1.06 1.01 1.01 1.05 1.04 1.03 1.02 1.05 1.06 1.06 1.03 1.02 1.05 1.05 1.03 1.04 1.06 1.03 
1.06 1.02 1.04 1.02 1.04 1.05 1.02 1.04 1.06 1.03 1.02 1.04 1.04 1.03 1.04 1.02 1.01 1.02 1.02 1.04 
1.02 1.06 1.04 1.03 1.02 1.04 1.06 1.02 1.05 1.05 1.06 1.06 1.04 1.03 1.05 1.03 1.06 1.03 1.06 1.01 
1.05 1.04 1.06 1.01 1.06 1.02 1.01 1.04 1.02 1.03 1.06 1.02 1.01 1.03 1.03 1.01 1.04 1.02 1.05 1.01 
1.05 1.06 1.03 1.04 1.06 1.04 1.05 1.01 1.02 1.02 1.02 1.04 1.01 1.04 1.02 1.05 1.04 1.04 1.06 1.04 
1.05 1.04 1.05 1.04 1.04 1.04 1.04 1.02 1.05 1.01 1.02 1.02 1.03 1.06 1.04 1.06 1.01 1.01 1.04 1.06 
1.04 1.02 1.02 1.05 1.06 1.05 1.06 1.02 1.06 1.03 1.05 1.04 1.06 1.03 1.06 1.02 1.01 1.01 1.05 1.06 
1.06 1.01 1.05 1.06 1.06 1.06 1.05 1.05 1.06 1.04 1.03 1.04 1.02 1.03 1.04 1.03 1.05 1.02 1.04 1.01 
1.05 1.02 1.02 1.01 1.06 1.01 1.01 1.05 1.05 1.01 1.06 1.06 1.04 1.01 1.04 1.04 1.06 1.02 1.02 1.06 
1.03 1.02 1.04 1.01 1.03 1.06 1.04 1.04 1.01 1.05 1.05 1.05 1.06 1.03 1.05 1.03 1.02 1.02 1.06 1.01 
1.05 1.03 1.06 1.03 1.06 1.03 1.06 1.04 1.04 1.05 1.06 1.06 1.02 1.03 1.06 1.02 1.02 1.03 1.02 1.05 
1.06 1.06 1.01 1.05 1.02 1.01 1.04 1.02 1.02 1.01 1.04 1.02 1.01 1.03 1.03 1.01 1.05 1.05 1.01 1.03 
1.03 1.05 1.01 1.06 1.05 1.04 1.01 1.03 1.03 1.03 1.06 1.06 1.02 1.03 1.02 1.04 1.01 1.01 1.03 1.04 
1.05 1.05 1.03 1.02 1.01 1.06 1.06 1.06 1.01 1.03 1.03 1.01 1.05 1.06 1.02 1.04 1.01 1.06 1.03 1.01 
1.03 1.01 1.02 1.04 1.06 1.05 1.03 1.02 1.01 1.05 1.02 1.01 1.01 1.02 1.03 1.03 1.06 1.02 1.01 1.05 
1.04 1.06 1.03 1.04 1.03 1.02 1.01 1.03 1.02 1.01 1.03 1.05 1.01 1.05 1.03 1.04 1.01 1.04 1.06 1.06 
1.04 1.05 1.05 1.06 1.03 1.05 1.01 1.02 1.03 1.03 1.06 1.06 1.05 1.02 1.04 1.06 1.02 1.03 1.02 1.06 
1.04 1.05 1.05 1.06 1.01 1.01 1.04 1.01 1.05 1.03 1.04 1.04 1.06 1.05 1.04 1.04 1.04 1.05 1.03 1.03 
1.01 1.05 1.04 1.06 1.01 1.06 1.06 1.03 1.03 1.03 1.04 1.02 1.06 1.04 1.03 1.01 1.06 1.02 1.05 1.02 
1.05 1.04 1.03 1.06 1.05 1.05 1.02 1.02 1.06 1.05 1.02 1.02 1.06 1.03 1.05 1.04 1.02 1.03 1.03 1.02 
1.02 1.02 1.01 1.06 1.06 1.06 1.04 1.01 1.01 1.03 1.02 1.01 1.02 1.06 1.03 1.05 1.01 1.02 1.06 1.06 
1.06 1.04 1.06 1.03 1.01 1.01 1.05 1.01 1.05 1.01 1.05 1.03 1.01 1.03 1.01 1.03 1.01 1.03 1.06 1.01 
1.02 1.02 1.04 1.03 1.03 1.01 1.03 1.04 1.06 1.02 1.03 1.01 1.03 1.06 1.01 1.01 1.03 1.02 1.06 1.02 
1.01 1.04 1.05 1.03 1.01 1.06 1.01 1.06 1.06 1.05 1.03 1.02 1.04 1.02 1.05 1.04 1.04 1.01 1.01 1.05 
1.04 1.02 1.05 1.04 1.05 1.06 1.04 1.03 1.04 1.01 1.03 1.04 1.02 1.06 1.02 1.01 1.03 1.06 1.01 1.03 
1.03 1.01 1.02 1.04 1.06 1.01 1.03 1.04 1.03 1.04 1.03 1.02 1.06 1.04 1.02 1.04 1.04 1.02 1.01 1.06 
1.01 1.06 1.01 1.04 1.05 1.05 1.01 1.05 1.03 1.02 1.03 1.05 1.05 1.05 1.05 1.06 1.06 1.03 1.04 1.06 
1.05 1.04 1.06 1.02 1.01 1.01 1.03 1.02 1.05 1.04 1.06 1.01 1.04 1.05 1.04 1.06 1.01 1.03 1.05 1.03 
1.02 1.02 1.02 1.01 1.05 1.05 1.03 1.04 1.06 1.04 1.05 1.03 1.03 1.02 1.01 1.03 1.01 1.03 1.02 1.02 
1.01 1.04 1.06 1.04 1.02 1.02 1.02 1.05 1.04 1.04 1.01 1.03 1.03 1.06 1.04 1.06 1.02 1.05 1.04 1.04 
1.05 1.02 1.05 1.02 1.04 1.06 1.03 1.02 1.05 1.02 1.03 1.03 1.05 1.06 1.01 1.05 1.04 1.03 1.03 1.03 
1.03 1.05 1.04 1.01 1.04 1.06 1.02 1.01 1.02 1.01 1.04 1.05 1.04 1.01 1.02 1.06 1.06 1.05 1.01 1.01 
1.04 1.05 1.05 1.01 1.02 1.04 1.05 1.01 1.02 1.06 1.04 1.01 1.05 1.06 1.05 1.02 1.04 1.02 1.03 1.03 
1.05 1.05 1.04 1.02 1.02 1.03 1.04 1.05 1.04 1.05 1.04 1.06 1.06 1.04 1.05 1.05 1.06 1.04 1.01 1.06 
1.06 1.03 1.02 1.01 1.02 1.03 1.01 1.01 1.04 1.05 1.02 1.05 1.04 1.05 1.04 1.01 1.01 1.01 1.01 1.05 
1.06 1.05 1.01 1.04 1.02 1.04 1.05 1.05 1.03 1.04 1.01 1.01 1.03 1.05 1.03 1.01 1.06 1.02 1.06 1.02 
1.06 1.05 1.05 1.05 1.06 1.06 1.06 1.06 1.01 1.05 1.06 1.04 1.03 1.03 1.01 1.02 1.04 1.02 1.03 1.06 
1.02 1.03 1.04 1.05 1.03 1.02 1.05 1.03 1.04 1.05 1.06 1.06 1.04 1.06 1.04 1.02 1.02 1.04 1.03 1.02 
1.04 1.06 1.01 1.05 1.04 1.04 1.03 1.04 1.01 1.04 1.01 1.05 1.06 1.01 1.06 1.05 1.04 1.06 1.06 1.02 
1.03 1.02 1.01 1.03 1.03 1.06 1.03 1.04 1.04 1.02 1.04 1.05 1.04 1.03 1.04 1.04 1.03 1.06 1.01 1.06 
1.06 1.03 1.05 1.04 1.05 1.05 1.03 1.06 1.06 1.01 1.03 1.04 1.02 1.03 1.06 1.01 1.02 1.05 1.03 1.04 
1.02 1.05 1.06 1.02 1.03 1.02 1.06 1.03 1.01 1.02 1.01 1.01 1.03 1.06 1.06 1.03 1.06 1.06 1.06 1.02 
1.06 1.01 1.04 1.02 1.02 1.03 1.02 1.06 1.04 1.05 1.01 1.04 1.02 1.01 1.02 1.06 1.03 1.05 1.02 1.02 
1.02 1.04 1.03 1.05 1.03 1.06 1.05 1.03 1.06 1.06 1.03 1.04 1.04 1.04 1.05 1.05 1.05 1.06 1.03 1.02 
1.04 1.04 1.02 1.05 1.02 1.04 1.05 1.04 1.04 1.03 1.02 1.06 1.03 1.01 1.04 1.03 1.01 1.04 1.02 1.06 
1.01 1.05 1.01 1.02 1.01 1.06 1.01 1.01 1.05 1.03 1.05 1.02 1.06 1.02 1.04 1.04 1.02 1.03 1.02 1.01 
1.02 1.01 1.06 1.03 1.03 1.05 1.01 1.04 1.01 1.06 1.05 1.01 1.04 1.04 1.06 1.05 1.06 1.03 1.01 1.02 
1.05 1.01 1.02 1.06 1.04 1.05 1.06 1.01 1.01 1.03 1.02 1.02 1.01 1.05 1.01 1.02 1.02 1.01 1.03 1.01 
1.04 1.03 1.01 1.05 1.06 1.05 1.04 1.05 1.04 1.02 1.05 1.01 1.06 1.02 1.05 1.03 1.03 1.04 1.04 1.01 
1.06 1.06 1.04 1.04 1.03 1.06 1.03 1.01 1.05 1.06 1.03 1.01 1.03 1.05 1.04 1.05 1.05 1.05 1.04 1.05 
1.01 1.01 1.05 1.01 1.06 1.06 1.01 1.06 1.02 1.03 1.04 1.02 1.02 1.03 1.04 1.03 1.02 1.06 1.02 1.01 
1.01 1.05 1.02 1.01 1.02 1.02 1.02 1.04 1.02 1.06 1.04 1.04 1.03 1.02 1.03 1.04 1.02 1.03 1.05 1.03 
1.03 1.05 1.05 1.03 1.03 1.06 1.04 1.06 1.05 1.03 1.02 1.01 1.06 1.01 1.03 1.02 1.03 1.04 1.04 1.05 
1.05 1.03 1.06 1.05 1.04 1.05 1.05 1.06 1.04 1.05 1.06 1.06 1.05 1.01 1.03 1.06 1.04 1.01 1.04 1.04 
1.05 1.03 1.02 1.02 1.05 1.06 1.05 1.06 1.05 1.05 1.04 1.01 1.05 1.06 1.05 1.01 1.04 1.06 1.03 1.04 
1.01 1.05 1.03 1.03 1.03 1.06 1.02 1.06 1.01 1.04 1.01 1.04 1.04 1.04 1.05 1.03 1.05 1.03 1.01 1.02 
1.01 1.01 1.02 1.01 1.03 1.05 1.06 1.06 1.03 1.03 1.05 1.04 1.06 1.05 1.05 1.02 1.05 1.01 1.02 1.02 
1.01 1.03 1.04 1.03 1.06 1.04 1.05 1.01 1.04 1.06 1.03 1.01 1.06 1.04 1.05 1.05 1.03 1.06 1.02 1.01 
1.05 1.02 1.05 1.05 1.05 1.01 1.05 1.06 1.02 1.06 1.04 1.01 1.05 1.04 1.05 1.04 1.03 1.01 1.02 1.01 
1.05 1.03 1.03 1.04 1.06 1.04 1.03 1.06 1.02 1.05 1.05 1.01 1.02 1.02 1.05 1.06 1.03 1.03 1.02 1.02 
1.03 1.04 1.01 1.06 1.05 1.01 1.02 1.02 1.04 1.02 1.06 1.05 1.02 1.04 1.06 1.04 1.01 1.05 1.03 1.05 
1.02 1.05 1.01 1.03 1.02 1.05 1.01 1.02 1.05 1.05 1.02 1.04 1.06 1.03 1.05 1.03 1.04 1.05 1.03 1.04 
1.03 1.03 1.02 1.02 1.04 1.01 1.02 1.02 1.03 1.06 1.01 1.03 1.02 1.04 1.06 1.02 1.06 1.02 1.02 1.04 
1.06 1.03 1.01 1.03 1.01 1.06 1.02 1.03 1.06 1.04 1.03 1.03 1.04 1.04 1.02 1.05 1.04 1.06 1.01 1.05 
1.05 1.01 1.05 1.01 1.01 1.05 1.02 1.05 1.01 1.01 1.05 1.06 1.04 1.01 1.01 1.01 1.01 1.03 1.02 1.04 
1.02 1.01 1.06 1.01 1.02 1.05 1.02 1.01 1.02 1.01 1.02 1.03 1.03 1.04 1.06 1.04 1.02 1.05 1.04 1.03 
1.02 1.03 1.02 1.03 1.05 1.01 1.05 1.06 1.05 1.01 1.02 1.03 1.01 1.05 1.06 1.01 1.06 1.06 1.03 1.03 
1.03 1.04 1.03 1.05 1.05 1.01 1.04 1.01 1.05 1.06 1.05 1.05 1.05 1.04 1.01 1.03 1.04 1.03 1.04 1.04 
1.04 1.06 1.01 1.02 1.03 1.04 1.06 1.06 1.02 1.03 1.04 1.06 1.01 1.05 1.05 1.05 1.01 1.02 1.02 1.06 
1.04 1.04 1.06 1.06 1.04 1.01 1.05 1.02 1.06 1.02 1.04 1.01 1.05 1.03 1.06 1.02 1.01 1.06 1.01 1.05 
1.01 1.04 1.03 1.03 1.03 1.03 1.02 1.05 1.04 1.06 1.02 1.04 1.06 1.01 1.06 1.06 1.04 1.02 1.02 1.05 
1.05 1.06 1.03 1.04 1.06 1.02 1.04 1.02 1.06 1.02 1.01 1.01 1.04 1.01 1.06 1.03 1.02 1.04 1.02 1.06 
1.06 1.04 1.06 1.01 1.02 1.03 1.03 1.04 1.02 1.06 1.06 1.01 1.04 1.06 1.01 1.03 1.01 1.02 1.02 1.06 
1.04 1.05 1.06 1.04 1.05 1.06 1.04 1.03 1.02 1.04 1.04 1.05 1.05 1.06 1.01 1.04 1.03 1.05 1.01 1.01 
1.05 1.01 1.02 1.01 1.02 1.05 1.05 1.06 1.01 1.01 1.03 1.01 1.06 1.03 1.06 1.05 1.02 1.06 1.03 1.05 
1.06 1.05 1.06 1.04 1.05 1.03 1.03 1.03 1.01 1.05 1.04 1.04 1.01 1.06 1.02 1.06 1.01 1.03 1.04 1.03 
1.03 1.06 1.02 1.01 1.05 1.01 1.06 1.06 1.06 1.03 1.01 1.04 1.01 1.01 1.04 1.01 1.05 1.03 1.06 1.02 
1.05 1.03 1.05 1.04 1.02 1.05 1.06 1.04 1.06 1.04 1.01 1.03 1.03 1.05 1.02 1.05 1.03 1.05 1.03 1.06 
1.06 1.03 1.04 1.01 1.03 1.06 1.01 1.03 1.06 1.02 1.03 1.01 1.06 1.01 1.03 1.02 1.02 1.06 1.03 1.01 
1.04 1.05 1.01 1.05 1.04 1.06 1.03 1.05 1.02 1.05 1.02 1.03 1.05 1.02 1.05 1.03 1.03 1.02 1.04 1.03 
1.03 1.04 1.02 1.05 1.06 1.01 1.06 1.05 1.03 1.03 1.05 1.04 1.03 1.02 1.01 1.04 1.01 1.01 1.05 1.02 
1.01 1.01 1.06 1.04 1.06 1.06 1.05 1.01 1.02 1.02 1.02 1.03 1.02 1.03 1.01 1.02 1.01 1.03 1.06 1.01 
1.01 1.04 1.03 1.05 1.06 1.02 1.06 1.03 1.02 1.04 1.03 1.05 1.01 1.05 1.03 1.02 1.01 1.01 1.06 1.03 
1.06 1.02 1.02 1.04 1.01 1.03 1.03 1.04 1.06 1.05 1.04 1.03 1.01 1.06 1.03 1.05 1.02 1.05 1.03 1.04 
1.06 1.06 1.03 1.01 1.03 1.03 1.01 1.04 1.02 1.06 1.06 1.06 1.04 1.02 1.03 1.01 1.03 1.04 1.04 1.01 
1.04 1.01 1.02 1.05 1.06 1.02 1.03 1.05 1.03 1.04 1.01 1.03 1.04 1.06 1.03 1.01 1.01 1.05 1.06 1.03 
1.04 1.03 1.03 1.04 1.06 1.06 1.04 1.03 1.03 1.01 1.05 1.06 1.02 1.01 1.04 1.01 1.05 1.02 1.04 1.02 
1.05 1.05 1.02 1.05 1.04 1.02 1.04 1.03 1.02 1.02 1.04 1.05 1.06 1.01 1.06 1.04 1.03 1.06 1.06 1.01 
1.03 1.06 1.04 1.02 1.02 1.05 1.06 1.04 1.04 1.03 1.02 1.03 1.03 1.04 1.04 1.04 1.04 1.03 1.02 1.06 
1.03 1.04 1.04 1.05 1.02 1.01 1.04 1.04 1.04 1.02 1.04 1.01 1.06 1.01 1.03 1.02 1.06 1.02 1.03 1.03 
1.04 1.01 1.03 1.04 1.06 1.05 1.01 1.03 1.01 1.05 1.04 1.02 1.02 1.02 1.03 1.03 1.05 1.01 1.03 1.05 
1.01 1.02 1.06 1.05 1.01 1.04 1.03 1.05 1.04 1.02 1.02 1.02 1.04 1.06 1.04 1.04 1.01 1.03 1.06 1.03 
1.06 1.06 1.04 1.05 1.02 1.05 1.02 1.02 1.02 1.05 1.03 1.02 1.01 1.06 1.06 1.04 1.06 1.05 1.02 1.01 
1.02 1.03 1.03 1.05 1.02 1.06 1.06 1.05 1.06 1.04 1.04 1.03 1.06 1.06 1.02 1.04 1.03 1.03 1.01 1.04 
1.05 1.03 1.04 1.02 1.02 1.05 1.06 1.04 1.06 1.04 1.04 1.06 1.04 1.03 1.02 1.03 1.02 1.03 1.06 1.06 
1.03 1.03 1.01 1.02 1.02 1.05 1.03 1.04 1.02 1.04 1.06 1.03 1.05 1.03 1.06 1.02 1.03 1.05 1.01 1.02 
1.04 1.05 1.06 1.03 1.04 1.06 1.05 1.02 1.01 1.03 1.03 1.03 1.04 1.03 1.03 1.06 1.04 1.06 1.05 1.06 
1.02 1.06 1.04 1.01 1.01 1.04 1.02 1.06 1.05 1.05 1.02 1.05 1.02 1.01 1.03 1.06 1.06 1.01 1.03 1.03 
1.02 1.03 1.04 1.01 1.06 1.02 1.02 1.02 1.04 1.01 1.04 1.05 1.01 1.03 1.05 1.01 1.01 1.03 1.01 1.01 
1.04 1.02 1.04 1.06 1.03 1.01 1.01 1.02 1.04 1.03 1.05 1.02 1.03 1.03 1.04 1.01 1.05 1.06 1.03 1.02 
1.01 1.05 1.03 1.03 1.05 1.02 1.01 1.03 1.02 1.04 1.05 1.05 1.03 1.06 1.06 1.04 1.04 1.05 1.02 1.04 
1.03 1.02 1.04 1.05 1.03 1.06 1.06 1.03 1.01 1.05 1.01 1.06 1.02 1.05 1.02 1.02 1.03 1.03 1.03 1.03 
1.01 1.04 1.04 1.06 1.03 1.05 1.05 1.06 1.03 1.06 1.02 1.03 1.02 1.03 1.05 1.02 1.03 1.03 1.03 1.06 
1.04 1.01 1.05 1.01 1.01 1.05 1.01 1.01 1.06 1.06 1.01 1.04 1.02 1.05 1.03 1.05 1.02 1.04 1.02 1.05 
1.02 1.06 1.05 1.04 1.04 1.02 1.01 1.03 1.05 1.02 1.01 1.04 1.03 1.06 1.06 1.02 1.03 1.01 1.01 1.02 
1.03 1.03 1.04 1.02 1.03 1.03 1.04 1.01 1.05 1.06 1.04 1.05 1.02 1.01 1.06 1.02 1.03 1.01 1.05 1.05 
1.06 1.03 1.04 1.06 1.04 1.06 1.05 1.04 1.05 1.05 1.05 1.02 1.03 1.02 1.06 1.02 1.03 1.02 1.01 1.02 
1.05 1.05 1.04 1.01 1.06 1.03 1.06 1.04 1.05 1.04 1.02 1.03 1.01 1.02 1.06 1.04 1.03 1.04 1.01 1.06 
1.05 1.05 1.03 1.06 1.06 1.01 1.05 1.01 1.03 1.04 1.01 1.04 1.06 1.06 1.04 1.02 1.01 1.03 1.03 1.04 
1.05 1.05 1.03 1.06 1.02 1.01 1.02 1.01 1.06 1.02 1.05 1.04 1.06 1.04 1.01 1.05 1.02 1.02 1.02 1.06 
1.06 1.02 1.02 1.04 1.02 1.05 1.04 1.05 1.02 1.03 1.03 1.05 1.06 1.06 1.06 1.02 1.04 1.01 1.01 1.02 
1.06 1.06 1.04 1.02 1.03 1.01 1.05 1.02 1.04 1.01 1.03 1.06 1.02 1.04 1.04 1.02 1.04 1.06 1.01 1.03 
1.03 1.02 1.03 1.04 1.05 1.02 1.05 1.06 1.04 1.02 1.01 1.04 1.02 1.06 1.05 1.03 1.06 1.06 1.03 1.03 
1.01 1.04 1.01 1.05 1.01 1.01 1.06 1.03 1.05 1.03 1.01 1.03 1.04 1.06 1.03 1.04 1.01 1.05 1.01 1.01 
1.04 1.03 1.06 1.06 1.03 1.06 1.01 1.05 1.02 1.04 1.01 1.03 1.04 1.04 1.02 1.02 1.05 1.06 1.01 1.03 
1.04 1.04 1.02 1.02 1.06 1.06 1.03 1.04 1.04 1.06 1.04 1.04 1.05 1.04 1.02 1.03 1.01 1.02 1.01 1.05 
1.03 1.05 1.05 1.04 1.01 1.01 1.06 1.04 1.04 1.05 1.05 1.02 1.02 1.01 1.05 1.04 1.02 1.06 1.04 1.05 
1.04 1.02 1.04 1.06 1.03 1.04 1.06 1.06 1.02 1.04 1.05 1.06 1.06 1.05 1.01 1.02 1.06 1.05 1.04 1.06 
1.04 1.06 1.02 1.01 1.05 1.02 1.04 1.04 1.02 1.04 1.06 1.02 1.04 1.05 1.02 1.05 1.02 1.06 1.02 1.03 
1.05 1.03 1.01 1.01 1.06 1.04 1.03 1.06 1.03 1.02 1.02 1.02 1.01 1.05 1.02 1.01 1.05 1.06 1.04 1.06 
1.01 1.05 1.03 1.05 1.01 1.05 1.04 1.02 1.06 1.04 1.06 1.01 1.03 1.05 1.06 1.03 1.05 1.02 1.01 1.01 
1.06 1.02 1.04 1.04 1.03 1.04 1.01 1.06 1.05 1.03 1.03 1.06 1.02 1.04 1.02 1.05 1.05 1.06 1.03 1.01 
1.02 1.05 1.03 1.01 1.02 1.01 1.03 1.04 1.06 1.03 1.06 1.04 1.03 1.03 1.05 1.02 1.02 1.04 1.04 1.02 
