20
300
96 44 58 83 55 91 83 33 11 71 55 30 41 93 15 14 29 81 3 78 29 96 74 66 47 25 69 9 6 17 75 5 40 29 60 95 13 21 11 32 95 50 4 49 70 88 43 24 3 41 23 63 13 89 70 96 69 30 65 86 9 15 74 16 100 72 64 87 25 48 51 88 46 23 9 26 26 72 88 41 72 17 53 4 2 82 77 20 30 68 46 25 68 11 11 68 21 30 95 50 78 98 75 25 87 100 95 68 5 42 24 47 70 32 19 52 64 63 56 43 97 31 23 49 46 78 66 87 94 60 45 29 52 88 67 2 26 91 62 44 4 47 1 5 76 74 79 83 96 37 22 84 47 11 81 67 31 2 3 1 51 81 10 99 59 10 3 55 12 70 10 42 42 9 95 13 83 32 66 66 89 22 77 65 3 100 4 50 44 85 74 49 40 12 53 53 36 77 74 97 72 11 42 77 35 10 36 79 21 88 12 57 96 19 39 82 65 23 48 23 64 46 83 8 18 75 80 79 18 11 97 44 14 53 31 53 28 41 39 21 9 63 21 39 95 13 17 8 77 98 5 37 99 48 21 30 89 53 93 20 97 57 4 19 23 35 22 100 59 74 35 24 68 73 100 49 96 2 3 19 32 14 34 97 54 13 65 42 31 94 33 77 30 72 83 23 94 27 92 35 
4 2 4 2 8 3 7 3 9 1 1 7 2 4 6 9 8 3 6 5 
1.12 1.14 1.13 1.07 1.1 1.11 1.12 1.12 1.13 1.14 1.06 1.11 1.05 1.11 1.07 1.05 1.14 1.13 1.14 1.06 
1.14 1.09 1.13 1.14 1.08 1.08 1.1 1.12 1.09 1.05 1.05 1.11 1.07 1.14 1.07 1.06 1.05 1.09 1.1 1.09 
1.1 1.06 1.13 1.06 1.05 1.12 1.07 1.07 1.06 1.07 1.08 1.12 1.07 1.07 1.14 1.06 1.1 1.08 1.14 1.13 
1.05 1.12 1.09 1.09 1.11 1.11 1.11 1.14 1.08 1.08 1.05 1.14 1.06 1.07 1.14 1.08 1.1 1.11 1.06 1.07 
1.11 1.05 1.09 1.12 1.09 1.11 1.13 1.11 1.12 1.14 1.05 1.13 1.11 1.05 1.14 1.05 1.13 1.12 1.07 1.11 
1.05 1.07 1.05 1.08 1.08 1.07 1.1 1.06 1.11 1.06 1.05 1.07 1.12 1.11 1.14 1.06 1.07 1.13 1.14 1.08 
1.12 1.08 1.06 1.11 1.12 1.12 1.09 1.06 1.13 1.12 1.05 1.09 1.13 1.12 1.05 1.07 1.07 1.08 1.11 1.1 
1.05 1.07 1.07 1.1 1.13 1.1 1.05 1.13 1.1 1.05 1.11 1.12 1.05 1.1 1.07 1.12 1.09 1.09 1.06 1.07 
1.11 1.13 1.08 1.11 1.13 1.07 1.07 1.1 1.14 1.13 1.07 1.13 1.08 1.05 1.09 1.06 1.06 1.13 1.1 1.12 
1.14 1.11 1.12 1.11 1.12 1.06 1.12 1.13 1.12 1.1 1.05 1.11 1.06 1.13 1.09 1.05 1.09 1.14 1.08 1.1 
1.05 1.14 1.08 1.09 1.06 1.14 1.06 1.12 1.14 1.12 1.1 1.06 1.07 1.07 1.1 1.1 1.13 1.13 1.14 1.13 
1.14 1.14 1.08 1.14 1.07 1.09 1.1 1.1 1.06 1.07 1.08 1.05 1.1 1.12 1.13 1.1 1.08 1.07 1.07 1.09 
1.07 1.1 1.05 1.14 1.08 1.13 1.09 1.11 1.07 1.13 1.07 1.11 1.12 1.13 1.06 1.07 1.1 1.09 1.07 1.1 
1.11 1.1 1.07 1.13 1.1 1.14 1.05 1.12 1.05 1.1 1.13 1.1 1.13 1.09 1.09 1.1 1.12 1.05 1.13 1.08 
1.14 1.12 1.1 1.07 1.08 1.12 1.13 1.1 1.12 1.05 1.09 1.11 1.1 1.13 1.06 1.13 1.1 1.08 1.14 1.09 
1.05 1.14 1.09 1.14 1.1 1.11 1.07 1.07 1.12 1.13 1.05 1.14 1.05 1.14 1.13 1.1 1.07 1.08 1.07 1.09 
1.14 1.09 1.14 1.08 1.14 1.14 1.11 1.11 1.06 1.08 1.1 1.14 1.05 1.11 1.05 1.09 1.13 1.08 1.06 1.09 
1.09 1.11 1.06 1.12 1.13 1.07 1.06 1.13 1.11 1.07 1.05 1.09 1.08 1.13 1.14 1.06 1.14 1.11 1.05 1.12 
1.09 1.12 1.07 1.1 1.14 1.11 1.05 1.14 1.08 1.14 1.05 1.07 1.09 1.14 1.14 1.08 1.14 1.07 1.14 1.13 
1.07 1.09 1.14 1.13 1.11 1.11 1.14 1.13 1.06 1.11 1.14 1.05 1.12 1.1 1.06 1.08 1.14 1.11 1.11 1.13 
1.14 1.05 1.07 1.05 1.12 1.12 1.09 1.06 1.11 1.08 1.13 1.11 1.1 1.13 1.06 1.14 1.1 1.13 1.07 1.13 
1.05 1.12 1.08 1.09 1.07 1.13 1.11 1.08 1.06 1.14 1.06 1.13 1.1 1.1 1.13 1.1 1.13 1.08 1.1 1.11 
1.08 1.09 1.09 1.12 1.12 1.12 1.07 1.13 1.07 1.08 1.14 1.09 1.07 1.12 1.08 1.09 1.06 1.11 1.1 1.11 
1.05 1.08 1.06 1.12 1.05 1.07 1.1 1.13 1.11 1.05 1.09 1.13 1.08 1.14 1.13 1.05 1.11 1.1 1.14 1.14 
1.07 1.12 1.13 1.05 1.13 1.07 1.14 1.08 1.1 1.14 1.12 1.14 1.05 1.1 1.11 1.11 1.11 1.05 1.05 1.12 
1.08 1.07 1.14 1.07 1.12 1.08 1.14 1.14 1.1 1.14 1.09 1.13 1.14 1.07 1.12 1.06 1.08 1.05 1.13 1.07 
1.1 1.09 1.06 1.14 1.08 1.06 1.1 1.11 1.12 1.09 1.07 1.13 1.11 1.12 1.09 1.1 1.06 1.06 1.06 1.14 
1.14 1.08 1.12 1.05 1.13 1.09 1.09 1.07 1.12 1.06 1.13 1.13 1.07 1.12 1.1 1.1 1.05 1.08 1.14 1.09 
1.14 1.11 1.06 1.05 1.07 1.07 1.09 1.05 1.09 1.08 1.07 1.1 1.14 1.12 1.09 1.12 1.13 1.1 1.1 1.09 
1.1 1.12 1.06 1.12 1.08 1.14 1.1 1.08 1.13 1.08 1.09 1.14 1.13 1.09 1.08 1.1 1.1 1.14 1.11 1.09 
1.12 1.12 1.13 1.11 1.13 1.14 1.13 1.07 1.1 1.08 1.11 1.09 1.12 1.14 1.13 1.13 1.07 1.12 1.09 1.09 
1.09 1.1 1.11 1.14 1.13 1.05 1.05 1.07 1.06 1.08 1.11 1.11 1.05 1.09 1.14 1.12 1.11 1.1 1.13 1.11 
1.13 1.09 1.1 1.06 1.11 1.08 1.06 1.05 1.06 1.12 1.07 1.09 1.14 1.14 1.05 1.14 1.1 1.11 1.14 1.05 
1.12 1.09 1.07 1.06 1.09 1.12 1.09 1.12 1.06 1.08 1.12 1.06 1.12 1.13 1.11 1.09 1.12 1.12 1.07 1.13 
1.06 1.11 1.1 1.11 1.1 1.14 1.07 1.07 1.1 1.08 1.08 1.11 1.09 1.06 1.07 1.14 1.13 1.05 1.13 1.14 
1.11 1.06 1.07 1.08 1.12 1.1 1.14 1.12 1.05 1.08 1.08 1.1 1.06 1.11 1.12 1.09 1.07 1.12 1.11 1.08 
1.13 1.14 1.05 1.14 1.14 1.09 1.14 1.14 1.07 1.05 1.12 1.05 1.11 1.07 1.13 1.08 1.08 1.13 1.08 1.1 
1.07 1.1 1.1 1.07 1.13 1.13 1.1 1.12 1.12 1.1 1.07 1.12 1.14 1.14 1.09 1.07 1.1 1.12 1.12 1.06 
1.08 1.08 1.14 1.05 1.07 1.13 1.11 1.14 1.13 1.06 1.1 1.14 1.07 1.06 1.1 1.11 1.09 1.11 1.07 1.09 
1.08 1.07 1.1 1.1 1.06 1.14 1.06 1.05 1.05 1.05 1.05 1.08 1.12 1.12 1.05 1.05 1.13 1.11 1.1 1.13 
1.07 1.07 1.07 1.07 1.09 1.1 1.08 1.11 1.08 1.07 1.05 1.12 1.09 1.09 1.07 1.13 1.12 1.09 1.09 1.05 
1.09 1.11 1.12 1.09 1.14 1.09 1.06 1.09 1.11 1.12 1.05 1.1 1.14 1.08 1.11 1.08 1.12 1.12 1.1 1.13 
1.08 1.09 1.14 1.07 1.14 1.08 1.06 1.1 1.08 1.05 1.12 1.07 1.09 1.08 1.12 1.14 1.11 1.11 1.07 1.07 
1.13 1.08 1.08 1.09 1.14 1.09 1.08 1.1 1.11 1.05 1.06 1.12 1.05 1.05 1.14 1.11 1.12 1.1 1.13 1.14 
1.12 1.05 1.13 1.14 1.06 1.11 1.05 1.07 1.05 1.1 1.06 1.06 1.11 1.07 1.11 1.06 1.05 1.14 1.09 1.1 
1.08 1.09 1.05 1.06 1.07 1.13 1.1 1.14 1.09 1.13 1.08 1.11 1.11 1.09 1.07 1.07 1.14 1.07 1.09 1.14 
1.11 1.12 1.11 1.09 1.05 1.08 1.09 1.11 1.05 1.11 1.13 1.1 1.12 1.05 1.06 1.05 1.05 1.05 1.14 1.07 
1.08 1.06 1.08 1.08 1.14 1.06 1.14 1.07 1.12 1.1 1.13 1.08 1.13 1.13 1.06 1.1 1.1 1.12 1.14 1.08 
1.07 1.13 1.13 1.11 1.05 1.12 1.09 1.14 1.14 1.14 1.08 1.07 1.1 1.06 1.12 1.12 1.06 1.14 1.09 1.11 
1.05 1.14 1.11 1.13 1.08 1.14 1.1 1.06 1.07 1.07 1.1 1.08 1.12 1.08 1.14 1.13 1.1 1.14 1.14 1.06 
1.07 1.14 1.13 1.07 1.07 1.09 1.1 1.1 1.07 1.1 1.14 1.1 1.11 1.09 1.09 1.08 1.09 1.13 1.12 1.11 
1.05 1.06 1.12 1.13 1.11 1.1 1.11 1.11 1.14 1.13 1.05 1.11 1.14 1.09 1.06 1.1 1.12 1.08 1.12 1.05 
1.13 1.06 1.11 1.11 1.11 1.07 1.09 1.06 1.09 1.1 1.11 1.12 1.14 1.05 1.13 1.08 1.08 1.07 1.05 1.11 
1.05 1.12 1.08 1.1 1.08 1.05 1.07 1.05 1.13 1.09 1.14 1.12 1.1 1.14 1.07 1.1 1.06 1.12 1.12 1.06 
1.1 1.09 1.05 1.13 1.07 1.14 1.09 1.13 1.13 1.11 1.07 1.14 1.05 1.08 1.14 1.09 1.11 1.14 1.12 1.07 
1.13 1.14 1.1 1.14 1.14 1.12 1.13 1.12 1.06 1.06 1.09 1.07 1.1 1.14 1.1 1.05 1.08 1.13 1.14 1.08 
1.05 1.1 1.14 1.13 1.11 1.13 1.08 1.11 1.11 1.14 1.07 1.13 1.11 1.07 1.05 1.11 1.11 1.06 1.05 1.1 
1.14 1.12 1.1 1.06 1.06 1.11 1.09 1.11 1.12 1.1 1.14 1.14 1.07 1.08 1.06 1.1 1.09 1.1 1.1 1.12 
1.12 1.09 1.13 1.13 1.07 1.14 1.14 1.06 1.1 1.07 1.08 1.11 1.07 1.08 1.11 1.12 1.11 1.1 1.06 1.12 
1.12 1.13 1.05 1.14 1.06 1.09 1.09 1.06 1.09 1.05 1.12 1.07 1.05 1.09 1.05 1.14 1.14 1.09 1.07 1.07 
1.08 1.1 1.05 1.06 1.07 1.1 1.12 1.09 1.08 1.08 1.11 1.07 1.06 1.14 1.12 1.06 1.08 1.09 1.09 1.09 
1.05 1.08 1.05 1.13 1.12 1.13 1.14 1.05 1.1 1.13 1.06 1.06 1.14 1.11 1.11 1.08 1.1 1.06 1.14 1.12 
1.13 1.05 1.09 1.06 1.05 1.11 1.12 1.06 1.1 1.05 1.07 1.1 1.06 1.13 1.13 1.05 1.07 1.05 1.07 1.09 
1.14 1.1 1.08 1.06 1.1 1.09 1.06 1.14 1.09 1.1 1.11 1.05 1.11 1.05 1.12 1.06 1.13 1.09 1.11 1.05 
1.13 1.07 1.07 1.05 1.05 1.08 1.1 1.14 1.09 1.12 1.06 1.13 1.07 1.09 1.11 1.12 1.07 1.14 1.09 1.09 
1.05 1.14 1.07 1.14 1.11 1.11 1.13 1.05 1.13 1.1 1.07 1.09 1.05 1.05 1.11 1.13 1.08 1.07 1.07 1.06 
1.11 1.07 1.13 1.12 1.08 1.05 1.13 1.12 1.06 1.08 1.12 1.08 1.13 1.08 1.13 1.08 1.09 1.1 1.08 1.08 
1.06 1.14 1.07 1.05 1.07 1.11 1.08 1.09 1.07 1.1 1.08 1.12 1.13 1.1 1.06 1.07 1.07 1.08 1.05 1.06 
1.07 1.11 1.09 1.13 1.13 1.11 1.14 1.12 1.13 1.05 1.09 1.05 1.14 1.13 1.07 1.14 1.09 1.07 1.13 1.08 
1.14 1.12 1.08 1.11 1.14 1.11 1.13 1.12 1.12 1.1 1.05 1.09 1.06 1.09 1.07 1.07 1.06 1.11 1.06 1.12 
1.08 1.09 1.11 1.13 1.12 1.13 1.07 1.13 1.11 1.11 1.1 1.13 1.14 1.07 1.11 1.14 1.07 1.09 1.11 1.08 
1.13 1.11 1.12 1.11 1.08 1.1 1.14 1.09 1.07 1.11 1.11 1.1 1.13 1.08 1.08 1.11 1.13 1.06 1.14 1.13 
1.08 1.09 1.07 1.08 1.13 1.12 1.11 1.12 1.06 1.13 1.05 1.05 1.08 1.07 1.1 1.07 1.06 1.09 1.08 1.12 
1.1 1.08 1.14 1.13 1.08 1.08 1.06 1.09 1.13 1.12 1.08 1.11 1.14 1.08 1.13 1.06 1.13 1.14 1.13 1.08 
1.1 1.09 1.06 1.12 1.13 1.11 1.05 1.09 1.08 1.14 1.13 1.11 1.06 1.08 1.09 1.11 1.14 1.1 1.08 1.1 
1.11 1.1 1.05 1.1 1.11 1.08 1.12 1.1 1.09 1.08 1.11 1.05 1.09 1.1 1.08 1.09 1.13 1.13 1.06 1.05 
1.07 1.08 1.1 1.09 1.09 1.07 1.14 1.09 1.1 1.06 1.06 1.12 1.06 1.08 1.06 1.08 1.09 1.11 1.1 1.05 
1.06 1.11 1.13 1.14 1.1 1.08 1.13 1.06 1.09 1.1 1.13 1.07 1.14 1.14 1.06 1.11 1.14 1.09 1.13 1.14 
1.05 1.07 1.08 1.06 1.12 1.1 1.11 1.08 1.13 1.11 1.13 1.13 1.14 1.07 1.12 1.06 1.08 1.07 1.06 1.11 
1.14 1.12 1.06 1.13 1.05 1.12 1.13 1.05 1.05 1.14 1.13 1.07 1.13 1.1 1.05 1.12 1.05 1.08 1.07 1.05 
1.12 1.1 1.08 1.14 1.05 1.11 1.07 1.11 1.13 1.07 1.1 1.09 1.12 1.1 1.12 1.12 1.11 1.12 1.07 1.14 
1.11 1.13 1.07 1.07 1.08 1.13 1.1 1.07 1.06 1.08 1.06 1.08 1.05 1.06 1.08 1.06 1.12 1.1 1.12 1.12 
1.08 1.06 1.1 1.1 1.11 1.1 1.09 1.07 1.13 1.06 1.07 1.06 1.07 1.12 1.05 1.13 1.13 1.08 1.05 1.08 
1.14 1.14 1.1 1.1 1.06 1.07 1.05 1.11 1.07 1.06 1.13 1.14 1.06 1.12 1.1 1.1 1.14 1.05 1.07 1.09 
1.05 1.06 1.13 1.11 1.07 1.09 1.13 1.1 1.07 1.08 1.14 1.1 1.06 1.08 1.06 1.12 1.11 1.11 1.13 1.1 
1.14 1.1 1.1 1.06 1.07 1.1 1.06 1.11 1.12 1.11 1.13 1.1 1.06 1.13 1.07 1.14 1.06 1.14 1.07 1.06 
1.05 1.05 1.05 1.08 1.09 1.08 1.08 1.05 1.07 1.1 1.12 1.05 1.13 1.14 1.09 1.11 1.11 1.12 1.1 1.14 
1.14 1.05 1.07 1.13 1.05 1.05 1.06 1.06 1.09 1.05 1.06 1.14 1.13 1.06 1.14 1.06 1.13 1.14 1.06 1.14 
1.11 1.05 1.07 1.11 1.07 1.1 1.07 1.06 1.12 1.09 1.12 1.12 1.06 1.09 1.12 1.05 1.14 1.06 1.14 1.07 
1.07 1.1 1.06 1.1 1.14 1.07 1.13 1.09 1.12 1.11 1.11 1.1 1.11 1.1 1.1 1.08 1.05 1.06 1.11 1.14 
1.06 1.14 1.14 1.14 1.14 1.14 1.05 1.05 1.11 1.12 1.09 1.09 1.12 1.07 1.07 1.06 1.07 1.11 1.08 1.07 
1.13 1.13 1.06 1.07 1.1 1.13 1.05 1.14 1.07 1.08 1.11 1.06 1.13 1.11 1.06 1.09 1.1 1.1 1.05 1.06 
1.05 1.09 1.14 1.09 1.1 1.06 1.06 1.05 1.1 1.14 1.08 1.12 1.11 1.14 1.13 1.12 1.13 1.08 1.05 1.12 
1.13 1.09 1.07 1.05 1.05 1.08 1.09 1.05 1.14 1.13 1.08 1.08 1.05 1.05 1.11 1.07 1.12 1.11 1.12 1.06 
1.11 1.1 1.12 1.05 1.12 1.12 1.14 1.12 1.08 1.07 1.05 1.07 1.05 1.11 1.05 1.05 1.08 1.11 1.14 1.1 
1.14 1.09 1.11 1.08 1.1 1.08 1.1 1.08 1.05 1.13 1.07 1.05 1.13 1.14 1.09 1.13 1.07 1.07 1.13 1.06 
1.06 1.14 1.09 1.07 1.06 1.13 1.14 1.11 1.06 1.12 1.07 1.11 1.08 1.06 1.13 1.08 1.13 1.1 1.12 1.09 
1.07 1.12 1.05 1.14 1.07 1.08 1.11 1.07 1.07 1.09 1.14 1.11 1.1 1.07 1.13 1.12 1.06 1.06 1.05 1.14 
1.05 1.08 1.06 1.12 1.14 1.1 1.12 1.13 1.14 1.13 1.12 1.05 1.13 1.07 1.09 1.08 1.14 1.09 1.05 1.14 
1.08 1.12 1.08 1.09 1.06 1.07 1.1 1.05 1.13 1.06 1.08 1.11 1.13 1.05 1.06 1.1 1.1 1.05 1.08 1.11 
1.07 1.13 1.12 1.11 1.12 1.05 1.07 1.09 1.06 1.07 1.13 1.1 1.06 1.07 1.08 1.09 1.14 1.1 1.08 1.08 
1.06 1.09 1.13 1.13 1.08 1.12 1.07 1.14 1.13 1.1 1.08 1.07 1.09 1.13 1.14 1.1 1.08 1.08 1.13 1.1 
1.07 1.11 1.05 1.07 1.06 1.12 1.12 1.11 1.07 1.1 1.09 1.12 1.08 1.13 1.1 1.1 1.11 1.11 1.07 1.11 
1.08 1.09 1.12 1.06 1.07 1.11 1.13 1.13 1.06 1.14 1.13 1.12 1.13 1.11 1.12 1.08 1.06 1.11 1.12 1.06 
1.11 1.07 1.05 1.12 1.07 1.08 1.11 1.13 1.13 1.05 1.07 1.1 1.14 1.1 1.12 1.12 1.11 1.09 1.13 1.14 
1.05 1.12 1.12 1.1 1.06 1.13 1.06 1.09 1.08 1.14 1.14 1.14 1.08 1.09 1.05 1.11 1.07 1.05 1.13 1.12 
1.07 1.14 1.11 1.14 1.09 1.07 1.13 1.08 1.08 1.11 1.06 1.1 1.13 1.1 1.07 1.09 1.06 1.09 1.07 1.07 
1.06 1.11 1.11 1.06 1.12 1.08 1.1 1.06 1.05 1.05 1.13 1.14 1.11 1.08 1.13 1.1 1.08 1.1 1.08 1.14 
1.11 1.05 1.1 1.05 1.07 1.09 1.14 1.14 1.11 1.05 1.11 1.11 1.05 1.12 1.08 1.05 1.08 1.08 1.06 1.12 
1.14 1.08 1.09 1.07 1.05 1.1 1.08 1.12 1.07 1.05 1.1 1.11 1.14 1.1 1.14 1.12 1.12 1.11 1.11 1.12 
1.09 1.12 1.13 1.06 1.09 1.13 1.05 1.12 1.1 1.09 1.13 1.14 1.09 1.05 1.13 1.08 1.14 1.1 1.1 1.11 
1.12 1.08 1.14 1.13 1.06 1.13 1.08 1.07 1.08 1.13 1.14 1.09 1.08 1.13 1.12 1.07 1.07 1.06 1.14 1.14 
1.07 1.13 1.13 1.12 1.09 1.06 1.08 1.12 1.11 1.07 1.06 1.08 1.09 1.09 1.05 1.05 1.14 1.12 1.12 1.08 
1.05 1.09 1.12 1.1 1.13 1.14 1.08 1.08 1.06 1.09 1.13 1.05 1.1 1.13 1.09 1.11 1.12 1.07 1.1 1.14 
1.08 1.14 1.1 1.08 1.07 1.07 1.14 1.06 1.06 1.12 1.06 1.05 1.12 1.07 1.09 1.09 1.07 1.06 1.05 1.12 
1.05 1.09 1.07 1.06 1.06 1.09 1.06 1.14 1.08 1.12 1.07 1.07 1.14 1.11 1.08 1.1 1.08 1.12 1.12 1.13 
1.14 1.05 1.06 1.13 1.14 1.05 1.09 1.12 1.11 1.11 1.07 1.09 1.12 1.06 1.06 1.09 1.09 1.11 1.07 1.14 
1.08 1.14 1.14 1.05 1.12 1.09 1.05 1.11 1.08 1.06 1.14 1.13 1.09 1.11 1.07 1.08 1.14 1.06 1.13 1.06 
1.09 1.07 1.05 1.07 1.13 1.1 1.14 1.05 1.13 1.11 1.13 1.06 1.07 1.13 1.05 1.07 1.12 1.07 1.11 1.1 
1.14 1.13 1.08 1.11 1.1 1.14 1.14 1.07 1.12 1.08 1.08 1.08 1.11 1.08 1.14 1.07 1.06 1.13 1.1 1.14 
1.07 1.05 1.11 1.11 1.12 1.06 1.13 1.08 1.05 1.08 1.09 1.05 1.09 1.11 1.08 1.05 1.14 1.08 1.14 1.07 
1.06 1.08 1.06 1.14 1.12 1.06 1.12 1.06 1.07 1.11 1.09 1.05 1.1 1.05 1.06 1.06 1.11 1.11 1.12 1.05 
1.08 1.05 1.09 1.13 1.11 1.06 1.1 1.1 1.06 1.09 1.07 1.06 1.06 1.09 1.11 1.06 1.09 1.1 1.09 1.07 
1.12 1.08 1.05 1.05 1.09 1.09 1.09 1.11 1.1 1.05 1.08 1.07 1.13 1.08 1.05 1.08 1.11 1.06 1.13 1.06 
1.1 1.14 1.09 1.08 1.05 1.11 1.08 1.11 1.05 1.08 1.05 1.11 1.13 1.1 1.14 1.14 1.14 1.06 1.09 1.11 
1.05 1.1 1.06 1.13 1.05 1.1 1.06 1.14 1.13 1.14 1.05 1.13 1.12 1.11 1.05 1.09 1.12 1.08 1.13 1.07 
1.08 1.09 1.1 1.14 1.1 1.1 1.11 1.05 1.12 1.06 1.1 1.12 1.12 1.06 1.1 1.1 1.05 1.13 1.12 1.08 
1.06 1.09 1.06 1.08 1.05 1.13 1.09 1.09 1.14 1.14 1.12 1.11 1.08 1.14 1.11 1.1 1.13 1.06 1.12 1.14 
1.1 1.07 1.08 1.05 1.05 1.07 1.06 1.05 1.07 1.07 1.11 1.09 1.09 1.09 1.13 1.14 1.1 1.13 1.13 1.05 
1.1 1.09 1.09 1.1 1.05 1.11 1.07 1.14 1.07 1.07 1.11 1.14 1.06 1.07 1.06 1.06 1.08 1.07 1.09 1.11 
1.09 1.12 1.08 1.11 1.14 1.13 1.07 1.1 1.05 1.11 1.1 1.12 1.12 1.05 1.09 1.05 1.11 1.05 1.12 1.12 
1.05 1.11 1.08 1.11 1.12 1.08 1.08 1.06 1.05 1.13 1.14 1.06 1.1 1.06 1.05 1.12 1.14 1.13 1.08 1.13 
1.11 1.05 1.06 1.07 1.14 1.06 1.09 1.13 1.14 1.11 1.1 1.05 1.08 1.11 1.06 1.06 1.07 1.06 1.12 1.12 
1.1 1.11 1.11 1.09 1.13 1.09 1.1 1.05 1.1 1.13 1.08 1.09 1.05 1.1 1.12 1.06 1.12 1.13 1.07 1.07 
1.14 1.06 1.14 1.14 1.08 1.12 1.05 1.1 1.06 1.09 1.11 1.12 1.12 1.14 1.12 1.14 1.13 1.11 1.06 1.06 
1.05 1.07 1.12 1.05 1.05 1.07 1.08 1.1 1.1 1.06 1.07 1.06 1.07 1.13 1.06 1.13 1.11 1.06 1.13 1.14 
1.12 1.05 1.07 1.09 1.1 1.1 1.09 1.13 1.06 1.1 1.07 1.06 1.05 1.14 1.08 1.08 1.1 1.14 1.14 1.12 
1.11 1.11 1.11 1.06 1.13 1.06 1.06 1.06 1.12 1.08 1.12 1.07 1.07 1.08 1.14 1.07 1.09 1.14 1.06 1.08 
1.06 1.06 1.06 1.07 1.14 1.08 1.12 1.07 1.14 1.14 1.07 1.05 1.14 1.06 1.1 1.12 1.05 1.12 1.11 1.08 
1.06 1.14 1.14 1.09 1.09 1.09 1.13 1.13 1.13 1.06 1.12 1.05 1.05 1.12 1.05 1.13 1.07 1.12 1.08 1.09 
1.08 1.09 1.13 1.1 1.08 1.13 1.08 1.14 1.1 1.07 1.09 1.05 1.09 1.13 1.12 1.05 1.08 1.08 1.09 1.07 
1.14 1.07 1.14 1.05 1.1 1.06 1.14 1.12 1.09 1.12 1.05 1.13 1.11 1.05 1.1 1.05 1.13 1.08 1.09 1.14 
1.13 1.11 1.09 1.14 1.14 1.09 1.05 1.13 1.05 1.07 1.14 1.14 1.09 1.11 1.1 1.07 1.09 1.08 1.1 1.1 
1.12 1.09 1.1 1.14 1.07 1.06 1.07 1.11 1.11 1.05 1.14 1.05 1.14 1.14 1.11 1.12 1.06 1.11 1.06 1.11 
1.06 1.08 1.12 1.13 1.09 1.07 1.1 1.14 1.06 1.12 1.11 1.12 1.07 1.07 1.09 1.11 1.05 1.12 1.09 1.14 
1.05 1.09 1.08 1.06 1.07 1.08 1.09 1.11 1.09 1.06 1.09 1.12 1.09 1.13 1.11 1.06 1.07 1.05 1.14 1.06 
1.13 1.06 1.14 1.09 1.13 1.12 1.12 1.13 1.1 1.11 1.06 1.14 1.1 1.14 1.05 1.13 1.11 1.05 1.1 1.11 
1.14 1.11 1.06 1.09 1.14 1.1 1.09 1.07 1.13 1.1 1.07 1.06 1.13 1.09 1.05 1.12 1.14 1.13 1.13 1.08 
1.08 1.07 1.12 1.14 1.06 1.05 1.09 1.06 1.05 1.13 1.06 1.12 1.12 1.09 1.1 1.06 1.14 1.11 1.05 1.11 
1.11 1.1 1.1 1.07 1.12 1.12 1.12 1.13 1.13 1.13 1.05 1.05 1.11 1.08 1.07 1.11 1.14 1.07 1.05 1.12 
1.08 1.07 1.05 1.14 1.11 1.1 1.07 1.05 1.09 1.11 1.12 1.1 1.07 1.06 1.05 1.14 1.14 1.07 1.1 1.09 
1.05 1.12 1.13 1.09 1.11 1.11 1.05 1.08 1.11 1.12 1.09 1.05 1.14 1.05 1.08 1.14 1.06 1.09 1.05 1.07 
1.05 1.14 1.08 1.13 1.09 1.09 1.12 1.08 1.05 1.09 1.11 1.13 1.14 1.13 1.09 1.05 1.13 1.1 1.09 1.1 
1.11 1.06 1.13 1.12 1.05 1.06 1.05 1.09 1.1 1.1 1.13 1.12 1.14 1.14 1.07 1.13 1.11 1.14 1.09 1.11 
1.06 1.14 1.11 1.06 1.12 1.06 1.09 1.1 1.05 1.12 1.12 1.09 1.07 1.13 1.07 1.08 1.09 1.05 1.1 1.09 
1.13 1.12 1.14 1.11 1.11 1.11 1.14 1.09 1.13 1.14 1.08 1.12 1.08 1.08 1.1 1.11 1.14 1.11 1.07 1.07 
1.09 1.1 1.08 1.05 1.12 1.13 1.14 1.1 1.08 1.1 1.08 1.13 1.05 1.11 1.12 1.08 1.07 1.07 1.07 1.08 
1.05 1.05 1.1 1.09 1.14 1.09 1.05 1.12 1.09 1.1 1.09 1.09 1.12 1.08 1.11 1.07 1.12 1.07 1.11 1.09 
1.1 1.09 1.08 1.09 1.13 1.1 1.14 1.05 1.08 1.08 1.12 1.09 1.07 1.06 1.06 1.05 1.14 1.09 1.07 1.12 
1.1 1.05 1.06 1.06 1.14 1.14 1.07 1.11 1.14 1.13 1.14 1.12 1.05 1.06 1.06 1.05 1.1 1.07 1.05 1.05 
1.09 1.1 1.06 1.07 1.1 1.05 1.1 1.14 1.06 1.08 1.14 1.13 1.06 1.12 1.09 1.11 1.12 1.07 1.05 1.1 
1.1 1.05 1.11 1.14 1.09 1.11 1.1 1.07 1.13 1.09 1.08 1.05 1.05 1.07 1.07 1.09 1.09 1.06 1.1 1.11 
1.13 1.12 1.08 1.14 1.11 1.07 1.08 1.12 1.13 1.14 1.06 1.05 1.07 1.09 1.08 1.05 1.14 1.11 1.13 1.06 
1.05 1.06 1.11 1.11 1.08 1.06 1.12 1.13 1.07 1.09 1.11 1.07 1.14 1.14 1.14 1.11 1.09 1.08 1.07 1.11 
1.05 1.11 1.12 1.07 1.1 1.07 1.14 1.06 1.11 1.08 1.12 1.1 1.08 1.07 1.11 1.13 1.07 1.11 1.09 1.14 
1.08 1.08 1.05 1.11 1.13 1.1 1.1 1.11 1.05 1.06 1.13 1.13 1.05 1.07 1.13 1.11 1.09 1.11 1.13 1.05 
1.13 1.14 1.14 1.1 1.08 1.1 1.14 1.06 1.06 1.13 1.06 1.14 1.12 1.09 1.06 1.1 1.05 1.1 1.12 1.09 
1.08 1.09 1.12 1.07 1.06 1.1 1.07 1.13 1.09 1.05 1.09 1.12 1.13 1.11 1.06 1.1 1.08 1.06 1.14 1.12 
1.06 1.13 1.12 1.09 1.12 1.1 1.05 1.06 1.13 1.12 1.13 1.07 1.12 1.1 1.14 1.08 1.09 1.12 1.07 1.14 
1.13 1.05 1.05 1.1 1.05 1.07 1.12 1.11 1.07 1.11 1.14 1.12 1.12 1.11 1.13 1.13 1.11 1.09 1.08 1.1 
1.13 1.08 1.11 1.11 1.14 1.08 1.12 1.05 1.14 1.07 1.07 1.1 1.11 1.07 1.14 1.12 1.09 1.08 1.06 1.1 
1.09 1.13 1.08 1.05 1.1 1.13 1.05 1.14 1.08 1.08 1.06 1.13 1.08 1.1 1.14 1.1 1.09 1.13 1.06 1.08 
1.05 1.09 1.05 1.08 1.11 1.12 1.12 1.06 1.06 1.12 1.1 1.1 1.07 1.1 1.12 1.08 1.07 1.12 1.09 1.13 
1.09 1.06 1.07 1.06 1.09 1.12 1.07 1.1 1.05 1.07 1.13 1.12 1.09 1.13 1.06 1.1 1.13 1.08 1.11 1.14 
1.09 1.09 1.11 1.08 1.06 1.14 1.09 1.12 1.1 1.05 1.11 1.05 1.12 1.09 1.13 1.07 1.1 1.13 1.07 1.08 
1.13 1.13 1.05 1.1 1.09 1.07 1.08 1.13 1.09 1.06 1.06 1.13 1.09 1.13 1.14 1.13 1.1 1.08 1.05 1.12 
1.09 1.14 1.09 1.13 1.11 1.11 1.07 1.14 1.12 1.06 1.06 1.05 1.1 1.08 1.06 1.12 1.14 1.08 1.08 1.06 
1.11 1.13 1.11 1.11 1.1 1.05 1.13 1.08 1.1 1.12 1.08 1.07 1.1 1.14 1.14 1.09 1.06 1.1 1.09 1.05 
1.14 1.13 1.06 1.08 1.06 1.08 1.09 1.1 1.14 1.1 1.09 1.11 1.11 1.09 1.06 1.13 1.09 1.09 1.14 1.13 
1.12 1.05 1.07 1.09 1.1 1.09 1.14 1.08 1.13 1.12 1.11 1.06 1.1 1.13 1.11 1.06 1.08 1.12 1.08 1.13 
1.11 1.06 1.14 1.13 1.05 1.06 1.13 1.08 1.07 1.05 1.14 1.09 1.05 1.11 1.14 1.13 1.08 1.11 1.14 1.07 
1.14 1.09 1.08 1.12 1.08 1.1 1.05 1.06 1.14 1.12 1.07 1.12 1.13 1.06 1.13 1.08 1.09 1.09 1.05 1.07 
1.08 1.05 1.09 1.12 1.1 1.13 1.06 1.14 1.09 1.14 1.12 1.07 1.11 1.09 1.09 1.07 1.09 1.06 1.09 1.11 
1.11 1.06 1.13 1.13 1.08 1.08 1.14 1.11 1.09 1.06 1.05 1.07 1.08 1.05 1.13 1.12 1.11 1.05 1.05 1.13 
1.14 1.06 1.12 1.11 1.14 1.09 1.1 1.14 1.12 1.07 1.1 1.1 1.06 1.1 1.12 1.1 1.1 1.07 1.09 1.1 
1.11 1.1 1.05 1.09 1.14 1.11 1.08 1.14 1.05 1.13 1.09 1.11 1.05 1.05 1.05 1.12 1.08 1.11 1.05 1.05 
1.06 1.12 1.12 1.05 1.11 1.06 1.06 1.14 1.11 1.12 1.06 1.14 1.07 1.05 1.13 1.06 1.09 1.09 1.05 1.09 
1.11 1.1 1.11 1.07 1.12 1.07 1.13 1.11 1.08 1.13 1.14 1.14 1.06 1.13 1.11 1.07 1.09 1.06 1.12 1.09 
1.09 1.13 1.07 1.1 1.06 1.12 1.05 1.08 1.07 1.12 1.07 1.05 1.13 1.08 1.11 1.14 1.1 1.05 1.09 1.06 
1.09 1.09 1.13 1.09 1.14 1.07 1.11 1.11 1.06 1.11 1.08 1.06 1.06 1.13 1.08 1.05 1.09 1.11 1.1 1.06 
1.08 1.14 1.1 1.1 1.07 1.12 1.11 1.09 1.12 1.13 1.07 1.06 1.07 1.11 1.09 1.12 1.12 1.1 1.07 1.14 
1.13 1.05 1.09 1.1 1.13 1.06 1.14 1.06 1.12 1.06 1.06 1.08 1.06 1.14 1.1 1.05 1.09 1.06 1.12 1.11 
1.12 1.1 1.07 1.1 1.12 1.07 1.09 1.1 1.09 1.09 1.14 1.13 1.13 1.07 1.13 1.12 1.07 1.12 1.12 1.07 
1.12 1.07 1.11 1.05 1.11 1.12 1.09 1.06 1.11 1.13 1.05 1.14 1.11 1.07 1.06 1.13 1.05 1.13 1.05 1.1 
1.14 1.06 1.1 1.09 1.07 1.14 1.14 1.07 1.07 1.11 1.08 1.11 1.1 1.05 1.12 1.11 1.12 1.05 1.12 1.1 
1.09 1.07 1.14 1.05 1.12 1.08 1.06 1.14 1.11 1.09 1.13 1.09 1.07 1.11 1.11 1.07 1.05 1.12 1.13 1.13 
1.13 1.11 1.08 1.12 1.1 1.12 1.08 1.14 1.14 1.1 1.1 1.1 1.05 1.12 1.11 1.11 1.05 1.11 1.13 1.14 
1.05 1.14 1.13 1.07 1.05 1.06 1.05 1.11 1.07 1.05 1.06 1.07 1.13 1.08 1.07 1.13 1.07 1.11 1.09 1.09 
1.11 1.07 1.05 1.13 1.13 1.08 1.08 1.11 1.11 1.09 1.06 1.1 1.11 1.12 1.12 1.13 1.05 1.05 1.05 1.08 
1.09 1.05 1.1 1.09 1.1 1.08 1.07 1.14 1.11 1.09 1.13 1.1 1.05 1.09 1.11 1.1 1.13 1.13 1.11 1.14 
1.11 1.11 1.09 1.06 1.09 1.14 1.11 1.14 1.09 1.07 1.12 1.1 1.11 1.14 1.07 1.1 1.05 1.09 1.1 1.14 
1.13 1.1 1.11 1.12 1.08 1.08 1.14 1.14 1.13 1.06 1.09 1.07 1.05 1.13 1.08 1.11 1.07 1.09 1.1 1.13 
1.05 1.06 1.13 1.08 1.11 1.11 1.11 1.12 1.14 1.08 1.07 1.06 1.1 1.14 1.13 1.05 1.11 1.08 1.09 1.08 
1.05 1.11 1.09 1.13 1.1 1.08 1.14 1.09 1.11 1.07 1.11 1.11 1.06 1.14 1.06 1.12 1.12 1.08 1.13 1.12 
1.08 1.09 1.06 1.13 1.06 1.09 1.11 1.14 1.06 1.12 1.1 1.12 1.05 1.11 1.13 1.14 1.09 1.12 1.11 1.1 
1.05 1.12 1.1 1.12 1.07 1.06 1.07 1.08 1.05 1.07 1.13 1.05 1.08 1.09 1.05 1.08 1.06 1.11 1.11 1.07 
1.09 1.08 1.07 1.05 1.14 1.08 1.09 1.05 1.06 1.13 1.06 1.11 1.11 1.13 1.11 1.13 1.13 1.12 1.08 1.1 
1.05 1.07 1.11 1.07 1.07 1.09 1.11 1.13 1.09 1.08 1.06 1.14 1.07 1.12 1.11 1.05 1.09 1.07 1.07 1.09 
1.09 1.13 1.13 1.13 1.09 1.09 1.05 1.14 1.05 1.08 1.05 1.05 1.12 1.12 1.14 1.05 1.05 1.08 1.06 1.07 
1.11 1.08 1.09 1.07 1.05 1.06 1.14 1.12 1.11 1.1 1.06 1.09 1.09 1.1 1.1 1.11 1.05 1.12 1.11 1.14 
1.11 1.06 1.11 1.11 1.08 1.12 1.05 1.07 1.1 1.07 1.05 1.11 1.05 1.06 1.1 1.08 1.09 1.06 1.07 1.13 
1.1 1.05 1.09 1.06 1.07 1.08 1.14 1.08 1.06 1.11 1.13 1.11 1.13 1.07 1.12 1.08 1.12 1.13 1.05 1.1 
1.13 1.1 1.12 1.12 1.07 1.08 1.11 1.1 1.05 1.13 1.14 1.11 1.08 1.08 1.12 1.11 1.14 1.11 1.05 1.12 
1.13 1.08 1.13 1.1 1.12 1.05 1.08 1.14 1.09 1.12 1.12 1.06 1.07 1.14 1.05 1.09 1.06 1.06 1.14 1.05 
1.14 1.13 1.07 1.12 1.1 1.14 1.13 1.11 1.12 1.08 1.14 1.11 1.09 1.13 1.1 1.06 1.07 1.14 1.11 1.14 
1.06 1.07 1.08 1.12 1.05 1.1 1.05 1.07 1.09 1.1 1.1 1.1 1.06 1.07 1.07 1.12 1.09 1.07 1.06 1.1 
1.09 1.11 1.05 1.09 1.12 1.14 1.12 1.06 1.13 1.13 1.12 1.05 1.09 1.14 1.07 1.09 1.07 1.14 1.1 1.07 
1.12 1.12 1.05 1.09 1.09 1.09 1.1 1.12 1.13 1.06 1.08 1.07 1.07 1.11 1.12 1.07 1.06 1.13 1.09 1.13 
1.14 1.06 1.08 1.12 1.14 1.12 1.07 1.12 1.14 1.09 1.14 1.06 1.12 1.06 1.11 1.13 1.07 1.12 1.05 1.14 
1.07 1.12 1.07 1.08 1.12 1.11 1.08 1.09 1.08 1.08 1.12 1.11 1.12 1.07 1.05 1.08 1.05 1.05 1.11 1.08 
1.08 1.11 1.06 1.05 1.11 1.06 1.09 1.08 1.07 1.1 1.1 1.11 1.1 1.13 1.09 1.14 1.06 1.09 1.09 1.07 
1.09 1.07 1.09 1.07 1.07 1.12 1.09 1.11 1.08 1.13 1.05 1.14 1.08 1.1 1.11 1.12 1.12 1.05 1.06 1.14 
1.14 1.13 1.07 1.12 1.1 1.13 1.13 1.11 1.11 1.11 1.05 1.07 1.12 1.05 1.11 1.07 1.07 1.09 1.08 1.07 
1.05 1.08 1.07 1.11 1.09 1.12 1.08 1.14 1.1 1.13 1.14 1.1 1.1 1.05 1.13 1.08 1.06 1.14 1.14 1.1 
1.13 1.12 1.11 1.14 1.07 1.08 1.14 1.09 1.14 1.08 1.07 1.11 1.1 1.1 1.13 1.05 1.09 1.12 1.09 1.06 
1.08 1.07 1.09 1.14 1.13 1.11 1.1 1.14 1.05 1.06 1.14 1.1 1.12 1.09 1.05 1.08 1.08 1.05 1.1 1.1 
1.05 1.09 1.06 1.13 1.07 1.08 1.06 1.07 1.09 1.06 1.14 1.05 1.14 1.06 1.14 1.09 1.05 1.11 1.14 1.11 
1.05 1.14 1.09 1.07 1.08 1.1 1.11 1.14 1.13 1.05 1.08 1.11 1.09 1.07 1.11 1.14 1.08 1.09 1.08 1.08 
1.07 1.05 1.13 1.14 1.12 1.12 1.05 1.11 1.11 1.06 1.08 1.12 1.09 1.13 1.08 1.08 1.05 1.14 1.14 1.14 
1.06 1.1 1.08 1.08 1.07 1.1 1.11 1.09 1.12 1.09 1.05 1.11 1.06 1.12 1.12 1.06 1.14 1.13 1.06 1.05 
1.07 1.13 1.13 1.07 1.14 1.09 1.13 1.05 1.09 1.13 1.07 1.05 1.13 1.06 1.1 1.07 1.11 1.12 1.13 1.07 
1.06 1.11 1.1 1.05 1.07 1.05 1.08 1.14 1.06 1.05 1.05 1.07 1.13 1.08 1.1 1.07 1.08 1.13 1.08 1.05 
1.13 1.11 1.1 1.12 1.14 1.12 1.05 1.05 1.1 1.11 1.05 1.07 1.05 1.07 1.06 1.07 1.08 1.09 1.13 1.1 
1.06 1.14 1.05 1.13 1.08 1.07 1.06 1.09 1.14 1.13 1.07 1.12 1.08 1.1 1.09 1.06 1.11 1.09 1.14 1.14 
1.1 1.13 1.07 1.12 1.11 1.07 1.11 1.08 1.08 1.11 1.13 1.13 1.13 1.11 1.05 1.07 1.09 1.12 1.1 1.1 
1.12 1.11 1.09 1.07 1.08 1.08 1.08 1.1 1.08 1.05 1.09 1.07 1.07 1.14 1.1 1.05 1.07 1.07 1.09 1.12 
1.06 1.06 1.1 1.14 1.14 1.06 1.09 1.11 1.14 1.05 1.07 1.09 1.14 1.09 1.14 1.11 1.14 1.13 1.07 1.09 
1.14 1.07 1.1 1.08 1.07 1.1 1.1 1.08 1.07 1.11 1.05 1.06 1.1 1.11 1.11 1.12 1.14 1.05 1.05 1.06 
1.06 1.05 1.14 1.11 1.06 1.07 1.12 1.13 1.05 1.13 1.1 1.1 1.08 1.05 1.13 1.09 1.05 1.07 1.11 1.14 
1.13 1.13 1.05 1.14 1.07 1.1 1.07 1.12 1.09 1.08 1.11 1.05 1.05 1.09 1.1 1.11 1.13 1.14 1.05 1.08 
1.07 1.11 1.07 1.05 1.05 1.05 1.06 1.07 1.13 1.1 1.11 1.12 1.05 1.13 1.07 1.12 1.06 1.14 1.11 1.05 
1.08 1.13 1.14 1.08 1.08 1.11 1.11 1.12 1.07 1.12 1.05 1.1 1.13 1.07 1.05 1.09 1.09 1.09 1.06 1.07 
1.05 1.07 1.07 1.09 1.06 1.12 1.05 1.11 1.11 1.13 1.08 1.12 1.11 1.06 1.12 1.12 1.14 1.1 1.09 1.09 
1.12 1.12 1.13 1.08 1.07 1.06 1.13 1.07 1.12 1.05 1.08 1.05 1.06 1.11 1.06 1.08 1.14 1.08 1.06 1.14 
1.06 1.05 1.13 1.12 1.08 1.09 1.11 1.07 1.13 1.14 1.06 1.14 1.13 1.13 1.1 1.06 1.08 1.13 1.08 1.08 
1.13 1.07 1.06 1.07 1.09 1.07 1.14 1.14 1.11 1.05 1.07 1.05 1.14 1.14 1.07 1.06 1.07 1.1 1.12 1.11 
1.06 1.11 1.05 1.06 1.09 1.13 1.07 1.06 1.13 1.14 1.12 1.13 1.09 1.06 1.14 1.1 1.12 1.13 1.07 1.1 
1.06 1.07 1.08 1.1 1.12 1.08 1.07 1.1 1.07 1.11 1.1 1.1 1.08 1.07 1.06 1.08 1.12 1.08 1.12 1.07 
1.08 1.11 1.11 1.13 1.12 1.1 1.12 1.14 1.12 1.05 1.13 1.12 1.08 1.12 1.13 1.1 1.07 1.07 1.12 1.13 
1.08 1.07 1.09 1.06 1.13 1.14 1.07 1.05 1.05 1.1 1.11 1.06 1.06 1.13 1.14 1.07 1.09 1.06 1.11 1.1 
1.06 1.12 1.07 1.05 1.11 1.12 1.14 1.13 1.06 1.13 1.08 1.08 1.12 1.14 1.07 1.08 1.1 1.06 1.05 1.12 
1.09 1.13 1.11 1.12 1.1 1.07 1.12 1.06 1.09 1.11 1.08 1.05 1.14 1.05 1.09 1.05 1.11 1.11 1.06 1.1 
1.09 1.08 1.11 1.14 1.12 1.13 1.11 1.06 1.14 1.12 1.13 1.12 1.1 1.1 1.08 1.14 1.06 1.13 1.08 1.11 
1.11 1.05 1.06 1.08 1.11 1.08 1.13 1.08 1.11 1.08 1.08 1.12 1.06 1.05 1.12 1.12 1.11 1.11 1.13 1.05 
1.05 1.08 1.13 1.12 1.13 1.14 1.1 1.08 1.12 1.12 1.08 1.14 1.09 1.12 1.1 1.14 1.11 1.14 1.1 1.05 
1.07 1.14 1.11 1.08 1.08 1.1 1.07 1.07 1.05 1.12 1.05 1.06 1.06 1.13 1.11 1.08 1.13 1.07 1.14 1.14 
1.13 1.12 1.14 1.08 1.09 1.1 1.05 1.05 1.07 1.07 1.06 1.11 1.07 1.13 1.12 1.13 1.08 1.11 1.14 1.12 
1.11 1.1 1.13 1.07 1.11 1.12 1.12 1.05 1.1 1.12 1.06 1.14 1.1 1.11 1.08 1.08 1.12 1.11 1.1 1.08 
1.06 1.07 1.12 1.14 1.07 1.1 1.14 1.08 1.1 1.06 1.1 1.09 1.14 1.06 1.12 1.14 1.11 1.05 1.14 1.06 
1.12 1.13 1.07 1.05 1.06 1.07 1.12 1.05 1.07 1.06 1.08 1.13 1.06 1.12 1.13 1.1 1.08 1.13 1.12 1.1 
1.09 1.05 1.09 1.13 1.14 1.06 1.11 1.11 1.05 1.08 1.11 1.06 1.06 1.1 1.05 1.13 1.06 1.12 1.06 1.06 
1.13 1.06 1.06 1.11 1.12 1.1 1.06 1.14 1.13 1.1 1.09 1.06 1.08 1.12 1.06 1.1 1.09 1.05 1.12 1.06 
1.05 1.06 1.06 1.12 1.09 1.07 1.14 1.06 1.06 1.1 1.12 1.11 1.12 1.07 1.1 1.08 1.06 1.05 1.13 1.08 
1.08 1.09 1.06 1.12 1.11 1.07 1.05 1.06 1.12 1.13 1.09 1.08 1.12 1.06 1.07 1.09 1.12 1.06 1.11 1.1 
1.1 1.13 1.12 1.07 1.11 1.12 1.1 1.11 1.11 1.12 1.06 1.09 1.1 1.13 1.13 1.13 1.09 1.09 1.1 1.1 
1.14 1.07 1.1 1.1 1.12 1.08 1.1 1.06 1.11 1.1 1.1 1.05 1.11 1.08 1.1 1.08 1.09 1.13 1.09 1.13 
1.12 1.11 1.05 1.13 1.14 1.14 1.12 1.11 1.07 1.11 1.06 1.07 1.08 1.09 1.1 1.12 1.1 1.13 1.06 1.12 
1.1 1.09 1.08 1.12 1.08 1.11 1.06 1.11 1.12 1.06 1.09 1.11 1.08 1.11 1.12 1.08 1.12 1.07 1.12 1.14 
1.11 1.13 1.11 1.05 1.07 1.11 1.13 1.13 1.07 1.05 1.09 1.06 1.13 1.06 1.13 1.09 1.13 1.13 1.1 1.14 
1.1 1.05 1.14 1.08 1.09 1.13 1.07 1.1 1.11 1.09 1.09 1.1 1.07 1.14 1.06 1.14 1.11 1.07 1.11 1.07 
1.07 1.14 1.12 1.14 1.11 1.14 1.11 1.09 1.09 1.05 1.08 1.06 1.08 1.09 1.05 1.08 1.11 1.11 1.12 1.07 
1.11 1.06 1.09 1.13 1.14 1.08 1.13 1.05 1.08 1.12 1.05 1.1 1.13 1.08 1.09 1.11 1.08 1.11 1.09 1.11 
1.13 1.05 1.07 1.1 1.05 1.12 1.08 1.12 1.12 1.11 1.05 1.1 1.05 1.07 1.11 1.1 1.11 1.13 1.06 1.06 
1.13 1.06 1.12 1.12 1.06 1.13 1.14 1.14 1.12 1.05 1.05 1.06 1.07 1.11 1.1 1.11 1.11 1.09 1.06 1.08 
1.08 1.13 1.12 1.14 1.1 1.05 1.13 1.13 1.07 1.07 1.12 1.1 1.05 1.12 1.14 1.11 1.07 1.09 1.12 1.08 
1.1 1.12 1.07 1.05 1.08 1.08 1.05 1.06 1.07 1.1 1.05 1.12 1.07 1.05 1.12 1.08 1.12 1.11 1.1 1.08 
1.12 1.05 1.07 1.08 1.06 1.07 1.07 1.08 1.1 1.14 1.07 1.14 1.06 1.06 1.12 1.13 1.05 1.09 1.1 1.07 
1.06 1.12 1.05 1.07 1.13 1.08 1.1 1.06 1.14 1.08 1.06 1.07 1.05 1.13 1.09 1.13 1.07 1.07 1.05 1.11 
1.09 1.11 1.05 1.07 1.07 1.05 1.1 1.07 1.1 1.14 1.08 1.13 1.11 1.05 1.05 1.14 1.1 1.12 1.05 1.11 
1.11 1.12 1.11 1.11 1.11 1.14 1.06 1.1 1.05 1.08 1.11 1.09 1.09 1.12 1.09 1.06 1.06 1.07 1.09 1.14 
1.14 1.14 1.09 1.1 1.14 1.09 1.07 1.11 1.14 1.14 1.13 1.1 1.05 1.12 1.14 1.13 1.12 1.05 1.07 1.12 
1.1 1.14 1.14 1.07 1.07 1.14 1.07 1.05 1.09 1.07 1.08 1.12 1.08 1.11 1.11 1.06 1.13 1.08 1.11 1.1 
1.08 1.06 1.06 1.14 1.1 1.14 1.07 1.08 1.09 1.08 1.09 1.1 1.05 1.05 1.07 1.09 1.13 1.12 1.13 1.11 
1.05 1.09 1.07 1.1 1.1 1.05 1.1 1.12 1.05 1.08 1.06 1.12 1.07 1.13 1.09 1.14 1.07 1.1 1.14 1.07 
1.1 1.09 1.12 1.08 1.11 1.11 1.07 1.05 1.14 1.12 1.06 1.11 1.05 1.13 1.13 1.06 1.1 1.14 1.11 1.13 
1.07 1.06 1.05 1.07 1.13 1.13 1.06 1.1 1.13 1.1 1.08 1.1 1.06 1.12 1.12 1.07 1.12 1.12 1.09 1.05 
1.09 1.08 1.1 1.08 1.14 1.07 1.12 1.08 1.09 1.12 1.11 1.1 1.08 1.06 1.11 1.1 1.07 1.06 1.09 1.05 
1.05 1.08 1.09 1.11 1.06 1.07 1.13 1.11 1.11 1.11 1.12 1.13 1.14 1.06 1.12 1.05 1.14 1.07 1.08 1.11 
1.12 1.07 1.08 1.08 1.1 1.11 1.09 1.11 1.14 1.07 1.13 1.13 1.12 1.08 1.11 1.07 1.06 1.06 1.1 1.05 
1.05 1.14 1.09 1.1 1.06 1.12 1.11 1.07 1.05 1.13 1.06 1.14 1.1 1.07 1.08 1.05 1.12 1.09 1.1 1.06 
1.12 1.14 1.05 1.07 1.1 1.08 1.07 1.14 1.12 1.05 1.08 1.13 1.12 1.05 1.09 1.09 1.12 1.11 1.14 1.13 
1.08 1.09 1.06 1.07 1.07 1.07 1.11 1.11 1.06 1.07 1.09 1.12 1.14 1.08 1.07 1.11 1.05 1.06 1.05 1.13 
1.07 1.13 1.11 1.05 1.08 1.1 1.12 1.08 1.06 1.05 1.07 1.05 1.08 1.14 1.08 1.06 1.09 1.13 1.1 1.14 
1.09 1.05 1.13 1.1 1.1 1.1 1.07 1.14 1.14 1.11 1.12 1.11 1.11 1.14 1.05 1.11 1.12 1.05 1.12 1.06 
1.12 1.14 1.12 1.14 1.06 1.14 1.13 1.14 1.1 1.14 1.09 1.05 1.12 1.14 1.11 1.1 1.11 1.12 1.11 1.05 
1.14 1.11 1.14 1.07 1.12 1.12 1.08 1.12 1.09 1.1 1.11 1.13 1.09 1.06 1.11 1.06 1.1 1.06 1.14 1.13 
1.06 1.05 1.14 1.06 1.13 1.12 1.11 1.06 1.12 1.09 1.05 1.06 1.05 1.05 1.09 1.14 1.08 1.13 1.11 1.1 
1.14 1.05 1.12 1.07 1.06 1.11 1.11 1.08 1.06 1.07 1.06 1.1 1.07 1.12 1.12 1.09 1.11 1.06 1.13 1.09 
1.07 1.1 1.12 1.13 1.1 1.12 1.14 1.14 1.12 1.07 1.08 1.08 1.14 1.07 1.08 1.12 1.1 1.11 1.13 1.14 
1.1 1.13 1.08 1.1 1.07 1.13 1.14 1.14 1.08 1.14 1.13 1.11 1.11 1.08 1.11 1.05 1.14 1.08 1.05 1.12 
