20
400
3 59 58 86 24 81 71 35 20 33 46 12 87 11 2 18 67 55 25 71 17 68 75 27 59 39 6 30 81 56 21 61 97 85 6 15 96 89 23 2 62 8 88 94 21 62 65 17 41 73 79 91 66 3 17 84 50 70 99 64 76 97 43 55 26 20 2 77 7 4 82 99 28 70 69 67 92 4 72 28 29 84 37 74 10 71 98 72 45 77 15 2 13 47 69 85 77 52 76 45 94 9 58 19 31 67 97 63 57 27 79 84 96 59 44 37 49 30 72 18 81 38 61 76 64 89 43 4 86 34 90 51 88 68 16 62 98 83 52 44 67 37 90 92 45 4 84 27 79 19 12 95 5 38 18 69 23 18 33 72 1 84 45 50 81 61 40 35 29 66 77 87 34 24 32 97 33 18 8 74 25 26 45 78 10 58 70 25 52 48 90 88 11 24 13 55 93 52 65 18 8 28 94 3 99 91 51 87 19 37 73 38 2 55 53 20 98 76 1 49 38 42 55 61 87 32 2 1 41 85 49 69 96 17 21 18 97 90 45 89 47 94 40 100 59 26 34 81 87 74 67 97 30 75 20 71 41 62 87 17 68 20 34 81 28 9 83 88 56 24 35 40 37 19 67 100 3 7 9 24 68 59 91 20 7 9 97 41 1 61 50 18 47 69 85 93 21 16 40 58 68 79 24 79 54 45 54 1 2 82 50 89 82 10 38 55 5 19 50 31 36 40 73 49 77 56 50 79 69 15 88 28 54 86 6 91 73 68 3 87 88 83 49 94 44 1 72 1 93 29 98 14 30 49 9 73 86 53 97 91 78 80 26 25 61 29 91 67 15 85 52 8 86 95 86 56 82 43 93 47 97 47 47 34 5 99 82 15 62 21 17 54 32 84 59 65 98 4 45 36 
6 8 1 8 7 9 7 7 5 2 1 3 9 2 5 5 4 8 8 2 
1.05 1.06 1.07 1.07 1.07 1.05 1.05 1.09 1.07 1.09 1.07 1.06 1.05 1.05 1.09 1.09 1.08 1.08 1.07 1.05 
1.09 1.06 1.06 1.07 1.06 1.05 1.07 1.08 1.06 1.06 1.05 1.07 1.05 1.07 1.07 1.08 1.07 1.07 1.07 1.05 
1.07 1.05 1.08 1.08 1.05 1.09 1.08 1.05 1.08 1.06 1.09 1.08 1.07 1.07 1.09 1.05 1.05 1.09 1.07 1.07 
1.09 1.08 1.06 1.08 1.09 1.08 1.05 1.05 1.08 1.08 1.07 1.08 1.05 1.08 1.08 1.05 1.06 1.06 1.08 1.09 
1.06 1.09 1.09 1.07 1.08 1.09 1.07 1.06 1.09 1.05 1.07 1.09 1.06 1.05 1.08 1.07 1.09 1.05 1.05 1.09 
1.05 1.05 1.09 1.06 1.09 1.07 1.09 1.07 1.06 1.09 1.07 1.07 1.06 1.07 1.09 1.06 1.07 1.05 1.05 1.09 
1.09 1.05 1.06 1.08 1.05 1.07 1.07 1.07 1.07 1.09 1.09 1.07 1.06 1.09 1.07 1.05 1.08 1.08 1.09 1.06 
1.06 1.05 1.08 1.09 1.07 1.08 1.05 1.08 1.08 1.07 1.08 1.09 1.07 1.07 1.05 1.07 1.08 1.05 1.09 1.09 
1.06 1.06 1.06 1.09 1.08 1.09 1.07 1.06 1.05 1.06 1.05 1.07 1.07 1.07 1.05 1.09 1.06 1.08 1.06 1.05 
1.06 1.08 1.06 1.06 1.07 1.07 1.09 1.06 1.07 1.09 1.05 1.06 1.07 1.05 1.05 1.06 1.08 1.07 1.07 1.06 
1.09 1.08 1.07 1.07 1.05 1.07 1.09 1.06 1.05 1.09 1.06 1.05 1.09 1.06 1.05 1.08 1.06 1.05 1.05 1.09 
1.06 1.06 1.05 1.05 1.05 1.06 1.07 1.08 1.06 1.07 1.05 1.06 1.06 1.05 1.05 1.09 1.07 1.08 1.07 1.09 
1.07 1.08 1.07 1.05 1.06 1.07 1.09 1.08 1.08 1.05 1.09 1.08 1.08 1.07 1.08 1.08 1.06 1.06 1.06 1.07 
1.09 1.07 1.09 1.05 1.08 1.07 1.07 1.08 1.07 1.07 1.09 1.08 1.07 1.09 1.07 1.08 1.07 1.08 1.07 1.06 
1.06 1.08 1.08 1.05 1.05 1.08 1.06 1.06 1.09 1.09 1.05 1.06 1.09 1.07 1.06 1.05 1.06 1.09 1.07 1.06 
1.08 1.05 1.09 1.06 1.09 1.05 1.08 1.08 1.09 1.07 1.06 1.08 1.07 1.07 1.09 1.05 1.08 1.09 1.08 1.06 
1.08 1.09 1.08 1.08 1.06 1.06 1.06 1.07 1.09 1.09 1.07 1.08 1.05 1.06 1.09 1.09 1.08 1.06 1.08 1.05 
1.08 1.09 1.08 1.05 1.07 1.07 1.06 1.08 1.08 1.05 1.05 1.08 1.05 1.07 1.06 1.07 1.08 1.05 1.05 1.09 
1.05 1.09 1.08 1.08 1.06 1.08 1.06 1.08 1.06 1.05 1.09 1.07 1.07 1.08 1.05 1.09 1.08 1.06 1.07 1.05 
1.08 1.07 1.05 1.09 1.06 1.05 1.06 1.09 1.07 1.06 1.09 1.05 1.06 1.08 1.05 1.05 1.09 1.07 1.08 1.06 
1.06 1.08 1.07 1.05 1.06 1.06 1.07 1.07 1.08 1.05 1.05 1.05 1.05 1.07 1.06 1.06 1.05 1.07 1.06 1.07 
1.06 1.05 1.07 1.07 1.05 1.07 1.09 1.07 1.05 1.06 1.09 1.05 1.06 1.06 1.06 1.07 1.06 1.07 1.06 1.08 
1.09 1.08 1.05 1.09 1.07 1.05 1.05 1.05 1.08 1.09 1.07 1.09 1.08 1.07 1.08 1.08 1.07 1.07 1.08 1.09 
1.08 1.08 1.09 1.06 1.08 1.05 1.05 1.07 1.06 1.08 1.05 1.07 1.05 1.06 1.07 1.08 1.07 1.06 1.08 1.07 
1.06 1.07 1.09 1.08 1.08 1.05 1.06 1.05 1.05 1.07 1.07 1.06 1.05 1.08 1.05 1.05 1.07 1.09 1.05 1.09 
1.05 1.09 1.05 1.09 1.07 1.06 1.09 1.06 1.08 1.09 1.07 1.06 1.07 1.05 1.07 1.08 1.06 1.08 1.09 1.05 
1.06 1.06 1.05 1.07 1.05 1.06 1.07 1.07 1.05 1.07 1.07 1.09 1.07 1.05 1.05 1.07 1.06 1.08 1.05 1.07 
1.06 1.05 1.09 1.06 1.07 1.06 1.05 1.09 1.07 1.07 1.06 1.08 1.06 1.08 1.07 1.07 1.05 1.08 1.06 1.07 
1.08 1.05 1.08 1.06 1.05 1.05 1.06 1.05 1.06 1.08 1.07 1.09 1.06 1.07 1.05 1.07 1.07 1.05 1.07 1.05 
1.05 1.05 1.06 1.08 1.08 1.05 1.06 1.07 1.05 1.07 1.06 1.07 1.08 1.06 1.08 1.05 1.07 1.08 1.05 1.09 
1.05 1.08 1.05 1.06 1.05 1.06 1.09 1.09 1.05 1.05 1.07 1.08 1.05 1.06 1.09 1.07 1.06 1.05 1.06 1.08 
1.07 1.07 1.05 1.08 1.08 1.06 1.09 1.08 1.07 1.08 1.07 1.09 1.07 1.09 1.07 1.07 1.05 1.06 1.08 1.07 
1.05 1.09 1.09 1.07 1.05 1.08 1.09 1.05 1.05 1.08 1.08 1.05 1.06 1.07 1.06 1.09 1.09 1.06 1.09 1.06 
1.08 1.05 1.09 1.08 1.09 1.05 1.09 1.08 1.09 1.09 1.06 1.05 1.05 1.07 1.07 1.09 1.07 1.05 1.05 1.09 
1.09 1.07 1.05 1.06 1.09 1.08 1.09 1.06 1.07 1.06 1.06 1.09 1.09 1.08 1.07 1.08 1.07 1.07 1.06 1.08 
1.09 1.06 1.05 1.05 1.07 1.06 1.07 1.06 1.05 1.07 1.06 1.05 1.07 1.06 1.09 1.07 1.08 1.06 1.06 1.06 
1.06 1.09 1.06 1.05 1.05 1.07 1.06 1.05 1.09 1.09 1.05 1.05 1.08 1.05 1.08 1.06 1.05 1.08 1.09 1.08 
1.05 1.08 1.09 1.05 1.07 1.07 1.05 1.06 1.09 1.07 1.09 1.08 1.09 1.07 1.07 1.05 1.05 1.06 1.05 1.07 
1.08 1.05 1.07 1.07 1.08 1.05 1.09 1.05 1.07 1.07 1.09 1.05 1.07 1.05 1.06 1.06 1.06 1.09 1.07 1.09 
1.08 1.09 1.08 1.06 1.06 1.06 1.09 1.09 1.09 1.06 1.05 1.08 1.08 1.07 1.07 1.07 1.07 1.07 1.06 1.09 
1.07 1.06 1.08 1.09 1.08 1.07 1.05 1.06 1.08 1.05 1.09 1.09 1.06 1.07 1.09 1.09 1.06 1.09 1.06 1.07 
1.07 1.05 1.06 1.05 1.06 1.09 1.09 1.05 1.05 1.08 1.05 1.08 1.08 1.06 1.05 1.06 1.09 1.05 1.07 1.07 
1.06 1.07 1.09 1.08 1.08 1.09 1.07 1.05 1.09 1.07 1.08 1.09 1.08 1.07 1.08 1.06 1.09 1.09 1.05 1.08 
1.09 1.08 1.07 1.06 1.08 1.06 1.06 1.08 1.05 1.09 1.07 1.07 1.05 1.05 1.07 1.05 1.07 1.07 1.09 1.07 
1.06 1.05 1.07 1.08 1.06 1.08 1.07 1.06 1.05 1.08 1.09 1.09 1.08 1.06 1.09 1.06 1.09 1.05 1.07 1.08 
1.08 1.05 1.05 1.07 1.06 1.09 1.05 1.07 1.08 1.06 1.09 1.05 1.05 1.07 1.09 1.09 1.05 1.09 1.07 1.06 
1.08 1.08 1.09 1.06 1.05 1.09 1.08 1.07 1.05 1.08 1.05 1.06 1.06 1.05 1.09 1.05 1.05 1.06 1.08 1.09 
1.09 1.05 1.09 1.05 1.06 1.06 1.09 1.06 1.06 1.07 1.08 1.09 1.06 1.07 1.05 1.09 1.07 1.07 1.07 1.06 
1.08 1.06 1.07 1.06 1.06 1.06 1.05 1.09 1.05 1.09 1.07 1.09 1.05 1.09 1.08 1.05 1.06 1.05 1.06 1.06 
1.09 1.05 1.06 1.09 1.06 1.06 1.06 1.07 1.05 1.08 1.06 1.09 1.09 1.08 1.06 1.06 1.08 1.06 1.08 1.05 
1.05 1.08 1.05 1.07 1.07 1.09 1.05 1.09 1.08 1.05 1.08 1.06 1.07 1.07 1.07 1.09 1.07 1.08 1.09 1.05 
1.07 1.05 1.08 1.05 1.05 1.09 1.06 1.08 1.08 1.06 1.06 1.08 1.09 1.05 1.05 1.06 1.05 1.08 1.09 1.09 
1.09 1.09 1.08 1.08 1.09 1.07 1.08 1.09 1.08 1.05 1.07 1.07 1.07 1.08 1.05 1.07 1.05 1.06 1.07 1.06 
1.05 1.06 1.07 1.07 1.05 1.06 1.08 1.09 1.05 1.06 1.06 1.08 1.09 1.08 1.07 1.08 1.06 1.08 1.08 1.08 
1.07 1.09 1.06 1.06 1.05 1.08 1.08 1.08 1.05 1.06 1.09 1.07 1.09 1.05 1.06 1.05 1.05 1.08 1.05 1.06 
1.05 1.07 1.06 1.05 1.07 1.08 1.06 1.09 1.08 1.08 1.07 1.07 1.07 1.05 1.06 1.06 1.06 1.08 1.06 1.07 
1.08 1.08 1.08 1.08 1.09 1.05 1.05 1.05 1.06 1.07 1.06 1.09 1.09 1.07 1.09 1.07 1.09 1.05 1.06 1.05 
1.06 1.07 1.08 1.07 1.09 1.08 1.07 1.06 1.05 1.08 1.06 1.08 1.05 1.08 1.06 1.05 1.09 1.09 1.06 1.05 
1.09 1.07 1.09 1.06 1.08 1.06 1.09 1.08 1.07 1.07 1.08 1.09 1.06 1.08 1.07 1.07 1.05 1.08 1.09 1.09 
1.05 1.08 1.06 1.06 1.05 1.05 1.07 1.07 1.09 1.09 1.07 1.07 1.05 1.07 1.08 1.07 1.08 1.09 1.05 1.05 
1.06 1.08 1.07 1.08 1.06 1.05 1.05 1.08 1.09 1.06 1.08 1.05 1.07 1.07 1.07 1.09 1.07 1.08 1.08 1.06 
1.09 1.09 1.06 1.06 1.05 1.05 1.06 1.06 1.08 1.06 1.07 1.07 1.09 1.05 1.08 1.09 1.05 1.07 1.07 1.09 
1.08 1.07 1.05 1.06 1.09 1.08 1.06 1.08 1.05 1.08 1.07 1.06 1.09 1.09 1.05 1.09 1.08 1.09 1.07 1.06 
1.09 1.05 1.06 1.09 1.06 1.08 1.07 1.07 1.09 1.08 1.08 1.08 1.06 1.06 1.06 1.06 1.05 1.06 1.08 1.08 
1.05 1.07 1.09 1.09 1.06 1.05 1.07 1.08 1.05 1.09 1.08 1.08 1.07 1.06 1.09 1.08 1.09 1.08 1.08 1.07 
1.06 1.06 1.05 1.09 1.06 1.05 1.07 1.07 1.09 1.07 1.06 1.05 1.06 1.06 1.06 1.07 1.05 1.07 1.09 1.06 
1.06 1.05 1.09 1.08 1.07 1.08 1.05 1.07 1.06 1.05 1.09 1.05 1.05 1.08 1.06 1.06 1.07 1.06 1.06 1.07 
1.07 1.08 1.09 1.08 1.06 1.05 1.05 1.06 1.07 1.05 1.06 1.06 1.06 1.05 1.08 1.09 1.05 1.05 1.06 1.09 
1.08 1.08 1.05 1.05 1.05 1.09 1.06 1.05 1.09 1.08 1.05 1.05 1.06 1.07 1.06 1.09 1.07 1.06 1.06 1.09 
1.08 1.05 1.09 1.05 1.05 1.05 1.08 1.05 1.08 1.08 1.09 1.07 1.05 1.06 1.07 1.07 1.09 1.06 1.05 1.07 
1.05 1.09 1.07 1.05 1.07 1.05 1.08 1.08 1.08 1.05 1.05 1.05 1.07 1.05 1.05 1.06 1.06 1.09 1.07 1.07 
1.07 1.06 1.05 1.08 1.06 1.07 1.05 1.05 1.08 1.08 1.06 1.06 1.05 1.05 1.05 1.09 1.05 1.08 1.05 1.05 
1.09 1.08 1.05 1.07 1.05 1.05 1.06 1.09 1.09 1.07 1.06 1.09 1.06 1.05 1.05 1.08 1.07 1.06 1.07 1.05 
1.08 1.09 1.06 1.07 1.09 1.07 1.06 1.08 1.09 1.09 1.05 1.09 1.07 1.05 1.06 1.09 1.09 1.08 1.07 1.06 
1.05 1.05 1.07 1.07 1.06 1.07 1.09 1.09 1.05 1.05 1.06 1.07 1.08 1.08 1.06 1.07 1.08 1.08 1.08 1.07 
1.08 1.09 1.07 1.08 1.07 1.06 1.05 1.07 1.07 1.06 1.09 1.05 1.07 1.07 1.09 1.05 1.05 1.07 1.09 1.06 
1.08 1.05 1.09 1.05 1.07 1.09 1.06 1.05 1.09 1.06 1.07 1.08 1.06 1.06 1.09 1.06 1.05 1.05 1.05 1.06 
1.09 1.07 1.06 1.07 1.08 1.08 1.05 1.09 1.09 1.05 1.09 1.09 1.06 1.09 1.05 1.06 1.05 1.08 1.05 1.09 
1.08 1.09 1.09 1.08 1.09 1.09 1.05 1.05 1.06 1.05 1.08 1.06 1.05 1.09 1.05 1.06 1.06 1.05 1.05 1.08 
1.07 1.08 1.08 1.05 1.08 1.07 1.06 1.08 1.06 1.05 1.06 1.09 1.09 1.05 1.08 1.07 1.05 1.06 1.09 1.06 
1.09 1.07 1.07 1.05 1.06 1.07 1.05 1.05 1.05 1.06 1.07 1.07 1.05 1.09 1.09 1.05 1.09 1.06 1.07 1.06 
1.09 1.08 1.07 1.08 1.05 1.06 1.05 1.09 1.06 1.08 1.09 1.07 1.07 1.05 1.08 1.05 1.05 1.08 1.07 1.08 
1.08 1.09 1.08 1.09 1.09 1.09 1.09 1.08 1.09 1.05 1.06 1.08 1.06 1.07 1.08 1.08 1.06 1.07 1.07 1.08 
1.05 1.07 1.06 1.08 1.09 1.06 1.08 1.08 1.08 1.07 1.07 1.09 1.07 1.07 1.09 1.05 1.09 1.08 1.05 1.08 
1.08 1.09 1.09 1.09 1.09 1.09 1.08 1.06 1.08 1.07 1.08 1.08 1.09 1.05 1.06 1.06 1.06 1.06 1.05 1.06 
1.06 1.06 1.08 1.09 1.08 1.09 1.07 1.09 1.06 1.06 1.05 1.05 1.06 1.05 1.08 1.06 1.09 1.08 1.06 1.08 
1.06 1.08 1.08 1.05 1.05 1.05 1.07 1.05 1.07 1.06 1.09 1.09 1.09 1.05 1.09 1.05 1.08 1.07 1.05 1.06 
1.09 1.05 1.07 1.09 1.09 1.06 1.06 1.06 1.08 1.09 1.07 1.08 1.06 1.08 1.09 1.07 1.06 1.09 1.07 1.06 
1.07 1.07 1.09 1.08 1.09 1.05 1.09 1.08 1.05 1.05 1.08 1.08 1.06 1.06 1.09 1.09 1.07 1.05 1.05 1.07 
1.06 1.06 1.09 1.06 1.05 1.09 1.07 1.07 1.06 1.05 1.05 1.07 1.06 1.06 1.09 1.07 1.09 1.09 1.08 1.07 
1.08 1.08 1.07 1.06 1.07 1.05 1.06 1.05 1.07 1.05 1.06 1.06 1.08 1.08 1.07 1.07 1.06 1.07 1.07 1.06 
1.08 1.07 1.08 1.09 1.07 1.05 1.07 1.08 1.08 1.07 1.05 1.06 1.05 1.07 1.09 1.08 1.09 1.07 1.08 1.06 
1.09 1.07 1.06 1.07 1.08 1.08 1.05 1.07 1.05 1.09 1.08 1.08 1.07 1.08 1.08 1.08 1.07 1.07 1.06 1.05 
1.06 1.09 1.05 1.05 1.08 1.08 1.06 1.08 1.09 1.07 1.05 1.06 1.09 1.06 1.08 1.09 1.09 1.08 1.08 1.09 
1.08 1.06 1.09 1.09 1.08 1.09 1.06 1.05 1.07 1.09 1.05 1.05 1.08 1.06 1.05 1.08 1.05 1.09 1.07 1.07 
1.08 1.07 1.06 1.09 1.08 1.08 1.08 1.06 1.06 1.09 1.05 1.09 1.05 1.05 1.08 1.08 1.07 1.05 1.05 1.08 
1.07 1.08 1.06 1.05 1.07 1.08 1.05 1.05 1.09 1.06 1.05 1.05 1.06 1.06 1.05 1.06 1.05 1.09 1.06 1.05 
1.06 1.06 1.05 1.08 1.05 1.06 1.06 1.06 1.07 1.06 1.08 1.06 1.05 1.09 1.06 1.09 1.05 1.09 1.08 1.09 
1.06 1.07 1.09 1.09 1.06 1.06 1.09 1.08 1.06 1.07 1.09 1.06 1.08 1.06 1.05 1.08 1.06 1.09 1.09 1.08 
1.06 1.08 1.08 1.09 1.09 1.09 1.07 1.09 1.06 1.08 1.06 1.07 1.06 1.05 1.06 1.05 1.08 1.08 1.07 1.05 
1.07 1.05 1.09 1.09 1.06 1.05 1.09 1.08 1.07 1.06 1.06 1.06 1.06 1.08 1.09 1.07 1.07 1.06 1.05 1.05 
1.06 1.08 1.06 1.08 1.08 1.07 1.08 1.08 1.06 1.06 1.05 1.07 1.08 1.05 1.07 1.05 1.08 1.06 1.09 1.07 
1.08 1.08 1.07 1.07 1.08 1.06 1.05 1.07 1.06 1.06 1.06 1.07 1.07 1.06 1.09 1.09 1.09 1.08 1.09 1.07 
1.06 1.07 1.05 1.09 1.07 1.06 1.09 1.06 1.05 1.07 1.08 1.07 1.05 1.07 1.07 1.05 1.07 1.08 1.05 1.06 
1.06 1.09 1.07 1.06 1.05 1.06 1.08 1.05 1.06 1.09 1.06 1.07 1.09 1.06 1.08 1.09 1.08 1.08 1.06 1.05 
1.08 1.09 1.08 1.06 1.05 1.09 1.09 1.06 1.06 1.08 1.05 1.06 1.09 1.07 1.08 1.08 1.07 1.07 1.05 1.08 
1.08 1.05 1.05 1.05 1.09 1.09 1.05 1.07 1.07 1.05 1.06 1.05 1.09 1.09 1.08 1.05 1.09 1.05 1.06 1.05 
1.05 1.09 1.07 1.07 1.09 1.09 1.08 1.05 1.08 1.09 1.07 1.09 1.08 1.09 1.05 1.06 1.05 1.05 1.08 1.05 
1.09 1.07 1.05 1.05 1.07 1.09 1.06 1.06 1.07 1.08 1.06 1.06 1.07 1.05 1.09 1.05 1.09 1.08 1.08 1.06 
1.09 1.05 1.09 1.06 1.07 1.07 1.05 1.05 1.09 1.08 1.09 1.05 1.08 1.07 1.06 1.08 1.06 1.07 1.05 1.08 
1.08 1.05 1.08 1.07 1.08 1.08 1.08 1.05 1.06 1.07 1.06 1.08 1.05 1.09 1.06 1.08 1.06 1.06 1.09 1.05 
1.06 1.09 1.06 1.07 1.06 1.07 1.07 1.06 1.08 1.05 1.09 1.09 1.08 1.09 1.08 1.05 1.07 1.08 1.07 1.09 
1.06 1.07 1.05 1.08 1.08 1.08 1.05 1.05 1.09 1.06 1.07 1.05 1.05 1.09 1.08 1.08 1.07 1.08 1.08 1.09 
1.09 1.06 1.06 1.07 1.09 1.09 1.08 1.08 1.09 1.07 1.08 1.08 1.08 1.08 1.08 1.05 1.09 1.07 1.06 1.05 
1.05 1.08 1.06 1.08 1.09 1.08 1.05 1.07 1.05 1.09 1.07 1.06 1.07 1.05 1.09 1.06 1.05 1.09 1.09 1.08 
1.06 1.09 1.06 1.07 1.05 1.08 1.08 1.09 1.07 1.07 1.05 1.06 1.07 1.07 1.07 1.05 1.05 1.06 1.07 1.07 
1.07 1.07 1.09 1.06 1.08 1.08 1.07 1.09 1.08 1.09 1.08 1.05 1.09 1.09 1.06 1.07 1.07 1.09 1.07 1.08 
1.08 1.05 1.07 1.07 1.09 1.09 1.09 1.09 1.09 1.09 1.07 1.08 1.07 1.05 1.09 1.07 1.05 1.09 1.06 1.06 
1.05 1.05 1.07 1.09 1.09 1.07 1.09 1.07 1.05 1.07 1.09 1.08 1.07 1.09 1.08 1.07 1.07 1.09 1.09 1.08 
1.09 1.08 1.08 1.08 1.07 1.09 1.07 1.07 1.05 1.06 1.06 1.05 1.05 1.05 1.05 1.07 1.06 1.06 1.09 1.09 
1.07 1.08 1.05 1.07 1.06 1.07 1.07 1.05 1.05 1.09 1.05 1.07 1.08 1.07 1.06 1.08 1.08 1.06 1.05 1.06 
1.07 1.05 1.06 1.08 1.05 1.05 1.07 1.07 1.08 1.08 1.05 1.06 1.08 1.05 1.05 1.06 1.06 1.07 1.07 1.05 
1.05 1.08 1.08 1.06 1.05 1.06 1.07 1.07 1.07 1.06 1.07 1.08 1.09 1.08 1.07 1.09 1.08 1.05 1.09 1.07 
1.08 1.07 1.06 1.05 1.08 1.07 1.09 1.07 1.09 1.05 1.06 1.07 1.09 1.08 1.06 1.07 1.06 1.09 1.05 1.06 
1.09 1.06 1.09 1.08 1.08 1.08 1.07 1.05 1.06 1.08 1.06 1.05 1.07 1.06 1.06 1.07 1.08 1.08 1.06 1.06 
1.07 1.06 1.06 1.08 1.06 1.05 1.06 1.08 1.06 1.05 1.08 1.05 1.09 1.09 1.08 1.09 1.08 1.05 1.05 1.06 
1.05 1.07 1.05 1.06 1.09 1.09 1.07 1.08 1.05 1.05 1.05 1.05 1.08 1.09 1.07 1.05 1.06 1.08 1.05 1.09 
1.06 1.08 1.05 1.09 1.09 1.06 1.07 1.09 1.05 1.05 1.06 1.05 1.07 1.07 1.05 1.05 1.08 1.09 1.05 1.09 
1.08 1.06 1.08 1.05 1.05 1.05 1.05 1.09 1.05 1.05 1.08 1.07 1.08 1.07 1.05 1.06 1.06 1.07 1.07 1.09 
1.09 1.09 1.09 1.09 1.05 1.06 1.07 1.08 1.09 1.09 1.06 1.08 1.07 1.09 1.06 1.08 1.08 1.09 1.06 1.08 
1.06 1.07 1.08 1.05 1.09 1.07 1.06 1.05 1.09 1.09 1.05 1.09 1.07 1.07 1.06 1.08 1.09 1.08 1.08 1.08 
1.09 1.08 1.05 1.08 1.07 1.06 1.06 1.09 1.05 1.09 1.07 1.09 1.07 1.05 1.08 1.05 1.06 1.06 1.06 1.08 
1.05 1.05 1.09 1.08 1.05 1.05 1.06 1.07 1.09 1.06 1.08 1.07 1.06 1.05 1.06 1.08 1.05 1.08 1.05 1.09 
1.07 1.09 1.05 1.09 1.07 1.06 1.09 1.07 1.09 1.05 1.08 1.07 1.07 1.09 1.07 1.09 1.05 1.05 1.08 1.05 
1.05 1.06 1.07 1.09 1.09 1.05 1.07 1.07 1.09 1.09 1.08 1.05 1.09 1.05 1.08 1.08 1.06 1.07 1.08 1.05 
1.08 1.08 1.09 1.08 1.05 1.08 1.08 1.09 1.09 1.06 1.09 1.05 1.05 1.06 1.09 1.07 1.05 1.09 1.08 1.05 
1.05 1.08 1.08 1.06 1.08 1.05 1.07 1.08 1.06 1.05 1.07 1.05 1.05 1.09 1.08 1.06 1.08 1.06 1.09 1.08 
1.05 1.08 1.07 1.09 1.05 1.06 1.06 1.05 1.07 1.09 1.09 1.07 1.06 1.05 1.05 1.05 1.09 1.08 1.07 1.05 
1.05 1.07 1.06 1.08 1.05 1.06 1.09 1.07 1.09 1.05 1.07 1.09 1.09 1.08 1.06 1.06 1.05 1.09 1.09 1.09 
1.06 1.08 1.06 1.08 1.07 1.06 1.08 1.07 1.09 1.09 1.08 1.07 1.07 1.08 1.08 1.05 1.09 1.07 1.09 1.09 
1.09 1.06 1.08 1.07 1.07 1.06 1.07 1.06 1.08 1.07 1.07 1.09 1.05 1.09 1.08 1.06 1.06 1.06 1.08 1.09 
1.06 1.09 1.07 1.09 1.07 1.06 1.08 1.05 1.06 1.07 1.07 1.05 1.05 1.06 1.09 1.06 1.09 1.08 1.07 1.09 
1.06 1.08 1.09 1.09 1.07 1.07 1.09 1.05 1.06 1.07 1.06 1.07 1.06 1.05 1.07 1.07 1.07 1.06 1.09 1.08 
1.06 1.05 1.05 1.07 1.07 1.06 1.07 1.09 1.05 1.08 1.05 1.08 1.09 1.08 1.06 1.07 1.09 1.05 1.09 1.06 
1.09 1.05 1.09 1.06 1.05 1.05 1.05 1.08 1.08 1.06 1.06 1.06 1.06 1.07 1.06 1.07 1.09 1.06 1.06 1.06 
1.05 1.06 1.05 1.08 1.06 1.06 1.07 1.07 1.09 1.07 1.06 1.09 1.08 1.09 1.05 1.05 1.08 1.05 1.07 1.06 
1.09 1.08 1.06 1.05 1.07 1.06 1.08 1.05 1.06 1.05 1.09 1.05 1.06 1.09 1.06 1.09 1.08 1.09 1.09 1.05 
1.08 1.06 1.07 1.05 1.05 1.06 1.08 1.07 1.08 1.07 1.08 1.07 1.06 1.08 1.05 1.05 1.05 1.07 1.05 1.08 
1.06 1.07 1.07 1.06 1.09 1.06 1.06 1.09 1.07 1.06 1.05 1.07 1.08 1.06 1.09 1.06 1.09 1.06 1.08 1.07 
1.05 1.08 1.09 1.09 1.08 1.07 1.08 1.05 1.08 1.09 1.06 1.09 1.07 1.06 1.07 1.08 1.06 1.09 1.07 1.09 
1.05 1.07 1.07 1.08 1.05 1.09 1.08 1.07 1.08 1.07 1.09 1.06 1.06 1.07 1.07 1.05 1.05 1.07 1.05 1.09 
1.07 1.07 1.09 1.05 1.08 1.05 1.05 1.08 1.08 1.09 1.06 1.05 1.07 1.09 1.05 1.05 1.08 1.09 1.07 1.07 
1.06 1.07 1.05 1.05 1.07 1.07 1.09 1.07 1.05 1.09 1.05 1.07 1.07 1.09 1.07 1.06 1.08 1.09 1.08 1.08 
1.08 1.09 1.06 1.09 1.05 1.08 1.08 1.06 1.06 1.05 1.05 1.07 1.07 1.06 1.06 1.09 1.07 1.09 1.09 1.09 
1.06 1.07 1.09 1.05 1.09 1.09 1.08 1.08 1.09 1.09 1.06 1.07 1.06 1.07 1.09 1.06 1.07 1.07 1.09 1.07 
1.06 1.06 1.08 1.07 1.06 1.05 1.07 1.06 1.08 1.06 1.06 1.05 1.06 1.09 1.07 1.06 1.08 1.08 1.06 1.08 
1.07 1.05 1.09 1.06 1.05 1.05 1.07 1.06 1.06 1.06 1.06 1.06 1.08 1.05 1.08 1.09 1.07 1.07 1.06 1.09 
1.06 1.06 1.08 1.06 1.07 1.09 1.07 1.07 1.06 1.09 1.06 1.06 1.05 1.09 1.06 1.09 1.08 1.08 1.09 1.09 
1.06 1.08 1.07 1.07 1.06 1.05 1.07 1.08 1.05 1.08 1.06 1.06 1.06 1.07 1.06 1.07 1.09 1.06 1.07 1.05 
1.08 1.05 1.09 1.07 1.07 1.08 1.06 1.08 1.09 1.07 1.09 1.07 1.06 1.07 1.07 1.09 1.08 1.08 1.09 1.09 
1.08 1.07 1.09 1.05 1.05 1.07 1.05 1.07 1.08 1.08 1.05 1.06 1.05 1.06 1.06 1.06 1.05 1.09 1.05 1.07 
1.05 1.07 1.09 1.09 1.08 1.07 1.06 1.07 1.05 1.08 1.08 1.07 1.07 1.07 1.05 1.06 1.09 1.07 1.08 1.09 
1.06 1.09 1.08 1.07 1.06 1.05 1.05 1.06 1.09 1.05 1.05 1.08 1.07 1.05 1.09 1.09 1.08 1.06 1.05 1.08 
1.05 1.06 1.09 1.09 1.06 1.07 1.09 1.09 1.06 1.07 1.08 1.05 1.05 1.07 1.05 1.07 1.08 1.09 1.05 1.09 
1.05 1.08 1.06 1.06 1.06 1.07 1.07 1.07 1.06 1.09 1.07 1.08 1.09 1.08 1.09 1.08 1.09 1.07 1.08 1.05 
1.05 1.09 1.05 1.09 1.08 1.05 1.09 1.05 1.07 1.08 1.06 1.09 1.06 1.09 1.09 1.06 1.07 1.06 1.06 1.06 
1.06 1.08 1.09 1.05 1.06 1.05 1.08 1.08 1.05 1.07 1.05 1.07 1.06 1.05 1.08 1.07 1.08 1.06 1.05 1.08 
1.05 1.09 1.05 1.06 1.06 1.05 1.06 1.08 1.09 1.07 1.07 1.06 1.06 1.08 1.06 1.07 1.05 1.06 1.09 1.07 
1.08 1.05 1.08 1.09 1.08 1.08 1.06 1.09 1.09 1.08 1.07 1.08 1.06 1.05 1.07 1.07 1.06 1.08 1.07 1.08 
1.06 1.05 1.06 1.07 1.07 1.05 1.07 1.07 1.07 1.06 1.06 1.07 1.06 1.06 1.07 1.07 1.09 1.07 1.05 1.06 
1.06 1.05 1.07 1.05 1.07 1.07 1.06 1.07 1.09 1.05 1.08 1.05 1.06 1.05 1.09 1.05 1.07 1.07 1.08 1.09 
1.08 1.05 1.07 1.09 1.05 1.09 1.08 1.06 1.09 1.08 1.09 1.08 1.09 1.09 1.06 1.06 1.06 1.05 1.05 1.05 
1.08 1.07 1.05 1.06 1.05 1.08 1.06 1.09 1.09 1.08 1.07 1.08 1.06 1.05 1.05 1.06 1.05 1.07 1.08 1.08 
1.08 1.08 1.05 1.07 1.08 1.07 1.05 1.09 1.08 1.07 1.05 1.07 1.09 1.08 1.08 1.06 1.08 1.06 1.07 1.08 
1.09 1.06 1.08 1.09 1.09 1.09 1.07 1.06 1.05 1.05 1.08 1.09 1.07 1.06 1.05 1.07 1.08 1.05 1.09 1.08 
1.06 1.08 1.08 1.08 1.06 1.05 1.07 1.08 1.06 1.05 1.09 1.09 1.05 1.09 1.05 1.05 1.05 1.05 1.09 1.05 
1.09 1.06 1.06 1.07 1.06 1.06 1.07 1.06 1.05 1.06 1.05 1.07 1.08 1.09 1.07 1.07 1.05 1.05 1.07 1.08 
1.06 1.09 1.08 1.05 1.08 1.05 1.08 1.05 1.08 1.08 1.08 1.08 1.06 1.08 1.09 1.09 1.08 1.07 1.07 1.07 
1.09 1.07 1.08 1.05 1.05 1.05 1.07 1.08 1.05 1.08 1.05 1.06 1.06 1.05 1.05 1.08 1.08 1.09 1.06 1.06 
1.07 1.06 1.05 1.07 1.06 1.08 1.09 1.08 1.06 1.06 1.09 1.08 1.09 1.07 1.05 1.07 1.07 1.06 1.08 1.07 
1.07 1.09 1.08 1.07 1.05 1.08 1.05 1.07 1.05 1.07 1.05 1.09 1.09 1.09 1.07 1.06 1.05 1.09 1.07 1.07 
1.05 1.05 1.07 1.05 1.07 1.07 1.07 1.06 1.06 1.07 1.07 1.05 1.07 1.06 1.05 1.05 1.07 1.07 1.05 1.05 
1.06 1.08 1.07 1.05 1.06 1.07 1.08 1.08 1.09 1.09 1.07 1.05 1.06 1.08 1.06 1.07 1.05 1.07 1.06 1.05 
1.06 1.07 1.08 1.09 1.07 1.06 1.09 1.07 1.06 1.09 1.09 1.07 1.09 1.08 1.09 1.08 1.08 1.08 1.07 1.05 
1.06 1.08 1.06 1.06 1.09 1.09 1.08 1.08 1.08 1.07 1.07 1.07 1.05 1.05 1.05 1.08 1.06 1.07 1.05 1.06 
1.08 1.06 1.05 1.09 1.07 1.05 1.07 1.08 1.07 1.09 1.07 1.08 1.05 1.06 1.08 1.06 1.05 1.07 1.09 1.08 
1.08 1.05 1.06 1.09 1.09 1.07 1.06 1.06 1.06 1.05 1.06 1.06 1.07 1.07 1.07 1.09 1.05 1.05 1.07 1.06 
1.05 1.06 1.07 1.05 1.06 1.07 1.09 1.06 1.05 1.07 1.06 1.05 1.05 1.06 1.05 1.05 1.06 1.07 1.06 1.08 
1.06 1.05 1.08 1.07 1.05 1.08 1.06 1.09 1.06 1.08 1.06 1.06 1.09 1.05 1.07 1.07 1.05 1.05 1.06 1.05 
1.09 1.08 1.07 1.06 1.09 1.07 1.07 1.05 1.08 1.09 1.05 1.05 1.05 1.05 1.08 1.06 1.07 1.06 1.05 1.07 
1.08 1.09 1.07 1.09 1.06 1.09 1.06 1.08 1.08 1.07 1.08 1.09 1.08 1.07 1.07 1.07 1.07 1.05 1.09 1.09 
1.08 1.09 1.09 1.09 1.05 1.09 1.08 1.08 1.09 1.06 1.05 1.07 1.07 1.05 1.05 1.08 1.05 1.05 1.09 1.08 
1.07 1.09 1.07 1.09 1.09 1.07 1.07 1.06 1.05 1.06 1.08 1.05 1.09 1.05 1.07 1.06 1.06 1.09 1.09 1.06 
1.07 1.06 1.09 1.05 1.09 1.08 1.08 1.08 1.05 1.05 1.07 1.07 1.05 1.07 1.08 1.09 1.09 1.06 1.06 1.08 
1.08 1.06 1.05 1.09 1.05 1.05 1.08 1.05 1.08 1.09 1.06 1.06 1.05 1.05 1.09 1.08 1.07 1.05 1.05 1.09 
1.07 1.05 1.08 1.05 1.07 1.05 1.09 1.08 1.07 1.08 1.07 1.07 1.08 1.09 1.05 1.07 1.08 1.09 1.08 1.05 
1.05 1.09 1.07 1.09 1.08 1.06 1.06 1.09 1.08 1.08 1.05 1.07 1.05 1.07 1.08 1.07 1.07 1.06 1.07 1.07 
1.07 1.08 1.08 1.06 1.09 1.08 1.07 1.05 1.07 1.09 1.05 1.08 1.06 1.07 1.05 1.07 1.06 1.05 1.09 1.08 
1.06 1.09 1.08 1.05 1.05 1.05 1.06 1.05 1.07 1.06 1.06 1.05 1.05 1.06 1.08 1.08 1.08 1.05 1.05 1.06 
1.08 1.09 1.07 1.07 1.09 1.08 1.07 1.05 1.07 1.07 1.09 1.06 1.09 1.09 1.06 1.07 1.07 1.09 1.05 1.08 
1.08 1.07 1.08 1.07 1.05 1.05 1.09 1.08 1.06 1.05 1.07 1.08 1.09 1.09 1.08 1.05 1.09 1.05 1.06 1.06 
1.08 1.06 1.08 1.08 1.09 1.07 1.07 1.06 1.07 1.06 1.09 1.05 1.09 1.05 1.08 1.05 1.08 1.08 1.07 1.07 
1.09 1.06 1.09 1.08 1.05 1.05 1.08 1.08 1.05 1.07 1.09 1.09 1.07 1.08 1.09 1.09 1.06 1.06 1.07 1.09 
1.06 1.07 1.07 1.06 1.08 1.07 1.09 1.07 1.05 1.08 1.09 1.06 1.08 1.05 1.06 1.08 1.09 1.09 1.05 1.07 
1.08 1.06 1.09 1.06 1.06 1.06 1.09 1.09 1.08 1.09 1.09 1.09 1.09 1.06 1.09 1.09 1.06 1.09 1.07 1.09 
1.08 1.08 1.08 1.09 1.07 1.09 1.08 1.07 1.07 1.09 1.08 1.09 1.05 1.08 1.07 1.07 1.08 1.08 1.05 1.05 
1.07 1.05 1.08 1.05 1.08 1.05 1.05 1.09 1.08 1.09 1.07 1.06 1.08 1.07 1.09 1.09 1.08 1.05 1.06 1.06 
1.09 1.06 1.06 1.08 1.09 1.06 1.05 1.08 1.09 1.06 1.08 1.07 1.09 1.05 1.09 1.07 1.08 1.08 1.05 1.05 
1.09 1.09 1.05 1.06 1.05 1.05 1.05 1.06 1.06 1.09 1.09 1.07 1.09 1.08 1.07 1.07 1.06 1.05 1.07 1.09 
1.09 1.05 1.07 1.08 1.06 1.07 1.09 1.09 1.07 1.07 1.05 1.06 1.05 1.06 1.06 1.06 1.08 1.07 1.06 1.06 
1.08 1.07 1.07 1.09 1.08 1.06 1.08 1.06 1.09 1.08 1.07 1.06 1.09 1.09 1.08 1.07 1.06 1.05 1.09 1.08 
1.06 1.07 1.07 1.06 1.07 1.09 1.08 1.07 1.07 1.08 1.08 1.05 1.07 1.06 1.06 1.06 1.09 1.07 1.06 1.05 
1.07 1.05 1.06 1.06 1.06 1.05 1.08 1.09 1.09 1.09 1.09 1.09 1.05 1.08 1.07 1.07 1.06 1.06 1.09 1.09 
1.06 1.08 1.08 1.06 1.09 1.07 1.05 1.07 1.09 1.09 1.09 1.08 1.06 1.05 1.05 1.05 1.07 1.05 1.08 1.09 
1.06 1.09 1.08 1.09 1.06 1.07 1.05 1.06 1.05 1.09 1.05 1.07 1.05 1.08 1.07 1.07 1.05 1.06 1.06 1.07 
1.05 1.09 1.09 1.09 1.05 1.05 1.09 1.09 1.07 1.05 1.07 1.08 1.05 1.08 1.07 1.05 1.09 1.08 1.07 1.09 
1.06 1.05 1.05 1.09 1.06 1.08 1.09 1.07 1.07 1.06 1.09 1.09 1.05 1.06 1.07 1.08 1.06 1.08 1.06 1.07 
1.06 1.08 1.07 1.06 1.09 1.06 1.07 1.06 1.09 1.05 1.09 1.09 1.08 1.05 1.05 1.08 1.05 1.06 1.09 1.07 
1.08 1.07 1.09 1.08 1.06 1.08 1.09 1.06 1.09 1.08 1.05 1.05 1.05 1.07 1.08 1.06 1.09 1.08 1.06 1.08 
1.07 1.09 1.08 1.06 1.06 1.09 1.09 1.09 1.08 1.09 1.07 1.09 1.08 1.06 1.08 1.06 1.05 1.06 1.09 1.06 
1.08 1.06 1.06 1.09 1.07 1.06 1.06 1.08 1.05 1.05 1.08 1.06 1.05 1.07 1.08 1.06 1.09 1.05 1.05 1.05 
1.05 1.08 1.05 1.07 1.05 1.08 1.08 1.05 1.06 1.06 1.08 1.08 1.08 1.05 1.07 1.05 1.06 1.06 1.05 1.07 
1.06 1.09 1.09 1.05 1.09 1.09 1.06 1.06 1.09 1.07 1.07 1.05 1.08 1.08 1.06 1.09 1.09 1.06 1.09 1.07 
1.06 1.07 1.07 1.06 1.06 1.05 1.05 1.07 1.06 1.06 1.07 1.06 1.06 1.06 1.05 1.09 1.08 1.08 1.09 1.09 
1.08 1.05 1.07 1.08 1.05 1.06 1.07 1.06 1.08 1.07 1.08 1.09 1.06 1.07 1.06 1.08 1.06 1.08 1.06 1.07 
1.07 1.05 1.08 1.09 1.05 1.09 1.09 1.07 1.09 1.08 1.09 1.07 1.09 1.05 1.05 1.06 1.08 1.09 1.07 1.05 
1.08 1.05 1.07 1.08 1.08 1.07 1.06 1.09 1.06 1.08 1.06 1.05 1.08 1.07 1.06 1.06 1.09 1.06 1.05 1.08 
1.06 1.09 1.07 1.05 1.08 1.09 1.08 1.05 1.05 1.08 1.09 1.06 1.07 1.09 1.09 1.09 1.05 1.08 1.05 1.09 
1.06 1.08 1.07 1.09 1.05 1.05 1.08 1.09 1.07 1.09 1.07 1.09 1.06 1.06 1.06 1.07 1.08 1.05 1.07 1.09 
1.06 1.08 1.08 1.08 1.06 1.08 1.05 1.06 1.05 1.07 1.07 1.08 1.05 1.09 1.05 1.07 1.09 1.06 1.09 1.06 
1.05 1.09 1.07 1.09 1.06 1.09 1.06 1.06 1.07 1.05 1.06 1.06 1.08 1.08 1.09 1.08 1.05 1.08 1.08 1.06 
1.09 1.09 1.09 1.06 1.09 1.08 1.08 1.05 1.05 1.08 1.09 1.05 1.05 1.08 1.05 1.09 1.08 1.05 1.06 1.09 
1.05 1.09 1.05 1.09 1.05 1.08 1.06 1.08 1.09 1.06 1.06 1.05 1.09 1.09 1.07 1.08 1.07 1.06 1.06 1.08 
1.08 1.09 1.05 1.05 1.05 1.06 1.05 1.05 1.06 1.06 1.07 1.07 1.06 1.08 1.05 1.05 1.05 1.09 1.08 1.06 
1.08 1.08 1.07 1.06 1.05 1.08 1.08 1.09 1.06 1.06 1.09 1.05 1.06 1.07 1.06 1.05 1.06 1.05 1.09 1.06 
1.08 1.08 1.08 1.06 1.08 1.09 1.07 1.07 1.05 1.06 1.08 1.09 1.07 1.07 1.07 1.07 1.07 1.06 1.05 1.05 
1.07 1.06 1.05 1.06 1.06 1.09 1.07 1.05 1.07 1.05 1.05 1.08 1.07 1.07 1.09 1.08 1.08 1.06 1.07 1.05 
1.07 1.09 1.07 1.08 1.08 1.08 1.05 1.07 1.09 1.09 1.09 1.08 1.05 1.08 1.06 1.06 1.07 1.05 1.05 1.07 
1.05 1.08 1.07 1.05 1.09 1.08 1.09 1.08 1.09 1.05 1.07 1.06 1.05 1.07 1.09 1.06 1.08 1.05 1.06 1.08 
1.09 1.08 1.07 1.08 1.06 1.08 1.08 1.08 1.05 1.08 1.05 1.09 1.09 1.05 1.05 1.05 1.09 1.06 1.06 1.09 
1.05 1.07 1.08 1.07 1.06 1.08 1.08 1.08 1.09 1.08 1.08 1.05 1.07 1.07 1.09 1.05 1.08 1.08 1.07 1.09 
1.08 1.09 1.06 1.09 1.05 1.05 1.06 1.06 1.08 1.09 1.05 1.09 1.07 1.05 1.07 1.06 1.08 1.09 1.09 1.07 
1.05 1.09 1.05 1.08 1.05 1.05 1.08 1.05 1.09 1.06 1.08 1.05 1.09 1.05 1.05 1.05 1.09 1.09 1.08 1.09 
1.05 1.05 1.09 1.09 1.08 1.09 1.07 1.05 1.05 1.09 1.08 1.05 1.05 1.09 1.06 1.07 1.08 1.09 1.06 1.06 
1.09 1.05 1.08 1.09 1.08 1.05 1.05 1.09 1.05 1.06 1.07 1.08 1.09 1.05 1.05 1.05 1.07 1.05 1.07 1.05 
1.06 1.07 1.09 1.06 1.07 1.05 1.06 1.06 1.05 1.06 1.08 1.08 1.08 1.07 1.09 1.06 1.06 1.05 1.05 1.05 
1.05 1.06 1.06 1.07 1.08 1.08 1.06 1.05 1.09 1.05 1.06 1.06 1.09 1.06 1.05 1.07 1.09 1.05 1.07 1.08 
1.08 1.08 1.09 1.07 1.08 1.09 1.08 1.09 1.09 1.08 1.07 1.08 1.08 1.07 1.07 1.05 1.07 1.08 1.05 1.05 
1.07 1.07 1.07 1.07 1.08 1.05 1.09 1.08 1.09 1.05 1.07 1.05 1.05 1.07 1.06 1.08 1.05 1.09 1.05 1.08 
1.07 1.05 1.06 1.08 1.06 1.08 1.05 1.07 1.09 1.09 1.08 1.06 1.09 1.07 1.07 1.06 1.08 1.07 1.05 1.05 
1.09 1.06 1.06 1.09 1.09 1.09 1.08 1.06 1.08 1.06 1.06 1.09 1.05 1.06 1.09 1.05 1.09 1.05 1.09 1.06 
1.05 1.05 1.08 1.09 1.05 1.09 1.05 1.05 1.09 1.05 1.09 1.06 1.08 1.08 1.07 1.06 1.07 1.09 1.05 1.09 
1.06 1.09 1.06 1.06 1.06 1.05 1.05 1.05 1.05 1.05 1.08 1.07 1.07 1.08 1.07 1.08 1.06 1.05 1.09 1.07 
1.08 1.09 1.08 1.07 1.09 1.07 1.08 1.05 1.07 1.08 1.06 1.05 1.09 1.06 1.06 1.06 1.09 1.07 1.05 1.05 
1.07 1.05 1.05 1.08 1.06 1.09 1.06 1.05 1.08 1.09 1.09 1.08 1.09 1.05 1.08 1.09 1.08 1.05 1.09 1.06 
1.07 1.05 1.06 1.05 1.09 1.08 1.05 1.08 1.08 1.05 1.08 1.06 1.09 1.06 1.08 1.07 1.08 1.05 1.05 1.05 
1.07 1.06 1.06 1.05 1.06 1.08 1.05 1.06 1.05 1.06 1.08 1.08 1.05 1.08 1.06 1.07 1.07 1.05 1.05 1.07 
1.06 1.08 1.06 1.08 1.09 1.05 1.09 1.07 1.06 1.09 1.09 1.09 1.07 1.08 1.05 1.06 1.05 1.08 1.05 1.08 
1.08 1.07 1.08 1.09 1.07 1.06 1.08 1.05 1.09 1.06 1.07 1.08 1.06 1.08 1.07 1.06 1.07 1.08 1.09 1.09 
1.08 1.09 1.07 1.08 1.07 1.09 1.06 1.05 1.06 1.06 1.05 1.05 1.06 1.08 1.08 1.07 1.09 1.08 1.08 1.08 
1.07 1.05 1.05 1.06 1.06 1.09 1.09 1.07 1.07 1.06 1.09 1.09 1.08 1.06 1.05 1.08 1.05 1.08 1.07 1.09 
1.08 1.08 1.07 1.05 1.05 1.07 1.09 1.05 1.06 1.06 1.08 1.06 1.05 1.08 1.05 1.05 1.06 1.05 1.08 1.07 
1.07 1.05 1.08 1.06 1.08 1.05 1.08 1.07 1.06 1.06 1.05 1.07 1.06 1.07 1.08 1.09 1.05 1.07 1.08 1.05 
1.08 1.06 1.05 1.07 1.05 1.07 1.08 1.08 1.09 1.06 1.07 1.05 1.08 1.06 1.09 1.09 1.05 1.06 1.08 1.05 
1.09 1.07 1.05 1.07 1.09 1.09 1.09 1.06 1.09 1.08 1.05 1.06 1.08 1.08 1.07 1.05 1.06 1.08 1.09 1.09 
1.09 1.05 1.07 1.09 1.09 1.05 1.05 1.06 1.05 1.07 1.09 1.06 1.09 1.06 1.08 1.09 1.06 1.09 1.07 1.08 
1.06 1.07 1.09 1.05 1.07 1.09 1.05 1.09 1.05 1.09 1.05 1.06 1.09 1.05 1.08 1.07 1.08 1.09 1.05 1.05 
1.06 1.07 1.07 1.07 1.05 1.07 1.05 1.09 1.07 1.08 1.06 1.07 1.06 1.06 1.08 1.09 1.07 1.07 1.07 1.08 
1.09 1.07 1.05 1.06 1.08 1.06 1.08 1.09 1.08 1.06 1.08 1.07 1.05 1.06 1.06 1.07 1.05 1.06 1.06 1.05 
1.05 1.08 1.06 1.07 1.07 1.06 1.09 1.06 1.09 1.09 1.06 1.07 1.09 1.06 1.08 1.05 1.06 1.07 1.08 1.08 
1.05 1.07 1.08 1.08 1.08 1.07 1.05 1.05 1.08 1.08 1.05 1.08 1.06 1.08 1.07 1.05 1.08 1.09 1.07 1.07 
1.06 1.06 1.08 1.09 1.05 1.08 1.09 1.07 1.07 1.07 1.05 1.07 1.09 1.05 1.08 1.05 1.06 1.08 1.06 1.05 
1.06 1.06 1.07 1.05 1.05 1.08 1.06 1.05 1.05 1.05 1.06 1.05 1.07 1.09 1.08 1.05 1.09 1.06 1.09 1.06 
1.07 1.06 1.05 1.07 1.09 1.08 1.06 1.07 1.06 1.09 1.06 1.07 1.06 1.09 1.05 1.05 1.05 1.07 1.06 1.09 
1.06 1.08 1.09 1.08 1.06 1.05 1.05 1.08 1.05 1.06 1.07 1.06 1.09 1.09 1.06 1.06 1.06 1.07 1.08 1.07 
1.09 1.07 1.05 1.08 1.07 1.09 1.09 1.06 1.08 1.06 1.07 1.06 1.05 1.05 1.07 1.05 1.07 1.08 1.07 1.07 
1.06 1.06 1.08 1.07 1.05 1.09 1.09 1.07 1.09 1.07 1.09 1.09 1.05 1.07 1.07 1.06 1.05 1.05 1.09 1.06 
1.09 1.08 1.07 1.05 1.09 1.05 1.06 1.09 1.09 1.09 1.05 1.08 1.08 1.06 1.06 1.09 1.06 1.06 1.08 1.08 
1.09 1.08 1.07 1.07 1.05 1.05 1.06 1.08 1.07 1.08 1.09 1.05 1.08 1.08 1.09 1.06 1.05 1.07 1.08 1.09 
1.09 1.06 1.07 1.08 1.07 1.07 1.07 1.06 1.09 1.08 1.09 1.06 1.06 1.09 1.09 1.08 1.09 1.06 1.09 1.09 
1.05 1.09 1.08 1.05 1.08 1.06 1.07 1.07 1.05 1.07 1.09 1.09 1.09 1.06 1.09 1.05 1.09 1.09 1.05 1.06 
1.06 1.06 1.05 1.05 1.09 1.07 1.06 1.06 1.08 1.08 1.07 1.09 1.09 1.09 1.06 1.05 1.06 1.06 1.07 1.08 
1.05 1.06 1.05 1.07 1.07 1.07 1.06 1.09 1.06 1.08 1.05 1.08 1.05 1.06 1.06 1.05 1.05 1.08 1.07 1.08 
1.05 1.06 1.06 1.08 1.08 1.05 1.06 1.07 1.08 1.09 1.09 1.05 1.05 1.05 1.06 1.05 1.07 1.06 1.07 1.09 
1.08 1.06 1.08 1.08 1.06 1.09 1.07 1.09 1.09 1.05 1.09 1.06 1.09 1.07 1.08 1.06 1.09 1.09 1.05 1.07 
1.09 1.05 1.06 1.07 1.06 1.07 1.07 1.05 1.09 1.08 1.06 1.06 1.05 1.06 1.07 1.09 1.08 1.07 1.08 1.05 
1.09 1.09 1.09 1.07 1.05 1.05 1.05 1.07 1.07 1.07 1.07 1.09 1.05 1.09 1.07 1.09 1.09 1.05 1.06 1.07 
1.07 1.07 1.05 1.06 1.06 1.09 1.05 1.07 1.06 1.08 1.08 1.06 1.06 1.09 1.08 1.07 1.06 1.06 1.06 1.07 
1.07 1.09 1.06 1.05 1.07 1.07 1.07 1.08 1.07 1.09 1.05 1.07 1.08 1.07 1.06 1.09 1.08 1.08 1.08 1.06 
1.09 1.09 1.09 1.08 1.05 1.07 1.09 1.08 1.06 1.07 1.08 1.05 1.06 1.06 1.08 1.08 1.08 1.07 1.08 1.09 
1.07 1.06 1.05 1.05 1.09 1.09 1.06 1.08 1.07 1.05 1.09 1.05 1.06 1.05 1.05 1.08 1.09 1.09 1.05 1.05 
1.09 1.07 1.07 1.05 1.09 1.09 1.08 1.08 1.09 1.07 1.05 1.05 1.05 1.06 1.06 1.07 1.07 1.09 1.05 1.08 
1.06 1.08 1.06 1.09 1.07 1.06 1.09 1.05 1.06 1.09 1.06 1.06 1.08 1.06 1.08 1.09 1.07 1.09 1.07 1.05 
1.06 1.05 1.05 1.09 1.05 1.05 1.05 1.09 1.05 1.05 1.09 1.07 1.07 1.07 1.07 1.05 1.06 1.08 1.09 1.07 
1.05 1.07 1.09 1.07 1.07 1.06 1.06 1.08 1.09 1.07 1.05 1.08 1.06 1.09 1.06 1.08 1.08 1.06 1.08 1.08 
1.05 1.06 1.07 1.06 1.07 1.07 1.06 1.07 1.06 1.07 1.09 1.08 1.06 1.05 1.05 1.05 1.09 1.08 1.09 1.08 
1.08 1.08 1.09 1.09 1.09 1.06 1.05 1.08 1.05 1.06 1.08 1.05 1.08 1.09 1.05 1.06 1.06 1.05 1.05 1.08 
1.08 1.07 1.06 1.09 1.05 1.09 1.08 1.08 1.09 1.06 1.06 1.08 1.05 1.05 1.07 1.06 1.06 1.09 1.09 1.09 
1.08 1.05 1.06 1.05 1.07 1.07 1.05 1.09 1.06 1.08 1.07 1.09 1.06 1.05 1.08 1.08 1.05 1.09 1.07 1.06 
1.05 1.09 1.08 1.07 1.05 1.05 1.09 1.06 1.05 1.09 1.08 1.08 1.06 1.07 1.09 1.07 1.09 1.09 1.06 1.06 
1.06 1.07 1.08 1.06 1.06 1.06 1.09 1.09 1.07 1.07 1.09 1.06 1.05 1.09 1.08 1.08 1.06 1.09 1.06 1.06 
1.08 1.09 1.06 1.07 1.09 1.09 1.06 1.06 1.05 1.05 1.05 1.06 1.06 1.06 1.07 1.06 1.07 1.06 1.09 1.08 
1.06 1.08 1.09 1.06 1.07 1.06 1.07 1.08 1.06 1.07 1.05 1.09 1.06 1.05 1.07 1.07 1.06 1.08 1.05 1.05 
1.09 1.09 1.07 1.09 1.05 1.07 1.05 1.08 1.09 1.07 1.07 1.09 1.06 1.09 1.08 1.09 1.05 1.05 1.05 1.07 
1.07 1.09 1.09 1.06 1.06 1.07 1.05 1.07 1.07 1.09 1.09 1.05 1.05 1.05 1.08 1.06 1.08 1.07 1.08 1.07 
1.07 1.07 1.08 1.07 1.09 1.05 1.09 1.07 1.09 1.07 1.06 1.09 1.08 1.05 1.08 1.08 1.06 1.06 1.07 1.06 
1.06 1.05 1.09 1.09 1.08 1.05 1.09 1.09 1.05 1.06 1.08 1.07 1.06 1.09 1.06 1.05 1.06 1.06 1.07 1.09 
1.06 1.09 1.09 1.07 1.06 1.07 1.07 1.06 1.05 1.09 1.09 1.09 1.07 1.09 1.09 1.06 1.06 1.07 1.05 1.06 
1.07 1.05 1.07 1.05 1.06 1.05 1.08 1.07 1.09 1.08 1.07 1.05 1.05 1.07 1.09 1.07 1.08 1.05 1.05 1.08 
1.05 1.09 1.05 1.05 1.07 1.07 1.08 1.06 1.07 1.05 1.06 1.07 1.06 1.06 1.05 1.07 1.07 1.09 1.07 1.06 
1.09 1.09 1.08 1.06 1.09 1.07 1.07 1.08 1.08 1.06 1.06 1.05 1.08 1.09 1.06 1.05 1.08 1.05 1.07 1.05 
1.05 1.05 1.08 1.07 1.08 1.05 1.09 1.09 1.08 1.05 1.05 1.07 1.05 1.06 1.05 1.06 1.06 1.09 1.05 1.07 
1.09 1.09 1.09 1.06 1.05 1.06 1.05 1.06 1.09 1.05 1.05 1.06 1.08 1.05 1.05 1.06 1.08 1.08 1.08 1.07 
1.07 1.07 1.06 1.05 1.05 1.09 1.05 1.06 1.09 1.06 1.05 1.06 1.08 1.08 1.05 1.05 1.06 1.09 1.07 1.08 
1.08 1.07 1.06 1.08 1.07 1.05 1.06 1.08 1.09 1.07 1.05 1.05 1.05 1.05 1.05 1.08 1.07 1.06 1.06 1.05 
1.05 1.05 1.09 1.05 1.07 1.08 1.09 1.05 1.05 1.08 1.09 1.08 1.06 1.08 1.08 1.08 1.09 1.05 1.06 1.05 
1.09 1.06 1.06 1.05 1.08 1.08 1.08 1.06 1.09 1.06 1.06 1.06 1.07 1.06 1.08 1.09 1.07 1.08 1.08 1.08 
1.07 1.07 1.08 1.07 1.07 1.08 1.05 1.08 1.07 1.07 1.05 1.06 1.09 1.06 1.06 1.06 1.09 1.09 1.07 1.08 
1.06 1.06 1.09 1.07 1.09 1.08 1.06 1.07 1.07 1.06 1.09 1.05 1.09 1.05 1.05 1.07 1.05 1.09 1.06 1.05 
1.08 1.05 1.06 1.08 1.06 1.06 1.07 1.06 1.07 1.08 1.06 1.05 1.05 1.05 1.06 1.07 1.08 1.06 1.08 1.08 
1.09 1.06 1.05 1.07 1.06 1.09 1.05 1.09 1.08 1.06 1.08 1.09 1.05 1.06 1.08 1.09 1.07 1.06 1.05 1.07 
1.09 1.08 1.05 1.05 1.06 1.08 1.05 1.09 1.08 1.06 1.09 1.09 1.06 1.09 1.06 1.08 1.07 1.07 1.05 1.05 
1.09 1.05 1.09 1.09 1.09 1.06 1.08 1.09 1.05 1.06 1.05 1.07 1.05 1.08 1.07 1.07 1.05 1.06 1.05 1.05 
1.06 1.05 1.08 1.09 1.07 1.07 1.09 1.09 1.05 1.08 1.05 1.06 1.08 1.06 1.06 1.08 1.09 1.07 1.08 1.08 
1.09 1.08 1.09 1.06 1.08 1.06 1.07 1.08 1.06 1.09 1.09 1.07 1.05 1.09 1.08 1.07 1.08 1.05 1.09 1.09 
1.06 1.09 1.09 1.06 1.06 1.09 1.08 1.09 1.09 1.07 1.05 1.07 1.06 1.08 1.09 1.09 1.07 1.08 1.07 1.06 
1.05 1.05 1.06 1.09 1.07 1.07 1.09 1.06 1.08 1.07 1.09 1.07 1.09 1.05 1.05 1.07 1.06 1.08 1.05 1.08 
1.09 1.05 1.07 1.06 1.05 1.08 1.09 1.07 1.06 1.09 1.05 1.06 1.08 1.06 1.09 1.07 1.05 1.07 1.07 1.08 
1.08 1.08 1.06 1.05 1.09 1.07 1.08 1.06 1.08 1.09 1.08 1.08 1.06 1.06 1.06 1.05 1.05 1.09 1.07 1.08 
1.09 1.08 1.06 1.09 1.07 1.08 1.05 1.07 1.08 1.05 1.06 1.07 1.09 1.05 1.07 1.09 1.05 1.07 1.07 1.05 
1.08 1.06 1.09 1.09 1.07 1.09 1.09 1.08 1.09 1.09 1.06 1.07 1.05 1.05 1.05 1.09 1.06 1.09 1.07 1.05 
1.09 1.08 1.06 1.09 1.06 1.07 1.06 1.05 1.06 1.05 1.06 1.09 1.06 1.07 1.07 1.09 1.08 1.06 1.06 1.08 
1.09 1.05 1.07 1.06 1.08 1.07 1.07 1.08 1.08 1.07 1.05 1.08 1.07 1.06 1.07 1.08 1.08 1.09 1.07 1.07 
1.06 1.05 1.07 1.08 1.09 1.05 1.05 1.09 1.09 1.09 1.05 1.05 1.06 1.06 1.06 1.09 1.06 1.05 1.08 1.08 
1.08 1.07 1.09 1.08 1.06 1.08 1.09 1.05 1.08 1.05 1.07 1.07 1.07 1.05 1.08 1.06 1.07 1.07 1.06 1.09 
1.09 1.06 1.05 1.06 1.08 1.05 1.06 1.09 1.06 1.06 1.07 1.09 1.06 1.09 1.05 1.05 1.06 1.08 1.08 1.07 
1.09 1.05 1.09 1.08 1.05 1.08 1.09 1.07 1.08 1.09 1.05 1.07 1.06 1.08 1.06 1.05 1.08 1.08 1.05 1.05 
1.05 1.09 1.09 1.08 1.09 1.08 1.08 1.08 1.09 1.07 1.07 1.07 1.09 1.07 1.05 1.07 1.08 1.09 1.06 1.07 
1.08 1.09 1.09 1.09 1.06 1.05 1.09 1.06 1.09 1.06 1.07 1.09 1.09 1.09 1.05 1.09 1.08 1.08 1.09 1.08 
1.07 1.06 1.09 1.07 1.08 1.06 1.06 1.05 1.06 1.06 1.08 1.06 1.08 1.06 1.09 1.06 1.07 1.08 1.08 1.05 
1.08 1.07 1.05 1.09 1.09 1.06 1.06 1.09 1.08 1.07 1.06 1.07 1.09 1.07 1.06 1.09 1.08 1.07 1.09 1.08 
1.07 1.06 1.08 1.07 1.06 1.08 1.07 1.05 1.06 1.09 1.07 1.08 1.07 1.09 1.09 1.06 1.06 1.05 1.09 1.06 
1.06 1.05 1.07 1.08 1.06 1.08 1.06 1.07 1.06 1.08 1.09 1.06 1.09 1.09 1.09 1.08 1.09 1.09 1.09 1.08 
1.09 1.07 1.05 1.07 1.09 1.05 1.06 1.05 1.08 1.05 1.08 1.06 1.09 1.09 1.09 1.08 1.06 1.05 1.06 1.06 
1.09 1.05 1.06 1.05 1.06 1.08 1.05 1.05 1.08 1.08 1.09 1.07 1.06 1.09 1.09 1.08 1.07 1.09 1.09 1.06 
1.07 1.07 1.09 1.08 1.06 1.07 1.05 1.07 1.08 1.08 1.06 1.09 1.05 1.05 1.09 1.08 1.08 1.05 1.06 1.06 
1.09 1.07 1.09 1.06 1.05 1.06 1.06 1.07 1.07 1.07 1.08 1.09 1.08 1.07 1.06 1.06 1.06 1.08 1.08 1.05 
1.06 1.06 1.09 1.06 1.09 1.06 1.08 1.05 1.09 1.08 1.06 1.08 1.09 1.08 1.05 1.09 1.06 1.05 1.05 1.05 
1.07 1.08 1.05 1.05 1.08 1.07 1.09 1.07 1.07 1.07 1.09 1.07 1.07 1.06 1.06 1.08 1.07 1.06 1.08 1.08 
1.06 1.06 1.08 1.08 1.05 1.09 1.08 1.07 1.07 1.06 1.09 1.08 1.06 1.07 1.06 1.08 1.07 1.08 1.05 1.07 
1.09 1.07 1.08 1.07 1.06 1.06 1.07 1.08 1.09 1.07 1.09 1.06 1.07 1.05 1.06 1.08 1.08 1.08 1.05 1.09 
1.09 1.05 1.06 1.06 1.05 1.07 1.05 1.07 1.05 1.06 1.07 1.07 1.06 1.07 1.09 1.09 1.05 1.08 1.07 1.09 
1.08 1.07 1.08 1.09 1.07 1.07 1.05 1.06 1.06 1.08 1.09 1.05 1.06 1.09 1.08 1.09 1.06 1.09 1.07 1.05 
1.06 1.06 1.05 1.05 1.09 1.09 1.09 1.07 1.07 1.09 1.07 1.08 1.07 1.08 1.05 1.05 1.06 1.08 1.09 1.05 
1.09 1.05 1.06 1.07 1.06 1.07 1.08 1.06 1.09 1.09 1.09 1.07 1.06 1.06 1.09 1.06 1.06 1.08 1.09 1.09 
1.05 1.09 1.09 1.07 1.06 1.09 1.09 1.09 1.08 1.05 1.07 1.09 1.08 1.08 1.09 1.08 1.08 1.08 1.05 1.07 
1.09 1.05 1.08 1.07 1.09 1.09 1.05 1.07 1.05 1.06 1.06 1.09 1.09 1.09 1.08 1.09 1.06 1.09 1.08 1.09 
1.07 1.06 1.09 1.09 1.06 1.09 1.08 1.09 1.05 1.09 1.07 1.07 1.07 1.05 1.05 1.09 1.06 1.07 1.09 1.09 
1.09 1.09 1.06 1.08 1.08 1.09 1.06 1.08 1.09 1.06 1.09 1.05 1.05 1.06 1.08 1.08 1.06 1.05 1.06 1.05 
1.07 1.06 1.08 1.06 1.06 1.05 1.08 1.05 1.05 1.05 1.06 1.08 1.05 1.09 1.05 1.07 1.05 1.06 1.08 1.09 
1.07 1.09 1.08 1.08 1.05 1.05 1.06 1.07 1.07 1.05 1.07 1.09 1.05 1.07 1.07 1.07 1.05 1.06 1.09 1.06 
1.07 1.05 1.08 1.05 1.06 1.06 1.08 1.09 1.06 1.05 1.09 1.06 1.05 1.08 1.08 1.06 1.07 1.07 1.07 1.07 
1.09 1.05 1.09 1.08 1.05 1.09 1.09 1.07 1.06 1.06 1.08 1.06 1.07 1.08 1.06 1.05 1.09 1.07 1.09 1.08 
1.09 1.07 1.09 1.09 1.07 1.06 1.05 1.07 1.08 1.08 1.08 1.08 1.08 1.09 1.05 1.09 1.08 1.08 1.09 1.07 
1.05 1.09 1.08 1.07 1.08 1.08 1.06 1.09 1.05 1.09 1.07 1.08 1.07 1.05 1.07 1.07 1.06 1.08 1.06 1.06 
1.07 1.05 1.09 1.07 1.07 1.09 1.08 1.05 1.09 1.07 1.05 1.07 1.06 1.08 1.08 1.05 1.08 1.05 1.06 1.08 
1.06 1.06 1.05 1.05 1.06 1.09 1.06 1.07 1.09 1.07 1.08 1.09 1.09 1.06 1.05 1.09 1.08 1.08 1.09 1.06 
1.07 1.09 1.05 1.06 1.06 1.08 1.07 1.08 1.08 1.08 1.06 1.06 1.06 1.05 1.06 1.07 1.05 1.05 1.07 1.09 
1.06 1.07 1.07 1.05 1.09 1.05 1.09 1.06 1.09 1.05 1.05 1.09 1.08 1.09 1.09 1.05 1.07 1.09 1.08 1.05 
1.06 1.05 1.08 1.05 1.07 1.08 1.06 1.07 1.06 1.07 1.07 1.06 1.05 1.08 1.09 1.05 1.05 1.06 1.05 1.08 
1.09 1.08 1.09 1.06 1.09 1.09 1.06 1.09 1.07 1.09 1.07 1.09 1.07 1.09 1.08 1.07 1.08 1.08 1.07 1.09 
1.05 1.09 1.09 1.08 1.06 1.06 1.07 1.05 1.06 1.08 1.09 1.07 1.09 1.06 1.08 1.09 1.07 1.08 1.09 1.05 
1.09 1.09 1.06 1.05 1.09 1.05 1.05 1.07 1.07 1.07 1.09 1.06 1.06 1.06 1.06 1.09 1.06 1.07 1.05 1.07 
1.08 1.09 1.08 1.09 1.06 1.05 1.09 1.05 1.09 1.09 1.06 1.09 1.07 1.07 1.07 1.09 1.06 1.09 1.07 1.06 
1.08 1.07 1.08 1.06 1.08 1.07 1.09 1.08 1.09 1.09 1.05 1.05 1.09 1.08 1.07 1.09 1.09 1.07 1.09 1.09 
1.06 1.07 1.09 1.08 1.06 1.09 1.09 1.05 1.08 1.05 1.05 1.08 1.09 1.08 1.08 1.09 1.07 1.05 1.05 1.09 
1.05 1.09 1.07 1.09 1.06 1.06 1.06 1.06 1.08 1.09 1.06 1.07 1.08 1.08 1.08 1.06 1.06 1.07 1.08 1.07 
1.09 1.06 1.07 1.07 1.07 1.05 1.07 1.06 1.05 1.09 1.06 1.05 1.07 1.08 1.07 1.06 1.09 1.07 1.09 1.08 
1.09 1.09 1.09 1.05 1.05 1.05 1.08 1.07 1.05 1.09 1.09 1.05 1.07 1.06 1.05 1.05 1.05 1.09 1.06 1.09 
1.08 1.07 1.06 1.06 1.08 1.09 1.05 1.07 1.05 1.09 1.08 1.05 1.09 1.06 1.08 1.06 1.09 1.07 1.09 1.07 
1.05 1.07 1.09 1.06 1.06 1.07 1.08 1.09 1.07 1.06 1.05 1.07 1.08 1.07 1.07 1.05 1.05 1.05 1.08 1.07 
1.09 1.06 1.09 1.05 1.07 1.09 1.05 1.07 1.06 1.06 1.06 1.06 1.08 1.08 1.06 1.05 1.07 1.09 1.08 1.06 
1.08 1.07 1.08 1.09 1.09 1.06 1.06 1.06 1.09 1.08 1.05 1.06 1.05 1.08 1.08 1.05 1.05 1.09 1.07 1.09 
1.05 1.05 1.08 1.09 1.05 1.07 1.09 1.09 1.07 1.07 1.08 1.09 1.05 1.09 1.07 1.07 1.05 1.07 1.09 1.09 
1.08 1.08 1.06 1.07 1.07 1.05 1.07 1.09 1.08 1.07 1.09 1.08 1.09 1.06 1.06 1.09 1.07 1.05 1.08 1.07 
1.08 1.09 1.06 1.08 1.09 1.06 1.05 1.07 1.08 1.05 1.09 1.06 1.05 1.09 1.08 1.05 1.07 1.09 1.08 1.08 
1.05 1.08 1.07 1.06 1.06 1.06 1.09 1.05 1.08 1.05 1.07 1.07 1.07 1.06 1.07 1.07 1.09 1.05 1.07 1.07 
1.05 1.09 1.08 1.06 1.06 1.08 1.08 1.06 1.07 1.06 1.09 1.05 1.08 1.08 1.08 1.09 1.09 1.05 1.09 1.09 
1.05 1.07 1.09 1.07 1.05 1.08 1.07 1.07 1.09 1.07 1.05 1.09 1.06 1.06 1.06 1.07 1.07 1.07 1.05 1.05 
1.08 1.08 1.08 1.05 1.07 1.07 1.09 1.07 1.05 1.09 1.09 1.05 1.06 1.08 1.06 1.09 1.07 1.08 1.08 1.09 
1.06 1.08 1.05 1.06 1.08 1.07 1.08 1.09 1.09 1.07 1.09 1.06 1.08 1.06 1.05 1.07 1.08 1.08 1.06 1.09 
1.09 1.05 1.05 1.07 1.09 1.07 1.08 1.07 1.06 1.09 1.05 1.07 1.05 1.05 1.05 1.05 1.06 1.07 1.07 1.06 
1.08 1.09 1.07 1.07 1.07 1.09 1.08 1.05 1.05 1.05 1.07 1.06 1.06 1.09 1.08 1.08 1.05 1.06 1.07 1.05 
1.06 1.05 1.05 1.09 1.07 1.05 1.05 1.09 1.05 1.06 1.08 1.07 1.06 1.07 1.05 1.08 1.09 1.05 1.05 1.07 
1.06 1.05 1.09 1.09 1.05 1.07 1.09 1.06 1.09 1.06 1.06 1.08 1.05 1.09 1.07 1.08 1.08 1.09 1.08 1.08 
1.05 1.08 1.08 1.07 1.09 1.09 1.09 1.06 1.05 1.07 1.05 1.09 1.08 1.07 1.05 1.08 1.09 1.07 1.05 1.06 
1.07 1.05 1.08 1.09 1.08 1.07 1.07 1.07 1.05 1.06 1.06 1.06 1.06 1.06 1.06 1.09 1.09 1.05 1.08 1.07 
1.06 1.07 1.06 1.08 1.07 1.09 1.08 1.05 1.07 1.07 1.09 1.09 1.06 1.07 1.07 1.09 1.08 1.05 1.08 1.05 
1.05 1.08 1.05 1.07 1.06 1.05 1.09 1.05 1.08 1.05 1.06 1.09 1.05 1.05 1.06 1.05 1.07 1.06 1.08 1.09 
1.08 1.06 1.07 1.05 1.05 1.08 1.08 1.06 1.09 1.07 1.05 1.07 1.06 1.06 1.09 1.07 1.09 1.06 1.09 1.08 
