20
200
9 19 94 28 94 38 25 21 60 25 19 52 3 69 55 20 80 66 86 46 76 89 85 70 66 36 60 61 7 8 90 97 71 79 83 56 57 40 42 78 10 52 59 89 62 69 12 69 63 36 10 35 74 95 22 26 79 93 16 85 65 73 4 84 22 69 64 9 64 39 74 4 44 9 49 46 14 98 85 83 89 48 74 2 68 26 93 53 17 85 23 25 41 15 70 51 44 12 2 56 94 77 91 46 83 29 15 38 43 50 70 29 73 36 96 62 73 36 14 67 91 12 73 88 70 53 80 22 60 60 96 56 28 9 17 57 90 81 19 34 98 43 50 83 15 73 58 53 97 84 17 27 53 38 34 43 48 58 9 26 7 97 16 62 37 39 62 32 9 91 94 62 90 4 63 31 88 92 81 68 13 86 90 61 35 27 69 9 64 88 87 67 96 75 100 45 25 55 25 73 
8 3 2 9 5 3 6 7 7 9 1 8 7 8 8 2 8 4 6 6 
1.04 1.02 1.02 1.06 1.05 1.02 1.02 1.04 1.04 1.03 1.03 1.02 1.03 1.01 1.06 1.06 1.03 1.05 1.03 1.03 
1.06 1.04 1.01 1.06 1.01 1.04 1.04 1.02 1.05 1.02 1.04 1.06 1.05 1.06 1.01 1.03 1.02 1.04 1.02 1.05 
1.05 1.03 1.03 1.06 1.05 1.03 1.06 1.02 1.05 1.02 1.03 1.02 1.02 1.02 1.06 1.01 1.03 1.04 1.04 1.01 
1.01 1.06 1.04 1.01 1.06 1.06 1.04 1.06 1.02 1.02 1.02 1.03 1.03 1.01 1.05 1.01 1.02 1.02 1.04 1.04 
1.04 1.01 1.02 1.03 1.04 1.01 1.01 1.01 1.02 1.03 1.02 1.04 1.04 1.01 1.05 1.06 1.03 1.02 1.06 1.04 
1.02 1.02 1.02 1.05 1.01 1.06 1.05 1.06 1.06 1.02 1.01 1.01 1.03 1.04 1.04 1.02 1.06 1.06 1.06 1.02 
1.04 1.01 1.04 1.05 1.04 1.02 1.06 1.02 1.05 1.04 1.04 1.02 1.06 1.01 1.04 1.04 1.02 1.04 1.06 1.02 
1.06 1.01 1.01 1.02 1.03 1.03 1.01 1.04 1.06 1.05 1.03 1.03 1.05 1.03 1.05 1.05 1.05 1.03 1.02 1.02 
1.01 1.02 1.01 1.02 1.03 1.04 1.04 1.05 1.06 1.04 1.06 1.06 1.05 1.01 1.06 1.06 1.06 1.02 1.06 1.05 
1.01 1.03 1.04 1.02 1.02 1.02 1.05 1.06 1.04 1.06 1.04 1.03 1.01 1.04 1.03 1.04 1.02 1.05 1.02 1.03 
1.05 1.05 1.03 1.03 1.03 1.06 1.03 1.06 1.06 1.02 1.01 1.01 1.06 1.04 1.05 1.06 1.04 1.04 1.04 1.01 
1.01 1.05 1.03 1.02 1.06 1.02 1.02 1.05 1.05 1.06 1.06 1.01 1.02 1.01 1.02 1.05 1.03 1.02 1.03 1.04 
1.02 1.03 1.02 1.03 1.04 1.02 1.02 1.02 1.03 1.03 1.01 1.01 1.04 1.02 1.02 1.06 1.05 1.04 1.02 1.03 
1.05 1.05 1.04 1.04 1.06 1.06 1.05 1.03 1.06 1.03 1.03 1.01 1.05 1.02 1.06 1.04 1.02 1.06 1.01 1.05 
1.06 1.01 1.02 1.05 1.05 1.03 1.04 1.02 1.04 1.05 1.02 1.03 1.05 1.02 1.03 1.06 1.05 1.04 1.02 1.01 
1.06 1.01 1.03 1.06 1.04 1.03 1.05 1.04 1.06 1.02 1.01 1.04 1.02 1.04 1.02 1.06 1.03 1.02 1.04 1.04 
1.02 1.05 1.03 1.04 1.01 1.02 1.02 1.02 1.01 1.01 1.06 1.02 1.05 1.04 1.01 1.02 1.03 1.03 1.05 1.06 
1.06 1.05 1.03 1.06 1.03 1.05 1.04 1.03 1.02 1.04 1.03 1.03 1.05 1.02 1.04 1.01 1.06 1.03 1.02 1.06 
1.01 1.04 1.04 1.02 1.01 1.02 1.03 1.02 1.06 1.04 1.05 1.02 1.05 1.05 1.01 1.04 1.06 1.05 1.01 1.03 
1.02 1.03 1.05 1.01 1.02 1.04 1.03 1.03 1.03 1.02 1.03 1.04 1.03 1.05 1.04 1.06 1.05 1.06 1.03 1.03 
1.01 1.02 1.03 1.02 1.02 1.03 1.05 1.04 1.05 1.04 1.05 1.02 1.03 1.01 1.02 1.05 1.04 1.01 1.03 1.05 
1.06 1.01 1.01 1.01 1.05 1.03 1.06 1.03 1.01 1.04 1.04 1.02 1.06 1.04 1.02 1.05 1.03 1.01 1.02 1.01 
1.05 1.03 1.02 1.03 1.02 1.06 1.04 1.05 1.05 1.03 1.02 1.02 1.01 1.05 1.03 1.04 1.01 1.06 1.02 1.02 
1.05 1.06 1.04 1.05 1.03 1.01 1.02 1.02 1.01 1.05 1.06 1.03 1.05 1.02 1.06 1.03 1.04 1.02 1.02 1.02 
1.04 1.06 1.04 1.02 1.01 1.02 1.01 1.03 1.02 1.01 1.03 1.06 1.06 1.04 1.05 1.03 1.03 1.03 1.01 1.06 
1.01 1.03 1.05 1.04 1.03 1.01 1.01 1.03 1.05 1.05 1.05 1.05 1.05 1.05 1.04 1.06 1.03 1.06 1.01 1.03 
1.05 1.04 1.03 1.05 1.06 1.04 1.03 1.01 1.01 1.01 1.04 1.06 1.05 1.03 1.01 1.03 1.06 1.02 1.01 1.04 
1.06 1.01 1.05 1.04 1.01 1.02 1.02 1.01 1.04 1.04 1.06 1.04 1.02 1.04 1.06 1.02 1.06 1.01 1.05 1.06 
1.04 1.03 1.01 1.06 1.04 1.06 1.01 1.05 1.03 1.03 1.06 1.05 1.02 1.04 1.06 1.06 1.03 1.03 1.06 1.02 
1.06 1.06 1.03 1.03 1.02 1.03 1.03 1.06 1.03 1.02 1.04 1.05 1.02 1.05 1.01 1.04 1.05 1.05 1.02 1.06 
1.02 1.03 1.05 1.05 1.05 1.06 1.02 1.05 1.05 1.02 1.02 1.06 1.02 1.05 1.02 1.06 1.04 1.06 1.06 1.06 
1.05 1.01 1.01 1.05 1.03 1.05 1.04 1.05 1.02 1.02 1.06 1.02 1.01 1.06 1.03 1.01 1.02 1.02 1.02 1.06 
1.06 1.05 1.01 1.02 1.03 1.02 1.05 1.06 1.06 1.03 1.04 1.05 1.01 1.01 1.01 1.05 1.04 1.03 1.04 1.03 
1.01 1.06 1.05 1.06 1.04 1.03 1.06 1.04 1.05 1.06 1.03 1.03 1.01 1.04 1.04 1.01 1.01 1.05 1.06 1.04 
1.03 1.03 1.03 1.06 1.02 1.06 1.03 1.04 1.02 1.01 1.04 1.03 1.05 1.01 1.01 1.06 1.06 1.05 1.06 1.04 
1.01 1.06 1.03 1.01 1.02 1.01 1.01 1.05 1.03 1.01 1.01 1.06 1.01 1.02 1.03 1.06 1.05 1.02 1.06 1.03 
1.06 1.03 1.06 1.04 1.01 1.05 1.01 1.03 1.01 1.06 1.02 1.06 1.05 1.06 1.02 1.05 1.04 1.04 1.06 1.05 
1.03 1.03 1.03 1.01 1.03 1.06 1.05 1.04 1.02 1.03 1.03 1.02 1.01 1.01 1.06 1.05 1.06 1.06 1.04 1.02 
1.03 1.02 1.06 1.05 1.01 1.02 1.04 1.02 1.04 1.04 1.01 1.03 1.04 1.02 1.03 1.01 1.06 1.01 1.05 1.01 
1.01 1.05 1.03 1.04 1.01 1.06 1.01 1.01 1.03 1.06 1.04 1.04 1.01 1.03 1.04 1.04 1.04 1.06 1.03 1.01 
1.02 1.05 1.05 1.03 1.01 1.01 1.03 1.01 1.04 1.03 1.04 1.05 1.05 1.04 1.02 1.02 1.02 1.06 1.03 1.02 
1.04 1.02 1.05 1.02 1.01 1.01 1.01 1.02 1.05 1.06 1.02 1.04 1.05 1.02 1.01 1.04 1.04 1.04 1.05 1.03 
1.06 1.02 1.02 1.05 1.01 1.01 1.04 1.05 1.01 1.03 1.02 1.03 1.05 1.02 1.03 1.03 1.06 1.03 1.01 1.05 
1.04 1.01 1.02 1.04 1.01 1.06 1.01 1.01 1.03 1.06 1.04 1.06 1.05 1.04 1.05 1.02 1.06 1.02 1.06 1.04 
1.03 1.01 1.01 1.04 1.03 1.01 1.05 1.02 1.03 1.04 1.04 1.02 1.03 1.05 1.01 1.06 1.03 1.03 1.01 1.05 
1.03 1.01 1.02 1.03 1.03 1.04 1.06 1.01 1.06 1.02 1.06 1.02 1.02 1.02 1.02 1.05 1.03 1.02 1.01 1.03 
1.04 1.02 1.01 1.03 1.03 1.04 1.05 1.01 1.02 1.01 1.01 1.03 1.03 1.01 1.03 1.03 1.04 1.02 1.01 1.01 
1.01 1.04 1.06 1.02 1.01 1.04 1.04 1.05 1.05 1.01 1.03 1.01 1.06 1.06 1.02 1.05 1.06 1.04 1.03 1.01 
1.02 1.05 1.06 1.01 1.02 1.02 1.04 1.03 1.03 1.04 1.06 1.03 1.03 1.02 1.01 1.02 1.05 1.03 1.01 1.01 
1.02 1.04 1.02 1.06 1.02 1.04 1.06 1.04 1.02 1.03 1.01 1.02 1.01 1.02 1.06 1.01 1.03 1.02 1.01 1.02 
1.05 1.06 1.02 1.06 1.06 1.02 1.03 1.05 1.02 1.04 1.01 1.04 1.05 1.03 1.02 1.02 1.01 1.06 1.01 1.03 
1.03 1.03 1.05 1.04 1.06 1.04 1.01 1.01 1.04 1.03 1.06 1.03 1.01 1.06 1.05 1.04 1.06 1.05 1.01 1.05 
1.04 1.01 1.01 1.03 1.02 1.02 1.04 1.06 1.05 1.04 1.05 1.01 1.06 1.04 1.06 1.03 1.03 1.02 1.04 1.04 
1.03 1.01 1.04 1.04 1.06 1.02 1.05 1.02 1.03 1.02 1.03 1.04 1.04 1.03 1.05 1.04 1.06 1.01 1.02 1.05 
1.02 1.06 1.01 1.05 1.01 1.06 1.06 1.04 1.06 1.06 1.01 1.03 1.01 1.02 1.01 1.02 1.02 1.04 1.05 1.02 
1.05 1.05 1.05 1.01 1.03 1.06 1.04 1.03 1.02 1.02 1.06 1.05 1.03 1.06 1.01 1.06 1.05 1.04 1.01 1.03 
1.05 1.04 1.01 1.05 1.05 1.02 1.04 1.02 1.01 1.06 1.06 1.06 1.06 1.03 1.06 1.05 1.04 1.01 1.06 1.05 
1.06 1.06 1.01 1.04 1.01 1.05 1.06 1.02 1.05 1.02 1.02 1.01 1.05 1.04 1.02 1.01 1.06 1.06 1.05 1.03 
1.04 1.01 1.04 1.03 1.01 1.04 1.02 1.02 1.02 1.06 1.01 1.06 1.05 1.01 1.05 1.05 1.03 1.01 1.02 1.04 
1.05 1.03 1.04 1.04 1.05 1.04 1.02 1.03 1.04 1.02 1.04 1.02 1.04 1.03 1.03 1.04 1.05 1.02 1.04 1.06 
1.03 1.06 1.04 1.05 1.03 1.05 1.01 1.04 1.05 1.03 1.03 1.06 1.04 1.02 1.05 1.06 1.05 1.04 1.06 1.03 
1.03 1.06 1.06 1.02 1.03 1.01 1.05 1.01 1.01 1.05 1.04 1.02 1.05 1.03 1.03 1.01 1.05 1.04 1.05 1.02 
1.01 1.04 1.02 1.01 1.03 1.01 1.05 1.04 1.05 1.02 1.02 1.04 1.01 1.06 1.03 1.06 1.06 1.02 1.06 1.02 
1.03 1.03 1.04 1.04 1.05 1.04 1.02 1.03 1.02 1.04 1.05 1.02 1.01 1.06 1.03 1.03 1.06 1.04 1.06 1.03 
1.01 1.03 1.03 1.02 1.02 1.04 1.04 1.06 1.04 1.05 1.02 1.04 1.01 1.06 1.01 1.03 1.02 1.03 1.06 1.04 
1.04 1.01 1.02 1.05 1.01 1.01 1.02 1.05 1.04 1.06 1.05 1.03 1.06 1.05 1.05 1.02 1.06 1.05 1.05 1.03 
1.03 1.03 1.05 1.01 1.04 1.02 1.01 1.04 1.06 1.05 1.03 1.04 1.06 1.05 1.04 1.06 1.03 1.06 1.05 1.04 
1.04 1.02 1.02 1.02 1.04 1.06 1.02 1.03 1.02 1.04 1.04 1.05 1.04 1.06 1.06 1.04 1.01 1.03 1.04 1.02 
1.04 1.02 1.05 1.02 1.02 1.03 1.01 1.06 1.06 1.02 1.03 1.02 1.04 1.02 1.03 1.05 1.05 1.04 1.05 1.04 
1.03 1.03 1.04 1.04 1.04 1.01 1.02 1.05 1.02 1.02 1.02 1.04 1.01 1.04 1.03 1.04 1.03 1.03 1.02 1.06 
1.01 1.05 1.03 1.06 1.01 1.03 1.03 1.02 1.06 1.05 1.04 1.06 1.02 1.03 1.01 1.01 1.01 1.03 1.06 1.04 
1.04 1.01 1.06 1.05 1.01 1.05 1.01 1.06 1.02 1.02 1.06 1.06 1.03 1.04 1.05 1.02 1.04 1.03 1.06 1.04 
1.02 1.01 1.02 1.02 1.03 1.02 1.05 1.03 1.02 1.04 1.02 1.05 1.02 1.03 1.03 1.02 1.03 1.01 1.02 1.05 
1.01 1.01 1.06 1.03 1.06 1.01 1.03 1.05 1.01 1.04 1.05 1.02 1.05 1.04 1.05 1.05 1.06 1.02 1.03 1.02 
1.05 1.05 1.05 1.02 1.05 1.01 1.03 1.03 1.02 1.03 1.04 1.02 1.03 1.04 1.03 1.02 1.01 1.02 1.01 1.01 
1.04 1.02 1.02 1.01 1.01 1.03 1.03 1.05 1.02 1.01 1.01 1.04 1.03 1.04 1.03 1.02 1.03 1.01 1.02 1.03 
1.02 1.06 1.01 1.04 1.05 1.05 1.04 1.04 1.06 1.03 1.04 1.05 1.04 1.05 1.01 1.06 1.05 1.05 1.03 1.05 
1.02 1.03 1.01 1.04 1.01 1.05 1.02 1.02 1.04 1.01 1.04 1.04 1.04 1.04 1.02 1.02 1.05 1.03 1.02 1.04 
1.06 1.04 1.03 1.02 1.06 1.01 1.05 1.06 1.01 1.04 1.05 1.06 1.03 1.04 1.02 1.02 1.01 1.04 1.03 1.05 
1.05 1.04 1.06 1.05 1.01 1.06 1.03 1.04 1.02 1.05 1.06 1.01 1.06 1.01 1.06 1.05 1.01 1.02 1.06 1.04 
1.03 1.05 1.01 1.03 1.02 1.04 1.04 1.01 1.04 1.06 1.06 1.05 1.03 1.04 1.01 1.02 1.03 1.06 1.05 1.02 
1.03 1.01 1.05 1.04 1.06 1.04 1.01 1.03 1.01 1.03 1.03 1.06 1.05 1.04 1.05 1.01 1.01 1.04 1.06 1.01 
1.04 1.01 1.05 1.01 1.03 1.02 1.05 1.03 1.02 1.04 1.04 1.01 1.02 1.02 1.05 1.06 1.05 1.02 1.02 1.06 
1.02 1.02 1.02 1.01 1.02 1.01 1.04 1.01 1.06 1.06 1.06 1.04 1.02 1.06 1.02 1.06 1.05 1.04 1.02 1.06 
1.05 1.04 1.06 1.03 1.06 1.04 1.04 1.04 1.05 1.01 1.06 1.05 1.04 1.02 1.01 1.06 1.03 1.02 1.01 1.02 
1.04 1.06 1.02 1.01 1.01 1.01 1.04 1.03 1.04 1.01 1.04 1.06 1.01 1.02 1.04 1.03 1.03 1.05 1.06 1.06 
1.05 1.06 1.01 1.03 1.03 1.06 1.05 1.04 1.04 1.05 1.04 1.04 1.02 1.04 1.05 1.05 1.02 1.03 1.06 1.03 
1.06 1.05 1.04 1.01 1.03 1.02 1.06 1.04 1.04 1.01 1.06 1.03 1.04 1.02 1.03 1.05 1.05 1.06 1.02 1.04 
1.03 1.05 1.03 1.02 1.02 1.02 1.01 1.02 1.05 1.04 1.02 1.04 1.02 1.02 1.06 1.04 1.03 1.01 1.02 1.05 
1.02 1.04 1.04 1.02 1.04 1.01 1.01 1.01 1.02 1.02 1.04 1.05 1.02 1.04 1.02 1.04 1.01 1.04 1.04 1.04 
1.04 1.02 1.06 1.05 1.03 1.04 1.04 1.02 1.03 1.05 1.05 1.01 1.01 1.06 1.06 1.04 1.04 1.01 1.06 1.03 
1.04 1.01 1.04 1.04 1.06 1.01 1.02 1.01 1.02 1.02 1.05 1.02 1.06 1.06 1.02 1.06 1.05 1.06 1.05 1.05 
1.03 1.01 1.03 1.04 1.06 1.03 1.03 1.04 1.01 1.01 1.04 1.01 1.05 1.06 1.02 1.05 1.05 1.03 1.02 1.03 
1.01 1.05 1.05 1.04 1.02 1.05 1.01 1.04 1.03 1.06 1.02 1.03 1.02 1.04 1.04 1.01 1.05 1.05 1.02 1.05 
1.01 1.06 1.03 1.05 1.03 1.05 1.04 1.03 1.03 1.02 1.02 1.04 1.06 1.06 1.06 1.01 1.05 1.05 1.05 1.03 
1.05 1.01 1.01 1.06 1.04 1.06 1.05 1.02 1.03 1.05 1.01 1.06 1.05 1.02 1.06 1.06 1.04 1.01 1.05 1.04 
1.03 1.06 1.04 1.02 1.06 1.01 1.04 1.06 1.03 1.03 1.02 1.02 1.04 1.05 1.06 1.06 1.05 1.03 1.02 1.01 
1.01 1.03 1.06 1.03 1.06 1.04 1.01 1.02 1.02 1.02 1.01 1.03 1.06 1.05 1.06 1.06 1.03 1.03 1.03 1.04 
1.01 1.03 1.01 1.02 1.03 1.05 1.05 1.02 1.05 1.04 1.04 1.03 1.02 1.03 1.02 1.01 1.02 1.04 1.04 1.06 
1.04 1.04 1.05 1.02 1.06 1.03 1.03 1.06 1.05 1.06 1.05 1.06 1.04 1.05 1.05 1.03 1.06 1.05 1.04 1.03 
1.03 1.04 1.03 1.01 1.04 1.05 1.05 1.03 1.05 1.06 1.03 1.06 1.01 1.01 1.01 1.06 1.05 1.05 1.03 1.06 
1.06 1.04 1.05 1.06 1.04 1.01 1.06 1.06 1.06 1.03 1.01 1.02 1.01 1.05 1.03 1.02 1.03 1.03 1.05 1.02 
1.02 1.04 1.03 1.04 1.03 1.01 1.05 1.04 1.06 1.04 1.06 1.04 1.03 1.01 1.06 1.01 1.01 1.05 1.06 1.05 
1.02 1.04 1.04 1.03 1.01 1.04 1.03 1.05 1.04 1.01 1.05 1.01 1.02 1.02 1.01 1.03 1.03 1.02 1.06 1.02 
1.02 1.04 1.05 1.01 1.06 1.06 1.04 1.03 1.02 1.01 1.02 1.05 1.04 1.03 1.05 1.01 1.05 1.05 1.03 1.06 
1.06 1.05 1.05 1.03 1.06 1.02 1.01 1.02 1.04 1.04 1.04 1.05 1.06 1.02 1.04 1.01 1.04 1.01 1.05 1.03 
1.06 1.05 1.02 1.06 1.05 1.04 1.04 1.05 1.02 1.02 1.02 1.03 1.04 1.02 1.05 1.05 1.04 1.02 1.05 1.01 
1.04 1.06 1.02 1.01 1.01 1.04 1.04 1.02 1.02 1.01 1.04 1.01 1.06 1.01 1.02 1.01 1.06 1.04 1.05 1.04 
1.01 1.05 1.04 1.05 1.04 1.06 1.06 1.06 1.05 1.01 1.05 1.02 1.06 1.02 1.06 1.05 1.01 1.02 1.01 1.06 
1.01 1.06 1.01 1.02 1.02 1.05 1.04 1.03 1.05 1.03 1.05 1.05 1.05 1.06 1.01 1.04 1.01 1.05 1.02 1.03 
1.02 1.01 1.02 1.06 1.02 1.01 1.06 1.05 1.06 1.06 1.01 1.04 1.03 1.05 1.02 1.01 1.02 1.02 1.03 1.01 
1.06 1.05 1.05 1.04 1.04 1.03 1.04 1.03 1.06 1.02 1.01 1.06 1.01 1.05 1.06 1.03 1.03 1.04 1.05 1.02 
1.03 1.01 1.01 1.04 1.02 1.04 1.04 1.01 1.02 1.02 1.04 1.06 1.06 1.04 1.01 1.02 1.06 1.02 1.03 1.01 
1.03 1.01 1.02 1.06 1.05 1.06 1.03 1.04 1.06 1.05 1.03 1.01 1.05 1.01 1.03 1.05 1.02 1.03 1.05 1.03 
1.02 1.01 1.03 1.01 1.02 1.06 1.05 1.03 1.04 1.03 1.02 1.03 1.04 1.06 1.06 1.06 1.04 1.04 1.04 1.04 
1.05 1.02 1.06 1.06 1.03 1.03 1.04 1.01 1.01 1.05 1.01 1.01 1.06 1.01 1.02 1.05 1.01 1.03 1.04 1.05 
1.05 1.03 1.04 1.06 1.06 1.03 1.01 1.01 1.01 1.01 1.03 1.04 1.05 1.04 1.01 1.05 1.01 1.01 1.06 1.01 
1.05 1.03 1.01 1.02 1.02 1.02 1.05 1.06 1.06 1.03 1.04 1.01 1.03 1.06 1.01 1.06 1.02 1.01 1.05 1.02 
1.01 1.04 1.01 1.05 1.03 1.06 1.04 1.05 1.03 1.06 1.05 1.02 1.01 1.03 1.02 1.03 1.06 1.01 1.05 1.01 
1.03 1.02 1.01 1.02 1.01 1.06 1.03 1.06 1.02 1.02 1.06 1.02 1.04 1.06 1.03 1.04 1.05 1.06 1.05 1.02 
1.05 1.02 1.06 1.01 1.04 1.02 1.03 1.03 1.02 1.01 1.03 1.05 1.02 1.01 1.02 1.01 1.06 1.01 1.05 1.06 
1.05 1.01 1.03 1.06 1.02 1.03 1.02 1.06 1.05 1.05 1.01 1.05 1.01 1.03 1.01 1.01 1.03 1.04 1.01 1.05 
1.03 1.02 1.03 1.05 1.02 1.04 1.03 1.03 1.06 1.03 1.01 1.04 1.06 1.06 1.04 1.04 1.04 1.06 1.04 1.05 
1.06 1.03 1.05 1.05 1.05 1.05 1.03 1.01 1.06 1.01 1.05 1.02 1.04 1.05 1.05 1.06 1.04 1.06 1.02 1.04 
1.02 1.04 1.04 1.01 1.06 1.06 1.03 1.05 1.03 1.05 1.03 1.02 1.01 1.02 1.03 1.01 1.05 1.06 1.02 1.02 
1.04 1.04 1.04 1.01 1.04 1.02 1.01 1.03 1.06 1.04 1.04 1.06 1.05 1.04 1.04 1.04 1.01 1.02 1.05 1.04 
1.02 1.02 1.03 1.04 1.03 1.02 1.05 1.04 1.05 1.03 1.04 1.06 1.05 1.06 1.03 1.03 1.01 1.01 1.01 1.01 
1.03 1.05 1.05 1.02 1.05 1.06 1.05 1.02 1.01 1.06 1.04 1.02 1.04 1.03 1.04 1.06 1.01 1.01 1.03 1.03 
1.03 1.06 1.04 1.04 1.04 1.06 1.01 1.05 1.01 1.06 1.06 1.06 1.04 1.04 1.06 1.06 1.05 1.06 1.06 1.06 
1.04 1.06 1.05 1.02 1.05 1.06 1.02 1.05 1.03 1.03 1.05 1.05 1.04 1.03 1.02 1.01 1.04 1.01 1.06 1.03 
1.05 1.03 1.01 1.05 1.03 1.05 1.03 1.01 1.06 1.01 1.03 1.02 1.02 1.01 1.05 1.01 1.01 1.03 1.01 1.06 
1.01 1.04 1.06 1.01 1.01 1.03 1.06 1.04 1.01 1.01 1.04 1.06 1.04 1.04 1.04 1.05 1.03 1.03 1.02 1.06 
1.02 1.03 1.03 1.04 1.03 1.05 1.05 1.06 1.03 1.06 1.04 1.04 1.02 1.05 1.01 1.05 1.05 1.06 1.02 1.04 
1.04 1.02 1.05 1.05 1.05 1.06 1.05 1.03 1.01 1.03 1.02 1.02 1.05 1.05 1.02 1.03 1.02 1.01 1.05 1.04 
1.06 1.05 1.02 1.02 1.03 1.02 1.06 1.04 1.06 1.03 1.01 1.02 1.05 1.01 1.06 1.03 1.05 1.03 1.01 1.06 
1.05 1.03 1.03 1.04 1.06 1.05 1.02 1.05 1.02 1.01 1.03 1.01 1.03 1.01 1.01 1.05 1.04 1.06 1.01 1.04 
1.04 1.03 1.06 1.01 1.05 1.04 1.04 1.01 1.06 1.02 1.02 1.01 1.03 1.06 1.05 1.06 1.02 1.04 1.04 1.01 
1.02 1.06 1.01 1.06 1.02 1.04 1.05 1.03 1.04 1.02 1.01 1.05 1.04 1.06 1.03 1.03 1.01 1.05 1.03 1.06 
1.04 1.04 1.02 1.05 1.02 1.06 1.01 1.05 1.02 1.02 1.04 1.02 1.04 1.06 1.02 1.05 1.01 1.06 1.05 1.01 
1.06 1.04 1.04 1.05 1.03 1.03 1.06 1.03 1.05 1.06 1.01 1.05 1.02 1.05 1.04 1.05 1.01 1.03 1.04 1.01 
1.06 1.06 1.04 1.05 1.02 1.03 1.01 1.04 1.04 1.01 1.05 1.06 1.02 1.04 1.02 1.04 1.04 1.02 1.05 1.01 
1.02 1.01 1.02 1.01 1.05 1.03 1.02 1.02 1.01 1.05 1.05 1.03 1.06 1.06 1.03 1.05 1.05 1.06 1.05 1.06 
1.03 1.03 1.03 1.01 1.05 1.05 1.06 1.03 1.03 1.04 1.01 1.02 1.05 1.06 1.05 1.04 1.01 1.02 1.03 1.04 
1.02 1.05 1.05 1.01 1.04 1.03 1.05 1.02 1.02 1.05 1.06 1.02 1.02 1.02 1.06 1.01 1.02 1.04 1.01 1.03 
1.04 1.05 1.01 1.06 1.02 1.03 1.06 1.01 1.06 1.04 1.03 1.06 1.05 1.05 1.01 1.06 1.06 1.01 1.02 1.03 
1.04 1.03 1.03 1.04 1.01 1.02 1.06 1.01 1.05 1.03 1.06 1.03 1.01 1.04 1.03 1.03 1.04 1.01 1.05 1.06 
1.01 1.06 1.02 1.01 1.01 1.06 1.06 1.03 1.02 1.06 1.01 1.02 1.03 1.02 1.02 1.03 1.02 1.06 1.01 1.06 
1.03 1.03 1.01 1.05 1.04 1.02 1.05 1.03 1.05 1.04 1.03 1.01 1.02 1.02 1.05 1.04 1.04 1.03 1.01 1.06 
1.02 1.04 1.06 1.03 1.05 1.01 1.01 1.03 1.03 1.04 1.04 1.04 1.03 1.02 1.02 1.04 1.01 1.06 1.03 1.01 
1.06 1.02 1.01 1.03 1.03 1.05 1.02 1.04 1.03 1.04 1.01 1.02 1.04 1.01 1.06 1.05 1.04 1.04 1.01 1.01 
1.01 1.04 1.01 1.06 1.01 1.04 1.03 1.01 1.04 1.05 1.04 1.05 1.02 1.05 1.05 1.01 1.06 1.03 1.01 1.06 
1.06 1.01 1.04 1.03 1.02 1.04 1.01 1.01 1.04 1.01 1.04 1.03 1.05 1.06 1.05 1.05 1.05 1.03 1.02 1.05 
1.05 1.03 1.06 1.05 1.05 1.01 1.05 1.05 1.02 1.05 1.03 1.05 1.06 1.02 1.02 1.06 1.06 1.04 1.03 1.02 
1.03 1.06 1.04 1.04 1.04 1.06 1.02 1.04 1.04 1.05 1.01 1.01 1.02 1.05 1.03 1.06 1.06 1.04 1.04 1.02 
1.02 1.01 1.02 1.05 1.02 1.05 1.01 1.01 1.02 1.05 1.01 1.03 1.01 1.01 1.01 1.05 1.04 1.02 1.04 1.06 
1.05 1.02 1.06 1.02 1.02 1.03 1.02 1.06 1.02 1.02 1.02 1.06 1.02 1.04 1.02 1.01 1.06 1.02 1.06 1.05 
1.06 1.04 1.01 1.04 1.06 1.05 1.02 1.01 1.05 1.02 1.02 1.02 1.05 1.04 1.01 1.03 1.04 1.03 1.05 1.06 
1.05 1.03 1.01 1.06 1.05 1.02 1.04 1.03 1.06 1.03 1.06 1.01 1.01 1.03 1.02 1.01 1.04 1.05 1.06 1.01 
1.04 1.02 1.06 1.03 1.06 1.02 1.02 1.04 1.05 1.01 1.01 1.03 1.01 1.06 1.03 1.02 1.06 1.04 1.03 1.06 
1.03 1.05 1.01 1.02 1.04 1.02 1.06 1.03 1.04 1.05 1.03 1.05 1.02 1.02 1.02 1.01 1.04 1.02 1.02 1.06 
1.01 1.03 1.02 1.03 1.02 1.01 1.01 1.05 1.01 1.02 1.03 1.02 1.03 1.02 1.03 1.03 1.01 1.03 1.05 1.06 
1.03 1.04 1.03 1.04 1.03 1.01 1.01 1.05 1.05 1.01 1.02 1.04 1.06 1.03 1.02 1.05 1.06 1.03 1.06 1.06 
1.01 1.03 1.02 1.05 1.04 1.06 1.04 1.03 1.05 1.04 1.04 1.01 1.02 1.06 1.02 1.04 1.06 1.05 1.02 1.01 
1.03 1.02 1.03 1.03 1.05 1.05 1.06 1.05 1.01 1.01 1.02 1.03 1.06 1.05 1.06 1.01 1.06 1.01 1.03 1.02 
1.03 1.05 1.03 1.05 1.05 1.05 1.03 1.06 1.06 1.06 1.05 1.04 1.04 1.05 1.03 1.04 1.05 1.05 1.02 1.04 
1.03 1.05 1.01 1.03 1.01 1.06 1.05 1.05 1.04 1.03 1.04 1.05 1.03 1.03 1.04 1.05 1.02 1.01 1.01 1.06 
1.03 1.06 1.06 1.02 1.02 1.06 1.05 1.04 1.03 1.01 1.01 1.02 1.06 1.01 1.01 1.04 1.01 1.04 1.01 1.05 
1.05 1.06 1.01 1.04 1.02 1.04 1.02 1.04 1.02 1.02 1.03 1.01 1.06 1.01 1.01 1.02 1.01 1.06 1.01 1.06 
1.05 1.04 1.05 1.06 1.06 1.06 1.05 1.01 1.06 1.05 1.06 1.05 1.05 1.04 1.01 1.01 1.04 1.01 1.05 1.02 
1.04 1.06 1.06 1.06 1.02 1.03 1.04 1.05 1.03 1.02 1.01 1.02 1.01 1.06 1.06 1.05 1.01 1.01 1.05 1.04 
1.05 1.05 1.01 1.05 1.04 1.05 1.06 1.03 1.06 1.05 1.03 1.06 1.05 1.04 1.03 1.03 1.05 1.06 1.04 1.03 
1.04 1.02 1.02 1.05 1.01 1.01 1.01 1.04 1.01 1.02 1.01 1.06 1.03 1.06 1.03 1.02 1.02 1.06 1.01 1.05 
1.05 1.02 1.01 1.04 1.05 1.06 1.03 1.01 1.06 1.01 1.02 1.05 1.04 1.03 1.06 1.03 1.03 1.03 1.04 1.02 
1.06 1.02 1.04 1.06 1.04 1.01 1.01 1.05 1.03 1.01 1.01 1.04 1.01 1.02 1.03 1.06 1.02 1.03 1.05 1.06 
1.06 1.02 1.04 1.03 1.05 1.05 1.03 1.03 1.01 1.02 1.06 1.02 1.03 1.01 1.05 1.01 1.06 1.02 1.03 1.03 
1.05 1.06 1.05 1.03 1.03 1.06 1.04 1.01 1.06 1.02 1.04 1.03 1.05 1.01 1.02 1.06 1.04 1.02 1.01 1.05 
1.05 1.04 1.03 1.01 1.01 1.03 1.04 1.06 1.04 1.01 1.01 1.01 1.04 1.01 1.05 1.02 1.04 1.05 1.06 1.04 
1.01 1.05 1.02 1.02 1.01 1.04 1.06 1.06 1.02 1.06 1.01 1.03 1.03 1.01 1.03 1.03 1.01 1.04 1.01 1.04 
1.01 1.02 1.04 1.05 1.04 1.02 1.03 1.04 1.06 1.01 1.01 1.02 1.01 1.02 1.05 1.04 1.03 1.03 1.03 1.06 
1.03 1.03 1.06 1.05 1.03 1.06 1.01 1.05 1.05 1.06 1.01 1.02 1.06 1.01 1.05 1.01 1.01 1.03 1.05 1.02 
1.06 1.03 1.02 1.06 1.02 1.06 1.06 1.02 1.06 1.04 1.06 1.01 1.06 1.01 1.04 1.02 1.04 1.01 1.05 1.06 
1.03 1.01 1.04 1.04 1.02 1.02 1.06 1.04 1.01 1.02 1.02 1.03 1.04 1.01 1.05 1.02 1.04 1.06 1.03 1.05 
1.01 1.01 1.01 1.02 1.06 1.04 1.01 1.02 1.05 1.04 1.03 1.01 1.04 1.04 1.04 1.01 1.03 1.05 1.03 1.06 
1.02 1.06 1.01 1.02 1.05 1.05 1.05 1.04 1.05 1.04 1.02 1.04 1.05 1.04 1.02 1.02 1.01 1.05 1.01 1.05 
1.01 1.01 1.05 1.05 1.01 1.01 1.05 1.06 1.03 1.02 1.06 1.06 1.06 1.04 1.01 1.06 1.02 1.03 1.02 1.01 
1.04 1.01 1.04 1.05 1.06 1.01 1.05 1.05 1.04 1.04 1.05 1.02 1.04 1.06 1.04 1.05 1.04 1.03 1.04 1.04 
1.03 1.06 1.01 1.03 1.02 1.04 1.04 1.02 1.05 1.01 1.02 1.05 1.04 1.03 1.03 1.03 1.02 1.01 1.03 1.06 
1.05 1.02 1.03 1.01 1.04 1.03 1.03 1.02 1.02 1.03 1.02 1.06 1.02 1.05 1.01 1.04 1.01 1.01 1.05 1.01 
1.05 1.03 1.04 1.03 1.02 1.04 1.02 1.02 1.04 1.04 1.06 1.03 1.01 1.02 1.03 1.03 1.04 1.02 1.02 1.06 
1.04 1.05 1.02 1.03 1.02 1.03 1.05 1.06 1.04 1.01 1.02 1.06 1.04 1.01 1.02 1.06 1.02 1.02 1.01 1.03 
1.03 1.02 1.06 1.06 1.05 1.02 1.06 1.01 1.05 1.05 1.03 1.06 1.04 1.05 1.01 1.06 1.02 1.06 1.05 1.05 
1.05 1.02 1.01 1.05 1.01 1.05 1.02 1.01 1.06 1.03 1.04 1.04 1.05 1.05 1.06 1.04 1.01 1.06 1.01 1.03 
1.06 1.01 1.04 1.06 1.03 1.01 1.02 1.01 1.03 1.04 1.03 1.04 1.02 1.01 1.01 1.01 1.03 1.02 1.01 1.03 
1.03 1.03 1.06 1.01 1.03 1.01 1.03 1.06 1.02 1.03 1.06 1.04 1.03 1.06 1.02 1.01 1.04 1.01 1.04 1.01 
1.01 1.01 1.05 1.05 1.06 1.06 1.02 1.05 1.01 1.02 1.01 1.06 1.04 1.02 1.05 1.06 1.02 1.06 1.03 1.01 
1.01 1.04 1.03 1.02 1.02 1.05 1.04 1.03 1.03 1.06 1.06 1.06 1.05 1.01 1.04 1.01 1.06 1.06 1.02 1.04 
1.01 1.03 1.04 1.03 1.04 1.05 1.03 1.04 1.04 1.02 1.04 1.02 1.06 1.05 1.05 1.04 1.05 1.03 1.04 1.05 
1.01 1.02 1.03 1.02 1.06 1.03 1.06 1.02 1.01 1.01 1.04 1.01 1.05 1.05 1.05 1.02 1.05 1.02 1.01 1.03 
1.03 1.04 1.03 1.01 1.05 1.05 1.04 1.06 1.04 1.04 1.02 1.04 1.01 1.02 1.05 1.02 1.04 1.04 1.03 1.03 
1.01 1.02 1.04 1.01 1.05 1.06 1.04 1.02 1.03 1.06 1.01 1.01 1.02 1.06 1.06 1.02 1.03 1.06 1.02 1.01 
