20
200
100 49 45 74 43 69 38 82 78 74 60 73 22 11 84 64 45 89 7 17 95 43 65 75 75 27 96 10 65 44 2 46 86 26 75 98 46 75 52 83 44 26 54 75 82 78 8 23 67 95 18 76 15 57 14 69 50 86 69 39 24 12 89 43 22 80 70 16 84 71 33 69 39 75 16 1 33 49 12 55 61 84 27 28 55 70 86 3 2 21 18 97 5 57 52 81 38 84 43 53 47 15 5 21 75 67 66 80 15 34 92 61 17 70 90 36 95 34 76 53 28 5 55 99 84 3 45 37 26 59 58 73 39 25 64 46 64 63 76 48 42 7 86 29 25 79 15 30 91 73 81 86 51 20 15 2 86 43 50 14 36 40 35 11 2 91 9 38 79 76 9 80 12 78 61 74 100 54 62 19 48 3 69 26 92 3 51 38 78 99 24 73 82 10 41 48 30 28 41 49 
1 1 2 3 2 1 2 1 3 2 1 1 1 1 1 3 1 2 1 3 
1.06 1.06 1.06 1.05 1.09 1.08 1.05 1.09 1.07 1.09 1.05 1.08 1.07 1.05 1.08 1.09 1.06 1.05 1.06 1.06 
1.05 1.09 1.07 1.06 1.06 1.08 1.07 1.08 1.09 1.06 1.05 1.07 1.07 1.07 1.09 1.09 1.08 1.08 1.05 1.06 
1.08 1.09 1.06 1.05 1.06 1.06 1.08 1.06 1.06 1.07 1.09 1.05 1.09 1.07 1.06 1.07 1.06 1.05 1.08 1.05 
1.07 1.08 1.09 1.05 1.08 1.09 1.09 1.05 1.05 1.07 1.05 1.09 1.09 1.07 1.05 1.07 1.08 1.05 1.05 1.07 
1.08 1.06 1.06 1.08 1.06 1.05 1.09 1.07 1.09 1.07 1.08 1.06 1.07 1.08 1.08 1.09 1.08 1.08 1.05 1.08 
1.05 1.08 1.05 1.08 1.08 1.06 1.07 1.08 1.09 1.08 1.05 1.08 1.05 1.09 1.05 1.08 1.06 1.09 1.09 1.09 
1.06 1.08 1.06 1.09 1.06 1.07 1.09 1.07 1.07 1.07 1.08 1.08 1.07 1.08 1.09 1.05 1.07 1.06 1.06 1.05 
1.08 1.09 1.05 1.07 1.09 1.09 1.08 1.07 1.06 1.05 1.08 1.07 1.08 1.09 1.07 1.07 1.06 1.08 1.07 1.06 
1.06 1.06 1.06 1.08 1.09 1.06 1.06 1.05 1.09 1.09 1.07 1.07 1.08 1.07 1.07 1.08 1.06 1.07 1.06 1.09 
1.05 1.08 1.07 1.09 1.06 1.09 1.06 1.08 1.09 1.05 1.09 1.08 1.07 1.08 1.08 1.05 1.05 1.08 1.05 1.05 
1.07 1.05 1.09 1.09 1.09 1.05 1.09 1.08 1.08 1.05 1.05 1.08 1.08 1.06 1.09 1.05 1.07 1.09 1.09 1.06 
1.05 1.08 1.05 1.08 1.06 1.07 1.08 1.09 1.06 1.06 1.08 1.05 1.05 1.06 1.08 1.08 1.06 1.05 1.08 1.07 
1.06 1.09 1.09 1.06 1.07 1.08 1.05 1.05 1.06 1.09 1.05 1.05 1.09 1.05 1.09 1.05 1.08 1.05 1.06 1.06 
1.06 1.05 1.06 1.05 1.07 1.06 1.09 1.05 1.07 1.09 1.09 1.09 1.08 1.05 1.09 1.06 1.07 1.09 1.06 1.06 
1.09 1.09 1.09 1.05 1.07 1.08 1.06 1.09 1.08 1.09 1.09 1.05 1.09 1.08 1.06 1.09 1.08 1.09 1.09 1.06 
1.09 1.06 1.07 1.05 1.09 1.07 1.09 1.09 1.08 1.06 1.09 1.07 1.08 1.05 1.09 1.06 1.07 1.07 1.08 1.09 
1.07 1.07 1.06 1.09 1.07 1.07 1.07 1.08 1.07 1.07 1.07 1.06 1.09 1.07 1.06 1.07 1.05 1.09 1.09 1.09 
1.05 1.08 1.05 1.05 1.06 1.09 1.07 1.06 1.08 1.07 1.09 1.05 1.06 1.09 1.09 1.05 1.07 1.05 1.09 1.09 
1.07 1.05 1.07 1.09 1.06 1.05 1.09 1.07 1.08 1.09 1.09 1.07 1.05 1.09 1.07 1.05 1.06 1.06 1.05 1.06 
1.09 1.06 1.07 1.08 1.06 1.05 1.08 1.09 1.08 1.05 1.05 1.06 1.06 1.09 1.05 1.07 1.08 1.08 1.05 1.09 
1.05 1.08 1.05 1.09 1.06 1.06 1.07 1.07 1.09 1.05 1.07 1.06 1.06 1.06 1.05 1.07 1.05 1.06 1.06 1.07 
1.05 1.08 1.09 1.09 1.07 1.09 1.08 1.06 1.09 1.06 1.05 1.07 1.06 1.07 1.05 1.05 1.06 1.08 1.08 1.05 
1.05 1.05 1.07 1.09 1.07 1.09 1.09 1.07 1.08 1.08 1.09 1.06 1.07 1.09 1.08 1.08 1.08 1.06 1.08 1.08 
1.07 1.07 1.09 1.05 1.05 1.06 1.06 1.08 1.05 1.07 1.08 1.08 1.07 1.05 1.05 1.06 1.05 1.05 1.06 1.06 
1.06 1.09 1.09 1.07 1.07 1.08 1.07 1.05 1.05 1.07 1.08 1.09 1.07 1.05 1.07 1.06 1.05 1.06 1.05 1.08 
1.09 1.09 1.09 1.06 1.08 1.05 1.07 1.08 1.08 1.05 1.09 1.09 1.06 1.09 1.06 1.07 1.07 1.05 1.05 1.05 
1.08 1.07 1.05 1.09 1.08 1.07 1.06 1.09 1.08 1.09 1.05 1.06 1.08 1.06 1.05 1.06 1.06 1.06 1.09 1.06 
1.09 1.06 1.09 1.08 1.08 1.08 1.09 1.08 1.08 1.08 1.06 1.08 1.09 1.06 1.07 1.09 1.06 1.08 1.05 1.06 
1.05 1.05 1.08 1.07 1.05 1.06 1.08 1.07 1.09 1.07 1.07 1.05 1.08 1.08 1.05 1.07 1.06 1.09 1.08 1.09 
1.09 1.06 1.05 1.09 1.09 1.05 1.06 1.05 1.05 1.09 1.08 1.08 1.05 1.07 1.05 1.05 1.08 1.06 1.07 1.08 
1.08 1.05 1.08 1.07 1.09 1.06 1.08 1.08 1.09 1.06 1.07 1.05 1.06 1.05 1.05 1.09 1.05 1.07 1.09 1.05 
1.06 1.05 1.09 1.07 1.06 1.06 1.05 1.09 1.06 1.08 1.08 1.09 1.05 1.05 1.05 1.05 1.05 1.07 1.09 1.06 
1.05 1.08 1.05 1.06 1.09 1.09 1.08 1.09 1.07 1.09 1.06 1.06 1.06 1.08 1.06 1.08 1.07 1.09 1.06 1.07 
1.07 1.07 1.09 1.07 1.08 1.09 1.08 1.06 1.05 1.06 1.06 1.07 1.06 1.09 1.09 1.08 1.07 1.06 1.05 1.08 
1.05 1.07 1.09 1.09 1.08 1.08 1.05 1.08 1.06 1.05 1.05 1.09 1.05 1.07 1.08 1.05 1.08 1.05 1.07 1.09 
1.06 1.07 1.08 1.08 1.09 1.08 1.08 1.09 1.08 1.07 1.07 1.08 1.05 1.09 1.09 1.08 1.05 1.05 1.08 1.09 
1.08 1.07 1.09 1.08 1.07 1.07 1.07 1.08 1.09 1.07 1.09 1.07 1.07 1.06 1.06 1.09 1.09 1.07 1.07 1.05 
1.08 1.06 1.07 1.09 1.09 1.07 1.09 1.05 1.09 1.09 1.06 1.07 1.09 1.08 1.05 1.06 1.05 1.05 1.08 1.07 
1.07 1.05 1.07 1.08 1.07 1.09 1.05 1.05 1.07 1.05 1.05 1.05 1.05 1.06 1.05 1.08 1.07 1.09 1.09 1.07 
1.08 1.07 1.06 1.06 1.06 1.09 1.08 1.08 1.07 1.08 1.09 1.08 1.06 1.08 1.07 1.08 1.09 1.06 1.07 1.07 
1.06 1.09 1.06 1.08 1.08 1.08 1.06 1.05 1.06 1.09 1.07 1.08 1.05 1.05 1.09 1.05 1.05 1.05 1.08 1.05 
1.06 1.06 1.08 1.05 1.05 1.09 1.05 1.05 1.09 1.09 1.09 1.07 1.08 1.08 1.08 1.05 1.07 1.09 1.08 1.06 
1.07 1.07 1.07 1.09 1.09 1.09 1.07 1.07 1.09 1.09 1.08 1.06 1.05 1.08 1.07 1.08 1.09 1.09 1.09 1.07 
1.09 1.07 1.08 1.08 1.05 1.09 1.08 1.05 1.08 1.08 1.09 1.08 1.07 1.07 1.08 1.09 1.05 1.05 1.08 1.09 
1.05 1.08 1.08 1.05 1.09 1.06 1.08 1.09 1.08 1.09 1.05 1.08 1.05 1.07 1.06 1.06 1.07 1.07 1.08 1.05 
1.09 1.05 1.05 1.08 1.06 1.05 1.06 1.05 1.07 1.08 1.07 1.06 1.08 1.06 1.08 1.05 1.09 1.08 1.05 1.05 
1.08 1.09 1.05 1.06 1.08 1.08 1.09 1.09 1.08 1.07 1.09 1.08 1.09 1.07 1.08 1.08 1.08 1.09 1.06 1.06 
1.08 1.07 1.07 1.09 1.09 1.08 1.07 1.06 1.09 1.06 1.06 1.07 1.07 1.09 1.08 1.08 1.07 1.08 1.09 1.06 
1.08 1.08 1.09 1.08 1.05 1.05 1.05 1.09 1.06 1.06 1.06 1.08 1.09 1.09 1.07 1.08 1.05 1.09 1.08 1.09 
1.05 1.07 1.08 1.05 1.05 1.08 1.06 1.07 1.09 1.09 1.09 1.06 1.08 1.08 1.09 1.06 1.07 1.08 1.09 1.08 
1.08 1.09 1.06 1.06 1.05 1.07 1.07 1.06 1.08 1.09 1.07 1.08 1.09 1.05 1.08 1.07 1.09 1.08 1.09 1.06 
1.07 1.08 1.05 1.05 1.09 1.07 1.06 1.05 1.08 1.05 1.08 1.07 1.07 1.05 1.08 1.08 1.08 1.08 1.07 1.08 
1.05 1.08 1.06 1.09 1.07 1.05 1.05 1.09 1.08 1.06 1.06 1.05 1.09 1.09 1.06 1.07 1.07 1.06 1.07 1.09 
1.05 1.06 1.07 1.09 1.05 1.05 1.05 1.05 1.08 1.06 1.05 1.07 1.09 1.06 1.05 1.08 1.08 1.05 1.07 1.09 
1.09 1.09 1.06 1.05 1.08 1.08 1.06 1.08 1.06 1.06 1.09 1.09 1.05 1.05 1.09 1.08 1.06 1.08 1.09 1.08 
1.05 1.08 1.05 1.05 1.07 1.06 1.05 1.05 1.09 1.08 1.05 1.07 1.07 1.08 1.09 1.08 1.05 1.09 1.07 1.07 
1.07 1.05 1.09 1.08 1.06 1.06 1.09 1.07 1.05 1.05 1.08 1.08 1.09 1.06 1.06 1.05 1.07 1.05 1.07 1.05 
1.08 1.08 1.06 1.08 1.08 1.07 1.09 1.08 1.06 1.07 1.07 1.09 1.08 1.05 1.06 1.06 1.08 1.05 1.08 1.08 
1.07 1.05 1.07 1.09 1.08 1.06 1.09 1.07 1.07 1.05 1.07 1.05 1.09 1.09 1.07 1.08 1.08 1.07 1.07 1.06 
1.06 1.05 1.05 1.05 1.07 1.05 1.05 1.06 1.08 1.06 1.06 1.09 1.09 1.08 1.08 1.05 1.09 1.07 1.05 1.08 
1.05 1.06 1.07 1.09 1.09 1.07 1.05 1.06 1.07 1.05 1.07 1.09 1.05 1.08 1.09 1.05 1.06 1.07 1.09 1.07 
1.07 1.05 1.05 1.06 1.09 1.05 1.09 1.09 1.06 1.09 1.06 1.05 1.06 1.08 1.06 1.07 1.05 1.06 1.07 1.06 
1.09 1.06 1.06 1.05 1.06 1.07 1.08 1.07 1.06 1.06 1.07 1.09 1.08 1.05 1.07 1.07 1.05 1.07 1.08 1.09 
1.07 1.06 1.09 1.05 1.07 1.08 1.09 1.09 1.06 1.06 1.05 1.08 1.05 1.08 1.09 1.07 1.08 1.09 1.06 1.09 
1.08 1.06 1.09 1.09 1.09 1.09 1.07 1.07 1.09 1.09 1.09 1.05 1.07 1.08 1.05 1.05 1.07 1.08 1.08 1.05 
1.07 1.05 1.09 1.09 1.05 1.09 1.06 1.06 1.09 1.07 1.07 1.06 1.08 1.07 1.08 1.08 1.07 1.08 1.06 1.05 
1.07 1.09 1.08 1.09 1.08 1.06 1.07 1.08 1.05 1.05 1.09 1.06 1.08 1.09 1.09 1.07 1.05 1.07 1.08 1.05 
1.08 1.05 1.06 1.07 1.06 1.07 1.09 1.06 1.06 1.07 1.07 1.06 1.06 1.08 1.08 1.09 1.06 1.09 1.06 1.07 
1.05 1.08 1.08 1.06 1.05 1.08 1.05 1.05 1.09 1.09 1.09 1.07 1.05 1.09 1.09 1.05 1.09 1.09 1.07 1.05 
1.09 1.08 1.05 1.08 1.05 1.05 1.07 1.05 1.09 1.07 1.09 1.08 1.09 1.05 1.08 1.07 1.09 1.05 1.08 1.05 
1.05 1.05 1.06 1.06 1.08 1.09 1.07 1.05 1.06 1.08 1.05 1.06 1.08 1.08 1.06 1.09 1.08 1.05 1.07 1.05 
1.05 1.06 1.08 1.08 1.09 1.05 1.06 1.08 1.05 1.05 1.08 1.05 1.08 1.09 1.08 1.07 1.06 1.08 1.07 1.07 
1.08 1.05 1.09 1.05 1.06 1.05 1.09 1.05 1.05 1.09 1.06 1.06 1.05 1.09 1.08 1.06 1.05 1.06 1.06 1.09 
1.05 1.06 1.07 1.08 1.09 1.08 1.07 1.08 1.06 1.07 1.09 1.08 1.07 1.06 1.08 1.09 1.06 1.09 1.09 1.08 
1.07 1.09 1.05 1.08 1.08 1.09 1.05 1.08 1.08 1.08 1.09 1.09 1.05 1.09 1.09 1.06 1.06 1.05 1.09 1.06 
1.09 1.05 1.06 1.09 1.07 1.05 1.09 1.09 1.08 1.07 1.08 1.05 1.09 1.08 1.06 1.09 1.05 1.08 1.09 1.05 
1.07 1.09 1.05 1.07 1.06 1.06 1.06 1.09 1.06 1.06 1.06 1.05 1.08 1.05 1.08 1.09 1.07 1.05 1.05 1.08 
1.09 1.05 1.05 1.05 1.07 1.09 1.06 1.08 1.08 1.06 1.09 1.06 1.08 1.09 1.07 1.08 1.08 1.06 1.09 1.08 
1.09 1.07 1.09 1.06 1.09 1.06 1.08 1.06 1.07 1.08 1.06 1.08 1.06 1.09 1.09 1.05 1.06 1.08 1.06 1.06 
1.05 1.07 1.07 1.05 1.05 1.07 1.09 1.05 1.09 1.05 1.07 1.09 1.06 1.08 1.07 1.05 1.06 1.07 1.06 1.07 
1.09 1.09 1.07 1.05 1.08 1.09 1.06 1.07 1.06 1.07 1.05 1.06 1.08 1.06 1.06 1.06 1.07 1.05 1.08 1.06 
1.07 1.07 1.06 1.09 1.05 1.08 1.09 1.06 1.09 1.06 1.07 1.06 1.09 1.05 1.08 1.09 1.06 1.05 1.09 1.08 
1.07 1.09 1.06 1.05 1.08 1.09 1.09 1.06 1.07 1.07 1.05 1.07 1.08 1.08 1.08 1.09 1.05 1.08 1.08 1.05 
1.09 1.09 1.08 1.05 1.09 1.08 1.07 1.07 1.06 1.05 1.05 1.06 1.08 1.06 1.07 1.09 1.08 1.08 1.08 1.07 
1.09 1.05 1.07 1.05 1.06 1.07 1.09 1.08 1.07 1.07 1.08 1.05 1.06 1.07 1.06 1.07 1.05 1.07 1.05 1.05 
1.06 1.07 1.09 1.05 1.06 1.06 1.09 1.08 1.07 1.06 1.07 1.09 1.06 1.05 1.07 1.06 1.08 1.09 1.06 1.09 
1.09 1.07 1.07 1.06 1.09 1.05 1.08 1.09 1.09 1.05 1.09 1.08 1.06 1.07 1.06 1.07 1.09 1.05 1.06 1.08 
1.09 1.09 1.05 1.09 1.05 1.06 1.05 1.09 1.08 1.09 1.06 1.09 1.05 1.07 1.05 1.07 1.08 1.07 1.05 1.09 
1.09 1.08 1.05 1.06 1.05 1.05 1.08 1.07 1.09 1.05 1.06 1.08 1.08 1.05 1.05 1.08 1.09 1.09 1.07 1.05 
1.05 1.07 1.07 1.07 1.05 1.05 1.08 1.08 1.05 1.05 1.07 1.07 1.05 1.07 1.08 1.06 1.07 1.08 1.09 1.08 
1.07 1.08 1.07 1.05 1.07 1.05 1.08 1.07 1.07 1.08 1.09 1.07 1.09 1.07 1.08 1.09 1.07 1.08 1.06 1.05 
1.05 1.09 1.06 1.09 1.05 1.05 1.08 1.07 1.08 1.08 1.08 1.07 1.09 1.07 1.06 1.06 1.09 1.09 1.09 1.06 
1.08 1.07 1.05 1.05 1.05 1.06 1.05 1.09 1.08 1.06 1.07 1.09 1.06 1.06 1.09 1.08 1.09 1.08 1.05 1.08 
1.09 1.08 1.08 1.09 1.05 1.06 1.07 1.05 1.05 1.07 1.08 1.08 1.07 1.07 1.08 1.09 1.06 1.06 1.05 1.05 
1.09 1.06 1.06 1.09 1.08 1.05 1.05 1.05 1.06 1.08 1.06 1.07 1.08 1.08 1.07 1.07 1.08 1.05 1.09 1.07 
1.05 1.08 1.05 1.07 1.05 1.09 1.09 1.05 1.08 1.05 1.07 1.06 1.06 1.07 1.09 1.06 1.07 1.07 1.07 1.05 
1.06 1.05 1.06 1.06 1.06 1.05 1.06 1.06 1.08 1.09 1.09 1.08 1.05 1.08 1.05 1.07 1.07 1.06 1.07 1.06 
1.05 1.05 1.05 1.09 1.06 1.07 1.06 1.09 1.09 1.08 1.08 1.08 1.05 1.08 1.08 1.07 1.06 1.05 1.06 1.06 
1.08 1.06 1.08 1.05 1.08 1.07 1.09 1.09 1.07 1.06 1.05 1.06 1.06 1.09 1.06 1.06 1.08 1.08 1.08 1.06 
1.06 1.06 1.07 1.08 1.08 1.07 1.05 1.07 1.09 1.06 1.07 1.06 1.09 1.06 1.07 1.09 1.08 1.09 1.08 1.07 
1.08 1.05 1.06 1.06 1.08 1.06 1.09 1.07 1.06 1.09 1.08 1.08 1.06 1.05 1.08 1.07 1.06 1.09 1.06 1.09 
1.09 1.05 1.09 1.05 1.08 1.07 1.09 1.07 1.09 1.06 1.07 1.08 1.07 1.07 1.05 1.06 1.05 1.05 1.05 1.07 
1.06 1.07 1.07 1.09 1.09 1.05 1.09 1.08 1.05 1.07 1.05 1.09 1.08 1.05 1.06 1.07 1.09 1.06 1.08 1.08 
1.05 1.09 1.07 1.05 1.06 1.06 1.07 1.06 1.09 1.06 1.07 1.09 1.06 1.07 1.07 1.05 1.09 1.09 1.06 1.05 
1.06 1.09 1.06 1.05 1.06 1.08 1.08 1.08 1.09 1.08 1.06 1.06 1.05 1.05 1.07 1.09 1.06 1.08 1.09 1.09 
1.07 1.09 1.06 1.05 1.07 1.06 1.05 1.06 1.07 1.06 1.06 1.09 1.07 1.07 1.06 1.05 1.06 1.05 1.09 1.06 
1.07 1.06 1.06 1.05 1.07 1.06 1.07 1.08 1.07 1.07 1.09 1.08 1.06 1.06 1.06 1.08 1.08 1.08 1.06 1.08 
1.09 1.09 1.06 1.07 1.08 1.06 1.08 1.09 1.08 1.05 1.09 1.07 1.06 1.05 1.05 1.05 1.08 1.05 1.08 1.06 
1.07 1.06 1.07 1.07 1.05 1.09 1.05 1.05 1.07 1.09 1.09 1.07 1.06 1.07 1.09 1.06 1.06 1.06 1.05 1.06 
1.05 1.07 1.07 1.06 1.05 1.07 1.05 1.07 1.06 1.08 1.09 1.08 1.09 1.05 1.08 1.08 1.07 1.09 1.05 1.08 
1.06 1.08 1.06 1.06 1.08 1.06 1.07 1.09 1.09 1.09 1.08 1.09 1.07 1.08 1.05 1.08 1.05 1.07 1.06 1.09 
1.07 1.08 1.08 1.06 1.08 1.07 1.08 1.09 1.08 1.09 1.06 1.05 1.07 1.05 1.05 1.07 1.08 1.09 1.09 1.05 
1.05 1.08 1.06 1.07 1.05 1.08 1.09 1.05 1.06 1.08 1.05 1.06 1.05 1.08 1.05 1.09 1.07 1.09 1.09 1.09 
1.06 1.09 1.05 1.06 1.08 1.09 1.05 1.08 1.05 1.08 1.08 1.08 1.06 1.08 1.09 1.08 1.08 1.08 1.09 1.07 
1.06 1.06 1.08 1.06 1.07 1.09 1.09 1.09 1.06 1.05 1.07 1.08 1.08 1.05 1.09 1.06 1.06 1.08 1.05 1.05 
1.05 1.05 1.08 1.09 1.09 1.09 1.06 1.08 1.06 1.05 1.08 1.06 1.09 1.07 1.05 1.05 1.08 1.08 1.06 1.09 
1.08 1.09 1.09 1.05 1.06 1.09 1.05 1.07 1.05 1.07 1.09 1.08 1.07 1.07 1.09 1.06 1.05 1.05 1.09 1.05 
1.08 1.08 1.06 1.07 1.08 1.08 1.09 1.06 1.07 1.09 1.07 1.09 1.06 1.05 1.06 1.08 1.05 1.08 1.07 1.08 
1.09 1.06 1.08 1.09 1.08 1.06 1.05 1.05 1.09 1.09 1.05 1.06 1.08 1.08 1.06 1.05 1.05 1.06 1.08 1.05 
1.07 1.06 1.05 1.09 1.08 1.09 1.07 1.06 1.05 1.07 1.09 1.08 1.07 1.08 1.06 1.06 1.08 1.06 1.09 1.09 
1.06 1.08 1.08 1.09 1.08 1.09 1.09 1.05 1.06 1.06 1.08 1.06 1.06 1.06 1.05 1.07 1.08 1.08 1.06 1.08 
1.08 1.09 1.08 1.05 1.06 1.05 1.05 1.06 1.05 1.07 1.09 1.06 1.07 1.09 1.05 1.06 1.05 1.07 1.05 1.06 
1.08 1.09 1.09 1.07 1.07 1.09 1.06 1.05 1.06 1.05 1.08 1.08 1.09 1.06 1.05 1.05 1.08 1.06 1.07 1.06 
1.07 1.07 1.08 1.05 1.07 1.07 1.05 1.08 1.06 1.06 1.06 1.08 1.08 1.08 1.06 1.09 1.09 1.07 1.06 1.05 
1.05 1.09 1.08 1.06 1.07 1.06 1.09 1.05 1.07 1.08 1.07 1.07 1.08 1.06 1.08 1.09 1.06 1.07 1.07 1.09 
1.08 1.08 1.06 1.09 1.05 1.06 1.05 1.09 1.08 1.06 1.08 1.08 1.07 1.09 1.09 1.08 1.08 1.07 1.07 1.05 
1.05 1.07 1.09 1.05 1.07 1.06 1.09 1.06 1.07 1.05 1.06 1.05 1.09 1.05 1.05 1.09 1.06 1.05 1.09 1.06 
1.05 1.09 1.07 1.08 1.09 1.06 1.06 1.07 1.07 1.05 1.07 1.05 1.08 1.08 1.06 1.06 1.09 1.08 1.09 1.05 
1.09 1.09 1.06 1.09 1.05 1.07 1.05 1.09 1.08 1.06 1.07 1.08 1.07 1.07 1.08 1.06 1.05 1.09 1.08 1.08 
1.06 1.06 1.09 1.07 1.09 1.08 1.08 1.09 1.06 1.05 1.09 1.07 1.05 1.06 1.09 1.09 1.08 1.08 1.07 1.06 
1.09 1.08 1.06 1.06 1.05 1.08 1.09 1.09 1.09 1.06 1.06 1.05 1.06 1.06 1.07 1.08 1.06 1.09 1.09 1.08 
1.08 1.05 1.08 1.06 1.08 1.05 1.05 1.06 1.07 1.08 1.09 1.06 1.07 1.08 1.07 1.06 1.08 1.08 1.09 1.06 
1.05 1.07 1.05 1.05 1.08 1.09 1.05 1.06 1.05 1.08 1.06 1.08 1.06 1.07 1.09 1.08 1.08 1.06 1.05 1.07 
1.08 1.06 1.06 1.06 1.06 1.07 1.07 1.09 1.07 1.07 1.08 1.09 1.09 1.09 1.06 1.08 1.08 1.07 1.07 1.05 
1.09 1.07 1.07 1.06 1.07 1.08 1.06 1.06 1.05 1.06 1.06 1.06 1.05 1.09 1.05 1.06 1.09 1.08 1.09 1.07 
1.05 1.08 1.08 1.05 1.08 1.06 1.06 1.07 1.05 1.07 1.08 1.05 1.07 1.09 1.05 1.09 1.07 1.09 1.05 1.08 
1.05 1.05 1.08 1.09 1.06 1.05 1.05 1.06 1.09 1.08 1.05 1.07 1.06 1.06 1.06 1.06 1.07 1.09 1.09 1.07 
1.06 1.06 1.09 1.06 1.08 1.08 1.07 1.09 1.09 1.05 1.09 1.05 1.09 1.06 1.05 1.09 1.05 1.06 1.06 1.05 
1.09 1.05 1.06 1.06 1.07 1.08 1.06 1.09 1.08 1.09 1.08 1.07 1.08 1.05 1.09 1.06 1.05 1.06 1.05 1.06 
1.08 1.07 1.07 1.06 1.07 1.09 1.06 1.05 1.09 1.06 1.05 1.05 1.05 1.06 1.08 1.06 1.07 1.08 1.08 1.06 
1.08 1.06 1.08 1.08 1.08 1.05 1.05 1.07 1.05 1.05 1.09 1.05 1.08 1.09 1.06 1.08 1.09 1.07 1.06 1.05 
1.05 1.09 1.06 1.09 1.05 1.05 1.08 1.06 1.05 1.05 1.08 1.07 1.09 1.07 1.06 1.06 1.06 1.07 1.08 1.07 
1.07 1.06 1.08 1.05 1.05 1.07 1.09 1.07 1.08 1.06 1.07 1.05 1.07 1.05 1.09 1.08 1.07 1.06 1.09 1.09 
1.06 1.09 1.09 1.07 1.05 1.06 1.07 1.05 1.08 1.06 1.05 1.06 1.09 1.07 1.09 1.05 1.09 1.05 1.07 1.06 
1.07 1.05 1.08 1.09 1.07 1.09 1.07 1.08 1.06 1.07 1.06 1.07 1.07 1.08 1.08 1.05 1.08 1.09 1.05 1.06 
1.07 1.08 1.07 1.08 1.06 1.07 1.06 1.06 1.05 1.07 1.05 1.09 1.06 1.05 1.06 1.05 1.08 1.06 1.07 1.06 
1.08 1.09 1.06 1.06 1.07 1.09 1.05 1.07 1.05 1.08 1.06 1.05 1.05 1.06 1.05 1.06 1.05 1.06 1.06 1.06 
1.09 1.06 1.08 1.08 1.09 1.08 1.06 1.09 1.07 1.05 1.09 1.07 1.05 1.08 1.09 1.09 1.05 1.08 1.06 1.06 
1.05 1.07 1.07 1.08 1.05 1.07 1.08 1.06 1.05 1.05 1.06 1.09 1.07 1.05 1.06 1.08 1.06 1.09 1.06 1.09 
1.05 1.05 1.08 1.07 1.06 1.09 1.06 1.09 1.06 1.08 1.08 1.07 1.08 1.06 1.05 1.08 1.07 1.05 1.09 1.07 
1.05 1.09 1.09 1.06 1.06 1.06 1.09 1.08 1.08 1.06 1.07 1.06 1.08 1.06 1.08 1.07 1.06 1.05 1.05 1.09 
1.05 1.07 1.08 1.06 1.09 1.07 1.08 1.07 1.07 1.06 1.05 1.09 1.07 1.06 1.08 1.05 1.09 1.06 1.07 1.05 
1.09 1.05 1.08 1.08 1.08 1.06 1.07 1.05 1.06 1.08 1.09 1.06 1.09 1.08 1.06 1.09 1.07 1.07 1.08 1.09 
1.05 1.08 1.09 1.05 1.05 1.09 1.06 1.08 1.06 1.05 1.05 1.05 1.05 1.09 1.06 1.08 1.07 1.07 1.07 1.07 
1.06 1.09 1.05 1.05 1.06 1.07 1.07 1.08 1.05 1.09 1.07 1.06 1.09 1.09 1.06 1.06 1.09 1.05 1.06 1.08 
1.06 1.08 1.05 1.09 1.07 1.05 1.08 1.05 1.07 1.07 1.06 1.07 1.07 1.09 1.05 1.08 1.07 1.09 1.06 1.08 
1.07 1.05 1.06 1.09 1.07 1.06 1.05 1.05 1.08 1.09 1.05 1.05 1.05 1.08 1.07 1.05 1.05 1.06 1.08 1.08 
1.08 1.06 1.08 1.05 1.08 1.08 1.08 1.07 1.08 1.08 1.08 1.08 1.09 1.09 1.07 1.08 1.07 1.09 1.09 1.07 
1.05 1.09 1.07 1.05 1.09 1.09 1.08 1.09 1.08 1.05 1.05 1.06 1.08 1.05 1.07 1.07 1.05 1.06 1.08 1.08 
1.09 1.09 1.06 1.06 1.07 1.05 1.07 1.07 1.08 1.08 1.08 1.07 1.09 1.08 1.08 1.05 1.06 1.08 1.06 1.09 
1.09 1.07 1.05 1.09 1.07 1.05 1.09 1.09 1.08 1.07 1.07 1.07 1.08 1.05 1.07 1.05 1.05 1.08 1.05 1.07 
1.08 1.09 1.06 1.08 1.05 1.06 1.07 1.06 1.05 1.05 1.05 1.09 1.06 1.05 1.06 1.07 1.07 1.05 1.09 1.08 
1.09 1.09 1.07 1.09 1.05 1.08 1.06 1.09 1.05 1.08 1.09 1.07 1.08 1.08 1.05 1.05 1.06 1.07 1.05 1.06 
1.07 1.09 1.08 1.07 1.09 1.06 1.09 1.09 1.06 1.08 1.07 1.08 1.05 1.05 1.09 1.09 1.08 1.06 1.08 1.05 
1.09 1.07 1.07 1.05 1.06 1.07 1.05 1.06 1.06 1.06 1.08 1.05 1.08 1.05 1.06 1.06 1.08 1.07 1.05 1.05 
1.07 1.07 1.09 1.07 1.09 1.09 1.07 1.06 1.09 1.05 1.05 1.08 1.05 1.08 1.06 1.08 1.05 1.06 1.07 1.07 
1.06 1.06 1.05 1.05 1.07 1.05 1.09 1.06 1.06 1.05 1.06 1.05 1.08 1.05 1.09 1.05 1.05 1.08 1.07 1.06 
1.08 1.05 1.05 1.07 1.08 1.05 1.07 1.07 1.05 1.05 1.05 1.09 1.06 1.07 1.06 1.08 1.07 1.09 1.05 1.07 
1.06 1.05 1.06 1.08 1.06 1.05 1.07 1.06 1.07 1.08 1.06 1.06 1.09 1.07 1.07 1.08 1.07 1.07 1.05 1.07 
1.06 1.06 1.08 1.08 1.06 1.07 1.08 1.07 1.07 1.09 1.05 1.08 1.05 1.05 1.06 1.09 1.08 1.06 1.06 1.08 
1.07 1.05 1.07 1.05 1.09 1.09 1.06 1.06 1.05 1.06 1.05 1.08 1.06 1.06 1.08 1.07 1.09 1.08 1.06 1.07 
1.07 1.09 1.09 1.05 1.07 1.05 1.09 1.09 1.09 1.07 1.09 1.05 1.07 1.05 1.07 1.07 1.05 1.08 1.05 1.09 
1.07 1.07 1.05 1.05 1.05 1.09 1.05 1.08 1.05 1.08 1.09 1.05 1.05 1.06 1.06 1.06 1.07 1.06 1.09 1.05 
1.08 1.06 1.06 1.09 1.07 1.06 1.09 1.07 1.08 1.05 1.07 1.05 1.09 1.05 1.06 1.08 1.06 1.08 1.08 1.07 
1.06 1.08 1.08 1.05 1.06 1.05 1.08 1.09 1.06 1.08 1.05 1.06 1.07 1.08 1.05 1.08 1.08 1.06 1.07 1.08 
1.09 1.06 1.06 1.07 1.07 1.07 1.09 1.07 1.08 1.08 1.07 1.06 1.06 1.05 1.06 1.08 1.05 1.05 1.05 1.05 
1.08 1.05 1.05 1.09 1.06 1.09 1.08 1.09 1.08 1.05 1.09 1.05 1.06 1.07 1.08 1.08 1.09 1.09 1.06 1.05 
1.05 1.06 1.05 1.07 1.09 1.05 1.08 1.07 1.05 1.08 1.07 1.05 1.05 1.06 1.07 1.07 1.05 1.06 1.08 1.06 
1.09 1.06 1.06 1.06 1.06 1.08 1.09 1.05 1.07 1.08 1.07 1.06 1.08 1.05 1.08 1.06 1.07 1.08 1.08 1.08 
1.06 1.08 1.07 1.05 1.07 1.07 1.08 1.08 1.05 1.05 1.05 1.06 1.06 1.08 1.07 1.09 1.07 1.05 1.07 1.07 
1.09 1.05 1.06 1.09 1.06 1.06 1.07 1.05 1.06 1.06 1.09 1.07 1.09 1.05 1.06 1.06 1.05 1.08 1.08 1.09 
1.09 1.07 1.09 1.09 1.07 1.07 1.07 1.07 1.07 1.06 1.08 1.09 1.07 1.07 1.05 1.07 1.05 1.09 1.07 1.08 
1.09 1.09 1.07 1.07 1.07 1.06 1.08 1.07 1.08 1.06 1.05 1.06 1.05 1.09 1.08 1.06 1.05 1.06 1.09 1.09 
1.09 1.09 1.06 1.06 1.06 1.08 1.08 1.07 1.08 1.05 1.06 1.06 1.07 1.06 1.08 1.07 1.05 1.07 1.06 1.07 
1.09 1.05 1.08 1.07 1.08 1.08 1.09 1.07 1.06 1.06 1.06 1.05 1.05 1.07 1.08 1.06 1.08 1.09 1.08 1.06 
1.05 1.06 1.08 1.09 1.08 1.09 1.05 1.07 1.07 1.07 1.09 1.06 1.05 1.07 1.06 1.08 1.06 1.08 1.07 1.08 
1.09 1.09 1.08 1.06 1.08 1.09 1.06 1.06 1.09 1.07 1.08 1.07 1.07 1.09 1.05 1.09 1.06 1.06 1.09 1.08 
1.07 1.06 1.05 1.07 1.07 1.08 1.07 1.08 1.06 1.08 1.05 1.09 1.08 1.09 1.07 1.07 1.06 1.08 1.05 1.08 
1.08 1.06 1.05 1.08 1.09 1.07 1.05 1.08 1.05 1.06 1.09 1.05 1.05 1.08 1.08 1.06 1.09 1.09 1.06 1.07 
1.07 1.09 1.05 1.09 1.09 1.09 1.06 1.08 1.06 1.06 1.06 1.09 1.09 1.08 1.09 1.07 1.08 1.05 1.07 1.08 
1.05 1.06 1.05 1.05 1.06 1.09 1.06 1.05 1.08 1.09 1.07 1.09 1.09 1.06 1.05 1.09 1.09 1.08 1.07 1.07 
1.07 1.09 1.07 1.08 1.07 1.09 1.08 1.06 1.05 1.06 1.07 1.05 1.09 1.06 1.08 1.09 1.09 1.05 1.07 1.05 
1.08 1.05 1.05 1.05 1.07 1.07 1.05 1.07 1.06 1.05 1.09 1.09 1.09 1.07 1.06 1.05 1.08 1.06 1.06 1.09 
1.09 1.07 1.09 1.05 1.08 1.07 1.05 1.09 1.07 1.09 1.08 1.08 1.08 1.09 1.06 1.06 1.05 1.06 1.07 1.06 
1.09 1.06 1.05 1.08 1.06 1.06 1.09 1.08 1.08 1.06 1.06 1.09 1.08 1.09 1.08 1.05 1.06 1.05 1.05 1.07 
1.05 1.07 1.09 1.09 1.08 1.09 1.05 1.07 1.05 1.07 1.07 1.07 1.09 1.05 1.05 1.09 1.08 1.05 1.05 1.07 
1.05 1.05 1.05 1.08 1.07 1.09 1.09 1.07 1.05 1.09 1.06 1.07 1.08 1.06 1.08 1.05 1.08 1.05 1.05 1.08 
1.08 1.08 1.08 1.06 1.06 1.09 1.06 1.05 1.08 1.09 1.09 1.08 1.05 1.09 1.06 1.06 1.06 1.06 1.07 1.06 
1.06 1.08 1.06 1.07 1.06 1.08 1.06 1.07 1.08 1.07 1.06 1.06 1.05 1.08 1.05 1.05 1.05 1.05 1.06 1.07 
1.06 1.07 1.05 1.06 1.08 1.05 1.05 1.07 1.08 1.09 1.07 1.07 1.09 1.08 1.08 1.06 1.05 1.05 1.08 1.08 
