20
200
61 24 67 86 34 6 66 65 32 53 88 74 99 8 15 49 8 71 90 31 23 70 95 76 81 54 73 29 18 2 15 82 65 22 17 41 16 77 76 100 54 51 9 75 14 73 8 94 65 43 3 29 39 70 4 9 22 96 50 42 48 97 85 93 6 92 51 45 52 69 59 76 15 3 96 43 9 32 73 82 36 64 19 16 73 36 2 59 50 36 1 62 78 23 29 32 16 73 77 29 79 34 15 78 56 45 24 69 92 19 40 5 60 29 40 75 98 66 77 58 6 54 78 89 72 80 81 54 84 19 58 29 43 24 83 13 44 33 27 58 52 96 45 48 77 17 20 63 69 30 53 92 53 46 20 94 7 96 11 8 61 33 43 90 71 23 72 82 76 67 19 50 20 93 62 23 20 22 4 80 14 27 22 2 19 88 56 54 38 31 60 62 95 35 68 32 96 11 30 5 
9 5 2 6 4 6 8 5 3 1 4 6 7 2 4 1 8 1 8 3 
1.09 1.09 1.06 1.08 1.08 1.06 1.05 1.09 1.08 1.05 1.08 1.08 1.08 1.07 1.08 1.08 1.09 1.08 1.09 1.08 
1.09 1.09 1.06 1.09 1.06 1.09 1.09 1.05 1.06 1.05 1.06 1.06 1.07 1.06 1.05 1.07 1.07 1.05 1.09 1.05 
1.07 1.05 1.06 1.08 1.09 1.08 1.08 1.05 1.07 1.05 1.05 1.06 1.05 1.07 1.08 1.05 1.05 1.09 1.05 1.07 
1.08 1.05 1.06 1.05 1.09 1.07 1.09 1.07 1.05 1.05 1.08 1.05 1.06 1.08 1.09 1.05 1.09 1.07 1.05 1.06 
1.07 1.08 1.09 1.05 1.07 1.06 1.05 1.07 1.05 1.09 1.07 1.05 1.08 1.05 1.06 1.05 1.07 1.05 1.08 1.06 
1.09 1.07 1.06 1.08 1.07 1.06 1.07 1.05 1.06 1.05 1.05 1.09 1.05 1.08 1.09 1.09 1.05 1.06 1.06 1.09 
1.08 1.07 1.06 1.08 1.06 1.09 1.09 1.07 1.06 1.08 1.07 1.09 1.06 1.07 1.07 1.07 1.07 1.07 1.09 1.08 
1.09 1.07 1.08 1.08 1.09 1.08 1.05 1.09 1.06 1.08 1.07 1.05 1.07 1.08 1.05 1.06 1.06 1.09 1.06 1.09 
1.07 1.07 1.08 1.05 1.08 1.07 1.09 1.07 1.05 1.06 1.08 1.07 1.07 1.06 1.07 1.06 1.08 1.07 1.08 1.08 
1.09 1.06 1.08 1.08 1.05 1.09 1.09 1.08 1.09 1.07 1.09 1.05 1.06 1.08 1.07 1.08 1.07 1.08 1.06 1.05 
1.09 1.07 1.05 1.06 1.09 1.07 1.08 1.07 1.08 1.07 1.06 1.05 1.09 1.08 1.06 1.07 1.07 1.09 1.05 1.07 
1.08 1.07 1.09 1.06 1.07 1.07 1.07 1.06 1.05 1.07 1.05 1.06 1.05 1.09 1.05 1.09 1.06 1.09 1.08 1.09 
1.09 1.08 1.06 1.07 1.07 1.08 1.05 1.09 1.06 1.07 1.06 1.09 1.08 1.08 1.05 1.06 1.05 1.09 1.09 1.08 
1.09 1.07 1.07 1.05 1.09 1.06 1.06 1.08 1.06 1.07 1.05 1.09 1.07 1.08 1.07 1.08 1.08 1.09 1.09 1.09 
1.06 1.07 1.09 1.06 1.08 1.09 1.05 1.08 1.09 1.06 1.07 1.08 1.09 1.08 1.08 1.08 1.08 1.06 1.06 1.08 
1.07 1.07 1.05 1.06 1.05 1.08 1.05 1.06 1.06 1.06 1.08 1.07 1.09 1.05 1.06 1.05 1.08 1.07 1.07 1.07 
1.08 1.09 1.05 1.09 1.05 1.09 1.08 1.08 1.08 1.06 1.09 1.06 1.05 1.08 1.05 1.06 1.07 1.09 1.09 1.07 
1.08 1.06 1.05 1.08 1.08 1.05 1.08 1.05 1.09 1.06 1.07 1.06 1.08 1.08 1.08 1.05 1.07 1.05 1.07 1.06 
1.06 1.07 1.09 1.06 1.06 1.09 1.06 1.06 1.08 1.07 1.09 1.06 1.06 1.05 1.09 1.07 1.05 1.07 1.06 1.08 
1.07 1.08 1.07 1.09 1.05 1.09 1.05 1.07 1.07 1.05 1.08 1.08 1.05 1.09 1.05 1.06 1.07 1.08 1.08 1.06 
1.08 1.05 1.09 1.06 1.05 1.05 1.09 1.06 1.08 1.09 1.08 1.05 1.07 1.06 1.09 1.06 1.06 1.09 1.07 1.09 
1.09 1.09 1.08 1.09 1.09 1.06 1.09 1.06 1.05 1.05 1.06 1.09 1.08 1.08 1.06 1.06 1.06 1.05 1.05 1.08 
1.09 1.06 1.06 1.06 1.05 1.05 1.09 1.08 1.06 1.05 1.07 1.06 1.05 1.09 1.08 1.06 1.07 1.05 1.07 1.07 
1.05 1.07 1.09 1.05 1.09 1.06 1.08 1.06 1.05 1.09 1.08 1.09 1.06 1.08 1.06 1.05 1.08 1.07 1.07 1.07 
1.07 1.07 1.05 1.05 1.06 1.08 1.06 1.06 1.08 1.05 1.07 1.09 1.07 1.05 1.05 1.05 1.09 1.07 1.09 1.08 
1.08 1.09 1.05 1.09 1.07 1.09 1.05 1.07 1.07 1.06 1.05 1.08 1.09 1.05 1.09 1.05 1.08 1.06 1.06 1.06 
1.07 1.06 1.06 1.07 1.05 1.07 1.09 1.09 1.07 1.07 1.07 1.06 1.09 1.06 1.07 1.06 1.05 1.09 1.07 1.09 
1.09 1.05 1.09 1.07 1.09 1.05 1.06 1.07 1.05 1.09 1.05 1.06 1.06 1.07 1.07 1.06 1.06 1.05 1.06 1.09 
1.06 1.09 1.05 1.08 1.09 1.07 1.05 1.05 1.08 1.05 1.08 1.07 1.09 1.05 1.09 1.09 1.07 1.06 1.06 1.08 
1.09 1.09 1.06 1.06 1.06 1.05 1.06 1.07 1.06 1.09 1.09 1.05 1.09 1.06 1.06 1.07 1.07 1.06 1.09 1.05 
1.06 1.09 1.09 1.08 1.05 1.05 1.08 1.06 1.09 1.05 1.05 1.09 1.05 1.05 1.05 1.06 1.05 1.06 1.09 1.08 
1.08 1.06 1.08 1.06 1.09 1.08 1.07 1.07 1.07 1.05 1.07 1.09 1.05 1.05 1.09 1.08 1.08 1.09 1.09 1.08 
1.09 1.07 1.07 1.05 1.09 1.07 1.08 1.07 1.08 1.09 1.08 1.09 1.09 1.07 1.07 1.06 1.06 1.07 1.07 1.05 
1.06 1.05 1.08 1.05 1.09 1.07 1.08 1.06 1.08 1.07 1.05 1.09 1.09 1.06 1.07 1.08 1.09 1.08 1.07 1.07 
1.09 1.09 1.08 1.06 1.05 1.09 1.07 1.06 1.09 1.08 1.06 1.08 1.07 1.09 1.06 1.09 1.05 1.08 1.07 1.05 
1.06 1.05 1.08 1.07 1.08 1.09 1.08 1.06 1.08 1.09 1.06 1.06 1.08 1.07 1.08 1.05 1.05 1.08 1.07 1.06 
1.05 1.09 1.08 1.07 1.07 1.09 1.06 1.05 1.07 1.08 1.09 1.08 1.06 1.06 1.06 1.09 1.08 1.07 1.09 1.09 
1.08 1.05 1.08 1.05 1.09 1.09 1.07 1.08 1.08 1.07 1.08 1.07 1.05 1.09 1.08 1.05 1.09 1.07 1.05 1.05 
1.08 1.05 1.07 1.09 1.08 1.07 1.07 1.09 1.08 1.07 1.07 1.09 1.08 1.08 1.05 1.06 1.06 1.08 1.06 1.05 
1.09 1.09 1.06 1.06 1.09 1.09 1.05 1.06 1.08 1.08 1.06 1.06 1.07 1.08 1.09 1.08 1.07 1.05 1.05 1.07 
1.06 1.06 1.08 1.08 1.08 1.09 1.06 1.08 1.07 1.09 1.08 1.08 1.09 1.09 1.08 1.09 1.05 1.06 1.09 1.09 
1.05 1.08 1.05 1.09 1.07 1.08 1.05 1.09 1.09 1.07 1.06 1.05 1.08 1.06 1.07 1.09 1.09 1.08 1.05 1.05 
1.06 1.07 1.05 1.06 1.08 1.09 1.07 1.06 1.09 1.06 1.06 1.05 1.08 1.09 1.05 1.08 1.07 1.09 1.05 1.06 
1.05 1.07 1.06 1.06 1.08 1.06 1.06 1.06 1.09 1.09 1.08 1.06 1.09 1.05 1.08 1.08 1.06 1.05 1.06 1.08 
1.09 1.09 1.08 1.07 1.05 1.09 1.09 1.09 1.08 1.05 1.06 1.09 1.09 1.07 1.06 1.06 1.08 1.07 1.09 1.07 
1.05 1.07 1.06 1.06 1.05 1.06 1.06 1.09 1.07 1.07 1.05 1.09 1.07 1.09 1.05 1.05 1.07 1.06 1.07 1.05 
1.06 1.05 1.08 1.08 1.05 1.06 1.09 1.08 1.08 1.06 1.06 1.07 1.09 1.09 1.06 1.06 1.06 1.08 1.08 1.07 
1.07 1.09 1.06 1.09 1.09 1.07 1.08 1.09 1.05 1.09 1.06 1.06 1.05 1.09 1.08 1.07 1.09 1.08 1.05 1.05 
1.08 1.09 1.09 1.09 1.07 1.06 1.06 1.09 1.06 1.08 1.06 1.05 1.09 1.08 1.05 1.05 1.06 1.09 1.06 1.07 
1.05 1.05 1.05 1.06 1.07 1.05 1.05 1.08 1.09 1.09 1.07 1.05 1.09 1.09 1.08 1.07 1.06 1.09 1.08 1.05 
1.06 1.09 1.05 1.07 1.08 1.08 1.06 1.07 1.09 1.06 1.09 1.07 1.09 1.05 1.05 1.09 1.08 1.07 1.07 1.08 
1.08 1.06 1.06 1.07 1.08 1.07 1.09 1.07 1.07 1.08 1.09 1.09 1.08 1.05 1.08 1.06 1.06 1.09 1.09 1.08 
1.09 1.08 1.08 1.06 1.07 1.05 1.08 1.07 1.05 1.08 1.05 1.08 1.07 1.08 1.06 1.07 1.07 1.08 1.07 1.08 
1.09 1.07 1.08 1.05 1.08 1.09 1.09 1.06 1.09 1.08 1.09 1.09 1.08 1.08 1.05 1.06 1.09 1.05 1.09 1.06 
1.08 1.09 1.05 1.07 1.05 1.07 1.07 1.07 1.09 1.08 1.07 1.08 1.06 1.08 1.05 1.07 1.05 1.09 1.08 1.09 
1.05 1.07 1.09 1.07 1.07 1.05 1.07 1.05 1.09 1.08 1.07 1.09 1.05 1.07 1.07 1.06 1.07 1.09 1.08 1.09 
1.09 1.07 1.08 1.05 1.08 1.09 1.09 1.09 1.06 1.08 1.05 1.05 1.06 1.05 1.06 1.09 1.06 1.05 1.05 1.07 
1.09 1.05 1.08 1.05 1.05 1.05 1.09 1.07 1.09 1.05 1.07 1.06 1.07 1.09 1.07 1.05 1.09 1.06 1.06 1.09 
1.08 1.05 1.05 1.07 1.06 1.07 1.09 1.05 1.06 1.07 1.05 1.08 1.06 1.05 1.08 1.08 1.05 1.09 1.08 1.06 
1.08 1.06 1.05 1.05 1.09 1.06 1.06 1.09 1.05 1.07 1.09 1.09 1.05 1.08 1.05 1.05 1.07 1.05 1.09 1.05 
1.09 1.08 1.07 1.09 1.08 1.07 1.07 1.06 1.07 1.08 1.09 1.09 1.07 1.09 1.05 1.09 1.07 1.05 1.08 1.05 
1.05 1.05 1.07 1.09 1.07 1.08 1.05 1.08 1.08 1.06 1.05 1.06 1.09 1.09 1.05 1.09 1.07 1.06 1.09 1.08 
1.06 1.05 1.07 1.08 1.05 1.08 1.06 1.06 1.05 1.05 1.07 1.08 1.09 1.05 1.08 1.06 1.06 1.05 1.05 1.08 
1.09 1.05 1.09 1.08 1.06 1.07 1.07 1.06 1.07 1.09 1.09 1.09 1.05 1.07 1.08 1.06 1.09 1.05 1.09 1.08 
1.06 1.07 1.07 1.09 1.09 1.08 1.07 1.05 1.07 1.08 1.08 1.08 1.05 1.09 1.09 1.08 1.09 1.07 1.09 1.09 
1.09 1.05 1.07 1.06 1.06 1.08 1.08 1.06 1.06 1.05 1.08 1.07 1.08 1.09 1.06 1.06 1.07 1.05 1.05 1.09 
1.05 1.08 1.07 1.07 1.05 1.05 1.08 1.09 1.07 1.07 1.08 1.07 1.08 1.08 1.05 1.09 1.06 1.09 1.09 1.07 
1.06 1.06 1.05 1.08 1.08 1.05 1.05 1.07 1.05 1.09 1.07 1.06 1.05 1.06 1.06 1.09 1.08 1.07 1.07 1.06 
1.05 1.08 1.09 1.09 1.05 1.05 1.05 1.08 1.07 1.05 1.09 1.08 1.08 1.08 1.07 1.09 1.05 1.09 1.08 1.08 
1.07 1.07 1.06 1.05 1.07 1.08 1.08 1.06 1.06 1.08 1.09 1.09 1.07 1.07 1.08 1.09 1.08 1.06 1.08 1.06 
1.07 1.07 1.05 1.06 1.08 1.07 1.05 1.09 1.09 1.07 1.07 1.07 1.07 1.06 1.05 1.05 1.06 1.08 1.09 1.05 
1.09 1.06 1.09 1.05 1.08 1.05 1.06 1.06 1.08 1.06 1.06 1.09 1.06 1.06 1.06 1.07 1.08 1.08 1.05 1.09 
1.05 1.06 1.05 1.08 1.08 1.07 1.05 1.06 1.07 1.07 1.08 1.09 1.09 1.07 1.06 1.07 1.08 1.09 1.06 1.07 
1.06 1.09 1.09 1.06 1.09 1.09 1.07 1.06 1.07 1.09 1.08 1.09 1.05 1.07 1.05 1.08 1.06 1.06 1.08 1.05 
1.09 1.05 1.09 1.09 1.06 1.09 1.06 1.09 1.07 1.05 1.05 1.06 1.08 1.06 1.08 1.05 1.06 1.09 1.08 1.07 
1.09 1.05 1.06 1.09 1.09 1.09 1.05 1.08 1.06 1.06 1.07 1.08 1.08 1.08 1.09 1.08 1.06 1.09 1.07 1.07 
1.07 1.08 1.07 1.07 1.08 1.06 1.05 1.06 1.05 1.08 1.07 1.05 1.06 1.09 1.07 1.08 1.07 1.07 1.09 1.05 
1.05 1.05 1.08 1.07 1.09 1.06 1.09 1.08 1.09 1.07 1.05 1.07 1.06 1.05 1.08 1.06 1.09 1.08 1.06 1.05 
1.07 1.05 1.05 1.07 1.07 1.06 1.05 1.09 1.05 1.06 1.06 1.06 1.09 1.08 1.08 1.09 1.09 1.07 1.07 1.08 
1.08 1.06 1.07 1.09 1.07 1.07 1.08 1.08 1.07 1.08 1.07 1.09 1.07 1.07 1.06 1.08 1.06 1.07 1.08 1.06 
1.09 1.08 1.05 1.08 1.08 1.06 1.08 1.06 1.07 1.09 1.08 1.06 1.05 1.05 1.09 1.06 1.08 1.05 1.06 1.09 
1.09 1.06 1.08 1.09 1.06 1.05 1.08 1.05 1.05 1.09 1.09 1.05 1.06 1.08 1.05 1.08 1.05 1.08 1.06 1.07 
1.05 1.07 1.09 1.06 1.08 1.06 1.07 1.07 1.06 1.07 1.09 1.05 1.08 1.08 1.09 1.07 1.08 1.06 1.05 1.06 
1.09 1.07 1.05 1.05 1.09 1.06 1.08 1.07 1.09 1.07 1.06 1.06 1.09 1.06 1.07 1.09 1.08 1.08 1.08 1.09 
1.06 1.07 1.05 1.09 1.06 1.06 1.05 1.07 1.09 1.05 1.05 1.08 1.07 1.08 1.08 1.08 1.05 1.08 1.07 1.08 
1.09 1.07 1.05 1.06 1.06 1.09 1.05 1.05 1.07 1.05 1.07 1.05 1.08 1.05 1.06 1.05 1.07 1.08 1.09 1.06 
1.07 1.06 1.08 1.05 1.09 1.06 1.09 1.05 1.09 1.09 1.06 1.06 1.08 1.05 1.06 1.09 1.08 1.09 1.09 1.08 
1.07 1.05 1.06 1.09 1.08 1.07 1.08 1.09 1.08 1.06 1.07 1.07 1.07 1.07 1.06 1.07 1.06 1.05 1.08 1.09 
1.07 1.07 1.08 1.08 1.07 1.08 1.08 1.09 1.05 1.09 1.08 1.06 1.09 1.05 1.09 1.09 1.05 1.06 1.07 1.07 
1.07 1.08 1.05 1.06 1.09 1.06 1.08 1.07 1.05 1.07 1.07 1.06 1.09 1.07 1.08 1.09 1.06 1.05 1.08 1.08 
1.09 1.06 1.05 1.07 1.09 1.05 1.09 1.07 1.07 1.06 1.09 1.05 1.09 1.07 1.07 1.06 1.05 1.06 1.05 1.07 
1.08 1.05 1.07 1.09 1.06 1.09 1.07 1.09 1.05 1.08 1.07 1.07 1.05 1.08 1.08 1.05 1.09 1.06 1.05 1.07 
1.05 1.08 1.09 1.05 1.08 1.05 1.08 1.06 1.08 1.07 1.08 1.07 1.09 1.06 1.07 1.06 1.08 1.08 1.05 1.06 
1.09 1.05 1.09 1.08 1.06 1.07 1.09 1.08 1.08 1.05 1.06 1.05 1.05 1.07 1.07 1.05 1.08 1.08 1.09 1.08 
1.06 1.09 1.09 1.06 1.05 1.06 1.05 1.05 1.05 1.05 1.07 1.09 1.08 1.07 1.08 1.05 1.08 1.06 1.09 1.08 
1.05 1.07 1.07 1.05 1.07 1.06 1.09 1.08 1.06 1.06 1.08 1.05 1.08 1.08 1.08 1.09 1.07 1.05 1.05 1.07 
1.07 1.08 1.07 1.05 1.07 1.08 1.07 1.05 1.05 1.09 1.09 1.07 1.08 1.05 1.09 1.08 1.05 1.08 1.08 1.09 
1.05 1.06 1.05 1.05 1.06 1.07 1.06 1.09 1.07 1.05 1.08 1.08 1.05 1.09 1.05 1.06 1.09 1.05 1.06 1.05 
1.06 1.08 1.08 1.06 1.09 1.09 1.07 1.06 1.08 1.07 1.09 1.09 1.09 1.07 1.07 1.08 1.08 1.06 1.06 1.08 
1.08 1.06 1.08 1.09 1.05 1.08 1.05 1.06 1.09 1.06 1.07 1.07 1.08 1.06 1.07 1.08 1.07 1.07 1.08 1.05 
1.06 1.08 1.05 1.08 1.08 1.06 1.08 1.06 1.08 1.05 1.05 1.06 1.06 1.05 1.07 1.08 1.08 1.08 1.08 1.08 
1.08 1.09 1.06 1.06 1.05 1.07 1.09 1.09 1.05 1.06 1.09 1.05 1.09 1.08 1.08 1.09 1.08 1.07 1.06 1.05 
1.06 1.06 1.08 1.07 1.08 1.07 1.07 1.09 1.07 1.06 1.05 1.05 1.06 1.09 1.09 1.08 1.08 1.09 1.09 1.05 
1.05 1.09 1.09 1.08 1.05 1.07 1.08 1.09 1.06 1.09 1.09 1.07 1.08 1.07 1.09 1.09 1.08 1.05 1.06 1.08 
1.06 1.08 1.08 1.07 1.05 1.05 1.05 1.06 1.06 1.07 1.06 1.05 1.09 1.05 1.06 1.07 1.09 1.06 1.08 1.09 
1.07 1.05 1.09 1.08 1.06 1.09 1.05 1.08 1.08 1.09 1.08 1.06 1.08 1.09 1.08 1.09 1.06 1.09 1.07 1.05 
1.08 1.07 1.05 1.05 1.06 1.08 1.06 1.07 1.07 1.09 1.08 1.09 1.05 1.09 1.07 1.06 1.05 1.07 1.05 1.05 
1.09 1.07 1.09 1.09 1.05 1.06 1.06 1.08 1.09 1.08 1.06 1.05 1.06 1.09 1.06 1.09 1.05 1.07 1.09 1.07 
1.05 1.09 1.05 1.07 1.07 1.08 1.05 1.05 1.09 1.09 1.08 1.07 1.07 1.06 1.05 1.09 1.08 1.08 1.09 1.07 
1.09 1.08 1.06 1.05 1.09 1.08 1.06 1.05 1.06 1.06 1.09 1.05 1.07 1.06 1.05 1.06 1.05 1.05 1.06 1.07 
1.07 1.05 1.07 1.07 1.07 1.06 1.09 1.08 1.07 1.08 1.05 1.07 1.06 1.09 1.07 1.07 1.08 1.08 1.06 1.06 
1.05 1.07 1.09 1.07 1.07 1.09 1.08 1.07 1.07 1.09 1.07 1.07 1.09 1.09 1.05 1.05 1.08 1.07 1.08 1.05 
1.05 1.05 1.09 1.07 1.09 1.07 1.06 1.08 1.09 1.06 1.05 1.07 1.09 1.08 1.05 1.07 1.07 1.08 1.08 1.05 
1.05 1.08 1.05 1.07 1.07 1.08 1.07 1.08 1.05 1.05 1.06 1.09 1.08 1.07 1.07 1.06 1.08 1.06 1.05 1.06 
1.05 1.09 1.06 1.06 1.09 1.05 1.07 1.08 1.08 1.08 1.09 1.08 1.08 1.06 1.05 1.07 1.08 1.06 1.09 1.07 
1.07 1.08 1.09 1.08 1.08 1.09 1.06 1.07 1.05 1.07 1.05 1.05 1.05 1.06 1.05 1.05 1.05 1.09 1.05 1.07 
1.06 1.05 1.06 1.09 1.09 1.06 1.05 1.09 1.07 1.07 1.09 1.08 1.08 1.08 1.08 1.08 1.06 1.09 1.06 1.06 
1.08 1.06 1.07 1.06 1.09 1.08 1.09 1.09 1.08 1.05 1.05 1.06 1.07 1.08 1.08 1.08 1.08 1.08 1.06 1.09 
1.08 1.07 1.05 1.05 1.07 1.07 1.08 1.08 1.05 1.08 1.07 1.07 1.06 1.09 1.06 1.09 1.07 1.08 1.05 1.08 
1.08 1.06 1.07 1.07 1.07 1.06 1.05 1.06 1.06 1.08 1.08 1.08 1.06 1.07 1.09 1.05 1.05 1.09 1.08 1.07 
1.06 1.06 1.06 1.08 1.07 1.09 1.09 1.09 1.09 1.08 1.05 1.08 1.09 1.08 1.07 1.06 1.07 1.06 1.07 1.07 
1.08 1.07 1.07 1.09 1.06 1.08 1.07 1.05 1.09 1.09 1.05 1.09 1.07 1.08 1.09 1.08 1.06 1.06 1.05 1.09 
1.05 1.05 1.09 1.05 1.05 1.07 1.09 1.07 1.05 1.06 1.08 1.08 1.09 1.08 1.05 1.06 1.08 1.09 1.09 1.07 
1.09 1.06 1.09 1.07 1.09 1.09 1.06 1.06 1.06 1.05 1.05 1.07 1.09 1.05 1.06 1.07 1.07 1.07 1.09 1.07 
1.08 1.05 1.05 1.05 1.07 1.05 1.07 1.07 1.07 1.09 1.07 1.06 1.05 1.06 1.09 1.06 1.07 1.08 1.08 1.09 
1.07 1.07 1.08 1.07 1.07 1.05 1.08 1.08 1.06 1.05 1.08 1.09 1.09 1.05 1.09 1.07 1.05 1.07 1.09 1.09 
1.08 1.08 1.05 1.08 1.07 1.07 1.08 1.07 1.09 1.09 1.09 1.06 1.08 1.06 1.07 1.08 1.06 1.05 1.07 1.08 
1.09 1.09 1.07 1.05 1.05 1.08 1.08 1.06 1.06 1.06 1.08 1.07 1.05 1.08 1.07 1.07 1.08 1.08 1.09 1.08 
1.09 1.08 1.07 1.08 1.05 1.06 1.06 1.07 1.08 1.08 1.07 1.05 1.09 1.09 1.08 1.05 1.05 1.08 1.07 1.08 
1.09 1.09 1.07 1.08 1.05 1.06 1.08 1.06 1.07 1.08 1.08 1.08 1.06 1.07 1.08 1.05 1.07 1.08 1.09 1.05 
1.08 1.07 1.08 1.09 1.05 1.07 1.06 1.08 1.07 1.05 1.09 1.06 1.05 1.05 1.05 1.06 1.07 1.06 1.08 1.08 
1.09 1.05 1.09 1.05 1.08 1.05 1.08 1.09 1.08 1.06 1.05 1.06 1.07 1.05 1.06 1.07 1.06 1.05 1.07 1.09 
1.06 1.09 1.09 1.07 1.08 1.06 1.05 1.06 1.06 1.05 1.08 1.05 1.06 1.09 1.06 1.08 1.07 1.05 1.07 1.06 
1.05 1.05 1.09 1.05 1.08 1.08 1.07 1.07 1.05 1.06 1.08 1.06 1.05 1.05 1.06 1.07 1.09 1.09 1.09 1.09 
1.05 1.07 1.05 1.08 1.05 1.07 1.07 1.05 1.07 1.08 1.06 1.06 1.06 1.05 1.08 1.09 1.09 1.07 1.09 1.08 
1.08 1.05 1.08 1.06 1.05 1.08 1.09 1.09 1.09 1.09 1.06 1.08 1.08 1.08 1.09 1.07 1.05 1.07 1.09 1.09 
1.09 1.05 1.07 1.06 1.08 1.06 1.08 1.08 1.05 1.08 1.09 1.07 1.05 1.09 1.06 1.08 1.08 1.07 1.06 1.09 
1.09 1.07 1.06 1.06 1.07 1.09 1.06 1.05 1.06 1.05 1.05 1.05 1.08 1.08 1.06 1.09 1.08 1.05 1.06 1.07 
1.08 1.09 1.08 1.09 1.06 1.09 1.08 1.06 1.08 1.09 1.06 1.06 1.08 1.06 1.06 1.07 1.09 1.05 1.07 1.07 
1.07 1.08 1.06 1.05 1.08 1.06 1.07 1.05 1.08 1.05 1.05 1.05 1.06 1.08 1.05 1.05 1.09 1.06 1.05 1.05 
1.05 1.07 1.05 1.05 1.06 1.07 1.05 1.05 1.07 1.09 1.07 1.06 1.06 1.07 1.08 1.05 1.08 1.08 1.09 1.05 
1.06 1.08 1.07 1.06 1.05 1.05 1.08 1.05 1.05 1.07 1.06 1.08 1.05 1.09 1.08 1.05 1.08 1.08 1.07 1.09 
1.09 1.05 1.09 1.08 1.08 1.08 1.09 1.06 1.09 1.07 1.06 1.08 1.08 1.09 1.08 1.07 1.05 1.05 1.09 1.08 
1.09 1.06 1.08 1.07 1.08 1.09 1.06 1.05 1.05 1.09 1.07 1.09 1.09 1.06 1.06 1.09 1.09 1.07 1.05 1.09 
1.07 1.05 1.05 1.06 1.08 1.09 1.08 1.09 1.05 1.05 1.05 1.07 1.05 1.05 1.08 1.05 1.07 1.05 1.07 1.07 
1.07 1.08 1.06 1.08 1.07 1.09 1.08 1.08 1.07 1.07 1.07 1.08 1.09 1.08 1.08 1.08 1.09 1.09 1.07 1.06 
1.09 1.09 1.06 1.08 1.07 1.07 1.08 1.09 1.09 1.07 1.06 1.08 1.08 1.07 1.07 1.08 1.05 1.09 1.05 1.05 
1.07 1.09 1.07 1.08 1.08 1.05 1.05 1.08 1.08 1.09 1.09 1.06 1.05 1.06 1.09 1.07 1.09 1.08 1.09 1.07 
1.05 1.08 1.06 1.08 1.06 1.06 1.05 1.09 1.07 1.07 1.05 1.08 1.06 1.09 1.05 1.09 1.05 1.09 1.08 1.09 
1.07 1.07 1.06 1.05 1.08 1.06 1.08 1.08 1.09 1.08 1.09 1.05 1.08 1.05 1.08 1.05 1.07 1.09 1.07 1.06 
1.06 1.08 1.09 1.07 1.06 1.06 1.08 1.07 1.06 1.07 1.06 1.07 1.07 1.05 1.06 1.08 1.07 1.09 1.07 1.08 
1.08 1.07 1.06 1.07 1.07 1.06 1.05 1.05 1.06 1.05 1.09 1.05 1.09 1.05 1.09 1.06 1.06 1.08 1.08 1.06 
1.08 1.07 1.07 1.06 1.05 1.08 1.06 1.07 1.07 1.08 1.07 1.06 1.08 1.08 1.09 1.09 1.05 1.06 1.08 1.06 
1.09 1.05 1.05 1.09 1.08 1.06 1.08 1.07 1.07 1.09 1.09 1.09 1.08 1.06 1.08 1.07 1.07 1.06 1.05 1.06 
1.08 1.08 1.08 1.06 1.05 1.05 1.08 1.06 1.08 1.08 1.06 1.06 1.05 1.06 1.07 1.08 1.09 1.07 1.07 1.08 
1.08 1.05 1.06 1.09 1.08 1.06 1.08 1.06 1.05 1.06 1.05 1.06 1.06 1.08 1.06 1.09 1.06 1.05 1.09 1.07 
1.06 1.09 1.09 1.06 1.07 1.05 1.08 1.08 1.05 1.06 1.08 1.08 1.08 1.05 1.08 1.09 1.09 1.07 1.08 1.06 
1.09 1.09 1.09 1.05 1.06 1.05 1.06 1.07 1.09 1.07 1.06 1.06 1.05 1.05 1.08 1.09 1.05 1.07 1.06 1.08 
1.07 1.05 1.08 1.05 1.07 1.07 1.09 1.08 1.06 1.06 1.08 1.08 1.08 1.09 1.05 1.08 1.09 1.09 1.05 1.07 
1.08 1.05 1.08 1.06 1.06 1.06 1.06 1.06 1.08 1.08 1.05 1.07 1.08 1.08 1.07 1.08 1.09 1.08 1.09 1.05 
1.05 1.06 1.07 1.07 1.07 1.09 1.07 1.05 1.08 1.05 1.05 1.08 1.06 1.06 1.08 1.05 1.09 1.06 1.09 1.05 
1.08 1.07 1.08 1.05 1.05 1.05 1.05 1.05 1.07 1.06 1.07 1.09 1.08 1.08 1.07 1.09 1.05 1.09 1.08 1.06 
1.07 1.05 1.07 1.07 1.09 1.06 1.05 1.08 1.06 1.05 1.06 1.05 1.05 1.06 1.06 1.06 1.09 1.06 1.05 1.09 
1.07 1.05 1.08 1.05 1.09 1.09 1.09 1.08 1.08 1.07 1.07 1.07 1.05 1.07 1.05 1.06 1.08 1.07 1.05 1.09 
1.08 1.06 1.05 1.09 1.07 1.05 1.07 1.08 1.08 1.08 1.08 1.09 1.09 1.09 1.08 1.09 1.08 1.08 1.05 1.05 
1.07 1.08 1.09 1.06 1.05 1.07 1.08 1.08 1.07 1.06 1.05 1.09 1.05 1.07 1.09 1.07 1.05 1.08 1.09 1.06 
1.06 1.06 1.07 1.09 1.08 1.06 1.07 1.06 1.08 1.09 1.07 1.06 1.06 1.05 1.07 1.09 1.06 1.07 1.06 1.06 
1.06 1.07 1.05 1.09 1.08 1.08 1.09 1.08 1.09 1.05 1.05 1.05 1.09 1.07 1.06 1.09 1.07 1.06 1.06 1.07 
1.05 1.08 1.08 1.08 1.08 1.07 1.05 1.09 1.08 1.05 1.09 1.06 1.09 1.06 1.05 1.08 1.05 1.09 1.08 1.08 
1.05 1.09 1.06 1.07 1.08 1.09 1.08 1.07 1.05 1.08 1.05 1.08 1.07 1.07 1.06 1.07 1.07 1.05 1.07 1.05 
1.08 1.06 1.09 1.07 1.06 1.07 1.05 1.05 1.07 1.05 1.06 1.05 1.06 1.08 1.09 1.08 1.07 1.08 1.08 1.09 
1.08 1.07 1.05 1.08 1.05 1.05 1.05 1.05 1.07 1.07 1.09 1.05 1.09 1.08 1.05 1.09 1.06 1.07 1.07 1.06 
1.05 1.06 1.06 1.06 1.07 1.09 1.06 1.09 1.07 1.05 1.08 1.08 1.05 1.05 1.08 1.05 1.08 1.08 1.07 1.09 
1.09 1.05 1.09 1.07 1.07 1.09 1.07 1.08 1.09 1.09 1.08 1.07 1.05 1.08 1.07 1.05 1.05 1.09 1.06 1.09 
1.08 1.05 1.05 1.05 1.07 1.09 1.05 1.07 1.09 1.07 1.08 1.07 1.05 1.05 1.08 1.06 1.06 1.07 1.09 1.06 
1.05 1.07 1.06 1.05 1.05 1.06 1.05 1.08 1.09 1.06 1.09 1.09 1.05 1.08 1.06 1.08 1.07 1.07 1.09 1.09 
1.09 1.08 1.09 1.07 1.08 1.08 1.09 1.07 1.05 1.07 1.07 1.05 1.06 1.08 1.08 1.06 1.07 1.09 1.07 1.07 
1.09 1.05 1.08 1.09 1.08 1.07 1.09 1.09 1.08 1.08 1.07 1.08 1.08 1.08 1.07 1.07 1.05 1.05 1.09 1.05 
1.05 1.06 1.09 1.05 1.06 1.08 1.06 1.09 1.09 1.09 1.06 1.05 1.05 1.06 1.08 1.08 1.09 1.09 1.05 1.06 
1.05 1.08 1.07 1.09 1.09 1.07 1.05 1.08 1.07 1.08 1.05 1.08 1.08 1.06 1.05 1.05 1.05 1.06 1.07 1.06 
1.08 1.07 1.06 1.08 1.09 1.08 1.06 1.07 1.07 1.09 1.07 1.08 1.06 1.08 1.06 1.07 1.06 1.09 1.06 1.05 
1.06 1.06 1.08 1.05 1.09 1.05 1.07 1.06 1.08 1.07 1.09 1.06 1.08 1.08 1.06 1.08 1.09 1.07 1.05 1.06 
1.07 1.08 1.08 1.08 1.09 1.07 1.07 1.05 1.06 1.05 1.05 1.07 1.09 1.08 1.07 1.09 1.06 1.08 1.08 1.05 
1.07 1.05 1.05 1.08 1.05 1.07 1.05 1.05 1.09 1.08 1.05 1.08 1.08 1.07 1.09 1.07 1.09 1.06 1.07 1.09 
1.05 1.09 1.08 1.05 1.05 1.06 1.09 1.08 1.09 1.06 1.05 1.07 1.07 1.07 1.06 1.06 1.08 1.09 1.09 1.08 
1.09 1.07 1.06 1.06 1.05 1.05 1.07 1.07 1.09 1.06 1.07 1.06 1.07 1.06 1.05 1.06 1.06 1.07 1.08 1.06 
1.09 1.08 1.07 1.05 1.09 1.07 1.05 1.08 1.07 1.07 1.07 1.07 1.09 1.06 1.07 1.05 1.05 1.07 1.08 1.05 
1.05 1.05 1.05 1.05 1.07 1.05 1.07 1.06 1.05 1.07 1.09 1.06 1.09 1.05 1.05 1.09 1.07 1.06 1.06 1.06 
1.08 1.07 1.06 1.09 1.06 1.07 1.07 1.07 1.05 1.07 1.09 1.07 1.08 1.09 1.08 1.09 1.06 1.06 1.09 1.07 
1.06 1.09 1.06 1.08 1.07 1.05 1.05 1.09 1.09 1.08 1.08 1.05 1.09 1.08 1.08 1.09 1.07 1.08 1.07 1.07 
1.09 1.06 1.06 1.05 1.06 1.08 1.08 1.07 1.09 1.09 1.08 1.08 1.07 1.06 1.06 1.06 1.05 1.07 1.07 1.08 
1.08 1.09 1.06 1.09 1.05 1.09 1.09 1.05 1.06 1.08 1.08 1.05 1.09 1.05 1.05 1.05 1.08 1.09 1.07 1.08 
1.06 1.07 1.05 1.06 1.05 1.08 1.07 1.06 1.06 1.07 1.07 1.07 1.05 1.07 1.05 1.07 1.07 1.05 1.08 1.05 
1.07 1.09 1.07 1.09 1.08 1.09 1.05 1.07 1.05 1.09 1.09 1.05 1.08 1.05 1.09 1.09 1.05 1.07 1.06 1.08 
1.06 1.09 1.06 1.05 1.05 1.08 1.07 1.09 1.07 1.05 1.06 1.06 1.07 1.08 1.08 1.05 1.08 1.05 1.07 1.06 
1.08 1.08 1.05 1.06 1.08 1.07 1.08 1.06 1.07 1.09 1.09 1.08 1.08 1.07 1.07 1.07 1.08 1.06 1.08 1.07 
1.09 1.07 1.08 1.06 1.05 1.09 1.09 1.08 1.06 1.05 1.08 1.09 1.07 1.09 1.08 1.09 1.07 1.05 1.07 1.07 
1.08 1.05 1.05 1.06 1.07 1.05 1.05 1.06 1.08 1.09 1.06 1.06 1.09 1.05 1.07 1.08 1.06 1.05 1.09 1.05 
1.05 1.06 1.08 1.08 1.05 1.06 1.08 1.05 1.08 1.05 1.07 1.07 1.06 1.08 1.07 1.05 1.05 1.06 1.06 1.07 
1.08 1.08 1.06 1.06 1.07 1.08 1.05 1.06 1.07 1.07 1.07 1.09 1.09 1.05 1.09 1.05 1.06 1.07 1.07 1.07 
