20
300
11 19 58 88 4 10 6 65 29 42 14 63 41 79 87 26 97 31 73 64 35 30 52 93 96 8 40 51 90 98 95 73 25 79 5 34 30 84 99 19 4 14 25 6 27 74 52 24 38 65 44 77 53 89 41 29 71 40 25 42 60 23 53 41 54 82 67 41 70 18 40 70 53 67 29 42 100 59 71 4 71 66 35 98 48 76 87 1 52 84 22 62 18 35 54 92 25 36 80 59 18 52 68 98 69 77 82 24 16 23 31 91 16 43 80 11 65 23 88 6 72 33 72 80 15 28 28 85 11 81 80 68 65 42 40 50 23 24 75 36 92 36 10 85 34 34 88 87 7 10 29 16 74 48 19 88 35 19 29 89 30 89 74 5 28 93 36 55 31 16 74 45 75 87 34 89 96 45 67 59 38 66 14 42 14 55 11 68 19 69 59 83 9 64 76 62 53 91 52 76 21 29 73 16 5 81 20 20 22 46 29 14 86 1 34 4 25 12 64 27 6 21 10 48 25 78 96 54 15 73 39 22 66 71 45 32 51 69 67 29 41 43 89 65 72 44 99 95 18 10 65 63 28 70 96 12 60 67 87 58 14 24 66 5 81 82 94 70 76 18 33 13 28 35 33 16 47 4 7 51 49 4 40 97 14 26 79 2 12 31 100 5 51 42 26 12 30 34 60 29 
1 3 1 3 3 2 3 2 1 3 3 1 3 1 3 3 1 2 1 2 
1.06 1.05 1.07 1.05 1.08 1.07 1.05 1.05 1.08 1.06 1.09 1.06 1.07 1.08 1.08 1.08 1.05 1.05 1.07 1.07 
1.09 1.09 1.09 1.08 1.09 1.08 1.06 1.06 1.05 1.06 1.07 1.07 1.05 1.06 1.06 1.07 1.09 1.06 1.08 1.07 
1.05 1.07 1.06 1.05 1.08 1.05 1.08 1.06 1.08 1.07 1.05 1.05 1.05 1.06 1.07 1.08 1.09 1.08 1.09 1.08 
1.08 1.06 1.08 1.08 1.05 1.09 1.05 1.07 1.05 1.07 1.05 1.07 1.05 1.08 1.05 1.07 1.07 1.06 1.06 1.07 
1.06 1.06 1.09 1.07 1.09 1.06 1.07 1.05 1.08 1.05 1.05 1.08 1.05 1.09 1.07 1.08 1.07 1.09 1.07 1.05 
1.06 1.07 1.05 1.07 1.06 1.05 1.08 1.05 1.09 1.07 1.09 1.06 1.05 1.09 1.08 1.05 1.07 1.07 1.06 1.05 
1.09 1.06 1.09 1.07 1.09 1.05 1.07 1.06 1.09 1.08 1.09 1.05 1.06 1.08 1.06 1.08 1.08 1.05 1.08 1.06 
1.05 1.09 1.05 1.05 1.05 1.09 1.07 1.07 1.06 1.06 1.06 1.05 1.05 1.09 1.06 1.06 1.06 1.06 1.05 1.05 
1.08 1.07 1.07 1.09 1.06 1.09 1.07 1.07 1.08 1.07 1.07 1.08 1.09 1.06 1.08 1.06 1.08 1.07 1.05 1.07 
1.07 1.06 1.05 1.08 1.05 1.08 1.05 1.06 1.09 1.08 1.05 1.08 1.07 1.07 1.07 1.05 1.09 1.08 1.08 1.07 
1.06 1.05 1.08 1.05 1.05 1.06 1.09 1.08 1.07 1.06 1.09 1.06 1.08 1.05 1.07 1.09 1.05 1.06 1.09 1.06 
1.05 1.05 1.09 1.06 1.07 1.07 1.09 1.08 1.09 1.06 1.05 1.05 1.09 1.06 1.08 1.09 1.07 1.08 1.08 1.08 
1.09 1.07 1.05 1.09 1.05 1.05 1.08 1.07 1.09 1.09 1.05 1.08 1.09 1.06 1.07 1.08 1.09 1.09 1.06 1.09 
1.06 1.07 1.05 1.07 1.08 1.08 1.09 1.09 1.06 1.07 1.09 1.08 1.05 1.05 1.07 1.08 1.05 1.09 1.09 1.05 
1.07 1.08 1.05 1.09 1.08 1.07 1.06 1.07 1.09 1.09 1.07 1.05 1.05 1.08 1.07 1.08 1.06 1.09 1.06 1.07 
1.08 1.08 1.09 1.08 1.09 1.05 1.07 1.06 1.05 1.09 1.08 1.05 1.06 1.08 1.08 1.09 1.09 1.08 1.07 1.08 
1.08 1.05 1.07 1.09 1.07 1.08 1.06 1.05 1.07 1.06 1.07 1.06 1.09 1.08 1.05 1.06 1.07 1.06 1.05 1.08 
1.05 1.08 1.06 1.05 1.05 1.08 1.07 1.06 1.06 1.06 1.05 1.06 1.09 1.06 1.07 1.07 1.07 1.06 1.09 1.08 
1.06 1.08 1.09 1.09 1.06 1.06 1.05 1.07 1.09 1.09 1.08 1.07 1.05 1.08 1.08 1.07 1.06 1.06 1.06 1.08 
1.06 1.09 1.06 1.08 1.08 1.07 1.09 1.05 1.05 1.09 1.09 1.06 1.05 1.05 1.06 1.07 1.09 1.07 1.06 1.07 
1.06 1.09 1.07 1.08 1.07 1.09 1.05 1.06 1.06 1.06 1.07 1.06 1.07 1.09 1.07 1.05 1.05 1.09 1.09 1.07 
1.07 1.09 1.06 1.06 1.08 1.05 1.09 1.07 1.07 1.07 1.07 1.09 1.08 1.06 1.08 1.07 1.08 1.05 1.05 1.06 
1.05 1.07 1.06 1.07 1.09 1.07 1.07 1.06 1.06 1.09 1.06 1.07 1.05 1.06 1.05 1.08 1.07 1.09 1.05 1.05 
1.08 1.08 1.09 1.08 1.06 1.08 1.05 1.06 1.08 1.09 1.06 1.09 1.05 1.06 1.09 1.06 1.09 1.06 1.05 1.08 
1.05 1.09 1.06 1.05 1.05 1.07 1.05 1.09 1.07 1.07 1.09 1.06 1.07 1.06 1.06 1.09 1.05 1.09 1.08 1.08 
1.06 1.08 1.06 1.08 1.09 1.07 1.06 1.06 1.09 1.06 1.07 1.09 1.05 1.07 1.05 1.09 1.05 1.07 1.07 1.06 
1.05 1.09 1.09 1.09 1.09 1.06 1.07 1.06 1.06 1.09 1.09 1.06 1.08 1.09 1.07 1.09 1.09 1.08 1.09 1.05 
1.09 1.08 1.05 1.08 1.08 1.05 1.06 1.05 1.09 1.07 1.08 1.09 1.07 1.06 1.07 1.06 1.09 1.05 1.09 1.08 
1.08 1.06 1.09 1.07 1.06 1.06 1.09 1.08 1.08 1.05 1.07 1.09 1.05 1.06 1.08 1.05 1.08 1.09 1.05 1.06 
1.06 1.08 1.05 1.09 1.09 1.06 1.07 1.08 1.06 1.06 1.07 1.09 1.07 1.05 1.08 1.09 1.07 1.06 1.08 1.08 
1.05 1.07 1.06 1.06 1.08 1.06 1.07 1.05 1.08 1.08 1.06 1.08 1.06 1.05 1.08 1.09 1.09 1.05 1.06 1.06 
1.07 1.08 1.06 1.05 1.05 1.06 1.08 1.08 1.05 1.08 1.05 1.05 1.08 1.05 1.08 1.09 1.07 1.07 1.06 1.08 
1.07 1.09 1.09 1.06 1.08 1.05 1.09 1.09 1.05 1.05 1.06 1.08 1.09 1.07 1.06 1.05 1.09 1.07 1.06 1.06 
1.05 1.08 1.06 1.05 1.08 1.07 1.06 1.08 1.09 1.06 1.09 1.05 1.08 1.07 1.08 1.06 1.09 1.05 1.05 1.08 
1.07 1.09 1.06 1.08 1.08 1.08 1.07 1.09 1.06 1.07 1.07 1.05 1.05 1.07 1.08 1.08 1.09 1.06 1.06 1.06 
1.09 1.09 1.09 1.08 1.08 1.09 1.05 1.09 1.07 1.09 1.09 1.09 1.08 1.09 1.08 1.06 1.09 1.09 1.06 1.09 
1.09 1.08 1.08 1.07 1.07 1.09 1.05 1.06 1.05 1.09 1.08 1.06 1.08 1.05 1.09 1.06 1.08 1.07 1.09 1.07 
1.07 1.09 1.07 1.06 1.06 1.07 1.09 1.06 1.05 1.07 1.06 1.08 1.05 1.07 1.05 1.06 1.07 1.09 1.09 1.06 
1.06 1.05 1.09 1.05 1.05 1.06 1.08 1.09 1.08 1.09 1.07 1.07 1.09 1.06 1.05 1.06 1.06 1.07 1.09 1.07 
1.08 1.06 1.07 1.07 1.06 1.05 1.07 1.08 1.09 1.08 1.08 1.08 1.07 1.09 1.09 1.05 1.09 1.09 1.07 1.06 
1.05 1.08 1.05 1.07 1.08 1.05 1.06 1.05 1.06 1.05 1.07 1.06 1.07 1.07 1.05 1.07 1.08 1.07 1.09 1.05 
1.08 1.05 1.07 1.08 1.07 1.06 1.08 1.09 1.07 1.06 1.06 1.08 1.07 1.09 1.05 1.07 1.06 1.07 1.08 1.05 
1.07 1.05 1.09 1.09 1.07 1.05 1.08 1.08 1.06 1.07 1.06 1.09 1.05 1.05 1.06 1.07 1.08 1.08 1.08 1.09 
1.08 1.06 1.09 1.06 1.05 1.07 1.08 1.06 1.05 1.06 1.07 1.05 1.08 1.08 1.09 1.06 1.09 1.07 1.06 1.06 
1.06 1.05 1.05 1.07 1.06 1.09 1.07 1.07 1.09 1.05 1.08 1.07 1.08 1.05 1.07 1.05 1.05 1.08 1.07 1.06 
1.09 1.05 1.06 1.05 1.09 1.08 1.09 1.06 1.08 1.08 1.06 1.09 1.07 1.08 1.05 1.06 1.07 1.09 1.05 1.09 
1.08 1.08 1.08 1.08 1.06 1.08 1.07 1.09 1.09 1.06 1.07 1.06 1.08 1.08 1.09 1.07 1.08 1.07 1.05 1.05 
1.09 1.08 1.07 1.07 1.09 1.06 1.06 1.05 1.09 1.06 1.09 1.05 1.08 1.05 1.05 1.07 1.09 1.05 1.05 1.06 
1.08 1.08 1.09 1.08 1.08 1.08 1.09 1.05 1.06 1.09 1.09 1.05 1.06 1.08 1.09 1.09 1.06 1.07 1.06 1.05 
1.09 1.09 1.06 1.05 1.06 1.07 1.09 1.07 1.06 1.05 1.07 1.07 1.07 1.06 1.09 1.09 1.07 1.06 1.06 1.05 
1.09 1.09 1.07 1.08 1.05 1.07 1.09 1.08 1.08 1.06 1.09 1.09 1.09 1.09 1.05 1.06 1.08 1.05 1.08 1.06 
1.09 1.05 1.06 1.09 1.07 1.07 1.05 1.07 1.05 1.06 1.07 1.05 1.08 1.09 1.07 1.06 1.08 1.08 1.06 1.06 
1.09 1.05 1.06 1.05 1.07 1.05 1.05 1.07 1.08 1.08 1.06 1.07 1.09 1.06 1.08 1.06 1.08 1.06 1.06 1.05 
1.07 1.08 1.05 1.06 1.07 1.05 1.09 1.05 1.05 1.08 1.05 1.08 1.05 1.08 1.08 1.08 1.05 1.09 1.05 1.09 
1.09 1.05 1.07 1.06 1.06 1.06 1.07 1.06 1.09 1.06 1.09 1.05 1.08 1.05 1.06 1.08 1.05 1.05 1.05 1.08 
1.07 1.05 1.06 1.08 1.06 1.05 1.06 1.09 1.06 1.07 1.05 1.05 1.08 1.08 1.07 1.05 1.07 1.09 1.07 1.05 
1.09 1.09 1.06 1.09 1.07 1.06 1.06 1.06 1.07 1.07 1.09 1.09 1.06 1.08 1.08 1.09 1.09 1.06 1.09 1.07 
1.05 1.06 1.09 1.06 1.08 1.09 1.07 1.09 1.05 1.08 1.08 1.05 1.06 1.08 1.08 1.08 1.09 1.09 1.06 1.05 
1.05 1.09 1.05 1.08 1.09 1.08 1.06 1.08 1.05 1.06 1.07 1.08 1.05 1.08 1.07 1.05 1.05 1.07 1.08 1.08 
1.06 1.09 1.06 1.09 1.07 1.07 1.05 1.07 1.06 1.08 1.05 1.08 1.06 1.05 1.09 1.09 1.06 1.06 1.05 1.07 
1.06 1.05 1.05 1.09 1.08 1.06 1.05 1.09 1.06 1.09 1.09 1.06 1.05 1.09 1.08 1.06 1.05 1.06 1.06 1.08 
1.06 1.06 1.06 1.05 1.06 1.08 1.08 1.05 1.08 1.08 1.06 1.08 1.05 1.08 1.07 1.07 1.07 1.05 1.09 1.06 
1.05 1.07 1.07 1.09 1.08 1.08 1.05 1.06 1.06 1.07 1.07 1.05 1.07 1.09 1.09 1.06 1.05 1.08 1.09 1.05 
1.06 1.05 1.06 1.08 1.07 1.06 1.08 1.06 1.05 1.08 1.09 1.05 1.06 1.08 1.09 1.07 1.07 1.06 1.09 1.06 
1.09 1.07 1.06 1.08 1.06 1.08 1.09 1.06 1.08 1.06 1.07 1.05 1.09 1.05 1.08 1.05 1.06 1.06 1.06 1.08 
1.05 1.06 1.08 1.06 1.08 1.06 1.07 1.09 1.06 1.08 1.07 1.09 1.09 1.09 1.09 1.09 1.07 1.06 1.08 1.06 
1.06 1.07 1.07 1.05 1.09 1.05 1.07 1.05 1.05 1.08 1.07 1.08 1.05 1.08 1.06 1.08 1.08 1.05 1.05 1.06 
1.07 1.05 1.09 1.06 1.07 1.06 1.05 1.06 1.09 1.08 1.07 1.08 1.08 1.09 1.09 1.07 1.05 1.07 1.09 1.07 
1.05 1.06 1.08 1.09 1.06 1.09 1.06 1.07 1.07 1.08 1.08 1.07 1.09 1.07 1.09 1.08 1.07 1.09 1.06 1.06 
1.08 1.08 1.07 1.06 1.06 1.07 1.07 1.05 1.07 1.06 1.07 1.08 1.06 1.08 1.07 1.05 1.07 1.08 1.07 1.09 
1.09 1.09 1.09 1.06 1.08 1.06 1.06 1.08 1.06 1.08 1.05 1.09 1.08 1.08 1.06 1.07 1.09 1.08 1.05 1.09 
1.09 1.06 1.08 1.08 1.08 1.09 1.09 1.09 1.08 1.07 1.06 1.06 1.08 1.08 1.08 1.09 1.06 1.08 1.08 1.08 
1.08 1.09 1.09 1.05 1.08 1.06 1.05 1.06 1.05 1.06 1.06 1.07 1.09 1.08 1.07 1.08 1.07 1.05 1.05 1.08 
1.06 1.07 1.06 1.08 1.08 1.09 1.08 1.08 1.09 1.06 1.05 1.06 1.08 1.05 1.06 1.09 1.09 1.06 1.08 1.05 
1.07 1.07 1.08 1.07 1.06 1.07 1.07 1.07 1.06 1.08 1.07 1.09 1.09 1.05 1.09 1.05 1.06 1.06 1.07 1.07 
1.06 1.08 1.07 1.08 1.05 1.08 1.09 1.07 1.08 1.05 1.06 1.06 1.09 1.06 1.08 1.09 1.08 1.06 1.08 1.05 
1.09 1.08 1.05 1.08 1.06 1.09 1.09 1.07 1.07 1.08 1.05 1.09 1.05 1.05 1.09 1.05 1.06 1.06 1.08 1.06 
1.07 1.05 1.07 1.09 1.07 1.06 1.08 1.07 1.07 1.05 1.08 1.09 1.09 1.08 1.07 1.06 1.06 1.09 1.08 1.08 
1.09 1.05 1.09 1.08 1.09 1.09 1.05 1.08 1.08 1.07 1.06 1.05 1.07 1.07 1.09 1.07 1.09 1.08 1.06 1.05 
1.06 1.08 1.07 1.07 1.09 1.05 1.07 1.06 1.07 1.07 1.08 1.09 1.06 1.08 1.08 1.06 1.07 1.09 1.06 1.08 
1.05 1.08 1.08 1.06 1.06 1.07 1.08 1.07 1.07 1.08 1.08 1.08 1.09 1.07 1.08 1.06 1.06 1.07 1.08 1.07 
1.06 1.07 1.08 1.08 1.09 1.06 1.05 1.06 1.09 1.08 1.06 1.07 1.09 1.05 1.08 1.07 1.05 1.05 1.07 1.09 
1.09 1.08 1.08 1.07 1.07 1.05 1.09 1.06 1.09 1.06 1.06 1.05 1.09 1.08 1.06 1.05 1.08 1.09 1.06 1.07 
1.09 1.09 1.07 1.09 1.06 1.05 1.08 1.05 1.07 1.07 1.06 1.08 1.05 1.09 1.09 1.06 1.07 1.07 1.05 1.07 
1.06 1.09 1.06 1.07 1.08 1.06 1.08 1.08 1.06 1.09 1.06 1.06 1.07 1.08 1.09 1.05 1.08 1.08 1.08 1.05 
1.07 1.08 1.09 1.08 1.08 1.06 1.06 1.05 1.07 1.05 1.09 1.05 1.07 1.07 1.06 1.08 1.06 1.09 1.09 1.05 
1.06 1.09 1.09 1.05 1.05 1.07 1.09 1.07 1.07 1.06 1.06 1.06 1.07 1.08 1.06 1.06 1.05 1.08 1.06 1.09 
1.08 1.08 1.09 1.06 1.08 1.09 1.07 1.06 1.07 1.08 1.08 1.09 1.05 1.08 1.07 1.07 1.06 1.06 1.08 1.07 
1.06 1.09 1.07 1.07 1.05 1.06 1.06 1.05 1.05 1.06 1.09 1.07 1.07 1.09 1.06 1.07 1.06 1.05 1.09 1.07 
1.06 1.06 1.06 1.07 1.09 1.06 1.05 1.09 1.09 1.05 1.05 1.05 1.08 1.07 1.08 1.06 1.08 1.05 1.07 1.08 
1.05 1.05 1.07 1.05 1.05 1.09 1.09 1.05 1.09 1.05 1.05 1.09 1.07 1.06 1.07 1.09 1.07 1.07 1.06 1.05 
1.05 1.05 1.09 1.06 1.06 1.08 1.06 1.09 1.08 1.08 1.08 1.06 1.06 1.05 1.06 1.06 1.05 1.07 1.07 1.08 
1.09 1.06 1.09 1.06 1.09 1.07 1.06 1.08 1.06 1.08 1.09 1.06 1.09 1.09 1.07 1.06 1.07 1.07 1.06 1.06 
1.07 1.09 1.09 1.05 1.09 1.08 1.06 1.07 1.08 1.09 1.08 1.07 1.08 1.05 1.05 1.05 1.07 1.05 1.05 1.06 
1.08 1.09 1.06 1.07 1.06 1.07 1.09 1.09 1.06 1.09 1.08 1.09 1.08 1.09 1.09 1.05 1.07 1.09 1.07 1.08 
1.08 1.08 1.06 1.09 1.05 1.09 1.06 1.05 1.07 1.05 1.06 1.06 1.07 1.05 1.08 1.07 1.06 1.07 1.07 1.06 
1.08 1.05 1.07 1.08 1.08 1.07 1.07 1.05 1.06 1.05 1.06 1.09 1.08 1.08 1.05 1.08 1.09 1.08 1.05 1.07 
1.07 1.05 1.05 1.08 1.08 1.07 1.08 1.05 1.09 1.09 1.08 1.07 1.07 1.07 1.06 1.05 1.06 1.09 1.06 1.06 
1.06 1.08 1.08 1.06 1.07 1.06 1.07 1.05 1.05 1.07 1.05 1.08 1.09 1.06 1.07 1.08 1.08 1.05 1.07 1.06 
1.06 1.07 1.05 1.07 1.06 1.06 1.07 1.06 1.09 1.06 1.06 1.08 1.08 1.08 1.06 1.05 1.09 1.05 1.07 1.09 
1.09 1.06 1.08 1.05 1.06 1.07 1.07 1.09 1.07 1.05 1.08 1.06 1.05 1.08 1.08 1.08 1.09 1.08 1.05 1.06 
1.06 1.06 1.07 1.05 1.09 1.08 1.05 1.05 1.08 1.07 1.06 1.08 1.06 1.08 1.09 1.06 1.08 1.06 1.07 1.08 
1.05 1.08 1.09 1.06 1.08 1.05 1.09 1.09 1.09 1.08 1.07 1.05 1.09 1.06 1.05 1.08 1.09 1.07 1.08 1.09 
1.08 1.09 1.06 1.08 1.05 1.05 1.09 1.05 1.08 1.09 1.06 1.06 1.07 1.05 1.06 1.05 1.05 1.05 1.06 1.06 
1.09 1.05 1.05 1.05 1.07 1.07 1.05 1.09 1.09 1.05 1.05 1.09 1.08 1.06 1.05 1.06 1.06 1.08 1.06 1.07 
1.05 1.09 1.05 1.07 1.08 1.06 1.09 1.05 1.07 1.07 1.05 1.05 1.05 1.09 1.06 1.09 1.07 1.08 1.09 1.06 
1.09 1.05 1.08 1.07 1.06 1.05 1.09 1.07 1.07 1.05 1.07 1.07 1.07 1.09 1.09 1.09 1.06 1.07 1.09 1.08 
1.06 1.07 1.06 1.08 1.08 1.05 1.08 1.07 1.05 1.06 1.09 1.05 1.07 1.05 1.05 1.08 1.07 1.07 1.09 1.09 
1.09 1.08 1.06 1.05 1.09 1.09 1.08 1.08 1.09 1.08 1.09 1.07 1.08 1.06 1.05 1.09 1.09 1.06 1.07 1.07 
1.09 1.08 1.05 1.08 1.05 1.05 1.05 1.05 1.09 1.09 1.09 1.08 1.05 1.08 1.06 1.05 1.05 1.09 1.08 1.09 
1.09 1.07 1.07 1.06 1.08 1.09 1.08 1.08 1.07 1.09 1.09 1.07 1.08 1.09 1.09 1.07 1.05 1.05 1.07 1.06 
1.08 1.06 1.08 1.09 1.09 1.09 1.06 1.07 1.06 1.08 1.06 1.07 1.05 1.06 1.09 1.05 1.07 1.09 1.08 1.05 
1.05 1.09 1.09 1.08 1.09 1.07 1.09 1.08 1.05 1.09 1.05 1.08 1.09 1.05 1.06 1.06 1.09 1.06 1.06 1.08 
1.08 1.06 1.05 1.05 1.09 1.08 1.06 1.08 1.07 1.08 1.06 1.06 1.08 1.07 1.07 1.08 1.09 1.08 1.05 1.06 
1.07 1.08 1.06 1.09 1.05 1.07 1.07 1.06 1.06 1.08 1.08 1.07 1.08 1.07 1.05 1.09 1.06 1.05 1.09 1.06 
1.08 1.08 1.07 1.05 1.07 1.05 1.07 1.08 1.06 1.06 1.07 1.06 1.09 1.07 1.08 1.09 1.06 1.05 1.06 1.05 
1.08 1.07 1.09 1.09 1.08 1.08 1.05 1.07 1.05 1.08 1.05 1.09 1.07 1.06 1.08 1.08 1.06 1.06 1.08 1.08 
1.05 1.08 1.07 1.07 1.06 1.05 1.08 1.08 1.08 1.07 1.06 1.08 1.05 1.05 1.06 1.07 1.05 1.09 1.06 1.07 
1.05 1.06 1.07 1.09 1.07 1.06 1.08 1.06 1.06 1.08 1.09 1.06 1.09 1.09 1.06 1.08 1.08 1.08 1.09 1.09 
1.09 1.05 1.06 1.06 1.08 1.09 1.08 1.05 1.08 1.05 1.09 1.05 1.06 1.07 1.08 1.05 1.07 1.06 1.07 1.08 
1.09 1.05 1.09 1.07 1.09 1.06 1.05 1.05 1.09 1.05 1.09 1.06 1.08 1.06 1.07 1.07 1.09 1.07 1.06 1.08 
1.09 1.08 1.09 1.05 1.07 1.05 1.05 1.07 1.08 1.06 1.05 1.05 1.08 1.09 1.08 1.07 1.08 1.06 1.09 1.09 
1.05 1.09 1.08 1.06 1.08 1.07 1.05 1.09 1.09 1.09 1.05 1.08 1.07 1.07 1.09 1.09 1.05 1.06 1.08 1.07 
1.05 1.06 1.05 1.05 1.06 1.06 1.08 1.08 1.08 1.07 1.07 1.09 1.09 1.08 1.06 1.09 1.07 1.07 1.08 1.08 
1.06 1.05 1.05 1.09 1.06 1.07 1.08 1.05 1.05 1.08 1.05 1.08 1.08 1.08 1.08 1.08 1.06 1.09 1.07 1.08 
1.08 1.05 1.06 1.06 1.09 1.06 1.06 1.05 1.09 1.07 1.06 1.07 1.05 1.09 1.09 1.06 1.05 1.06 1.06 1.05 
1.07 1.09 1.07 1.08 1.06 1.08 1.08 1.06 1.06 1.05 1.09 1.08 1.09 1.05 1.09 1.07 1.07 1.06 1.08 1.06 
1.07 1.06 1.08 1.05 1.05 1.09 1.07 1.06 1.05 1.08 1.08 1.07 1.07 1.06 1.05 1.09 1.06 1.09 1.08 1.05 
1.08 1.07 1.08 1.09 1.06 1.08 1.06 1.05 1.05 1.07 1.09 1.06 1.07 1.07 1.08 1.09 1.05 1.06 1.07 1.05 
1.05 1.06 1.09 1.05 1.05 1.07 1.07 1.07 1.07 1.06 1.08 1.09 1.07 1.07 1.06 1.09 1.05 1.05 1.08 1.06 
1.09 1.07 1.07 1.09 1.08 1.08 1.09 1.08 1.09 1.06 1.08 1.06 1.08 1.08 1.09 1.07 1.05 1.09 1.08 1.05 
1.08 1.05 1.06 1.09 1.05 1.08 1.09 1.06 1.09 1.07 1.09 1.05 1.07 1.07 1.06 1.07 1.05 1.09 1.07 1.06 
1.08 1.07 1.07 1.09 1.07 1.09 1.09 1.09 1.08 1.07 1.09 1.08 1.05 1.09 1.09 1.09 1.07 1.05 1.07 1.09 
1.09 1.08 1.06 1.06 1.06 1.09 1.06 1.07 1.08 1.08 1.05 1.09 1.06 1.08 1.05 1.06 1.06 1.05 1.05 1.09 
1.06 1.07 1.06 1.08 1.06 1.07 1.09 1.07 1.08 1.08 1.08 1.08 1.06 1.06 1.09 1.05 1.09 1.08 1.06 1.07 
1.05 1.07 1.06 1.06 1.06 1.08 1.08 1.09 1.07 1.07 1.05 1.06 1.08 1.08 1.06 1.09 1.05 1.08 1.09 1.09 
1.07 1.06 1.08 1.08 1.06 1.07 1.06 1.08 1.06 1.05 1.07 1.08 1.09 1.06 1.07 1.07 1.08 1.08 1.06 1.08 
1.09 1.08 1.09 1.09 1.06 1.08 1.06 1.05 1.07 1.08 1.08 1.07 1.05 1.07 1.07 1.07 1.08 1.07 1.08 1.07 
1.06 1.06 1.07 1.08 1.07 1.09 1.05 1.06 1.08 1.09 1.06 1.06 1.09 1.06 1.07 1.06 1.08 1.08 1.09 1.09 
1.05 1.05 1.06 1.05 1.06 1.07 1.07 1.05 1.06 1.07 1.07 1.08 1.05 1.09 1.07 1.06 1.06 1.08 1.06 1.07 
1.07 1.06 1.07 1.07 1.09 1.09 1.06 1.09 1.09 1.05 1.07 1.07 1.07 1.09 1.05 1.08 1.07 1.05 1.08 1.06 
1.05 1.05 1.06 1.06 1.06 1.08 1.05 1.07 1.08 1.09 1.05 1.05 1.06 1.07 1.08 1.06 1.05 1.07 1.06 1.08 
1.07 1.05 1.09 1.05 1.09 1.09 1.06 1.07 1.09 1.05 1.05 1.08 1.09 1.07 1.09 1.07 1.06 1.05 1.09 1.06 
1.09 1.06 1.07 1.07 1.07 1.09 1.08 1.07 1.07 1.07 1.09 1.08 1.06 1.09 1.09 1.09 1.08 1.08 1.08 1.07 
1.09 1.09 1.09 1.08 1.09 1.06 1.08 1.07 1.05 1.07 1.06 1.06 1.09 1.05 1.06 1.07 1.08 1.06 1.05 1.09 
1.06 1.09 1.05 1.08 1.06 1.05 1.08 1.08 1.09 1.09 1.06 1.07 1.06 1.09 1.09 1.09 1.09 1.05 1.05 1.06 
1.07 1.08 1.09 1.06 1.09 1.07 1.09 1.07 1.09 1.06 1.07 1.05 1.06 1.08 1.06 1.09 1.08 1.05 1.09 1.09 
1.07 1.06 1.06 1.06 1.05 1.07 1.07 1.07 1.08 1.09 1.07 1.06 1.07 1.07 1.06 1.05 1.05 1.07 1.06 1.09 
1.06 1.05 1.09 1.05 1.08 1.08 1.07 1.05 1.05 1.08 1.09 1.07 1.05 1.07 1.09 1.07 1.07 1.05 1.05 1.07 
1.07 1.08 1.06 1.05 1.09 1.09 1.06 1.06 1.08 1.08 1.08 1.06 1.07 1.07 1.09 1.07 1.08 1.06 1.09 1.06 
1.06 1.06 1.06 1.08 1.08 1.08 1.07 1.06 1.07 1.08 1.09 1.05 1.08 1.07 1.08 1.05 1.05 1.08 1.07 1.09 
1.06 1.08 1.08 1.06 1.08 1.06 1.05 1.07 1.08 1.08 1.09 1.05 1.08 1.07 1.06 1.09 1.05 1.07 1.08 1.07 
1.08 1.05 1.06 1.05 1.06 1.07 1.07 1.09 1.05 1.07 1.08 1.06 1.06 1.09 1.05 1.05 1.06 1.08 1.09 1.09 
1.06 1.07 1.05 1.06 1.06 1.08 1.09 1.06 1.08 1.08 1.08 1.06 1.06 1.09 1.07 1.08 1.05 1.08 1.05 1.07 
1.06 1.05 1.05 1.08 1.09 1.06 1.08 1.07 1.07 1.08 1.08 1.05 1.07 1.05 1.07 1.08 1.05 1.09 1.05 1.08 
1.06 1.09 1.05 1.05 1.06 1.06 1.06 1.06 1.08 1.08 1.06 1.08 1.07 1.09 1.09 1.05 1.09 1.08 1.07 1.08 
1.09 1.07 1.07 1.07 1.06 1.09 1.07 1.08 1.05 1.08 1.08 1.07 1.07 1.07 1.08 1.07 1.09 1.07 1.07 1.06 
1.08 1.09 1.05 1.06 1.07 1.06 1.06 1.05 1.07 1.09 1.05 1.08 1.05 1.06 1.07 1.06 1.05 1.07 1.07 1.05 
1.07 1.09 1.06 1.07 1.05 1.06 1.09 1.07 1.09 1.09 1.06 1.06 1.07 1.05 1.09 1.09 1.05 1.08 1.08 1.07 
1.05 1.06 1.08 1.07 1.09 1.08 1.05 1.06 1.07 1.07 1.07 1.06 1.07 1.09 1.07 1.07 1.06 1.09 1.08 1.09 
1.06 1.08 1.06 1.06 1.09 1.08 1.08 1.09 1.07 1.06 1.09 1.07 1.06 1.05 1.09 1.07 1.07 1.08 1.06 1.09 
1.06 1.09 1.06 1.06 1.09 1.06 1.08 1.07 1.08 1.06 1.08 1.08 1.05 1.08 1.08 1.05 1.09 1.09 1.09 1.06 
1.07 1.09 1.07 1.05 1.06 1.08 1.05 1.07 1.08 1.09 1.05 1.08 1.06 1.05 1.06 1.05 1.07 1.09 1.06 1.08 
1.06 1.08 1.08 1.05 1.09 1.08 1.05 1.07 1.05 1.05 1.05 1.08 1.07 1.08 1.05 1.08 1.05 1.06 1.07 1.07 
1.09 1.05 1.07 1.06 1.08 1.09 1.07 1.08 1.07 1.08 1.06 1.09 1.07 1.09 1.08 1.09 1.07 1.05 1.07 1.08 
1.06 1.05 1.06 1.07 1.05 1.06 1.08 1.06 1.07 1.06 1.05 1.05 1.08 1.08 1.08 1.08 1.05 1.07 1.09 1.07 
1.07 1.09 1.08 1.06 1.09 1.08 1.06 1.06 1.06 1.08 1.05 1.08 1.05 1.07 1.09 1.07 1.06 1.06 1.06 1.05 
1.06 1.05 1.06 1.09 1.07 1.06 1.06 1.07 1.09 1.08 1.09 1.06 1.06 1.05 1.06 1.07 1.09 1.06 1.07 1.08 
1.06 1.05 1.09 1.07 1.05 1.05 1.09 1.08 1.06 1.05 1.08 1.07 1.05 1.06 1.09 1.05 1.05 1.09 1.09 1.07 
1.09 1.08 1.05 1.07 1.08 1.06 1.08 1.09 1.07 1.08 1.07 1.07 1.05 1.07 1.08 1.08 1.08 1.06 1.05 1.07 
1.07 1.06 1.05 1.05 1.08 1.08 1.05 1.08 1.07 1.06 1.09 1.09 1.06 1.09 1.06 1.05 1.05 1.09 1.09 1.08 
1.08 1.07 1.06 1.08 1.07 1.09 1.08 1.07 1.05 1.08 1.05 1.08 1.06 1.06 1.06 1.09 1.08 1.09 1.09 1.05 
1.08 1.09 1.08 1.07 1.08 1.06 1.09 1.07 1.09 1.06 1.06 1.07 1.07 1.08 1.07 1.07 1.06 1.05 1.07 1.05 
1.08 1.06 1.06 1.09 1.05 1.08 1.05 1.08 1.06 1.07 1.09 1.05 1.09 1.07 1.07 1.05 1.07 1.06 1.05 1.05 
1.05 1.09 1.07 1.07 1.07 1.05 1.07 1.09 1.07 1.07 1.08 1.06 1.07 1.07 1.08 1.09 1.08 1.05 1.07 1.06 
1.05 1.05 1.08 1.07 1.05 1.07 1.07 1.07 1.05 1.08 1.05 1.09 1.07 1.08 1.06 1.07 1.09 1.08 1.08 1.08 
1.08 1.09 1.06 1.08 1.05 1.09 1.07 1.07 1.09 1.05 1.05 1.07 1.07 1.08 1.08 1.07 1.05 1.08 1.08 1.05 
1.09 1.06 1.09 1.09 1.08 1.07 1.09 1.06 1.07 1.09 1.06 1.07 1.09 1.05 1.07 1.07 1.05 1.08 1.06 1.09 
1.06 1.06 1.06 1.05 1.05 1.06 1.08 1.08 1.06 1.08 1.08 1.06 1.07 1.06 1.07 1.08 1.05 1.07 1.07 1.07 
1.08 1.07 1.08 1.05 1.05 1.08 1.06 1.05 1.07 1.05 1.09 1.09 1.05 1.08 1.05 1.06 1.07 1.06 1.08 1.08 
1.05 1.08 1.05 1.05 1.08 1.05 1.05 1.05 1.05 1.07 1.08 1.07 1.06 1.08 1.09 1.07 1.05 1.05 1.08 1.06 
1.07 1.05 1.08 1.05 1.06 1.09 1.08 1.07 1.09 1.05 1.07 1.07 1.07 1.08 1.09 1.06 1.06 1.05 1.09 1.05 
1.06 1.09 1.08 1.05 1.08 1.06 1.08 1.06 1.06 1.07 1.09 1.06 1.05 1.05 1.05 1.07 1.06 1.09 1.07 1.07 
1.07 1.07 1.09 1.09 1.06 1.06 1.09 1.05 1.07 1.08 1.06 1.07 1.07 1.09 1.08 1.09 1.09 1.06 1.06 1.09 
1.06 1.09 1.05 1.07 1.06 1.07 1.07 1.07 1.06 1.06 1.05 1.08 1.07 1.06 1.08 1.05 1.08 1.06 1.06 1.06 
1.05 1.05 1.07 1.06 1.09 1.05 1.07 1.07 1.06 1.05 1.09 1.07 1.06 1.09 1.06 1.06 1.09 1.08 1.09 1.08 
1.05 1.07 1.06 1.08 1.09 1.09 1.09 1.09 1.09 1.08 1.06 1.09 1.07 1.05 1.07 1.07 1.09 1.07 1.06 1.05 
1.09 1.07 1.07 1.07 1.05 1.06 1.09 1.05 1.07 1.07 1.06 1.08 1.06 1.05 1.09 1.05 1.09 1.09 1.09 1.05 
1.09 1.05 1.09 1.06 1.06 1.09 1.09 1.08 1.07 1.09 1.08 1.06 1.09 1.09 1.07 1.05 1.07 1.07 1.09 1.09 
1.07 1.07 1.05 1.08 1.05 1.05 1.07 1.08 1.05 1.06 1.07 1.09 1.08 1.07 1.07 1.06 1.05 1.05 1.07 1.05 
1.06 1.09 1.07 1.07 1.06 1.09 1.06 1.09 1.05 1.05 1.09 1.08 1.07 1.05 1.07 1.05 1.09 1.08 1.09 1.06 
1.07 1.08 1.09 1.06 1.05 1.07 1.08 1.06 1.05 1.06 1.09 1.07 1.08 1.06 1.07 1.07 1.05 1.08 1.09 1.08 
1.07 1.08 1.09 1.06 1.09 1.05 1.06 1.07 1.06 1.06 1.06 1.08 1.05 1.06 1.08 1.07 1.07 1.05 1.06 1.09 
1.09 1.05 1.05 1.07 1.05 1.07 1.05 1.07 1.09 1.05 1.08 1.05 1.05 1.06 1.09 1.07 1.07 1.08 1.08 1.08 
1.06 1.06 1.09 1.05 1.08 1.07 1.09 1.05 1.06 1.06 1.06 1.05 1.08 1.08 1.09 1.08 1.09 1.09 1.06 1.06 
1.08 1.05 1.06 1.06 1.07 1.09 1.06 1.07 1.07 1.07 1.05 1.06 1.05 1.07 1.09 1.06 1.06 1.06 1.05 1.05 
1.08 1.06 1.08 1.05 1.09 1.07 1.09 1.05 1.09 1.07 1.09 1.08 1.05 1.09 1.07 1.05 1.09 1.07 1.07 1.06 
1.08 1.09 1.06 1.06 1.06 1.05 1.07 1.08 1.06 1.09 1.07 1.05 1.07 1.08 1.06 1.05 1.08 1.09 1.06 1.09 
1.05 1.08 1.06 1.07 1.08 1.06 1.05 1.06 1.09 1.07 1.07 1.09 1.06 1.05 1.06 1.05 1.07 1.06 1.05 1.08 
1.05 1.09 1.09 1.09 1.05 1.08 1.09 1.09 1.09 1.05 1.06 1.07 1.08 1.09 1.09 1.06 1.05 1.09 1.08 1.08 
1.05 1.07 1.08 1.06 1.06 1.05 1.05 1.09 1.08 1.05 1.08 1.09 1.05 1.07 1.07 1.06 1.09 1.06 1.07 1.08 
1.08 1.07 1.08 1.09 1.07 1.06 1.07 1.05 1.09 1.07 1.09 1.06 1.05 1.09 1.09 1.05 1.08 1.07 1.05 1.07 
1.09 1.07 1.05 1.09 1.09 1.07 1.07 1.08 1.05 1.07 1.09 1.08 1.08 1.08 1.05 1.05 1.08 1.07 1.06 1.06 
1.07 1.07 1.06 1.08 1.06 1.08 1.07 1.07 1.05 1.07 1.09 1.07 1.07 1.08 1.09 1.08 1.05 1.05 1.09 1.07 
1.08 1.08 1.08 1.05 1.05 1.08 1.08 1.05 1.09 1.07 1.09 1.05 1.09 1.08 1.05 1.09 1.07 1.08 1.05 1.09 
1.05 1.08 1.06 1.06 1.05 1.05 1.08 1.08 1.09 1.05 1.09 1.05 1.09 1.07 1.08 1.09 1.08 1.06 1.08 1.08 
1.07 1.08 1.05 1.08 1.09 1.05 1.09 1.05 1.08 1.09 1.08 1.05 1.08 1.07 1.05 1.07 1.06 1.05 1.08 1.08 
1.08 1.09 1.07 1.06 1.08 1.05 1.06 1.08 1.06 1.05 1.08 1.08 1.05 1.07 1.07 1.09 1.09 1.06 1.06 1.05 
1.05 1.08 1.06 1.08 1.06 1.07 1.06 1.08 1.07 1.08 1.08 1.08 1.06 1.06 1.09 1.07 1.07 1.05 1.05 1.05 
1.05 1.05 1.06 1.05 1.05 1.05 1.07 1.08 1.06 1.08 1.09 1.09 1.07 1.09 1.06 1.07 1.09 1.07 1.06 1.07 
1.09 1.07 1.07 1.07 1.05 1.08 1.07 1.09 1.06 1.07 1.08 1.05 1.09 1.05 1.07 1.05 1.05 1.08 1.06 1.05 
1.07 1.06 1.09 1.08 1.07 1.08 1.09 1.08 1.08 1.05 1.05 1.06 1.08 1.09 1.05 1.09 1.05 1.06 1.06 1.08 
1.05 1.07 1.09 1.07 1.05 1.09 1.07 1.06 1.07 1.09 1.08 1.08 1.07 1.08 1.08 1.05 1.06 1.06 1.09 1.09 
1.07 1.05 1.07 1.05 1.06 1.05 1.07 1.08 1.07 1.09 1.08 1.09 1.07 1.06 1.07 1.05 1.09 1.08 1.05 1.05 
1.07 1.06 1.06 1.06 1.08 1.08 1.05 1.07 1.08 1.06 1.09 1.09 1.07 1.05 1.06 1.07 1.07 1.08 1.05 1.07 
1.06 1.09 1.06 1.06 1.05 1.05 1.05 1.05 1.05 1.08 1.05 1.05 1.05 1.06 1.05 1.07 1.08 1.08 1.09 1.07 
1.05 1.09 1.08 1.07 1.06 1.06 1.06 1.07 1.05 1.09 1.06 1.06 1.08 1.09 1.08 1.06 1.08 1.06 1.08 1.09 
1.06 1.07 1.06 1.08 1.05 1.09 1.09 1.09 1.06 1.06 1.06 1.09 1.06 1.07 1.06 1.07 1.09 1.09 1.05 1.06 
1.05 1.09 1.09 1.06 1.08 1.09 1.06 1.05 1.06 1.09 1.06 1.09 1.08 1.08 1.05 1.07 1.08 1.05 1.07 1.09 
1.05 1.07 1.09 1.05 1.07 1.06 1.09 1.07 1.05 1.05 1.05 1.09 1.08 1.09 1.06 1.05 1.09 1.09 1.08 1.07 
1.07 1.07 1.07 1.07 1.06 1.08 1.06 1.09 1.09 1.07 1.07 1.09 1.06 1.07 1.08 1.06 1.05 1.09 1.09 1.07 
1.05 1.08 1.07 1.08 1.08 1.06 1.08 1.08 1.05 1.08 1.05 1.08 1.09 1.06 1.08 1.06 1.09 1.09 1.09 1.07 
1.07 1.08 1.08 1.07 1.08 1.05 1.05 1.08 1.07 1.09 1.07 1.06 1.09 1.08 1.09 1.05 1.09 1.05 1.05 1.09 
1.05 1.05 1.09 1.06 1.09 1.06 1.09 1.05 1.06 1.08 1.07 1.05 1.06 1.07 1.06 1.06 1.09 1.08 1.05 1.06 
1.09 1.06 1.06 1.05 1.07 1.06 1.07 1.05 1.08 1.06 1.05 1.05 1.09 1.08 1.05 1.08 1.06 1.09 1.05 1.09 
1.07 1.08 1.08 1.06 1.09 1.09 1.06 1.09 1.09 1.07 1.07 1.06 1.06 1.09 1.06 1.06 1.05 1.08 1.07 1.09 
1.08 1.08 1.08 1.09 1.07 1.07 1.07 1.07 1.05 1.08 1.05 1.09 1.05 1.06 1.06 1.05 1.05 1.07 1.08 1.05 
1.09 1.05 1.08 1.07 1.07 1.08 1.07 1.06 1.08 1.06 1.08 1.05 1.07 1.05 1.05 1.06 1.08 1.09 1.08 1.08 
1.07 1.08 1.07 1.06 1.06 1.08 1.08 1.07 1.07 1.08 1.09 1.08 1.09 1.06 1.08 1.07 1.06 1.08 1.08 1.05 
1.06 1.09 1.08 1.05 1.06 1.07 1.08 1.07 1.05 1.07 1.05 1.08 1.05 1.07 1.05 1.07 1.08 1.09 1.07 1.05 
1.07 1.08 1.08 1.05 1.05 1.09 1.09 1.07 1.06 1.09 1.05 1.07 1.05 1.09 1.06 1.06 1.08 1.06 1.09 1.09 
1.06 1.08 1.07 1.08 1.08 1.08 1.09 1.07 1.08 1.08 1.07 1.05 1.05 1.06 1.06 1.07 1.07 1.05 1.05 1.08 
1.08 1.05 1.07 1.07 1.08 1.07 1.09 1.09 1.05 1.05 1.08 1.08 1.08 1.08 1.06 1.05 1.09 1.08 1.07 1.05 
1.07 1.09 1.06 1.05 1.09 1.08 1.08 1.07 1.09 1.08 1.06 1.06 1.09 1.07 1.06 1.05 1.05 1.06 1.06 1.06 
1.07 1.08 1.06 1.09 1.06 1.06 1.09 1.08 1.06 1.07 1.08 1.09 1.09 1.08 1.07 1.09 1.09 1.07 1.06 1.08 
1.07 1.06 1.05 1.09 1.09 1.08 1.09 1.05 1.08 1.05 1.05 1.09 1.09 1.05 1.07 1.07 1.06 1.07 1.09 1.05 
1.08 1.05 1.05 1.09 1.05 1.07 1.09 1.07 1.09 1.06 1.05 1.05 1.08 1.08 1.05 1.07 1.08 1.05 1.06 1.06 
1.07 1.06 1.08 1.06 1.06 1.07 1.09 1.07 1.07 1.06 1.06 1.09 1.06 1.09 1.05 1.07 1.05 1.08 1.09 1.08 
1.09 1.05 1.05 1.07 1.05 1.06 1.08 1.09 1.08 1.08 1.09 1.05 1.09 1.07 1.07 1.06 1.06 1.05 1.08 1.07 
1.09 1.08 1.07 1.09 1.06 1.09 1.07 1.09 1.09 1.06 1.05 1.07 1.05 1.06 1.05 1.09 1.07 1.06 1.06 1.07 
1.07 1.09 1.07 1.07 1.06 1.06 1.05 1.08 1.07 1.07 1.09 1.08 1.05 1.09 1.07 1.08 1.06 1.06 1.09 1.06 
1.08 1.08 1.08 1.08 1.07 1.08 1.07 1.08 1.08 1.07 1.05 1.05 1.05 1.09 1.09 1.05 1.06 1.08 1.07 1.08 
1.07 1.07 1.08 1.05 1.07 1.09 1.09 1.08 1.08 1.09 1.06 1.08 1.05 1.08 1.08 1.09 1.05 1.06 1.07 1.07 
1.09 1.07 1.06 1.08 1.07 1.06 1.07 1.08 1.05 1.08 1.08 1.09 1.09 1.05 1.06 1.09 1.08 1.05 1.08 1.08 
1.08 1.09 1.08 1.07 1.06 1.05 1.09 1.07 1.07 1.09 1.06 1.06 1.06 1.08 1.07 1.07 1.09 1.09 1.05 1.09 
1.09 1.08 1.05 1.09 1.08 1.07 1.09 1.05 1.08 1.07 1.07 1.09 1.05 1.07 1.07 1.07 1.09 1.06 1.06 1.05 
1.09 1.08 1.09 1.07 1.05 1.09 1.09 1.09 1.08 1.06 1.09 1.05 1.08 1.09 1.09 1.09 1.07 1.06 1.06 1.06 
1.06 1.05 1.07 1.06 1.06 1.05 1.06 1.05 1.06 1.08 1.06 1.06 1.08 1.07 1.07 1.07 1.07 1.05 1.07 1.09 
1.07 1.06 1.06 1.09 1.06 1.08 1.09 1.05 1.08 1.05 1.07 1.07 1.07 1.09 1.05 1.09 1.08 1.08 1.09 1.06 
1.09 1.07 1.09 1.06 1.09 1.06 1.07 1.06 1.07 1.08 1.06 1.09 1.05 1.09 1.09 1.05 1.09 1.08 1.09 1.05 
1.08 1.06 1.06 1.05 1.07 1.06 1.09 1.06 1.05 1.07 1.05 1.07 1.06 1.06 1.08 1.05 1.08 1.09 1.07 1.09 
1.08 1.06 1.07 1.07 1.06 1.06 1.07 1.06 1.06 1.06 1.09 1.08 1.08 1.07 1.08 1.08 1.05 1.05 1.07 1.06 
1.06 1.09 1.09 1.06 1.08 1.05 1.06 1.06 1.09 1.09 1.06 1.09 1.07 1.08 1.08 1.07 1.09 1.06 1.05 1.07 
1.09 1.07 1.05 1.08 1.09 1.07 1.08 1.06 1.09 1.09 1.07 1.06 1.08 1.09 1.09 1.06 1.08 1.07 1.07 1.09 
1.07 1.08 1.07 1.06 1.08 1.08 1.06 1.05 1.07 1.05 1.07 1.09 1.05 1.05 1.06 1.06 1.05 1.05 1.06 1.08 
1.05 1.09 1.06 1.09 1.08 1.06 1.09 1.08 1.08 1.07 1.07 1.05 1.09 1.09 1.07 1.06 1.08 1.06 1.09 1.06 
1.06 1.09 1.05 1.09 1.05 1.09 1.09 1.06 1.07 1.05 1.06 1.06 1.09 1.09 1.07 1.05 1.08 1.06 1.06 1.06 
1.08 1.08 1.06 1.06 1.08 1.06 1.08 1.06 1.07 1.05 1.06 1.07 1.07 1.06 1.05 1.09 1.05 1.08 1.05 1.06 
1.05 1.05 1.07 1.06 1.07 1.07 1.09 1.05 1.05 1.08 1.09 1.09 1.08 1.08 1.06 1.08 1.06 1.07 1.05 1.08 
1.07 1.08 1.06 1.09 1.05 1.05 1.07 1.09 1.05 1.07 1.05 1.07 1.06 1.06 1.07 1.06 1.05 1.07 1.09 1.09 
1.07 1.09 1.08 1.06 1.09 1.08 1.09 1.09 1.08 1.06 1.07 1.06 1.06 1.05 1.05 1.06 1.09 1.09 1.05 1.05 
1.06 1.05 1.05 1.06 1.09 1.06 1.07 1.05 1.07 1.08 1.07 1.09 1.08 1.05 1.09 1.09 1.07 1.05 1.08 1.05 
1.08 1.07 1.09 1.08 1.08 1.09 1.05 1.07 1.05 1.05 1.05 1.09 1.06 1.05 1.08 1.06 1.07 1.05 1.06 1.07 
1.08 1.09 1.07 1.08 1.08 1.05 1.06 1.06 1.07 1.05 1.05 1.06 1.05 1.06 1.07 1.09 1.09 1.08 1.08 1.06 
1.09 1.09 1.07 1.05 1.06 1.05 1.06 1.09 1.07 1.05 1.06 1.08 1.09 1.09 1.05 1.07 1.06 1.07 1.09 1.09 
1.07 1.08 1.06 1.07 1.08 1.07 1.07 1.07 1.09 1.07 1.07 1.07 1.07 1.05 1.08 1.06 1.05 1.06 1.07 1.08 
1.06 1.09 1.07 1.07 1.06 1.05 1.06 1.07 1.05 1.06 1.07 1.08 1.09 1.08 1.09 1.09 1.06 1.06 1.06 1.09 
1.05 1.05 1.07 1.08 1.09 1.08 1.08 1.07 1.09 1.07 1.06 1.06 1.08 1.09 1.05 1.08 1.06 1.05 1.09 1.07 
1.08 1.09 1.07 1.06 1.05 1.05 1.09 1.05 1.05 1.06 1.06 1.07 1.07 1.09 1.09 1.09 1.05 1.05 1.06 1.05 
1.05 1.06 1.05 1.08 1.05 1.05 1.05 1.07 1.05 1.06 1.05 1.07 1.06 1.09 1.06 1.09 1.05 1.05 1.09 1.07 
1.07 1.05 1.09 1.05 1.09 1.06 1.09 1.08 1.07 1.07 1.05 1.07 1.05 1.06 1.09 1.05 1.08 1.05 1.06 1.05 
1.09 1.06 1.06 1.07 1.08 1.09 1.08 1.06 1.06 1.07 1.06 1.06 1.06 1.06 1.07 1.07 1.07 1.07 1.09 1.06 
1.08 1.05 1.09 1.07 1.07 1.06 1.09 1.09 1.06 1.07 1.09 1.09 1.08 1.09 1.05 1.05 1.08 1.06 1.07 1.05 
1.06 1.06 1.08 1.05 1.09 1.08 1.07 1.09 1.05 1.06 1.05 1.06 1.06 1.07 1.08 1.05 1.08 1.06 1.08 1.06 
1.08 1.05 1.05 1.07 1.08 1.09 1.06 1.07 1.07 1.09 1.06 1.05 1.05 1.05 1.08 1.09 1.05 1.07 1.07 1.08 
1.09 1.08 1.09 1.07 1.06 1.08 1.07 1.08 1.06 1.05 1.07 1.06 1.09 1.07 1.08 1.08 1.08 1.06 1.05 1.08 
1.05 1.08 1.05 1.09 1.07 1.07 1.06 1.05 1.07 1.06 1.05 1.07 1.06 1.06 1.07 1.08 1.09 1.09 1.08 1.07 
1.05 1.05 1.07 1.07 1.07 1.06 1.06 1.09 1.08 1.08 1.07 1.08 1.09 1.06 1.06 1.07 1.07 1.07 1.06 1.06 
1.09 1.07 1.08 1.08 1.07 1.08 1.05 1.06 1.08 1.08 1.09 1.06 1.09 1.05 1.09 1.07 1.09 1.06 1.05 1.05 
1.05 1.05 1.09 1.09 1.05 1.09 1.09 1.06 1.07 1.06 1.08 1.06 1.06 1.05 1.05 1.08 1.07 1.07 1.09 1.09 
1.08 1.07 1.07 1.07 1.05 1.07 1.05 1.07 1.07 1.08 1.09 1.05 1.07 1.06 1.05 1.06 1.08 1.06 1.08 1.09 
1.05 1.05 1.07 1.08 1.08 1.07 1.08 1.07 1.05 1.08 1.09 1.06 1.08 1.05 1.05 1.08 1.05 1.08 1.07 1.09 
1.09 1.09 1.05 1.09 1.06 1.09 1.08 1.07 1.09 1.08 1.08 1.06 1.06 1.05 1.05 1.08 1.08 1.05 1.09 1.09 
1.08 1.06 1.09 1.07 1.05 1.07 1.09 1.08 1.05 1.09 1.08 1.06 1.09 1.05 1.06 1.05 1.05 1.08 1.09 1.08 
1.07 1.06 1.06 1.08 1.05 1.06 1.05 1.05 1.08 1.08 1.07 1.06 1.06 1.09 1.09 1.07 1.08 1.06 1.06 1.07 
1.08 1.09 1.05 1.05 1.07 1.09 1.06 1.09 1.06 1.06 1.05 1.07 1.05 1.05 1.07 1.06 1.09 1.09 1.09 1.05 
1.06 1.08 1.08 1.08 1.06 1.09 1.05 1.07 1.09 1.05 1.08 1.07 1.05 1.06 1.05 1.05 1.06 1.09 1.09 1.09 
1.07 1.05 1.07 1.08 1.07 1.08 1.09 1.05 1.06 1.06 1.07 1.06 1.06 1.07 1.05 1.07 1.05 1.06 1.05 1.06 
1.07 1.06 1.05 1.07 1.07 1.05 1.08 1.08 1.08 1.07 1.06 1.08 1.06 1.08 1.05 1.08 1.09 1.05 1.06 1.06 
1.08 1.07 1.08 1.07 1.08 1.05 1.05 1.06 1.06 1.09 1.09 1.05 1.08 1.09 1.09 1.09 1.09 1.05 1.09 1.06 
1.06 1.09 1.05 1.06 1.09 1.09 1.09 1.05 1.08 1.07 1.07 1.09 1.07 1.09 1.06 1.07 1.05 1.08 1.06 1.08 
1.07 1.07 1.07 1.07 1.09 1.09 1.08 1.07 1.07 1.07 1.05 1.05 1.06 1.09 1.06 1.06 1.06 1.08 1.05 1.07 
1.05 1.06 1.09 1.09 1.05 1.05 1.05 1.05 1.06 1.08 1.06 1.06 1.06 1.08 1.05 1.07 1.07 1.09 1.07 1.08 
1.09 1.07 1.07 1.05 1.08 1.07 1.07 1.06 1.07 1.05 1.09 1.07 1.09 1.06 1.06 1.07 1.09 1.08 1.07 1.09 
1.07 1.09 1.06 1.07 1.08 1.08 1.07 1.06 1.06 1.09 1.08 1.06 1.06 1.09 1.06 1.09 1.05 1.09 1.08 1.05 
1.05 1.09 1.07 1.06 1.08 1.05 1.05 1.07 1.06 1.09 1.05 1.07 1.05 1.08 1.06 1.08 1.05 1.05 1.09 1.05 
1.09 1.09 1.08 1.09 1.05 1.06 1.08 1.05 1.06 1.09 1.05 1.05 1.05 1.06 1.06 1.07 1.09 1.07 1.08 1.07 
1.07 1.09 1.07 1.09 1.09 1.06 1.05 1.07 1.05 1.05 1.09 1.05 1.09 1.09 1.05 1.06 1.05 1.06 1.06 1.07 
1.08 1.06 1.07 1.09 1.06 1.08 1.07 1.07 1.08 1.09 1.06 1.07 1.08 1.06 1.07 1.09 1.06 1.08 1.08 1.06 
1.05 1.08 1.06 1.09 1.09 1.08 1.09 1.06 1.05 1.09 1.09 1.05 1.05 1.08 1.05 1.07 1.08 1.06 1.08 1.05 
