20
300
69 99 57 80 19 38 52 39 86 52 96 53 70 92 45 68 11 65 4 47 21 44 11 2 76 92 26 80 92 28 61 12 1 30 15 23 99 90 90 5 70 69 28 94 92 95 73 87 51 15 22 1 32 17 14 69 72 88 83 65 15 69 27 94 94 76 15 22 77 58 52 56 76 59 84 37 77 100 23 93 47 19 75 95 98 30 44 37 91 18 57 8 8 17 83 55 75 41 67 37 64 30 33 55 1 30 97 10 33 44 43 98 51 15 7 84 44 95 59 90 99 8 63 85 45 46 53 78 53 29 85 15 4 7 87 11 16 22 4 32 61 46 1 57 92 6 33 49 28 41 37 87 42 48 23 59 90 22 80 55 78 77 18 1 29 75 48 36 37 43 74 48 24 5 84 63 77 95 39 90 65 74 40 65 44 29 59 50 5 16 66 19 81 51 53 90 72 99 41 53 28 65 18 54 14 75 2 88 26 16 79 2 31 88 54 95 3 2 64 71 44 88 57 74 3 20 16 39 92 32 10 54 62 25 79 77 52 87 13 71 4 36 46 2 35 89 12 30 1 93 70 58 94 77 26 67 30 17 29 27 73 69 83 44 90 93 72 97 85 20 66 64 50 19 99 65 76 35 73 22 61 17 41 39 64 41 65 51 61 40 25 91 32 93 12 99 76 7 14 19 
9 3 3 1 9 2 4 8 7 4 1 2 2 5 3 9 4 5 8 8 
1.05 1.05 1.07 1.06 1.08 1.05 1.08 1.05 1.05 1.09 1.05 1.08 1.06 1.06 1.06 1.06 1.06 1.05 1.07 1.05 
1.07 1.08 1.06 1.06 1.05 1.08 1.09 1.08 1.05 1.05 1.09 1.07 1.09 1.09 1.08 1.06 1.05 1.06 1.07 1.08 
1.05 1.08 1.08 1.08 1.05 1.07 1.05 1.09 1.06 1.08 1.07 1.06 1.06 1.06 1.06 1.05 1.06 1.09 1.08 1.05 
1.09 1.08 1.08 1.09 1.09 1.08 1.09 1.09 1.06 1.09 1.05 1.05 1.05 1.09 1.09 1.05 1.08 1.08 1.05 1.05 
1.08 1.09 1.09 1.07 1.05 1.08 1.05 1.08 1.08 1.07 1.08 1.07 1.09 1.07 1.05 1.07 1.05 1.09 1.05 1.07 
1.08 1.05 1.09 1.05 1.06 1.08 1.06 1.09 1.08 1.06 1.07 1.05 1.05 1.06 1.08 1.07 1.05 1.05 1.07 1.08 
1.05 1.09 1.07 1.06 1.07 1.05 1.09 1.07 1.05 1.09 1.05 1.05 1.05 1.05 1.06 1.05 1.05 1.08 1.07 1.07 
1.09 1.07 1.06 1.08 1.09 1.05 1.08 1.05 1.08 1.05 1.08 1.07 1.08 1.08 1.07 1.05 1.06 1.05 1.08 1.08 
1.09 1.09 1.07 1.09 1.05 1.09 1.07 1.09 1.09 1.05 1.07 1.05 1.08 1.08 1.07 1.06 1.06 1.05 1.07 1.08 
1.08 1.06 1.07 1.06 1.06 1.09 1.09 1.06 1.08 1.06 1.08 1.05 1.05 1.06 1.08 1.06 1.06 1.09 1.05 1.07 
1.06 1.07 1.08 1.05 1.05 1.09 1.08 1.05 1.05 1.07 1.08 1.07 1.08 1.05 1.06 1.06 1.09 1.07 1.06 1.07 
1.07 1.07 1.08 1.09 1.06 1.09 1.08 1.07 1.08 1.07 1.09 1.06 1.09 1.07 1.05 1.08 1.07 1.05 1.08 1.08 
1.07 1.05 1.08 1.05 1.08 1.09 1.05 1.08 1.08 1.06 1.07 1.08 1.09 1.06 1.05 1.05 1.05 1.08 1.05 1.05 
1.09 1.09 1.07 1.07 1.08 1.07 1.05 1.05 1.08 1.05 1.08 1.08 1.07 1.06 1.09 1.09 1.06 1.05 1.07 1.09 
1.08 1.07 1.08 1.08 1.09 1.07 1.08 1.05 1.05 1.07 1.06 1.06 1.08 1.07 1.09 1.06 1.06 1.05 1.07 1.06 
1.07 1.06 1.07 1.09 1.08 1.09 1.07 1.07 1.09 1.07 1.07 1.06 1.09 1.07 1.07 1.06 1.09 1.08 1.05 1.08 
1.09 1.08 1.06 1.09 1.09 1.07 1.07 1.07 1.08 1.09 1.08 1.05 1.05 1.05 1.07 1.07 1.06 1.08 1.08 1.07 
1.07 1.07 1.05 1.05 1.07 1.07 1.07 1.05 1.05 1.06 1.09 1.06 1.08 1.09 1.09 1.07 1.06 1.08 1.06 1.09 
1.09 1.06 1.05 1.06 1.08 1.05 1.07 1.09 1.06 1.07 1.06 1.07 1.08 1.08 1.06 1.09 1.05 1.05 1.06 1.08 
1.08 1.05 1.05 1.07 1.06 1.06 1.08 1.07 1.05 1.07 1.06 1.05 1.09 1.09 1.09 1.07 1.05 1.05 1.08 1.07 
1.05 1.05 1.09 1.07 1.09 1.07 1.09 1.05 1.06 1.08 1.08 1.06 1.09 1.09 1.09 1.05 1.08 1.07 1.08 1.07 
1.09 1.05 1.06 1.07 1.05 1.07 1.05 1.08 1.07 1.09 1.05 1.07 1.06 1.06 1.08 1.09 1.08 1.08 1.05 1.08 
1.07 1.06 1.08 1.06 1.06 1.05 1.08 1.07 1.08 1.06 1.05 1.09 1.08 1.07 1.06 1.08 1.07 1.08 1.09 1.08 
1.07 1.08 1.09 1.09 1.05 1.07 1.07 1.07 1.05 1.08 1.05 1.07 1.08 1.05 1.05 1.07 1.05 1.07 1.09 1.09 
1.08 1.05 1.07 1.07 1.06 1.08 1.06 1.08 1.09 1.05 1.07 1.08 1.05 1.06 1.07 1.07 1.05 1.06 1.06 1.07 
1.07 1.07 1.07 1.08 1.07 1.05 1.05 1.06 1.09 1.09 1.08 1.08 1.08 1.07 1.06 1.08 1.06 1.07 1.05 1.06 
1.07 1.06 1.09 1.09 1.08 1.08 1.09 1.06 1.05 1.05 1.05 1.06 1.07 1.05 1.08 1.07 1.08 1.07 1.09 1.06 
1.09 1.07 1.08 1.05 1.05 1.09 1.09 1.08 1.09 1.09 1.06 1.08 1.08 1.08 1.09 1.05 1.09 1.09 1.08 1.07 
1.08 1.09 1.08 1.09 1.06 1.09 1.06 1.08 1.08 1.06 1.07 1.06 1.08 1.06 1.06 1.07 1.09 1.07 1.08 1.05 
1.06 1.07 1.06 1.05 1.08 1.09 1.06 1.05 1.09 1.06 1.06 1.05 1.09 1.05 1.07 1.09 1.06 1.07 1.06 1.06 
1.09 1.06 1.05 1.06 1.08 1.09 1.08 1.07 1.08 1.07 1.05 1.05 1.09 1.06 1.07 1.09 1.07 1.08 1.05 1.08 
1.05 1.09 1.08 1.09 1.08 1.07 1.05 1.05 1.06 1.07 1.07 1.05 1.07 1.07 1.07 1.08 1.09 1.05 1.07 1.06 
1.09 1.07 1.08 1.06 1.06 1.06 1.06 1.06 1.05 1.06 1.07 1.07 1.08 1.06 1.09 1.06 1.05 1.09 1.05 1.09 
1.06 1.05 1.08 1.06 1.06 1.07 1.08 1.09 1.08 1.06 1.07 1.08 1.05 1.09 1.08 1.09 1.05 1.09 1.07 1.06 
1.06 1.09 1.05 1.07 1.08 1.07 1.08 1.05 1.06 1.05 1.08 1.08 1.05 1.09 1.08 1.05 1.06 1.08 1.07 1.09 
1.06 1.06 1.08 1.06 1.09 1.06 1.08 1.06 1.06 1.05 1.08 1.05 1.05 1.06 1.07 1.08 1.06 1.07 1.07 1.09 
1.07 1.09 1.05 1.09 1.05 1.05 1.07 1.08 1.08 1.06 1.09 1.07 1.05 1.05 1.08 1.08 1.08 1.06 1.08 1.08 
1.08 1.07 1.09 1.09 1.09 1.07 1.08 1.08 1.09 1.06 1.06 1.08 1.08 1.09 1.08 1.09 1.05 1.09 1.06 1.05 
1.06 1.08 1.05 1.07 1.08 1.08 1.06 1.09 1.08 1.05 1.08 1.07 1.07 1.07 1.05 1.08 1.09 1.09 1.07 1.05 
1.06 1.07 1.06 1.07 1.05 1.08 1.09 1.05 1.09 1.07 1.05 1.09 1.06 1.05 1.05 1.06 1.07 1.08 1.08 1.09 
1.08 1.09 1.08 1.07 1.05 1.09 1.09 1.09 1.08 1.07 1.05 1.07 1.05 1.09 1.05 1.06 1.07 1.06 1.09 1.09 
1.08 1.06 1.07 1.08 1.06 1.07 1.08 1.09 1.08 1.05 1.06 1.06 1.05 1.09 1.09 1.05 1.06 1.09 1.05 1.07 
1.08 1.05 1.08 1.09 1.05 1.09 1.09 1.06 1.09 1.07 1.05 1.07 1.08 1.07 1.09 1.06 1.09 1.08 1.05 1.06 
1.08 1.08 1.07 1.07 1.09 1.06 1.09 1.09 1.05 1.07 1.05 1.08 1.07 1.07 1.05 1.09 1.06 1.07 1.07 1.06 
1.08 1.05 1.05 1.08 1.06 1.08 1.07 1.06 1.08 1.08 1.07 1.06 1.09 1.05 1.09 1.07 1.09 1.07 1.07 1.08 
1.06 1.05 1.08 1.08 1.09 1.07 1.08 1.05 1.06 1.09 1.09 1.08 1.08 1.08 1.09 1.05 1.08 1.09 1.08 1.08 
1.09 1.06 1.06 1.05 1.05 1.09 1.05 1.09 1.08 1.09 1.08 1.07 1.09 1.09 1.08 1.06 1.05 1.08 1.05 1.06 
1.09 1.08 1.06 1.05 1.08 1.07 1.08 1.08 1.07 1.07 1.06 1.06 1.06 1.05 1.09 1.06 1.05 1.07 1.09 1.09 
1.07 1.08 1.06 1.07 1.07 1.08 1.07 1.08 1.06 1.09 1.07 1.06 1.06 1.09 1.08 1.07 1.08 1.09 1.06 1.08 
1.08 1.09 1.07 1.06 1.09 1.07 1.05 1.09 1.09 1.09 1.08 1.05 1.07 1.09 1.09 1.09 1.09 1.05 1.05 1.08 
1.05 1.09 1.05 1.07 1.07 1.08 1.08 1.08 1.06 1.09 1.08 1.05 1.09 1.08 1.09 1.06 1.08 1.06 1.05 1.07 
1.05 1.09 1.06 1.07 1.06 1.05 1.08 1.06 1.09 1.09 1.08 1.09 1.09 1.06 1.09 1.08 1.09 1.07 1.06 1.05 
1.06 1.08 1.09 1.06 1.09 1.07 1.05 1.07 1.09 1.09 1.05 1.07 1.08 1.08 1.08 1.06 1.08 1.05 1.07 1.06 
1.09 1.05 1.07 1.08 1.09 1.05 1.05 1.05 1.08 1.09 1.08 1.09 1.07 1.07 1.08 1.07 1.06 1.05 1.08 1.07 
1.09 1.05 1.09 1.07 1.05 1.07 1.09 1.06 1.06 1.08 1.08 1.07 1.06 1.09 1.06 1.07 1.09 1.08 1.06 1.08 
1.07 1.08 1.06 1.06 1.08 1.06 1.06 1.05 1.07 1.07 1.06 1.05 1.07 1.09 1.09 1.06 1.06 1.07 1.07 1.09 
1.05 1.06 1.08 1.08 1.05 1.09 1.08 1.05 1.06 1.09 1.07 1.07 1.07 1.09 1.09 1.09 1.08 1.06 1.09 1.09 
1.08 1.07 1.07 1.05 1.07 1.07 1.06 1.05 1.07 1.09 1.05 1.08 1.05 1.07 1.05 1.06 1.05 1.08 1.09 1.06 
1.07 1.05 1.07 1.07 1.07 1.06 1.09 1.08 1.07 1.08 1.07 1.06 1.05 1.06 1.07 1.05 1.07 1.05 1.06 1.08 
1.07 1.08 1.09 1.09 1.06 1.09 1.07 1.05 1.06 1.08 1.06 1.09 1.08 1.07 1.07 1.06 1.08 1.09 1.09 1.06 
1.08 1.06 1.08 1.08 1.06 1.09 1.08 1.07 1.05 1.05 1.07 1.05 1.06 1.08 1.09 1.07 1.09 1.06 1.06 1.05 
1.07 1.08 1.09 1.09 1.06 1.07 1.07 1.08 1.05 1.06 1.07 1.08 1.05 1.05 1.08 1.05 1.06 1.06 1.06 1.05 
1.09 1.08 1.09 1.08 1.09 1.06 1.05 1.08 1.08 1.08 1.07 1.05 1.05 1.08 1.06 1.08 1.05 1.08 1.05 1.06 
1.09 1.09 1.05 1.07 1.07 1.08 1.09 1.05 1.09 1.06 1.07 1.09 1.09 1.06 1.07 1.08 1.08 1.09 1.06 1.08 
1.08 1.07 1.06 1.08 1.05 1.06 1.07 1.05 1.07 1.05 1.05 1.06 1.08 1.07 1.05 1.08 1.09 1.06 1.09 1.09 
1.05 1.05 1.09 1.09 1.09 1.09 1.05 1.08 1.07 1.07 1.09 1.09 1.05 1.07 1.05 1.05 1.05 1.08 1.08 1.05 
1.09 1.07 1.09 1.08 1.09 1.08 1.05 1.08 1.06 1.06 1.08 1.09 1.08 1.06 1.07 1.07 1.09 1.09 1.08 1.09 
1.09 1.05 1.06 1.08 1.09 1.08 1.09 1.06 1.07 1.05 1.09 1.08 1.07 1.06 1.09 1.09 1.07 1.08 1.06 1.06 
1.09 1.07 1.05 1.09 1.08 1.07 1.05 1.08 1.06 1.08 1.07 1.09 1.09 1.08 1.06 1.05 1.06 1.07 1.08 1.07 
1.06 1.05 1.08 1.05 1.07 1.07 1.05 1.05 1.07 1.08 1.06 1.06 1.09 1.05 1.06 1.09 1.08 1.08 1.07 1.07 
1.05 1.08 1.09 1.08 1.09 1.09 1.08 1.07 1.05 1.06 1.08 1.09 1.06 1.06 1.06 1.09 1.07 1.08 1.05 1.09 
1.08 1.05 1.08 1.05 1.09 1.09 1.07 1.06 1.06 1.06 1.08 1.09 1.09 1.09 1.05 1.08 1.08 1.08 1.06 1.07 
1.06 1.05 1.06 1.06 1.09 1.09 1.06 1.05 1.06 1.06 1.06 1.08 1.05 1.06 1.05 1.06 1.05 1.07 1.05 1.09 
1.09 1.06 1.05 1.05 1.07 1.05 1.09 1.09 1.08 1.09 1.08 1.08 1.08 1.08 1.08 1.07 1.09 1.08 1.05 1.08 
1.06 1.05 1.07 1.05 1.06 1.05 1.07 1.06 1.06 1.09 1.05 1.09 1.06 1.09 1.06 1.09 1.05 1.06 1.06 1.05 
1.06 1.06 1.06 1.07 1.08 1.05 1.09 1.08 1.08 1.06 1.08 1.08 1.05 1.09 1.07 1.05 1.06 1.06 1.05 1.07 
1.06 1.06 1.09 1.07 1.05 1.05 1.07 1.07 1.05 1.05 1.05 1.06 1.06 1.08 1.08 1.06 1.06 1.05 1.05 1.05 
1.08 1.08 1.06 1.09 1.08 1.07 1.09 1.05 1.06 1.08 1.07 1.08 1.07 1.06 1.06 1.05 1.08 1.07 1.05 1.05 
1.09 1.08 1.05 1.07 1.06 1.07 1.08 1.05 1.06 1.09 1.08 1.07 1.09 1.06 1.08 1.05 1.07 1.08 1.09 1.08 
1.05 1.07 1.08 1.06 1.06 1.08 1.07 1.07 1.05 1.05 1.07 1.06 1.07 1.09 1.09 1.05 1.05 1.09 1.08 1.09 
1.09 1.08 1.09 1.09 1.08 1.08 1.05 1.06 1.08 1.07 1.05 1.09 1.09 1.09 1.08 1.08 1.08 1.07 1.08 1.08 
1.09 1.06 1.07 1.07 1.07 1.08 1.08 1.07 1.05 1.06 1.08 1.09 1.07 1.05 1.07 1.08 1.06 1.08 1.05 1.09 
1.09 1.09 1.06 1.05 1.05 1.05 1.09 1.09 1.08 1.09 1.07 1.05 1.05 1.09 1.06 1.05 1.08 1.08 1.06 1.08 
1.09 1.08 1.07 1.05 1.08 1.05 1.06 1.07 1.07 1.09 1.07 1.05 1.05 1.09 1.07 1.07 1.09 1.08 1.05 1.07 
1.09 1.06 1.05 1.09 1.07 1.08 1.06 1.07 1.05 1.08 1.09 1.05 1.06 1.08 1.09 1.08 1.07 1.07 1.07 1.05 
1.06 1.05 1.09 1.06 1.07 1.05 1.06 1.05 1.09 1.08 1.09 1.05 1.05 1.07 1.08 1.09 1.08 1.06 1.09 1.09 
1.09 1.07 1.05 1.09 1.06 1.09 1.08 1.05 1.05 1.08 1.09 1.08 1.05 1.08 1.08 1.09 1.08 1.07 1.09 1.06 
1.09 1.06 1.09 1.07 1.05 1.08 1.07 1.08 1.06 1.05 1.08 1.07 1.06 1.07 1.08 1.09 1.09 1.07 1.06 1.06 
1.07 1.07 1.09 1.08 1.09 1.07 1.06 1.08 1.06 1.09 1.05 1.08 1.09 1.09 1.08 1.08 1.05 1.05 1.05 1.09 
1.08 1.06 1.05 1.08 1.08 1.08 1.07 1.06 1.07 1.09 1.07 1.05 1.08 1.08 1.08 1.09 1.08 1.05 1.06 1.05 
1.07 1.07 1.09 1.09 1.05 1.08 1.08 1.05 1.07 1.08 1.06 1.05 1.06 1.05 1.05 1.06 1.09 1.05 1.07 1.05 
1.08 1.08 1.07 1.05 1.09 1.05 1.06 1.07 1.05 1.09 1.05 1.07 1.09 1.07 1.09 1.08 1.05 1.07 1.07 1.07 
1.05 1.08 1.06 1.07 1.06 1.08 1.08 1.08 1.07 1.07 1.08 1.08 1.05 1.07 1.08 1.08 1.08 1.06 1.09 1.09 
1.05 1.07 1.05 1.07 1.08 1.06 1.07 1.08 1.08 1.08 1.06 1.05 1.09 1.08 1.06 1.08 1.08 1.07 1.05 1.05 
1.08 1.06 1.08 1.06 1.08 1.07 1.05 1.08 1.08 1.07 1.06 1.08 1.06 1.06 1.08 1.09 1.07 1.05 1.07 1.06 
1.09 1.06 1.07 1.05 1.08 1.05 1.05 1.09 1.06 1.07 1.06 1.07 1.06 1.08 1.08 1.08 1.05 1.05 1.05 1.09 
1.07 1.07 1.07 1.09 1.05 1.05 1.08 1.08 1.05 1.07 1.07 1.05 1.08 1.09 1.09 1.09 1.06 1.06 1.05 1.06 
1.09 1.05 1.06 1.05 1.08 1.05 1.09 1.07 1.07 1.07 1.07 1.09 1.06 1.07 1.05 1.05 1.08 1.09 1.09 1.09 
1.07 1.06 1.06 1.09 1.06 1.08 1.09 1.06 1.05 1.06 1.08 1.08 1.05 1.06 1.06 1.08 1.08 1.08 1.05 1.05 
1.07 1.07 1.06 1.09 1.08 1.07 1.06 1.07 1.06 1.08 1.05 1.08 1.05 1.05 1.07 1.09 1.09 1.08 1.07 1.08 
1.08 1.09 1.09 1.05 1.08 1.06 1.07 1.08 1.09 1.07 1.05 1.09 1.06 1.09 1.09 1.05 1.09 1.05 1.05 1.09 
1.09 1.07 1.07 1.05 1.09 1.08 1.06 1.06 1.06 1.05 1.09 1.09 1.07 1.07 1.07 1.09 1.07 1.05 1.06 1.07 
1.05 1.07 1.05 1.06 1.08 1.07 1.07 1.09 1.09 1.09 1.07 1.08 1.06 1.06 1.05 1.06 1.09 1.06 1.06 1.08 
1.09 1.08 1.06 1.09 1.05 1.09 1.07 1.06 1.06 1.06 1.05 1.09 1.05 1.08 1.09 1.06 1.06 1.09 1.05 1.08 
1.08 1.09 1.06 1.05 1.08 1.08 1.06 1.06 1.08 1.09 1.06 1.08 1.08 1.06 1.08 1.08 1.06 1.08 1.09 1.09 
1.09 1.09 1.08 1.09 1.06 1.07 1.06 1.09 1.08 1.08 1.07 1.07 1.06 1.07 1.05 1.05 1.05 1.06 1.08 1.07 
1.08 1.08 1.08 1.08 1.07 1.07 1.05 1.08 1.05 1.05 1.07 1.06 1.05 1.05 1.09 1.07 1.07 1.07 1.07 1.06 
1.05 1.06 1.06 1.09 1.07 1.07 1.07 1.09 1.05 1.05 1.05 1.06 1.08 1.06 1.09 1.05 1.08 1.09 1.06 1.09 
1.09 1.05 1.06 1.06 1.08 1.09 1.08 1.06 1.09 1.08 1.08 1.08 1.08 1.09 1.05 1.09 1.06 1.05 1.09 1.05 
1.05 1.09 1.07 1.08 1.07 1.07 1.07 1.06 1.08 1.07 1.05 1.08 1.09 1.06 1.08 1.09 1.08 1.06 1.09 1.07 
1.06 1.07 1.08 1.08 1.08 1.05 1.06 1.09 1.08 1.06 1.08 1.07 1.07 1.07 1.09 1.07 1.08 1.06 1.09 1.09 
1.08 1.07 1.08 1.05 1.06 1.06 1.08 1.09 1.09 1.08 1.06 1.09 1.06 1.07 1.08 1.05 1.09 1.07 1.05 1.07 
1.06 1.08 1.08 1.07 1.07 1.09 1.06 1.08 1.09 1.06 1.07 1.08 1.05 1.07 1.05 1.07 1.09 1.06 1.07 1.07 
1.06 1.08 1.08 1.09 1.07 1.08 1.07 1.07 1.09 1.06 1.07 1.08 1.08 1.08 1.05 1.08 1.05 1.06 1.06 1.09 
1.05 1.05 1.07 1.09 1.06 1.06 1.08 1.08 1.07 1.07 1.09 1.07 1.07 1.06 1.08 1.09 1.07 1.08 1.09 1.09 
1.08 1.09 1.06 1.06 1.08 1.09 1.06 1.09 1.09 1.05 1.09 1.09 1.06 1.08 1.05 1.09 1.05 1.05 1.05 1.05 
1.05 1.05 1.07 1.09 1.05 1.08 1.07 1.05 1.05 1.09 1.05 1.06 1.06 1.07 1.05 1.08 1.09 1.07 1.06 1.05 
1.06 1.06 1.06 1.05 1.05 1.09 1.09 1.08 1.05 1.09 1.05 1.07 1.08 1.05 1.06 1.07 1.07 1.06 1.09 1.07 
1.08 1.08 1.07 1.08 1.08 1.07 1.05 1.05 1.09 1.07 1.06 1.06 1.09 1.07 1.09 1.09 1.06 1.07 1.09 1.06 
1.07 1.08 1.08 1.06 1.05 1.05 1.05 1.08 1.08 1.08 1.07 1.09 1.06 1.06 1.08 1.06 1.05 1.06 1.08 1.07 
1.08 1.06 1.07 1.09 1.05 1.07 1.07 1.07 1.07 1.09 1.09 1.09 1.07 1.05 1.08 1.08 1.06 1.05 1.06 1.07 
1.09 1.09 1.09 1.09 1.08 1.07 1.05 1.09 1.09 1.09 1.08 1.07 1.05 1.05 1.05 1.08 1.05 1.08 1.08 1.06 
1.08 1.08 1.08 1.07 1.08 1.07 1.05 1.08 1.05 1.09 1.07 1.06 1.09 1.07 1.05 1.09 1.09 1.05 1.07 1.05 
1.07 1.05 1.07 1.09 1.05 1.05 1.06 1.06 1.09 1.06 1.05 1.06 1.07 1.05 1.08 1.06 1.08 1.06 1.05 1.06 
1.09 1.07 1.09 1.08 1.07 1.09 1.05 1.05 1.09 1.06 1.07 1.05 1.08 1.07 1.08 1.05 1.05 1.09 1.09 1.06 
1.06 1.06 1.07 1.08 1.05 1.06 1.09 1.08 1.06 1.06 1.09 1.08 1.09 1.05 1.08 1.09 1.08 1.06 1.09 1.06 
1.08 1.06 1.08 1.08 1.06 1.09 1.05 1.06 1.09 1.08 1.06 1.09 1.06 1.07 1.05 1.07 1.06 1.08 1.07 1.05 
1.06 1.05 1.08 1.05 1.08 1.07 1.06 1.07 1.07 1.05 1.06 1.08 1.09 1.06 1.09 1.05 1.09 1.09 1.07 1.09 
1.05 1.06 1.06 1.06 1.05 1.06 1.07 1.08 1.05 1.05 1.09 1.07 1.09 1.08 1.08 1.05 1.07 1.07 1.09 1.09 
1.05 1.07 1.07 1.06 1.07 1.06 1.07 1.08 1.06 1.05 1.06 1.07 1.05 1.09 1.06 1.07 1.09 1.06 1.06 1.07 
1.09 1.06 1.07 1.07 1.05 1.05 1.09 1.08 1.05 1.09 1.08 1.09 1.07 1.08 1.08 1.05 1.08 1.09 1.05 1.08 
1.05 1.07 1.08 1.05 1.06 1.08 1.09 1.05 1.09 1.05 1.05 1.06 1.08 1.07 1.06 1.05 1.05 1.09 1.06 1.05 
1.06 1.08 1.08 1.08 1.08 1.09 1.09 1.05 1.06 1.09 1.07 1.05 1.09 1.06 1.08 1.09 1.06 1.09 1.07 1.07 
1.08 1.06 1.08 1.07 1.08 1.06 1.07 1.05 1.06 1.08 1.06 1.07 1.07 1.08 1.06 1.06 1.06 1.07 1.05 1.09 
1.05 1.08 1.07 1.07 1.09 1.09 1.06 1.09 1.08 1.09 1.08 1.07 1.06 1.07 1.07 1.08 1.06 1.07 1.07 1.09 
1.09 1.09 1.09 1.05 1.08 1.06 1.06 1.06 1.07 1.06 1.07 1.08 1.05 1.08 1.05 1.09 1.09 1.07 1.05 1.09 
1.08 1.07 1.07 1.05 1.09 1.08 1.08 1.09 1.08 1.05 1.09 1.06 1.09 1.09 1.07 1.07 1.06 1.06 1.07 1.06 
1.09 1.05 1.07 1.06 1.06 1.08 1.06 1.05 1.07 1.09 1.06 1.09 1.08 1.07 1.09 1.05 1.06 1.08 1.07 1.06 
1.08 1.08 1.06 1.08 1.05 1.09 1.07 1.09 1.09 1.07 1.06 1.05 1.05 1.06 1.08 1.08 1.07 1.07 1.07 1.05 
1.08 1.09 1.06 1.07 1.06 1.09 1.06 1.08 1.06 1.06 1.09 1.09 1.06 1.05 1.08 1.08 1.07 1.07 1.08 1.08 
1.07 1.07 1.08 1.09 1.06 1.06 1.08 1.08 1.05 1.06 1.06 1.05 1.07 1.08 1.05 1.08 1.09 1.09 1.08 1.06 
1.07 1.06 1.09 1.06 1.08 1.06 1.05 1.06 1.06 1.05 1.07 1.08 1.09 1.07 1.06 1.09 1.07 1.06 1.08 1.06 
1.09 1.08 1.06 1.08 1.09 1.07 1.05 1.05 1.07 1.09 1.06 1.06 1.05 1.08 1.05 1.06 1.08 1.08 1.05 1.07 
1.08 1.09 1.05 1.07 1.08 1.07 1.07 1.05 1.09 1.08 1.09 1.08 1.07 1.09 1.08 1.05 1.08 1.08 1.05 1.08 
1.08 1.06 1.06 1.09 1.09 1.09 1.06 1.09 1.08 1.06 1.09 1.06 1.09 1.06 1.05 1.07 1.05 1.08 1.07 1.05 
1.09 1.08 1.09 1.07 1.05 1.07 1.06 1.05 1.06 1.07 1.05 1.09 1.07 1.07 1.09 1.08 1.05 1.07 1.06 1.08 
1.09 1.07 1.09 1.06 1.05 1.06 1.07 1.05 1.09 1.09 1.07 1.05 1.09 1.05 1.06 1.07 1.06 1.07 1.07 1.07 
1.06 1.09 1.05 1.06 1.05 1.08 1.08 1.07 1.05 1.07 1.07 1.08 1.07 1.05 1.05 1.05 1.06 1.06 1.07 1.05 
1.09 1.05 1.06 1.06 1.09 1.08 1.07 1.08 1.05 1.07 1.07 1.09 1.08 1.05 1.06 1.06 1.05 1.07 1.08 1.05 
1.08 1.07 1.06 1.08 1.05 1.07 1.06 1.09 1.09 1.08 1.09 1.07 1.08 1.05 1.06 1.08 1.09 1.08 1.06 1.06 
1.07 1.08 1.05 1.08 1.09 1.07 1.08 1.07 1.06 1.08 1.08 1.06 1.09 1.05 1.09 1.08 1.09 1.05 1.09 1.08 
1.05 1.09 1.05 1.07 1.06 1.08 1.07 1.08 1.06 1.07 1.08 1.05 1.08 1.08 1.08 1.08 1.08 1.08 1.05 1.06 
1.07 1.05 1.05 1.07 1.06 1.08 1.09 1.09 1.06 1.06 1.09 1.05 1.08 1.08 1.06 1.08 1.05 1.06 1.05 1.09 
1.06 1.06 1.09 1.07 1.07 1.09 1.06 1.09 1.05 1.08 1.05 1.09 1.06 1.07 1.07 1.06 1.08 1.06 1.09 1.05 
1.05 1.09 1.07 1.05 1.08 1.05 1.06 1.09 1.09 1.08 1.07 1.09 1.06 1.07 1.05 1.07 1.08 1.07 1.05 1.08 
1.07 1.07 1.06 1.09 1.08 1.08 1.05 1.09 1.05 1.08 1.06 1.05 1.05 1.08 1.07 1.07 1.05 1.05 1.05 1.09 
1.09 1.09 1.08 1.08 1.05 1.05 1.05 1.09 1.07 1.06 1.05 1.08 1.06 1.06 1.05 1.07 1.05 1.08 1.05 1.07 
1.08 1.06 1.06 1.06 1.05 1.07 1.06 1.06 1.05 1.05 1.06 1.05 1.08 1.08 1.06 1.07 1.06 1.07 1.06 1.06 
1.06 1.07 1.08 1.07 1.07 1.09 1.08 1.08 1.07 1.05 1.07 1.09 1.06 1.08 1.07 1.07 1.09 1.09 1.07 1.08 
1.05 1.07 1.06 1.09 1.05 1.08 1.05 1.08 1.07 1.06 1.08 1.08 1.09 1.06 1.08 1.09 1.09 1.07 1.07 1.05 
1.06 1.09 1.06 1.09 1.05 1.07 1.07 1.09 1.06 1.06 1.08 1.07 1.06 1.07 1.08 1.05 1.09 1.05 1.09 1.07 
1.07 1.06 1.09 1.07 1.07 1.09 1.05 1.07 1.05 1.08 1.09 1.09 1.09 1.08 1.09 1.09 1.05 1.07 1.06 1.08 
1.08 1.08 1.09 1.05 1.09 1.08 1.09 1.06 1.06 1.09 1.06 1.07 1.05 1.06 1.09 1.09 1.05 1.06 1.07 1.07 
1.09 1.05 1.09 1.08 1.09 1.09 1.05 1.06 1.05 1.06 1.06 1.05 1.09 1.05 1.09 1.05 1.06 1.07 1.07 1.05 
1.06 1.05 1.07 1.06 1.09 1.07 1.09 1.05 1.06 1.08 1.09 1.05 1.08 1.07 1.09 1.07 1.05 1.07 1.08 1.06 
1.06 1.06 1.09 1.05 1.06 1.06 1.09 1.06 1.06 1.06 1.09 1.09 1.06 1.07 1.08 1.07 1.07 1.05 1.08 1.06 
1.08 1.06 1.09 1.08 1.09 1.06 1.08 1.07 1.07 1.07 1.09 1.07 1.08 1.09 1.08 1.09 1.09 1.09 1.08 1.05 
1.09 1.08 1.07 1.07 1.09 1.08 1.07 1.07 1.09 1.07 1.05 1.07 1.05 1.06 1.09 1.07 1.08 1.07 1.08 1.06 
1.09 1.07 1.05 1.05 1.09 1.09 1.08 1.05 1.07 1.08 1.07 1.05 1.06 1.08 1.07 1.05 1.09 1.09 1.07 1.06 
1.07 1.05 1.09 1.06 1.06 1.09 1.08 1.08 1.06 1.09 1.09 1.08 1.08 1.08 1.07 1.07 1.07 1.05 1.08 1.05 
1.07 1.05 1.09 1.08 1.06 1.07 1.08 1.07 1.08 1.07 1.09 1.09 1.06 1.06 1.06 1.09 1.07 1.05 1.05 1.08 
1.05 1.08 1.05 1.05 1.05 1.09 1.08 1.05 1.09 1.05 1.09 1.07 1.06 1.07 1.05 1.07 1.07 1.08 1.08 1.07 
1.07 1.05 1.08 1.07 1.08 1.05 1.07 1.05 1.07 1.07 1.07 1.09 1.05 1.07 1.09 1.05 1.07 1.06 1.07 1.06 
1.09 1.06 1.05 1.08 1.09 1.08 1.07 1.05 1.05 1.05 1.05 1.08 1.09 1.09 1.09 1.05 1.06 1.09 1.05 1.05 
1.06 1.06 1.07 1.08 1.09 1.08 1.06 1.08 1.09 1.08 1.09 1.09 1.09 1.08 1.05 1.08 1.06 1.09 1.09 1.06 
1.07 1.06 1.09 1.06 1.05 1.07 1.09 1.08 1.09 1.05 1.05 1.08 1.07 1.09 1.07 1.05 1.05 1.05 1.06 1.09 
1.05 1.07 1.09 1.08 1.07 1.07 1.05 1.08 1.09 1.09 1.09 1.09 1.07 1.09 1.09 1.08 1.06 1.07 1.09 1.07 
1.05 1.05 1.06 1.05 1.09 1.05 1.06 1.09 1.09 1.09 1.09 1.08 1.08 1.05 1.05 1.05 1.07 1.06 1.07 1.06 
1.08 1.06 1.06 1.06 1.06 1.07 1.07 1.06 1.08 1.09 1.06 1.09 1.06 1.06 1.08 1.05 1.05 1.05 1.07 1.08 
1.08 1.08 1.05 1.07 1.05 1.05 1.06 1.08 1.05 1.07 1.07 1.09 1.08 1.05 1.06 1.08 1.05 1.06 1.06 1.09 
1.08 1.06 1.06 1.07 1.06 1.06 1.05 1.06 1.06 1.07 1.06 1.06 1.08 1.08 1.08 1.05 1.05 1.07 1.06 1.05 
1.08 1.07 1.06 1.08 1.09 1.07 1.07 1.05 1.06 1.08 1.08 1.09 1.06 1.05 1.08 1.09 1.07 1.07 1.09 1.09 
1.07 1.06 1.08 1.08 1.07 1.05 1.08 1.08 1.09 1.05 1.09 1.07 1.08 1.09 1.06 1.05 1.09 1.06 1.07 1.06 
1.09 1.08 1.08 1.08 1.06 1.05 1.08 1.05 1.07 1.09 1.06 1.05 1.08 1.07 1.07 1.08 1.05 1.06 1.07 1.05 
1.09 1.09 1.05 1.05 1.07 1.05 1.06 1.09 1.06 1.08 1.08 1.09 1.09 1.09 1.08 1.06 1.09 1.09 1.05 1.06 
1.06 1.08 1.08 1.05 1.05 1.08 1.07 1.09 1.07 1.08 1.07 1.06 1.05 1.08 1.09 1.06 1.05 1.06 1.09 1.07 
1.08 1.06 1.09 1.08 1.05 1.07 1.08 1.08 1.06 1.06 1.08 1.07 1.05 1.07 1.08 1.09 1.07 1.06 1.09 1.08 
1.08 1.09 1.09 1.09 1.08 1.09 1.08 1.07 1.07 1.06 1.08 1.08 1.07 1.05 1.08 1.09 1.05 1.07 1.07 1.07 
1.05 1.07 1.05 1.09 1.08 1.09 1.05 1.06 1.07 1.06 1.05 1.07 1.08 1.06 1.07 1.06 1.09 1.09 1.09 1.06 
1.08 1.05 1.09 1.08 1.07 1.08 1.06 1.07 1.07 1.06 1.06 1.08 1.05 1.09 1.09 1.06 1.07 1.06 1.08 1.09 
1.09 1.06 1.05 1.06 1.06 1.06 1.08 1.07 1.05 1.06 1.09 1.08 1.06 1.06 1.09 1.07 1.06 1.07 1.08 1.09 
1.07 1.07 1.06 1.09 1.09 1.05 1.09 1.09 1.08 1.08 1.07 1.07 1.05 1.05 1.08 1.06 1.05 1.05 1.09 1.08 
1.06 1.07 1.08 1.07 1.08 1.06 1.09 1.08 1.05 1.08 1.08 1.09 1.09 1.07 1.09 1.08 1.07 1.08 1.08 1.06 
1.06 1.06 1.09 1.05 1.06 1.06 1.07 1.05 1.08 1.05 1.06 1.05 1.08 1.06 1.09 1.05 1.09 1.09 1.09 1.08 
1.07 1.09 1.06 1.05 1.08 1.07 1.05 1.09 1.08 1.06 1.06 1.07 1.08 1.05 1.07 1.06 1.08 1.09 1.08 1.06 
1.08 1.09 1.05 1.08 1.06 1.08 1.05 1.08 1.09 1.06 1.05 1.09 1.08 1.08 1.08 1.06 1.06 1.06 1.05 1.06 
1.09 1.07 1.05 1.09 1.07 1.06 1.05 1.06 1.07 1.05 1.05 1.08 1.09 1.05 1.07 1.05 1.08 1.08 1.06 1.06 
1.07 1.05 1.09 1.09 1.05 1.08 1.06 1.07 1.08 1.06 1.06 1.08 1.07 1.08 1.09 1.07 1.09 1.07 1.07 1.09 
1.07 1.09 1.05 1.07 1.08 1.06 1.06 1.06 1.07 1.07 1.06 1.08 1.08 1.07 1.06 1.08 1.06 1.06 1.08 1.06 
1.06 1.07 1.05 1.08 1.09 1.06 1.09 1.09 1.05 1.07 1.06 1.07 1.08 1.06 1.09 1.09 1.07 1.08 1.09 1.05 
1.09 1.05 1.08 1.08 1.05 1.06 1.07 1.08 1.08 1.05 1.06 1.09 1.07 1.08 1.06 1.07 1.06 1.06 1.05 1.07 
1.06 1.07 1.08 1.09 1.08 1.09 1.08 1.08 1.08 1.06 1.06 1.07 1.07 1.08 1.08 1.08 1.08 1.09 1.06 1.08 
1.05 1.05 1.06 1.06 1.08 1.09 1.09 1.05 1.08 1.09 1.08 1.08 1.09 1.05 1.09 1.08 1.07 1.07 1.07 1.06 
1.05 1.05 1.08 1.08 1.05 1.06 1.05 1.05 1.09 1.06 1.09 1.05 1.09 1.07 1.07 1.08 1.09 1.07 1.08 1.05 
1.09 1.06 1.06 1.07 1.09 1.08 1.08 1.08 1.09 1.05 1.09 1.08 1.09 1.09 1.07 1.09 1.09 1.05 1.09 1.06 
1.08 1.08 1.08 1.05 1.05 1.05 1.05 1.09 1.07 1.07 1.09 1.06 1.06 1.07 1.06 1.05 1.05 1.08 1.08 1.06 
1.08 1.07 1.06 1.09 1.08 1.07 1.05 1.05 1.07 1.09 1.08 1.08 1.08 1.06 1.08 1.05 1.08 1.09 1.09 1.09 
1.06 1.09 1.06 1.09 1.05 1.07 1.08 1.06 1.09 1.07 1.07 1.07 1.09 1.07 1.09 1.05 1.09 1.05 1.06 1.06 
1.05 1.06 1.09 1.05 1.05 1.08 1.07 1.08 1.06 1.05 1.05 1.07 1.06 1.07 1.05 1.05 1.09 1.05 1.05 1.05 
1.05 1.07 1.07 1.05 1.05 1.08 1.08 1.07 1.08 1.06 1.09 1.05 1.09 1.08 1.05 1.07 1.08 1.07 1.09 1.08 
1.09 1.06 1.07 1.05 1.08 1.09 1.07 1.05 1.07 1.06 1.06 1.08 1.08 1.05 1.06 1.05 1.06 1.05 1.08 1.09 
1.06 1.08 1.08 1.08 1.06 1.09 1.09 1.05 1.08 1.08 1.09 1.09 1.09 1.06 1.05 1.09 1.06 1.05 1.09 1.05 
1.07 1.09 1.05 1.07 1.07 1.09 1.07 1.08 1.05 1.06 1.08 1.09 1.08 1.06 1.06 1.06 1.09 1.05 1.05 1.09 
1.06 1.09 1.09 1.07 1.06 1.07 1.09 1.08 1.09 1.07 1.09 1.06 1.06 1.06 1.08 1.07 1.07 1.07 1.09 1.09 
1.05 1.07 1.08 1.09 1.09 1.07 1.08 1.08 1.05 1.05 1.07 1.09 1.08 1.09 1.05 1.07 1.08 1.05 1.09 1.07 
1.05 1.06 1.05 1.09 1.07 1.08 1.05 1.08 1.07 1.06 1.07 1.06 1.07 1.07 1.05 1.05 1.09 1.05 1.08 1.06 
1.06 1.07 1.08 1.08 1.07 1.07 1.07 1.05 1.07 1.08 1.07 1.07 1.07 1.08 1.08 1.06 1.05 1.08 1.08 1.08 
1.06 1.06 1.06 1.07 1.05 1.07 1.08 1.07 1.05 1.06 1.06 1.08 1.06 1.05 1.08 1.07 1.05 1.09 1.09 1.06 
1.05 1.08 1.05 1.07 1.06 1.09 1.07 1.08 1.06 1.07 1.09 1.07 1.06 1.09 1.09 1.05 1.09 1.09 1.08 1.08 
1.05 1.05 1.06 1.09 1.09 1.05 1.06 1.07 1.07 1.06 1.06 1.06 1.09 1.07 1.07 1.07 1.06 1.07 1.06 1.07 
1.07 1.08 1.09 1.05 1.09 1.09 1.06 1.08 1.09 1.07 1.08 1.08 1.09 1.07 1.09 1.05 1.07 1.06 1.08 1.07 
1.07 1.09 1.05 1.09 1.08 1.07 1.08 1.06 1.09 1.08 1.07 1.07 1.07 1.08 1.07 1.07 1.07 1.09 1.09 1.09 
1.06 1.09 1.06 1.07 1.08 1.06 1.09 1.09 1.09 1.06 1.08 1.06 1.07 1.09 1.06 1.06 1.09 1.09 1.09 1.06 
1.07 1.06 1.09 1.07 1.09 1.08 1.07 1.07 1.09 1.09 1.06 1.05 1.05 1.05 1.08 1.08 1.09 1.07 1.08 1.08 
1.05 1.05 1.05 1.08 1.08 1.06 1.06 1.06 1.05 1.07 1.07 1.05 1.06 1.09 1.05 1.08 1.06 1.07 1.05 1.08 
1.09 1.05 1.08 1.07 1.05 1.05 1.08 1.08 1.09 1.05 1.06 1.05 1.09 1.08 1.06 1.06 1.08 1.08 1.07 1.08 
1.08 1.05 1.09 1.07 1.08 1.08 1.05 1.05 1.07 1.07 1.07 1.08 1.09 1.06 1.07 1.05 1.09 1.06 1.05 1.06 
1.05 1.08 1.09 1.09 1.06 1.09 1.06 1.05 1.05 1.06 1.09 1.08 1.05 1.09 1.06 1.09 1.06 1.06 1.06 1.07 
1.08 1.06 1.09 1.07 1.09 1.07 1.05 1.09 1.08 1.05 1.08 1.09 1.06 1.05 1.05 1.06 1.07 1.08 1.08 1.05 
1.09 1.07 1.07 1.09 1.09 1.07 1.07 1.08 1.09 1.08 1.09 1.09 1.08 1.07 1.08 1.07 1.06 1.08 1.09 1.09 
1.06 1.07 1.05 1.06 1.08 1.05 1.07 1.08 1.07 1.07 1.09 1.05 1.05 1.06 1.07 1.06 1.07 1.06 1.06 1.06 
1.08 1.07 1.07 1.06 1.05 1.08 1.06 1.07 1.08 1.05 1.08 1.08 1.06 1.08 1.07 1.05 1.05 1.09 1.06 1.05 
1.09 1.07 1.09 1.09 1.07 1.05 1.07 1.09 1.07 1.05 1.06 1.06 1.08 1.08 1.08 1.07 1.09 1.08 1.08 1.07 
1.05 1.07 1.07 1.06 1.05 1.07 1.08 1.05 1.07 1.07 1.06 1.08 1.07 1.05 1.07 1.07 1.07 1.09 1.05 1.06 
1.09 1.07 1.09 1.08 1.06 1.06 1.09 1.07 1.07 1.09 1.06 1.08 1.08 1.09 1.07 1.05 1.06 1.07 1.06 1.09 
1.05 1.07 1.09 1.06 1.07 1.08 1.07 1.06 1.07 1.07 1.07 1.06 1.06 1.06 1.07 1.09 1.08 1.09 1.09 1.09 
1.08 1.09 1.05 1.08 1.05 1.09 1.09 1.05 1.05 1.07 1.08 1.09 1.09 1.08 1.07 1.08 1.06 1.08 1.06 1.05 
1.08 1.07 1.06 1.07 1.06 1.05 1.07 1.05 1.08 1.05 1.07 1.07 1.05 1.09 1.05 1.06 1.05 1.07 1.05 1.08 
1.06 1.06 1.07 1.06 1.06 1.05 1.09 1.09 1.05 1.06 1.09 1.06 1.09 1.08 1.07 1.08 1.07 1.07 1.08 1.08 
1.05 1.06 1.06 1.06 1.07 1.08 1.06 1.07 1.05 1.09 1.05 1.09 1.07 1.06 1.06 1.06 1.06 1.05 1.06 1.05 
1.06 1.09 1.06 1.06 1.09 1.05 1.09 1.05 1.09 1.06 1.05 1.09 1.06 1.07 1.09 1.06 1.06 1.08 1.07 1.06 
1.09 1.09 1.09 1.07 1.09 1.09 1.07 1.08 1.08 1.07 1.05 1.06 1.07 1.08 1.06 1.07 1.07 1.06 1.07 1.07 
1.06 1.06 1.06 1.09 1.05 1.08 1.06 1.08 1.05 1.06 1.05 1.05 1.09 1.06 1.07 1.05 1.05 1.05 1.09 1.08 
1.07 1.08 1.08 1.09 1.08 1.09 1.07 1.06 1.05 1.07 1.06 1.09 1.06 1.09 1.05 1.07 1.09 1.09 1.08 1.08 
1.06 1.07 1.07 1.06 1.09 1.06 1.08 1.07 1.05 1.08 1.09 1.05 1.09 1.05 1.08 1.07 1.06 1.05 1.08 1.08 
1.08 1.05 1.07 1.08 1.07 1.07 1.08 1.08 1.08 1.07 1.09 1.09 1.09 1.07 1.06 1.07 1.09 1.07 1.08 1.09 
1.06 1.09 1.09 1.08 1.05 1.09 1.08 1.06 1.05 1.09 1.07 1.08 1.06 1.06 1.05 1.09 1.05 1.09 1.05 1.08 
1.06 1.08 1.09 1.08 1.05 1.05 1.07 1.05 1.08 1.07 1.05 1.07 1.08 1.09 1.06 1.06 1.08 1.05 1.09 1.05 
1.08 1.08 1.08 1.09 1.07 1.09 1.05 1.09 1.08 1.07 1.05 1.09 1.09 1.08 1.05 1.06 1.09 1.08 1.07 1.09 
1.08 1.07 1.09 1.05 1.05 1.06 1.05 1.08 1.06 1.09 1.07 1.08 1.07 1.09 1.08 1.09 1.06 1.05 1.07 1.07 
1.05 1.05 1.08 1.09 1.05 1.06 1.08 1.09 1.09 1.08 1.08 1.06 1.09 1.05 1.08 1.07 1.06 1.06 1.05 1.09 
1.09 1.09 1.05 1.09 1.07 1.06 1.06 1.05 1.09 1.05 1.07 1.06 1.09 1.07 1.07 1.05 1.09 1.05 1.05 1.06 
1.06 1.07 1.05 1.09 1.09 1.08 1.08 1.05 1.09 1.07 1.07 1.05 1.08 1.09 1.06 1.05 1.06 1.05 1.06 1.09 
1.08 1.06 1.09 1.08 1.07 1.06 1.09 1.06 1.09 1.08 1.05 1.06 1.09 1.06 1.06 1.09 1.07 1.08 1.06 1.09 
1.07 1.05 1.05 1.09 1.06 1.07 1.07 1.06 1.06 1.06 1.05 1.07 1.08 1.05 1.06 1.08 1.06 1.07 1.06 1.07 
1.07 1.05 1.09 1.07 1.06 1.07 1.09 1.07 1.09 1.06 1.06 1.09 1.09 1.07 1.05 1.05 1.06 1.09 1.08 1.07 
1.09 1.09 1.05 1.08 1.08 1.07 1.06 1.09 1.07 1.09 1.08 1.09 1.09 1.06 1.09 1.06 1.06 1.09 1.08 1.05 
1.05 1.09 1.09 1.06 1.05 1.08 1.07 1.09 1.05 1.08 1.05 1.05 1.09 1.08 1.07 1.06 1.08 1.05 1.06 1.05 
1.07 1.09 1.05 1.08 1.06 1.05 1.07 1.06 1.09 1.05 1.09 1.05 1.06 1.06 1.09 1.08 1.05 1.05 1.08 1.08 
1.08 1.07 1.05 1.09 1.08 1.06 1.08 1.06 1.06 1.09 1.09 1.08 1.07 1.05 1.06 1.05 1.07 1.06 1.06 1.07 
1.09 1.07 1.09 1.05 1.09 1.08 1.08 1.06 1.07 1.08 1.07 1.09 1.08 1.08 1.05 1.08 1.09 1.05 1.05 1.07 
1.06 1.05 1.06 1.08 1.06 1.09 1.05 1.06 1.08 1.07 1.09 1.06 1.07 1.05 1.06 1.07 1.08 1.08 1.08 1.08 
1.05 1.07 1.07 1.08 1.09 1.05 1.08 1.08 1.06 1.09 1.09 1.09 1.06 1.05 1.08 1.05 1.05 1.06 1.07 1.09 
1.08 1.06 1.05 1.05 1.06 1.06 1.08 1.06 1.05 1.06 1.08 1.05 1.06 1.06 1.08 1.06 1.09 1.07 1.08 1.05 
1.06 1.07 1.05 1.08 1.08 1.09 1.09 1.07 1.08 1.07 1.06 1.05 1.05 1.05 1.06 1.08 1.07 1.08 1.05 1.09 
1.09 1.06 1.07 1.07 1.07 1.05 1.07 1.09 1.05 1.07 1.06 1.07 1.05 1.05 1.05 1.07 1.07 1.09 1.09 1.09 
1.05 1.07 1.07 1.05 1.07 1.07 1.09 1.07 1.07 1.05 1.08 1.05 1.05 1.09 1.07 1.09 1.05 1.05 1.06 1.06 
1.08 1.09 1.09 1.09 1.07 1.06 1.07 1.09 1.07 1.07 1.05 1.05 1.05 1.06 1.06 1.06 1.08 1.08 1.08 1.08 
1.07 1.07 1.07 1.08 1.07 1.05 1.08 1.07 1.06 1.09 1.08 1.08 1.09 1.07 1.06 1.07 1.06 1.09 1.06 1.08 
1.07 1.06 1.05 1.06 1.05 1.05 1.09 1.09 1.05 1.09 1.07 1.06 1.09 1.06 1.05 1.06 1.05 1.09 1.08 1.09 
1.08 1.09 1.05 1.08 1.07 1.09 1.06 1.08 1.08 1.05 1.05 1.05 1.06 1.05 1.06 1.08 1.05 1.06 1.08 1.06 
1.07 1.06 1.07 1.06 1.07 1.09 1.06 1.08 1.05 1.09 1.08 1.05 1.05 1.05 1.07 1.05 1.06 1.07 1.06 1.06 
1.05 1.08 1.08 1.06 1.08 1.08 1.08 1.05 1.09 1.07 1.06 1.09 1.05 1.08 1.07 1.08 1.09 1.08 1.05 1.08 
1.05 1.08 1.06 1.09 1.07 1.07 1.07 1.07 1.05 1.06 1.05 1.06 1.06 1.05 1.09 1.05 1.08 1.06 1.06 1.05 
1.09 1.09 1.06 1.09 1.07 1.09 1.08 1.05 1.07 1.05 1.05 1.08 1.09 1.06 1.09 1.09 1.06 1.09 1.09 1.09 
1.06 1.07 1.09 1.06 1.07 1.05 1.06 1.09 1.05 1.06 1.07 1.08 1.07 1.07 1.07 1.09 1.07 1.08 1.05 1.08 
1.07 1.06 1.09 1.09 1.07 1.05 1.09 1.05 1.06 1.05 1.08 1.06 1.08 1.07 1.05 1.09 1.08 1.06 1.06 1.09 
1.09 1.09 1.08 1.09 1.09 1.09 1.07 1.07 1.09 1.05 1.08 1.08 1.09 1.09 1.08 1.06 1.07 1.09 1.09 1.09 
1.07 1.07 1.09 1.08 1.09 1.05 1.08 1.08 1.06 1.06 1.09 1.06 1.09 1.07 1.06 1.08 1.07 1.08 1.06 1.09 
1.07 1.05 1.09 1.05 1.07 1.09 1.08 1.08 1.06 1.05 1.06 1.05 1.06 1.07 1.05 1.08 1.05 1.05 1.08 1.05 
1.07 1.07 1.05 1.06 1.07 1.05 1.07 1.07 1.07 1.07 1.06 1.09 1.09 1.09 1.07 1.05 1.09 1.06 1.07 1.05 
1.06 1.05 1.09 1.07 1.05 1.08 1.08 1.07 1.07 1.08 1.06 1.05 1.06 1.05 1.08 1.06 1.09 1.07 1.06 1.09 
1.08 1.07 1.08 1.05 1.08 1.05 1.05 1.07 1.09 1.05 1.06 1.05 1.09 1.05 1.07 1.05 1.05 1.09 1.09 1.09 
1.05 1.05 1.07 1.07 1.05 1.07 1.08 1.07 1.08 1.06 1.05 1.06 1.06 1.08 1.05 1.09 1.07 1.07 1.08 1.09 
1.06 1.08 1.06 1.06 1.06 1.09 1.08 1.08 1.07 1.07 1.06 1.07 1.06 1.06 1.07 1.05 1.05 1.06 1.05 1.07 
1.05 1.05 1.05 1.07 1.06 1.05 1.05 1.07 1.09 1.08 1.08 1.05 1.06 1.06 1.06 1.06 1.07 1.05 1.07 1.05 
1.05 1.06 1.05 1.09 1.05 1.07 1.08 1.07 1.07 1.08 1.07 1.07 1.08 1.07 1.06 1.07 1.05 1.05 1.05 1.08 
1.09 1.05 1.05 1.05 1.08 1.07 1.08 1.05 1.09 1.08 1.09 1.09 1.05 1.06 1.05 1.05 1.08 1.09 1.08 1.08 
1.07 1.09 1.06 1.09 1.05 1.08 1.07 1.09 1.08 1.06 1.09 1.05 1.05 1.06 1.06 1.06 1.06 1.07 1.06 1.09 
1.07 1.07 1.05 1.08 1.07 1.07 1.05 1.06 1.09 1.07 1.05 1.06 1.06 1.08 1.07 1.06 1.06 1.07 1.05 1.08 
1.08 1.09 1.08 1.09 1.08 1.06 1.05 1.07 1.08 1.09 1.07 1.07 1.05 1.06 1.06 1.07 1.09 1.07 1.05 1.05 
1.06 1.08 1.05 1.08 1.07 1.09 1.07 1.09 1.09 1.09 1.05 1.07 1.08 1.06 1.06 1.09 1.05 1.09 1.06 1.05 
1.06 1.06 1.08 1.09 1.08 1.06 1.07 1.05 1.05 1.08 1.09 1.06 1.07 1.09 1.09 1.06 1.06 1.06 1.06 1.06 
1.09 1.07 1.08 1.09 1.07 1.07 1.09 1.08 1.07 1.08 1.07 1.05 1.09 1.06 1.05 1.09 1.07 1.05 1.08 1.07 
1.05 1.09 1.06 1.08 1.05 1.06 1.05 1.07 1.06 1.05 1.09 1.05 1.07 1.08 1.08 1.09 1.05 1.08 1.05 1.07 
1.05 1.06 1.05 1.08 1.08 1.06 1.05 1.08 1.08 1.07 1.06 1.08 1.07 1.08 1.09 1.08 1.05 1.08 1.06 1.06 
1.07 1.09 1.08 1.05 1.09 1.05 1.06 1.09 1.06 1.08 1.09 1.06 1.09 1.09 1.08 1.08 1.05 1.08 1.06 1.09 
1.09 1.05 1.06 1.05 1.05 1.06 1.07 1.06 1.07 1.05 1.06 1.06 1.08 1.05 1.07 1.09 1.09 1.07 1.08 1.09 
1.07 1.07 1.08 1.05 1.06 1.05 1.09 1.09 1.07 1.05 1.09 1.08 1.06 1.06 1.07 1.08 1.07 1.05 1.09 1.07 
1.09 1.09 1.08 1.06 1.08 1.09 1.07 1.06 1.06 1.07 1.09 1.09 1.05 1.08 1.06 1.05 1.06 1.06 1.05 1.05 
