20
200
13 91 16 18 74 40 38 59 2 97 60 46 71 8 72 29 78 23 28 14 14 66 50 44 88 67 7 50 1 78 46 63 71 47 91 33 69 52 97 56 76 3 93 41 49 80 52 14 77 14 22 92 55 36 32 88 9 17 95 49 90 17 30 19 46 82 34 52 30 97 36 43 93 95 3 42 63 86 94 10 26 85 100 58 22 78 50 16 65 73 13 91 51 10 1 6 18 50 13 60 93 24 68 40 78 89 27 30 57 56 40 83 15 12 22 17 28 94 2 63 77 59 9 28 84 82 35 21 27 86 52 84 39 79 41 94 82 21 21 97 52 49 68 54 71 87 72 17 24 79 86 19 27 84 15 19 34 29 12 48 10 38 23 89 95 11 74 42 85 40 29 6 15 24 59 74 75 18 49 41 10 29 75 68 29 6 83 64 56 8 15 62 98 6 89 50 65 97 21 79 
3 2 2 3 1 1 2 3 2 1 1 3 3 3 3 1 3 3 2 3 
1.04 1.03 1.03 1.01 1.04 1.02 1.03 1.04 1.02 1.01 1.06 1.02 1.02 1.02 1.02 1.02 1.06 1.03 1.05 1.01 
1.04 1.06 1.04 1.05 1.01 1.06 1.03 1.02 1.06 1.03 1.04 1.03 1.05 1.05 1.06 1.05 1.01 1.02 1.05 1.03 
1.03 1.06 1.02 1.04 1.02 1.03 1.05 1.05 1.03 1.06 1.05 1.05 1.05 1.05 1.05 1.05 1.06 1.05 1.05 1.02 
1.04 1.01 1.03 1.06 1.04 1.01 1.02 1.05 1.03 1.05 1.05 1.02 1.02 1.01 1.03 1.02 1.02 1.05 1.02 1.06 
1.06 1.04 1.03 1.03 1.02 1.04 1.05 1.03 1.04 1.01 1.03 1.06 1.05 1.04 1.06 1.06 1.01 1.06 1.05 1.06 
1.02 1.03 1.03 1.05 1.02 1.01 1.02 1.06 1.06 1.06 1.01 1.06 1.06 1.05 1.02 1.02 1.05 1.06 1.02 1.02 
1.02 1.02 1.02 1.01 1.03 1.04 1.01 1.06 1.01 1.03 1.06 1.06 1.05 1.05 1.04 1.01 1.02 1.05 1.03 1.03 
1.06 1.04 1.02 1.03 1.05 1.02 1.04 1.06 1.04 1.03 1.06 1.01 1.06 1.04 1.02 1.06 1.05 1.05 1.05 1.03 
1.05 1.04 1.05 1.03 1.01 1.06 1.05 1.02 1.02 1.03 1.06 1.05 1.06 1.03 1.04 1.06 1.06 1.05 1.01 1.01 
1.01 1.02 1.06 1.01 1.02 1.03 1.05 1.06 1.03 1.06 1.03 1.04 1.05 1.06 1.06 1.02 1.02 1.02 1.04 1.03 
1.01 1.04 1.02 1.03 1.06 1.06 1.06 1.02 1.05 1.01 1.03 1.01 1.04 1.02 1.04 1.06 1.05 1.04 1.04 1.06 
1.01 1.06 1.02 1.02 1.04 1.05 1.04 1.05 1.01 1.01 1.03 1.03 1.06 1.04 1.03 1.05 1.01 1.03 1.06 1.06 
1.03 1.01 1.05 1.04 1.05 1.01 1.04 1.05 1.06 1.01 1.02 1.02 1.01 1.01 1.06 1.05 1.06 1.06 1.05 1.05 
1.03 1.05 1.02 1.04 1.05 1.01 1.03 1.03 1.02 1.03 1.04 1.03 1.03 1.03 1.04 1.03 1.02 1.05 1.06 1.05 
1.05 1.03 1.04 1.01 1.02 1.06 1.05 1.06 1.02 1.01 1.06 1.03 1.06 1.02 1.02 1.05 1.02 1.05 1.05 1.01 
1.02 1.06 1.02 1.06 1.03 1.01 1.02 1.01 1.03 1.03 1.01 1.01 1.03 1.03 1.04 1.01 1.03 1.01 1.01 1.03 
1.03 1.05 1.03 1.06 1.03 1.05 1.01 1.06 1.04 1.02 1.01 1.02 1.01 1.03 1.04 1.02 1.06 1.01 1.03 1.04 
1.05 1.01 1.02 1.02 1.03 1.06 1.04 1.02 1.03 1.06 1.04 1.06 1.05 1.03 1.02 1.05 1.03 1.05 1.01 1.02 
1.06 1.02 1.01 1.02 1.03 1.02 1.05 1.01 1.05 1.03 1.03 1.01 1.03 1.02 1.01 1.03 1.05 1.01 1.04 1.05 
1.02 1.01 1.02 1.02 1.03 1.05 1.04 1.03 1.06 1.06 1.05 1.05 1.05 1.03 1.04 1.05 1.05 1.01 1.02 1.04 
1.02 1.05 1.05 1.04 1.04 1.06 1.02 1.03 1.06 1.06 1.06 1.05 1.04 1.02 1.01 1.04 1.03 1.06 1.05 1.01 
1.04 1.01 1.03 1.04 1.05 1.01 1.02 1.01 1.02 1.05 1.03 1.05 1.02 1.05 1.04 1.05 1.06 1.02 1.03 1.02 
1.03 1.06 1.01 1.06 1.06 1.06 1.04 1.02 1.04 1.02 1.06 1.05 1.02 1.06 1.02 1.02 1.06 1.06 1.06 1.03 
1.05 1.04 1.06 1.04 1.02 1.04 1.02 1.03 1.02 1.02 1.01 1.03 1.02 1.02 1.01 1.04 1.03 1.03 1.02 1.06 
1.05 1.06 1.05 1.02 1.01 1.01 1.04 1.03 1.06 1.01 1.06 1.04 1.04 1.03 1.02 1.02 1.04 1.02 1.03 1.05 
1.04 1.04 1.06 1.04 1.05 1.02 1.04 1.04 1.04 1.02 1.01 1.01 1.03 1.04 1.02 1.03 1.02 1.04 1.05 1.04 
1.04 1.06 1.06 1.05 1.01 1.01 1.05 1.04 1.06 1.05 1.05 1.01 1.01 1.06 1.04 1.01 1.01 1.01 1.06 1.02 
1.03 1.06 1.01 1.01 1.06 1.05 1.04 1.03 1.06 1.02 1.02 1.03 1.04 1.03 1.03 1.01 1.04 1.02 1.05 1.04 
1.01 1.05 1.01 1.02 1.06 1.03 1.04 1.01 1.01 1.01 1.06 1.03 1.02 1.05 1.03 1.05 1.04 1.02 1.03 1.03 
1.03 1.01 1.01 1.03 1.02 1.04 1.05 1.02 1.05 1.02 1.03 1.06 1.04 1.02 1.03 1.02 1.01 1.01 1.03 1.01 
1.06 1.02 1.02 1.06 1.03 1.05 1.05 1.02 1.05 1.04 1.05 1.02 1.01 1.04 1.03 1.04 1.02 1.01 1.02 1.06 
1.06 1.05 1.05 1.05 1.02 1.06 1.01 1.01 1.01 1.05 1.01 1.01 1.03 1.01 1.02 1.02 1.02 1.06 1.03 1.05 
1.01 1.06 1.01 1.01 1.05 1.03 1.04 1.03 1.05 1.05 1.03 1.04 1.03 1.03 1.02 1.03 1.04 1.01 1.04 1.02 
1.02 1.04 1.02 1.05 1.06 1.04 1.03 1.02 1.01 1.04 1.04 1.01 1.06 1.06 1.03 1.01 1.02 1.01 1.04 1.01 
1.03 1.01 1.03 1.04 1.02 1.06 1.02 1.05 1.02 1.05 1.01 1.04 1.03 1.02 1.01 1.06 1.01 1.02 1.06 1.05 
1.03 1.03 1.04 1.03 1.01 1.01 1.01 1.04 1.06 1.02 1.02 1.03 1.02 1.03 1.02 1.03 1.05 1.06 1.01 1.02 
1.02 1.05 1.02 1.06 1.01 1.01 1.04 1.06 1.01 1.05 1.05 1.02 1.05 1.05 1.03 1.06 1.05 1.03 1.06 1.01 
1.02 1.04 1.02 1.02 1.06 1.02 1.04 1.06 1.01 1.02 1.02 1.05 1.03 1.05 1.03 1.05 1.04 1.03 1.05 1.04 
1.05 1.04 1.06 1.01 1.02 1.03 1.06 1.02 1.03 1.05 1.02 1.04 1.01 1.05 1.03 1.05 1.06 1.02 1.03 1.02 
1.01 1.06 1.05 1.03 1.04 1.01 1.06 1.05 1.01 1.02 1.02 1.03 1.03 1.01 1.04 1.03 1.04 1.01 1.01 1.02 
1.01 1.03 1.04 1.05 1.01 1.05 1.03 1.05 1.03 1.01 1.03 1.04 1.04 1.04 1.04 1.05 1.05 1.03 1.05 1.04 
1.03 1.04 1.02 1.06 1.04 1.02 1.03 1.05 1.02 1.03 1.05 1.05 1.03 1.02 1.06 1.05 1.03 1.01 1.06 1.04 
1.06 1.05 1.01 1.03 1.06 1.06 1.06 1.02 1.03 1.01 1.06 1.01 1.06 1.05 1.02 1.02 1.01 1.03 1.01 1.02 
1.04 1.01 1.06 1.04 1.04 1.03 1.06 1.01 1.02 1.01 1.05 1.05 1.01 1.02 1.06 1.06 1.04 1.02 1.03 1.04 
1.05 1.01 1.01 1.04 1.02 1.04 1.06 1.02 1.04 1.06 1.03 1.05 1.03 1.03 1.06 1.06 1.05 1.02 1.01 1.05 
1.02 1.04 1.02 1.05 1.04 1.06 1.02 1.03 1.06 1.02 1.03 1.06 1.05 1.05 1.06 1.02 1.06 1.05 1.04 1.01 
1.02 1.02 1.05 1.03 1.06 1.01 1.02 1.06 1.03 1.04 1.01 1.04 1.05 1.04 1.05 1.03 1.04 1.01 1.05 1.01 
1.06 1.04 1.01 1.02 1.04 1.04 1.03 1.02 1.02 1.04 1.04 1.03 1.06 1.04 1.01 1.01 1.03 1.01 1.04 1.01 
1.05 1.03 1.05 1.02 1.06 1.06 1.02 1.04 1.02 1.02 1.02 1.03 1.04 1.04 1.02 1.05 1.06 1.06 1.06 1.03 
1.06 1.03 1.05 1.01 1.04 1.06 1.02 1.06 1.05 1.02 1.04 1.06 1.05 1.06 1.03 1.04 1.04 1.04 1.04 1.03 
1.04 1.01 1.03 1.02 1.05 1.03 1.04 1.03 1.06 1.06 1.06 1.04 1.04 1.02 1.05 1.03 1.04 1.05 1.06 1.01 
1.02 1.04 1.05 1.05 1.01 1.03 1.03 1.04 1.04 1.05 1.06 1.03 1.05 1.06 1.06 1.01 1.03 1.03 1.05 1.02 
1.01 1.04 1.06 1.01 1.05 1.05 1.04 1.05 1.01 1.03 1.01 1.02 1.03 1.02 1.04 1.03 1.06 1.05 1.02 1.03 
1.05 1.01 1.04 1.04 1.02 1.01 1.04 1.01 1.04 1.01 1.05 1.02 1.05 1.01 1.06 1.05 1.01 1.02 1.03 1.02 
1.06 1.06 1.02 1.06 1.01 1.03 1.05 1.02 1.05 1.05 1.04 1.04 1.01 1.05 1.06 1.01 1.01 1.06 1.05 1.05 
1.01 1.06 1.02 1.02 1.01 1.05 1.04 1.04 1.01 1.06 1.05 1.01 1.02 1.02 1.06 1.06 1.06 1.03 1.04 1.02 
1.06 1.04 1.01 1.06 1.06 1.05 1.06 1.02 1.01 1.01 1.05 1.05 1.01 1.06 1.06 1.06 1.02 1.05 1.01 1.03 
1.06 1.05 1.04 1.02 1.04 1.05 1.01 1.01 1.03 1.02 1.03 1.06 1.01 1.05 1.04 1.04 1.05 1.02 1.05 1.06 
1.03 1.02 1.05 1.02 1.04 1.05 1.05 1.02 1.02 1.01 1.05 1.06 1.01 1.06 1.06 1.01 1.06 1.04 1.03 1.06 
1.01 1.05 1.02 1.05 1.03 1.02 1.03 1.04 1.01 1.04 1.04 1.05 1.01 1.02 1.02 1.02 1.03 1.02 1.02 1.04 
1.06 1.04 1.06 1.04 1.06 1.04 1.02 1.05 1.04 1.03 1.06 1.02 1.06 1.01 1.04 1.01 1.06 1.06 1.06 1.01 
1.06 1.02 1.05 1.06 1.06 1.02 1.03 1.01 1.06 1.01 1.04 1.03 1.05 1.04 1.01 1.06 1.03 1.01 1.02 1.04 
1.05 1.01 1.01 1.04 1.05 1.02 1.04 1.01 1.04 1.01 1.06 1.06 1.03 1.03 1.02 1.02 1.01 1.04 1.01 1.06 
1.02 1.05 1.04 1.06 1.05 1.06 1.04 1.02 1.02 1.05 1.04 1.05 1.06 1.01 1.06 1.04 1.03 1.01 1.06 1.05 
1.03 1.03 1.02 1.06 1.05 1.02 1.01 1.03 1.04 1.03 1.01 1.04 1.06 1.06 1.06 1.06 1.05 1.04 1.03 1.01 
1.01 1.06 1.06 1.05 1.01 1.01 1.05 1.01 1.02 1.02 1.04 1.06 1.04 1.03 1.04 1.05 1.02 1.06 1.01 1.06 
1.05 1.01 1.04 1.05 1.06 1.01 1.04 1.06 1.03 1.02 1.01 1.05 1.02 1.02 1.05 1.01 1.01 1.03 1.05 1.04 
1.04 1.05 1.06 1.06 1.02 1.02 1.04 1.05 1.05 1.05 1.06 1.03 1.03 1.04 1.03 1.01 1.01 1.06 1.05 1.04 
1.06 1.02 1.06 1.01 1.02 1.02 1.02 1.02 1.03 1.01 1.06 1.02 1.02 1.02 1.03 1.04 1.06 1.03 1.04 1.04 
1.06 1.04 1.04 1.01 1.01 1.06 1.01 1.05 1.04 1.01 1.02 1.02 1.03 1.02 1.03 1.01 1.02 1.02 1.01 1.05 
1.05 1.01 1.05 1.06 1.01 1.05 1.04 1.01 1.04 1.03 1.02 1.04 1.06 1.05 1.04 1.02 1.04 1.03 1.04 1.03 
1.06 1.06 1.04 1.05 1.02 1.03 1.02 1.04 1.03 1.06 1.04 1.01 1.04 1.01 1.06 1.05 1.02 1.06 1.01 1.02 
1.02 1.02 1.01 1.02 1.02 1.04 1.06 1.03 1.05 1.06 1.06 1.04 1.01 1.02 1.04 1.05 1.05 1.06 1.01 1.01 
1.01 1.06 1.01 1.04 1.05 1.05 1.01 1.02 1.03 1.05 1.02 1.02 1.05 1.06 1.06 1.06 1.06 1.03 1.03 1.05 
1.02 1.01 1.01 1.02 1.03 1.05 1.01 1.05 1.01 1.03 1.01 1.05 1.04 1.04 1.05 1.03 1.06 1.02 1.05 1.04 
1.05 1.01 1.01 1.01 1.02 1.06 1.03 1.01 1.05 1.06 1.05 1.02 1.03 1.01 1.06 1.05 1.05 1.04 1.02 1.06 
1.02 1.03 1.06 1.01 1.05 1.04 1.06 1.06 1.04 1.04 1.04 1.06 1.01 1.02 1.01 1.04 1.01 1.04 1.04 1.03 
1.06 1.05 1.04 1.02 1.01 1.01 1.02 1.05 1.02 1.01 1.06 1.03 1.06 1.02 1.06 1.03 1.05 1.04 1.04 1.01 
1.03 1.01 1.03 1.06 1.05 1.05 1.06 1.03 1.01 1.02 1.02 1.02 1.01 1.06 1.05 1.06 1.03 1.05 1.05 1.06 
1.04 1.01 1.04 1.03 1.01 1.02 1.06 1.04 1.03 1.06 1.06 1.05 1.02 1.03 1.02 1.05 1.04 1.03 1.02 1.02 
1.03 1.04 1.03 1.05 1.01 1.05 1.04 1.06 1.03 1.01 1.05 1.01 1.04 1.04 1.02 1.04 1.06 1.01 1.05 1.02 
1.04 1.02 1.05 1.03 1.04 1.06 1.01 1.06 1.06 1.06 1.02 1.04 1.01 1.06 1.03 1.05 1.03 1.06 1.02 1.01 
1.02 1.05 1.04 1.01 1.05 1.04 1.02 1.01 1.03 1.03 1.06 1.06 1.06 1.05 1.03 1.03 1.01 1.04 1.03 1.04 
1.02 1.02 1.01 1.04 1.02 1.06 1.05 1.02 1.05 1.06 1.03 1.06 1.05 1.01 1.05 1.01 1.05 1.02 1.06 1.02 
1.01 1.04 1.02 1.06 1.03 1.03 1.06 1.01 1.06 1.03 1.04 1.02 1.03 1.02 1.05 1.03 1.05 1.02 1.04 1.06 
1.04 1.01 1.05 1.04 1.04 1.06 1.02 1.05 1.05 1.03 1.05 1.04 1.01 1.05 1.02 1.01 1.04 1.05 1.03 1.02 
1.05 1.02 1.02 1.03 1.03 1.03 1.02 1.02 1.04 1.01 1.01 1.04 1.02 1.03 1.03 1.02 1.03 1.06 1.01 1.04 
1.04 1.01 1.03 1.03 1.06 1.04 1.01 1.06 1.04 1.02 1.06 1.02 1.05 1.03 1.02 1.06 1.04 1.05 1.01 1.01 
1.06 1.05 1.02 1.04 1.06 1.02 1.05 1.01 1.05 1.05 1.03 1.01 1.06 1.05 1.06 1.04 1.06 1.04 1.06 1.03 
1.03 1.02 1.03 1.06 1.03 1.03 1.05 1.01 1.05 1.03 1.04 1.06 1.03 1.04 1.05 1.05 1.01 1.06 1.04 1.06 
1.05 1.06 1.01 1.03 1.05 1.03 1.05 1.06 1.05 1.04 1.06 1.04 1.06 1.05 1.04 1.01 1.05 1.01 1.05 1.05 
1.05 1.05 1.01 1.04 1.06 1.02 1.02 1.02 1.05 1.03 1.02 1.06 1.06 1.05 1.01 1.03 1.04 1.01 1.01 1.06 
1.01 1.06 1.01 1.02 1.06 1.02 1.02 1.06 1.06 1.03 1.04 1.03 1.03 1.03 1.04 1.05 1.06 1.01 1.05 1.04 
1.01 1.01 1.03 1.03 1.01 1.03 1.01 1.05 1.06 1.05 1.02 1.05 1.04 1.06 1.05 1.01 1.03 1.01 1.04 1.04 
1.01 1.01 1.04 1.02 1.04 1.01 1.04 1.06 1.01 1.01 1.02 1.02 1.03 1.03 1.04 1.06 1.04 1.05 1.02 1.06 
1.02 1.05 1.06 1.01 1.02 1.02 1.02 1.02 1.05 1.05 1.02 1.06 1.06 1.04 1.05 1.05 1.04 1.03 1.02 1.02 
1.02 1.04 1.03 1.01 1.04 1.03 1.05 1.06 1.03 1.05 1.02 1.04 1.05 1.05 1.04 1.03 1.01 1.02 1.05 1.02 
1.01 1.04 1.02 1.03 1.06 1.03 1.06 1.05 1.03 1.03 1.01 1.01 1.05 1.04 1.04 1.06 1.05 1.01 1.04 1.06 
1.05 1.04 1.01 1.02 1.05 1.05 1.02 1.06 1.01 1.05 1.01 1.04 1.04 1.03 1.02 1.01 1.06 1.04 1.02 1.05 
1.02 1.01 1.06 1.03 1.05 1.01 1.01 1.01 1.02 1.03 1.05 1.01 1.03 1.02 1.03 1.06 1.06 1.03 1.06 1.01 
1.04 1.05 1.02 1.05 1.03 1.06 1.01 1.05 1.04 1.06 1.05 1.06 1.06 1.06 1.04 1.03 1.01 1.02 1.05 1.01 
1.04 1.01 1.01 1.04 1.02 1.04 1.05 1.03 1.01 1.03 1.04 1.03 1.05 1.01 1.04 1.02 1.05 1.05 1.01 1.03 
1.03 1.05 1.01 1.06 1.04 1.04 1.06 1.03 1.04 1.01 1.01 1.01 1.02 1.03 1.01 1.04 1.04 1.02 1.04 1.02 
1.03 1.06 1.03 1.01 1.01 1.03 1.03 1.02 1.06 1.06 1.04 1.05 1.01 1.05 1.04 1.02 1.06 1.04 1.01 1.04 
1.04 1.04 1.06 1.02 1.02 1.03 1.05 1.06 1.05 1.04 1.06 1.01 1.02 1.02 1.06 1.04 1.03 1.06 1.04 1.02 
1.02 1.04 1.01 1.06 1.03 1.06 1.03 1.06 1.02 1.03 1.04 1.03 1.03 1.05 1.06 1.01 1.05 1.01 1.05 1.02 
1.05 1.04 1.03 1.06 1.01 1.05 1.01 1.01 1.03 1.06 1.03 1.02 1.06 1.05 1.03 1.03 1.06 1.04 1.04 1.04 
1.02 1.01 1.05 1.04 1.01 1.02 1.01 1.03 1.06 1.02 1.01 1.01 1.02 1.04 1.01 1.02 1.01 1.01 1.06 1.03 
1.03 1.04 1.06 1.01 1.05 1.04 1.06 1.06 1.06 1.01 1.03 1.03 1.02 1.02 1.04 1.05 1.02 1.01 1.04 1.05 
1.01 1.06 1.02 1.01 1.02 1.02 1.05 1.03 1.04 1.02 1.03 1.04 1.04 1.02 1.04 1.02 1.05 1.06 1.06 1.05 
1.06 1.01 1.02 1.06 1.04 1.01 1.02 1.04 1.06 1.04 1.02 1.05 1.01 1.06 1.01 1.06 1.04 1.06 1.03 1.06 
1.05 1.03 1.03 1.01 1.05 1.03 1.01 1.06 1.01 1.01 1.06 1.05 1.06 1.02 1.03 1.01 1.01 1.03 1.03 1.05 
1.04 1.06 1.02 1.04 1.04 1.05 1.06 1.05 1.05 1.05 1.01 1.04 1.03 1.01 1.01 1.01 1.05 1.01 1.06 1.06 
1.06 1.05 1.04 1.04 1.03 1.05 1.05 1.01 1.04 1.02 1.05 1.01 1.05 1.05 1.01 1.06 1.01 1.05 1.03 1.01 
1.04 1.03 1.02 1.06 1.06 1.02 1.01 1.05 1.04 1.05 1.05 1.01 1.04 1.02 1.04 1.05 1.04 1.06 1.03 1.06 
1.04 1.03 1.03 1.06 1.06 1.03 1.02 1.04 1.03 1.06 1.06 1.06 1.05 1.06 1.01 1.05 1.03 1.03 1.01 1.06 
1.04 1.01 1.06 1.02 1.06 1.02 1.04 1.01 1.06 1.01 1.02 1.01 1.01 1.04 1.02 1.01 1.05 1.04 1.04 1.02 
1.02 1.03 1.05 1.03 1.01 1.02 1.02 1.02 1.04 1.04 1.03 1.03 1.03 1.05 1.04 1.05 1.03 1.03 1.05 1.01 
1.03 1.02 1.02 1.02 1.06 1.05 1.04 1.04 1.04 1.04 1.02 1.03 1.02 1.03 1.01 1.02 1.06 1.01 1.01 1.04 
1.04 1.01 1.05 1.03 1.03 1.03 1.02 1.05 1.03 1.03 1.06 1.04 1.01 1.03 1.01 1.02 1.03 1.04 1.05 1.01 
1.04 1.05 1.01 1.04 1.06 1.06 1.03 1.06 1.02 1.01 1.04 1.02 1.06 1.06 1.04 1.04 1.04 1.01 1.04 1.03 
1.05 1.03 1.01 1.05 1.05 1.02 1.02 1.04 1.05 1.01 1.05 1.03 1.06 1.05 1.03 1.01 1.06 1.03 1.05 1.01 
1.01 1.06 1.04 1.06 1.04 1.01 1.01 1.01 1.05 1.06 1.01 1.02 1.02 1.05 1.06 1.05 1.04 1.05 1.03 1.01 
1.05 1.06 1.06 1.01 1.01 1.02 1.02 1.01 1.02 1.02 1.05 1.04 1.02 1.02 1.04 1.03 1.05 1.06 1.06 1.06 
1.03 1.05 1.04 1.01 1.06 1.05 1.01 1.04 1.03 1.01 1.04 1.06 1.05 1.03 1.03 1.01 1.01 1.04 1.04 1.06 
1.06 1.03 1.06 1.02 1.03 1.04 1.01 1.04 1.03 1.02 1.03 1.05 1.01 1.02 1.04 1.01 1.01 1.03 1.01 1.01 
1.06 1.02 1.04 1.03 1.04 1.04 1.03 1.03 1.03 1.02 1.04 1.03 1.01 1.04 1.06 1.02 1.04 1.04 1.02 1.06 
1.03 1.05 1.01 1.03 1.03 1.04 1.05 1.01 1.02 1.05 1.04 1.06 1.02 1.06 1.05 1.03 1.06 1.06 1.02 1.04 
1.02 1.02 1.06 1.06 1.04 1.05 1.01 1.05 1.02 1.03 1.03 1.04 1.06 1.04 1.04 1.03 1.06 1.01 1.04 1.06 
1.02 1.03 1.06 1.05 1.02 1.04 1.02 1.04 1.02 1.01 1.02 1.02 1.06 1.02 1.04 1.04 1.01 1.06 1.06 1.01 
1.06 1.04 1.02 1.01 1.01 1.04 1.04 1.05 1.01 1.03 1.05 1.05 1.02 1.05 1.04 1.01 1.06 1.05 1.01 1.03 
1.05 1.03 1.06 1.06 1.06 1.06 1.05 1.02 1.06 1.01 1.05 1.03 1.04 1.03 1.01 1.04 1.06 1.01 1.06 1.05 
1.04 1.04 1.02 1.02 1.02 1.02 1.03 1.01 1.06 1.04 1.02 1.02 1.05 1.02 1.02 1.05 1.04 1.02 1.04 1.01 
1.01 1.01 1.03 1.04 1.03 1.04 1.02 1.01 1.03 1.03 1.04 1.02 1.03 1.06 1.04 1.04 1.05 1.04 1.05 1.03 
1.01 1.02 1.02 1.04 1.03 1.04 1.04 1.02 1.02 1.06 1.03 1.04 1.03 1.04 1.04 1.05 1.02 1.04 1.04 1.05 
1.02 1.02 1.05 1.06 1.05 1.03 1.05 1.02 1.06 1.02 1.02 1.01 1.06 1.05 1.01 1.04 1.04 1.01 1.01 1.02 
1.05 1.02 1.06 1.01 1.02 1.05 1.06 1.03 1.05 1.02 1.06 1.06 1.01 1.04 1.05 1.06 1.01 1.02 1.05 1.03 
1.01 1.05 1.03 1.02 1.01 1.01 1.01 1.04 1.06 1.03 1.03 1.02 1.03 1.01 1.02 1.05 1.04 1.03 1.04 1.01 
1.03 1.02 1.01 1.01 1.04 1.06 1.02 1.06 1.03 1.01 1.06 1.06 1.01 1.01 1.06 1.04 1.05 1.01 1.03 1.05 
1.04 1.05 1.02 1.03 1.06 1.01 1.05 1.03 1.04 1.03 1.02 1.06 1.04 1.03 1.03 1.04 1.06 1.02 1.03 1.02 
1.02 1.05 1.05 1.04 1.04 1.02 1.05 1.06 1.03 1.05 1.01 1.05 1.05 1.05 1.03 1.03 1.04 1.04 1.03 1.02 
1.03 1.02 1.04 1.05 1.03 1.05 1.06 1.05 1.02 1.01 1.04 1.04 1.01 1.03 1.05 1.02 1.01 1.06 1.06 1.03 
1.06 1.02 1.05 1.05 1.05 1.03 1.04 1.03 1.06 1.04 1.02 1.02 1.03 1.04 1.03 1.01 1.01 1.06 1.05 1.02 
1.01 1.05 1.01 1.02 1.04 1.05 1.04 1.02 1.04 1.03 1.02 1.06 1.02 1.05 1.06 1.01 1.02 1.01 1.02 1.02 
1.01 1.05 1.05 1.03 1.04 1.04 1.06 1.04 1.02 1.02 1.03 1.04 1.05 1.01 1.01 1.01 1.06 1.03 1.04 1.03 
1.06 1.02 1.02 1.06 1.03 1.04 1.05 1.06 1.01 1.05 1.03 1.03 1.04 1.01 1.03 1.03 1.01 1.05 1.03 1.03 
1.01 1.01 1.01 1.05 1.02 1.05 1.02 1.04 1.02 1.01 1.02 1.01 1.04 1.05 1.02 1.02 1.02 1.01 1.02 1.03 
1.01 1.03 1.05 1.05 1.05 1.04 1.04 1.06 1.06 1.01 1.04 1.03 1.03 1.01 1.05 1.05 1.05 1.02 1.04 1.02 
1.02 1.03 1.02 1.04 1.04 1.06 1.04 1.01 1.06 1.05 1.03 1.01 1.05 1.01 1.05 1.05 1.04 1.04 1.04 1.01 
1.03 1.05 1.05 1.01 1.06 1.05 1.01 1.06 1.03 1.02 1.02 1.05 1.05 1.04 1.06 1.05 1.03 1.05 1.04 1.05 
1.02 1.04 1.06 1.03 1.02 1.03 1.05 1.04 1.06 1.05 1.05 1.04 1.04 1.05 1.06 1.04 1.04 1.05 1.05 1.01 
1.05 1.06 1.02 1.04 1.02 1.04 1.05 1.01 1.04 1.04 1.03 1.01 1.02 1.05 1.05 1.01 1.02 1.03 1.01 1.03 
1.02 1.02 1.04 1.02 1.06 1.01 1.06 1.05 1.05 1.06 1.05 1.05 1.01 1.04 1.03 1.04 1.03 1.05 1.01 1.02 
1.04 1.03 1.03 1.01 1.01 1.02 1.04 1.06 1.01 1.04 1.04 1.05 1.06 1.05 1.05 1.01 1.04 1.01 1.06 1.01 
1.05 1.01 1.01 1.01 1.01 1.03 1.04 1.06 1.04 1.05 1.04 1.02 1.03 1.04 1.06 1.01 1.04 1.02 1.05 1.04 
1.06 1.06 1.01 1.06 1.03 1.06 1.04 1.03 1.06 1.01 1.06 1.05 1.02 1.04 1.03 1.04 1.03 1.01 1.02 1.05 
1.06 1.04 1.01 1.06 1.05 1.01 1.03 1.04 1.01 1.03 1.01 1.03 1.04 1.05 1.02 1.05 1.06 1.01 1.06 1.03 
1.04 1.02 1.04 1.02 1.04 1.05 1.04 1.04 1.03 1.02 1.05 1.05 1.02 1.02 1.02 1.06 1.03 1.04 1.03 1.01 
1.02 1.05 1.01 1.06 1.03 1.05 1.03 1.03 1.05 1.02 1.04 1.02 1.02 1.02 1.02 1.02 1.03 1.02 1.01 1.03 
1.03 1.04 1.02 1.01 1.01 1.01 1.05 1.01 1.04 1.04 1.02 1.06 1.02 1.03 1.04 1.02 1.04 1.02 1.02 1.03 
1.05 1.01 1.06 1.02 1.01 1.04 1.03 1.06 1.03 1.03 1.06 1.04 1.03 1.05 1.04 1.05 1.04 1.05 1.05 1.02 
1.04 1.05 1.06 1.01 1.02 1.03 1.04 1.02 1.06 1.04 1.03 1.02 1.01 1.04 1.06 1.01 1.01 1.05 1.04 1.05 
1.02 1.03 1.03 1.01 1.03 1.01 1.03 1.06 1.05 1.06 1.01 1.02 1.06 1.02 1.06 1.01 1.01 1.06 1.02 1.03 
1.03 1.01 1.05 1.02 1.01 1.04 1.05 1.02 1.04 1.01 1.01 1.04 1.04 1.04 1.01 1.01 1.01 1.06 1.05 1.04 
1.02 1.06 1.05 1.06 1.03 1.06 1.02 1.04 1.01 1.04 1.06 1.05 1.03 1.06 1.01 1.02 1.05 1.01 1.05 1.03 
1.03 1.06 1.06 1.06 1.01 1.01 1.06 1.05 1.02 1.05 1.01 1.02 1.06 1.06 1.01 1.03 1.01 1.05 1.02 1.03 
1.02 1.02 1.04 1.02 1.01 1.05 1.05 1.06 1.04 1.03 1.04 1.01 1.01 1.04 1.01 1.01 1.04 1.02 1.06 1.02 
1.01 1.02 1.01 1.03 1.04 1.02 1.04 1.02 1.03 1.01 1.06 1.03 1.06 1.06 1.01 1.03 1.03 1.04 1.01 1.03 
1.06 1.02 1.02 1.03 1.02 1.03 1.06 1.06 1.02 1.04 1.06 1.03 1.05 1.05 1.05 1.01 1.04 1.02 1.04 1.01 
1.02 1.03 1.01 1.05 1.01 1.06 1.03 1.02 1.03 1.05 1.05 1.05 1.05 1.04 1.06 1.02 1.04 1.06 1.06 1.05 
1.06 1.03 1.02 1.05 1.02 1.02 1.04 1.05 1.01 1.04 1.05 1.03 1.02 1.05 1.06 1.02 1.03 1.04 1.04 1.06 
1.05 1.04 1.04 1.01 1.03 1.01 1.05 1.01 1.04 1.02 1.04 1.01 1.02 1.01 1.04 1.03 1.01 1.03 1.03 1.03 
1.02 1.04 1.05 1.06 1.02 1.04 1.01 1.01 1.04 1.04 1.06 1.02 1.02 1.05 1.01 1.06 1.05 1.03 1.05 1.01 
1.01 1.03 1.04 1.04 1.06 1.01 1.01 1.03 1.02 1.02 1.01 1.02 1.03 1.03 1.01 1.01 1.01 1.02 1.04 1.05 
1.04 1.03 1.04 1.05 1.04 1.02 1.06 1.01 1.05 1.04 1.04 1.03 1.04 1.02 1.04 1.05 1.05 1.03 1.03 1.04 
1.05 1.03 1.01 1.04 1.03 1.04 1.03 1.02 1.01 1.02 1.03 1.04 1.03 1.04 1.03 1.06 1.04 1.05 1.03 1.01 
1.04 1.02 1.04 1.01 1.06 1.01 1.03 1.05 1.02 1.06 1.03 1.05 1.06 1.04 1.06 1.02 1.05 1.01 1.01 1.03 
1.06 1.02 1.01 1.01 1.06 1.01 1.05 1.05 1.05 1.02 1.02 1.06 1.05 1.04 1.02 1.06 1.03 1.02 1.03 1.05 
1.05 1.03 1.01 1.05 1.06 1.06 1.01 1.05 1.03 1.01 1.03 1.06 1.05 1.04 1.02 1.06 1.04 1.03 1.04 1.03 
1.02 1.06 1.04 1.03 1.05 1.04 1.05 1.05 1.03 1.01 1.06 1.04 1.05 1.04 1.01 1.05 1.05 1.01 1.01 1.02 
1.03 1.04 1.05 1.02 1.05 1.04 1.02 1.01 1.02 1.06 1.04 1.02 1.03 1.01 1.01 1.02 1.02 1.06 1.02 1.05 
1.05 1.03 1.01 1.06 1.01 1.06 1.04 1.02 1.03 1.05 1.05 1.06 1.06 1.02 1.06 1.05 1.03 1.03 1.02 1.05 
1.06 1.06 1.02 1.06 1.04 1.03 1.05 1.02 1.02 1.06 1.06 1.05 1.04 1.02 1.02 1.02 1.01 1.06 1.04 1.03 
1.03 1.06 1.03 1.02 1.03 1.03 1.03 1.04 1.01 1.01 1.01 1.05 1.06 1.03 1.05 1.04 1.05 1.02 1.05 1.03 
1.06 1.04 1.02 1.04 1.01 1.03 1.06 1.01 1.06 1.01 1.04 1.04 1.06 1.06 1.01 1.02 1.05 1.05 1.05 1.02 
1.05 1.03 1.05 1.03 1.05 1.01 1.03 1.03 1.04 1.02 1.04 1.06 1.05 1.04 1.01 1.03 1.06 1.02 1.03 1.02 
1.01 1.06 1.02 1.04 1.04 1.03 1.01 1.05 1.03 1.06 1.04 1.05 1.03 1.04 1.06 1.03 1.02 1.05 1.04 1.06 
1.05 1.03 1.06 1.02 1.02 1.02 1.02 1.02 1.01 1.04 1.05 1.02 1.04 1.05 1.04 1.05 1.06 1.01 1.02 1.03 
1.01 1.03 1.02 1.05 1.02 1.02 1.03 1.02 1.06 1.05 1.04 1.06 1.04 1.05 1.03 1.05 1.03 1.05 1.02 1.06 
1.02 1.05 1.05 1.04 1.02 1.01 1.03 1.01 1.02 1.03 1.02 1.06 1.05 1.04 1.04 1.02 1.01 1.01 1.04 1.02 
1.03 1.06 1.05 1.01 1.03 1.03 1.06 1.06 1.05 1.05 1.03 1.03 1.05 1.01 1.03 1.01 1.02 1.02 1.05 1.03 
1.05 1.04 1.03 1.05 1.06 1.02 1.06 1.06 1.03 1.03 1.05 1.02 1.01 1.01 1.06 1.03 1.02 1.01 1.03 1.05 
1.05 1.06 1.01 1.02 1.04 1.02 1.01 1.06 1.04 1.02 1.06 1.06 1.04 1.06 1.06 1.03 1.05 1.04 1.04 1.04 
1.03 1.02 1.04 1.01 1.04 1.02 1.04 1.03 1.02 1.02 1.04 1.03 1.05 1.04 1.05 1.01 1.05 1.02 1.04 1.06 
1.06 1.01 1.01 1.04 1.03 1.06 1.06 1.01 1.02 1.06 1.05 1.03 1.01 1.06 1.02 1.04 1.02 1.06 1.01 1.05 
1.06 1.06 1.05 1.06 1.01 1.03 1.03 1.05 1.02 1.04 1.01 1.05 1.03 1.01 1.02 1.05 1.05 1.04 1.05 1.04 
1.06 1.02 1.03 1.02 1.01 1.01 1.04 1.04 1.05 1.04 1.01 1.02 1.01 1.02 1.01 1.03 1.04 1.05 1.01 1.05 
1.03 1.02 1.04 1.02 1.04 1.06 1.01 1.04 1.03 1.06 1.05 1.06 1.06 1.01 1.05 1.03 1.01 1.06 1.06 1.04 
1.05 1.03 1.05 1.01 1.01 1.05 1.06 1.01 1.03 1.06 1.06 1.01 1.03 1.01 1.01 1.03 1.02 1.06 1.01 1.05 
1.02 1.06 1.03 1.06 1.02 1.06 1.03 1.03 1.01 1.03 1.04 1.03 1.06 1.06 1.03 1.06 1.02 1.01 1.06 1.01 
