20
400
68 63 99 63 35 88 23 29 18 16 94 43 46 44 13 80 85 84 50 64 16 46 40 95 66 15 6 19 50 10 100 50 88 16 78 92 91 16 86 44 29 28 60 5 12 68 100 12 43 17 4 49 24 64 67 14 21 48 57 58 28 86 76 37 99 67 54 59 76 95 56 28 13 36 18 47 87 13 4 6 29 32 85 53 67 74 25 88 92 9 12 38 8 62 77 31 50 29 80 1 40 65 72 11 23 44 16 62 90 23 24 97 90 50 51 79 19 14 90 82 45 63 11 38 14 100 83 46 15 64 92 62 46 62 16 90 37 73 82 13 78 38 58 50 30 73 19 43 32 22 74 51 76 52 10 78 47 90 46 58 68 50 18 89 99 58 98 80 97 57 67 9 93 34 40 80 22 55 56 67 100 1 92 40 36 37 52 19 50 22 85 28 40 14 34 74 53 22 3 89 39 81 77 30 50 51 11 32 93 63 52 77 33 18 66 21 77 63 2 93 47 19 57 48 28 31 71 18 71 88 82 83 26 82 66 63 13 93 10 73 3 80 45 73 83 11 46 85 75 52 76 44 38 68 90 93 83 59 47 57 61 25 29 48 82 6 79 36 55 1 19 92 37 40 32 36 44 11 25 16 71 46 46 50 4 59 12 68 93 73 100 6 8 65 34 100 95 87 12 19 27 41 48 73 10 90 25 78 62 18 99 23 32 35 32 70 1 11 23 64 67 61 19 50 79 73 95 40 13 4 48 85 94 19 18 51 98 94 92 26 56 96 31 6 54 89 45 34 31 8 59 34 80 95 15 53 14 47 10 63 45 20 57 89 26 1 81 91 37 32 53 8 23 41 23 52 25 31 15 10 8 2 59 18 100 95 86 46 34 17 47 54 31 81 93 52 81 21 97 12 
5 8 8 1 7 4 7 2 4 6 6 2 5 2 5 8 8 2 7 1 
1.05 1.07 1.09 1.08 1.07 1.06 1.07 1.07 1.05 1.09 1.06 1.05 1.05 1.09 1.09 1.08 1.06 1.07 1.08 1.07 
1.07 1.09 1.09 1.08 1.07 1.07 1.06 1.09 1.05 1.08 1.09 1.09 1.05 1.08 1.07 1.05 1.05 1.05 1.07 1.07 
1.05 1.08 1.08 1.07 1.08 1.05 1.08 1.09 1.05 1.09 1.05 1.05 1.05 1.09 1.09 1.09 1.05 1.07 1.07 1.09 
1.05 1.09 1.08 1.08 1.09 1.07 1.09 1.07 1.06 1.05 1.09 1.05 1.06 1.05 1.08 1.07 1.05 1.08 1.06 1.06 
1.05 1.09 1.05 1.08 1.08 1.09 1.05 1.06 1.08 1.06 1.07 1.09 1.08 1.05 1.08 1.05 1.09 1.09 1.08 1.08 
1.05 1.08 1.08 1.07 1.06 1.06 1.06 1.07 1.07 1.05 1.09 1.07 1.07 1.06 1.07 1.05 1.08 1.06 1.09 1.05 
1.08 1.09 1.08 1.05 1.05 1.09 1.07 1.09 1.09 1.06 1.05 1.08 1.06 1.08 1.08 1.06 1.06 1.09 1.06 1.06 
1.07 1.06 1.07 1.08 1.05 1.05 1.08 1.08 1.07 1.08 1.08 1.07 1.09 1.06 1.08 1.06 1.05 1.07 1.05 1.07 
1.08 1.05 1.06 1.05 1.05 1.07 1.05 1.09 1.09 1.09 1.05 1.08 1.06 1.06 1.08 1.08 1.07 1.07 1.06 1.08 
1.09 1.07 1.05 1.08 1.08 1.09 1.08 1.05 1.09 1.08 1.06 1.07 1.07 1.06 1.08 1.08 1.09 1.06 1.07 1.05 
1.09 1.07 1.08 1.09 1.08 1.05 1.07 1.07 1.06 1.09 1.05 1.09 1.06 1.06 1.08 1.05 1.08 1.08 1.05 1.05 
1.06 1.09 1.09 1.05 1.09 1.05 1.06 1.05 1.09 1.06 1.07 1.09 1.06 1.06 1.05 1.07 1.05 1.08 1.05 1.07 
1.05 1.07 1.08 1.07 1.05 1.09 1.09 1.08 1.07 1.08 1.08 1.05 1.05 1.08 1.06 1.07 1.05 1.05 1.08 1.09 
1.06 1.08 1.09 1.08 1.06 1.07 1.06 1.05 1.05 1.06 1.08 1.06 1.05 1.07 1.07 1.09 1.09 1.05 1.08 1.06 
1.08 1.06 1.06 1.09 1.05 1.08 1.08 1.09 1.09 1.05 1.06 1.06 1.07 1.05 1.08 1.09 1.09 1.08 1.06 1.08 
1.09 1.07 1.07 1.07 1.09 1.08 1.09 1.08 1.07 1.07 1.05 1.06 1.08 1.08 1.07 1.05 1.06 1.06 1.07 1.08 
1.06 1.07 1.07 1.06 1.05 1.06 1.07 1.09 1.07 1.07 1.07 1.09 1.06 1.07 1.05 1.06 1.05 1.08 1.09 1.05 
1.07 1.06 1.06 1.06 1.06 1.08 1.06 1.08 1.06 1.06 1.07 1.08 1.08 1.09 1.07 1.07 1.06 1.06 1.09 1.06 
1.09 1.08 1.06 1.07 1.09 1.05 1.07 1.06 1.06 1.05 1.08 1.07 1.08 1.06 1.07 1.09 1.08 1.07 1.07 1.06 
1.05 1.09 1.08 1.07 1.07 1.05 1.09 1.07 1.08 1.08 1.05 1.08 1.05 1.07 1.07 1.06 1.08 1.09 1.09 1.07 
1.05 1.05 1.08 1.05 1.08 1.09 1.06 1.07 1.06 1.09 1.09 1.09 1.05 1.06 1.05 1.07 1.05 1.09 1.06 1.09 
1.06 1.06 1.05 1.08 1.09 1.09 1.06 1.08 1.05 1.06 1.09 1.06 1.07 1.09 1.05 1.05 1.05 1.06 1.07 1.05 
1.09 1.06 1.09 1.06 1.05 1.08 1.08 1.06 1.07 1.07 1.05 1.08 1.09 1.07 1.09 1.08 1.05 1.07 1.05 1.09 
1.06 1.05 1.09 1.09 1.09 1.06 1.07 1.06 1.06 1.05 1.09 1.06 1.05 1.09 1.06 1.05 1.08 1.06 1.08 1.05 
1.07 1.06 1.08 1.07 1.08 1.06 1.05 1.06 1.06 1.08 1.07 1.07 1.05 1.08 1.06 1.06 1.05 1.07 1.06 1.08 
1.05 1.05 1.09 1.07 1.09 1.07 1.06 1.08 1.06 1.08 1.08 1.05 1.06 1.09 1.07 1.06 1.07 1.07 1.08 1.05 
1.08 1.05 1.07 1.07 1.07 1.05 1.06 1.09 1.06 1.05 1.08 1.08 1.06 1.08 1.07 1.07 1.07 1.09 1.05 1.09 
1.05 1.06 1.09 1.08 1.08 1.05 1.09 1.05 1.06 1.06 1.08 1.07 1.05 1.05 1.07 1.06 1.06 1.07 1.08 1.05 
1.09 1.05 1.08 1.05 1.07 1.06 1.05 1.06 1.06 1.08 1.07 1.06 1.08 1.08 1.06 1.05 1.09 1.09 1.05 1.07 
1.08 1.09 1.08 1.05 1.09 1.08 1.09 1.05 1.08 1.09 1.06 1.07 1.09 1.06 1.05 1.06 1.05 1.07 1.05 1.06 
1.05 1.06 1.05 1.08 1.05 1.06 1.06 1.05 1.07 1.06 1.08 1.05 1.07 1.06 1.05 1.06 1.09 1.08 1.05 1.05 
1.05 1.06 1.06 1.05 1.08 1.07 1.09 1.07 1.07 1.05 1.05 1.07 1.08 1.07 1.05 1.08 1.09 1.07 1.05 1.07 
1.09 1.06 1.08 1.06 1.08 1.05 1.08 1.09 1.06 1.09 1.07 1.07 1.09 1.07 1.05 1.05 1.07 1.09 1.07 1.06 
1.07 1.08 1.08 1.05 1.07 1.05 1.06 1.07 1.06 1.09 1.08 1.08 1.08 1.08 1.09 1.09 1.06 1.08 1.08 1.08 
1.06 1.07 1.07 1.08 1.05 1.06 1.09 1.06 1.08 1.08 1.06 1.05 1.07 1.07 1.06 1.09 1.06 1.09 1.09 1.09 
1.08 1.07 1.09 1.05 1.06 1.07 1.06 1.09 1.08 1.09 1.06 1.05 1.08 1.07 1.09 1.06 1.09 1.09 1.08 1.05 
1.07 1.09 1.08 1.07 1.08 1.06 1.05 1.07 1.05 1.07 1.05 1.06 1.08 1.05 1.06 1.09 1.06 1.09 1.09 1.08 
1.08 1.05 1.09 1.09 1.09 1.08 1.07 1.05 1.09 1.06 1.05 1.07 1.09 1.08 1.07 1.05 1.09 1.09 1.07 1.09 
1.05 1.08 1.08 1.05 1.06 1.05 1.09 1.06 1.09 1.06 1.06 1.09 1.07 1.06 1.05 1.06 1.05 1.09 1.08 1.05 
1.09 1.08 1.05 1.05 1.05 1.08 1.06 1.09 1.08 1.05 1.07 1.09 1.05 1.06 1.09 1.06 1.08 1.09 1.08 1.06 
1.07 1.05 1.06 1.09 1.09 1.06 1.05 1.09 1.09 1.08 1.06 1.09 1.07 1.07 1.05 1.07 1.05 1.08 1.07 1.07 
1.06 1.08 1.08 1.09 1.08 1.09 1.09 1.05 1.08 1.06 1.07 1.05 1.05 1.07 1.09 1.07 1.06 1.07 1.05 1.09 
1.08 1.05 1.06 1.06 1.07 1.08 1.08 1.06 1.09 1.09 1.07 1.05 1.07 1.06 1.08 1.08 1.08 1.05 1.06 1.08 
1.06 1.08 1.08 1.08 1.05 1.06 1.08 1.05 1.07 1.08 1.06 1.07 1.07 1.07 1.07 1.05 1.08 1.05 1.07 1.08 
1.06 1.07 1.08 1.07 1.09 1.05 1.09 1.06 1.08 1.08 1.05 1.09 1.06 1.09 1.09 1.07 1.06 1.05 1.07 1.07 
1.09 1.08 1.08 1.06 1.08 1.09 1.07 1.06 1.09 1.06 1.08 1.08 1.09 1.09 1.09 1.05 1.09 1.05 1.07 1.08 
1.05 1.06 1.09 1.06 1.08 1.05 1.08 1.05 1.07 1.09 1.05 1.09 1.06 1.05 1.07 1.09 1.09 1.07 1.09 1.07 
1.05 1.07 1.09 1.08 1.05 1.07 1.07 1.05 1.08 1.07 1.09 1.05 1.06 1.06 1.07 1.05 1.06 1.06 1.07 1.07 
1.06 1.09 1.05 1.06 1.06 1.09 1.08 1.05 1.07 1.09 1.05 1.09 1.07 1.06 1.06 1.08 1.09 1.07 1.09 1.06 
1.05 1.06 1.06 1.09 1.07 1.05 1.08 1.08 1.05 1.06 1.06 1.06 1.09 1.09 1.07 1.08 1.05 1.08 1.08 1.08 
1.05 1.08 1.05 1.08 1.05 1.06 1.09 1.05 1.05 1.08 1.06 1.05 1.09 1.07 1.09 1.07 1.05 1.08 1.05 1.07 
1.07 1.08 1.08 1.09 1.08 1.05 1.06 1.06 1.07 1.05 1.08 1.05 1.05 1.05 1.09 1.05 1.09 1.08 1.08 1.06 
1.08 1.08 1.08 1.09 1.07 1.07 1.08 1.09 1.08 1.07 1.09 1.07 1.07 1.08 1.08 1.05 1.08 1.07 1.07 1.06 
1.08 1.07 1.07 1.09 1.09 1.07 1.09 1.08 1.06 1.07 1.07 1.08 1.08 1.07 1.06 1.08 1.07 1.09 1.08 1.06 
1.09 1.09 1.06 1.09 1.07 1.09 1.05 1.06 1.08 1.05 1.05 1.08 1.08 1.07 1.07 1.09 1.08 1.09 1.07 1.06 
1.07 1.09 1.05 1.05 1.05 1.08 1.08 1.06 1.05 1.09 1.07 1.06 1.08 1.08 1.08 1.05 1.07 1.08 1.06 1.06 
1.06 1.08 1.05 1.06 1.05 1.07 1.08 1.06 1.09 1.09 1.06 1.09 1.08 1.05 1.05 1.06 1.07 1.09 1.06 1.05 
1.05 1.07 1.09 1.09 1.06 1.09 1.07 1.06 1.05 1.07 1.07 1.08 1.09 1.09 1.05 1.08 1.08 1.06 1.09 1.06 
1.06 1.09 1.09 1.07 1.07 1.07 1.05 1.07 1.09 1.07 1.07 1.09 1.06 1.08 1.06 1.05 1.07 1.05 1.05 1.08 
1.09 1.08 1.09 1.08 1.09 1.08 1.07 1.08 1.06 1.06 1.06 1.08 1.09 1.07 1.06 1.05 1.07 1.05 1.05 1.06 
1.08 1.07 1.07 1.06 1.07 1.06 1.09 1.07 1.06 1.05 1.06 1.09 1.08 1.07 1.05 1.09 1.07 1.08 1.07 1.08 
1.05 1.08 1.07 1.06 1.05 1.08 1.09 1.08 1.06 1.06 1.08 1.09 1.05 1.08 1.06 1.09 1.08 1.08 1.08 1.09 
1.09 1.09 1.06 1.06 1.08 1.06 1.06 1.09 1.05 1.07 1.07 1.09 1.07 1.07 1.07 1.05 1.08 1.09 1.05 1.07 
1.05 1.08 1.08 1.09 1.08 1.09 1.09 1.05 1.06 1.05 1.08 1.09 1.09 1.07 1.07 1.09 1.06 1.06 1.08 1.09 
1.08 1.05 1.07 1.05 1.09 1.07 1.06 1.05 1.08 1.06 1.06 1.07 1.05 1.06 1.07 1.05 1.05 1.07 1.08 1.05 
1.08 1.09 1.06 1.06 1.08 1.07 1.08 1.08 1.08 1.07 1.05 1.06 1.07 1.07 1.07 1.05 1.08 1.06 1.06 1.07 
1.06 1.06 1.06 1.06 1.07 1.07 1.06 1.08 1.07 1.08 1.06 1.09 1.07 1.08 1.07 1.09 1.06 1.09 1.08 1.09 
1.09 1.05 1.07 1.08 1.09 1.05 1.09 1.07 1.06 1.08 1.07 1.09 1.08 1.06 1.09 1.06 1.07 1.09 1.06 1.05 
1.05 1.06 1.08 1.05 1.07 1.09 1.08 1.09 1.05 1.09 1.06 1.07 1.08 1.05 1.06 1.08 1.08 1.06 1.07 1.08 
1.05 1.06 1.05 1.06 1.06 1.06 1.07 1.06 1.07 1.06 1.05 1.07 1.09 1.08 1.08 1.08 1.08 1.05 1.06 1.09 
1.05 1.05 1.06 1.08 1.05 1.07 1.08 1.08 1.06 1.05 1.08 1.09 1.06 1.08 1.06 1.09 1.07 1.05 1.09 1.05 
1.05 1.05 1.06 1.09 1.09 1.08 1.07 1.09 1.08 1.07 1.05 1.08 1.09 1.08 1.05 1.09 1.08 1.08 1.06 1.08 
1.05 1.06 1.05 1.05 1.09 1.09 1.08 1.05 1.06 1.09 1.08 1.07 1.09 1.09 1.09 1.05 1.07 1.09 1.06 1.08 
1.07 1.09 1.09 1.09 1.09 1.06 1.07 1.07 1.07 1.09 1.05 1.08 1.08 1.08 1.05 1.06 1.06 1.06 1.05 1.07 
1.06 1.05 1.06 1.07 1.06 1.09 1.07 1.05 1.05 1.08 1.05 1.05 1.08 1.09 1.06 1.05 1.08 1.05 1.09 1.05 
1.05 1.09 1.06 1.05 1.06 1.05 1.07 1.08 1.07 1.06 1.08 1.05 1.09 1.06 1.08 1.05 1.05 1.09 1.08 1.06 
1.06 1.08 1.05 1.07 1.08 1.07 1.09 1.08 1.07 1.09 1.09 1.07 1.08 1.05 1.08 1.09 1.05 1.05 1.09 1.05 
1.09 1.05 1.07 1.07 1.08 1.05 1.05 1.08 1.05 1.07 1.09 1.06 1.07 1.08 1.06 1.07 1.08 1.08 1.08 1.09 
1.06 1.06 1.05 1.05 1.06 1.08 1.06 1.08 1.07 1.07 1.07 1.09 1.06 1.08 1.07 1.05 1.06 1.09 1.08 1.08 
1.06 1.07 1.09 1.06 1.08 1.07 1.09 1.05 1.08 1.06 1.07 1.06 1.05 1.08 1.09 1.07 1.09 1.07 1.09 1.07 
1.05 1.05 1.06 1.08 1.09 1.08 1.06 1.07 1.09 1.08 1.05 1.07 1.09 1.05 1.09 1.05 1.07 1.07 1.09 1.06 
1.09 1.09 1.08 1.06 1.06 1.05 1.09 1.09 1.09 1.09 1.05 1.08 1.09 1.05 1.06 1.06 1.09 1.09 1.08 1.08 
1.06 1.05 1.06 1.05 1.05 1.07 1.07 1.06 1.05 1.09 1.07 1.06 1.09 1.05 1.07 1.09 1.08 1.08 1.06 1.09 
1.09 1.06 1.06 1.07 1.09 1.06 1.05 1.06 1.07 1.07 1.08 1.07 1.06 1.05 1.05 1.09 1.05 1.05 1.08 1.05 
1.05 1.07 1.08 1.09 1.07 1.06 1.07 1.08 1.08 1.06 1.09 1.06 1.08 1.08 1.08 1.09 1.08 1.08 1.06 1.09 
1.08 1.07 1.09 1.09 1.07 1.05 1.06 1.07 1.09 1.09 1.07 1.07 1.05 1.09 1.08 1.06 1.07 1.07 1.09 1.07 
1.05 1.08 1.05 1.09 1.09 1.09 1.06 1.06 1.09 1.08 1.09 1.05 1.06 1.06 1.07 1.08 1.08 1.05 1.06 1.09 
1.08 1.09 1.06 1.06 1.08 1.08 1.09 1.08 1.08 1.06 1.08 1.05 1.06 1.05 1.09 1.05 1.07 1.05 1.05 1.06 
1.06 1.07 1.09 1.08 1.09 1.09 1.06 1.07 1.06 1.09 1.06 1.08 1.08 1.07 1.06 1.07 1.06 1.05 1.09 1.05 
1.06 1.09 1.07 1.09 1.08 1.07 1.06 1.06 1.05 1.08 1.09 1.08 1.06 1.06 1.06 1.09 1.07 1.08 1.05 1.07 
1.05 1.05 1.05 1.09 1.07 1.09 1.09 1.07 1.09 1.05 1.08 1.08 1.07 1.08 1.07 1.05 1.09 1.05 1.07 1.06 
1.08 1.05 1.05 1.08 1.07 1.08 1.05 1.09 1.06 1.08 1.06 1.08 1.08 1.05 1.05 1.05 1.06 1.09 1.05 1.05 
1.08 1.08 1.07 1.09 1.09 1.09 1.06 1.08 1.08 1.06 1.05 1.07 1.05 1.05 1.06 1.06 1.07 1.08 1.05 1.07 
1.06 1.06 1.07 1.07 1.06 1.07 1.09 1.05 1.05 1.05 1.05 1.09 1.06 1.06 1.07 1.05 1.09 1.06 1.09 1.08 
1.08 1.09 1.08 1.08 1.05 1.06 1.06 1.05 1.07 1.08 1.07 1.09 1.06 1.06 1.05 1.05 1.08 1.06 1.08 1.08 
1.05 1.08 1.08 1.08 1.09 1.06 1.05 1.09 1.07 1.08 1.08 1.06 1.06 1.05 1.08 1.08 1.08 1.09 1.06 1.06 
1.06 1.07 1.08 1.09 1.08 1.07 1.06 1.08 1.07 1.07 1.09 1.07 1.06 1.09 1.06 1.06 1.06 1.05 1.06 1.05 
1.08 1.08 1.07 1.09 1.08 1.09 1.07 1.07 1.06 1.05 1.07 1.05 1.09 1.09 1.06 1.07 1.06 1.05 1.05 1.08 
1.05 1.07 1.07 1.05 1.06 1.07 1.05 1.06 1.09 1.05 1.09 1.06 1.05 1.07 1.05 1.09 1.05 1.09 1.07 1.09 
1.05 1.05 1.09 1.07 1.05 1.06 1.05 1.08 1.08 1.05 1.05 1.05 1.07 1.09 1.06 1.06 1.07 1.08 1.07 1.07 
1.08 1.07 1.09 1.09 1.07 1.06 1.06 1.05 1.06 1.09 1.09 1.07 1.09 1.06 1.05 1.06 1.07 1.07 1.08 1.08 
1.09 1.06 1.05 1.06 1.08 1.05 1.06 1.08 1.06 1.08 1.09 1.05 1.09 1.07 1.06 1.06 1.09 1.07 1.08 1.07 
1.09 1.09 1.05 1.07 1.05 1.05 1.07 1.08 1.09 1.07 1.09 1.06 1.08 1.08 1.05 1.06 1.07 1.06 1.07 1.06 
1.07 1.06 1.09 1.08 1.06 1.08 1.09 1.07 1.09 1.05 1.06 1.05 1.06 1.05 1.07 1.05 1.08 1.08 1.07 1.07 
1.05 1.07 1.08 1.06 1.07 1.09 1.05 1.08 1.07 1.05 1.08 1.08 1.08 1.07 1.08 1.05 1.05 1.08 1.08 1.08 
1.09 1.08 1.06 1.07 1.06 1.09 1.09 1.09 1.08 1.07 1.06 1.06 1.06 1.09 1.07 1.05 1.08 1.08 1.07 1.07 
1.09 1.06 1.09 1.08 1.06 1.05 1.05 1.06 1.05 1.05 1.05 1.07 1.06 1.05 1.09 1.09 1.06 1.05 1.09 1.06 
1.08 1.08 1.05 1.07 1.09 1.09 1.06 1.07 1.07 1.07 1.07 1.06 1.05 1.09 1.09 1.08 1.07 1.09 1.08 1.05 
1.09 1.07 1.08 1.08 1.05 1.08 1.06 1.06 1.08 1.05 1.08 1.08 1.08 1.07 1.05 1.08 1.05 1.09 1.08 1.05 
1.08 1.07 1.08 1.06 1.06 1.08 1.05 1.06 1.05 1.07 1.05 1.05 1.07 1.08 1.08 1.07 1.07 1.05 1.08 1.08 
1.07 1.05 1.05 1.07 1.05 1.08 1.08 1.05 1.08 1.05 1.07 1.06 1.06 1.06 1.07 1.09 1.08 1.05 1.08 1.06 
1.07 1.08 1.08 1.06 1.07 1.06 1.05 1.07 1.07 1.07 1.09 1.05 1.07 1.06 1.06 1.06 1.09 1.07 1.06 1.09 
1.08 1.08 1.08 1.08 1.09 1.08 1.06 1.06 1.09 1.08 1.05 1.06 1.07 1.07 1.09 1.06 1.09 1.08 1.09 1.05 
1.06 1.07 1.06 1.06 1.05 1.08 1.06 1.06 1.08 1.05 1.05 1.06 1.06 1.09 1.06 1.05 1.09 1.05 1.06 1.07 
1.08 1.09 1.07 1.09 1.06 1.05 1.08 1.07 1.06 1.06 1.05 1.06 1.07 1.08 1.07 1.08 1.09 1.07 1.09 1.08 
1.09 1.06 1.07 1.05 1.07 1.05 1.05 1.06 1.08 1.07 1.06 1.07 1.07 1.09 1.09 1.09 1.07 1.05 1.09 1.07 
1.09 1.06 1.09 1.05 1.07 1.05 1.08 1.08 1.05 1.05 1.08 1.08 1.06 1.05 1.06 1.06 1.05 1.08 1.09 1.06 
1.08 1.05 1.06 1.07 1.07 1.05 1.05 1.08 1.06 1.07 1.08 1.09 1.06 1.07 1.06 1.05 1.06 1.06 1.08 1.06 
1.08 1.06 1.07 1.06 1.06 1.06 1.09 1.09 1.06 1.06 1.06 1.07 1.05 1.07 1.06 1.08 1.07 1.05 1.08 1.08 
1.07 1.06 1.05 1.09 1.08 1.07 1.05 1.07 1.06 1.08 1.08 1.08 1.08 1.05 1.07 1.06 1.08 1.09 1.09 1.08 
1.07 1.08 1.07 1.07 1.09 1.06 1.05 1.09 1.06 1.08 1.06 1.09 1.09 1.09 1.07 1.05 1.06 1.06 1.05 1.05 
1.09 1.06 1.05 1.07 1.09 1.07 1.09 1.07 1.05 1.09 1.09 1.08 1.05 1.09 1.07 1.09 1.08 1.06 1.08 1.06 
1.07 1.07 1.09 1.08 1.08 1.08 1.09 1.09 1.06 1.05 1.07 1.06 1.06 1.09 1.06 1.09 1.05 1.08 1.06 1.08 
1.05 1.06 1.05 1.07 1.05 1.08 1.09 1.06 1.06 1.09 1.08 1.06 1.05 1.06 1.08 1.07 1.08 1.05 1.05 1.09 
1.07 1.05 1.09 1.06 1.06 1.07 1.07 1.05 1.07 1.08 1.09 1.09 1.07 1.06 1.06 1.05 1.06 1.07 1.09 1.07 
1.08 1.05 1.08 1.06 1.09 1.05 1.07 1.08 1.05 1.05 1.08 1.09 1.09 1.08 1.07 1.09 1.08 1.06 1.06 1.05 
1.07 1.08 1.09 1.09 1.07 1.07 1.05 1.08 1.08 1.07 1.09 1.07 1.08 1.07 1.07 1.09 1.07 1.05 1.06 1.06 
1.09 1.09 1.07 1.08 1.09 1.09 1.09 1.07 1.07 1.07 1.09 1.09 1.07 1.08 1.08 1.09 1.08 1.07 1.06 1.07 
1.09 1.06 1.05 1.05 1.06 1.06 1.09 1.09 1.06 1.05 1.07 1.05 1.06 1.06 1.06 1.05 1.09 1.05 1.07 1.08 
1.05 1.08 1.08 1.06 1.08 1.07 1.08 1.05 1.06 1.09 1.05 1.06 1.06 1.05 1.08 1.07 1.08 1.06 1.06 1.05 
1.09 1.07 1.06 1.09 1.06 1.05 1.06 1.08 1.07 1.06 1.06 1.08 1.08 1.07 1.05 1.08 1.09 1.07 1.06 1.06 
1.06 1.07 1.09 1.08 1.07 1.07 1.05 1.07 1.09 1.05 1.08 1.08 1.05 1.08 1.06 1.07 1.07 1.09 1.09 1.08 
1.08 1.08 1.07 1.07 1.07 1.07 1.07 1.07 1.07 1.05 1.09 1.05 1.08 1.08 1.05 1.08 1.07 1.05 1.09 1.07 
1.06 1.05 1.05 1.06 1.07 1.08 1.09 1.06 1.09 1.08 1.05 1.09 1.09 1.08 1.06 1.06 1.07 1.08 1.07 1.06 
1.07 1.08 1.06 1.05 1.07 1.07 1.05 1.05 1.09 1.06 1.08 1.05 1.08 1.06 1.09 1.07 1.08 1.06 1.08 1.05 
1.08 1.06 1.07 1.07 1.06 1.07 1.06 1.06 1.07 1.07 1.05 1.08 1.05 1.09 1.05 1.07 1.08 1.06 1.07 1.08 
1.07 1.07 1.08 1.09 1.06 1.06 1.05 1.07 1.07 1.09 1.09 1.06 1.06 1.06 1.06 1.06 1.08 1.06 1.05 1.07 
1.09 1.09 1.06 1.06 1.09 1.05 1.06 1.08 1.06 1.08 1.07 1.09 1.07 1.07 1.08 1.05 1.05 1.07 1.07 1.07 
1.09 1.06 1.08 1.06 1.07 1.09 1.09 1.05 1.07 1.06 1.05 1.08 1.07 1.09 1.06 1.09 1.08 1.06 1.07 1.09 
1.08 1.05 1.07 1.06 1.06 1.05 1.06 1.08 1.05 1.05 1.07 1.05 1.05 1.06 1.07 1.09 1.09 1.08 1.09 1.08 
1.07 1.09 1.07 1.09 1.08 1.06 1.07 1.09 1.05 1.08 1.09 1.06 1.08 1.09 1.07 1.09 1.08 1.09 1.09 1.09 
1.08 1.09 1.08 1.05 1.08 1.07 1.06 1.06 1.06 1.08 1.06 1.06 1.07 1.06 1.06 1.08 1.06 1.09 1.09 1.08 
1.09 1.09 1.08 1.07 1.05 1.05 1.07 1.05 1.08 1.07 1.05 1.08 1.06 1.05 1.08 1.09 1.06 1.05 1.07 1.06 
1.06 1.09 1.08 1.06 1.07 1.07 1.07 1.09 1.09 1.05 1.05 1.08 1.05 1.09 1.07 1.08 1.08 1.05 1.09 1.05 
1.08 1.09 1.07 1.05 1.06 1.08 1.09 1.09 1.08 1.05 1.08 1.07 1.08 1.07 1.09 1.05 1.06 1.06 1.07 1.06 
1.05 1.09 1.08 1.07 1.07 1.06 1.06 1.05 1.05 1.08 1.05 1.09 1.06 1.05 1.07 1.08 1.07 1.05 1.08 1.06 
1.08 1.08 1.09 1.06 1.08 1.06 1.05 1.05 1.06 1.05 1.08 1.05 1.08 1.08 1.07 1.09 1.09 1.09 1.09 1.08 
1.08 1.05 1.09 1.06 1.06 1.08 1.08 1.09 1.06 1.08 1.07 1.09 1.07 1.07 1.06 1.05 1.06 1.08 1.05 1.07 
1.07 1.08 1.08 1.09 1.09 1.09 1.06 1.07 1.07 1.08 1.08 1.08 1.06 1.09 1.06 1.05 1.08 1.06 1.08 1.07 
1.09 1.08 1.08 1.09 1.07 1.08 1.05 1.08 1.07 1.07 1.09 1.05 1.06 1.09 1.07 1.07 1.05 1.05 1.05 1.07 
1.07 1.07 1.06 1.05 1.05 1.07 1.05 1.05 1.08 1.07 1.08 1.05 1.05 1.08 1.09 1.07 1.07 1.09 1.08 1.06 
1.08 1.09 1.06 1.08 1.09 1.07 1.08 1.08 1.08 1.09 1.09 1.09 1.07 1.08 1.07 1.09 1.06 1.09 1.05 1.05 
1.08 1.08 1.07 1.08 1.06 1.09 1.09 1.07 1.05 1.05 1.07 1.05 1.05 1.09 1.06 1.07 1.05 1.05 1.05 1.06 
1.07 1.05 1.07 1.05 1.09 1.07 1.07 1.07 1.07 1.09 1.08 1.05 1.08 1.09 1.05 1.07 1.06 1.06 1.05 1.09 
1.08 1.08 1.06 1.07 1.09 1.07 1.06 1.06 1.06 1.07 1.07 1.09 1.06 1.05 1.06 1.08 1.05 1.05 1.09 1.08 
1.08 1.06 1.05 1.05 1.07 1.07 1.08 1.06 1.09 1.07 1.05 1.06 1.07 1.09 1.06 1.05 1.07 1.06 1.07 1.08 
1.05 1.06 1.05 1.07 1.05 1.09 1.07 1.07 1.06 1.06 1.09 1.06 1.06 1.05 1.08 1.09 1.05 1.06 1.08 1.09 
1.08 1.05 1.07 1.06 1.08 1.07 1.05 1.07 1.09 1.07 1.07 1.07 1.09 1.05 1.09 1.07 1.06 1.07 1.07 1.08 
1.08 1.05 1.08 1.08 1.09 1.06 1.05 1.05 1.05 1.08 1.09 1.08 1.05 1.07 1.05 1.07 1.05 1.09 1.05 1.09 
1.05 1.05 1.05 1.05 1.05 1.07 1.09 1.05 1.08 1.07 1.06 1.06 1.09 1.08 1.08 1.06 1.09 1.09 1.08 1.07 
1.09 1.06 1.08 1.08 1.07 1.07 1.08 1.09 1.08 1.06 1.06 1.07 1.06 1.05 1.07 1.08 1.07 1.09 1.09 1.08 
1.06 1.07 1.07 1.07 1.09 1.05 1.09 1.08 1.05 1.08 1.09 1.09 1.08 1.06 1.08 1.08 1.06 1.05 1.08 1.09 
1.09 1.07 1.05 1.07 1.07 1.09 1.09 1.05 1.06 1.06 1.09 1.06 1.06 1.09 1.05 1.07 1.05 1.08 1.07 1.09 
1.08 1.05 1.06 1.09 1.06 1.09 1.07 1.05 1.08 1.09 1.05 1.07 1.07 1.09 1.07 1.06 1.05 1.09 1.08 1.08 
1.05 1.05 1.07 1.05 1.08 1.08 1.05 1.07 1.08 1.08 1.06 1.09 1.08 1.05 1.09 1.07 1.09 1.08 1.06 1.09 
1.06 1.07 1.09 1.07 1.07 1.09 1.05 1.07 1.09 1.05 1.08 1.05 1.06 1.07 1.06 1.07 1.08 1.08 1.08 1.07 
1.09 1.05 1.06 1.09 1.07 1.08 1.08 1.07 1.09 1.09 1.09 1.07 1.09 1.06 1.07 1.06 1.08 1.07 1.08 1.05 
1.09 1.05 1.08 1.06 1.06 1.07 1.06 1.09 1.06 1.06 1.05 1.07 1.09 1.07 1.07 1.06 1.08 1.06 1.05 1.07 
1.09 1.08 1.06 1.05 1.06 1.06 1.09 1.09 1.05 1.09 1.08 1.05 1.05 1.08 1.08 1.06 1.05 1.08 1.08 1.06 
1.09 1.07 1.08 1.07 1.08 1.07 1.07 1.09 1.08 1.08 1.07 1.07 1.06 1.06 1.09 1.08 1.09 1.06 1.05 1.08 
1.07 1.05 1.08 1.05 1.07 1.08 1.06 1.05 1.06 1.08 1.06 1.05 1.06 1.08 1.06 1.08 1.06 1.09 1.09 1.08 
1.05 1.08 1.05 1.05 1.07 1.08 1.07 1.08 1.07 1.08 1.09 1.08 1.07 1.08 1.07 1.07 1.05 1.09 1.06 1.09 
1.05 1.06 1.05 1.07 1.05 1.09 1.09 1.05 1.09 1.09 1.05 1.08 1.09 1.06 1.05 1.07 1.06 1.05 1.08 1.06 
1.09 1.06 1.08 1.07 1.06 1.07 1.08 1.09 1.08 1.09 1.06 1.06 1.07 1.06 1.09 1.07 1.08 1.06 1.07 1.07 
1.05 1.07 1.08 1.09 1.09 1.06 1.08 1.05 1.06 1.09 1.08 1.08 1.08 1.06 1.09 1.07 1.06 1.05 1.07 1.07 
1.07 1.05 1.06 1.06 1.08 1.07 1.08 1.05 1.06 1.09 1.06 1.05 1.07 1.06 1.05 1.07 1.06 1.05 1.08 1.05 
1.08 1.09 1.05 1.08 1.08 1.05 1.08 1.05 1.07 1.05 1.06 1.07 1.09 1.07 1.06 1.08 1.06 1.08 1.08 1.09 
1.07 1.08 1.07 1.09 1.08 1.07 1.06 1.07 1.05 1.09 1.05 1.07 1.08 1.09 1.09 1.05 1.06 1.08 1.08 1.07 
1.07 1.07 1.08 1.08 1.09 1.05 1.08 1.09 1.08 1.05 1.09 1.09 1.06 1.09 1.09 1.06 1.08 1.09 1.06 1.05 
1.05 1.08 1.07 1.09 1.05 1.06 1.08 1.06 1.06 1.09 1.07 1.06 1.06 1.06 1.09 1.07 1.08 1.08 1.07 1.08 
1.08 1.06 1.06 1.05 1.07 1.06 1.08 1.05 1.06 1.08 1.05 1.07 1.09 1.06 1.05 1.08 1.05 1.07 1.06 1.08 
1.08 1.09 1.05 1.09 1.07 1.07 1.07 1.06 1.06 1.06 1.06 1.05 1.07 1.07 1.05 1.06 1.07 1.08 1.07 1.06 
1.06 1.06 1.06 1.09 1.09 1.05 1.08 1.09 1.07 1.07 1.06 1.07 1.08 1.09 1.05 1.08 1.07 1.09 1.07 1.06 
1.06 1.06 1.07 1.08 1.09 1.09 1.08 1.06 1.07 1.06 1.06 1.09 1.07 1.08 1.05 1.09 1.05 1.05 1.09 1.05 
1.09 1.06 1.09 1.07 1.05 1.07 1.09 1.07 1.05 1.09 1.08 1.07 1.08 1.09 1.05 1.06 1.05 1.09 1.09 1.06 
1.08 1.09 1.09 1.06 1.06 1.05 1.05 1.08 1.05 1.09 1.09 1.09 1.09 1.06 1.09 1.08 1.05 1.08 1.08 1.07 
1.08 1.08 1.07 1.08 1.06 1.05 1.05 1.07 1.06 1.08 1.08 1.05 1.07 1.09 1.05 1.08 1.05 1.08 1.07 1.07 
1.09 1.05 1.09 1.08 1.06 1.07 1.08 1.05 1.05 1.06 1.06 1.05 1.09 1.07 1.06 1.05 1.09 1.09 1.08 1.08 
1.09 1.06 1.05 1.06 1.08 1.07 1.09 1.05 1.08 1.08 1.06 1.08 1.09 1.06 1.07 1.05 1.06 1.07 1.06 1.06 
1.09 1.06 1.07 1.05 1.06 1.05 1.05 1.08 1.08 1.05 1.07 1.08 1.06 1.08 1.09 1.08 1.09 1.07 1.05 1.06 
1.08 1.09 1.05 1.07 1.09 1.05 1.05 1.05 1.07 1.07 1.06 1.05 1.08 1.09 1.07 1.09 1.08 1.08 1.08 1.06 
1.09 1.06 1.06 1.06 1.05 1.08 1.09 1.06 1.06 1.09 1.07 1.07 1.06 1.07 1.08 1.06 1.05 1.06 1.05 1.09 
1.05 1.09 1.06 1.08 1.06 1.06 1.09 1.08 1.08 1.06 1.09 1.05 1.07 1.07 1.05 1.08 1.09 1.09 1.08 1.08 
1.05 1.09 1.08 1.08 1.07 1.07 1.09 1.07 1.06 1.06 1.06 1.06 1.09 1.05 1.09 1.05 1.09 1.05 1.07 1.07 
1.07 1.09 1.05 1.05 1.07 1.08 1.09 1.05 1.07 1.06 1.09 1.07 1.06 1.05 1.05 1.05 1.05 1.05 1.08 1.09 
1.07 1.06 1.09 1.09 1.06 1.06 1.08 1.05 1.09 1.07 1.05 1.05 1.09 1.08 1.07 1.07 1.08 1.07 1.06 1.08 
1.06 1.06 1.09 1.06 1.08 1.09 1.05 1.05 1.06 1.08 1.07 1.07 1.07 1.08 1.07 1.05 1.06 1.07 1.07 1.06 
1.05 1.09 1.05 1.08 1.05 1.07 1.08 1.09 1.08 1.05 1.05 1.06 1.09 1.06 1.05 1.09 1.05 1.08 1.06 1.05 
1.06 1.06 1.07 1.09 1.08 1.05 1.05 1.08 1.08 1.09 1.09 1.08 1.09 1.07 1.09 1.05 1.06 1.09 1.09 1.06 
1.09 1.05 1.06 1.05 1.08 1.07 1.08 1.06 1.08 1.06 1.07 1.05 1.09 1.07 1.06 1.08 1.09 1.07 1.05 1.09 
1.06 1.09 1.06 1.09 1.06 1.05 1.06 1.07 1.09 1.05 1.08 1.09 1.07 1.09 1.07 1.08 1.08 1.09 1.06 1.05 
1.08 1.08 1.09 1.09 1.07 1.07 1.05 1.05 1.09 1.05 1.05 1.07 1.06 1.08 1.07 1.06 1.05 1.06 1.05 1.05 
1.07 1.05 1.05 1.09 1.06 1.05 1.05 1.09 1.08 1.07 1.06 1.06 1.05 1.07 1.07 1.07 1.08 1.06 1.09 1.06 
1.07 1.05 1.06 1.09 1.09 1.06 1.07 1.05 1.08 1.08 1.09 1.06 1.09 1.07 1.09 1.08 1.05 1.06 1.07 1.06 
1.08 1.08 1.08 1.07 1.05 1.05 1.08 1.08 1.07 1.07 1.09 1.09 1.08 1.05 1.05 1.08 1.06 1.05 1.05 1.06 
1.08 1.09 1.06 1.07 1.07 1.06 1.05 1.07 1.09 1.06 1.09 1.05 1.05 1.05 1.05 1.05 1.08 1.07 1.08 1.08 
1.07 1.06 1.08 1.08 1.07 1.05 1.06 1.09 1.09 1.07 1.08 1.06 1.05 1.09 1.08 1.09 1.07 1.07 1.06 1.07 
1.09 1.07 1.09 1.05 1.07 1.09 1.06 1.09 1.05 1.08 1.07 1.06 1.08 1.09 1.05 1.09 1.05 1.07 1.05 1.07 
1.08 1.09 1.09 1.07 1.06 1.05 1.06 1.09 1.09 1.09 1.06 1.05 1.07 1.09 1.09 1.09 1.06 1.05 1.08 1.09 
1.08 1.07 1.05 1.08 1.09 1.05 1.09 1.07 1.06 1.08 1.08 1.07 1.07 1.07 1.07 1.08 1.06 1.07 1.09 1.08 
1.07 1.09 1.08 1.05 1.09 1.08 1.09 1.06 1.08 1.09 1.06 1.09 1.09 1.06 1.05 1.08 1.09 1.08 1.07 1.09 
1.05 1.08 1.09 1.05 1.06 1.07 1.05 1.09 1.05 1.07 1.09 1.09 1.05 1.06 1.09 1.07 1.07 1.06 1.05 1.07 
1.07 1.08 1.06 1.09 1.07 1.08 1.08 1.07 1.07 1.07 1.07 1.05 1.07 1.08 1.05 1.09 1.05 1.08 1.07 1.06 
1.09 1.09 1.07 1.09 1.09 1.07 1.06 1.08 1.07 1.09 1.08 1.09 1.06 1.09 1.09 1.07 1.07 1.09 1.05 1.08 
1.08 1.06 1.06 1.05 1.06 1.06 1.05 1.07 1.08 1.08 1.09 1.05 1.05 1.09 1.08 1.09 1.06 1.05 1.05 1.07 
1.05 1.09 1.09 1.05 1.06 1.05 1.08 1.07 1.06 1.07 1.09 1.09 1.08 1.06 1.07 1.05 1.09 1.05 1.07 1.08 
1.05 1.05 1.07 1.07 1.09 1.09 1.06 1.05 1.08 1.09 1.05 1.09 1.05 1.09 1.09 1.06 1.07 1.06 1.06 1.07 
1.05 1.09 1.07 1.09 1.08 1.07 1.09 1.08 1.05 1.07 1.07 1.06 1.07 1.05 1.06 1.06 1.06 1.07 1.09 1.08 
1.08 1.06 1.05 1.05 1.05 1.07 1.08 1.08 1.07 1.09 1.09 1.09 1.05 1.08 1.08 1.06 1.06 1.05 1.05 1.07 
1.07 1.09 1.08 1.06 1.06 1.09 1.08 1.06 1.05 1.09 1.07 1.08 1.08 1.07 1.07 1.07 1.07 1.05 1.09 1.06 
1.07 1.06 1.05 1.05 1.09 1.07 1.06 1.05 1.06 1.07 1.09 1.08 1.08 1.05 1.07 1.08 1.08 1.06 1.05 1.06 
1.08 1.08 1.06 1.07 1.08 1.06 1.07 1.08 1.05 1.06 1.08 1.09 1.05 1.07 1.06 1.09 1.06 1.08 1.07 1.06 
1.09 1.08 1.05 1.09 1.07 1.05 1.07 1.06 1.09 1.05 1.06 1.07 1.05 1.07 1.07 1.05 1.08 1.05 1.07 1.07 
1.07 1.08 1.07 1.08 1.06 1.08 1.06 1.05 1.07 1.08 1.08 1.06 1.08 1.08 1.08 1.09 1.06 1.07 1.07 1.08 
1.08 1.08 1.06 1.05 1.07 1.05 1.09 1.08 1.05 1.09 1.06 1.06 1.06 1.08 1.09 1.06 1.05 1.06 1.07 1.05 
1.08 1.07 1.06 1.07 1.08 1.05 1.07 1.07 1.07 1.08 1.06 1.08 1.07 1.09 1.08 1.09 1.08 1.09 1.07 1.05 
1.06 1.07 1.05 1.07 1.06 1.09 1.06 1.09 1.07 1.07 1.08 1.06 1.06 1.08 1.06 1.09 1.08 1.05 1.06 1.07 
1.07 1.08 1.05 1.05 1.06 1.07 1.09 1.06 1.07 1.07 1.05 1.05 1.09 1.08 1.09 1.05 1.07 1.05 1.07 1.05 
1.09 1.06 1.05 1.07 1.07 1.07 1.08 1.06 1.06 1.08 1.09 1.05 1.08 1.07 1.06 1.09 1.07 1.06 1.09 1.09 
1.06 1.09 1.05 1.05 1.06 1.08 1.08 1.09 1.09 1.08 1.07 1.09 1.09 1.08 1.07 1.06 1.06 1.06 1.09 1.08 
1.08 1.07 1.07 1.06 1.09 1.08 1.08 1.07 1.07 1.08 1.07 1.06 1.05 1.06 1.06 1.08 1.06 1.09 1.05 1.09 
1.05 1.08 1.06 1.07 1.06 1.09 1.08 1.09 1.09 1.08 1.09 1.09 1.06 1.08 1.06 1.06 1.06 1.06 1.05 1.05 
1.05 1.08 1.05 1.06 1.07 1.06 1.07 1.08 1.06 1.06 1.07 1.06 1.06 1.06 1.09 1.08 1.08 1.07 1.06 1.06 
1.06 1.09 1.05 1.06 1.08 1.09 1.05 1.06 1.08 1.06 1.08 1.08 1.07 1.05 1.09 1.06 1.05 1.06 1.09 1.09 
1.09 1.05 1.06 1.07 1.09 1.08 1.07 1.06 1.09 1.08 1.06 1.07 1.05 1.05 1.06 1.07 1.09 1.09 1.05 1.08 
1.09 1.09 1.08 1.09 1.07 1.05 1.07 1.08 1.08 1.06 1.09 1.06 1.06 1.07 1.08 1.08 1.06 1.07 1.07 1.05 
1.07 1.05 1.08 1.08 1.09 1.09 1.08 1.09 1.05 1.09 1.09 1.09 1.05 1.09 1.06 1.07 1.07 1.09 1.09 1.09 
1.06 1.09 1.06 1.05 1.07 1.08 1.06 1.08 1.05 1.08 1.07 1.06 1.05 1.08 1.05 1.05 1.09 1.05 1.09 1.05 
1.06 1.09 1.06 1.08 1.05 1.06 1.05 1.09 1.07 1.07 1.05 1.07 1.05 1.07 1.05 1.07 1.05 1.07 1.09 1.08 
1.05 1.08 1.06 1.08 1.05 1.05 1.06 1.06 1.06 1.08 1.06 1.06 1.05 1.09 1.05 1.06 1.07 1.05 1.06 1.08 
1.06 1.06 1.06 1.09 1.06 1.08 1.09 1.07 1.07 1.08 1.08 1.08 1.08 1.09 1.05 1.05 1.06 1.08 1.07 1.05 
1.08 1.07 1.07 1.07 1.08 1.08 1.06 1.09 1.08 1.05 1.09 1.09 1.07 1.05 1.07 1.08 1.08 1.09 1.08 1.09 
1.07 1.07 1.05 1.07 1.08 1.09 1.08 1.08 1.05 1.09 1.07 1.08 1.05 1.09 1.07 1.08 1.08 1.06 1.09 1.05 
1.07 1.07 1.06 1.08 1.05 1.06 1.05 1.08 1.05 1.07 1.09 1.09 1.06 1.09 1.09 1.06 1.09 1.08 1.05 1.09 
1.06 1.08 1.06 1.05 1.06 1.05 1.06 1.06 1.06 1.09 1.07 1.09 1.08 1.06 1.05 1.05 1.05 1.07 1.08 1.07 
1.08 1.07 1.09 1.09 1.09 1.09 1.08 1.05 1.08 1.08 1.06 1.09 1.09 1.06 1.08 1.09 1.09 1.05 1.09 1.09 
1.09 1.08 1.06 1.08 1.05 1.09 1.05 1.08 1.06 1.06 1.06 1.07 1.07 1.06 1.06 1.07 1.08 1.09 1.09 1.08 
1.05 1.09 1.05 1.06 1.08 1.09 1.07 1.05 1.06 1.06 1.05 1.09 1.07 1.08 1.07 1.07 1.05 1.06 1.05 1.07 
1.05 1.09 1.07 1.08 1.05 1.08 1.06 1.05 1.07 1.07 1.09 1.07 1.06 1.05 1.06 1.09 1.05 1.07 1.05 1.08 
1.07 1.09 1.05 1.06 1.07 1.08 1.09 1.07 1.08 1.05 1.06 1.06 1.06 1.09 1.05 1.06 1.05 1.05 1.09 1.06 
1.05 1.07 1.08 1.05 1.08 1.08 1.05 1.09 1.06 1.08 1.07 1.06 1.09 1.07 1.05 1.08 1.07 1.05 1.06 1.05 
1.06 1.06 1.06 1.08 1.09 1.08 1.07 1.06 1.06 1.07 1.07 1.07 1.07 1.06 1.05 1.06 1.09 1.07 1.05 1.09 
1.06 1.07 1.09 1.07 1.08 1.09 1.06 1.05 1.09 1.06 1.09 1.08 1.06 1.06 1.09 1.09 1.09 1.05 1.05 1.08 
1.05 1.05 1.08 1.05 1.08 1.06 1.09 1.06 1.06 1.09 1.09 1.07 1.07 1.08 1.07 1.08 1.06 1.09 1.06 1.06 
1.07 1.07 1.05 1.09 1.08 1.08 1.06 1.07 1.09 1.09 1.08 1.08 1.09 1.07 1.06 1.06 1.06 1.05 1.07 1.08 
1.09 1.05 1.08 1.09 1.07 1.06 1.09 1.05 1.09 1.07 1.09 1.09 1.05 1.09 1.06 1.07 1.09 1.08 1.07 1.05 
1.08 1.08 1.07 1.05 1.09 1.09 1.05 1.08 1.08 1.08 1.06 1.05 1.05 1.09 1.06 1.05 1.09 1.05 1.08 1.09 
1.05 1.05 1.06 1.08 1.05 1.09 1.09 1.07 1.06 1.05 1.06 1.05 1.09 1.06 1.05 1.05 1.09 1.06 1.09 1.06 
1.08 1.08 1.09 1.08 1.06 1.08 1.07 1.07 1.08 1.08 1.06 1.09 1.06 1.08 1.08 1.07 1.05 1.05 1.07 1.08 
1.05 1.05 1.08 1.08 1.08 1.05 1.07 1.06 1.07 1.09 1.05 1.06 1.08 1.06 1.09 1.09 1.08 1.08 1.06 1.06 
1.06 1.06 1.07 1.06 1.05 1.07 1.09 1.09 1.07 1.05 1.07 1.09 1.08 1.06 1.06 1.07 1.05 1.06 1.09 1.09 
1.07 1.06 1.05 1.05 1.07 1.05 1.07 1.06 1.08 1.06 1.05 1.09 1.08 1.06 1.09 1.06 1.07 1.07 1.07 1.06 
1.05 1.05 1.06 1.09 1.08 1.09 1.08 1.07 1.06 1.05 1.05 1.07 1.09 1.05 1.06 1.07 1.07 1.05 1.06 1.09 
1.08 1.06 1.07 1.07 1.09 1.09 1.08 1.09 1.08 1.08 1.08 1.09 1.06 1.05 1.09 1.06 1.09 1.09 1.08 1.07 
1.08 1.06 1.05 1.07 1.08 1.09 1.06 1.08 1.06 1.06 1.07 1.05 1.07 1.06 1.08 1.09 1.07 1.06 1.06 1.09 
1.07 1.09 1.06 1.06 1.06 1.07 1.07 1.07 1.05 1.07 1.08 1.05 1.07 1.05 1.09 1.05 1.07 1.07 1.06 1.08 
1.06 1.09 1.08 1.08 1.09 1.07 1.08 1.07 1.07 1.05 1.08 1.09 1.05 1.05 1.06 1.07 1.08 1.06 1.06 1.06 
1.09 1.05 1.06 1.06 1.06 1.07 1.08 1.09 1.08 1.06 1.09 1.06 1.07 1.09 1.07 1.09 1.08 1.07 1.05 1.06 
1.08 1.09 1.09 1.05 1.08 1.07 1.08 1.09 1.08 1.09 1.06 1.06 1.06 1.07 1.09 1.06 1.05 1.05 1.07 1.06 
1.09 1.06 1.09 1.05 1.09 1.08 1.07 1.09 1.06 1.09 1.07 1.09 1.07 1.08 1.06 1.09 1.06 1.05 1.06 1.07 
1.07 1.07 1.05 1.07 1.07 1.06 1.09 1.09 1.05 1.09 1.09 1.06 1.05 1.08 1.08 1.06 1.07 1.08 1.06 1.05 
1.05 1.05 1.08 1.09 1.05 1.08 1.08 1.07 1.06 1.09 1.08 1.08 1.06 1.07 1.05 1.09 1.07 1.08 1.08 1.08 
1.07 1.09 1.07 1.06 1.09 1.07 1.09 1.05 1.08 1.06 1.08 1.09 1.05 1.08 1.08 1.09 1.06 1.09 1.05 1.08 
1.08 1.06 1.06 1.08 1.06 1.06 1.06 1.09 1.07 1.09 1.05 1.07 1.08 1.07 1.06 1.09 1.09 1.05 1.06 1.08 
1.07 1.07 1.05 1.05 1.07 1.08 1.08 1.05 1.06 1.05 1.08 1.09 1.07 1.09 1.09 1.07 1.07 1.09 1.05 1.05 
1.09 1.07 1.06 1.06 1.08 1.05 1.08 1.05 1.06 1.05 1.06 1.06 1.06 1.05 1.07 1.05 1.07 1.08 1.06 1.05 
1.09 1.08 1.06 1.06 1.08 1.07 1.05 1.05 1.06 1.07 1.06 1.06 1.07 1.08 1.06 1.05 1.08 1.05 1.07 1.08 
1.07 1.06 1.08 1.07 1.05 1.05 1.09 1.08 1.07 1.06 1.06 1.07 1.08 1.06 1.05 1.07 1.08 1.05 1.05 1.07 
1.06 1.07 1.07 1.07 1.09 1.07 1.08 1.08 1.06 1.08 1.06 1.07 1.07 1.09 1.09 1.09 1.09 1.06 1.07 1.08 
1.07 1.08 1.08 1.06 1.08 1.07 1.08 1.07 1.06 1.06 1.07 1.09 1.09 1.07 1.05 1.09 1.09 1.08 1.08 1.05 
1.09 1.05 1.06 1.06 1.06 1.06 1.09 1.09 1.06 1.07 1.06 1.07 1.08 1.08 1.08 1.06 1.05 1.08 1.05 1.07 
1.09 1.06 1.09 1.08 1.09 1.08 1.09 1.06 1.07 1.08 1.05 1.09 1.07 1.08 1.06 1.07 1.08 1.09 1.08 1.05 
1.08 1.09 1.07 1.07 1.06 1.07 1.07 1.07 1.08 1.09 1.08 1.08 1.08 1.09 1.07 1.09 1.08 1.07 1.05 1.08 
1.07 1.08 1.09 1.08 1.05 1.05 1.05 1.06 1.06 1.09 1.09 1.06 1.09 1.06 1.09 1.08 1.05 1.05 1.08 1.09 
1.06 1.05 1.06 1.05 1.08 1.09 1.09 1.08 1.05 1.05 1.05 1.08 1.09 1.07 1.09 1.07 1.06 1.06 1.07 1.07 
1.07 1.09 1.08 1.09 1.06 1.07 1.09 1.09 1.09 1.05 1.05 1.06 1.05 1.05 1.06 1.07 1.06 1.05 1.09 1.06 
1.07 1.05 1.07 1.06 1.08 1.06 1.09 1.08 1.05 1.09 1.05 1.09 1.09 1.08 1.08 1.06 1.05 1.05 1.08 1.05 
1.05 1.05 1.08 1.08 1.09 1.08 1.09 1.09 1.05 1.07 1.05 1.05 1.06 1.09 1.08 1.06 1.09 1.08 1.08 1.09 
1.08 1.07 1.06 1.09 1.05 1.07 1.09 1.05 1.09 1.05 1.07 1.06 1.05 1.05 1.05 1.06 1.07 1.09 1.05 1.05 
1.09 1.09 1.05 1.07 1.06 1.06 1.08 1.07 1.07 1.07 1.09 1.08 1.09 1.07 1.09 1.06 1.08 1.06 1.07 1.08 
1.05 1.06 1.05 1.07 1.08 1.07 1.09 1.06 1.07 1.07 1.09 1.09 1.06 1.09 1.06 1.06 1.08 1.05 1.06 1.05 
1.08 1.05 1.07 1.07 1.08 1.07 1.06 1.09 1.08 1.07 1.08 1.05 1.06 1.07 1.07 1.08 1.09 1.06 1.08 1.05 
1.05 1.08 1.06 1.06 1.05 1.07 1.07 1.09 1.05 1.09 1.08 1.09 1.05 1.09 1.09 1.06 1.08 1.08 1.07 1.06 
1.08 1.06 1.06 1.07 1.06 1.09 1.08 1.05 1.08 1.08 1.09 1.05 1.06 1.07 1.07 1.06 1.09 1.09 1.09 1.07 
1.05 1.09 1.07 1.09 1.06 1.05 1.05 1.07 1.05 1.07 1.05 1.09 1.06 1.05 1.07 1.07 1.06 1.09 1.08 1.09 
1.06 1.05 1.09 1.05 1.05 1.09 1.07 1.07 1.07 1.07 1.08 1.08 1.07 1.05 1.05 1.08 1.06 1.05 1.06 1.05 
1.05 1.05 1.09 1.05 1.06 1.09 1.06 1.06 1.07 1.06 1.06 1.09 1.07 1.09 1.08 1.07 1.07 1.07 1.06 1.05 
1.07 1.05 1.09 1.09 1.09 1.05 1.07 1.06 1.07 1.06 1.08 1.05 1.09 1.07 1.07 1.07 1.08 1.06 1.06 1.08 
1.08 1.08 1.05 1.05 1.08 1.05 1.07 1.09 1.08 1.08 1.08 1.09 1.05 1.06 1.08 1.09 1.07 1.08 1.07 1.07 
1.05 1.07 1.07 1.08 1.05 1.07 1.07 1.05 1.05 1.06 1.06 1.06 1.05 1.07 1.09 1.08 1.06 1.05 1.07 1.08 
1.05 1.05 1.08 1.06 1.07 1.09 1.06 1.05 1.07 1.07 1.05 1.05 1.05 1.09 1.07 1.08 1.09 1.06 1.08 1.07 
1.05 1.05 1.05 1.09 1.06 1.06 1.07 1.06 1.05 1.08 1.06 1.09 1.08 1.08 1.08 1.05 1.05 1.09 1.07 1.08 
1.08 1.07 1.07 1.08 1.07 1.09 1.09 1.06 1.07 1.06 1.05 1.08 1.09 1.05 1.08 1.09 1.07 1.08 1.09 1.09 
1.09 1.06 1.06 1.08 1.07 1.09 1.07 1.06 1.07 1.09 1.09 1.05 1.06 1.05 1.07 1.07 1.09 1.08 1.05 1.06 
1.07 1.05 1.05 1.08 1.08 1.08 1.08 1.08 1.05 1.06 1.09 1.08 1.05 1.06 1.08 1.08 1.09 1.09 1.08 1.05 
1.08 1.06 1.08 1.06 1.09 1.05 1.05 1.09 1.05 1.09 1.09 1.05 1.05 1.07 1.09 1.06 1.05 1.06 1.09 1.09 
1.06 1.06 1.05 1.05 1.08 1.09 1.08 1.09 1.06 1.06 1.05 1.08 1.06 1.08 1.05 1.08 1.07 1.06 1.09 1.08 
1.07 1.08 1.07 1.06 1.05 1.08 1.06 1.07 1.09 1.06 1.05 1.06 1.09 1.09 1.06 1.09 1.09 1.06 1.08 1.09 
1.05 1.07 1.08 1.06 1.09 1.06 1.09 1.08 1.06 1.08 1.05 1.05 1.07 1.07 1.06 1.09 1.08 1.06 1.06 1.08 
1.05 1.06 1.05 1.08 1.08 1.08 1.05 1.08 1.08 1.05 1.08 1.05 1.07 1.08 1.07 1.08 1.05 1.08 1.05 1.07 
1.05 1.07 1.05 1.08 1.06 1.06 1.08 1.06 1.06 1.05 1.07 1.05 1.05 1.09 1.08 1.09 1.08 1.06 1.08 1.09 
1.06 1.08 1.06 1.08 1.07 1.09 1.08 1.06 1.08 1.09 1.06 1.06 1.05 1.09 1.06 1.06 1.08 1.09 1.08 1.06 
1.08 1.05 1.07 1.08 1.07 1.07 1.07 1.08 1.05 1.06 1.09 1.08 1.06 1.09 1.08 1.06 1.06 1.05 1.07 1.08 
1.07 1.09 1.06 1.07 1.08 1.09 1.05 1.06 1.06 1.08 1.05 1.08 1.05 1.05 1.08 1.05 1.05 1.09 1.06 1.05 
1.07 1.06 1.09 1.09 1.05 1.05 1.05 1.08 1.07 1.06 1.08 1.05 1.09 1.06 1.05 1.08 1.08 1.07 1.07 1.06 
1.05 1.07 1.06 1.06 1.09 1.08 1.05 1.08 1.08 1.05 1.08 1.07 1.07 1.06 1.08 1.06 1.05 1.08 1.06 1.08 
1.05 1.06 1.05 1.07 1.09 1.07 1.08 1.05 1.07 1.06 1.05 1.06 1.05 1.07 1.05 1.08 1.08 1.05 1.06 1.09 
1.06 1.08 1.06 1.08 1.08 1.06 1.09 1.05 1.08 1.08 1.09 1.06 1.05 1.08 1.09 1.08 1.08 1.08 1.09 1.08 
1.08 1.07 1.09 1.08 1.09 1.05 1.06 1.06 1.06 1.09 1.09 1.06 1.06 1.09 1.09 1.08 1.09 1.06 1.05 1.06 
1.08 1.06 1.08 1.05 1.08 1.07 1.05 1.08 1.06 1.05 1.06 1.09 1.05 1.05 1.08 1.06 1.07 1.05 1.06 1.08 
1.05 1.05 1.05 1.05 1.09 1.09 1.05 1.07 1.07 1.07 1.09 1.08 1.06 1.07 1.07 1.08 1.07 1.06 1.06 1.08 
1.07 1.09 1.05 1.08 1.08 1.09 1.08 1.06 1.07 1.09 1.09 1.07 1.07 1.06 1.08 1.06 1.08 1.06 1.09 1.08 
1.05 1.08 1.07 1.07 1.05 1.09 1.05 1.07 1.07 1.08 1.09 1.06 1.07 1.09 1.06 1.09 1.09 1.06 1.07 1.07 
1.09 1.07 1.09 1.08 1.09 1.05 1.06 1.09 1.09 1.09 1.09 1.09 1.06 1.08 1.09 1.09 1.07 1.07 1.08 1.06 
1.09 1.07 1.09 1.09 1.09 1.08 1.08 1.06 1.05 1.07 1.05 1.09 1.07 1.05 1.07 1.05 1.08 1.09 1.08 1.06 
1.06 1.06 1.09 1.09 1.09 1.06 1.08 1.09 1.08 1.05 1.05 1.06 1.08 1.09 1.07 1.05 1.05 1.05 1.05 1.09 
1.06 1.07 1.09 1.08 1.06 1.07 1.06 1.06 1.07 1.07 1.06 1.06 1.09 1.09 1.09 1.07 1.07 1.08 1.09 1.08 
1.09 1.05 1.09 1.06 1.05 1.06 1.07 1.07 1.05 1.05 1.05 1.07 1.08 1.08 1.05 1.06 1.07 1.09 1.06 1.05 
1.08 1.05 1.08 1.07 1.07 1.08 1.07 1.06 1.06 1.07 1.08 1.08 1.07 1.07 1.06 1.08 1.08 1.06 1.09 1.07 
1.07 1.08 1.07 1.07 1.07 1.05 1.07 1.05 1.07 1.09 1.08 1.06 1.05 1.07 1.08 1.05 1.05 1.09 1.05 1.07 
1.08 1.05 1.07 1.09 1.08 1.09 1.09 1.05 1.09 1.08 1.06 1.06 1.06 1.05 1.09 1.06 1.06 1.06 1.05 1.08 
1.09 1.06 1.06 1.06 1.09 1.07 1.07 1.08 1.07 1.08 1.09 1.06 1.06 1.08 1.08 1.08 1.06 1.08 1.06 1.09 
1.09 1.05 1.05 1.06 1.05 1.06 1.06 1.06 1.07 1.09 1.05 1.06 1.07 1.05 1.09 1.05 1.09 1.09 1.07 1.06 
1.05 1.06 1.06 1.07 1.05 1.09 1.08 1.09 1.06 1.05 1.09 1.06 1.05 1.05 1.09 1.07 1.05 1.05 1.07 1.05 
1.06 1.05 1.05 1.07 1.07 1.09 1.06 1.07 1.08 1.08 1.08 1.06 1.09 1.07 1.09 1.08 1.06 1.07 1.06 1.08 
1.09 1.05 1.05 1.05 1.05 1.09 1.09 1.09 1.05 1.09 1.09 1.06 1.06 1.05 1.08 1.08 1.06 1.05 1.09 1.09 
1.05 1.08 1.06 1.07 1.09 1.06 1.06 1.08 1.09 1.07 1.09 1.09 1.06 1.08 1.05 1.06 1.08 1.05 1.05 1.07 
1.06 1.06 1.07 1.05 1.08 1.08 1.05 1.06 1.05 1.08 1.05 1.05 1.05 1.08 1.08 1.08 1.09 1.06 1.08 1.09 
1.07 1.05 1.05 1.06 1.08 1.07 1.09 1.06 1.05 1.08 1.07 1.08 1.05 1.08 1.09 1.06 1.08 1.06 1.06 1.08 
1.07 1.07 1.08 1.05 1.08 1.09 1.09 1.08 1.07 1.08 1.06 1.08 1.09 1.06 1.07 1.07 1.08 1.06 1.07 1.07 
1.08 1.05 1.09 1.09 1.06 1.07 1.08 1.06 1.06 1.08 1.06 1.09 1.06 1.05 1.07 1.08 1.05 1.06 1.08 1.09 
1.06 1.08 1.09 1.09 1.07 1.06 1.07 1.05 1.09 1.06 1.08 1.07 1.05 1.08 1.07 1.06 1.05 1.06 1.05 1.07 
1.05 1.09 1.05 1.07 1.08 1.08 1.09 1.05 1.09 1.09 1.07 1.05 1.08 1.09 1.09 1.07 1.05 1.06 1.08 1.08 
1.07 1.06 1.09 1.07 1.06 1.09 1.06 1.05 1.06 1.07 1.05 1.07 1.06 1.09 1.09 1.07 1.05 1.09 1.05 1.05 
1.08 1.09 1.09 1.08 1.07 1.06 1.05 1.08 1.08 1.05 1.06 1.06 1.05 1.08 1.05 1.08 1.07 1.05 1.09 1.08 
1.09 1.07 1.06 1.06 1.05 1.07 1.08 1.06 1.05 1.08 1.09 1.05 1.05 1.08 1.05 1.07 1.08 1.06 1.08 1.08 
1.08 1.08 1.09 1.07 1.09 1.09 1.07 1.09 1.08 1.09 1.08 1.07 1.06 1.05 1.07 1.05 1.05 1.05 1.07 1.08 
1.08 1.07 1.07 1.07 1.05 1.09 1.09 1.06 1.07 1.09 1.06 1.09 1.05 1.05 1.07 1.09 1.08 1.05 1.09 1.07 
1.06 1.06 1.07 1.07 1.09 1.09 1.05 1.08 1.07 1.07 1.05 1.07 1.08 1.09 1.07 1.07 1.09 1.06 1.06 1.08 
1.09 1.08 1.06 1.09 1.07 1.08 1.06 1.07 1.05 1.09 1.09 1.09 1.05 1.07 1.07 1.09 1.08 1.05 1.06 1.05 
1.07 1.08 1.05 1.06 1.07 1.05 1.07 1.07 1.05 1.07 1.08 1.06 1.07 1.06 1.05 1.07 1.06 1.07 1.09 1.06 
1.06 1.07 1.07 1.07 1.06 1.05 1.05 1.07 1.08 1.09 1.07 1.07 1.08 1.08 1.09 1.05 1.09 1.08 1.09 1.09 
1.06 1.07 1.08 1.07 1.09 1.08 1.07 1.05 1.07 1.09 1.08 1.06 1.07 1.07 1.05 1.05 1.09 1.07 1.06 1.05 
1.06 1.09 1.08 1.05 1.06 1.08 1.06 1.09 1.09 1.07 1.07 1.06 1.06 1.05 1.07 1.06 1.06 1.09 1.07 1.08 
1.09 1.07 1.06 1.06 1.09 1.06 1.08 1.05 1.08 1.07 1.05 1.05 1.05 1.08 1.06 1.07 1.08 1.08 1.09 1.08 
1.07 1.07 1.05 1.06 1.06 1.08 1.08 1.08 1.06 1.09 1.08 1.08 1.08 1.07 1.05 1.08 1.06 1.06 1.05 1.05 
1.06 1.05 1.08 1.07 1.06 1.06 1.08 1.07 1.06 1.09 1.07 1.07 1.07 1.06 1.08 1.05 1.05 1.09 1.07 1.08 
1.08 1.09 1.06 1.08 1.09 1.09 1.05 1.07 1.08 1.08 1.05 1.05 1.07 1.08 1.08 1.05 1.06 1.08 1.06 1.07 
1.08 1.07 1.09 1.09 1.05 1.06 1.07 1.06 1.08 1.07 1.08 1.07 1.09 1.06 1.06 1.06 1.07 1.05 1.07 1.05 
1.09 1.05 1.09 1.08 1.05 1.05 1.07 1.07 1.06 1.06 1.06 1.05 1.08 1.07 1.05 1.08 1.05 1.05 1.06 1.09 
1.09 1.05 1.08 1.09 1.06 1.08 1.06 1.08 1.05 1.09 1.07 1.06 1.09 1.05 1.05 1.06 1.07 1.09 1.07 1.06 
1.08 1.08 1.06 1.06 1.07 1.07 1.06 1.05 1.08 1.08 1.09 1.05 1.09 1.07 1.05 1.08 1.06 1.09 1.06 1.06 
1.09 1.09 1.08 1.09 1.06 1.09 1.08 1.05 1.09 1.08 1.05 1.06 1.05 1.08 1.08 1.09 1.07 1.06 1.08 1.06 
1.07 1.05 1.08 1.07 1.05 1.09 1.05 1.06 1.07 1.08 1.06 1.06 1.06 1.09 1.07 1.09 1.05 1.08 1.05 1.05 
1.07 1.09 1.09 1.06 1.07 1.05 1.08 1.08 1.08 1.08 1.08 1.09 1.06 1.08 1.07 1.08 1.08 1.07 1.05 1.06 
1.05 1.08 1.09 1.05 1.06 1.07 1.09 1.05 1.05 1.08 1.07 1.08 1.08 1.05 1.07 1.09 1.05 1.05 1.06 1.07 
1.06 1.08 1.06 1.07 1.08 1.06 1.07 1.06 1.07 1.09 1.08 1.08 1.06 1.09 1.05 1.05 1.06 1.08 1.09 1.08 
1.09 1.06 1.05 1.07 1.09 1.05 1.08 1.05 1.07 1.09 1.09 1.06 1.08 1.09 1.06 1.05 1.05 1.08 1.09 1.07 
1.07 1.06 1.05 1.09 1.06 1.06 1.06 1.09 1.08 1.05 1.09 1.09 1.05 1.07 1.09 1.05 1.06 1.06 1.06 1.06 
1.07 1.09 1.07 1.08 1.09 1.05 1.07 1.05 1.05 1.08 1.09 1.08 1.07 1.06 1.06 1.07 1.09 1.07 1.05 1.06 
1.09 1.09 1.05 1.08 1.07 1.07 1.05 1.06 1.09 1.05 1.07 1.07 1.05 1.06 1.07 1.06 1.08 1.07 1.08 1.06 
1.08 1.07 1.06 1.06 1.06 1.09 1.09 1.08 1.06 1.09 1.09 1.07 1.08 1.05 1.07 1.07 1.05 1.07 1.09 1.09 
1.09 1.08 1.06 1.08 1.08 1.07 1.09 1.06 1.08 1.08 1.07 1.09 1.07 1.09 1.09 1.09 1.06 1.06 1.05 1.09 
1.07 1.09 1.05 1.05 1.07 1.06 1.07 1.05 1.06 1.08 1.08 1.06 1.07 1.09 1.05 1.06 1.05 1.05 1.08 1.07 
1.07 1.08 1.08 1.06 1.05 1.08 1.08 1.06 1.08 1.09 1.09 1.09 1.06 1.07 1.09 1.08 1.08 1.09 1.08 1.09 
1.08 1.06 1.08 1.06 1.05 1.07 1.06 1.09 1.06 1.05 1.05 1.05 1.06 1.05 1.07 1.07 1.08 1.07 1.09 1.08 
1.08 1.06 1.08 1.07 1.08 1.08 1.09 1.08 1.06 1.09 1.08 1.09 1.08 1.07 1.07 1.09 1.09 1.06 1.06 1.06 
1.06 1.09 1.06 1.06 1.07 1.06 1.05 1.05 1.06 1.09 1.06 1.07 1.07 1.09 1.07 1.06 1.06 1.05 1.05 1.08 
1.08 1.05 1.08 1.08 1.09 1.09 1.06 1.06 1.06 1.06 1.08 1.05 1.07 1.09 1.05 1.09 1.05 1.09 1.05 1.08 
1.06 1.09 1.08 1.06 1.08 1.06 1.07 1.05 1.08 1.08 1.06 1.07 1.07 1.05 1.09 1.07 1.08 1.09 1.09 1.05 
1.09 1.09 1.09 1.09 1.05 1.06 1.08 1.06 1.09 1.05 1.09 1.09 1.08 1.07 1.09 1.09 1.05 1.05 1.06 1.08 
1.06 1.09 1.06 1.06 1.08 1.09 1.08 1.08 1.06 1.08 1.07 1.06 1.06 1.07 1.08 1.05 1.07 1.06 1.07 1.06 
1.05 1.09 1.05 1.08 1.07 1.07 1.05 1.08 1.05 1.09 1.07 1.09 1.06 1.05 1.08 1.09 1.09 1.08 1.07 1.09 
1.05 1.08 1.06 1.08 1.06 1.06 1.06 1.05 1.08 1.08 1.09 1.09 1.07 1.09 1.06 1.09 1.09 1.07 1.09 1.08 
1.09 1.09 1.07 1.05 1.08 1.05 1.05 1.08 1.07 1.06 1.07 1.06 1.09 1.07 1.05 1.06 1.09 1.05 1.07 1.09 
1.09 1.05 1.06 1.08 1.07 1.07 1.07 1.05 1.09 1.09 1.05 1.07 1.09 1.05 1.06 1.06 1.05 1.08 1.09 1.05 
1.05 1.09 1.09 1.08 1.08 1.06 1.08 1.07 1.05 1.07 1.09 1.05 1.09 1.09 1.08 1.06 1.06 1.09 1.08 1.07 
1.07 1.08 1.08 1.06 1.05 1.08 1.07 1.08 1.09 1.08 1.07 1.08 1.08 1.08 1.08 1.09 1.05 1.09 1.08 1.06 
1.08 1.05 1.08 1.08 1.05 1.05 1.06 1.06 1.09 1.07 1.09 1.06 1.05 1.09 1.08 1.09 1.08 1.07 1.07 1.06 
1.05 1.09 1.05 1.05 1.07 1.05 1.07 1.07 1.05 1.09 1.09 1.09 1.05 1.09 1.06 1.07 1.08 1.06 1.08 1.05 
1.09 1.05 1.05 1.07 1.08 1.08 1.06 1.05 1.07 1.08 1.07 1.05 1.05 1.06 1.08 1.06 1.08 1.06 1.05 1.05 
1.08 1.09 1.08 1.07 1.05 1.07 1.07 1.06 1.06 1.09 1.07 1.05 1.07 1.09 1.06 1.05 1.08 1.07 1.05 1.09 
1.05 1.09 1.06 1.06 1.06 1.07 1.06 1.07 1.09 1.07 1.06 1.05 1.05 1.08 1.05 1.09 1.05 1.07 1.08 1.07 
1.05 1.06 1.05 1.08 1.05 1.09 1.08 1.05 1.09 1.08 1.08 1.08 1.06 1.06 1.05 1.09 1.06 1.09 1.07 1.05 
1.09 1.06 1.07 1.07 1.07 1.05 1.07 1.07 1.06 1.05 1.06 1.06 1.08 1.09 1.08 1.09 1.07 1.07 1.05 1.05 
1.09 1.07 1.07 1.09 1.05 1.07 1.06 1.06 1.06 1.05 1.06 1.07 1.08 1.09 1.06 1.07 1.09 1.08 1.05 1.08 
1.05 1.06 1.07 1.09 1.07 1.05 1.08 1.08 1.09 1.07 1.08 1.07 1.05 1.05 1.06 1.05 1.08 1.08 1.07 1.08 
1.07 1.06 1.06 1.09 1.05 1.05 1.05 1.06 1.08 1.05 1.06 1.05 1.06 1.08 1.06 1.09 1.07 1.07 1.08 1.07 
1.06 1.05 1.06 1.09 1.07 1.06 1.05 1.05 1.07 1.07 1.05 1.07 1.09 1.08 1.06 1.07 1.09 1.07 1.07 1.06 
1.09 1.08 1.05 1.06 1.06 1.09 1.05 1.09 1.08 1.05 1.05 1.09 1.08 1.05 1.06 1.08 1.05 1.05 1.06 1.07 
