20
300
67 57 67 3 50 48 3 45 24 89 68 34 44 63 45 20 93 37 87 31 24 44 45 41 76 98 18 90 22 21 74 24 32 43 49 54 85 38 80 98 66 71 10 62 51 78 10 77 41 98 97 74 15 63 31 19 95 55 1 37 2 42 77 31 38 39 21 18 18 52 69 16 95 45 28 84 90 96 5 72 66 29 34 88 75 26 81 94 87 2 8 26 85 13 78 69 23 59 12 68 20 98 98 63 14 25 3 39 96 7 78 82 27 7 26 77 57 97 54 82 30 69 9 9 3 2 69 49 37 42 23 71 28 68 86 42 39 90 91 95 93 20 33 91 96 40 72 98 40 92 96 39 12 85 74 29 81 89 62 28 43 64 51 77 1 66 7 62 94 84 80 41 41 23 89 58 57 5 77 3 1 11 37 64 95 47 45 23 6 39 88 33 78 65 71 66 95 52 51 42 20 19 62 57 57 25 60 47 7 4 81 63 11 98 62 25 93 77 32 15 58 98 68 69 61 17 54 75 62 26 27 75 64 71 100 14 52 44 36 32 49 11 24 11 66 85 75 71 62 5 16 55 50 64 6 76 88 92 79 96 15 13 34 92 91 16 27 41 34 18 2 26 71 64 54 2 62 81 67 54 64 21 48 50 85 11 94 73 63 26 27 12 61 11 58 66 36 94 79 21 
2 3 3 2 1 1 2 1 3 3 1 1 3 3 1 1 2 3 3 1 
1.01 1.01 1.04 1.06 1.06 1.03 1.01 1.02 1.05 1.01 1.06 1.05 1.05 1.03 1.05 1.04 1.06 1.05 1.04 1.04 
1.01 1.06 1.02 1.01 1.01 1.06 1.02 1.06 1.03 1.03 1.03 1.06 1.05 1.03 1.02 1.05 1.03 1.02 1.04 1.05 
1.06 1.03 1.06 1.02 1.01 1.01 1.02 1.02 1.06 1.02 1.06 1.04 1.01 1.01 1.02 1.03 1.06 1.04 1.03 1.05 
1.04 1.04 1.03 1.03 1.05 1.03 1.04 1.06 1.03 1.04 1.03 1.01 1.04 1.03 1.04 1.05 1.03 1.02 1.03 1.05 
1.01 1.01 1.05 1.01 1.03 1.01 1.06 1.02 1.04 1.02 1.01 1.02 1.06 1.06 1.06 1.02 1.06 1.01 1.06 1.02 
1.02 1.05 1.04 1.03 1.04 1.01 1.02 1.04 1.01 1.04 1.04 1.02 1.01 1.04 1.01 1.05 1.06 1.04 1.05 1.03 
1.06 1.04 1.06 1.06 1.04 1.02 1.01 1.06 1.01 1.03 1.06 1.04 1.05 1.05 1.01 1.06 1.06 1.05 1.04 1.04 
1.04 1.06 1.03 1.01 1.01 1.02 1.03 1.01 1.02 1.06 1.03 1.03 1.03 1.05 1.01 1.02 1.01 1.04 1.03 1.03 
1.04 1.05 1.01 1.04 1.05 1.02 1.05 1.01 1.05 1.03 1.05 1.01 1.05 1.04 1.02 1.01 1.02 1.05 1.01 1.06 
1.06 1.04 1.04 1.06 1.04 1.01 1.04 1.05 1.03 1.02 1.06 1.04 1.02 1.05 1.03 1.01 1.06 1.01 1.03 1.03 
1.06 1.03 1.05 1.01 1.04 1.02 1.04 1.06 1.05 1.04 1.05 1.06 1.01 1.03 1.03 1.05 1.01 1.02 1.03 1.06 
1.02 1.04 1.06 1.03 1.02 1.01 1.03 1.01 1.01 1.04 1.01 1.05 1.03 1.03 1.01 1.01 1.02 1.04 1.02 1.02 
1.04 1.03 1.04 1.05 1.03 1.03 1.04 1.03 1.04 1.05 1.03 1.01 1.01 1.04 1.06 1.05 1.06 1.03 1.03 1.02 
1.04 1.01 1.05 1.02 1.01 1.03 1.05 1.04 1.02 1.04 1.02 1.01 1.05 1.01 1.02 1.06 1.04 1.05 1.05 1.05 
1.06 1.04 1.04 1.05 1.01 1.02 1.02 1.06 1.03 1.04 1.05 1.01 1.02 1.02 1.05 1.06 1.03 1.06 1.05 1.06 
1.04 1.01 1.06 1.04 1.03 1.04 1.01 1.01 1.03 1.03 1.02 1.04 1.02 1.06 1.03 1.01 1.02 1.05 1.06 1.05 
1.02 1.03 1.06 1.01 1.02 1.03 1.04 1.06 1.05 1.04 1.02 1.01 1.02 1.05 1.02 1.01 1.05 1.05 1.04 1.05 
1.01 1.03 1.02 1.01 1.06 1.06 1.02 1.04 1.05 1.03 1.02 1.01 1.01 1.04 1.02 1.02 1.04 1.02 1.04 1.03 
1.05 1.03 1.02 1.06 1.02 1.01 1.04 1.03 1.05 1.06 1.04 1.06 1.03 1.05 1.04 1.01 1.05 1.04 1.01 1.03 
1.01 1.01 1.05 1.03 1.03 1.06 1.02 1.06 1.01 1.01 1.05 1.02 1.02 1.01 1.02 1.01 1.01 1.02 1.03 1.02 
1.06 1.02 1.01 1.06 1.02 1.03 1.06 1.04 1.06 1.01 1.01 1.03 1.01 1.02 1.06 1.06 1.04 1.03 1.04 1.06 
1.02 1.02 1.04 1.04 1.03 1.02 1.06 1.05 1.01 1.04 1.04 1.03 1.01 1.06 1.05 1.02 1.04 1.02 1.02 1.03 
1.01 1.06 1.04 1.03 1.01 1.02 1.03 1.03 1.03 1.01 1.04 1.02 1.05 1.01 1.04 1.04 1.01 1.02 1.02 1.03 
1.04 1.03 1.01 1.05 1.04 1.01 1.02 1.05 1.05 1.04 1.04 1.04 1.01 1.04 1.01 1.03 1.01 1.03 1.02 1.05 
1.01 1.04 1.05 1.03 1.02 1.01 1.03 1.03 1.03 1.03 1.05 1.04 1.04 1.03 1.04 1.05 1.06 1.06 1.03 1.05 
1.02 1.02 1.01 1.02 1.01 1.06 1.02 1.02 1.05 1.05 1.03 1.04 1.02 1.01 1.03 1.05 1.05 1.04 1.03 1.04 
1.03 1.03 1.03 1.03 1.02 1.06 1.02 1.04 1.04 1.03 1.02 1.06 1.06 1.01 1.06 1.01 1.01 1.02 1.03 1.02 
1.01 1.04 1.01 1.03 1.01 1.04 1.04 1.02 1.02 1.05 1.05 1.06 1.03 1.04 1.04 1.01 1.06 1.01 1.02 1.05 
1.02 1.01 1.05 1.05 1.05 1.05 1.01 1.02 1.02 1.03 1.03 1.04 1.05 1.01 1.03 1.01 1.02 1.06 1.04 1.02 
1.05 1.01 1.03 1.05 1.06 1.03 1.03 1.03 1.06 1.03 1.01 1.05 1.01 1.02 1.01 1.06 1.02 1.02 1.04 1.02 
1.01 1.05 1.06 1.06 1.02 1.04 1.03 1.01 1.04 1.06 1.04 1.01 1.06 1.02 1.01 1.02 1.05 1.02 1.05 1.01 
1.02 1.02 1.05 1.06 1.05 1.05 1.06 1.04 1.04 1.02 1.05 1.05 1.02 1.02 1.02 1.06 1.01 1.02 1.03 1.02 
1.04 1.04 1.03 1.02 1.01 1.06 1.01 1.02 1.04 1.06 1.05 1.02 1.05 1.03 1.06 1.03 1.01 1.06 1.05 1.06 
1.03 1.03 1.03 1.04 1.03 1.04 1.02 1.02 1.05 1.05 1.03 1.05 1.04 1.06 1.05 1.04 1.04 1.02 1.06 1.06 
1.06 1.02 1.03 1.06 1.02 1.04 1.02 1.06 1.04 1.02 1.04 1.05 1.06 1.02 1.04 1.01 1.01 1.05 1.04 1.01 
1.02 1.06 1.01 1.05 1.03 1.02 1.02 1.05 1.04 1.04 1.03 1.05 1.06 1.05 1.03 1.01 1.04 1.05 1.05 1.05 
1.06 1.04 1.03 1.04 1.02 1.06 1.02 1.01 1.03 1.03 1.04 1.05 1.06 1.05 1.04 1.04 1.04 1.02 1.04 1.02 
1.02 1.03 1.02 1.04 1.06 1.06 1.05 1.02 1.05 1.06 1.01 1.01 1.02 1.06 1.01 1.04 1.03 1.03 1.02 1.06 
1.04 1.02 1.01 1.04 1.06 1.04 1.03 1.05 1.03 1.06 1.02 1.05 1.01 1.01 1.03 1.02 1.01 1.03 1.01 1.02 
1.03 1.03 1.04 1.03 1.02 1.01 1.06 1.04 1.05 1.02 1.06 1.03 1.02 1.04 1.05 1.06 1.05 1.06 1.02 1.06 
1.03 1.06 1.03 1.02 1.03 1.05 1.04 1.05 1.02 1.03 1.04 1.03 1.05 1.05 1.03 1.01 1.05 1.05 1.01 1.02 
1.03 1.03 1.05 1.01 1.05 1.01 1.03 1.04 1.06 1.05 1.05 1.01 1.03 1.01 1.03 1.06 1.05 1.05 1.06 1.06 
1.03 1.05 1.04 1.01 1.06 1.04 1.01 1.01 1.06 1.05 1.06 1.03 1.04 1.02 1.01 1.06 1.05 1.06 1.03 1.05 
1.01 1.02 1.05 1.01 1.03 1.05 1.06 1.02 1.01 1.05 1.03 1.05 1.02 1.05 1.05 1.05 1.01 1.03 1.02 1.02 
1.02 1.05 1.05 1.04 1.03 1.01 1.02 1.03 1.05 1.03 1.03 1.02 1.04 1.04 1.04 1.01 1.01 1.02 1.02 1.04 
1.02 1.01 1.01 1.06 1.04 1.02 1.05 1.05 1.04 1.03 1.06 1.02 1.03 1.06 1.01 1.02 1.05 1.03 1.05 1.06 
1.05 1.04 1.04 1.04 1.01 1.01 1.06 1.01 1.06 1.02 1.02 1.05 1.03 1.02 1.05 1.02 1.02 1.02 1.01 1.02 
1.01 1.02 1.06 1.06 1.03 1.01 1.02 1.02 1.02 1.04 1.04 1.02 1.05 1.05 1.06 1.03 1.06 1.05 1.04 1.05 
1.05 1.01 1.04 1.03 1.02 1.06 1.02 1.02 1.03 1.03 1.03 1.01 1.02 1.04 1.06 1.05 1.06 1.05 1.02 1.05 
1.02 1.05 1.04 1.01 1.03 1.04 1.03 1.05 1.03 1.02 1.06 1.06 1.01 1.03 1.06 1.06 1.02 1.06 1.04 1.06 
1.02 1.02 1.01 1.01 1.01 1.03 1.06 1.06 1.04 1.03 1.06 1.04 1.06 1.06 1.01 1.06 1.02 1.02 1.04 1.05 
1.06 1.06 1.03 1.02 1.05 1.06 1.03 1.05 1.01 1.05 1.05 1.04 1.05 1.03 1.02 1.03 1.04 1.05 1.03 1.04 
1.03 1.03 1.02 1.06 1.05 1.02 1.01 1.04 1.06 1.06 1.02 1.05 1.01 1.03 1.01 1.04 1.01 1.02 1.04 1.01 
1.02 1.05 1.02 1.01 1.04 1.03 1.01 1.02 1.04 1.02 1.03 1.06 1.06 1.02 1.06 1.05 1.03 1.03 1.05 1.06 
1.01 1.06 1.03 1.06 1.02 1.05 1.02 1.05 1.03 1.06 1.05 1.03 1.04 1.06 1.03 1.01 1.06 1.04 1.04 1.01 
1.04 1.02 1.02 1.05 1.04 1.04 1.05 1.02 1.01 1.05 1.03 1.05 1.03 1.03 1.03 1.03 1.06 1.03 1.05 1.02 
1.02 1.04 1.04 1.04 1.03 1.04 1.04 1.03 1.06 1.03 1.03 1.04 1.01 1.04 1.01 1.01 1.06 1.04 1.03 1.01 
1.04 1.02 1.06 1.02 1.05 1.03 1.04 1.01 1.04 1.03 1.04 1.04 1.05 1.02 1.01 1.02 1.04 1.03 1.05 1.06 
1.06 1.04 1.01 1.06 1.05 1.06 1.02 1.01 1.04 1.02 1.03 1.04 1.02 1.06 1.06 1.06 1.02 1.04 1.02 1.03 
1.03 1.03 1.01 1.06 1.02 1.02 1.04 1.03 1.06 1.01 1.01 1.01 1.05 1.01 1.04 1.06 1.05 1.06 1.02 1.04 
1.02 1.03 1.01 1.04 1.04 1.04 1.03 1.01 1.01 1.02 1.06 1.04 1.03 1.01 1.03 1.03 1.04 1.02 1.05 1.04 
1.01 1.02 1.03 1.03 1.02 1.06 1.06 1.03 1.05 1.06 1.03 1.05 1.03 1.06 1.01 1.04 1.05 1.06 1.02 1.06 
1.02 1.01 1.05 1.05 1.05 1.01 1.04 1.03 1.04 1.06 1.04 1.03 1.05 1.05 1.05 1.05 1.03 1.05 1.04 1.06 
1.04 1.02 1.05 1.05 1.02 1.01 1.04 1.02 1.03 1.01 1.05 1.02 1.01 1.05 1.01 1.06 1.05 1.03 1.04 1.03 
1.06 1.02 1.01 1.01 1.01 1.04 1.01 1.04 1.01 1.05 1.06 1.04 1.03 1.02 1.05 1.03 1.06 1.03 1.02 1.05 
1.06 1.05 1.02 1.04 1.05 1.02 1.02 1.04 1.01 1.05 1.02 1.01 1.03 1.05 1.04 1.03 1.05 1.01 1.05 1.04 
1.03 1.01 1.04 1.06 1.02 1.02 1.05 1.04 1.04 1.02 1.02 1.03 1.05 1.01 1.01 1.01 1.05 1.03 1.05 1.02 
1.03 1.03 1.01 1.06 1.05 1.03 1.05 1.02 1.01 1.06 1.06 1.02 1.03 1.03 1.01 1.05 1.06 1.03 1.03 1.03 
1.04 1.05 1.06 1.01 1.01 1.05 1.01 1.04 1.01 1.06 1.04 1.01 1.06 1.04 1.01 1.06 1.05 1.01 1.03 1.03 
1.05 1.03 1.02 1.06 1.05 1.06 1.01 1.04 1.03 1.05 1.02 1.02 1.02 1.04 1.06 1.01 1.05 1.02 1.05 1.04 
1.04 1.03 1.03 1.02 1.04 1.02 1.04 1.01 1.06 1.01 1.05 1.04 1.04 1.06 1.01 1.02 1.04 1.04 1.02 1.01 
1.02 1.05 1.05 1.02 1.03 1.02 1.01 1.04 1.04 1.02 1.01 1.03 1.01 1.06 1.01 1.06 1.01 1.06 1.02 1.03 
1.04 1.04 1.01 1.06 1.02 1.05 1.04 1.01 1.05 1.01 1.05 1.03 1.06 1.06 1.02 1.01 1.04 1.04 1.03 1.05 
1.04 1.06 1.03 1.02 1.06 1.05 1.02 1.06 1.02 1.03 1.01 1.05 1.06 1.02 1.05 1.03 1.06 1.03 1.06 1.06 
1.03 1.01 1.03 1.03 1.01 1.06 1.01 1.01 1.05 1.03 1.06 1.05 1.05 1.06 1.05 1.01 1.02 1.04 1.06 1.06 
1.04 1.03 1.03 1.03 1.01 1.02 1.06 1.04 1.05 1.06 1.03 1.05 1.03 1.06 1.06 1.04 1.04 1.01 1.02 1.03 
1.02 1.02 1.05 1.03 1.04 1.05 1.04 1.01 1.06 1.03 1.02 1.01 1.05 1.06 1.02 1.05 1.01 1.04 1.06 1.05 
1.04 1.05 1.05 1.04 1.05 1.03 1.04 1.03 1.06 1.06 1.05 1.06 1.06 1.05 1.02 1.01 1.02 1.05 1.01 1.04 
1.02 1.01 1.01 1.05 1.06 1.03 1.03 1.05 1.03 1.03 1.03 1.03 1.03 1.01 1.03 1.04 1.05 1.04 1.01 1.03 
1.05 1.02 1.05 1.02 1.05 1.01 1.01 1.02 1.01 1.03 1.04 1.01 1.03 1.01 1.04 1.06 1.01 1.02 1.05 1.02 
1.04 1.03 1.04 1.05 1.06 1.04 1.03 1.03 1.02 1.06 1.02 1.05 1.02 1.03 1.05 1.02 1.03 1.02 1.01 1.05 
1.06 1.04 1.01 1.05 1.04 1.05 1.02 1.05 1.05 1.04 1.03 1.01 1.02 1.03 1.05 1.03 1.05 1.06 1.03 1.06 
1.01 1.06 1.05 1.03 1.06 1.02 1.01 1.06 1.04 1.02 1.03 1.01 1.02 1.05 1.06 1.04 1.03 1.02 1.02 1.05 
1.01 1.03 1.05 1.05 1.02 1.05 1.04 1.06 1.02 1.05 1.05 1.06 1.04 1.04 1.04 1.06 1.03 1.05 1.01 1.01 
1.05 1.02 1.05 1.02 1.01 1.01 1.04 1.03 1.02 1.04 1.03 1.04 1.03 1.04 1.01 1.05 1.06 1.05 1.06 1.06 
1.05 1.05 1.06 1.06 1.06 1.02 1.06 1.03 1.05 1.06 1.03 1.01 1.05 1.05 1.01 1.02 1.04 1.02 1.01 1.04 
1.02 1.01 1.04 1.06 1.04 1.01 1.04 1.01 1.05 1.03 1.01 1.06 1.03 1.05 1.03 1.05 1.02 1.04 1.01 1.01 
1.01 1.01 1.02 1.01 1.03 1.04 1.05 1.05 1.01 1.03 1.03 1.04 1.04 1.05 1.06 1.02 1.01 1.04 1.05 1.05 
1.06 1.01 1.06 1.02 1.03 1.03 1.06 1.06 1.04 1.04 1.02 1.03 1.06 1.02 1.03 1.04 1.05 1.04 1.01 1.05 
1.01 1.02 1.03 1.01 1.05 1.02 1.05 1.02 1.03 1.01 1.01 1.06 1.05 1.06 1.05 1.05 1.02 1.05 1.03 1.02 
1.03 1.02 1.01 1.04 1.03 1.01 1.06 1.01 1.01 1.01 1.04 1.05 1.05 1.05 1.03 1.06 1.04 1.01 1.05 1.03 
1.06 1.03 1.05 1.06 1.02 1.01 1.02 1.02 1.02 1.03 1.04 1.01 1.06 1.02 1.06 1.05 1.04 1.04 1.05 1.01 
1.02 1.03 1.05 1.03 1.03 1.06 1.04 1.04 1.03 1.02 1.06 1.03 1.06 1.04 1.02 1.02 1.04 1.06 1.02 1.06 
1.03 1.01 1.06 1.04 1.01 1.03 1.04 1.01 1.04 1.02 1.02 1.06 1.05 1.05 1.06 1.02 1.06 1.01 1.02 1.05 
1.04 1.06 1.03 1.06 1.04 1.03 1.01 1.05 1.05 1.04 1.05 1.04 1.06 1.05 1.05 1.01 1.03 1.05 1.01 1.01 
1.06 1.01 1.04 1.03 1.02 1.05 1.03 1.02 1.05 1.06 1.03 1.01 1.04 1.04 1.01 1.02 1.05 1.04 1.01 1.04 
1.05 1.05 1.05 1.04 1.04 1.03 1.03 1.06 1.04 1.02 1.06 1.01 1.02 1.02 1.01 1.04 1.02 1.03 1.05 1.05 
1.02 1.01 1.04 1.03 1.06 1.04 1.02 1.03 1.05 1.06 1.03 1.06 1.02 1.03 1.03 1.01 1.06 1.03 1.01 1.06 
1.01 1.04 1.05 1.04 1.01 1.04 1.01 1.03 1.06 1.03 1.04 1.02 1.02 1.02 1.03 1.05 1.02 1.02 1.04 1.06 
1.03 1.01 1.01 1.03 1.03 1.04 1.02 1.03 1.01 1.05 1.06 1.06 1.03 1.05 1.06 1.05 1.01 1.05 1.01 1.05 
1.04 1.05 1.02 1.06 1.06 1.05 1.01 1.02 1.05 1.06 1.01 1.04 1.06 1.01 1.03 1.02 1.04 1.04 1.01 1.03 
1.05 1.04 1.04 1.02 1.04 1.03 1.02 1.01 1.03 1.05 1.02 1.05 1.01 1.01 1.02 1.03 1.02 1.03 1.02 1.03 
1.04 1.02 1.02 1.02 1.04 1.03 1.03 1.05 1.04 1.01 1.03 1.03 1.04 1.02 1.05 1.06 1.03 1.06 1.05 1.01 
1.06 1.01 1.06 1.06 1.04 1.05 1.05 1.03 1.03 1.02 1.04 1.05 1.03 1.03 1.03 1.04 1.06 1.06 1.06 1.03 
1.02 1.02 1.05 1.04 1.05 1.02 1.06 1.03 1.06 1.03 1.05 1.06 1.06 1.02 1.05 1.03 1.05 1.06 1.04 1.03 
1.01 1.06 1.02 1.05 1.04 1.03 1.04 1.05 1.03 1.06 1.06 1.04 1.03 1.03 1.02 1.03 1.05 1.05 1.03 1.03 
1.06 1.02 1.05 1.05 1.05 1.02 1.02 1.06 1.01 1.04 1.03 1.05 1.01 1.03 1.02 1.02 1.04 1.06 1.04 1.02 
1.01 1.04 1.01 1.01 1.01 1.03 1.03 1.02 1.06 1.01 1.02 1.05 1.02 1.02 1.06 1.02 1.06 1.04 1.01 1.03 
1.02 1.01 1.04 1.06 1.02 1.01 1.05 1.03 1.02 1.05 1.04 1.06 1.04 1.06 1.06 1.01 1.02 1.03 1.03 1.01 
1.01 1.06 1.03 1.04 1.04 1.04 1.04 1.02 1.04 1.06 1.04 1.05 1.05 1.01 1.05 1.01 1.04 1.04 1.05 1.01 
1.01 1.02 1.02 1.06 1.01 1.04 1.06 1.05 1.02 1.03 1.02 1.01 1.05 1.05 1.05 1.01 1.03 1.02 1.05 1.04 
1.02 1.06 1.03 1.04 1.01 1.02 1.02 1.03 1.04 1.02 1.02 1.06 1.06 1.06 1.04 1.04 1.01 1.06 1.01 1.04 
1.05 1.05 1.06 1.04 1.02 1.04 1.05 1.03 1.04 1.04 1.05 1.03 1.05 1.04 1.01 1.01 1.02 1.02 1.01 1.03 
1.02 1.04 1.03 1.01 1.01 1.04 1.03 1.01 1.05 1.06 1.03 1.06 1.03 1.01 1.05 1.01 1.06 1.04 1.01 1.03 
1.01 1.01 1.04 1.04 1.01 1.06 1.03 1.01 1.01 1.03 1.02 1.04 1.03 1.04 1.04 1.01 1.02 1.04 1.03 1.05 
1.06 1.04 1.03 1.06 1.04 1.03 1.04 1.05 1.04 1.03 1.03 1.04 1.03 1.04 1.03 1.06 1.02 1.04 1.02 1.02 
1.04 1.05 1.03 1.05 1.06 1.06 1.03 1.05 1.04 1.05 1.06 1.03 1.02 1.06 1.05 1.03 1.02 1.04 1.04 1.03 
1.03 1.06 1.05 1.02 1.05 1.01 1.01 1.02 1.03 1.06 1.03 1.04 1.02 1.04 1.02 1.06 1.03 1.06 1.04 1.02 
1.02 1.03 1.04 1.05 1.01 1.02 1.03 1.02 1.05 1.06 1.05 1.02 1.06 1.03 1.06 1.04 1.05 1.01 1.04 1.01 
1.03 1.01 1.05 1.06 1.02 1.05 1.04 1.04 1.01 1.06 1.06 1.03 1.01 1.01 1.04 1.06 1.04 1.04 1.03 1.04 
1.06 1.02 1.05 1.01 1.02 1.04 1.02 1.06 1.06 1.02 1.04 1.03 1.01 1.03 1.05 1.04 1.01 1.02 1.02 1.04 
1.05 1.04 1.02 1.03 1.05 1.05 1.05 1.01 1.04 1.03 1.04 1.06 1.02 1.04 1.04 1.05 1.01 1.01 1.05 1.06 
1.06 1.04 1.01 1.01 1.05 1.05 1.04 1.01 1.01 1.05 1.05 1.01 1.01 1.04 1.04 1.05 1.06 1.03 1.05 1.06 
1.01 1.01 1.05 1.03 1.02 1.01 1.01 1.03 1.05 1.05 1.06 1.05 1.06 1.01 1.02 1.03 1.03 1.04 1.03 1.06 
1.04 1.02 1.03 1.02 1.04 1.02 1.06 1.03 1.02 1.03 1.04 1.01 1.04 1.06 1.06 1.04 1.06 1.03 1.02 1.01 
1.01 1.02 1.06 1.02 1.03 1.03 1.03 1.01 1.05 1.04 1.04 1.03 1.02 1.01 1.02 1.02 1.01 1.01 1.06 1.06 
1.03 1.05 1.06 1.01 1.04 1.04 1.05 1.06 1.02 1.01 1.01 1.06 1.06 1.03 1.01 1.01 1.01 1.06 1.04 1.02 
1.01 1.05 1.05 1.02 1.05 1.04 1.05 1.02 1.02 1.01 1.03 1.06 1.05 1.03 1.04 1.06 1.01 1.01 1.02 1.05 
1.05 1.05 1.01 1.05 1.04 1.05 1.01 1.06 1.01 1.06 1.03 1.01 1.01 1.06 1.03 1.03 1.05 1.01 1.03 1.06 
1.06 1.05 1.02 1.05 1.03 1.03 1.06 1.03 1.04 1.04 1.06 1.02 1.04 1.06 1.02 1.01 1.02 1.04 1.03 1.02 
1.05 1.01 1.06 1.02 1.04 1.06 1.06 1.04 1.05 1.05 1.05 1.05 1.01 1.06 1.01 1.04 1.04 1.04 1.06 1.03 
1.06 1.06 1.04 1.06 1.06 1.06 1.05 1.05 1.05 1.02 1.01 1.01 1.04 1.02 1.02 1.06 1.03 1.03 1.02 1.02 
1.06 1.04 1.02 1.05 1.02 1.04 1.04 1.04 1.03 1.02 1.05 1.05 1.05 1.01 1.02 1.04 1.03 1.02 1.04 1.02 
1.03 1.01 1.05 1.06 1.01 1.05 1.02 1.05 1.03 1.02 1.02 1.05 1.03 1.06 1.01 1.03 1.02 1.01 1.01 1.05 
1.06 1.01 1.04 1.06 1.02 1.06 1.04 1.03 1.05 1.02 1.03 1.01 1.05 1.01 1.05 1.02 1.05 1.04 1.03 1.06 
1.04 1.01 1.01 1.02 1.02 1.01 1.01 1.03 1.03 1.04 1.04 1.06 1.06 1.03 1.03 1.03 1.05 1.01 1.02 1.06 
1.02 1.04 1.05 1.06 1.02 1.06 1.02 1.04 1.04 1.05 1.05 1.05 1.03 1.02 1.05 1.05 1.03 1.05 1.01 1.06 
1.03 1.04 1.02 1.05 1.03 1.02 1.04 1.01 1.03 1.02 1.06 1.04 1.02 1.04 1.05 1.04 1.04 1.06 1.03 1.01 
1.02 1.04 1.02 1.01 1.04 1.01 1.04 1.04 1.03 1.06 1.06 1.03 1.05 1.05 1.04 1.03 1.03 1.04 1.01 1.05 
1.01 1.01 1.01 1.05 1.03 1.06 1.03 1.04 1.02 1.02 1.02 1.04 1.04 1.05 1.01 1.01 1.04 1.04 1.06 1.06 
1.03 1.04 1.04 1.06 1.03 1.04 1.06 1.06 1.04 1.05 1.05 1.03 1.03 1.06 1.06 1.06 1.06 1.05 1.06 1.01 
1.03 1.06 1.01 1.04 1.03 1.06 1.02 1.04 1.02 1.05 1.03 1.06 1.04 1.01 1.01 1.02 1.01 1.01 1.06 1.01 
1.05 1.01 1.05 1.02 1.06 1.01 1.03 1.05 1.02 1.04 1.01 1.04 1.01 1.02 1.06 1.01 1.06 1.02 1.05 1.01 
1.02 1.02 1.02 1.04 1.02 1.01 1.05 1.01 1.05 1.04 1.01 1.01 1.06 1.05 1.04 1.05 1.02 1.01 1.06 1.02 
1.02 1.03 1.01 1.06 1.06 1.06 1.06 1.04 1.05 1.01 1.01 1.04 1.01 1.05 1.06 1.04 1.04 1.05 1.03 1.02 
1.02 1.05 1.05 1.05 1.01 1.01 1.01 1.05 1.04 1.04 1.02 1.06 1.02 1.05 1.06 1.02 1.05 1.04 1.05 1.03 
1.03 1.01 1.02 1.02 1.01 1.01 1.01 1.01 1.05 1.03 1.01 1.05 1.05 1.06 1.02 1.02 1.01 1.06 1.04 1.01 
1.01 1.01 1.05 1.04 1.05 1.04 1.05 1.01 1.01 1.02 1.01 1.02 1.05 1.03 1.01 1.05 1.01 1.04 1.01 1.03 
1.03 1.03 1.05 1.01 1.04 1.05 1.01 1.02 1.05 1.03 1.01 1.02 1.04 1.03 1.03 1.06 1.04 1.04 1.04 1.06 
1.03 1.02 1.01 1.04 1.01 1.06 1.06 1.02 1.04 1.04 1.01 1.01 1.05 1.03 1.06 1.05 1.03 1.02 1.02 1.06 
1.05 1.02 1.02 1.01 1.01 1.02 1.01 1.04 1.05 1.01 1.01 1.03 1.01 1.05 1.02 1.02 1.01 1.03 1.01 1.01 
1.02 1.05 1.01 1.06 1.03 1.05 1.05 1.06 1.06 1.02 1.04 1.05 1.04 1.05 1.01 1.04 1.06 1.04 1.03 1.01 
1.06 1.01 1.03 1.05 1.06 1.03 1.06 1.06 1.06 1.01 1.05 1.01 1.06 1.01 1.01 1.03 1.05 1.03 1.02 1.03 
1.04 1.05 1.01 1.02 1.03 1.05 1.05 1.06 1.03 1.01 1.04 1.03 1.06 1.06 1.02 1.03 1.03 1.01 1.05 1.04 
1.05 1.02 1.04 1.01 1.05 1.06 1.02 1.05 1.06 1.05 1.03 1.04 1.05 1.04 1.01 1.04 1.06 1.05 1.05 1.01 
1.04 1.05 1.02 1.03 1.04 1.05 1.06 1.06 1.06 1.06 1.02 1.03 1.04 1.06 1.06 1.05 1.01 1.02 1.02 1.03 
1.02 1.06 1.01 1.04 1.05 1.04 1.05 1.02 1.06 1.05 1.06 1.02 1.01 1.03 1.01 1.01 1.02 1.06 1.03 1.01 
1.04 1.04 1.05 1.05 1.02 1.04 1.02 1.02 1.01 1.06 1.01 1.02 1.03 1.06 1.04 1.04 1.03 1.02 1.03 1.01 
1.01 1.02 1.06 1.05 1.03 1.01 1.06 1.05 1.05 1.02 1.04 1.01 1.01 1.01 1.06 1.03 1.04 1.02 1.02 1.06 
1.04 1.04 1.02 1.06 1.05 1.01 1.04 1.03 1.02 1.03 1.01 1.06 1.02 1.04 1.03 1.02 1.05 1.04 1.01 1.05 
1.06 1.02 1.04 1.03 1.04 1.05 1.03 1.04 1.03 1.05 1.06 1.06 1.06 1.04 1.03 1.02 1.01 1.01 1.05 1.05 
1.02 1.05 1.04 1.06 1.04 1.03 1.02 1.05 1.06 1.02 1.02 1.03 1.01 1.04 1.01 1.05 1.01 1.04 1.01 1.05 
1.01 1.04 1.05 1.06 1.03 1.02 1.05 1.05 1.06 1.06 1.06 1.06 1.03 1.05 1.01 1.05 1.03 1.03 1.02 1.03 
1.02 1.04 1.02 1.04 1.05 1.04 1.01 1.04 1.01 1.05 1.01 1.05 1.04 1.01 1.04 1.01 1.06 1.02 1.04 1.02 
1.01 1.02 1.02 1.06 1.02 1.04 1.04 1.02 1.06 1.04 1.04 1.04 1.01 1.06 1.03 1.03 1.05 1.06 1.03 1.04 
1.05 1.04 1.03 1.03 1.05 1.04 1.03 1.02 1.06 1.06 1.02 1.04 1.06 1.03 1.05 1.01 1.01 1.02 1.01 1.04 
1.04 1.04 1.04 1.06 1.04 1.01 1.03 1.03 1.05 1.04 1.03 1.05 1.03 1.05 1.05 1.04 1.05 1.06 1.02 1.02 
1.06 1.06 1.02 1.06 1.05 1.03 1.05 1.06 1.06 1.04 1.02 1.06 1.05 1.06 1.04 1.01 1.02 1.03 1.05 1.02 
1.02 1.03 1.03 1.02 1.04 1.02 1.03 1.04 1.03 1.01 1.03 1.06 1.03 1.02 1.04 1.03 1.03 1.02 1.02 1.03 
1.01 1.06 1.03 1.05 1.01 1.04 1.02 1.04 1.04 1.05 1.01 1.05 1.01 1.05 1.04 1.02 1.03 1.05 1.02 1.06 
1.03 1.06 1.02 1.06 1.01 1.04 1.06 1.04 1.01 1.05 1.01 1.03 1.05 1.06 1.01 1.04 1.06 1.01 1.02 1.06 
1.06 1.03 1.06 1.05 1.06 1.04 1.04 1.05 1.03 1.02 1.06 1.02 1.06 1.03 1.03 1.01 1.06 1.03 1.05 1.06 
1.01 1.06 1.02 1.04 1.03 1.02 1.03 1.06 1.04 1.02 1.04 1.06 1.04 1.06 1.01 1.05 1.03 1.06 1.01 1.05 
1.06 1.03 1.03 1.02 1.05 1.01 1.04 1.01 1.01 1.03 1.06 1.03 1.04 1.01 1.05 1.04 1.01 1.06 1.01 1.02 
1.05 1.03 1.04 1.01 1.04 1.04 1.03 1.04 1.01 1.05 1.02 1.05 1.04 1.02 1.04 1.01 1.06 1.04 1.02 1.06 
1.01 1.06 1.03 1.02 1.03 1.06 1.05 1.04 1.05 1.03 1.01 1.01 1.03 1.02 1.05 1.05 1.02 1.03 1.02 1.06 
1.05 1.05 1.03 1.03 1.04 1.05 1.04 1.06 1.01 1.02 1.02 1.03 1.02 1.02 1.04 1.02 1.02 1.05 1.01 1.05 
1.05 1.01 1.05 1.01 1.02 1.01 1.02 1.02 1.04 1.05 1.01 1.04 1.02 1.02 1.04 1.06 1.01 1.03 1.03 1.05 
1.05 1.02 1.01 1.03 1.05 1.05 1.05 1.06 1.04 1.02 1.05 1.01 1.04 1.03 1.06 1.05 1.04 1.04 1.01 1.05 
1.04 1.04 1.05 1.06 1.01 1.02 1.04 1.05 1.01 1.04 1.03 1.06 1.05 1.06 1.01 1.03 1.05 1.03 1.06 1.01 
1.06 1.05 1.05 1.02 1.06 1.04 1.05 1.04 1.01 1.06 1.04 1.02 1.04 1.02 1.02 1.01 1.06 1.01 1.02 1.01 
1.03 1.03 1.05 1.04 1.02 1.03 1.03 1.02 1.02 1.04 1.04 1.05 1.04 1.03 1.04 1.01 1.03 1.06 1.04 1.01 
1.01 1.05 1.02 1.04 1.02 1.03 1.04 1.01 1.05 1.03 1.06 1.05 1.04 1.03 1.03 1.01 1.02 1.05 1.05 1.04 
1.06 1.01 1.06 1.03 1.02 1.06 1.04 1.02 1.04 1.05 1.01 1.03 1.02 1.06 1.05 1.02 1.05 1.02 1.04 1.01 
1.01 1.03 1.02 1.04 1.02 1.02 1.05 1.02 1.01 1.01 1.01 1.05 1.04 1.04 1.06 1.05 1.03 1.06 1.05 1.04 
1.02 1.05 1.04 1.04 1.01 1.05 1.01 1.01 1.02 1.05 1.04 1.06 1.01 1.01 1.05 1.01 1.02 1.04 1.05 1.02 
1.05 1.01 1.04 1.02 1.02 1.05 1.02 1.04 1.01 1.05 1.03 1.04 1.05 1.02 1.03 1.03 1.03 1.05 1.03 1.02 
1.02 1.02 1.02 1.04 1.05 1.05 1.01 1.06 1.03 1.04 1.06 1.02 1.06 1.03 1.02 1.05 1.02 1.06 1.02 1.04 
1.06 1.05 1.03 1.03 1.03 1.01 1.05 1.02 1.05 1.04 1.01 1.06 1.03 1.03 1.01 1.06 1.04 1.03 1.02 1.06 
1.01 1.06 1.01 1.03 1.02 1.05 1.03 1.03 1.02 1.01 1.01 1.04 1.06 1.02 1.06 1.06 1.03 1.01 1.01 1.04 
1.05 1.04 1.01 1.04 1.04 1.06 1.04 1.04 1.03 1.01 1.02 1.05 1.03 1.03 1.04 1.06 1.01 1.01 1.01 1.03 
1.05 1.06 1.06 1.03 1.04 1.06 1.02 1.06 1.06 1.04 1.01 1.01 1.05 1.04 1.06 1.06 1.05 1.01 1.02 1.01 
1.04 1.04 1.04 1.06 1.06 1.01 1.03 1.04 1.05 1.02 1.05 1.06 1.03 1.01 1.03 1.06 1.04 1.03 1.01 1.04 
1.01 1.01 1.01 1.02 1.02 1.02 1.06 1.01 1.02 1.04 1.02 1.03 1.02 1.01 1.02 1.01 1.06 1.05 1.04 1.01 
1.02 1.01 1.06 1.01 1.05 1.02 1.04 1.04 1.01 1.03 1.01 1.02 1.01 1.06 1.06 1.02 1.03 1.05 1.02 1.04 
1.01 1.01 1.01 1.05 1.02 1.02 1.02 1.02 1.03 1.03 1.02 1.02 1.01 1.06 1.02 1.06 1.04 1.01 1.01 1.05 
1.06 1.05 1.05 1.05 1.06 1.01 1.04 1.06 1.04 1.04 1.04 1.04 1.03 1.05 1.04 1.02 1.02 1.06 1.06 1.01 
1.04 1.03 1.01 1.03 1.03 1.04 1.05 1.02 1.05 1.05 1.05 1.02 1.02 1.03 1.02 1.04 1.06 1.02 1.05 1.05 
1.02 1.05 1.04 1.06 1.02 1.04 1.06 1.03 1.06 1.01 1.04 1.03 1.06 1.03 1.05 1.04 1.01 1.03 1.03 1.03 
1.04 1.02 1.02 1.01 1.05 1.05 1.05 1.02 1.06 1.02 1.02 1.01 1.02 1.05 1.05 1.03 1.02 1.02 1.02 1.01 
1.01 1.03 1.03 1.06 1.06 1.04 1.03 1.06 1.03 1.05 1.05 1.03 1.01 1.02 1.02 1.01 1.03 1.03 1.05 1.02 
1.05 1.03 1.01 1.03 1.04 1.03 1.01 1.06 1.02 1.01 1.06 1.01 1.06 1.04 1.06 1.03 1.02 1.02 1.02 1.06 
1.05 1.06 1.02 1.03 1.02 1.05 1.02 1.04 1.01 1.01 1.01 1.05 1.04 1.06 1.03 1.02 1.03 1.06 1.05 1.01 
1.05 1.03 1.02 1.01 1.06 1.06 1.06 1.03 1.06 1.02 1.04 1.06 1.06 1.06 1.02 1.06 1.03 1.05 1.03 1.05 
1.04 1.05 1.06 1.02 1.01 1.03 1.02 1.05 1.06 1.05 1.05 1.03 1.01 1.02 1.02 1.02 1.04 1.03 1.03 1.06 
1.04 1.01 1.05 1.06 1.03 1.02 1.03 1.03 1.06 1.02 1.05 1.03 1.01 1.03 1.01 1.03 1.04 1.03 1.02 1.03 
1.01 1.02 1.03 1.04 1.05 1.02 1.03 1.06 1.06 1.06 1.05 1.06 1.03 1.03 1.04 1.01 1.05 1.02 1.05 1.01 
1.01 1.04 1.04 1.06 1.04 1.04 1.03 1.03 1.05 1.06 1.02 1.05 1.01 1.02 1.04 1.02 1.05 1.06 1.03 1.01 
1.06 1.03 1.03 1.01 1.06 1.02 1.05 1.01 1.02 1.01 1.06 1.02 1.04 1.04 1.01 1.03 1.06 1.04 1.02 1.04 
1.06 1.04 1.06 1.02 1.01 1.01 1.04 1.02 1.06 1.01 1.02 1.02 1.05 1.03 1.01 1.03 1.02 1.06 1.04 1.03 
1.04 1.06 1.03 1.04 1.01 1.06 1.06 1.02 1.04 1.03 1.02 1.01 1.03 1.03 1.06 1.01 1.05 1.01 1.01 1.03 
1.03 1.03 1.01 1.02 1.06 1.03 1.01 1.05 1.06 1.01 1.03 1.04 1.01 1.05 1.01 1.04 1.05 1.03 1.05 1.02 
1.02 1.01 1.06 1.04 1.06 1.01 1.01 1.05 1.01 1.02 1.02 1.05 1.04 1.03 1.03 1.06 1.01 1.01 1.04 1.06 
1.06 1.01 1.03 1.01 1.03 1.03 1.06 1.04 1.03 1.01 1.02 1.03 1.02 1.02 1.06 1.04 1.03 1.05 1.06 1.04 
1.06 1.02 1.01 1.04 1.04 1.05 1.04 1.01 1.01 1.01 1.02 1.03 1.04 1.02 1.01 1.01 1.06 1.05 1.02 1.01 
1.06 1.03 1.04 1.02 1.05 1.06 1.04 1.06 1.06 1.01 1.01 1.01 1.01 1.03 1.06 1.01 1.04 1.01 1.02 1.03 
1.05 1.04 1.02 1.06 1.06 1.05 1.05 1.05 1.04 1.04 1.06 1.04 1.06 1.06 1.05 1.06 1.06 1.03 1.03 1.02 
1.06 1.02 1.06 1.02 1.05 1.03 1.06 1.06 1.03 1.05 1.06 1.01 1.03 1.05 1.06 1.04 1.04 1.06 1.03 1.04 
1.01 1.05 1.04 1.05 1.01 1.06 1.05 1.06 1.02 1.03 1.01 1.05 1.06 1.06 1.05 1.05 1.06 1.04 1.01 1.04 
1.05 1.04 1.04 1.02 1.04 1.04 1.02 1.06 1.03 1.05 1.03 1.06 1.05 1.04 1.06 1.02 1.02 1.02 1.04 1.05 
1.03 1.04 1.06 1.05 1.01 1.04 1.02 1.06 1.04 1.04 1.06 1.01 1.06 1.06 1.06 1.01 1.04 1.04 1.03 1.03 
1.04 1.06 1.04 1.02 1.01 1.04 1.03 1.04 1.04 1.06 1.02 1.03 1.03 1.01 1.01 1.03 1.05 1.06 1.04 1.01 
1.03 1.06 1.01 1.05 1.01 1.04 1.02 1.05 1.04 1.01 1.03 1.06 1.06 1.03 1.02 1.06 1.04 1.03 1.03 1.05 
1.01 1.03 1.04 1.03 1.02 1.06 1.01 1.01 1.04 1.01 1.06 1.01 1.06 1.02 1.06 1.06 1.01 1.02 1.01 1.05 
1.03 1.05 1.06 1.03 1.01 1.02 1.01 1.02 1.03 1.03 1.01 1.04 1.06 1.01 1.03 1.05 1.03 1.05 1.04 1.02 
1.05 1.01 1.02 1.03 1.03 1.02 1.02 1.04 1.06 1.05 1.02 1.06 1.01 1.06 1.05 1.01 1.01 1.03 1.04 1.03 
1.04 1.06 1.05 1.04 1.02 1.05 1.06 1.01 1.06 1.02 1.02 1.05 1.01 1.01 1.04 1.06 1.04 1.06 1.01 1.04 
1.05 1.05 1.05 1.01 1.03 1.04 1.03 1.06 1.01 1.03 1.04 1.04 1.01 1.04 1.05 1.01 1.01 1.04 1.01 1.04 
1.03 1.05 1.05 1.02 1.05 1.01 1.04 1.02 1.01 1.06 1.06 1.01 1.01 1.06 1.04 1.03 1.06 1.03 1.02 1.02 
1.02 1.02 1.01 1.01 1.03 1.05 1.04 1.01 1.04 1.05 1.04 1.03 1.04 1.04 1.05 1.05 1.03 1.02 1.05 1.06 
1.05 1.03 1.05 1.06 1.04 1.03 1.03 1.02 1.02 1.03 1.02 1.06 1.04 1.05 1.01 1.04 1.05 1.03 1.06 1.04 
1.06 1.03 1.02 1.06 1.04 1.03 1.01 1.03 1.01 1.04 1.02 1.01 1.06 1.04 1.06 1.05 1.01 1.03 1.01 1.01 
1.03 1.02 1.03 1.01 1.02 1.03 1.05 1.06 1.06 1.01 1.05 1.04 1.03 1.04 1.01 1.03 1.01 1.01 1.06 1.04 
1.05 1.06 1.01 1.06 1.02 1.01 1.06 1.03 1.01 1.06 1.01 1.01 1.05 1.01 1.01 1.04 1.05 1.02 1.01 1.01 
1.04 1.03 1.02 1.02 1.02 1.03 1.01 1.05 1.05 1.04 1.02 1.05 1.03 1.05 1.02 1.04 1.05 1.05 1.01 1.03 
1.02 1.05 1.03 1.03 1.05 1.06 1.01 1.06 1.01 1.06 1.05 1.06 1.01 1.04 1.01 1.05 1.06 1.04 1.05 1.04 
1.04 1.02 1.01 1.03 1.03 1.04 1.03 1.01 1.04 1.04 1.05 1.02 1.06 1.04 1.05 1.04 1.03 1.04 1.02 1.03 
1.01 1.03 1.05 1.04 1.01 1.03 1.06 1.05 1.03 1.06 1.06 1.01 1.01 1.01 1.04 1.01 1.01 1.02 1.04 1.04 
1.04 1.02 1.04 1.03 1.04 1.03 1.03 1.01 1.01 1.06 1.04 1.05 1.06 1.05 1.02 1.04 1.02 1.04 1.04 1.01 
1.03 1.01 1.06 1.06 1.03 1.03 1.01 1.02 1.03 1.05 1.06 1.05 1.04 1.05 1.05 1.04 1.01 1.06 1.01 1.05 
1.06 1.04 1.01 1.03 1.06 1.03 1.01 1.01 1.04 1.01 1.02 1.03 1.05 1.06 1.04 1.03 1.06 1.04 1.02 1.03 
1.05 1.02 1.04 1.05 1.06 1.05 1.05 1.04 1.04 1.03 1.06 1.02 1.02 1.04 1.01 1.05 1.02 1.05 1.06 1.02 
1.01 1.04 1.06 1.05 1.06 1.03 1.05 1.03 1.01 1.06 1.04 1.01 1.04 1.05 1.04 1.06 1.04 1.06 1.02 1.03 
1.06 1.02 1.05 1.03 1.04 1.05 1.03 1.04 1.02 1.05 1.03 1.02 1.03 1.01 1.04 1.05 1.03 1.03 1.04 1.01 
1.05 1.03 1.05 1.05 1.05 1.02 1.06 1.05 1.05 1.06 1.06 1.04 1.05 1.03 1.04 1.06 1.03 1.04 1.02 1.01 
1.05 1.05 1.04 1.05 1.02 1.03 1.01 1.04 1.01 1.06 1.03 1.01 1.04 1.06 1.04 1.01 1.03 1.03 1.05 1.05 
1.06 1.06 1.02 1.05 1.03 1.02 1.01 1.05 1.03 1.01 1.06 1.03 1.04 1.01 1.02 1.04 1.05 1.06 1.02 1.04 
1.02 1.03 1.05 1.05 1.05 1.03 1.03 1.02 1.02 1.06 1.05 1.03 1.03 1.02 1.06 1.01 1.01 1.04 1.01 1.03 
1.01 1.05 1.05 1.03 1.01 1.03 1.01 1.05 1.01 1.04 1.06 1.02 1.04 1.04 1.04 1.06 1.02 1.05 1.04 1.04 
1.06 1.03 1.04 1.02 1.05 1.02 1.02 1.05 1.02 1.03 1.04 1.03 1.04 1.06 1.05 1.01 1.01 1.01 1.05 1.02 
1.03 1.01 1.02 1.02 1.04 1.02 1.02 1.02 1.06 1.01 1.06 1.01 1.06 1.06 1.03 1.04 1.05 1.06 1.03 1.01 
1.02 1.02 1.04 1.06 1.05 1.06 1.03 1.04 1.01 1.03 1.03 1.06 1.03 1.05 1.06 1.05 1.01 1.03 1.04 1.04 
1.06 1.01 1.01 1.03 1.01 1.05 1.06 1.06 1.01 1.04 1.01 1.03 1.04 1.04 1.06 1.03 1.04 1.03 1.03 1.02 
1.01 1.03 1.06 1.04 1.05 1.06 1.02 1.02 1.03 1.05 1.02 1.05 1.04 1.03 1.05 1.04 1.02 1.06 1.02 1.01 
1.02 1.02 1.06 1.02 1.01 1.05 1.02 1.04 1.01 1.05 1.05 1.02 1.01 1.02 1.06 1.02 1.06 1.02 1.06 1.04 
1.05 1.06 1.04 1.02 1.05 1.06 1.03 1.03 1.03 1.02 1.01 1.04 1.05 1.02 1.01 1.06 1.05 1.05 1.01 1.06 
1.01 1.01 1.02 1.02 1.05 1.04 1.05 1.06 1.03 1.05 1.01 1.06 1.06 1.06 1.01 1.04 1.04 1.05 1.01 1.01 
1.06 1.03 1.01 1.05 1.06 1.01 1.03 1.04 1.01 1.01 1.01 1.04 1.03 1.05 1.02 1.05 1.01 1.02 1.04 1.01 
1.01 1.03 1.06 1.05 1.04 1.02 1.03 1.04 1.03 1.06 1.05 1.01 1.05 1.01 1.05 1.04 1.04 1.04 1.02 1.05 
1.02 1.02 1.02 1.04 1.04 1.06 1.04 1.02 1.01 1.05 1.03 1.05 1.02 1.01 1.01 1.06 1.06 1.06 1.04 1.01 
1.02 1.02 1.06 1.05 1.06 1.02 1.03 1.03 1.06 1.01 1.04 1.04 1.04 1.04 1.01 1.02 1.04 1.06 1.03 1.01 
1.05 1.05 1.06 1.01 1.05 1.03 1.06 1.01 1.06 1.01 1.01 1.03 1.02 1.01 1.02 1.04 1.05 1.06 1.01 1.04 
1.04 1.03 1.01 1.04 1.02 1.02 1.06 1.05 1.01 1.02 1.06 1.03 1.01 1.04 1.03 1.06 1.01 1.01 1.04 1.05 
1.03 1.05 1.02 1.03 1.04 1.05 1.02 1.01 1.04 1.05 1.04 1.02 1.02 1.06 1.01 1.02 1.04 1.02 1.01 1.06 
1.01 1.04 1.05 1.02 1.01 1.01 1.01 1.05 1.02 1.01 1.01 1.04 1.02 1.05 1.06 1.04 1.01 1.04 1.02 1.01 
1.03 1.03 1.05 1.03 1.03 1.06 1.01 1.01 1.03 1.04 1.03 1.03 1.04 1.04 1.04 1.05 1.01 1.06 1.03 1.05 
1.02 1.03 1.03 1.02 1.01 1.05 1.05 1.05 1.04 1.06 1.02 1.05 1.06 1.01 1.06 1.06 1.02 1.01 1.06 1.02 
1.04 1.02 1.02 1.04 1.02 1.05 1.03 1.04 1.05 1.06 1.05 1.03 1.02 1.01 1.06 1.06 1.03 1.05 1.05 1.01 
1.03 1.01 1.05 1.04 1.04 1.03 1.03 1.05 1.02 1.04 1.02 1.05 1.05 1.04 1.04 1.06 1.03 1.06 1.04 1.06 
1.05 1.05 1.01 1.04 1.05 1.03 1.01 1.03 1.05 1.06 1.05 1.03 1.02 1.03 1.03 1.01 1.04 1.03 1.06 1.04 
1.06 1.01 1.03 1.05 1.03 1.06 1.06 1.03 1.05 1.05 1.05 1.04 1.04 1.06 1.05 1.02 1.01 1.06 1.01 1.05 
1.05 1.06 1.01 1.02 1.02 1.05 1.03 1.02 1.01 1.03 1.01 1.03 1.02 1.05 1.01 1.03 1.06 1.05 1.02 1.04 
1.04 1.03 1.02 1.01 1.03 1.05 1.04 1.06 1.04 1.04 1.02 1.04 1.01 1.06 1.01 1.05 1.02 1.03 1.03 1.04 
1.01 1.01 1.01 1.04 1.06 1.04 1.03 1.06 1.05 1.05 1.03 1.06 1.03 1.06 1.04 1.02 1.06 1.06 1.04 1.06 
1.02 1.02 1.02 1.01 1.05 1.02 1.06 1.03 1.04 1.02 1.05 1.02 1.02 1.05 1.01 1.04 1.05 1.01 1.06 1.05 
1.05 1.01 1.01 1.04 1.01 1.06 1.06 1.03 1.02 1.01 1.01 1.03 1.03 1.02 1.01 1.06 1.03 1.03 1.05 1.02 
1.05 1.01 1.06 1.01 1.03 1.03 1.03 1.02 1.04 1.06 1.04 1.01 1.05 1.02 1.06 1.05 1.03 1.05 1.06 1.03 
1.06 1.01 1.06 1.03 1.04 1.01 1.06 1.04 1.03 1.03 1.04 1.03 1.06 1.04 1.06 1.02 1.03 1.03 1.05 1.05 
1.05 1.03 1.05 1.01 1.03 1.04 1.05 1.03 1.03 1.05 1.04 1.04 1.04 1.04 1.04 1.02 1.02 1.06 1.06 1.06 
1.05 1.06 1.01 1.05 1.05 1.05 1.05 1.02 1.03 1.06 1.05 1.05 1.05 1.04 1.03 1.01 1.01 1.01 1.06 1.05 
1.01 1.02 1.01 1.05 1.05 1.01 1.03 1.03 1.05 1.05 1.01 1.05 1.05 1.06 1.02 1.05 1.05 1.03 1.06 1.02 
1.01 1.02 1.02 1.03 1.03 1.03 1.01 1.06 1.05 1.03 1.04 1.03 1.02 1.06 1.05 1.06 1.03 1.03 1.05 1.06 
1.03 1.05 1.05 1.02 1.03 1.05 1.05 1.06 1.05 1.03 1.03 1.04 1.01 1.06 1.05 1.02 1.01 1.03 1.02 1.02 
1.03 1.06 1.03 1.04 1.01 1.01 1.04 1.06 1.03 1.02 1.05 1.02 1.06 1.06 1.02 1.04 1.05 1.02 1.03 1.01 
1.03 1.03 1.04 1.01 1.03 1.03 1.04 1.03 1.03 1.04 1.05 1.04 1.01 1.01 1.05 1.02 1.02 1.04 1.01 1.06 
1.06 1.02 1.05 1.01 1.01 1.02 1.03 1.02 1.03 1.05 1.05 1.05 1.06 1.02 1.02 1.03 1.03 1.05 1.03 1.01 
1.02 1.06 1.02 1.04 1.04 1.06 1.05 1.04 1.04 1.03 1.02 1.05 1.06 1.03 1.05 1.02 1.02 1.04 1.06 1.06 
1.03 1.05 1.05 1.02 1.01 1.02 1.01 1.02 1.03 1.04 1.06 1.06 1.05 1.02 1.01 1.04 1.05 1.05 1.05 1.03 
1.02 1.05 1.03 1.02 1.02 1.05 1.05 1.05 1.05 1.06 1.05 1.01 1.06 1.04 1.01 1.05 1.06 1.05 1.06 1.03 
1.01 1.05 1.05 1.03 1.05 1.06 1.02 1.06 1.03 1.03 1.03 1.03 1.05 1.05 1.03 1.03 1.01 1.04 1.04 1.06 
1.01 1.06 1.03 1.05 1.01 1.01 1.05 1.01 1.01 1.03 1.01 1.05 1.05 1.03 1.03 1.06 1.05 1.06 1.01 1.03 
1.02 1.02 1.06 1.01 1.03 1.06 1.04 1.01 1.03 1.06 1.05 1.03 1.05 1.02 1.02 1.02 1.05 1.04 1.04 1.03 
1.01 1.06 1.02 1.01 1.01 1.04 1.05 1.02 1.03 1.02 1.05 1.03 1.04 1.06 1.03 1.05 1.04 1.01 1.01 1.01 
1.03 1.04 1.06 1.02 1.01 1.04 1.05 1.01 1.04 1.01 1.01 1.04 1.03 1.06 1.06 1.06 1.04 1.05 1.05 1.01 
1.05 1.05 1.02 1.06 1.06 1.01 1.05 1.04 1.01 1.02 1.02 1.04 1.03 1.04 1.05 1.02 1.01 1.03 1.06 1.03 
1.04 1.02 1.04 1.03 1.04 1.03 1.05 1.04 1.03 1.02 1.05 1.02 1.02 1.01 1.04 1.02 1.03 1.04 1.06 1.06 
1.05 1.04 1.01 1.03 1.02 1.02 1.02 1.03 1.02 1.01 1.03 1.02 1.06 1.02 1.03 1.05 1.04 1.06 1.06 1.05 
1.01 1.01 1.04 1.06 1.05 1.04 1.03 1.04 1.02 1.01 1.06 1.06 1.05 1.06 1.05 1.05 1.03 1.02 1.06 1.04 
1.04 1.05 1.01 1.02 1.05 1.03 1.06 1.02 1.01 1.05 1.01 1.01 1.04 1.02 1.02 1.02 1.05 1.01 1.06 1.03 
1.01 1.04 1.03 1.01 1.03 1.04 1.02 1.03 1.06 1.02 1.05 1.05 1.05 1.05 1.04 1.02 1.05 1.06 1.06 1.05 
