20
200
55 76 28 5 19 16 18 97 36 62 52 86 78 44 25 100 18 21 4 11 41 79 84 63 93 16 6 24 34 89 86 48 2 85 6 7 8 90 83 10 63 85 61 59 21 98 13 96 34 65 69 2 55 24 72 91 27 77 43 91 92 16 59 88 17 24 35 80 43 12 36 24 97 9 35 90 24 14 75 30 42 1 84 92 47 92 8 72 50 79 36 40 14 48 85 58 100 90 59 85 98 18 1 62 52 82 90 58 38 25 35 26 31 56 31 70 4 73 72 86 20 53 18 30 51 26 32 51 64 75 57 42 79 88 17 25 54 85 46 100 44 13 69 18 68 54 88 15 43 10 67 52 100 97 61 9 47 42 86 67 28 4 15 90 81 58 14 52 75 28 54 11 84 11 5 39 29 54 76 36 43 59 14 31 67 38 69 50 42 37 18 49 60 99 15 66 65 40 74 92 
4 7 2 1 1 2 2 7 4 6 3 2 2 5 5 2 9 7 8 2 
1.06 1.06 1.06 1.09 1.05 1.07 1.06 1.06 1.08 1.07 1.09 1.09 1.07 1.07 1.05 1.09 1.07 1.09 1.06 1.05 
1.08 1.09 1.09 1.06 1.06 1.07 1.05 1.09 1.06 1.06 1.05 1.07 1.06 1.06 1.05 1.09 1.07 1.08 1.07 1.09 
1.07 1.08 1.07 1.06 1.08 1.06 1.06 1.08 1.05 1.07 1.05 1.09 1.07 1.06 1.07 1.06 1.08 1.08 1.06 1.06 
1.05 1.06 1.09 1.06 1.08 1.05 1.05 1.07 1.08 1.09 1.08 1.07 1.05 1.09 1.08 1.07 1.05 1.05 1.09 1.09 
1.05 1.08 1.06 1.08 1.05 1.07 1.09 1.09 1.08 1.07 1.06 1.07 1.09 1.07 1.05 1.08 1.09 1.07 1.06 1.07 
1.09 1.06 1.05 1.07 1.08 1.07 1.07 1.08 1.06 1.06 1.07 1.08 1.06 1.06 1.05 1.08 1.08 1.07 1.06 1.08 
1.09 1.06 1.06 1.09 1.05 1.06 1.05 1.06 1.09 1.09 1.06 1.06 1.08 1.05 1.08 1.06 1.06 1.07 1.05 1.05 
1.08 1.05 1.07 1.05 1.07 1.06 1.09 1.06 1.09 1.07 1.08 1.07 1.07 1.06 1.07 1.08 1.06 1.09 1.07 1.06 
1.08 1.07 1.09 1.08 1.06 1.05 1.07 1.05 1.09 1.09 1.08 1.08 1.06 1.08 1.08 1.06 1.07 1.05 1.09 1.09 
1.09 1.08 1.05 1.07 1.09 1.05 1.05 1.06 1.06 1.06 1.05 1.09 1.09 1.06 1.09 1.09 1.07 1.07 1.06 1.06 
1.09 1.09 1.08 1.09 1.08 1.06 1.07 1.08 1.08 1.08 1.07 1.09 1.08 1.07 1.09 1.08 1.06 1.06 1.09 1.08 
1.08 1.07 1.05 1.06 1.08 1.05 1.06 1.06 1.08 1.08 1.09 1.05 1.07 1.07 1.08 1.06 1.05 1.07 1.05 1.09 
1.07 1.05 1.09 1.09 1.05 1.05 1.09 1.06 1.09 1.05 1.08 1.06 1.07 1.08 1.06 1.08 1.06 1.06 1.07 1.08 
1.06 1.09 1.08 1.05 1.07 1.05 1.09 1.09 1.06 1.06 1.05 1.07 1.07 1.07 1.09 1.07 1.07 1.05 1.06 1.07 
1.06 1.06 1.09 1.06 1.07 1.05 1.05 1.06 1.07 1.06 1.09 1.05 1.06 1.08 1.07 1.07 1.09 1.09 1.09 1.06 
1.06 1.07 1.05 1.07 1.09 1.07 1.06 1.08 1.05 1.07 1.05 1.09 1.08 1.06 1.07 1.09 1.09 1.07 1.08 1.09 
1.05 1.05 1.06 1.07 1.05 1.06 1.06 1.06 1.08 1.05 1.06 1.07 1.08 1.06 1.06 1.06 1.06 1.06 1.06 1.08 
1.05 1.05 1.06 1.07 1.09 1.06 1.08 1.08 1.06 1.07 1.07 1.09 1.05 1.05 1.09 1.06 1.09 1.06 1.08 1.05 
1.09 1.06 1.05 1.07 1.07 1.06 1.06 1.06 1.09 1.06 1.05 1.06 1.08 1.09 1.05 1.08 1.07 1.08 1.06 1.06 
1.05 1.09 1.07 1.05 1.09 1.09 1.08 1.08 1.08 1.07 1.05 1.09 1.08 1.08 1.05 1.09 1.06 1.07 1.05 1.09 
1.06 1.07 1.06 1.05 1.07 1.07 1.06 1.06 1.07 1.05 1.06 1.05 1.05 1.08 1.07 1.09 1.09 1.06 1.09 1.05 
1.09 1.06 1.05 1.07 1.06 1.07 1.08 1.06 1.05 1.08 1.05 1.05 1.06 1.06 1.05 1.09 1.06 1.06 1.07 1.09 
1.09 1.09 1.06 1.07 1.08 1.07 1.06 1.08 1.06 1.08 1.07 1.06 1.06 1.09 1.05 1.09 1.05 1.05 1.06 1.05 
1.06 1.06 1.08 1.08 1.05 1.07 1.09 1.06 1.07 1.07 1.08 1.08 1.09 1.09 1.09 1.05 1.07 1.08 1.07 1.06 
1.07 1.06 1.07 1.09 1.08 1.09 1.09 1.09 1.05 1.05 1.08 1.08 1.06 1.05 1.07 1.06 1.06 1.07 1.09 1.08 
1.06 1.07 1.08 1.07 1.05 1.07 1.09 1.05 1.06 1.06 1.09 1.06 1.09 1.08 1.05 1.07 1.06 1.08 1.05 1.06 
1.07 1.06 1.07 1.05 1.09 1.08 1.09 1.09 1.09 1.08 1.08 1.05 1.06 1.09 1.07 1.07 1.05 1.07 1.05 1.09 
1.08 1.06 1.05 1.09 1.06 1.05 1.06 1.06 1.08 1.08 1.09 1.05 1.05 1.08 1.06 1.08 1.07 1.07 1.07 1.05 
1.09 1.08 1.09 1.08 1.07 1.09 1.06 1.09 1.09 1.07 1.09 1.06 1.06 1.07 1.05 1.08 1.06 1.05 1.08 1.09 
1.05 1.07 1.08 1.07 1.05 1.08 1.08 1.07 1.08 1.09 1.09 1.06 1.09 1.05 1.08 1.05 1.08 1.09 1.05 1.07 
1.05 1.09 1.05 1.07 1.06 1.09 1.06 1.05 1.05 1.06 1.06 1.05 1.09 1.06 1.05 1.07 1.08 1.05 1.06 1.09 
1.05 1.05 1.08 1.07 1.09 1.06 1.09 1.07 1.09 1.05 1.09 1.06 1.09 1.06 1.06 1.09 1.08 1.05 1.07 1.09 
1.06 1.05 1.07 1.06 1.07 1.05 1.08 1.09 1.06 1.06 1.08 1.05 1.07 1.05 1.06 1.09 1.08 1.08 1.08 1.06 
1.07 1.07 1.05 1.09 1.09 1.06 1.06 1.08 1.09 1.05 1.09 1.09 1.06 1.05 1.06 1.07 1.08 1.06 1.06 1.06 
1.08 1.08 1.08 1.07 1.05 1.05 1.09 1.08 1.08 1.07 1.07 1.06 1.05 1.09 1.06 1.05 1.06 1.06 1.05 1.07 
1.05 1.06 1.05 1.08 1.06 1.06 1.07 1.05 1.09 1.06 1.07 1.06 1.09 1.06 1.05 1.07 1.06 1.06 1.07 1.05 
1.06 1.08 1.08 1.06 1.06 1.09 1.07 1.06 1.05 1.05 1.08 1.06 1.09 1.06 1.07 1.08 1.08 1.07 1.05 1.09 
1.05 1.05 1.05 1.05 1.09 1.09 1.08 1.07 1.06 1.08 1.06 1.05 1.08 1.05 1.06 1.07 1.08 1.06 1.08 1.08 
1.09 1.07 1.06 1.07 1.08 1.09 1.07 1.09 1.09 1.07 1.06 1.07 1.06 1.09 1.09 1.07 1.06 1.08 1.09 1.09 
1.08 1.07 1.06 1.08 1.06 1.06 1.07 1.08 1.08 1.09 1.06 1.05 1.05 1.07 1.09 1.08 1.07 1.06 1.06 1.08 
1.05 1.07 1.09 1.08 1.06 1.07 1.07 1.07 1.09 1.08 1.08 1.05 1.06 1.09 1.05 1.05 1.09 1.08 1.08 1.07 
1.06 1.07 1.09 1.05 1.05 1.07 1.06 1.06 1.06 1.07 1.08 1.05 1.09 1.05 1.06 1.06 1.08 1.07 1.05 1.05 
1.08 1.09 1.05 1.08 1.06 1.07 1.05 1.05 1.09 1.07 1.08 1.07 1.06 1.06 1.05 1.06 1.09 1.06 1.09 1.05 
1.09 1.05 1.08 1.06 1.06 1.08 1.09 1.05 1.08 1.06 1.09 1.05 1.09 1.07 1.08 1.06 1.05 1.09 1.08 1.08 
1.07 1.08 1.06 1.05 1.07 1.08 1.08 1.07 1.09 1.05 1.06 1.05 1.07 1.09 1.05 1.09 1.07 1.06 1.05 1.08 
1.05 1.06 1.08 1.06 1.09 1.07 1.08 1.05 1.09 1.09 1.07 1.06 1.05 1.08 1.09 1.07 1.08 1.05 1.08 1.09 
1.05 1.06 1.06 1.06 1.05 1.05 1.05 1.07 1.07 1.06 1.06 1.08 1.08 1.05 1.07 1.09 1.05 1.05 1.07 1.08 
1.08 1.05 1.09 1.06 1.06 1.07 1.05 1.09 1.07 1.06 1.05 1.05 1.09 1.05 1.05 1.07 1.06 1.08 1.09 1.08 
1.06 1.05 1.09 1.08 1.06 1.08 1.08 1.07 1.09 1.08 1.05 1.07 1.09 1.05 1.08 1.05 1.09 1.08 1.07 1.06 
1.06 1.05 1.05 1.05 1.05 1.08 1.08 1.07 1.05 1.06 1.07 1.08 1.09 1.08 1.07 1.07 1.06 1.07 1.05 1.05 
1.09 1.09 1.08 1.06 1.06 1.06 1.07 1.09 1.07 1.09 1.08 1.06 1.08 1.07 1.06 1.07 1.05 1.07 1.05 1.07 
1.09 1.09 1.08 1.08 1.08 1.05 1.09 1.06 1.07 1.05 1.07 1.09 1.08 1.08 1.05 1.05 1.07 1.09 1.05 1.09 
1.09 1.08 1.06 1.08 1.06 1.05 1.09 1.09 1.09 1.05 1.09 1.07 1.08 1.05 1.05 1.05 1.05 1.07 1.05 1.07 
1.07 1.06 1.08 1.06 1.06 1.07 1.06 1.07 1.06 1.08 1.08 1.07 1.07 1.09 1.08 1.09 1.05 1.07 1.08 1.07 
1.05 1.06 1.08 1.09 1.06 1.08 1.06 1.07 1.09 1.07 1.09 1.08 1.06 1.08 1.05 1.06 1.08 1.06 1.09 1.07 
1.05 1.05 1.09 1.06 1.09 1.08 1.07 1.08 1.08 1.09 1.08 1.06 1.08 1.06 1.07 1.08 1.07 1.05 1.06 1.06 
1.05 1.06 1.08 1.07 1.07 1.05 1.06 1.05 1.06 1.06 1.07 1.07 1.05 1.09 1.06 1.08 1.05 1.09 1.05 1.08 
1.09 1.06 1.09 1.05 1.08 1.05 1.08 1.07 1.06 1.07 1.05 1.08 1.08 1.05 1.08 1.06 1.09 1.07 1.07 1.09 
1.08 1.05 1.07 1.05 1.09 1.09 1.08 1.05 1.06 1.06 1.07 1.06 1.07 1.09 1.05 1.09 1.08 1.05 1.09 1.08 
1.08 1.05 1.05 1.06 1.05 1.08 1.07 1.09 1.09 1.05 1.07 1.09 1.06 1.07 1.07 1.08 1.09 1.08 1.05 1.07 
1.07 1.06 1.09 1.05 1.07 1.09 1.05 1.06 1.08 1.06 1.05 1.08 1.07 1.05 1.07 1.08 1.09 1.06 1.05 1.07 
1.07 1.09 1.09 1.06 1.08 1.05 1.09 1.05 1.09 1.08 1.06 1.06 1.05 1.08 1.09 1.05 1.08 1.08 1.09 1.06 
1.09 1.08 1.07 1.06 1.05 1.08 1.08 1.09 1.08 1.09 1.06 1.07 1.05 1.06 1.05 1.08 1.08 1.05 1.09 1.09 
1.07 1.05 1.08 1.09 1.06 1.09 1.06 1.06 1.06 1.08 1.05 1.08 1.07 1.08 1.05 1.05 1.08 1.06 1.07 1.08 
1.07 1.09 1.09 1.06 1.08 1.09 1.09 1.07 1.06 1.09 1.05 1.05 1.08 1.09 1.09 1.08 1.07 1.09 1.09 1.06 
1.06 1.05 1.08 1.05 1.05 1.08 1.09 1.07 1.08 1.08 1.05 1.09 1.08 1.05 1.08 1.05 1.05 1.05 1.09 1.09 
1.08 1.08 1.08 1.09 1.07 1.09 1.09 1.06 1.09 1.09 1.05 1.08 1.05 1.08 1.05 1.08 1.09 1.08 1.07 1.05 
1.06 1.05 1.08 1.09 1.06 1.06 1.05 1.09 1.05 1.09 1.09 1.09 1.08 1.09 1.08 1.05 1.08 1.07 1.06 1.09 
1.08 1.08 1.07 1.06 1.08 1.06 1.05 1.05 1.08 1.09 1.06 1.09 1.08 1.09 1.08 1.07 1.06 1.07 1.08 1.07 
1.07 1.08 1.09 1.06 1.05 1.07 1.08 1.06 1.05 1.07 1.06 1.07 1.08 1.08 1.09 1.07 1.05 1.06 1.08 1.05 
1.08 1.05 1.07 1.06 1.08 1.05 1.06 1.06 1.09 1.05 1.05 1.05 1.05 1.08 1.06 1.08 1.06 1.08 1.09 1.06 
1.09 1.09 1.06 1.07 1.05 1.06 1.08 1.09 1.05 1.07 1.07 1.09 1.08 1.09 1.08 1.09 1.09 1.09 1.07 1.05 
1.08 1.07 1.05 1.07 1.05 1.08 1.09 1.05 1.05 1.09 1.08 1.08 1.05 1.07 1.08 1.05 1.06 1.07 1.05 1.06 
1.06 1.09 1.05 1.05 1.08 1.07 1.06 1.09 1.05 1.07 1.06 1.08 1.07 1.09 1.06 1.07 1.08 1.05 1.06 1.09 
1.07 1.08 1.05 1.09 1.08 1.08 1.08 1.09 1.08 1.07 1.08 1.08 1.07 1.09 1.05 1.08 1.05 1.06 1.08 1.05 
1.06 1.07 1.08 1.07 1.09 1.09 1.08 1.09 1.05 1.06 1.05 1.07 1.06 1.05 1.06 1.08 1.06 1.08 1.05 1.09 
1.09 1.06 1.07 1.06 1.09 1.09 1.05 1.08 1.07 1.06 1.09 1.08 1.08 1.06 1.08 1.09 1.09 1.09 1.09 1.09 
1.06 1.09 1.07 1.08 1.09 1.08 1.05 1.05 1.07 1.06 1.06 1.08 1.06 1.07 1.07 1.05 1.07 1.07 1.05 1.09 
1.06 1.06 1.05 1.06 1.07 1.06 1.06 1.08 1.09 1.05 1.07 1.07 1.09 1.06 1.07 1.07 1.05 1.07 1.08 1.08 
1.05 1.09 1.07 1.05 1.09 1.05 1.09 1.08 1.07 1.09 1.07 1.09 1.05 1.07 1.08 1.08 1.06 1.06 1.08 1.08 
1.08 1.06 1.07 1.05 1.09 1.06 1.07 1.09 1.07 1.08 1.05 1.09 1.05 1.07 1.06 1.05 1.09 1.05 1.09 1.09 
1.05 1.07 1.05 1.05 1.06 1.06 1.09 1.07 1.05 1.06 1.07 1.09 1.09 1.09 1.05 1.07 1.08 1.05 1.05 1.09 
1.06 1.08 1.08 1.07 1.08 1.09 1.07 1.08 1.08 1.09 1.09 1.08 1.08 1.07 1.07 1.08 1.08 1.05 1.09 1.05 
1.06 1.08 1.07 1.09 1.06 1.09 1.07 1.07 1.05 1.09 1.05 1.06 1.08 1.08 1.08 1.06 1.08 1.09 1.08 1.07 
1.05 1.07 1.05 1.08 1.07 1.05 1.06 1.09 1.05 1.05 1.05 1.08 1.09 1.06 1.07 1.09 1.07 1.09 1.06 1.06 
1.05 1.07 1.09 1.09 1.07 1.08 1.06 1.05 1.09 1.06 1.05 1.08 1.07 1.07 1.05 1.07 1.05 1.05 1.06 1.09 
1.06 1.09 1.06 1.07 1.06 1.08 1.07 1.07 1.05 1.08 1.07 1.07 1.08 1.09 1.06 1.07 1.08 1.05 1.06 1.09 
1.09 1.07 1.09 1.08 1.06 1.09 1.06 1.07 1.06 1.05 1.08 1.06 1.06 1.09 1.05 1.06 1.06 1.08 1.05 1.08 
1.08 1.08 1.05 1.08 1.07 1.08 1.07 1.09 1.09 1.09 1.07 1.05 1.08 1.05 1.07 1.06 1.07 1.05 1.06 1.08 
1.08 1.08 1.06 1.07 1.06 1.05 1.08 1.08 1.05 1.08 1.08 1.06 1.08 1.07 1.08 1.05 1.06 1.07 1.06 1.05 
1.05 1.08 1.09 1.05 1.06 1.06 1.07 1.07 1.07 1.07 1.07 1.08 1.07 1.06 1.06 1.09 1.09 1.05 1.05 1.08 
1.05 1.05 1.07 1.07 1.06 1.05 1.06 1.06 1.08 1.06 1.07 1.05 1.06 1.09 1.05 1.08 1.07 1.07 1.06 1.09 
1.06 1.08 1.05 1.05 1.06 1.07 1.08 1.05 1.07 1.05 1.05 1.06 1.07 1.06 1.06 1.06 1.06 1.07 1.09 1.07 
1.07 1.05 1.05 1.08 1.05 1.08 1.06 1.05 1.09 1.07 1.09 1.05 1.08 1.09 1.05 1.08 1.05 1.05 1.09 1.06 
1.05 1.09 1.05 1.05 1.07 1.06 1.05 1.07 1.07 1.08 1.09 1.06 1.09 1.05 1.05 1.08 1.07 1.09 1.08 1.09 
1.07 1.09 1.05 1.06 1.08 1.09 1.08 1.09 1.09 1.05 1.09 1.06 1.05 1.08 1.08 1.06 1.07 1.06 1.05 1.08 
1.06 1.05 1.09 1.07 1.07 1.09 1.09 1.06 1.08 1.08 1.05 1.08 1.08 1.07 1.06 1.06 1.07 1.06 1.08 1.07 
1.08 1.08 1.08 1.08 1.07 1.06 1.08 1.06 1.07 1.05 1.08 1.08 1.09 1.07 1.06 1.06 1.08 1.06 1.09 1.09 
1.08 1.05 1.06 1.08 1.07 1.09 1.06 1.06 1.08 1.09 1.06 1.08 1.08 1.09 1.05 1.05 1.08 1.09 1.06 1.09 
1.07 1.05 1.08 1.08 1.06 1.06 1.07 1.06 1.05 1.05 1.05 1.09 1.09 1.06 1.09 1.06 1.05 1.08 1.09 1.05 
1.05 1.05 1.08 1.08 1.07 1.05 1.08 1.06 1.06 1.08 1.09 1.09 1.09 1.09 1.08 1.08 1.08 1.08 1.08 1.09 
1.08 1.07 1.09 1.08 1.05 1.08 1.07 1.08 1.09 1.09 1.06 1.09 1.09 1.06 1.09 1.05 1.08 1.06 1.06 1.05 
1.06 1.07 1.08 1.05 1.05 1.09 1.06 1.08 1.05 1.05 1.05 1.06 1.08 1.08 1.05 1.07 1.05 1.05 1.07 1.05 
1.09 1.07 1.08 1.07 1.07 1.05 1.05 1.06 1.07 1.07 1.09 1.05 1.05 1.05 1.08 1.09 1.09 1.07 1.08 1.06 
1.08 1.06 1.08 1.09 1.08 1.07 1.06 1.07 1.09 1.07 1.06 1.06 1.06 1.07 1.07 1.06 1.08 1.09 1.07 1.09 
1.09 1.09 1.09 1.05 1.07 1.09 1.09 1.08 1.06 1.05 1.06 1.08 1.08 1.09 1.07 1.06 1.08 1.06 1.07 1.07 
1.09 1.09 1.07 1.08 1.05 1.05 1.07 1.06 1.06 1.08 1.06 1.05 1.05 1.08 1.06 1.07 1.07 1.09 1.09 1.07 
1.05 1.05 1.05 1.09 1.09 1.05 1.06 1.09 1.06 1.06 1.07 1.07 1.07 1.09 1.09 1.06 1.08 1.06 1.09 1.07 
1.05 1.07 1.07 1.09 1.05 1.09 1.06 1.05 1.07 1.07 1.05 1.09 1.06 1.09 1.09 1.09 1.08 1.07 1.08 1.07 
1.06 1.05 1.05 1.06 1.08 1.09 1.05 1.09 1.08 1.06 1.08 1.07 1.09 1.07 1.07 1.06 1.07 1.09 1.09 1.09 
1.06 1.05 1.05 1.06 1.06 1.08 1.09 1.09 1.06 1.05 1.05 1.05 1.05 1.05 1.08 1.07 1.07 1.05 1.06 1.09 
1.06 1.07 1.07 1.05 1.08 1.05 1.07 1.07 1.07 1.05 1.05 1.09 1.06 1.06 1.07 1.08 1.07 1.09 1.05 1.05 
1.07 1.06 1.05 1.09 1.09 1.06 1.05 1.08 1.06 1.06 1.05 1.07 1.07 1.07 1.08 1.05 1.06 1.09 1.07 1.07 
1.09 1.09 1.07 1.06 1.06 1.07 1.08 1.06 1.08 1.08 1.07 1.06 1.07 1.09 1.07 1.07 1.07 1.05 1.07 1.05 
1.08 1.09 1.09 1.09 1.08 1.07 1.07 1.07 1.09 1.09 1.05 1.06 1.05 1.07 1.08 1.09 1.08 1.05 1.05 1.06 
1.06 1.05 1.08 1.07 1.07 1.08 1.09 1.07 1.08 1.09 1.07 1.07 1.05 1.07 1.07 1.08 1.07 1.06 1.05 1.09 
1.08 1.08 1.08 1.05 1.08 1.06 1.06 1.08 1.09 1.05 1.09 1.09 1.09 1.09 1.07 1.06 1.08 1.09 1.07 1.05 
1.07 1.09 1.06 1.06 1.08 1.07 1.05 1.06 1.05 1.07 1.05 1.05 1.07 1.09 1.07 1.07 1.09 1.09 1.06 1.06 
1.07 1.05 1.08 1.09 1.07 1.09 1.07 1.06 1.08 1.09 1.06 1.05 1.07 1.07 1.07 1.09 1.09 1.05 1.05 1.06 
1.09 1.05 1.08 1.09 1.06 1.06 1.08 1.06 1.09 1.08 1.09 1.06 1.06 1.06 1.05 1.08 1.07 1.08 1.09 1.08 
1.08 1.06 1.08 1.05 1.05 1.09 1.07 1.07 1.09 1.09 1.05 1.05 1.09 1.06 1.09 1.06 1.09 1.05 1.05 1.07 
1.09 1.06 1.06 1.07 1.06 1.08 1.05 1.08 1.08 1.08 1.05 1.05 1.05 1.08 1.05 1.09 1.07 1.05 1.08 1.06 
1.08 1.09 1.09 1.09 1.05 1.09 1.09 1.05 1.08 1.08 1.05 1.08 1.05 1.08 1.06 1.09 1.09 1.06 1.05 1.07 
1.09 1.09 1.07 1.09 1.07 1.07 1.08 1.05 1.06 1.06 1.09 1.09 1.05 1.09 1.06 1.06 1.07 1.09 1.07 1.06 
1.08 1.06 1.08 1.08 1.07 1.07 1.08 1.05 1.07 1.05 1.05 1.06 1.09 1.07 1.07 1.09 1.07 1.05 1.05 1.09 
1.07 1.08 1.07 1.07 1.07 1.05 1.09 1.08 1.07 1.06 1.09 1.06 1.07 1.08 1.07 1.09 1.05 1.05 1.09 1.09 
1.08 1.07 1.06 1.07 1.07 1.08 1.07 1.08 1.06 1.08 1.08 1.05 1.06 1.07 1.09 1.06 1.08 1.09 1.06 1.08 
1.09 1.05 1.06 1.07 1.07 1.09 1.07 1.07 1.08 1.07 1.09 1.08 1.07 1.06 1.07 1.08 1.07 1.09 1.06 1.06 
1.07 1.08 1.06 1.05 1.05 1.05 1.06 1.09 1.06 1.06 1.06 1.07 1.05 1.07 1.06 1.08 1.06 1.07 1.07 1.08 
1.05 1.05 1.06 1.07 1.06 1.08 1.07 1.05 1.07 1.06 1.07 1.08 1.06 1.08 1.08 1.08 1.07 1.07 1.07 1.07 
1.06 1.07 1.06 1.09 1.08 1.09 1.09 1.08 1.06 1.06 1.06 1.09 1.05 1.09 1.07 1.08 1.08 1.06 1.06 1.06 
1.05 1.07 1.05 1.05 1.09 1.08 1.08 1.06 1.05 1.09 1.08 1.09 1.09 1.05 1.07 1.06 1.08 1.08 1.05 1.09 
1.05 1.07 1.07 1.07 1.05 1.07 1.05 1.09 1.07 1.07 1.09 1.05 1.07 1.08 1.05 1.05 1.09 1.06 1.06 1.05 
1.09 1.08 1.05 1.05 1.07 1.05 1.07 1.07 1.07 1.05 1.07 1.09 1.08 1.09 1.08 1.05 1.07 1.05 1.07 1.07 
1.08 1.08 1.05 1.08 1.07 1.08 1.08 1.08 1.07 1.09 1.07 1.06 1.07 1.06 1.07 1.08 1.05 1.07 1.06 1.06 
1.07 1.06 1.09 1.06 1.09 1.06 1.06 1.09 1.08 1.08 1.05 1.06 1.07 1.09 1.06 1.07 1.05 1.08 1.05 1.06 
1.09 1.05 1.06 1.05 1.09 1.06 1.09 1.06 1.07 1.06 1.07 1.09 1.05 1.07 1.09 1.09 1.08 1.05 1.07 1.08 
1.07 1.09 1.05 1.05 1.09 1.09 1.06 1.05 1.09 1.08 1.07 1.05 1.08 1.08 1.09 1.06 1.07 1.05 1.07 1.09 
1.09 1.08 1.07 1.09 1.09 1.09 1.06 1.06 1.06 1.07 1.05 1.07 1.09 1.08 1.08 1.06 1.06 1.07 1.08 1.09 
1.09 1.05 1.06 1.05 1.09 1.05 1.06 1.09 1.06 1.05 1.09 1.08 1.05 1.08 1.08 1.05 1.06 1.09 1.07 1.06 
1.08 1.09 1.08 1.08 1.05 1.09 1.08 1.05 1.09 1.06 1.08 1.06 1.09 1.06 1.07 1.09 1.05 1.05 1.08 1.08 
1.05 1.08 1.05 1.07 1.06 1.08 1.08 1.05 1.05 1.07 1.05 1.07 1.07 1.09 1.06 1.05 1.08 1.08 1.09 1.07 
1.06 1.09 1.06 1.07 1.08 1.07 1.05 1.06 1.09 1.08 1.08 1.09 1.07 1.05 1.08 1.08 1.09 1.09 1.07 1.07 
1.07 1.09 1.06 1.07 1.09 1.06 1.06 1.07 1.05 1.07 1.09 1.07 1.05 1.05 1.08 1.09 1.07 1.05 1.05 1.07 
1.06 1.09 1.09 1.07 1.06 1.05 1.09 1.09 1.05 1.07 1.09 1.05 1.07 1.09 1.07 1.06 1.09 1.08 1.09 1.08 
1.09 1.06 1.06 1.08 1.05 1.09 1.07 1.05 1.05 1.09 1.05 1.07 1.06 1.05 1.08 1.06 1.08 1.08 1.08 1.05 
1.09 1.08 1.05 1.09 1.05 1.08 1.08 1.06 1.09 1.09 1.09 1.09 1.09 1.08 1.06 1.07 1.07 1.06 1.08 1.09 
1.07 1.07 1.07 1.05 1.05 1.06 1.09 1.09 1.05 1.05 1.08 1.05 1.06 1.05 1.08 1.05 1.09 1.06 1.05 1.07 
1.06 1.05 1.06 1.09 1.07 1.07 1.06 1.06 1.09 1.08 1.09 1.05 1.08 1.08 1.08 1.07 1.06 1.05 1.06 1.09 
1.05 1.05 1.05 1.08 1.05 1.06 1.08 1.09 1.05 1.08 1.06 1.06 1.05 1.09 1.08 1.09 1.06 1.05 1.08 1.06 
1.07 1.09 1.08 1.07 1.08 1.09 1.08 1.09 1.09 1.09 1.05 1.09 1.08 1.09 1.06 1.09 1.09 1.06 1.08 1.08 
1.05 1.05 1.09 1.07 1.08 1.07 1.07 1.09 1.06 1.06 1.08 1.08 1.07 1.08 1.06 1.06 1.05 1.09 1.09 1.09 
1.05 1.07 1.08 1.08 1.07 1.06 1.07 1.05 1.06 1.06 1.08 1.05 1.08 1.06 1.08 1.08 1.07 1.07 1.09 1.05 
1.08 1.09 1.07 1.07 1.09 1.08 1.06 1.05 1.05 1.07 1.07 1.09 1.05 1.05 1.09 1.09 1.05 1.07 1.05 1.07 
1.09 1.09 1.05 1.09 1.06 1.08 1.05 1.05 1.09 1.09 1.05 1.07 1.05 1.08 1.05 1.07 1.09 1.08 1.06 1.07 
1.06 1.09 1.05 1.05 1.08 1.08 1.06 1.05 1.09 1.08 1.09 1.08 1.08 1.08 1.09 1.09 1.08 1.09 1.06 1.06 
1.09 1.06 1.07 1.05 1.09 1.05 1.09 1.09 1.06 1.07 1.06 1.05 1.08 1.09 1.05 1.09 1.07 1.05 1.05 1.06 
1.07 1.07 1.06 1.07 1.05 1.06 1.05 1.09 1.09 1.09 1.06 1.06 1.07 1.09 1.05 1.07 1.05 1.06 1.06 1.07 
1.05 1.08 1.07 1.06 1.09 1.09 1.08 1.06 1.06 1.08 1.08 1.09 1.08 1.08 1.06 1.06 1.08 1.06 1.05 1.06 
1.09 1.08 1.06 1.08 1.09 1.06 1.06 1.06 1.09 1.08 1.06 1.07 1.05 1.07 1.07 1.08 1.09 1.07 1.06 1.06 
1.05 1.08 1.09 1.08 1.05 1.09 1.07 1.07 1.06 1.08 1.09 1.07 1.07 1.09 1.07 1.09 1.08 1.08 1.08 1.09 
1.05 1.05 1.05 1.09 1.05 1.09 1.06 1.06 1.05 1.08 1.09 1.06 1.07 1.06 1.08 1.06 1.06 1.08 1.09 1.08 
1.09 1.09 1.06 1.08 1.09 1.09 1.05 1.06 1.06 1.08 1.09 1.08 1.09 1.05 1.07 1.08 1.09 1.05 1.05 1.09 
1.09 1.08 1.07 1.05 1.09 1.06 1.05 1.08 1.06 1.08 1.05 1.06 1.07 1.08 1.06 1.07 1.06 1.08 1.05 1.05 
1.06 1.06 1.05 1.08 1.08 1.09 1.08 1.05 1.09 1.07 1.05 1.09 1.06 1.05 1.08 1.05 1.09 1.06 1.07 1.05 
1.09 1.05 1.09 1.06 1.05 1.07 1.06 1.07 1.09 1.05 1.05 1.09 1.09 1.08 1.09 1.07 1.09 1.07 1.08 1.05 
1.05 1.08 1.05 1.06 1.06 1.05 1.08 1.05 1.07 1.08 1.05 1.06 1.05 1.08 1.06 1.05 1.08 1.06 1.08 1.05 
1.09 1.08 1.08 1.06 1.08 1.08 1.06 1.07 1.07 1.07 1.06 1.05 1.06 1.07 1.08 1.05 1.06 1.08 1.05 1.09 
1.08 1.06 1.08 1.07 1.06 1.06 1.09 1.09 1.09 1.08 1.07 1.09 1.05 1.07 1.06 1.07 1.06 1.07 1.05 1.09 
1.09 1.05 1.06 1.05 1.05 1.06 1.08 1.06 1.07 1.07 1.08 1.06 1.09 1.07 1.09 1.08 1.09 1.09 1.09 1.05 
1.08 1.07 1.07 1.07 1.09 1.05 1.07 1.09 1.09 1.07 1.08 1.07 1.08 1.05 1.09 1.07 1.07 1.09 1.05 1.07 
1.06 1.06 1.05 1.06 1.08 1.06 1.07 1.06 1.09 1.07 1.06 1.05 1.06 1.06 1.05 1.06 1.07 1.09 1.07 1.09 
1.09 1.09 1.08 1.08 1.06 1.05 1.09 1.09 1.06 1.07 1.09 1.09 1.09 1.05 1.07 1.08 1.08 1.07 1.08 1.08 
1.07 1.08 1.07 1.08 1.07 1.08 1.05 1.09 1.06 1.05 1.08 1.09 1.09 1.05 1.08 1.05 1.08 1.07 1.07 1.07 
1.05 1.06 1.06 1.09 1.09 1.09 1.05 1.08 1.07 1.09 1.09 1.07 1.05 1.09 1.06 1.07 1.06 1.09 1.07 1.05 
1.09 1.09 1.09 1.06 1.09 1.05 1.07 1.07 1.08 1.05 1.05 1.06 1.08 1.08 1.08 1.09 1.06 1.09 1.09 1.09 
1.08 1.08 1.05 1.06 1.06 1.08 1.07 1.07 1.05 1.07 1.08 1.05 1.09 1.06 1.09 1.08 1.06 1.08 1.09 1.05 
1.05 1.06 1.09 1.08 1.05 1.05 1.07 1.09 1.08 1.08 1.05 1.05 1.07 1.09 1.09 1.05 1.05 1.07 1.05 1.05 
1.08 1.06 1.08 1.07 1.06 1.09 1.07 1.06 1.07 1.07 1.07 1.09 1.07 1.09 1.07 1.06 1.08 1.06 1.05 1.05 
1.08 1.05 1.05 1.09 1.07 1.05 1.06 1.09 1.08 1.07 1.06 1.07 1.09 1.09 1.06 1.06 1.06 1.09 1.07 1.09 
1.05 1.05 1.09 1.08 1.07 1.09 1.08 1.07 1.05 1.07 1.09 1.05 1.08 1.08 1.06 1.05 1.08 1.09 1.09 1.09 
1.05 1.06 1.07 1.06 1.08 1.05 1.09 1.09 1.05 1.05 1.08 1.09 1.05 1.06 1.08 1.08 1.09 1.06 1.09 1.06 
1.08 1.07 1.05 1.07 1.05 1.08 1.05 1.05 1.09 1.06 1.06 1.06 1.06 1.07 1.05 1.06 1.06 1.09 1.06 1.06 
1.08 1.09 1.08 1.06 1.08 1.09 1.06 1.09 1.07 1.06 1.05 1.08 1.07 1.05 1.07 1.05 1.07 1.08 1.08 1.09 
1.07 1.05 1.08 1.07 1.06 1.08 1.08 1.05 1.08 1.07 1.05 1.07 1.09 1.05 1.09 1.08 1.08 1.09 1.09 1.05 
1.07 1.05 1.06 1.05 1.06 1.06 1.06 1.08 1.06 1.06 1.05 1.08 1.05 1.08 1.05 1.06 1.07 1.07 1.09 1.09 
1.06 1.09 1.07 1.07 1.07 1.07 1.06 1.06 1.09 1.09 1.09 1.05 1.05 1.07 1.05 1.07 1.07 1.09 1.09 1.05 
1.05 1.08 1.05 1.05 1.07 1.05 1.06 1.05 1.06 1.08 1.08 1.05 1.06 1.09 1.08 1.09 1.05 1.06 1.07 1.06 
1.06 1.05 1.05 1.06 1.07 1.05 1.05 1.09 1.07 1.08 1.05 1.06 1.05 1.07 1.07 1.09 1.06 1.08 1.05 1.09 
1.08 1.05 1.06 1.08 1.05 1.05 1.05 1.09 1.05 1.08 1.08 1.06 1.08 1.07 1.06 1.08 1.06 1.08 1.07 1.07 
1.05 1.07 1.07 1.09 1.07 1.08 1.05 1.06 1.08 1.09 1.06 1.06 1.05 1.06 1.09 1.09 1.08 1.08 1.06 1.05 
1.07 1.05 1.09 1.09 1.07 1.09 1.05 1.06 1.08 1.06 1.09 1.06 1.05 1.05 1.08 1.06 1.07 1.06 1.06 1.09 
1.06 1.07 1.06 1.07 1.07 1.07 1.05 1.08 1.05 1.07 1.06 1.09 1.06 1.09 1.05 1.07 1.09 1.07 1.07 1.08 
1.06 1.06 1.05 1.08 1.08 1.07 1.06 1.05 1.07 1.09 1.08 1.08 1.09 1.09 1.05 1.07 1.06 1.07 1.06 1.07 
1.08 1.07 1.05 1.07 1.08 1.09 1.05 1.08 1.06 1.09 1.05 1.07 1.09 1.09 1.09 1.05 1.09 1.05 1.05 1.05 
1.05 1.05 1.08 1.08 1.09 1.06 1.06 1.09 1.07 1.07 1.07 1.05 1.08 1.07 1.07 1.05 1.05 1.06 1.05 1.07 
1.05 1.06 1.09 1.09 1.05 1.07 1.06 1.05 1.09 1.08 1.07 1.08 1.08 1.06 1.05 1.06 1.06 1.09 1.08 1.07 
1.06 1.08 1.06 1.05 1.08 1.05 1.06 1.06 1.06 1.06 1.06 1.06 1.09 1.05 1.08 1.07 1.09 1.07 1.07 1.05 
1.07 1.05 1.08 1.06 1.05 1.09 1.08 1.06 1.08 1.08 1.09 1.07 1.05 1.07 1.07 1.06 1.06 1.09 1.05 1.06 
1.05 1.08 1.07 1.05 1.08 1.07 1.08 1.07 1.08 1.09 1.05 1.09 1.09 1.05 1.08 1.05 1.08 1.09 1.05 1.07 
