20
200
81 86 43 61 75 95 33 72 61 72 93 100 35 32 86 90 11 94 8 77 7 66 57 69 60 39 77 36 39 37 17 78 98 88 93 27 46 52 28 30 99 22 89 84 61 59 40 57 50 52 22 27 53 6 21 77 69 54 34 61 25 68 16 61 58 91 89 75 37 44 39 51 7 68 61 57 97 3 50 95 17 51 39 27 31 68 76 53 56 41 22 75 69 95 48 54 70 57 3 81 44 7 44 96 99 35 8 18 36 72 18 97 20 97 68 90 93 94 69 16 49 13 35 62 4 76 29 97 5 96 27 98 39 13 88 16 82 21 80 40 49 75 78 82 57 72 16 35 4 51 14 79 99 96 11 49 76 70 46 21 31 70 73 50 75 99 91 83 57 47 15 71 88 82 35 27 62 82 2 59 35 74 97 78 26 100 20 5 76 96 88 46 73 22 36 100 83 63 37 31 
3 2 2 2 1 1 1 2 2 2 3 3 2 2 3 2 3 3 2 3 
1.05 1.06 1.06 1.08 1.06 1.13 1.05 1.14 1.06 1.06 1.12 1.05 1.1 1.14 1.11 1.09 1.11 1.05 1.05 1.06 
1.1 1.11 1.14 1.12 1.11 1.13 1.06 1.11 1.08 1.13 1.08 1.14 1.07 1.09 1.07 1.14 1.08 1.13 1.13 1.14 
1.08 1.13 1.09 1.14 1.05 1.07 1.06 1.05 1.05 1.08 1.14 1.14 1.07 1.05 1.05 1.12 1.07 1.14 1.08 1.06 
1.09 1.12 1.11 1.06 1.07 1.13 1.08 1.11 1.05 1.11 1.09 1.11 1.07 1.08 1.09 1.14 1.08 1.09 1.09 1.08 
1.09 1.09 1.12 1.12 1.09 1.13 1.08 1.12 1.13 1.06 1.11 1.09 1.09 1.12 1.13 1.12 1.06 1.14 1.06 1.09 
1.08 1.11 1.1 1.1 1.07 1.09 1.14 1.13 1.05 1.14 1.13 1.05 1.14 1.08 1.07 1.14 1.13 1.05 1.05 1.07 
1.14 1.11 1.06 1.05 1.14 1.1 1.14 1.1 1.11 1.12 1.08 1.08 1.14 1.11 1.09 1.13 1.08 1.14 1.1 1.14 
1.11 1.05 1.07 1.09 1.11 1.13 1.13 1.13 1.06 1.11 1.05 1.1 1.05 1.05 1.08 1.05 1.05 1.09 1.05 1.13 
1.14 1.07 1.05 1.11 1.1 1.07 1.09 1.08 1.12 1.07 1.07 1.09 1.05 1.08 1.05 1.12 1.12 1.08 1.08 1.12 
1.1 1.13 1.09 1.12 1.12 1.08 1.05 1.05 1.06 1.05 1.12 1.13 1.11 1.11 1.07 1.14 1.07 1.13 1.09 1.14 
1.05 1.12 1.12 1.13 1.07 1.13 1.07 1.05 1.14 1.12 1.07 1.08 1.13 1.13 1.05 1.12 1.07 1.08 1.11 1.08 
1.11 1.13 1.09 1.09 1.09 1.08 1.12 1.06 1.07 1.05 1.13 1.13 1.11 1.13 1.1 1.05 1.12 1.08 1.09 1.1 
1.08 1.1 1.13 1.14 1.08 1.08 1.07 1.09 1.05 1.08 1.06 1.1 1.06 1.09 1.08 1.06 1.11 1.11 1.12 1.13 
1.1 1.12 1.09 1.1 1.14 1.07 1.07 1.12 1.09 1.13 1.06 1.08 1.14 1.08 1.06 1.1 1.08 1.1 1.07 1.06 
1.11 1.06 1.07 1.08 1.08 1.05 1.12 1.11 1.09 1.1 1.14 1.05 1.11 1.12 1.1 1.08 1.13 1.12 1.07 1.07 
1.07 1.12 1.1 1.07 1.08 1.05 1.12 1.13 1.07 1.12 1.14 1.06 1.07 1.09 1.06 1.1 1.06 1.09 1.12 1.11 
1.12 1.08 1.05 1.12 1.07 1.06 1.08 1.1 1.09 1.08 1.08 1.12 1.08 1.07 1.05 1.06 1.07 1.07 1.05 1.08 
1.1 1.09 1.12 1.09 1.14 1.14 1.05 1.11 1.08 1.05 1.06 1.08 1.05 1.1 1.11 1.12 1.1 1.11 1.05 1.07 
1.09 1.13 1.13 1.12 1.08 1.06 1.12 1.12 1.07 1.06 1.14 1.14 1.14 1.13 1.11 1.08 1.07 1.13 1.07 1.1 
1.12 1.08 1.1 1.05 1.14 1.13 1.06 1.14 1.07 1.05 1.1 1.07 1.11 1.07 1.12 1.07 1.06 1.13 1.1 1.12 
1.14 1.06 1.08 1.13 1.06 1.08 1.14 1.1 1.14 1.08 1.09 1.11 1.06 1.1 1.06 1.11 1.12 1.12 1.08 1.05 
1.11 1.08 1.13 1.13 1.05 1.06 1.09 1.05 1.05 1.09 1.05 1.11 1.08 1.05 1.07 1.05 1.14 1.08 1.14 1.08 
1.06 1.1 1.05 1.06 1.09 1.1 1.11 1.07 1.08 1.09 1.14 1.14 1.14 1.14 1.08 1.11 1.14 1.14 1.13 1.09 
1.05 1.14 1.09 1.11 1.08 1.14 1.11 1.08 1.1 1.05 1.07 1.05 1.06 1.08 1.07 1.1 1.13 1.07 1.06 1.09 
1.1 1.05 1.14 1.11 1.11 1.05 1.06 1.1 1.09 1.11 1.07 1.1 1.07 1.09 1.13 1.09 1.06 1.07 1.12 1.08 
1.11 1.12 1.13 1.12 1.1 1.08 1.14 1.07 1.06 1.09 1.11 1.13 1.13 1.09 1.12 1.07 1.05 1.1 1.06 1.14 
1.12 1.14 1.07 1.05 1.06 1.09 1.13 1.07 1.05 1.11 1.06 1.14 1.14 1.12 1.08 1.14 1.11 1.13 1.1 1.06 
1.13 1.1 1.14 1.07 1.14 1.09 1.07 1.11 1.14 1.13 1.06 1.12 1.12 1.05 1.05 1.13 1.1 1.07 1.11 1.14 
1.06 1.09 1.06 1.07 1.1 1.11 1.06 1.07 1.06 1.09 1.09 1.06 1.1 1.12 1.09 1.13 1.11 1.1 1.06 1.06 
1.05 1.11 1.14 1.07 1.14 1.14 1.11 1.12 1.1 1.1 1.09 1.14 1.07 1.09 1.13 1.09 1.11 1.14 1.07 1.1 
1.13 1.06 1.09 1.1 1.08 1.09 1.11 1.12 1.14 1.08 1.13 1.05 1.12 1.08 1.14 1.13 1.1 1.07 1.13 1.06 
1.07 1.06 1.08 1.14 1.11 1.14 1.09 1.05 1.06 1.11 1.13 1.06 1.06 1.12 1.13 1.13 1.14 1.1 1.08 1.14 
1.12 1.11 1.1 1.1 1.1 1.05 1.09 1.11 1.05 1.08 1.11 1.06 1.09 1.06 1.05 1.05 1.05 1.13 1.12 1.05 
1.09 1.12 1.14 1.06 1.1 1.09 1.14 1.06 1.1 1.09 1.06 1.06 1.1 1.11 1.1 1.08 1.06 1.14 1.07 1.07 
1.06 1.07 1.13 1.12 1.13 1.07 1.06 1.05 1.07 1.07 1.09 1.07 1.1 1.09 1.06 1.11 1.06 1.09 1.12 1.12 
1.09 1.07 1.1 1.14 1.07 1.08 1.11 1.09 1.14 1.1 1.12 1.08 1.11 1.06 1.11 1.09 1.14 1.07 1.13 1.08 
1.1 1.05 1.08 1.05 1.07 1.14 1.07 1.06 1.13 1.08 1.11 1.1 1.14 1.08 1.1 1.08 1.08 1.09 1.07 1.1 
1.05 1.09 1.07 1.06 1.05 1.14 1.13 1.08 1.12 1.07 1.06 1.13 1.07 1.07 1.05 1.13 1.11 1.12 1.1 1.14 
1.13 1.09 1.13 1.12 1.14 1.09 1.09 1.14 1.07 1.14 1.12 1.11 1.07 1.1 1.06 1.08 1.11 1.13 1.09 1.14 
1.07 1.05 1.06 1.14 1.14 1.14 1.09 1.08 1.12 1.09 1.14 1.09 1.14 1.12 1.09 1.13 1.11 1.1 1.1 1.12 
1.14 1.12 1.11 1.13 1.09 1.13 1.14 1.05 1.07 1.14 1.1 1.06 1.08 1.07 1.09 1.06 1.06 1.08 1.06 1.12 
1.12 1.12 1.05 1.14 1.1 1.12 1.05 1.07 1.09 1.13 1.06 1.09 1.1 1.12 1.11 1.07 1.1 1.07 1.11 1.12 
1.06 1.05 1.07 1.14 1.08 1.09 1.07 1.1 1.09 1.13 1.07 1.14 1.08 1.12 1.07 1.09 1.05 1.06 1.11 1.14 
1.13 1.07 1.09 1.06 1.1 1.1 1.06 1.12 1.1 1.06 1.13 1.08 1.1 1.11 1.12 1.07 1.14 1.1 1.05 1.11 
1.06 1.13 1.1 1.11 1.09 1.09 1.11 1.09 1.11 1.1 1.06 1.05 1.06 1.06 1.13 1.06 1.1 1.12 1.08 1.05 
1.14 1.14 1.13 1.14 1.08 1.1 1.07 1.13 1.12 1.12 1.12 1.08 1.1 1.06 1.13 1.07 1.05 1.07 1.11 1.1 
1.12 1.1 1.09 1.13 1.07 1.07 1.14 1.11 1.11 1.08 1.07 1.08 1.05 1.07 1.07 1.09 1.05 1.09 1.09 1.07 
1.14 1.06 1.08 1.14 1.05 1.1 1.07 1.08 1.13 1.08 1.09 1.11 1.12 1.11 1.08 1.14 1.12 1.08 1.05 1.08 
1.06 1.12 1.14 1.1 1.11 1.11 1.14 1.13 1.07 1.14 1.06 1.11 1.08 1.13 1.11 1.06 1.14 1.05 1.12 1.08 
1.08 1.1 1.1 1.13 1.11 1.08 1.05 1.14 1.09 1.06 1.07 1.08 1.09 1.13 1.05 1.12 1.05 1.06 1.12 1.11 
1.07 1.1 1.08 1.14 1.14 1.13 1.12 1.14 1.05 1.06 1.06 1.05 1.12 1.06 1.06 1.12 1.1 1.13 1.07 1.08 
1.1 1.13 1.11 1.1 1.08 1.05 1.08 1.05 1.1 1.14 1.11 1.12 1.13 1.09 1.08 1.13 1.08 1.12 1.13 1.13 
1.07 1.11 1.1 1.14 1.08 1.09 1.11 1.11 1.12 1.05 1.1 1.14 1.07 1.05 1.07 1.07 1.06 1.07 1.12 1.06 
1.12 1.14 1.14 1.09 1.08 1.12 1.08 1.12 1.08 1.1 1.08 1.13 1.13 1.07 1.05 1.07 1.11 1.07 1.08 1.08 
1.06 1.14 1.08 1.13 1.08 1.12 1.12 1.11 1.06 1.11 1.12 1.14 1.14 1.14 1.09 1.09 1.13 1.09 1.14 1.12 
1.12 1.11 1.05 1.08 1.05 1.13 1.14 1.09 1.07 1.13 1.13 1.06 1.1 1.12 1.09 1.06 1.13 1.14 1.14 1.13 
1.07 1.1 1.1 1.14 1.05 1.12 1.08 1.13 1.14 1.14 1.07 1.13 1.06 1.14 1.09 1.05 1.08 1.11 1.13 1.12 
1.12 1.09 1.09 1.11 1.07 1.05 1.06 1.08 1.1 1.12 1.05 1.07 1.06 1.14 1.06 1.05 1.11 1.12 1.08 1.1 
1.12 1.13 1.11 1.08 1.14 1.06 1.05 1.13 1.07 1.07 1.08 1.06 1.05 1.13 1.14 1.12 1.13 1.09 1.08 1.12 
1.07 1.08 1.14 1.08 1.05 1.14 1.14 1.06 1.1 1.06 1.11 1.14 1.06 1.14 1.11 1.07 1.08 1.05 1.11 1.1 
1.1 1.08 1.09 1.1 1.09 1.07 1.1 1.12 1.08 1.12 1.13 1.09 1.13 1.06 1.09 1.1 1.1 1.12 1.07 1.09 
1.05 1.1 1.05 1.12 1.14 1.13 1.05 1.07 1.14 1.14 1.05 1.14 1.1 1.07 1.1 1.09 1.11 1.13 1.06 1.1 
1.1 1.12 1.07 1.08 1.05 1.13 1.14 1.1 1.1 1.09 1.06 1.09 1.07 1.1 1.07 1.09 1.11 1.12 1.11 1.07 
1.11 1.07 1.11 1.1 1.1 1.1 1.1 1.13 1.11 1.07 1.14 1.09 1.14 1.14 1.08 1.13 1.1 1.07 1.09 1.13 
1.14 1.11 1.08 1.13 1.05 1.12 1.08 1.08 1.08 1.14 1.12 1.12 1.06 1.1 1.08 1.14 1.08 1.1 1.07 1.06 
1.07 1.06 1.05 1.13 1.08 1.14 1.11 1.09 1.08 1.07 1.09 1.06 1.09 1.07 1.06 1.08 1.13 1.11 1.1 1.13 
1.09 1.07 1.06 1.09 1.06 1.11 1.06 1.09 1.13 1.07 1.11 1.11 1.09 1.08 1.11 1.13 1.1 1.1 1.09 1.05 
1.05 1.14 1.13 1.1 1.07 1.11 1.1 1.09 1.11 1.11 1.07 1.08 1.1 1.11 1.05 1.13 1.07 1.1 1.09 1.1 
1.11 1.07 1.06 1.14 1.06 1.09 1.14 1.13 1.13 1.06 1.07 1.08 1.1 1.08 1.09 1.11 1.12 1.05 1.1 1.11 
1.09 1.09 1.09 1.13 1.08 1.1 1.12 1.08 1.13 1.13 1.08 1.06 1.13 1.14 1.13 1.1 1.12 1.13 1.05 1.13 
1.1 1.1 1.14 1.13 1.06 1.14 1.07 1.14 1.12 1.11 1.08 1.05 1.05 1.08 1.08 1.06 1.14 1.1 1.14 1.05 
1.11 1.09 1.12 1.12 1.12 1.08 1.12 1.06 1.11 1.09 1.06 1.14 1.13 1.1 1.11 1.07 1.12 1.1 1.05 1.09 
1.05 1.09 1.08 1.07 1.09 1.05 1.14 1.1 1.07 1.13 1.08 1.08 1.06 1.14 1.07 1.05 1.06 1.11 1.11 1.05 
1.08 1.06 1.13 1.11 1.09 1.08 1.09 1.13 1.1 1.09 1.12 1.08 1.05 1.07 1.09 1.06 1.09 1.05 1.09 1.11 
1.1 1.11 1.11 1.11 1.1 1.11 1.07 1.08 1.12 1.09 1.09 1.1 1.09 1.07 1.08 1.07 1.05 1.13 1.13 1.13 
1.08 1.11 1.07 1.06 1.07 1.07 1.14 1.1 1.05 1.1 1.05 1.08 1.13 1.13 1.1 1.07 1.1 1.09 1.07 1.06 
1.14 1.12 1.09 1.06 1.05 1.09 1.14 1.05 1.05 1.08 1.06 1.12 1.06 1.08 1.12 1.06 1.12 1.1 1.08 1.12 
1.13 1.07 1.08 1.06 1.1 1.07 1.14 1.11 1.05 1.14 1.11 1.09 1.05 1.05 1.09 1.12 1.11 1.1 1.12 1.05 
1.07 1.09 1.08 1.08 1.1 1.08 1.13 1.1 1.07 1.1 1.11 1.12 1.06 1.09 1.1 1.12 1.08 1.14 1.1 1.1 
1.09 1.1 1.07 1.12 1.14 1.06 1.09 1.1 1.07 1.13 1.12 1.07 1.08 1.05 1.09 1.14 1.06 1.07 1.14 1.08 
1.08 1.05 1.07 1.14 1.07 1.12 1.12 1.11 1.12 1.05 1.07 1.11 1.07 1.09 1.05 1.14 1.1 1.11 1.12 1.07 
1.08 1.08 1.14 1.13 1.07 1.1 1.1 1.08 1.12 1.07 1.06 1.13 1.12 1.09 1.11 1.14 1.09 1.09 1.05 1.14 
1.06 1.08 1.13 1.1 1.06 1.09 1.08 1.06 1.07 1.1 1.08 1.05 1.13 1.09 1.13 1.06 1.07 1.06 1.05 1.12 
1.1 1.08 1.07 1.13 1.09 1.12 1.14 1.11 1.12 1.06 1.11 1.08 1.05 1.11 1.08 1.14 1.08 1.09 1.05 1.05 
1.11 1.07 1.09 1.12 1.05 1.1 1.07 1.08 1.05 1.05 1.12 1.06 1.06 1.05 1.11 1.05 1.08 1.06 1.05 1.09 
1.1 1.05 1.14 1.11 1.12 1.1 1.12 1.06 1.08 1.09 1.1 1.08 1.09 1.1 1.09 1.13 1.1 1.09 1.08 1.13 
1.13 1.05 1.06 1.05 1.07 1.1 1.09 1.05 1.1 1.09 1.06 1.1 1.1 1.1 1.11 1.06 1.09 1.05 1.12 1.11 
1.08 1.13 1.13 1.14 1.08 1.07 1.05 1.13 1.12 1.1 1.13 1.07 1.11 1.05 1.07 1.09 1.14 1.11 1.13 1.07 
1.07 1.09 1.07 1.12 1.09 1.08 1.1 1.11 1.09 1.13 1.07 1.08 1.05 1.13 1.08 1.11 1.07 1.13 1.14 1.1 
1.1 1.09 1.08 1.05 1.06 1.09 1.11 1.14 1.1 1.12 1.14 1.08 1.06 1.07 1.12 1.08 1.12 1.07 1.11 1.09 
1.06 1.08 1.13 1.14 1.14 1.11 1.14 1.1 1.14 1.14 1.06 1.14 1.11 1.05 1.11 1.09 1.09 1.14 1.05 1.13 
1.11 1.07 1.07 1.07 1.05 1.11 1.11 1.09 1.07 1.06 1.06 1.14 1.09 1.11 1.06 1.06 1.13 1.05 1.09 1.08 
1.1 1.09 1.07 1.12 1.12 1.08 1.05 1.06 1.06 1.11 1.08 1.14 1.05 1.12 1.13 1.08 1.05 1.1 1.12 1.06 
1.08 1.07 1.08 1.08 1.09 1.12 1.08 1.07 1.09 1.13 1.11 1.14 1.1 1.12 1.09 1.14 1.05 1.05 1.09 1.12 
1.14 1.06 1.08 1.12 1.07 1.05 1.08 1.11 1.11 1.13 1.09 1.06 1.11 1.13 1.1 1.11 1.08 1.1 1.11 1.14 
1.07 1.09 1.05 1.07 1.06 1.1 1.05 1.11 1.12 1.11 1.12 1.12 1.12 1.07 1.05 1.12 1.06 1.12 1.1 1.09 
1.09 1.08 1.11 1.13 1.09 1.06 1.12 1.12 1.05 1.07 1.14 1.05 1.13 1.11 1.06 1.12 1.08 1.1 1.08 1.06 
1.05 1.14 1.1 1.13 1.14 1.12 1.09 1.14 1.07 1.05 1.09 1.14 1.12 1.05 1.11 1.05 1.07 1.14 1.06 1.05 
1.09 1.12 1.1 1.07 1.07 1.06 1.08 1.14 1.09 1.08 1.08 1.14 1.06 1.14 1.07 1.06 1.07 1.09 1.06 1.06 
1.12 1.07 1.06 1.05 1.09 1.11 1.11 1.09 1.06 1.06 1.1 1.14 1.1 1.07 1.13 1.09 1.11 1.14 1.13 1.08 
1.12 1.07 1.13 1.08 1.13 1.08 1.09 1.08 1.06 1.07 1.09 1.05 1.09 1.12 1.06 1.11 1.06 1.05 1.13 1.09 
1.05 1.05 1.11 1.11 1.06 1.11 1.13 1.1 1.13 1.08 1.08 1.07 1.11 1.07 1.13 1.11 1.09 1.11 1.08 1.06 
1.05 1.09 1.07 1.11 1.14 1.12 1.14 1.11 1.14 1.05 1.08 1.1 1.1 1.05 1.07 1.07 1.13 1.12 1.05 1.11 
1.07 1.05 1.07 1.05 1.11 1.1 1.09 1.12 1.13 1.07 1.05 1.07 1.09 1.07 1.1 1.09 1.13 1.07 1.06 1.1 
1.11 1.1 1.14 1.09 1.05 1.09 1.1 1.13 1.1 1.13 1.11 1.09 1.05 1.12 1.06 1.11 1.11 1.05 1.11 1.09 
1.14 1.13 1.08 1.05 1.13 1.06 1.1 1.14 1.1 1.11 1.05 1.08 1.14 1.1 1.09 1.13 1.12 1.11 1.14 1.08 
1.05 1.12 1.13 1.13 1.13 1.1 1.11 1.12 1.06 1.14 1.11 1.11 1.08 1.09 1.09 1.05 1.07 1.14 1.06 1.09 
1.09 1.08 1.09 1.06 1.08 1.07 1.1 1.07 1.11 1.11 1.05 1.13 1.1 1.07 1.06 1.09 1.07 1.07 1.05 1.07 
1.06 1.09 1.08 1.07 1.08 1.11 1.08 1.09 1.13 1.09 1.1 1.11 1.14 1.08 1.14 1.08 1.13 1.13 1.11 1.1 
1.11 1.13 1.08 1.14 1.06 1.12 1.14 1.12 1.1 1.14 1.07 1.07 1.13 1.14 1.06 1.06 1.06 1.05 1.1 1.13 
1.1 1.05 1.06 1.09 1.07 1.12 1.05 1.11 1.1 1.06 1.12 1.05 1.07 1.09 1.08 1.07 1.14 1.13 1.1 1.07 
1.05 1.08 1.13 1.09 1.09 1.05 1.06 1.13 1.11 1.13 1.1 1.12 1.13 1.1 1.13 1.08 1.11 1.06 1.1 1.07 
1.08 1.12 1.12 1.08 1.11 1.11 1.08 1.09 1.08 1.09 1.12 1.07 1.09 1.05 1.11 1.08 1.1 1.13 1.12 1.05 
1.12 1.09 1.08 1.13 1.05 1.05 1.05 1.05 1.13 1.08 1.05 1.05 1.09 1.1 1.05 1.08 1.07 1.11 1.08 1.06 
1.08 1.11 1.12 1.14 1.1 1.08 1.05 1.06 1.06 1.12 1.12 1.07 1.13 1.07 1.14 1.12 1.08 1.08 1.11 1.14 
1.06 1.1 1.08 1.06 1.09 1.08 1.14 1.1 1.11 1.13 1.1 1.11 1.13 1.09 1.05 1.12 1.13 1.05 1.14 1.1 
1.12 1.07 1.13 1.12 1.07 1.12 1.1 1.09 1.1 1.12 1.11 1.1 1.08 1.08 1.06 1.11 1.12 1.09 1.07 1.13 
1.12 1.1 1.13 1.09 1.06 1.06 1.09 1.11 1.08 1.08 1.08 1.11 1.09 1.06 1.05 1.13 1.14 1.06 1.07 1.09 
1.11 1.14 1.11 1.14 1.07 1.06 1.08 1.09 1.1 1.06 1.08 1.1 1.14 1.1 1.05 1.07 1.14 1.1 1.07 1.09 
1.1 1.13 1.13 1.06 1.06 1.08 1.05 1.14 1.05 1.12 1.09 1.14 1.11 1.06 1.1 1.09 1.14 1.12 1.1 1.06 
1.07 1.13 1.14 1.08 1.07 1.06 1.1 1.12 1.14 1.13 1.07 1.07 1.14 1.05 1.06 1.14 1.07 1.13 1.05 1.14 
1.13 1.09 1.14 1.13 1.08 1.06 1.06 1.06 1.06 1.06 1.14 1.11 1.13 1.06 1.11 1.06 1.06 1.11 1.07 1.12 
1.08 1.13 1.07 1.13 1.06 1.1 1.08 1.08 1.1 1.13 1.07 1.08 1.06 1.11 1.07 1.07 1.08 1.14 1.11 1.14 
1.08 1.07 1.06 1.06 1.1 1.13 1.06 1.12 1.06 1.05 1.12 1.06 1.12 1.14 1.08 1.14 1.11 1.07 1.07 1.09 
1.14 1.12 1.08 1.07 1.11 1.08 1.12 1.05 1.13 1.08 1.12 1.12 1.1 1.07 1.07 1.11 1.12 1.14 1.07 1.11 
1.13 1.12 1.07 1.12 1.11 1.12 1.14 1.05 1.11 1.07 1.13 1.06 1.1 1.07 1.14 1.08 1.13 1.13 1.12 1.14 
1.05 1.11 1.07 1.11 1.06 1.07 1.14 1.05 1.05 1.12 1.1 1.07 1.12 1.11 1.05 1.11 1.14 1.14 1.09 1.13 
1.13 1.12 1.05 1.06 1.09 1.1 1.07 1.12 1.06 1.05 1.08 1.13 1.11 1.06 1.12 1.14 1.14 1.08 1.09 1.05 
1.13 1.14 1.12 1.08 1.14 1.13 1.09 1.05 1.08 1.08 1.11 1.09 1.06 1.14 1.13 1.11 1.13 1.12 1.14 1.1 
1.07 1.1 1.05 1.05 1.12 1.09 1.12 1.13 1.06 1.12 1.12 1.11 1.12 1.08 1.13 1.05 1.07 1.1 1.05 1.11 
1.05 1.05 1.07 1.1 1.14 1.09 1.09 1.12 1.12 1.14 1.08 1.14 1.09 1.11 1.09 1.1 1.09 1.05 1.09 1.07 
1.12 1.09 1.05 1.05 1.13 1.07 1.11 1.13 1.09 1.07 1.05 1.06 1.05 1.12 1.1 1.07 1.1 1.11 1.11 1.08 
1.06 1.14 1.1 1.13 1.12 1.08 1.12 1.07 1.06 1.12 1.14 1.05 1.1 1.08 1.05 1.08 1.07 1.11 1.13 1.12 
1.05 1.08 1.07 1.1 1.1 1.05 1.12 1.1 1.07 1.13 1.12 1.12 1.09 1.08 1.09 1.06 1.06 1.05 1.1 1.13 
1.1 1.1 1.11 1.06 1.1 1.1 1.06 1.06 1.07 1.08 1.09 1.12 1.08 1.07 1.12 1.09 1.12 1.06 1.07 1.12 
1.09 1.1 1.11 1.11 1.05 1.08 1.1 1.08 1.1 1.06 1.07 1.07 1.13 1.09 1.08 1.09 1.1 1.09 1.06 1.12 
1.11 1.06 1.09 1.14 1.11 1.06 1.08 1.14 1.09 1.05 1.11 1.11 1.06 1.06 1.12 1.12 1.14 1.12 1.12 1.12 
1.13 1.11 1.09 1.14 1.09 1.05 1.1 1.1 1.05 1.08 1.12 1.08 1.09 1.1 1.1 1.08 1.07 1.05 1.07 1.05 
1.13 1.08 1.07 1.07 1.11 1.1 1.05 1.14 1.08 1.07 1.1 1.07 1.12 1.14 1.12 1.11 1.12 1.09 1.07 1.12 
1.08 1.05 1.12 1.06 1.08 1.12 1.14 1.09 1.06 1.12 1.1 1.13 1.1 1.08 1.12 1.05 1.08 1.12 1.14 1.13 
1.11 1.12 1.13 1.12 1.13 1.07 1.13 1.11 1.13 1.07 1.12 1.13 1.1 1.06 1.07 1.09 1.07 1.05 1.1 1.05 
1.12 1.14 1.09 1.07 1.12 1.05 1.08 1.14 1.11 1.12 1.08 1.12 1.1 1.09 1.07 1.1 1.09 1.11 1.05 1.09 
1.1 1.08 1.09 1.06 1.09 1.11 1.14 1.12 1.1 1.07 1.12 1.14 1.14 1.13 1.11 1.14 1.12 1.13 1.05 1.1 
1.14 1.12 1.05 1.08 1.08 1.07 1.14 1.14 1.13 1.08 1.08 1.06 1.13 1.11 1.1 1.05 1.11 1.1 1.14 1.07 
1.06 1.09 1.06 1.12 1.05 1.14 1.14 1.13 1.07 1.12 1.13 1.07 1.08 1.08 1.13 1.12 1.12 1.14 1.08 1.06 
1.07 1.13 1.06 1.08 1.05 1.14 1.08 1.07 1.13 1.13 1.11 1.08 1.1 1.05 1.05 1.07 1.11 1.08 1.06 1.09 
1.14 1.06 1.05 1.08 1.07 1.12 1.09 1.07 1.12 1.12 1.1 1.09 1.14 1.13 1.1 1.1 1.07 1.11 1.09 1.09 
1.14 1.1 1.05 1.08 1.1 1.11 1.11 1.08 1.07 1.11 1.12 1.05 1.05 1.07 1.11 1.09 1.14 1.05 1.14 1.12 
1.14 1.09 1.08 1.12 1.14 1.12 1.14 1.05 1.13 1.14 1.07 1.06 1.05 1.1 1.14 1.07 1.05 1.08 1.13 1.14 
1.06 1.05 1.12 1.12 1.14 1.09 1.13 1.09 1.06 1.13 1.06 1.12 1.13 1.05 1.14 1.14 1.12 1.12 1.06 1.1 
1.1 1.13 1.13 1.11 1.12 1.05 1.13 1.14 1.08 1.09 1.07 1.1 1.1 1.12 1.09 1.08 1.08 1.06 1.06 1.1 
1.1 1.07 1.13 1.14 1.1 1.08 1.12 1.12 1.05 1.13 1.07 1.06 1.13 1.09 1.07 1.12 1.05 1.09 1.11 1.08 
1.13 1.12 1.05 1.14 1.06 1.1 1.09 1.06 1.12 1.1 1.05 1.14 1.1 1.08 1.06 1.05 1.14 1.11 1.1 1.07 
1.05 1.07 1.05 1.07 1.14 1.11 1.09 1.14 1.14 1.06 1.07 1.08 1.11 1.12 1.06 1.05 1.13 1.08 1.14 1.09 
1.11 1.05 1.12 1.07 1.08 1.12 1.07 1.05 1.11 1.08 1.11 1.12 1.1 1.07 1.06 1.12 1.11 1.11 1.08 1.11 
1.09 1.14 1.05 1.11 1.11 1.11 1.06 1.12 1.11 1.06 1.09 1.06 1.05 1.06 1.13 1.11 1.06 1.11 1.12 1.11 
1.09 1.1 1.12 1.05 1.11 1.11 1.11 1.13 1.07 1.12 1.1 1.07 1.12 1.09 1.12 1.14 1.07 1.09 1.09 1.14 
1.08 1.11 1.06 1.1 1.1 1.11 1.07 1.11 1.1 1.11 1.05 1.06 1.1 1.08 1.06 1.09 1.13 1.11 1.1 1.05 
1.05 1.12 1.06 1.07 1.06 1.05 1.12 1.1 1.07 1.06 1.07 1.06 1.09 1.07 1.11 1.06 1.12 1.08 1.12 1.12 
1.06 1.14 1.05 1.07 1.12 1.08 1.13 1.11 1.11 1.11 1.1 1.14 1.14 1.11 1.08 1.1 1.1 1.07 1.11 1.07 
1.1 1.06 1.11 1.06 1.06 1.11 1.11 1.05 1.09 1.11 1.06 1.14 1.07 1.07 1.05 1.07 1.07 1.08 1.09 1.08 
1.06 1.07 1.05 1.11 1.13 1.11 1.1 1.07 1.05 1.14 1.06 1.14 1.09 1.07 1.1 1.05 1.09 1.11 1.08 1.11 
1.13 1.14 1.13 1.08 1.06 1.1 1.13 1.09 1.09 1.11 1.09 1.07 1.06 1.13 1.13 1.05 1.08 1.1 1.11 1.09 
1.09 1.06 1.13 1.14 1.11 1.13 1.08 1.11 1.08 1.08 1.08 1.11 1.09 1.1 1.14 1.08 1.1 1.07 1.05 1.14 
1.12 1.1 1.09 1.07 1.09 1.09 1.13 1.09 1.11 1.11 1.13 1.08 1.13 1.12 1.1 1.12 1.08 1.12 1.09 1.13 
1.08 1.12 1.08 1.09 1.14 1.06 1.09 1.1 1.07 1.14 1.11 1.06 1.1 1.07 1.11 1.07 1.12 1.13 1.11 1.12 
1.07 1.1 1.11 1.12 1.1 1.08 1.05 1.05 1.06 1.08 1.14 1.07 1.11 1.14 1.13 1.13 1.09 1.14 1.1 1.12 
1.11 1.13 1.06 1.1 1.12 1.09 1.1 1.08 1.06 1.09 1.12 1.12 1.09 1.12 1.07 1.13 1.14 1.14 1.13 1.14 
1.09 1.08 1.07 1.1 1.06 1.12 1.11 1.12 1.08 1.07 1.13 1.14 1.05 1.14 1.08 1.11 1.05 1.14 1.06 1.08 
1.12 1.08 1.14 1.08 1.11 1.1 1.13 1.14 1.09 1.1 1.05 1.1 1.12 1.08 1.06 1.07 1.14 1.13 1.08 1.09 
1.14 1.11 1.06 1.09 1.12 1.07 1.05 1.14 1.06 1.1 1.12 1.1 1.1 1.14 1.05 1.14 1.12 1.1 1.14 1.05 
1.12 1.08 1.05 1.07 1.13 1.12 1.12 1.12 1.09 1.09 1.1 1.08 1.09 1.12 1.12 1.07 1.05 1.1 1.06 1.06 
1.05 1.07 1.06 1.06 1.14 1.13 1.08 1.09 1.09 1.1 1.14 1.14 1.1 1.13 1.07 1.12 1.14 1.14 1.09 1.05 
1.1 1.14 1.07 1.05 1.12 1.08 1.1 1.1 1.05 1.05 1.08 1.14 1.14 1.07 1.08 1.08 1.1 1.05 1.05 1.07 
1.1 1.08 1.05 1.11 1.09 1.09 1.07 1.13 1.12 1.14 1.05 1.05 1.08 1.06 1.13 1.11 1.08 1.05 1.13 1.12 
1.12 1.09 1.13 1.13 1.14 1.14 1.13 1.13 1.08 1.14 1.1 1.1 1.14 1.12 1.14 1.05 1.1 1.13 1.12 1.14 
1.05 1.13 1.05 1.1 1.05 1.11 1.08 1.06 1.07 1.09 1.13 1.14 1.08 1.14 1.07 1.08 1.12 1.12 1.07 1.1 
1.1 1.06 1.07 1.12 1.06 1.07 1.05 1.14 1.06 1.06 1.05 1.08 1.12 1.06 1.08 1.09 1.08 1.09 1.13 1.07 
1.14 1.11 1.06 1.05 1.14 1.07 1.13 1.12 1.09 1.12 1.14 1.07 1.14 1.09 1.07 1.08 1.14 1.14 1.12 1.05 
1.14 1.14 1.06 1.12 1.06 1.11 1.12 1.13 1.08 1.08 1.13 1.1 1.05 1.11 1.09 1.06 1.07 1.09 1.09 1.09 
1.09 1.06 1.11 1.09 1.14 1.1 1.05 1.14 1.13 1.09 1.12 1.08 1.1 1.13 1.13 1.11 1.13 1.11 1.05 1.11 
1.11 1.13 1.07 1.11 1.07 1.1 1.08 1.12 1.11 1.06 1.07 1.1 1.1 1.07 1.12 1.12 1.12 1.11 1.05 1.12 
1.1 1.07 1.08 1.12 1.08 1.11 1.08 1.14 1.14 1.1 1.05 1.08 1.1 1.06 1.05 1.12 1.05 1.13 1.07 1.05 
1.11 1.12 1.05 1.14 1.06 1.08 1.13 1.13 1.11 1.12 1.11 1.13 1.05 1.08 1.1 1.06 1.09 1.08 1.1 1.05 
1.1 1.06 1.1 1.13 1.14 1.13 1.08 1.11 1.11 1.1 1.07 1.07 1.14 1.1 1.06 1.12 1.05 1.09 1.11 1.12 
1.1 1.09 1.1 1.05 1.08 1.12 1.1 1.11 1.06 1.07 1.11 1.06 1.06 1.07 1.09 1.11 1.09 1.08 1.14 1.09 
1.12 1.09 1.14 1.09 1.12 1.06 1.09 1.05 1.07 1.06 1.13 1.06 1.14 1.06 1.14 1.13 1.1 1.07 1.1 1.12 
1.12 1.07 1.13 1.07 1.08 1.05 1.11 1.09 1.05 1.11 1.05 1.07 1.11 1.13 1.13 1.09 1.09 1.11 1.08 1.06 
1.1 1.13 1.13 1.12 1.09 1.07 1.09 1.06 1.12 1.07 1.12 1.08 1.13 1.08 1.07 1.13 1.06 1.1 1.06 1.07 
1.11 1.14 1.08 1.06 1.08 1.05 1.08 1.06 1.1 1.07 1.05 1.06 1.12 1.1 1.11 1.05 1.05 1.14 1.14 1.07 
1.05 1.09 1.06 1.12 1.14 1.11 1.05 1.11 1.05 1.14 1.06 1.12 1.12 1.05 1.09 1.08 1.1 1.13 1.13 1.09 
1.08 1.13 1.1 1.11 1.13 1.14 1.05 1.12 1.07 1.13 1.09 1.13 1.11 1.05 1.08 1.12 1.06 1.06 1.08 1.06 
1.1 1.06 1.07 1.13 1.14 1.08 1.06 1.1 1.08 1.1 1.13 1.13 1.12 1.09 1.06 1.14 1.06 1.09 1.11 1.07 
1.08 1.08 1.06 1.06 1.08 1.14 1.07 1.09 1.05 1.09 1.11 1.05 1.09 1.1 1.12 1.11 1.06 1.1 1.11 1.11 
1.1 1.14 1.06 1.05 1.07 1.05 1.07 1.1 1.14 1.05 1.07 1.11 1.06 1.12 1.08 1.11 1.08 1.05 1.1 1.08 
1.07 1.06 1.07 1.08 1.05 1.05 1.1 1.09 1.09 1.13 1.05 1.1 1.08 1.09 1.14 1.09 1.13 1.11 1.05 1.1 
1.08 1.06 1.05 1.06 1.14 1.07 1.05 1.05 1.05 1.06 1.08 1.08 1.11 1.06 1.08 1.09 1.11 1.1 1.05 1.12 
1.12 1.09 1.11 1.1 1.07 1.11 1.08 1.1 1.08 1.08 1.05 1.11 1.14 1.06 1.08 1.05 1.13 1.11 1.11 1.13 
1.05 1.05 1.07 1.12 1.06 1.13 1.08 1.13 1.13 1.06 1.07 1.11 1.07 1.12 1.11 1.07 1.12 1.06 1.09 1.1 
1.07 1.14 1.06 1.1 1.1 1.05 1.09 1.08 1.13 1.1 1.05 1.13 1.08 1.1 1.09 1.09 1.1 1.12 1.11 1.08 
