20
400
85 20 29 54 100 20 6 51 74 72 17 13 36 21 95 32 10 25 74 68 25 11 89 28 81 63 22 47 55 6 97 2 78 77 49 66 86 14 4 29 14 14 74 19 14 12 46 11 49 15 64 69 41 60 62 18 7 82 58 46 48 50 64 57 28 16 76 22 46 19 6 40 68 5 96 93 89 98 83 40 88 15 54 65 54 72 99 24 39 11 60 14 57 59 45 35 73 71 6 61 11 61 99 71 28 65 15 66 2 66 62 8 91 58 42 25 81 97 80 59 73 84 42 56 89 31 76 59 4 5 3 16 45 10 61 55 31 46 34 20 31 56 59 6 34 77 25 77 97 62 40 70 50 71 93 100 49 45 8 94 50 50 66 78 5 88 54 28 55 32 58 95 7 20 5 71 70 98 39 4 74 15 4 82 89 70 36 1 68 61 83 11 21 66 68 92 42 98 27 65 27 71 64 92 95 94 50 79 65 19 23 15 77 47 48 94 54 15 1 68 74 59 59 23 4 18 49 61 36 92 16 55 16 15 30 67 18 66 64 45 98 67 55 77 33 4 32 11 22 5 82 36 55 32 17 49 67 96 17 82 96 38 77 89 36 76 36 63 96 100 68 25 54 2 9 47 98 77 40 13 11 35 13 98 28 18 89 18 87 29 88 39 56 84 50 32 14 3 36 52 9 81 5 17 3 83 2 4 56 74 71 19 88 3 32 34 4 78 95 30 51 41 77 75 83 98 98 91 86 6 84 96 2 7 73 26 52 68 18 53 84 51 83 22 30 72 75 51 55 84 38 24 28 57 70 55 34 92 34 15 37 30 38 13 74 59 86 63 94 80 13 89 57 48 82 25 23 66 88 14 18 93 47 52 28 31 57 70 63 66 62 60 26 88 92 11 93 2 46 81 
3 1 1 1 2 2 3 1 1 2 1 2 3 2 3 1 3 1 3 3 
1.03 1.04 1.06 1.01 1.03 1.02 1.02 1.01 1.06 1.04 1.05 1.05 1.02 1.01 1.01 1.01 1.01 1.05 1.01 1.03 
1.06 1.03 1.06 1.01 1.05 1.04 1.05 1.01 1.01 1.05 1.01 1.01 1.02 1.05 1.02 1.04 1.03 1.02 1.04 1.06 
1.06 1.01 1.03 1.05 1.04 1.06 1.04 1.04 1.02 1.04 1.04 1.04 1.01 1.04 1.03 1.05 1.02 1.04 1.04 1.01 
1.04 1.01 1.05 1.05 1.05 1.01 1.01 1.04 1.05 1.05 1.01 1.01 1.03 1.03 1.04 1.02 1.03 1.03 1.04 1.01 
1.05 1.06 1.02 1.05 1.02 1.06 1.01 1.04 1.04 1.05 1.05 1.04 1.02 1.06 1.03 1.06 1.03 1.01 1.02 1.05 
1.05 1.06 1.02 1.06 1.04 1.06 1.05 1.03 1.06 1.02 1.02 1.05 1.04 1.03 1.02 1.01 1.06 1.06 1.03 1.02 
1.01 1.04 1.03 1.02 1.02 1.02 1.02 1.05 1.02 1.02 1.03 1.01 1.04 1.05 1.06 1.02 1.04 1.05 1.05 1.04 
1.04 1.04 1.02 1.05 1.05 1.01 1.04 1.02 1.05 1.06 1.05 1.06 1.04 1.01 1.05 1.04 1.03 1.02 1.02 1.02 
1.05 1.02 1.04 1.02 1.02 1.01 1.03 1.04 1.01 1.04 1.05 1.03 1.01 1.04 1.06 1.02 1.06 1.04 1.04 1.03 
1.04 1.01 1.01 1.05 1.02 1.01 1.05 1.06 1.06 1.04 1.03 1.06 1.03 1.05 1.05 1.03 1.04 1.06 1.05 1.01 
1.05 1.01 1.03 1.05 1.05 1.02 1.01 1.03 1.05 1.04 1.04 1.03 1.01 1.02 1.02 1.05 1.01 1.04 1.03 1.03 
1.01 1.01 1.03 1.06 1.06 1.02 1.05 1.02 1.01 1.04 1.03 1.04 1.03 1.01 1.06 1.01 1.02 1.05 1.05 1.04 
1.04 1.05 1.05 1.05 1.01 1.01 1.04 1.01 1.05 1.01 1.03 1.01 1.02 1.03 1.05 1.03 1.01 1.04 1.02 1.05 
1.03 1.01 1.03 1.03 1.06 1.04 1.02 1.05 1.02 1.04 1.04 1.06 1.01 1.05 1.02 1.04 1.03 1.02 1.05 1.05 
1.01 1.02 1.06 1.03 1.04 1.02 1.06 1.02 1.01 1.05 1.04 1.06 1.01 1.01 1.05 1.05 1.03 1.02 1.01 1.05 
1.05 1.02 1.02 1.03 1.06 1.05 1.05 1.05 1.03 1.04 1.05 1.03 1.02 1.05 1.01 1.02 1.06 1.05 1.06 1.03 
1.06 1.04 1.06 1.02 1.02 1.04 1.04 1.02 1.03 1.05 1.04 1.06 1.01 1.02 1.06 1.01 1.05 1.01 1.06 1.03 
1.02 1.02 1.01 1.03 1.01 1.05 1.02 1.01 1.01 1.04 1.01 1.01 1.06 1.01 1.06 1.03 1.02 1.01 1.03 1.05 
1.02 1.04 1.03 1.06 1.06 1.06 1.05 1.03 1.05 1.05 1.03 1.02 1.03 1.06 1.06 1.02 1.03 1.04 1.01 1.01 
1.02 1.06 1.01 1.02 1.02 1.04 1.01 1.05 1.01 1.02 1.02 1.06 1.02 1.03 1.04 1.02 1.04 1.01 1.06 1.02 
1.03 1.01 1.01 1.01 1.04 1.03 1.06 1.04 1.04 1.03 1.04 1.02 1.01 1.03 1.03 1.05 1.01 1.05 1.05 1.02 
1.03 1.04 1.01 1.04 1.04 1.04 1.01 1.03 1.04 1.03 1.02 1.06 1.04 1.03 1.06 1.01 1.03 1.05 1.01 1.04 
1.02 1.02 1.06 1.03 1.02 1.02 1.06 1.04 1.06 1.06 1.04 1.01 1.06 1.04 1.02 1.02 1.01 1.04 1.03 1.06 
1.03 1.02 1.02 1.03 1.06 1.01 1.04 1.05 1.01 1.04 1.05 1.06 1.02 1.04 1.03 1.02 1.04 1.01 1.02 1.06 
1.04 1.05 1.03 1.06 1.06 1.02 1.03 1.06 1.01 1.05 1.05 1.02 1.04 1.02 1.03 1.06 1.01 1.01 1.06 1.02 
1.01 1.02 1.01 1.05 1.01 1.05 1.03 1.05 1.06 1.06 1.05 1.04 1.05 1.02 1.06 1.04 1.01 1.04 1.05 1.06 
1.03 1.05 1.01 1.03 1.03 1.03 1.04 1.03 1.06 1.04 1.01 1.05 1.06 1.01 1.04 1.02 1.03 1.03 1.05 1.03 
1.04 1.05 1.01 1.01 1.05 1.06 1.04 1.05 1.03 1.04 1.03 1.03 1.02 1.02 1.05 1.02 1.02 1.01 1.04 1.05 
1.06 1.02 1.01 1.01 1.03 1.05 1.04 1.02 1.03 1.02 1.06 1.05 1.05 1.04 1.02 1.04 1.05 1.03 1.05 1.06 
1.04 1.06 1.03 1.05 1.06 1.04 1.05 1.05 1.06 1.02 1.01 1.05 1.03 1.04 1.02 1.01 1.02 1.02 1.01 1.04 
1.04 1.04 1.06 1.03 1.01 1.02 1.05 1.03 1.02 1.01 1.01 1.04 1.06 1.05 1.05 1.01 1.06 1.06 1.06 1.01 
1.02 1.02 1.01 1.04 1.02 1.01 1.03 1.02 1.01 1.04 1.05 1.01 1.06 1.06 1.01 1.05 1.05 1.03 1.03 1.03 
1.06 1.04 1.03 1.02 1.03 1.03 1.02 1.02 1.05 1.03 1.06 1.06 1.04 1.02 1.05 1.03 1.04 1.01 1.06 1.04 
1.01 1.02 1.01 1.04 1.06 1.05 1.06 1.06 1.04 1.04 1.02 1.04 1.06 1.02 1.05 1.05 1.01 1.03 1.04 1.05 
1.03 1.01 1.03 1.01 1.03 1.06 1.05 1.01 1.05 1.06 1.05 1.02 1.05 1.06 1.03 1.01 1.04 1.01 1.03 1.01 
1.06 1.03 1.06 1.02 1.03 1.01 1.06 1.02 1.05 1.05 1.05 1.05 1.01 1.01 1.02 1.03 1.04 1.04 1.05 1.03 
1.06 1.02 1.02 1.05 1.05 1.04 1.05 1.03 1.05 1.03 1.02 1.02 1.06 1.01 1.02 1.06 1.01 1.01 1.04 1.04 
1.06 1.04 1.02 1.01 1.04 1.05 1.04 1.04 1.01 1.06 1.04 1.03 1.06 1.01 1.04 1.04 1.04 1.04 1.02 1.04 
1.06 1.01 1.03 1.02 1.05 1.02 1.06 1.01 1.05 1.01 1.01 1.05 1.03 1.06 1.01 1.02 1.06 1.05 1.01 1.03 
1.05 1.06 1.06 1.04 1.05 1.04 1.02 1.04 1.05 1.02 1.02 1.04 1.03 1.01 1.05 1.01 1.02 1.01 1.04 1.05 
1.02 1.04 1.02 1.02 1.04 1.01 1.06 1.05 1.01 1.03 1.05 1.04 1.05 1.06 1.02 1.02 1.02 1.05 1.02 1.02 
1.06 1.02 1.06 1.02 1.05 1.03 1.05 1.03 1.05 1.02 1.03 1.02 1.02 1.06 1.05 1.02 1.05 1.04 1.06 1.04 
1.04 1.05 1.01 1.02 1.05 1.04 1.04 1.05 1.03 1.02 1.02 1.01 1.04 1.06 1.04 1.01 1.03 1.05 1.05 1.04 
1.04 1.02 1.01 1.01 1.01 1.06 1.06 1.06 1.01 1.01 1.05 1.02 1.06 1.03 1.05 1.05 1.04 1.01 1.04 1.06 
1.01 1.05 1.04 1.05 1.04 1.05 1.06 1.01 1.05 1.02 1.05 1.01 1.06 1.01 1.02 1.02 1.04 1.06 1.03 1.01 
1.05 1.03 1.06 1.06 1.05 1.04 1.05 1.06 1.01 1.06 1.03 1.06 1.05 1.06 1.01 1.01 1.06 1.01 1.03 1.02 
1.01 1.02 1.05 1.06 1.02 1.04 1.05 1.04 1.06 1.04 1.03 1.06 1.05 1.05 1.03 1.03 1.04 1.04 1.03 1.04 
1.02 1.05 1.03 1.03 1.03 1.03 1.05 1.06 1.04 1.06 1.01 1.05 1.01 1.04 1.03 1.02 1.04 1.01 1.01 1.05 
1.06 1.02 1.01 1.04 1.02 1.03 1.02 1.04 1.04 1.06 1.02 1.02 1.06 1.05 1.03 1.05 1.04 1.02 1.06 1.05 
1.01 1.02 1.05 1.06 1.04 1.05 1.02 1.01 1.05 1.03 1.02 1.03 1.03 1.04 1.01 1.03 1.01 1.02 1.06 1.04 
1.06 1.03 1.05 1.01 1.01 1.06 1.05 1.01 1.01 1.01 1.03 1.05 1.06 1.05 1.01 1.02 1.04 1.01 1.01 1.02 
1.04 1.05 1.02 1.05 1.05 1.05 1.05 1.04 1.04 1.01 1.05 1.06 1.06 1.05 1.04 1.02 1.06 1.06 1.05 1.01 
1.06 1.06 1.03 1.03 1.06 1.03 1.03 1.02 1.05 1.02 1.06 1.06 1.05 1.06 1.05 1.06 1.02 1.05 1.05 1.05 
1.04 1.01 1.06 1.04 1.06 1.02 1.01 1.04 1.02 1.01 1.04 1.04 1.05 1.02 1.06 1.06 1.06 1.04 1.02 1.05 
1.03 1.02 1.01 1.06 1.01 1.03 1.02 1.04 1.05 1.05 1.04 1.03 1.02 1.03 1.03 1.05 1.02 1.06 1.04 1.01 
1.05 1.02 1.06 1.06 1.06 1.05 1.06 1.01 1.06 1.02 1.06 1.06 1.05 1.01 1.05 1.05 1.03 1.06 1.05 1.03 
1.05 1.02 1.01 1.02 1.06 1.01 1.02 1.05 1.02 1.01 1.04 1.06 1.02 1.01 1.05 1.03 1.05 1.04 1.04 1.05 
1.02 1.05 1.05 1.02 1.05 1.06 1.01 1.06 1.03 1.02 1.04 1.02 1.04 1.02 1.04 1.03 1.03 1.02 1.02 1.05 
1.04 1.06 1.02 1.02 1.05 1.01 1.05 1.01 1.04 1.04 1.02 1.04 1.05 1.02 1.02 1.04 1.01 1.06 1.04 1.02 
1.02 1.03 1.06 1.05 1.03 1.03 1.05 1.03 1.06 1.06 1.05 1.05 1.03 1.05 1.06 1.02 1.05 1.05 1.03 1.02 
1.01 1.03 1.04 1.03 1.02 1.01 1.06 1.02 1.03 1.05 1.06 1.01 1.04 1.04 1.05 1.05 1.05 1.05 1.06 1.04 
1.05 1.03 1.01 1.01 1.02 1.05 1.06 1.01 1.01 1.05 1.02 1.03 1.06 1.01 1.04 1.03 1.03 1.05 1.02 1.01 
1.04 1.02 1.05 1.06 1.06 1.05 1.04 1.03 1.06 1.04 1.04 1.03 1.04 1.01 1.05 1.03 1.06 1.04 1.04 1.04 
1.05 1.01 1.02 1.05 1.05 1.05 1.05 1.05 1.01 1.01 1.06 1.05 1.01 1.01 1.05 1.03 1.01 1.05 1.05 1.02 
1.01 1.05 1.01 1.06 1.06 1.02 1.03 1.04 1.03 1.03 1.02 1.02 1.04 1.03 1.05 1.06 1.01 1.01 1.02 1.04 
1.03 1.02 1.06 1.06 1.05 1.04 1.06 1.04 1.03 1.01 1.02 1.05 1.01 1.01 1.03 1.06 1.04 1.02 1.01 1.02 
1.03 1.04 1.03 1.01 1.05 1.03 1.05 1.05 1.01 1.04 1.05 1.05 1.01 1.05 1.06 1.01 1.06 1.05 1.04 1.04 
1.05 1.05 1.02 1.05 1.02 1.06 1.05 1.05 1.03 1.01 1.06 1.03 1.01 1.05 1.02 1.06 1.06 1.03 1.03 1.06 
1.06 1.02 1.06 1.03 1.04 1.06 1.02 1.01 1.02 1.04 1.01 1.02 1.01 1.06 1.01 1.01 1.06 1.05 1.01 1.06 
1.01 1.05 1.06 1.05 1.02 1.03 1.01 1.01 1.02 1.01 1.02 1.05 1.02 1.04 1.03 1.02 1.01 1.06 1.01 1.06 
1.04 1.04 1.04 1.06 1.06 1.04 1.04 1.01 1.04 1.06 1.02 1.02 1.06 1.02 1.06 1.05 1.03 1.04 1.04 1.06 
1.06 1.04 1.02 1.01 1.02 1.02 1.05 1.03 1.02 1.06 1.01 1.04 1.03 1.01 1.06 1.02 1.01 1.02 1.03 1.04 
1.01 1.03 1.02 1.05 1.04 1.03 1.04 1.06 1.04 1.03 1.02 1.06 1.04 1.06 1.03 1.05 1.04 1.06 1.06 1.04 
1.01 1.02 1.04 1.06 1.04 1.04 1.03 1.01 1.05 1.06 1.02 1.01 1.06 1.04 1.05 1.02 1.06 1.06 1.04 1.05 
1.05 1.03 1.01 1.04 1.02 1.05 1.05 1.05 1.03 1.06 1.04 1.01 1.03 1.03 1.06 1.06 1.05 1.06 1.01 1.05 
1.06 1.03 1.04 1.05 1.04 1.04 1.06 1.03 1.06 1.05 1.05 1.01 1.06 1.06 1.01 1.04 1.01 1.05 1.03 1.02 
1.04 1.05 1.04 1.05 1.05 1.05 1.04 1.03 1.02 1.05 1.03 1.01 1.04 1.06 1.01 1.05 1.01 1.01 1.01 1.01 
1.02 1.04 1.03 1.02 1.03 1.02 1.01 1.06 1.06 1.04 1.05 1.06 1.03 1.03 1.03 1.05 1.06 1.02 1.04 1.02 
1.05 1.03 1.03 1.02 1.01 1.04 1.05 1.06 1.03 1.06 1.01 1.04 1.04 1.05 1.02 1.04 1.02 1.01 1.01 1.03 
1.06 1.06 1.05 1.03 1.03 1.01 1.01 1.05 1.03 1.03 1.04 1.06 1.04 1.02 1.05 1.03 1.01 1.06 1.05 1.05 
1.05 1.03 1.06 1.05 1.05 1.03 1.05 1.06 1.03 1.01 1.04 1.01 1.06 1.05 1.02 1.02 1.06 1.06 1.04 1.03 
1.06 1.02 1.05 1.02 1.05 1.04 1.06 1.03 1.06 1.06 1.05 1.05 1.02 1.03 1.02 1.05 1.03 1.03 1.01 1.04 
1.04 1.04 1.06 1.03 1.06 1.01 1.01 1.06 1.03 1.04 1.01 1.04 1.03 1.04 1.02 1.01 1.05 1.01 1.04 1.03 
1.01 1.03 1.01 1.04 1.06 1.06 1.04 1.05 1.06 1.05 1.04 1.03 1.05 1.04 1.01 1.02 1.04 1.05 1.02 1.06 
1.03 1.03 1.04 1.02 1.05 1.03 1.05 1.04 1.03 1.03 1.01 1.04 1.05 1.05 1.04 1.05 1.06 1.06 1.06 1.06 
1.02 1.04 1.04 1.06 1.01 1.04 1.04 1.01 1.01 1.03 1.03 1.01 1.02 1.03 1.01 1.06 1.03 1.02 1.06 1.01 
1.06 1.05 1.02 1.04 1.03 1.03 1.04 1.04 1.03 1.05 1.05 1.05 1.06 1.04 1.03 1.06 1.03 1.02 1.03 1.05 
1.06 1.01 1.02 1.05 1.03 1.02 1.02 1.05 1.05 1.03 1.04 1.03 1.02 1.03 1.03 1.02 1.01 1.05 1.04 1.05 
1.05 1.01 1.03 1.01 1.03 1.01 1.01 1.02 1.02 1.02 1.02 1.01 1.01 1.01 1.01 1.02 1.05 1.06 1.02 1.02 
1.06 1.06 1.03 1.01 1.02 1.03 1.05 1.05 1.01 1.06 1.04 1.05 1.05 1.05 1.02 1.02 1.04 1.03 1.01 1.05 
1.02 1.04 1.06 1.02 1.03 1.03 1.04 1.03 1.04 1.01 1.04 1.04 1.05 1.03 1.05 1.06 1.04 1.05 1.04 1.06 
1.04 1.01 1.02 1.01 1.02 1.01 1.05 1.01 1.03 1.06 1.02 1.06 1.04 1.04 1.05 1.02 1.03 1.01 1.05 1.02 
1.02 1.04 1.02 1.04 1.02 1.02 1.01 1.01 1.05 1.05 1.04 1.06 1.03 1.02 1.01 1.01 1.06 1.02 1.04 1.03 
1.04 1.04 1.06 1.03 1.04 1.04 1.05 1.06 1.05 1.03 1.04 1.04 1.02 1.05 1.04 1.01 1.02 1.02 1.03 1.05 
1.06 1.03 1.04 1.06 1.03 1.04 1.05 1.04 1.05 1.06 1.05 1.03 1.02 1.03 1.01 1.05 1.02 1.06 1.01 1.04 
1.06 1.06 1.03 1.02 1.06 1.06 1.06 1.03 1.06 1.04 1.03 1.05 1.05 1.01 1.06 1.05 1.03 1.05 1.05 1.04 
1.04 1.04 1.04 1.02 1.04 1.04 1.04 1.05 1.04 1.02 1.02 1.01 1.04 1.04 1.06 1.05 1.02 1.03 1.01 1.01 
1.06 1.04 1.04 1.04 1.01 1.06 1.02 1.02 1.03 1.02 1.03 1.04 1.02 1.06 1.04 1.05 1.04 1.03 1.01 1.04 
1.01 1.03 1.06 1.01 1.02 1.02 1.02 1.02 1.06 1.04 1.01 1.03 1.02 1.03 1.06 1.03 1.04 1.06 1.03 1.05 
1.05 1.01 1.05 1.06 1.06 1.03 1.04 1.05 1.03 1.06 1.02 1.01 1.03 1.05 1.03 1.06 1.05 1.04 1.02 1.03 
1.03 1.05 1.06 1.05 1.05 1.03 1.01 1.04 1.01 1.02 1.02 1.05 1.04 1.03 1.04 1.05 1.01 1.03 1.04 1.02 
1.04 1.01 1.02 1.01 1.02 1.05 1.05 1.02 1.01 1.05 1.04 1.05 1.01 1.02 1.05 1.06 1.06 1.04 1.02 1.06 
1.05 1.01 1.01 1.04 1.03 1.03 1.02 1.06 1.01 1.03 1.02 1.03 1.01 1.06 1.05 1.03 1.03 1.04 1.04 1.04 
1.05 1.01 1.02 1.02 1.05 1.06 1.01 1.05 1.04 1.02 1.06 1.06 1.04 1.05 1.04 1.02 1.04 1.02 1.05 1.04 
1.04 1.01 1.02 1.02 1.01 1.01 1.01 1.01 1.01 1.06 1.04 1.02 1.04 1.05 1.05 1.03 1.04 1.05 1.06 1.06 
1.06 1.01 1.01 1.05 1.01 1.04 1.01 1.02 1.03 1.03 1.06 1.06 1.03 1.06 1.03 1.06 1.01 1.06 1.05 1.04 
1.02 1.01 1.03 1.06 1.06 1.03 1.01 1.04 1.01 1.06 1.02 1.05 1.04 1.02 1.03 1.04 1.05 1.05 1.04 1.01 
1.01 1.02 1.01 1.02 1.03 1.06 1.04 1.03 1.03 1.06 1.02 1.02 1.03 1.04 1.02 1.02 1.06 1.06 1.06 1.04 
1.02 1.04 1.04 1.03 1.02 1.03 1.04 1.02 1.06 1.01 1.02 1.01 1.02 1.06 1.02 1.05 1.06 1.06 1.03 1.06 
1.06 1.04 1.01 1.05 1.02 1.01 1.06 1.01 1.01 1.02 1.03 1.06 1.03 1.01 1.04 1.06 1.05 1.03 1.05 1.06 
1.05 1.04 1.06 1.05 1.06 1.03 1.02 1.04 1.05 1.03 1.04 1.04 1.05 1.06 1.01 1.04 1.02 1.05 1.02 1.06 
1.05 1.02 1.02 1.04 1.02 1.05 1.02 1.01 1.06 1.05 1.02 1.02 1.03 1.03 1.04 1.01 1.05 1.05 1.06 1.06 
1.05 1.06 1.05 1.03 1.06 1.03 1.03 1.02 1.04 1.06 1.06 1.02 1.01 1.04 1.01 1.01 1.03 1.06 1.04 1.01 
1.05 1.01 1.01 1.01 1.04 1.02 1.02 1.04 1.06 1.05 1.06 1.05 1.06 1.02 1.01 1.02 1.05 1.01 1.04 1.05 
1.02 1.03 1.04 1.04 1.03 1.04 1.05 1.01 1.02 1.02 1.01 1.03 1.05 1.05 1.05 1.06 1.06 1.03 1.02 1.04 
1.04 1.06 1.04 1.05 1.03 1.03 1.06 1.03 1.01 1.04 1.05 1.03 1.01 1.04 1.01 1.02 1.04 1.04 1.06 1.01 
1.02 1.02 1.06 1.04 1.03 1.01 1.02 1.06 1.04 1.06 1.05 1.06 1.06 1.01 1.02 1.04 1.02 1.04 1.06 1.01 
1.03 1.04 1.05 1.05 1.06 1.01 1.02 1.02 1.01 1.06 1.03 1.03 1.04 1.02 1.05 1.01 1.01 1.03 1.05 1.06 
1.05 1.05 1.04 1.01 1.06 1.03 1.04 1.04 1.02 1.03 1.02 1.06 1.06 1.01 1.06 1.01 1.06 1.02 1.04 1.05 
1.04 1.01 1.04 1.04 1.01 1.06 1.02 1.01 1.06 1.05 1.04 1.01 1.06 1.06 1.05 1.06 1.02 1.02 1.01 1.02 
1.04 1.04 1.02 1.03 1.05 1.02 1.04 1.02 1.05 1.04 1.06 1.05 1.03 1.06 1.05 1.05 1.01 1.06 1.05 1.02 
1.01 1.05 1.05 1.06 1.05 1.03 1.06 1.04 1.05 1.06 1.04 1.06 1.06 1.01 1.03 1.03 1.06 1.03 1.05 1.04 
1.03 1.03 1.05 1.01 1.01 1.01 1.03 1.01 1.02 1.04 1.03 1.01 1.04 1.04 1.03 1.04 1.03 1.05 1.03 1.01 
1.02 1.02 1.05 1.03 1.05 1.02 1.01 1.02 1.01 1.03 1.02 1.01 1.03 1.04 1.06 1.04 1.06 1.05 1.04 1.01 
1.05 1.04 1.04 1.06 1.04 1.02 1.02 1.06 1.05 1.02 1.01 1.02 1.03 1.06 1.04 1.03 1.04 1.03 1.04 1.04 
1.03 1.01 1.06 1.05 1.04 1.01 1.06 1.01 1.02 1.02 1.06 1.05 1.01 1.04 1.02 1.05 1.05 1.01 1.01 1.02 
1.03 1.05 1.04 1.05 1.01 1.04 1.04 1.02 1.03 1.06 1.01 1.04 1.03 1.03 1.05 1.04 1.04 1.05 1.06 1.01 
1.05 1.06 1.06 1.04 1.05 1.06 1.04 1.03 1.04 1.01 1.04 1.03 1.04 1.01 1.06 1.02 1.03 1.02 1.05 1.01 
1.03 1.03 1.02 1.02 1.01 1.01 1.01 1.05 1.02 1.02 1.06 1.04 1.06 1.01 1.05 1.04 1.02 1.02 1.03 1.01 
1.02 1.06 1.03 1.06 1.06 1.04 1.04 1.02 1.01 1.04 1.03 1.01 1.03 1.06 1.04 1.03 1.04 1.03 1.04 1.03 
1.01 1.04 1.06 1.03 1.05 1.01 1.02 1.02 1.02 1.05 1.03 1.01 1.01 1.04 1.03 1.06 1.02 1.02 1.01 1.06 
1.02 1.04 1.03 1.04 1.05 1.04 1.03 1.06 1.05 1.03 1.05 1.03 1.03 1.04 1.06 1.04 1.01 1.06 1.04 1.04 
1.01 1.01 1.04 1.03 1.04 1.05 1.04 1.06 1.03 1.02 1.05 1.03 1.03 1.02 1.04 1.02 1.02 1.03 1.03 1.06 
1.02 1.02 1.06 1.05 1.01 1.01 1.01 1.06 1.03 1.05 1.04 1.01 1.02 1.03 1.03 1.04 1.01 1.02 1.02 1.03 
1.05 1.01 1.06 1.06 1.02 1.01 1.05 1.02 1.06 1.01 1.03 1.02 1.05 1.02 1.03 1.02 1.04 1.05 1.01 1.01 
1.06 1.02 1.01 1.04 1.06 1.02 1.06 1.04 1.01 1.05 1.06 1.02 1.06 1.03 1.05 1.03 1.04 1.05 1.04 1.02 
1.02 1.04 1.01 1.03 1.05 1.01 1.05 1.03 1.02 1.05 1.06 1.04 1.02 1.06 1.06 1.05 1.01 1.02 1.01 1.02 
1.01 1.01 1.05 1.03 1.01 1.05 1.06 1.06 1.01 1.06 1.01 1.03 1.01 1.04 1.04 1.04 1.05 1.04 1.01 1.05 
1.05 1.03 1.01 1.06 1.05 1.02 1.06 1.02 1.06 1.05 1.04 1.01 1.03 1.01 1.03 1.05 1.03 1.03 1.01 1.04 
1.04 1.04 1.06 1.06 1.01 1.03 1.04 1.02 1.04 1.03 1.03 1.03 1.02 1.03 1.03 1.06 1.03 1.02 1.03 1.04 
1.06 1.02 1.02 1.06 1.06 1.01 1.06 1.05 1.05 1.01 1.02 1.01 1.04 1.03 1.01 1.02 1.01 1.03 1.03 1.01 
1.03 1.01 1.05 1.05 1.02 1.03 1.06 1.03 1.02 1.06 1.01 1.01 1.01 1.01 1.02 1.04 1.03 1.05 1.06 1.04 
1.02 1.03 1.06 1.02 1.05 1.05 1.04 1.06 1.01 1.03 1.06 1.06 1.02 1.01 1.02 1.06 1.06 1.03 1.06 1.05 
1.02 1.02 1.04 1.04 1.05 1.03 1.02 1.06 1.04 1.04 1.03 1.03 1.04 1.03 1.06 1.02 1.04 1.02 1.01 1.05 
1.02 1.05 1.05 1.02 1.01 1.03 1.04 1.02 1.01 1.05 1.06 1.01 1.05 1.04 1.03 1.02 1.01 1.02 1.02 1.01 
1.04 1.05 1.02 1.05 1.03 1.03 1.03 1.03 1.01 1.04 1.06 1.06 1.01 1.01 1.02 1.06 1.01 1.06 1.05 1.04 
1.05 1.01 1.06 1.06 1.03 1.05 1.01 1.02 1.06 1.03 1.02 1.01 1.04 1.04 1.02 1.01 1.02 1.05 1.06 1.05 
1.03 1.01 1.01 1.01 1.04 1.01 1.05 1.03 1.03 1.04 1.05 1.02 1.04 1.01 1.06 1.03 1.06 1.03 1.02 1.05 
1.03 1.06 1.03 1.03 1.04 1.02 1.05 1.06 1.06 1.02 1.02 1.03 1.03 1.02 1.03 1.01 1.06 1.01 1.05 1.02 
1.06 1.04 1.03 1.03 1.01 1.03 1.04 1.05 1.01 1.03 1.06 1.06 1.05 1.03 1.01 1.01 1.05 1.03 1.01 1.02 
1.04 1.04 1.04 1.05 1.06 1.01 1.03 1.01 1.02 1.05 1.03 1.04 1.06 1.06 1.04 1.06 1.01 1.06 1.01 1.05 
1.03 1.01 1.05 1.04 1.02 1.06 1.06 1.01 1.05 1.05 1.04 1.04 1.06 1.02 1.01 1.06 1.06 1.06 1.06 1.02 
1.02 1.03 1.03 1.04 1.01 1.02 1.04 1.05 1.04 1.04 1.04 1.02 1.03 1.02 1.06 1.02 1.06 1.02 1.03 1.04 
1.01 1.02 1.01 1.04 1.04 1.05 1.04 1.03 1.05 1.01 1.04 1.03 1.03 1.03 1.01 1.02 1.05 1.02 1.03 1.02 
1.01 1.03 1.01 1.01 1.01 1.06 1.01 1.04 1.06 1.05 1.03 1.01 1.06 1.02 1.02 1.04 1.04 1.03 1.03 1.02 
1.03 1.06 1.03 1.05 1.02 1.06 1.01 1.05 1.06 1.02 1.03 1.02 1.03 1.01 1.02 1.05 1.03 1.02 1.04 1.01 
1.01 1.02 1.02 1.02 1.02 1.01 1.01 1.03 1.04 1.02 1.06 1.01 1.04 1.05 1.02 1.01 1.03 1.02 1.04 1.01 
1.04 1.04 1.03 1.03 1.04 1.02 1.01 1.06 1.06 1.02 1.02 1.04 1.03 1.04 1.02 1.01 1.04 1.03 1.06 1.04 
1.02 1.05 1.04 1.02 1.02 1.02 1.04 1.01 1.03 1.06 1.01 1.02 1.06 1.02 1.03 1.06 1.03 1.05 1.03 1.03 
1.03 1.03 1.01 1.06 1.03 1.05 1.02 1.05 1.04 1.06 1.05 1.01 1.05 1.05 1.03 1.03 1.06 1.04 1.02 1.02 
1.04 1.01 1.02 1.03 1.05 1.01 1.05 1.02 1.05 1.05 1.03 1.05 1.01 1.05 1.06 1.04 1.04 1.03 1.04 1.04 
1.03 1.01 1.01 1.01 1.02 1.02 1.05 1.03 1.01 1.03 1.05 1.04 1.01 1.03 1.03 1.01 1.06 1.03 1.02 1.02 
1.06 1.06 1.03 1.05 1.02 1.05 1.01 1.03 1.04 1.06 1.06 1.05 1.04 1.04 1.03 1.04 1.04 1.03 1.01 1.06 
1.06 1.03 1.06 1.02 1.01 1.02 1.02 1.04 1.01 1.06 1.03 1.01 1.01 1.03 1.05 1.06 1.06 1.01 1.02 1.06 
1.02 1.02 1.06 1.01 1.02 1.01 1.02 1.05 1.01 1.04 1.06 1.05 1.05 1.06 1.04 1.06 1.06 1.03 1.05 1.05 
1.01 1.06 1.06 1.02 1.04 1.06 1.01 1.03 1.01 1.01 1.02 1.01 1.01 1.03 1.01 1.01 1.05 1.02 1.02 1.02 
1.06 1.03 1.06 1.06 1.04 1.06 1.06 1.01 1.04 1.05 1.03 1.04 1.04 1.05 1.03 1.04 1.02 1.05 1.01 1.05 
1.03 1.03 1.06 1.03 1.01 1.01 1.02 1.04 1.05 1.01 1.05 1.04 1.05 1.06 1.05 1.01 1.04 1.01 1.05 1.02 
1.02 1.06 1.03 1.06 1.04 1.03 1.02 1.06 1.06 1.04 1.06 1.02 1.02 1.05 1.02 1.05 1.01 1.03 1.03 1.03 
1.05 1.02 1.06 1.02 1.05 1.01 1.03 1.01 1.06 1.03 1.05 1.01 1.06 1.01 1.03 1.03 1.01 1.02 1.02 1.02 
1.04 1.01 1.05 1.05 1.05 1.06 1.01 1.06 1.04 1.05 1.04 1.03 1.04 1.01 1.01 1.01 1.05 1.04 1.04 1.03 
1.01 1.06 1.06 1.05 1.06 1.06 1.01 1.04 1.06 1.02 1.06 1.05 1.01 1.02 1.06 1.06 1.01 1.05 1.04 1.05 
1.04 1.03 1.03 1.02 1.03 1.05 1.06 1.02 1.01 1.05 1.05 1.01 1.01 1.02 1.06 1.04 1.04 1.05 1.04 1.04 
1.05 1.04 1.05 1.06 1.03 1.06 1.03 1.05 1.01 1.06 1.06 1.01 1.01 1.01 1.05 1.05 1.04 1.02 1.02 1.01 
1.02 1.06 1.03 1.03 1.03 1.02 1.04 1.03 1.03 1.04 1.06 1.06 1.04 1.04 1.02 1.06 1.01 1.03 1.05 1.05 
1.05 1.04 1.01 1.05 1.06 1.03 1.02 1.02 1.06 1.02 1.01 1.01 1.02 1.06 1.06 1.06 1.02 1.02 1.04 1.04 
1.06 1.01 1.05 1.05 1.02 1.01 1.05 1.02 1.06 1.02 1.02 1.05 1.06 1.05 1.02 1.02 1.02 1.01 1.02 1.01 
1.02 1.02 1.04 1.04 1.06 1.05 1.06 1.04 1.04 1.02 1.06 1.04 1.01 1.04 1.02 1.05 1.04 1.02 1.02 1.03 
1.05 1.06 1.04 1.01 1.03 1.05 1.03 1.03 1.02 1.03 1.06 1.05 1.02 1.01 1.01 1.01 1.03 1.05 1.02 1.06 
1.04 1.06 1.03 1.02 1.06 1.03 1.03 1.03 1.06 1.01 1.01 1.06 1.02 1.03 1.02 1.03 1.04 1.04 1.06 1.04 
1.06 1.06 1.01 1.03 1.02 1.02 1.02 1.02 1.03 1.04 1.02 1.01 1.02 1.04 1.02 1.01 1.01 1.01 1.03 1.06 
1.03 1.06 1.06 1.01 1.03 1.01 1.02 1.02 1.03 1.02 1.06 1.02 1.05 1.02 1.03 1.03 1.05 1.02 1.02 1.04 
1.01 1.04 1.04 1.02 1.06 1.04 1.05 1.04 1.03 1.06 1.04 1.05 1.06 1.06 1.04 1.05 1.06 1.02 1.05 1.02 
1.05 1.03 1.05 1.04 1.06 1.06 1.06 1.01 1.04 1.01 1.05 1.06 1.04 1.05 1.05 1.02 1.03 1.06 1.06 1.03 
1.06 1.03 1.02 1.05 1.01 1.04 1.02 1.06 1.01 1.06 1.01 1.02 1.01 1.06 1.01 1.01 1.05 1.03 1.01 1.02 
1.01 1.05 1.05 1.02 1.06 1.05 1.05 1.04 1.01 1.05 1.06 1.01 1.06 1.05 1.02 1.05 1.03 1.02 1.01 1.03 
1.02 1.02 1.06 1.02 1.01 1.03 1.04 1.04 1.01 1.05 1.04 1.04 1.05 1.01 1.01 1.05 1.06 1.01 1.04 1.05 
1.02 1.01 1.01 1.05 1.06 1.01 1.04 1.02 1.04 1.03 1.03 1.06 1.02 1.06 1.03 1.02 1.02 1.05 1.03 1.04 
1.04 1.06 1.03 1.06 1.05 1.01 1.03 1.01 1.01 1.05 1.03 1.03 1.06 1.04 1.03 1.04 1.05 1.02 1.04 1.01 
1.01 1.03 1.02 1.05 1.02 1.05 1.04 1.04 1.03 1.01 1.03 1.06 1.05 1.04 1.04 1.01 1.04 1.02 1.01 1.03 
1.01 1.01 1.02 1.01 1.02 1.04 1.04 1.04 1.03 1.04 1.05 1.01 1.03 1.04 1.05 1.02 1.03 1.05 1.03 1.02 
1.04 1.01 1.04 1.02 1.04 1.05 1.06 1.04 1.06 1.01 1.02 1.05 1.04 1.03 1.06 1.04 1.05 1.01 1.01 1.05 
1.02 1.06 1.04 1.06 1.02 1.06 1.01 1.02 1.05 1.05 1.03 1.03 1.04 1.03 1.04 1.01 1.02 1.06 1.06 1.04 
1.03 1.02 1.01 1.06 1.03 1.05 1.05 1.03 1.06 1.03 1.01 1.01 1.05 1.05 1.05 1.03 1.05 1.03 1.01 1.03 
1.06 1.03 1.02 1.06 1.02 1.03 1.04 1.01 1.02 1.03 1.06 1.06 1.04 1.01 1.02 1.01 1.05 1.03 1.01 1.03 
1.01 1.06 1.02 1.04 1.02 1.03 1.04 1.05 1.01 1.01 1.01 1.01 1.01 1.02 1.04 1.04 1.04 1.03 1.04 1.02 
1.02 1.04 1.02 1.05 1.02 1.01 1.03 1.01 1.03 1.05 1.05 1.01 1.06 1.06 1.04 1.05 1.05 1.05 1.03 1.05 
1.06 1.05 1.05 1.02 1.01 1.04 1.04 1.03 1.05 1.02 1.02 1.05 1.05 1.03 1.02 1.03 1.06 1.02 1.06 1.05 
1.06 1.05 1.03 1.04 1.02 1.03 1.05 1.02 1.06 1.01 1.06 1.06 1.02 1.03 1.05 1.01 1.01 1.02 1.06 1.04 
1.04 1.06 1.03 1.05 1.02 1.02 1.03 1.03 1.06 1.05 1.03 1.05 1.06 1.03 1.03 1.01 1.04 1.02 1.02 1.06 
1.06 1.01 1.02 1.03 1.03 1.04 1.03 1.03 1.05 1.02 1.01 1.06 1.03 1.03 1.01 1.04 1.04 1.01 1.01 1.03 
1.01 1.04 1.02 1.04 1.01 1.02 1.06 1.01 1.02 1.05 1.05 1.01 1.02 1.01 1.06 1.01 1.01 1.05 1.05 1.05 
1.03 1.01 1.04 1.02 1.06 1.03 1.04 1.02 1.03 1.02 1.06 1.03 1.06 1.06 1.03 1.04 1.04 1.04 1.01 1.06 
1.05 1.06 1.02 1.03 1.02 1.05 1.04 1.01 1.02 1.02 1.05 1.06 1.03 1.01 1.04 1.01 1.04 1.06 1.01 1.04 
1.03 1.05 1.03 1.04 1.05 1.03 1.05 1.01 1.04 1.01 1.06 1.05 1.06 1.03 1.02 1.03 1.06 1.04 1.04 1.06 
1.02 1.01 1.02 1.04 1.01 1.04 1.03 1.03 1.04 1.06 1.04 1.06 1.01 1.02 1.03 1.03 1.06 1.01 1.03 1.04 
1.03 1.05 1.05 1.05 1.05 1.04 1.04 1.02 1.04 1.06 1.06 1.04 1.01 1.02 1.01 1.03 1.05 1.06 1.02 1.05 
1.05 1.03 1.03 1.05 1.06 1.02 1.06 1.06 1.02 1.01 1.06 1.02 1.06 1.02 1.04 1.03 1.05 1.03 1.04 1.04 
1.01 1.04 1.03 1.04 1.03 1.05 1.02 1.02 1.03 1.05 1.06 1.01 1.04 1.05 1.03 1.02 1.02 1.03 1.06 1.01 
1.02 1.03 1.04 1.04 1.02 1.02 1.03 1.06 1.01 1.06 1.02 1.03 1.01 1.03 1.02 1.01 1.02 1.03 1.03 1.05 
1.05 1.01 1.01 1.06 1.03 1.04 1.05 1.06 1.06 1.06 1.06 1.01 1.03 1.02 1.04 1.01 1.05 1.01 1.05 1.04 
1.01 1.02 1.05 1.02 1.02 1.01 1.01 1.06 1.02 1.02 1.03 1.03 1.01 1.02 1.03 1.06 1.02 1.02 1.03 1.02 
1.05 1.04 1.02 1.04 1.03 1.02 1.06 1.05 1.01 1.06 1.05 1.02 1.05 1.05 1.03 1.05 1.01 1.04 1.04 1.06 
1.03 1.05 1.04 1.05 1.06 1.01 1.01 1.06 1.04 1.06 1.01 1.03 1.05 1.01 1.02 1.01 1.02 1.04 1.04 1.04 
1.05 1.03 1.03 1.04 1.02 1.03 1.04 1.03 1.03 1.06 1.01 1.03 1.04 1.04 1.06 1.06 1.01 1.06 1.03 1.01 
1.04 1.06 1.04 1.06 1.01 1.03 1.02 1.01 1.06 1.04 1.05 1.01 1.01 1.02 1.01 1.05 1.06 1.02 1.02 1.05 
1.04 1.01 1.04 1.06 1.06 1.02 1.02 1.01 1.03 1.05 1.03 1.05 1.06 1.04 1.06 1.01 1.04 1.01 1.01 1.03 
1.03 1.06 1.01 1.02 1.03 1.01 1.05 1.05 1.03 1.04 1.04 1.04 1.06 1.06 1.02 1.05 1.02 1.05 1.06 1.03 
1.06 1.04 1.04 1.01 1.05 1.02 1.01 1.05 1.04 1.01 1.06 1.06 1.05 1.06 1.02 1.06 1.05 1.04 1.02 1.01 
1.01 1.01 1.05 1.03 1.04 1.06 1.02 1.05 1.02 1.01 1.06 1.05 1.01 1.01 1.05 1.05 1.04 1.06 1.03 1.06 
1.02 1.02 1.01 1.03 1.02 1.02 1.02 1.04 1.02 1.03 1.05 1.04 1.03 1.05 1.05 1.03 1.01 1.05 1.06 1.04 
1.04 1.01 1.05 1.03 1.06 1.06 1.03 1.06 1.01 1.03 1.05 1.05 1.03 1.04 1.06 1.01 1.02 1.03 1.02 1.03 
1.02 1.04 1.06 1.03 1.03 1.02 1.02 1.01 1.02 1.06 1.04 1.03 1.01 1.01 1.03 1.04 1.05 1.03 1.01 1.02 
1.03 1.06 1.03 1.02 1.05 1.06 1.05 1.02 1.03 1.02 1.05 1.06 1.06 1.05 1.05 1.05 1.02 1.04 1.06 1.03 
1.02 1.01 1.05 1.05 1.04 1.04 1.01 1.03 1.04 1.06 1.02 1.06 1.03 1.03 1.01 1.01 1.06 1.04 1.03 1.03 
1.02 1.05 1.05 1.01 1.01 1.02 1.02 1.04 1.03 1.02 1.02 1.04 1.05 1.06 1.01 1.01 1.05 1.01 1.05 1.03 
1.02 1.02 1.03 1.05 1.03 1.05 1.05 1.02 1.01 1.02 1.04 1.02 1.06 1.05 1.04 1.01 1.02 1.06 1.02 1.05 
1.01 1.02 1.01 1.03 1.03 1.01 1.04 1.02 1.03 1.06 1.01 1.01 1.05 1.05 1.05 1.04 1.01 1.02 1.01 1.02 
1.03 1.02 1.02 1.01 1.06 1.02 1.04 1.02 1.05 1.03 1.03 1.02 1.04 1.04 1.02 1.03 1.05 1.01 1.05 1.02 
1.03 1.04 1.02 1.04 1.01 1.03 1.03 1.02 1.02 1.02 1.04 1.01 1.03 1.05 1.04 1.05 1.06 1.06 1.02 1.02 
1.02 1.03 1.05 1.04 1.04 1.06 1.04 1.05 1.04 1.04 1.06 1.06 1.01 1.02 1.04 1.03 1.05 1.06 1.03 1.06 
1.01 1.01 1.01 1.02 1.03 1.03 1.03 1.05 1.02 1.05 1.05 1.06 1.01 1.02 1.03 1.03 1.02 1.04 1.04 1.04 
1.05 1.05 1.04 1.03 1.04 1.01 1.06 1.04 1.04 1.04 1.03 1.06 1.05 1.01 1.05 1.06 1.03 1.01 1.01 1.03 
1.01 1.05 1.01 1.03 1.02 1.06 1.02 1.04 1.01 1.06 1.01 1.01 1.02 1.04 1.01 1.06 1.05 1.04 1.06 1.02 
1.06 1.01 1.05 1.05 1.01 1.04 1.04 1.05 1.03 1.06 1.02 1.03 1.04 1.05 1.02 1.06 1.03 1.01 1.04 1.04 
1.06 1.04 1.06 1.06 1.03 1.02 1.05 1.02 1.04 1.03 1.04 1.01 1.06 1.01 1.02 1.03 1.01 1.01 1.02 1.01 
1.04 1.04 1.05 1.02 1.04 1.01 1.06 1.02 1.02 1.01 1.05 1.01 1.03 1.01 1.04 1.06 1.02 1.05 1.01 1.06 
1.02 1.05 1.05 1.03 1.04 1.05 1.04 1.02 1.01 1.06 1.06 1.02 1.05 1.03 1.06 1.06 1.03 1.04 1.01 1.05 
1.03 1.03 1.06 1.06 1.01 1.03 1.03 1.03 1.05 1.03 1.03 1.01 1.04 1.06 1.03 1.03 1.05 1.06 1.05 1.03 
1.06 1.06 1.02 1.06 1.03 1.05 1.01 1.06 1.01 1.03 1.02 1.03 1.06 1.05 1.01 1.03 1.01 1.04 1.05 1.02 
1.04 1.04 1.03 1.02 1.06 1.04 1.02 1.06 1.02 1.04 1.06 1.01 1.03 1.02 1.02 1.06 1.05 1.04 1.02 1.05 
1.04 1.06 1.06 1.05 1.02 1.04 1.06 1.05 1.05 1.04 1.01 1.03 1.03 1.04 1.06 1.04 1.02 1.03 1.01 1.02 
1.05 1.06 1.06 1.05 1.06 1.04 1.03 1.03 1.05 1.02 1.04 1.06 1.04 1.04 1.01 1.03 1.06 1.02 1.01 1.06 
1.01 1.03 1.03 1.01 1.04 1.04 1.05 1.05 1.03 1.03 1.02 1.03 1.03 1.06 1.01 1.04 1.02 1.06 1.03 1.04 
1.01 1.03 1.02 1.06 1.03 1.06 1.01 1.02 1.01 1.06 1.01 1.01 1.06 1.01 1.05 1.01 1.03 1.06 1.06 1.06 
1.02 1.06 1.05 1.04 1.05 1.02 1.03 1.02 1.04 1.03 1.05 1.03 1.03 1.04 1.04 1.06 1.05 1.01 1.03 1.03 
1.01 1.01 1.06 1.03 1.03 1.06 1.06 1.03 1.03 1.03 1.05 1.03 1.02 1.06 1.01 1.01 1.02 1.04 1.03 1.02 
1.02 1.06 1.03 1.05 1.05 1.05 1.02 1.05 1.02 1.06 1.01 1.04 1.04 1.03 1.02 1.01 1.05 1.02 1.04 1.04 
1.01 1.03 1.02 1.04 1.03 1.03 1.04 1.05 1.02 1.03 1.03 1.03 1.03 1.03 1.03 1.05 1.06 1.06 1.04 1.05 
1.02 1.05 1.05 1.05 1.01 1.05 1.05 1.04 1.04 1.05 1.03 1.04 1.06 1.05 1.01 1.01 1.03 1.03 1.05 1.04 
1.01 1.03 1.01 1.06 1.03 1.05 1.04 1.06 1.05 1.01 1.05 1.05 1.06 1.03 1.02 1.01 1.05 1.05 1.01 1.04 
1.04 1.02 1.04 1.04 1.02 1.05 1.01 1.04 1.06 1.01 1.04 1.06 1.04 1.01 1.01 1.06 1.01 1.06 1.02 1.03 
1.01 1.02 1.01 1.05 1.01 1.02 1.04 1.06 1.04 1.02 1.01 1.02 1.05 1.05 1.06 1.02 1.05 1.06 1.05 1.06 
1.01 1.03 1.05 1.05 1.02 1.03 1.06 1.02 1.02 1.06 1.05 1.06 1.06 1.01 1.06 1.01 1.06 1.02 1.02 1.01 
1.05 1.02 1.06 1.02 1.06 1.04 1.03 1.01 1.04 1.06 1.01 1.06 1.02 1.01 1.05 1.01 1.03 1.06 1.05 1.05 
1.06 1.05 1.02 1.06 1.02 1.04 1.05 1.06 1.05 1.05 1.04 1.03 1.01 1.06 1.05 1.02 1.05 1.05 1.01 1.04 
1.04 1.02 1.03 1.05 1.05 1.03 1.06 1.05 1.06 1.04 1.04 1.02 1.02 1.01 1.06 1.03 1.06 1.04 1.01 1.01 
1.02 1.01 1.02 1.02 1.02 1.01 1.06 1.01 1.04 1.02 1.04 1.05 1.06 1.06 1.01 1.05 1.02 1.05 1.03 1.06 
1.04 1.01 1.05 1.06 1.05 1.04 1.01 1.01 1.03 1.05 1.06 1.06 1.02 1.04 1.05 1.06 1.01 1.02 1.05 1.06 
1.05 1.05 1.06 1.02 1.04 1.03 1.06 1.03 1.06 1.02 1.02 1.01 1.05 1.02 1.02 1.01 1.01 1.04 1.03 1.03 
1.03 1.02 1.06 1.05 1.04 1.06 1.05 1.05 1.05 1.06 1.01 1.05 1.01 1.02 1.06 1.02 1.02 1.01 1.01 1.04 
1.01 1.01 1.01 1.06 1.04 1.02 1.02 1.02 1.06 1.03 1.02 1.06 1.01 1.02 1.06 1.03 1.03 1.04 1.06 1.03 
1.04 1.01 1.02 1.06 1.06 1.04 1.03 1.05 1.06 1.05 1.06 1.03 1.05 1.04 1.03 1.06 1.02 1.03 1.04 1.04 
1.06 1.04 1.06 1.01 1.02 1.03 1.04 1.02 1.03 1.06 1.05 1.01 1.05 1.02 1.02 1.04 1.04 1.03 1.03 1.02 
1.06 1.04 1.05 1.01 1.02 1.04 1.02 1.06 1.01 1.02 1.04 1.02 1.02 1.01 1.04 1.05 1.06 1.03 1.04 1.05 
1.04 1.01 1.06 1.02 1.05 1.03 1.02 1.03 1.01 1.05 1.02 1.06 1.06 1.03 1.04 1.04 1.03 1.01 1.02 1.01 
1.03 1.05 1.06 1.05 1.02 1.03 1.05 1.02 1.04 1.02 1.04 1.03 1.04 1.04 1.05 1.02 1.04 1.01 1.03 1.02 
1.02 1.02 1.05 1.02 1.06 1.05 1.03 1.05 1.03 1.03 1.03 1.02 1.03 1.06 1.06 1.04 1.06 1.03 1.03 1.04 
1.03 1.06 1.03 1.01 1.01 1.01 1.05 1.02 1.04 1.02 1.05 1.01 1.06 1.04 1.04 1.01 1.02 1.06 1.05 1.02 
1.05 1.04 1.06 1.05 1.04 1.01 1.02 1.04 1.05 1.03 1.02 1.02 1.01 1.04 1.04 1.02 1.03 1.06 1.03 1.06 
1.04 1.01 1.03 1.04 1.05 1.03 1.05 1.06 1.06 1.01 1.03 1.06 1.05 1.02 1.06 1.05 1.03 1.04 1.03 1.03 
1.05 1.01 1.06 1.04 1.05 1.02 1.05 1.01 1.04 1.05 1.03 1.06 1.05 1.04 1.06 1.04 1.02 1.03 1.03 1.06 
1.05 1.04 1.05 1.01 1.05 1.03 1.03 1.06 1.03 1.01 1.02 1.06 1.03 1.04 1.02 1.01 1.03 1.02 1.02 1.05 
1.02 1.06 1.01 1.06 1.04 1.02 1.05 1.04 1.06 1.02 1.04 1.06 1.04 1.01 1.05 1.06 1.06 1.05 1.05 1.05 
1.06 1.02 1.01 1.03 1.06 1.01 1.05 1.06 1.06 1.06 1.01 1.06 1.03 1.04 1.06 1.03 1.04 1.03 1.06 1.02 
1.01 1.01 1.05 1.02 1.06 1.02 1.06 1.06 1.03 1.03 1.01 1.04 1.02 1.05 1.04 1.06 1.06 1.06 1.03 1.02 
1.03 1.06 1.05 1.03 1.02 1.05 1.03 1.05 1.01 1.02 1.06 1.02 1.02 1.04 1.02 1.01 1.01 1.03 1.04 1.04 
1.06 1.03 1.05 1.04 1.06 1.03 1.06 1.04 1.04 1.04 1.04 1.04 1.02 1.06 1.06 1.02 1.02 1.03 1.03 1.01 
1.05 1.03 1.03 1.03 1.03 1.02 1.05 1.03 1.01 1.04 1.05 1.03 1.02 1.03 1.03 1.06 1.01 1.04 1.05 1.02 
1.03 1.01 1.04 1.06 1.06 1.04 1.04 1.05 1.04 1.06 1.05 1.01 1.01 1.03 1.05 1.01 1.01 1.04 1.05 1.02 
1.03 1.03 1.02 1.05 1.02 1.03 1.06 1.02 1.03 1.03 1.01 1.05 1.06 1.05 1.02 1.05 1.06 1.04 1.06 1.05 
1.06 1.04 1.05 1.02 1.06 1.04 1.05 1.01 1.03 1.04 1.02 1.06 1.02 1.06 1.01 1.01 1.06 1.01 1.06 1.04 
1.03 1.03 1.05 1.06 1.03 1.04 1.02 1.01 1.04 1.04 1.03 1.03 1.04 1.03 1.01 1.05 1.04 1.06 1.01 1.06 
1.03 1.06 1.06 1.03 1.05 1.05 1.01 1.06 1.01 1.01 1.03 1.05 1.02 1.06 1.01 1.01 1.04 1.06 1.06 1.03 
1.06 1.05 1.01 1.03 1.03 1.01 1.03 1.01 1.06 1.03 1.05 1.01 1.04 1.05 1.06 1.02 1.06 1.01 1.02 1.05 
1.06 1.01 1.06 1.03 1.04 1.04 1.06 1.03 1.06 1.04 1.03 1.01 1.06 1.01 1.06 1.03 1.06 1.06 1.02 1.03 
1.05 1.03 1.02 1.05 1.05 1.04 1.02 1.02 1.05 1.02 1.06 1.04 1.01 1.02 1.06 1.01 1.02 1.06 1.02 1.01 
1.04 1.06 1.01 1.06 1.04 1.01 1.01 1.06 1.02 1.06 1.03 1.06 1.03 1.05 1.06 1.03 1.06 1.03 1.02 1.04 
1.04 1.06 1.06 1.03 1.05 1.05 1.05 1.06 1.03 1.03 1.05 1.05 1.03 1.03 1.03 1.01 1.02 1.04 1.02 1.04 
1.03 1.02 1.04 1.03 1.03 1.05 1.05 1.04 1.05 1.05 1.01 1.04 1.01 1.05 1.02 1.02 1.01 1.04 1.01 1.03 
1.01 1.01 1.02 1.03 1.05 1.01 1.06 1.02 1.06 1.04 1.01 1.02 1.04 1.06 1.05 1.06 1.03 1.04 1.06 1.06 
1.01 1.02 1.05 1.03 1.06 1.05 1.02 1.05 1.01 1.02 1.04 1.01 1.03 1.05 1.01 1.04 1.04 1.05 1.05 1.04 
1.06 1.01 1.04 1.01 1.06 1.02 1.05 1.06 1.02 1.06 1.05 1.06 1.03 1.06 1.05 1.04 1.03 1.02 1.03 1.01 
1.03 1.05 1.02 1.03 1.01 1.03 1.06 1.05 1.02 1.01 1.06 1.03 1.02 1.02 1.06 1.02 1.05 1.04 1.02 1.03 
1.01 1.06 1.01 1.01 1.04 1.03 1.01 1.04 1.02 1.02 1.06 1.04 1.02 1.05 1.04 1.06 1.06 1.05 1.02 1.04 
1.01 1.03 1.05 1.06 1.06 1.01 1.06 1.02 1.01 1.04 1.06 1.01 1.04 1.02 1.06 1.04 1.05 1.05 1.05 1.04 
1.05 1.06 1.01 1.05 1.01 1.04 1.01 1.05 1.01 1.03 1.05 1.01 1.03 1.02 1.02 1.05 1.06 1.03 1.06 1.04 
1.03 1.02 1.05 1.05 1.06 1.06 1.02 1.04 1.02 1.02 1.06 1.05 1.05 1.02 1.04 1.04 1.01 1.05 1.05 1.06 
1.02 1.03 1.03 1.05 1.06 1.05 1.03 1.01 1.04 1.02 1.02 1.05 1.02 1.02 1.06 1.06 1.04 1.03 1.06 1.02 
1.01 1.06 1.02 1.04 1.01 1.06 1.01 1.01 1.05 1.06 1.02 1.04 1.06 1.05 1.01 1.04 1.06 1.04 1.02 1.01 
1.05 1.01 1.02 1.05 1.02 1.01 1.02 1.02 1.06 1.01 1.04 1.01 1.05 1.06 1.04 1.05 1.02 1.02 1.02 1.02 
1.03 1.04 1.02 1.04 1.03 1.02 1.01 1.03 1.05 1.02 1.01 1.02 1.02 1.04 1.01 1.03 1.05 1.03 1.03 1.01 
1.06 1.05 1.04 1.04 1.03 1.04 1.04 1.05 1.06 1.06 1.02 1.01 1.05 1.05 1.02 1.01 1.04 1.02 1.06 1.03 
1.04 1.05 1.05 1.05 1.05 1.03 1.05 1.05 1.01 1.01 1.01 1.02 1.04 1.01 1.05 1.04 1.03 1.01 1.06 1.03 
1.01 1.06 1.02 1.03 1.06 1.06 1.01 1.02 1.02 1.02 1.04 1.05 1.04 1.05 1.01 1.06 1.05 1.06 1.02 1.04 
1.02 1.05 1.04 1.03 1.04 1.02 1.04 1.05 1.04 1.06 1.01 1.04 1.04 1.06 1.02 1.05 1.01 1.03 1.03 1.04 
1.04 1.03 1.05 1.02 1.04 1.04 1.05 1.06 1.03 1.02 1.05 1.06 1.01 1.06 1.05 1.03 1.04 1.02 1.03 1.02 
1.03 1.05 1.03 1.05 1.04 1.02 1.02 1.04 1.02 1.06 1.06 1.06 1.06 1.03 1.06 1.04 1.04 1.06 1.03 1.01 
1.05 1.05 1.03 1.05 1.05 1.03 1.05 1.01 1.04 1.01 1.06 1.02 1.06 1.06 1.06 1.03 1.04 1.05 1.06 1.06 
1.02 1.03 1.06 1.06 1.02 1.06 1.05 1.06 1.02 1.01 1.04 1.02 1.06 1.04 1.04 1.02 1.06 1.04 1.04 1.04 
1.04 1.01 1.03 1.06 1.04 1.02 1.05 1.03 1.04 1.01 1.05 1.06 1.02 1.02 1.02 1.01 1.02 1.06 1.03 1.02 
1.05 1.01 1.02 1.03 1.04 1.06 1.02 1.05 1.06 1.02 1.02 1.01 1.06 1.02 1.06 1.03 1.04 1.02 1.06 1.01 
1.04 1.03 1.04 1.05 1.06 1.04 1.05 1.01 1.02 1.05 1.06 1.03 1.06 1.02 1.03 1.03 1.04 1.03 1.04 1.03 
1.01 1.03 1.05 1.01 1.06 1.05 1.06 1.04 1.04 1.06 1.03 1.06 1.06 1.02 1.05 1.06 1.04 1.05 1.04 1.05 
1.06 1.02 1.02 1.05 1.03 1.01 1.02 1.01 1.01 1.01 1.04 1.02 1.06 1.03 1.02 1.05 1.04 1.04 1.02 1.04 
1.01 1.05 1.01 1.04 1.04 1.02 1.04 1.02 1.01 1.03 1.05 1.05 1.03 1.03 1.02 1.01 1.03 1.04 1.01 1.02 
1.01 1.06 1.06 1.05 1.05 1.05 1.01 1.03 1.04 1.04 1.04 1.01 1.06 1.03 1.06 1.05 1.04 1.03 1.03 1.03 
1.06 1.05 1.06 1.03 1.04 1.06 1.02 1.02 1.03 1.02 1.02 1.05 1.05 1.02 1.02 1.02 1.02 1.01 1.06 1.04 
1.05 1.03 1.06 1.04 1.03 1.02 1.03 1.02 1.04 1.02 1.06 1.04 1.06 1.01 1.05 1.03 1.04 1.04 1.04 1.04 
1.06 1.02 1.06 1.06 1.06 1.05 1.03 1.01 1.04 1.01 1.06 1.06 1.06 1.06 1.06 1.04 1.02 1.02 1.02 1.04 
1.06 1.02 1.04 1.03 1.02 1.05 1.06 1.04 1.03 1.01 1.01 1.06 1.04 1.03 1.01 1.04 1.02 1.05 1.04 1.04 
1.06 1.01 1.05 1.03 1.06 1.05 1.05 1.04 1.02 1.05 1.01 1.04 1.06 1.01 1.06 1.03 1.06 1.03 1.02 1.02 
1.05 1.01 1.02 1.04 1.03 1.04 1.02 1.06 1.06 1.01 1.01 1.05 1.06 1.05 1.04 1.02 1.05 1.02 1.04 1.05 
1.06 1.03 1.01 1.03 1.01 1.04 1.02 1.02 1.02 1.06 1.05 1.03 1.01 1.04 1.06 1.01 1.02 1.01 1.03 1.03 
1.04 1.01 1.06 1.05 1.02 1.02 1.05 1.04 1.03 1.05 1.01 1.04 1.03 1.06 1.06 1.05 1.04 1.05 1.06 1.03 
1.05 1.06 1.05 1.03 1.06 1.03 1.03 1.03 1.04 1.03 1.06 1.02 1.01 1.01 1.01 1.02 1.01 1.06 1.06 1.01 
1.05 1.05 1.06 1.06 1.05 1.01 1.01 1.06 1.06 1.06 1.01 1.01 1.04 1.03 1.06 1.03 1.03 1.02 1.05 1.01 
1.06 1.05 1.04 1.04 1.04 1.01 1.05 1.03 1.03 1.04 1.04 1.01 1.02 1.02 1.03 1.05 1.02 1.06 1.02 1.04 
1.01 1.05 1.03 1.01 1.04 1.02 1.01 1.06 1.02 1.01 1.06 1.04 1.02 1.01 1.05 1.02 1.03 1.05 1.02 1.06 
1.02 1.04 1.03 1.05 1.02 1.03 1.05 1.06 1.04 1.06 1.03 1.06 1.01 1.06 1.02 1.06 1.05 1.05 1.01 1.05 
1.03 1.03 1.04 1.01 1.05 1.02 1.05 1.01 1.05 1.01 1.06 1.06 1.04 1.05 1.06 1.01 1.02 1.03 1.06 1.01 
1.05 1.02 1.03 1.04 1.05 1.03 1.03 1.06 1.05 1.02 1.06 1.05 1.02 1.02 1.02 1.05 1.01 1.06 1.05 1.02 
1.06 1.05 1.02 1.05 1.04 1.01 1.01 1.02 1.01 1.02 1.04 1.05 1.05 1.02 1.02 1.06 1.02 1.06 1.02 1.02 
1.02 1.01 1.04 1.04 1.05 1.04 1.04 1.03 1.05 1.01 1.02 1.03 1.05 1.06 1.05 1.03 1.05 1.06 1.06 1.01 
1.01 1.04 1.02 1.04 1.02 1.04 1.04 1.02 1.03 1.04 1.06 1.06 1.06 1.04 1.03 1.04 1.04 1.03 1.02 1.02 
1.06 1.01 1.03 1.05 1.03 1.04 1.05 1.01 1.05 1.04 1.02 1.03 1.05 1.05 1.01 1.03 1.02 1.01 1.06 1.01 
1.02 1.01 1.05 1.06 1.05 1.05 1.04 1.06 1.05 1.01 1.04 1.06 1.06 1.05 1.06 1.05 1.01 1.04 1.04 1.05 
1.02 1.06 1.01 1.05 1.04 1.03 1.01 1.03 1.05 1.04 1.06 1.03 1.01 1.04 1.05 1.03 1.02 1.04 1.01 1.02 
1.02 1.01 1.05 1.06 1.04 1.03 1.05 1.04 1.03 1.05 1.01 1.02 1.04 1.06 1.05 1.06 1.02 1.01 1.02 1.04 
1.05 1.05 1.04 1.03 1.06 1.04 1.05 1.06 1.04 1.06 1.02 1.05 1.03 1.02 1.01 1.05 1.04 1.04 1.06 1.01 
1.05 1.05 1.06 1.06 1.04 1.05 1.01 1.05 1.06 1.06 1.01 1.01 1.04 1.03 1.05 1.05 1.01 1.01 1.05 1.05 
1.04 1.05 1.02 1.02 1.05 1.02 1.06 1.02 1.03 1.01 1.03 1.01 1.05 1.04 1.05 1.06 1.04 1.06 1.04 1.02 
1.01 1.06 1.02 1.06 1.04 1.02 1.04 1.02 1.02 1.01 1.01 1.04 1.06 1.01 1.06 1.06 1.03 1.06 1.01 1.02 
1.06 1.06 1.03 1.03 1.05 1.04 1.02 1.06 1.02 1.01 1.01 1.06 1.05 1.04 1.03 1.06 1.06 1.06 1.05 1.05 
1.01 1.05 1.06 1.06 1.01 1.06 1.02 1.06 1.06 1.04 1.03 1.06 1.05 1.02 1.06 1.03 1.03 1.05 1.02 1.04 
1.03 1.06 1.01 1.06 1.03 1.06 1.04 1.03 1.05 1.03 1.02 1.01 1.04 1.04 1.03 1.03 1.03 1.02 1.02 1.05 
1.02 1.02 1.04 1.01 1.03 1.06 1.02 1.06 1.06 1.02 1.04 1.06 1.02 1.01 1.01 1.03 1.01 1.02 1.06 1.04 
1.05 1.05 1.03 1.03 1.03 1.04 1.04 1.04 1.06 1.03 1.03 1.04 1.02 1.02 1.02 1.05 1.01 1.03 1.05 1.03 
1.01 1.03 1.02 1.04 1.03 1.06 1.06 1.06 1.01 1.02 1.03 1.04 1.01 1.02 1.04 1.04 1.03 1.04 1.05 1.05 
1.04 1.01 1.01 1.05 1.06 1.04 1.06 1.05 1.01 1.06 1.02 1.05 1.03 1.02 1.04 1.01 1.03 1.04 1.01 1.04 
1.01 1.06 1.03 1.04 1.02 1.04 1.01 1.05 1.01 1.06 1.02 1.02 1.06 1.06 1.06 1.03 1.06 1.04 1.02 1.01 
1.04 1.03 1.04 1.03 1.06 1.01 1.02 1.04 1.02 1.06 1.03 1.06 1.06 1.01 1.02 1.05 1.04 1.06 1.02 1.06 
1.06 1.02 1.03 1.02 1.02 1.03 1.06 1.01 1.02 1.04 1.04 1.03 1.03 1.05 1.02 1.04 1.01 1.02 1.01 1.01 
1.05 1.02 1.04 1.05 1.06 1.05 1.06 1.05 1.04 1.06 1.02 1.06 1.06 1.04 1.03 1.06 1.06 1.04 1.02 1.02 
1.03 1.01 1.04 1.02 1.04 1.04 1.03 1.05 1.02 1.05 1.03 1.01 1.01 1.03 1.02 1.04 1.05 1.01 1.04 1.05 
1.04 1.05 1.06 1.04 1.05 1.04 1.03 1.02 1.05 1.06 1.01 1.01 1.05 1.03 1.03 1.05 1.03 1.04 1.02 1.03 
1.03 1.02 1.04 1.04 1.06 1.01 1.01 1.05 1.06 1.06 1.03 1.01 1.05 1.06 1.05 1.05 1.02 1.04 1.03 1.02 
1.04 1.04 1.03 1.03 1.04 1.02 1.02 1.02 1.05 1.01 1.02 1.05 1.02 1.03 1.05 1.06 1.05 1.06 1.04 1.01 
1.06 1.02 1.06 1.01 1.04 1.05 1.01 1.06 1.02 1.03 1.05 1.03 1.05 1.02 1.06 1.01 1.05 1.06 1.03 1.03 
1.01 1.05 1.02 1.05 1.06 1.04 1.01 1.03 1.03 1.04 1.03 1.01 1.05 1.01 1.05 1.06 1.03 1.06 1.06 1.02 
1.05 1.03 1.03 1.03 1.01 1.04 1.06 1.01 1.03 1.01 1.04 1.03 1.04 1.06 1.01 1.02 1.05 1.04 1.02 1.05 
1.06 1.03 1.06 1.06 1.04 1.01 1.02 1.03 1.01 1.02 1.03 1.02 1.02 1.01 1.06 1.01 1.05 1.05 1.04 1.06 
1.04 1.01 1.03 1.04 1.01 1.06 1.03 1.05 1.01 1.03 1.02 1.05 1.03 1.05 1.06 1.03 1.04 1.04 1.04 1.05 
1.05 1.06 1.05 1.05 1.06 1.02 1.01 1.04 1.03 1.06 1.04 1.06 1.02 1.06 1.03 1.01 1.06 1.05 1.04 1.01 
1.03 1.06 1.04 1.03 1.05 1.03 1.02 1.01 1.03 1.01 1.01 1.01 1.05 1.02 1.05 1.06 1.06 1.06 1.01 1.03 
1.04 1.05 1.06 1.05 1.04 1.01 1.05 1.05 1.05 1.04 1.05 1.03 1.02 1.04 1.06 1.04 1.02 1.01 1.04 1.03 
1.04 1.05 1.01 1.03 1.05 1.05 1.01 1.03 1.04 1.01 1.03 1.05 1.02 1.03 1.03 1.04 1.06 1.03 1.06 1.01 
1.03 1.03 1.06 1.04 1.06 1.01 1.02 1.01 1.01 1.06 1.04 1.01 1.06 1.06 1.01 1.03 1.06 1.03 1.01 1.01 
1.04 1.03 1.04 1.04 1.02 1.02 1.05 1.02 1.04 1.02 1.03 1.02 1.05 1.06 1.03 1.03 1.04 1.03 1.06 1.02 
1.02 1.03 1.01 1.02 1.03 1.01 1.01 1.03 1.05 1.04 1.03 1.01 1.03 1.02 1.03 1.01 1.01 1.04 1.05 1.03 
1.04 1.05 1.01 1.05 1.05 1.05 1.01 1.04 1.05 1.01 1.05 1.03 1.02 1.06 1.03 1.01 1.05 1.04 1.02 1.06 
1.01 1.04 1.05 1.06 1.04 1.03 1.03 1.04 1.05 1.03 1.06 1.01 1.01 1.06 1.03 1.05 1.06 1.04 1.02 1.04 
1.05 1.01 1.04 1.02 1.06 1.03 1.04 1.05 1.01 1.01 1.04 1.04 1.05 1.03 1.01 1.01 1.02 1.05 1.03 1.06 
1.01 1.01 1.01 1.03 1.04 1.03 1.02 1.03 1.05 1.03 1.01 1.01 1.02 1.02 1.03 1.05 1.02 1.01 1.05 1.03 
1.06 1.06 1.01 1.05 1.01 1.05 1.05 1.04 1.01 1.06 1.01 1.05 1.03 1.06 1.02 1.05 1.01 1.06 1.03 1.03 
1.06 1.02 1.04 1.05 1.03 1.06 1.06 1.03 1.05 1.01 1.04 1.02 1.05 1.05 1.04 1.01 1.05 1.06 1.01 1.02 
1.04 1.05 1.05 1.04 1.06 1.05 1.05 1.02 1.01 1.06 1.02 1.04 1.04 1.06 1.05 1.03 1.01 1.02 1.01 1.03 
1.01 1.05 1.01 1.01 1.06 1.05 1.05 1.06 1.06 1.01 1.05 1.05 1.06 1.02 1.02 1.02 1.03 1.02 1.02 1.04 
1.05 1.05 1.01 1.06 1.02 1.02 1.05 1.06 1.03 1.06 1.03 1.05 1.01 1.04 1.03 1.01 1.01 1.06 1.01 1.01 
1.01 1.02 1.03 1.04 1.03 1.01 1.02 1.06 1.03 1.06 1.05 1.01 1.05 1.06 1.05 1.05 1.04 1.02 1.02 1.02 
1.04 1.04 1.02 1.06 1.06 1.06 1.02 1.03 1.06 1.03 1.02 1.04 1.02 1.06 1.05 1.01 1.05 1.02 1.05 1.01 
1.04 1.06 1.04 1.05 1.04 1.04 1.02 1.01 1.02 1.01 1.05 1.01 1.04 1.06 1.04 1.04 1.04 1.03 1.05 1.01 
1.04 1.01 1.06 1.02 1.02 1.04 1.01 1.05 1.01 1.06 1.04 1.05 1.02 1.04 1.05 1.04 1.06 1.03 1.02 1.06 
1.01 1.01 1.06 1.04 1.03 1.05 1.02 1.05 1.04 1.03 1.06 1.02 1.03 1.04 1.06 1.02 1.06 1.04 1.06 1.01 
1.02 1.05 1.03 1.05 1.01 1.06 1.06 1.05 1.04 1.04 1.02 1.05 1.02 1.04 1.01 1.05 1.02 1.05 1.01 1.01 
1.03 1.06 1.05 1.05 1.05 1.06 1.04 1.03 1.02 1.06 1.01 1.02 1.02 1.06 1.05 1.01 1.01 1.06 1.03 1.01 
1.05 1.04 1.06 1.04 1.06 1.02 1.05 1.01 1.06 1.03 1.01 1.06 1.02 1.02 1.01 1.05 1.05 1.03 1.06 1.04 
1.01 1.05 1.04 1.05 1.02 1.01 1.06 1.05 1.06 1.02 1.01 1.01 1.03 1.04 1.03 1.05 1.03 1.04 1.06 1.01 
1.05 1.04 1.02 1.01 1.05 1.03 1.04 1.01 1.01 1.03 1.03 1.06 1.04 1.06 1.01 1.04 1.03 1.05 1.04 1.02 
1.02 1.05 1.01 1.03 1.03 1.05 1.01 1.02 1.06 1.06 1.06 1.06 1.04 1.04 1.02 1.04 1.06 1.06 1.04 1.02 
1.06 1.06 1.05 1.06 1.03 1.01 1.01 1.06 1.04 1.06 1.06 1.03 1.01 1.01 1.04 1.06 1.02 1.01 1.06 1.02 
1.04 1.01 1.03 1.03 1.06 1.05 1.02 1.04 1.06 1.03 1.02 1.03 1.05 1.06 1.06 1.01 1.01 1.03 1.04 1.01 
1.01 1.02 1.02 1.02 1.03 1.05 1.02 1.01 1.04 1.03 1.03 1.02 1.05 1.06 1.04 1.03 1.01 1.03 1.01 1.06 
1.06 1.01 1.04 1.04 1.06 1.02 1.03 1.01 1.03 1.04 1.04 1.03 1.02 1.05 1.06 1.01 1.01 1.05 1.05 1.01 
1.03 1.01 1.06 1.05 1.02 1.05 1.04 1.03 1.04 1.04 1.06 1.02 1.06 1.05 1.04 1.06 1.04 1.04 1.02 1.01 
1.05 1.04 1.05 1.03 1.06 1.01 1.01 1.05 1.06 1.06 1.02 1.05 1.04 1.01 1.05 1.04 1.03 1.02 1.01 1.01 
1.02 1.04 1.02 1.04 1.01 1.01 1.05 1.04 1.02 1.04 1.06 1.01 1.03 1.03 1.04 1.02 1.04 1.03 1.04 1.06 
1.02 1.04 1.01 1.05 1.02 1.03 1.03 1.03 1.01 1.01 1.05 1.02 1.01 1.03 1.04 1.04 1.02 1.05 1.05 1.03 
1.01 1.06 1.03 1.03 1.06 1.05 1.04 1.01 1.03 1.05 1.02 1.05 1.04 1.03 1.04 1.04 1.06 1.01 1.06 1.02 
1.01 1.06 1.06 1.04 1.04 1.04 1.05 1.04 1.05 1.03 1.03 1.06 1.03 1.02 1.01 1.04 1.01 1.02 1.05 1.01 
