20
200
32 49 91 26 76 48 4 64 84 51 98 7 74 22 50 58 85 43 97 53 51 58 70 86 77 30 65 59 14 29 79 59 86 67 23 47 60 57 76 7 50 57 100 49 20 8 97 77 19 53 58 53 16 48 96 96 100 37 86 13 33 2 57 57 22 14 4 25 7 36 99 49 72 55 93 22 43 31 16 60 16 12 60 40 32 37 73 35 59 56 81 83 2 100 31 76 97 79 97 37 54 33 51 13 30 60 53 62 100 81 27 72 71 92 47 35 67 12 19 1 91 69 27 61 89 65 17 67 78 16 67 11 96 47 29 67 81 88 24 27 10 32 38 85 92 93 3 13 17 13 43 98 75 94 37 2 92 67 78 91 14 10 83 70 61 92 17 52 32 87 54 98 49 39 40 46 32 19 79 76 39 96 4 70 71 73 93 82 5 49 36 47 59 46 78 95 37 31 50 16 
8 2 9 7 7 9 9 3 8 8 4 2 4 3 1 8 1 4 8 3 
1.06 1.02 1.05 1.06 1.03 1.05 1.03 1.01 1.03 1.04 1.02 1.02 1.04 1.04 1.01 1.05 1.02 1.06 1.03 1.01 
1.04 1.04 1.05 1.02 1.05 1.04 1.03 1.04 1.01 1.01 1.03 1.04 1.01 1.06 1.02 1.05 1.01 1.06 1.01 1.05 
1.04 1.01 1.05 1.01 1.02 1.04 1.03 1.05 1.03 1.03 1.01 1.04 1.02 1.05 1.04 1.02 1.03 1.05 1.02 1.01 
1.06 1.02 1.01 1.05 1.06 1.02 1.05 1.03 1.04 1.01 1.05 1.02 1.05 1.01 1.04 1.04 1.02 1.05 1.02 1.01 
1.03 1.06 1.06 1.01 1.01 1.05 1.04 1.01 1.02 1.02 1.03 1.01 1.04 1.02 1.03 1.06 1.04 1.04 1.06 1.06 
1.03 1.01 1.04 1.01 1.05 1.04 1.03 1.02 1.05 1.06 1.06 1.01 1.01 1.05 1.04 1.01 1.06 1.04 1.04 1.05 
1.06 1.05 1.04 1.01 1.01 1.01 1.01 1.02 1.02 1.06 1.02 1.03 1.06 1.04 1.06 1.01 1.02 1.01 1.03 1.05 
1.02 1.01 1.06 1.02 1.02 1.06 1.03 1.05 1.03 1.01 1.04 1.06 1.02 1.06 1.04 1.04 1.04 1.06 1.02 1.06 
1.04 1.02 1.06 1.04 1.04 1.03 1.05 1.05 1.06 1.02 1.06 1.06 1.05 1.01 1.04 1.06 1.03 1.01 1.06 1.04 
1.05 1.06 1.06 1.01 1.03 1.02 1.01 1.01 1.02 1.05 1.05 1.05 1.03 1.04 1.02 1.03 1.02 1.04 1.03 1.05 
1.02 1.06 1.04 1.05 1.01 1.03 1.02 1.05 1.01 1.02 1.05 1.06 1.05 1.05 1.01 1.01 1.03 1.01 1.05 1.03 
1.05 1.05 1.06 1.03 1.02 1.04 1.02 1.05 1.04 1.02 1.03 1.04 1.01 1.03 1.02 1.03 1.01 1.05 1.05 1.06 
1.02 1.06 1.02 1.06 1.01 1.06 1.01 1.06 1.05 1.01 1.01 1.02 1.02 1.02 1.03 1.01 1.03 1.01 1.06 1.03 
1.06 1.01 1.03 1.05 1.03 1.01 1.04 1.04 1.03 1.03 1.04 1.06 1.02 1.03 1.05 1.05 1.06 1.03 1.03 1.04 
1.04 1.04 1.05 1.03 1.04 1.01 1.03 1.03 1.01 1.05 1.02 1.03 1.03 1.06 1.05 1.01 1.01 1.06 1.04 1.06 
1.06 1.06 1.03 1.03 1.06 1.04 1.03 1.04 1.01 1.01 1.05 1.04 1.04 1.02 1.01 1.06 1.01 1.06 1.04 1.03 
1.04 1.01 1.03 1.01 1.04 1.05 1.06 1.03 1.04 1.06 1.06 1.01 1.05 1.05 1.06 1.03 1.01 1.02 1.04 1.02 
1.02 1.03 1.05 1.02 1.04 1.02 1.04 1.02 1.04 1.02 1.02 1.02 1.03 1.04 1.04 1.02 1.06 1.03 1.05 1.04 
1.02 1.06 1.03 1.06 1.02 1.04 1.04 1.03 1.05 1.01 1.04 1.02 1.02 1.05 1.04 1.05 1.05 1.01 1.05 1.05 
1.04 1.01 1.06 1.03 1.01 1.04 1.03 1.04 1.05 1.02 1.02 1.05 1.06 1.02 1.02 1.01 1.02 1.02 1.03 1.01 
1.01 1.03 1.01 1.03 1.03 1.04 1.02 1.04 1.03 1.01 1.06 1.06 1.05 1.02 1.04 1.05 1.02 1.03 1.02 1.04 
1.03 1.05 1.03 1.06 1.06 1.01 1.05 1.04 1.02 1.01 1.03 1.02 1.02 1.02 1.05 1.04 1.02 1.06 1.01 1.02 
1.03 1.01 1.03 1.02 1.02 1.05 1.06 1.03 1.05 1.02 1.06 1.01 1.06 1.04 1.01 1.04 1.03 1.05 1.04 1.06 
1.04 1.03 1.02 1.03 1.04 1.04 1.05 1.02 1.04 1.03 1.03 1.04 1.01 1.03 1.02 1.02 1.05 1.06 1.01 1.03 
1.01 1.06 1.01 1.04 1.02 1.05 1.04 1.04 1.04 1.03 1.05 1.05 1.02 1.06 1.05 1.01 1.02 1.02 1.02 1.03 
1.05 1.05 1.03 1.02 1.06 1.01 1.04 1.05 1.03 1.01 1.01 1.06 1.02 1.05 1.05 1.06 1.03 1.06 1.02 1.01 
1.03 1.01 1.05 1.04 1.01 1.02 1.01 1.05 1.03 1.01 1.05 1.02 1.06 1.02 1.06 1.03 1.03 1.03 1.01 1.01 
1.05 1.02 1.01 1.03 1.05 1.02 1.05 1.06 1.01 1.03 1.04 1.02 1.05 1.01 1.05 1.06 1.02 1.01 1.02 1.02 
1.03 1.05 1.02 1.06 1.04 1.06 1.02 1.01 1.04 1.01 1.03 1.05 1.03 1.01 1.01 1.01 1.06 1.05 1.01 1.01 
1.02 1.01 1.02 1.04 1.01 1.02 1.01 1.02 1.06 1.01 1.02 1.03 1.06 1.05 1.03 1.06 1.01 1.05 1.05 1.01 
1.04 1.03 1.03 1.06 1.03 1.04 1.03 1.01 1.06 1.02 1.03 1.05 1.02 1.05 1.04 1.02 1.01 1.02 1.01 1.01 
1.03 1.05 1.03 1.02 1.05 1.05 1.05 1.01 1.03 1.04 1.04 1.01 1.05 1.04 1.03 1.05 1.06 1.02 1.04 1.02 
1.02 1.01 1.04 1.01 1.04 1.05 1.03 1.01 1.03 1.04 1.03 1.01 1.01 1.01 1.04 1.06 1.05 1.01 1.02 1.04 
1.06 1.03 1.03 1.06 1.02 1.04 1.02 1.03 1.02 1.03 1.06 1.03 1.06 1.02 1.03 1.01 1.01 1.06 1.01 1.04 
1.01 1.02 1.04 1.01 1.04 1.05 1.04 1.06 1.03 1.03 1.06 1.04 1.04 1.06 1.06 1.01 1.06 1.06 1.04 1.01 
1.03 1.03 1.05 1.05 1.03 1.03 1.02 1.03 1.02 1.04 1.05 1.05 1.03 1.03 1.04 1.06 1.02 1.05 1.06 1.03 
1.04 1.01 1.04 1.04 1.01 1.05 1.02 1.03 1.06 1.01 1.03 1.02 1.01 1.02 1.02 1.05 1.05 1.06 1.01 1.02 
1.01 1.05 1.03 1.03 1.03 1.05 1.05 1.01 1.05 1.03 1.05 1.04 1.02 1.04 1.04 1.05 1.05 1.04 1.03 1.01 
1.04 1.01 1.06 1.01 1.01 1.04 1.02 1.01 1.05 1.01 1.02 1.01 1.02 1.01 1.05 1.05 1.05 1.06 1.06 1.04 
1.03 1.01 1.02 1.04 1.05 1.06 1.01 1.03 1.04 1.03 1.01 1.05 1.04 1.06 1.01 1.03 1.03 1.01 1.02 1.06 
1.02 1.05 1.01 1.06 1.06 1.02 1.04 1.06 1.03 1.02 1.02 1.03 1.04 1.01 1.04 1.02 1.04 1.02 1.03 1.05 
1.06 1.02 1.03 1.02 1.06 1.02 1.05 1.06 1.04 1.03 1.02 1.05 1.03 1.06 1.01 1.03 1.06 1.01 1.06 1.03 
1.01 1.05 1.05 1.06 1.06 1.01 1.04 1.05 1.06 1.01 1.02 1.02 1.03 1.06 1.06 1.05 1.04 1.03 1.06 1.03 
1.01 1.05 1.02 1.05 1.04 1.05 1.01 1.05 1.05 1.04 1.05 1.02 1.01 1.06 1.03 1.01 1.06 1.05 1.01 1.05 
1.03 1.01 1.01 1.05 1.01 1.04 1.06 1.05 1.06 1.02 1.04 1.05 1.05 1.01 1.06 1.03 1.05 1.03 1.05 1.04 
1.05 1.02 1.06 1.05 1.05 1.02 1.03 1.03 1.03 1.02 1.03 1.01 1.02 1.06 1.04 1.05 1.02 1.04 1.01 1.05 
1.05 1.01 1.04 1.05 1.06 1.06 1.02 1.06 1.06 1.01 1.05 1.05 1.06 1.04 1.03 1.05 1.03 1.01 1.05 1.06 
1.02 1.02 1.04 1.03 1.02 1.06 1.01 1.04 1.05 1.05 1.03 1.02 1.04 1.01 1.06 1.04 1.02 1.05 1.01 1.03 
1.01 1.06 1.04 1.05 1.02 1.04 1.04 1.02 1.04 1.04 1.03 1.03 1.03 1.05 1.04 1.01 1.05 1.05 1.03 1.01 
1.05 1.01 1.04 1.05 1.02 1.02 1.06 1.03 1.01 1.02 1.01 1.04 1.04 1.02 1.04 1.05 1.03 1.02 1.02 1.01 
1.03 1.01 1.01 1.06 1.05 1.05 1.06 1.04 1.06 1.04 1.06 1.06 1.03 1.02 1.05 1.05 1.05 1.03 1.03 1.03 
1.03 1.01 1.06 1.02 1.02 1.02 1.05 1.04 1.03 1.06 1.01 1.05 1.05 1.04 1.04 1.05 1.04 1.06 1.01 1.01 
1.02 1.05 1.02 1.06 1.05 1.06 1.01 1.05 1.01 1.02 1.01 1.02 1.06 1.04 1.04 1.06 1.02 1.05 1.06 1.05 
1.04 1.02 1.06 1.01 1.02 1.01 1.05 1.03 1.04 1.04 1.01 1.04 1.01 1.05 1.02 1.01 1.03 1.06 1.02 1.01 
1.05 1.04 1.04 1.05 1.02 1.05 1.04 1.01 1.01 1.03 1.05 1.01 1.06 1.02 1.06 1.02 1.06 1.02 1.04 1.05 
1.03 1.04 1.06 1.02 1.01 1.06 1.01 1.02 1.02 1.06 1.02 1.02 1.04 1.03 1.03 1.04 1.05 1.03 1.03 1.01 
1.05 1.03 1.04 1.04 1.03 1.02 1.04 1.03 1.06 1.06 1.03 1.01 1.04 1.04 1.04 1.03 1.05 1.01 1.01 1.02 
1.05 1.05 1.01 1.03 1.05 1.04 1.03 1.05 1.05 1.02 1.02 1.04 1.01 1.05 1.02 1.03 1.02 1.03 1.06 1.04 
1.03 1.01 1.06 1.01 1.03 1.03 1.04 1.04 1.06 1.06 1.04 1.04 1.02 1.01 1.04 1.01 1.04 1.01 1.02 1.03 
1.01 1.05 1.02 1.04 1.03 1.01 1.02 1.04 1.02 1.05 1.06 1.06 1.05 1.06 1.06 1.06 1.06 1.06 1.01 1.03 
1.05 1.03 1.03 1.05 1.04 1.01 1.06 1.03 1.01 1.05 1.02 1.05 1.04 1.02 1.02 1.03 1.06 1.02 1.02 1.01 
1.02 1.02 1.04 1.01 1.05 1.06 1.05 1.04 1.06 1.03 1.05 1.03 1.01 1.05 1.02 1.05 1.06 1.01 1.03 1.02 
1.04 1.04 1.03 1.03 1.03 1.02 1.03 1.02 1.03 1.02 1.04 1.03 1.02 1.06 1.05 1.06 1.02 1.03 1.03 1.02 
1.06 1.06 1.06 1.05 1.06 1.04 1.05 1.01 1.06 1.01 1.03 1.03 1.05 1.04 1.05 1.05 1.02 1.03 1.04 1.01 
1.04 1.06 1.04 1.03 1.04 1.01 1.06 1.05 1.03 1.05 1.01 1.05 1.06 1.05 1.06 1.04 1.06 1.01 1.06 1.06 
1.05 1.01 1.02 1.06 1.06 1.03 1.06 1.06 1.01 1.02 1.02 1.05 1.02 1.04 1.02 1.03 1.03 1.05 1.02 1.05 
1.02 1.06 1.03 1.04 1.03 1.02 1.03 1.01 1.04 1.05 1.04 1.03 1.02 1.03 1.03 1.02 1.05 1.03 1.06 1.02 
1.03 1.01 1.03 1.03 1.03 1.05 1.03 1.01 1.06 1.02 1.05 1.03 1.01 1.04 1.02 1.04 1.06 1.06 1.04 1.02 
1.01 1.02 1.03 1.06 1.01 1.04 1.04 1.05 1.04 1.02 1.04 1.06 1.01 1.01 1.05 1.04 1.02 1.03 1.06 1.04 
1.04 1.03 1.06 1.01 1.01 1.04 1.03 1.06 1.03 1.04 1.02 1.06 1.05 1.03 1.05 1.05 1.01 1.06 1.05 1.04 
1.03 1.06 1.05 1.04 1.06 1.06 1.03 1.03 1.06 1.04 1.01 1.02 1.01 1.02 1.01 1.02 1.05 1.03 1.05 1.05 
1.02 1.04 1.03 1.02 1.05 1.03 1.01 1.02 1.03 1.01 1.03 1.05 1.03 1.04 1.04 1.02 1.02 1.05 1.01 1.05 
1.03 1.02 1.02 1.06 1.03 1.02 1.04 1.02 1.02 1.05 1.06 1.01 1.02 1.01 1.01 1.01 1.06 1.05 1.04 1.01 
1.05 1.02 1.03 1.03 1.03 1.04 1.01 1.03 1.05 1.06 1.03 1.01 1.02 1.01 1.06 1.05 1.04 1.02 1.06 1.06 
1.04 1.01 1.06 1.05 1.06 1.05 1.03 1.05 1.06 1.02 1.02 1.01 1.03 1.03 1.01 1.05 1.02 1.02 1.01 1.02 
1.05 1.03 1.02 1.01 1.02 1.06 1.03 1.04 1.06 1.06 1.03 1.04 1.04 1.03 1.01 1.06 1.05 1.04 1.03 1.02 
1.04 1.06 1.05 1.02 1.06 1.04 1.05 1.01 1.02 1.06 1.04 1.03 1.02 1.02 1.04 1.06 1.01 1.04 1.01 1.02 
1.01 1.06 1.01 1.03 1.02 1.03 1.01 1.01 1.04 1.06 1.03 1.04 1.01 1.06 1.06 1.05 1.01 1.05 1.04 1.02 
1.04 1.04 1.02 1.02 1.02 1.03 1.02 1.06 1.05 1.01 1.01 1.02 1.05 1.03 1.04 1.04 1.02 1.05 1.02 1.03 
1.05 1.05 1.04 1.03 1.05 1.02 1.03 1.02 1.03 1.01 1.06 1.02 1.04 1.06 1.06 1.06 1.06 1.05 1.04 1.03 
1.05 1.04 1.05 1.01 1.04 1.04 1.01 1.04 1.02 1.03 1.04 1.03 1.04 1.06 1.02 1.06 1.02 1.06 1.06 1.01 
1.04 1.04 1.05 1.05 1.06 1.02 1.06 1.01 1.05 1.05 1.04 1.06 1.01 1.03 1.01 1.05 1.04 1.01 1.05 1.04 
1.01 1.02 1.06 1.06 1.04 1.03 1.03 1.01 1.01 1.01 1.06 1.02 1.03 1.04 1.05 1.02 1.02 1.02 1.04 1.06 
1.02 1.05 1.05 1.02 1.05 1.02 1.04 1.01 1.04 1.05 1.06 1.04 1.05 1.04 1.03 1.01 1.02 1.03 1.06 1.01 
1.01 1.04 1.03 1.05 1.03 1.04 1.03 1.01 1.01 1.05 1.06 1.02 1.01 1.02 1.05 1.01 1.03 1.05 1.03 1.05 
1.05 1.04 1.06 1.03 1.04 1.04 1.05 1.05 1.06 1.05 1.04 1.02 1.03 1.04 1.05 1.01 1.06 1.04 1.06 1.02 
1.03 1.03 1.03 1.04 1.05 1.06 1.03 1.05 1.06 1.06 1.02 1.01 1.04 1.04 1.03 1.03 1.03 1.05 1.06 1.06 
1.03 1.01 1.05 1.06 1.06 1.02 1.05 1.05 1.03 1.06 1.04 1.01 1.04 1.06 1.02 1.01 1.01 1.01 1.05 1.01 
1.06 1.03 1.05 1.06 1.01 1.05 1.04 1.03 1.05 1.05 1.05 1.03 1.02 1.05 1.01 1.02 1.06 1.02 1.05 1.04 
1.02 1.06 1.01 1.01 1.05 1.06 1.01 1.01 1.03 1.01 1.05 1.03 1.04 1.05 1.02 1.01 1.04 1.05 1.04 1.05 
1.06 1.06 1.06 1.05 1.03 1.05 1.02 1.03 1.01 1.02 1.02 1.02 1.06 1.06 1.01 1.02 1.05 1.03 1.06 1.03 
1.03 1.06 1.06 1.06 1.03 1.02 1.05 1.06 1.02 1.06 1.02 1.02 1.01 1.06 1.03 1.01 1.01 1.05 1.01 1.01 
1.04 1.01 1.04 1.02 1.05 1.02 1.01 1.03 1.02 1.01 1.05 1.03 1.02 1.04 1.06 1.03 1.04 1.05 1.05 1.05 
1.02 1.04 1.03 1.01 1.05 1.01 1.01 1.04 1.01 1.02 1.04 1.06 1.04 1.01 1.05 1.05 1.04 1.06 1.01 1.06 
1.01 1.02 1.03 1.04 1.03 1.04 1.05 1.05 1.05 1.01 1.05 1.05 1.01 1.01 1.02 1.06 1.02 1.02 1.02 1.01 
1.03 1.05 1.01 1.03 1.01 1.06 1.02 1.02 1.06 1.05 1.01 1.06 1.02 1.01 1.06 1.04 1.04 1.02 1.03 1.03 
1.04 1.04 1.01 1.04 1.03 1.02 1.06 1.04 1.01 1.04 1.02 1.03 1.02 1.04 1.03 1.06 1.02 1.02 1.01 1.04 
1.05 1.01 1.06 1.04 1.06 1.03 1.02 1.06 1.06 1.03 1.03 1.02 1.05 1.04 1.01 1.03 1.06 1.01 1.02 1.05 
1.03 1.05 1.04 1.06 1.05 1.04 1.04 1.02 1.04 1.01 1.02 1.03 1.02 1.04 1.01 1.03 1.04 1.06 1.04 1.05 
1.06 1.04 1.04 1.01 1.04 1.02 1.04 1.01 1.04 1.04 1.05 1.06 1.02 1.06 1.02 1.03 1.06 1.03 1.03 1.04 
1.05 1.05 1.06 1.02 1.04 1.04 1.06 1.06 1.06 1.03 1.01 1.05 1.02 1.03 1.02 1.01 1.03 1.05 1.04 1.05 
1.03 1.01 1.05 1.05 1.04 1.03 1.03 1.01 1.05 1.05 1.02 1.05 1.04 1.06 1.01 1.01 1.06 1.01 1.05 1.06 
1.01 1.04 1.01 1.03 1.03 1.06 1.01 1.06 1.05 1.01 1.03 1.02 1.01 1.02 1.02 1.05 1.02 1.02 1.05 1.05 
1.03 1.06 1.05 1.06 1.03 1.03 1.03 1.05 1.02 1.05 1.05 1.06 1.06 1.01 1.06 1.05 1.02 1.01 1.03 1.01 
1.03 1.01 1.04 1.03 1.04 1.05 1.05 1.03 1.01 1.01 1.06 1.06 1.03 1.06 1.03 1.06 1.05 1.06 1.01 1.02 
1.06 1.04 1.04 1.04 1.04 1.06 1.03 1.04 1.01 1.06 1.03 1.06 1.04 1.03 1.01 1.03 1.02 1.04 1.06 1.02 
1.02 1.02 1.01 1.05 1.06 1.02 1.04 1.06 1.05 1.03 1.06 1.01 1.03 1.04 1.06 1.03 1.01 1.06 1.04 1.04 
1.01 1.04 1.06 1.05 1.02 1.01 1.04 1.04 1.03 1.02 1.01 1.01 1.01 1.03 1.02 1.01 1.06 1.06 1.05 1.06 
1.05 1.02 1.04 1.03 1.04 1.04 1.03 1.02 1.05 1.01 1.03 1.04 1.01 1.05 1.02 1.06 1.01 1.03 1.06 1.05 
1.02 1.05 1.01 1.04 1.04 1.01 1.01 1.04 1.05 1.05 1.04 1.05 1.02 1.01 1.01 1.05 1.01 1.02 1.02 1.02 
1.03 1.02 1.02 1.03 1.03 1.05 1.01 1.03 1.02 1.01 1.04 1.06 1.02 1.05 1.04 1.06 1.03 1.04 1.05 1.05 
1.01 1.04 1.01 1.06 1.05 1.02 1.04 1.02 1.01 1.05 1.04 1.02 1.04 1.04 1.06 1.06 1.06 1.01 1.01 1.05 
1.04 1.03 1.02 1.05 1.02 1.04 1.03 1.05 1.03 1.01 1.03 1.02 1.06 1.01 1.05 1.06 1.06 1.03 1.01 1.04 
1.01 1.04 1.06 1.05 1.04 1.05 1.04 1.02 1.06 1.05 1.03 1.02 1.02 1.03 1.02 1.01 1.04 1.02 1.04 1.05 
1.04 1.05 1.03 1.02 1.06 1.06 1.06 1.04 1.04 1.06 1.02 1.04 1.01 1.01 1.05 1.04 1.06 1.02 1.06 1.06 
1.05 1.03 1.03 1.06 1.05 1.03 1.04 1.03 1.01 1.01 1.05 1.05 1.02 1.02 1.05 1.03 1.03 1.01 1.06 1.05 
1.06 1.03 1.03 1.03 1.06 1.06 1.04 1.03 1.01 1.02 1.02 1.01 1.01 1.03 1.01 1.03 1.03 1.02 1.06 1.05 
1.03 1.01 1.05 1.04 1.06 1.06 1.05 1.06 1.05 1.06 1.06 1.02 1.06 1.05 1.05 1.04 1.01 1.02 1.01 1.01 
1.03 1.06 1.06 1.03 1.03 1.06 1.02 1.06 1.04 1.06 1.05 1.01 1.04 1.04 1.06 1.01 1.02 1.04 1.05 1.04 
1.04 1.04 1.02 1.03 1.05 1.02 1.02 1.03 1.06 1.04 1.06 1.04 1.01 1.05 1.01 1.01 1.03 1.06 1.05 1.04 
1.05 1.04 1.04 1.06 1.02 1.02 1.06 1.01 1.01 1.03 1.02 1.03 1.01 1.02 1.02 1.03 1.03 1.02 1.06 1.02 
1.04 1.06 1.05 1.06 1.06 1.05 1.02 1.04 1.03 1.01 1.06 1.02 1.05 1.01 1.03 1.06 1.02 1.02 1.04 1.06 
1.06 1.05 1.05 1.02 1.03 1.02 1.01 1.04 1.01 1.03 1.02 1.01 1.04 1.05 1.03 1.02 1.06 1.05 1.01 1.01 
1.04 1.04 1.05 1.03 1.06 1.02 1.06 1.02 1.04 1.06 1.02 1.04 1.03 1.03 1.02 1.03 1.05 1.03 1.01 1.03 
1.06 1.03 1.01 1.02 1.02 1.03 1.04 1.01 1.03 1.05 1.02 1.05 1.03 1.05 1.02 1.03 1.01 1.06 1.06 1.04 
1.02 1.03 1.04 1.04 1.01 1.05 1.03 1.05 1.03 1.05 1.03 1.02 1.02 1.01 1.03 1.04 1.02 1.02 1.03 1.01 
1.04 1.03 1.05 1.03 1.06 1.04 1.01 1.02 1.01 1.01 1.01 1.04 1.03 1.02 1.01 1.06 1.03 1.01 1.04 1.06 
1.06 1.06 1.01 1.02 1.02 1.04 1.02 1.05 1.05 1.06 1.01 1.04 1.06 1.03 1.02 1.02 1.06 1.03 1.06 1.05 
1.06 1.02 1.01 1.02 1.04 1.06 1.04 1.03 1.02 1.03 1.06 1.05 1.04 1.06 1.03 1.02 1.06 1.04 1.01 1.02 
1.06 1.05 1.05 1.01 1.06 1.01 1.06 1.06 1.04 1.04 1.03 1.02 1.04 1.02 1.05 1.06 1.01 1.04 1.03 1.06 
1.02 1.03 1.04 1.05 1.05 1.01 1.02 1.02 1.01 1.04 1.06 1.01 1.04 1.03 1.03 1.04 1.03 1.05 1.06 1.04 
1.02 1.06 1.06 1.06 1.06 1.05 1.05 1.05 1.06 1.06 1.04 1.06 1.05 1.05 1.04 1.03 1.05 1.02 1.02 1.03 
1.06 1.02 1.01 1.04 1.02 1.03 1.05 1.04 1.05 1.03 1.02 1.01 1.01 1.04 1.05 1.04 1.05 1.06 1.03 1.03 
1.04 1.01 1.03 1.04 1.04 1.05 1.06 1.02 1.03 1.05 1.04 1.01 1.03 1.04 1.03 1.04 1.04 1.03 1.03 1.01 
1.06 1.03 1.06 1.04 1.06 1.06 1.02 1.03 1.06 1.01 1.06 1.05 1.01 1.06 1.02 1.06 1.02 1.04 1.04 1.06 
1.05 1.05 1.04 1.03 1.03 1.06 1.04 1.06 1.06 1.06 1.05 1.01 1.03 1.06 1.05 1.01 1.05 1.03 1.02 1.02 
1.04 1.06 1.01 1.01 1.03 1.03 1.05 1.03 1.06 1.02 1.03 1.02 1.01 1.05 1.02 1.01 1.01 1.04 1.06 1.06 
1.03 1.03 1.01 1.03 1.05 1.02 1.05 1.02 1.06 1.01 1.04 1.03 1.01 1.04 1.02 1.02 1.02 1.01 1.06 1.03 
1.06 1.06 1.03 1.04 1.06 1.01 1.03 1.02 1.01 1.04 1.04 1.06 1.02 1.02 1.01 1.04 1.02 1.06 1.06 1.03 
1.06 1.06 1.04 1.05 1.01 1.03 1.01 1.04 1.05 1.02 1.01 1.02 1.04 1.03 1.02 1.04 1.03 1.03 1.03 1.01 
1.05 1.02 1.04 1.03 1.05 1.03 1.01 1.02 1.03 1.01 1.03 1.04 1.06 1.04 1.02 1.06 1.01 1.06 1.04 1.01 
1.01 1.02 1.02 1.03 1.04 1.05 1.03 1.01 1.02 1.05 1.04 1.05 1.05 1.05 1.01 1.03 1.03 1.02 1.03 1.03 
1.03 1.03 1.04 1.02 1.03 1.05 1.01 1.01 1.06 1.01 1.03 1.04 1.06 1.06 1.05 1.01 1.06 1.04 1.01 1.06 
1.04 1.01 1.05 1.03 1.02 1.03 1.03 1.01 1.03 1.05 1.04 1.04 1.04 1.06 1.04 1.03 1.06 1.01 1.01 1.04 
1.02 1.01 1.05 1.05 1.06 1.04 1.03 1.02 1.04 1.03 1.04 1.04 1.04 1.04 1.06 1.05 1.02 1.03 1.06 1.02 
1.05 1.05 1.01 1.03 1.03 1.05 1.05 1.04 1.01 1.01 1.02 1.04 1.04 1.04 1.05 1.03 1.05 1.01 1.01 1.02 
1.03 1.05 1.02 1.06 1.04 1.03 1.01 1.02 1.01 1.06 1.03 1.05 1.03 1.06 1.03 1.05 1.03 1.03 1.01 1.02 
1.06 1.01 1.05 1.02 1.01 1.04 1.03 1.02 1.06 1.01 1.01 1.04 1.06 1.04 1.02 1.06 1.02 1.02 1.05 1.01 
1.04 1.04 1.06 1.03 1.02 1.05 1.06 1.01 1.04 1.06 1.05 1.06 1.04 1.04 1.04 1.06 1.03 1.05 1.03 1.03 
1.01 1.01 1.01 1.03 1.02 1.05 1.06 1.06 1.05 1.06 1.05 1.01 1.04 1.01 1.05 1.04 1.02 1.06 1.06 1.06 
1.05 1.01 1.01 1.01 1.02 1.03 1.05 1.05 1.03 1.01 1.06 1.06 1.04 1.05 1.02 1.03 1.01 1.06 1.02 1.02 
1.04 1.05 1.05 1.04 1.03 1.04 1.01 1.03 1.01 1.04 1.04 1.03 1.04 1.06 1.01 1.02 1.02 1.06 1.05 1.01 
1.02 1.01 1.06 1.05 1.06 1.05 1.02 1.01 1.02 1.05 1.02 1.03 1.04 1.05 1.03 1.04 1.05 1.02 1.06 1.02 
1.03 1.01 1.06 1.04 1.02 1.03 1.04 1.04 1.01 1.03 1.06 1.03 1.04 1.04 1.05 1.02 1.04 1.05 1.01 1.03 
1.03 1.04 1.03 1.03 1.02 1.04 1.01 1.01 1.01 1.01 1.06 1.06 1.01 1.05 1.02 1.02 1.02 1.04 1.06 1.01 
1.02 1.02 1.05 1.01 1.02 1.06 1.06 1.01 1.04 1.05 1.05 1.03 1.01 1.03 1.04 1.02 1.02 1.06 1.05 1.05 
1.03 1.04 1.04 1.05 1.01 1.05 1.05 1.03 1.06 1.03 1.03 1.04 1.01 1.05 1.06 1.04 1.03 1.06 1.03 1.03 
1.04 1.06 1.05 1.05 1.05 1.04 1.01 1.06 1.04 1.02 1.02 1.05 1.01 1.01 1.05 1.04 1.02 1.01 1.02 1.06 
1.05 1.04 1.04 1.05 1.03 1.03 1.03 1.03 1.03 1.06 1.06 1.05 1.03 1.01 1.06 1.01 1.03 1.05 1.06 1.04 
1.01 1.02 1.01 1.01 1.05 1.04 1.01 1.04 1.05 1.02 1.05 1.01 1.01 1.02 1.06 1.01 1.02 1.06 1.05 1.01 
1.02 1.06 1.02 1.01 1.03 1.04 1.02 1.06 1.02 1.01 1.05 1.04 1.06 1.01 1.02 1.04 1.02 1.05 1.06 1.02 
1.03 1.05 1.05 1.01 1.01 1.05 1.01 1.06 1.03 1.06 1.06 1.05 1.01 1.04 1.06 1.04 1.04 1.06 1.01 1.04 
1.06 1.02 1.04 1.05 1.03 1.06 1.03 1.04 1.03 1.06 1.01 1.03 1.06 1.06 1.01 1.03 1.04 1.02 1.05 1.04 
1.05 1.05 1.04 1.03 1.01 1.04 1.03 1.04 1.04 1.03 1.03 1.04 1.06 1.05 1.04 1.05 1.05 1.01 1.03 1.03 
1.04 1.03 1.06 1.05 1.06 1.02 1.06 1.04 1.01 1.02 1.02 1.03 1.04 1.01 1.02 1.02 1.03 1.02 1.06 1.05 
1.02 1.03 1.05 1.01 1.03 1.03 1.06 1.01 1.01 1.06 1.06 1.02 1.03 1.05 1.05 1.05 1.01 1.06 1.04 1.01 
1.04 1.01 1.02 1.06 1.05 1.04 1.03 1.06 1.05 1.05 1.02 1.03 1.05 1.06 1.06 1.01 1.03 1.04 1.06 1.06 
1.05 1.03 1.04 1.02 1.02 1.06 1.02 1.01 1.03 1.01 1.02 1.02 1.03 1.01 1.05 1.03 1.05 1.06 1.02 1.02 
1.04 1.01 1.04 1.02 1.03 1.04 1.04 1.06 1.05 1.02 1.02 1.05 1.04 1.06 1.02 1.01 1.06 1.01 1.06 1.03 
1.02 1.04 1.04 1.06 1.03 1.02 1.03 1.06 1.02 1.03 1.06 1.02 1.05 1.01 1.01 1.03 1.03 1.02 1.03 1.04 
1.02 1.06 1.05 1.05 1.05 1.06 1.05 1.03 1.01 1.01 1.01 1.06 1.01 1.01 1.02 1.06 1.05 1.06 1.01 1.03 
1.02 1.03 1.04 1.03 1.04 1.04 1.06 1.06 1.04 1.04 1.01 1.05 1.02 1.05 1.06 1.01 1.06 1.06 1.04 1.03 
1.05 1.06 1.01 1.05 1.03 1.01 1.01 1.03 1.02 1.06 1.06 1.03 1.03 1.03 1.03 1.02 1.06 1.02 1.01 1.06 
1.06 1.01 1.02 1.02 1.02 1.01 1.02 1.06 1.04 1.06 1.03 1.01 1.03 1.02 1.03 1.02 1.05 1.02 1.01 1.06 
1.06 1.02 1.05 1.01 1.04 1.05 1.04 1.01 1.01 1.05 1.04 1.02 1.02 1.06 1.05 1.01 1.03 1.03 1.05 1.06 
1.02 1.01 1.02 1.02 1.04 1.01 1.06 1.03 1.05 1.06 1.04 1.04 1.04 1.06 1.06 1.06 1.03 1.02 1.02 1.01 
1.02 1.04 1.05 1.02 1.06 1.03 1.01 1.03 1.03 1.05 1.05 1.06 1.04 1.03 1.05 1.01 1.02 1.01 1.02 1.01 
1.06 1.05 1.05 1.04 1.01 1.01 1.01 1.03 1.02 1.05 1.03 1.04 1.03 1.06 1.01 1.02 1.05 1.04 1.02 1.06 
1.06 1.05 1.02 1.06 1.02 1.02 1.02 1.03 1.05 1.05 1.05 1.04 1.06 1.03 1.06 1.03 1.01 1.03 1.03 1.02 
1.04 1.04 1.03 1.01 1.01 1.05 1.05 1.06 1.06 1.01 1.02 1.02 1.01 1.03 1.02 1.04 1.01 1.06 1.01 1.03 
1.02 1.02 1.04 1.01 1.06 1.04 1.01 1.04 1.02 1.02 1.01 1.05 1.01 1.03 1.04 1.06 1.05 1.02 1.01 1.06 
1.03 1.02 1.02 1.06 1.03 1.01 1.05 1.01 1.04 1.05 1.02 1.02 1.03 1.06 1.05 1.04 1.05 1.02 1.01 1.01 
1.03 1.06 1.02 1.05 1.04 1.01 1.01 1.02 1.01 1.05 1.05 1.01 1.03 1.05 1.02 1.03 1.03 1.05 1.05 1.06 
1.04 1.02 1.03 1.01 1.02 1.02 1.02 1.01 1.05 1.03 1.06 1.05 1.03 1.06 1.05 1.06 1.02 1.03 1.03 1.02 
1.02 1.02 1.05 1.06 1.02 1.04 1.04 1.05 1.01 1.01 1.03 1.01 1.05 1.01 1.02 1.06 1.01 1.04 1.06 1.05 
1.03 1.03 1.05 1.05 1.03 1.04 1.05 1.05 1.05 1.03 1.02 1.05 1.05 1.01 1.06 1.05 1.01 1.02 1.03 1.06 
1.04 1.03 1.02 1.02 1.05 1.03 1.06 1.02 1.03 1.02 1.05 1.03 1.05 1.05 1.04 1.04 1.03 1.02 1.05 1.05 
1.06 1.06 1.04 1.04 1.01 1.02 1.05 1.03 1.01 1.01 1.05 1.05 1.01 1.06 1.06 1.04 1.02 1.03 1.04 1.04 
1.05 1.06 1.05 1.01 1.04 1.05 1.05 1.05 1.01 1.03 1.02 1.05 1.06 1.06 1.01 1.02 1.04 1.05 1.03 1.02 
1.02 1.03 1.01 1.06 1.02 1.06 1.05 1.03 1.04 1.03 1.03 1.03 1.01 1.02 1.03 1.03 1.01 1.05 1.01 1.03 
1.03 1.03 1.05 1.04 1.02 1.03 1.06 1.04 1.02 1.02 1.05 1.06 1.05 1.06 1.01 1.06 1.04 1.05 1.04 1.06 
1.01 1.05 1.03 1.06 1.05 1.01 1.05 1.02 1.02 1.05 1.04 1.01 1.03 1.02 1.04 1.06 1.06 1.03 1.05 1.04 
1.04 1.01 1.04 1.01 1.05 1.06 1.05 1.06 1.01 1.05 1.01 1.04 1.01 1.05 1.03 1.06 1.03 1.01 1.06 1.04 
1.06 1.05 1.03 1.03 1.01 1.04 1.05 1.06 1.04 1.06 1.02 1.05 1.01 1.01 1.01 1.03 1.03 1.01 1.04 1.03 
1.06 1.02 1.04 1.02 1.02 1.05 1.03 1.04 1.03 1.03 1.04 1.04 1.04 1.06 1.04 1.02 1.01 1.01 1.02 1.02 
1.01 1.02 1.06 1.06 1.01 1.04 1.05 1.03 1.01 1.05 1.02 1.04 1.02 1.02 1.04 1.05 1.02 1.04 1.01 1.02 
1.04 1.04 1.01 1.03 1.02 1.01 1.01 1.06 1.01 1.04 1.04 1.03 1.04 1.04 1.03 1.04 1.05 1.03 1.01 1.05 
1.05 1.03 1.01 1.06 1.01 1.03 1.05 1.06 1.04 1.06 1.04 1.01 1.01 1.06 1.04 1.06 1.03 1.06 1.05 1.02 
1.05 1.06 1.01 1.01 1.04 1.02 1.02 1.04 1.02 1.01 1.01 1.04 1.06 1.01 1.04 1.02 1.01 1.06 1.01 1.02 
1.03 1.02 1.04 1.01 1.04 1.01 1.05 1.06 1.03 1.04 1.02 1.02 1.06 1.03 1.05 1.05 1.03 1.05 1.02 1.03 
