20
300
95 20 69 99 68 24 89 67 34 76 5 37 50 9 64 87 43 1 33 26 14 91 68 24 16 56 50 93 59 28 39 37 79 52 85 50 78 66 4 66 5 10 92 53 29 46 42 8 67 30 78 92 12 62 64 81 40 21 74 62 23 56 70 48 80 82 9 45 65 73 14 46 55 64 71 84 60 6 93 8 87 47 14 45 11 18 4 7 26 51 7 88 14 42 19 2 93 43 67 23 10 23 37 51 48 76 27 64 82 88 85 10 23 79 73 82 7 66 95 65 78 30 21 56 5 90 61 94 94 32 60 44 55 82 7 32 91 12 84 90 36 68 72 79 39 26 18 94 88 57 2 91 9 42 87 74 63 88 30 93 72 80 56 93 39 61 50 78 35 74 30 17 85 10 60 86 80 16 58 26 75 65 42 66 78 39 46 73 21 72 72 6 58 46 26 46 27 20 4 21 15 60 92 86 89 58 43 12 65 10 97 17 48 5 13 6 22 2 46 73 66 26 24 83 28 60 48 34 13 3 33 100 36 4 36 100 72 4 67 40 95 70 47 60 13 13 7 38 20 77 35 59 18 18 78 81 39 49 64 14 52 2 87 27 52 1 92 84 51 25 97 99 13 21 20 7 8 73 98 27 32 45 28 31 25 32 42 30 22 36 91 33 29 57 65 23 98 15 65 86 
7 7 3 7 1 7 7 2 7 9 2 5 5 8 6 1 2 7 1 9 
1.01 1.05 1.05 1.02 1.03 1.02 1.06 1.04 1.01 1.06 1.05 1.05 1.01 1.03 1.06 1.05 1.03 1.05 1.01 1.05 
1.04 1.01 1.06 1.04 1.05 1.03 1.06 1.01 1.06 1.05 1.05 1.04 1.06 1.03 1.02 1.04 1.04 1.05 1.01 1.05 
1.02 1.01 1.03 1.03 1.01 1.04 1.01 1.03 1.04 1.01 1.03 1.02 1.02 1.01 1.02 1.03 1.04 1.06 1.06 1.04 
1.01 1.02 1.02 1.01 1.06 1.04 1.01 1.06 1.06 1.06 1.02 1.05 1.05 1.05 1.01 1.01 1.03 1.02 1.04 1.06 
1.03 1.03 1.02 1.01 1.04 1.02 1.02 1.06 1.01 1.03 1.03 1.01 1.02 1.02 1.05 1.03 1.04 1.04 1.05 1.04 
1.04 1.05 1.03 1.01 1.01 1.05 1.05 1.01 1.01 1.01 1.05 1.02 1.04 1.03 1.01 1.03 1.04 1.06 1.06 1.04 
1.01 1.01 1.03 1.05 1.02 1.05 1.02 1.05 1.05 1.05 1.03 1.03 1.05 1.03 1.01 1.02 1.02 1.02 1.02 1.02 
1.01 1.03 1.02 1.06 1.04 1.03 1.01 1.01 1.05 1.02 1.05 1.04 1.03 1.01 1.01 1.04 1.01 1.03 1.01 1.05 
1.01 1.02 1.05 1.04 1.01 1.02 1.05 1.04 1.06 1.02 1.06 1.03 1.01 1.04 1.02 1.03 1.05 1.06 1.03 1.05 
1.01 1.03 1.05 1.03 1.01 1.05 1.06 1.03 1.04 1.06 1.01 1.01 1.05 1.03 1.03 1.02 1.01 1.05 1.04 1.06 
1.05 1.01 1.05 1.02 1.04 1.01 1.03 1.01 1.04 1.04 1.06 1.04 1.06 1.05 1.02 1.02 1.03 1.06 1.04 1.05 
1.04 1.05 1.04 1.02 1.06 1.05 1.01 1.06 1.04 1.01 1.02 1.02 1.06 1.02 1.04 1.06 1.05 1.01 1.05 1.03 
1.06 1.06 1.04 1.02 1.01 1.06 1.02 1.06 1.06 1.04 1.03 1.01 1.05 1.05 1.06 1.01 1.04 1.01 1.05 1.01 
1.06 1.04 1.03 1.03 1.05 1.05 1.03 1.05 1.01 1.06 1.01 1.05 1.01 1.06 1.05 1.04 1.05 1.06 1.03 1.04 
1.03 1.03 1.01 1.04 1.06 1.04 1.01 1.05 1.04 1.03 1.06 1.06 1.02 1.04 1.05 1.05 1.06 1.01 1.06 1.06 
1.04 1.05 1.05 1.02 1.06 1.05 1.02 1.04 1.02 1.01 1.02 1.05 1.03 1.03 1.06 1.01 1.01 1.05 1.03 1.05 
1.06 1.02 1.04 1.01 1.05 1.04 1.04 1.05 1.02 1.01 1.06 1.03 1.01 1.04 1.06 1.06 1.06 1.03 1.05 1.01 
1.06 1.02 1.04 1.05 1.03 1.06 1.01 1.01 1.05 1.06 1.05 1.01 1.05 1.05 1.03 1.03 1.05 1.04 1.02 1.04 
1.04 1.01 1.06 1.03 1.06 1.01 1.02 1.06 1.06 1.04 1.04 1.04 1.06 1.06 1.04 1.05 1.01 1.02 1.05 1.03 
1.03 1.01 1.06 1.01 1.02 1.03 1.03 1.05 1.03 1.05 1.05 1.04 1.04 1.05 1.04 1.01 1.06 1.02 1.03 1.01 
1.02 1.03 1.06 1.03 1.06 1.05 1.04 1.04 1.03 1.05 1.06 1.03 1.01 1.06 1.05 1.02 1.01 1.03 1.01 1.02 
1.02 1.03 1.01 1.02 1.06 1.06 1.02 1.04 1.04 1.01 1.04 1.04 1.06 1.04 1.03 1.05 1.04 1.06 1.04 1.05 
1.04 1.01 1.04 1.06 1.06 1.06 1.06 1.02 1.06 1.01 1.04 1.05 1.04 1.01 1.02 1.02 1.05 1.02 1.04 1.05 
1.06 1.04 1.01 1.04 1.03 1.06 1.03 1.04 1.04 1.03 1.01 1.01 1.03 1.02 1.03 1.03 1.06 1.05 1.01 1.06 
1.06 1.06 1.04 1.01 1.05 1.01 1.03 1.05 1.03 1.04 1.02 1.06 1.05 1.06 1.01 1.05 1.06 1.01 1.01 1.03 
1.03 1.06 1.03 1.01 1.05 1.03 1.06 1.03 1.06 1.06 1.03 1.03 1.03 1.02 1.05 1.03 1.06 1.01 1.01 1.01 
1.02 1.02 1.02 1.06 1.03 1.03 1.04 1.06 1.01 1.06 1.02 1.06 1.03 1.03 1.04 1.06 1.04 1.06 1.06 1.03 
1.05 1.04 1.02 1.04 1.05 1.05 1.01 1.04 1.06 1.03 1.01 1.03 1.04 1.01 1.04 1.05 1.01 1.04 1.02 1.05 
1.05 1.05 1.06 1.06 1.01 1.02 1.03 1.03 1.06 1.03 1.05 1.02 1.01 1.05 1.04 1.06 1.04 1.05 1.02 1.05 
1.06 1.06 1.03 1.06 1.06 1.05 1.05 1.06 1.02 1.02 1.02 1.02 1.01 1.06 1.05 1.04 1.06 1.04 1.04 1.06 
1.01 1.04 1.05 1.05 1.05 1.06 1.06 1.01 1.01 1.04 1.05 1.04 1.04 1.02 1.01 1.05 1.01 1.02 1.02 1.03 
1.04 1.03 1.04 1.06 1.03 1.05 1.03 1.02 1.03 1.03 1.04 1.04 1.01 1.01 1.06 1.06 1.06 1.04 1.04 1.06 
1.03 1.02 1.03 1.06 1.02 1.04 1.04 1.01 1.03 1.01 1.06 1.03 1.02 1.03 1.06 1.06 1.02 1.06 1.04 1.04 
1.06 1.04 1.05 1.01 1.04 1.06 1.01 1.04 1.06 1.06 1.02 1.05 1.04 1.01 1.04 1.06 1.06 1.01 1.05 1.04 
1.02 1.06 1.01 1.01 1.03 1.03 1.06 1.03 1.03 1.06 1.05 1.01 1.02 1.02 1.01 1.05 1.03 1.03 1.01 1.03 
1.04 1.03 1.03 1.05 1.06 1.05 1.06 1.01 1.01 1.05 1.01 1.03 1.04 1.06 1.02 1.05 1.01 1.06 1.05 1.06 
1.04 1.01 1.01 1.05 1.02 1.05 1.01 1.05 1.05 1.01 1.05 1.02 1.03 1.01 1.06 1.02 1.01 1.03 1.02 1.06 
1.05 1.04 1.06 1.02 1.06 1.05 1.05 1.04 1.05 1.02 1.06 1.05 1.04 1.03 1.04 1.01 1.06 1.01 1.05 1.04 
1.03 1.04 1.05 1.03 1.05 1.05 1.05 1.01 1.05 1.01 1.02 1.04 1.02 1.06 1.06 1.04 1.04 1.06 1.02 1.04 
1.04 1.06 1.03 1.02 1.03 1.01 1.02 1.06 1.04 1.06 1.05 1.02 1.03 1.02 1.01 1.02 1.05 1.01 1.04 1.03 
1.04 1.01 1.02 1.02 1.06 1.05 1.01 1.01 1.04 1.01 1.04 1.04 1.06 1.02 1.02 1.06 1.04 1.05 1.04 1.05 
1.03 1.02 1.06 1.06 1.06 1.05 1.01 1.05 1.06 1.03 1.03 1.05 1.02 1.03 1.03 1.06 1.06 1.05 1.03 1.02 
1.05 1.06 1.03 1.04 1.01 1.06 1.06 1.01 1.06 1.06 1.04 1.01 1.04 1.02 1.05 1.02 1.02 1.05 1.03 1.05 
1.04 1.05 1.01 1.06 1.03 1.05 1.05 1.01 1.04 1.06 1.06 1.06 1.06 1.05 1.01 1.05 1.04 1.04 1.01 1.02 
1.01 1.05 1.06 1.01 1.03 1.04 1.01 1.05 1.03 1.02 1.04 1.02 1.01 1.01 1.02 1.04 1.03 1.05 1.05 1.05 
1.06 1.03 1.02 1.01 1.03 1.02 1.06 1.06 1.04 1.02 1.03 1.02 1.02 1.06 1.03 1.06 1.03 1.01 1.02 1.03 
1.01 1.06 1.04 1.06 1.04 1.03 1.02 1.06 1.02 1.05 1.01 1.06 1.04 1.06 1.03 1.02 1.01 1.06 1.05 1.06 
1.06 1.06 1.01 1.01 1.01 1.06 1.03 1.05 1.05 1.05 1.04 1.01 1.05 1.01 1.05 1.01 1.02 1.03 1.02 1.01 
1.02 1.04 1.05 1.05 1.03 1.05 1.03 1.01 1.02 1.06 1.05 1.04 1.06 1.04 1.03 1.03 1.01 1.05 1.03 1.04 
1.06 1.01 1.01 1.04 1.03 1.02 1.05 1.06 1.06 1.05 1.04 1.02 1.03 1.05 1.06 1.05 1.04 1.06 1.01 1.05 
1.03 1.04 1.02 1.02 1.01 1.01 1.01 1.03 1.03 1.06 1.03 1.04 1.06 1.05 1.05 1.02 1.05 1.03 1.05 1.02 
1.02 1.06 1.03 1.02 1.06 1.04 1.04 1.04 1.04 1.01 1.04 1.04 1.01 1.03 1.06 1.03 1.06 1.03 1.06 1.03 
1.04 1.03 1.03 1.01 1.03 1.03 1.01 1.01 1.04 1.03 1.02 1.02 1.02 1.04 1.03 1.02 1.02 1.04 1.02 1.04 
1.05 1.02 1.01 1.03 1.02 1.05 1.05 1.01 1.01 1.03 1.02 1.04 1.02 1.05 1.02 1.05 1.06 1.06 1.01 1.02 
1.05 1.01 1.04 1.03 1.02 1.02 1.02 1.03 1.04 1.05 1.02 1.04 1.05 1.05 1.04 1.01 1.05 1.04 1.02 1.04 
1.05 1.04 1.05 1.05 1.01 1.05 1.06 1.02 1.06 1.06 1.03 1.05 1.02 1.03 1.01 1.01 1.02 1.01 1.01 1.02 
1.06 1.05 1.06 1.02 1.05 1.03 1.03 1.05 1.01 1.04 1.02 1.05 1.02 1.06 1.02 1.04 1.03 1.04 1.05 1.06 
1.06 1.06 1.01 1.01 1.02 1.03 1.05 1.04 1.06 1.03 1.02 1.02 1.04 1.04 1.05 1.05 1.04 1.04 1.03 1.06 
1.06 1.05 1.01 1.03 1.05 1.03 1.02 1.01 1.02 1.01 1.02 1.02 1.02 1.03 1.02 1.01 1.02 1.06 1.05 1.05 
1.04 1.02 1.04 1.05 1.01 1.05 1.01 1.02 1.04 1.01 1.03 1.06 1.01 1.02 1.01 1.05 1.01 1.04 1.01 1.06 
1.04 1.06 1.03 1.03 1.06 1.01 1.06 1.04 1.04 1.06 1.05 1.02 1.04 1.03 1.01 1.06 1.06 1.02 1.06 1.04 
1.06 1.01 1.04 1.06 1.01 1.05 1.04 1.02 1.02 1.04 1.01 1.03 1.04 1.06 1.02 1.02 1.02 1.03 1.01 1.05 
1.01 1.06 1.05 1.02 1.06 1.03 1.03 1.02 1.06 1.02 1.06 1.06 1.03 1.06 1.04 1.02 1.06 1.03 1.02 1.02 
1.04 1.03 1.05 1.01 1.01 1.01 1.04 1.05 1.06 1.02 1.05 1.03 1.05 1.02 1.04 1.04 1.03 1.06 1.05 1.04 
1.01 1.04 1.06 1.03 1.03 1.04 1.01 1.03 1.05 1.03 1.04 1.05 1.02 1.02 1.05 1.06 1.02 1.06 1.05 1.03 
1.04 1.03 1.06 1.03 1.05 1.05 1.01 1.01 1.06 1.03 1.03 1.01 1.01 1.04 1.05 1.04 1.01 1.01 1.01 1.05 
1.04 1.03 1.05 1.04 1.05 1.01 1.01 1.03 1.03 1.03 1.04 1.03 1.02 1.05 1.03 1.04 1.04 1.05 1.06 1.06 
1.02 1.04 1.05 1.02 1.02 1.04 1.03 1.03 1.04 1.03 1.02 1.01 1.02 1.06 1.05 1.03 1.02 1.04 1.03 1.06 
1.04 1.01 1.05 1.04 1.02 1.06 1.01 1.06 1.04 1.04 1.05 1.02 1.01 1.01 1.02 1.06 1.06 1.06 1.06 1.05 
1.02 1.01 1.06 1.02 1.06 1.01 1.02 1.03 1.02 1.05 1.04 1.01 1.04 1.03 1.04 1.01 1.04 1.03 1.03 1.02 
1.04 1.02 1.01 1.03 1.03 1.04 1.06 1.01 1.01 1.02 1.04 1.04 1.02 1.03 1.05 1.02 1.06 1.03 1.05 1.05 
1.01 1.06 1.03 1.05 1.02 1.03 1.06 1.01 1.05 1.02 1.05 1.05 1.04 1.01 1.02 1.06 1.03 1.03 1.03 1.06 
1.03 1.02 1.02 1.06 1.01 1.05 1.03 1.04 1.01 1.05 1.06 1.04 1.03 1.05 1.06 1.05 1.01 1.02 1.01 1.01 
1.02 1.01 1.03 1.02 1.01 1.06 1.06 1.05 1.06 1.04 1.02 1.05 1.06 1.02 1.01 1.06 1.01 1.06 1.04 1.04 
1.01 1.01 1.01 1.05 1.03 1.04 1.03 1.05 1.02 1.02 1.02 1.03 1.02 1.05 1.06 1.04 1.06 1.01 1.05 1.02 
1.01 1.02 1.04 1.02 1.02 1.05 1.03 1.01 1.02 1.05 1.01 1.01 1.05 1.02 1.03 1.04 1.06 1.06 1.06 1.05 
1.01 1.04 1.03 1.06 1.05 1.05 1.04 1.06 1.06 1.05 1.02 1.06 1.02 1.05 1.05 1.04 1.02 1.03 1.02 1.05 
1.03 1.05 1.01 1.05 1.06 1.02 1.06 1.02 1.01 1.03 1.02 1.06 1.06 1.06 1.06 1.03 1.01 1.02 1.05 1.03 
1.05 1.03 1.04 1.02 1.02 1.02 1.03 1.02 1.01 1.02 1.02 1.06 1.01 1.05 1.01 1.05 1.02 1.05 1.01 1.01 
1.06 1.06 1.05 1.02 1.02 1.05 1.06 1.01 1.05 1.05 1.02 1.06 1.01 1.05 1.03 1.01 1.06 1.02 1.06 1.04 
1.06 1.02 1.06 1.01 1.03 1.05 1.05 1.06 1.02 1.01 1.04 1.01 1.05 1.06 1.03 1.04 1.04 1.06 1.01 1.05 
1.02 1.06 1.03 1.06 1.04 1.03 1.01 1.06 1.02 1.01 1.02 1.02 1.05 1.01 1.02 1.04 1.01 1.03 1.03 1.03 
1.01 1.04 1.03 1.05 1.02 1.05 1.05 1.03 1.06 1.04 1.05 1.06 1.03 1.05 1.01 1.03 1.04 1.01 1.04 1.01 
1.03 1.01 1.05 1.05 1.06 1.05 1.02 1.06 1.03 1.05 1.06 1.05 1.04 1.02 1.05 1.04 1.01 1.05 1.01 1.04 
1.01 1.02 1.05 1.01 1.04 1.01 1.02 1.02 1.01 1.03 1.05 1.03 1.05 1.02 1.05 1.03 1.04 1.02 1.03 1.01 
1.03 1.06 1.01 1.06 1.03 1.03 1.06 1.05 1.02 1.01 1.04 1.02 1.05 1.04 1.05 1.02 1.01 1.06 1.06 1.06 
1.03 1.04 1.02 1.05 1.02 1.04 1.01 1.03 1.02 1.04 1.04 1.05 1.01 1.04 1.03 1.05 1.04 1.04 1.04 1.01 
1.06 1.02 1.01 1.04 1.01 1.03 1.05 1.02 1.02 1.06 1.04 1.02 1.02 1.06 1.05 1.04 1.03 1.04 1.02 1.05 
1.04 1.02 1.01 1.06 1.05 1.01 1.02 1.06 1.04 1.01 1.06 1.02 1.04 1.02 1.03 1.05 1.04 1.01 1.04 1.01 
1.01 1.05 1.04 1.01 1.04 1.02 1.03 1.04 1.06 1.06 1.05 1.05 1.05 1.06 1.04 1.02 1.03 1.01 1.02 1.02 
1.04 1.03 1.06 1.06 1.01 1.06 1.02 1.01 1.02 1.01 1.04 1.02 1.02 1.01 1.04 1.03 1.06 1.06 1.04 1.03 
1.05 1.02 1.02 1.05 1.02 1.04 1.02 1.02 1.01 1.06 1.03 1.01 1.04 1.05 1.06 1.01 1.01 1.06 1.02 1.05 
1.06 1.01 1.06 1.03 1.05 1.06 1.01 1.01 1.01 1.03 1.01 1.05 1.04 1.04 1.06 1.05 1.01 1.04 1.01 1.03 
1.05 1.05 1.03 1.04 1.05 1.01 1.01 1.02 1.01 1.06 1.03 1.06 1.01 1.03 1.06 1.04 1.06 1.06 1.04 1.03 
1.01 1.01 1.05 1.02 1.02 1.01 1.03 1.06 1.01 1.04 1.03 1.01 1.05 1.06 1.06 1.04 1.06 1.03 1.04 1.03 
1.01 1.04 1.03 1.01 1.04 1.05 1.02 1.03 1.05 1.06 1.02 1.06 1.03 1.01 1.01 1.05 1.02 1.06 1.05 1.05 
1.03 1.06 1.06 1.01 1.05 1.06 1.02 1.01 1.05 1.03 1.01 1.04 1.06 1.02 1.06 1.01 1.05 1.06 1.03 1.05 
1.05 1.06 1.01 1.02 1.02 1.01 1.01 1.02 1.04 1.02 1.05 1.01 1.05 1.02 1.01 1.03 1.01 1.01 1.03 1.06 
1.05 1.03 1.06 1.05 1.03 1.04 1.06 1.05 1.02 1.04 1.05 1.04 1.03 1.02 1.05 1.04 1.04 1.06 1.03 1.04 
1.03 1.02 1.03 1.02 1.02 1.05 1.04 1.01 1.02 1.06 1.03 1.01 1.03 1.06 1.05 1.04 1.06 1.04 1.04 1.02 
1.02 1.05 1.03 1.04 1.06 1.06 1.06 1.01 1.02 1.06 1.01 1.06 1.04 1.02 1.01 1.01 1.01 1.01 1.05 1.06 
1.01 1.01 1.05 1.03 1.01 1.02 1.04 1.02 1.02 1.04 1.05 1.05 1.04 1.04 1.03 1.04 1.04 1.02 1.06 1.06 
1.04 1.02 1.05 1.05 1.03 1.04 1.03 1.03 1.02 1.05 1.05 1.01 1.04 1.06 1.06 1.06 1.05 1.03 1.05 1.01 
1.01 1.03 1.03 1.01 1.04 1.03 1.05 1.02 1.05 1.06 1.04 1.06 1.01 1.02 1.03 1.04 1.05 1.03 1.02 1.05 
1.04 1.03 1.05 1.06 1.02 1.05 1.01 1.03 1.04 1.05 1.02 1.06 1.02 1.05 1.06 1.06 1.05 1.05 1.02 1.05 
1.02 1.06 1.06 1.01 1.02 1.06 1.03 1.04 1.02 1.01 1.05 1.06 1.03 1.04 1.01 1.04 1.06 1.03 1.04 1.01 
1.03 1.02 1.01 1.02 1.06 1.04 1.01 1.05 1.04 1.01 1.06 1.06 1.02 1.02 1.06 1.04 1.05 1.04 1.01 1.02 
1.01 1.04 1.06 1.06 1.06 1.06 1.05 1.03 1.04 1.06 1.05 1.05 1.05 1.04 1.04 1.01 1.01 1.06 1.02 1.01 
1.01 1.06 1.03 1.05 1.04 1.02 1.04 1.06 1.01 1.06 1.05 1.01 1.03 1.04 1.03 1.04 1.02 1.04 1.04 1.03 
1.05 1.01 1.05 1.04 1.03 1.03 1.01 1.01 1.04 1.03 1.05 1.05 1.01 1.01 1.04 1.01 1.02 1.05 1.01 1.06 
1.05 1.02 1.02 1.02 1.06 1.03 1.04 1.02 1.03 1.06 1.04 1.03 1.05 1.01 1.03 1.06 1.01 1.03 1.05 1.06 
1.06 1.01 1.05 1.04 1.05 1.06 1.05 1.04 1.04 1.01 1.01 1.05 1.05 1.06 1.01 1.01 1.03 1.02 1.02 1.05 
1.06 1.01 1.03 1.02 1.03 1.02 1.02 1.06 1.05 1.02 1.01 1.04 1.03 1.04 1.02 1.04 1.01 1.04 1.02 1.03 
1.06 1.06 1.04 1.04 1.04 1.05 1.01 1.01 1.05 1.02 1.03 1.03 1.03 1.05 1.04 1.05 1.02 1.06 1.06 1.04 
1.06 1.05 1.03 1.02 1.04 1.03 1.04 1.03 1.06 1.05 1.02 1.04 1.02 1.04 1.03 1.06 1.05 1.01 1.02 1.03 
1.04 1.01 1.03 1.01 1.03 1.05 1.01 1.03 1.02 1.03 1.01 1.05 1.05 1.06 1.05 1.06 1.04 1.02 1.02 1.06 
1.04 1.01 1.02 1.04 1.02 1.05 1.05 1.04 1.04 1.06 1.04 1.02 1.06 1.04 1.01 1.02 1.05 1.03 1.02 1.06 
1.02 1.05 1.03 1.03 1.02 1.03 1.02 1.03 1.03 1.01 1.02 1.03 1.02 1.02 1.06 1.02 1.06 1.02 1.02 1.01 
1.03 1.06 1.06 1.05 1.02 1.05 1.06 1.02 1.03 1.01 1.06 1.04 1.01 1.02 1.02 1.01 1.04 1.04 1.02 1.05 
1.01 1.06 1.05 1.05 1.05 1.06 1.04 1.05 1.02 1.04 1.02 1.03 1.01 1.01 1.06 1.06 1.05 1.06 1.02 1.02 
1.04 1.01 1.01 1.02 1.03 1.04 1.02 1.06 1.04 1.01 1.05 1.06 1.03 1.01 1.05 1.03 1.03 1.01 1.06 1.06 
1.02 1.05 1.06 1.01 1.05 1.03 1.06 1.06 1.04 1.01 1.01 1.04 1.05 1.03 1.04 1.06 1.01 1.06 1.05 1.04 
1.06 1.02 1.05 1.01 1.02 1.04 1.02 1.02 1.03 1.01 1.06 1.06 1.03 1.06 1.02 1.02 1.06 1.06 1.03 1.05 
1.06 1.06 1.06 1.05 1.02 1.04 1.01 1.03 1.01 1.02 1.05 1.02 1.05 1.03 1.03 1.05 1.05 1.05 1.05 1.03 
1.01 1.04 1.06 1.02 1.04 1.05 1.06 1.03 1.02 1.04 1.04 1.04 1.03 1.03 1.03 1.03 1.06 1.01 1.02 1.06 
1.06 1.04 1.04 1.02 1.02 1.01 1.02 1.02 1.05 1.04 1.02 1.03 1.04 1.02 1.02 1.06 1.04 1.04 1.03 1.05 
1.05 1.04 1.01 1.01 1.03 1.03 1.04 1.03 1.04 1.04 1.06 1.02 1.05 1.06 1.03 1.01 1.01 1.06 1.02 1.06 
1.06 1.03 1.04 1.04 1.03 1.02 1.01 1.05 1.05 1.03 1.03 1.05 1.03 1.02 1.04 1.01 1.03 1.04 1.05 1.06 
1.06 1.04 1.01 1.02 1.02 1.06 1.05 1.05 1.04 1.03 1.05 1.02 1.06 1.03 1.01 1.03 1.05 1.06 1.04 1.02 
1.01 1.02 1.04 1.04 1.03 1.01 1.01 1.03 1.04 1.03 1.01 1.05 1.02 1.01 1.01 1.04 1.04 1.06 1.01 1.05 
1.06 1.06 1.05 1.04 1.04 1.04 1.01 1.02 1.04 1.02 1.06 1.06 1.05 1.05 1.05 1.05 1.03 1.06 1.02 1.05 
1.04 1.03 1.05 1.01 1.01 1.03 1.05 1.01 1.03 1.06 1.01 1.06 1.06 1.06 1.01 1.05 1.05 1.02 1.05 1.02 
1.06 1.04 1.05 1.04 1.06 1.02 1.02 1.03 1.03 1.01 1.06 1.04 1.06 1.06 1.01 1.05 1.04 1.06 1.04 1.03 
1.02 1.01 1.01 1.03 1.03 1.02 1.06 1.02 1.01 1.01 1.03 1.05 1.01 1.04 1.03 1.01 1.05 1.06 1.04 1.06 
1.03 1.02 1.04 1.02 1.03 1.02 1.05 1.02 1.02 1.02 1.06 1.01 1.04 1.01 1.06 1.05 1.04 1.04 1.04 1.02 
1.03 1.03 1.01 1.02 1.01 1.02 1.05 1.06 1.02 1.03 1.05 1.01 1.02 1.04 1.06 1.02 1.03 1.05 1.01 1.04 
1.04 1.01 1.05 1.03 1.06 1.03 1.05 1.02 1.05 1.03 1.01 1.04 1.06 1.02 1.05 1.06 1.06 1.02 1.02 1.06 
1.05 1.02 1.01 1.05 1.06 1.02 1.02 1.04 1.03 1.03 1.02 1.06 1.04 1.02 1.03 1.06 1.06 1.06 1.01 1.03 
1.06 1.01 1.01 1.05 1.04 1.02 1.06 1.05 1.05 1.05 1.05 1.04 1.02 1.04 1.01 1.05 1.05 1.04 1.01 1.01 
1.02 1.01 1.03 1.01 1.06 1.05 1.06 1.05 1.02 1.02 1.02 1.04 1.04 1.04 1.01 1.02 1.03 1.02 1.01 1.02 
1.03 1.01 1.06 1.04 1.05 1.03 1.05 1.06 1.01 1.01 1.05 1.04 1.02 1.01 1.02 1.06 1.01 1.01 1.03 1.02 
1.04 1.05 1.04 1.04 1.02 1.03 1.05 1.05 1.06 1.02 1.02 1.05 1.03 1.06 1.05 1.01 1.04 1.01 1.05 1.06 
1.01 1.01 1.02 1.06 1.06 1.04 1.03 1.06 1.04 1.03 1.01 1.06 1.04 1.01 1.05 1.05 1.06 1.06 1.03 1.03 
1.01 1.04 1.01 1.05 1.01 1.06 1.02 1.06 1.01 1.05 1.04 1.06 1.06 1.02 1.01 1.06 1.04 1.06 1.02 1.04 
1.05 1.05 1.02 1.01 1.06 1.06 1.01 1.04 1.03 1.01 1.04 1.02 1.06 1.04 1.02 1.02 1.01 1.03 1.05 1.04 
1.06 1.02 1.04 1.02 1.01 1.02 1.04 1.01 1.03 1.04 1.05 1.05 1.01 1.01 1.04 1.06 1.01 1.01 1.06 1.02 
1.04 1.04 1.06 1.06 1.05 1.02 1.02 1.01 1.04 1.01 1.06 1.02 1.01 1.02 1.05 1.01 1.04 1.05 1.01 1.04 
1.06 1.04 1.03 1.01 1.05 1.05 1.01 1.01 1.04 1.04 1.02 1.03 1.03 1.01 1.02 1.06 1.03 1.04 1.04 1.03 
1.05 1.02 1.03 1.06 1.03 1.04 1.04 1.05 1.01 1.05 1.05 1.03 1.03 1.03 1.03 1.05 1.03 1.01 1.04 1.05 
1.04 1.05 1.01 1.06 1.01 1.05 1.02 1.01 1.04 1.02 1.02 1.05 1.05 1.06 1.06 1.03 1.05 1.06 1.04 1.03 
1.03 1.03 1.06 1.03 1.05 1.03 1.03 1.04 1.04 1.02 1.02 1.01 1.03 1.03 1.03 1.01 1.01 1.04 1.02 1.03 
1.03 1.02 1.04 1.06 1.02 1.05 1.05 1.05 1.06 1.06 1.05 1.02 1.05 1.03 1.05 1.01 1.06 1.03 1.01 1.03 
1.02 1.06 1.01 1.06 1.04 1.05 1.05 1.01 1.05 1.05 1.01 1.06 1.01 1.04 1.02 1.06 1.05 1.02 1.06 1.01 
1.02 1.02 1.01 1.01 1.05 1.04 1.02 1.06 1.05 1.03 1.02 1.03 1.06 1.01 1.01 1.05 1.05 1.06 1.06 1.04 
1.03 1.04 1.03 1.03 1.05 1.03 1.05 1.04 1.03 1.05 1.01 1.05 1.05 1.02 1.05 1.03 1.06 1.01 1.01 1.05 
1.05 1.04 1.04 1.01 1.05 1.04 1.06 1.06 1.04 1.05 1.01 1.01 1.06 1.02 1.05 1.06 1.01 1.03 1.05 1.02 
1.04 1.06 1.04 1.04 1.02 1.02 1.03 1.02 1.01 1.02 1.01 1.01 1.04 1.04 1.01 1.04 1.01 1.01 1.03 1.06 
1.05 1.04 1.04 1.05 1.01 1.05 1.05 1.02 1.01 1.02 1.04 1.02 1.01 1.01 1.02 1.01 1.06 1.03 1.03 1.03 
1.06 1.05 1.02 1.01 1.05 1.05 1.06 1.05 1.01 1.02 1.04 1.01 1.01 1.05 1.01 1.05 1.01 1.03 1.05 1.02 
1.03 1.04 1.03 1.01 1.04 1.02 1.02 1.05 1.03 1.03 1.01 1.05 1.06 1.04 1.01 1.05 1.01 1.03 1.05 1.03 
1.02 1.05 1.05 1.02 1.06 1.02 1.05 1.06 1.05 1.04 1.06 1.05 1.05 1.05 1.01 1.04 1.01 1.03 1.04 1.01 
1.02 1.03 1.04 1.05 1.04 1.05 1.02 1.04 1.06 1.04 1.05 1.02 1.06 1.03 1.05 1.03 1.06 1.04 1.03 1.02 
1.03 1.03 1.04 1.04 1.01 1.05 1.04 1.03 1.03 1.02 1.02 1.05 1.02 1.06 1.04 1.01 1.06 1.03 1.03 1.02 
1.03 1.04 1.04 1.03 1.03 1.04 1.02 1.01 1.04 1.05 1.02 1.06 1.05 1.04 1.01 1.04 1.05 1.04 1.04 1.04 
1.02 1.06 1.01 1.04 1.02 1.02 1.01 1.01 1.01 1.03 1.03 1.05 1.01 1.03 1.06 1.03 1.01 1.04 1.03 1.05 
1.05 1.05 1.04 1.06 1.04 1.02 1.02 1.04 1.03 1.03 1.04 1.04 1.06 1.01 1.03 1.02 1.02 1.05 1.06 1.05 
1.02 1.01 1.06 1.02 1.04 1.02 1.02 1.03 1.01 1.06 1.03 1.05 1.05 1.02 1.05 1.05 1.03 1.02 1.06 1.06 
1.01 1.04 1.02 1.06 1.01 1.01 1.06 1.03 1.02 1.03 1.02 1.03 1.01 1.02 1.04 1.06 1.01 1.01 1.06 1.04 
1.01 1.02 1.01 1.05 1.05 1.06 1.05 1.01 1.02 1.04 1.06 1.03 1.04 1.01 1.04 1.02 1.02 1.04 1.02 1.04 
1.03 1.06 1.05 1.04 1.06 1.06 1.04 1.06 1.01 1.04 1.04 1.03 1.05 1.04 1.01 1.04 1.06 1.04 1.02 1.03 
1.02 1.06 1.04 1.03 1.05 1.05 1.04 1.05 1.04 1.04 1.02 1.06 1.04 1.05 1.05 1.04 1.02 1.05 1.02 1.01 
1.02 1.05 1.03 1.01 1.04 1.02 1.03 1.06 1.04 1.01 1.02 1.04 1.06 1.06 1.02 1.02 1.05 1.01 1.01 1.04 
1.02 1.01 1.05 1.04 1.04 1.01 1.03 1.06 1.06 1.05 1.02 1.03 1.06 1.02 1.03 1.02 1.01 1.04 1.01 1.02 
1.05 1.03 1.05 1.02 1.04 1.04 1.06 1.04 1.06 1.02 1.04 1.04 1.06 1.03 1.03 1.03 1.03 1.04 1.03 1.02 
1.01 1.03 1.01 1.04 1.02 1.05 1.02 1.05 1.06 1.03 1.01 1.03 1.02 1.05 1.03 1.04 1.01 1.03 1.02 1.05 
1.04 1.03 1.01 1.06 1.02 1.06 1.06 1.03 1.06 1.03 1.01 1.02 1.04 1.01 1.05 1.02 1.05 1.02 1.01 1.04 
1.05 1.06 1.03 1.06 1.02 1.03 1.04 1.04 1.02 1.04 1.01 1.06 1.04 1.06 1.06 1.04 1.01 1.02 1.06 1.02 
1.02 1.06 1.02 1.06 1.05 1.06 1.05 1.06 1.02 1.03 1.05 1.04 1.03 1.03 1.03 1.04 1.06 1.01 1.03 1.03 
1.01 1.03 1.01 1.06 1.01 1.01 1.01 1.06 1.04 1.02 1.02 1.04 1.05 1.05 1.02 1.06 1.02 1.02 1.05 1.01 
1.03 1.03 1.04 1.05 1.05 1.01 1.02 1.04 1.05 1.01 1.03 1.01 1.01 1.05 1.04 1.06 1.01 1.03 1.01 1.01 
1.05 1.04 1.02 1.02 1.01 1.02 1.01 1.03 1.04 1.02 1.01 1.04 1.04 1.04 1.06 1.03 1.02 1.06 1.01 1.05 
1.03 1.03 1.03 1.01 1.06 1.06 1.04 1.02 1.05 1.02 1.04 1.01 1.05 1.02 1.06 1.04 1.03 1.01 1.02 1.04 
1.02 1.06 1.06 1.02 1.05 1.05 1.03 1.02 1.03 1.02 1.06 1.06 1.06 1.06 1.01 1.04 1.01 1.06 1.02 1.03 
1.06 1.01 1.02 1.03 1.01 1.06 1.05 1.02 1.02 1.01 1.01 1.04 1.02 1.04 1.04 1.05 1.06 1.03 1.05 1.03 
1.06 1.03 1.05 1.03 1.01 1.06 1.03 1.03 1.03 1.03 1.04 1.02 1.04 1.03 1.04 1.04 1.01 1.02 1.04 1.02 
1.02 1.06 1.03 1.03 1.03 1.05 1.01 1.01 1.01 1.05 1.02 1.06 1.05 1.01 1.03 1.01 1.05 1.02 1.06 1.01 
1.04 1.03 1.04 1.04 1.04 1.01 1.06 1.01 1.04 1.02 1.05 1.03 1.02 1.01 1.02 1.02 1.06 1.04 1.06 1.05 
1.04 1.04 1.02 1.06 1.03 1.04 1.04 1.01 1.05 1.01 1.01 1.05 1.01 1.02 1.05 1.04 1.05 1.04 1.01 1.01 
1.03 1.04 1.02 1.01 1.01 1.03 1.02 1.04 1.03 1.05 1.06 1.03 1.03 1.04 1.02 1.02 1.05 1.05 1.06 1.06 
1.01 1.05 1.01 1.05 1.04 1.03 1.02 1.01 1.01 1.06 1.04 1.01 1.04 1.01 1.06 1.01 1.02 1.06 1.04 1.02 
1.02 1.03 1.03 1.02 1.02 1.04 1.03 1.04 1.02 1.04 1.04 1.05 1.05 1.03 1.06 1.04 1.04 1.06 1.01 1.02 
1.03 1.02 1.02 1.04 1.02 1.01 1.05 1.01 1.05 1.06 1.02 1.05 1.02 1.04 1.01 1.03 1.04 1.05 1.02 1.02 
1.02 1.02 1.04 1.03 1.04 1.06 1.04 1.06 1.06 1.04 1.04 1.01 1.02 1.04 1.03 1.02 1.03 1.04 1.05 1.04 
1.04 1.01 1.04 1.05 1.04 1.06 1.04 1.03 1.06 1.01 1.01 1.01 1.05 1.06 1.02 1.01 1.01 1.01 1.03 1.01 
1.02 1.04 1.06 1.01 1.04 1.05 1.05 1.04 1.04 1.04 1.04 1.03 1.06 1.01 1.03 1.03 1.03 1.03 1.06 1.03 
1.03 1.05 1.02 1.06 1.05 1.04 1.03 1.05 1.03 1.01 1.01 1.04 1.03 1.06 1.01 1.05 1.03 1.05 1.06 1.02 
1.06 1.03 1.05 1.05 1.02 1.03 1.03 1.01 1.06 1.01 1.02 1.05 1.05 1.03 1.04 1.01 1.06 1.06 1.03 1.06 
1.04 1.04 1.02 1.02 1.06 1.02 1.05 1.06 1.04 1.05 1.02 1.02 1.05 1.05 1.01 1.01 1.01 1.03 1.02 1.06 
1.01 1.04 1.03 1.04 1.02 1.03 1.02 1.06 1.04 1.04 1.03 1.03 1.03 1.01 1.06 1.03 1.05 1.01 1.03 1.03 
1.06 1.04 1.03 1.06 1.04 1.06 1.06 1.04 1.01 1.04 1.03 1.04 1.02 1.04 1.03 1.04 1.01 1.05 1.04 1.06 
1.05 1.04 1.03 1.03 1.03 1.04 1.03 1.03 1.01 1.04 1.05 1.03 1.02 1.02 1.05 1.02 1.05 1.04 1.04 1.03 
1.01 1.06 1.01 1.02 1.04 1.03 1.02 1.02 1.01 1.02 1.06 1.03 1.03 1.01 1.03 1.05 1.06 1.05 1.05 1.05 
1.05 1.01 1.01 1.03 1.01 1.04 1.01 1.03 1.05 1.05 1.03 1.04 1.01 1.04 1.04 1.03 1.04 1.05 1.03 1.06 
1.05 1.04 1.02 1.02 1.06 1.05 1.04 1.02 1.02 1.02 1.03 1.01 1.01 1.05 1.06 1.02 1.03 1.06 1.04 1.04 
1.05 1.02 1.02 1.04 1.04 1.02 1.04 1.02 1.03 1.05 1.06 1.05 1.01 1.02 1.04 1.02 1.03 1.06 1.04 1.01 
1.06 1.05 1.06 1.04 1.06 1.02 1.04 1.05 1.02 1.04 1.06 1.06 1.06 1.03 1.01 1.06 1.03 1.06 1.02 1.02 
1.03 1.03 1.03 1.06 1.01 1.06 1.01 1.04 1.05 1.04 1.03 1.03 1.03 1.06 1.03 1.03 1.02 1.02 1.01 1.06 
1.03 1.03 1.03 1.05 1.06 1.02 1.04 1.01 1.04 1.03 1.04 1.03 1.06 1.03 1.03 1.04 1.03 1.03 1.04 1.05 
1.01 1.03 1.06 1.03 1.06 1.01 1.02 1.03 1.04 1.01 1.04 1.06 1.01 1.01 1.06 1.02 1.05 1.01 1.02 1.06 
1.04 1.01 1.04 1.02 1.04 1.05 1.04 1.02 1.02 1.03 1.03 1.03 1.03 1.05 1.03 1.05 1.04 1.06 1.05 1.05 
1.05 1.03 1.04 1.06 1.04 1.02 1.01 1.06 1.02 1.06 1.06 1.06 1.01 1.01 1.02 1.05 1.01 1.05 1.06 1.06 
1.06 1.02 1.04 1.03 1.05 1.02 1.06 1.06 1.01 1.04 1.05 1.04 1.01 1.02 1.01 1.01 1.03 1.06 1.02 1.02 
1.04 1.03 1.04 1.04 1.04 1.02 1.05 1.04 1.05 1.06 1.06 1.05 1.03 1.01 1.03 1.01 1.02 1.04 1.04 1.05 
1.03 1.01 1.03 1.03 1.01 1.06 1.05 1.04 1.05 1.01 1.02 1.03 1.04 1.02 1.04 1.03 1.04 1.06 1.03 1.04 
1.05 1.05 1.05 1.02 1.05 1.05 1.01 1.02 1.05 1.05 1.06 1.03 1.01 1.05 1.02 1.04 1.01 1.06 1.02 1.06 
1.04 1.06 1.01 1.02 1.02 1.06 1.05 1.02 1.01 1.06 1.04 1.04 1.04 1.06 1.06 1.04 1.05 1.04 1.02 1.06 
1.01 1.01 1.02 1.05 1.06 1.02 1.06 1.02 1.04 1.06 1.01 1.06 1.03 1.03 1.01 1.06 1.05 1.01 1.01 1.03 
1.02 1.05 1.01 1.06 1.05 1.02 1.02 1.01 1.03 1.01 1.02 1.02 1.02 1.01 1.06 1.02 1.02 1.02 1.01 1.05 
1.01 1.03 1.02 1.06 1.06 1.01 1.01 1.01 1.06 1.01 1.02 1.03 1.06 1.02 1.03 1.06 1.06 1.01 1.02 1.03 
1.05 1.06 1.06 1.05 1.06 1.01 1.03 1.03 1.04 1.01 1.03 1.01 1.02 1.06 1.05 1.05 1.04 1.02 1.05 1.04 
1.01 1.02 1.04 1.05 1.01 1.06 1.02 1.03 1.04 1.03 1.03 1.04 1.03 1.05 1.03 1.01 1.03 1.05 1.05 1.04 
1.02 1.01 1.06 1.01 1.04 1.01 1.01 1.06 1.02 1.03 1.04 1.04 1.02 1.02 1.06 1.06 1.02 1.05 1.06 1.01 
1.03 1.02 1.04 1.06 1.06 1.02 1.01 1.05 1.05 1.03 1.06 1.04 1.03 1.03 1.06 1.04 1.06 1.06 1.06 1.02 
1.06 1.02 1.06 1.02 1.04 1.01 1.03 1.05 1.06 1.02 1.06 1.01 1.03 1.02 1.04 1.04 1.03 1.05 1.04 1.03 
1.04 1.01 1.04 1.01 1.04 1.01 1.03 1.05 1.02 1.05 1.01 1.06 1.05 1.05 1.03 1.01 1.04 1.05 1.01 1.02 
1.03 1.05 1.06 1.01 1.02 1.05 1.03 1.04 1.02 1.06 1.03 1.04 1.05 1.04 1.06 1.01 1.05 1.01 1.01 1.03 
1.01 1.02 1.03 1.01 1.06 1.01 1.04 1.06 1.01 1.04 1.06 1.02 1.02 1.06 1.06 1.01 1.01 1.05 1.03 1.05 
1.02 1.05 1.02 1.06 1.01 1.03 1.05 1.03 1.01 1.06 1.02 1.06 1.06 1.06 1.03 1.06 1.03 1.06 1.01 1.02 
1.05 1.02 1.04 1.05 1.01 1.02 1.01 1.02 1.02 1.03 1.04 1.06 1.04 1.02 1.05 1.02 1.05 1.02 1.06 1.06 
1.05 1.06 1.01 1.01 1.05 1.03 1.03 1.02 1.02 1.05 1.02 1.01 1.04 1.02 1.02 1.04 1.03 1.02 1.03 1.03 
1.03 1.01 1.03 1.06 1.06 1.01 1.06 1.03 1.05 1.06 1.02 1.06 1.04 1.05 1.05 1.01 1.05 1.05 1.02 1.06 
1.05 1.04 1.02 1.02 1.06 1.02 1.05 1.01 1.03 1.05 1.06 1.04 1.03 1.06 1.05 1.02 1.01 1.01 1.02 1.06 
1.06 1.05 1.06 1.05 1.02 1.03 1.05 1.03 1.01 1.02 1.05 1.06 1.02 1.04 1.04 1.03 1.02 1.02 1.01 1.05 
1.05 1.06 1.03 1.05 1.01 1.03 1.02 1.01 1.05 1.06 1.02 1.04 1.06 1.01 1.01 1.06 1.05 1.01 1.03 1.02 
1.05 1.04 1.02 1.05 1.03 1.03 1.06 1.01 1.06 1.04 1.02 1.03 1.02 1.05 1.06 1.01 1.01 1.01 1.04 1.02 
1.05 1.06 1.02 1.06 1.04 1.02 1.02 1.05 1.06 1.05 1.05 1.05 1.01 1.01 1.05 1.04 1.04 1.03 1.06 1.06 
1.02 1.04 1.04 1.02 1.02 1.04 1.02 1.06 1.06 1.01 1.01 1.04 1.04 1.05 1.06 1.01 1.03 1.02 1.04 1.01 
1.04 1.05 1.06 1.05 1.02 1.05 1.03 1.02 1.03 1.06 1.04 1.05 1.06 1.06 1.05 1.05 1.06 1.06 1.05 1.01 
1.01 1.05 1.02 1.04 1.06 1.05 1.06 1.03 1.01 1.03 1.01 1.03 1.05 1.06 1.06 1.03 1.03 1.04 1.04 1.06 
1.02 1.04 1.06 1.01 1.01 1.04 1.02 1.02 1.05 1.03 1.01 1.05 1.04 1.02 1.05 1.04 1.06 1.01 1.03 1.03 
1.01 1.06 1.01 1.06 1.06 1.06 1.05 1.04 1.04 1.02 1.06 1.04 1.03 1.06 1.05 1.02 1.05 1.03 1.04 1.04 
1.03 1.01 1.03 1.05 1.06 1.01 1.02 1.01 1.05 1.02 1.02 1.06 1.05 1.01 1.03 1.05 1.04 1.03 1.06 1.04 
1.06 1.04 1.04 1.06 1.02 1.06 1.06 1.05 1.06 1.03 1.03 1.03 1.01 1.04 1.05 1.06 1.03 1.04 1.02 1.06 
1.05 1.06 1.01 1.01 1.06 1.01 1.05 1.03 1.05 1.03 1.04 1.06 1.04 1.04 1.01 1.03 1.05 1.01 1.05 1.04 
1.04 1.06 1.05 1.03 1.06 1.04 1.05 1.04 1.06 1.06 1.04 1.06 1.04 1.06 1.06 1.05 1.05 1.05 1.05 1.05 
1.06 1.06 1.01 1.05 1.01 1.05 1.01 1.05 1.05 1.03 1.04 1.06 1.02 1.04 1.01 1.03 1.06 1.01 1.04 1.06 
1.04 1.03 1.04 1.06 1.05 1.02 1.03 1.03 1.04 1.01 1.02 1.01 1.04 1.05 1.03 1.02 1.05 1.04 1.04 1.05 
1.01 1.05 1.01 1.05 1.03 1.03 1.03 1.06 1.06 1.01 1.02 1.06 1.05 1.01 1.06 1.06 1.05 1.02 1.02 1.04 
1.04 1.05 1.02 1.02 1.05 1.03 1.02 1.06 1.04 1.06 1.02 1.04 1.04 1.01 1.05 1.06 1.05 1.01 1.05 1.02 
1.01 1.05 1.01 1.05 1.04 1.04 1.01 1.01 1.03 1.02 1.06 1.04 1.02 1.06 1.02 1.06 1.02 1.04 1.04 1.02 
1.05 1.02 1.05 1.03 1.06 1.05 1.05 1.02 1.03 1.02 1.02 1.05 1.01 1.05 1.04 1.01 1.05 1.06 1.03 1.05 
1.06 1.04 1.02 1.04 1.04 1.05 1.06 1.06 1.04 1.05 1.04 1.05 1.03 1.06 1.04 1.05 1.03 1.03 1.01 1.04 
1.02 1.02 1.06 1.04 1.01 1.03 1.04 1.05 1.05 1.02 1.04 1.03 1.06 1.02 1.06 1.02 1.05 1.02 1.04 1.02 
1.01 1.04 1.05 1.03 1.01 1.03 1.04 1.05 1.02 1.02 1.05 1.01 1.06 1.05 1.03 1.02 1.03 1.03 1.03 1.06 
1.03 1.02 1.02 1.03 1.05 1.01 1.04 1.04 1.06 1.04 1.01 1.06 1.01 1.05 1.05 1.01 1.01 1.05 1.01 1.03 
1.04 1.04 1.05 1.01 1.06 1.02 1.06 1.03 1.02 1.01 1.01 1.01 1.02 1.05 1.06 1.04 1.06 1.05 1.05 1.05 
1.03 1.05 1.03 1.04 1.01 1.04 1.06 1.02 1.02 1.01 1.05 1.02 1.03 1.04 1.04 1.05 1.06 1.03 1.04 1.02 
1.03 1.01 1.03 1.05 1.02 1.04 1.03 1.01 1.02 1.03 1.01 1.04 1.02 1.05 1.01 1.05 1.04 1.03 1.01 1.03 
1.01 1.05 1.02 1.02 1.02 1.05 1.02 1.03 1.05 1.02 1.05 1.02 1.02 1.05 1.05 1.02 1.03 1.03 1.05 1.06 
1.01 1.04 1.06 1.03 1.02 1.04 1.05 1.03 1.05 1.03 1.02 1.01 1.02 1.06 1.05 1.06 1.04 1.01 1.01 1.05 
1.04 1.01 1.01 1.04 1.02 1.03 1.01 1.01 1.05 1.04 1.06 1.02 1.02 1.02 1.05 1.04 1.02 1.06 1.01 1.03 
1.04 1.04 1.01 1.01 1.03 1.04 1.01 1.02 1.01 1.06 1.04 1.02 1.01 1.02 1.02 1.03 1.05 1.01 1.03 1.06 
1.04 1.05 1.06 1.01 1.06 1.01 1.02 1.06 1.05 1.01 1.04 1.04 1.05 1.01 1.03 1.04 1.03 1.06 1.01 1.05 
1.02 1.02 1.02 1.01 1.03 1.06 1.02 1.03 1.04 1.06 1.02 1.01 1.04 1.04 1.02 1.06 1.03 1.05 1.02 1.01 
1.02 1.03 1.02 1.04 1.02 1.03 1.06 1.01 1.03 1.06 1.02 1.06 1.02 1.03 1.01 1.05 1.03 1.06 1.02 1.06 
1.06 1.02 1.04 1.05 1.03 1.06 1.02 1.05 1.02 1.06 1.03 1.02 1.01 1.04 1.03 1.01 1.02 1.04 1.06 1.01 
1.02 1.05 1.03 1.05 1.01 1.06 1.05 1.03 1.01 1.06 1.03 1.01 1.05 1.03 1.01 1.01 1.01 1.05 1.04 1.01 
1.06 1.03 1.03 1.02 1.04 1.01 1.01 1.01 1.01 1.03 1.06 1.06 1.04 1.03 1.05 1.01 1.02 1.04 1.01 1.03 
1.03 1.03 1.03 1.04 1.06 1.03 1.02 1.03 1.04 1.04 1.01 1.03 1.03 1.02 1.01 1.02 1.02 1.06 1.05 1.06 
1.01 1.01 1.03 1.03 1.05 1.03 1.03 1.04 1.02 1.05 1.03 1.01 1.06 1.03 1.04 1.06 1.04 1.02 1.06 1.03 
1.01 1.01 1.04 1.06 1.05 1.04 1.03 1.03 1.02 1.02 1.02 1.03 1.02 1.05 1.01 1.05 1.05 1.03 1.04 1.01 
1.05 1.06 1.01 1.03 1.02 1.06 1.01 1.06 1.03 1.03 1.03 1.02 1.05 1.05 1.01 1.03 1.01 1.01 1.01 1.06 
1.06 1.06 1.02 1.01 1.01 1.02 1.06 1.01 1.06 1.01 1.06 1.04 1.06 1.05 1.05 1.04 1.05 1.04 1.02 1.01 
1.04 1.01 1.03 1.02 1.06 1.04 1.06 1.01 1.01 1.06 1.04 1.06 1.03 1.06 1.01 1.01 1.06 1.02 1.02 1.04 
1.06 1.01 1.05 1.04 1.01 1.06 1.02 1.06 1.03 1.01 1.03 1.06 1.06 1.02 1.01 1.04 1.03 1.01 1.04 1.03 
1.03 1.05 1.06 1.04 1.06 1.06 1.03 1.03 1.03 1.06 1.05 1.01 1.01 1.05 1.02 1.06 1.06 1.05 1.01 1.03 
1.03 1.03 1.05 1.04 1.05 1.01 1.01 1.02 1.05 1.02 1.03 1.01 1.03 1.01 1.01 1.04 1.01 1.03 1.01 1.02 
1.04 1.02 1.06 1.01 1.05 1.02 1.01 1.05 1.05 1.06 1.05 1.05 1.03 1.06 1.06 1.02 1.01 1.04 1.05 1.02 
1.04 1.04 1.01 1.04 1.06 1.06 1.02 1.03 1.03 1.03 1.02 1.01 1.04 1.06 1.02 1.06 1.04 1.01 1.02 1.04 
1.01 1.04 1.01 1.02 1.02 1.03 1.05 1.02 1.05 1.01 1.06 1.03 1.01 1.05 1.04 1.05 1.02 1.05 1.02 1.03 
1.01 1.01 1.02 1.01 1.04 1.06 1.01 1.05 1.01 1.02 1.06 1.05 1.04 1.01 1.02 1.01 1.03 1.02 1.06 1.01 
1.06 1.06 1.04 1.02 1.04 1.04 1.01 1.05 1.06 1.04 1.01 1.06 1.01 1.01 1.03 1.03 1.01 1.02 1.01 1.01 
1.01 1.04 1.01 1.05 1.02 1.06 1.05 1.02 1.02 1.04 1.05 1.04 1.03 1.01 1.03 1.01 1.04 1.01 1.01 1.03 
1.01 1.06 1.05 1.03 1.05 1.02 1.01 1.01 1.03 1.04 1.01 1.01 1.03 1.01 1.02 1.04 1.04 1.02 1.05 1.04 
1.02 1.04 1.03 1.06 1.01 1.06 1.02 1.02 1.02 1.04 1.05 1.06 1.01 1.03 1.06 1.01 1.04 1.04 1.05 1.04 
1.04 1.02 1.05 1.06 1.05 1.01 1.03 1.03 1.01 1.05 1.01 1.02 1.04 1.06 1.06 1.02 1.06 1.05 1.05 1.02 
1.06 1.03 1.04 1.03 1.05 1.01 1.04 1.04 1.05 1.01 1.03 1.06 1.03 1.02 1.03 1.01 1.03 1.04 1.06 1.06 
1.03 1.03 1.05 1.03 1.02 1.04 1.02 1.05 1.06 1.05 1.05 1.01 1.03 1.06 1.03 1.06 1.06 1.02 1.05 1.01 
1.03 1.05 1.03 1.03 1.05 1.01 1.04 1.01 1.06 1.06 1.04 1.04 1.03 1.04 1.05 1.04 1.05 1.05 1.02 1.02 
1.02 1.06 1.06 1.02 1.04 1.05 1.05 1.04 1.04 1.02 1.01 1.04 1.02 1.01 1.06 1.02 1.06 1.05 1.06 1.03 
1.01 1.02 1.05 1.02 1.02 1.06 1.04 1.04 1.04 1.06 1.04 1.02 1.05 1.01 1.06 1.06 1.03 1.06 1.03 1.01 
1.04 1.01 1.03 1.03 1.05 1.05 1.05 1.06 1.01 1.02 1.03 1.04 1.03 1.02 1.01 1.04 1.04 1.06 1.01 1.04 
1.05 1.03 1.04 1.01 1.01 1.05 1.06 1.02 1.03 1.06 1.06 1.03 1.05 1.01 1.06 1.05 1.01 1.04 1.06 1.06 
1.03 1.06 1.06 1.04 1.02 1.01 1.01 1.01 1.02 1.03 1.03 1.03 1.05 1.05 1.03 1.04 1.05 1.06 1.04 1.03 
1.05 1.01 1.06 1.01 1.01 1.05 1.01 1.05 1.06 1.06 1.01 1.03 1.06 1.01 1.02 1.02 1.02 1.04 1.01 1.03 
1.04 1.05 1.02 1.01 1.03 1.04 1.03 1.05 1.02 1.02 1.04 1.02 1.03 1.03 1.03 1.04 1.05 1.01 1.06 1.06 
1.05 1.02 1.06 1.01 1.05 1.01 1.05 1.03 1.05 1.05 1.03 1.03 1.03 1.03 1.02 1.03 1.05 1.04 1.05 1.06 
1.04 1.02 1.05 1.06 1.05 1.06 1.02 1.05 1.02 1.01 1.03 1.05 1.06 1.04 1.05 1.06 1.01 1.04 1.01 1.02 
1.03 1.02 1.02 1.01 1.02 1.01 1.01 1.01 1.05 1.03 1.03 1.06 1.04 1.03 1.01 1.05 1.04 1.02 1.02 1.03 
1.02 1.05 1.05 1.06 1.04 1.02 1.06 1.03 1.04 1.03 1.04 1.02 1.02 1.03 1.05 1.06 1.01 1.03 1.05 1.03 
