20
300
20 76 80 32 62 68 3 19 6 12 67 37 25 10 32 70 45 4 30 10 61 38 14 16 41 53 99 15 75 42 83 61 86 31 33 57 6 29 43 71 64 82 15 69 48 19 60 44 32 8 38 83 23 98 93 68 49 25 54 37 28 36 54 68 12 78 29 41 99 98 59 28 41 49 76 19 86 86 69 70 79 34 32 85 5 82 48 20 4 74 23 40 77 75 64 90 82 91 64 97 66 59 54 1 67 45 82 82 7 63 32 85 23 96 74 53 14 98 11 36 9 84 52 69 57 16 58 37 89 47 66 57 26 80 90 39 89 98 1 78 11 14 76 71 15 1 30 22 15 38 65 53 44 98 30 55 60 67 75 28 40 54 34 48 27 9 9 65 56 73 4 53 87 56 15 16 15 57 64 10 70 42 83 47 37 98 13 87 42 85 2 21 52 89 73 87 77 10 77 76 38 28 100 40 58 87 11 15 95 72 86 61 2 30 58 5 61 27 60 13 24 8 50 13 51 54 56 81 81 99 12 12 42 93 65 66 4 52 18 5 76 50 67 48 64 10 31 16 63 93 33 68 81 57 44 79 79 91 56 27 70 68 82 84 92 90 15 45 70 48 74 94 17 31 50 95 98 34 1 47 72 40 98 85 57 37 36 63 88 34 88 80 73 65 17 12 21 81 98 53 
3 9 4 5 1 5 1 8 2 9 3 1 2 6 8 6 2 3 7 3 
1.06 1.09 1.08 1.07 1.07 1.07 1.09 1.06 1.06 1.07 1.08 1.08 1.07 1.06 1.08 1.05 1.06 1.05 1.07 1.05 
1.08 1.06 1.07 1.05 1.08 1.07 1.09 1.05 1.08 1.07 1.07 1.09 1.05 1.09 1.09 1.09 1.05 1.08 1.09 1.06 
1.05 1.05 1.05 1.06 1.05 1.06 1.06 1.06 1.05 1.08 1.06 1.06 1.08 1.06 1.07 1.05 1.08 1.09 1.09 1.06 
1.09 1.05 1.07 1.06 1.07 1.09 1.07 1.08 1.07 1.08 1.08 1.05 1.07 1.09 1.06 1.06 1.05 1.05 1.07 1.09 
1.08 1.08 1.07 1.05 1.09 1.08 1.06 1.06 1.05 1.06 1.08 1.05 1.08 1.07 1.07 1.07 1.05 1.08 1.06 1.09 
1.09 1.05 1.08 1.07 1.06 1.09 1.08 1.08 1.05 1.06 1.06 1.08 1.06 1.08 1.05 1.08 1.09 1.07 1.06 1.06 
1.09 1.05 1.08 1.05 1.06 1.08 1.07 1.09 1.06 1.05 1.07 1.07 1.08 1.05 1.09 1.07 1.08 1.05 1.07 1.08 
1.06 1.08 1.07 1.06 1.07 1.08 1.06 1.09 1.07 1.08 1.05 1.07 1.07 1.05 1.08 1.05 1.05 1.06 1.05 1.05 
1.08 1.08 1.07 1.08 1.05 1.06 1.09 1.06 1.05 1.09 1.07 1.07 1.06 1.05 1.09 1.06 1.05 1.06 1.09 1.07 
1.05 1.09 1.06 1.07 1.05 1.06 1.06 1.06 1.05 1.08 1.06 1.06 1.07 1.09 1.09 1.06 1.09 1.08 1.05 1.08 
1.08 1.08 1.07 1.07 1.06 1.05 1.07 1.07 1.08 1.09 1.07 1.09 1.07 1.08 1.08 1.09 1.09 1.09 1.08 1.08 
1.06 1.08 1.07 1.06 1.06 1.09 1.05 1.09 1.09 1.06 1.06 1.07 1.09 1.07 1.07 1.07 1.09 1.06 1.08 1.05 
1.08 1.05 1.08 1.07 1.06 1.07 1.07 1.05 1.06 1.05 1.09 1.05 1.07 1.08 1.09 1.07 1.09 1.06 1.06 1.05 
1.09 1.09 1.08 1.07 1.09 1.08 1.06 1.07 1.06 1.05 1.07 1.07 1.08 1.06 1.08 1.06 1.06 1.07 1.09 1.08 
1.08 1.08 1.08 1.09 1.07 1.06 1.05 1.07 1.09 1.07 1.06 1.06 1.08 1.09 1.09 1.08 1.05 1.08 1.05 1.09 
1.06 1.05 1.07 1.07 1.05 1.06 1.09 1.07 1.05 1.09 1.07 1.08 1.06 1.06 1.07 1.06 1.05 1.06 1.05 1.06 
1.07 1.07 1.07 1.09 1.06 1.06 1.09 1.09 1.06 1.09 1.06 1.09 1.07 1.08 1.07 1.05 1.05 1.06 1.05 1.06 
1.06 1.06 1.08 1.05 1.07 1.09 1.08 1.08 1.05 1.06 1.05 1.05 1.06 1.06 1.07 1.06 1.07 1.09 1.08 1.08 
1.05 1.05 1.08 1.06 1.05 1.09 1.09 1.07 1.05 1.05 1.06 1.09 1.09 1.06 1.09 1.05 1.09 1.07 1.06 1.06 
1.09 1.05 1.05 1.05 1.09 1.06 1.09 1.05 1.06 1.08 1.09 1.09 1.05 1.05 1.09 1.08 1.06 1.07 1.06 1.08 
1.09 1.06 1.06 1.06 1.06 1.08 1.09 1.05 1.07 1.05 1.09 1.06 1.06 1.05 1.09 1.05 1.06 1.06 1.05 1.06 
1.09 1.05 1.07 1.05 1.07 1.05 1.07 1.08 1.05 1.09 1.09 1.09 1.05 1.07 1.07 1.06 1.05 1.08 1.07 1.06 
1.05 1.06 1.09 1.05 1.06 1.06 1.05 1.07 1.05 1.07 1.08 1.05 1.06 1.09 1.06 1.07 1.08 1.07 1.06 1.08 
1.08 1.08 1.09 1.08 1.07 1.06 1.07 1.08 1.07 1.05 1.05 1.06 1.08 1.09 1.05 1.08 1.08 1.05 1.08 1.06 
1.09 1.05 1.08 1.06 1.06 1.05 1.09 1.07 1.08 1.09 1.08 1.08 1.09 1.08 1.09 1.06 1.05 1.06 1.07 1.08 
1.09 1.07 1.09 1.07 1.07 1.06 1.08 1.08 1.07 1.06 1.09 1.05 1.06 1.07 1.06 1.09 1.07 1.09 1.05 1.07 
1.07 1.05 1.07 1.09 1.09 1.08 1.07 1.06 1.05 1.05 1.08 1.08 1.06 1.08 1.06 1.08 1.06 1.08 1.09 1.08 
1.08 1.07 1.07 1.07 1.06 1.07 1.09 1.06 1.06 1.07 1.05 1.05 1.09 1.06 1.09 1.07 1.05 1.06 1.05 1.07 
1.05 1.06 1.06 1.09 1.07 1.07 1.09 1.09 1.07 1.09 1.06 1.09 1.06 1.05 1.08 1.05 1.05 1.08 1.06 1.05 
1.05 1.08 1.05 1.09 1.07 1.08 1.06 1.06 1.06 1.07 1.08 1.08 1.09 1.08 1.06 1.05 1.09 1.09 1.06 1.08 
1.08 1.08 1.06 1.08 1.05 1.06 1.06 1.05 1.05 1.06 1.09 1.06 1.09 1.07 1.07 1.05 1.06 1.05 1.07 1.05 
1.07 1.06 1.09 1.06 1.05 1.06 1.05 1.05 1.06 1.09 1.05 1.08 1.05 1.06 1.06 1.09 1.09 1.06 1.06 1.07 
1.06 1.09 1.05 1.07 1.06 1.08 1.09 1.06 1.09 1.05 1.06 1.06 1.07 1.06 1.09 1.06 1.05 1.06 1.07 1.09 
1.05 1.07 1.07 1.09 1.06 1.08 1.06 1.09 1.07 1.07 1.05 1.05 1.05 1.07 1.08 1.05 1.08 1.08 1.07 1.08 
1.05 1.06 1.08 1.08 1.09 1.05 1.05 1.09 1.06 1.06 1.08 1.07 1.08 1.08 1.07 1.06 1.09 1.05 1.08 1.05 
1.05 1.06 1.08 1.06 1.09 1.06 1.05 1.09 1.06 1.08 1.08 1.09 1.07 1.09 1.07 1.09 1.05 1.09 1.09 1.07 
1.08 1.08 1.07 1.07 1.08 1.05 1.05 1.07 1.06 1.09 1.05 1.07 1.08 1.08 1.08 1.06 1.06 1.07 1.06 1.08 
1.05 1.09 1.09 1.08 1.09 1.06 1.09 1.06 1.09 1.08 1.06 1.07 1.06 1.07 1.05 1.07 1.08 1.09 1.08 1.05 
1.07 1.06 1.07 1.07 1.07 1.08 1.07 1.08 1.09 1.05 1.06 1.07 1.05 1.07 1.09 1.05 1.05 1.09 1.07 1.09 
1.06 1.08 1.05 1.09 1.07 1.07 1.06 1.06 1.08 1.06 1.06 1.09 1.06 1.05 1.09 1.07 1.09 1.06 1.07 1.07 
1.08 1.05 1.05 1.06 1.09 1.05 1.08 1.09 1.08 1.06 1.08 1.07 1.08 1.05 1.05 1.05 1.06 1.06 1.08 1.08 
1.05 1.05 1.06 1.07 1.05 1.09 1.05 1.09 1.08 1.09 1.09 1.07 1.07 1.08 1.06 1.08 1.08 1.09 1.06 1.07 
1.09 1.08 1.05 1.07 1.05 1.09 1.09 1.05 1.05 1.07 1.09 1.06 1.05 1.07 1.09 1.07 1.08 1.08 1.06 1.08 
1.08 1.08 1.09 1.05 1.05 1.08 1.08 1.09 1.05 1.09 1.07 1.08 1.06 1.08 1.08 1.07 1.09 1.06 1.09 1.08 
1.07 1.05 1.09 1.06 1.05 1.05 1.07 1.05 1.08 1.08 1.08 1.09 1.08 1.05 1.09 1.05 1.08 1.08 1.05 1.07 
1.06 1.05 1.05 1.06 1.09 1.09 1.05 1.06 1.08 1.06 1.06 1.06 1.07 1.08 1.05 1.08 1.06 1.05 1.08 1.07 
1.05 1.09 1.05 1.07 1.05 1.08 1.06 1.07 1.05 1.07 1.06 1.05 1.06 1.06 1.07 1.08 1.07 1.05 1.05 1.05 
1.05 1.09 1.05 1.06 1.09 1.05 1.08 1.06 1.09 1.08 1.09 1.08 1.05 1.06 1.07 1.07 1.08 1.07 1.06 1.08 
1.05 1.08 1.06 1.09 1.08 1.05 1.05 1.08 1.05 1.07 1.06 1.09 1.06 1.06 1.08 1.08 1.05 1.09 1.05 1.06 
1.05 1.08 1.06 1.07 1.06 1.06 1.07 1.07 1.05 1.06 1.09 1.08 1.05 1.06 1.08 1.06 1.06 1.06 1.05 1.08 
1.09 1.07 1.06 1.07 1.05 1.09 1.05 1.05 1.06 1.05 1.08 1.09 1.08 1.07 1.05 1.07 1.07 1.08 1.09 1.08 
1.05 1.05 1.06 1.07 1.05 1.06 1.06 1.09 1.06 1.08 1.09 1.05 1.05 1.07 1.08 1.08 1.07 1.05 1.05 1.08 
1.05 1.07 1.08 1.09 1.08 1.07 1.09 1.06 1.06 1.09 1.05 1.05 1.08 1.06 1.05 1.06 1.06 1.07 1.09 1.05 
1.06 1.08 1.05 1.06 1.09 1.06 1.08 1.05 1.08 1.09 1.08 1.08 1.05 1.09 1.06 1.09 1.06 1.07 1.05 1.06 
1.09 1.07 1.06 1.05 1.06 1.05 1.07 1.05 1.05 1.05 1.06 1.06 1.08 1.08 1.05 1.05 1.09 1.08 1.06 1.08 
1.08 1.09 1.05 1.08 1.07 1.06 1.05 1.06 1.07 1.09 1.09 1.05 1.09 1.09 1.05 1.09 1.08 1.09 1.07 1.09 
1.08 1.05 1.05 1.08 1.09 1.06 1.06 1.07 1.06 1.09 1.07 1.06 1.05 1.05 1.07 1.05 1.05 1.06 1.06 1.09 
1.08 1.06 1.06 1.08 1.07 1.08 1.09 1.07 1.05 1.07 1.07 1.08 1.08 1.06 1.08 1.08 1.07 1.08 1.09 1.08 
1.06 1.09 1.09 1.05 1.05 1.09 1.08 1.07 1.09 1.09 1.09 1.09 1.07 1.08 1.08 1.08 1.07 1.05 1.06 1.09 
1.06 1.06 1.05 1.06 1.08 1.07 1.06 1.07 1.09 1.08 1.08 1.08 1.06 1.06 1.07 1.05 1.06 1.08 1.09 1.08 
1.07 1.08 1.09 1.09 1.08 1.07 1.06 1.05 1.05 1.09 1.07 1.05 1.08 1.06 1.06 1.05 1.05 1.08 1.07 1.07 
1.05 1.08 1.06 1.08 1.07 1.07 1.06 1.09 1.09 1.05 1.07 1.08 1.05 1.05 1.05 1.06 1.06 1.05 1.09 1.05 
1.05 1.05 1.07 1.05 1.08 1.09 1.06 1.09 1.09 1.08 1.07 1.07 1.08 1.05 1.07 1.07 1.06 1.06 1.08 1.06 
1.08 1.08 1.07 1.07 1.06 1.06 1.06 1.06 1.07 1.09 1.06 1.07 1.06 1.08 1.09 1.09 1.08 1.05 1.07 1.06 
1.07 1.09 1.05 1.08 1.06 1.09 1.06 1.06 1.06 1.05 1.06 1.06 1.05 1.07 1.06 1.08 1.05 1.08 1.05 1.05 
1.05 1.07 1.07 1.09 1.05 1.09 1.09 1.05 1.08 1.05 1.05 1.07 1.09 1.09 1.05 1.07 1.05 1.06 1.07 1.09 
1.06 1.05 1.08 1.09 1.09 1.07 1.07 1.09 1.05 1.05 1.09 1.06 1.06 1.06 1.08 1.06 1.06 1.06 1.07 1.05 
1.07 1.08 1.08 1.08 1.07 1.06 1.06 1.06 1.08 1.08 1.05 1.06 1.08 1.06 1.05 1.08 1.09 1.08 1.07 1.07 
1.06 1.09 1.09 1.07 1.06 1.05 1.06 1.08 1.06 1.08 1.07 1.05 1.05 1.08 1.08 1.05 1.09 1.07 1.06 1.07 
1.09 1.09 1.07 1.05 1.09 1.09 1.08 1.06 1.07 1.09 1.08 1.05 1.08 1.09 1.08 1.07 1.06 1.09 1.08 1.09 
1.07 1.05 1.09 1.09 1.07 1.09 1.09 1.05 1.06 1.07 1.05 1.05 1.05 1.05 1.09 1.05 1.05 1.06 1.06 1.09 
1.07 1.05 1.07 1.06 1.06 1.05 1.07 1.08 1.07 1.06 1.05 1.05 1.09 1.08 1.08 1.08 1.09 1.05 1.07 1.06 
1.05 1.06 1.05 1.08 1.07 1.09 1.05 1.09 1.09 1.09 1.05 1.06 1.08 1.08 1.09 1.07 1.09 1.07 1.08 1.07 
1.05 1.09 1.07 1.06 1.09 1.09 1.06 1.06 1.08 1.06 1.07 1.05 1.07 1.05 1.09 1.07 1.08 1.05 1.08 1.06 
1.05 1.08 1.07 1.05 1.09 1.07 1.05 1.06 1.07 1.06 1.06 1.07 1.08 1.09 1.08 1.06 1.06 1.08 1.05 1.05 
1.06 1.06 1.07 1.09 1.07 1.09 1.07 1.08 1.08 1.06 1.07 1.08 1.05 1.05 1.06 1.06 1.09 1.06 1.08 1.06 
1.06 1.08 1.09 1.07 1.08 1.09 1.06 1.05 1.07 1.06 1.05 1.05 1.06 1.09 1.08 1.05 1.09 1.09 1.08 1.08 
1.06 1.07 1.05 1.07 1.09 1.09 1.09 1.09 1.07 1.06 1.05 1.06 1.08 1.08 1.07 1.08 1.09 1.08 1.06 1.05 
1.06 1.07 1.05 1.06 1.07 1.09 1.08 1.06 1.08 1.09 1.09 1.09 1.08 1.09 1.09 1.08 1.08 1.09 1.08 1.07 
1.09 1.08 1.06 1.07 1.07 1.09 1.09 1.08 1.07 1.08 1.09 1.08 1.06 1.09 1.08 1.05 1.05 1.05 1.05 1.07 
1.09 1.05 1.08 1.09 1.05 1.08 1.06 1.05 1.08 1.09 1.08 1.06 1.09 1.08 1.07 1.08 1.08 1.08 1.08 1.07 
1.07 1.08 1.05 1.07 1.08 1.09 1.09 1.06 1.06 1.07 1.06 1.09 1.09 1.06 1.09 1.06 1.09 1.05 1.08 1.05 
1.08 1.05 1.06 1.08 1.06 1.06 1.07 1.07 1.08 1.06 1.06 1.06 1.08 1.07 1.09 1.05 1.05 1.05 1.05 1.08 
1.08 1.08 1.05 1.07 1.08 1.05 1.06 1.09 1.06 1.05 1.05 1.07 1.09 1.06 1.09 1.07 1.07 1.07 1.08 1.07 
1.09 1.05 1.07 1.08 1.07 1.08 1.05 1.05 1.05 1.08 1.08 1.08 1.09 1.06 1.09 1.07 1.08 1.06 1.06 1.05 
1.07 1.06 1.08 1.07 1.06 1.05 1.05 1.05 1.05 1.05 1.05 1.05 1.06 1.05 1.06 1.08 1.06 1.06 1.08 1.09 
1.08 1.06 1.09 1.08 1.08 1.06 1.06 1.07 1.09 1.06 1.05 1.07 1.05 1.06 1.09 1.08 1.06 1.07 1.05 1.05 
1.06 1.08 1.08 1.09 1.08 1.08 1.05 1.09 1.08 1.05 1.08 1.07 1.07 1.07 1.09 1.08 1.06 1.05 1.09 1.07 
1.05 1.08 1.06 1.09 1.08 1.07 1.06 1.09 1.08 1.05 1.08 1.09 1.08 1.09 1.06 1.08 1.06 1.09 1.09 1.09 
1.06 1.06 1.05 1.06 1.06 1.05 1.06 1.07 1.08 1.09 1.06 1.06 1.09 1.05 1.09 1.08 1.07 1.07 1.09 1.07 
1.06 1.06 1.07 1.06 1.05 1.07 1.09 1.08 1.05 1.07 1.07 1.08 1.05 1.06 1.08 1.06 1.08 1.08 1.07 1.06 
1.07 1.08 1.09 1.09 1.05 1.09 1.09 1.07 1.07 1.07 1.07 1.09 1.09 1.06 1.08 1.09 1.08 1.06 1.08 1.09 
1.09 1.05 1.05 1.05 1.09 1.07 1.07 1.06 1.06 1.07 1.09 1.06 1.06 1.06 1.09 1.06 1.07 1.08 1.09 1.09 
1.07 1.08 1.06 1.05 1.07 1.06 1.08 1.09 1.08 1.05 1.08 1.05 1.07 1.09 1.08 1.07 1.06 1.06 1.05 1.08 
1.06 1.05 1.07 1.09 1.05 1.08 1.06 1.09 1.07 1.09 1.06 1.06 1.07 1.06 1.08 1.05 1.08 1.06 1.09 1.07 
1.09 1.07 1.05 1.05 1.06 1.06 1.07 1.09 1.08 1.05 1.05 1.09 1.09 1.08 1.05 1.06 1.08 1.09 1.08 1.06 
1.06 1.08 1.06 1.08 1.06 1.08 1.08 1.09 1.05 1.08 1.09 1.09 1.08 1.07 1.09 1.09 1.06 1.06 1.06 1.06 
1.07 1.09 1.07 1.07 1.05 1.06 1.05 1.06 1.07 1.07 1.09 1.09 1.07 1.05 1.05 1.08 1.06 1.05 1.07 1.09 
1.08 1.06 1.06 1.09 1.05 1.08 1.09 1.06 1.06 1.07 1.07 1.05 1.09 1.05 1.05 1.07 1.06 1.05 1.07 1.06 
1.08 1.08 1.06 1.05 1.06 1.06 1.09 1.09 1.08 1.08 1.05 1.09 1.08 1.05 1.07 1.06 1.08 1.08 1.09 1.05 
1.06 1.05 1.07 1.06 1.05 1.09 1.06 1.06 1.07 1.07 1.09 1.08 1.08 1.08 1.07 1.06 1.05 1.07 1.05 1.05 
1.07 1.05 1.07 1.08 1.09 1.06 1.08 1.06 1.07 1.09 1.07 1.09 1.07 1.07 1.05 1.05 1.09 1.07 1.05 1.09 
1.06 1.07 1.09 1.07 1.05 1.09 1.08 1.05 1.08 1.05 1.08 1.07 1.05 1.09 1.06 1.05 1.06 1.07 1.06 1.09 
1.07 1.06 1.07 1.09 1.09 1.08 1.05 1.05 1.05 1.09 1.08 1.09 1.06 1.09 1.07 1.09 1.07 1.09 1.08 1.06 
1.08 1.06 1.09 1.06 1.09 1.09 1.07 1.05 1.06 1.06 1.05 1.08 1.07 1.07 1.09 1.06 1.07 1.06 1.08 1.07 
1.07 1.09 1.07 1.08 1.09 1.08 1.08 1.09 1.08 1.05 1.05 1.09 1.05 1.06 1.07 1.08 1.06 1.05 1.05 1.06 
1.07 1.05 1.09 1.09 1.09 1.09 1.06 1.07 1.07 1.06 1.06 1.08 1.07 1.07 1.09 1.09 1.08 1.07 1.07 1.09 
1.08 1.07 1.06 1.07 1.06 1.06 1.07 1.09 1.07 1.07 1.07 1.07 1.05 1.06 1.09 1.06 1.05 1.06 1.05 1.06 
1.05 1.06 1.05 1.09 1.07 1.08 1.09 1.05 1.07 1.07 1.08 1.05 1.05 1.09 1.06 1.07 1.09 1.08 1.06 1.07 
1.08 1.05 1.08 1.07 1.09 1.09 1.07 1.09 1.06 1.06 1.08 1.06 1.06 1.05 1.07 1.05 1.08 1.09 1.06 1.09 
1.07 1.09 1.06 1.05 1.09 1.09 1.06 1.05 1.05 1.08 1.05 1.05 1.06 1.07 1.06 1.07 1.07 1.06 1.08 1.05 
1.07 1.09 1.08 1.05 1.09 1.09 1.09 1.09 1.06 1.08 1.08 1.05 1.06 1.05 1.07 1.09 1.07 1.05 1.06 1.07 
1.07 1.08 1.08 1.07 1.07 1.08 1.05 1.09 1.06 1.08 1.09 1.09 1.06 1.05 1.06 1.08 1.05 1.09 1.07 1.09 
1.07 1.06 1.07 1.09 1.09 1.09 1.09 1.07 1.06 1.07 1.07 1.05 1.08 1.06 1.05 1.05 1.08 1.06 1.05 1.07 
1.07 1.07 1.06 1.05 1.06 1.05 1.09 1.08 1.07 1.09 1.08 1.09 1.07 1.05 1.08 1.09 1.07 1.07 1.07 1.08 
1.05 1.09 1.06 1.06 1.08 1.06 1.07 1.06 1.08 1.08 1.06 1.09 1.07 1.06 1.05 1.05 1.05 1.08 1.09 1.07 
1.05 1.06 1.07 1.08 1.05 1.08 1.05 1.07 1.09 1.08 1.09 1.07 1.08 1.09 1.08 1.07 1.07 1.07 1.08 1.05 
1.07 1.05 1.09 1.05 1.05 1.05 1.08 1.09 1.05 1.05 1.05 1.06 1.05 1.07 1.09 1.08 1.07 1.09 1.06 1.05 
1.05 1.05 1.08 1.07 1.09 1.05 1.06 1.05 1.05 1.05 1.05 1.06 1.08 1.09 1.09 1.09 1.07 1.08 1.07 1.05 
1.07 1.09 1.06 1.06 1.08 1.06 1.07 1.06 1.07 1.09 1.08 1.07 1.08 1.07 1.09 1.06 1.05 1.05 1.08 1.05 
1.09 1.09 1.08 1.09 1.09 1.08 1.08 1.07 1.08 1.05 1.09 1.09 1.09 1.09 1.09 1.07 1.09 1.07 1.08 1.07 
1.07 1.07 1.05 1.08 1.08 1.08 1.06 1.05 1.08 1.05 1.09 1.09 1.07 1.05 1.08 1.07 1.09 1.08 1.05 1.05 
1.06 1.07 1.09 1.09 1.07 1.07 1.06 1.05 1.07 1.05 1.05 1.08 1.07 1.07 1.09 1.05 1.09 1.05 1.05 1.09 
1.07 1.09 1.06 1.05 1.07 1.05 1.05 1.06 1.07 1.09 1.09 1.07 1.09 1.09 1.08 1.06 1.06 1.07 1.06 1.05 
1.08 1.08 1.07 1.05 1.05 1.07 1.07 1.07 1.09 1.06 1.07 1.09 1.07 1.06 1.09 1.08 1.06 1.06 1.06 1.07 
1.06 1.09 1.05 1.06 1.08 1.08 1.05 1.09 1.06 1.09 1.07 1.07 1.07 1.06 1.08 1.06 1.08 1.07 1.07 1.09 
1.09 1.07 1.06 1.07 1.08 1.09 1.06 1.08 1.08 1.05 1.07 1.06 1.09 1.08 1.05 1.07 1.06 1.08 1.09 1.06 
1.09 1.08 1.07 1.09 1.05 1.06 1.08 1.06 1.06 1.05 1.09 1.06 1.09 1.08 1.08 1.07 1.06 1.09 1.05 1.08 
1.08 1.05 1.06 1.07 1.05 1.09 1.09 1.09 1.07 1.09 1.09 1.08 1.07 1.06 1.07 1.07 1.05 1.07 1.05 1.07 
1.07 1.05 1.07 1.09 1.08 1.06 1.08 1.09 1.07 1.05 1.05 1.08 1.07 1.05 1.05 1.07 1.07 1.05 1.07 1.08 
1.06 1.07 1.08 1.05 1.09 1.09 1.09 1.07 1.08 1.06 1.07 1.06 1.07 1.07 1.09 1.06 1.09 1.07 1.08 1.09 
1.07 1.07 1.07 1.07 1.06 1.08 1.07 1.08 1.08 1.08 1.05 1.09 1.08 1.08 1.05 1.09 1.09 1.09 1.07 1.07 
1.06 1.08 1.09 1.09 1.07 1.08 1.08 1.09 1.09 1.08 1.08 1.06 1.06 1.08 1.08 1.08 1.08 1.08 1.08 1.05 
1.05 1.05 1.06 1.05 1.06 1.05 1.08 1.08 1.05 1.07 1.07 1.09 1.06 1.06 1.08 1.08 1.06 1.09 1.06 1.05 
1.05 1.07 1.09 1.06 1.05 1.07 1.08 1.08 1.09 1.06 1.09 1.09 1.06 1.08 1.05 1.08 1.07 1.09 1.08 1.05 
1.06 1.07 1.06 1.08 1.05 1.08 1.05 1.07 1.05 1.05 1.06 1.05 1.05 1.07 1.09 1.06 1.06 1.06 1.08 1.07 
1.08 1.05 1.06 1.07 1.06 1.06 1.05 1.08 1.06 1.07 1.07 1.06 1.06 1.06 1.07 1.07 1.08 1.07 1.07 1.07 
1.06 1.08 1.09 1.08 1.06 1.09 1.06 1.06 1.05 1.06 1.09 1.05 1.07 1.05 1.05 1.05 1.08 1.07 1.06 1.06 
1.08 1.08 1.05 1.05 1.05 1.08 1.08 1.09 1.07 1.08 1.08 1.08 1.05 1.05 1.08 1.08 1.06 1.05 1.07 1.06 
1.09 1.07 1.09 1.07 1.08 1.08 1.08 1.08 1.07 1.05 1.05 1.08 1.07 1.09 1.05 1.05 1.05 1.08 1.09 1.08 
1.07 1.05 1.06 1.07 1.08 1.07 1.05 1.09 1.08 1.06 1.07 1.07 1.07 1.06 1.09 1.07 1.05 1.09 1.07 1.06 
1.09 1.09 1.06 1.09 1.08 1.08 1.05 1.07 1.08 1.09 1.08 1.08 1.08 1.09 1.07 1.09 1.08 1.09 1.05 1.07 
1.09 1.08 1.05 1.07 1.05 1.05 1.07 1.09 1.08 1.06 1.07 1.07 1.07 1.07 1.09 1.06 1.08 1.07 1.05 1.07 
1.07 1.08 1.08 1.08 1.05 1.05 1.07 1.09 1.09 1.09 1.07 1.06 1.08 1.09 1.06 1.08 1.08 1.05 1.09 1.07 
1.09 1.06 1.09 1.07 1.06 1.07 1.06 1.06 1.05 1.06 1.07 1.06 1.08 1.09 1.08 1.07 1.09 1.06 1.07 1.06 
1.06 1.09 1.05 1.05 1.07 1.05 1.06 1.05 1.08 1.05 1.05 1.08 1.09 1.05 1.06 1.09 1.05 1.05 1.07 1.07 
1.09 1.06 1.09 1.06 1.09 1.05 1.08 1.05 1.05 1.06 1.09 1.06 1.05 1.09 1.06 1.08 1.07 1.07 1.06 1.07 
1.06 1.07 1.06 1.06 1.07 1.09 1.07 1.07 1.06 1.05 1.05 1.09 1.06 1.06 1.08 1.08 1.07 1.06 1.07 1.05 
1.08 1.08 1.05 1.06 1.06 1.07 1.06 1.09 1.06 1.09 1.07 1.05 1.07 1.09 1.05 1.06 1.05 1.07 1.06 1.05 
1.08 1.05 1.08 1.09 1.09 1.06 1.06 1.06 1.09 1.08 1.07 1.06 1.05 1.09 1.06 1.08 1.09 1.05 1.08 1.05 
1.08 1.05 1.09 1.07 1.05 1.05 1.09 1.07 1.05 1.05 1.08 1.08 1.09 1.05 1.05 1.08 1.06 1.08 1.08 1.09 
1.08 1.09 1.06 1.09 1.09 1.06 1.05 1.07 1.07 1.08 1.07 1.08 1.08 1.08 1.08 1.06 1.05 1.09 1.05 1.08 
1.06 1.08 1.07 1.08 1.07 1.05 1.06 1.08 1.08 1.08 1.06 1.07 1.06 1.06 1.05 1.07 1.08 1.08 1.05 1.05 
1.09 1.08 1.06 1.06 1.07 1.08 1.06 1.09 1.06 1.05 1.07 1.07 1.07 1.08 1.05 1.06 1.06 1.06 1.07 1.08 
1.08 1.09 1.06 1.06 1.07 1.08 1.06 1.06 1.09 1.08 1.05 1.07 1.06 1.05 1.05 1.09 1.05 1.06 1.07 1.07 
1.06 1.05 1.07 1.09 1.08 1.06 1.07 1.08 1.09 1.07 1.08 1.08 1.08 1.06 1.06 1.05 1.07 1.09 1.07 1.07 
1.07 1.08 1.05 1.05 1.06 1.05 1.09 1.09 1.07 1.09 1.07 1.08 1.09 1.05 1.05 1.06 1.08 1.08 1.08 1.05 
1.09 1.07 1.08 1.07 1.06 1.09 1.08 1.07 1.08 1.09 1.06 1.08 1.06 1.06 1.09 1.05 1.09 1.08 1.05 1.09 
1.08 1.05 1.07 1.07 1.09 1.08 1.05 1.07 1.06 1.07 1.06 1.09 1.08 1.09 1.05 1.05 1.06 1.06 1.06 1.07 
1.07 1.09 1.09 1.08 1.09 1.08 1.06 1.09 1.06 1.09 1.08 1.06 1.07 1.06 1.05 1.09 1.08 1.05 1.09 1.09 
1.05 1.05 1.05 1.08 1.07 1.06 1.06 1.05 1.05 1.09 1.07 1.09 1.09 1.07 1.08 1.08 1.09 1.07 1.07 1.06 
1.05 1.08 1.07 1.09 1.05 1.06 1.09 1.05 1.09 1.06 1.05 1.07 1.07 1.06 1.06 1.05 1.07 1.09 1.05 1.05 
1.08 1.05 1.07 1.05 1.06 1.06 1.09 1.05 1.05 1.05 1.08 1.07 1.07 1.05 1.05 1.07 1.08 1.09 1.09 1.09 
1.06 1.07 1.06 1.09 1.07 1.07 1.06 1.05 1.08 1.05 1.07 1.09 1.07 1.06 1.07 1.07 1.06 1.05 1.06 1.08 
1.05 1.05 1.06 1.07 1.08 1.09 1.06 1.09 1.06 1.05 1.09 1.05 1.05 1.05 1.05 1.05 1.07 1.09 1.05 1.05 
1.08 1.07 1.05 1.09 1.07 1.05 1.07 1.08 1.07 1.06 1.09 1.08 1.05 1.06 1.07 1.08 1.06 1.09 1.06 1.06 
1.09 1.09 1.05 1.06 1.05 1.05 1.09 1.07 1.08 1.07 1.06 1.05 1.05 1.06 1.05 1.05 1.08 1.08 1.08 1.07 
1.07 1.08 1.05 1.07 1.07 1.08 1.05 1.07 1.06 1.09 1.08 1.09 1.05 1.08 1.06 1.09 1.05 1.06 1.07 1.08 
1.07 1.06 1.07 1.08 1.05 1.05 1.07 1.05 1.09 1.08 1.09 1.07 1.05 1.06 1.05 1.09 1.05 1.07 1.05 1.05 
1.06 1.09 1.06 1.08 1.05 1.08 1.09 1.08 1.07 1.09 1.09 1.07 1.08 1.09 1.08 1.08 1.05 1.05 1.07 1.06 
1.06 1.08 1.06 1.06 1.07 1.07 1.08 1.06 1.09 1.08 1.08 1.05 1.07 1.07 1.06 1.09 1.08 1.08 1.05 1.09 
1.08 1.07 1.05 1.06 1.05 1.06 1.05 1.08 1.06 1.06 1.07 1.07 1.06 1.08 1.07 1.08 1.07 1.08 1.06 1.08 
1.09 1.05 1.06 1.09 1.07 1.05 1.08 1.07 1.06 1.07 1.06 1.06 1.07 1.05 1.08 1.06 1.07 1.07 1.09 1.07 
1.05 1.08 1.06 1.08 1.09 1.05 1.06 1.06 1.08 1.08 1.09 1.07 1.08 1.09 1.09 1.08 1.05 1.06 1.08 1.09 
1.06 1.08 1.06 1.07 1.05 1.05 1.08 1.09 1.06 1.07 1.05 1.05 1.06 1.05 1.07 1.09 1.05 1.08 1.07 1.05 
1.07 1.09 1.09 1.05 1.06 1.09 1.08 1.07 1.08 1.08 1.06 1.07 1.05 1.05 1.08 1.09 1.08 1.07 1.06 1.08 
1.07 1.05 1.05 1.09 1.05 1.09 1.08 1.05 1.06 1.08 1.06 1.08 1.07 1.09 1.05 1.08 1.06 1.07 1.07 1.08 
1.09 1.06 1.08 1.08 1.08 1.08 1.09 1.05 1.06 1.06 1.06 1.09 1.08 1.06 1.09 1.06 1.06 1.07 1.09 1.06 
1.09 1.08 1.06 1.09 1.08 1.09 1.09 1.06 1.06 1.08 1.09 1.07 1.07 1.07 1.08 1.09 1.09 1.09 1.09 1.05 
1.09 1.06 1.06 1.05 1.09 1.05 1.07 1.08 1.06 1.08 1.07 1.06 1.08 1.06 1.09 1.07 1.08 1.07 1.07 1.05 
1.07 1.05 1.09 1.06 1.09 1.06 1.05 1.07 1.07 1.09 1.09 1.07 1.09 1.09 1.05 1.06 1.05 1.09 1.09 1.07 
1.05 1.08 1.08 1.09 1.08 1.06 1.08 1.09 1.05 1.05 1.08 1.05 1.06 1.08 1.05 1.07 1.06 1.09 1.08 1.05 
1.05 1.08 1.07 1.06 1.06 1.08 1.09 1.09 1.07 1.06 1.09 1.05 1.05 1.06 1.07 1.09 1.08 1.09 1.07 1.07 
1.08 1.07 1.08 1.06 1.05 1.08 1.07 1.06 1.08 1.08 1.07 1.07 1.05 1.06 1.09 1.09 1.09 1.07 1.07 1.08 
1.05 1.05 1.09 1.06 1.06 1.06 1.09 1.06 1.06 1.07 1.09 1.05 1.05 1.06 1.08 1.05 1.06 1.05 1.09 1.08 
1.06 1.09 1.09 1.06 1.05 1.06 1.05 1.07 1.08 1.05 1.07 1.08 1.09 1.09 1.06 1.07 1.06 1.08 1.09 1.06 
1.06 1.08 1.09 1.05 1.09 1.09 1.09 1.05 1.05 1.05 1.07 1.07 1.05 1.09 1.07 1.05 1.09 1.09 1.07 1.05 
1.07 1.07 1.08 1.05 1.09 1.09 1.08 1.05 1.09 1.09 1.08 1.06 1.06 1.05 1.09 1.05 1.05 1.06 1.08 1.06 
1.09 1.05 1.05 1.06 1.07 1.08 1.09 1.07 1.05 1.05 1.07 1.05 1.07 1.07 1.07 1.07 1.06 1.07 1.08 1.07 
1.07 1.07 1.08 1.07 1.09 1.09 1.06 1.09 1.07 1.06 1.09 1.08 1.08 1.08 1.05 1.09 1.07 1.09 1.09 1.07 
1.08 1.08 1.05 1.08 1.08 1.06 1.06 1.09 1.09 1.06 1.05 1.07 1.06 1.09 1.07 1.05 1.08 1.05 1.07 1.07 
1.05 1.09 1.07 1.07 1.07 1.06 1.07 1.08 1.09 1.08 1.06 1.05 1.06 1.06 1.07 1.06 1.09 1.05 1.06 1.07 
1.09 1.07 1.05 1.09 1.06 1.07 1.07 1.06 1.08 1.07 1.08 1.05 1.05 1.08 1.09 1.07 1.08 1.07 1.07 1.08 
1.07 1.09 1.07 1.08 1.07 1.05 1.07 1.06 1.07 1.05 1.08 1.07 1.07 1.07 1.08 1.07 1.05 1.08 1.05 1.07 
1.07 1.09 1.09 1.09 1.08 1.05 1.09 1.05 1.06 1.08 1.05 1.05 1.09 1.05 1.07 1.07 1.06 1.06 1.07 1.07 
1.05 1.05 1.09 1.06 1.08 1.09 1.05 1.05 1.05 1.09 1.07 1.06 1.07 1.09 1.05 1.06 1.08 1.05 1.06 1.06 
1.05 1.08 1.08 1.09 1.06 1.05 1.09 1.07 1.06 1.09 1.08 1.06 1.08 1.09 1.06 1.08 1.05 1.08 1.06 1.08 
1.07 1.09 1.08 1.05 1.09 1.08 1.07 1.05 1.05 1.05 1.07 1.06 1.05 1.08 1.06 1.07 1.08 1.05 1.09 1.05 
1.07 1.09 1.06 1.07 1.05 1.09 1.07 1.07 1.05 1.09 1.08 1.08 1.08 1.09 1.09 1.07 1.06 1.05 1.09 1.09 
1.08 1.05 1.08 1.07 1.07 1.09 1.06 1.08 1.06 1.05 1.05 1.08 1.06 1.09 1.07 1.06 1.06 1.08 1.07 1.09 
1.09 1.07 1.09 1.06 1.09 1.07 1.08 1.05 1.08 1.06 1.07 1.05 1.06 1.06 1.07 1.09 1.08 1.07 1.06 1.07 
1.07 1.07 1.07 1.07 1.06 1.06 1.07 1.06 1.05 1.07 1.09 1.09 1.07 1.09 1.08 1.05 1.09 1.06 1.08 1.06 
1.06 1.09 1.07 1.08 1.06 1.06 1.06 1.08 1.05 1.05 1.08 1.09 1.06 1.07 1.05 1.06 1.07 1.06 1.06 1.05 
1.08 1.08 1.07 1.09 1.07 1.06 1.08 1.07 1.08 1.07 1.08 1.09 1.08 1.05 1.08 1.08 1.05 1.05 1.05 1.09 
1.08 1.06 1.05 1.07 1.08 1.09 1.05 1.08 1.05 1.08 1.05 1.08 1.05 1.05 1.09 1.05 1.07 1.05 1.07 1.08 
1.05 1.05 1.05 1.06 1.06 1.07 1.06 1.05 1.06 1.05 1.05 1.06 1.09 1.09 1.07 1.09 1.06 1.06 1.07 1.06 
1.06 1.06 1.07 1.06 1.05 1.05 1.07 1.06 1.08 1.09 1.06 1.05 1.08 1.06 1.07 1.05 1.05 1.06 1.07 1.07 
1.09 1.07 1.09 1.08 1.07 1.08 1.08 1.07 1.05 1.09 1.06 1.06 1.06 1.06 1.07 1.08 1.06 1.06 1.08 1.07 
1.08 1.05 1.09 1.08 1.06 1.07 1.09 1.05 1.07 1.09 1.09 1.05 1.06 1.09 1.09 1.06 1.05 1.06 1.09 1.06 
1.06 1.05 1.07 1.05 1.09 1.09 1.06 1.07 1.07 1.07 1.05 1.06 1.06 1.05 1.05 1.05 1.07 1.05 1.08 1.06 
1.05 1.06 1.09 1.09 1.06 1.06 1.06 1.07 1.09 1.07 1.06 1.09 1.09 1.07 1.05 1.06 1.05 1.06 1.08 1.06 
1.07 1.05 1.08 1.05 1.08 1.06 1.07 1.07 1.08 1.05 1.09 1.08 1.09 1.06 1.09 1.05 1.09 1.07 1.08 1.09 
1.05 1.08 1.06 1.08 1.08 1.05 1.08 1.08 1.05 1.07 1.08 1.08 1.07 1.09 1.06 1.06 1.09 1.08 1.09 1.05 
1.05 1.07 1.07 1.07 1.07 1.08 1.06 1.08 1.09 1.05 1.09 1.05 1.09 1.07 1.07 1.08 1.08 1.06 1.09 1.07 
1.05 1.06 1.07 1.08 1.07 1.09 1.06 1.08 1.07 1.07 1.06 1.07 1.05 1.07 1.07 1.07 1.07 1.09 1.06 1.05 
1.06 1.07 1.07 1.09 1.09 1.09 1.08 1.09 1.08 1.07 1.09 1.07 1.09 1.07 1.06 1.09 1.07 1.08 1.07 1.05 
1.05 1.09 1.05 1.09 1.09 1.06 1.08 1.07 1.08 1.05 1.05 1.09 1.05 1.09 1.09 1.07 1.09 1.08 1.07 1.05 
1.09 1.05 1.07 1.08 1.09 1.06 1.05 1.07 1.08 1.07 1.08 1.07 1.05 1.09 1.08 1.05 1.07 1.07 1.08 1.08 
1.05 1.07 1.08 1.08 1.07 1.09 1.05 1.05 1.08 1.06 1.09 1.09 1.07 1.08 1.09 1.06 1.05 1.07 1.06 1.06 
1.05 1.09 1.09 1.09 1.06 1.06 1.05 1.07 1.07 1.08 1.06 1.07 1.09 1.06 1.08 1.09 1.06 1.08 1.09 1.09 
1.05 1.08 1.07 1.06 1.05 1.09 1.08 1.05 1.06 1.08 1.05 1.06 1.09 1.07 1.07 1.05 1.09 1.06 1.05 1.09 
1.06 1.09 1.09 1.06 1.05 1.08 1.07 1.06 1.08 1.07 1.09 1.08 1.06 1.05 1.07 1.08 1.07 1.05 1.08 1.07 
1.09 1.07 1.08 1.05 1.05 1.08 1.09 1.07 1.08 1.05 1.09 1.06 1.07 1.09 1.08 1.05 1.08 1.08 1.07 1.07 
1.07 1.08 1.08 1.08 1.05 1.07 1.06 1.07 1.06 1.05 1.05 1.06 1.06 1.06 1.07 1.06 1.06 1.07 1.06 1.07 
1.07 1.08 1.07 1.05 1.06 1.08 1.06 1.07 1.09 1.09 1.08 1.09 1.05 1.05 1.05 1.05 1.09 1.05 1.07 1.09 
1.07 1.09 1.05 1.08 1.09 1.07 1.06 1.05 1.08 1.08 1.08 1.09 1.06 1.07 1.08 1.09 1.07 1.08 1.06 1.08 
1.05 1.06 1.08 1.05 1.09 1.07 1.09 1.07 1.07 1.07 1.08 1.05 1.06 1.07 1.06 1.08 1.05 1.05 1.06 1.07 
1.06 1.08 1.06 1.08 1.06 1.09 1.09 1.07 1.08 1.07 1.06 1.07 1.08 1.06 1.08 1.05 1.08 1.06 1.05 1.08 
1.06 1.07 1.08 1.09 1.09 1.08 1.05 1.05 1.06 1.07 1.05 1.07 1.09 1.09 1.09 1.09 1.08 1.06 1.06 1.05 
1.08 1.06 1.07 1.06 1.05 1.08 1.09 1.08 1.06 1.05 1.07 1.07 1.08 1.07 1.08 1.07 1.08 1.08 1.05 1.05 
1.06 1.08 1.05 1.05 1.08 1.09 1.06 1.05 1.09 1.09 1.08 1.07 1.05 1.07 1.07 1.05 1.06 1.09 1.06 1.09 
1.09 1.05 1.06 1.06 1.09 1.07 1.08 1.05 1.09 1.08 1.06 1.05 1.05 1.05 1.06 1.06 1.06 1.06 1.08 1.06 
1.06 1.09 1.08 1.08 1.05 1.09 1.08 1.07 1.08 1.08 1.06 1.09 1.07 1.07 1.09 1.08 1.06 1.06 1.07 1.06 
1.09 1.05 1.07 1.08 1.07 1.07 1.06 1.09 1.07 1.09 1.09 1.06 1.08 1.07 1.08 1.08 1.06 1.05 1.07 1.05 
1.05 1.07 1.08 1.06 1.09 1.06 1.07 1.07 1.08 1.07 1.05 1.07 1.07 1.08 1.08 1.08 1.08 1.07 1.05 1.09 
1.05 1.08 1.05 1.05 1.09 1.09 1.07 1.08 1.08 1.09 1.07 1.07 1.07 1.06 1.06 1.07 1.05 1.07 1.07 1.05 
1.07 1.06 1.05 1.05 1.07 1.06 1.08 1.06 1.08 1.09 1.05 1.06 1.09 1.07 1.07 1.09 1.07 1.06 1.08 1.09 
1.08 1.06 1.05 1.09 1.08 1.06 1.08 1.06 1.08 1.07 1.09 1.08 1.08 1.05 1.07 1.06 1.07 1.05 1.08 1.09 
1.05 1.05 1.08 1.07 1.05 1.07 1.06 1.06 1.06 1.06 1.06 1.08 1.09 1.06 1.05 1.05 1.06 1.09 1.08 1.06 
1.08 1.06 1.08 1.06 1.06 1.06 1.07 1.09 1.08 1.09 1.09 1.09 1.06 1.09 1.05 1.08 1.07 1.08 1.05 1.07 
1.06 1.07 1.05 1.09 1.07 1.07 1.06 1.07 1.09 1.08 1.05 1.06 1.08 1.09 1.06 1.09 1.06 1.08 1.08 1.06 
1.05 1.05 1.09 1.09 1.09 1.08 1.09 1.06 1.09 1.05 1.07 1.07 1.09 1.08 1.05 1.08 1.06 1.07 1.06 1.05 
1.05 1.09 1.05 1.06 1.07 1.07 1.08 1.07 1.08 1.06 1.05 1.06 1.09 1.07 1.05 1.08 1.07 1.05 1.05 1.08 
1.06 1.06 1.09 1.07 1.07 1.09 1.06 1.08 1.05 1.08 1.05 1.05 1.09 1.07 1.09 1.05 1.09 1.06 1.05 1.06 
1.06 1.08 1.09 1.09 1.09 1.06 1.07 1.08 1.09 1.07 1.06 1.09 1.06 1.06 1.05 1.08 1.08 1.06 1.06 1.06 
1.09 1.06 1.07 1.05 1.06 1.09 1.09 1.06 1.07 1.06 1.09 1.06 1.06 1.07 1.07 1.09 1.07 1.05 1.09 1.07 
1.05 1.06 1.05 1.08 1.06 1.08 1.09 1.07 1.07 1.06 1.08 1.09 1.05 1.05 1.06 1.09 1.09 1.05 1.08 1.09 
1.06 1.08 1.08 1.07 1.07 1.05 1.06 1.08 1.08 1.05 1.09 1.05 1.06 1.06 1.09 1.09 1.06 1.05 1.09 1.08 
1.06 1.08 1.09 1.07 1.06 1.06 1.09 1.08 1.09 1.06 1.05 1.05 1.08 1.07 1.06 1.06 1.08 1.07 1.08 1.08 
1.07 1.09 1.07 1.09 1.05 1.08 1.06 1.07 1.07 1.08 1.05 1.09 1.09 1.06 1.06 1.07 1.08 1.08 1.05 1.09 
1.09 1.08 1.05 1.05 1.08 1.08 1.07 1.05 1.07 1.06 1.08 1.06 1.07 1.08 1.07 1.09 1.08 1.08 1.06 1.09 
1.07 1.08 1.07 1.07 1.08 1.05 1.06 1.08 1.07 1.07 1.06 1.06 1.07 1.06 1.08 1.09 1.06 1.07 1.06 1.07 
1.06 1.06 1.08 1.09 1.05 1.09 1.09 1.08 1.05 1.06 1.09 1.08 1.07 1.07 1.08 1.06 1.09 1.08 1.05 1.09 
1.05 1.07 1.09 1.07 1.06 1.05 1.07 1.06 1.07 1.06 1.05 1.06 1.09 1.06 1.06 1.05 1.05 1.06 1.09 1.07 
1.05 1.09 1.05 1.06 1.05 1.09 1.09 1.07 1.05 1.09 1.08 1.08 1.09 1.06 1.07 1.05 1.05 1.06 1.05 1.08 
1.09 1.06 1.06 1.05 1.08 1.06 1.05 1.08 1.06 1.08 1.05 1.05 1.06 1.05 1.08 1.06 1.07 1.09 1.08 1.09 
1.06 1.05 1.09 1.06 1.06 1.07 1.07 1.06 1.07 1.09 1.06 1.05 1.07 1.05 1.06 1.07 1.09 1.09 1.05 1.09 
1.09 1.08 1.07 1.07 1.07 1.06 1.05 1.08 1.09 1.07 1.07 1.09 1.07 1.06 1.07 1.09 1.06 1.06 1.05 1.06 
1.07 1.09 1.08 1.05 1.07 1.08 1.05 1.09 1.08 1.06 1.09 1.06 1.09 1.09 1.07 1.07 1.06 1.06 1.06 1.06 
1.05 1.07 1.08 1.06 1.05 1.07 1.09 1.05 1.06 1.08 1.08 1.09 1.07 1.06 1.07 1.06 1.07 1.09 1.06 1.05 
1.08 1.09 1.07 1.08 1.05 1.09 1.06 1.06 1.05 1.08 1.07 1.05 1.05 1.05 1.05 1.05 1.05 1.05 1.07 1.08 
1.09 1.06 1.06 1.07 1.08 1.08 1.09 1.06 1.05 1.07 1.09 1.07 1.07 1.05 1.07 1.05 1.06 1.08 1.06 1.08 
1.07 1.07 1.08 1.05 1.05 1.09 1.06 1.07 1.07 1.09 1.09 1.06 1.09 1.05 1.08 1.06 1.09 1.09 1.09 1.08 
1.05 1.05 1.05 1.08 1.08 1.08 1.06 1.08 1.09 1.06 1.07 1.07 1.09 1.09 1.09 1.05 1.07 1.08 1.05 1.05 
1.05 1.08 1.06 1.06 1.07 1.05 1.06 1.06 1.07 1.09 1.09 1.07 1.09 1.08 1.08 1.08 1.05 1.07 1.07 1.05 
1.09 1.05 1.05 1.08 1.07 1.07 1.06 1.09 1.05 1.09 1.08 1.07 1.09 1.07 1.05 1.08 1.08 1.09 1.05 1.06 
1.07 1.07 1.09 1.07 1.09 1.07 1.06 1.07 1.09 1.05 1.06 1.05 1.08 1.09 1.06 1.06 1.07 1.09 1.08 1.06 
1.05 1.08 1.09 1.06 1.06 1.06 1.08 1.09 1.05 1.05 1.08 1.06 1.07 1.07 1.07 1.05 1.05 1.08 1.07 1.06 
1.08 1.05 1.07 1.09 1.05 1.08 1.07 1.05 1.08 1.09 1.09 1.09 1.07 1.06 1.06 1.08 1.09 1.06 1.06 1.06 
1.06 1.09 1.08 1.08 1.05 1.07 1.09 1.08 1.06 1.08 1.08 1.09 1.09 1.08 1.06 1.06 1.07 1.09 1.05 1.07 
1.05 1.07 1.09 1.07 1.09 1.06 1.09 1.09 1.08 1.09 1.08 1.06 1.06 1.06 1.06 1.08 1.08 1.05 1.09 1.09 
1.05 1.08 1.07 1.09 1.09 1.07 1.07 1.08 1.09 1.07 1.07 1.08 1.08 1.09 1.09 1.05 1.08 1.08 1.08 1.05 
1.06 1.07 1.08 1.08 1.05 1.07 1.07 1.05 1.08 1.09 1.09 1.09 1.06 1.07 1.08 1.07 1.08 1.07 1.08 1.07 
1.06 1.05 1.07 1.05 1.05 1.08 1.08 1.06 1.07 1.09 1.07 1.06 1.08 1.09 1.09 1.07 1.06 1.05 1.09 1.07 
1.09 1.05 1.05 1.08 1.07 1.06 1.08 1.07 1.09 1.08 1.08 1.08 1.09 1.07 1.05 1.08 1.09 1.06 1.05 1.09 
1.05 1.05 1.05 1.08 1.09 1.08 1.09 1.07 1.07 1.07 1.05 1.09 1.05 1.05 1.08 1.06 1.09 1.06 1.05 1.08 
1.05 1.06 1.08 1.08 1.07 1.09 1.09 1.06 1.07 1.07 1.09 1.07 1.05 1.05 1.09 1.07 1.07 1.08 1.07 1.08 
1.07 1.07 1.06 1.08 1.08 1.09 1.06 1.08 1.09 1.06 1.08 1.05 1.05 1.05 1.09 1.08 1.08 1.08 1.09 1.06 
1.06 1.05 1.05 1.06 1.05 1.08 1.08 1.06 1.05 1.06 1.06 1.06 1.07 1.08 1.05 1.05 1.07 1.09 1.07 1.07 
1.05 1.07 1.06 1.08 1.05 1.07 1.07 1.06 1.09 1.05 1.09 1.05 1.08 1.08 1.06 1.09 1.06 1.09 1.08 1.09 
1.05 1.09 1.06 1.05 1.08 1.08 1.07 1.06 1.05 1.07 1.05 1.07 1.09 1.08 1.07 1.09 1.05 1.08 1.07 1.07 
1.05 1.06 1.08 1.06 1.05 1.09 1.06 1.09 1.06 1.09 1.07 1.07 1.09 1.06 1.06 1.06 1.06 1.05 1.09 1.09 
1.06 1.05 1.06 1.05 1.05 1.09 1.08 1.06 1.07 1.05 1.09 1.08 1.05 1.05 1.05 1.07 1.08 1.05 1.08 1.09 
1.07 1.05 1.09 1.05 1.07 1.05 1.09 1.05 1.09 1.09 1.09 1.09 1.05 1.06 1.08 1.06 1.05 1.09 1.06 1.06 
1.06 1.07 1.07 1.06 1.07 1.07 1.08 1.07 1.05 1.05 1.07 1.08 1.05 1.08 1.06 1.08 1.07 1.08 1.09 1.09 
1.06 1.07 1.05 1.07 1.05 1.05 1.08 1.05 1.06 1.05 1.05 1.05 1.07 1.07 1.05 1.07 1.08 1.07 1.05 1.07 
1.05 1.05 1.09 1.08 1.08 1.06 1.09 1.09 1.08 1.05 1.08 1.06 1.05 1.07 1.05 1.06 1.07 1.07 1.06 1.07 
1.07 1.05 1.06 1.08 1.06 1.09 1.05 1.08 1.05 1.05 1.08 1.08 1.05 1.09 1.06 1.05 1.08 1.06 1.05 1.06 
1.09 1.07 1.08 1.09 1.08 1.05 1.08 1.07 1.07 1.08 1.08 1.08 1.08 1.09 1.07 1.07 1.08 1.07 1.09 1.08 
1.07 1.06 1.07 1.05 1.05 1.07 1.07 1.06 1.09 1.09 1.05 1.05 1.09 1.07 1.05 1.06 1.06 1.05 1.08 1.06 
1.09 1.06 1.05 1.09 1.09 1.05 1.05 1.08 1.05 1.05 1.05 1.08 1.07 1.09 1.06 1.09 1.05 1.06 1.08 1.08 
1.09 1.06 1.08 1.09 1.06 1.07 1.06 1.08 1.08 1.08 1.09 1.08 1.06 1.07 1.06 1.06 1.07 1.09 1.09 1.07 
1.07 1.08 1.06 1.06 1.08 1.09 1.08 1.07 1.07 1.08 1.07 1.07 1.06 1.08 1.08 1.05 1.05 1.05 1.06 1.08 
1.08 1.05 1.07 1.05 1.06 1.08 1.07 1.05 1.09 1.09 1.09 1.09 1.07 1.08 1.09 1.06 1.08 1.05 1.05 1.09 
1.05 1.05 1.08 1.08 1.06 1.08 1.08 1.05 1.09 1.05 1.05 1.08 1.07 1.08 1.07 1.06 1.09 1.06 1.06 1.06 
1.07 1.08 1.08 1.09 1.09 1.06 1.05 1.07 1.05 1.09 1.07 1.05 1.09 1.06 1.05 1.05 1.08 1.06 1.07 1.07 
1.05 1.06 1.06 1.09 1.09 1.05 1.08 1.09 1.08 1.09 1.09 1.09 1.05 1.05 1.06 1.07 1.09 1.07 1.06 1.09 
1.05 1.05 1.05 1.06 1.09 1.09 1.08 1.07 1.09 1.07 1.09 1.08 1.09 1.05 1.09 1.07 1.09 1.06 1.08 1.08 
1.08 1.08 1.09 1.08 1.09 1.07 1.08 1.08 1.09 1.07 1.07 1.05 1.09 1.07 1.06 1.09 1.06 1.05 1.07 1.06 
1.08 1.06 1.09 1.07 1.07 1.08 1.08 1.07 1.05 1.05 1.05 1.09 1.07 1.06 1.06 1.06 1.06 1.06 1.08 1.05 
