20
300
49 13 6 49 74 37 33 36 64 85 96 18 4 54 69 60 84 48 1 65 70 59 24 77 68 12 59 13 42 6 35 42 100 99 7 52 62 68 15 70 38 12 57 30 25 91 72 18 80 46 80 17 88 93 90 90 44 29 16 23 82 99 58 13 48 41 94 55 16 35 61 92 94 56 47 25 73 58 86 19 33 20 70 28 12 39 39 16 38 11 97 55 17 50 19 37 32 17 28 81 63 10 87 71 52 81 26 40 89 23 29 94 71 44 30 48 17 57 19 78 11 41 16 56 51 35 14 85 1 4 1 39 64 9 65 82 9 56 26 73 44 70 74 19 96 64 57 14 43 54 96 68 65 33 91 3 85 46 59 35 14 78 8 33 2 63 54 74 76 39 83 12 67 100 12 8 26 55 15 93 90 25 21 27 51 34 7 96 46 92 90 35 79 48 19 86 25 27 68 38 6 95 32 32 16 59 25 46 88 25 72 71 19 7 65 99 94 56 20 22 59 59 94 46 44 88 100 51 9 94 1 71 65 53 50 2 14 12 11 32 91 14 32 92 21 89 85 99 32 7 89 61 38 88 17 100 6 3 92 99 27 45 6 12 63 3 81 49 6 76 88 32 50 94 2 61 81 43 29 20 48 99 80 55 97 68 85 68 36 34 71 63 74 76 55 74 24 75 73 22 
4 3 3 6 5 2 7 4 2 6 5 4 3 6 4 8 2 2 4 6 
1.06 1.08 1.13 1.14 1.11 1.13 1.07 1.05 1.12 1.07 1.06 1.07 1.09 1.13 1.09 1.07 1.1 1.13 1.12 1.1 
1.11 1.05 1.1 1.09 1.06 1.1 1.09 1.1 1.13 1.11 1.09 1.08 1.11 1.12 1.07 1.09 1.1 1.09 1.08 1.14 
1.13 1.13 1.11 1.05 1.07 1.14 1.05 1.05 1.1 1.08 1.09 1.05 1.13 1.1 1.11 1.12 1.09 1.05 1.1 1.13 
1.1 1.09 1.06 1.14 1.07 1.08 1.09 1.14 1.09 1.12 1.08 1.14 1.05 1.06 1.06 1.11 1.08 1.14 1.11 1.13 
1.08 1.06 1.06 1.07 1.11 1.12 1.05 1.05 1.12 1.1 1.14 1.11 1.08 1.06 1.09 1.06 1.09 1.13 1.07 1.08 
1.12 1.08 1.1 1.14 1.08 1.12 1.13 1.14 1.11 1.08 1.08 1.11 1.12 1.14 1.07 1.12 1.11 1.11 1.08 1.06 
1.14 1.05 1.1 1.12 1.08 1.06 1.13 1.13 1.12 1.07 1.14 1.07 1.09 1.11 1.1 1.11 1.12 1.1 1.05 1.14 
1.06 1.12 1.13 1.11 1.05 1.1 1.14 1.08 1.13 1.09 1.14 1.08 1.08 1.09 1.1 1.06 1.07 1.14 1.12 1.09 
1.1 1.11 1.08 1.1 1.1 1.11 1.12 1.11 1.1 1.1 1.14 1.09 1.05 1.14 1.1 1.13 1.08 1.12 1.1 1.12 
1.13 1.12 1.11 1.11 1.08 1.07 1.14 1.07 1.13 1.14 1.06 1.07 1.14 1.09 1.1 1.05 1.13 1.06 1.13 1.07 
1.13 1.05 1.05 1.05 1.12 1.08 1.12 1.13 1.09 1.1 1.07 1.13 1.07 1.09 1.13 1.08 1.05 1.05 1.13 1.1 
1.09 1.1 1.07 1.12 1.09 1.07 1.14 1.14 1.1 1.1 1.08 1.07 1.05 1.09 1.11 1.06 1.12 1.09 1.07 1.12 
1.07 1.12 1.13 1.05 1.11 1.1 1.08 1.14 1.06 1.13 1.1 1.05 1.05 1.08 1.05 1.05 1.08 1.07 1.1 1.09 
1.13 1.06 1.06 1.12 1.13 1.07 1.09 1.09 1.12 1.08 1.07 1.05 1.13 1.12 1.1 1.13 1.11 1.14 1.1 1.11 
1.09 1.05 1.05 1.06 1.14 1.12 1.08 1.09 1.09 1.1 1.09 1.11 1.05 1.06 1.13 1.06 1.08 1.13 1.09 1.08 
1.12 1.14 1.07 1.09 1.11 1.1 1.13 1.09 1.11 1.07 1.05 1.1 1.09 1.11 1.12 1.11 1.11 1.12 1.08 1.13 
1.14 1.14 1.07 1.06 1.05 1.06 1.13 1.1 1.12 1.1 1.09 1.14 1.07 1.06 1.05 1.08 1.1 1.05 1.06 1.09 
1.06 1.1 1.05 1.11 1.05 1.14 1.13 1.14 1.1 1.14 1.06 1.08 1.06 1.11 1.11 1.14 1.14 1.06 1.06 1.13 
1.14 1.14 1.05 1.1 1.14 1.1 1.09 1.07 1.11 1.11 1.05 1.1 1.11 1.11 1.05 1.07 1.07 1.12 1.1 1.12 
1.06 1.14 1.13 1.11 1.14 1.12 1.09 1.14 1.08 1.12 1.08 1.06 1.08 1.1 1.09 1.07 1.11 1.08 1.11 1.09 
1.14 1.07 1.07 1.09 1.08 1.08 1.12 1.08 1.05 1.13 1.07 1.13 1.09 1.13 1.11 1.11 1.14 1.11 1.11 1.06 
1.09 1.08 1.08 1.08 1.11 1.1 1.11 1.06 1.11 1.11 1.1 1.05 1.08 1.11 1.05 1.1 1.08 1.07 1.05 1.07 
1.14 1.13 1.08 1.14 1.08 1.05 1.12 1.14 1.11 1.05 1.12 1.13 1.06 1.14 1.14 1.07 1.1 1.06 1.05 1.14 
1.08 1.09 1.11 1.08 1.09 1.1 1.05 1.06 1.08 1.11 1.12 1.07 1.05 1.06 1.13 1.14 1.08 1.08 1.07 1.05 
1.1 1.09 1.14 1.06 1.06 1.14 1.06 1.08 1.09 1.06 1.13 1.14 1.13 1.1 1.06 1.08 1.12 1.1 1.09 1.11 
1.06 1.12 1.13 1.11 1.11 1.1 1.12 1.11 1.05 1.06 1.1 1.11 1.09 1.12 1.05 1.05 1.06 1.14 1.1 1.08 
1.05 1.1 1.11 1.07 1.13 1.06 1.09 1.12 1.08 1.1 1.06 1.07 1.13 1.11 1.13 1.14 1.11 1.11 1.05 1.09 
1.1 1.09 1.05 1.05 1.07 1.05 1.14 1.07 1.12 1.11 1.07 1.12 1.11 1.14 1.08 1.12 1.12 1.05 1.08 1.1 
1.07 1.12 1.1 1.05 1.13 1.07 1.05 1.14 1.09 1.13 1.09 1.14 1.14 1.09 1.11 1.08 1.11 1.1 1.13 1.12 
1.12 1.05 1.09 1.13 1.11 1.1 1.07 1.07 1.07 1.08 1.14 1.11 1.08 1.07 1.13 1.14 1.05 1.12 1.1 1.12 
1.11 1.12 1.07 1.12 1.11 1.06 1.06 1.06 1.13 1.1 1.1 1.09 1.1 1.12 1.1 1.06 1.06 1.11 1.11 1.13 
1.07 1.14 1.13 1.11 1.11 1.11 1.08 1.07 1.06 1.12 1.14 1.08 1.12 1.09 1.07 1.12 1.12 1.07 1.12 1.05 
1.06 1.11 1.14 1.12 1.14 1.08 1.13 1.1 1.05 1.11 1.12 1.05 1.14 1.05 1.05 1.13 1.07 1.09 1.09 1.09 
1.12 1.09 1.09 1.09 1.07 1.12 1.11 1.08 1.14 1.06 1.12 1.1 1.08 1.05 1.1 1.06 1.08 1.11 1.09 1.1 
1.06 1.06 1.14 1.06 1.12 1.06 1.09 1.06 1.09 1.09 1.06 1.08 1.12 1.09 1.07 1.13 1.08 1.13 1.08 1.07 
1.13 1.09 1.12 1.07 1.08 1.06 1.14 1.06 1.12 1.12 1.1 1.05 1.07 1.1 1.1 1.07 1.08 1.09 1.14 1.1 
1.11 1.07 1.06 1.1 1.11 1.12 1.06 1.09 1.1 1.14 1.14 1.09 1.05 1.12 1.05 1.05 1.11 1.08 1.12 1.05 
1.06 1.12 1.14 1.13 1.09 1.05 1.06 1.1 1.13 1.14 1.12 1.1 1.08 1.07 1.11 1.12 1.07 1.06 1.1 1.06 
1.14 1.11 1.05 1.1 1.09 1.11 1.09 1.13 1.09 1.07 1.14 1.1 1.1 1.13 1.14 1.11 1.05 1.11 1.12 1.12 
1.1 1.09 1.13 1.06 1.05 1.09 1.06 1.08 1.13 1.14 1.09 1.14 1.14 1.06 1.07 1.09 1.08 1.12 1.08 1.06 
1.05 1.11 1.1 1.14 1.05 1.1 1.12 1.12 1.06 1.08 1.07 1.13 1.06 1.1 1.14 1.11 1.12 1.06 1.07 1.11 
1.05 1.08 1.05 1.08 1.09 1.13 1.07 1.11 1.05 1.13 1.05 1.09 1.13 1.08 1.14 1.06 1.08 1.09 1.1 1.05 
1.06 1.1 1.12 1.12 1.07 1.13 1.09 1.05 1.12 1.13 1.08 1.14 1.08 1.12 1.12 1.14 1.12 1.05 1.14 1.12 
1.09 1.14 1.1 1.09 1.06 1.12 1.08 1.1 1.08 1.1 1.09 1.13 1.11 1.14 1.07 1.07 1.07 1.09 1.08 1.05 
1.12 1.08 1.12 1.1 1.07 1.1 1.09 1.09 1.13 1.08 1.06 1.14 1.08 1.13 1.06 1.06 1.11 1.12 1.07 1.09 
1.13 1.07 1.13 1.05 1.09 1.14 1.14 1.11 1.09 1.12 1.05 1.1 1.06 1.08 1.09 1.08 1.12 1.12 1.11 1.05 
1.12 1.09 1.11 1.12 1.1 1.09 1.11 1.05 1.07 1.14 1.12 1.08 1.09 1.14 1.14 1.08 1.11 1.07 1.09 1.13 
1.12 1.09 1.07 1.07 1.08 1.13 1.09 1.1 1.06 1.06 1.13 1.07 1.1 1.06 1.07 1.06 1.06 1.12 1.13 1.06 
1.08 1.12 1.06 1.06 1.13 1.11 1.07 1.13 1.11 1.08 1.08 1.13 1.12 1.09 1.09 1.13 1.11 1.05 1.05 1.11 
1.05 1.14 1.13 1.06 1.14 1.14 1.11 1.09 1.07 1.08 1.09 1.12 1.06 1.14 1.05 1.06 1.14 1.06 1.12 1.11 
1.07 1.13 1.1 1.08 1.08 1.06 1.13 1.13 1.1 1.14 1.06 1.13 1.1 1.07 1.09 1.13 1.13 1.08 1.14 1.1 
1.13 1.05 1.05 1.13 1.13 1.08 1.11 1.05 1.05 1.1 1.06 1.06 1.09 1.08 1.06 1.14 1.09 1.08 1.13 1.12 
1.08 1.08 1.06 1.11 1.06 1.07 1.14 1.09 1.06 1.08 1.14 1.1 1.05 1.05 1.11 1.14 1.05 1.06 1.11 1.08 
1.1 1.13 1.13 1.05 1.1 1.14 1.12 1.1 1.07 1.11 1.09 1.12 1.14 1.13 1.09 1.13 1.06 1.11 1.13 1.14 
1.11 1.13 1.05 1.06 1.1 1.14 1.13 1.08 1.1 1.06 1.06 1.06 1.09 1.12 1.07 1.09 1.06 1.1 1.06 1.14 
1.13 1.13 1.08 1.06 1.14 1.14 1.13 1.1 1.06 1.06 1.09 1.05 1.1 1.05 1.11 1.07 1.08 1.06 1.1 1.09 
1.11 1.07 1.05 1.12 1.12 1.08 1.11 1.05 1.13 1.12 1.11 1.13 1.1 1.07 1.11 1.07 1.06 1.09 1.14 1.13 
1.06 1.08 1.08 1.12 1.08 1.06 1.07 1.08 1.13 1.06 1.11 1.14 1.13 1.07 1.12 1.1 1.09 1.09 1.13 1.1 
1.05 1.09 1.13 1.08 1.06 1.13 1.12 1.14 1.11 1.13 1.11 1.1 1.14 1.13 1.06 1.08 1.14 1.05 1.11 1.05 
1.08 1.08 1.06 1.07 1.09 1.08 1.11 1.05 1.12 1.05 1.07 1.12 1.13 1.11 1.14 1.06 1.1 1.14 1.07 1.08 
1.1 1.07 1.11 1.06 1.14 1.13 1.07 1.13 1.12 1.14 1.05 1.11 1.09 1.08 1.13 1.05 1.11 1.14 1.12 1.12 
1.07 1.05 1.08 1.12 1.06 1.12 1.05 1.12 1.12 1.06 1.1 1.06 1.13 1.11 1.08 1.09 1.14 1.1 1.07 1.08 
1.05 1.05 1.08 1.14 1.08 1.06 1.14 1.08 1.11 1.11 1.07 1.06 1.08 1.08 1.06 1.08 1.13 1.14 1.14 1.05 
1.13 1.08 1.05 1.07 1.07 1.05 1.14 1.12 1.09 1.13 1.06 1.1 1.12 1.12 1.06 1.14 1.05 1.12 1.06 1.11 
1.08 1.11 1.14 1.06 1.07 1.08 1.11 1.13 1.06 1.13 1.13 1.08 1.06 1.14 1.07 1.09 1.13 1.13 1.05 1.07 
1.1 1.1 1.14 1.11 1.05 1.11 1.06 1.12 1.13 1.08 1.12 1.13 1.05 1.12 1.13 1.06 1.05 1.12 1.14 1.07 
1.11 1.05 1.07 1.05 1.05 1.09 1.11 1.05 1.07 1.05 1.14 1.09 1.06 1.09 1.13 1.12 1.13 1.13 1.06 1.09 
1.06 1.14 1.1 1.07 1.07 1.08 1.06 1.07 1.11 1.14 1.12 1.05 1.05 1.11 1.1 1.07 1.09 1.09 1.07 1.12 
1.06 1.1 1.06 1.05 1.11 1.09 1.07 1.13 1.05 1.1 1.12 1.09 1.13 1.08 1.14 1.1 1.06 1.05 1.05 1.07 
1.08 1.1 1.11 1.06 1.11 1.07 1.07 1.11 1.12 1.09 1.07 1.13 1.1 1.1 1.07 1.06 1.14 1.11 1.07 1.05 
1.11 1.11 1.13 1.14 1.05 1.12 1.14 1.12 1.11 1.08 1.06 1.05 1.12 1.12 1.09 1.07 1.09 1.08 1.08 1.12 
1.07 1.05 1.08 1.13 1.06 1.09 1.13 1.13 1.13 1.08 1.08 1.1 1.07 1.1 1.07 1.09 1.11 1.11 1.09 1.12 
1.07 1.09 1.07 1.11 1.11 1.06 1.13 1.11 1.1 1.05 1.11 1.07 1.09 1.12 1.08 1.11 1.13 1.08 1.1 1.06 
1.12 1.11 1.09 1.11 1.14 1.1 1.09 1.08 1.13 1.09 1.07 1.12 1.12 1.06 1.08 1.08 1.1 1.12 1.13 1.14 
1.09 1.12 1.09 1.07 1.12 1.06 1.13 1.12 1.05 1.09 1.13 1.14 1.07 1.1 1.08 1.11 1.09 1.07 1.05 1.06 
1.13 1.08 1.14 1.14 1.05 1.05 1.06 1.07 1.12 1.07 1.07 1.13 1.1 1.09 1.14 1.07 1.05 1.11 1.1 1.13 
1.11 1.08 1.1 1.13 1.07 1.07 1.13 1.11 1.09 1.07 1.07 1.1 1.11 1.1 1.07 1.09 1.08 1.14 1.1 1.09 
1.13 1.11 1.05 1.13 1.1 1.08 1.05 1.11 1.07 1.11 1.09 1.07 1.08 1.11 1.05 1.14 1.12 1.06 1.05 1.1 
1.07 1.1 1.08 1.05 1.11 1.09 1.05 1.12 1.13 1.11 1.12 1.11 1.14 1.05 1.14 1.09 1.12 1.13 1.1 1.08 
1.12 1.14 1.07 1.1 1.08 1.13 1.07 1.09 1.14 1.12 1.11 1.12 1.13 1.05 1.08 1.12 1.11 1.11 1.06 1.05 
1.09 1.12 1.1 1.05 1.08 1.14 1.14 1.05 1.1 1.05 1.13 1.08 1.05 1.1 1.12 1.09 1.07 1.14 1.14 1.07 
1.06 1.13 1.14 1.08 1.09 1.14 1.05 1.06 1.05 1.06 1.08 1.1 1.08 1.1 1.05 1.12 1.14 1.14 1.05 1.05 
1.09 1.13 1.13 1.13 1.09 1.07 1.12 1.11 1.05 1.08 1.13 1.09 1.13 1.07 1.12 1.14 1.1 1.08 1.1 1.08 
1.07 1.09 1.08 1.1 1.12 1.07 1.05 1.14 1.14 1.11 1.08 1.11 1.1 1.13 1.1 1.08 1.1 1.12 1.06 1.13 
1.07 1.14 1.11 1.11 1.07 1.1 1.13 1.09 1.13 1.08 1.14 1.08 1.13 1.12 1.12 1.14 1.11 1.11 1.14 1.13 
1.14 1.11 1.12 1.11 1.05 1.1 1.1 1.06 1.09 1.13 1.14 1.08 1.13 1.14 1.11 1.13 1.07 1.1 1.13 1.05 
1.1 1.12 1.1 1.13 1.1 1.05 1.1 1.12 1.14 1.08 1.1 1.06 1.07 1.06 1.09 1.1 1.06 1.12 1.14 1.08 
1.09 1.08 1.06 1.11 1.13 1.12 1.05 1.08 1.08 1.14 1.08 1.11 1.14 1.06 1.06 1.07 1.13 1.13 1.1 1.09 
1.12 1.12 1.08 1.14 1.14 1.07 1.09 1.06 1.08 1.07 1.08 1.13 1.1 1.13 1.11 1.13 1.12 1.14 1.07 1.06 
1.12 1.11 1.12 1.06 1.08 1.12 1.12 1.14 1.13 1.11 1.13 1.08 1.14 1.09 1.05 1.1 1.08 1.05 1.05 1.06 
1.06 1.05 1.12 1.07 1.08 1.06 1.09 1.1 1.07 1.06 1.13 1.06 1.05 1.13 1.13 1.1 1.14 1.08 1.06 1.12 
1.08 1.14 1.1 1.1 1.12 1.05 1.07 1.07 1.05 1.06 1.07 1.08 1.13 1.09 1.05 1.08 1.08 1.07 1.12 1.09 
1.06 1.07 1.05 1.07 1.08 1.13 1.07 1.06 1.13 1.09 1.06 1.07 1.08 1.13 1.13 1.14 1.14 1.14 1.14 1.05 
1.1 1.07 1.07 1.08 1.1 1.13 1.11 1.06 1.05 1.1 1.09 1.1 1.11 1.06 1.11 1.1 1.06 1.07 1.14 1.14 
1.1 1.08 1.05 1.14 1.06 1.06 1.1 1.14 1.09 1.1 1.1 1.12 1.14 1.06 1.08 1.14 1.13 1.08 1.05 1.08 
1.08 1.13 1.11 1.12 1.11 1.07 1.05 1.06 1.1 1.05 1.09 1.05 1.11 1.13 1.05 1.06 1.07 1.13 1.05 1.1 
1.08 1.14 1.06 1.1 1.05 1.07 1.14 1.06 1.12 1.14 1.11 1.09 1.13 1.05 1.12 1.07 1.13 1.09 1.12 1.14 
1.13 1.11 1.11 1.07 1.05 1.07 1.12 1.08 1.07 1.09 1.05 1.09 1.05 1.1 1.08 1.14 1.07 1.08 1.07 1.13 
1.08 1.08 1.07 1.14 1.14 1.08 1.12 1.09 1.06 1.12 1.07 1.07 1.05 1.09 1.05 1.13 1.06 1.14 1.08 1.1 
1.11 1.06 1.1 1.13 1.09 1.12 1.08 1.14 1.07 1.05 1.08 1.12 1.14 1.1 1.06 1.08 1.07 1.13 1.05 1.14 
1.13 1.08 1.1 1.12 1.14 1.06 1.05 1.12 1.13 1.08 1.06 1.07 1.1 1.13 1.14 1.09 1.07 1.1 1.09 1.12 
1.08 1.07 1.13 1.1 1.1 1.12 1.08 1.05 1.06 1.07 1.09 1.09 1.14 1.07 1.13 1.11 1.05 1.14 1.13 1.07 
1.09 1.07 1.1 1.14 1.12 1.05 1.14 1.1 1.05 1.1 1.14 1.08 1.06 1.14 1.05 1.05 1.13 1.05 1.07 1.05 
1.05 1.05 1.1 1.06 1.07 1.07 1.07 1.05 1.07 1.06 1.14 1.09 1.08 1.11 1.06 1.14 1.06 1.13 1.12 1.13 
1.1 1.14 1.13 1.11 1.14 1.07 1.1 1.08 1.06 1.14 1.12 1.11 1.06 1.12 1.1 1.12 1.13 1.1 1.14 1.05 
1.05 1.13 1.13 1.07 1.05 1.08 1.07 1.14 1.05 1.14 1.11 1.07 1.07 1.12 1.14 1.07 1.11 1.13 1.1 1.08 
1.07 1.05 1.1 1.13 1.07 1.08 1.14 1.06 1.07 1.09 1.06 1.12 1.11 1.13 1.05 1.11 1.14 1.13 1.08 1.11 
1.13 1.06 1.14 1.07 1.08 1.09 1.08 1.07 1.06 1.12 1.1 1.12 1.1 1.05 1.07 1.1 1.14 1.06 1.05 1.1 
1.1 1.06 1.08 1.05 1.13 1.11 1.14 1.14 1.08 1.14 1.07 1.12 1.09 1.06 1.08 1.14 1.1 1.09 1.05 1.13 
1.07 1.06 1.06 1.09 1.12 1.14 1.13 1.11 1.1 1.13 1.14 1.08 1.08 1.08 1.12 1.13 1.06 1.12 1.14 1.08 
1.1 1.08 1.06 1.05 1.14 1.06 1.11 1.08 1.05 1.1 1.05 1.06 1.06 1.09 1.06 1.13 1.12 1.12 1.06 1.05 
1.1 1.09 1.09 1.05 1.07 1.14 1.1 1.11 1.11 1.05 1.13 1.07 1.1 1.14 1.12 1.11 1.1 1.07 1.11 1.06 
1.08 1.06 1.14 1.05 1.14 1.13 1.09 1.11 1.09 1.11 1.12 1.07 1.13 1.13 1.14 1.14 1.13 1.08 1.05 1.09 
1.11 1.13 1.05 1.14 1.13 1.06 1.05 1.07 1.13 1.11 1.14 1.1 1.1 1.13 1.05 1.07 1.12 1.09 1.09 1.05 
1.12 1.13 1.14 1.13 1.07 1.07 1.12 1.09 1.14 1.06 1.05 1.1 1.12 1.1 1.08 1.14 1.06 1.08 1.05 1.12 
1.14 1.05 1.14 1.14 1.05 1.13 1.05 1.13 1.09 1.09 1.06 1.12 1.05 1.08 1.07 1.08 1.06 1.13 1.1 1.1 
1.14 1.06 1.11 1.11 1.05 1.05 1.06 1.11 1.11 1.05 1.05 1.11 1.14 1.06 1.05 1.08 1.12 1.08 1.14 1.14 
1.05 1.06 1.11 1.12 1.1 1.08 1.05 1.06 1.05 1.07 1.12 1.12 1.07 1.14 1.11 1.11 1.07 1.1 1.09 1.05 
1.11 1.14 1.07 1.13 1.1 1.12 1.05 1.12 1.13 1.06 1.08 1.11 1.09 1.12 1.07 1.14 1.08 1.13 1.06 1.08 
1.13 1.08 1.14 1.09 1.09 1.11 1.13 1.09 1.06 1.11 1.11 1.09 1.09 1.09 1.13 1.09 1.05 1.08 1.07 1.07 
1.11 1.07 1.13 1.06 1.07 1.08 1.14 1.05 1.08 1.13 1.07 1.1 1.13 1.08 1.14 1.06 1.12 1.09 1.1 1.1 
1.06 1.14 1.13 1.11 1.11 1.13 1.08 1.08 1.13 1.12 1.1 1.1 1.13 1.06 1.08 1.06 1.12 1.06 1.1 1.08 
1.05 1.13 1.14 1.09 1.09 1.12 1.08 1.14 1.07 1.12 1.14 1.11 1.12 1.05 1.1 1.12 1.12 1.06 1.12 1.07 
1.06 1.12 1.1 1.1 1.1 1.13 1.05 1.08 1.05 1.06 1.12 1.06 1.05 1.09 1.05 1.1 1.05 1.08 1.11 1.1 
1.13 1.12 1.11 1.05 1.13 1.14 1.11 1.07 1.08 1.06 1.11 1.06 1.11 1.07 1.13 1.05 1.1 1.14 1.14 1.09 
1.06 1.11 1.08 1.07 1.08 1.11 1.09 1.06 1.05 1.09 1.12 1.11 1.07 1.07 1.08 1.09 1.06 1.11 1.14 1.09 
1.12 1.05 1.06 1.08 1.07 1.07 1.06 1.08 1.13 1.09 1.12 1.08 1.12 1.13 1.08 1.14 1.14 1.13 1.12 1.1 
1.1 1.11 1.07 1.09 1.11 1.05 1.11 1.05 1.08 1.08 1.09 1.09 1.13 1.11 1.14 1.1 1.14 1.14 1.09 1.14 
1.14 1.06 1.12 1.06 1.07 1.11 1.1 1.05 1.09 1.05 1.12 1.06 1.06 1.08 1.14 1.11 1.07 1.14 1.14 1.14 
1.13 1.1 1.13 1.06 1.13 1.1 1.07 1.05 1.07 1.14 1.06 1.08 1.06 1.11 1.1 1.1 1.06 1.08 1.11 1.06 
1.11 1.14 1.12 1.13 1.11 1.07 1.11 1.09 1.06 1.08 1.1 1.09 1.13 1.09 1.07 1.11 1.07 1.06 1.13 1.08 
1.05 1.11 1.1 1.13 1.1 1.1 1.1 1.11 1.08 1.06 1.05 1.1 1.11 1.09 1.13 1.06 1.05 1.09 1.07 1.08 
1.05 1.07 1.1 1.07 1.05 1.05 1.12 1.1 1.11 1.1 1.14 1.1 1.14 1.14 1.05 1.12 1.14 1.06 1.13 1.14 
1.11 1.1 1.08 1.1 1.12 1.08 1.14 1.1 1.13 1.12 1.1 1.08 1.09 1.05 1.08 1.11 1.1 1.06 1.14 1.14 
1.06 1.14 1.05 1.12 1.13 1.11 1.13 1.14 1.09 1.13 1.13 1.07 1.12 1.09 1.13 1.08 1.09 1.12 1.1 1.13 
1.05 1.09 1.1 1.1 1.1 1.09 1.08 1.06 1.08 1.1 1.05 1.07 1.09 1.11 1.14 1.08 1.12 1.11 1.11 1.09 
1.12 1.09 1.08 1.13 1.12 1.1 1.05 1.14 1.14 1.05 1.08 1.07 1.05 1.14 1.14 1.11 1.12 1.05 1.09 1.11 
1.08 1.09 1.07 1.09 1.14 1.12 1.07 1.05 1.14 1.06 1.11 1.1 1.13 1.08 1.08 1.11 1.07 1.1 1.12 1.11 
1.06 1.07 1.13 1.06 1.09 1.13 1.13 1.05 1.13 1.13 1.11 1.14 1.14 1.09 1.1 1.07 1.12 1.09 1.07 1.14 
1.06 1.11 1.06 1.1 1.06 1.12 1.06 1.08 1.14 1.13 1.12 1.07 1.07 1.14 1.06 1.06 1.12 1.1 1.09 1.05 
1.05 1.11 1.12 1.08 1.11 1.11 1.06 1.14 1.1 1.1 1.14 1.08 1.08 1.1 1.06 1.1 1.12 1.13 1.13 1.11 
1.12 1.12 1.14 1.09 1.11 1.08 1.12 1.12 1.11 1.07 1.08 1.11 1.1 1.05 1.12 1.07 1.1 1.11 1.13 1.13 
1.06 1.05 1.11 1.08 1.11 1.09 1.13 1.05 1.06 1.13 1.13 1.12 1.05 1.13 1.14 1.07 1.06 1.11 1.07 1.06 
1.06 1.1 1.05 1.06 1.13 1.14 1.08 1.09 1.07 1.11 1.07 1.05 1.13 1.08 1.11 1.07 1.08 1.09 1.14 1.12 
1.05 1.06 1.06 1.08 1.06 1.06 1.1 1.05 1.13 1.05 1.13 1.05 1.06 1.13 1.06 1.1 1.09 1.05 1.13 1.11 
1.07 1.14 1.1 1.06 1.14 1.14 1.07 1.14 1.09 1.06 1.05 1.12 1.05 1.08 1.06 1.11 1.05 1.14 1.07 1.1 
1.08 1.07 1.1 1.08 1.1 1.06 1.07 1.1 1.13 1.06 1.08 1.1 1.05 1.06 1.11 1.09 1.05 1.13 1.09 1.08 
1.14 1.11 1.12 1.13 1.08 1.06 1.12 1.1 1.13 1.06 1.07 1.07 1.11 1.11 1.07 1.06 1.14 1.07 1.06 1.05 
1.11 1.12 1.08 1.12 1.1 1.09 1.07 1.09 1.09 1.11 1.12 1.08 1.07 1.12 1.1 1.06 1.1 1.08 1.13 1.13 
1.05 1.11 1.12 1.08 1.13 1.08 1.05 1.1 1.05 1.11 1.14 1.12 1.08 1.07 1.12 1.11 1.08 1.05 1.07 1.09 
1.07 1.1 1.07 1.12 1.12 1.08 1.08 1.11 1.1 1.08 1.09 1.07 1.05 1.1 1.07 1.05 1.07 1.05 1.08 1.11 
1.11 1.06 1.06 1.1 1.14 1.07 1.05 1.12 1.13 1.07 1.07 1.12 1.07 1.06 1.14 1.11 1.11 1.07 1.12 1.09 
1.12 1.14 1.06 1.07 1.06 1.09 1.14 1.05 1.13 1.05 1.14 1.12 1.07 1.08 1.14 1.1 1.08 1.1 1.1 1.07 
1.14 1.09 1.11 1.09 1.13 1.05 1.09 1.08 1.12 1.05 1.12 1.14 1.06 1.12 1.14 1.08 1.06 1.12 1.06 1.14 
1.1 1.09 1.07 1.06 1.08 1.11 1.12 1.11 1.09 1.06 1.08 1.11 1.1 1.13 1.12 1.09 1.1 1.05 1.13 1.1 
1.11 1.14 1.12 1.09 1.12 1.14 1.05 1.05 1.06 1.1 1.11 1.13 1.09 1.13 1.06 1.14 1.14 1.07 1.08 1.13 
1.07 1.13 1.05 1.11 1.09 1.14 1.14 1.13 1.13 1.08 1.08 1.14 1.06 1.12 1.14 1.07 1.13 1.12 1.14 1.12 
1.07 1.05 1.09 1.11 1.06 1.12 1.09 1.08 1.12 1.11 1.09 1.09 1.09 1.1 1.09 1.1 1.06 1.1 1.13 1.08 
1.14 1.14 1.08 1.14 1.07 1.14 1.13 1.12 1.09 1.11 1.14 1.08 1.07 1.11 1.07 1.05 1.12 1.11 1.12 1.07 
1.11 1.14 1.08 1.1 1.11 1.13 1.13 1.07 1.1 1.09 1.12 1.14 1.08 1.06 1.1 1.08 1.06 1.1 1.1 1.11 
1.12 1.11 1.07 1.07 1.05 1.08 1.11 1.06 1.13 1.06 1.12 1.08 1.13 1.08 1.11 1.09 1.08 1.05 1.13 1.09 
1.13 1.11 1.08 1.06 1.06 1.12 1.09 1.09 1.09 1.07 1.13 1.08 1.12 1.06 1.09 1.09 1.08 1.12 1.07 1.06 
1.08 1.1 1.1 1.1 1.1 1.08 1.08 1.05 1.09 1.07 1.13 1.13 1.14 1.06 1.07 1.11 1.13 1.13 1.09 1.05 
1.05 1.11 1.14 1.1 1.06 1.14 1.05 1.13 1.06 1.13 1.06 1.14 1.12 1.09 1.14 1.08 1.05 1.08 1.07 1.05 
1.1 1.13 1.12 1.09 1.08 1.09 1.13 1.12 1.05 1.12 1.12 1.07 1.05 1.13 1.09 1.09 1.11 1.13 1.05 1.06 
1.12 1.13 1.1 1.1 1.05 1.07 1.12 1.1 1.05 1.14 1.12 1.08 1.14 1.09 1.08 1.08 1.05 1.13 1.14 1.14 
1.06 1.08 1.08 1.1 1.14 1.11 1.11 1.06 1.07 1.09 1.13 1.1 1.09 1.05 1.11 1.09 1.08 1.08 1.11 1.09 
1.13 1.06 1.06 1.12 1.1 1.12 1.12 1.06 1.12 1.06 1.06 1.1 1.09 1.08 1.09 1.13 1.08 1.07 1.07 1.12 
1.07 1.08 1.06 1.05 1.05 1.11 1.08 1.05 1.07 1.08 1.07 1.11 1.14 1.12 1.08 1.1 1.12 1.07 1.12 1.08 
1.14 1.13 1.14 1.11 1.11 1.08 1.08 1.11 1.05 1.13 1.13 1.1 1.1 1.12 1.1 1.14 1.11 1.11 1.06 1.09 
1.09 1.08 1.14 1.05 1.1 1.14 1.12 1.1 1.11 1.1 1.1 1.08 1.09 1.06 1.07 1.09 1.11 1.11 1.14 1.09 
1.12 1.08 1.05 1.09 1.1 1.09 1.07 1.14 1.11 1.09 1.07 1.1 1.09 1.06 1.06 1.09 1.09 1.07 1.06 1.14 
1.14 1.08 1.05 1.14 1.13 1.13 1.13 1.13 1.11 1.13 1.07 1.11 1.1 1.12 1.07 1.07 1.14 1.14 1.08 1.07 
1.1 1.07 1.13 1.07 1.06 1.13 1.1 1.08 1.08 1.11 1.13 1.07 1.13 1.07 1.07 1.08 1.07 1.1 1.1 1.12 
1.06 1.11 1.13 1.1 1.13 1.06 1.08 1.13 1.1 1.07 1.08 1.1 1.09 1.13 1.13 1.13 1.08 1.14 1.09 1.07 
1.1 1.07 1.11 1.1 1.08 1.09 1.07 1.11 1.1 1.07 1.13 1.07 1.05 1.13 1.1 1.08 1.14 1.09 1.14 1.09 
1.13 1.1 1.13 1.08 1.06 1.11 1.09 1.12 1.05 1.11 1.13 1.12 1.11 1.1 1.1 1.13 1.06 1.12 1.09 1.13 
1.05 1.05 1.14 1.11 1.08 1.12 1.09 1.06 1.06 1.13 1.13 1.07 1.06 1.13 1.11 1.06 1.08 1.05 1.07 1.11 
1.09 1.14 1.06 1.12 1.08 1.1 1.13 1.08 1.08 1.12 1.11 1.07 1.12 1.06 1.09 1.05 1.07 1.08 1.05 1.08 
1.07 1.1 1.1 1.08 1.07 1.08 1.12 1.05 1.11 1.09 1.05 1.08 1.12 1.07 1.06 1.13 1.12 1.07 1.12 1.14 
1.09 1.11 1.06 1.06 1.09 1.09 1.09 1.1 1.11 1.06 1.13 1.07 1.12 1.12 1.08 1.07 1.09 1.06 1.06 1.13 
1.1 1.1 1.14 1.07 1.06 1.12 1.06 1.14 1.05 1.05 1.12 1.11 1.08 1.09 1.08 1.12 1.06 1.07 1.14 1.13 
1.07 1.1 1.08 1.06 1.12 1.07 1.09 1.05 1.13 1.06 1.1 1.14 1.1 1.08 1.12 1.09 1.11 1.08 1.1 1.11 
1.06 1.14 1.11 1.14 1.09 1.08 1.07 1.13 1.14 1.1 1.1 1.07 1.08 1.07 1.13 1.11 1.11 1.12 1.07 1.09 
1.07 1.14 1.07 1.05 1.05 1.13 1.09 1.11 1.07 1.09 1.1 1.05 1.12 1.05 1.11 1.12 1.12 1.13 1.05 1.13 
1.07 1.11 1.1 1.14 1.08 1.13 1.07 1.09 1.08 1.12 1.05 1.05 1.09 1.13 1.07 1.12 1.06 1.05 1.06 1.05 
1.14 1.06 1.09 1.11 1.13 1.1 1.07 1.06 1.08 1.06 1.07 1.12 1.13 1.07 1.13 1.07 1.07 1.11 1.09 1.14 
1.14 1.13 1.09 1.05 1.12 1.11 1.1 1.08 1.12 1.06 1.14 1.09 1.07 1.09 1.1 1.12 1.09 1.1 1.11 1.07 
1.06 1.1 1.06 1.05 1.14 1.13 1.11 1.05 1.13 1.11 1.12 1.11 1.11 1.14 1.13 1.11 1.12 1.14 1.07 1.12 
1.09 1.07 1.13 1.06 1.13 1.11 1.05 1.11 1.11 1.05 1.11 1.14 1.08 1.12 1.06 1.05 1.09 1.06 1.14 1.09 
1.08 1.07 1.1 1.06 1.08 1.09 1.11 1.06 1.13 1.14 1.1 1.11 1.12 1.05 1.11 1.14 1.1 1.14 1.12 1.07 
1.07 1.08 1.08 1.12 1.09 1.08 1.09 1.09 1.1 1.06 1.14 1.08 1.12 1.11 1.09 1.1 1.11 1.1 1.06 1.1 
1.09 1.09 1.09 1.14 1.06 1.06 1.05 1.12 1.13 1.07 1.1 1.09 1.11 1.09 1.14 1.12 1.06 1.06 1.13 1.09 
1.09 1.06 1.11 1.09 1.11 1.13 1.14 1.06 1.14 1.09 1.07 1.11 1.11 1.05 1.09 1.08 1.05 1.07 1.13 1.06 
1.05 1.12 1.09 1.09 1.05 1.07 1.05 1.06 1.05 1.07 1.07 1.12 1.14 1.08 1.08 1.09 1.05 1.06 1.05 1.13 
1.11 1.1 1.09 1.13 1.07 1.14 1.1 1.08 1.13 1.08 1.09 1.06 1.14 1.1 1.09 1.1 1.06 1.12 1.14 1.13 
1.13 1.13 1.12 1.09 1.14 1.06 1.06 1.14 1.12 1.11 1.08 1.12 1.11 1.14 1.05 1.08 1.14 1.13 1.05 1.08 
1.13 1.09 1.12 1.13 1.13 1.09 1.1 1.05 1.06 1.09 1.12 1.11 1.13 1.05 1.1 1.11 1.12 1.14 1.09 1.11 
1.09 1.1 1.14 1.13 1.12 1.13 1.06 1.13 1.07 1.1 1.06 1.13 1.1 1.1 1.1 1.14 1.12 1.06 1.13 1.05 
1.1 1.14 1.11 1.1 1.05 1.09 1.09 1.11 1.11 1.12 1.09 1.11 1.13 1.14 1.05 1.11 1.1 1.08 1.05 1.12 
1.06 1.1 1.09 1.06 1.13 1.13 1.11 1.05 1.14 1.07 1.07 1.09 1.13 1.1 1.13 1.07 1.05 1.06 1.11 1.07 
1.09 1.08 1.09 1.09 1.11 1.07 1.06 1.06 1.08 1.14 1.09 1.12 1.1 1.1 1.13 1.08 1.05 1.06 1.1 1.14 
1.1 1.12 1.05 1.08 1.05 1.05 1.1 1.09 1.12 1.06 1.05 1.08 1.1 1.12 1.13 1.08 1.05 1.05 1.11 1.05 
1.09 1.09 1.07 1.06 1.1 1.06 1.08 1.1 1.1 1.07 1.11 1.14 1.08 1.11 1.06 1.07 1.13 1.09 1.12 1.1 
1.11 1.11 1.07 1.14 1.13 1.08 1.13 1.07 1.05 1.06 1.12 1.1 1.09 1.07 1.05 1.07 1.1 1.14 1.12 1.11 
1.14 1.09 1.07 1.09 1.11 1.1 1.05 1.08 1.06 1.12 1.05 1.05 1.13 1.09 1.13 1.09 1.09 1.09 1.06 1.09 
1.14 1.06 1.06 1.08 1.09 1.08 1.13 1.08 1.13 1.11 1.14 1.14 1.08 1.1 1.14 1.06 1.08 1.09 1.13 1.14 
1.08 1.08 1.11 1.14 1.06 1.13 1.1 1.12 1.12 1.07 1.14 1.11 1.13 1.06 1.05 1.12 1.1 1.06 1.08 1.1 
1.1 1.1 1.06 1.12 1.07 1.07 1.14 1.06 1.05 1.1 1.11 1.11 1.08 1.09 1.13 1.07 1.07 1.09 1.07 1.06 
1.09 1.14 1.13 1.12 1.11 1.08 1.09 1.12 1.08 1.1 1.07 1.12 1.11 1.11 1.14 1.07 1.13 1.13 1.12 1.06 
1.13 1.14 1.12 1.13 1.09 1.13 1.14 1.07 1.05 1.1 1.1 1.06 1.09 1.12 1.06 1.12 1.06 1.05 1.05 1.05 
1.1 1.11 1.11 1.05 1.11 1.07 1.13 1.12 1.09 1.06 1.06 1.11 1.09 1.05 1.1 1.05 1.09 1.05 1.11 1.11 
1.1 1.14 1.09 1.07 1.06 1.07 1.1 1.06 1.12 1.12 1.07 1.13 1.06 1.11 1.08 1.11 1.07 1.14 1.11 1.13 
1.12 1.14 1.1 1.1 1.11 1.09 1.07 1.08 1.09 1.13 1.14 1.06 1.05 1.06 1.1 1.09 1.05 1.07 1.11 1.09 
1.07 1.05 1.05 1.05 1.05 1.11 1.06 1.07 1.07 1.08 1.09 1.06 1.1 1.06 1.09 1.08 1.13 1.12 1.08 1.05 
1.1 1.09 1.09 1.11 1.06 1.06 1.05 1.14 1.11 1.08 1.13 1.06 1.13 1.12 1.1 1.13 1.14 1.05 1.09 1.11 
1.05 1.13 1.11 1.14 1.06 1.11 1.09 1.09 1.08 1.06 1.06 1.05 1.06 1.13 1.11 1.14 1.14 1.12 1.08 1.13 
1.1 1.11 1.06 1.12 1.06 1.13 1.13 1.08 1.11 1.07 1.13 1.05 1.06 1.05 1.05 1.06 1.05 1.07 1.08 1.14 
1.05 1.05 1.06 1.12 1.05 1.09 1.07 1.11 1.08 1.09 1.13 1.06 1.13 1.06 1.1 1.1 1.08 1.08 1.08 1.07 
1.13 1.13 1.12 1.08 1.11 1.12 1.06 1.1 1.05 1.05 1.09 1.1 1.11 1.09 1.12 1.1 1.12 1.11 1.12 1.11 
1.12 1.08 1.08 1.1 1.09 1.05 1.08 1.09 1.05 1.12 1.05 1.13 1.07 1.13 1.12 1.13 1.09 1.14 1.14 1.11 
1.14 1.13 1.13 1.14 1.12 1.14 1.08 1.11 1.06 1.07 1.07 1.06 1.08 1.07 1.13 1.14 1.12 1.13 1.05 1.05 
1.07 1.06 1.08 1.05 1.07 1.06 1.08 1.08 1.1 1.1 1.12 1.11 1.11 1.05 1.06 1.11 1.1 1.11 1.1 1.06 
1.08 1.05 1.05 1.09 1.13 1.07 1.08 1.07 1.1 1.08 1.09 1.13 1.09 1.06 1.09 1.05 1.09 1.12 1.09 1.11 
1.08 1.14 1.14 1.09 1.05 1.05 1.06 1.06 1.11 1.1 1.06 1.08 1.1 1.14 1.11 1.07 1.13 1.14 1.14 1.08 
1.14 1.14 1.14 1.14 1.12 1.13 1.1 1.14 1.11 1.14 1.07 1.13 1.09 1.07 1.12 1.13 1.11 1.09 1.09 1.1 
1.08 1.06 1.06 1.08 1.14 1.12 1.08 1.11 1.08 1.1 1.1 1.11 1.05 1.13 1.05 1.07 1.05 1.13 1.07 1.06 
1.14 1.09 1.14 1.08 1.13 1.1 1.13 1.08 1.08 1.13 1.07 1.11 1.13 1.14 1.12 1.13 1.06 1.09 1.05 1.1 
1.14 1.13 1.1 1.11 1.12 1.12 1.14 1.09 1.1 1.06 1.1 1.05 1.12 1.09 1.05 1.11 1.1 1.13 1.05 1.05 
1.1 1.1 1.12 1.06 1.14 1.08 1.07 1.11 1.1 1.11 1.12 1.06 1.08 1.09 1.12 1.08 1.07 1.07 1.05 1.07 
1.09 1.14 1.09 1.06 1.11 1.06 1.08 1.09 1.06 1.12 1.06 1.11 1.13 1.14 1.12 1.09 1.11 1.06 1.08 1.12 
1.12 1.1 1.13 1.08 1.05 1.1 1.13 1.09 1.1 1.08 1.11 1.14 1.09 1.11 1.14 1.12 1.12 1.14 1.09 1.05 
1.09 1.12 1.09 1.07 1.12 1.1 1.07 1.06 1.09 1.09 1.13 1.09 1.12 1.06 1.08 1.14 1.13 1.14 1.11 1.1 
1.07 1.14 1.08 1.07 1.09 1.13 1.1 1.1 1.13 1.07 1.09 1.1 1.05 1.06 1.12 1.13 1.06 1.13 1.05 1.12 
1.1 1.06 1.1 1.1 1.08 1.07 1.14 1.13 1.12 1.05 1.1 1.06 1.1 1.07 1.1 1.07 1.12 1.07 1.12 1.09 
1.07 1.05 1.14 1.09 1.12 1.08 1.05 1.14 1.13 1.07 1.08 1.08 1.14 1.11 1.14 1.1 1.14 1.08 1.13 1.11 
1.14 1.08 1.09 1.12 1.07 1.13 1.1 1.1 1.1 1.09 1.08 1.05 1.13 1.06 1.14 1.13 1.06 1.13 1.07 1.06 
1.1 1.06 1.13 1.1 1.11 1.09 1.07 1.08 1.09 1.12 1.09 1.13 1.05 1.07 1.08 1.12 1.12 1.12 1.09 1.05 
1.05 1.1 1.1 1.1 1.09 1.09 1.08 1.12 1.11 1.05 1.12 1.07 1.1 1.12 1.05 1.14 1.08 1.12 1.13 1.13 
1.12 1.11 1.05 1.12 1.06 1.11 1.05 1.13 1.07 1.14 1.05 1.05 1.13 1.13 1.07 1.13 1.12 1.08 1.08 1.13 
1.12 1.06 1.07 1.08 1.05 1.13 1.06 1.13 1.1 1.1 1.13 1.1 1.06 1.06 1.08 1.07 1.12 1.07 1.07 1.13 
1.14 1.06 1.1 1.05 1.1 1.06 1.13 1.08 1.07 1.13 1.07 1.07 1.06 1.12 1.07 1.14 1.14 1.12 1.1 1.07 
1.06 1.09 1.05 1.07 1.13 1.05 1.1 1.05 1.12 1.06 1.06 1.09 1.11 1.07 1.08 1.1 1.1 1.11 1.06 1.14 
1.05 1.12 1.13 1.09 1.11 1.07 1.11 1.07 1.06 1.08 1.06 1.11 1.06 1.13 1.09 1.09 1.07 1.14 1.09 1.12 
1.13 1.11 1.05 1.05 1.14 1.09 1.05 1.13 1.13 1.07 1.12 1.06 1.12 1.11 1.1 1.06 1.06 1.11 1.13 1.09 
1.05 1.09 1.06 1.07 1.12 1.12 1.14 1.14 1.13 1.07 1.1 1.07 1.13 1.12 1.12 1.12 1.07 1.05 1.06 1.13 
1.11 1.05 1.08 1.13 1.1 1.06 1.13 1.05 1.1 1.08 1.14 1.13 1.05 1.1 1.12 1.09 1.05 1.09 1.12 1.13 
1.08 1.11 1.09 1.11 1.14 1.08 1.11 1.05 1.11 1.09 1.14 1.08 1.08 1.13 1.11 1.06 1.1 1.11 1.1 1.09 
1.09 1.09 1.07 1.05 1.05 1.07 1.07 1.12 1.12 1.08 1.08 1.12 1.07 1.12 1.08 1.11 1.14 1.14 1.05 1.05 
1.09 1.05 1.11 1.09 1.09 1.12 1.11 1.05 1.09 1.13 1.07 1.11 1.1 1.14 1.06 1.06 1.06 1.12 1.13 1.11 
1.09 1.08 1.08 1.06 1.1 1.11 1.11 1.06 1.08 1.08 1.12 1.13 1.05 1.05 1.07 1.13 1.09 1.06 1.06 1.07 
1.06 1.08 1.07 1.08 1.09 1.08 1.13 1.12 1.13 1.13 1.12 1.12 1.11 1.06 1.1 1.12 1.11 1.11 1.07 1.05 
1.09 1.09 1.06 1.09 1.08 1.11 1.09 1.11 1.07 1.07 1.12 1.08 1.09 1.05 1.11 1.06 1.13 1.08 1.09 1.13 
1.09 1.14 1.09 1.05 1.11 1.1 1.07 1.13 1.12 1.1 1.09 1.13 1.1 1.11 1.14 1.12 1.07 1.12 1.09 1.08 
1.11 1.11 1.1 1.06 1.14 1.09 1.05 1.08 1.13 1.06 1.14 1.1 1.08 1.1 1.06 1.11 1.05 1.14 1.07 1.12 
1.12 1.07 1.11 1.05 1.07 1.14 1.11 1.1 1.06 1.12 1.11 1.13 1.05 1.14 1.07 1.14 1.09 1.08 1.07 1.05 
1.11 1.1 1.06 1.14 1.1 1.11 1.08 1.14 1.06 1.08 1.13 1.13 1.1 1.05 1.13 1.06 1.08 1.12 1.1 1.08 
1.12 1.1 1.06 1.07 1.06 1.14 1.05 1.09 1.08 1.08 1.13 1.06 1.14 1.09 1.12 1.05 1.12 1.1 1.09 1.13 
1.13 1.08 1.11 1.05 1.13 1.13 1.11 1.1 1.1 1.06 1.1 1.08 1.11 1.09 1.14 1.11 1.07 1.05 1.12 1.05 
1.09 1.14 1.13 1.06 1.09 1.14 1.07 1.09 1.09 1.14 1.13 1.05 1.14 1.09 1.09 1.09 1.14 1.06 1.06 1.06 
1.14 1.06 1.14 1.07 1.1 1.07 1.13 1.12 1.13 1.05 1.08 1.1 1.05 1.13 1.06 1.07 1.08 1.11 1.08 1.05 
1.05 1.11 1.05 1.11 1.06 1.1 1.08 1.06 1.13 1.1 1.11 1.11 1.09 1.07 1.05 1.06 1.1 1.09 1.14 1.08 
1.12 1.09 1.05 1.09 1.05 1.05 1.09 1.1 1.05 1.11 1.07 1.07 1.11 1.13 1.13 1.06 1.1 1.09 1.08 1.12 
1.14 1.14 1.12 1.12 1.05 1.06 1.06 1.06 1.11 1.12 1.08 1.14 1.1 1.09 1.1 1.11 1.08 1.09 1.12 1.11 
1.09 1.06 1.12 1.14 1.06 1.14 1.07 1.05 1.12 1.07 1.05 1.09 1.07 1.12 1.13 1.08 1.06 1.09 1.12 1.08 
1.12 1.09 1.13 1.09 1.13 1.05 1.08 1.1 1.08 1.09 1.13 1.07 1.07 1.08 1.07 1.05 1.06 1.08 1.06 1.07 
1.06 1.14 1.08 1.09 1.12 1.06 1.08 1.1 1.1 1.05 1.05 1.06 1.06 1.09 1.05 1.06 1.07 1.13 1.09 1.07 
1.12 1.05 1.14 1.1 1.14 1.11 1.1 1.09 1.06 1.14 1.06 1.14 1.13 1.08 1.07 1.1 1.1 1.1 1.13 1.07 
1.11 1.13 1.09 1.09 1.07 1.14 1.1 1.08 1.14 1.05 1.13 1.08 1.08 1.05 1.14 1.11 1.13 1.13 1.05 1.05 
1.11 1.08 1.13 1.09 1.06 1.09 1.1 1.05 1.14 1.14 1.11 1.11 1.07 1.1 1.1 1.06 1.1 1.11 1.14 1.08 
1.06 1.07 1.13 1.13 1.11 1.13 1.14 1.05 1.14 1.1 1.14 1.08 1.05 1.07 1.14 1.07 1.1 1.1 1.08 1.12 
1.08 1.14 1.09 1.13 1.08 1.11 1.09 1.08 1.09 1.08 1.12 1.11 1.11 1.05 1.13 1.14 1.12 1.09 1.14 1.07 
1.07 1.1 1.09 1.13 1.12 1.05 1.14 1.05 1.12 1.13 1.07 1.1 1.12 1.08 1.13 1.05 1.14 1.1 1.05 1.08 
1.05 1.13 1.13 1.05 1.11 1.14 1.11 1.07 1.09 1.11 1.14 1.12 1.07 1.08 1.12 1.06 1.05 1.05 1.13 1.08 
1.14 1.11 1.12 1.14 1.08 1.12 1.09 1.13 1.05 1.06 1.1 1.09 1.09 1.08 1.07 1.09 1.13 1.08 1.14 1.07 
1.07 1.14 1.08 1.14 1.11 1.14 1.08 1.12 1.09 1.09 1.09 1.11 1.1 1.06 1.11 1.09 1.11 1.09 1.12 1.08 
1.12 1.13 1.12 1.12 1.05 1.05 1.08 1.06 1.08 1.13 1.12 1.1 1.12 1.06 1.05 1.14 1.07 1.11 1.06 1.12 
1.05 1.05 1.08 1.07 1.05 1.09 1.06 1.14 1.05 1.13 1.1 1.13 1.14 1.07 1.07 1.14 1.06 1.06 1.05 1.11 
1.09 1.11 1.12 1.11 1.07 1.14 1.09 1.08 1.08 1.06 1.13 1.07 1.12 1.08 1.08 1.14 1.08 1.08 1.06 1.1 
1.14 1.13 1.11 1.1 1.08 1.12 1.07 1.08 1.06 1.11 1.06 1.13 1.08 1.1 1.06 1.09 1.05 1.13 1.1 1.11 
1.09 1.05 1.13 1.1 1.06 1.08 1.07 1.05 1.13 1.07 1.05 1.1 1.07 1.1 1.12 1.09 1.06 1.06 1.05 1.08 
1.14 1.14 1.13 1.07 1.07 1.14 1.08 1.14 1.12 1.13 1.13 1.07 1.1 1.06 1.08 1.1 1.13 1.14 1.07 1.08 
1.05 1.13 1.12 1.11 1.11 1.12 1.09 1.09 1.12 1.11 1.12 1.05 1.13 1.14 1.11 1.08 1.07 1.05 1.11 1.1 
1.11 1.08 1.09 1.13 1.08 1.12 1.13 1.06 1.06 1.1 1.06 1.07 1.09 1.05 1.13 1.08 1.14 1.05 1.11 1.1 
1.05 1.05 1.08 1.14 1.06 1.11 1.1 1.13 1.05 1.09 1.11 1.11 1.11 1.05 1.12 1.08 1.1 1.12 1.05 1.08 
1.14 1.09 1.12 1.07 1.07 1.07 1.14 1.07 1.11 1.08 1.06 1.07 1.12 1.1 1.11 1.08 1.07 1.09 1.12 1.05 
1.1 1.1 1.14 1.05 1.08 1.09 1.14 1.08 1.1 1.12 1.07 1.11 1.07 1.05 1.07 1.13 1.13 1.1 1.14 1.13 
1.08 1.1 1.14 1.06 1.07 1.05 1.06 1.12 1.08 1.08 1.06 1.14 1.11 1.11 1.05 1.09 1.09 1.1 1.12 1.12 
1.11 1.13 1.12 1.13 1.1 1.06 1.08 1.12 1.14 1.08 1.13 1.07 1.12 1.07 1.14 1.07 1.07 1.1 1.13 1.11 
1.05 1.06 1.09 1.05 1.14 1.08 1.07 1.11 1.05 1.09 1.06 1.08 1.1 1.05 1.11 1.07 1.08 1.09 1.08 1.09 
1.07 1.05 1.07 1.06 1.12 1.08 1.12 1.12 1.09 1.07 1.12 1.06 1.06 1.05 1.07 1.05 1.07 1.14 1.11 1.12 
1.1 1.06 1.14 1.09 1.13 1.14 1.09 1.09 1.13 1.13 1.07 1.14 1.05 1.09 1.06 1.07 1.1 1.11 1.12 1.13 
1.13 1.1 1.08 1.09 1.07 1.09 1.08 1.07 1.07 1.1 1.07 1.06 1.12 1.07 1.1 1.13 1.1 1.1 1.07 1.12 
1.12 1.12 1.07 1.13 1.13 1.1 1.05 1.06 1.05 1.12 1.11 1.07 1.08 1.13 1.13 1.11 1.13 1.13 1.14 1.08 
1.07 1.05 1.07 1.09 1.06 1.14 1.07 1.05 1.1 1.05 1.08 1.11 1.06 1.05 1.07 1.1 1.05 1.06 1.07 1.08 
1.08 1.11 1.11 1.11 1.05 1.06 1.12 1.11 1.11 1.11 1.05 1.07 1.07 1.08 1.05 1.08 1.09 1.07 1.12 1.12 
1.06 1.09 1.06 1.14 1.07 1.12 1.11 1.08 1.05 1.11 1.1 1.13 1.08 1.12 1.12 1.1 1.06 1.05 1.11 1.06 
1.06 1.13 1.06 1.11 1.09 1.05 1.09 1.1 1.12 1.1 1.12 1.11 1.07 1.1 1.09 1.14 1.09 1.12 1.11 1.06 
1.06 1.07 1.08 1.1 1.11 1.05 1.13 1.12 1.14 1.11 1.06 1.07 1.08 1.06 1.14 1.14 1.08 1.07 1.14 1.09 
1.05 1.07 1.1 1.05 1.07 1.11 1.05 1.09 1.13 1.09 1.08 1.07 1.11 1.1 1.14 1.07 1.11 1.05 1.06 1.06 
