20
200
37 86 8 52 39 75 41 7 54 74 81 23 83 77 49 45 69 62 51 88 34 58 89 43 63 69 75 7 44 100 86 79 100 38 10 60 66 52 93 59 88 35 13 100 3 92 36 17 12 34 62 28 69 21 7 50 79 18 53 44 54 50 92 26 17 24 72 45 44 15 63 89 47 95 24 32 13 94 31 66 33 22 93 1 8 14 94 42 43 54 94 77 86 19 17 46 100 94 63 33 65 12 35 74 34 38 61 36 92 5 93 35 52 64 30 40 37 57 12 34 83 58 82 82 99 57 47 38 74 34 19 65 86 71 12 62 98 76 42 19 13 60 35 12 66 91 59 69 79 22 40 8 68 44 37 94 81 23 20 11 74 26 48 79 53 72 84 72 61 89 85 42 11 15 58 26 50 40 9 71 43 93 77 56 48 90 78 69 80 61 29 44 16 88 61 71 45 75 61 69 
3 2 2 1 1 2 3 3 3 1 1 2 2 1 3 2 2 1 2 3 
1.01 1.02 1.02 1.02 1.01 1.01 1.02 1.03 1.03 1.02 1.04 1.06 1.04 1.02 1.04 1.03 1.01 1.04 1.03 1.02 
1.01 1.01 1.02 1.05 1.02 1.03 1.03 1.03 1.03 1.03 1.06 1.05 1.05 1.04 1.01 1.05 1.02 1.05 1.05 1.03 
1.01 1.01 1.03 1.02 1.03 1.03 1.05 1.06 1.02 1.05 1.03 1.06 1.01 1.02 1.01 1.02 1.04 1.01 1.04 1.05 
1.05 1.03 1.04 1.06 1.01 1.02 1.01 1.02 1.03 1.01 1.03 1.04 1.06 1.04 1.01 1.01 1.04 1.02 1.04 1.01 
1.02 1.06 1.06 1.03 1.02 1.01 1.04 1.04 1.02 1.02 1.04 1.02 1.05 1.01 1.01 1.04 1.02 1.04 1.01 1.03 
1.04 1.03 1.02 1.02 1.02 1.04 1.06 1.04 1.03 1.02 1.03 1.04 1.04 1.03 1.01 1.04 1.04 1.04 1.02 1.06 
1.03 1.03 1.05 1.01 1.04 1.02 1.05 1.03 1.04 1.03 1.05 1.06 1.04 1.02 1.05 1.06 1.02 1.03 1.02 1.05 
1.01 1.06 1.01 1.06 1.02 1.01 1.06 1.05 1.06 1.03 1.01 1.01 1.06 1.05 1.03 1.03 1.05 1.04 1.05 1.02 
1.03 1.03 1.01 1.04 1.02 1.06 1.04 1.05 1.03 1.03 1.04 1.04 1.03 1.06 1.04 1.02 1.03 1.04 1.05 1.05 
1.06 1.06 1.05 1.02 1.05 1.04 1.01 1.06 1.06 1.05 1.05 1.01 1.04 1.03 1.05 1.06 1.01 1.05 1.05 1.01 
1.05 1.06 1.04 1.04 1.01 1.02 1.02 1.05 1.01 1.05 1.04 1.02 1.01 1.05 1.04 1.05 1.04 1.06 1.01 1.05 
1.05 1.03 1.03 1.03 1.04 1.05 1.05 1.06 1.04 1.05 1.05 1.06 1.05 1.06 1.02 1.06 1.04 1.01 1.04 1.04 
1.03 1.05 1.04 1.01 1.05 1.06 1.05 1.01 1.01 1.05 1.01 1.06 1.03 1.05 1.04 1.05 1.05 1.04 1.06 1.02 
1.01 1.01 1.04 1.04 1.04 1.03 1.02 1.05 1.03 1.06 1.04 1.03 1.02 1.04 1.01 1.03 1.03 1.03 1.06 1.03 
1.02 1.03 1.06 1.02 1.05 1.01 1.01 1.02 1.06 1.06 1.05 1.01 1.02 1.05 1.04 1.01 1.02 1.03 1.03 1.02 
1.06 1.03 1.02 1.01 1.06 1.03 1.05 1.05 1.04 1.05 1.05 1.06 1.03 1.03 1.05 1.01 1.04 1.04 1.04 1.01 
1.06 1.03 1.06 1.03 1.02 1.04 1.04 1.06 1.02 1.01 1.02 1.05 1.05 1.03 1.01 1.04 1.04 1.01 1.04 1.02 
1.06 1.06 1.05 1.05 1.01 1.01 1.04 1.04 1.06 1.05 1.05 1.03 1.05 1.01 1.03 1.01 1.04 1.01 1.04 1.05 
1.05 1.01 1.05 1.02 1.03 1.04 1.05 1.04 1.01 1.05 1.02 1.05 1.06 1.04 1.01 1.01 1.01 1.06 1.03 1.06 
1.05 1.02 1.05 1.01 1.04 1.02 1.03 1.04 1.06 1.04 1.02 1.03 1.01 1.05 1.02 1.01 1.05 1.06 1.01 1.06 
1.05 1.04 1.02 1.01 1.03 1.01 1.03 1.05 1.06 1.02 1.02 1.05 1.03 1.02 1.06 1.01 1.02 1.05 1.06 1.01 
1.01 1.01 1.01 1.02 1.04 1.05 1.02 1.05 1.06 1.01 1.01 1.05 1.01 1.06 1.05 1.02 1.04 1.05 1.03 1.02 
1.02 1.06 1.04 1.05 1.02 1.04 1.06 1.04 1.01 1.05 1.04 1.05 1.06 1.04 1.02 1.06 1.05 1.05 1.03 1.04 
1.03 1.05 1.03 1.06 1.02 1.02 1.06 1.01 1.03 1.04 1.03 1.05 1.01 1.06 1.03 1.05 1.04 1.01 1.05 1.02 
1.02 1.02 1.04 1.01 1.01 1.01 1.03 1.06 1.01 1.05 1.03 1.02 1.06 1.06 1.04 1.04 1.04 1.04 1.03 1.03 
1.04 1.04 1.01 1.02 1.02 1.05 1.05 1.05 1.03 1.04 1.02 1.02 1.02 1.05 1.04 1.04 1.01 1.01 1.02 1.05 
1.05 1.05 1.01 1.05 1.01 1.04 1.02 1.03 1.02 1.06 1.06 1.05 1.06 1.01 1.01 1.04 1.06 1.05 1.05 1.02 
1.01 1.05 1.01 1.02 1.01 1.02 1.06 1.06 1.01 1.03 1.06 1.05 1.04 1.05 1.01 1.05 1.05 1.06 1.06 1.03 
1.02 1.04 1.02 1.02 1.06 1.06 1.03 1.04 1.04 1.05 1.03 1.05 1.02 1.03 1.02 1.06 1.05 1.03 1.05 1.02 
1.01 1.01 1.05 1.06 1.04 1.01 1.05 1.01 1.01 1.06 1.04 1.06 1.01 1.06 1.05 1.05 1.06 1.01 1.01 1.01 
1.06 1.03 1.02 1.05 1.01 1.02 1.03 1.04 1.05 1.02 1.06 1.04 1.04 1.02 1.03 1.01 1.05 1.06 1.06 1.01 
1.01 1.03 1.04 1.03 1.06 1.02 1.03 1.01 1.03 1.01 1.03 1.02 1.04 1.04 1.06 1.01 1.03 1.06 1.06 1.01 
1.04 1.05 1.03 1.04 1.06 1.04 1.04 1.06 1.04 1.02 1.01 1.06 1.02 1.02 1.05 1.06 1.01 1.02 1.01 1.05 
1.06 1.05 1.03 1.02 1.06 1.04 1.05 1.02 1.01 1.01 1.04 1.01 1.01 1.06 1.02 1.03 1.06 1.01 1.05 1.04 
1.04 1.05 1.05 1.01 1.05 1.01 1.03 1.05 1.05 1.02 1.03 1.01 1.01 1.01 1.05 1.02 1.04 1.03 1.06 1.03 
1.01 1.05 1.04 1.03 1.06 1.02 1.03 1.06 1.03 1.03 1.04 1.06 1.01 1.03 1.02 1.03 1.04 1.02 1.04 1.04 
1.04 1.04 1.04 1.06 1.03 1.03 1.03 1.02 1.02 1.05 1.03 1.01 1.03 1.06 1.05 1.04 1.04 1.03 1.04 1.03 
1.05 1.04 1.03 1.05 1.04 1.06 1.06 1.05 1.02 1.02 1.05 1.02 1.01 1.05 1.02 1.06 1.05 1.02 1.02 1.01 
1.06 1.06 1.01 1.06 1.04 1.04 1.03 1.02 1.04 1.06 1.04 1.06 1.05 1.04 1.03 1.04 1.06 1.02 1.01 1.04 
1.06 1.02 1.06 1.03 1.05 1.05 1.01 1.03 1.01 1.05 1.01 1.05 1.04 1.06 1.04 1.03 1.05 1.03 1.02 1.01 
1.04 1.04 1.06 1.06 1.01 1.04 1.05 1.02 1.03 1.05 1.01 1.01 1.02 1.04 1.05 1.02 1.06 1.04 1.02 1.04 
1.06 1.02 1.01 1.01 1.04 1.03 1.06 1.01 1.06 1.04 1.03 1.01 1.03 1.01 1.04 1.03 1.06 1.06 1.03 1.04 
1.03 1.06 1.05 1.03 1.03 1.01 1.03 1.05 1.05 1.02 1.01 1.02 1.01 1.02 1.02 1.05 1.05 1.04 1.02 1.05 
1.06 1.05 1.02 1.04 1.01 1.03 1.02 1.06 1.01 1.01 1.03 1.06 1.01 1.05 1.05 1.02 1.04 1.01 1.05 1.03 
1.01 1.01 1.06 1.03 1.02 1.05 1.06 1.06 1.04 1.03 1.04 1.02 1.04 1.03 1.03 1.03 1.01 1.03 1.01 1.06 
1.04 1.02 1.02 1.05 1.01 1.06 1.01 1.03 1.05 1.02 1.03 1.03 1.04 1.05 1.04 1.04 1.05 1.05 1.04 1.03 
1.02 1.04 1.02 1.05 1.05 1.01 1.03 1.03 1.03 1.06 1.05 1.06 1.04 1.03 1.06 1.03 1.03 1.03 1.03 1.04 
1.06 1.04 1.05 1.02 1.01 1.06 1.02 1.01 1.01 1.04 1.05 1.04 1.01 1.03 1.01 1.01 1.03 1.02 1.06 1.01 
1.06 1.02 1.06 1.05 1.06 1.06 1.01 1.06 1.03 1.04 1.06 1.01 1.04 1.05 1.01 1.01 1.01 1.03 1.01 1.03 
1.03 1.04 1.02 1.04 1.04 1.04 1.03 1.02 1.04 1.01 1.05 1.05 1.01 1.04 1.01 1.04 1.06 1.02 1.05 1.01 
1.04 1.01 1.05 1.03 1.04 1.05 1.03 1.03 1.06 1.06 1.01 1.02 1.04 1.05 1.01 1.01 1.01 1.05 1.04 1.01 
1.05 1.02 1.02 1.06 1.04 1.06 1.06 1.06 1.05 1.02 1.05 1.03 1.06 1.02 1.04 1.05 1.05 1.02 1.03 1.03 
1.01 1.03 1.06 1.03 1.01 1.02 1.06 1.05 1.02 1.06 1.05 1.04 1.03 1.04 1.01 1.03 1.06 1.04 1.05 1.05 
1.02 1.04 1.04 1.04 1.06 1.03 1.03 1.03 1.03 1.03 1.05 1.05 1.04 1.06 1.06 1.05 1.06 1.05 1.05 1.01 
1.03 1.03 1.05 1.03 1.03 1.06 1.05 1.01 1.02 1.06 1.05 1.04 1.03 1.03 1.02 1.06 1.05 1.04 1.04 1.05 
1.06 1.04 1.04 1.06 1.02 1.05 1.05 1.06 1.03 1.01 1.06 1.03 1.01 1.05 1.02 1.01 1.01 1.04 1.06 1.01 
1.01 1.04 1.05 1.05 1.05 1.05 1.03 1.04 1.06 1.02 1.04 1.02 1.06 1.04 1.01 1.01 1.04 1.06 1.04 1.06 
1.03 1.03 1.05 1.03 1.02 1.06 1.06 1.05 1.02 1.01 1.02 1.01 1.03 1.06 1.01 1.06 1.02 1.02 1.03 1.04 
1.05 1.01 1.03 1.04 1.05 1.06 1.03 1.05 1.02 1.01 1.05 1.04 1.05 1.05 1.04 1.03 1.04 1.03 1.05 1.01 
1.06 1.01 1.04 1.02 1.04 1.02 1.03 1.02 1.03 1.02 1.05 1.05 1.06 1.06 1.01 1.06 1.03 1.04 1.02 1.05 
1.05 1.02 1.02 1.04 1.05 1.03 1.06 1.02 1.04 1.05 1.01 1.05 1.04 1.02 1.05 1.02 1.03 1.04 1.05 1.06 
1.03 1.01 1.04 1.02 1.03 1.02 1.05 1.01 1.04 1.04 1.02 1.04 1.05 1.05 1.01 1.03 1.04 1.01 1.02 1.02 
1.03 1.01 1.02 1.06 1.01 1.02 1.01 1.03 1.05 1.01 1.05 1.04 1.06 1.03 1.06 1.02 1.02 1.02 1.05 1.06 
1.02 1.01 1.04 1.05 1.05 1.05 1.01 1.02 1.01 1.01 1.04 1.06 1.01 1.04 1.06 1.04 1.05 1.02 1.02 1.04 
1.06 1.01 1.04 1.04 1.01 1.06 1.05 1.04 1.05 1.05 1.04 1.02 1.05 1.06 1.05 1.01 1.02 1.06 1.04 1.06 
1.04 1.04 1.04 1.06 1.01 1.06 1.06 1.06 1.01 1.06 1.06 1.02 1.01 1.02 1.03 1.01 1.06 1.02 1.05 1.01 
1.04 1.01 1.01 1.04 1.03 1.01 1.02 1.05 1.06 1.06 1.06 1.06 1.01 1.04 1.03 1.05 1.03 1.02 1.01 1.04 
1.01 1.01 1.01 1.06 1.01 1.06 1.02 1.03 1.06 1.04 1.05 1.02 1.01 1.01 1.05 1.03 1.06 1.01 1.05 1.05 
1.04 1.03 1.05 1.05 1.01 1.02 1.05 1.02 1.02 1.05 1.06 1.04 1.02 1.06 1.06 1.03 1.06 1.01 1.03 1.01 
1.06 1.02 1.05 1.05 1.06 1.05 1.02 1.03 1.06 1.02 1.04 1.06 1.01 1.03 1.05 1.04 1.02 1.04 1.02 1.04 
1.03 1.05 1.05 1.04 1.05 1.01 1.06 1.05 1.03 1.05 1.01 1.02 1.02 1.04 1.03 1.05 1.06 1.04 1.04 1.05 
1.06 1.02 1.01 1.03 1.03 1.05 1.01 1.06 1.04 1.01 1.01 1.04 1.04 1.03 1.05 1.04 1.06 1.06 1.03 1.02 
1.03 1.06 1.02 1.05 1.01 1.02 1.06 1.04 1.06 1.06 1.01 1.04 1.05 1.01 1.04 1.01 1.03 1.04 1.02 1.03 
1.03 1.03 1.04 1.03 1.04 1.03 1.04 1.03 1.04 1.01 1.03 1.05 1.02 1.03 1.04 1.05 1.02 1.04 1.04 1.02 
1.03 1.02 1.05 1.01 1.05 1.05 1.02 1.03 1.02 1.02 1.03 1.02 1.06 1.04 1.01 1.04 1.04 1.05 1.04 1.02 
1.06 1.02 1.02 1.06 1.01 1.04 1.02 1.01 1.05 1.04 1.02 1.06 1.01 1.03 1.04 1.03 1.01 1.02 1.02 1.01 
1.02 1.06 1.02 1.02 1.01 1.01 1.01 1.05 1.03 1.01 1.02 1.03 1.06 1.03 1.03 1.06 1.03 1.04 1.06 1.04 
1.05 1.06 1.04 1.05 1.06 1.05 1.02 1.03 1.06 1.04 1.05 1.06 1.05 1.02 1.05 1.04 1.01 1.06 1.04 1.01 
1.01 1.06 1.06 1.01 1.01 1.06 1.03 1.06 1.02 1.05 1.06 1.02 1.05 1.03 1.02 1.05 1.03 1.01 1.04 1.02 
1.04 1.02 1.02 1.04 1.02 1.02 1.05 1.01 1.05 1.02 1.03 1.01 1.02 1.02 1.06 1.02 1.06 1.02 1.02 1.01 
1.04 1.02 1.01 1.02 1.03 1.03 1.05 1.04 1.05 1.01 1.03 1.01 1.02 1.02 1.01 1.06 1.02 1.02 1.02 1.04 
1.06 1.02 1.02 1.06 1.03 1.02 1.06 1.02 1.05 1.05 1.06 1.02 1.02 1.05 1.06 1.06 1.04 1.06 1.03 1.01 
1.04 1.04 1.05 1.01 1.02 1.05 1.04 1.02 1.06 1.02 1.02 1.06 1.02 1.06 1.03 1.03 1.01 1.06 1.05 1.06 
1.06 1.01 1.05 1.01 1.05 1.01 1.05 1.04 1.01 1.06 1.03 1.06 1.01 1.06 1.04 1.02 1.03 1.04 1.03 1.05 
1.05 1.04 1.04 1.06 1.03 1.03 1.05 1.03 1.06 1.05 1.02 1.05 1.06 1.06 1.06 1.03 1.06 1.04 1.02 1.05 
1.02 1.01 1.05 1.02 1.01 1.04 1.03 1.01 1.04 1.03 1.05 1.02 1.03 1.06 1.02 1.02 1.03 1.02 1.04 1.01 
1.05 1.01 1.05 1.05 1.02 1.06 1.01 1.06 1.01 1.03 1.01 1.06 1.03 1.01 1.05 1.06 1.02 1.03 1.02 1.03 
1.03 1.02 1.05 1.02 1.06 1.05 1.01 1.05 1.04 1.04 1.03 1.03 1.01 1.04 1.06 1.01 1.03 1.03 1.06 1.01 
1.04 1.02 1.04 1.01 1.03 1.06 1.06 1.05 1.01 1.05 1.05 1.05 1.03 1.06 1.05 1.04 1.05 1.05 1.03 1.05 
1.04 1.06 1.02 1.04 1.02 1.05 1.03 1.05 1.02 1.05 1.02 1.02 1.03 1.04 1.06 1.04 1.05 1.02 1.02 1.02 
1.01 1.02 1.03 1.02 1.05 1.02 1.05 1.04 1.05 1.03 1.06 1.02 1.04 1.04 1.01 1.04 1.03 1.01 1.01 1.05 
1.01 1.06 1.03 1.04 1.04 1.05 1.04 1.04 1.03 1.01 1.03 1.04 1.06 1.01 1.04 1.06 1.01 1.06 1.04 1.05 
1.04 1.02 1.03 1.03 1.03 1.01 1.03 1.01 1.03 1.02 1.04 1.06 1.06 1.01 1.06 1.02 1.01 1.01 1.04 1.01 
1.02 1.02 1.04 1.06 1.03 1.06 1.04 1.04 1.03 1.05 1.06 1.03 1.01 1.02 1.06 1.01 1.06 1.05 1.06 1.04 
1.04 1.05 1.04 1.04 1.04 1.02 1.04 1.04 1.06 1.06 1.04 1.02 1.01 1.03 1.06 1.02 1.03 1.04 1.02 1.04 
1.04 1.05 1.03 1.04 1.05 1.01 1.05 1.04 1.03 1.02 1.02 1.06 1.06 1.02 1.04 1.03 1.02 1.05 1.06 1.03 
1.01 1.04 1.05 1.02 1.03 1.03 1.06 1.05 1.02 1.01 1.06 1.05 1.05 1.06 1.01 1.03 1.04 1.04 1.01 1.03 
1.03 1.02 1.06 1.05 1.02 1.01 1.01 1.05 1.06 1.06 1.04 1.01 1.04 1.06 1.05 1.02 1.04 1.01 1.03 1.06 
1.04 1.06 1.03 1.03 1.03 1.02 1.01 1.05 1.03 1.04 1.03 1.04 1.04 1.03 1.02 1.01 1.03 1.02 1.03 1.01 
1.05 1.03 1.04 1.05 1.03 1.05 1.02 1.05 1.06 1.04 1.04 1.06 1.04 1.05 1.01 1.01 1.03 1.03 1.02 1.06 
1.03 1.05 1.04 1.06 1.03 1.03 1.02 1.05 1.06 1.05 1.06 1.03 1.04 1.04 1.02 1.01 1.06 1.05 1.03 1.06 
1.02 1.03 1.02 1.06 1.05 1.02 1.04 1.02 1.05 1.05 1.06 1.02 1.06 1.02 1.04 1.05 1.01 1.06 1.01 1.01 
1.04 1.06 1.03 1.06 1.01 1.05 1.06 1.02 1.03 1.05 1.06 1.04 1.05 1.06 1.06 1.05 1.04 1.06 1.05 1.05 
1.01 1.06 1.05 1.02 1.04 1.01 1.03 1.06 1.04 1.06 1.05 1.06 1.03 1.05 1.06 1.04 1.03 1.05 1.02 1.01 
1.03 1.03 1.05 1.05 1.06 1.04 1.05 1.06 1.04 1.03 1.02 1.01 1.04 1.05 1.01 1.04 1.02 1.06 1.01 1.02 
1.03 1.01 1.03 1.04 1.03 1.06 1.05 1.04 1.04 1.06 1.02 1.03 1.01 1.03 1.01 1.06 1.01 1.05 1.01 1.06 
1.01 1.02 1.06 1.02 1.01 1.06 1.03 1.05 1.05 1.01 1.04 1.06 1.06 1.02 1.05 1.03 1.05 1.03 1.05 1.05 
1.01 1.03 1.01 1.05 1.03 1.05 1.01 1.05 1.03 1.02 1.04 1.06 1.03 1.05 1.01 1.05 1.04 1.02 1.03 1.03 
1.02 1.04 1.03 1.05 1.04 1.03 1.01 1.04 1.04 1.03 1.06 1.04 1.03 1.04 1.06 1.04 1.06 1.05 1.05 1.04 
1.01 1.05 1.02 1.06 1.05 1.01 1.01 1.04 1.06 1.04 1.01 1.02 1.02 1.01 1.02 1.01 1.06 1.02 1.06 1.04 
1.02 1.06 1.04 1.04 1.02 1.02 1.01 1.06 1.01 1.05 1.01 1.04 1.05 1.01 1.02 1.01 1.02 1.04 1.05 1.04 
1.02 1.02 1.02 1.05 1.03 1.05 1.05 1.01 1.04 1.05 1.06 1.03 1.06 1.04 1.04 1.03 1.01 1.05 1.04 1.02 
1.06 1.02 1.05 1.02 1.01 1.06 1.06 1.02 1.06 1.04 1.03 1.05 1.06 1.06 1.01 1.05 1.01 1.04 1.06 1.06 
1.01 1.02 1.04 1.01 1.05 1.03 1.02 1.02 1.05 1.04 1.04 1.04 1.06 1.06 1.05 1.04 1.06 1.03 1.04 1.02 
1.02 1.03 1.03 1.01 1.03 1.01 1.04 1.04 1.05 1.05 1.06 1.01 1.04 1.02 1.04 1.01 1.01 1.05 1.04 1.01 
1.06 1.03 1.05 1.04 1.03 1.06 1.04 1.02 1.01 1.02 1.03 1.02 1.05 1.01 1.01 1.02 1.02 1.06 1.01 1.02 
1.02 1.05 1.05 1.03 1.05 1.02 1.06 1.03 1.01 1.05 1.01 1.05 1.03 1.03 1.03 1.05 1.02 1.05 1.01 1.01 
1.01 1.04 1.02 1.05 1.03 1.03 1.02 1.05 1.05 1.01 1.01 1.04 1.06 1.04 1.01 1.05 1.05 1.06 1.01 1.02 
1.04 1.04 1.06 1.04 1.05 1.04 1.03 1.02 1.06 1.01 1.06 1.03 1.04 1.05 1.05 1.02 1.01 1.01 1.05 1.06 
1.01 1.05 1.06 1.06 1.06 1.02 1.02 1.04 1.04 1.05 1.01 1.05 1.02 1.06 1.01 1.03 1.02 1.05 1.01 1.02 
1.01 1.02 1.03 1.01 1.06 1.04 1.06 1.05 1.05 1.04 1.02 1.03 1.05 1.02 1.04 1.05 1.01 1.01 1.02 1.01 
1.05 1.03 1.06 1.03 1.04 1.04 1.06 1.05 1.03 1.02 1.05 1.06 1.04 1.05 1.01 1.02 1.03 1.05 1.02 1.03 
1.04 1.06 1.01 1.05 1.03 1.02 1.05 1.04 1.05 1.05 1.06 1.03 1.05 1.06 1.04 1.05 1.02 1.02 1.01 1.03 
1.06 1.01 1.04 1.04 1.02 1.03 1.06 1.03 1.01 1.02 1.01 1.05 1.01 1.04 1.02 1.06 1.01 1.03 1.04 1.06 
1.03 1.03 1.05 1.04 1.02 1.04 1.04 1.03 1.03 1.06 1.03 1.06 1.02 1.04 1.06 1.01 1.03 1.06 1.02 1.05 
1.02 1.05 1.03 1.02 1.02 1.02 1.04 1.05 1.06 1.05 1.06 1.02 1.02 1.04 1.06 1.03 1.01 1.01 1.03 1.02 
1.06 1.04 1.04 1.02 1.04 1.03 1.04 1.06 1.06 1.05 1.06 1.03 1.04 1.04 1.05 1.05 1.02 1.02 1.04 1.03 
1.01 1.06 1.05 1.01 1.04 1.02 1.05 1.03 1.05 1.05 1.05 1.02 1.03 1.06 1.04 1.06 1.04 1.04 1.02 1.06 
1.05 1.06 1.02 1.04 1.05 1.04 1.03 1.01 1.04 1.05 1.02 1.05 1.01 1.06 1.05 1.06 1.03 1.04 1.04 1.01 
1.06 1.04 1.04 1.04 1.01 1.04 1.06 1.05 1.06 1.05 1.06 1.02 1.01 1.05 1.02 1.06 1.01 1.06 1.05 1.01 
1.02 1.05 1.06 1.06 1.04 1.02 1.04 1.01 1.02 1.02 1.06 1.04 1.04 1.05 1.03 1.02 1.06 1.03 1.02 1.04 
1.05 1.05 1.05 1.03 1.01 1.02 1.03 1.02 1.03 1.04 1.02 1.06 1.04 1.05 1.06 1.06 1.04 1.04 1.05 1.03 
1.06 1.02 1.05 1.05 1.05 1.04 1.04 1.03 1.01 1.05 1.03 1.06 1.03 1.04 1.05 1.02 1.03 1.03 1.04 1.04 
1.02 1.03 1.06 1.01 1.06 1.03 1.05 1.02 1.05 1.04 1.03 1.05 1.02 1.04 1.03 1.01 1.05 1.03 1.01 1.06 
1.03 1.05 1.03 1.04 1.02 1.04 1.06 1.04 1.02 1.02 1.03 1.06 1.03 1.03 1.04 1.06 1.04 1.02 1.01 1.05 
1.05 1.04 1.05 1.02 1.01 1.04 1.05 1.05 1.06 1.06 1.01 1.06 1.03 1.02 1.02 1.05 1.06 1.03 1.03 1.02 
1.02 1.01 1.04 1.01 1.06 1.02 1.02 1.02 1.02 1.04 1.02 1.04 1.02 1.04 1.02 1.03 1.05 1.01 1.01 1.02 
1.06 1.01 1.06 1.06 1.03 1.02 1.03 1.02 1.02 1.05 1.03 1.04 1.06 1.04 1.01 1.06 1.01 1.06 1.04 1.04 
1.04 1.01 1.05 1.05 1.02 1.02 1.05 1.03 1.06 1.05 1.02 1.04 1.03 1.06 1.02 1.02 1.01 1.03 1.04 1.04 
1.06 1.02 1.03 1.01 1.05 1.04 1.02 1.03 1.01 1.03 1.01 1.01 1.02 1.03 1.01 1.06 1.01 1.04 1.05 1.03 
1.05 1.05 1.06 1.02 1.05 1.01 1.02 1.01 1.05 1.03 1.06 1.05 1.05 1.06 1.03 1.06 1.04 1.03 1.02 1.06 
1.01 1.04 1.01 1.04 1.06 1.04 1.06 1.03 1.01 1.06 1.05 1.06 1.03 1.02 1.03 1.03 1.02 1.03 1.01 1.06 
1.03 1.06 1.01 1.02 1.02 1.04 1.03 1.04 1.01 1.04 1.06 1.06 1.02 1.03 1.02 1.05 1.02 1.01 1.02 1.06 
1.05 1.02 1.06 1.06 1.06 1.02 1.04 1.02 1.06 1.03 1.03 1.02 1.01 1.05 1.05 1.06 1.04 1.02 1.03 1.02 
1.06 1.06 1.02 1.03 1.02 1.01 1.03 1.02 1.02 1.03 1.06 1.02 1.02 1.03 1.06 1.02 1.03 1.03 1.05 1.06 
1.05 1.03 1.06 1.06 1.06 1.04 1.05 1.04 1.05 1.01 1.03 1.03 1.03 1.06 1.06 1.02 1.01 1.01 1.06 1.04 
1.04 1.04 1.06 1.01 1.01 1.01 1.05 1.06 1.03 1.03 1.02 1.01 1.02 1.06 1.02 1.05 1.01 1.02 1.03 1.01 
1.05 1.06 1.04 1.06 1.02 1.01 1.05 1.02 1.03 1.01 1.05 1.01 1.01 1.03 1.06 1.02 1.04 1.04 1.01 1.04 
1.04 1.04 1.04 1.02 1.02 1.02 1.05 1.06 1.05 1.01 1.05 1.06 1.04 1.03 1.04 1.03 1.01 1.03 1.03 1.06 
1.06 1.05 1.03 1.04 1.04 1.02 1.04 1.03 1.06 1.06 1.05 1.01 1.05 1.01 1.03 1.03 1.06 1.03 1.06 1.02 
1.04 1.06 1.06 1.06 1.04 1.02 1.05 1.03 1.05 1.03 1.02 1.03 1.06 1.03 1.06 1.06 1.06 1.01 1.03 1.06 
1.01 1.05 1.06 1.04 1.03 1.06 1.03 1.01 1.02 1.03 1.04 1.04 1.04 1.05 1.04 1.03 1.01 1.03 1.01 1.05 
1.05 1.02 1.01 1.02 1.03 1.01 1.01 1.04 1.01 1.04 1.04 1.02 1.01 1.01 1.04 1.05 1.04 1.04 1.05 1.06 
1.06 1.05 1.03 1.02 1.02 1.01 1.05 1.02 1.01 1.06 1.03 1.06 1.04 1.02 1.06 1.04 1.05 1.01 1.05 1.01 
1.01 1.03 1.05 1.02 1.06 1.03 1.03 1.05 1.06 1.03 1.02 1.03 1.05 1.03 1.01 1.01 1.03 1.02 1.04 1.03 
1.04 1.02 1.06 1.02 1.02 1.04 1.01 1.03 1.04 1.01 1.05 1.04 1.05 1.01 1.04 1.06 1.01 1.03 1.05 1.02 
1.04 1.04 1.04 1.05 1.02 1.04 1.04 1.04 1.02 1.01 1.04 1.04 1.02 1.03 1.03 1.01 1.04 1.04 1.01 1.04 
1.03 1.02 1.03 1.05 1.02 1.06 1.03 1.02 1.02 1.02 1.05 1.05 1.03 1.05 1.05 1.01 1.03 1.04 1.05 1.02 
1.05 1.06 1.03 1.06 1.06 1.04 1.01 1.05 1.02 1.06 1.03 1.01 1.01 1.02 1.01 1.03 1.02 1.05 1.01 1.01 
1.03 1.03 1.04 1.04 1.02 1.02 1.06 1.02 1.01 1.02 1.01 1.02 1.06 1.02 1.01 1.02 1.05 1.03 1.01 1.04 
1.03 1.01 1.03 1.06 1.01 1.05 1.03 1.04 1.04 1.03 1.02 1.05 1.05 1.06 1.04 1.02 1.02 1.06 1.03 1.02 
1.01 1.02 1.06 1.01 1.01 1.05 1.02 1.04 1.04 1.01 1.02 1.01 1.02 1.01 1.01 1.04 1.03 1.01 1.04 1.05 
1.03 1.04 1.06 1.05 1.05 1.05 1.03 1.02 1.05 1.05 1.06 1.06 1.03 1.02 1.06 1.02 1.04 1.01 1.06 1.02 
1.01 1.02 1.05 1.04 1.03 1.01 1.01 1.02 1.05 1.02 1.03 1.04 1.06 1.04 1.06 1.02 1.01 1.04 1.03 1.05 
1.03 1.04 1.01 1.03 1.06 1.06 1.03 1.03 1.01 1.04 1.03 1.01 1.06 1.01 1.01 1.02 1.01 1.01 1.03 1.06 
1.06 1.04 1.01 1.02 1.03 1.05 1.02 1.03 1.04 1.05 1.02 1.04 1.01 1.02 1.01 1.06 1.05 1.06 1.02 1.01 
1.02 1.02 1.01 1.05 1.06 1.02 1.06 1.06 1.02 1.02 1.04 1.06 1.03 1.01 1.02 1.04 1.02 1.01 1.01 1.03 
1.03 1.03 1.03 1.03 1.06 1.01 1.04 1.03 1.02 1.01 1.05 1.02 1.01 1.01 1.05 1.05 1.04 1.06 1.06 1.03 
1.01 1.04 1.03 1.05 1.03 1.06 1.03 1.06 1.06 1.01 1.04 1.01 1.04 1.03 1.05 1.03 1.06 1.02 1.06 1.04 
1.02 1.05 1.06 1.03 1.02 1.01 1.04 1.05 1.01 1.01 1.04 1.04 1.05 1.03 1.04 1.03 1.06 1.05 1.02 1.05 
1.06 1.04 1.02 1.04 1.05 1.03 1.06 1.05 1.04 1.04 1.02 1.05 1.02 1.04 1.06 1.06 1.06 1.05 1.03 1.01 
1.05 1.04 1.04 1.04 1.02 1.03 1.01 1.03 1.04 1.03 1.01 1.03 1.05 1.06 1.01 1.04 1.05 1.02 1.04 1.06 
1.03 1.06 1.01 1.06 1.06 1.01 1.06 1.02 1.04 1.05 1.06 1.02 1.04 1.05 1.06 1.06 1.01 1.06 1.01 1.02 
1.01 1.05 1.01 1.01 1.03 1.04 1.03 1.06 1.03 1.02 1.04 1.04 1.01 1.05 1.01 1.04 1.04 1.02 1.06 1.06 
1.03 1.03 1.06 1.05 1.06 1.06 1.05 1.02 1.03 1.05 1.06 1.05 1.05 1.01 1.06 1.01 1.01 1.02 1.04 1.05 
1.02 1.01 1.02 1.03 1.05 1.03 1.02 1.05 1.01 1.03 1.04 1.04 1.03 1.05 1.01 1.06 1.01 1.01 1.03 1.03 
1.06 1.01 1.04 1.05 1.06 1.01 1.02 1.06 1.05 1.04 1.06 1.04 1.03 1.05 1.02 1.03 1.06 1.05 1.05 1.02 
1.02 1.04 1.05 1.03 1.05 1.01 1.05 1.03 1.01 1.06 1.03 1.01 1.04 1.02 1.02 1.01 1.06 1.02 1.05 1.03 
1.03 1.02 1.01 1.02 1.04 1.02 1.01 1.04 1.02 1.01 1.04 1.01 1.02 1.02 1.01 1.05 1.01 1.01 1.01 1.03 
1.01 1.04 1.01 1.02 1.04 1.01 1.06 1.06 1.05 1.03 1.06 1.03 1.03 1.02 1.03 1.02 1.05 1.03 1.05 1.05 
1.05 1.01 1.01 1.04 1.03 1.05 1.04 1.06 1.03 1.03 1.01 1.02 1.02 1.02 1.01 1.03 1.02 1.02 1.06 1.06 
1.03 1.04 1.04 1.05 1.02 1.01 1.01 1.01 1.03 1.06 1.04 1.04 1.04 1.02 1.03 1.01 1.04 1.01 1.04 1.05 
1.01 1.03 1.03 1.01 1.01 1.04 1.04 1.01 1.04 1.05 1.01 1.02 1.01 1.02 1.05 1.01 1.06 1.01 1.04 1.02 
1.05 1.02 1.05 1.02 1.06 1.01 1.02 1.02 1.06 1.01 1.04 1.06 1.06 1.02 1.01 1.01 1.02 1.05 1.04 1.04 
1.04 1.02 1.04 1.04 1.06 1.05 1.05 1.06 1.03 1.01 1.06 1.02 1.01 1.06 1.01 1.03 1.02 1.01 1.06 1.06 
1.05 1.01 1.01 1.03 1.06 1.06 1.02 1.03 1.02 1.05 1.02 1.06 1.01 1.01 1.01 1.06 1.05 1.01 1.06 1.02 
1.04 1.04 1.03 1.03 1.06 1.02 1.02 1.03 1.03 1.01 1.06 1.02 1.06 1.03 1.01 1.06 1.05 1.03 1.01 1.04 
1.06 1.04 1.04 1.02 1.01 1.06 1.02 1.01 1.06 1.04 1.01 1.04 1.02 1.06 1.02 1.02 1.03 1.04 1.02 1.05 
1.03 1.01 1.06 1.03 1.01 1.05 1.04 1.02 1.02 1.03 1.04 1.06 1.04 1.06 1.06 1.04 1.05 1.04 1.05 1.02 
1.03 1.04 1.01 1.06 1.05 1.05 1.05 1.02 1.06 1.02 1.03 1.06 1.06 1.03 1.03 1.05 1.03 1.05 1.06 1.01 
1.02 1.06 1.01 1.06 1.06 1.03 1.05 1.03 1.06 1.05 1.06 1.05 1.03 1.03 1.05 1.05 1.04 1.03 1.06 1.06 
1.04 1.06 1.02 1.06 1.05 1.02 1.05 1.01 1.04 1.03 1.06 1.04 1.01 1.04 1.04 1.06 1.03 1.03 1.01 1.06 
1.05 1.04 1.06 1.04 1.03 1.01 1.04 1.04 1.02 1.02 1.06 1.03 1.06 1.01 1.05 1.03 1.01 1.04 1.06 1.04 
1.01 1.01 1.02 1.03 1.04 1.01 1.04 1.05 1.04 1.01 1.06 1.06 1.02 1.06 1.02 1.06 1.04 1.04 1.05 1.05 
1.03 1.03 1.01 1.04 1.02 1.02 1.04 1.02 1.04 1.03 1.03 1.01 1.03 1.02 1.02 1.05 1.03 1.06 1.05 1.01 
1.03 1.05 1.06 1.04 1.05 1.01 1.04 1.01 1.06 1.03 1.01 1.03 1.02 1.03 1.03 1.02 1.03 1.03 1.06 1.03 
1.03 1.01 1.02 1.01 1.02 1.02 1.03 1.01 1.05 1.02 1.03 1.05 1.05 1.06 1.04 1.01 1.02 1.03 1.02 1.02 
1.01 1.06 1.05 1.06 1.02 1.04 1.05 1.03 1.06 1.03 1.05 1.01 1.05 1.06 1.03 1.02 1.05 1.01 1.04 1.02 
1.01 1.05 1.01 1.04 1.01 1.01 1.01 1.02 1.05 1.01 1.05 1.02 1.03 1.03 1.06 1.03 1.03 1.03 1.05 1.06 
1.01 1.04 1.06 1.03 1.02 1.06 1.01 1.01 1.01 1.05 1.01 1.03 1.01 1.04 1.06 1.04 1.05 1.04 1.03 1.04 
