20
200
15 77 8 81 85 1 23 79 8 44 43 13 32 7 81 98 11 71 99 62 65 95 25 70 66 73 50 34 99 29 26 19 59 41 70 93 72 59 96 54 60 100 59 40 29 42 85 92 32 100 75 27 37 36 40 53 28 2 34 91 90 11 34 13 32 61 74 29 15 1 16 54 7 96 56 53 41 38 90 8 94 76 1 24 18 65 67 96 25 12 27 38 57 32 31 2 44 59 81 44 36 91 84 3 40 78 26 91 96 61 33 67 64 55 71 72 9 38 66 8 56 95 76 62 95 94 94 41 85 93 47 87 50 9 20 60 99 20 1 55 91 21 2 28 54 25 43 47 8 60 85 72 66 75 62 8 29 87 23 26 59 81 36 97 33 15 31 98 33 64 81 69 45 80 5 92 56 74 82 50 38 81 23 77 10 12 5 11 9 9 2 31 40 13 79 67 90 22 47 56 
1 2 2 2 1 3 3 1 2 2 3 2 3 3 2 2 2 3 3 1 
1.01 1.02 1.04 1.04 1.04 1.06 1.02 1.01 1.06 1.04 1.04 1.01 1.05 1.04 1.02 1.04 1.01 1.01 1.06 1.04 
1.04 1.06 1.03 1.01 1.04 1.02 1.04 1.01 1.06 1.06 1.04 1.04 1.02 1.05 1.03 1.01 1.04 1.01 1.03 1.02 
1.01 1.03 1.03 1.04 1.06 1.05 1.05 1.01 1.01 1.06 1.06 1.06 1.02 1.06 1.04 1.05 1.05 1.01 1.06 1.03 
1.01 1.04 1.05 1.02 1.01 1.01 1.01 1.03 1.01 1.04 1.03 1.04 1.06 1.05 1.04 1.02 1.04 1.03 1.03 1.06 
1.02 1.05 1.04 1.02 1.01 1.05 1.03 1.03 1.01 1.05 1.04 1.06 1.02 1.01 1.02 1.02 1.01 1.04 1.05 1.02 
1.02 1.04 1.06 1.05 1.04 1.02 1.05 1.04 1.02 1.02 1.03 1.06 1.03 1.03 1.06 1.03 1.03 1.06 1.02 1.04 
1.04 1.01 1.05 1.02 1.01 1.02 1.05 1.03 1.02 1.03 1.04 1.01 1.05 1.01 1.01 1.02 1.05 1.04 1.05 1.01 
1.03 1.02 1.06 1.01 1.04 1.02 1.06 1.04 1.06 1.01 1.06 1.04 1.05 1.06 1.01 1.02 1.05 1.03 1.03 1.06 
1.03 1.02 1.04 1.04 1.03 1.05 1.02 1.04 1.06 1.05 1.03 1.01 1.05 1.01 1.05 1.01 1.04 1.01 1.04 1.06 
1.04 1.04 1.05 1.04 1.04 1.04 1.06 1.03 1.05 1.02 1.04 1.06 1.06 1.03 1.06 1.05 1.06 1.06 1.01 1.03 
1.06 1.02 1.03 1.03 1.03 1.05 1.03 1.01 1.06 1.06 1.01 1.01 1.01 1.01 1.02 1.02 1.03 1.06 1.05 1.03 
1.05 1.01 1.01 1.04 1.06 1.02 1.03 1.05 1.04 1.06 1.05 1.01 1.05 1.03 1.03 1.02 1.04 1.02 1.06 1.01 
1.02 1.03 1.04 1.06 1.01 1.06 1.05 1.01 1.04 1.02 1.06 1.03 1.02 1.02 1.02 1.01 1.02 1.05 1.04 1.01 
1.05 1.06 1.02 1.05 1.06 1.06 1.03 1.01 1.06 1.06 1.06 1.02 1.01 1.03 1.01 1.05 1.02 1.02 1.06 1.02 
1.02 1.06 1.06 1.05 1.03 1.06 1.01 1.02 1.02 1.05 1.05 1.03 1.04 1.04 1.03 1.02 1.03 1.01 1.05 1.01 
1.03 1.04 1.05 1.04 1.01 1.06 1.06 1.02 1.02 1.03 1.02 1.04 1.04 1.06 1.05 1.02 1.06 1.03 1.01 1.06 
1.01 1.04 1.03 1.05 1.03 1.01 1.02 1.02 1.03 1.06 1.06 1.01 1.01 1.06 1.02 1.01 1.01 1.01 1.02 1.06 
1.04 1.01 1.01 1.02 1.01 1.04 1.03 1.04 1.01 1.05 1.06 1.02 1.03 1.03 1.06 1.04 1.04 1.04 1.03 1.04 
1.03 1.03 1.05 1.02 1.02 1.05 1.02 1.06 1.04 1.03 1.05 1.04 1.05 1.02 1.05 1.05 1.03 1.04 1.05 1.06 
1.01 1.04 1.01 1.02 1.05 1.01 1.06 1.02 1.02 1.03 1.03 1.03 1.05 1.02 1.04 1.01 1.02 1.06 1.03 1.04 
1.06 1.04 1.03 1.02 1.06 1.02 1.03 1.04 1.06 1.04 1.03 1.03 1.01 1.06 1.06 1.01 1.02 1.06 1.02 1.06 
1.02 1.06 1.04 1.02 1.06 1.05 1.05 1.03 1.01 1.05 1.01 1.03 1.02 1.02 1.05 1.02 1.05 1.03 1.04 1.01 
1.05 1.04 1.01 1.02 1.02 1.03 1.03 1.04 1.02 1.02 1.02 1.03 1.04 1.03 1.06 1.02 1.04 1.01 1.04 1.02 
1.01 1.06 1.02 1.05 1.03 1.03 1.01 1.01 1.06 1.05 1.05 1.05 1.05 1.03 1.04 1.04 1.05 1.01 1.05 1.04 
1.06 1.01 1.02 1.02 1.01 1.04 1.06 1.05 1.02 1.02 1.02 1.01 1.04 1.04 1.05 1.05 1.05 1.01 1.02 1.05 
1.02 1.02 1.01 1.01 1.06 1.01 1.02 1.03 1.06 1.02 1.02 1.06 1.01 1.03 1.01 1.04 1.06 1.02 1.02 1.05 
1.03 1.01 1.02 1.03 1.06 1.05 1.06 1.01 1.05 1.02 1.06 1.03 1.04 1.02 1.05 1.06 1.05 1.02 1.01 1.02 
1.03 1.02 1.06 1.03 1.05 1.06 1.03 1.04 1.05 1.06 1.02 1.03 1.05 1.05 1.06 1.05 1.01 1.02 1.01 1.06 
1.02 1.06 1.03 1.03 1.02 1.03 1.02 1.03 1.05 1.04 1.02 1.01 1.01 1.04 1.06 1.02 1.03 1.06 1.06 1.03 
1.04 1.06 1.03 1.01 1.01 1.06 1.06 1.02 1.01 1.03 1.05 1.03 1.04 1.02 1.06 1.05 1.05 1.06 1.03 1.01 
1.04 1.01 1.01 1.05 1.03 1.04 1.05 1.01 1.02 1.04 1.03 1.03 1.02 1.01 1.06 1.04 1.04 1.04 1.06 1.06 
1.05 1.01 1.05 1.01 1.04 1.04 1.01 1.03 1.04 1.01 1.05 1.03 1.01 1.05 1.03 1.02 1.01 1.03 1.06 1.01 
1.04 1.04 1.06 1.01 1.02 1.01 1.03 1.01 1.04 1.06 1.04 1.02 1.02 1.02 1.01 1.05 1.05 1.02 1.06 1.05 
1.02 1.04 1.02 1.05 1.05 1.06 1.02 1.05 1.02 1.02 1.02 1.01 1.05 1.06 1.04 1.02 1.05 1.06 1.06 1.05 
1.04 1.05 1.05 1.06 1.03 1.04 1.01 1.03 1.01 1.02 1.04 1.06 1.03 1.01 1.06 1.04 1.04 1.03 1.06 1.05 
1.05 1.02 1.02 1.06 1.02 1.02 1.01 1.01 1.06 1.04 1.05 1.05 1.05 1.05 1.04 1.03 1.06 1.01 1.04 1.04 
1.04 1.04 1.03 1.03 1.03 1.06 1.05 1.03 1.03 1.04 1.04 1.06 1.04 1.04 1.03 1.01 1.04 1.04 1.05 1.01 
1.01 1.03 1.02 1.04 1.01 1.05 1.01 1.03 1.03 1.05 1.02 1.06 1.01 1.04 1.03 1.03 1.03 1.02 1.02 1.05 
1.05 1.04 1.06 1.03 1.04 1.06 1.02 1.05 1.02 1.06 1.03 1.01 1.04 1.06 1.03 1.05 1.02 1.01 1.06 1.03 
1.05 1.03 1.03 1.04 1.01 1.04 1.03 1.02 1.04 1.04 1.06 1.03 1.04 1.03 1.03 1.02 1.04 1.03 1.02 1.03 
1.02 1.06 1.03 1.02 1.02 1.05 1.02 1.02 1.01 1.03 1.04 1.02 1.03 1.05 1.05 1.04 1.05 1.06 1.03 1.01 
1.05 1.02 1.05 1.02 1.06 1.04 1.05 1.04 1.06 1.01 1.03 1.06 1.04 1.05 1.03 1.01 1.06 1.01 1.04 1.02 
1.03 1.01 1.05 1.03 1.05 1.02 1.01 1.03 1.03 1.05 1.04 1.01 1.06 1.05 1.05 1.05 1.04 1.01 1.04 1.05 
1.04 1.01 1.05 1.05 1.04 1.01 1.02 1.03 1.04 1.01 1.02 1.04 1.03 1.05 1.01 1.01 1.06 1.03 1.04 1.02 
1.01 1.05 1.03 1.03 1.02 1.05 1.06 1.01 1.03 1.05 1.01 1.02 1.05 1.03 1.06 1.02 1.05 1.03 1.01 1.04 
1.05 1.03 1.05 1.03 1.02 1.05 1.03 1.02 1.03 1.02 1.06 1.06 1.03 1.03 1.01 1.04 1.01 1.04 1.04 1.05 
1.04 1.06 1.06 1.04 1.02 1.06 1.01 1.02 1.01 1.06 1.04 1.05 1.06 1.05 1.01 1.02 1.06 1.01 1.01 1.05 
1.06 1.03 1.03 1.02 1.03 1.02 1.04 1.04 1.02 1.02 1.06 1.01 1.01 1.01 1.03 1.04 1.06 1.06 1.06 1.04 
1.04 1.02 1.01 1.03 1.01 1.05 1.04 1.06 1.03 1.04 1.04 1.01 1.02 1.04 1.05 1.02 1.03 1.04 1.01 1.04 
1.02 1.01 1.01 1.06 1.04 1.04 1.05 1.03 1.02 1.06 1.01 1.05 1.05 1.05 1.02 1.03 1.01 1.01 1.01 1.02 
1.04 1.02 1.06 1.01 1.02 1.05 1.01 1.05 1.05 1.03 1.01 1.04 1.01 1.01 1.03 1.03 1.05 1.06 1.04 1.05 
1.06 1.02 1.04 1.02 1.02 1.06 1.03 1.04 1.03 1.02 1.01 1.05 1.02 1.02 1.03 1.05 1.02 1.03 1.03 1.02 
1.03 1.06 1.02 1.01 1.06 1.05 1.02 1.03 1.06 1.03 1.06 1.05 1.06 1.05 1.01 1.02 1.04 1.04 1.03 1.05 
1.01 1.03 1.01 1.01 1.03 1.01 1.04 1.05 1.03 1.06 1.05 1.02 1.05 1.01 1.06 1.01 1.03 1.03 1.01 1.03 
1.01 1.01 1.02 1.05 1.03 1.05 1.05 1.02 1.04 1.03 1.05 1.03 1.04 1.06 1.03 1.03 1.06 1.04 1.03 1.05 
1.02 1.01 1.04 1.06 1.06 1.05 1.02 1.05 1.03 1.06 1.02 1.06 1.06 1.06 1.02 1.06 1.02 1.03 1.05 1.04 
1.04 1.04 1.05 1.04 1.04 1.06 1.05 1.05 1.02 1.06 1.04 1.03 1.05 1.04 1.05 1.03 1.03 1.02 1.06 1.02 
1.05 1.03 1.03 1.03 1.03 1.04 1.03 1.02 1.03 1.01 1.06 1.01 1.03 1.03 1.01 1.05 1.02 1.01 1.01 1.03 
1.01 1.05 1.04 1.02 1.06 1.02 1.04 1.04 1.01 1.03 1.06 1.04 1.03 1.06 1.05 1.04 1.02 1.02 1.05 1.06 
1.01 1.05 1.02 1.04 1.02 1.02 1.01 1.03 1.05 1.03 1.03 1.04 1.06 1.04 1.02 1.04 1.06 1.05 1.05 1.04 
1.02 1.04 1.01 1.02 1.02 1.05 1.06 1.04 1.03 1.05 1.04 1.03 1.03 1.01 1.05 1.02 1.06 1.01 1.06 1.05 
1.01 1.02 1.06 1.01 1.02 1.02 1.04 1.06 1.06 1.04 1.06 1.02 1.02 1.01 1.06 1.06 1.01 1.05 1.05 1.03 
1.02 1.05 1.05 1.01 1.05 1.03 1.02 1.02 1.01 1.04 1.03 1.02 1.01 1.05 1.05 1.04 1.01 1.03 1.04 1.02 
1.01 1.03 1.01 1.06 1.02 1.04 1.06 1.03 1.04 1.01 1.02 1.01 1.03 1.03 1.04 1.03 1.06 1.06 1.05 1.05 
1.01 1.01 1.02 1.03 1.02 1.06 1.05 1.02 1.05 1.06 1.06 1.02 1.03 1.03 1.02 1.05 1.03 1.05 1.03 1.05 
1.04 1.03 1.03 1.01 1.03 1.05 1.04 1.05 1.01 1.03 1.04 1.04 1.03 1.02 1.01 1.01 1.06 1.04 1.03 1.03 
1.05 1.01 1.02 1.06 1.01 1.04 1.01 1.02 1.04 1.05 1.03 1.03 1.04 1.06 1.05 1.02 1.05 1.01 1.03 1.04 
1.04 1.02 1.06 1.03 1.04 1.04 1.06 1.02 1.01 1.01 1.03 1.02 1.04 1.02 1.05 1.04 1.02 1.03 1.02 1.06 
1.05 1.06 1.02 1.02 1.04 1.04 1.02 1.06 1.05 1.01 1.01 1.02 1.05 1.02 1.05 1.05 1.03 1.01 1.02 1.05 
1.03 1.06 1.01 1.01 1.03 1.03 1.02 1.05 1.06 1.02 1.05 1.04 1.01 1.01 1.04 1.05 1.04 1.01 1.01 1.01 
1.04 1.05 1.01 1.02 1.05 1.05 1.02 1.02 1.06 1.06 1.03 1.04 1.02 1.03 1.01 1.03 1.05 1.06 1.03 1.06 
1.06 1.01 1.04 1.03 1.01 1.03 1.06 1.01 1.03 1.05 1.04 1.04 1.01 1.01 1.05 1.05 1.01 1.03 1.05 1.05 
1.03 1.06 1.01 1.04 1.04 1.04 1.02 1.01 1.04 1.02 1.06 1.06 1.04 1.06 1.03 1.02 1.05 1.04 1.02 1.03 
1.02 1.06 1.01 1.05 1.04 1.06 1.03 1.02 1.04 1.06 1.04 1.04 1.04 1.05 1.01 1.01 1.03 1.05 1.01 1.02 
1.02 1.05 1.01 1.03 1.03 1.01 1.06 1.02 1.06 1.06 1.04 1.06 1.02 1.04 1.05 1.01 1.02 1.06 1.04 1.02 
1.01 1.02 1.04 1.04 1.01 1.05 1.06 1.06 1.01 1.02 1.02 1.01 1.04 1.04 1.05 1.02 1.04 1.04 1.02 1.05 
1.04 1.02 1.06 1.06 1.02 1.01 1.04 1.05 1.01 1.06 1.06 1.05 1.04 1.04 1.01 1.04 1.06 1.05 1.02 1.04 
1.02 1.04 1.03 1.04 1.03 1.06 1.05 1.02 1.05 1.03 1.02 1.02 1.01 1.05 1.05 1.02 1.06 1.01 1.06 1.02 
1.04 1.01 1.05 1.04 1.01 1.02 1.05 1.04 1.02 1.04 1.03 1.05 1.03 1.03 1.01 1.06 1.05 1.03 1.01 1.06 
1.02 1.03 1.03 1.05 1.04 1.05 1.01 1.03 1.02 1.01 1.05 1.01 1.06 1.05 1.04 1.01 1.01 1.01 1.05 1.03 
1.04 1.02 1.06 1.04 1.01 1.04 1.02 1.03 1.01 1.03 1.01 1.01 1.02 1.02 1.03 1.06 1.05 1.01 1.06 1.02 
1.03 1.01 1.06 1.01 1.05 1.04 1.01 1.03 1.03 1.02 1.05 1.05 1.01 1.04 1.01 1.01 1.01 1.03 1.02 1.01 
1.06 1.04 1.03 1.05 1.04 1.04 1.04 1.04 1.02 1.03 1.05 1.02 1.04 1.04 1.02 1.03 1.06 1.01 1.01 1.02 
1.01 1.05 1.01 1.03 1.01 1.06 1.06 1.03 1.05 1.03 1.01 1.05 1.02 1.04 1.03 1.01 1.03 1.05 1.03 1.02 
1.01 1.05 1.01 1.06 1.03 1.05 1.01 1.01 1.02 1.05 1.04 1.05 1.06 1.06 1.06 1.03 1.05 1.04 1.05 1.04 
1.03 1.02 1.06 1.06 1.04 1.04 1.02 1.01 1.02 1.01 1.06 1.04 1.01 1.01 1.02 1.03 1.01 1.02 1.05 1.06 
1.01 1.06 1.06 1.05 1.01 1.03 1.01 1.02 1.03 1.02 1.01 1.05 1.04 1.04 1.06 1.04 1.05 1.03 1.05 1.04 
1.03 1.06 1.01 1.01 1.05 1.05 1.06 1.05 1.01 1.05 1.02 1.02 1.04 1.03 1.02 1.06 1.06 1.06 1.06 1.05 
1.02 1.04 1.04 1.05 1.03 1.06 1.01 1.03 1.05 1.03 1.06 1.02 1.06 1.06 1.03 1.01 1.05 1.03 1.04 1.05 
1.05 1.01 1.05 1.03 1.01 1.06 1.02 1.05 1.02 1.01 1.03 1.05 1.05 1.06 1.02 1.03 1.05 1.06 1.03 1.04 
1.06 1.03 1.05 1.02 1.04 1.03 1.01 1.01 1.04 1.01 1.06 1.02 1.06 1.06 1.01 1.02 1.01 1.03 1.03 1.06 
1.02 1.04 1.02 1.01 1.06 1.02 1.03 1.02 1.01 1.05 1.04 1.05 1.01 1.03 1.01 1.01 1.06 1.04 1.01 1.05 
1.03 1.03 1.02 1.01 1.05 1.05 1.02 1.06 1.01 1.04 1.03 1.04 1.02 1.06 1.01 1.03 1.02 1.05 1.05 1.06 
1.05 1.01 1.05 1.05 1.01 1.05 1.06 1.02 1.02 1.05 1.05 1.06 1.02 1.03 1.04 1.03 1.06 1.04 1.02 1.05 
1.01 1.03 1.04 1.01 1.03 1.01 1.02 1.04 1.01 1.01 1.03 1.02 1.01 1.03 1.02 1.04 1.03 1.03 1.06 1.04 
1.05 1.05 1.03 1.03 1.02 1.02 1.01 1.05 1.01 1.04 1.01 1.03 1.06 1.04 1.03 1.02 1.05 1.01 1.03 1.06 
1.02 1.03 1.02 1.02 1.02 1.05 1.03 1.04 1.06 1.06 1.02 1.03 1.06 1.05 1.01 1.06 1.01 1.04 1.02 1.06 
1.01 1.01 1.02 1.03 1.04 1.03 1.06 1.06 1.03 1.06 1.05 1.06 1.02 1.02 1.05 1.02 1.01 1.05 1.03 1.04 
1.04 1.02 1.06 1.06 1.02 1.05 1.04 1.02 1.02 1.01 1.05 1.03 1.01 1.01 1.03 1.01 1.02 1.02 1.05 1.04 
1.06 1.06 1.05 1.02 1.03 1.04 1.04 1.05 1.02 1.05 1.01 1.01 1.01 1.06 1.03 1.06 1.03 1.03 1.03 1.03 
1.06 1.03 1.06 1.05 1.04 1.04 1.04 1.06 1.05 1.02 1.05 1.01 1.06 1.03 1.02 1.05 1.06 1.05 1.03 1.02 
1.02 1.03 1.01 1.01 1.02 1.06 1.01 1.06 1.01 1.06 1.02 1.06 1.01 1.02 1.01 1.02 1.02 1.05 1.04 1.04 
1.04 1.03 1.06 1.02 1.06 1.03 1.02 1.06 1.02 1.06 1.03 1.01 1.03 1.02 1.01 1.06 1.02 1.05 1.02 1.02 
1.05 1.05 1.03 1.01 1.06 1.03 1.01 1.05 1.04 1.04 1.02 1.03 1.03 1.03 1.04 1.03 1.06 1.05 1.06 1.05 
1.05 1.02 1.02 1.02 1.04 1.06 1.02 1.05 1.01 1.01 1.05 1.04 1.04 1.06 1.01 1.05 1.06 1.05 1.01 1.05 
1.01 1.04 1.06 1.05 1.02 1.04 1.04 1.01 1.05 1.03 1.02 1.05 1.06 1.05 1.06 1.06 1.06 1.04 1.02 1.04 
1.02 1.02 1.02 1.04 1.05 1.06 1.06 1.03 1.01 1.06 1.01 1.01 1.05 1.03 1.04 1.02 1.05 1.04 1.04 1.04 
1.02 1.02 1.06 1.06 1.02 1.06 1.04 1.04 1.01 1.04 1.03 1.06 1.02 1.04 1.03 1.04 1.02 1.01 1.06 1.06 
1.01 1.01 1.01 1.02 1.01 1.02 1.01 1.05 1.04 1.03 1.01 1.06 1.05 1.05 1.01 1.05 1.03 1.05 1.04 1.04 
1.06 1.05 1.01 1.06 1.01 1.05 1.03 1.03 1.05 1.01 1.04 1.01 1.01 1.02 1.01 1.01 1.01 1.05 1.03 1.03 
1.03 1.05 1.05 1.04 1.01 1.04 1.03 1.06 1.01 1.02 1.03 1.03 1.04 1.05 1.01 1.03 1.02 1.06 1.01 1.03 
1.01 1.06 1.02 1.01 1.02 1.05 1.05 1.05 1.06 1.04 1.06 1.04 1.01 1.03 1.06 1.01 1.03 1.03 1.02 1.02 
1.05 1.03 1.03 1.03 1.02 1.04 1.02 1.02 1.06 1.03 1.01 1.05 1.03 1.06 1.02 1.01 1.01 1.04 1.06 1.04 
1.03 1.02 1.04 1.05 1.03 1.05 1.01 1.03 1.05 1.03 1.06 1.06 1.04 1.02 1.04 1.06 1.04 1.05 1.04 1.04 
1.01 1.03 1.01 1.05 1.04 1.01 1.05 1.05 1.05 1.05 1.03 1.01 1.02 1.04 1.02 1.02 1.02 1.02 1.04 1.06 
1.04 1.01 1.02 1.05 1.03 1.05 1.05 1.02 1.06 1.04 1.01 1.02 1.03 1.04 1.01 1.01 1.01 1.04 1.05 1.04 
1.02 1.06 1.06 1.06 1.05 1.02 1.06 1.01 1.02 1.06 1.04 1.05 1.03 1.03 1.05 1.06 1.05 1.02 1.04 1.04 
1.03 1.04 1.01 1.04 1.03 1.05 1.03 1.02 1.04 1.03 1.05 1.03 1.02 1.02 1.05 1.02 1.01 1.03 1.06 1.06 
1.04 1.02 1.05 1.06 1.02 1.06 1.01 1.01 1.04 1.03 1.02 1.06 1.04 1.03 1.03 1.03 1.06 1.02 1.04 1.05 
1.03 1.01 1.01 1.05 1.06 1.05 1.01 1.03 1.06 1.01 1.02 1.05 1.04 1.06 1.03 1.04 1.04 1.04 1.04 1.05 
1.04 1.01 1.01 1.05 1.03 1.02 1.04 1.02 1.03 1.06 1.01 1.06 1.01 1.05 1.03 1.05 1.01 1.06 1.06 1.01 
1.04 1.02 1.02 1.05 1.06 1.01 1.05 1.06 1.01 1.05 1.06 1.04 1.04 1.06 1.05 1.01 1.01 1.01 1.05 1.02 
1.05 1.05 1.04 1.03 1.03 1.05 1.04 1.04 1.03 1.02 1.04 1.02 1.01 1.04 1.03 1.04 1.06 1.03 1.01 1.01 
1.04 1.01 1.02 1.02 1.03 1.04 1.03 1.01 1.05 1.06 1.03 1.04 1.06 1.02 1.03 1.05 1.03 1.05 1.02 1.01 
1.05 1.05 1.02 1.05 1.04 1.01 1.02 1.06 1.03 1.05 1.01 1.04 1.02 1.04 1.05 1.02 1.01 1.03 1.01 1.04 
1.01 1.01 1.01 1.05 1.04 1.03 1.02 1.06 1.06 1.01 1.06 1.06 1.06 1.03 1.02 1.04 1.04 1.03 1.04 1.05 
1.03 1.03 1.02 1.02 1.01 1.04 1.06 1.03 1.05 1.01 1.03 1.05 1.04 1.02 1.04 1.06 1.04 1.03 1.04 1.05 
1.01 1.03 1.06 1.04 1.02 1.04 1.03 1.01 1.03 1.06 1.01 1.04 1.04 1.04 1.06 1.04 1.04 1.01 1.02 1.02 
1.04 1.02 1.06 1.01 1.03 1.02 1.01 1.01 1.03 1.04 1.06 1.05 1.04 1.06 1.04 1.05 1.04 1.02 1.05 1.06 
1.03 1.04 1.05 1.02 1.01 1.02 1.03 1.01 1.05 1.01 1.02 1.02 1.06 1.06 1.02 1.01 1.02 1.05 1.03 1.01 
1.01 1.01 1.06 1.05 1.05 1.03 1.05 1.01 1.03 1.04 1.02 1.06 1.04 1.02 1.03 1.02 1.01 1.05 1.02 1.01 
1.03 1.05 1.03 1.01 1.01 1.02 1.03 1.02 1.04 1.06 1.06 1.02 1.03 1.03 1.04 1.06 1.03 1.02 1.03 1.03 
1.01 1.02 1.03 1.04 1.04 1.06 1.01 1.05 1.02 1.03 1.01 1.05 1.03 1.01 1.04 1.03 1.02 1.04 1.04 1.04 
1.01 1.03 1.02 1.01 1.06 1.01 1.06 1.02 1.02 1.04 1.06 1.02 1.06 1.03 1.04 1.03 1.04 1.05 1.01 1.01 
1.03 1.04 1.05 1.04 1.03 1.05 1.04 1.05 1.01 1.02 1.05 1.06 1.04 1.03 1.03 1.02 1.04 1.04 1.06 1.04 
1.02 1.05 1.03 1.02 1.01 1.03 1.05 1.04 1.05 1.06 1.04 1.04 1.01 1.01 1.02 1.01 1.02 1.03 1.05 1.01 
1.04 1.04 1.03 1.02 1.04 1.02 1.02 1.04 1.06 1.04 1.03 1.02 1.05 1.03 1.04 1.01 1.02 1.03 1.03 1.03 
1.06 1.06 1.02 1.03 1.02 1.01 1.04 1.05 1.01 1.03 1.05 1.06 1.01 1.02 1.02 1.02 1.03 1.02 1.06 1.04 
1.01 1.04 1.04 1.01 1.02 1.04 1.05 1.04 1.03 1.03 1.04 1.06 1.02 1.06 1.02 1.02 1.02 1.02 1.06 1.01 
1.04 1.01 1.01 1.03 1.01 1.04 1.06 1.01 1.06 1.04 1.01 1.06 1.03 1.04 1.03 1.03 1.01 1.01 1.05 1.05 
1.04 1.02 1.02 1.06 1.05 1.02 1.04 1.04 1.04 1.05 1.04 1.02 1.06 1.01 1.05 1.05 1.06 1.02 1.04 1.02 
1.01 1.02 1.05 1.03 1.06 1.02 1.02 1.05 1.03 1.04 1.02 1.05 1.04 1.06 1.04 1.01 1.01 1.03 1.04 1.06 
1.06 1.02 1.03 1.02 1.06 1.06 1.03 1.03 1.03 1.02 1.04 1.05 1.05 1.05 1.02 1.03 1.01 1.04 1.02 1.04 
1.05 1.02 1.05 1.04 1.01 1.06 1.02 1.04 1.06 1.04 1.05 1.03 1.04 1.05 1.03 1.04 1.06 1.04 1.04 1.03 
1.01 1.02 1.04 1.06 1.01 1.05 1.03 1.01 1.05 1.04 1.03 1.05 1.02 1.03 1.02 1.04 1.04 1.02 1.03 1.04 
1.03 1.03 1.03 1.06 1.02 1.04 1.04 1.05 1.01 1.03 1.06 1.02 1.01 1.01 1.01 1.04 1.06 1.01 1.03 1.03 
1.01 1.02 1.05 1.01 1.02 1.04 1.05 1.04 1.02 1.03 1.03 1.06 1.05 1.01 1.02 1.05 1.03 1.05 1.01 1.06 
1.06 1.03 1.02 1.06 1.01 1.05 1.06 1.03 1.06 1.03 1.06 1.02 1.01 1.04 1.03 1.02 1.01 1.05 1.01 1.01 
1.05 1.03 1.06 1.01 1.03 1.06 1.05 1.05 1.01 1.02 1.02 1.02 1.01 1.06 1.06 1.05 1.01 1.02 1.02 1.02 
1.01 1.05 1.02 1.03 1.06 1.02 1.05 1.01 1.03 1.06 1.06 1.03 1.04 1.04 1.05 1.05 1.03 1.06 1.01 1.06 
1.03 1.02 1.05 1.06 1.02 1.02 1.02 1.06 1.03 1.02 1.04 1.06 1.05 1.05 1.03 1.03 1.05 1.04 1.02 1.04 
1.02 1.02 1.05 1.06 1.04 1.02 1.02 1.05 1.01 1.01 1.02 1.05 1.02 1.01 1.03 1.03 1.02 1.05 1.03 1.04 
1.03 1.05 1.01 1.06 1.04 1.03 1.01 1.01 1.04 1.01 1.04 1.03 1.02 1.02 1.06 1.01 1.01 1.01 1.06 1.05 
1.02 1.04 1.06 1.04 1.05 1.06 1.02 1.04 1.06 1.01 1.01 1.06 1.03 1.03 1.02 1.03 1.02 1.04 1.03 1.05 
1.02 1.03 1.05 1.05 1.06 1.06 1.01 1.02 1.02 1.01 1.05 1.06 1.01 1.05 1.03 1.02 1.06 1.06 1.04 1.04 
1.04 1.04 1.06 1.01 1.01 1.02 1.02 1.04 1.04 1.06 1.06 1.02 1.05 1.02 1.04 1.03 1.01 1.01 1.03 1.04 
1.04 1.04 1.05 1.06 1.05 1.01 1.03 1.02 1.01 1.01 1.02 1.05 1.03 1.01 1.05 1.05 1.03 1.05 1.04 1.06 
1.03 1.03 1.04 1.05 1.06 1.06 1.01 1.03 1.04 1.01 1.04 1.04 1.01 1.01 1.01 1.02 1.02 1.01 1.05 1.04 
1.04 1.05 1.06 1.02 1.06 1.02 1.04 1.06 1.01 1.02 1.06 1.03 1.06 1.04 1.01 1.05 1.06 1.05 1.06 1.01 
1.05 1.04 1.04 1.03 1.06 1.02 1.05 1.03 1.04 1.05 1.02 1.03 1.01 1.05 1.01 1.06 1.04 1.04 1.05 1.05 
1.04 1.03 1.06 1.04 1.01 1.01 1.06 1.02 1.01 1.03 1.06 1.04 1.05 1.04 1.01 1.02 1.06 1.03 1.03 1.01 
1.05 1.03 1.04 1.01 1.06 1.06 1.01 1.02 1.03 1.02 1.01 1.02 1.05 1.04 1.06 1.02 1.02 1.03 1.01 1.02 
1.04 1.06 1.06 1.06 1.04 1.05 1.04 1.05 1.01 1.06 1.06 1.06 1.01 1.03 1.03 1.05 1.04 1.02 1.06 1.01 
1.01 1.03 1.01 1.06 1.03 1.05 1.03 1.04 1.04 1.01 1.04 1.03 1.05 1.01 1.01 1.06 1.03 1.01 1.02 1.01 
1.05 1.01 1.01 1.01 1.02 1.05 1.03 1.05 1.02 1.04 1.05 1.04 1.05 1.04 1.03 1.04 1.06 1.04 1.02 1.03 
1.06 1.01 1.02 1.03 1.01 1.04 1.02 1.04 1.03 1.02 1.01 1.04 1.03 1.04 1.01 1.06 1.06 1.03 1.01 1.02 
1.03 1.02 1.04 1.06 1.02 1.05 1.01 1.02 1.04 1.05 1.03 1.06 1.03 1.04 1.05 1.01 1.01 1.05 1.02 1.04 
1.02 1.02 1.01 1.05 1.02 1.03 1.06 1.04 1.03 1.01 1.04 1.05 1.01 1.06 1.01 1.03 1.01 1.05 1.01 1.02 
1.04 1.02 1.02 1.06 1.02 1.04 1.01 1.05 1.01 1.02 1.06 1.05 1.03 1.01 1.03 1.06 1.05 1.04 1.06 1.04 
1.01 1.06 1.02 1.03 1.06 1.02 1.03 1.04 1.04 1.05 1.05 1.03 1.01 1.01 1.03 1.04 1.03 1.06 1.01 1.04 
1.06 1.03 1.05 1.02 1.06 1.06 1.05 1.06 1.04 1.04 1.03 1.03 1.01 1.02 1.01 1.01 1.03 1.06 1.05 1.06 
1.02 1.05 1.05 1.01 1.01 1.01 1.03 1.06 1.06 1.02 1.02 1.04 1.05 1.04 1.04 1.03 1.04 1.05 1.01 1.06 
1.05 1.05 1.05 1.04 1.02 1.01 1.05 1.01 1.03 1.06 1.03 1.02 1.06 1.02 1.05 1.03 1.05 1.04 1.02 1.05 
1.02 1.01 1.04 1.05 1.04 1.01 1.05 1.06 1.02 1.02 1.04 1.01 1.06 1.06 1.03 1.06 1.05 1.05 1.05 1.02 
1.01 1.02 1.03 1.03 1.02 1.02 1.01 1.06 1.02 1.05 1.06 1.05 1.04 1.04 1.05 1.06 1.04 1.06 1.06 1.02 
1.06 1.03 1.02 1.06 1.01 1.04 1.01 1.02 1.06 1.04 1.03 1.04 1.04 1.04 1.03 1.06 1.04 1.03 1.01 1.04 
1.02 1.05 1.06 1.04 1.04 1.04 1.05 1.02 1.02 1.06 1.01 1.03 1.03 1.04 1.03 1.01 1.04 1.04 1.05 1.01 
1.01 1.06 1.01 1.04 1.04 1.03 1.01 1.04 1.05 1.02 1.01 1.03 1.02 1.05 1.03 1.03 1.01 1.04 1.03 1.03 
1.02 1.03 1.05 1.06 1.06 1.04 1.04 1.03 1.05 1.01 1.05 1.01 1.01 1.05 1.04 1.02 1.03 1.03 1.06 1.06 
1.06 1.05 1.06 1.03 1.05 1.04 1.05 1.05 1.03 1.04 1.05 1.03 1.03 1.02 1.05 1.06 1.01 1.04 1.06 1.03 
1.02 1.05 1.06 1.03 1.03 1.05 1.02 1.01 1.02 1.06 1.05 1.01 1.02 1.05 1.01 1.06 1.03 1.06 1.06 1.02 
1.05 1.05 1.03 1.01 1.01 1.02 1.02 1.04 1.03 1.02 1.03 1.06 1.05 1.01 1.04 1.06 1.01 1.05 1.06 1.06 
1.06 1.04 1.06 1.01 1.05 1.02 1.06 1.03 1.05 1.02 1.01 1.01 1.06 1.01 1.02 1.01 1.01 1.03 1.03 1.01 
1.06 1.03 1.05 1.03 1.03 1.02 1.03 1.05 1.04 1.03 1.05 1.03 1.03 1.03 1.05 1.01 1.01 1.03 1.05 1.01 
1.02 1.06 1.06 1.02 1.04 1.03 1.02 1.06 1.04 1.05 1.05 1.06 1.01 1.01 1.06 1.05 1.05 1.06 1.06 1.03 
1.03 1.03 1.04 1.02 1.06 1.03 1.05 1.02 1.04 1.06 1.01 1.02 1.04 1.01 1.05 1.04 1.06 1.01 1.02 1.03 
1.06 1.01 1.03 1.04 1.01 1.04 1.06 1.03 1.06 1.06 1.02 1.03 1.06 1.05 1.05 1.04 1.02 1.06 1.04 1.05 
1.04 1.05 1.02 1.01 1.05 1.01 1.02 1.05 1.01 1.02 1.06 1.03 1.03 1.04 1.06 1.03 1.04 1.06 1.04 1.02 
1.02 1.04 1.05 1.06 1.02 1.03 1.06 1.01 1.01 1.01 1.04 1.05 1.03 1.06 1.02 1.02 1.02 1.05 1.06 1.04 
1.06 1.03 1.02 1.01 1.04 1.02 1.03 1.04 1.01 1.03 1.01 1.03 1.05 1.02 1.01 1.06 1.06 1.01 1.01 1.06 
1.03 1.04 1.02 1.05 1.01 1.01 1.05 1.05 1.06 1.04 1.01 1.04 1.05 1.04 1.05 1.04 1.03 1.06 1.02 1.02 
1.05 1.05 1.01 1.06 1.06 1.02 1.01 1.06 1.04 1.01 1.06 1.04 1.03 1.06 1.02 1.06 1.06 1.05 1.02 1.06 
1.06 1.06 1.03 1.02 1.02 1.02 1.05 1.03 1.02 1.04 1.05 1.02 1.06 1.02 1.06 1.02 1.02 1.01 1.03 1.02 
1.05 1.06 1.01 1.04 1.02 1.03 1.02 1.04 1.02 1.05 1.02 1.02 1.05 1.06 1.04 1.03 1.06 1.03 1.03 1.06 
1.03 1.02 1.05 1.03 1.02 1.01 1.06 1.02 1.06 1.01 1.05 1.06 1.04 1.02 1.06 1.03 1.01 1.06 1.01 1.04 
1.04 1.03 1.03 1.01 1.05 1.06 1.06 1.01 1.06 1.02 1.05 1.02 1.05 1.02 1.02 1.06 1.03 1.02 1.06 1.05 
1.06 1.01 1.05 1.03 1.01 1.04 1.04 1.02 1.05 1.05 1.02 1.05 1.03 1.06 1.03 1.06 1.02 1.01 1.04 1.01 
1.04 1.03 1.03 1.04 1.01 1.02 1.04 1.06 1.01 1.06 1.05 1.02 1.06 1.03 1.04 1.04 1.03 1.02 1.06 1.06 
1.02 1.01 1.05 1.06 1.02 1.06 1.02 1.01 1.05 1.03 1.05 1.05 1.03 1.01 1.06 1.03 1.03 1.04 1.04 1.01 
1.06 1.04 1.01 1.04 1.06 1.06 1.01 1.01 1.04 1.01 1.02 1.06 1.06 1.06 1.06 1.04 1.05 1.03 1.05 1.01 
