20
300
10 24 70 1 62 40 71 47 74 14 93 97 48 47 97 7 69 21 45 59 56 77 51 89 84 92 43 27 10 86 65 78 19 88 1 18 20 78 43 26 30 76 62 20 50 92 90 72 54 71 96 42 9 39 35 53 1 58 61 89 94 97 12 29 17 83 54 14 98 55 97 70 2 7 63 84 4 6 29 83 79 53 86 81 67 25 67 90 88 80 28 41 60 41 29 43 15 33 90 33 98 76 52 94 63 99 50 98 34 47 14 37 48 86 11 84 7 96 54 36 98 100 48 71 98 80 60 23 2 22 5 77 39 25 39 55 71 44 5 65 22 81 93 37 6 89 3 10 99 62 90 98 90 93 88 26 59 25 33 41 48 39 67 67 77 7 13 85 93 62 16 78 50 94 5 64 11 16 29 79 45 48 89 97 72 30 90 79 52 99 27 82 100 34 12 54 25 36 47 19 73 46 45 21 62 53 76 1 34 86 62 68 73 31 84 56 61 49 96 57 16 80 80 66 47 24 80 75 22 46 1 37 4 14 51 1 24 6 16 41 52 79 78 81 37 65 95 40 52 57 19 81 19 91 42 56 95 94 14 93 8 19 23 25 53 87 65 14 2 84 54 84 59 78 53 5 55 60 62 88 21 54 42 58 90 36 22 89 23 22 27 30 48 85 77 40 32 86 88 17 
2 3 1 1 1 3 2 2 3 1 3 1 3 3 3 3 2 2 3 3 
1.05 1.02 1.01 1.02 1.05 1.03 1.02 1.05 1.06 1.03 1.04 1.02 1.04 1.02 1.03 1.01 1.02 1.05 1.05 1.04 
1.01 1.01 1.03 1.01 1.06 1.01 1.02 1.03 1.05 1.04 1.03 1.04 1.04 1.02 1.04 1.04 1.03 1.04 1.05 1.03 
1.04 1.02 1.01 1.04 1.02 1.01 1.03 1.05 1.06 1.05 1.04 1.03 1.01 1.02 1.05 1.03 1.06 1.05 1.01 1.01 
1.01 1.05 1.06 1.05 1.01 1.02 1.02 1.02 1.06 1.02 1.02 1.01 1.02 1.06 1.02 1.02 1.05 1.04 1.06 1.06 
1.06 1.01 1.06 1.03 1.04 1.05 1.05 1.04 1.05 1.06 1.03 1.03 1.03 1.04 1.03 1.02 1.02 1.06 1.04 1.01 
1.01 1.04 1.01 1.01 1.03 1.04 1.03 1.03 1.01 1.06 1.01 1.01 1.02 1.06 1.01 1.05 1.05 1.02 1.02 1.03 
1.02 1.05 1.05 1.04 1.02 1.01 1.02 1.02 1.01 1.06 1.05 1.06 1.02 1.02 1.02 1.03 1.04 1.02 1.02 1.06 
1.03 1.03 1.04 1.01 1.05 1.06 1.04 1.01 1.05 1.05 1.06 1.01 1.05 1.02 1.06 1.05 1.05 1.02 1.05 1.02 
1.03 1.01 1.03 1.04 1.03 1.04 1.06 1.06 1.01 1.03 1.02 1.05 1.02 1.04 1.05 1.03 1.02 1.04 1.03 1.04 
1.06 1.04 1.05 1.03 1.04 1.02 1.01 1.03 1.06 1.03 1.02 1.05 1.06 1.05 1.04 1.06 1.02 1.06 1.04 1.02 
1.05 1.01 1.01 1.03 1.02 1.01 1.03 1.06 1.01 1.04 1.04 1.03 1.02 1.01 1.03 1.04 1.02 1.02 1.06 1.03 
1.05 1.03 1.04 1.02 1.04 1.04 1.04 1.02 1.02 1.04 1.03 1.06 1.02 1.04 1.04 1.04 1.06 1.03 1.05 1.06 
1.05 1.05 1.04 1.05 1.06 1.02 1.06 1.06 1.06 1.06 1.01 1.02 1.06 1.04 1.02 1.04 1.05 1.04 1.02 1.01 
1.03 1.06 1.02 1.05 1.05 1.04 1.05 1.03 1.05 1.02 1.05 1.04 1.05 1.02 1.05 1.03 1.01 1.06 1.06 1.02 
1.04 1.02 1.04 1.03 1.05 1.04 1.06 1.04 1.04 1.03 1.02 1.03 1.06 1.05 1.04 1.02 1.03 1.03 1.04 1.06 
1.05 1.04 1.03 1.05 1.01 1.02 1.03 1.02 1.04 1.05 1.01 1.06 1.05 1.02 1.05 1.04 1.04 1.01 1.04 1.05 
1.02 1.01 1.06 1.03 1.06 1.05 1.04 1.04 1.06 1.05 1.04 1.02 1.03 1.05 1.03 1.04 1.06 1.04 1.01 1.01 
1.01 1.06 1.05 1.02 1.06 1.02 1.05 1.06 1.01 1.05 1.02 1.01 1.05 1.06 1.05 1.05 1.06 1.05 1.01 1.01 
1.03 1.02 1.01 1.02 1.04 1.05 1.05 1.06 1.01 1.02 1.05 1.03 1.02 1.06 1.02 1.03 1.01 1.01 1.01 1.05 
1.06 1.01 1.03 1.05 1.03 1.02 1.02 1.02 1.04 1.04 1.06 1.04 1.02 1.03 1.05 1.02 1.02 1.03 1.06 1.02 
1.02 1.03 1.03 1.03 1.05 1.01 1.02 1.06 1.02 1.01 1.06 1.02 1.05 1.06 1.04 1.04 1.06 1.06 1.05 1.01 
1.06 1.02 1.05 1.01 1.06 1.02 1.05 1.05 1.02 1.03 1.05 1.03 1.02 1.03 1.04 1.03 1.02 1.03 1.06 1.02 
1.04 1.05 1.06 1.01 1.03 1.02 1.01 1.03 1.06 1.02 1.04 1.06 1.02 1.03 1.06 1.04 1.04 1.04 1.05 1.01 
1.03 1.04 1.04 1.03 1.03 1.01 1.02 1.02 1.03 1.04 1.03 1.04 1.03 1.03 1.05 1.05 1.05 1.02 1.06 1.01 
1.03 1.06 1.03 1.04 1.02 1.06 1.03 1.02 1.04 1.04 1.01 1.01 1.01 1.04 1.05 1.01 1.02 1.03 1.04 1.03 
1.05 1.04 1.05 1.04 1.03 1.04 1.06 1.05 1.04 1.02 1.01 1.01 1.03 1.02 1.04 1.05 1.04 1.02 1.05 1.06 
1.03 1.06 1.06 1.01 1.06 1.06 1.06 1.02 1.04 1.02 1.04 1.05 1.03 1.04 1.06 1.04 1.02 1.02 1.06 1.05 
1.04 1.02 1.02 1.04 1.04 1.04 1.05 1.02 1.01 1.05 1.05 1.01 1.02 1.04 1.03 1.02 1.03 1.06 1.02 1.05 
1.01 1.05 1.04 1.05 1.04 1.05 1.05 1.06 1.03 1.06 1.04 1.04 1.01 1.02 1.02 1.02 1.04 1.04 1.04 1.05 
1.04 1.02 1.03 1.02 1.05 1.06 1.02 1.03 1.05 1.04 1.06 1.01 1.04 1.04 1.03 1.03 1.04 1.01 1.04 1.01 
1.04 1.02 1.04 1.02 1.02 1.02 1.04 1.06 1.01 1.02 1.01 1.01 1.02 1.03 1.03 1.03 1.05 1.04 1.05 1.05 
1.01 1.06 1.04 1.05 1.03 1.06 1.03 1.06 1.06 1.05 1.05 1.01 1.06 1.05 1.04 1.01 1.02 1.02 1.02 1.04 
1.03 1.03 1.06 1.01 1.01 1.06 1.05 1.04 1.05 1.03 1.06 1.05 1.04 1.05 1.06 1.04 1.05 1.01 1.03 1.06 
1.05 1.03 1.01 1.06 1.04 1.05 1.04 1.02 1.06 1.05 1.06 1.02 1.02 1.01 1.01 1.02 1.03 1.05 1.02 1.06 
1.01 1.05 1.01 1.01 1.06 1.03 1.06 1.04 1.01 1.04 1.05 1.04 1.05 1.01 1.04 1.02 1.01 1.01 1.04 1.03 
1.01 1.05 1.01 1.05 1.01 1.05 1.03 1.05 1.03 1.06 1.01 1.03 1.02 1.02 1.04 1.04 1.03 1.05 1.03 1.04 
1.04 1.01 1.01 1.02 1.06 1.03 1.04 1.06 1.05 1.03 1.06 1.02 1.03 1.03 1.01 1.02 1.05 1.01 1.01 1.06 
1.06 1.01 1.05 1.04 1.05 1.02 1.05 1.02 1.02 1.04 1.05 1.06 1.04 1.05 1.06 1.01 1.01 1.05 1.06 1.02 
1.04 1.06 1.02 1.01 1.06 1.04 1.06 1.01 1.03 1.06 1.01 1.04 1.05 1.04 1.01 1.04 1.06 1.01 1.05 1.02 
1.06 1.06 1.06 1.01 1.03 1.05 1.02 1.02 1.03 1.02 1.04 1.05 1.04 1.01 1.03 1.05 1.01 1.02 1.03 1.02 
1.05 1.02 1.01 1.03 1.05 1.05 1.06 1.06 1.05 1.03 1.05 1.04 1.03 1.03 1.03 1.03 1.01 1.06 1.03 1.06 
1.06 1.02 1.01 1.01 1.03 1.05 1.06 1.04 1.05 1.01 1.02 1.06 1.05 1.04 1.04 1.04 1.02 1.03 1.01 1.05 
1.01 1.06 1.04 1.01 1.02 1.01 1.01 1.05 1.02 1.01 1.06 1.06 1.05 1.04 1.05 1.03 1.03 1.03 1.03 1.01 
1.02 1.01 1.06 1.05 1.06 1.04 1.04 1.01 1.02 1.06 1.03 1.01 1.03 1.06 1.06 1.02 1.06 1.02 1.04 1.06 
1.06 1.06 1.01 1.06 1.03 1.05 1.04 1.04 1.03 1.01 1.06 1.06 1.04 1.02 1.03 1.04 1.03 1.05 1.03 1.05 
1.06 1.01 1.05 1.03 1.03 1.03 1.02 1.05 1.03 1.05 1.04 1.04 1.02 1.06 1.04 1.01 1.01 1.05 1.01 1.05 
1.02 1.04 1.06 1.02 1.02 1.01 1.01 1.01 1.03 1.05 1.06 1.01 1.01 1.01 1.01 1.01 1.02 1.02 1.06 1.03 
1.04 1.03 1.02 1.02 1.03 1.03 1.04 1.01 1.05 1.02 1.02 1.01 1.03 1.02 1.01 1.02 1.04 1.06 1.01 1.02 
1.02 1.03 1.01 1.05 1.01 1.01 1.01 1.01 1.01 1.01 1.06 1.02 1.05 1.06 1.04 1.02 1.06 1.01 1.05 1.04 
1.03 1.02 1.01 1.05 1.04 1.05 1.03 1.03 1.04 1.04 1.05 1.04 1.02 1.01 1.06 1.03 1.03 1.02 1.05 1.04 
1.05 1.04 1.03 1.05 1.03 1.01 1.04 1.05 1.03 1.03 1.02 1.05 1.04 1.03 1.01 1.02 1.06 1.01 1.05 1.02 
1.06 1.03 1.05 1.06 1.01 1.01 1.06 1.06 1.04 1.06 1.02 1.03 1.06 1.03 1.01 1.02 1.05 1.06 1.02 1.03 
1.06 1.04 1.05 1.05 1.03 1.02 1.06 1.04 1.03 1.02 1.01 1.02 1.05 1.04 1.02 1.04 1.03 1.01 1.05 1.04 
1.04 1.04 1.05 1.05 1.04 1.02 1.04 1.02 1.01 1.03 1.05 1.03 1.04 1.01 1.04 1.01 1.03 1.01 1.02 1.04 
1.02 1.04 1.01 1.04 1.04 1.03 1.04 1.02 1.04 1.05 1.04 1.06 1.01 1.05 1.02 1.05 1.06 1.03 1.04 1.04 
1.02 1.04 1.03 1.02 1.04 1.05 1.06 1.04 1.02 1.01 1.04 1.03 1.02 1.01 1.04 1.04 1.05 1.01 1.01 1.03 
1.06 1.01 1.01 1.03 1.02 1.03 1.03 1.05 1.05 1.02 1.04 1.05 1.01 1.05 1.02 1.01 1.03 1.06 1.03 1.02 
1.01 1.04 1.01 1.02 1.03 1.03 1.02 1.03 1.01 1.02 1.06 1.01 1.01 1.01 1.02 1.02 1.04 1.03 1.02 1.03 
1.02 1.06 1.03 1.04 1.04 1.05 1.02 1.03 1.05 1.06 1.06 1.03 1.03 1.03 1.05 1.04 1.06 1.03 1.04 1.04 
1.01 1.03 1.05 1.03 1.03 1.04 1.04 1.04 1.04 1.03 1.06 1.02 1.05 1.03 1.05 1.03 1.01 1.02 1.01 1.04 
1.03 1.04 1.05 1.05 1.02 1.04 1.06 1.06 1.03 1.05 1.02 1.04 1.05 1.06 1.03 1.06 1.03 1.02 1.05 1.06 
1.03 1.03 1.04 1.04 1.03 1.04 1.06 1.01 1.02 1.03 1.06 1.05 1.04 1.06 1.02 1.01 1.04 1.05 1.02 1.05 
1.03 1.02 1.02 1.06 1.02 1.04 1.05 1.03 1.02 1.01 1.01 1.05 1.03 1.02 1.01 1.04 1.03 1.01 1.06 1.06 
1.02 1.01 1.06 1.06 1.04 1.05 1.02 1.05 1.02 1.03 1.01 1.05 1.01 1.01 1.01 1.03 1.06 1.03 1.04 1.01 
1.01 1.01 1.01 1.02 1.06 1.02 1.06 1.01 1.03 1.01 1.04 1.04 1.03 1.06 1.02 1.03 1.06 1.06 1.05 1.01 
1.05 1.06 1.05 1.05 1.01 1.02 1.01 1.02 1.04 1.03 1.04 1.02 1.02 1.06 1.02 1.01 1.01 1.04 1.06 1.02 
1.01 1.01 1.01 1.02 1.03 1.04 1.06 1.01 1.04 1.04 1.05 1.05 1.03 1.01 1.06 1.05 1.04 1.03 1.03 1.03 
1.03 1.02 1.04 1.03 1.01 1.06 1.01 1.01 1.01 1.06 1.06 1.06 1.04 1.01 1.05 1.03 1.04 1.05 1.04 1.03 
1.04 1.02 1.03 1.06 1.03 1.02 1.04 1.02 1.03 1.05 1.05 1.05 1.05 1.04 1.01 1.06 1.01 1.03 1.06 1.03 
1.02 1.03 1.01 1.03 1.01 1.04 1.06 1.02 1.03 1.05 1.01 1.01 1.01 1.02 1.03 1.04 1.02 1.02 1.01 1.06 
1.04 1.03 1.03 1.02 1.03 1.01 1.01 1.02 1.05 1.02 1.01 1.06 1.05 1.05 1.04 1.02 1.03 1.04 1.04 1.04 
1.02 1.05 1.05 1.03 1.01 1.05 1.03 1.06 1.06 1.03 1.05 1.03 1.04 1.03 1.06 1.04 1.02 1.03 1.04 1.03 
1.03 1.03 1.02 1.05 1.03 1.06 1.03 1.05 1.04 1.05 1.03 1.01 1.05 1.02 1.02 1.02 1.02 1.01 1.04 1.02 
1.02 1.03 1.05 1.05 1.03 1.04 1.04 1.06 1.04 1.05 1.03 1.04 1.02 1.03 1.05 1.01 1.04 1.06 1.02 1.02 
1.02 1.02 1.04 1.01 1.04 1.02 1.05 1.05 1.06 1.04 1.01 1.01 1.05 1.03 1.04 1.03 1.02 1.02 1.03 1.05 
1.03 1.05 1.02 1.04 1.03 1.03 1.03 1.05 1.03 1.05 1.05 1.06 1.03 1.05 1.02 1.05 1.06 1.02 1.01 1.04 
1.02 1.06 1.02 1.04 1.03 1.04 1.02 1.01 1.02 1.01 1.06 1.05 1.06 1.03 1.05 1.01 1.06 1.05 1.02 1.03 
1.01 1.06 1.03 1.02 1.05 1.04 1.03 1.03 1.02 1.06 1.04 1.04 1.03 1.05 1.03 1.06 1.05 1.04 1.05 1.03 
1.03 1.05 1.03 1.06 1.04 1.05 1.01 1.06 1.06 1.01 1.04 1.02 1.04 1.04 1.01 1.05 1.02 1.01 1.03 1.06 
1.01 1.04 1.05 1.03 1.04 1.03 1.04 1.06 1.04 1.04 1.04 1.05 1.04 1.02 1.04 1.01 1.02 1.05 1.01 1.01 
1.06 1.05 1.01 1.05 1.05 1.05 1.03 1.06 1.02 1.02 1.03 1.03 1.03 1.06 1.01 1.03 1.05 1.06 1.03 1.03 
1.04 1.06 1.01 1.04 1.06 1.06 1.02 1.06 1.03 1.05 1.02 1.03 1.06 1.01 1.02 1.01 1.05 1.02 1.01 1.03 
1.05 1.02 1.05 1.01 1.06 1.02 1.05 1.02 1.02 1.04 1.06 1.06 1.06 1.03 1.02 1.06 1.03 1.05 1.05 1.04 
1.01 1.01 1.04 1.02 1.05 1.02 1.06 1.03 1.04 1.05 1.01 1.06 1.05 1.05 1.03 1.05 1.03 1.05 1.03 1.03 
1.02 1.01 1.05 1.01 1.06 1.01 1.06 1.03 1.05 1.04 1.06 1.05 1.02 1.01 1.03 1.01 1.06 1.06 1.03 1.02 
1.04 1.06 1.06 1.04 1.01 1.02 1.04 1.01 1.05 1.01 1.06 1.06 1.02 1.06 1.01 1.03 1.01 1.03 1.03 1.01 
1.02 1.03 1.03 1.03 1.01 1.06 1.03 1.05 1.01 1.02 1.05 1.01 1.06 1.05 1.03 1.05 1.04 1.01 1.06 1.04 
1.01 1.03 1.06 1.06 1.04 1.03 1.03 1.05 1.06 1.06 1.05 1.03 1.02 1.06 1.04 1.05 1.03 1.04 1.06 1.01 
1.01 1.06 1.06 1.03 1.03 1.02 1.05 1.02 1.03 1.05 1.02 1.02 1.05 1.02 1.01 1.05 1.05 1.02 1.02 1.02 
1.05 1.04 1.01 1.03 1.05 1.03 1.02 1.04 1.06 1.03 1.01 1.06 1.06 1.05 1.06 1.03 1.06 1.03 1.03 1.04 
1.04 1.02 1.02 1.01 1.01 1.06 1.02 1.04 1.04 1.01 1.04 1.01 1.01 1.06 1.05 1.06 1.03 1.04 1.03 1.06 
1.01 1.03 1.06 1.05 1.03 1.01 1.06 1.05 1.01 1.03 1.06 1.06 1.03 1.02 1.04 1.06 1.03 1.01 1.01 1.06 
1.05 1.04 1.01 1.03 1.04 1.04 1.02 1.04 1.04 1.01 1.04 1.05 1.01 1.04 1.05 1.05 1.05 1.01 1.05 1.06 
1.05 1.04 1.03 1.03 1.01 1.05 1.05 1.02 1.03 1.03 1.04 1.02 1.01 1.03 1.02 1.01 1.03 1.05 1.06 1.02 
1.06 1.02 1.03 1.04 1.02 1.02 1.06 1.06 1.06 1.01 1.05 1.05 1.03 1.05 1.01 1.03 1.01 1.06 1.03 1.03 
1.05 1.06 1.06 1.01 1.05 1.06 1.04 1.02 1.05 1.03 1.05 1.05 1.05 1.04 1.06 1.05 1.03 1.03 1.04 1.05 
1.03 1.04 1.06 1.03 1.01 1.05 1.05 1.05 1.02 1.03 1.02 1.01 1.04 1.04 1.05 1.04 1.03 1.02 1.04 1.01 
1.04 1.04 1.04 1.04 1.03 1.04 1.06 1.01 1.05 1.04 1.03 1.03 1.04 1.06 1.03 1.05 1.02 1.06 1.05 1.03 
1.06 1.05 1.03 1.01 1.01 1.03 1.01 1.04 1.02 1.01 1.02 1.02 1.01 1.04 1.05 1.04 1.04 1.06 1.03 1.05 
1.02 1.02 1.03 1.03 1.06 1.06 1.06 1.06 1.06 1.06 1.01 1.03 1.05 1.05 1.04 1.04 1.05 1.04 1.05 1.01 
1.02 1.05 1.02 1.06 1.05 1.05 1.04 1.04 1.03 1.03 1.01 1.02 1.05 1.01 1.03 1.04 1.06 1.06 1.03 1.01 
1.04 1.04 1.01 1.06 1.05 1.01 1.05 1.06 1.02 1.05 1.03 1.02 1.06 1.02 1.06 1.06 1.06 1.03 1.02 1.01 
1.05 1.05 1.06 1.01 1.06 1.04 1.04 1.01 1.02 1.06 1.03 1.06 1.06 1.05 1.06 1.05 1.04 1.05 1.03 1.04 
1.05 1.02 1.06 1.03 1.05 1.02 1.02 1.05 1.05 1.02 1.01 1.01 1.05 1.06 1.01 1.02 1.02 1.01 1.02 1.01 
1.01 1.02 1.06 1.06 1.03 1.03 1.05 1.03 1.02 1.03 1.05 1.04 1.06 1.03 1.06 1.06 1.03 1.03 1.05 1.04 
1.01 1.03 1.03 1.03 1.03 1.06 1.03 1.06 1.04 1.04 1.01 1.06 1.04 1.02 1.01 1.03 1.02 1.01 1.02 1.05 
1.05 1.03 1.01 1.02 1.02 1.04 1.05 1.03 1.01 1.05 1.04 1.01 1.04 1.06 1.03 1.06 1.01 1.06 1.06 1.05 
1.06 1.05 1.04 1.01 1.01 1.05 1.02 1.01 1.01 1.05 1.03 1.01 1.01 1.04 1.01 1.06 1.04 1.01 1.02 1.04 
1.05 1.02 1.04 1.05 1.05 1.01 1.04 1.01 1.04 1.04 1.04 1.04 1.05 1.01 1.05 1.01 1.01 1.06 1.03 1.03 
1.01 1.03 1.04 1.01 1.06 1.05 1.03 1.06 1.06 1.02 1.01 1.02 1.04 1.06 1.02 1.06 1.06 1.04 1.04 1.01 
1.03 1.01 1.06 1.01 1.01 1.04 1.04 1.01 1.05 1.03 1.01 1.04 1.05 1.01 1.04 1.02 1.01 1.06 1.01 1.03 
1.01 1.04 1.02 1.02 1.05 1.06 1.02 1.01 1.06 1.03 1.01 1.05 1.02 1.03 1.06 1.03 1.05 1.01 1.01 1.05 
1.03 1.01 1.06 1.02 1.02 1.05 1.04 1.04 1.05 1.06 1.05 1.03 1.05 1.01 1.02 1.03 1.03 1.02 1.06 1.02 
1.02 1.04 1.05 1.04 1.02 1.01 1.06 1.03 1.02 1.04 1.05 1.03 1.05 1.04 1.01 1.05 1.06 1.03 1.01 1.06 
1.05 1.01 1.03 1.05 1.01 1.04 1.04 1.03 1.04 1.04 1.06 1.06 1.04 1.05 1.06 1.06 1.06 1.05 1.01 1.06 
1.05 1.04 1.01 1.03 1.02 1.02 1.06 1.04 1.05 1.05 1.06 1.03 1.03 1.05 1.05 1.06 1.04 1.02 1.04 1.01 
1.04 1.02 1.05 1.06 1.03 1.02 1.04 1.02 1.02 1.01 1.05 1.03 1.04 1.05 1.01 1.05 1.05 1.03 1.03 1.01 
1.04 1.01 1.02 1.06 1.05 1.04 1.03 1.02 1.06 1.03 1.02 1.02 1.01 1.06 1.04 1.01 1.05 1.01 1.01 1.06 
1.05 1.04 1.02 1.06 1.03 1.01 1.03 1.06 1.01 1.01 1.03 1.01 1.04 1.02 1.02 1.06 1.02 1.02 1.05 1.05 
1.02 1.05 1.02 1.05 1.05 1.02 1.03 1.02 1.05 1.03 1.05 1.03 1.04 1.03 1.03 1.06 1.03 1.03 1.03 1.06 
1.03 1.04 1.02 1.01 1.01 1.02 1.03 1.01 1.05 1.03 1.06 1.03 1.03 1.01 1.02 1.01 1.06 1.06 1.04 1.05 
1.04 1.02 1.04 1.03 1.01 1.06 1.03 1.02 1.01 1.06 1.06 1.04 1.01 1.05 1.06 1.02 1.04 1.04 1.06 1.06 
1.01 1.02 1.05 1.02 1.05 1.02 1.03 1.03 1.01 1.01 1.04 1.03 1.02 1.04 1.02 1.01 1.03 1.04 1.02 1.01 
1.02 1.04 1.03 1.05 1.03 1.06 1.01 1.05 1.04 1.03 1.05 1.05 1.04 1.03 1.06 1.01 1.03 1.06 1.06 1.06 
1.03 1.05 1.01 1.02 1.06 1.01 1.04 1.04 1.03 1.05 1.04 1.04 1.02 1.04 1.02 1.04 1.04 1.06 1.06 1.05 
1.01 1.02 1.04 1.01 1.04 1.01 1.03 1.02 1.06 1.06 1.05 1.06 1.05 1.04 1.01 1.04 1.05 1.03 1.01 1.04 
1.03 1.01 1.05 1.04 1.04 1.04 1.03 1.04 1.01 1.04 1.04 1.03 1.04 1.06 1.05 1.06 1.01 1.05 1.03 1.04 
1.02 1.02 1.04 1.04 1.01 1.06 1.02 1.02 1.01 1.03 1.01 1.04 1.05 1.02 1.03 1.06 1.03 1.06 1.06 1.04 
1.06 1.06 1.03 1.01 1.06 1.05 1.05 1.03 1.03 1.05 1.02 1.05 1.01 1.04 1.05 1.01 1.05 1.05 1.03 1.01 
1.01 1.02 1.04 1.04 1.06 1.02 1.01 1.05 1.01 1.04 1.05 1.03 1.02 1.04 1.01 1.06 1.05 1.04 1.01 1.03 
1.06 1.05 1.06 1.01 1.02 1.06 1.03 1.04 1.06 1.03 1.03 1.03 1.06 1.06 1.05 1.01 1.05 1.03 1.04 1.06 
1.02 1.02 1.01 1.01 1.06 1.06 1.06 1.02 1.06 1.02 1.03 1.02 1.02 1.06 1.01 1.03 1.02 1.04 1.05 1.04 
1.05 1.04 1.06 1.06 1.06 1.02 1.06 1.05 1.05 1.03 1.04 1.03 1.01 1.02 1.03 1.03 1.04 1.02 1.01 1.05 
1.02 1.05 1.05 1.01 1.03 1.01 1.06 1.04 1.02 1.02 1.05 1.04 1.03 1.06 1.02 1.05 1.06 1.06 1.01 1.03 
1.06 1.06 1.03 1.03 1.01 1.04 1.01 1.05 1.05 1.01 1.03 1.04 1.05 1.04 1.05 1.02 1.03 1.04 1.04 1.04 
1.06 1.06 1.05 1.03 1.02 1.01 1.03 1.05 1.02 1.04 1.04 1.04 1.02 1.04 1.05 1.01 1.05 1.06 1.05 1.02 
1.05 1.03 1.04 1.02 1.05 1.05 1.02 1.04 1.05 1.02 1.05 1.03 1.05 1.03 1.01 1.01 1.05 1.02 1.04 1.02 
1.06 1.06 1.02 1.06 1.05 1.02 1.03 1.02 1.05 1.03 1.06 1.04 1.03 1.02 1.04 1.03 1.03 1.02 1.05 1.01 
1.06 1.01 1.03 1.04 1.02 1.05 1.06 1.03 1.01 1.03 1.03 1.05 1.04 1.02 1.02 1.02 1.02 1.04 1.04 1.03 
1.05 1.01 1.04 1.03 1.02 1.03 1.01 1.05 1.02 1.02 1.05 1.02 1.01 1.01 1.06 1.05 1.05 1.01 1.04 1.05 
1.02 1.06 1.02 1.03 1.03 1.06 1.04 1.02 1.03 1.04 1.06 1.01 1.01 1.05 1.03 1.05 1.06 1.02 1.02 1.01 
1.03 1.01 1.01 1.06 1.04 1.02 1.01 1.01 1.03 1.04 1.01 1.02 1.01 1.01 1.04 1.05 1.01 1.04 1.02 1.05 
1.02 1.06 1.05 1.03 1.01 1.04 1.02 1.05 1.06 1.01 1.03 1.01 1.02 1.04 1.02 1.06 1.05 1.04 1.01 1.05 
1.02 1.02 1.04 1.06 1.06 1.04 1.06 1.02 1.04 1.05 1.06 1.03 1.06 1.02 1.05 1.01 1.01 1.06 1.01 1.05 
1.01 1.06 1.02 1.02 1.01 1.05 1.05 1.03 1.03 1.05 1.06 1.04 1.03 1.01 1.06 1.06 1.01 1.03 1.02 1.04 
1.01 1.01 1.01 1.03 1.05 1.06 1.01 1.02 1.05 1.05 1.03 1.01 1.03 1.06 1.06 1.06 1.04 1.01 1.01 1.03 
1.05 1.03 1.02 1.03 1.03 1.06 1.01 1.03 1.01 1.04 1.06 1.03 1.05 1.03 1.04 1.06 1.04 1.04 1.05 1.02 
1.01 1.06 1.06 1.05 1.04 1.01 1.04 1.03 1.01 1.04 1.03 1.05 1.04 1.02 1.05 1.01 1.06 1.02 1.03 1.01 
1.06 1.02 1.01 1.06 1.04 1.06 1.01 1.01 1.02 1.05 1.03 1.02 1.03 1.04 1.04 1.04 1.06 1.03 1.06 1.03 
1.02 1.02 1.05 1.05 1.04 1.03 1.06 1.03 1.04 1.05 1.01 1.05 1.02 1.05 1.03 1.05 1.05 1.04 1.06 1.03 
1.03 1.01 1.02 1.02 1.02 1.01 1.04 1.03 1.02 1.03 1.04 1.06 1.01 1.05 1.05 1.06 1.01 1.06 1.05 1.03 
1.04 1.02 1.03 1.05 1.05 1.05 1.06 1.01 1.03 1.03 1.03 1.01 1.04 1.04 1.05 1.02 1.03 1.06 1.02 1.03 
1.04 1.03 1.04 1.01 1.06 1.03 1.03 1.06 1.01 1.03 1.02 1.02 1.05 1.01 1.01 1.02 1.04 1.04 1.06 1.03 
1.06 1.04 1.01 1.06 1.02 1.02 1.06 1.04 1.01 1.03 1.06 1.05 1.04 1.03 1.03 1.01 1.03 1.05 1.04 1.06 
1.02 1.02 1.06 1.02 1.04 1.02 1.01 1.06 1.06 1.06 1.02 1.06 1.03 1.06 1.04 1.04 1.04 1.01 1.03 1.01 
1.04 1.04 1.05 1.01 1.05 1.01 1.06 1.01 1.06 1.06 1.01 1.03 1.04 1.05 1.05 1.05 1.06 1.01 1.02 1.06 
1.03 1.01 1.01 1.01 1.03 1.05 1.04 1.02 1.06 1.03 1.03 1.01 1.02 1.03 1.03 1.01 1.04 1.01 1.06 1.05 
1.03 1.04 1.02 1.01 1.03 1.04 1.02 1.02 1.01 1.04 1.06 1.05 1.02 1.01 1.01 1.05 1.02 1.02 1.06 1.05 
1.04 1.06 1.02 1.06 1.02 1.06 1.06 1.02 1.01 1.04 1.04 1.02 1.04 1.02 1.05 1.01 1.05 1.01 1.01 1.04 
1.05 1.03 1.01 1.02 1.06 1.04 1.02 1.05 1.04 1.03 1.01 1.02 1.03 1.02 1.06 1.02 1.05 1.05 1.03 1.02 
1.02 1.05 1.04 1.03 1.04 1.06 1.04 1.05 1.02 1.01 1.06 1.01 1.01 1.04 1.01 1.04 1.03 1.06 1.02 1.03 
1.04 1.02 1.01 1.04 1.04 1.06 1.05 1.06 1.04 1.03 1.02 1.06 1.02 1.06 1.02 1.03 1.04 1.02 1.06 1.06 
1.05 1.06 1.02 1.01 1.06 1.06 1.04 1.05 1.06 1.02 1.06 1.06 1.05 1.01 1.04 1.06 1.03 1.02 1.04 1.02 
1.05 1.04 1.02 1.03 1.06 1.06 1.03 1.05 1.01 1.06 1.03 1.04 1.05 1.02 1.05 1.01 1.03 1.03 1.03 1.02 
1.03 1.02 1.02 1.01 1.06 1.04 1.04 1.01 1.03 1.01 1.04 1.06 1.05 1.03 1.05 1.04 1.01 1.03 1.04 1.03 
1.05 1.04 1.01 1.02 1.01 1.05 1.06 1.03 1.04 1.04 1.03 1.05 1.03 1.06 1.04 1.05 1.04 1.05 1.03 1.06 
1.03 1.02 1.05 1.04 1.01 1.01 1.03 1.04 1.04 1.01 1.01 1.04 1.06 1.02 1.03 1.03 1.05 1.01 1.05 1.04 
1.03 1.06 1.03 1.06 1.01 1.06 1.06 1.05 1.01 1.04 1.03 1.05 1.05 1.01 1.03 1.05 1.01 1.02 1.05 1.03 
1.01 1.06 1.04 1.06 1.03 1.03 1.06 1.02 1.05 1.02 1.02 1.01 1.02 1.03 1.03 1.02 1.01 1.04 1.06 1.06 
1.03 1.02 1.04 1.03 1.06 1.06 1.04 1.03 1.04 1.06 1.05 1.02 1.02 1.02 1.02 1.01 1.01 1.05 1.02 1.06 
1.04 1.02 1.06 1.05 1.03 1.05 1.01 1.02 1.06 1.06 1.03 1.05 1.03 1.01 1.04 1.04 1.03 1.04 1.01 1.01 
1.02 1.03 1.06 1.05 1.04 1.01 1.03 1.06 1.06 1.05 1.05 1.03 1.03 1.05 1.03 1.05 1.04 1.05 1.04 1.03 
1.05 1.04 1.02 1.01 1.04 1.05 1.01 1.02 1.02 1.01 1.06 1.01 1.05 1.01 1.06 1.01 1.02 1.02 1.03 1.02 
1.05 1.06 1.04 1.04 1.05 1.01 1.05 1.02 1.02 1.06 1.04 1.02 1.02 1.01 1.02 1.06 1.04 1.02 1.05 1.04 
1.04 1.02 1.05 1.02 1.04 1.05 1.01 1.02 1.05 1.01 1.03 1.02 1.05 1.06 1.05 1.05 1.05 1.01 1.03 1.05 
1.06 1.02 1.03 1.03 1.01 1.03 1.01 1.03 1.06 1.06 1.05 1.03 1.04 1.05 1.01 1.01 1.05 1.01 1.04 1.05 
1.05 1.05 1.03 1.05 1.04 1.03 1.04 1.01 1.03 1.03 1.02 1.02 1.05 1.06 1.04 1.02 1.05 1.06 1.01 1.02 
1.03 1.03 1.02 1.03 1.06 1.03 1.05 1.01 1.02 1.03 1.01 1.03 1.04 1.03 1.05 1.01 1.03 1.02 1.01 1.04 
1.01 1.06 1.01 1.02 1.05 1.04 1.05 1.02 1.02 1.04 1.02 1.05 1.05 1.03 1.06 1.03 1.02 1.06 1.03 1.03 
1.01 1.04 1.04 1.02 1.06 1.05 1.04 1.04 1.03 1.06 1.01 1.05 1.04 1.01 1.06 1.02 1.05 1.04 1.05 1.01 
1.06 1.05 1.01 1.01 1.05 1.05 1.03 1.03 1.01 1.04 1.01 1.06 1.01 1.02 1.02 1.04 1.01 1.01 1.04 1.05 
1.06 1.01 1.01 1.03 1.01 1.05 1.01 1.05 1.05 1.02 1.04 1.04 1.01 1.03 1.05 1.05 1.06 1.02 1.06 1.04 
1.04 1.01 1.04 1.01 1.05 1.03 1.02 1.06 1.01 1.01 1.04 1.06 1.01 1.06 1.01 1.04 1.02 1.03 1.02 1.02 
1.04 1.02 1.02 1.06 1.02 1.04 1.04 1.01 1.02 1.06 1.01 1.02 1.06 1.01 1.04 1.06 1.03 1.05 1.05 1.04 
1.02 1.01 1.02 1.04 1.02 1.03 1.05 1.03 1.01 1.05 1.03 1.06 1.01 1.04 1.04 1.03 1.01 1.02 1.02 1.02 
1.03 1.04 1.06 1.04 1.06 1.05 1.01 1.02 1.02 1.03 1.05 1.05 1.04 1.04 1.04 1.02 1.02 1.04 1.05 1.02 
1.03 1.04 1.03 1.04 1.04 1.06 1.04 1.01 1.03 1.05 1.03 1.04 1.04 1.06 1.03 1.01 1.04 1.03 1.03 1.06 
1.05 1.05 1.04 1.02 1.01 1.02 1.05 1.01 1.02 1.05 1.04 1.02 1.06 1.01 1.04 1.03 1.04 1.02 1.05 1.05 
1.05 1.04 1.04 1.04 1.02 1.06 1.03 1.03 1.04 1.02 1.01 1.05 1.02 1.05 1.02 1.02 1.02 1.03 1.05 1.02 
1.06 1.02 1.06 1.01 1.06 1.04 1.04 1.04 1.03 1.03 1.05 1.03 1.04 1.03 1.02 1.02 1.06 1.06 1.03 1.06 
1.05 1.05 1.04 1.06 1.06 1.06 1.01 1.02 1.04 1.05 1.06 1.05 1.01 1.01 1.05 1.02 1.01 1.04 1.05 1.01 
1.04 1.01 1.04 1.06 1.06 1.04 1.05 1.05 1.01 1.02 1.01 1.05 1.02 1.06 1.06 1.06 1.01 1.04 1.06 1.03 
1.06 1.04 1.03 1.03 1.04 1.02 1.04 1.06 1.02 1.05 1.04 1.05 1.02 1.04 1.01 1.03 1.03 1.05 1.03 1.04 
1.05 1.05 1.03 1.06 1.01 1.03 1.01 1.06 1.02 1.01 1.04 1.04 1.02 1.02 1.05 1.04 1.03 1.05 1.02 1.06 
1.04 1.05 1.03 1.01 1.01 1.04 1.02 1.03 1.04 1.06 1.04 1.06 1.06 1.05 1.03 1.04 1.03 1.02 1.01 1.04 
1.06 1.01 1.04 1.04 1.02 1.05 1.06 1.01 1.04 1.03 1.05 1.05 1.01 1.03 1.06 1.04 1.02 1.05 1.05 1.03 
1.04 1.05 1.06 1.02 1.01 1.05 1.04 1.02 1.01 1.05 1.03 1.01 1.05 1.04 1.01 1.05 1.05 1.03 1.04 1.04 
1.01 1.04 1.01 1.01 1.05 1.05 1.02 1.05 1.02 1.01 1.01 1.06 1.06 1.04 1.06 1.04 1.05 1.02 1.03 1.05 
1.01 1.05 1.01 1.05 1.06 1.05 1.01 1.06 1.02 1.02 1.03 1.04 1.02 1.03 1.01 1.05 1.02 1.06 1.06 1.01 
1.05 1.04 1.02 1.01 1.02 1.04 1.05 1.05 1.04 1.06 1.04 1.06 1.03 1.06 1.01 1.02 1.04 1.03 1.04 1.06 
1.05 1.01 1.03 1.02 1.01 1.05 1.03 1.01 1.05 1.06 1.02 1.01 1.04 1.03 1.04 1.01 1.03 1.03 1.03 1.03 
1.01 1.05 1.05 1.04 1.02 1.01 1.04 1.03 1.01 1.04 1.06 1.02 1.05 1.04 1.05 1.06 1.06 1.05 1.03 1.06 
1.06 1.02 1.02 1.05 1.02 1.02 1.02 1.04 1.02 1.03 1.02 1.06 1.01 1.05 1.06 1.06 1.03 1.02 1.02 1.01 
1.01 1.01 1.04 1.03 1.05 1.02 1.02 1.01 1.05 1.02 1.05 1.02 1.05 1.06 1.01 1.04 1.05 1.05 1.06 1.03 
1.01 1.04 1.01 1.05 1.06 1.02 1.06 1.03 1.03 1.02 1.06 1.02 1.03 1.04 1.05 1.02 1.06 1.04 1.02 1.05 
1.06 1.06 1.06 1.02 1.05 1.02 1.01 1.05 1.01 1.06 1.01 1.04 1.06 1.02 1.02 1.05 1.01 1.01 1.05 1.01 
1.03 1.05 1.05 1.04 1.06 1.05 1.03 1.04 1.06 1.02 1.01 1.05 1.02 1.02 1.01 1.03 1.05 1.06 1.02 1.03 
1.01 1.01 1.01 1.05 1.02 1.05 1.05 1.06 1.05 1.02 1.01 1.03 1.05 1.06 1.06 1.06 1.05 1.02 1.06 1.03 
1.03 1.06 1.01 1.01 1.04 1.01 1.06 1.05 1.05 1.06 1.05 1.01 1.04 1.04 1.06 1.05 1.06 1.01 1.05 1.06 
1.06 1.02 1.01 1.06 1.05 1.03 1.03 1.02 1.03 1.03 1.03 1.06 1.06 1.01 1.03 1.02 1.01 1.01 1.03 1.05 
1.03 1.03 1.02 1.06 1.03 1.03 1.01 1.01 1.01 1.04 1.06 1.06 1.02 1.03 1.02 1.03 1.06 1.01 1.06 1.01 
1.02 1.04 1.04 1.01 1.02 1.06 1.06 1.03 1.01 1.05 1.04 1.03 1.06 1.04 1.05 1.01 1.01 1.04 1.04 1.03 
1.03 1.05 1.04 1.06 1.04 1.06 1.06 1.05 1.01 1.04 1.03 1.03 1.02 1.05 1.05 1.06 1.02 1.05 1.04 1.05 
1.01 1.03 1.04 1.02 1.04 1.05 1.01 1.03 1.06 1.01 1.03 1.05 1.02 1.06 1.06 1.05 1.03 1.03 1.03 1.01 
1.05 1.03 1.04 1.04 1.04 1.05 1.06 1.06 1.02 1.03 1.05 1.05 1.01 1.03 1.05 1.02 1.01 1.05 1.04 1.01 
1.02 1.01 1.01 1.06 1.04 1.04 1.03 1.01 1.06 1.06 1.05 1.06 1.02 1.04 1.05 1.04 1.03 1.02 1.06 1.06 
1.01 1.04 1.03 1.03 1.06 1.01 1.03 1.06 1.03 1.04 1.02 1.03 1.04 1.06 1.01 1.04 1.04 1.04 1.01 1.04 
1.04 1.02 1.06 1.05 1.06 1.03 1.06 1.03 1.01 1.02 1.02 1.02 1.01 1.04 1.01 1.04 1.05 1.02 1.03 1.01 
1.03 1.02 1.06 1.06 1.03 1.02 1.04 1.04 1.01 1.02 1.06 1.03 1.01 1.03 1.06 1.02 1.03 1.06 1.03 1.02 
1.01 1.03 1.04 1.02 1.03 1.01 1.05 1.06 1.04 1.02 1.04 1.02 1.04 1.01 1.05 1.01 1.05 1.01 1.05 1.05 
1.04 1.02 1.02 1.01 1.03 1.02 1.03 1.02 1.05 1.05 1.02 1.04 1.06 1.05 1.04 1.01 1.06 1.01 1.01 1.04 
1.04 1.06 1.02 1.04 1.06 1.01 1.01 1.05 1.05 1.01 1.01 1.04 1.06 1.05 1.06 1.02 1.05 1.03 1.05 1.05 
1.02 1.02 1.02 1.02 1.06 1.06 1.06 1.05 1.02 1.02 1.06 1.04 1.01 1.03 1.03 1.03 1.04 1.05 1.06 1.01 
1.04 1.04 1.05 1.02 1.03 1.04 1.06 1.02 1.04 1.03 1.02 1.01 1.03 1.05 1.06 1.04 1.06 1.06 1.01 1.05 
1.04 1.03 1.04 1.03 1.02 1.05 1.04 1.02 1.01 1.05 1.06 1.06 1.06 1.06 1.06 1.02 1.01 1.01 1.04 1.06 
1.02 1.04 1.02 1.03 1.05 1.03 1.03 1.05 1.05 1.04 1.04 1.03 1.06 1.04 1.06 1.02 1.02 1.06 1.03 1.05 
1.01 1.06 1.02 1.01 1.05 1.04 1.01 1.01 1.02 1.03 1.05 1.04 1.02 1.02 1.06 1.04 1.01 1.02 1.05 1.02 
1.05 1.03 1.02 1.03 1.01 1.06 1.01 1.04 1.01 1.06 1.04 1.05 1.05 1.01 1.02 1.06 1.06 1.06 1.06 1.03 
1.06 1.04 1.05 1.05 1.05 1.06 1.01 1.04 1.01 1.04 1.02 1.06 1.03 1.03 1.06 1.03 1.06 1.04 1.04 1.06 
1.02 1.01 1.05 1.06 1.01 1.06 1.06 1.02 1.03 1.02 1.01 1.05 1.04 1.06 1.03 1.06 1.01 1.05 1.03 1.02 
1.04 1.05 1.03 1.06 1.05 1.01 1.05 1.01 1.05 1.02 1.03 1.06 1.04 1.02 1.01 1.05 1.02 1.03 1.05 1.06 
1.02 1.04 1.02 1.06 1.01 1.03 1.05 1.02 1.03 1.05 1.02 1.02 1.04 1.05 1.02 1.06 1.04 1.05 1.04 1.04 
1.03 1.04 1.02 1.05 1.03 1.02 1.03 1.03 1.01 1.02 1.03 1.01 1.03 1.04 1.02 1.03 1.03 1.05 1.05 1.04 
1.06 1.03 1.05 1.01 1.04 1.04 1.03 1.03 1.01 1.05 1.02 1.03 1.03 1.01 1.05 1.02 1.01 1.03 1.05 1.04 
1.06 1.05 1.05 1.06 1.01 1.06 1.02 1.01 1.01 1.02 1.06 1.03 1.06 1.01 1.06 1.03 1.05 1.04 1.05 1.05 
1.02 1.05 1.02 1.04 1.03 1.04 1.06 1.02 1.03 1.02 1.05 1.01 1.06 1.04 1.02 1.04 1.04 1.02 1.04 1.01 
1.02 1.06 1.04 1.04 1.05 1.04 1.03 1.03 1.01 1.01 1.03 1.05 1.04 1.04 1.04 1.02 1.06 1.01 1.05 1.02 
1.01 1.05 1.01 1.02 1.05 1.03 1.05 1.06 1.05 1.06 1.02 1.06 1.06 1.04 1.04 1.05 1.02 1.04 1.02 1.04 
1.01 1.02 1.03 1.01 1.01 1.02 1.04 1.05 1.05 1.05 1.02 1.03 1.05 1.02 1.02 1.02 1.06 1.01 1.04 1.01 
1.05 1.04 1.06 1.01 1.06 1.02 1.04 1.01 1.06 1.06 1.06 1.03 1.05 1.03 1.05 1.06 1.02 1.06 1.05 1.05 
1.06 1.06 1.06 1.02 1.03 1.03 1.06 1.03 1.06 1.04 1.02 1.03 1.01 1.01 1.03 1.05 1.02 1.05 1.06 1.01 
1.06 1.05 1.06 1.05 1.06 1.03 1.01 1.03 1.06 1.05 1.01 1.03 1.03 1.02 1.06 1.06 1.02 1.02 1.01 1.06 
1.01 1.02 1.02 1.03 1.03 1.05 1.01 1.06 1.03 1.06 1.05 1.02 1.03 1.03 1.02 1.06 1.03 1.05 1.05 1.05 
1.03 1.05 1.02 1.02 1.05 1.05 1.02 1.04 1.06 1.05 1.06 1.04 1.06 1.03 1.06 1.05 1.05 1.01 1.02 1.01 
1.04 1.05 1.01 1.03 1.05 1.03 1.04 1.05 1.06 1.03 1.04 1.03 1.02 1.03 1.05 1.04 1.05 1.01 1.04 1.06 
1.06 1.01 1.02 1.02 1.02 1.01 1.04 1.01 1.03 1.06 1.03 1.05 1.01 1.06 1.02 1.01 1.04 1.05 1.02 1.05 
1.02 1.03 1.01 1.03 1.02 1.04 1.04 1.06 1.06 1.02 1.01 1.03 1.05 1.04 1.03 1.03 1.01 1.06 1.01 1.04 
1.05 1.05 1.01 1.03 1.01 1.02 1.03 1.05 1.05 1.04 1.03 1.03 1.02 1.02 1.02 1.04 1.05 1.05 1.06 1.02 
1.01 1.02 1.01 1.06 1.06 1.01 1.01 1.03 1.06 1.04 1.05 1.01 1.05 1.05 1.04 1.04 1.01 1.04 1.02 1.01 
1.03 1.06 1.06 1.04 1.02 1.01 1.05 1.01 1.06 1.01 1.03 1.02 1.04 1.01 1.06 1.04 1.01 1.03 1.03 1.05 
1.02 1.02 1.03 1.06 1.03 1.04 1.06 1.04 1.03 1.02 1.01 1.04 1.04 1.05 1.01 1.03 1.05 1.04 1.05 1.05 
1.06 1.06 1.03 1.01 1.01 1.02 1.05 1.02 1.04 1.02 1.01 1.05 1.03 1.04 1.01 1.06 1.01 1.05 1.03 1.04 
1.01 1.03 1.01 1.04 1.03 1.05 1.06 1.05 1.01 1.06 1.06 1.05 1.03 1.01 1.01 1.05 1.03 1.05 1.06 1.03 
1.01 1.04 1.05 1.02 1.06 1.05 1.05 1.05 1.05 1.02 1.03 1.02 1.06 1.01 1.02 1.04 1.01 1.06 1.01 1.03 
1.01 1.03 1.02 1.06 1.06 1.02 1.01 1.02 1.01 1.05 1.01 1.02 1.04 1.05 1.01 1.04 1.03 1.02 1.06 1.02 
1.02 1.04 1.04 1.05 1.05 1.02 1.01 1.06 1.06 1.02 1.01 1.04 1.02 1.03 1.06 1.01 1.06 1.03 1.03 1.04 
1.03 1.03 1.01 1.05 1.03 1.03 1.04 1.02 1.05 1.03 1.06 1.01 1.03 1.05 1.04 1.05 1.05 1.02 1.06 1.05 
1.05 1.01 1.02 1.04 1.02 1.04 1.04 1.05 1.03 1.04 1.04 1.06 1.02 1.01 1.06 1.03 1.03 1.03 1.05 1.03 
1.03 1.02 1.05 1.03 1.01 1.02 1.03 1.01 1.05 1.03 1.01 1.04 1.04 1.02 1.04 1.04 1.06 1.04 1.04 1.03 
1.01 1.01 1.06 1.02 1.03 1.03 1.03 1.01 1.05 1.01 1.04 1.05 1.01 1.06 1.01 1.05 1.02 1.06 1.03 1.06 
1.05 1.01 1.01 1.05 1.06 1.03 1.04 1.05 1.03 1.03 1.05 1.01 1.03 1.06 1.03 1.03 1.04 1.02 1.06 1.06 
1.02 1.01 1.01 1.05 1.02 1.02 1.05 1.06 1.04 1.05 1.06 1.01 1.01 1.06 1.04 1.03 1.04 1.04 1.01 1.02 
1.01 1.02 1.01 1.06 1.04 1.03 1.02 1.01 1.04 1.02 1.03 1.01 1.02 1.03 1.02 1.05 1.03 1.04 1.02 1.03 
1.04 1.06 1.06 1.05 1.04 1.03 1.05 1.02 1.06 1.01 1.05 1.02 1.02 1.03 1.03 1.05 1.03 1.02 1.01 1.01 
1.04 1.02 1.05 1.05 1.01 1.03 1.02 1.06 1.04 1.05 1.06 1.04 1.01 1.01 1.05 1.04 1.03 1.06 1.04 1.03 
1.01 1.02 1.04 1.04 1.04 1.03 1.03 1.05 1.06 1.02 1.03 1.02 1.02 1.06 1.06 1.01 1.06 1.05 1.03 1.02 
1.01 1.01 1.03 1.04 1.05 1.01 1.02 1.05 1.06 1.02 1.03 1.06 1.06 1.03 1.04 1.01 1.03 1.05 1.05 1.03 
1.03 1.01 1.06 1.01 1.06 1.03 1.06 1.02 1.02 1.03 1.05 1.02 1.01 1.02 1.05 1.03 1.01 1.04 1.06 1.02 
1.02 1.02 1.01 1.04 1.03 1.06 1.01 1.02 1.01 1.01 1.02 1.06 1.06 1.04 1.06 1.03 1.05 1.01 1.06 1.01 
1.02 1.03 1.03 1.01 1.03 1.02 1.05 1.04 1.06 1.03 1.04 1.06 1.02 1.02 1.06 1.02 1.01 1.01 1.05 1.04 
1.04 1.05 1.04 1.01 1.03 1.02 1.04 1.06 1.06 1.04 1.04 1.06 1.05 1.01 1.04 1.04 1.04 1.01 1.02 1.01 
1.02 1.05 1.06 1.05 1.04 1.02 1.06 1.01 1.05 1.02 1.04 1.01 1.04 1.03 1.02 1.04 1.02 1.03 1.06 1.01 
1.04 1.06 1.02 1.04 1.05 1.02 1.02 1.04 1.03 1.03 1.03 1.05 1.06 1.03 1.02 1.06 1.05 1.01 1.02 1.04 
1.05 1.04 1.02 1.06 1.01 1.03 1.06 1.04 1.03 1.05 1.05 1.04 1.01 1.02 1.01 1.04 1.04 1.02 1.01 1.01 
1.04 1.02 1.01 1.03 1.05 1.06 1.05 1.06 1.02 1.02 1.04 1.03 1.02 1.05 1.01 1.04 1.01 1.02 1.06 1.01 
1.02 1.01 1.01 1.06 1.02 1.02 1.02 1.01 1.03 1.02 1.02 1.04 1.05 1.06 1.05 1.05 1.05 1.04 1.03 1.01 
1.03 1.01 1.06 1.03 1.04 1.01 1.05 1.06 1.04 1.03 1.01 1.06 1.05 1.01 1.06 1.03 1.06 1.01 1.03 1.02 
1.05 1.05 1.03 1.05 1.01 1.04 1.02 1.06 1.05 1.06 1.02 1.06 1.01 1.03 1.01 1.03 1.06 1.04 1.03 1.05 
1.06 1.06 1.01 1.01 1.03 1.06 1.03 1.06 1.05 1.04 1.06 1.02 1.04 1.04 1.04 1.05 1.05 1.06 1.03 1.04 
1.02 1.05 1.05 1.03 1.03 1.04 1.02 1.02 1.05 1.02 1.02 1.01 1.04 1.04 1.04 1.02 1.05 1.04 1.02 1.02 
1.06 1.01 1.06 1.04 1.03 1.06 1.03 1.06 1.03 1.04 1.01 1.02 1.02 1.03 1.02 1.05 1.03 1.06 1.03 1.04 
1.03 1.03 1.04 1.05 1.03 1.05 1.01 1.01 1.06 1.06 1.05 1.04 1.01 1.05 1.05 1.02 1.01 1.03 1.03 1.05 
1.02 1.02 1.02 1.02 1.03 1.05 1.04 1.04 1.03 1.01 1.06 1.01 1.03 1.03 1.01 1.03 1.02 1.01 1.02 1.03 
1.02 1.02 1.05 1.01 1.01 1.01 1.05 1.01 1.06 1.02 1.01 1.03 1.03 1.02 1.02 1.03 1.06 1.03 1.01 1.03 
1.04 1.01 1.03 1.05 1.03 1.05 1.04 1.02 1.05 1.06 1.01 1.04 1.05 1.06 1.03 1.05 1.01 1.06 1.02 1.03 
1.02 1.06 1.03 1.06 1.06 1.02 1.06 1.04 1.06 1.05 1.03 1.01 1.05 1.02 1.02 1.04 1.04 1.01 1.01 1.06 
1.06 1.01 1.01 1.02 1.04 1.06 1.02 1.03 1.05 1.03 1.01 1.04 1.06 1.03 1.01 1.05 1.06 1.04 1.02 1.04 
1.04 1.02 1.03 1.01 1.05 1.06 1.06 1.03 1.03 1.03 1.06 1.02 1.04 1.02 1.06 1.03 1.06 1.02 1.06 1.06 
1.01 1.06 1.04 1.03 1.03 1.04 1.01 1.06 1.06 1.01 1.02 1.04 1.05 1.02 1.03 1.02 1.02 1.02 1.04 1.04 
1.06 1.01 1.05 1.01 1.02 1.04 1.03 1.06 1.02 1.03 1.01 1.05 1.04 1.04 1.03 1.05 1.06 1.03 1.04 1.04 
1.02 1.01 1.01 1.04 1.05 1.04 1.02 1.02 1.06 1.02 1.06 1.04 1.06 1.01 1.03 1.02 1.06 1.05 1.02 1.01 
1.06 1.01 1.05 1.01 1.06 1.03 1.02 1.06 1.06 1.02 1.06 1.05 1.06 1.06 1.05 1.01 1.06 1.04 1.04 1.06 
1.03 1.05 1.04 1.03 1.04 1.05 1.01 1.02 1.03 1.06 1.03 1.06 1.05 1.05 1.04 1.05 1.03 1.03 1.03 1.06 
1.05 1.05 1.03 1.06 1.03 1.02 1.03 1.01 1.03 1.05 1.01 1.03 1.01 1.04 1.05 1.03 1.04 1.05 1.03 1.05 
1.04 1.05 1.01 1.03 1.02 1.04 1.06 1.04 1.05 1.04 1.01 1.04 1.01 1.01 1.06 1.02 1.02 1.05 1.03 1.01 
1.03 1.03 1.02 1.02 1.02 1.03 1.05 1.01 1.06 1.05 1.01 1.06 1.01 1.06 1.02 1.05 1.01 1.04 1.05 1.03 
1.05 1.02 1.01 1.04 1.03 1.04 1.04 1.04 1.02 1.03 1.03 1.01 1.02 1.06 1.01 1.05 1.06 1.04 1.06 1.04 
1.06 1.06 1.03 1.02 1.01 1.06 1.04 1.04 1.05 1.05 1.01 1.01 1.02 1.05 1.02 1.01 1.02 1.01 1.03 1.03 
1.06 1.06 1.02 1.02 1.03 1.02 1.04 1.06 1.03 1.02 1.05 1.04 1.01 1.04 1.06 1.06 1.03 1.06 1.06 1.03 
1.06 1.05 1.02 1.06 1.02 1.05 1.06 1.06 1.06 1.03 1.03 1.01 1.02 1.06 1.02 1.05 1.01 1.05 1.05 1.03 
