20
200
20 75 68 57 67 35 95 16 89 23 69 57 20 22 29 70 72 7 9 38 96 22 67 84 6 63 35 80 52 73 96 37 98 62 58 7 18 97 99 39 38 8 89 10 53 23 12 50 85 69 64 95 95 25 8 64 75 7 8 100 53 80 53 16 61 4 55 69 47 87 71 95 46 38 62 60 13 46 68 45 18 9 97 44 51 84 54 69 75 45 7 2 46 50 47 45 15 73 95 23 41 61 4 35 51 57 15 87 53 100 6 55 100 68 81 88 33 11 19 3 85 35 42 9 47 61 63 29 78 41 85 36 20 59 71 84 72 77 46 96 84 3 22 83 38 51 24 28 40 3 7 45 57 71 93 70 62 11 41 75 13 16 71 68 97 66 7 41 66 70 17 15 14 61 28 78 48 61 74 83 65 70 80 79 28 43 78 29 33 74 5 68 93 98 31 36 11 52 95 47 
2 3 2 2 1 1 1 2 1 3 2 2 3 1 2 1 1 3 2 1 
1.04 1.06 1.01 1.04 1.04 1.03 1.04 1.04 1.01 1.06 1.04 1.04 1.02 1.05 1.02 1.05 1.01 1.02 1.06 1.03 
1.02 1.01 1.06 1.06 1.03 1.01 1.05 1.04 1.02 1.04 1.06 1.02 1.01 1.06 1.02 1.02 1.02 1.01 1.05 1.01 
1.03 1.03 1.03 1.05 1.03 1.04 1.04 1.01 1.05 1.04 1.05 1.03 1.01 1.04 1.02 1.06 1.02 1.06 1.05 1.05 
1.03 1.06 1.03 1.01 1.06 1.03 1.03 1.03 1.05 1.03 1.02 1.06 1.01 1.01 1.04 1.02 1.01 1.01 1.04 1.02 
1.01 1.04 1.04 1.06 1.01 1.04 1.05 1.04 1.01 1.04 1.03 1.03 1.05 1.02 1.05 1.02 1.02 1.03 1.02 1.06 
1.01 1.05 1.03 1.03 1.03 1.06 1.01 1.03 1.01 1.01 1.02 1.06 1.02 1.05 1.01 1.06 1.04 1.04 1.05 1.01 
1.04 1.05 1.04 1.03 1.02 1.06 1.04 1.02 1.06 1.01 1.01 1.02 1.02 1.01 1.06 1.03 1.03 1.03 1.06 1.01 
1.01 1.03 1.04 1.06 1.04 1.03 1.04 1.04 1.05 1.02 1.03 1.06 1.02 1.05 1.02 1.05 1.04 1.03 1.05 1.02 
1.03 1.05 1.04 1.02 1.04 1.01 1.05 1.02 1.05 1.01 1.04 1.01 1.06 1.03 1.01 1.06 1.03 1.05 1.03 1.05 
1.03 1.03 1.01 1.02 1.06 1.03 1.01 1.03 1.05 1.01 1.05 1.06 1.05 1.01 1.03 1.01 1.03 1.01 1.06 1.01 
1.04 1.04 1.04 1.02 1.01 1.03 1.02 1.03 1.02 1.03 1.05 1.06 1.06 1.04 1.03 1.04 1.05 1.02 1.02 1.01 
1.06 1.03 1.05 1.05 1.04 1.01 1.05 1.03 1.05 1.01 1.01 1.02 1.01 1.03 1.04 1.01 1.04 1.05 1.05 1.06 
1.04 1.03 1.01 1.02 1.01 1.01 1.06 1.02 1.01 1.02 1.05 1.02 1.05 1.05 1.03 1.01 1.03 1.03 1.01 1.05 
1.02 1.03 1.04 1.06 1.05 1.04 1.04 1.02 1.04 1.05 1.04 1.06 1.04 1.01 1.05 1.04 1.06 1.01 1.06 1.03 
1.01 1.06 1.02 1.02 1.03 1.04 1.01 1.06 1.01 1.03 1.01 1.03 1.04 1.04 1.05 1.04 1.04 1.05 1.04 1.01 
1.06 1.02 1.01 1.02 1.05 1.02 1.05 1.05 1.04 1.04 1.06 1.03 1.06 1.02 1.02 1.05 1.05 1.06 1.05 1.05 
1.01 1.02 1.05 1.03 1.03 1.02 1.06 1.05 1.02 1.04 1.05 1.03 1.02 1.04 1.02 1.04 1.05 1.04 1.01 1.03 
1.06 1.01 1.02 1.03 1.02 1.04 1.01 1.05 1.04 1.04 1.01 1.06 1.06 1.06 1.06 1.06 1.02 1.04 1.04 1.02 
1.02 1.01 1.02 1.04 1.05 1.01 1.01 1.03 1.06 1.06 1.06 1.05 1.01 1.02 1.02 1.01 1.05 1.04 1.05 1.05 
1.04 1.02 1.03 1.03 1.02 1.06 1.06 1.05 1.04 1.06 1.02 1.03 1.05 1.02 1.06 1.03 1.02 1.03 1.04 1.05 
1.03 1.03 1.04 1.05 1.01 1.06 1.01 1.02 1.02 1.02 1.03 1.05 1.05 1.01 1.05 1.04 1.05 1.01 1.01 1.02 
1.04 1.05 1.04 1.01 1.04 1.03 1.06 1.01 1.05 1.02 1.06 1.01 1.01 1.01 1.01 1.06 1.04 1.04 1.03 1.03 
1.06 1.03 1.05 1.02 1.03 1.04 1.06 1.06 1.06 1.01 1.04 1.05 1.04 1.05 1.04 1.06 1.06 1.04 1.05 1.03 
1.04 1.04 1.02 1.03 1.06 1.02 1.04 1.06 1.02 1.03 1.04 1.05 1.05 1.05 1.04 1.04 1.04 1.04 1.03 1.05 
1.02 1.06 1.05 1.05 1.06 1.03 1.03 1.05 1.03 1.06 1.02 1.06 1.02 1.01 1.05 1.02 1.05 1.06 1.02 1.02 
1.05 1.06 1.05 1.03 1.06 1.03 1.04 1.06 1.06 1.02 1.06 1.06 1.05 1.02 1.03 1.04 1.01 1.03 1.03 1.04 
1.03 1.03 1.04 1.06 1.04 1.03 1.01 1.01 1.05 1.03 1.05 1.01 1.03 1.01 1.06 1.01 1.02 1.06 1.05 1.01 
1.02 1.04 1.05 1.05 1.01 1.03 1.02 1.03 1.04 1.04 1.04 1.06 1.01 1.06 1.02 1.06 1.06 1.04 1.05 1.06 
1.02 1.02 1.01 1.01 1.03 1.01 1.01 1.02 1.06 1.04 1.06 1.02 1.05 1.01 1.03 1.05 1.05 1.04 1.04 1.02 
1.04 1.02 1.01 1.04 1.04 1.06 1.06 1.06 1.03 1.05 1.03 1.04 1.05 1.04 1.01 1.03 1.04 1.06 1.03 1.04 
1.06 1.03 1.05 1.06 1.06 1.03 1.06 1.05 1.01 1.03 1.02 1.05 1.03 1.06 1.04 1.06 1.02 1.04 1.02 1.04 
1.06 1.04 1.01 1.05 1.06 1.01 1.01 1.03 1.05 1.06 1.02 1.01 1.06 1.03 1.02 1.02 1.05 1.06 1.06 1.04 
1.01 1.03 1.04 1.03 1.03 1.04 1.03 1.06 1.06 1.03 1.06 1.05 1.02 1.03 1.04 1.02 1.02 1.06 1.01 1.04 
1.02 1.06 1.05 1.06 1.05 1.06 1.04 1.01 1.03 1.06 1.04 1.03 1.01 1.06 1.06 1.03 1.02 1.04 1.01 1.01 
1.01 1.05 1.01 1.02 1.01 1.02 1.06 1.01 1.04 1.01 1.03 1.04 1.01 1.05 1.02 1.04 1.04 1.03 1.05 1.01 
1.04 1.01 1.06 1.01 1.02 1.03 1.03 1.05 1.04 1.04 1.04 1.01 1.03 1.03 1.04 1.04 1.05 1.03 1.03 1.05 
1.02 1.06 1.06 1.06 1.05 1.02 1.01 1.04 1.06 1.02 1.03 1.03 1.03 1.03 1.06 1.03 1.05 1.02 1.01 1.01 
1.01 1.06 1.05 1.05 1.06 1.06 1.03 1.02 1.03 1.02 1.01 1.03 1.03 1.01 1.04 1.01 1.03 1.02 1.01 1.05 
1.01 1.02 1.03 1.02 1.01 1.06 1.03 1.01 1.06 1.02 1.02 1.06 1.01 1.02 1.02 1.04 1.01 1.06 1.02 1.02 
1.06 1.01 1.01 1.02 1.06 1.02 1.01 1.04 1.02 1.01 1.06 1.01 1.02 1.01 1.02 1.01 1.04 1.04 1.03 1.02 
1.06 1.03 1.05 1.02 1.04 1.02 1.01 1.03 1.01 1.02 1.05 1.02 1.05 1.05 1.04 1.05 1.03 1.02 1.05 1.02 
1.02 1.05 1.01 1.02 1.04 1.02 1.04 1.03 1.03 1.04 1.03 1.05 1.04 1.06 1.04 1.06 1.06 1.05 1.03 1.05 
1.05 1.02 1.03 1.01 1.02 1.04 1.06 1.02 1.02 1.03 1.06 1.05 1.06 1.03 1.06 1.02 1.01 1.05 1.01 1.05 
1.06 1.04 1.05 1.01 1.04 1.01 1.02 1.03 1.06 1.03 1.04 1.01 1.02 1.04 1.05 1.01 1.02 1.05 1.03 1.02 
1.03 1.06 1.03 1.02 1.03 1.01 1.01 1.02 1.03 1.06 1.01 1.04 1.04 1.03 1.01 1.05 1.03 1.03 1.04 1.02 
1.05 1.02 1.02 1.06 1.06 1.05 1.02 1.01 1.02 1.02 1.03 1.01 1.05 1.06 1.03 1.01 1.03 1.06 1.01 1.04 
1.01 1.06 1.02 1.04 1.02 1.04 1.04 1.04 1.01 1.06 1.05 1.02 1.04 1.06 1.04 1.01 1.05 1.01 1.03 1.02 
1.04 1.02 1.05 1.01 1.06 1.01 1.01 1.04 1.03 1.03 1.02 1.06 1.02 1.05 1.04 1.04 1.02 1.05 1.02 1.05 
1.03 1.02 1.05 1.03 1.03 1.05 1.03 1.02 1.02 1.03 1.03 1.01 1.02 1.04 1.02 1.05 1.02 1.03 1.01 1.02 
1.01 1.01 1.04 1.06 1.04 1.02 1.01 1.06 1.05 1.02 1.06 1.06 1.02 1.01 1.01 1.04 1.06 1.05 1.06 1.06 
1.04 1.03 1.01 1.05 1.01 1.02 1.04 1.02 1.03 1.04 1.03 1.04 1.03 1.01 1.06 1.01 1.06 1.01 1.03 1.01 
1.02 1.06 1.06 1.02 1.06 1.05 1.02 1.03 1.04 1.02 1.03 1.04 1.01 1.06 1.02 1.06 1.02 1.01 1.05 1.05 
1.06 1.02 1.06 1.06 1.06 1.01 1.06 1.03 1.03 1.05 1.02 1.01 1.05 1.02 1.06 1.05 1.02 1.02 1.04 1.01 
1.02 1.01 1.02 1.05 1.02 1.06 1.01 1.03 1.02 1.05 1.05 1.03 1.03 1.02 1.02 1.02 1.04 1.02 1.06 1.03 
1.01 1.04 1.04 1.02 1.01 1.06 1.03 1.03 1.01 1.06 1.01 1.02 1.06 1.06 1.03 1.06 1.02 1.05 1.06 1.02 
1.01 1.04 1.06 1.06 1.02 1.03 1.05 1.01 1.05 1.02 1.01 1.03 1.01 1.04 1.06 1.06 1.02 1.01 1.01 1.01 
1.01 1.02 1.02 1.03 1.01 1.02 1.02 1.04 1.01 1.01 1.01 1.01 1.01 1.05 1.03 1.02 1.01 1.05 1.02 1.02 
1.01 1.03 1.04 1.02 1.04 1.04 1.03 1.02 1.05 1.03 1.06 1.02 1.02 1.04 1.05 1.01 1.06 1.06 1.06 1.04 
1.02 1.02 1.04 1.03 1.02 1.04 1.01 1.04 1.01 1.01 1.02 1.05 1.03 1.05 1.05 1.01 1.04 1.01 1.01 1.04 
1.05 1.06 1.05 1.04 1.03 1.06 1.06 1.04 1.05 1.02 1.01 1.02 1.06 1.05 1.06 1.05 1.06 1.01 1.06 1.06 
1.03 1.01 1.05 1.01 1.06 1.06 1.04 1.03 1.06 1.05 1.04 1.04 1.04 1.04 1.02 1.03 1.03 1.04 1.06 1.03 
1.01 1.04 1.01 1.01 1.05 1.05 1.04 1.06 1.03 1.02 1.06 1.05 1.04 1.01 1.06 1.04 1.01 1.04 1.01 1.05 
1.03 1.05 1.05 1.02 1.05 1.01 1.03 1.04 1.05 1.04 1.02 1.04 1.05 1.02 1.02 1.04 1.06 1.02 1.02 1.05 
1.05 1.01 1.04 1.06 1.06 1.05 1.06 1.06 1.04 1.03 1.02 1.02 1.03 1.05 1.06 1.05 1.05 1.05 1.01 1.01 
1.06 1.06 1.03 1.04 1.03 1.02 1.03 1.06 1.06 1.05 1.06 1.02 1.04 1.01 1.02 1.02 1.05 1.05 1.04 1.03 
1.01 1.01 1.03 1.03 1.03 1.06 1.01 1.01 1.04 1.06 1.04 1.05 1.04 1.02 1.01 1.01 1.02 1.05 1.01 1.02 
1.05 1.04 1.04 1.03 1.06 1.04 1.02 1.04 1.02 1.02 1.04 1.04 1.05 1.06 1.04 1.04 1.03 1.02 1.03 1.04 
1.04 1.01 1.05 1.04 1.05 1.04 1.04 1.02 1.03 1.01 1.04 1.01 1.01 1.05 1.03 1.01 1.06 1.03 1.03 1.04 
1.02 1.02 1.03 1.05 1.01 1.05 1.06 1.02 1.04 1.06 1.02 1.04 1.03 1.02 1.04 1.02 1.04 1.03 1.02 1.06 
1.06 1.03 1.04 1.04 1.03 1.06 1.02 1.04 1.05 1.06 1.03 1.03 1.04 1.04 1.01 1.01 1.05 1.06 1.02 1.04 
1.03 1.01 1.04 1.04 1.05 1.05 1.03 1.06 1.06 1.03 1.05 1.04 1.06 1.01 1.05 1.02 1.06 1.05 1.04 1.01 
1.04 1.02 1.05 1.01 1.02 1.01 1.02 1.04 1.06 1.03 1.03 1.05 1.06 1.01 1.06 1.06 1.02 1.06 1.03 1.01 
1.01 1.02 1.02 1.03 1.05 1.06 1.01 1.06 1.03 1.04 1.06 1.03 1.01 1.03 1.01 1.06 1.06 1.01 1.03 1.03 
1.01 1.04 1.03 1.02 1.02 1.01 1.04 1.01 1.06 1.01 1.02 1.01 1.02 1.04 1.05 1.04 1.06 1.06 1.05 1.04 
1.06 1.02 1.01 1.03 1.06 1.05 1.05 1.05 1.04 1.06 1.06 1.03 1.04 1.03 1.04 1.02 1.01 1.01 1.01 1.01 
1.01 1.02 1.05 1.06 1.02 1.03 1.06 1.04 1.04 1.02 1.02 1.03 1.02 1.01 1.02 1.04 1.06 1.06 1.02 1.05 
1.04 1.04 1.03 1.01 1.02 1.04 1.05 1.04 1.02 1.06 1.05 1.05 1.01 1.03 1.04 1.03 1.05 1.05 1.01 1.01 
1.03 1.06 1.02 1.04 1.02 1.02 1.06 1.04 1.06 1.05 1.02 1.04 1.02 1.03 1.03 1.02 1.02 1.01 1.03 1.03 
1.06 1.04 1.04 1.04 1.06 1.03 1.01 1.06 1.02 1.04 1.01 1.06 1.04 1.03 1.05 1.04 1.06 1.04 1.06 1.02 
1.03 1.06 1.03 1.04 1.01 1.03 1.02 1.01 1.06 1.05 1.01 1.02 1.01 1.05 1.01 1.01 1.02 1.03 1.01 1.04 
1.06 1.01 1.06 1.06 1.01 1.05 1.02 1.02 1.03 1.01 1.06 1.02 1.01 1.04 1.04 1.02 1.06 1.04 1.02 1.05 
1.01 1.04 1.05 1.01 1.06 1.01 1.04 1.03 1.05 1.03 1.06 1.04 1.01 1.05 1.02 1.06 1.05 1.05 1.01 1.03 
1.01 1.03 1.06 1.06 1.02 1.04 1.03 1.03 1.04 1.05 1.06 1.02 1.03 1.04 1.03 1.05 1.04 1.06 1.03 1.01 
1.06 1.04 1.04 1.03 1.06 1.02 1.06 1.03 1.05 1.03 1.04 1.04 1.05 1.01 1.04 1.01 1.02 1.06 1.04 1.03 
1.05 1.06 1.04 1.03 1.03 1.01 1.03 1.01 1.03 1.04 1.01 1.06 1.04 1.06 1.03 1.04 1.05 1.03 1.03 1.06 
1.01 1.03 1.06 1.03 1.05 1.06 1.01 1.04 1.01 1.02 1.06 1.03 1.02 1.03 1.05 1.04 1.04 1.03 1.01 1.04 
1.04 1.03 1.06 1.06 1.02 1.01 1.04 1.01 1.01 1.02 1.01 1.02 1.06 1.03 1.03 1.03 1.06 1.02 1.06 1.04 
1.01 1.04 1.06 1.03 1.05 1.02 1.05 1.05 1.04 1.04 1.06 1.01 1.02 1.06 1.02 1.02 1.02 1.03 1.02 1.01 
1.03 1.03 1.06 1.01 1.05 1.05 1.06 1.04 1.05 1.04 1.01 1.02 1.04 1.02 1.06 1.03 1.05 1.03 1.02 1.04 
1.02 1.02 1.03 1.04 1.05 1.01 1.02 1.03 1.04 1.05 1.03 1.02 1.01 1.02 1.05 1.04 1.06 1.06 1.01 1.04 
1.06 1.02 1.02 1.04 1.06 1.05 1.02 1.01 1.01 1.04 1.05 1.03 1.02 1.01 1.05 1.06 1.06 1.02 1.03 1.06 
1.01 1.05 1.03 1.03 1.04 1.02 1.02 1.04 1.02 1.03 1.06 1.04 1.04 1.02 1.05 1.02 1.03 1.06 1.02 1.03 
1.03 1.05 1.02 1.01 1.05 1.01 1.01 1.01 1.05 1.05 1.01 1.06 1.04 1.04 1.03 1.04 1.06 1.01 1.05 1.06 
1.04 1.04 1.02 1.05 1.04 1.06 1.05 1.03 1.02 1.03 1.06 1.02 1.04 1.01 1.03 1.05 1.04 1.05 1.03 1.04 
1.03 1.06 1.06 1.06 1.03 1.02 1.05 1.06 1.04 1.04 1.04 1.02 1.04 1.02 1.03 1.03 1.05 1.02 1.01 1.01 
1.02 1.01 1.06 1.06 1.02 1.02 1.01 1.02 1.06 1.05 1.03 1.05 1.01 1.05 1.02 1.03 1.01 1.02 1.05 1.04 
1.01 1.05 1.06 1.04 1.04 1.03 1.04 1.06 1.01 1.06 1.06 1.05 1.06 1.04 1.04 1.06 1.02 1.03 1.05 1.04 
1.01 1.05 1.03 1.01 1.05 1.02 1.05 1.01 1.01 1.02 1.06 1.01 1.02 1.01 1.06 1.04 1.03 1.03 1.05 1.05 
1.04 1.06 1.01 1.04 1.02 1.06 1.04 1.03 1.03 1.03 1.03 1.04 1.03 1.01 1.02 1.05 1.04 1.03 1.01 1.03 
1.01 1.06 1.02 1.02 1.01 1.06 1.06 1.02 1.06 1.02 1.02 1.02 1.05 1.06 1.03 1.03 1.02 1.01 1.02 1.05 
1.03 1.02 1.01 1.03 1.06 1.05 1.01 1.02 1.04 1.04 1.06 1.01 1.04 1.05 1.03 1.05 1.06 1.06 1.04 1.01 
1.02 1.02 1.06 1.06 1.05 1.05 1.05 1.05 1.01 1.05 1.02 1.04 1.05 1.04 1.05 1.02 1.02 1.03 1.04 1.03 
1.06 1.06 1.02 1.04 1.01 1.04 1.02 1.03 1.02 1.06 1.02 1.03 1.04 1.03 1.05 1.02 1.02 1.05 1.02 1.06 
1.04 1.06 1.03 1.06 1.02 1.04 1.05 1.06 1.03 1.01 1.01 1.02 1.01 1.05 1.03 1.04 1.04 1.05 1.04 1.05 
1.04 1.01 1.03 1.03 1.02 1.06 1.03 1.01 1.05 1.05 1.01 1.03 1.02 1.01 1.04 1.01 1.06 1.01 1.04 1.04 
1.02 1.04 1.05 1.02 1.05 1.05 1.05 1.06 1.06 1.03 1.01 1.02 1.05 1.03 1.04 1.04 1.02 1.03 1.04 1.06 
1.01 1.04 1.06 1.06 1.01 1.02 1.01 1.06 1.04 1.01 1.01 1.05 1.04 1.06 1.02 1.03 1.01 1.04 1.01 1.05 
1.06 1.02 1.05 1.05 1.03 1.01 1.05 1.05 1.05 1.05 1.01 1.04 1.02 1.05 1.01 1.06 1.03 1.06 1.06 1.03 
1.03 1.03 1.04 1.01 1.04 1.03 1.02 1.05 1.02 1.04 1.04 1.05 1.02 1.04 1.04 1.03 1.01 1.03 1.04 1.01 
1.02 1.03 1.03 1.04 1.03 1.03 1.02 1.05 1.06 1.04 1.06 1.03 1.05 1.03 1.03 1.03 1.04 1.01 1.03 1.05 
1.06 1.06 1.06 1.05 1.02 1.03 1.04 1.05 1.04 1.05 1.05 1.05 1.03 1.05 1.06 1.06 1.03 1.04 1.04 1.06 
1.02 1.04 1.03 1.06 1.06 1.05 1.02 1.06 1.06 1.06 1.02 1.04 1.02 1.03 1.01 1.05 1.05 1.03 1.02 1.02 
1.04 1.05 1.02 1.02 1.03 1.01 1.02 1.01 1.04 1.03 1.02 1.06 1.05 1.06 1.01 1.02 1.03 1.05 1.06 1.01 
1.01 1.04 1.02 1.04 1.05 1.03 1.04 1.04 1.06 1.06 1.05 1.03 1.01 1.01 1.06 1.06 1.03 1.03 1.05 1.05 
1.05 1.05 1.06 1.01 1.03 1.05 1.06 1.06 1.03 1.03 1.02 1.01 1.04 1.03 1.03 1.01 1.05 1.03 1.01 1.06 
1.02 1.02 1.01 1.04 1.02 1.03 1.02 1.04 1.05 1.05 1.06 1.04 1.03 1.02 1.02 1.02 1.04 1.02 1.01 1.01 
1.01 1.05 1.06 1.05 1.02 1.05 1.01 1.02 1.01 1.03 1.06 1.06 1.03 1.03 1.06 1.04 1.06 1.05 1.02 1.04 
1.02 1.04 1.04 1.01 1.02 1.05 1.04 1.05 1.06 1.05 1.01 1.03 1.03 1.05 1.04 1.06 1.05 1.06 1.06 1.02 
1.03 1.01 1.01 1.01 1.05 1.05 1.06 1.02 1.06 1.05 1.04 1.05 1.06 1.04 1.05 1.01 1.04 1.06 1.03 1.01 
1.02 1.05 1.02 1.06 1.06 1.04 1.02 1.02 1.06 1.01 1.01 1.03 1.01 1.03 1.05 1.05 1.04 1.03 1.02 1.01 
1.04 1.06 1.01 1.05 1.06 1.05 1.01 1.02 1.04 1.01 1.02 1.02 1.05 1.04 1.02 1.05 1.01 1.02 1.05 1.04 
1.06 1.04 1.06 1.04 1.05 1.03 1.05 1.05 1.03 1.03 1.01 1.06 1.06 1.06 1.05 1.06 1.05 1.04 1.04 1.04 
1.03 1.05 1.02 1.05 1.06 1.04 1.01 1.04 1.02 1.06 1.03 1.04 1.01 1.03 1.05 1.06 1.02 1.03 1.03 1.05 
1.06 1.01 1.05 1.04 1.06 1.04 1.06 1.04 1.03 1.03 1.01 1.04 1.04 1.02 1.02 1.03 1.05 1.03 1.04 1.02 
1.04 1.05 1.04 1.03 1.04 1.06 1.05 1.02 1.04 1.05 1.03 1.02 1.03 1.05 1.02 1.06 1.02 1.05 1.05 1.06 
1.03 1.02 1.02 1.06 1.05 1.05 1.01 1.05 1.04 1.01 1.04 1.06 1.01 1.01 1.01 1.03 1.01 1.03 1.03 1.01 
1.05 1.02 1.03 1.02 1.01 1.03 1.04 1.02 1.06 1.05 1.02 1.06 1.04 1.01 1.03 1.01 1.02 1.04 1.06 1.04 
1.04 1.02 1.01 1.05 1.02 1.02 1.01 1.05 1.06 1.04 1.01 1.03 1.02 1.04 1.02 1.06 1.04 1.01 1.04 1.03 
1.04 1.02 1.06 1.04 1.04 1.05 1.01 1.05 1.01 1.04 1.04 1.04 1.02 1.02 1.03 1.04 1.04 1.03 1.04 1.06 
1.06 1.05 1.01 1.06 1.04 1.06 1.03 1.05 1.03 1.03 1.04 1.03 1.04 1.01 1.05 1.06 1.03 1.06 1.01 1.06 
1.02 1.05 1.02 1.04 1.01 1.05 1.04 1.04 1.01 1.01 1.02 1.06 1.03 1.01 1.06 1.01 1.03 1.01 1.02 1.06 
1.01 1.04 1.02 1.01 1.02 1.01 1.03 1.01 1.03 1.02 1.03 1.02 1.01 1.01 1.04 1.04 1.01 1.02 1.05 1.04 
1.03 1.02 1.06 1.06 1.05 1.02 1.04 1.04 1.04 1.01 1.05 1.02 1.06 1.04 1.03 1.01 1.05 1.04 1.05 1.02 
1.05 1.04 1.03 1.03 1.04 1.02 1.02 1.03 1.02 1.03 1.02 1.06 1.03 1.05 1.02 1.02 1.04 1.06 1.03 1.06 
1.02 1.04 1.06 1.04 1.01 1.01 1.04 1.03 1.02 1.01 1.03 1.04 1.01 1.06 1.03 1.06 1.05 1.06 1.04 1.03 
1.02 1.02 1.05 1.05 1.04 1.02 1.06 1.03 1.05 1.03 1.01 1.04 1.03 1.01 1.04 1.05 1.05 1.03 1.03 1.01 
1.04 1.02 1.03 1.04 1.01 1.02 1.04 1.02 1.02 1.06 1.03 1.01 1.05 1.03 1.01 1.03 1.03 1.03 1.02 1.01 
1.03 1.01 1.05 1.01 1.04 1.01 1.05 1.03 1.05 1.02 1.04 1.02 1.03 1.05 1.02 1.02 1.02 1.04 1.01 1.06 
1.01 1.01 1.06 1.02 1.05 1.06 1.06 1.04 1.03 1.02 1.05 1.05 1.06 1.02 1.04 1.06 1.02 1.02 1.01 1.01 
1.03 1.02 1.04 1.02 1.05 1.04 1.02 1.02 1.01 1.04 1.03 1.06 1.04 1.03 1.05 1.04 1.06 1.03 1.05 1.03 
1.04 1.03 1.01 1.06 1.03 1.06 1.04 1.02 1.03 1.05 1.03 1.04 1.05 1.05 1.03 1.03 1.05 1.03 1.05 1.01 
1.04 1.01 1.01 1.05 1.05 1.05 1.02 1.04 1.02 1.04 1.06 1.03 1.04 1.02 1.04 1.01 1.05 1.03 1.05 1.06 
1.01 1.06 1.04 1.03 1.04 1.05 1.01 1.01 1.06 1.02 1.04 1.01 1.05 1.02 1.03 1.04 1.03 1.05 1.01 1.06 
1.01 1.02 1.01 1.02 1.06 1.03 1.06 1.05 1.06 1.01 1.03 1.04 1.03 1.05 1.04 1.03 1.03 1.03 1.06 1.03 
1.01 1.02 1.01 1.01 1.05 1.03 1.01 1.06 1.01 1.03 1.03 1.01 1.04 1.03 1.05 1.02 1.01 1.03 1.03 1.02 
1.03 1.03 1.03 1.03 1.02 1.04 1.01 1.01 1.02 1.03 1.01 1.05 1.06 1.01 1.03 1.02 1.05 1.03 1.04 1.06 
1.04 1.05 1.04 1.03 1.06 1.03 1.04 1.04 1.04 1.02 1.06 1.01 1.02 1.05 1.03 1.04 1.01 1.01 1.05 1.06 
1.06 1.02 1.05 1.01 1.06 1.02 1.06 1.05 1.04 1.04 1.05 1.06 1.04 1.03 1.04 1.01 1.06 1.02 1.01 1.06 
1.01 1.05 1.02 1.02 1.04 1.01 1.05 1.06 1.03 1.02 1.06 1.01 1.02 1.05 1.04 1.01 1.02 1.06 1.06 1.05 
1.03 1.02 1.06 1.05 1.03 1.03 1.02 1.04 1.06 1.04 1.02 1.03 1.06 1.03 1.06 1.03 1.04 1.05 1.01 1.06 
1.02 1.05 1.04 1.06 1.02 1.04 1.06 1.04 1.04 1.03 1.06 1.06 1.04 1.05 1.01 1.01 1.06 1.04 1.05 1.03 
1.06 1.01 1.05 1.04 1.03 1.02 1.06 1.03 1.06 1.03 1.01 1.03 1.06 1.05 1.01 1.06 1.03 1.03 1.03 1.02 
1.03 1.01 1.02 1.05 1.01 1.05 1.01 1.02 1.04 1.02 1.05 1.05 1.03 1.05 1.01 1.04 1.02 1.06 1.06 1.05 
1.01 1.01 1.02 1.02 1.02 1.02 1.05 1.03 1.02 1.01 1.04 1.04 1.03 1.02 1.03 1.04 1.01 1.02 1.02 1.01 
1.05 1.02 1.02 1.02 1.02 1.04 1.04 1.02 1.01 1.04 1.05 1.04 1.02 1.05 1.03 1.06 1.05 1.02 1.04 1.05 
1.03 1.06 1.03 1.06 1.06 1.04 1.05 1.06 1.01 1.03 1.04 1.03 1.02 1.01 1.03 1.01 1.06 1.04 1.02 1.03 
1.05 1.03 1.03 1.03 1.01 1.06 1.01 1.05 1.05 1.05 1.06 1.05 1.03 1.03 1.02 1.03 1.05 1.04 1.06 1.03 
1.02 1.06 1.04 1.05 1.04 1.01 1.04 1.06 1.04 1.02 1.06 1.04 1.01 1.05 1.02 1.02 1.06 1.06 1.06 1.04 
1.05 1.03 1.06 1.06 1.05 1.04 1.06 1.02 1.04 1.04 1.05 1.06 1.06 1.06 1.02 1.04 1.03 1.02 1.05 1.02 
1.04 1.02 1.03 1.03 1.04 1.03 1.01 1.01 1.06 1.05 1.04 1.03 1.04 1.06 1.03 1.04 1.05 1.02 1.02 1.02 
1.03 1.02 1.06 1.06 1.01 1.06 1.04 1.02 1.04 1.01 1.02 1.05 1.02 1.01 1.04 1.03 1.02 1.05 1.02 1.05 
1.03 1.05 1.01 1.04 1.02 1.06 1.01 1.02 1.01 1.03 1.02 1.02 1.06 1.03 1.01 1.05 1.05 1.04 1.05 1.03 
1.04 1.01 1.06 1.02 1.03 1.02 1.05 1.05 1.02 1.01 1.06 1.06 1.05 1.06 1.04 1.06 1.02 1.02 1.04 1.04 
1.04 1.05 1.06 1.05 1.06 1.05 1.03 1.03 1.06 1.04 1.05 1.06 1.01 1.02 1.04 1.06 1.04 1.06 1.06 1.02 
1.04 1.01 1.05 1.01 1.06 1.06 1.02 1.02 1.01 1.05 1.03 1.01 1.01 1.06 1.05 1.06 1.04 1.04 1.05 1.05 
1.02 1.06 1.01 1.05 1.04 1.03 1.02 1.05 1.01 1.04 1.05 1.01 1.03 1.03 1.03 1.03 1.05 1.03 1.05 1.02 
1.03 1.03 1.02 1.05 1.01 1.06 1.05 1.03 1.04 1.04 1.02 1.05 1.01 1.04 1.05 1.05 1.05 1.02 1.06 1.04 
1.06 1.06 1.06 1.03 1.02 1.03 1.05 1.06 1.02 1.05 1.05 1.01 1.02 1.01 1.01 1.01 1.03 1.02 1.02 1.05 
1.05 1.06 1.02 1.06 1.05 1.03 1.03 1.01 1.03 1.05 1.02 1.05 1.04 1.05 1.02 1.03 1.05 1.05 1.01 1.04 
1.02 1.06 1.04 1.03 1.03 1.01 1.04 1.04 1.05 1.06 1.02 1.01 1.04 1.04 1.03 1.05 1.06 1.03 1.04 1.02 
1.01 1.06 1.01 1.01 1.01 1.04 1.05 1.02 1.03 1.05 1.02 1.06 1.04 1.05 1.01 1.05 1.05 1.03 1.04 1.06 
1.05 1.03 1.02 1.06 1.05 1.02 1.03 1.05 1.03 1.06 1.06 1.01 1.03 1.01 1.01 1.02 1.03 1.01 1.03 1.05 
1.06 1.06 1.02 1.06 1.01 1.06 1.01 1.03 1.05 1.01 1.04 1.03 1.04 1.06 1.05 1.05 1.03 1.05 1.06 1.01 
1.03 1.06 1.05 1.04 1.06 1.06 1.06 1.05 1.04 1.03 1.04 1.06 1.03 1.02 1.01 1.05 1.03 1.01 1.06 1.04 
1.02 1.01 1.02 1.02 1.01 1.05 1.01 1.03 1.04 1.03 1.01 1.02 1.01 1.01 1.06 1.02 1.03 1.03 1.01 1.05 
1.01 1.02 1.05 1.06 1.01 1.01 1.02 1.04 1.02 1.06 1.02 1.01 1.02 1.06 1.02 1.03 1.06 1.02 1.02 1.01 
1.05 1.04 1.05 1.05 1.03 1.03 1.02 1.03 1.02 1.06 1.01 1.05 1.03 1.04 1.04 1.02 1.04 1.05 1.03 1.02 
1.03 1.05 1.05 1.01 1.05 1.04 1.04 1.03 1.02 1.03 1.04 1.03 1.03 1.02 1.01 1.03 1.03 1.02 1.05 1.06 
1.03 1.06 1.04 1.02 1.02 1.06 1.05 1.01 1.05 1.06 1.04 1.02 1.05 1.06 1.03 1.03 1.02 1.02 1.03 1.05 
1.04 1.02 1.04 1.02 1.02 1.03 1.02 1.02 1.04 1.04 1.03 1.05 1.02 1.01 1.06 1.04 1.04 1.06 1.03 1.02 
1.01 1.06 1.02 1.03 1.03 1.01 1.05 1.01 1.02 1.05 1.04 1.06 1.04 1.04 1.06 1.06 1.03 1.02 1.06 1.01 
1.03 1.03 1.04 1.01 1.03 1.04 1.04 1.06 1.03 1.03 1.03 1.06 1.04 1.03 1.05 1.06 1.03 1.01 1.04 1.02 
1.01 1.03 1.03 1.03 1.04 1.05 1.04 1.01 1.01 1.02 1.03 1.05 1.06 1.06 1.04 1.01 1.04 1.06 1.06 1.02 
1.06 1.01 1.05 1.06 1.05 1.06 1.01 1.04 1.02 1.02 1.02 1.02 1.02 1.04 1.06 1.03 1.03 1.06 1.01 1.04 
1.02 1.03 1.05 1.01 1.02 1.03 1.02 1.03 1.01 1.02 1.02 1.03 1.03 1.01 1.03 1.04 1.03 1.05 1.03 1.01 
1.05 1.04 1.03 1.05 1.02 1.02 1.01 1.05 1.04 1.05 1.05 1.04 1.04 1.02 1.03 1.04 1.06 1.01 1.03 1.06 
1.02 1.01 1.04 1.01 1.02 1.01 1.02 1.03 1.04 1.06 1.03 1.04 1.04 1.03 1.04 1.06 1.05 1.01 1.01 1.02 
1.04 1.05 1.05 1.05 1.02 1.03 1.06 1.03 1.03 1.03 1.03 1.04 1.01 1.01 1.03 1.03 1.06 1.01 1.06 1.06 
1.04 1.01 1.06 1.05 1.01 1.05 1.03 1.02 1.06 1.04 1.04 1.06 1.02 1.06 1.04 1.01 1.01 1.02 1.02 1.01 
1.05 1.05 1.06 1.04 1.01 1.05 1.04 1.04 1.04 1.01 1.01 1.02 1.02 1.06 1.02 1.06 1.01 1.02 1.06 1.05 
1.02 1.05 1.06 1.04 1.06 1.05 1.05 1.01 1.06 1.03 1.03 1.04 1.06 1.05 1.02 1.04 1.01 1.06 1.01 1.04 
1.06 1.01 1.06 1.02 1.03 1.05 1.03 1.06 1.03 1.06 1.06 1.05 1.03 1.05 1.06 1.05 1.02 1.04 1.06 1.01 
1.04 1.06 1.04 1.05 1.01 1.04 1.04 1.01 1.02 1.04 1.02 1.04 1.04 1.06 1.05 1.01 1.06 1.02 1.06 1.06 
1.06 1.03 1.01 1.01 1.03 1.06 1.03 1.04 1.05 1.04 1.05 1.06 1.01 1.01 1.01 1.04 1.05 1.05 1.05 1.04 
1.06 1.06 1.01 1.04 1.03 1.01 1.04 1.04 1.04 1.03 1.01 1.04 1.04 1.02 1.03 1.01 1.01 1.03 1.05 1.06 
1.02 1.03 1.02 1.06 1.03 1.04 1.02 1.01 1.03 1.06 1.05 1.02 1.02 1.04 1.01 1.03 1.01 1.02 1.02 1.04 
1.05 1.04 1.02 1.02 1.03 1.01 1.01 1.02 1.02 1.02 1.04 1.02 1.02 1.04 1.05 1.03 1.03 1.04 1.05 1.05 
1.05 1.06 1.06 1.06 1.06 1.02 1.04 1.01 1.06 1.02 1.01 1.06 1.03 1.06 1.02 1.05 1.01 1.01 1.02 1.06 
1.01 1.01 1.04 1.01 1.03 1.05 1.06 1.01 1.04 1.03 1.05 1.01 1.02 1.05 1.02 1.02 1.01 1.06 1.02 1.05 
1.02 1.03 1.05 1.06 1.05 1.01 1.04 1.01 1.03 1.01 1.02 1.03 1.01 1.05 1.05 1.02 1.03 1.02 1.01 1.06 
