20
400
17 31 26 96 12 10 2 50 11 64 86 87 83 41 54 49 66 35 3 82 32 8 46 45 46 22 11 88 39 74 21 68 61 12 11 27 53 51 90 25 61 72 16 50 77 27 56 3 56 58 15 7 68 40 7 72 24 73 77 50 85 5 61 18 27 34 32 59 46 69 29 10 52 55 37 48 65 8 79 17 40 41 52 65 4 99 17 97 87 95 58 71 29 79 24 18 4 68 34 58 94 74 49 62 76 97 24 86 90 50 13 3 7 5 41 33 74 100 21 49 13 72 98 51 93 86 27 98 83 20 97 5 65 89 7 40 32 15 54 60 52 67 6 46 28 7 15 75 80 7 19 91 96 20 73 16 31 32 13 30 40 93 69 47 88 86 75 17 36 23 72 88 52 25 60 74 79 61 43 78 77 68 91 33 39 19 99 15 18 7 40 63 27 87 69 49 86 85 81 4 48 3 28 85 49 3 57 86 21 57 59 54 90 10 77 88 91 17 23 87 31 14 22 49 9 38 55 70 43 26 36 18 5 33 38 49 63 96 75 55 21 73 39 9 98 48 64 11 43 94 70 93 69 72 56 83 93 46 85 92 39 61 10 51 22 27 96 41 42 14 100 65 95 31 93 1 45 7 97 31 67 26 28 24 64 19 62 33 32 8 52 19 83 58 21 70 27 96 56 40 67 20 48 35 68 42 35 14 71 64 72 19 79 93 25 90 73 70 12 9 25 22 24 49 42 33 74 47 56 47 16 23 41 86 17 97 43 53 14 93 41 11 37 85 40 35 57 91 15 25 97 93 80 53 68 35 17 22 96 31 94 26 38 85 33 4 58 52 68 78 50 33 18 88 64 45 57 97 23 89 38 36 31 41 85 29 90 56 62 6 33 42 36 40 59 15 34 82 10 12 
2 2 1 3 2 3 3 2 3 2 3 2 2 2 2 2 3 1 2 3 
1.05 1.03 1.03 1.06 1.01 1.03 1.02 1.02 1.02 1.04 1.04 1.02 1.01 1.01 1.01 1.05 1.02 1.01 1.01 1.04 
1.06 1.05 1.01 1.03 1.06 1.02 1.01 1.01 1.01 1.01 1.03 1.05 1.06 1.06 1.02 1.05 1.02 1.05 1.05 1.05 
1.05 1.05 1.04 1.01 1.02 1.03 1.01 1.04 1.03 1.04 1.03 1.06 1.06 1.01 1.02 1.03 1.05 1.04 1.02 1.03 
1.03 1.05 1.03 1.04 1.01 1.02 1.06 1.04 1.05 1.02 1.04 1.06 1.06 1.05 1.02 1.06 1.04 1.04 1.03 1.03 
1.05 1.02 1.03 1.01 1.06 1.03 1.01 1.03 1.01 1.01 1.02 1.06 1.02 1.02 1.06 1.06 1.04 1.04 1.05 1.01 
1.02 1.06 1.04 1.04 1.04 1.05 1.01 1.02 1.01 1.06 1.01 1.05 1.01 1.06 1.03 1.04 1.05 1.05 1.02 1.04 
1.01 1.04 1.03 1.01 1.01 1.01 1.05 1.02 1.03 1.01 1.01 1.05 1.02 1.03 1.01 1.04 1.02 1.02 1.02 1.06 
1.04 1.01 1.02 1.05 1.04 1.05 1.04 1.06 1.04 1.03 1.05 1.02 1.02 1.04 1.03 1.01 1.04 1.06 1.05 1.04 
1.06 1.01 1.05 1.01 1.02 1.04 1.05 1.05 1.06 1.04 1.06 1.06 1.01 1.04 1.01 1.04 1.06 1.01 1.01 1.06 
1.01 1.02 1.03 1.02 1.03 1.03 1.01 1.01 1.05 1.02 1.02 1.01 1.03 1.03 1.06 1.03 1.01 1.03 1.05 1.02 
1.06 1.06 1.03 1.01 1.01 1.05 1.04 1.01 1.04 1.05 1.05 1.05 1.01 1.04 1.02 1.04 1.02 1.03 1.01 1.02 
1.03 1.05 1.04 1.06 1.01 1.06 1.03 1.05 1.03 1.03 1.03 1.04 1.01 1.01 1.05 1.05 1.01 1.05 1.03 1.04 
1.05 1.01 1.02 1.01 1.04 1.03 1.04 1.01 1.05 1.04 1.05 1.04 1.01 1.01 1.01 1.02 1.01 1.06 1.04 1.04 
1.04 1.01 1.05 1.04 1.02 1.02 1.04 1.06 1.03 1.03 1.01 1.04 1.05 1.04 1.04 1.05 1.03 1.03 1.03 1.04 
1.05 1.04 1.02 1.06 1.06 1.06 1.03 1.02 1.02 1.04 1.01 1.03 1.02 1.03 1.06 1.04 1.06 1.04 1.04 1.05 
1.02 1.05 1.04 1.02 1.04 1.02 1.01 1.01 1.03 1.06 1.06 1.06 1.01 1.06 1.04 1.04 1.05 1.06 1.05 1.06 
1.02 1.06 1.05 1.06 1.05 1.01 1.04 1.05 1.03 1.01 1.05 1.03 1.05 1.01 1.02 1.03 1.01 1.04 1.03 1.05 
1.02 1.02 1.04 1.06 1.02 1.06 1.03 1.01 1.04 1.05 1.04 1.05 1.05 1.02 1.01 1.01 1.01 1.05 1.02 1.04 
1.04 1.02 1.01 1.06 1.02 1.06 1.02 1.04 1.03 1.03 1.06 1.01 1.05 1.01 1.05 1.01 1.02 1.01 1.04 1.03 
1.03 1.05 1.06 1.01 1.04 1.06 1.05 1.05 1.02 1.01 1.04 1.02 1.04 1.05 1.04 1.02 1.04 1.01 1.04 1.04 
1.03 1.03 1.02 1.05 1.06 1.05 1.03 1.04 1.04 1.01 1.02 1.03 1.03 1.06 1.03 1.05 1.06 1.05 1.03 1.06 
1.06 1.02 1.02 1.06 1.01 1.04 1.04 1.06 1.06 1.04 1.04 1.02 1.02 1.03 1.06 1.06 1.02 1.04 1.04 1.05 
1.02 1.01 1.01 1.06 1.01 1.06 1.04 1.05 1.02 1.03 1.01 1.03 1.03 1.02 1.03 1.01 1.01 1.01 1.02 1.02 
1.02 1.06 1.01 1.03 1.02 1.03 1.03 1.03 1.02 1.01 1.01 1.01 1.03 1.03 1.03 1.03 1.04 1.04 1.01 1.04 
1.06 1.03 1.01 1.05 1.04 1.01 1.01 1.02 1.05 1.06 1.03 1.01 1.05 1.01 1.01 1.04 1.01 1.05 1.01 1.05 
1.01 1.04 1.02 1.05 1.06 1.03 1.05 1.05 1.06 1.02 1.04 1.01 1.04 1.05 1.04 1.05 1.02 1.01 1.04 1.02 
1.06 1.01 1.06 1.02 1.03 1.03 1.04 1.01 1.06 1.02 1.02 1.04 1.05 1.03 1.05 1.02 1.05 1.04 1.05 1.04 
1.01 1.04 1.04 1.05 1.02 1.02 1.05 1.06 1.04 1.06 1.05 1.04 1.05 1.04 1.01 1.04 1.03 1.02 1.05 1.03 
1.02 1.04 1.03 1.01 1.02 1.06 1.05 1.01 1.03 1.04 1.01 1.05 1.01 1.04 1.05 1.05 1.01 1.02 1.04 1.02 
1.06 1.02 1.04 1.04 1.05 1.03 1.04 1.04 1.04 1.04 1.05 1.05 1.05 1.01 1.02 1.05 1.05 1.05 1.03 1.05 
1.02 1.04 1.03 1.04 1.04 1.02 1.05 1.03 1.05 1.05 1.05 1.02 1.06 1.01 1.05 1.01 1.04 1.05 1.06 1.05 
1.04 1.03 1.04 1.04 1.04 1.03 1.01 1.01 1.03 1.06 1.01 1.03 1.01 1.05 1.02 1.05 1.04 1.03 1.01 1.04 
1.02 1.04 1.02 1.04 1.03 1.03 1.01 1.06 1.04 1.02 1.06 1.04 1.02 1.05 1.02 1.03 1.02 1.02 1.05 1.04 
1.03 1.01 1.01 1.06 1.03 1.01 1.04 1.05 1.02 1.04 1.04 1.05 1.06 1.06 1.04 1.05 1.06 1.04 1.01 1.04 
1.04 1.04 1.03 1.03 1.02 1.01 1.03 1.01 1.01 1.05 1.06 1.03 1.05 1.01 1.04 1.05 1.04 1.03 1.01 1.05 
1.05 1.05 1.01 1.05 1.04 1.05 1.01 1.01 1.04 1.02 1.03 1.06 1.01 1.05 1.05 1.01 1.05 1.05 1.06 1.03 
1.04 1.04 1.06 1.03 1.06 1.02 1.04 1.02 1.03 1.06 1.02 1.05 1.04 1.03 1.01 1.06 1.04 1.02 1.05 1.03 
1.03 1.06 1.05 1.03 1.03 1.03 1.04 1.02 1.06 1.04 1.05 1.05 1.01 1.02 1.02 1.02 1.05 1.06 1.03 1.02 
1.01 1.05 1.04 1.05 1.01 1.02 1.01 1.06 1.06 1.05 1.05 1.04 1.03 1.02 1.02 1.02 1.03 1.02 1.06 1.02 
1.01 1.03 1.06 1.06 1.01 1.05 1.06 1.03 1.06 1.01 1.03 1.02 1.04 1.01 1.03 1.02 1.05 1.02 1.06 1.05 
1.06 1.04 1.04 1.06 1.04 1.06 1.02 1.05 1.03 1.04 1.01 1.06 1.05 1.06 1.04 1.05 1.01 1.06 1.05 1.01 
1.03 1.03 1.01 1.03 1.03 1.06 1.03 1.06 1.02 1.05 1.01 1.03 1.01 1.05 1.04 1.02 1.02 1.06 1.03 1.05 
1.06 1.06 1.01 1.03 1.05 1.03 1.03 1.01 1.01 1.01 1.01 1.01 1.05 1.04 1.02 1.04 1.05 1.03 1.03 1.06 
1.06 1.01 1.01 1.01 1.06 1.02 1.03 1.06 1.05 1.02 1.05 1.04 1.05 1.02 1.04 1.06 1.03 1.04 1.02 1.03 
1.06 1.04 1.02 1.06 1.03 1.04 1.02 1.03 1.06 1.02 1.03 1.06 1.01 1.06 1.02 1.03 1.03 1.01 1.04 1.05 
1.06 1.01 1.01 1.02 1.04 1.02 1.04 1.04 1.04 1.03 1.04 1.06 1.05 1.02 1.01 1.01 1.06 1.05 1.01 1.05 
1.03 1.01 1.03 1.04 1.06 1.02 1.06 1.04 1.05 1.02 1.01 1.01 1.02 1.04 1.04 1.06 1.06 1.03 1.03 1.03 
1.05 1.05 1.06 1.03 1.02 1.01 1.06 1.01 1.06 1.01 1.01 1.02 1.06 1.03 1.04 1.01 1.03 1.06 1.01 1.01 
1.01 1.01 1.04 1.01 1.06 1.05 1.05 1.01 1.02 1.05 1.06 1.04 1.04 1.04 1.06 1.01 1.05 1.02 1.05 1.02 
1.05 1.05 1.03 1.05 1.06 1.05 1.04 1.06 1.02 1.06 1.04 1.01 1.03 1.06 1.03 1.02 1.04 1.01 1.05 1.03 
1.01 1.06 1.02 1.06 1.02 1.02 1.03 1.01 1.02 1.05 1.03 1.03 1.05 1.05 1.02 1.02 1.06 1.02 1.03 1.03 
1.04 1.03 1.02 1.05 1.02 1.06 1.01 1.03 1.03 1.02 1.03 1.06 1.03 1.04 1.02 1.02 1.06 1.03 1.04 1.01 
1.01 1.01 1.05 1.04 1.01 1.03 1.04 1.04 1.04 1.01 1.04 1.04 1.06 1.04 1.03 1.02 1.02 1.05 1.03 1.01 
1.05 1.04 1.02 1.03 1.02 1.06 1.02 1.05 1.06 1.01 1.03 1.04 1.04 1.06 1.03 1.02 1.01 1.03 1.05 1.06 
1.05 1.06 1.05 1.06 1.04 1.02 1.05 1.01 1.02 1.03 1.03 1.01 1.05 1.01 1.03 1.06 1.01 1.02 1.04 1.06 
1.04 1.02 1.06 1.05 1.01 1.02 1.01 1.03 1.03 1.03 1.03 1.05 1.03 1.05 1.05 1.03 1.01 1.04 1.02 1.03 
1.03 1.04 1.01 1.02 1.02 1.05 1.03 1.04 1.05 1.06 1.03 1.06 1.01 1.06 1.02 1.01 1.06 1.03 1.01 1.02 
1.03 1.03 1.04 1.02 1.01 1.03 1.04 1.06 1.04 1.06 1.05 1.05 1.03 1.06 1.01 1.02 1.02 1.02 1.06 1.06 
1.04 1.05 1.05 1.02 1.04 1.03 1.03 1.05 1.03 1.05 1.03 1.04 1.04 1.01 1.01 1.03 1.02 1.04 1.04 1.02 
1.01 1.01 1.06 1.05 1.05 1.04 1.02 1.04 1.06 1.03 1.02 1.05 1.01 1.05 1.04 1.01 1.03 1.03 1.01 1.01 
1.06 1.01 1.06 1.05 1.06 1.02 1.05 1.05 1.06 1.04 1.06 1.04 1.05 1.06 1.03 1.04 1.02 1.01 1.01 1.05 
1.06 1.06 1.06 1.02 1.03 1.06 1.01 1.05 1.05 1.03 1.05 1.03 1.01 1.01 1.05 1.04 1.01 1.04 1.02 1.06 
1.06 1.05 1.02 1.03 1.06 1.05 1.01 1.01 1.04 1.01 1.06 1.04 1.05 1.04 1.06 1.06 1.04 1.04 1.01 1.05 
1.01 1.03 1.04 1.04 1.04 1.02 1.06 1.03 1.01 1.05 1.06 1.06 1.05 1.01 1.04 1.01 1.05 1.05 1.05 1.05 
1.03 1.05 1.03 1.06 1.06 1.04 1.06 1.02 1.03 1.01 1.04 1.04 1.04 1.04 1.04 1.02 1.06 1.06 1.05 1.01 
1.05 1.03 1.06 1.02 1.01 1.06 1.01 1.01 1.03 1.06 1.03 1.03 1.04 1.01 1.06 1.06 1.03 1.06 1.01 1.04 
1.03 1.02 1.04 1.03 1.06 1.03 1.03 1.06 1.04 1.02 1.04 1.04 1.04 1.06 1.06 1.05 1.01 1.04 1.05 1.01 
1.06 1.04 1.01 1.05 1.04 1.05 1.05 1.03 1.05 1.06 1.01 1.05 1.02 1.06 1.01 1.01 1.01 1.03 1.01 1.01 
1.03 1.06 1.02 1.01 1.04 1.04 1.06 1.05 1.04 1.06 1.04 1.06 1.05 1.05 1.06 1.06 1.04 1.05 1.01 1.05 
1.05 1.01 1.03 1.05 1.05 1.05 1.01 1.05 1.04 1.05 1.06 1.04 1.01 1.04 1.04 1.03 1.06 1.01 1.05 1.02 
1.04 1.06 1.03 1.04 1.02 1.05 1.02 1.02 1.05 1.05 1.05 1.01 1.03 1.06 1.03 1.03 1.01 1.06 1.03 1.02 
1.02 1.03 1.05 1.06 1.06 1.04 1.06 1.05 1.05 1.03 1.03 1.05 1.06 1.04 1.05 1.06 1.06 1.05 1.01 1.06 
1.01 1.05 1.05 1.05 1.04 1.03 1.05 1.03 1.04 1.01 1.04 1.04 1.04 1.06 1.03 1.04 1.05 1.01 1.06 1.02 
1.01 1.02 1.06 1.03 1.06 1.04 1.02 1.01 1.06 1.03 1.01 1.06 1.04 1.06 1.05 1.05 1.05 1.01 1.02 1.03 
1.02 1.02 1.06 1.02 1.04 1.06 1.06 1.02 1.05 1.05 1.06 1.06 1.05 1.05 1.03 1.06 1.05 1.02 1.04 1.06 
1.05 1.02 1.03 1.01 1.01 1.06 1.04 1.06 1.02 1.06 1.02 1.03 1.02 1.03 1.05 1.03 1.03 1.04 1.06 1.05 
1.04 1.05 1.01 1.06 1.01 1.04 1.03 1.01 1.04 1.04 1.02 1.06 1.03 1.01 1.06 1.02 1.01 1.02 1.06 1.03 
1.01 1.02 1.06 1.02 1.03 1.04 1.04 1.06 1.04 1.06 1.03 1.01 1.01 1.04 1.03 1.02 1.06 1.03 1.02 1.03 
1.05 1.06 1.02 1.01 1.06 1.02 1.02 1.05 1.02 1.03 1.03 1.02 1.05 1.05 1.06 1.04 1.06 1.06 1.03 1.06 
1.03 1.03 1.02 1.03 1.03 1.04 1.04 1.02 1.03 1.06 1.06 1.05 1.05 1.04 1.04 1.02 1.06 1.05 1.03 1.05 
1.01 1.05 1.04 1.01 1.01 1.03 1.04 1.02 1.01 1.01 1.02 1.06 1.04 1.03 1.04 1.05 1.02 1.05 1.01 1.01 
1.04 1.01 1.01 1.02 1.04 1.02 1.06 1.01 1.03 1.02 1.01 1.02 1.03 1.04 1.03 1.05 1.04 1.04 1.03 1.03 
1.04 1.06 1.02 1.05 1.06 1.01 1.06 1.06 1.05 1.05 1.01 1.06 1.04 1.01 1.03 1.02 1.03 1.03 1.01 1.02 
1.05 1.05 1.05 1.05 1.04 1.06 1.03 1.04 1.01 1.02 1.03 1.03 1.05 1.02 1.05 1.02 1.02 1.05 1.01 1.03 
1.01 1.04 1.04 1.04 1.04 1.03 1.03 1.01 1.01 1.01 1.01 1.04 1.04 1.03 1.03 1.04 1.05 1.03 1.02 1.05 
1.06 1.03 1.02 1.02 1.05 1.01 1.03 1.06 1.05 1.06 1.04 1.06 1.06 1.05 1.06 1.04 1.04 1.01 1.06 1.04 
1.06 1.04 1.06 1.06 1.04 1.04 1.01 1.02 1.03 1.02 1.04 1.01 1.03 1.06 1.04 1.06 1.04 1.06 1.03 1.03 
1.01 1.06 1.06 1.02 1.05 1.01 1.06 1.06 1.06 1.04 1.04 1.03 1.03 1.04 1.01 1.02 1.05 1.05 1.02 1.02 
1.02 1.01 1.06 1.01 1.05 1.05 1.02 1.03 1.04 1.06 1.02 1.04 1.06 1.02 1.02 1.03 1.05 1.06 1.06 1.02 
1.01 1.02 1.01 1.05 1.05 1.03 1.05 1.04 1.06 1.02 1.05 1.01 1.06 1.03 1.02 1.06 1.05 1.01 1.03 1.02 
1.03 1.06 1.06 1.04 1.06 1.06 1.03 1.06 1.06 1.03 1.02 1.06 1.03 1.03 1.02 1.01 1.02 1.04 1.02 1.01 
1.02 1.02 1.06 1.04 1.06 1.06 1.06 1.03 1.03 1.05 1.03 1.02 1.04 1.05 1.03 1.04 1.05 1.06 1.01 1.01 
1.05 1.06 1.04 1.05 1.02 1.05 1.05 1.04 1.03 1.04 1.02 1.03 1.05 1.01 1.01 1.04 1.04 1.03 1.03 1.01 
1.02 1.05 1.02 1.02 1.01 1.05 1.05 1.01 1.05 1.04 1.06 1.03 1.04 1.05 1.05 1.03 1.06 1.04 1.06 1.05 
1.01 1.03 1.04 1.01 1.02 1.06 1.03 1.06 1.06 1.02 1.01 1.05 1.03 1.05 1.06 1.06 1.06 1.05 1.04 1.02 
1.04 1.04 1.05 1.03 1.03 1.02 1.02 1.06 1.04 1.02 1.02 1.03 1.06 1.02 1.06 1.05 1.06 1.05 1.04 1.02 
1.02 1.02 1.04 1.05 1.06 1.04 1.06 1.01 1.03 1.03 1.05 1.02 1.02 1.05 1.04 1.02 1.02 1.01 1.06 1.04 
1.04 1.05 1.03 1.05 1.04 1.05 1.02 1.05 1.05 1.05 1.06 1.03 1.05 1.01 1.03 1.04 1.06 1.04 1.03 1.04 
1.03 1.03 1.05 1.03 1.05 1.04 1.01 1.05 1.04 1.03 1.04 1.05 1.01 1.06 1.04 1.05 1.02 1.02 1.05 1.02 
1.04 1.06 1.03 1.06 1.01 1.04 1.03 1.06 1.06 1.04 1.05 1.02 1.03 1.03 1.04 1.06 1.02 1.03 1.05 1.02 
1.03 1.02 1.03 1.06 1.02 1.05 1.03 1.02 1.05 1.05 1.03 1.05 1.01 1.01 1.04 1.04 1.01 1.05 1.06 1.05 
1.02 1.02 1.04 1.06 1.06 1.01 1.06 1.06 1.06 1.01 1.02 1.04 1.01 1.01 1.02 1.01 1.03 1.05 1.06 1.03 
1.02 1.04 1.02 1.06 1.01 1.04 1.06 1.06 1.04 1.05 1.06 1.04 1.02 1.05 1.02 1.02 1.02 1.05 1.06 1.06 
1.04 1.02 1.03 1.05 1.05 1.05 1.02 1.01 1.01 1.05 1.02 1.05 1.02 1.05 1.05 1.03 1.05 1.05 1.02 1.03 
1.06 1.06 1.03 1.04 1.05 1.05 1.02 1.01 1.01 1.05 1.02 1.01 1.02 1.02 1.06 1.02 1.04 1.06 1.04 1.03 
1.01 1.03 1.01 1.05 1.01 1.02 1.06 1.01 1.05 1.02 1.01 1.02 1.02 1.02 1.03 1.05 1.02 1.04 1.02 1.01 
1.06 1.05 1.04 1.02 1.02 1.05 1.03 1.05 1.02 1.06 1.04 1.04 1.05 1.03 1.01 1.02 1.03 1.04 1.04 1.02 
1.06 1.03 1.06 1.05 1.05 1.05 1.02 1.02 1.04 1.06 1.04 1.06 1.02 1.02 1.05 1.06 1.01 1.01 1.05 1.01 
1.02 1.03 1.04 1.05 1.04 1.02 1.03 1.03 1.05 1.01 1.01 1.01 1.05 1.06 1.02 1.05 1.03 1.03 1.04 1.03 
1.05 1.06 1.01 1.03 1.03 1.06 1.05 1.06 1.04 1.01 1.04 1.01 1.01 1.05 1.03 1.01 1.03 1.03 1.05 1.05 
1.06 1.06 1.05 1.03 1.02 1.05 1.06 1.06 1.05 1.02 1.04 1.02 1.06 1.02 1.04 1.03 1.04 1.03 1.06 1.05 
1.04 1.03 1.04 1.01 1.01 1.05 1.02 1.05 1.02 1.02 1.01 1.06 1.04 1.06 1.05 1.05 1.04 1.03 1.03 1.06 
1.04 1.06 1.01 1.02 1.04 1.03 1.01 1.03 1.04 1.03 1.03 1.05 1.03 1.06 1.04 1.06 1.03 1.04 1.04 1.02 
1.02 1.06 1.06 1.05 1.06 1.05 1.03 1.04 1.06 1.02 1.01 1.02 1.02 1.06 1.02 1.02 1.03 1.03 1.04 1.06 
1.01 1.06 1.01 1.05 1.01 1.01 1.06 1.04 1.05 1.06 1.05 1.04 1.02 1.01 1.06 1.06 1.03 1.03 1.03 1.05 
1.06 1.02 1.06 1.01 1.04 1.04 1.01 1.01 1.02 1.01 1.03 1.04 1.06 1.06 1.06 1.06 1.06 1.02 1.02 1.06 
1.02 1.04 1.05 1.02 1.04 1.01 1.06 1.05 1.03 1.03 1.04 1.01 1.06 1.03 1.01 1.02 1.03 1.04 1.02 1.06 
1.01 1.03 1.06 1.05 1.02 1.01 1.04 1.01 1.06 1.05 1.05 1.06 1.01 1.04 1.06 1.06 1.06 1.04 1.06 1.05 
1.01 1.06 1.06 1.06 1.01 1.03 1.03 1.02 1.03 1.06 1.04 1.05 1.05 1.03 1.01 1.06 1.03 1.06 1.01 1.01 
1.05 1.06 1.06 1.01 1.04 1.02 1.04 1.04 1.01 1.02 1.06 1.01 1.04 1.04 1.01 1.05 1.06 1.06 1.03 1.01 
1.04 1.04 1.02 1.06 1.03 1.02 1.06 1.05 1.06 1.03 1.01 1.01 1.03 1.03 1.03 1.04 1.04 1.06 1.01 1.03 
1.02 1.03 1.05 1.05 1.04 1.02 1.04 1.03 1.02 1.04 1.05 1.03 1.05 1.02 1.01 1.02 1.05 1.03 1.03 1.03 
1.04 1.02 1.01 1.02 1.02 1.03 1.02 1.02 1.02 1.02 1.03 1.04 1.02 1.03 1.03 1.02 1.01 1.04 1.02 1.01 
1.03 1.01 1.03 1.02 1.01 1.02 1.04 1.01 1.01 1.02 1.06 1.05 1.03 1.02 1.02 1.06 1.04 1.05 1.01 1.02 
1.02 1.03 1.01 1.03 1.01 1.01 1.05 1.02 1.06 1.04 1.03 1.02 1.01 1.04 1.03 1.05 1.03 1.02 1.02 1.04 
1.02 1.06 1.01 1.06 1.01 1.01 1.02 1.02 1.04 1.03 1.04 1.06 1.02 1.05 1.04 1.04 1.01 1.05 1.01 1.04 
1.06 1.06 1.01 1.05 1.02 1.05 1.03 1.05 1.01 1.03 1.02 1.02 1.02 1.01 1.05 1.03 1.05 1.03 1.05 1.03 
1.01 1.06 1.03 1.05 1.04 1.01 1.06 1.02 1.04 1.06 1.03 1.06 1.06 1.02 1.02 1.05 1.03 1.03 1.01 1.03 
1.03 1.01 1.03 1.06 1.01 1.01 1.05 1.06 1.02 1.04 1.04 1.04 1.04 1.02 1.02 1.03 1.01 1.02 1.03 1.01 
1.04 1.01 1.02 1.01 1.01 1.04 1.04 1.04 1.06 1.05 1.01 1.06 1.05 1.06 1.04 1.01 1.03 1.04 1.01 1.04 
1.03 1.03 1.01 1.02 1.05 1.01 1.05 1.04 1.03 1.04 1.06 1.06 1.01 1.04 1.06 1.04 1.01 1.05 1.03 1.01 
1.05 1.03 1.04 1.06 1.05 1.06 1.01 1.05 1.05 1.04 1.05 1.05 1.02 1.04 1.06 1.06 1.06 1.05 1.04 1.05 
1.06 1.05 1.01 1.06 1.05 1.05 1.01 1.04 1.02 1.01 1.05 1.04 1.04 1.05 1.01 1.05 1.05 1.01 1.06 1.01 
1.04 1.03 1.04 1.02 1.01 1.03 1.02 1.01 1.04 1.06 1.03 1.01 1.03 1.01 1.06 1.02 1.04 1.05 1.02 1.04 
1.03 1.01 1.02 1.01 1.04 1.04 1.02 1.06 1.01 1.05 1.01 1.03 1.02 1.01 1.02 1.01 1.06 1.03 1.03 1.04 
1.04 1.02 1.01 1.03 1.02 1.02 1.04 1.01 1.06 1.05 1.03 1.02 1.05 1.06 1.04 1.03 1.01 1.01 1.05 1.03 
1.05 1.06 1.03 1.06 1.05 1.06 1.05 1.05 1.03 1.06 1.05 1.02 1.01 1.04 1.03 1.04 1.06 1.06 1.01 1.06 
1.03 1.01 1.02 1.03 1.02 1.04 1.05 1.03 1.03 1.06 1.01 1.01 1.01 1.05 1.06 1.04 1.03 1.03 1.04 1.05 
1.02 1.06 1.03 1.01 1.05 1.04 1.05 1.04 1.02 1.03 1.05 1.04 1.01 1.06 1.06 1.05 1.05 1.03 1.06 1.05 
1.02 1.02 1.04 1.03 1.02 1.05 1.04 1.04 1.04 1.04 1.05 1.03 1.03 1.05 1.06 1.02 1.04 1.01 1.05 1.05 
1.04 1.02 1.03 1.01 1.04 1.06 1.03 1.06 1.03 1.03 1.06 1.05 1.01 1.01 1.02 1.04 1.01 1.04 1.04 1.01 
1.01 1.06 1.02 1.06 1.06 1.05 1.02 1.06 1.04 1.06 1.02 1.02 1.01 1.03 1.05 1.06 1.01 1.03 1.02 1.03 
1.06 1.02 1.03 1.02 1.05 1.01 1.06 1.03 1.03 1.01 1.03 1.04 1.03 1.02 1.02 1.04 1.03 1.05 1.01 1.02 
1.01 1.05 1.06 1.05 1.02 1.04 1.06 1.02 1.05 1.01 1.04 1.03 1.03 1.05 1.01 1.04 1.05 1.02 1.02 1.04 
1.04 1.02 1.03 1.04 1.03 1.01 1.05 1.06 1.04 1.02 1.01 1.01 1.03 1.04 1.01 1.03 1.04 1.03 1.06 1.04 
1.06 1.04 1.06 1.02 1.05 1.03 1.03 1.06 1.03 1.04 1.02 1.04 1.06 1.03 1.06 1.05 1.04 1.06 1.02 1.02 
1.01 1.02 1.04 1.06 1.04 1.04 1.05 1.03 1.03 1.02 1.01 1.03 1.01 1.04 1.06 1.02 1.02 1.04 1.01 1.04 
1.01 1.03 1.05 1.05 1.04 1.04 1.01 1.04 1.04 1.05 1.05 1.05 1.06 1.06 1.01 1.02 1.02 1.02 1.05 1.06 
1.01 1.03 1.02 1.06 1.03 1.05 1.01 1.06 1.06 1.05 1.01 1.06 1.02 1.02 1.01 1.02 1.01 1.04 1.06 1.04 
1.03 1.03 1.06 1.06 1.06 1.06 1.03 1.01 1.03 1.04 1.06 1.03 1.01 1.02 1.03 1.02 1.04 1.02 1.02 1.06 
1.04 1.04 1.06 1.01 1.05 1.01 1.01 1.03 1.04 1.05 1.03 1.04 1.01 1.03 1.04 1.04 1.06 1.06 1.04 1.04 
1.04 1.01 1.06 1.06 1.06 1.02 1.04 1.02 1.03 1.01 1.01 1.03 1.03 1.01 1.02 1.02 1.06 1.01 1.03 1.05 
1.01 1.02 1.06 1.01 1.03 1.03 1.03 1.06 1.06 1.04 1.04 1.04 1.04 1.03 1.05 1.02 1.05 1.03 1.06 1.05 
1.04 1.03 1.02 1.01 1.02 1.06 1.03 1.05 1.02 1.01 1.03 1.01 1.06 1.04 1.02 1.04 1.02 1.04 1.01 1.02 
1.01 1.06 1.06 1.02 1.02 1.06 1.05 1.05 1.06 1.02 1.04 1.03 1.06 1.05 1.02 1.02 1.06 1.01 1.06 1.02 
1.02 1.03 1.06 1.04 1.01 1.01 1.06 1.04 1.01 1.06 1.03 1.03 1.04 1.01 1.04 1.03 1.06 1.04 1.01 1.03 
1.01 1.04 1.02 1.05 1.04 1.05 1.03 1.03 1.03 1.01 1.01 1.02 1.06 1.05 1.06 1.05 1.03 1.06 1.06 1.02 
1.06 1.01 1.04 1.03 1.03 1.03 1.04 1.04 1.04 1.03 1.04 1.03 1.04 1.03 1.02 1.02 1.02 1.05 1.05 1.05 
1.05 1.02 1.03 1.03 1.03 1.01 1.06 1.04 1.01 1.06 1.04 1.01 1.03 1.03 1.05 1.03 1.05 1.03 1.05 1.02 
1.01 1.05 1.06 1.04 1.01 1.01 1.06 1.01 1.01 1.04 1.03 1.06 1.01 1.01 1.02 1.04 1.02 1.05 1.04 1.02 
1.04 1.04 1.02 1.05 1.05 1.05 1.03 1.05 1.02 1.02 1.01 1.04 1.06 1.02 1.03 1.02 1.06 1.01 1.02 1.03 
1.06 1.03 1.02 1.02 1.02 1.01 1.02 1.06 1.03 1.02 1.06 1.04 1.05 1.05 1.03 1.01 1.05 1.05 1.03 1.06 
1.05 1.06 1.04 1.05 1.04 1.06 1.05 1.01 1.02 1.04 1.01 1.04 1.03 1.06 1.05 1.06 1.04 1.02 1.04 1.02 
1.03 1.05 1.05 1.05 1.02 1.01 1.06 1.04 1.02 1.02 1.06 1.03 1.05 1.04 1.01 1.01 1.03 1.02 1.02 1.04 
1.06 1.04 1.02 1.03 1.02 1.02 1.06 1.06 1.02 1.02 1.06 1.03 1.01 1.04 1.01 1.01 1.01 1.05 1.05 1.03 
1.02 1.05 1.05 1.01 1.04 1.03 1.03 1.03 1.05 1.02 1.01 1.04 1.03 1.02 1.01 1.06 1.02 1.01 1.05 1.05 
1.03 1.01 1.02 1.06 1.03 1.02 1.04 1.04 1.04 1.05 1.06 1.03 1.01 1.06 1.01 1.01 1.03 1.04 1.06 1.06 
1.02 1.04 1.01 1.01 1.03 1.06 1.04 1.04 1.04 1.03 1.02 1.02 1.03 1.05 1.05 1.04 1.01 1.03 1.01 1.04 
1.03 1.01 1.01 1.05 1.03 1.02 1.02 1.03 1.05 1.04 1.06 1.05 1.04 1.06 1.02 1.04 1.05 1.04 1.05 1.01 
1.03 1.02 1.03 1.04 1.01 1.05 1.03 1.05 1.02 1.01 1.02 1.01 1.03 1.01 1.04 1.04 1.02 1.06 1.02 1.02 
1.02 1.03 1.05 1.01 1.03 1.04 1.06 1.01 1.05 1.02 1.03 1.02 1.04 1.06 1.02 1.04 1.06 1.05 1.06 1.06 
1.03 1.02 1.03 1.02 1.03 1.03 1.04 1.02 1.02 1.05 1.03 1.05 1.01 1.06 1.05 1.05 1.05 1.06 1.02 1.02 
1.06 1.02 1.01 1.06 1.05 1.03 1.03 1.03 1.02 1.02 1.03 1.04 1.03 1.05 1.03 1.05 1.03 1.03 1.02 1.06 
1.01 1.02 1.02 1.05 1.04 1.01 1.01 1.04 1.02 1.04 1.02 1.01 1.05 1.02 1.01 1.06 1.06 1.01 1.04 1.04 
1.03 1.04 1.05 1.06 1.03 1.02 1.02 1.01 1.03 1.03 1.02 1.04 1.05 1.05 1.04 1.01 1.06 1.02 1.02 1.02 
1.06 1.05 1.06 1.02 1.04 1.02 1.03 1.01 1.02 1.03 1.05 1.01 1.06 1.02 1.04 1.03 1.05 1.06 1.01 1.01 
1.05 1.01 1.04 1.02 1.06 1.03 1.05 1.02 1.06 1.01 1.02 1.02 1.02 1.03 1.05 1.06 1.02 1.05 1.01 1.03 
1.02 1.01 1.03 1.05 1.04 1.04 1.04 1.04 1.05 1.05 1.06 1.06 1.04 1.02 1.05 1.03 1.05 1.02 1.01 1.03 
1.02 1.02 1.05 1.03 1.05 1.02 1.03 1.05 1.03 1.03 1.02 1.03 1.02 1.06 1.03 1.01 1.04 1.04 1.05 1.06 
1.04 1.06 1.05 1.05 1.06 1.06 1.03 1.04 1.01 1.02 1.06 1.01 1.01 1.03 1.04 1.04 1.06 1.06 1.03 1.06 
1.02 1.01 1.02 1.01 1.05 1.03 1.06 1.04 1.01 1.05 1.03 1.05 1.03 1.01 1.05 1.01 1.01 1.06 1.04 1.01 
1.05 1.01 1.06 1.01 1.03 1.04 1.01 1.02 1.05 1.05 1.05 1.02 1.06 1.04 1.03 1.06 1.04 1.06 1.06 1.03 
1.03 1.01 1.02 1.04 1.02 1.02 1.06 1.05 1.06 1.01 1.03 1.06 1.05 1.05 1.06 1.05 1.03 1.05 1.06 1.02 
1.02 1.05 1.01 1.01 1.05 1.04 1.04 1.04 1.03 1.05 1.01 1.03 1.06 1.03 1.06 1.01 1.06 1.02 1.03 1.02 
1.06 1.05 1.06 1.02 1.01 1.04 1.05 1.04 1.04 1.05 1.02 1.03 1.06 1.02 1.06 1.03 1.06 1.05 1.02 1.02 
1.01 1.03 1.06 1.03 1.05 1.01 1.01 1.04 1.06 1.06 1.02 1.01 1.03 1.06 1.06 1.03 1.02 1.04 1.05 1.03 
1.03 1.06 1.03 1.02 1.04 1.04 1.04 1.02 1.06 1.02 1.03 1.03 1.05 1.05 1.02 1.01 1.01 1.06 1.05 1.02 
1.04 1.04 1.01 1.04 1.06 1.03 1.01 1.04 1.05 1.01 1.06 1.03 1.06 1.06 1.03 1.02 1.01 1.01 1.05 1.06 
1.05 1.06 1.03 1.05 1.01 1.05 1.02 1.06 1.04 1.02 1.06 1.06 1.02 1.03 1.03 1.02 1.03 1.05 1.01 1.03 
1.06 1.06 1.05 1.01 1.01 1.05 1.01 1.05 1.04 1.02 1.02 1.04 1.04 1.05 1.01 1.03 1.02 1.02 1.05 1.02 
1.01 1.01 1.01 1.01 1.01 1.01 1.04 1.02 1.03 1.04 1.05 1.06 1.02 1.05 1.02 1.04 1.04 1.05 1.04 1.04 
1.05 1.03 1.04 1.02 1.06 1.06 1.03 1.03 1.03 1.06 1.06 1.02 1.01 1.06 1.05 1.02 1.06 1.06 1.04 1.01 
1.01 1.05 1.01 1.05 1.06 1.06 1.03 1.05 1.05 1.04 1.04 1.04 1.02 1.03 1.02 1.05 1.05 1.05 1.01 1.06 
1.04 1.01 1.04 1.04 1.02 1.04 1.04 1.03 1.06 1.06 1.05 1.04 1.05 1.04 1.05 1.06 1.02 1.05 1.03 1.06 
1.04 1.06 1.03 1.04 1.06 1.03 1.04 1.01 1.05 1.06 1.01 1.06 1.05 1.01 1.04 1.01 1.05 1.03 1.04 1.04 
1.04 1.05 1.04 1.05 1.06 1.03 1.06 1.04 1.01 1.02 1.02 1.04 1.06 1.06 1.05 1.03 1.06 1.06 1.02 1.02 
1.03 1.01 1.04 1.02 1.05 1.06 1.03 1.04 1.05 1.02 1.02 1.05 1.02 1.05 1.04 1.01 1.05 1.04 1.04 1.02 
1.04 1.01 1.01 1.02 1.06 1.06 1.02 1.04 1.04 1.05 1.02 1.01 1.04 1.02 1.03 1.03 1.05 1.06 1.03 1.03 
1.02 1.01 1.04 1.03 1.06 1.02 1.03 1.04 1.01 1.01 1.05 1.03 1.01 1.04 1.02 1.01 1.03 1.04 1.05 1.02 
1.02 1.04 1.06 1.05 1.03 1.01 1.01 1.04 1.02 1.03 1.04 1.05 1.06 1.01 1.06 1.05 1.05 1.06 1.05 1.05 
1.04 1.02 1.04 1.05 1.01 1.06 1.03 1.06 1.03 1.05 1.05 1.05 1.05 1.02 1.01 1.06 1.04 1.06 1.01 1.06 
1.06 1.06 1.04 1.06 1.02 1.04 1.01 1.02 1.06 1.03 1.05 1.04 1.04 1.04 1.01 1.05 1.03 1.02 1.03 1.02 
1.05 1.01 1.04 1.02 1.03 1.06 1.01 1.04 1.06 1.02 1.02 1.03 1.05 1.01 1.06 1.01 1.03 1.02 1.03 1.03 
1.02 1.04 1.03 1.06 1.02 1.05 1.03 1.06 1.03 1.04 1.04 1.02 1.05 1.06 1.02 1.02 1.06 1.06 1.06 1.04 
1.02 1.05 1.03 1.02 1.05 1.03 1.04 1.06 1.06 1.05 1.02 1.02 1.01 1.01 1.03 1.02 1.03 1.02 1.05 1.01 
1.06 1.01 1.03 1.05 1.05 1.04 1.02 1.02 1.06 1.05 1.06 1.06 1.06 1.04 1.01 1.06 1.02 1.01 1.06 1.04 
1.02 1.02 1.05 1.05 1.05 1.06 1.02 1.02 1.01 1.02 1.02 1.03 1.06 1.05 1.06 1.04 1.03 1.06 1.02 1.03 
1.06 1.03 1.04 1.05 1.05 1.06 1.05 1.04 1.06 1.05 1.03 1.06 1.05 1.03 1.02 1.03 1.04 1.05 1.04 1.01 
1.03 1.01 1.02 1.06 1.06 1.04 1.01 1.05 1.04 1.02 1.06 1.06 1.05 1.06 1.06 1.06 1.05 1.01 1.03 1.04 
1.05 1.01 1.04 1.03 1.01 1.04 1.04 1.06 1.06 1.02 1.03 1.03 1.06 1.01 1.06 1.03 1.01 1.02 1.01 1.01 
1.02 1.06 1.03 1.06 1.05 1.05 1.04 1.04 1.01 1.01 1.05 1.04 1.03 1.06 1.01 1.06 1.05 1.04 1.05 1.05 
1.01 1.06 1.04 1.01 1.02 1.02 1.03 1.02 1.01 1.06 1.04 1.05 1.03 1.05 1.05 1.06 1.02 1.02 1.03 1.06 
1.04 1.01 1.02 1.06 1.02 1.01 1.06 1.03 1.04 1.01 1.01 1.03 1.02 1.02 1.04 1.03 1.06 1.06 1.01 1.02 
1.01 1.06 1.02 1.02 1.02 1.05 1.04 1.03 1.02 1.02 1.04 1.05 1.04 1.04 1.02 1.04 1.02 1.04 1.04 1.01 
1.04 1.03 1.05 1.05 1.04 1.02 1.01 1.06 1.03 1.02 1.04 1.03 1.03 1.05 1.01 1.05 1.02 1.06 1.05 1.01 
1.02 1.05 1.05 1.06 1.03 1.06 1.05 1.03 1.03 1.06 1.03 1.01 1.02 1.02 1.05 1.02 1.02 1.03 1.05 1.01 
1.03 1.04 1.01 1.04 1.02 1.06 1.06 1.05 1.01 1.04 1.03 1.01 1.04 1.06 1.04 1.05 1.02 1.02 1.02 1.01 
1.05 1.03 1.03 1.06 1.03 1.06 1.03 1.01 1.02 1.03 1.06 1.01 1.04 1.02 1.06 1.06 1.01 1.01 1.04 1.05 
1.02 1.01 1.04 1.02 1.04 1.03 1.02 1.01 1.04 1.04 1.04 1.03 1.01 1.03 1.02 1.02 1.01 1.05 1.04 1.01 
1.03 1.04 1.06 1.05 1.03 1.03 1.05 1.03 1.06 1.02 1.05 1.01 1.04 1.04 1.06 1.01 1.03 1.06 1.05 1.04 
1.06 1.02 1.05 1.03 1.02 1.04 1.03 1.03 1.03 1.03 1.04 1.02 1.05 1.06 1.06 1.04 1.01 1.05 1.05 1.06 
1.02 1.05 1.03 1.04 1.01 1.04 1.01 1.03 1.04 1.01 1.03 1.04 1.01 1.02 1.06 1.01 1.06 1.06 1.01 1.01 
1.03 1.03 1.05 1.03 1.02 1.05 1.05 1.05 1.05 1.06 1.05 1.01 1.06 1.04 1.02 1.02 1.01 1.03 1.03 1.01 
1.01 1.02 1.06 1.02 1.01 1.06 1.06 1.06 1.04 1.03 1.04 1.06 1.04 1.01 1.04 1.03 1.06 1.03 1.01 1.06 
1.04 1.04 1.02 1.01 1.06 1.05 1.05 1.05 1.05 1.06 1.01 1.04 1.02 1.06 1.01 1.05 1.06 1.04 1.06 1.01 
1.01 1.03 1.04 1.05 1.03 1.03 1.04 1.05 1.02 1.06 1.02 1.06 1.02 1.06 1.04 1.04 1.05 1.02 1.01 1.06 
1.04 1.03 1.04 1.02 1.04 1.02 1.03 1.05 1.03 1.04 1.06 1.06 1.01 1.01 1.01 1.06 1.06 1.05 1.05 1.04 
1.06 1.01 1.06 1.06 1.03 1.06 1.03 1.01 1.02 1.02 1.04 1.06 1.01 1.04 1.06 1.04 1.03 1.02 1.06 1.04 
1.05 1.04 1.05 1.05 1.05 1.03 1.02 1.06 1.06 1.03 1.03 1.05 1.04 1.04 1.04 1.05 1.06 1.04 1.05 1.03 
1.05 1.05 1.06 1.01 1.05 1.03 1.05 1.05 1.01 1.01 1.02 1.03 1.01 1.01 1.05 1.03 1.01 1.06 1.01 1.05 
1.06 1.05 1.06 1.05 1.03 1.03 1.01 1.06 1.02 1.01 1.04 1.01 1.04 1.05 1.05 1.01 1.02 1.04 1.06 1.02 
1.02 1.01 1.01 1.04 1.01 1.03 1.02 1.04 1.02 1.01 1.06 1.01 1.04 1.03 1.06 1.06 1.04 1.06 1.01 1.06 
1.05 1.03 1.05 1.02 1.02 1.02 1.02 1.05 1.06 1.02 1.03 1.04 1.05 1.02 1.02 1.02 1.01 1.02 1.03 1.05 
1.05 1.04 1.04 1.05 1.05 1.03 1.01 1.03 1.01 1.05 1.02 1.02 1.02 1.04 1.04 1.03 1.04 1.06 1.01 1.03 
1.06 1.05 1.04 1.06 1.01 1.06 1.04 1.04 1.05 1.04 1.02 1.01 1.04 1.03 1.02 1.02 1.02 1.01 1.01 1.02 
1.05 1.04 1.02 1.04 1.02 1.02 1.05 1.01 1.03 1.01 1.04 1.02 1.01 1.06 1.02 1.03 1.06 1.01 1.01 1.03 
1.01 1.01 1.05 1.05 1.06 1.05 1.04 1.04 1.01 1.04 1.04 1.02 1.05 1.05 1.06 1.03 1.05 1.01 1.02 1.02 
1.02 1.05 1.04 1.01 1.02 1.06 1.03 1.06 1.03 1.02 1.01 1.04 1.03 1.05 1.01 1.02 1.02 1.01 1.04 1.03 
1.03 1.04 1.04 1.03 1.05 1.03 1.03 1.01 1.02 1.06 1.02 1.03 1.05 1.02 1.06 1.05 1.05 1.05 1.05 1.04 
1.03 1.03 1.06 1.06 1.01 1.04 1.02 1.01 1.02 1.01 1.03 1.04 1.02 1.03 1.05 1.01 1.04 1.05 1.02 1.04 
1.04 1.04 1.03 1.01 1.04 1.03 1.06 1.03 1.04 1.02 1.03 1.03 1.04 1.05 1.03 1.02 1.01 1.05 1.04 1.05 
1.02 1.06 1.03 1.01 1.01 1.03 1.04 1.02 1.06 1.05 1.06 1.05 1.01 1.03 1.03 1.01 1.02 1.06 1.02 1.04 
1.03 1.06 1.06 1.06 1.03 1.01 1.04 1.04 1.01 1.04 1.04 1.02 1.01 1.02 1.06 1.01 1.05 1.02 1.02 1.03 
1.02 1.04 1.02 1.03 1.02 1.02 1.05 1.02 1.06 1.03 1.05 1.05 1.06 1.02 1.06 1.06 1.02 1.05 1.05 1.03 
1.02 1.05 1.04 1.01 1.04 1.03 1.04 1.05 1.04 1.01 1.03 1.02 1.05 1.06 1.05 1.01 1.04 1.03 1.02 1.03 
1.04 1.06 1.05 1.06 1.01 1.03 1.05 1.06 1.02 1.05 1.05 1.06 1.05 1.06 1.01 1.01 1.04 1.05 1.02 1.02 
1.01 1.05 1.03 1.05 1.01 1.05 1.06 1.02 1.05 1.04 1.02 1.01 1.03 1.03 1.06 1.04 1.05 1.01 1.03 1.03 
1.06 1.01 1.02 1.04 1.01 1.03 1.03 1.05 1.04 1.02 1.05 1.03 1.06 1.06 1.03 1.04 1.01 1.05 1.06 1.02 
1.01 1.05 1.03 1.04 1.06 1.04 1.06 1.01 1.01 1.05 1.04 1.06 1.02 1.05 1.01 1.02 1.06 1.02 1.04 1.04 
1.04 1.06 1.05 1.01 1.04 1.03 1.03 1.06 1.03 1.04 1.05 1.01 1.01 1.06 1.04 1.03 1.03 1.05 1.02 1.06 
1.02 1.05 1.01 1.04 1.03 1.03 1.06 1.03 1.02 1.01 1.03 1.05 1.06 1.03 1.04 1.01 1.06 1.02 1.01 1.01 
1.06 1.05 1.05 1.03 1.02 1.03 1.03 1.01 1.01 1.03 1.02 1.01 1.04 1.03 1.01 1.03 1.01 1.05 1.01 1.04 
1.02 1.02 1.04 1.01 1.01 1.06 1.02 1.01 1.04 1.03 1.02 1.03 1.01 1.04 1.04 1.01 1.06 1.06 1.04 1.03 
1.02 1.02 1.02 1.06 1.05 1.01 1.06 1.02 1.01 1.06 1.03 1.04 1.03 1.01 1.01 1.01 1.06 1.05 1.04 1.06 
1.05 1.02 1.06 1.04 1.05 1.02 1.05 1.06 1.06 1.04 1.03 1.06 1.01 1.03 1.06 1.05 1.04 1.03 1.04 1.02 
1.02 1.06 1.02 1.06 1.03 1.03 1.03 1.06 1.01 1.06 1.05 1.05 1.02 1.05 1.03 1.03 1.02 1.04 1.05 1.03 
1.03 1.05 1.03 1.05 1.03 1.02 1.04 1.05 1.02 1.03 1.04 1.04 1.06 1.03 1.05 1.06 1.01 1.02 1.03 1.04 
1.01 1.03 1.06 1.05 1.03 1.02 1.02 1.02 1.04 1.06 1.06 1.01 1.02 1.01 1.05 1.01 1.02 1.02 1.03 1.04 
1.04 1.01 1.04 1.03 1.04 1.03 1.06 1.03 1.02 1.04 1.05 1.06 1.05 1.04 1.04 1.05 1.02 1.03 1.03 1.04 
1.05 1.06 1.04 1.04 1.01 1.02 1.03 1.05 1.01 1.03 1.06 1.01 1.05 1.01 1.06 1.02 1.03 1.04 1.03 1.06 
1.02 1.03 1.01 1.01 1.05 1.03 1.04 1.04 1.01 1.03 1.01 1.03 1.03 1.04 1.03 1.06 1.02 1.02 1.01 1.06 
1.01 1.04 1.06 1.03 1.03 1.02 1.03 1.06 1.03 1.06 1.01 1.04 1.02 1.03 1.03 1.04 1.02 1.06 1.05 1.03 
1.03 1.06 1.06 1.02 1.04 1.02 1.06 1.06 1.01 1.01 1.05 1.06 1.02 1.05 1.03 1.06 1.06 1.04 1.01 1.04 
1.05 1.05 1.04 1.04 1.05 1.06 1.01 1.04 1.03 1.04 1.06 1.02 1.06 1.01 1.02 1.04 1.06 1.01 1.03 1.04 
1.04 1.03 1.06 1.06 1.06 1.05 1.03 1.04 1.03 1.01 1.06 1.05 1.04 1.04 1.04 1.05 1.03 1.06 1.04 1.02 
1.04 1.02 1.02 1.04 1.04 1.05 1.04 1.06 1.03 1.05 1.06 1.03 1.05 1.05 1.01 1.05 1.05 1.02 1.01 1.06 
1.05 1.05 1.05 1.03 1.06 1.05 1.06 1.06 1.01 1.06 1.05 1.01 1.04 1.04 1.05 1.03 1.02 1.02 1.06 1.03 
1.01 1.04 1.06 1.04 1.03 1.02 1.04 1.04 1.04 1.03 1.05 1.05 1.04 1.02 1.01 1.03 1.02 1.03 1.05 1.03 
1.04 1.06 1.06 1.01 1.02 1.01 1.01 1.04 1.05 1.04 1.06 1.02 1.05 1.01 1.06 1.04 1.05 1.04 1.03 1.02 
1.01 1.06 1.03 1.05 1.03 1.02 1.06 1.04 1.06 1.01 1.06 1.01 1.02 1.02 1.03 1.01 1.02 1.01 1.04 1.01 
1.01 1.06 1.03 1.04 1.02 1.06 1.04 1.04 1.06 1.04 1.04 1.06 1.06 1.05 1.04 1.04 1.01 1.01 1.06 1.01 
1.05 1.05 1.02 1.01 1.05 1.02 1.06 1.04 1.06 1.06 1.05 1.01 1.04 1.03 1.05 1.01 1.06 1.02 1.06 1.04 
1.06 1.02 1.03 1.05 1.04 1.02 1.02 1.05 1.04 1.06 1.01 1.05 1.04 1.01 1.04 1.06 1.02 1.02 1.04 1.01 
1.03 1.06 1.05 1.05 1.03 1.01 1.06 1.02 1.04 1.06 1.03 1.05 1.01 1.02 1.03 1.01 1.02 1.05 1.06 1.06 
1.02 1.01 1.01 1.03 1.01 1.04 1.05 1.01 1.04 1.04 1.02 1.05 1.04 1.01 1.06 1.05 1.04 1.03 1.03 1.04 
1.01 1.04 1.03 1.03 1.02 1.06 1.03 1.05 1.06 1.01 1.02 1.02 1.02 1.02 1.01 1.02 1.05 1.03 1.04 1.05 
1.04 1.04 1.02 1.01 1.06 1.04 1.06 1.04 1.03 1.03 1.03 1.02 1.05 1.03 1.04 1.01 1.06 1.01 1.01 1.03 
1.02 1.03 1.04 1.06 1.01 1.06 1.02 1.02 1.01 1.06 1.04 1.03 1.03 1.06 1.04 1.02 1.03 1.01 1.05 1.02 
1.06 1.05 1.06 1.05 1.01 1.01 1.06 1.03 1.04 1.01 1.03 1.02 1.05 1.01 1.03 1.03 1.02 1.01 1.02 1.06 
1.03 1.02 1.05 1.02 1.05 1.02 1.06 1.06 1.05 1.05 1.04 1.02 1.02 1.05 1.04 1.02 1.05 1.03 1.04 1.02 
1.06 1.01 1.02 1.06 1.05 1.04 1.01 1.04 1.02 1.03 1.03 1.05 1.03 1.01 1.05 1.03 1.04 1.05 1.03 1.04 
1.02 1.05 1.04 1.06 1.02 1.03 1.03 1.06 1.06 1.05 1.01 1.01 1.02 1.04 1.06 1.01 1.06 1.02 1.06 1.03 
1.05 1.02 1.02 1.04 1.06 1.01 1.06 1.02 1.05 1.01 1.01 1.04 1.06 1.05 1.01 1.05 1.04 1.01 1.03 1.03 
1.03 1.03 1.03 1.05 1.04 1.04 1.05 1.05 1.02 1.01 1.03 1.03 1.01 1.03 1.03 1.02 1.03 1.04 1.01 1.04 
1.03 1.01 1.02 1.03 1.03 1.01 1.03 1.02 1.02 1.03 1.04 1.02 1.06 1.03 1.04 1.01 1.06 1.01 1.06 1.05 
1.02 1.05 1.01 1.02 1.03 1.04 1.04 1.04 1.05 1.02 1.04 1.02 1.04 1.02 1.05 1.05 1.03 1.03 1.02 1.02 
1.06 1.04 1.04 1.03 1.04 1.05 1.02 1.03 1.04 1.01 1.05 1.05 1.02 1.04 1.02 1.06 1.02 1.03 1.06 1.05 
1.03 1.01 1.05 1.01 1.05 1.05 1.03 1.01 1.04 1.03 1.02 1.02 1.05 1.06 1.03 1.05 1.02 1.05 1.02 1.04 
1.06 1.04 1.05 1.02 1.05 1.02 1.06 1.02 1.02 1.05 1.03 1.06 1.05 1.03 1.01 1.02 1.03 1.03 1.06 1.06 
1.06 1.02 1.02 1.04 1.05 1.03 1.01 1.04 1.06 1.01 1.06 1.01 1.04 1.06 1.02 1.05 1.06 1.02 1.05 1.04 
1.06 1.04 1.01 1.04 1.03 1.04 1.01 1.06 1.02 1.06 1.06 1.06 1.06 1.05 1.01 1.03 1.06 1.03 1.04 1.03 
1.03 1.06 1.06 1.01 1.04 1.03 1.06 1.02 1.06 1.06 1.05 1.06 1.01 1.04 1.01 1.03 1.02 1.05 1.05 1.04 
1.04 1.05 1.04 1.04 1.03 1.04 1.03 1.02 1.03 1.02 1.01 1.03 1.02 1.06 1.05 1.02 1.04 1.02 1.06 1.01 
1.05 1.05 1.01 1.04 1.01 1.05 1.02 1.06 1.05 1.06 1.03 1.06 1.06 1.04 1.06 1.04 1.02 1.02 1.06 1.02 
1.01 1.04 1.01 1.06 1.01 1.03 1.04 1.06 1.02 1.01 1.06 1.03 1.03 1.04 1.06 1.01 1.01 1.05 1.04 1.06 
1.04 1.03 1.02 1.01 1.02 1.04 1.06 1.03 1.05 1.01 1.05 1.02 1.06 1.01 1.06 1.01 1.02 1.01 1.03 1.01 
1.02 1.06 1.04 1.03 1.06 1.05 1.04 1.05 1.02 1.01 1.05 1.06 1.04 1.06 1.02 1.06 1.04 1.03 1.02 1.05 
1.01 1.05 1.02 1.01 1.02 1.06 1.02 1.06 1.06 1.06 1.02 1.03 1.01 1.05 1.03 1.03 1.04 1.04 1.03 1.03 
1.04 1.06 1.05 1.05 1.04 1.03 1.05 1.04 1.06 1.02 1.05 1.01 1.02 1.06 1.05 1.04 1.04 1.04 1.04 1.06 
1.02 1.02 1.01 1.01 1.06 1.06 1.03 1.05 1.05 1.01 1.01 1.05 1.02 1.02 1.02 1.04 1.04 1.04 1.04 1.04 
1.05 1.04 1.03 1.02 1.04 1.06 1.01 1.02 1.06 1.01 1.06 1.01 1.03 1.03 1.06 1.01 1.03 1.01 1.02 1.02 
1.05 1.02 1.05 1.02 1.03 1.06 1.05 1.04 1.05 1.05 1.05 1.03 1.05 1.05 1.06 1.05 1.03 1.02 1.04 1.02 
1.06 1.02 1.02 1.02 1.05 1.01 1.03 1.02 1.06 1.02 1.05 1.06 1.06 1.02 1.06 1.05 1.03 1.04 1.01 1.05 
1.02 1.03 1.02 1.04 1.03 1.02 1.04 1.05 1.06 1.02 1.02 1.02 1.04 1.05 1.03 1.04 1.02 1.05 1.04 1.03 
1.05 1.03 1.06 1.06 1.04 1.01 1.04 1.03 1.04 1.06 1.06 1.06 1.03 1.06 1.06 1.02 1.02 1.05 1.03 1.04 
1.03 1.01 1.06 1.01 1.03 1.02 1.05 1.01 1.04 1.01 1.05 1.03 1.01 1.01 1.02 1.03 1.06 1.03 1.05 1.05 
1.05 1.06 1.06 1.06 1.04 1.02 1.03 1.06 1.05 1.01 1.02 1.03 1.06 1.04 1.05 1.03 1.06 1.05 1.02 1.06 
1.06 1.02 1.02 1.05 1.04 1.02 1.05 1.04 1.05 1.03 1.01 1.03 1.05 1.04 1.06 1.06 1.02 1.02 1.04 1.02 
1.04 1.06 1.06 1.04 1.02 1.01 1.01 1.04 1.05 1.06 1.03 1.03 1.04 1.01 1.03 1.02 1.04 1.03 1.01 1.04 
1.04 1.05 1.01 1.02 1.03 1.03 1.06 1.03 1.02 1.06 1.05 1.03 1.01 1.05 1.06 1.05 1.04 1.04 1.06 1.01 
1.06 1.02 1.06 1.05 1.06 1.06 1.04 1.05 1.02 1.01 1.03 1.03 1.01 1.01 1.03 1.04 1.01 1.01 1.02 1.06 
1.05 1.04 1.06 1.04 1.04 1.03 1.02 1.05 1.02 1.01 1.06 1.01 1.03 1.05 1.04 1.02 1.04 1.01 1.05 1.03 
1.03 1.06 1.05 1.06 1.04 1.05 1.05 1.06 1.05 1.05 1.01 1.04 1.02 1.04 1.04 1.02 1.05 1.03 1.04 1.01 
1.01 1.02 1.06 1.02 1.03 1.02 1.03 1.03 1.05 1.01 1.03 1.06 1.05 1.02 1.02 1.03 1.04 1.06 1.04 1.02 
1.03 1.06 1.01 1.06 1.03 1.05 1.01 1.02 1.02 1.04 1.05 1.04 1.06 1.04 1.04 1.06 1.06 1.02 1.03 1.05 
1.03 1.03 1.01 1.01 1.01 1.02 1.04 1.03 1.02 1.04 1.04 1.03 1.06 1.02 1.04 1.03 1.06 1.05 1.03 1.02 
1.01 1.02 1.05 1.01 1.01 1.04 1.06 1.04 1.06 1.01 1.03 1.03 1.02 1.05 1.04 1.04 1.05 1.02 1.03 1.04 
1.05 1.05 1.06 1.04 1.06 1.04 1.03 1.01 1.06 1.03 1.05 1.05 1.04 1.06 1.06 1.04 1.02 1.02 1.05 1.06 
1.06 1.01 1.01 1.04 1.06 1.04 1.02 1.05 1.02 1.01 1.02 1.03 1.03 1.02 1.01 1.01 1.05 1.05 1.05 1.01 
1.06 1.05 1.01 1.01 1.05 1.06 1.03 1.01 1.06 1.01 1.05 1.03 1.04 1.04 1.01 1.01 1.06 1.02 1.05 1.05 
1.03 1.05 1.01 1.05 1.02 1.03 1.04 1.03 1.05 1.04 1.04 1.02 1.04 1.06 1.05 1.03 1.03 1.03 1.02 1.02 
1.06 1.01 1.05 1.04 1.05 1.06 1.04 1.03 1.05 1.03 1.02 1.03 1.02 1.03 1.02 1.02 1.04 1.06 1.03 1.06 
1.01 1.02 1.04 1.01 1.03 1.03 1.06 1.05 1.05 1.01 1.02 1.04 1.03 1.02 1.03 1.02 1.06 1.04 1.06 1.04 
1.02 1.01 1.01 1.01 1.04 1.03 1.02 1.01 1.05 1.05 1.02 1.03 1.05 1.05 1.03 1.01 1.06 1.06 1.03 1.04 
1.06 1.03 1.05 1.01 1.04 1.06 1.01 1.06 1.05 1.04 1.03 1.01 1.05 1.04 1.06 1.06 1.06 1.01 1.04 1.04 
1.01 1.02 1.01 1.02 1.03 1.06 1.03 1.03 1.01 1.01 1.04 1.03 1.04 1.01 1.05 1.05 1.05 1.05 1.06 1.01 
1.05 1.03 1.04 1.03 1.06 1.06 1.02 1.04 1.05 1.05 1.01 1.02 1.03 1.02 1.04 1.04 1.05 1.05 1.03 1.04 
1.01 1.05 1.01 1.05 1.01 1.04 1.05 1.02 1.06 1.02 1.04 1.06 1.01 1.05 1.06 1.01 1.06 1.06 1.04 1.04 
1.05 1.03 1.03 1.01 1.04 1.04 1.03 1.04 1.02 1.04 1.02 1.02 1.03 1.02 1.02 1.05 1.06 1.04 1.05 1.03 
1.04 1.03 1.06 1.01 1.02 1.03 1.01 1.04 1.02 1.06 1.06 1.02 1.06 1.02 1.06 1.04 1.05 1.06 1.02 1.01 
1.01 1.03 1.02 1.04 1.05 1.01 1.03 1.03 1.04 1.06 1.04 1.04 1.02 1.03 1.04 1.01 1.02 1.01 1.05 1.05 
1.02 1.01 1.02 1.05 1.03 1.04 1.02 1.04 1.06 1.05 1.02 1.06 1.03 1.02 1.01 1.04 1.05 1.04 1.04 1.06 
1.05 1.02 1.02 1.04 1.04 1.03 1.02 1.05 1.05 1.05 1.02 1.05 1.01 1.06 1.04 1.02 1.03 1.06 1.05 1.04 
1.02 1.05 1.04 1.02 1.04 1.01 1.04 1.04 1.04 1.04 1.01 1.02 1.06 1.01 1.05 1.03 1.03 1.05 1.01 1.02 
1.06 1.04 1.04 1.06 1.02 1.05 1.06 1.01 1.04 1.01 1.02 1.05 1.05 1.06 1.04 1.04 1.04 1.06 1.03 1.01 
1.03 1.03 1.05 1.04 1.04 1.05 1.02 1.02 1.06 1.01 1.03 1.01 1.06 1.06 1.03 1.05 1.05 1.06 1.03 1.03 
1.03 1.01 1.05 1.04 1.02 1.06 1.06 1.02 1.04 1.01 1.04 1.02 1.05 1.03 1.05 1.06 1.03 1.06 1.03 1.04 
1.01 1.05 1.06 1.05 1.06 1.06 1.03 1.06 1.05 1.03 1.06 1.02 1.05 1.04 1.04 1.02 1.06 1.05 1.01 1.01 
1.05 1.01 1.04 1.03 1.03 1.03 1.02 1.01 1.02 1.04 1.02 1.02 1.03 1.03 1.03 1.03 1.06 1.04 1.06 1.04 
1.01 1.04 1.03 1.01 1.02 1.03 1.03 1.03 1.03 1.03 1.05 1.06 1.03 1.02 1.05 1.04 1.03 1.01 1.02 1.02 
1.04 1.05 1.04 1.01 1.03 1.02 1.04 1.05 1.04 1.05 1.04 1.03 1.03 1.04 1.06 1.06 1.03 1.05 1.03 1.06 
1.02 1.01 1.02 1.04 1.05 1.06 1.01 1.02 1.03 1.04 1.02 1.05 1.03 1.04 1.01 1.06 1.05 1.01 1.05 1.06 
1.04 1.01 1.03 1.04 1.04 1.03 1.04 1.06 1.03 1.04 1.06 1.06 1.01 1.05 1.05 1.02 1.06 1.05 1.05 1.03 
1.04 1.02 1.04 1.05 1.02 1.03 1.03 1.02 1.02 1.04 1.01 1.02 1.02 1.04 1.06 1.06 1.05 1.06 1.05 1.04 
1.04 1.01 1.06 1.04 1.01 1.04 1.04 1.01 1.02 1.05 1.02 1.02 1.03 1.02 1.02 1.06 1.06 1.03 1.03 1.01 
1.05 1.04 1.06 1.06 1.04 1.03 1.04 1.01 1.04 1.05 1.05 1.03 1.06 1.06 1.02 1.01 1.05 1.01 1.03 1.04 
1.04 1.04 1.02 1.04 1.06 1.06 1.01 1.01 1.03 1.06 1.01 1.02 1.04 1.05 1.03 1.04 1.06 1.05 1.01 1.02 
1.05 1.03 1.05 1.06 1.02 1.05 1.03 1.04 1.01 1.02 1.01 1.05 1.01 1.06 1.01 1.06 1.04 1.06 1.03 1.02 
1.03 1.03 1.04 1.05 1.03 1.03 1.04 1.06 1.04 1.04 1.01 1.01 1.05 1.06 1.01 1.02 1.03 1.02 1.05 1.06 
1.02 1.05 1.06 1.05 1.03 1.06 1.03 1.03 1.06 1.04 1.06 1.02 1.05 1.04 1.06 1.06 1.01 1.04 1.03 1.04 
1.04 1.01 1.03 1.03 1.05 1.06 1.03 1.04 1.04 1.01 1.02 1.05 1.03 1.02 1.01 1.03 1.03 1.06 1.04 1.04 
1.02 1.06 1.04 1.02 1.04 1.05 1.01 1.02 1.01 1.04 1.01 1.05 1.05 1.02 1.01 1.04 1.06 1.06 1.04 1.06 
1.04 1.02 1.05 1.04 1.04 1.05 1.04 1.02 1.06 1.06 1.05 1.02 1.03 1.05 1.06 1.03 1.01 1.03 1.02 1.02 
1.04 1.04 1.04 1.01 1.04 1.06 1.01 1.03 1.05 1.02 1.06 1.03 1.01 1.05 1.04 1.05 1.06 1.01 1.01 1.03 
1.04 1.01 1.03 1.01 1.02 1.02 1.01 1.06 1.03 1.04 1.03 1.06 1.04 1.02 1.03 1.02 1.02 1.05 1.05 1.05 
1.04 1.03 1.04 1.06 1.01 1.02 1.01 1.04 1.02 1.06 1.03 1.01 1.03 1.03 1.06 1.02 1.01 1.01 1.05 1.05 
1.02 1.01 1.04 1.04 1.03 1.05 1.06 1.01 1.03 1.06 1.04 1.06 1.05 1.02 1.06 1.04 1.01 1.03 1.02 1.04 
1.04 1.04 1.04 1.01 1.04 1.04 1.06 1.03 1.01 1.05 1.06 1.01 1.02 1.04 1.04 1.05 1.01 1.04 1.05 1.06 
1.03 1.06 1.03 1.04 1.01 1.03 1.02 1.06 1.04 1.01 1.02 1.02 1.06 1.05 1.06 1.04 1.04 1.02 1.02 1.04 
1.04 1.02 1.06 1.04 1.06 1.02 1.06 1.05 1.06 1.03 1.01 1.06 1.05 1.01 1.04 1.06 1.03 1.03 1.05 1.03 
1.02 1.06 1.04 1.06 1.05 1.05 1.06 1.01 1.06 1.04 1.06 1.06 1.05 1.04 1.06 1.01 1.01 1.05 1.01 1.05 
1.06 1.06 1.06 1.04 1.04 1.04 1.01 1.06 1.03 1.01 1.05 1.02 1.04 1.04 1.06 1.04 1.06 1.06 1.05 1.02 
1.04 1.04 1.04 1.06 1.05 1.03 1.03 1.06 1.01 1.03 1.04 1.02 1.03 1.05 1.04 1.04 1.01 1.05 1.06 1.03 
1.06 1.04 1.03 1.05 1.03 1.01 1.02 1.01 1.06 1.02 1.06 1.06 1.06 1.02 1.03 1.02 1.04 1.03 1.02 1.02 
1.05 1.04 1.04 1.01 1.01 1.06 1.02 1.04 1.06 1.01 1.04 1.02 1.03 1.03 1.01 1.05 1.03 1.05 1.02 1.01 
1.04 1.05 1.01 1.06 1.02 1.03 1.05 1.06 1.01 1.03 1.06 1.02 1.04 1.02 1.02 1.05 1.06 1.02 1.04 1.01 
1.05 1.04 1.06 1.02 1.04 1.06 1.05 1.04 1.05 1.05 1.05 1.05 1.04 1.01 1.02 1.03 1.06 1.03 1.06 1.03 
1.04 1.05 1.04 1.06 1.04 1.04 1.03 1.03 1.05 1.06 1.06 1.03 1.02 1.02 1.04 1.04 1.03 1.02 1.04 1.04 
1.02 1.02 1.02 1.02 1.04 1.02 1.01 1.06 1.04 1.02 1.05 1.05 1.04 1.02 1.05 1.01 1.02 1.03 1.04 1.02 
1.03 1.02 1.03 1.05 1.05 1.01 1.04 1.01 1.01 1.01 1.02 1.06 1.04 1.04 1.02 1.01 1.05 1.01 1.02 1.04 
1.02 1.02 1.04 1.01 1.02 1.06 1.04 1.05 1.04 1.05 1.03 1.06 1.05 1.03 1.06 1.02 1.02 1.01 1.04 1.04 
1.03 1.01 1.01 1.03 1.02 1.04 1.02 1.03 1.06 1.02 1.02 1.02 1.02 1.01 1.04 1.06 1.04 1.04 1.06 1.01 
1.01 1.01 1.06 1.02 1.05 1.01 1.03 1.05 1.01 1.06 1.01 1.02 1.06 1.04 1.06 1.04 1.04 1.04 1.03 1.03 
1.03 1.01 1.05 1.06 1.02 1.06 1.05 1.01 1.03 1.04 1.05 1.05 1.02 1.03 1.05 1.05 1.04 1.02 1.02 1.05 
1.02 1.02 1.03 1.03 1.05 1.04 1.03 1.02 1.03 1.04 1.04 1.06 1.05 1.04 1.03 1.01 1.04 1.02 1.05 1.05 
1.02 1.06 1.03 1.02 1.03 1.01 1.03 1.06 1.06 1.02 1.05 1.03 1.05 1.02 1.02 1.02 1.04 1.01 1.02 1.01 
1.02 1.04 1.02 1.05 1.03 1.05 1.04 1.03 1.02 1.05 1.05 1.03 1.01 1.01 1.01 1.01 1.05 1.05 1.03 1.04 
1.01 1.01 1.02 1.06 1.01 1.02 1.03 1.04 1.01 1.01 1.06 1.02 1.03 1.04 1.04 1.02 1.05 1.03 1.01 1.04 
1.06 1.02 1.05 1.04 1.05 1.02 1.01 1.05 1.05 1.05 1.01 1.04 1.05 1.02 1.02 1.01 1.05 1.06 1.01 1.02 
1.01 1.04 1.01 1.04 1.05 1.04 1.06 1.04 1.04 1.01 1.01 1.01 1.03 1.03 1.06 1.06 1.03 1.01 1.03 1.03 
1.01 1.06 1.05 1.03 1.05 1.03 1.02 1.04 1.04 1.06 1.02 1.05 1.03 1.06 1.06 1.05 1.06 1.03 1.04 1.01 
1.01 1.05 1.05 1.05 1.04 1.02 1.04 1.06 1.01 1.03 1.06 1.01 1.03 1.02 1.05 1.06 1.03 1.01 1.04 1.06 
1.02 1.04 1.04 1.04 1.02 1.04 1.01 1.01 1.05 1.01 1.03 1.05 1.06 1.06 1.04 1.02 1.05 1.03 1.05 1.02 
1.06 1.02 1.04 1.04 1.01 1.06 1.02 1.05 1.01 1.05 1.02 1.05 1.05 1.06 1.05 1.06 1.02 1.02 1.06 1.03 
1.03 1.01 1.01 1.03 1.03 1.06 1.05 1.06 1.03 1.02 1.02 1.02 1.04 1.04 1.02 1.02 1.03 1.03 1.04 1.01 
1.02 1.03 1.03 1.05 1.04 1.02 1.03 1.06 1.05 1.04 1.02 1.04 1.05 1.02 1.02 1.06 1.05 1.03 1.01 1.04 
1.05 1.02 1.01 1.05 1.02 1.03 1.04 1.05 1.02 1.01 1.05 1.06 1.03 1.01 1.01 1.04 1.04 1.02 1.02 1.04 
1.05 1.04 1.01 1.02 1.01 1.02 1.03 1.06 1.03 1.01 1.01 1.04 1.03 1.05 1.02 1.06 1.05 1.01 1.02 1.06 
1.03 1.04 1.04 1.06 1.04 1.01 1.02 1.04 1.02 1.06 1.04 1.05 1.02 1.06 1.05 1.05 1.03 1.01 1.04 1.06 
1.06 1.06 1.02 1.05 1.06 1.04 1.06 1.03 1.03 1.06 1.05 1.06 1.01 1.02 1.04 1.02 1.06 1.05 1.05 1.02 
1.02 1.03 1.05 1.05 1.02 1.05 1.01 1.02 1.03 1.01 1.04 1.04 1.01 1.06 1.06 1.04 1.06 1.05 1.01 1.06 
1.03 1.04 1.05 1.02 1.05 1.03 1.03 1.01 1.02 1.04 1.01 1.01 1.02 1.05 1.05 1.06 1.06 1.04 1.06 1.03 
1.03 1.06 1.03 1.06 1.04 1.04 1.03 1.02 1.02 1.05 1.03 1.06 1.01 1.04 1.06 1.05 1.03 1.02 1.01 1.05 
1.06 1.03 1.01 1.02 1.04 1.02 1.04 1.01 1.03 1.03 1.04 1.03 1.03 1.05 1.01 1.01 1.01 1.02 1.04 1.06 
1.05 1.04 1.01 1.03 1.04 1.02 1.01 1.03 1.05 1.06 1.02 1.05 1.02 1.04 1.03 1.05 1.02 1.04 1.01 1.03 
1.04 1.03 1.03 1.03 1.02 1.06 1.03 1.02 1.05 1.05 1.01 1.05 1.01 1.06 1.03 1.06 1.05 1.05 1.02 1.06 
1.03 1.03 1.01 1.03 1.01 1.02 1.05 1.03 1.06 1.01 1.03 1.06 1.03 1.04 1.03 1.06 1.05 1.06 1.01 1.04 
1.03 1.02 1.04 1.02 1.01 1.06 1.02 1.06 1.02 1.06 1.03 1.01 1.02 1.04 1.03 1.06 1.04 1.01 1.05 1.03 
1.06 1.04 1.02 1.03 1.01 1.06 1.02 1.03 1.05 1.01 1.01 1.02 1.03 1.05 1.04 1.01 1.02 1.01 1.06 1.06 
1.06 1.05 1.01 1.02 1.01 1.01 1.03 1.02 1.02 1.05 1.01 1.04 1.02 1.06 1.04 1.02 1.04 1.01 1.05 1.06 
