20
300
83 78 29 90 94 71 30 100 57 71 70 58 79 2 66 63 79 51 64 96 15 28 30 88 45 45 94 32 61 44 89 32 40 81 50 18 68 63 49 34 76 27 45 92 65 92 67 38 100 38 76 1 38 67 100 89 34 54 8 63 34 22 77 47 97 31 82 14 7 91 1 46 9 40 32 19 42 56 9 92 6 85 82 90 23 73 19 52 97 93 22 20 22 62 28 45 74 24 65 82 23 75 51 53 92 90 76 63 99 46 97 72 40 19 56 62 33 60 12 79 47 93 2 66 82 88 20 9 71 89 43 49 93 47 26 50 6 25 25 38 91 62 87 70 23 63 76 6 56 83 98 86 35 85 46 30 28 76 85 68 33 16 28 99 83 27 33 98 78 94 98 13 31 88 87 84 22 47 91 69 8 86 75 58 93 67 23 92 7 51 45 22 15 98 71 45 28 11 99 44 44 39 85 83 61 56 93 83 81 94 53 24 34 25 69 23 65 98 9 59 24 19 71 14 17 60 57 51 49 15 73 98 21 74 8 65 83 15 88 82 57 28 14 31 9 72 18 48 40 74 43 27 81 1 54 24 52 56 10 40 4 3 55 48 4 73 60 70 33 91 73 63 49 37 33 9 34 48 83 42 49 87 75 54 5 70 39 9 75 44 22 29 40 19 1 91 61 82 9 28 
3 1 1 2 1 1 2 1 3 2 3 3 2 3 2 2 3 1 2 3 
1.02 1.04 1.05 1.05 1.03 1.06 1.05 1.03 1.03 1.03 1.01 1.01 1.01 1.06 1.01 1.06 1.03 1.02 1.05 1.03 
1.02 1.04 1.04 1.03 1.05 1.02 1.04 1.01 1.05 1.05 1.03 1.02 1.04 1.06 1.05 1.03 1.04 1.04 1.06 1.03 
1.01 1.02 1.01 1.04 1.01 1.05 1.06 1.03 1.04 1.04 1.06 1.04 1.03 1.06 1.04 1.05 1.01 1.05 1.06 1.01 
1.05 1.01 1.01 1.02 1.04 1.01 1.01 1.03 1.04 1.04 1.05 1.04 1.01 1.06 1.04 1.03 1.01 1.02 1.02 1.02 
1.05 1.02 1.01 1.06 1.01 1.03 1.01 1.05 1.01 1.06 1.03 1.06 1.06 1.04 1.04 1.04 1.04 1.06 1.02 1.06 
1.05 1.03 1.03 1.03 1.02 1.04 1.06 1.05 1.05 1.02 1.04 1.03 1.02 1.02 1.03 1.02 1.06 1.03 1.04 1.05 
1.04 1.04 1.04 1.04 1.02 1.01 1.04 1.02 1.05 1.01 1.06 1.04 1.02 1.03 1.05 1.01 1.01 1.04 1.03 1.05 
1.06 1.05 1.05 1.02 1.04 1.03 1.03 1.04 1.02 1.02 1.04 1.01 1.01 1.04 1.01 1.05 1.06 1.04 1.02 1.06 
1.04 1.03 1.03 1.05 1.02 1.04 1.04 1.05 1.06 1.05 1.01 1.04 1.05 1.06 1.06 1.03 1.04 1.06 1.02 1.03 
1.05 1.06 1.02 1.02 1.04 1.06 1.04 1.02 1.03 1.01 1.04 1.03 1.03 1.04 1.04 1.04 1.05 1.03 1.05 1.02 
1.03 1.05 1.04 1.01 1.05 1.03 1.06 1.04 1.02 1.05 1.06 1.01 1.02 1.03 1.05 1.01 1.02 1.04 1.04 1.05 
1.06 1.04 1.05 1.01 1.06 1.06 1.05 1.04 1.04 1.03 1.03 1.04 1.05 1.06 1.05 1.05 1.04 1.06 1.04 1.04 
1.03 1.02 1.05 1.05 1.01 1.05 1.02 1.03 1.04 1.04 1.04 1.01 1.06 1.01 1.01 1.05 1.04 1.03 1.02 1.05 
1.02 1.02 1.01 1.02 1.01 1.04 1.05 1.05 1.04 1.05 1.05 1.04 1.02 1.03 1.03 1.01 1.02 1.03 1.02 1.03 
1.06 1.02 1.02 1.03 1.05 1.06 1.02 1.02 1.06 1.01 1.02 1.05 1.03 1.01 1.03 1.01 1.02 1.02 1.06 1.05 
1.04 1.06 1.02 1.05 1.01 1.02 1.01 1.02 1.05 1.03 1.02 1.01 1.05 1.05 1.02 1.06 1.05 1.01 1.03 1.05 
1.01 1.05 1.05 1.01 1.03 1.02 1.03 1.04 1.05 1.04 1.06 1.02 1.03 1.05 1.03 1.03 1.05 1.06 1.06 1.03 
1.01 1.05 1.01 1.01 1.04 1.02 1.06 1.05 1.03 1.06 1.06 1.03 1.03 1.05 1.05 1.01 1.05 1.05 1.06 1.02 
1.06 1.01 1.06 1.03 1.06 1.01 1.02 1.03 1.05 1.03 1.04 1.05 1.03 1.01 1.02 1.04 1.01 1.05 1.02 1.02 
1.04 1.03 1.04 1.06 1.02 1.06 1.03 1.02 1.04 1.04 1.04 1.06 1.01 1.01 1.02 1.03 1.04 1.06 1.02 1.06 
1.03 1.04 1.03 1.01 1.04 1.01 1.02 1.02 1.03 1.03 1.04 1.04 1.03 1.03 1.01 1.03 1.06 1.01 1.04 1.06 
1.05 1.01 1.01 1.03 1.03 1.05 1.06 1.05 1.03 1.01 1.05 1.01 1.04 1.03 1.03 1.06 1.04 1.05 1.02 1.04 
1.04 1.02 1.04 1.03 1.04 1.06 1.03 1.01 1.03 1.06 1.04 1.01 1.05 1.04 1.02 1.03 1.03 1.01 1.01 1.02 
1.05 1.01 1.03 1.05 1.04 1.03 1.01 1.03 1.01 1.05 1.02 1.03 1.03 1.06 1.06 1.03 1.05 1.06 1.05 1.01 
1.05 1.03 1.05 1.02 1.02 1.05 1.03 1.05 1.01 1.05 1.05 1.05 1.05 1.04 1.01 1.06 1.01 1.05 1.05 1.02 
1.02 1.02 1.06 1.04 1.01 1.03 1.06 1.01 1.06 1.05 1.01 1.01 1.06 1.02 1.01 1.04 1.06 1.03 1.05 1.05 
1.04 1.06 1.06 1.06 1.06 1.04 1.01 1.05 1.03 1.01 1.03 1.04 1.04 1.02 1.01 1.04 1.04 1.01 1.02 1.04 
1.05 1.01 1.05 1.01 1.04 1.03 1.04 1.01 1.02 1.02 1.06 1.03 1.05 1.05 1.01 1.04 1.04 1.01 1.06 1.04 
1.03 1.02 1.04 1.06 1.03 1.06 1.04 1.05 1.03 1.06 1.03 1.05 1.02 1.06 1.04 1.03 1.01 1.03 1.03 1.03 
1.03 1.01 1.06 1.06 1.04 1.02 1.01 1.01 1.01 1.03 1.02 1.02 1.03 1.04 1.02 1.03 1.02 1.03 1.04 1.04 
1.02 1.01 1.04 1.01 1.01 1.02 1.02 1.05 1.06 1.03 1.03 1.05 1.03 1.03 1.02 1.01 1.01 1.04 1.05 1.03 
1.02 1.01 1.01 1.03 1.01 1.05 1.04 1.02 1.06 1.01 1.01 1.05 1.04 1.04 1.01 1.06 1.04 1.02 1.05 1.02 
1.04 1.05 1.06 1.03 1.05 1.02 1.04 1.01 1.01 1.01 1.04 1.03 1.01 1.03 1.02 1.04 1.06 1.06 1.01 1.04 
1.01 1.02 1.01 1.06 1.04 1.04 1.06 1.06 1.03 1.06 1.02 1.02 1.06 1.04 1.02 1.06 1.02 1.06 1.06 1.03 
1.01 1.02 1.05 1.02 1.04 1.04 1.03 1.06 1.03 1.01 1.04 1.04 1.04 1.06 1.02 1.06 1.02 1.04 1.06 1.05 
1.01 1.02 1.03 1.02 1.02 1.02 1.04 1.03 1.04 1.04 1.01 1.05 1.02 1.03 1.01 1.04 1.05 1.04 1.04 1.03 
1.04 1.06 1.03 1.02 1.06 1.03 1.04 1.06 1.03 1.02 1.01 1.02 1.01 1.02 1.01 1.04 1.05 1.01 1.06 1.05 
1.02 1.01 1.02 1.03 1.03 1.04 1.05 1.05 1.01 1.04 1.02 1.04 1.02 1.05 1.02 1.03 1.05 1.04 1.01 1.05 
1.02 1.06 1.03 1.03 1.06 1.04 1.06 1.06 1.03 1.05 1.04 1.05 1.03 1.03 1.06 1.03 1.04 1.05 1.04 1.02 
1.03 1.02 1.01 1.05 1.04 1.06 1.01 1.04 1.02 1.03 1.01 1.02 1.01 1.01 1.04 1.04 1.02 1.02 1.04 1.05 
1.02 1.06 1.01 1.04 1.03 1.01 1.06 1.02 1.03 1.01 1.02 1.03 1.05 1.05 1.05 1.05 1.02 1.02 1.01 1.06 
1.05 1.06 1.06 1.01 1.05 1.06 1.03 1.01 1.03 1.06 1.02 1.06 1.06 1.05 1.03 1.05 1.02 1.05 1.05 1.05 
1.05 1.06 1.03 1.01 1.04 1.01 1.03 1.04 1.03 1.02 1.05 1.06 1.05 1.01 1.06 1.04 1.05 1.01 1.05 1.06 
1.02 1.04 1.06 1.01 1.04 1.02 1.01 1.02 1.01 1.05 1.02 1.01 1.03 1.04 1.01 1.06 1.05 1.03 1.01 1.01 
1.06 1.06 1.06 1.05 1.01 1.02 1.04 1.02 1.01 1.03 1.04 1.06 1.02 1.02 1.04 1.02 1.02 1.06 1.05 1.02 
1.05 1.03 1.02 1.05 1.02 1.04 1.01 1.02 1.04 1.05 1.04 1.01 1.03 1.05 1.06 1.06 1.05 1.03 1.05 1.01 
1.06 1.06 1.06 1.03 1.03 1.05 1.05 1.02 1.02 1.02 1.01 1.04 1.05 1.03 1.04 1.01 1.04 1.02 1.04 1.01 
1.02 1.02 1.02 1.05 1.06 1.01 1.04 1.06 1.02 1.04 1.06 1.04 1.04 1.02 1.01 1.06 1.06 1.03 1.02 1.05 
1.05 1.02 1.06 1.05 1.04 1.05 1.04 1.05 1.01 1.02 1.06 1.03 1.05 1.02 1.01 1.02 1.04 1.02 1.06 1.06 
1.03 1.03 1.03 1.06 1.06 1.05 1.06 1.02 1.02 1.04 1.06 1.06 1.06 1.06 1.02 1.02 1.04 1.04 1.02 1.06 
1.01 1.06 1.05 1.05 1.06 1.05 1.04 1.03 1.06 1.04 1.06 1.06 1.02 1.04 1.06 1.04 1.01 1.03 1.06 1.03 
1.03 1.04 1.04 1.06 1.01 1.04 1.01 1.06 1.03 1.04 1.04 1.02 1.04 1.04 1.05 1.02 1.06 1.03 1.01 1.03 
1.01 1.03 1.03 1.01 1.01 1.02 1.02 1.05 1.03 1.06 1.03 1.03 1.02 1.05 1.03 1.04 1.03 1.04 1.04 1.06 
1.04 1.02 1.03 1.02 1.04 1.04 1.01 1.05 1.05 1.06 1.01 1.02 1.06 1.03 1.01 1.02 1.02 1.01 1.06 1.01 
1.03 1.04 1.05 1.04 1.02 1.01 1.02 1.05 1.05 1.01 1.01 1.03 1.06 1.01 1.06 1.03 1.02 1.06 1.05 1.04 
1.06 1.06 1.04 1.01 1.05 1.03 1.04 1.04 1.05 1.02 1.03 1.05 1.05 1.05 1.06 1.06 1.01 1.02 1.02 1.04 
1.05 1.02 1.06 1.05 1.05 1.05 1.06 1.02 1.05 1.01 1.03 1.02 1.04 1.05 1.02 1.03 1.06 1.03 1.04 1.02 
1.04 1.06 1.03 1.05 1.06 1.06 1.06 1.04 1.06 1.03 1.06 1.04 1.03 1.05 1.04 1.05 1.04 1.02 1.06 1.04 
1.04 1.01 1.06 1.02 1.05 1.02 1.06 1.05 1.06 1.04 1.02 1.01 1.01 1.01 1.04 1.01 1.03 1.01 1.02 1.06 
1.06 1.06 1.02 1.01 1.04 1.01 1.01 1.05 1.04 1.04 1.05 1.06 1.01 1.06 1.01 1.01 1.01 1.03 1.06 1.04 
1.06 1.03 1.01 1.06 1.04 1.03 1.04 1.04 1.04 1.04 1.03 1.05 1.03 1.03 1.02 1.02 1.05 1.02 1.02 1.01 
1.01 1.01 1.06 1.03 1.05 1.02 1.06 1.06 1.05 1.04 1.06 1.03 1.06 1.06 1.05 1.03 1.01 1.05 1.05 1.03 
1.04 1.01 1.03 1.03 1.05 1.02 1.02 1.02 1.03 1.04 1.01 1.02 1.06 1.02 1.04 1.03 1.06 1.01 1.05 1.01 
1.02 1.03 1.05 1.03 1.03 1.05 1.02 1.01 1.04 1.01 1.05 1.01 1.06 1.04 1.04 1.05 1.05 1.03 1.03 1.02 
1.03 1.05 1.04 1.03 1.06 1.02 1.06 1.03 1.04 1.01 1.03 1.05 1.01 1.06 1.02 1.04 1.04 1.04 1.01 1.01 
1.01 1.06 1.04 1.01 1.02 1.01 1.01 1.05 1.02 1.04 1.02 1.05 1.01 1.03 1.06 1.06 1.05 1.03 1.02 1.04 
1.03 1.06 1.04 1.04 1.01 1.01 1.02 1.05 1.05 1.03 1.02 1.02 1.02 1.04 1.06 1.01 1.05 1.06 1.04 1.05 
1.01 1.05 1.01 1.02 1.03 1.03 1.05 1.02 1.03 1.06 1.06 1.03 1.02 1.06 1.02 1.01 1.04 1.02 1.03 1.01 
1.03 1.03 1.03 1.04 1.04 1.06 1.01 1.05 1.02 1.02 1.01 1.04 1.05 1.02 1.04 1.04 1.02 1.05 1.06 1.01 
1.05 1.03 1.05 1.01 1.03 1.02 1.03 1.04 1.02 1.05 1.03 1.05 1.02 1.04 1.03 1.01 1.02 1.06 1.02 1.04 
1.05 1.03 1.01 1.06 1.02 1.01 1.01 1.04 1.03 1.02 1.01 1.02 1.02 1.06 1.05 1.01 1.02 1.02 1.04 1.02 
1.02 1.03 1.06 1.02 1.01 1.06 1.06 1.03 1.02 1.04 1.04 1.06 1.03 1.03 1.06 1.04 1.04 1.03 1.01 1.01 
1.04 1.05 1.06 1.05 1.05 1.05 1.02 1.04 1.02 1.05 1.04 1.06 1.05 1.02 1.04 1.05 1.03 1.03 1.04 1.02 
1.05 1.06 1.04 1.06 1.05 1.02 1.05 1.04 1.04 1.06 1.02 1.01 1.06 1.04 1.06 1.05 1.01 1.06 1.01 1.06 
1.02 1.02 1.01 1.06 1.05 1.05 1.03 1.03 1.02 1.01 1.06 1.05 1.04 1.05 1.04 1.03 1.01 1.04 1.06 1.03 
1.05 1.03 1.06 1.01 1.04 1.01 1.05 1.05 1.02 1.06 1.02 1.04 1.04 1.05 1.03 1.06 1.01 1.01 1.05 1.03 
1.03 1.04 1.02 1.02 1.05 1.05 1.02 1.02 1.01 1.01 1.03 1.04 1.01 1.03 1.02 1.02 1.02 1.06 1.05 1.04 
1.04 1.01 1.06 1.02 1.05 1.04 1.04 1.03 1.04 1.03 1.02 1.04 1.03 1.06 1.02 1.04 1.03 1.05 1.05 1.06 
1.06 1.03 1.05 1.06 1.03 1.05 1.01 1.05 1.03 1.05 1.01 1.01 1.02 1.02 1.01 1.05 1.02 1.06 1.05 1.05 
1.04 1.06 1.04 1.06 1.02 1.01 1.03 1.04 1.04 1.02 1.02 1.01 1.05 1.04 1.06 1.02 1.06 1.06 1.05 1.05 
1.04 1.01 1.05 1.06 1.05 1.06 1.03 1.03 1.01 1.06 1.02 1.05 1.06 1.06 1.03 1.02 1.02 1.05 1.06 1.01 
1.03 1.02 1.04 1.06 1.04 1.04 1.04 1.01 1.04 1.04 1.06 1.05 1.01 1.05 1.05 1.04 1.05 1.03 1.03 1.02 
1.03 1.06 1.01 1.06 1.05 1.02 1.03 1.01 1.03 1.04 1.03 1.02 1.05 1.05 1.05 1.03 1.04 1.02 1.02 1.02 
1.01 1.02 1.02 1.06 1.05 1.03 1.02 1.05 1.03 1.05 1.01 1.02 1.02 1.03 1.05 1.01 1.03 1.05 1.04 1.04 
1.04 1.01 1.04 1.02 1.02 1.05 1.05 1.04 1.06 1.02 1.03 1.03 1.04 1.02 1.01 1.04 1.05 1.04 1.01 1.01 
1.02 1.04 1.05 1.06 1.05 1.05 1.01 1.05 1.05 1.03 1.01 1.02 1.03 1.06 1.04 1.04 1.05 1.02 1.06 1.06 
1.05 1.03 1.06 1.05 1.03 1.05 1.03 1.04 1.01 1.02 1.04 1.05 1.02 1.06 1.06 1.02 1.01 1.02 1.03 1.05 
1.03 1.05 1.01 1.06 1.02 1.03 1.05 1.02 1.05 1.04 1.02 1.02 1.05 1.04 1.03 1.04 1.04 1.01 1.04 1.03 
1.01 1.03 1.05 1.02 1.06 1.04 1.01 1.04 1.06 1.02 1.03 1.02 1.02 1.05 1.02 1.05 1.04 1.04 1.01 1.03 
1.06 1.03 1.03 1.03 1.02 1.04 1.02 1.06 1.01 1.01 1.02 1.06 1.04 1.05 1.06 1.04 1.05 1.06 1.01 1.06 
1.01 1.01 1.02 1.05 1.05 1.05 1.02 1.01 1.02 1.05 1.06 1.01 1.01 1.02 1.03 1.02 1.01 1.02 1.03 1.04 
1.01 1.02 1.01 1.02 1.03 1.04 1.03 1.05 1.01 1.03 1.03 1.05 1.02 1.05 1.04 1.06 1.06 1.01 1.06 1.01 
1.02 1.01 1.01 1.04 1.02 1.03 1.02 1.03 1.01 1.06 1.06 1.05 1.04 1.02 1.01 1.02 1.01 1.01 1.01 1.02 
1.02 1.05 1.04 1.03 1.02 1.03 1.01 1.06 1.06 1.02 1.02 1.05 1.06 1.05 1.04 1.01 1.02 1.04 1.06 1.04 
1.01 1.01 1.04 1.01 1.05 1.04 1.01 1.01 1.04 1.02 1.03 1.05 1.03 1.01 1.05 1.06 1.06 1.05 1.05 1.02 
1.05 1.04 1.02 1.01 1.03 1.03 1.05 1.05 1.06 1.03 1.04 1.06 1.03 1.06 1.01 1.04 1.05 1.02 1.02 1.03 
1.02 1.04 1.01 1.05 1.05 1.03 1.01 1.06 1.01 1.04 1.03 1.01 1.02 1.06 1.02 1.02 1.06 1.02 1.06 1.02 
1.06 1.04 1.03 1.03 1.06 1.05 1.05 1.05 1.03 1.05 1.04 1.05 1.05 1.02 1.01 1.02 1.03 1.03 1.01 1.02 
1.05 1.03 1.01 1.02 1.04 1.04 1.05 1.03 1.06 1.02 1.01 1.02 1.03 1.03 1.02 1.04 1.01 1.03 1.02 1.02 
1.05 1.05 1.01 1.03 1.01 1.02 1.02 1.02 1.02 1.06 1.01 1.06 1.06 1.04 1.01 1.04 1.02 1.05 1.02 1.01 
1.02 1.03 1.05 1.04 1.03 1.06 1.05 1.04 1.06 1.04 1.03 1.04 1.01 1.03 1.02 1.04 1.04 1.02 1.06 1.04 
1.02 1.04 1.03 1.01 1.02 1.05 1.01 1.02 1.04 1.03 1.01 1.01 1.04 1.01 1.05 1.04 1.01 1.02 1.04 1.02 
1.01 1.02 1.02 1.04 1.03 1.02 1.05 1.04 1.02 1.04 1.01 1.03 1.03 1.04 1.01 1.03 1.01 1.04 1.01 1.02 
1.02 1.06 1.04 1.01 1.06 1.06 1.02 1.05 1.02 1.03 1.04 1.03 1.03 1.06 1.01 1.01 1.05 1.05 1.02 1.02 
1.03 1.02 1.02 1.01 1.02 1.03 1.02 1.05 1.05 1.03 1.06 1.03 1.01 1.03 1.03 1.02 1.05 1.06 1.06 1.03 
1.01 1.02 1.02 1.05 1.05 1.02 1.01 1.02 1.05 1.05 1.06 1.05 1.05 1.05 1.04 1.02 1.06 1.05 1.06 1.06 
1.04 1.03 1.03 1.05 1.02 1.03 1.05 1.03 1.02 1.02 1.01 1.06 1.02 1.04 1.03 1.05 1.04 1.03 1.05 1.06 
1.01 1.02 1.05 1.01 1.01 1.04 1.02 1.01 1.03 1.05 1.03 1.03 1.06 1.04 1.05 1.03 1.04 1.06 1.03 1.06 
1.06 1.02 1.02 1.02 1.03 1.05 1.01 1.05 1.02 1.03 1.05 1.02 1.03 1.03 1.05 1.03 1.04 1.03 1.04 1.06 
1.04 1.02 1.01 1.05 1.03 1.01 1.04 1.03 1.03 1.05 1.04 1.03 1.03 1.05 1.03 1.01 1.04 1.03 1.06 1.03 
1.05 1.05 1.01 1.04 1.05 1.01 1.05 1.05 1.01 1.03 1.06 1.04 1.04 1.01 1.06 1.03 1.04 1.02 1.06 1.01 
1.02 1.06 1.01 1.05 1.05 1.04 1.04 1.02 1.05 1.02 1.02 1.02 1.05 1.03 1.02 1.03 1.06 1.06 1.05 1.02 
1.04 1.06 1.02 1.04 1.03 1.05 1.05 1.02 1.02 1.06 1.02 1.01 1.04 1.01 1.05 1.03 1.06 1.01 1.02 1.04 
1.02 1.04 1.05 1.03 1.02 1.01 1.04 1.03 1.03 1.03 1.06 1.04 1.06 1.06 1.04 1.01 1.04 1.04 1.05 1.06 
1.01 1.03 1.01 1.02 1.03 1.06 1.03 1.01 1.04 1.02 1.05 1.05 1.04 1.04 1.03 1.03 1.02 1.03 1.01 1.02 
1.05 1.04 1.04 1.02 1.01 1.03 1.04 1.04 1.02 1.03 1.01 1.02 1.02 1.06 1.04 1.04 1.01 1.05 1.02 1.03 
1.05 1.02 1.02 1.02 1.06 1.06 1.06 1.01 1.05 1.01 1.01 1.05 1.02 1.05 1.01 1.05 1.03 1.05 1.02 1.02 
1.05 1.06 1.05 1.05 1.02 1.03 1.01 1.05 1.05 1.06 1.05 1.04 1.03 1.06 1.01 1.03 1.03 1.04 1.04 1.05 
1.01 1.04 1.05 1.03 1.02 1.05 1.04 1.06 1.04 1.05 1.02 1.06 1.01 1.01 1.01 1.06 1.01 1.03 1.04 1.05 
1.06 1.03 1.02 1.04 1.06 1.04 1.06 1.04 1.03 1.04 1.03 1.01 1.02 1.01 1.02 1.04 1.04 1.06 1.03 1.04 
1.01 1.05 1.04 1.02 1.05 1.02 1.02 1.04 1.06 1.02 1.03 1.03 1.01 1.04 1.01 1.02 1.04 1.05 1.06 1.01 
1.03 1.04 1.06 1.04 1.03 1.02 1.04 1.06 1.01 1.01 1.01 1.01 1.06 1.04 1.03 1.03 1.04 1.03 1.02 1.04 
1.03 1.03 1.02 1.06 1.04 1.04 1.03 1.03 1.06 1.03 1.05 1.02 1.05 1.02 1.04 1.06 1.03 1.04 1.03 1.02 
1.01 1.02 1.04 1.06 1.03 1.05 1.02 1.02 1.01 1.04 1.01 1.01 1.05 1.06 1.03 1.03 1.01 1.05 1.06 1.02 
1.01 1.06 1.03 1.06 1.01 1.04 1.06 1.04 1.05 1.03 1.01 1.06 1.05 1.04 1.04 1.03 1.03 1.06 1.04 1.02 
1.02 1.03 1.04 1.03 1.03 1.06 1.06 1.03 1.04 1.02 1.06 1.06 1.02 1.04 1.05 1.05 1.03 1.02 1.04 1.01 
1.01 1.03 1.03 1.03 1.04 1.03 1.02 1.04 1.01 1.03 1.05 1.02 1.02 1.06 1.05 1.03 1.01 1.06 1.04 1.06 
1.01 1.02 1.02 1.03 1.01 1.05 1.04 1.01 1.06 1.02 1.04 1.06 1.01 1.02 1.06 1.04 1.02 1.05 1.06 1.06 
1.03 1.04 1.01 1.01 1.02 1.05 1.03 1.01 1.04 1.03 1.06 1.04 1.04 1.01 1.04 1.04 1.02 1.05 1.02 1.06 
1.04 1.03 1.01 1.06 1.02 1.06 1.02 1.04 1.02 1.02 1.02 1.02 1.04 1.03 1.05 1.02 1.02 1.05 1.06 1.06 
1.01 1.02 1.02 1.04 1.05 1.01 1.02 1.03 1.04 1.02 1.05 1.03 1.01 1.05 1.02 1.03 1.03 1.06 1.01 1.06 
1.01 1.06 1.04 1.02 1.05 1.05 1.06 1.03 1.05 1.06 1.04 1.06 1.04 1.01 1.04 1.04 1.02 1.01 1.03 1.01 
1.06 1.06 1.05 1.03 1.02 1.05 1.04 1.02 1.03 1.02 1.01 1.05 1.01 1.04 1.05 1.04 1.02 1.02 1.01 1.05 
1.01 1.06 1.06 1.06 1.04 1.03 1.05 1.05 1.03 1.06 1.06 1.04 1.06 1.06 1.02 1.01 1.04 1.02 1.01 1.01 
1.06 1.03 1.01 1.02 1.05 1.02 1.02 1.01 1.03 1.01 1.05 1.04 1.05 1.01 1.02 1.03 1.06 1.06 1.03 1.02 
1.01 1.02 1.01 1.05 1.03 1.04 1.03 1.02 1.03 1.02 1.03 1.04 1.06 1.04 1.01 1.05 1.02 1.03 1.03 1.04 
1.05 1.06 1.05 1.03 1.02 1.03 1.04 1.05 1.04 1.04 1.02 1.04 1.01 1.02 1.06 1.03 1.02 1.01 1.03 1.02 
1.06 1.05 1.04 1.02 1.03 1.05 1.01 1.01 1.06 1.03 1.04 1.01 1.01 1.06 1.02 1.06 1.06 1.02 1.05 1.05 
1.04 1.03 1.03 1.06 1.04 1.06 1.05 1.02 1.04 1.06 1.02 1.05 1.04 1.02 1.06 1.02 1.05 1.04 1.04 1.03 
1.01 1.05 1.02 1.03 1.02 1.03 1.01 1.06 1.04 1.04 1.06 1.01 1.03 1.01 1.02 1.03 1.02 1.04 1.01 1.05 
1.05 1.05 1.06 1.02 1.03 1.03 1.05 1.05 1.02 1.01 1.02 1.02 1.04 1.01 1.03 1.06 1.01 1.05 1.01 1.06 
1.04 1.06 1.02 1.02 1.06 1.02 1.03 1.06 1.03 1.02 1.04 1.02 1.05 1.04 1.03 1.01 1.05 1.05 1.03 1.04 
1.06 1.06 1.02 1.01 1.06 1.03 1.01 1.02 1.06 1.01 1.06 1.04 1.03 1.06 1.05 1.02 1.06 1.06 1.01 1.03 
1.06 1.04 1.04 1.04 1.01 1.04 1.04 1.05 1.05 1.06 1.04 1.03 1.03 1.01 1.02 1.05 1.04 1.06 1.03 1.01 
1.05 1.03 1.06 1.03 1.02 1.02 1.03 1.04 1.05 1.03 1.06 1.05 1.04 1.06 1.06 1.03 1.04 1.01 1.02 1.01 
1.02 1.03 1.02 1.02 1.05 1.04 1.06 1.03 1.03 1.02 1.03 1.04 1.03 1.02 1.03 1.01 1.01 1.06 1.04 1.03 
1.03 1.06 1.03 1.05 1.02 1.01 1.04 1.02 1.01 1.04 1.01 1.06 1.01 1.02 1.06 1.04 1.03 1.06 1.05 1.06 
1.05 1.06 1.05 1.01 1.05 1.06 1.06 1.03 1.01 1.02 1.02 1.03 1.06 1.01 1.06 1.02 1.01 1.01 1.01 1.04 
1.04 1.01 1.01 1.01 1.01 1.03 1.01 1.01 1.06 1.01 1.01 1.01 1.04 1.04 1.02 1.05 1.01 1.02 1.05 1.01 
1.05 1.06 1.06 1.01 1.05 1.05 1.05 1.05 1.01 1.01 1.03 1.06 1.04 1.05 1.02 1.02 1.02 1.02 1.04 1.02 
1.05 1.01 1.03 1.02 1.03 1.03 1.01 1.04 1.06 1.06 1.06 1.02 1.05 1.06 1.04 1.03 1.06 1.05 1.01 1.03 
1.06 1.04 1.06 1.01 1.03 1.02 1.01 1.02 1.02 1.04 1.03 1.04 1.06 1.02 1.05 1.04 1.05 1.01 1.05 1.01 
1.01 1.06 1.04 1.01 1.02 1.02 1.04 1.04 1.03 1.03 1.04 1.03 1.05 1.02 1.03 1.02 1.02 1.04 1.04 1.05 
1.04 1.03 1.02 1.02 1.05 1.02 1.05 1.02 1.02 1.02 1.02 1.03 1.04 1.04 1.04 1.05 1.01 1.03 1.04 1.04 
1.06 1.01 1.03 1.05 1.03 1.01 1.02 1.06 1.04 1.03 1.03 1.04 1.03 1.06 1.02 1.03 1.01 1.01 1.04 1.03 
1.05 1.06 1.06 1.05 1.06 1.04 1.06 1.05 1.04 1.05 1.03 1.06 1.04 1.04 1.02 1.06 1.06 1.01 1.02 1.03 
1.05 1.02 1.05 1.03 1.01 1.06 1.04 1.03 1.03 1.01 1.04 1.06 1.05 1.03 1.05 1.04 1.04 1.01 1.04 1.05 
1.02 1.01 1.05 1.01 1.03 1.03 1.01 1.02 1.02 1.02 1.03 1.06 1.02 1.01 1.01 1.01 1.01 1.03 1.05 1.03 
1.06 1.01 1.05 1.04 1.04 1.06 1.01 1.05 1.04 1.01 1.05 1.04 1.05 1.06 1.04 1.02 1.01 1.06 1.03 1.03 
1.06 1.05 1.05 1.06 1.01 1.01 1.01 1.01 1.06 1.05 1.01 1.01 1.06 1.05 1.04 1.04 1.01 1.02 1.05 1.01 
1.05 1.03 1.01 1.03 1.06 1.06 1.06 1.06 1.04 1.06 1.06 1.04 1.04 1.02 1.05 1.04 1.05 1.02 1.05 1.01 
1.06 1.02 1.06 1.06 1.05 1.06 1.06 1.02 1.06 1.03 1.05 1.04 1.05 1.05 1.02 1.05 1.02 1.01 1.01 1.04 
1.05 1.03 1.02 1.04 1.04 1.01 1.03 1.03 1.05 1.01 1.03 1.02 1.02 1.04 1.02 1.04 1.05 1.01 1.04 1.01 
1.06 1.06 1.01 1.03 1.01 1.06 1.06 1.02 1.03 1.02 1.02 1.01 1.05 1.03 1.02 1.05 1.06 1.01 1.05 1.04 
1.05 1.06 1.03 1.04 1.01 1.01 1.03 1.02 1.02 1.02 1.01 1.02 1.06 1.03 1.05 1.02 1.04 1.02 1.04 1.04 
1.02 1.02 1.06 1.05 1.01 1.04 1.04 1.05 1.05 1.06 1.06 1.02 1.06 1.05 1.01 1.02 1.05 1.01 1.05 1.01 
1.06 1.05 1.02 1.02 1.04 1.06 1.02 1.01 1.06 1.01 1.05 1.01 1.05 1.03 1.02 1.05 1.03 1.04 1.06 1.03 
1.06 1.03 1.06 1.01 1.03 1.05 1.05 1.06 1.05 1.05 1.02 1.03 1.05 1.03 1.06 1.02 1.03 1.03 1.03 1.05 
1.06 1.06 1.03 1.01 1.03 1.02 1.04 1.02 1.03 1.03 1.05 1.05 1.01 1.03 1.03 1.04 1.06 1.01 1.03 1.03 
1.04 1.03 1.04 1.01 1.03 1.03 1.04 1.03 1.06 1.06 1.02 1.05 1.06 1.05 1.04 1.03 1.01 1.05 1.02 1.01 
1.06 1.02 1.05 1.02 1.05 1.06 1.04 1.05 1.04 1.05 1.05 1.04 1.04 1.05 1.01 1.03 1.04 1.05 1.05 1.02 
1.01 1.02 1.01 1.05 1.01 1.03 1.04 1.01 1.05 1.02 1.01 1.03 1.03 1.03 1.01 1.04 1.01 1.01 1.06 1.04 
1.06 1.06 1.03 1.02 1.03 1.05 1.02 1.06 1.05 1.06 1.01 1.04 1.06 1.05 1.06 1.01 1.06 1.02 1.02 1.06 
1.02 1.05 1.05 1.01 1.06 1.05 1.05 1.03 1.05 1.04 1.01 1.04 1.06 1.02 1.04 1.02 1.02 1.05 1.04 1.02 
1.03 1.02 1.06 1.06 1.01 1.02 1.06 1.04 1.06 1.01 1.02 1.06 1.03 1.02 1.02 1.02 1.04 1.01 1.03 1.01 
1.04 1.04 1.03 1.06 1.04 1.05 1.03 1.02 1.04 1.03 1.04 1.02 1.01 1.03 1.04 1.02 1.03 1.02 1.01 1.02 
1.03 1.06 1.02 1.03 1.02 1.03 1.05 1.04 1.06 1.03 1.06 1.02 1.06 1.03 1.02 1.02 1.01 1.01 1.02 1.01 
1.06 1.03 1.06 1.05 1.03 1.03 1.02 1.01 1.02 1.03 1.01 1.04 1.01 1.05 1.03 1.04 1.01 1.04 1.04 1.06 
1.06 1.01 1.02 1.01 1.04 1.03 1.04 1.04 1.06 1.04 1.05 1.03 1.05 1.04 1.04 1.06 1.03 1.06 1.02 1.02 
1.06 1.05 1.01 1.05 1.06 1.02 1.04 1.06 1.04 1.04 1.02 1.06 1.03 1.01 1.04 1.05 1.05 1.06 1.05 1.01 
1.04 1.06 1.03 1.03 1.05 1.06 1.05 1.02 1.02 1.06 1.02 1.06 1.01 1.06 1.06 1.04 1.06 1.03 1.03 1.01 
1.04 1.05 1.05 1.05 1.02 1.03 1.04 1.05 1.05 1.02 1.01 1.01 1.02 1.05 1.04 1.03 1.06 1.02 1.02 1.01 
1.01 1.03 1.02 1.04 1.04 1.02 1.04 1.06 1.01 1.05 1.04 1.01 1.05 1.02 1.05 1.05 1.05 1.02 1.04 1.05 
1.05 1.05 1.04 1.03 1.06 1.03 1.06 1.02 1.03 1.01 1.06 1.04 1.03 1.03 1.06 1.04 1.01 1.06 1.03 1.04 
1.04 1.02 1.06 1.05 1.05 1.06 1.03 1.05 1.01 1.05 1.03 1.02 1.06 1.05 1.04 1.02 1.06 1.05 1.06 1.01 
1.05 1.03 1.01 1.05 1.02 1.01 1.05 1.06 1.02 1.05 1.05 1.01 1.04 1.01 1.03 1.05 1.01 1.01 1.03 1.04 
1.03 1.04 1.01 1.01 1.04 1.05 1.05 1.01 1.01 1.01 1.04 1.06 1.04 1.06 1.05 1.05 1.06 1.05 1.02 1.05 
1.01 1.05 1.02 1.05 1.06 1.04 1.03 1.02 1.04 1.03 1.03 1.02 1.01 1.04 1.06 1.01 1.01 1.01 1.06 1.01 
1.02 1.06 1.04 1.04 1.03 1.04 1.04 1.04 1.01 1.03 1.02 1.03 1.01 1.05 1.02 1.05 1.04 1.02 1.02 1.05 
1.04 1.05 1.06 1.04 1.05 1.01 1.04 1.03 1.04 1.01 1.02 1.05 1.05 1.01 1.03 1.01 1.02 1.03 1.02 1.05 
1.02 1.03 1.01 1.05 1.05 1.01 1.03 1.06 1.06 1.01 1.05 1.05 1.01 1.04 1.03 1.02 1.02 1.05 1.02 1.03 
1.06 1.01 1.03 1.06 1.03 1.05 1.05 1.02 1.04 1.06 1.03 1.05 1.06 1.05 1.01 1.06 1.06 1.03 1.03 1.05 
1.01 1.01 1.05 1.03 1.06 1.04 1.05 1.03 1.01 1.06 1.01 1.06 1.02 1.03 1.05 1.03 1.03 1.01 1.05 1.03 
1.04 1.05 1.05 1.02 1.04 1.01 1.01 1.01 1.04 1.03 1.06 1.03 1.04 1.03 1.06 1.04 1.01 1.04 1.04 1.05 
1.01 1.05 1.05 1.06 1.05 1.03 1.03 1.02 1.01 1.03 1.03 1.05 1.04 1.02 1.02 1.01 1.05 1.01 1.03 1.05 
1.05 1.05 1.02 1.05 1.06 1.01 1.06 1.03 1.06 1.06 1.04 1.01 1.01 1.06 1.04 1.06 1.01 1.03 1.01 1.02 
1.02 1.06 1.03 1.01 1.05 1.05 1.02 1.06 1.05 1.02 1.05 1.01 1.02 1.02 1.06 1.04 1.02 1.06 1.03 1.04 
1.05 1.04 1.01 1.02 1.01 1.06 1.03 1.06 1.06 1.03 1.05 1.01 1.01 1.05 1.04 1.02 1.06 1.02 1.02 1.02 
1.05 1.04 1.02 1.01 1.04 1.02 1.03 1.03 1.06 1.06 1.04 1.04 1.05 1.06 1.05 1.02 1.01 1.03 1.06 1.03 
1.03 1.04 1.05 1.03 1.04 1.06 1.06 1.03 1.06 1.05 1.03 1.01 1.04 1.01 1.06 1.02 1.02 1.06 1.03 1.06 
1.06 1.06 1.06 1.06 1.01 1.02 1.03 1.01 1.06 1.06 1.03 1.02 1.03 1.06 1.04 1.03 1.05 1.06 1.05 1.05 
1.05 1.06 1.02 1.04 1.05 1.02 1.02 1.06 1.04 1.03 1.06 1.06 1.03 1.02 1.04 1.03 1.01 1.04 1.05 1.06 
1.03 1.03 1.05 1.03 1.04 1.05 1.01 1.02 1.01 1.01 1.02 1.05 1.03 1.01 1.01 1.06 1.04 1.04 1.02 1.06 
1.02 1.01 1.03 1.03 1.06 1.06 1.05 1.04 1.03 1.05 1.01 1.05 1.02 1.02 1.06 1.06 1.03 1.05 1.04 1.06 
1.01 1.03 1.02 1.03 1.01 1.04 1.02 1.02 1.06 1.04 1.04 1.06 1.02 1.04 1.06 1.05 1.03 1.06 1.04 1.04 
1.05 1.01 1.03 1.01 1.06 1.04 1.04 1.02 1.01 1.04 1.01 1.02 1.04 1.02 1.04 1.06 1.02 1.04 1.04 1.01 
1.05 1.05 1.03 1.05 1.06 1.06 1.01 1.05 1.03 1.02 1.02 1.04 1.02 1.01 1.04 1.01 1.04 1.02 1.02 1.05 
1.02 1.06 1.04 1.02 1.04 1.05 1.04 1.01 1.02 1.05 1.06 1.03 1.01 1.05 1.03 1.04 1.06 1.05 1.03 1.02 
1.06 1.05 1.04 1.02 1.06 1.06 1.02 1.06 1.06 1.04 1.03 1.02 1.05 1.05 1.04 1.06 1.02 1.04 1.04 1.01 
1.04 1.04 1.03 1.01 1.04 1.02 1.06 1.01 1.03 1.02 1.04 1.02 1.05 1.01 1.05 1.01 1.05 1.02 1.01 1.01 
1.04 1.01 1.01 1.04 1.01 1.02 1.05 1.03 1.05 1.02 1.06 1.01 1.01 1.04 1.01 1.03 1.05 1.03 1.01 1.05 
1.04 1.06 1.04 1.04 1.03 1.03 1.03 1.05 1.02 1.05 1.05 1.03 1.05 1.05 1.02 1.04 1.02 1.04 1.03 1.06 
1.05 1.02 1.02 1.04 1.03 1.03 1.04 1.06 1.06 1.04 1.06 1.06 1.04 1.05 1.04 1.06 1.04 1.05 1.02 1.03 
1.02 1.05 1.06 1.03 1.04 1.06 1.02 1.03 1.05 1.01 1.02 1.06 1.03 1.06 1.05 1.05 1.05 1.01 1.02 1.02 
1.01 1.06 1.03 1.01 1.01 1.02 1.04 1.03 1.05 1.04 1.05 1.01 1.03 1.02 1.03 1.04 1.06 1.04 1.01 1.04 
1.04 1.06 1.04 1.04 1.05 1.03 1.01 1.04 1.04 1.01 1.03 1.06 1.05 1.04 1.03 1.02 1.02 1.01 1.05 1.03 
1.03 1.04 1.06 1.02 1.01 1.01 1.03 1.04 1.02 1.05 1.02 1.04 1.06 1.05 1.04 1.06 1.06 1.02 1.02 1.06 
1.02 1.05 1.01 1.01 1.03 1.04 1.03 1.06 1.03 1.06 1.01 1.05 1.05 1.05 1.05 1.03 1.03 1.03 1.01 1.02 
1.04 1.05 1.04 1.06 1.02 1.02 1.05 1.02 1.05 1.04 1.02 1.06 1.04 1.02 1.02 1.03 1.05 1.06 1.01 1.02 
1.01 1.03 1.04 1.06 1.05 1.02 1.03 1.04 1.05 1.06 1.01 1.03 1.02 1.04 1.03 1.06 1.04 1.05 1.02 1.05 
1.02 1.06 1.06 1.01 1.01 1.04 1.04 1.01 1.01 1.03 1.03 1.03 1.05 1.04 1.05 1.05 1.05 1.03 1.02 1.04 
1.05 1.05 1.01 1.02 1.03 1.06 1.05 1.01 1.03 1.05 1.03 1.03 1.01 1.02 1.03 1.02 1.03 1.04 1.01 1.03 
1.04 1.03 1.05 1.06 1.05 1.01 1.02 1.05 1.02 1.03 1.06 1.01 1.05 1.02 1.04 1.06 1.02 1.03 1.02 1.06 
1.03 1.04 1.02 1.03 1.05 1.01 1.05 1.04 1.02 1.06 1.02 1.02 1.06 1.05 1.03 1.01 1.06 1.01 1.04 1.06 
1.01 1.02 1.04 1.04 1.06 1.05 1.06 1.06 1.02 1.02 1.03 1.02 1.03 1.01 1.06 1.02 1.02 1.03 1.06 1.04 
1.05 1.02 1.04 1.06 1.01 1.01 1.03 1.05 1.02 1.04 1.01 1.03 1.06 1.05 1.01 1.03 1.02 1.02 1.01 1.05 
1.03 1.01 1.03 1.04 1.06 1.03 1.03 1.05 1.06 1.06 1.02 1.01 1.03 1.02 1.02 1.02 1.03 1.06 1.05 1.04 
1.06 1.03 1.01 1.06 1.02 1.04 1.05 1.01 1.02 1.05 1.06 1.02 1.03 1.04 1.04 1.01 1.06 1.06 1.05 1.05 
1.01 1.06 1.03 1.04 1.01 1.01 1.02 1.03 1.03 1.02 1.04 1.01 1.05 1.01 1.05 1.01 1.06 1.01 1.02 1.01 
1.01 1.05 1.01 1.05 1.04 1.01 1.04 1.02 1.02 1.01 1.05 1.06 1.02 1.05 1.02 1.03 1.03 1.05 1.06 1.06 
1.04 1.05 1.01 1.04 1.03 1.04 1.05 1.05 1.06 1.06 1.02 1.05 1.06 1.02 1.01 1.01 1.04 1.04 1.01 1.05 
1.01 1.05 1.01 1.03 1.04 1.03 1.04 1.05 1.03 1.03 1.05 1.06 1.02 1.02 1.05 1.02 1.05 1.04 1.05 1.05 
1.03 1.05 1.05 1.03 1.05 1.03 1.04 1.06 1.03 1.05 1.02 1.05 1.03 1.01 1.03 1.04 1.01 1.02 1.01 1.03 
1.05 1.04 1.02 1.03 1.05 1.01 1.06 1.04 1.06 1.02 1.03 1.04 1.06 1.03 1.06 1.04 1.05 1.03 1.04 1.04 
1.04 1.06 1.04 1.02 1.01 1.06 1.06 1.06 1.05 1.06 1.01 1.04 1.02 1.04 1.06 1.04 1.05 1.05 1.01 1.06 
1.02 1.05 1.06 1.03 1.01 1.02 1.06 1.04 1.03 1.04 1.04 1.06 1.02 1.06 1.02 1.01 1.04 1.02 1.01 1.05 
1.02 1.04 1.05 1.01 1.06 1.05 1.05 1.05 1.01 1.04 1.02 1.03 1.06 1.03 1.03 1.06 1.03 1.02 1.03 1.06 
1.05 1.04 1.06 1.03 1.04 1.03 1.04 1.06 1.04 1.02 1.02 1.02 1.02 1.02 1.05 1.03 1.03 1.03 1.01 1.03 
1.01 1.03 1.05 1.05 1.03 1.01 1.06 1.01 1.02 1.04 1.05 1.05 1.03 1.03 1.04 1.01 1.06 1.03 1.06 1.01 
1.02 1.04 1.03 1.04 1.05 1.02 1.01 1.01 1.01 1.06 1.04 1.02 1.01 1.06 1.01 1.05 1.05 1.01 1.01 1.03 
1.03 1.02 1.01 1.04 1.06 1.01 1.01 1.03 1.01 1.04 1.04 1.04 1.01 1.02 1.02 1.04 1.03 1.02 1.06 1.03 
1.01 1.06 1.06 1.05 1.06 1.01 1.06 1.03 1.04 1.05 1.03 1.06 1.05 1.01 1.05 1.02 1.01 1.01 1.02 1.03 
1.05 1.02 1.04 1.04 1.01 1.02 1.06 1.05 1.02 1.06 1.04 1.04 1.05 1.01 1.05 1.03 1.01 1.02 1.02 1.02 
1.03 1.01 1.02 1.01 1.02 1.04 1.01 1.06 1.04 1.05 1.04 1.04 1.04 1.03 1.01 1.05 1.04 1.04 1.01 1.01 
1.04 1.04 1.02 1.06 1.01 1.04 1.05 1.02 1.06 1.03 1.03 1.01 1.01 1.05 1.02 1.03 1.03 1.03 1.06 1.03 
1.04 1.02 1.05 1.04 1.04 1.03 1.01 1.03 1.05 1.04 1.03 1.05 1.05 1.04 1.06 1.01 1.05 1.05 1.04 1.03 
1.04 1.05 1.06 1.05 1.05 1.01 1.04 1.06 1.02 1.03 1.06 1.06 1.02 1.02 1.01 1.06 1.06 1.04 1.06 1.04 
1.01 1.06 1.05 1.04 1.01 1.03 1.04 1.04 1.06 1.06 1.02 1.04 1.03 1.05 1.06 1.01 1.01 1.05 1.04 1.06 
1.02 1.04 1.06 1.01 1.03 1.04 1.06 1.05 1.04 1.01 1.04 1.03 1.01 1.02 1.05 1.05 1.04 1.06 1.01 1.04 
1.05 1.05 1.06 1.02 1.02 1.03 1.03 1.05 1.04 1.04 1.06 1.06 1.06 1.05 1.06 1.05 1.01 1.04 1.02 1.01 
1.04 1.02 1.02 1.05 1.03 1.05 1.04 1.03 1.01 1.03 1.05 1.01 1.01 1.06 1.05 1.03 1.02 1.06 1.05 1.02 
1.01 1.02 1.01 1.06 1.01 1.06 1.02 1.04 1.04 1.06 1.04 1.06 1.05 1.04 1.05 1.05 1.05 1.01 1.02 1.03 
1.01 1.03 1.03 1.01 1.06 1.05 1.02 1.02 1.05 1.06 1.04 1.06 1.02 1.04 1.05 1.03 1.01 1.06 1.03 1.02 
1.03 1.05 1.04 1.01 1.06 1.06 1.03 1.04 1.03 1.03 1.01 1.02 1.03 1.02 1.03 1.05 1.02 1.04 1.03 1.04 
1.04 1.05 1.03 1.05 1.04 1.05 1.04 1.04 1.04 1.04 1.03 1.01 1.03 1.05 1.02 1.06 1.03 1.04 1.04 1.02 
1.01 1.06 1.04 1.01 1.05 1.06 1.01 1.03 1.06 1.04 1.02 1.02 1.06 1.05 1.05 1.06 1.01 1.01 1.03 1.05 
1.02 1.05 1.02 1.03 1.01 1.03 1.04 1.06 1.01 1.04 1.06 1.05 1.05 1.04 1.01 1.05 1.03 1.01 1.06 1.04 
1.01 1.01 1.04 1.05 1.01 1.04 1.06 1.02 1.04 1.02 1.01 1.02 1.05 1.02 1.03 1.03 1.03 1.06 1.05 1.02 
1.03 1.03 1.04 1.02 1.03 1.01 1.01 1.04 1.02 1.04 1.04 1.01 1.01 1.02 1.04 1.01 1.02 1.01 1.04 1.04 
1.02 1.01 1.02 1.01 1.03 1.03 1.06 1.06 1.05 1.06 1.01 1.03 1.03 1.01 1.02 1.01 1.03 1.04 1.04 1.01 
1.01 1.01 1.01 1.01 1.03 1.04 1.03 1.03 1.06 1.02 1.03 1.03 1.05 1.01 1.02 1.06 1.03 1.05 1.01 1.03 
1.01 1.02 1.04 1.06 1.06 1.03 1.02 1.03 1.03 1.02 1.04 1.05 1.05 1.01 1.03 1.03 1.06 1.01 1.03 1.05 
1.05 1.06 1.03 1.03 1.01 1.04 1.02 1.04 1.02 1.06 1.03 1.04 1.01 1.03 1.06 1.02 1.02 1.05 1.03 1.03 
1.04 1.01 1.06 1.05 1.06 1.03 1.03 1.04 1.02 1.05 1.04 1.04 1.06 1.04 1.01 1.02 1.03 1.01 1.02 1.05 
1.03 1.01 1.06 1.04 1.01 1.04 1.03 1.04 1.06 1.04 1.04 1.02 1.05 1.02 1.02 1.02 1.04 1.03 1.04 1.05 
1.04 1.06 1.02 1.06 1.05 1.04 1.02 1.01 1.02 1.06 1.04 1.06 1.06 1.06 1.01 1.04 1.01 1.02 1.04 1.05 
1.01 1.02 1.01 1.05 1.05 1.05 1.06 1.03 1.01 1.01 1.06 1.02 1.03 1.04 1.01 1.04 1.05 1.05 1.02 1.04 
1.01 1.01 1.06 1.01 1.05 1.06 1.04 1.05 1.01 1.03 1.04 1.01 1.03 1.05 1.06 1.01 1.02 1.02 1.05 1.01 
1.01 1.05 1.05 1.04 1.05 1.06 1.05 1.05 1.03 1.06 1.01 1.02 1.03 1.06 1.03 1.06 1.01 1.06 1.03 1.02 
1.05 1.02 1.06 1.01 1.03 1.01 1.06 1.02 1.04 1.05 1.05 1.04 1.04 1.05 1.01 1.05 1.01 1.02 1.02 1.03 
1.05 1.06 1.06 1.06 1.06 1.01 1.02 1.06 1.05 1.06 1.03 1.04 1.02 1.01 1.02 1.06 1.03 1.02 1.05 1.01 
1.06 1.02 1.04 1.05 1.02 1.05 1.01 1.03 1.04 1.02 1.04 1.05 1.06 1.04 1.05 1.05 1.02 1.04 1.01 1.06 
1.06 1.03 1.06 1.02 1.01 1.02 1.04 1.01 1.04 1.01 1.05 1.02 1.01 1.01 1.05 1.02 1.05 1.05 1.06 1.05 
1.06 1.05 1.03 1.03 1.04 1.04 1.02 1.02 1.06 1.05 1.04 1.04 1.05 1.05 1.03 1.06 1.01 1.04 1.03 1.05 
1.05 1.04 1.04 1.01 1.04 1.03 1.03 1.05 1.05 1.02 1.02 1.02 1.05 1.06 1.06 1.04 1.02 1.05 1.02 1.01 
1.05 1.03 1.01 1.02 1.02 1.03 1.04 1.03 1.02 1.02 1.01 1.01 1.03 1.06 1.03 1.03 1.05 1.02 1.06 1.01 
1.05 1.06 1.01 1.04 1.04 1.02 1.02 1.06 1.05 1.03 1.01 1.01 1.04 1.06 1.05 1.01 1.05 1.05 1.05 1.02 
1.04 1.05 1.02 1.04 1.02 1.06 1.01 1.01 1.01 1.05 1.02 1.05 1.02 1.05 1.03 1.05 1.04 1.06 1.02 1.06 
1.01 1.06 1.06 1.02 1.03 1.01 1.04 1.01 1.03 1.04 1.05 1.04 1.06 1.04 1.03 1.05 1.04 1.02 1.02 1.04 
1.05 1.05 1.01 1.05 1.03 1.05 1.01 1.02 1.02 1.06 1.02 1.05 1.03 1.06 1.03 1.04 1.06 1.01 1.06 1.05 
1.05 1.03 1.04 1.04 1.03 1.05 1.06 1.03 1.03 1.02 1.04 1.03 1.03 1.04 1.05 1.03 1.04 1.06 1.03 1.05 
1.04 1.04 1.06 1.02 1.02 1.03 1.06 1.02 1.05 1.04 1.06 1.04 1.01 1.01 1.02 1.05 1.06 1.06 1.02 1.04 
1.05 1.04 1.03 1.02 1.04 1.04 1.04 1.04 1.01 1.06 1.03 1.01 1.02 1.06 1.01 1.06 1.03 1.05 1.04 1.03 
1.02 1.04 1.06 1.01 1.02 1.03 1.04 1.02 1.03 1.02 1.05 1.03 1.04 1.04 1.04 1.06 1.02 1.05 1.02 1.02 
1.03 1.05 1.06 1.02 1.02 1.05 1.02 1.03 1.06 1.06 1.03 1.04 1.03 1.02 1.01 1.03 1.02 1.05 1.04 1.01 
1.02 1.03 1.01 1.01 1.04 1.05 1.05 1.06 1.05 1.03 1.04 1.06 1.01 1.01 1.05 1.02 1.02 1.03 1.06 1.04 
1.05 1.05 1.03 1.04 1.05 1.05 1.02 1.03 1.02 1.06 1.04 1.05 1.03 1.01 1.01 1.05 1.05 1.03 1.02 1.05 
1.04 1.03 1.03 1.04 1.01 1.05 1.04 1.03 1.02 1.04 1.01 1.05 1.03 1.04 1.03 1.03 1.05 1.01 1.04 1.02 
1.01 1.04 1.01 1.02 1.06 1.04 1.05 1.02 1.05 1.03 1.02 1.03 1.03 1.05 1.06 1.06 1.06 1.03 1.01 1.03 
1.04 1.06 1.03 1.05 1.01 1.04 1.03 1.05 1.06 1.05 1.03 1.06 1.05 1.02 1.01 1.03 1.01 1.04 1.01 1.04 
1.01 1.03 1.01 1.06 1.06 1.01 1.01 1.02 1.01 1.01 1.01 1.05 1.06 1.03 1.04 1.04 1.01 1.06 1.01 1.04 
1.02 1.01 1.05 1.04 1.05 1.06 1.01 1.04 1.02 1.01 1.02 1.06 1.06 1.06 1.02 1.06 1.05 1.03 1.05 1.04 
1.06 1.05 1.04 1.04 1.06 1.02 1.02 1.01 1.06 1.04 1.04 1.03 1.04 1.03 1.06 1.03 1.06 1.06 1.01 1.01 
1.01 1.01 1.01 1.04 1.02 1.04 1.04 1.03 1.05 1.06 1.06 1.03 1.06 1.01 1.02 1.06 1.04 1.01 1.05 1.03 
1.01 1.06 1.05 1.04 1.06 1.03 1.02 1.06 1.03 1.02 1.01 1.06 1.04 1.03 1.03 1.01 1.04 1.04 1.04 1.04 
1.03 1.01 1.04 1.06 1.02 1.03 1.03 1.06 1.06 1.03 1.03 1.04 1.02 1.06 1.02 1.01 1.03 1.03 1.03 1.04 
1.04 1.05 1.06 1.02 1.04 1.03 1.04 1.05 1.03 1.02 1.02 1.01 1.03 1.01 1.06 1.02 1.02 1.05 1.06 1.06 
1.06 1.02 1.04 1.01 1.02 1.06 1.05 1.02 1.06 1.01 1.01 1.02 1.03 1.03 1.02 1.01 1.06 1.01 1.06 1.05 
1.05 1.05 1.02 1.03 1.06 1.01 1.06 1.05 1.05 1.06 1.03 1.02 1.03 1.01 1.06 1.06 1.04 1.01 1.06 1.05 
1.01 1.03 1.05 1.01 1.03 1.02 1.04 1.03 1.01 1.05 1.03 1.04 1.03 1.05 1.06 1.05 1.05 1.01 1.02 1.06 
