20
200
8 100 59 78 9 33 11 96 32 72 53 54 93 49 6 98 51 46 39 41 75 27 35 31 44 62 3 50 89 100 10 58 57 20 71 34 17 83 29 99 43 91 10 47 34 8 97 63 66 23 2 60 49 61 89 93 58 67 73 53 81 44 94 97 91 76 79 29 84 98 13 72 54 21 6 83 84 62 21 1 51 17 6 16 95 84 16 3 65 40 94 28 51 7 19 16 56 94 41 93 10 40 75 43 18 62 25 7 79 96 80 27 54 68 23 86 44 98 38 55 3 12 17 11 82 67 79 16 76 97 75 47 56 84 78 9 30 18 19 82 84 15 31 62 7 80 61 37 20 22 29 81 27 87 99 61 18 14 59 4 49 41 78 70 45 21 76 78 66 22 11 65 90 29 18 2 15 94 63 26 44 19 50 62 66 64 96 30 100 58 63 29 57 9 46 31 25 93 3 93 
1 8 1 4 4 8 6 5 4 7 9 4 1 9 3 4 8 1 8 6 
1.09 1.09 1.1 1.08 1.07 1.13 1.05 1.11 1.11 1.11 1.08 1.09 1.14 1.12 1.11 1.11 1.1 1.14 1.14 1.11 
1.11 1.12 1.09 1.05 1.09 1.09 1.1 1.14 1.06 1.09 1.12 1.14 1.05 1.13 1.1 1.1 1.08 1.08 1.12 1.09 
1.12 1.07 1.06 1.12 1.13 1.1 1.12 1.11 1.12 1.09 1.1 1.14 1.12 1.08 1.1 1.08 1.06 1.13 1.07 1.06 
1.13 1.06 1.08 1.11 1.09 1.09 1.11 1.05 1.05 1.12 1.05 1.06 1.14 1.05 1.09 1.09 1.05 1.08 1.08 1.08 
1.13 1.14 1.14 1.06 1.13 1.06 1.1 1.08 1.11 1.11 1.09 1.11 1.14 1.05 1.14 1.05 1.1 1.06 1.12 1.14 
1.1 1.09 1.06 1.05 1.09 1.13 1.09 1.12 1.05 1.08 1.06 1.08 1.14 1.11 1.06 1.06 1.06 1.14 1.06 1.12 
1.11 1.07 1.11 1.11 1.05 1.08 1.05 1.1 1.1 1.14 1.07 1.1 1.05 1.08 1.12 1.12 1.14 1.09 1.11 1.1 
1.05 1.12 1.08 1.05 1.13 1.14 1.08 1.09 1.1 1.08 1.06 1.05 1.07 1.11 1.11 1.14 1.08 1.08 1.09 1.13 
1.05 1.12 1.14 1.14 1.13 1.05 1.07 1.06 1.08 1.05 1.05 1.09 1.14 1.09 1.12 1.08 1.11 1.05 1.12 1.05 
1.12 1.11 1.08 1.05 1.11 1.12 1.13 1.13 1.08 1.07 1.06 1.08 1.14 1.14 1.11 1.07 1.11 1.11 1.06 1.14 
1.09 1.08 1.13 1.1 1.13 1.1 1.07 1.12 1.07 1.12 1.11 1.13 1.08 1.07 1.07 1.1 1.07 1.14 1.05 1.12 
1.1 1.14 1.09 1.1 1.08 1.14 1.05 1.08 1.05 1.07 1.05 1.13 1.08 1.06 1.13 1.08 1.12 1.09 1.09 1.07 
1.07 1.11 1.05 1.14 1.08 1.06 1.13 1.13 1.07 1.14 1.11 1.14 1.14 1.05 1.13 1.09 1.12 1.08 1.13 1.08 
1.12 1.07 1.08 1.06 1.14 1.08 1.12 1.06 1.12 1.11 1.13 1.13 1.1 1.12 1.12 1.13 1.05 1.06 1.13 1.14 
1.08 1.05 1.1 1.11 1.13 1.05 1.08 1.13 1.11 1.12 1.13 1.13 1.07 1.14 1.12 1.08 1.14 1.13 1.07 1.13 
1.05 1.12 1.05 1.09 1.05 1.13 1.09 1.11 1.06 1.07 1.11 1.06 1.06 1.13 1.05 1.12 1.12 1.11 1.12 1.05 
1.13 1.07 1.07 1.1 1.06 1.07 1.05 1.14 1.06 1.09 1.06 1.1 1.1 1.08 1.11 1.11 1.06 1.1 1.07 1.13 
1.08 1.09 1.07 1.1 1.05 1.12 1.12 1.1 1.07 1.14 1.07 1.12 1.12 1.09 1.11 1.13 1.14 1.13 1.12 1.14 
1.1 1.06 1.05 1.06 1.06 1.09 1.1 1.1 1.11 1.14 1.14 1.14 1.14 1.1 1.08 1.11 1.09 1.1 1.11 1.1 
1.13 1.09 1.06 1.08 1.05 1.07 1.14 1.11 1.08 1.07 1.11 1.11 1.1 1.08 1.14 1.13 1.13 1.1 1.06 1.08 
1.08 1.11 1.08 1.07 1.14 1.12 1.12 1.14 1.07 1.07 1.05 1.05 1.09 1.12 1.07 1.05 1.09 1.08 1.07 1.14 
1.08 1.07 1.1 1.13 1.08 1.07 1.08 1.14 1.08 1.09 1.09 1.05 1.07 1.06 1.1 1.07 1.1 1.11 1.07 1.1 
1.07 1.14 1.07 1.06 1.05 1.14 1.12 1.08 1.12 1.1 1.08 1.07 1.07 1.1 1.14 1.11 1.1 1.1 1.1 1.06 
1.07 1.09 1.07 1.11 1.06 1.1 1.1 1.08 1.07 1.08 1.14 1.1 1.11 1.06 1.06 1.14 1.08 1.11 1.1 1.05 
1.13 1.09 1.09 1.13 1.12 1.12 1.13 1.07 1.13 1.13 1.06 1.08 1.05 1.11 1.13 1.1 1.09 1.11 1.1 1.11 
1.14 1.11 1.14 1.08 1.07 1.07 1.08 1.11 1.1 1.08 1.13 1.07 1.13 1.13 1.1 1.12 1.11 1.09 1.05 1.13 
1.14 1.05 1.06 1.11 1.09 1.09 1.12 1.05 1.1 1.05 1.08 1.05 1.09 1.11 1.08 1.09 1.14 1.08 1.13 1.14 
1.08 1.07 1.08 1.05 1.14 1.12 1.12 1.13 1.06 1.05 1.09 1.09 1.08 1.06 1.12 1.1 1.09 1.11 1.1 1.09 
1.09 1.07 1.13 1.11 1.05 1.13 1.1 1.05 1.11 1.11 1.13 1.13 1.07 1.13 1.13 1.06 1.07 1.09 1.05 1.08 
1.14 1.14 1.13 1.1 1.09 1.07 1.1 1.1 1.14 1.09 1.05 1.1 1.05 1.09 1.12 1.08 1.11 1.08 1.14 1.12 
1.05 1.12 1.06 1.14 1.09 1.09 1.14 1.09 1.09 1.13 1.11 1.12 1.08 1.12 1.07 1.1 1.05 1.14 1.11 1.11 
1.07 1.13 1.07 1.11 1.05 1.12 1.13 1.13 1.13 1.05 1.12 1.09 1.08 1.09 1.06 1.14 1.07 1.09 1.06 1.09 
1.06 1.12 1.11 1.07 1.13 1.11 1.1 1.13 1.07 1.09 1.08 1.12 1.08 1.09 1.07 1.06 1.12 1.08 1.06 1.13 
1.06 1.12 1.06 1.09 1.06 1.06 1.07 1.1 1.07 1.14 1.09 1.13 1.08 1.09 1.07 1.14 1.09 1.07 1.12 1.13 
1.1 1.09 1.09 1.07 1.12 1.11 1.12 1.05 1.06 1.12 1.09 1.06 1.09 1.06 1.07 1.1 1.06 1.1 1.06 1.06 
1.08 1.12 1.08 1.07 1.1 1.06 1.12 1.14 1.12 1.14 1.12 1.11 1.07 1.14 1.08 1.12 1.1 1.14 1.06 1.05 
1.1 1.08 1.07 1.05 1.14 1.08 1.13 1.12 1.09 1.13 1.1 1.12 1.13 1.1 1.05 1.1 1.07 1.07 1.1 1.09 
1.14 1.07 1.14 1.1 1.12 1.09 1.14 1.06 1.14 1.08 1.05 1.13 1.08 1.06 1.1 1.14 1.09 1.12 1.1 1.12 
1.08 1.12 1.05 1.05 1.13 1.08 1.14 1.09 1.08 1.06 1.11 1.12 1.12 1.06 1.14 1.05 1.13 1.11 1.09 1.06 
1.12 1.13 1.05 1.11 1.11 1.14 1.06 1.07 1.07 1.09 1.08 1.1 1.09 1.14 1.07 1.05 1.08 1.13 1.06 1.05 
1.14 1.14 1.1 1.05 1.12 1.11 1.09 1.13 1.1 1.06 1.07 1.1 1.11 1.09 1.13 1.06 1.06 1.13 1.12 1.07 
1.05 1.09 1.14 1.09 1.1 1.11 1.07 1.11 1.08 1.12 1.07 1.09 1.11 1.07 1.11 1.11 1.1 1.1 1.05 1.06 
1.05 1.06 1.09 1.1 1.06 1.1 1.13 1.08 1.07 1.13 1.07 1.13 1.1 1.14 1.1 1.08 1.05 1.13 1.07 1.06 
1.07 1.06 1.11 1.08 1.07 1.06 1.07 1.14 1.08 1.07 1.06 1.14 1.12 1.09 1.07 1.13 1.06 1.08 1.05 1.13 
1.13 1.11 1.11 1.09 1.13 1.05 1.12 1.06 1.14 1.08 1.11 1.09 1.07 1.08 1.11 1.07 1.09 1.11 1.12 1.09 
1.07 1.09 1.13 1.1 1.13 1.07 1.14 1.13 1.12 1.11 1.14 1.06 1.1 1.08 1.14 1.11 1.1 1.12 1.11 1.12 
1.09 1.06 1.12 1.05 1.1 1.08 1.05 1.09 1.14 1.09 1.1 1.07 1.05 1.09 1.09 1.06 1.06 1.06 1.06 1.11 
1.1 1.07 1.07 1.14 1.13 1.06 1.11 1.1 1.07 1.06 1.08 1.13 1.09 1.09 1.1 1.13 1.05 1.05 1.13 1.06 
1.14 1.12 1.08 1.07 1.08 1.05 1.08 1.11 1.07 1.1 1.13 1.08 1.1 1.05 1.14 1.1 1.13 1.07 1.08 1.12 
1.13 1.11 1.13 1.06 1.05 1.13 1.05 1.08 1.09 1.05 1.14 1.09 1.1 1.12 1.1 1.14 1.08 1.06 1.12 1.1 
1.11 1.1 1.12 1.05 1.09 1.13 1.11 1.09 1.1 1.07 1.11 1.12 1.13 1.12 1.06 1.07 1.06 1.13 1.06 1.08 
1.09 1.11 1.06 1.06 1.13 1.09 1.09 1.05 1.08 1.14 1.13 1.06 1.11 1.08 1.05 1.13 1.12 1.07 1.08 1.11 
1.05 1.14 1.06 1.11 1.09 1.05 1.08 1.09 1.06 1.13 1.11 1.12 1.11 1.09 1.08 1.11 1.07 1.09 1.05 1.07 
1.07 1.11 1.07 1.1 1.14 1.08 1.08 1.09 1.07 1.07 1.11 1.1 1.09 1.12 1.06 1.08 1.1 1.06 1.11 1.09 
1.1 1.13 1.09 1.09 1.09 1.1 1.14 1.09 1.09 1.11 1.12 1.12 1.12 1.07 1.05 1.13 1.12 1.1 1.06 1.12 
1.11 1.13 1.12 1.05 1.08 1.05 1.1 1.12 1.09 1.07 1.07 1.06 1.1 1.13 1.14 1.08 1.12 1.11 1.14 1.11 
1.1 1.09 1.05 1.05 1.07 1.12 1.14 1.06 1.08 1.12 1.05 1.08 1.05 1.05 1.09 1.14 1.12 1.1 1.12 1.12 
1.08 1.1 1.13 1.13 1.07 1.05 1.14 1.1 1.05 1.1 1.09 1.11 1.12 1.14 1.14 1.07 1.08 1.1 1.08 1.07 
1.14 1.1 1.07 1.14 1.07 1.09 1.12 1.1 1.12 1.13 1.12 1.11 1.06 1.14 1.11 1.13 1.14 1.11 1.08 1.08 
1.11 1.06 1.05 1.14 1.09 1.08 1.13 1.11 1.1 1.11 1.11 1.13 1.14 1.1 1.11 1.14 1.12 1.1 1.11 1.08 
1.14 1.08 1.06 1.11 1.1 1.14 1.13 1.13 1.09 1.09 1.1 1.09 1.13 1.09 1.11 1.06 1.1 1.14 1.12 1.06 
1.08 1.14 1.06 1.13 1.06 1.12 1.1 1.13 1.08 1.12 1.14 1.05 1.12 1.09 1.09 1.11 1.12 1.08 1.08 1.12 
1.07 1.1 1.08 1.14 1.05 1.06 1.13 1.1 1.08 1.12 1.14 1.13 1.12 1.11 1.13 1.1 1.07 1.13 1.06 1.05 
1.14 1.06 1.06 1.06 1.1 1.14 1.13 1.09 1.08 1.13 1.08 1.13 1.14 1.06 1.07 1.09 1.11 1.13 1.11 1.1 
1.06 1.13 1.12 1.09 1.09 1.14 1.06 1.13 1.11 1.07 1.11 1.1 1.11 1.1 1.14 1.07 1.07 1.13 1.12 1.07 
1.07 1.05 1.07 1.08 1.11 1.14 1.06 1.11 1.1 1.11 1.1 1.09 1.11 1.09 1.12 1.14 1.12 1.07 1.1 1.13 
1.1 1.11 1.13 1.1 1.11 1.07 1.12 1.11 1.13 1.14 1.07 1.08 1.08 1.08 1.06 1.14 1.05 1.07 1.11 1.06 
1.09 1.07 1.14 1.14 1.09 1.05 1.14 1.11 1.07 1.1 1.13 1.05 1.07 1.06 1.12 1.06 1.05 1.07 1.06 1.12 
1.11 1.14 1.05 1.13 1.06 1.1 1.12 1.08 1.1 1.05 1.1 1.08 1.06 1.08 1.09 1.08 1.08 1.05 1.14 1.1 
1.05 1.07 1.11 1.11 1.07 1.12 1.1 1.06 1.06 1.09 1.07 1.11 1.08 1.11 1.08 1.12 1.06 1.09 1.07 1.13 
1.07 1.14 1.09 1.12 1.11 1.13 1.14 1.1 1.09 1.06 1.05 1.14 1.09 1.08 1.09 1.1 1.06 1.13 1.11 1.08 
1.1 1.13 1.09 1.12 1.13 1.14 1.1 1.13 1.08 1.06 1.09 1.12 1.05 1.09 1.12 1.11 1.07 1.08 1.11 1.08 
1.11 1.08 1.12 1.07 1.13 1.06 1.08 1.06 1.11 1.1 1.12 1.14 1.1 1.12 1.08 1.1 1.06 1.08 1.08 1.09 
1.14 1.11 1.1 1.1 1.14 1.07 1.08 1.07 1.12 1.12 1.1 1.07 1.06 1.08 1.09 1.14 1.08 1.12 1.05 1.09 
1.1 1.11 1.08 1.05 1.07 1.08 1.05 1.1 1.05 1.13 1.06 1.12 1.07 1.09 1.05 1.06 1.09 1.06 1.14 1.11 
1.14 1.11 1.06 1.08 1.09 1.11 1.12 1.14 1.11 1.08 1.05 1.12 1.14 1.09 1.12 1.1 1.07 1.12 1.06 1.06 
1.06 1.07 1.06 1.05 1.06 1.05 1.14 1.12 1.11 1.07 1.06 1.11 1.07 1.13 1.08 1.12 1.11 1.08 1.07 1.11 
1.12 1.13 1.09 1.08 1.1 1.08 1.12 1.1 1.09 1.06 1.11 1.09 1.09 1.12 1.1 1.07 1.11 1.13 1.09 1.05 
1.12 1.12 1.14 1.1 1.12 1.05 1.1 1.05 1.06 1.14 1.09 1.12 1.09 1.13 1.06 1.13 1.12 1.05 1.08 1.14 
1.13 1.12 1.07 1.11 1.06 1.12 1.07 1.07 1.07 1.13 1.05 1.08 1.12 1.07 1.06 1.14 1.12 1.06 1.08 1.11 
1.05 1.07 1.14 1.09 1.11 1.06 1.11 1.09 1.13 1.12 1.07 1.12 1.14 1.08 1.06 1.11 1.06 1.12 1.08 1.08 
1.07 1.13 1.14 1.06 1.08 1.1 1.05 1.1 1.12 1.07 1.12 1.12 1.12 1.14 1.1 1.09 1.05 1.12 1.09 1.07 
1.06 1.13 1.14 1.06 1.09 1.08 1.11 1.13 1.06 1.06 1.07 1.13 1.11 1.05 1.07 1.06 1.13 1.05 1.06 1.05 
1.08 1.13 1.06 1.08 1.06 1.13 1.08 1.1 1.1 1.13 1.06 1.05 1.06 1.14 1.06 1.07 1.08 1.13 1.1 1.1 
1.09 1.12 1.06 1.11 1.14 1.13 1.06 1.05 1.1 1.06 1.07 1.06 1.06 1.14 1.07 1.12 1.08 1.08 1.14 1.09 
1.07 1.06 1.12 1.08 1.11 1.08 1.14 1.05 1.11 1.1 1.05 1.13 1.05 1.1 1.13 1.08 1.05 1.07 1.13 1.06 
1.09 1.05 1.14 1.14 1.05 1.1 1.12 1.14 1.08 1.07 1.07 1.11 1.06 1.09 1.07 1.08 1.05 1.05 1.11 1.09 
1.07 1.05 1.13 1.09 1.06 1.12 1.13 1.11 1.12 1.08 1.13 1.14 1.09 1.09 1.11 1.07 1.06 1.08 1.13 1.11 
1.05 1.1 1.11 1.12 1.11 1.13 1.14 1.09 1.09 1.12 1.08 1.06 1.12 1.07 1.08 1.13 1.11 1.1 1.12 1.1 
1.1 1.08 1.08 1.14 1.13 1.06 1.07 1.06 1.05 1.12 1.12 1.11 1.06 1.07 1.08 1.12 1.09 1.07 1.1 1.05 
1.14 1.05 1.06 1.07 1.08 1.14 1.08 1.09 1.11 1.06 1.06 1.11 1.07 1.11 1.09 1.06 1.05 1.07 1.08 1.09 
1.07 1.1 1.14 1.14 1.05 1.08 1.13 1.06 1.09 1.09 1.09 1.1 1.06 1.13 1.06 1.13 1.07 1.1 1.08 1.12 
1.05 1.06 1.14 1.07 1.1 1.11 1.06 1.11 1.1 1.11 1.1 1.14 1.13 1.06 1.13 1.11 1.05 1.11 1.06 1.06 
1.11 1.09 1.09 1.11 1.1 1.12 1.14 1.14 1.06 1.13 1.13 1.14 1.08 1.1 1.09 1.07 1.08 1.08 1.05 1.1 
1.14 1.1 1.1 1.14 1.07 1.12 1.11 1.11 1.05 1.08 1.06 1.05 1.06 1.11 1.08 1.05 1.11 1.06 1.08 1.11 
1.05 1.13 1.14 1.1 1.12 1.13 1.13 1.13 1.13 1.08 1.07 1.14 1.14 1.1 1.09 1.12 1.14 1.06 1.05 1.06 
1.13 1.1 1.13 1.08 1.13 1.09 1.11 1.09 1.09 1.14 1.06 1.1 1.07 1.12 1.12 1.06 1.13 1.07 1.12 1.13 
1.06 1.13 1.14 1.08 1.05 1.06 1.05 1.13 1.13 1.08 1.08 1.1 1.14 1.11 1.13 1.08 1.1 1.1 1.06 1.07 
1.13 1.13 1.07 1.12 1.05 1.09 1.1 1.07 1.08 1.13 1.09 1.08 1.09 1.14 1.12 1.11 1.11 1.13 1.12 1.06 
1.06 1.07 1.07 1.14 1.1 1.13 1.11 1.1 1.05 1.1 1.13 1.14 1.08 1.07 1.07 1.09 1.08 1.14 1.13 1.1 
1.14 1.08 1.1 1.14 1.07 1.13 1.12 1.1 1.1 1.13 1.13 1.09 1.06 1.11 1.06 1.12 1.06 1.08 1.13 1.05 
1.09 1.09 1.05 1.07 1.1 1.13 1.1 1.1 1.06 1.14 1.1 1.05 1.13 1.1 1.11 1.06 1.05 1.05 1.07 1.13 
1.13 1.05 1.08 1.12 1.07 1.14 1.09 1.13 1.07 1.08 1.12 1.14 1.07 1.14 1.13 1.13 1.09 1.09 1.09 1.08 
1.05 1.08 1.08 1.06 1.06 1.13 1.08 1.13 1.09 1.07 1.07 1.09 1.05 1.11 1.13 1.14 1.06 1.06 1.06 1.06 
1.13 1.09 1.06 1.08 1.06 1.13 1.05 1.07 1.08 1.07 1.09 1.08 1.09 1.12 1.07 1.14 1.14 1.08 1.06 1.08 
1.14 1.07 1.12 1.05 1.11 1.11 1.08 1.07 1.1 1.11 1.11 1.08 1.05 1.07 1.09 1.07 1.13 1.07 1.13 1.09 
1.14 1.05 1.06 1.11 1.14 1.06 1.07 1.11 1.13 1.11 1.08 1.14 1.05 1.05 1.06 1.14 1.1 1.07 1.06 1.1 
1.09 1.09 1.1 1.08 1.07 1.09 1.1 1.06 1.1 1.13 1.12 1.1 1.1 1.11 1.12 1.13 1.08 1.06 1.06 1.14 
1.05 1.07 1.06 1.06 1.12 1.12 1.07 1.07 1.12 1.09 1.14 1.1 1.06 1.06 1.13 1.13 1.12 1.07 1.13 1.08 
1.07 1.13 1.14 1.14 1.13 1.07 1.06 1.09 1.13 1.1 1.11 1.12 1.07 1.12 1.06 1.13 1.06 1.09 1.12 1.05 
1.05 1.09 1.07 1.05 1.05 1.1 1.12 1.1 1.05 1.07 1.08 1.12 1.09 1.1 1.07 1.06 1.11 1.11 1.14 1.06 
1.05 1.09 1.07 1.14 1.08 1.11 1.12 1.11 1.12 1.12 1.08 1.09 1.06 1.13 1.1 1.11 1.09 1.13 1.11 1.11 
1.1 1.07 1.09 1.11 1.05 1.12 1.05 1.1 1.14 1.07 1.1 1.05 1.06 1.13 1.1 1.07 1.11 1.1 1.11 1.05 
1.06 1.06 1.13 1.06 1.14 1.08 1.1 1.13 1.07 1.06 1.13 1.13 1.06 1.07 1.05 1.14 1.12 1.1 1.13 1.11 
1.11 1.11 1.12 1.11 1.07 1.07 1.14 1.06 1.09 1.13 1.07 1.05 1.11 1.07 1.09 1.08 1.14 1.12 1.14 1.05 
1.06 1.05 1.09 1.05 1.1 1.07 1.05 1.1 1.06 1.08 1.06 1.14 1.05 1.08 1.05 1.05 1.09 1.05 1.09 1.06 
1.14 1.14 1.12 1.13 1.13 1.05 1.08 1.06 1.1 1.12 1.07 1.14 1.08 1.14 1.14 1.1 1.12 1.09 1.07 1.06 
1.13 1.12 1.12 1.05 1.06 1.06 1.08 1.12 1.05 1.12 1.14 1.1 1.1 1.1 1.05 1.1 1.07 1.12 1.11 1.1 
1.12 1.11 1.1 1.05 1.11 1.11 1.12 1.11 1.11 1.07 1.09 1.1 1.11 1.06 1.07 1.14 1.09 1.13 1.07 1.07 
1.09 1.06 1.11 1.14 1.08 1.13 1.07 1.09 1.14 1.08 1.1 1.06 1.14 1.09 1.07 1.14 1.11 1.14 1.07 1.07 
1.1 1.06 1.09 1.05 1.08 1.08 1.07 1.08 1.09 1.11 1.1 1.13 1.05 1.1 1.06 1.05 1.09 1.06 1.08 1.12 
1.1 1.05 1.11 1.07 1.06 1.14 1.1 1.05 1.08 1.13 1.14 1.05 1.13 1.14 1.08 1.09 1.08 1.08 1.09 1.05 
1.12 1.12 1.07 1.06 1.12 1.1 1.14 1.1 1.13 1.1 1.14 1.13 1.06 1.13 1.14 1.06 1.08 1.07 1.1 1.1 
1.06 1.1 1.06 1.07 1.09 1.08 1.13 1.06 1.06 1.08 1.13 1.08 1.13 1.09 1.13 1.07 1.07 1.11 1.05 1.14 
1.05 1.13 1.06 1.05 1.12 1.14 1.13 1.09 1.09 1.09 1.13 1.13 1.14 1.1 1.1 1.06 1.06 1.09 1.06 1.05 
1.11 1.07 1.11 1.12 1.13 1.09 1.09 1.09 1.05 1.07 1.14 1.1 1.06 1.11 1.14 1.14 1.05 1.09 1.13 1.11 
1.14 1.06 1.13 1.13 1.09 1.13 1.09 1.12 1.13 1.09 1.07 1.13 1.06 1.13 1.08 1.1 1.1 1.08 1.11 1.09 
1.1 1.05 1.11 1.05 1.14 1.1 1.1 1.09 1.1 1.14 1.07 1.08 1.06 1.11 1.13 1.12 1.12 1.11 1.12 1.08 
1.11 1.12 1.06 1.1 1.09 1.1 1.05 1.07 1.13 1.07 1.13 1.12 1.12 1.09 1.06 1.06 1.12 1.12 1.12 1.11 
1.08 1.07 1.06 1.07 1.05 1.14 1.06 1.07 1.09 1.1 1.14 1.12 1.12 1.11 1.13 1.05 1.13 1.14 1.06 1.14 
1.06 1.12 1.11 1.11 1.13 1.09 1.14 1.09 1.11 1.09 1.11 1.09 1.13 1.14 1.12 1.1 1.12 1.09 1.12 1.08 
1.08 1.08 1.1 1.11 1.08 1.09 1.11 1.06 1.12 1.13 1.09 1.1 1.12 1.07 1.07 1.11 1.13 1.07 1.14 1.13 
1.09 1.09 1.1 1.14 1.11 1.05 1.05 1.1 1.13 1.1 1.09 1.13 1.1 1.07 1.07 1.14 1.14 1.12 1.09 1.14 
1.14 1.11 1.12 1.14 1.12 1.06 1.1 1.1 1.14 1.13 1.1 1.07 1.11 1.05 1.09 1.11 1.11 1.1 1.06 1.06 
1.11 1.05 1.09 1.05 1.08 1.09 1.13 1.09 1.08 1.13 1.09 1.07 1.11 1.06 1.14 1.1 1.14 1.11 1.09 1.13 
1.11 1.12 1.07 1.08 1.12 1.07 1.12 1.11 1.14 1.13 1.11 1.05 1.09 1.1 1.12 1.13 1.07 1.12 1.14 1.09 
1.1 1.06 1.07 1.08 1.14 1.14 1.06 1.09 1.13 1.1 1.08 1.06 1.09 1.07 1.06 1.09 1.14 1.11 1.09 1.06 
1.05 1.11 1.1 1.12 1.09 1.09 1.09 1.11 1.05 1.06 1.08 1.08 1.1 1.13 1.08 1.06 1.09 1.1 1.09 1.06 
1.05 1.14 1.07 1.13 1.05 1.06 1.1 1.11 1.05 1.11 1.13 1.13 1.1 1.12 1.14 1.07 1.06 1.08 1.11 1.11 
1.07 1.14 1.14 1.13 1.11 1.08 1.12 1.12 1.14 1.08 1.12 1.08 1.13 1.07 1.07 1.07 1.13 1.08 1.05 1.05 
1.06 1.09 1.08 1.06 1.12 1.12 1.11 1.09 1.08 1.14 1.1 1.06 1.14 1.12 1.1 1.08 1.06 1.05 1.07 1.13 
1.12 1.07 1.07 1.08 1.12 1.14 1.1 1.09 1.06 1.11 1.14 1.1 1.1 1.07 1.06 1.09 1.1 1.1 1.1 1.06 
1.08 1.07 1.08 1.1 1.06 1.1 1.12 1.08 1.09 1.12 1.1 1.13 1.06 1.08 1.14 1.05 1.13 1.08 1.06 1.13 
1.09 1.07 1.11 1.05 1.12 1.11 1.1 1.11 1.12 1.07 1.07 1.11 1.05 1.07 1.06 1.1 1.12 1.1 1.11 1.12 
1.14 1.09 1.11 1.09 1.14 1.11 1.13 1.06 1.1 1.09 1.12 1.05 1.06 1.08 1.12 1.1 1.1 1.12 1.13 1.09 
1.14 1.08 1.14 1.14 1.11 1.1 1.1 1.09 1.14 1.08 1.08 1.13 1.11 1.09 1.05 1.14 1.07 1.1 1.1 1.09 
1.07 1.07 1.06 1.08 1.07 1.1 1.14 1.08 1.07 1.12 1.11 1.07 1.11 1.1 1.1 1.14 1.13 1.06 1.08 1.14 
1.1 1.06 1.07 1.06 1.07 1.08 1.08 1.09 1.14 1.08 1.14 1.11 1.14 1.06 1.13 1.1 1.07 1.07 1.05 1.12 
1.14 1.08 1.08 1.09 1.06 1.05 1.13 1.1 1.06 1.11 1.09 1.14 1.07 1.14 1.14 1.07 1.06 1.13 1.12 1.11 
1.05 1.12 1.08 1.06 1.11 1.08 1.09 1.08 1.07 1.08 1.11 1.09 1.11 1.07 1.09 1.12 1.05 1.13 1.05 1.1 
1.1 1.05 1.11 1.06 1.09 1.09 1.14 1.13 1.12 1.07 1.14 1.11 1.05 1.08 1.13 1.09 1.12 1.12 1.12 1.06 
1.07 1.13 1.12 1.1 1.05 1.13 1.06 1.14 1.09 1.09 1.05 1.07 1.08 1.05 1.1 1.05 1.06 1.09 1.11 1.09 
1.08 1.11 1.06 1.14 1.06 1.05 1.05 1.14 1.14 1.08 1.11 1.06 1.08 1.09 1.11 1.14 1.1 1.12 1.09 1.1 
1.09 1.05 1.05 1.11 1.05 1.09 1.09 1.09 1.08 1.08 1.05 1.12 1.11 1.06 1.08 1.05 1.13 1.05 1.06 1.05 
1.08 1.13 1.08 1.06 1.13 1.13 1.05 1.06 1.13 1.1 1.1 1.09 1.12 1.1 1.05 1.13 1.11 1.13 1.08 1.09 
1.12 1.08 1.06 1.14 1.09 1.1 1.11 1.11 1.13 1.1 1.09 1.1 1.05 1.11 1.07 1.14 1.06 1.13 1.12 1.06 
1.08 1.07 1.06 1.12 1.14 1.11 1.14 1.11 1.08 1.09 1.12 1.1 1.05 1.13 1.13 1.13 1.06 1.08 1.06 1.08 
1.14 1.12 1.07 1.12 1.09 1.09 1.05 1.09 1.1 1.11 1.12 1.07 1.12 1.1 1.12 1.14 1.09 1.08 1.07 1.12 
1.09 1.11 1.05 1.13 1.1 1.09 1.13 1.07 1.13 1.05 1.05 1.05 1.09 1.09 1.09 1.13 1.1 1.13 1.06 1.08 
1.14 1.09 1.14 1.13 1.12 1.11 1.08 1.1 1.08 1.13 1.06 1.13 1.11 1.05 1.07 1.11 1.05 1.06 1.14 1.12 
1.14 1.05 1.06 1.09 1.13 1.05 1.05 1.07 1.09 1.08 1.14 1.06 1.14 1.07 1.06 1.1 1.08 1.14 1.08 1.09 
1.08 1.05 1.11 1.13 1.13 1.11 1.07 1.13 1.1 1.1 1.12 1.13 1.13 1.07 1.07 1.07 1.14 1.11 1.09 1.08 
1.09 1.08 1.08 1.09 1.07 1.06 1.12 1.07 1.11 1.09 1.08 1.05 1.12 1.12 1.06 1.13 1.1 1.07 1.07 1.1 
1.12 1.13 1.05 1.06 1.08 1.05 1.06 1.14 1.14 1.13 1.09 1.05 1.09 1.12 1.12 1.12 1.12 1.06 1.07 1.09 
1.1 1.08 1.09 1.07 1.06 1.07 1.13 1.09 1.14 1.07 1.07 1.09 1.14 1.1 1.08 1.06 1.1 1.09 1.08 1.05 
1.07 1.06 1.11 1.11 1.11 1.12 1.11 1.06 1.05 1.09 1.07 1.08 1.12 1.13 1.07 1.11 1.11 1.08 1.14 1.14 
1.05 1.1 1.12 1.11 1.1 1.11 1.05 1.11 1.14 1.09 1.12 1.13 1.07 1.05 1.09 1.07 1.07 1.05 1.06 1.14 
1.1 1.13 1.08 1.1 1.05 1.06 1.1 1.11 1.14 1.06 1.07 1.08 1.06 1.14 1.09 1.08 1.09 1.14 1.1 1.09 
1.08 1.09 1.08 1.13 1.06 1.08 1.11 1.12 1.05 1.07 1.12 1.07 1.06 1.14 1.05 1.06 1.07 1.05 1.07 1.08 
1.11 1.09 1.11 1.05 1.08 1.13 1.14 1.09 1.06 1.13 1.14 1.05 1.08 1.12 1.12 1.14 1.14 1.07 1.1 1.14 
1.05 1.1 1.05 1.05 1.14 1.06 1.08 1.14 1.07 1.06 1.05 1.13 1.1 1.09 1.11 1.14 1.07 1.13 1.11 1.07 
1.11 1.12 1.12 1.14 1.1 1.14 1.14 1.1 1.07 1.06 1.05 1.07 1.07 1.12 1.14 1.09 1.09 1.13 1.07 1.11 
1.14 1.1 1.06 1.1 1.06 1.11 1.12 1.06 1.08 1.06 1.08 1.07 1.13 1.05 1.1 1.14 1.07 1.1 1.13 1.06 
1.13 1.07 1.12 1.14 1.07 1.07 1.08 1.07 1.1 1.13 1.07 1.12 1.12 1.13 1.06 1.13 1.08 1.09 1.1 1.06 
1.06 1.1 1.11 1.14 1.07 1.1 1.12 1.11 1.07 1.13 1.08 1.05 1.12 1.11 1.11 1.13 1.05 1.07 1.13 1.14 
1.13 1.1 1.07 1.14 1.12 1.1 1.06 1.07 1.09 1.1 1.06 1.05 1.11 1.09 1.13 1.06 1.09 1.14 1.13 1.12 
1.1 1.05 1.11 1.14 1.06 1.08 1.05 1.05 1.09 1.1 1.09 1.1 1.14 1.06 1.05 1.1 1.09 1.14 1.08 1.12 
1.11 1.12 1.12 1.07 1.09 1.08 1.07 1.06 1.07 1.07 1.11 1.07 1.05 1.06 1.1 1.12 1.13 1.13 1.08 1.09 
1.12 1.11 1.05 1.08 1.08 1.1 1.09 1.05 1.09 1.09 1.1 1.11 1.14 1.14 1.08 1.08 1.13 1.09 1.09 1.14 
1.06 1.13 1.06 1.09 1.11 1.14 1.07 1.11 1.12 1.14 1.14 1.1 1.05 1.1 1.11 1.05 1.14 1.06 1.14 1.08 
1.05 1.11 1.12 1.07 1.08 1.1 1.11 1.13 1.13 1.1 1.13 1.09 1.08 1.1 1.1 1.13 1.12 1.07 1.12 1.1 
1.06 1.14 1.12 1.09 1.11 1.05 1.05 1.13 1.1 1.06 1.06 1.05 1.06 1.09 1.07 1.05 1.07 1.1 1.09 1.08 
1.09 1.11 1.13 1.09 1.11 1.08 1.14 1.1 1.06 1.08 1.06 1.09 1.06 1.05 1.12 1.07 1.14 1.12 1.08 1.07 
1.13 1.06 1.05 1.13 1.12 1.13 1.06 1.08 1.05 1.1 1.08 1.12 1.07 1.1 1.12 1.13 1.05 1.07 1.09 1.07 
1.14 1.06 1.08 1.07 1.1 1.05 1.14 1.13 1.05 1.09 1.09 1.05 1.1 1.12 1.09 1.12 1.1 1.12 1.09 1.11 
1.12 1.06 1.14 1.1 1.1 1.09 1.09 1.06 1.05 1.11 1.09 1.13 1.09 1.13 1.14 1.12 1.1 1.09 1.05 1.09 
1.1 1.14 1.11 1.1 1.09 1.07 1.09 1.11 1.11 1.12 1.1 1.11 1.08 1.05 1.14 1.09 1.12 1.12 1.08 1.05 
1.07 1.14 1.14 1.09 1.14 1.08 1.14 1.09 1.11 1.05 1.07 1.08 1.07 1.13 1.11 1.14 1.05 1.12 1.05 1.1 
1.11 1.14 1.09 1.08 1.11 1.06 1.07 1.14 1.06 1.11 1.05 1.11 1.08 1.12 1.1 1.13 1.1 1.11 1.09 1.05 
1.14 1.14 1.07 1.11 1.1 1.14 1.14 1.12 1.11 1.07 1.07 1.13 1.06 1.06 1.07 1.13 1.06 1.11 1.09 1.11 
1.05 1.06 1.08 1.12 1.11 1.12 1.14 1.06 1.05 1.12 1.05 1.13 1.11 1.09 1.11 1.09 1.12 1.06 1.09 1.07 
1.05 1.11 1.13 1.06 1.07 1.14 1.12 1.12 1.12 1.11 1.1 1.07 1.06 1.14 1.1 1.07 1.13 1.14 1.05 1.07 
1.05 1.11 1.1 1.06 1.13 1.08 1.05 1.05 1.09 1.09 1.07 1.12 1.09 1.12 1.07 1.06 1.05 1.08 1.14 1.07 
1.14 1.12 1.08 1.12 1.13 1.13 1.13 1.1 1.06 1.06 1.14 1.09 1.07 1.11 1.13 1.12 1.13 1.1 1.12 1.06 
1.11 1.07 1.13 1.14 1.08 1.12 1.1 1.05 1.09 1.11 1.06 1.11 1.08 1.06 1.1 1.1 1.08 1.13 1.09 1.12 
1.14 1.12 1.14 1.11 1.1 1.14 1.12 1.06 1.09 1.1 1.14 1.09 1.13 1.06 1.09 1.1 1.05 1.13 1.13 1.06 
1.05 1.09 1.13 1.07 1.1 1.13 1.07 1.08 1.11 1.1 1.07 1.11 1.08 1.06 1.1 1.08 1.05 1.05 1.14 1.13 
1.12 1.07 1.12 1.14 1.1 1.08 1.05 1.06 1.13 1.09 1.07 1.1 1.13 1.09 1.07 1.11 1.11 1.09 1.07 1.09 
1.06 1.14 1.06 1.06 1.05 1.1 1.09 1.11 1.1 1.14 1.05 1.1 1.13 1.06 1.06 1.06 1.08 1.13 1.07 1.09 
1.11 1.06 1.14 1.11 1.11 1.08 1.14 1.07 1.1 1.07 1.12 1.06 1.11 1.13 1.06 1.08 1.14 1.06 1.12 1.08 
