20
200
93 85 61 4 31 35 53 35 34 31 96 26 92 47 68 41 39 47 77 6 2 74 90 6 58 64 32 45 93 74 52 59 13 75 12 32 1 9 74 40 46 99 9 32 28 48 80 12 99 48 100 69 92 97 48 16 98 21 31 75 14 89 1 80 50 93 82 36 61 74 11 66 20 37 34 24 27 3 9 60 55 36 74 3 27 71 86 91 48 30 42 27 38 30 28 35 31 82 94 63 22 56 76 68 48 60 89 85 94 20 52 24 56 23 59 85 31 82 39 70 9 56 61 28 33 49 37 96 93 53 45 54 20 98 69 74 3 15 20 92 96 59 61 14 60 18 19 87 93 29 1 74 56 95 94 66 31 78 88 45 87 84 99 40 60 56 73 57 33 16 48 76 93 60 68 46 9 95 53 64 92 28 50 90 42 12 75 55 93 34 61 35 73 46 24 74 64 38 62 25 
1 1 9 5 8 4 9 5 4 3 6 4 3 1 9 5 9 1 6 1 
1.06 1.05 1.08 1.06 1.06 1.06 1.06 1.07 1.09 1.09 1.09 1.06 1.06 1.07 1.07 1.05 1.07 1.08 1.07 1.06 
1.05 1.08 1.07 1.09 1.06 1.09 1.08 1.06 1.09 1.06 1.08 1.08 1.06 1.06 1.09 1.09 1.05 1.08 1.06 1.07 
1.05 1.08 1.05 1.07 1.07 1.06 1.09 1.07 1.06 1.06 1.08 1.08 1.06 1.06 1.09 1.09 1.07 1.07 1.07 1.07 
1.07 1.06 1.06 1.08 1.09 1.07 1.08 1.09 1.08 1.06 1.09 1.09 1.08 1.08 1.08 1.06 1.06 1.05 1.07 1.05 
1.06 1.08 1.06 1.05 1.07 1.07 1.07 1.05 1.07 1.09 1.06 1.07 1.07 1.06 1.08 1.08 1.05 1.06 1.06 1.06 
1.09 1.06 1.06 1.06 1.07 1.08 1.08 1.06 1.08 1.05 1.09 1.08 1.05 1.07 1.07 1.05 1.08 1.05 1.06 1.07 
1.07 1.05 1.07 1.05 1.08 1.05 1.08 1.05 1.05 1.09 1.08 1.07 1.08 1.06 1.09 1.06 1.06 1.06 1.08 1.05 
1.08 1.07 1.05 1.05 1.06 1.07 1.06 1.08 1.09 1.06 1.07 1.06 1.08 1.05 1.06 1.07 1.07 1.06 1.07 1.05 
1.07 1.07 1.07 1.07 1.07 1.08 1.06 1.09 1.07 1.05 1.09 1.05 1.08 1.08 1.05 1.08 1.09 1.06 1.07 1.06 
1.05 1.07 1.09 1.06 1.06 1.05 1.05 1.05 1.06 1.07 1.05 1.09 1.09 1.07 1.05 1.06 1.07 1.08 1.09 1.08 
1.08 1.08 1.09 1.06 1.06 1.06 1.05 1.07 1.06 1.06 1.09 1.06 1.05 1.05 1.05 1.08 1.07 1.06 1.09 1.05 
1.08 1.07 1.06 1.09 1.09 1.09 1.08 1.09 1.06 1.07 1.07 1.06 1.05 1.05 1.05 1.05 1.07 1.06 1.08 1.05 
1.06 1.09 1.09 1.09 1.09 1.06 1.05 1.07 1.05 1.08 1.07 1.06 1.08 1.07 1.05 1.06 1.06 1.06 1.06 1.08 
1.07 1.07 1.09 1.08 1.06 1.06 1.07 1.06 1.05 1.07 1.08 1.05 1.07 1.07 1.08 1.08 1.07 1.08 1.05 1.06 
1.09 1.06 1.08 1.05 1.07 1.08 1.07 1.08 1.07 1.06 1.09 1.07 1.09 1.06 1.08 1.07 1.07 1.08 1.06 1.09 
1.07 1.06 1.09 1.09 1.07 1.05 1.06 1.08 1.06 1.09 1.09 1.05 1.08 1.08 1.06 1.07 1.06 1.05 1.08 1.08 
1.09 1.07 1.07 1.09 1.08 1.09 1.05 1.08 1.09 1.08 1.08 1.09 1.08 1.09 1.05 1.09 1.09 1.08 1.09 1.08 
1.06 1.08 1.05 1.07 1.06 1.07 1.05 1.07 1.07 1.06 1.08 1.09 1.09 1.05 1.05 1.09 1.05 1.06 1.06 1.06 
1.07 1.07 1.05 1.08 1.08 1.08 1.05 1.07 1.08 1.08 1.08 1.08 1.09 1.05 1.08 1.08 1.05 1.09 1.06 1.06 
1.06 1.07 1.09 1.07 1.07 1.09 1.08 1.08 1.06 1.07 1.05 1.07 1.07 1.06 1.09 1.09 1.09 1.07 1.07 1.05 
1.09 1.07 1.06 1.07 1.08 1.06 1.08 1.07 1.08 1.09 1.05 1.08 1.08 1.06 1.08 1.08 1.08 1.08 1.09 1.06 
1.08 1.08 1.09 1.08 1.07 1.05 1.07 1.05 1.06 1.08 1.06 1.06 1.05 1.06 1.07 1.07 1.06 1.06 1.06 1.08 
1.08 1.08 1.07 1.07 1.07 1.09 1.05 1.06 1.08 1.09 1.05 1.05 1.05 1.08 1.08 1.06 1.05 1.06 1.08 1.09 
1.09 1.05 1.09 1.07 1.06 1.09 1.06 1.06 1.08 1.08 1.07 1.06 1.07 1.09 1.07 1.09 1.09 1.06 1.05 1.05 
1.09 1.07 1.05 1.06 1.06 1.09 1.06 1.06 1.06 1.08 1.09 1.06 1.09 1.07 1.05 1.08 1.06 1.09 1.06 1.09 
1.09 1.07 1.05 1.05 1.06 1.09 1.09 1.05 1.09 1.07 1.07 1.08 1.05 1.09 1.09 1.05 1.07 1.07 1.06 1.05 
1.07 1.06 1.07 1.09 1.06 1.09 1.08 1.09 1.08 1.08 1.07 1.09 1.07 1.07 1.06 1.07 1.09 1.07 1.09 1.09 
1.08 1.05 1.09 1.08 1.07 1.06 1.07 1.05 1.07 1.08 1.05 1.06 1.06 1.05 1.08 1.06 1.06 1.06 1.08 1.05 
1.07 1.08 1.06 1.06 1.05 1.07 1.08 1.07 1.05 1.06 1.06 1.08 1.06 1.06 1.09 1.07 1.05 1.06 1.07 1.09 
1.07 1.05 1.06 1.06 1.05 1.05 1.06 1.07 1.07 1.07 1.06 1.06 1.05 1.08 1.06 1.07 1.08 1.05 1.06 1.07 
1.09 1.09 1.09 1.06 1.08 1.05 1.09 1.05 1.06 1.09 1.05 1.06 1.07 1.08 1.09 1.08 1.07 1.07 1.09 1.05 
1.08 1.07 1.05 1.09 1.07 1.05 1.07 1.06 1.09 1.09 1.09 1.05 1.05 1.09 1.07 1.06 1.05 1.09 1.09 1.08 
1.09 1.09 1.06 1.06 1.09 1.05 1.09 1.08 1.08 1.06 1.09 1.06 1.07 1.09 1.06 1.09 1.05 1.05 1.09 1.05 
1.07 1.06 1.07 1.05 1.09 1.06 1.08 1.08 1.08 1.09 1.07 1.09 1.06 1.08 1.06 1.07 1.06 1.07 1.07 1.05 
1.05 1.06 1.08 1.05 1.08 1.08 1.07 1.06 1.07 1.05 1.08 1.06 1.05 1.09 1.05 1.08 1.09 1.07 1.08 1.06 
1.09 1.09 1.09 1.08 1.06 1.06 1.05 1.07 1.09 1.07 1.05 1.05 1.07 1.09 1.06 1.05 1.07 1.09 1.08 1.08 
1.05 1.05 1.08 1.08 1.08 1.06 1.07 1.09 1.09 1.05 1.06 1.09 1.05 1.07 1.06 1.08 1.09 1.05 1.08 1.06 
1.08 1.06 1.06 1.05 1.07 1.05 1.05 1.08 1.08 1.09 1.09 1.08 1.07 1.09 1.09 1.06 1.07 1.05 1.07 1.06 
1.07 1.06 1.05 1.07 1.06 1.09 1.07 1.07 1.07 1.06 1.06 1.08 1.05 1.09 1.05 1.09 1.05 1.09 1.08 1.07 
1.09 1.08 1.09 1.09 1.07 1.09 1.09 1.06 1.09 1.07 1.07 1.07 1.06 1.09 1.06 1.08 1.07 1.06 1.06 1.08 
1.05 1.06 1.09 1.05 1.05 1.07 1.09 1.08 1.08 1.05 1.05 1.06 1.08 1.06 1.09 1.09 1.09 1.05 1.09 1.08 
1.09 1.05 1.08 1.08 1.06 1.05 1.06 1.05 1.08 1.08 1.08 1.05 1.05 1.07 1.08 1.05 1.07 1.05 1.05 1.07 
1.05 1.08 1.08 1.08 1.09 1.09 1.07 1.08 1.08 1.06 1.06 1.05 1.08 1.05 1.06 1.07 1.09 1.08 1.07 1.09 
1.09 1.05 1.06 1.07 1.09 1.09 1.05 1.05 1.09 1.05 1.06 1.09 1.08 1.07 1.06 1.05 1.08 1.07 1.05 1.07 
1.07 1.08 1.06 1.06 1.07 1.05 1.08 1.06 1.09 1.06 1.08 1.05 1.06 1.09 1.09 1.08 1.06 1.07 1.06 1.08 
1.09 1.05 1.05 1.06 1.05 1.07 1.09 1.08 1.08 1.09 1.06 1.09 1.09 1.05 1.07 1.06 1.08 1.06 1.07 1.06 
1.07 1.06 1.05 1.05 1.06 1.08 1.09 1.09 1.09 1.08 1.09 1.07 1.06 1.09 1.09 1.07 1.06 1.06 1.06 1.06 
1.07 1.08 1.08 1.09 1.07 1.08 1.06 1.05 1.07 1.07 1.05 1.05 1.07 1.05 1.06 1.06 1.05 1.06 1.05 1.08 
1.07 1.07 1.06 1.09 1.09 1.06 1.05 1.07 1.08 1.08 1.05 1.06 1.08 1.08 1.06 1.08 1.08 1.09 1.06 1.05 
1.05 1.05 1.07 1.07 1.09 1.07 1.09 1.06 1.05 1.05 1.09 1.06 1.06 1.08 1.08 1.07 1.08 1.07 1.07 1.05 
1.08 1.09 1.06 1.07 1.06 1.05 1.08 1.09 1.08 1.08 1.06 1.06 1.08 1.06 1.07 1.07 1.05 1.06 1.05 1.08 
1.07 1.09 1.07 1.07 1.05 1.08 1.07 1.09 1.05 1.08 1.08 1.07 1.06 1.09 1.05 1.05 1.06 1.06 1.09 1.05 
1.07 1.05 1.06 1.06 1.06 1.06 1.08 1.05 1.06 1.09 1.09 1.07 1.07 1.08 1.06 1.07 1.05 1.08 1.08 1.09 
1.08 1.06 1.08 1.05 1.07 1.05 1.08 1.08 1.06 1.07 1.07 1.06 1.09 1.07 1.06 1.05 1.07 1.07 1.09 1.08 
1.08 1.05 1.07 1.07 1.07 1.07 1.09 1.08 1.05 1.08 1.06 1.08 1.07 1.06 1.06 1.06 1.05 1.07 1.05 1.09 
1.05 1.09 1.09 1.07 1.09 1.05 1.08 1.06 1.06 1.08 1.09 1.06 1.05 1.08 1.06 1.07 1.09 1.08 1.09 1.05 
1.09 1.09 1.06 1.07 1.05 1.09 1.09 1.06 1.08 1.05 1.05 1.07 1.06 1.05 1.05 1.09 1.09 1.09 1.08 1.08 
1.07 1.09 1.05 1.07 1.07 1.07 1.07 1.09 1.06 1.07 1.08 1.09 1.06 1.09 1.08 1.05 1.07 1.07 1.05 1.08 
1.06 1.08 1.07 1.07 1.06 1.07 1.07 1.05 1.09 1.05 1.06 1.08 1.07 1.05 1.09 1.05 1.07 1.08 1.09 1.06 
1.09 1.09 1.08 1.05 1.05 1.05 1.08 1.07 1.08 1.06 1.08 1.06 1.05 1.08 1.06 1.06 1.08 1.07 1.07 1.09 
1.06 1.09 1.06 1.06 1.06 1.06 1.07 1.06 1.06 1.08 1.06 1.06 1.07 1.08 1.05 1.09 1.09 1.06 1.09 1.08 
1.07 1.07 1.06 1.09 1.08 1.06 1.06 1.09 1.06 1.06 1.05 1.07 1.06 1.05 1.09 1.05 1.09 1.06 1.07 1.05 
1.06 1.07 1.08 1.05 1.09 1.05 1.07 1.09 1.08 1.07 1.08 1.07 1.07 1.09 1.07 1.06 1.07 1.09 1.05 1.06 
1.08 1.05 1.07 1.07 1.06 1.05 1.07 1.06 1.05 1.07 1.05 1.09 1.05 1.06 1.07 1.07 1.05 1.08 1.07 1.05 
1.05 1.05 1.09 1.07 1.08 1.07 1.08 1.09 1.07 1.08 1.05 1.08 1.05 1.05 1.08 1.09 1.09 1.05 1.09 1.09 
1.07 1.08 1.06 1.06 1.09 1.07 1.09 1.07 1.05 1.09 1.05 1.07 1.07 1.09 1.08 1.05 1.08 1.08 1.09 1.06 
1.07 1.09 1.05 1.05 1.06 1.09 1.09 1.07 1.09 1.08 1.05 1.06 1.07 1.08 1.07 1.08 1.06 1.08 1.06 1.06 
1.05 1.05 1.07 1.05 1.06 1.09 1.06 1.05 1.07 1.09 1.05 1.08 1.07 1.08 1.08 1.07 1.05 1.07 1.09 1.05 
1.05 1.08 1.06 1.05 1.07 1.06 1.05 1.08 1.08 1.09 1.09 1.07 1.05 1.09 1.05 1.05 1.07 1.08 1.07 1.08 
1.07 1.08 1.09 1.05 1.09 1.09 1.09 1.06 1.06 1.07 1.09 1.07 1.05 1.09 1.06 1.09 1.09 1.07 1.05 1.08 
1.08 1.09 1.09 1.07 1.08 1.06 1.09 1.07 1.09 1.09 1.09 1.09 1.08 1.09 1.08 1.09 1.09 1.06 1.07 1.06 
1.06 1.07 1.05 1.06 1.09 1.06 1.08 1.05 1.06 1.09 1.07 1.09 1.08 1.09 1.05 1.07 1.06 1.09 1.05 1.06 
1.06 1.09 1.05 1.08 1.08 1.09 1.08 1.06 1.07 1.06 1.07 1.08 1.09 1.08 1.05 1.09 1.07 1.06 1.06 1.06 
1.08 1.05 1.07 1.06 1.07 1.05 1.09 1.08 1.08 1.07 1.09 1.08 1.05 1.08 1.09 1.07 1.05 1.09 1.08 1.09 
1.05 1.06 1.09 1.09 1.09 1.06 1.09 1.05 1.08 1.09 1.05 1.05 1.07 1.08 1.09 1.06 1.05 1.06 1.09 1.06 
1.05 1.09 1.05 1.07 1.06 1.06 1.06 1.05 1.08 1.06 1.07 1.05 1.09 1.09 1.06 1.09 1.05 1.09 1.09 1.08 
1.05 1.07 1.05 1.07 1.09 1.07 1.08 1.09 1.08 1.06 1.09 1.06 1.07 1.08 1.09 1.08 1.07 1.09 1.08 1.07 
1.07 1.06 1.05 1.05 1.07 1.05 1.08 1.05 1.09 1.05 1.08 1.06 1.06 1.07 1.05 1.06 1.08 1.05 1.06 1.08 
1.09 1.08 1.09 1.05 1.05 1.08 1.09 1.09 1.06 1.07 1.05 1.09 1.08 1.05 1.05 1.07 1.06 1.05 1.07 1.06 
1.07 1.09 1.07 1.06 1.06 1.06 1.07 1.07 1.08 1.08 1.05 1.06 1.08 1.07 1.09 1.08 1.06 1.05 1.09 1.07 
1.08 1.05 1.08 1.05 1.06 1.06 1.09 1.07 1.06 1.06 1.05 1.07 1.06 1.08 1.08 1.07 1.05 1.09 1.06 1.06 
1.07 1.06 1.08 1.08 1.06 1.07 1.08 1.05 1.08 1.06 1.07 1.05 1.05 1.05 1.07 1.06 1.05 1.05 1.09 1.09 
1.05 1.09 1.09 1.05 1.07 1.06 1.06 1.06 1.07 1.07 1.08 1.05 1.05 1.05 1.07 1.07 1.05 1.05 1.09 1.08 
1.05 1.05 1.06 1.07 1.05 1.07 1.08 1.05 1.06 1.08 1.05 1.06 1.05 1.08 1.07 1.09 1.07 1.09 1.07 1.07 
1.05 1.09 1.08 1.05 1.08 1.09 1.05 1.06 1.09 1.09 1.09 1.07 1.07 1.09 1.09 1.05 1.05 1.05 1.09 1.07 
1.07 1.05 1.09 1.05 1.07 1.05 1.05 1.07 1.06 1.08 1.05 1.06 1.06 1.06 1.09 1.09 1.07 1.09 1.06 1.07 
1.06 1.08 1.05 1.05 1.09 1.08 1.08 1.06 1.08 1.06 1.05 1.08 1.09 1.06 1.07 1.06 1.09 1.06 1.06 1.06 
1.08 1.07 1.05 1.07 1.05 1.09 1.08 1.05 1.05 1.08 1.08 1.06 1.08 1.05 1.05 1.05 1.06 1.05 1.07 1.08 
1.07 1.09 1.09 1.06 1.09 1.05 1.07 1.07 1.09 1.06 1.07 1.09 1.06 1.09 1.08 1.07 1.07 1.07 1.07 1.05 
1.09 1.09 1.07 1.05 1.08 1.08 1.08 1.06 1.06 1.07 1.08 1.07 1.05 1.08 1.07 1.09 1.09 1.06 1.07 1.07 
1.05 1.07 1.08 1.06 1.07 1.05 1.08 1.05 1.09 1.07 1.07 1.09 1.09 1.05 1.09 1.07 1.06 1.07 1.06 1.07 
1.06 1.06 1.07 1.06 1.06 1.09 1.06 1.09 1.09 1.08 1.06 1.09 1.08 1.07 1.08 1.06 1.09 1.07 1.09 1.06 
1.09 1.08 1.06 1.09 1.07 1.09 1.06 1.05 1.09 1.08 1.06 1.08 1.06 1.07 1.05 1.09 1.08 1.09 1.08 1.09 
1.06 1.05 1.07 1.08 1.09 1.07 1.05 1.08 1.09 1.08 1.08 1.05 1.05 1.06 1.05 1.08 1.05 1.08 1.09 1.09 
1.06 1.08 1.07 1.08 1.05 1.07 1.07 1.09 1.09 1.07 1.08 1.09 1.05 1.08 1.09 1.06 1.05 1.08 1.06 1.07 
1.05 1.07 1.09 1.08 1.09 1.05 1.05 1.07 1.06 1.09 1.06 1.08 1.07 1.06 1.06 1.06 1.07 1.08 1.09 1.09 
1.08 1.09 1.05 1.05 1.09 1.05 1.06 1.05 1.08 1.05 1.08 1.08 1.05 1.05 1.07 1.08 1.07 1.07 1.09 1.07 
1.05 1.08 1.07 1.08 1.05 1.07 1.08 1.07 1.09 1.05 1.08 1.09 1.09 1.07 1.06 1.05 1.05 1.05 1.07 1.05 
1.06 1.08 1.08 1.07 1.07 1.09 1.08 1.07 1.07 1.08 1.05 1.07 1.07 1.05 1.05 1.06 1.08 1.08 1.07 1.05 
1.07 1.06 1.08 1.05 1.07 1.05 1.06 1.05 1.09 1.07 1.05 1.05 1.06 1.09 1.07 1.09 1.07 1.08 1.05 1.05 
1.09 1.09 1.06 1.07 1.08 1.06 1.06 1.09 1.05 1.07 1.06 1.06 1.08 1.08 1.06 1.05 1.05 1.09 1.09 1.09 
1.05 1.06 1.05 1.08 1.07 1.08 1.09 1.05 1.07 1.06 1.09 1.09 1.06 1.08 1.05 1.07 1.09 1.05 1.08 1.09 
1.08 1.09 1.08 1.06 1.09 1.05 1.05 1.06 1.08 1.05 1.09 1.07 1.07 1.06 1.08 1.09 1.05 1.08 1.06 1.06 
1.05 1.06 1.09 1.09 1.06 1.06 1.06 1.09 1.05 1.07 1.09 1.05 1.09 1.06 1.08 1.05 1.06 1.06 1.05 1.09 
1.08 1.07 1.09 1.06 1.07 1.05 1.06 1.05 1.07 1.06 1.08 1.05 1.06 1.09 1.07 1.09 1.05 1.09 1.06 1.09 
1.07 1.06 1.08 1.05 1.09 1.07 1.08 1.09 1.07 1.06 1.09 1.08 1.09 1.09 1.06 1.07 1.07 1.06 1.09 1.06 
1.06 1.06 1.06 1.08 1.09 1.08 1.09 1.06 1.06 1.05 1.07 1.06 1.09 1.09 1.08 1.08 1.06 1.09 1.06 1.05 
1.06 1.07 1.06 1.06 1.07 1.05 1.06 1.05 1.06 1.09 1.05 1.08 1.05 1.09 1.08 1.08 1.05 1.05 1.09 1.06 
1.08 1.09 1.08 1.07 1.06 1.05 1.07 1.05 1.09 1.08 1.09 1.07 1.05 1.09 1.05 1.06 1.09 1.05 1.07 1.09 
1.08 1.08 1.06 1.06 1.07 1.05 1.06 1.06 1.08 1.05 1.05 1.06 1.06 1.09 1.06 1.05 1.05 1.05 1.07 1.05 
1.05 1.07 1.08 1.07 1.08 1.05 1.08 1.06 1.09 1.06 1.06 1.05 1.08 1.09 1.09 1.09 1.06 1.06 1.05 1.08 
1.09 1.09 1.07 1.07 1.05 1.05 1.05 1.06 1.05 1.08 1.09 1.06 1.05 1.06 1.05 1.06 1.05 1.07 1.09 1.05 
1.07 1.07 1.09 1.05 1.05 1.06 1.05 1.07 1.07 1.08 1.09 1.08 1.09 1.06 1.08 1.06 1.08 1.06 1.07 1.06 
1.08 1.09 1.06 1.08 1.05 1.07 1.09 1.06 1.06 1.07 1.06 1.06 1.09 1.09 1.08 1.06 1.09 1.05 1.09 1.08 
1.06 1.05 1.06 1.07 1.08 1.08 1.07 1.06 1.07 1.09 1.06 1.09 1.05 1.09 1.09 1.07 1.07 1.09 1.06 1.08 
1.08 1.05 1.09 1.07 1.05 1.05 1.09 1.05 1.06 1.08 1.07 1.09 1.06 1.08 1.05 1.07 1.06 1.07 1.09 1.07 
1.07 1.07 1.06 1.08 1.06 1.09 1.09 1.05 1.06 1.09 1.09 1.05 1.08 1.08 1.08 1.05 1.08 1.05 1.09 1.08 
1.08 1.09 1.06 1.08 1.09 1.07 1.09 1.05 1.09 1.05 1.07 1.08 1.06 1.08 1.06 1.06 1.06 1.05 1.08 1.05 
1.09 1.06 1.06 1.08 1.05 1.07 1.07 1.08 1.05 1.08 1.06 1.08 1.07 1.09 1.08 1.09 1.05 1.06 1.09 1.06 
1.05 1.05 1.07 1.08 1.07 1.09 1.08 1.06 1.07 1.09 1.05 1.08 1.09 1.07 1.05 1.05 1.09 1.09 1.05 1.06 
1.09 1.06 1.07 1.09 1.08 1.09 1.07 1.09 1.08 1.08 1.09 1.07 1.09 1.07 1.07 1.09 1.08 1.05 1.08 1.06 
1.08 1.08 1.06 1.07 1.08 1.07 1.09 1.08 1.06 1.09 1.09 1.05 1.05 1.08 1.07 1.05 1.09 1.07 1.07 1.09 
1.07 1.06 1.07 1.07 1.05 1.09 1.05 1.08 1.07 1.05 1.08 1.05 1.08 1.08 1.07 1.05 1.05 1.05 1.06 1.05 
1.07 1.06 1.05 1.07 1.05 1.07 1.05 1.05 1.07 1.08 1.07 1.06 1.08 1.08 1.09 1.05 1.07 1.06 1.09 1.08 
1.09 1.09 1.08 1.07 1.07 1.07 1.05 1.06 1.05 1.07 1.07 1.05 1.06 1.07 1.07 1.05 1.07 1.07 1.06 1.07 
1.08 1.07 1.07 1.06 1.05 1.06 1.07 1.05 1.07 1.09 1.08 1.07 1.07 1.06 1.08 1.06 1.08 1.05 1.06 1.07 
1.09 1.08 1.06 1.09 1.05 1.06 1.07 1.07 1.08 1.09 1.06 1.08 1.06 1.07 1.09 1.08 1.09 1.07 1.08 1.05 
1.09 1.08 1.07 1.07 1.08 1.05 1.08 1.09 1.05 1.09 1.09 1.08 1.05 1.08 1.08 1.06 1.08 1.05 1.08 1.05 
1.08 1.09 1.09 1.05 1.05 1.06 1.08 1.09 1.05 1.05 1.09 1.08 1.09 1.05 1.09 1.05 1.07 1.07 1.06 1.06 
1.07 1.07 1.08 1.07 1.09 1.06 1.05 1.07 1.09 1.07 1.05 1.08 1.09 1.06 1.05 1.06 1.05 1.05 1.05 1.06 
1.08 1.08 1.06 1.05 1.07 1.08 1.06 1.08 1.05 1.07 1.08 1.08 1.09 1.07 1.06 1.07 1.08 1.08 1.08 1.07 
1.08 1.06 1.07 1.06 1.07 1.06 1.05 1.08 1.07 1.05 1.09 1.07 1.06 1.08 1.08 1.07 1.08 1.09 1.09 1.05 
1.08 1.05 1.05 1.09 1.06 1.07 1.08 1.06 1.09 1.07 1.09 1.07 1.07 1.07 1.07 1.07 1.06 1.06 1.07 1.05 
1.06 1.06 1.08 1.07 1.09 1.08 1.07 1.07 1.05 1.09 1.05 1.06 1.08 1.09 1.06 1.05 1.07 1.08 1.05 1.05 
1.07 1.06 1.08 1.08 1.08 1.05 1.05 1.07 1.08 1.08 1.09 1.08 1.08 1.07 1.05 1.07 1.09 1.06 1.07 1.06 
1.09 1.06 1.08 1.05 1.05 1.06 1.06 1.09 1.09 1.06 1.09 1.09 1.08 1.05 1.06 1.06 1.08 1.08 1.06 1.09 
1.05 1.08 1.06 1.08 1.05 1.06 1.08 1.08 1.07 1.08 1.09 1.05 1.05 1.06 1.07 1.07 1.08 1.07 1.05 1.06 
1.09 1.05 1.05 1.08 1.09 1.06 1.08 1.08 1.08 1.08 1.06 1.06 1.08 1.09 1.06 1.09 1.06 1.05 1.06 1.09 
1.08 1.06 1.07 1.08 1.05 1.05 1.05 1.06 1.07 1.07 1.07 1.05 1.08 1.05 1.06 1.05 1.05 1.09 1.06 1.08 
1.05 1.05 1.07 1.08 1.05 1.07 1.05 1.06 1.08 1.05 1.06 1.09 1.06 1.08 1.07 1.08 1.09 1.05 1.05 1.08 
1.05 1.08 1.06 1.06 1.09 1.07 1.09 1.06 1.08 1.05 1.08 1.07 1.07 1.07 1.08 1.06 1.05 1.08 1.05 1.08 
1.08 1.05 1.05 1.09 1.08 1.07 1.06 1.05 1.07 1.05 1.06 1.06 1.09 1.06 1.06 1.08 1.09 1.09 1.06 1.08 
1.05 1.09 1.05 1.07 1.08 1.05 1.06 1.05 1.07 1.07 1.07 1.05 1.08 1.07 1.09 1.07 1.09 1.07 1.08 1.08 
1.06 1.09 1.05 1.06 1.06 1.07 1.08 1.07 1.05 1.06 1.06 1.07 1.06 1.09 1.09 1.07 1.06 1.09 1.05 1.09 
1.09 1.05 1.09 1.05 1.06 1.06 1.05 1.06 1.08 1.05 1.08 1.06 1.09 1.06 1.09 1.09 1.07 1.08 1.06 1.06 
1.09 1.08 1.07 1.06 1.09 1.05 1.07 1.05 1.05 1.06 1.06 1.07 1.07 1.06 1.09 1.05 1.09 1.05 1.06 1.09 
1.08 1.05 1.06 1.07 1.09 1.09 1.09 1.08 1.08 1.09 1.08 1.09 1.09 1.07 1.06 1.08 1.06 1.09 1.08 1.08 
1.09 1.09 1.09 1.09 1.09 1.05 1.09 1.06 1.07 1.09 1.07 1.07 1.09 1.06 1.07 1.07 1.06 1.05 1.07 1.09 
1.08 1.07 1.09 1.06 1.06 1.06 1.05 1.09 1.08 1.08 1.08 1.08 1.06 1.05 1.06 1.05 1.05 1.06 1.05 1.05 
1.08 1.07 1.06 1.08 1.08 1.07 1.05 1.05 1.06 1.06 1.07 1.09 1.09 1.09 1.05 1.09 1.07 1.06 1.06 1.05 
1.08 1.07 1.09 1.05 1.07 1.06 1.08 1.05 1.09 1.08 1.07 1.09 1.07 1.06 1.05 1.07 1.08 1.06 1.08 1.08 
1.09 1.08 1.05 1.07 1.06 1.06 1.06 1.06 1.08 1.09 1.07 1.06 1.07 1.08 1.08 1.09 1.05 1.06 1.08 1.09 
1.06 1.06 1.08 1.07 1.05 1.07 1.08 1.09 1.05 1.05 1.08 1.08 1.09 1.09 1.07 1.08 1.08 1.08 1.08 1.06 
1.08 1.05 1.09 1.07 1.08 1.05 1.08 1.06 1.08 1.07 1.05 1.07 1.08 1.08 1.08 1.06 1.07 1.08 1.05 1.05 
1.07 1.07 1.07 1.09 1.08 1.07 1.07 1.05 1.05 1.05 1.09 1.05 1.08 1.07 1.07 1.09 1.06 1.09 1.06 1.07 
1.09 1.07 1.08 1.09 1.06 1.09 1.09 1.06 1.08 1.09 1.07 1.08 1.07 1.05 1.08 1.06 1.08 1.06 1.08 1.09 
1.08 1.09 1.09 1.06 1.05 1.05 1.06 1.09 1.07 1.06 1.09 1.07 1.06 1.05 1.05 1.06 1.06 1.05 1.06 1.09 
1.07 1.06 1.08 1.05 1.07 1.05 1.08 1.07 1.06 1.07 1.07 1.08 1.07 1.07 1.08 1.06 1.06 1.07 1.09 1.05 
1.05 1.07 1.08 1.06 1.08 1.06 1.07 1.09 1.05 1.08 1.09 1.08 1.08 1.07 1.09 1.06 1.05 1.08 1.09 1.09 
1.09 1.05 1.09 1.06 1.07 1.07 1.07 1.07 1.05 1.07 1.09 1.05 1.08 1.09 1.06 1.08 1.08 1.08 1.09 1.07 
1.07 1.05 1.06 1.09 1.08 1.05 1.09 1.06 1.09 1.08 1.05 1.06 1.07 1.05 1.08 1.09 1.05 1.07 1.07 1.06 
1.09 1.06 1.06 1.05 1.09 1.07 1.08 1.09 1.07 1.09 1.08 1.09 1.09 1.07 1.08 1.08 1.05 1.08 1.08 1.06 
1.06 1.05 1.06 1.07 1.06 1.08 1.05 1.08 1.06 1.09 1.09 1.08 1.07 1.05 1.09 1.06 1.05 1.08 1.09 1.09 
1.08 1.07 1.08 1.06 1.05 1.06 1.05 1.09 1.09 1.05 1.06 1.06 1.05 1.07 1.06 1.05 1.07 1.08 1.05 1.05 
1.08 1.05 1.06 1.06 1.06 1.07 1.07 1.07 1.09 1.07 1.08 1.07 1.07 1.09 1.08 1.09 1.05 1.08 1.09 1.07 
1.06 1.05 1.05 1.07 1.06 1.09 1.08 1.06 1.06 1.08 1.08 1.05 1.08 1.07 1.09 1.06 1.09 1.05 1.06 1.05 
1.08 1.08 1.07 1.09 1.09 1.06 1.05 1.06 1.06 1.09 1.09 1.09 1.09 1.08 1.09 1.08 1.05 1.06 1.06 1.08 
1.09 1.07 1.06 1.07 1.05 1.08 1.08 1.08 1.08 1.08 1.07 1.08 1.05 1.07 1.07 1.05 1.06 1.05 1.09 1.06 
1.07 1.09 1.09 1.09 1.07 1.07 1.09 1.06 1.05 1.05 1.05 1.06 1.05 1.09 1.05 1.07 1.07 1.08 1.05 1.06 
1.06 1.05 1.05 1.09 1.07 1.09 1.07 1.09 1.05 1.07 1.05 1.06 1.07 1.05 1.07 1.06 1.06 1.09 1.06 1.07 
1.05 1.08 1.09 1.08 1.08 1.08 1.09 1.07 1.08 1.07 1.09 1.09 1.07 1.09 1.07 1.06 1.06 1.07 1.06 1.06 
1.05 1.07 1.06 1.09 1.06 1.06 1.06 1.06 1.09 1.07 1.05 1.08 1.08 1.09 1.05 1.06 1.09 1.08 1.05 1.05 
1.09 1.05 1.06 1.09 1.06 1.08 1.08 1.07 1.05 1.06 1.08 1.06 1.07 1.06 1.06 1.06 1.05 1.06 1.05 1.09 
1.05 1.09 1.05 1.09 1.06 1.08 1.05 1.09 1.08 1.05 1.08 1.07 1.07 1.06 1.09 1.06 1.08 1.08 1.05 1.06 
1.06 1.08 1.08 1.07 1.08 1.08 1.06 1.06 1.05 1.08 1.09 1.07 1.09 1.05 1.05 1.09 1.09 1.08 1.08 1.06 
1.06 1.07 1.08 1.06 1.09 1.09 1.05 1.06 1.08 1.09 1.07 1.05 1.09 1.06 1.05 1.05 1.09 1.08 1.05 1.06 
1.07 1.08 1.07 1.08 1.09 1.08 1.07 1.07 1.07 1.06 1.06 1.07 1.08 1.07 1.09 1.09 1.08 1.08 1.08 1.09 
1.07 1.09 1.05 1.09 1.06 1.08 1.08 1.07 1.05 1.09 1.09 1.06 1.07 1.07 1.08 1.09 1.07 1.05 1.05 1.06 
1.05 1.09 1.09 1.08 1.08 1.06 1.06 1.06 1.07 1.07 1.05 1.07 1.08 1.06 1.09 1.09 1.06 1.09 1.06 1.09 
1.05 1.06 1.05 1.08 1.09 1.05 1.05 1.09 1.09 1.05 1.07 1.06 1.09 1.09 1.08 1.06 1.08 1.06 1.05 1.07 
1.05 1.08 1.05 1.06 1.06 1.07 1.07 1.05 1.08 1.05 1.07 1.06 1.06 1.05 1.08 1.05 1.05 1.05 1.06 1.05 
1.06 1.06 1.06 1.06 1.06 1.06 1.09 1.05 1.05 1.05 1.07 1.07 1.08 1.06 1.09 1.09 1.09 1.05 1.05 1.06 
1.09 1.07 1.07 1.09 1.08 1.07 1.08 1.05 1.07 1.07 1.05 1.08 1.05 1.09 1.06 1.06 1.06 1.05 1.07 1.08 
1.08 1.07 1.05 1.09 1.08 1.07 1.09 1.09 1.07 1.05 1.07 1.08 1.07 1.08 1.05 1.08 1.05 1.07 1.07 1.07 
1.06 1.06 1.07 1.08 1.05 1.06 1.09 1.06 1.07 1.09 1.09 1.07 1.05 1.09 1.09 1.07 1.07 1.08 1.07 1.09 
1.09 1.07 1.06 1.08 1.06 1.06 1.09 1.07 1.09 1.09 1.07 1.05 1.05 1.07 1.05 1.06 1.06 1.05 1.08 1.08 
1.06 1.07 1.05 1.07 1.05 1.07 1.06 1.05 1.06 1.09 1.09 1.09 1.05 1.07 1.08 1.08 1.08 1.05 1.07 1.09 
1.07 1.06 1.08 1.06 1.06 1.07 1.07 1.07 1.06 1.06 1.06 1.08 1.07 1.06 1.07 1.08 1.05 1.07 1.09 1.08 
1.09 1.05 1.06 1.05 1.09 1.06 1.07 1.06 1.06 1.06 1.09 1.09 1.07 1.05 1.07 1.07 1.06 1.07 1.08 1.07 
1.06 1.09 1.08 1.08 1.07 1.07 1.05 1.05 1.05 1.05 1.08 1.05 1.06 1.06 1.08 1.09 1.06 1.09 1.09 1.05 
1.09 1.08 1.05 1.07 1.08 1.07 1.06 1.07 1.09 1.06 1.06 1.09 1.06 1.05 1.06 1.07 1.07 1.05 1.08 1.09 
1.07 1.05 1.08 1.07 1.06 1.08 1.09 1.09 1.06 1.09 1.08 1.05 1.06 1.06 1.05 1.05 1.06 1.08 1.06 1.08 
1.09 1.05 1.08 1.08 1.08 1.09 1.08 1.06 1.05 1.09 1.07 1.08 1.09 1.08 1.05 1.07 1.08 1.06 1.08 1.07 
1.07 1.09 1.09 1.09 1.06 1.08 1.05 1.09 1.06 1.07 1.09 1.05 1.06 1.09 1.05 1.07 1.06 1.09 1.06 1.07 
1.07 1.06 1.07 1.06 1.09 1.06 1.06 1.09 1.08 1.06 1.05 1.08 1.06 1.06 1.05 1.05 1.07 1.08 1.05 1.07 
1.08 1.08 1.06 1.08 1.08 1.09 1.06 1.06 1.06 1.05 1.09 1.07 1.09 1.09 1.05 1.07 1.07 1.08 1.06 1.07 
1.08 1.07 1.06 1.09 1.09 1.08 1.07 1.09 1.07 1.07 1.07 1.05 1.05 1.07 1.08 1.06 1.06 1.08 1.05 1.05 
1.05 1.09 1.05 1.09 1.05 1.06 1.05 1.08 1.05 1.08 1.09 1.05 1.05 1.05 1.05 1.07 1.08 1.09 1.07 1.07 
1.09 1.06 1.09 1.05 1.09 1.06 1.09 1.06 1.07 1.09 1.05 1.07 1.05 1.07 1.08 1.05 1.05 1.05 1.09 1.06 
1.06 1.08 1.09 1.08 1.08 1.06 1.07 1.05 1.06 1.09 1.08 1.09 1.05 1.09 1.06 1.06 1.07 1.06 1.08 1.08 
