20
300
80 26 83 81 59 46 45 68 100 26 20 67 36 80 69 24 36 65 76 54 75 43 28 15 87 2 68 64 9 79 89 84 23 10 1 23 97 83 75 22 74 80 52 16 16 97 62 3 74 87 6 67 81 5 55 54 5 20 85 93 30 62 20 77 74 29 65 78 65 9 10 80 10 55 60 43 31 99 56 92 65 9 7 16 56 71 23 85 34 11 35 31 10 91 84 45 26 68 81 83 70 90 43 87 33 8 74 23 18 72 64 16 87 46 83 69 53 98 85 41 69 47 98 63 13 89 38 19 13 9 23 1 16 8 21 62 42 89 24 52 8 43 50 43 2 14 14 17 91 25 48 93 18 64 22 64 4 30 54 36 17 34 73 18 68 25 11 97 53 51 11 87 25 28 30 12 13 61 80 9 82 39 71 22 97 62 94 71 5 69 92 71 98 25 45 46 52 91 64 94 55 47 75 40 58 91 8 72 1 67 32 84 67 14 33 16 75 45 36 39 35 10 67 45 58 60 59 86 23 65 53 59 19 60 88 14 89 8 7 10 24 12 91 39 13 1 67 34 55 77 6 53 39 37 44 82 15 85 37 30 94 59 39 8 57 37 26 70 97 7 4 23 88 40 13 61 16 36 25 13 94 90 1 49 27 54 12 81 61 46 37 93 47 65 31 62 30 64 4 91 
9 3 2 4 9 5 2 9 1 7 6 8 4 5 5 1 5 1 1 3 
1.08 1.07 1.08 1.05 1.06 1.06 1.05 1.05 1.05 1.06 1.08 1.08 1.06 1.05 1.07 1.08 1.09 1.06 1.05 1.08 
1.07 1.08 1.09 1.06 1.09 1.06 1.05 1.05 1.06 1.06 1.05 1.07 1.06 1.06 1.07 1.09 1.09 1.08 1.06 1.05 
1.07 1.05 1.07 1.05 1.07 1.09 1.09 1.09 1.08 1.08 1.06 1.06 1.07 1.07 1.06 1.09 1.05 1.08 1.08 1.05 
1.08 1.07 1.07 1.05 1.08 1.09 1.09 1.09 1.08 1.07 1.09 1.05 1.05 1.06 1.06 1.08 1.07 1.08 1.09 1.06 
1.07 1.05 1.09 1.05 1.06 1.08 1.06 1.05 1.06 1.07 1.07 1.09 1.05 1.09 1.09 1.09 1.08 1.05 1.08 1.08 
1.06 1.09 1.09 1.05 1.09 1.05 1.08 1.08 1.05 1.06 1.05 1.06 1.08 1.05 1.08 1.09 1.05 1.09 1.09 1.06 
1.06 1.05 1.07 1.07 1.06 1.08 1.06 1.06 1.08 1.06 1.08 1.06 1.05 1.06 1.08 1.08 1.05 1.07 1.05 1.07 
1.08 1.09 1.06 1.08 1.09 1.07 1.09 1.06 1.05 1.05 1.07 1.06 1.09 1.05 1.08 1.07 1.05 1.05 1.07 1.06 
1.05 1.06 1.06 1.07 1.08 1.06 1.07 1.08 1.08 1.08 1.08 1.08 1.08 1.06 1.06 1.05 1.05 1.08 1.07 1.08 
1.06 1.06 1.08 1.09 1.07 1.08 1.09 1.09 1.08 1.09 1.07 1.09 1.09 1.05 1.09 1.08 1.07 1.05 1.05 1.08 
1.08 1.09 1.08 1.05 1.05 1.09 1.09 1.07 1.08 1.06 1.05 1.08 1.07 1.08 1.08 1.07 1.08 1.05 1.06 1.08 
1.07 1.08 1.07 1.09 1.07 1.09 1.05 1.05 1.08 1.06 1.08 1.07 1.08 1.06 1.07 1.05 1.06 1.05 1.08 1.07 
1.05 1.08 1.08 1.09 1.06 1.05 1.09 1.08 1.08 1.06 1.06 1.05 1.05 1.07 1.08 1.07 1.08 1.08 1.07 1.09 
1.08 1.05 1.07 1.07 1.09 1.09 1.06 1.05 1.09 1.07 1.06 1.07 1.05 1.08 1.05 1.06 1.07 1.08 1.05 1.08 
1.08 1.05 1.05 1.08 1.05 1.05 1.07 1.06 1.05 1.06 1.05 1.05 1.08 1.09 1.08 1.07 1.05 1.05 1.08 1.08 
1.06 1.06 1.06 1.06 1.05 1.06 1.06 1.09 1.05 1.06 1.08 1.05 1.07 1.05 1.07 1.05 1.08 1.07 1.08 1.07 
1.07 1.05 1.06 1.05 1.06 1.08 1.08 1.07 1.09 1.09 1.08 1.08 1.05 1.07 1.07 1.08 1.09 1.08 1.05 1.05 
1.08 1.06 1.09 1.05 1.06 1.08 1.07 1.09 1.05 1.06 1.06 1.07 1.09 1.07 1.06 1.07 1.08 1.09 1.09 1.05 
1.05 1.05 1.06 1.09 1.09 1.06 1.07 1.08 1.06 1.07 1.05 1.09 1.06 1.09 1.05 1.06 1.06 1.06 1.09 1.07 
1.07 1.09 1.09 1.07 1.07 1.08 1.09 1.08 1.09 1.08 1.09 1.06 1.06 1.07 1.05 1.08 1.07 1.06 1.06 1.05 
1.09 1.06 1.07 1.09 1.09 1.09 1.09 1.05 1.07 1.08 1.05 1.07 1.05 1.06 1.08 1.09 1.05 1.05 1.08 1.06 
1.06 1.08 1.07 1.05 1.07 1.07 1.08 1.06 1.05 1.05 1.05 1.08 1.06 1.06 1.06 1.06 1.08 1.09 1.07 1.09 
1.05 1.05 1.07 1.09 1.07 1.06 1.09 1.06 1.07 1.05 1.09 1.09 1.07 1.07 1.05 1.05 1.06 1.06 1.05 1.06 
1.07 1.09 1.08 1.07 1.07 1.08 1.08 1.06 1.08 1.09 1.05 1.06 1.07 1.05 1.05 1.09 1.06 1.06 1.07 1.06 
1.05 1.08 1.05 1.06 1.09 1.08 1.06 1.06 1.08 1.07 1.07 1.09 1.09 1.08 1.08 1.06 1.09 1.08 1.08 1.09 
1.08 1.06 1.06 1.07 1.06 1.07 1.09 1.09 1.06 1.06 1.06 1.07 1.06 1.08 1.05 1.09 1.05 1.09 1.09 1.05 
1.07 1.09 1.09 1.08 1.06 1.08 1.08 1.06 1.07 1.09 1.07 1.09 1.07 1.09 1.08 1.08 1.07 1.06 1.06 1.05 
1.08 1.07 1.06 1.08 1.07 1.09 1.07 1.07 1.09 1.06 1.09 1.08 1.07 1.09 1.06 1.07 1.05 1.06 1.06 1.08 
1.09 1.06 1.07 1.08 1.07 1.05 1.05 1.08 1.06 1.08 1.08 1.05 1.08 1.06 1.09 1.05 1.09 1.07 1.09 1.06 
1.06 1.05 1.07 1.05 1.05 1.05 1.05 1.07 1.08 1.08 1.09 1.06 1.05 1.09 1.09 1.06 1.07 1.05 1.06 1.07 
1.05 1.08 1.07 1.08 1.07 1.05 1.09 1.08 1.07 1.05 1.07 1.08 1.08 1.06 1.09 1.06 1.07 1.07 1.06 1.07 
1.07 1.08 1.08 1.06 1.07 1.08 1.07 1.06 1.07 1.05 1.07 1.09 1.05 1.09 1.07 1.05 1.07 1.07 1.05 1.05 
1.05 1.05 1.09 1.05 1.06 1.07 1.06 1.07 1.07 1.07 1.06 1.09 1.05 1.09 1.08 1.05 1.09 1.07 1.07 1.09 
1.09 1.07 1.08 1.07 1.09 1.06 1.07 1.07 1.06 1.05 1.06 1.08 1.05 1.09 1.06 1.08 1.09 1.06 1.05 1.06 
1.05 1.05 1.09 1.07 1.05 1.06 1.06 1.07 1.08 1.05 1.09 1.09 1.07 1.08 1.09 1.06 1.06 1.05 1.05 1.05 
1.09 1.09 1.05 1.08 1.06 1.08 1.08 1.08 1.06 1.06 1.08 1.05 1.06 1.05 1.05 1.07 1.06 1.07 1.06 1.08 
1.05 1.09 1.06 1.05 1.09 1.09 1.07 1.05 1.06 1.06 1.08 1.05 1.09 1.05 1.09 1.06 1.08 1.06 1.05 1.06 
1.06 1.08 1.06 1.08 1.08 1.07 1.07 1.09 1.09 1.07 1.07 1.06 1.09 1.05 1.06 1.09 1.06 1.07 1.08 1.05 
1.09 1.05 1.08 1.07 1.09 1.09 1.06 1.09 1.06 1.09 1.06 1.05 1.06 1.07 1.06 1.08 1.07 1.09 1.08 1.09 
1.07 1.08 1.09 1.05 1.07 1.06 1.09 1.07 1.06 1.05 1.06 1.06 1.07 1.05 1.06 1.07 1.07 1.06 1.07 1.07 
1.08 1.09 1.05 1.08 1.09 1.07 1.05 1.09 1.09 1.06 1.09 1.06 1.09 1.07 1.08 1.09 1.06 1.08 1.08 1.09 
1.06 1.08 1.05 1.09 1.06 1.05 1.09 1.07 1.08 1.09 1.08 1.07 1.06 1.05 1.07 1.05 1.07 1.09 1.08 1.08 
1.06 1.08 1.07 1.06 1.05 1.09 1.05 1.07 1.07 1.06 1.05 1.06 1.09 1.05 1.08 1.07 1.05 1.08 1.08 1.09 
1.09 1.09 1.09 1.07 1.06 1.09 1.05 1.09 1.08 1.09 1.07 1.07 1.07 1.06 1.07 1.08 1.09 1.06 1.05 1.05 
1.06 1.05 1.09 1.06 1.07 1.06 1.06 1.07 1.07 1.09 1.06 1.07 1.09 1.05 1.05 1.07 1.09 1.07 1.08 1.05 
1.06 1.08 1.08 1.06 1.08 1.06 1.05 1.08 1.07 1.07 1.05 1.07 1.09 1.08 1.09 1.07 1.06 1.09 1.06 1.08 
1.06 1.06 1.07 1.09 1.06 1.05 1.06 1.07 1.06 1.06 1.08 1.06 1.07 1.06 1.07 1.05 1.06 1.07 1.07 1.05 
1.09 1.06 1.09 1.07 1.09 1.05 1.08 1.08 1.09 1.06 1.08 1.08 1.05 1.09 1.07 1.07 1.07 1.09 1.08 1.08 
1.08 1.08 1.08 1.08 1.06 1.08 1.09 1.05 1.07 1.05 1.09 1.08 1.06 1.06 1.08 1.09 1.07 1.07 1.08 1.09 
1.06 1.09 1.07 1.08 1.05 1.06 1.09 1.05 1.08 1.08 1.09 1.08 1.07 1.07 1.09 1.06 1.08 1.07 1.08 1.08 
1.08 1.07 1.07 1.05 1.08 1.08 1.07 1.09 1.07 1.07 1.05 1.08 1.07 1.05 1.07 1.08 1.06 1.07 1.08 1.09 
1.09 1.08 1.09 1.05 1.09 1.08 1.08 1.09 1.08 1.06 1.05 1.09 1.08 1.07 1.09 1.06 1.08 1.07 1.09 1.09 
1.05 1.09 1.09 1.08 1.05 1.06 1.09 1.05 1.07 1.06 1.08 1.07 1.06 1.08 1.06 1.05 1.08 1.05 1.09 1.09 
1.05 1.09 1.05 1.08 1.07 1.07 1.05 1.07 1.06 1.07 1.05 1.08 1.08 1.07 1.05 1.08 1.07 1.08 1.05 1.05 
1.08 1.07 1.08 1.05 1.06 1.09 1.05 1.08 1.08 1.09 1.08 1.06 1.06 1.07 1.06 1.09 1.06 1.08 1.07 1.06 
1.06 1.09 1.09 1.07 1.07 1.05 1.09 1.09 1.07 1.08 1.09 1.07 1.05 1.09 1.06 1.09 1.08 1.06 1.08 1.08 
1.07 1.05 1.06 1.08 1.07 1.05 1.07 1.08 1.08 1.09 1.06 1.08 1.08 1.05 1.08 1.06 1.08 1.06 1.07 1.06 
1.09 1.08 1.07 1.06 1.08 1.05 1.08 1.08 1.07 1.08 1.05 1.07 1.07 1.07 1.05 1.09 1.05 1.07 1.08 1.05 
1.06 1.06 1.09 1.07 1.06 1.05 1.06 1.07 1.08 1.06 1.09 1.09 1.06 1.07 1.07 1.08 1.06 1.09 1.06 1.07 
1.05 1.08 1.09 1.06 1.08 1.05 1.06 1.07 1.08 1.05 1.07 1.06 1.06 1.05 1.07 1.05 1.05 1.05 1.09 1.05 
1.09 1.05 1.07 1.08 1.09 1.08 1.08 1.05 1.09 1.07 1.09 1.05 1.08 1.05 1.09 1.06 1.06 1.06 1.05 1.09 
1.08 1.05 1.09 1.08 1.06 1.08 1.09 1.05 1.07 1.08 1.07 1.07 1.05 1.08 1.05 1.07 1.07 1.08 1.08 1.07 
1.09 1.09 1.09 1.06 1.08 1.07 1.06 1.06 1.06 1.07 1.09 1.05 1.06 1.05 1.06 1.05 1.05 1.09 1.06 1.07 
1.07 1.09 1.05 1.09 1.06 1.06 1.06 1.05 1.05 1.05 1.09 1.06 1.06 1.09 1.08 1.05 1.08 1.07 1.09 1.06 
1.05 1.06 1.08 1.05 1.09 1.08 1.06 1.09 1.08 1.07 1.09 1.07 1.07 1.09 1.07 1.07 1.05 1.05 1.09 1.06 
1.07 1.09 1.08 1.08 1.06 1.08 1.07 1.09 1.08 1.06 1.07 1.08 1.06 1.08 1.05 1.06 1.08 1.09 1.08 1.09 
1.09 1.08 1.08 1.07 1.08 1.07 1.05 1.05 1.08 1.05 1.06 1.06 1.09 1.06 1.09 1.08 1.07 1.07 1.09 1.08 
1.06 1.09 1.05 1.09 1.09 1.07 1.06 1.09 1.06 1.06 1.08 1.09 1.09 1.06 1.08 1.05 1.07 1.08 1.09 1.07 
1.06 1.07 1.07 1.07 1.08 1.06 1.06 1.05 1.07 1.07 1.05 1.07 1.07 1.08 1.05 1.07 1.06 1.05 1.07 1.07 
1.09 1.08 1.09 1.06 1.06 1.06 1.05 1.07 1.06 1.09 1.05 1.09 1.05 1.05 1.06 1.05 1.09 1.08 1.06 1.06 
1.08 1.05 1.09 1.09 1.06 1.05 1.08 1.05 1.09 1.08 1.07 1.07 1.07 1.08 1.08 1.08 1.07 1.06 1.06 1.06 
1.06 1.07 1.07 1.09 1.05 1.08 1.07 1.07 1.05 1.06 1.06 1.05 1.09 1.09 1.05 1.09 1.05 1.06 1.09 1.05 
1.08 1.08 1.06 1.08 1.07 1.09 1.05 1.07 1.08 1.08 1.08 1.09 1.07 1.08 1.09 1.07 1.08 1.07 1.05 1.07 
1.09 1.08 1.08 1.08 1.07 1.07 1.05 1.05 1.06 1.08 1.07 1.08 1.08 1.05 1.08 1.06 1.07 1.07 1.09 1.07 
1.08 1.09 1.08 1.08 1.08 1.05 1.07 1.09 1.08 1.08 1.08 1.05 1.06 1.08 1.05 1.06 1.08 1.07 1.06 1.08 
1.06 1.08 1.08 1.06 1.06 1.06 1.06 1.08 1.08 1.05 1.06 1.09 1.09 1.09 1.05 1.08 1.08 1.06 1.06 1.08 
1.06 1.09 1.05 1.05 1.07 1.09 1.08 1.07 1.06 1.08 1.06 1.09 1.05 1.07 1.09 1.05 1.06 1.07 1.08 1.05 
1.06 1.08 1.06 1.07 1.08 1.07 1.09 1.06 1.06 1.07 1.09 1.05 1.09 1.06 1.08 1.07 1.09 1.09 1.07 1.05 
1.07 1.07 1.07 1.07 1.06 1.08 1.06 1.08 1.07 1.08 1.05 1.05 1.07 1.09 1.06 1.07 1.06 1.08 1.09 1.09 
1.09 1.07 1.06 1.05 1.08 1.09 1.05 1.05 1.07 1.08 1.09 1.09 1.07 1.05 1.08 1.07 1.09 1.09 1.09 1.05 
1.05 1.07 1.07 1.05 1.07 1.09 1.06 1.09 1.09 1.05 1.05 1.07 1.07 1.06 1.07 1.07 1.06 1.05 1.08 1.06 
1.07 1.09 1.08 1.09 1.09 1.06 1.05 1.06 1.09 1.05 1.06 1.08 1.07 1.07 1.06 1.07 1.08 1.05 1.07 1.06 
1.09 1.06 1.05 1.05 1.07 1.09 1.08 1.07 1.08 1.09 1.05 1.07 1.08 1.08 1.09 1.08 1.06 1.09 1.05 1.08 
1.08 1.05 1.08 1.09 1.09 1.05 1.05 1.05 1.06 1.08 1.05 1.06 1.05 1.06 1.06 1.07 1.08 1.09 1.07 1.07 
1.07 1.06 1.05 1.07 1.06 1.06 1.08 1.06 1.09 1.05 1.05 1.06 1.07 1.08 1.09 1.05 1.09 1.06 1.07 1.09 
1.05 1.09 1.07 1.07 1.08 1.09 1.09 1.05 1.05 1.09 1.08 1.08 1.06 1.07 1.07 1.05 1.07 1.09 1.05 1.06 
1.05 1.07 1.08 1.05 1.08 1.07 1.05 1.07 1.08 1.05 1.08 1.06 1.09 1.06 1.05 1.06 1.08 1.07 1.09 1.07 
1.05 1.07 1.08 1.07 1.06 1.08 1.09 1.07 1.09 1.07 1.09 1.06 1.05 1.05 1.06 1.09 1.07 1.06 1.05 1.08 
1.05 1.07 1.05 1.09 1.07 1.08 1.06 1.07 1.07 1.06 1.09 1.08 1.05 1.05 1.08 1.07 1.07 1.09 1.06 1.05 
1.06 1.08 1.06 1.06 1.09 1.09 1.07 1.05 1.09 1.07 1.07 1.07 1.05 1.05 1.09 1.05 1.05 1.05 1.05 1.06 
1.09 1.05 1.06 1.09 1.06 1.08 1.06 1.07 1.08 1.07 1.06 1.07 1.08 1.08 1.08 1.09 1.06 1.05 1.07 1.07 
1.08 1.08 1.09 1.07 1.05 1.06 1.05 1.09 1.08 1.05 1.08 1.09 1.07 1.07 1.08 1.07 1.07 1.08 1.07 1.07 
1.06 1.06 1.05 1.08 1.05 1.08 1.06 1.08 1.05 1.06 1.07 1.07 1.09 1.07 1.07 1.05 1.07 1.09 1.06 1.09 
1.05 1.09 1.07 1.08 1.08 1.08 1.06 1.06 1.09 1.05 1.05 1.05 1.07 1.08 1.07 1.09 1.05 1.09 1.06 1.07 
1.09 1.09 1.07 1.09 1.07 1.08 1.09 1.08 1.05 1.09 1.08 1.06 1.08 1.08 1.07 1.07 1.09 1.07 1.06 1.05 
1.09 1.06 1.09 1.07 1.09 1.06 1.07 1.06 1.07 1.05 1.06 1.09 1.06 1.07 1.09 1.05 1.08 1.07 1.08 1.07 
1.07 1.06 1.06 1.06 1.07 1.09 1.08 1.05 1.08 1.09 1.07 1.05 1.05 1.07 1.08 1.05 1.06 1.08 1.06 1.08 
1.05 1.08 1.08 1.05 1.08 1.08 1.07 1.09 1.07 1.06 1.07 1.05 1.05 1.05 1.08 1.07 1.09 1.05 1.09 1.06 
1.05 1.05 1.07 1.09 1.09 1.05 1.09 1.06 1.06 1.06 1.07 1.09 1.06 1.08 1.05 1.06 1.08 1.09 1.09 1.05 
1.05 1.09 1.08 1.06 1.09 1.06 1.08 1.06 1.08 1.06 1.08 1.06 1.05 1.06 1.09 1.06 1.06 1.08 1.07 1.05 
1.07 1.09 1.07 1.07 1.09 1.06 1.09 1.09 1.05 1.07 1.05 1.06 1.06 1.09 1.06 1.06 1.09 1.05 1.06 1.06 
1.06 1.07 1.07 1.07 1.09 1.05 1.05 1.05 1.09 1.07 1.06 1.06 1.09 1.05 1.09 1.06 1.08 1.08 1.07 1.09 
1.08 1.07 1.08 1.09 1.07 1.06 1.07 1.07 1.05 1.05 1.05 1.07 1.08 1.05 1.07 1.09 1.07 1.06 1.09 1.05 
1.07 1.09 1.09 1.07 1.09 1.05 1.06 1.08 1.09 1.08 1.05 1.05 1.08 1.05 1.08 1.09 1.06 1.07 1.08 1.05 
1.07 1.06 1.05 1.07 1.05 1.07 1.09 1.07 1.05 1.09 1.07 1.06 1.08 1.09 1.07 1.06 1.05 1.06 1.07 1.07 
1.08 1.05 1.09 1.06 1.05 1.06 1.08 1.09 1.09 1.08 1.08 1.07 1.05 1.07 1.07 1.05 1.09 1.05 1.09 1.08 
1.09 1.06 1.05 1.08 1.06 1.09 1.08 1.06 1.06 1.07 1.06 1.06 1.06 1.08 1.07 1.06 1.07 1.06 1.05 1.08 
1.08 1.07 1.07 1.07 1.09 1.05 1.05 1.05 1.06 1.08 1.05 1.05 1.07 1.08 1.07 1.08 1.08 1.05 1.06 1.09 
1.06 1.05 1.06 1.05 1.07 1.07 1.08 1.05 1.05 1.06 1.08 1.06 1.05 1.05 1.09 1.05 1.07 1.05 1.09 1.09 
1.05 1.06 1.08 1.08 1.05 1.07 1.06 1.09 1.08 1.05 1.06 1.09 1.07 1.05 1.06 1.06 1.06 1.07 1.05 1.06 
1.07 1.06 1.07 1.07 1.08 1.08 1.09 1.06 1.07 1.08 1.06 1.09 1.05 1.07 1.05 1.06 1.09 1.08 1.09 1.08 
1.09 1.09 1.09 1.09 1.08 1.09 1.08 1.06 1.08 1.07 1.05 1.07 1.09 1.08 1.06 1.06 1.05 1.05 1.09 1.05 
1.05 1.09 1.08 1.06 1.08 1.08 1.09 1.05 1.09 1.09 1.09 1.08 1.07 1.06 1.07 1.06 1.06 1.07 1.07 1.09 
1.07 1.06 1.07 1.08 1.09 1.07 1.07 1.08 1.06 1.05 1.05 1.06 1.08 1.06 1.07 1.06 1.07 1.07 1.05 1.05 
1.06 1.08 1.09 1.09 1.05 1.05 1.07 1.09 1.05 1.09 1.06 1.05 1.06 1.08 1.05 1.08 1.06 1.08 1.05 1.07 
1.07 1.05 1.09 1.07 1.07 1.07 1.09 1.05 1.05 1.07 1.07 1.05 1.08 1.06 1.08 1.05 1.08 1.07 1.06 1.08 
1.08 1.05 1.09 1.06 1.09 1.09 1.09 1.09 1.09 1.09 1.06 1.09 1.06 1.07 1.05 1.07 1.05 1.05 1.08 1.07 
1.05 1.06 1.08 1.09 1.06 1.07 1.09 1.06 1.05 1.08 1.08 1.07 1.09 1.06 1.07 1.09 1.09 1.05 1.05 1.05 
1.08 1.06 1.05 1.06 1.06 1.09 1.05 1.09 1.06 1.06 1.06 1.06 1.05 1.09 1.06 1.09 1.08 1.07 1.09 1.07 
1.08 1.09 1.09 1.08 1.06 1.07 1.06 1.08 1.05 1.06 1.07 1.05 1.05 1.07 1.05 1.07 1.08 1.05 1.06 1.05 
1.09 1.09 1.08 1.07 1.08 1.08 1.09 1.06 1.07 1.06 1.05 1.07 1.08 1.07 1.09 1.08 1.09 1.09 1.05 1.08 
1.06 1.08 1.05 1.08 1.05 1.09 1.09 1.09 1.05 1.05 1.06 1.08 1.05 1.06 1.09 1.07 1.05 1.05 1.06 1.09 
1.06 1.07 1.08 1.07 1.09 1.05 1.08 1.08 1.09 1.08 1.05 1.08 1.07 1.08 1.06 1.06 1.08 1.06 1.08 1.07 
1.05 1.07 1.06 1.06 1.08 1.06 1.07 1.08 1.05 1.09 1.08 1.07 1.07 1.05 1.09 1.06 1.06 1.07 1.08 1.08 
1.07 1.08 1.09 1.05 1.08 1.09 1.09 1.07 1.05 1.06 1.06 1.06 1.07 1.05 1.08 1.06 1.06 1.09 1.09 1.07 
1.06 1.09 1.06 1.07 1.05 1.06 1.09 1.05 1.07 1.08 1.07 1.07 1.06 1.07 1.08 1.09 1.07 1.08 1.07 1.08 
1.07 1.06 1.09 1.07 1.07 1.05 1.06 1.09 1.06 1.07 1.05 1.06 1.09 1.09 1.06 1.09 1.07 1.09 1.06 1.05 
1.09 1.08 1.07 1.06 1.05 1.06 1.07 1.06 1.09 1.09 1.09 1.05 1.08 1.09 1.09 1.07 1.08 1.09 1.06 1.08 
1.08 1.09 1.06 1.09 1.05 1.08 1.05 1.05 1.05 1.07 1.09 1.06 1.08 1.07 1.07 1.09 1.06 1.06 1.07 1.05 
1.07 1.08 1.07 1.06 1.07 1.08 1.05 1.05 1.06 1.06 1.09 1.07 1.08 1.07 1.06 1.08 1.07 1.05 1.06 1.09 
1.08 1.07 1.09 1.06 1.05 1.06 1.05 1.08 1.07 1.09 1.06 1.07 1.06 1.09 1.08 1.08 1.06 1.09 1.06 1.06 
1.05 1.09 1.09 1.07 1.07 1.06 1.06 1.06 1.07 1.05 1.08 1.06 1.09 1.07 1.06 1.06 1.09 1.06 1.08 1.06 
1.05 1.05 1.05 1.09 1.09 1.08 1.09 1.08 1.07 1.05 1.08 1.07 1.05 1.06 1.08 1.08 1.07 1.08 1.07 1.06 
1.09 1.06 1.05 1.05 1.09 1.09 1.06 1.08 1.08 1.08 1.06 1.06 1.05 1.09 1.08 1.09 1.08 1.09 1.05 1.07 
1.09 1.07 1.08 1.09 1.07 1.06 1.05 1.07 1.07 1.08 1.09 1.09 1.05 1.08 1.08 1.06 1.06 1.08 1.08 1.08 
1.05 1.08 1.09 1.07 1.06 1.08 1.07 1.07 1.06 1.08 1.06 1.06 1.05 1.06 1.09 1.07 1.06 1.05 1.08 1.09 
1.07 1.05 1.06 1.05 1.08 1.09 1.07 1.06 1.09 1.08 1.07 1.09 1.06 1.09 1.07 1.06 1.08 1.08 1.06 1.08 
1.07 1.06 1.08 1.07 1.08 1.08 1.06 1.08 1.07 1.07 1.08 1.07 1.08 1.09 1.08 1.09 1.08 1.06 1.08 1.07 
1.05 1.07 1.05 1.06 1.06 1.08 1.09 1.06 1.06 1.09 1.08 1.06 1.09 1.06 1.05 1.07 1.07 1.08 1.07 1.05 
1.08 1.06 1.08 1.05 1.07 1.07 1.08 1.05 1.06 1.08 1.08 1.08 1.05 1.06 1.05 1.07 1.08 1.09 1.08 1.07 
1.09 1.06 1.05 1.08 1.08 1.05 1.09 1.06 1.08 1.09 1.06 1.06 1.06 1.07 1.05 1.08 1.08 1.09 1.07 1.08 
1.05 1.06 1.08 1.05 1.08 1.08 1.09 1.05 1.09 1.06 1.08 1.06 1.09 1.08 1.07 1.09 1.09 1.05 1.08 1.08 
1.09 1.06 1.05 1.05 1.07 1.08 1.07 1.07 1.09 1.08 1.09 1.05 1.05 1.09 1.06 1.07 1.08 1.08 1.08 1.06 
1.09 1.09 1.08 1.09 1.08 1.06 1.05 1.07 1.05 1.08 1.07 1.05 1.08 1.07 1.09 1.09 1.07 1.09 1.09 1.09 
1.06 1.05 1.05 1.08 1.07 1.08 1.07 1.05 1.05 1.09 1.06 1.07 1.06 1.09 1.09 1.09 1.06 1.09 1.06 1.05 
1.06 1.09 1.08 1.09 1.06 1.07 1.09 1.09 1.07 1.08 1.07 1.06 1.07 1.05 1.09 1.05 1.09 1.07 1.07 1.07 
1.06 1.07 1.08 1.05 1.09 1.08 1.09 1.07 1.05 1.08 1.05 1.07 1.09 1.09 1.07 1.08 1.07 1.09 1.09 1.09 
1.05 1.08 1.05 1.07 1.06 1.06 1.07 1.07 1.05 1.06 1.05 1.08 1.09 1.05 1.07 1.07 1.07 1.09 1.08 1.06 
1.09 1.08 1.06 1.05 1.05 1.07 1.06 1.05 1.07 1.08 1.08 1.08 1.08 1.07 1.09 1.07 1.08 1.07 1.08 1.08 
1.07 1.09 1.07 1.05 1.09 1.08 1.06 1.07 1.05 1.08 1.08 1.05 1.06 1.09 1.07 1.08 1.09 1.07 1.07 1.09 
1.05 1.07 1.07 1.07 1.08 1.08 1.08 1.08 1.06 1.05 1.06 1.08 1.09 1.08 1.08 1.07 1.09 1.06 1.06 1.09 
1.06 1.08 1.07 1.07 1.09 1.05 1.09 1.06 1.07 1.07 1.08 1.07 1.06 1.07 1.09 1.06 1.09 1.07 1.06 1.08 
1.07 1.07 1.09 1.09 1.07 1.08 1.08 1.05 1.09 1.09 1.07 1.05 1.05 1.07 1.08 1.06 1.07 1.06 1.05 1.06 
1.06 1.09 1.06 1.09 1.08 1.07 1.07 1.06 1.06 1.07 1.07 1.05 1.06 1.07 1.07 1.07 1.08 1.07 1.08 1.05 
1.07 1.06 1.06 1.09 1.08 1.09 1.06 1.08 1.09 1.06 1.08 1.09 1.09 1.05 1.09 1.09 1.06 1.07 1.05 1.09 
1.09 1.09 1.06 1.05 1.09 1.05 1.08 1.08 1.05 1.07 1.07 1.07 1.06 1.06 1.05 1.08 1.07 1.08 1.09 1.06 
1.05 1.07 1.05 1.09 1.05 1.09 1.08 1.05 1.08 1.08 1.06 1.09 1.08 1.09 1.09 1.08 1.08 1.06 1.08 1.05 
1.07 1.05 1.08 1.05 1.09 1.08 1.08 1.07 1.08 1.05 1.05 1.09 1.06 1.05 1.05 1.05 1.07 1.07 1.06 1.05 
1.05 1.06 1.07 1.09 1.08 1.07 1.08 1.05 1.06 1.05 1.08 1.06 1.05 1.05 1.08 1.09 1.09 1.06 1.07 1.08 
1.06 1.06 1.08 1.09 1.09 1.08 1.05 1.09 1.08 1.09 1.06 1.08 1.05 1.05 1.08 1.09 1.09 1.09 1.05 1.09 
1.08 1.07 1.08 1.07 1.05 1.06 1.05 1.05 1.08 1.06 1.09 1.09 1.05 1.07 1.06 1.08 1.05 1.05 1.05 1.06 
1.07 1.07 1.06 1.08 1.05 1.08 1.07 1.08 1.08 1.09 1.08 1.08 1.06 1.09 1.05 1.08 1.09 1.08 1.07 1.09 
1.05 1.06 1.08 1.07 1.05 1.08 1.06 1.05 1.06 1.05 1.05 1.08 1.05 1.07 1.07 1.09 1.05 1.06 1.08 1.09 
1.06 1.09 1.09 1.05 1.07 1.09 1.07 1.05 1.09 1.08 1.05 1.07 1.07 1.07 1.07 1.08 1.05 1.07 1.05 1.06 
1.07 1.07 1.05 1.06 1.07 1.05 1.05 1.05 1.05 1.09 1.05 1.09 1.08 1.09 1.07 1.07 1.07 1.09 1.07 1.05 
1.09 1.06 1.06 1.07 1.09 1.09 1.05 1.09 1.06 1.07 1.09 1.07 1.09 1.08 1.07 1.06 1.09 1.05 1.07 1.09 
1.09 1.08 1.05 1.09 1.05 1.09 1.08 1.09 1.08 1.09 1.09 1.06 1.09 1.08 1.08 1.05 1.05 1.08 1.06 1.06 
1.09 1.05 1.07 1.06 1.05 1.06 1.06 1.07 1.09 1.09 1.08 1.05 1.08 1.07 1.06 1.07 1.07 1.07 1.07 1.06 
1.08 1.08 1.08 1.05 1.09 1.06 1.07 1.05 1.08 1.06 1.05 1.07 1.08 1.09 1.06 1.06 1.08 1.05 1.08 1.05 
1.09 1.07 1.06 1.07 1.09 1.07 1.07 1.08 1.07 1.05 1.08 1.09 1.06 1.09 1.08 1.05 1.05 1.05 1.05 1.09 
1.05 1.06 1.07 1.08 1.07 1.05 1.08 1.06 1.08 1.09 1.06 1.05 1.05 1.05 1.05 1.07 1.05 1.05 1.08 1.08 
1.08 1.08 1.07 1.09 1.05 1.07 1.09 1.08 1.06 1.07 1.09 1.08 1.09 1.09 1.07 1.06 1.05 1.05 1.06 1.05 
1.09 1.06 1.09 1.06 1.05 1.08 1.08 1.09 1.07 1.08 1.06 1.07 1.07 1.06 1.08 1.09 1.07 1.05 1.08 1.07 
1.06 1.05 1.09 1.09 1.09 1.05 1.06 1.07 1.08 1.07 1.09 1.09 1.06 1.06 1.08 1.08 1.05 1.05 1.06 1.08 
1.07 1.05 1.08 1.07 1.06 1.06 1.07 1.06 1.05 1.09 1.08 1.09 1.08 1.06 1.08 1.05 1.06 1.05 1.06 1.09 
1.07 1.07 1.09 1.05 1.09 1.06 1.06 1.07 1.09 1.05 1.07 1.06 1.07 1.05 1.05 1.09 1.07 1.09 1.09 1.06 
1.05 1.05 1.07 1.08 1.08 1.09 1.09 1.09 1.05 1.05 1.08 1.07 1.06 1.09 1.06 1.09 1.09 1.06 1.08 1.07 
1.05 1.09 1.09 1.07 1.08 1.08 1.08 1.08 1.05 1.07 1.08 1.08 1.06 1.07 1.06 1.05 1.08 1.05 1.06 1.08 
1.09 1.08 1.08 1.08 1.09 1.06 1.09 1.07 1.08 1.09 1.05 1.05 1.08 1.05 1.06 1.06 1.08 1.08 1.07 1.06 
1.06 1.06 1.07 1.09 1.09 1.08 1.06 1.07 1.08 1.05 1.09 1.07 1.08 1.05 1.07 1.05 1.09 1.07 1.05 1.05 
1.06 1.06 1.07 1.08 1.09 1.07 1.05 1.05 1.06 1.08 1.06 1.05 1.06 1.07 1.08 1.06 1.08 1.06 1.08 1.08 
1.07 1.07 1.07 1.07 1.08 1.08 1.09 1.08 1.05 1.07 1.06 1.06 1.05 1.06 1.07 1.08 1.08 1.07 1.07 1.07 
1.06 1.05 1.07 1.07 1.08 1.06 1.05 1.08 1.07 1.07 1.08 1.06 1.06 1.09 1.06 1.05 1.09 1.08 1.07 1.05 
1.07 1.06 1.08 1.09 1.08 1.09 1.07 1.07 1.09 1.08 1.09 1.07 1.06 1.08 1.05 1.05 1.05 1.09 1.07 1.07 
1.08 1.05 1.07 1.09 1.08 1.09 1.06 1.09 1.07 1.08 1.05 1.05 1.09 1.06 1.07 1.05 1.08 1.07 1.08 1.06 
1.09 1.06 1.09 1.07 1.06 1.06 1.06 1.06 1.07 1.08 1.08 1.05 1.05 1.07 1.05 1.06 1.08 1.06 1.06 1.05 
1.08 1.05 1.06 1.07 1.08 1.09 1.06 1.09 1.05 1.08 1.08 1.08 1.05 1.09 1.07 1.07 1.08 1.08 1.07 1.09 
1.05 1.08 1.08 1.05 1.07 1.07 1.07 1.05 1.08 1.09 1.08 1.08 1.08 1.09 1.08 1.07 1.06 1.09 1.09 1.06 
1.07 1.07 1.05 1.05 1.08 1.05 1.06 1.08 1.05 1.09 1.07 1.07 1.08 1.09 1.09 1.06 1.06 1.05 1.05 1.08 
1.09 1.06 1.07 1.08 1.09 1.06 1.09 1.07 1.08 1.05 1.06 1.06 1.07 1.06 1.05 1.08 1.09 1.09 1.08 1.05 
1.07 1.06 1.09 1.07 1.05 1.06 1.06 1.06 1.09 1.09 1.05 1.08 1.05 1.09 1.06 1.06 1.05 1.05 1.05 1.05 
1.08 1.09 1.08 1.07 1.09 1.07 1.09 1.07 1.09 1.09 1.09 1.08 1.06 1.05 1.09 1.06 1.07 1.07 1.09 1.07 
1.08 1.09 1.05 1.08 1.05 1.05 1.06 1.08 1.07 1.08 1.05 1.06 1.07 1.07 1.05 1.05 1.08 1.06 1.06 1.05 
1.09 1.09 1.06 1.08 1.07 1.08 1.09 1.09 1.08 1.05 1.06 1.06 1.07 1.05 1.09 1.08 1.09 1.08 1.06 1.08 
1.09 1.06 1.07 1.05 1.07 1.06 1.09 1.06 1.08 1.08 1.05 1.08 1.08 1.09 1.05 1.05 1.05 1.07 1.09 1.08 
1.07 1.06 1.06 1.05 1.08 1.08 1.09 1.07 1.05 1.09 1.05 1.09 1.09 1.05 1.05 1.05 1.05 1.06 1.09 1.07 
1.07 1.09 1.09 1.07 1.07 1.08 1.09 1.06 1.09 1.09 1.07 1.05 1.09 1.07 1.07 1.07 1.06 1.07 1.07 1.06 
1.06 1.07 1.05 1.09 1.09 1.05 1.06 1.06 1.07 1.05 1.07 1.05 1.06 1.06 1.05 1.08 1.05 1.08 1.09 1.09 
1.08 1.09 1.05 1.07 1.06 1.08 1.06 1.05 1.07 1.06 1.06 1.09 1.06 1.07 1.09 1.06 1.06 1.09 1.06 1.09 
1.09 1.07 1.06 1.05 1.08 1.06 1.06 1.05 1.09 1.05 1.09 1.09 1.09 1.08 1.08 1.07 1.07 1.07 1.07 1.09 
1.07 1.09 1.09 1.06 1.06 1.07 1.06 1.05 1.06 1.08 1.06 1.09 1.05 1.09 1.09 1.08 1.05 1.07 1.09 1.05 
1.09 1.08 1.09 1.08 1.08 1.08 1.09 1.06 1.08 1.06 1.05 1.09 1.08 1.07 1.06 1.05 1.09 1.07 1.09 1.08 
1.09 1.09 1.06 1.07 1.07 1.06 1.06 1.09 1.07 1.06 1.05 1.05 1.05 1.07 1.09 1.05 1.05 1.06 1.09 1.09 
1.07 1.06 1.05 1.08 1.05 1.08 1.07 1.07 1.07 1.08 1.07 1.08 1.08 1.09 1.05 1.09 1.06 1.07 1.08 1.09 
1.06 1.08 1.06 1.06 1.08 1.06 1.06 1.08 1.05 1.07 1.08 1.08 1.06 1.09 1.08 1.09 1.09 1.08 1.05 1.08 
1.08 1.07 1.09 1.08 1.06 1.08 1.08 1.06 1.05 1.09 1.06 1.08 1.05 1.08 1.09 1.08 1.05 1.05 1.08 1.06 
1.06 1.06 1.08 1.09 1.08 1.09 1.05 1.07 1.09 1.09 1.09 1.05 1.06 1.07 1.09 1.08 1.05 1.05 1.05 1.05 
1.06 1.09 1.08 1.08 1.05 1.08 1.05 1.08 1.05 1.05 1.07 1.07 1.08 1.07 1.05 1.05 1.07 1.06 1.08 1.09 
1.06 1.07 1.06 1.08 1.07 1.07 1.05 1.09 1.06 1.07 1.07 1.05 1.08 1.06 1.09 1.06 1.09 1.05 1.05 1.09 
1.05 1.05 1.05 1.06 1.09 1.09 1.05 1.07 1.07 1.06 1.09 1.06 1.08 1.09 1.09 1.06 1.06 1.08 1.09 1.05 
1.08 1.05 1.06 1.09 1.09 1.08 1.05 1.09 1.08 1.09 1.06 1.06 1.05 1.05 1.07 1.08 1.07 1.05 1.08 1.05 
1.09 1.06 1.07 1.05 1.09 1.05 1.08 1.06 1.08 1.05 1.09 1.06 1.09 1.08 1.07 1.07 1.09 1.09 1.06 1.07 
1.06 1.07 1.08 1.05 1.08 1.06 1.07 1.08 1.08 1.09 1.07 1.09 1.08 1.07 1.05 1.07 1.09 1.07 1.05 1.08 
1.05 1.06 1.05 1.08 1.07 1.09 1.07 1.09 1.05 1.09 1.07 1.07 1.08 1.06 1.07 1.07 1.07 1.06 1.09 1.09 
1.05 1.06 1.05 1.07 1.09 1.06 1.07 1.07 1.05 1.06 1.06 1.05 1.07 1.07 1.09 1.07 1.05 1.06 1.05 1.05 
1.08 1.06 1.07 1.07 1.05 1.09 1.08 1.05 1.07 1.08 1.05 1.09 1.07 1.07 1.09 1.07 1.07 1.07 1.07 1.06 
1.07 1.08 1.05 1.09 1.07 1.07 1.05 1.06 1.06 1.09 1.07 1.07 1.08 1.05 1.09 1.08 1.09 1.08 1.09 1.07 
1.06 1.09 1.08 1.09 1.07 1.07 1.06 1.07 1.06 1.05 1.09 1.06 1.07 1.09 1.07 1.09 1.08 1.09 1.08 1.06 
1.07 1.08 1.06 1.06 1.07 1.06 1.06 1.07 1.07 1.09 1.06 1.07 1.08 1.07 1.07 1.05 1.07 1.08 1.09 1.08 
1.08 1.08 1.07 1.09 1.05 1.05 1.07 1.09 1.08 1.07 1.05 1.06 1.06 1.05 1.08 1.06 1.05 1.06 1.08 1.09 
1.09 1.08 1.08 1.06 1.07 1.07 1.09 1.05 1.05 1.08 1.07 1.07 1.05 1.08 1.08 1.07 1.07 1.09 1.07 1.06 
1.07 1.07 1.07 1.08 1.09 1.07 1.05 1.08 1.07 1.09 1.08 1.05 1.06 1.07 1.09 1.07 1.07 1.08 1.05 1.06 
1.06 1.07 1.07 1.08 1.09 1.08 1.07 1.06 1.06 1.06 1.06 1.06 1.07 1.06 1.07 1.07 1.08 1.07 1.07 1.09 
1.06 1.06 1.06 1.05 1.07 1.07 1.05 1.05 1.06 1.08 1.07 1.07 1.07 1.08 1.05 1.06 1.05 1.05 1.07 1.05 
1.06 1.09 1.05 1.06 1.09 1.06 1.07 1.09 1.09 1.09 1.09 1.09 1.09 1.09 1.05 1.05 1.08 1.09 1.05 1.07 
1.08 1.09 1.07 1.06 1.05 1.07 1.05 1.09 1.06 1.07 1.06 1.06 1.05 1.08 1.07 1.07 1.05 1.06 1.09 1.09 
1.06 1.09 1.08 1.07 1.07 1.09 1.09 1.08 1.09 1.09 1.07 1.05 1.06 1.09 1.05 1.06 1.06 1.06 1.06 1.05 
1.09 1.05 1.08 1.06 1.07 1.08 1.08 1.09 1.05 1.06 1.05 1.09 1.09 1.06 1.08 1.05 1.08 1.05 1.06 1.07 
1.09 1.06 1.06 1.06 1.05 1.09 1.07 1.06 1.09 1.06 1.05 1.08 1.07 1.08 1.08 1.08 1.06 1.06 1.06 1.06 
1.06 1.05 1.06 1.07 1.08 1.08 1.05 1.05 1.05 1.09 1.06 1.06 1.09 1.08 1.06 1.07 1.06 1.07 1.09 1.08 
1.09 1.08 1.08 1.08 1.07 1.07 1.07 1.05 1.08 1.06 1.08 1.08 1.07 1.07 1.07 1.08 1.05 1.08 1.09 1.05 
1.05 1.05 1.05 1.06 1.07 1.09 1.09 1.05 1.07 1.09 1.08 1.05 1.08 1.08 1.08 1.05 1.09 1.05 1.06 1.06 
1.05 1.07 1.06 1.09 1.06 1.06 1.05 1.08 1.06 1.05 1.05 1.06 1.09 1.06 1.09 1.07 1.09 1.08 1.05 1.07 
1.06 1.05 1.06 1.09 1.08 1.06 1.05 1.08 1.06 1.05 1.08 1.05 1.06 1.05 1.07 1.06 1.09 1.05 1.07 1.07 
1.06 1.07 1.05 1.09 1.08 1.07 1.07 1.08 1.05 1.05 1.08 1.07 1.06 1.05 1.09 1.07 1.08 1.07 1.09 1.09 
1.07 1.06 1.06 1.08 1.07 1.08 1.08 1.05 1.08 1.06 1.07 1.07 1.07 1.06 1.07 1.08 1.08 1.05 1.09 1.05 
1.08 1.09 1.05 1.05 1.08 1.08 1.07 1.06 1.07 1.08 1.06 1.05 1.05 1.08 1.06 1.06 1.09 1.09 1.05 1.08 
1.06 1.07 1.06 1.05 1.06 1.09 1.05 1.07 1.06 1.05 1.08 1.06 1.08 1.08 1.07 1.05 1.07 1.07 1.09 1.09 
1.08 1.07 1.05 1.06 1.05 1.06 1.09 1.08 1.09 1.09 1.07 1.09 1.08 1.05 1.06 1.06 1.08 1.06 1.08 1.05 
1.07 1.06 1.06 1.05 1.08 1.05 1.08 1.05 1.07 1.06 1.09 1.09 1.07 1.08 1.09 1.08 1.07 1.08 1.08 1.09 
1.06 1.05 1.09 1.05 1.09 1.08 1.09 1.09 1.08 1.07 1.06 1.07 1.08 1.05 1.07 1.07 1.06 1.05 1.07 1.05 
1.06 1.05 1.05 1.05 1.09 1.08 1.08 1.08 1.09 1.06 1.06 1.09 1.09 1.06 1.06 1.08 1.06 1.09 1.06 1.06 
1.07 1.05 1.08 1.09 1.06 1.05 1.07 1.05 1.05 1.06 1.06 1.07 1.07 1.06 1.08 1.09 1.07 1.09 1.06 1.08 
1.07 1.06 1.05 1.06 1.06 1.07 1.07 1.05 1.08 1.06 1.09 1.07 1.05 1.09 1.05 1.09 1.08 1.08 1.07 1.06 
1.06 1.05 1.05 1.06 1.07 1.09 1.09 1.09 1.09 1.07 1.06 1.05 1.06 1.05 1.05 1.07 1.06 1.07 1.09 1.07 
1.05 1.07 1.07 1.07 1.07 1.08 1.05 1.07 1.09 1.09 1.09 1.09 1.06 1.05 1.07 1.08 1.09 1.07 1.06 1.08 
1.08 1.08 1.06 1.08 1.05 1.09 1.06 1.05 1.07 1.06 1.09 1.09 1.05 1.08 1.09 1.09 1.09 1.07 1.08 1.07 
1.05 1.07 1.08 1.06 1.09 1.08 1.07 1.08 1.05 1.05 1.05 1.05 1.08 1.08 1.07 1.07 1.07 1.09 1.07 1.07 
1.06 1.06 1.05 1.07 1.06 1.06 1.08 1.05 1.06 1.07 1.06 1.08 1.07 1.08 1.08 1.06 1.08 1.07 1.06 1.09 
1.08 1.06 1.05 1.06 1.09 1.06 1.06 1.08 1.09 1.05 1.06 1.08 1.07 1.07 1.05 1.05 1.05 1.06 1.05 1.09 
1.08 1.06 1.09 1.05 1.05 1.08 1.09 1.07 1.07 1.07 1.05 1.07 1.05 1.08 1.05 1.06 1.07 1.09 1.08 1.09 
1.09 1.06 1.06 1.08 1.06 1.06 1.09 1.07 1.09 1.07 1.09 1.08 1.07 1.08 1.08 1.08 1.05 1.05 1.07 1.08 
1.07 1.07 1.08 1.08 1.08 1.05 1.08 1.07 1.05 1.05 1.06 1.07 1.08 1.09 1.05 1.09 1.07 1.08 1.08 1.07 
1.08 1.07 1.08 1.09 1.07 1.06 1.09 1.08 1.06 1.08 1.09 1.09 1.08 1.08 1.07 1.06 1.08 1.05 1.09 1.05 
1.05 1.06 1.06 1.07 1.09 1.05 1.07 1.09 1.08 1.05 1.05 1.09 1.05 1.05 1.06 1.05 1.09 1.05 1.08 1.09 
1.05 1.06 1.09 1.05 1.08 1.09 1.07 1.07 1.07 1.08 1.07 1.06 1.08 1.06 1.07 1.06 1.07 1.09 1.06 1.06 
1.06 1.09 1.07 1.07 1.09 1.09 1.05 1.07 1.08 1.05 1.06 1.09 1.06 1.09 1.08 1.06 1.08 1.07 1.09 1.07 
1.05 1.09 1.08 1.09 1.08 1.06 1.05 1.05 1.08 1.09 1.05 1.06 1.05 1.08 1.06 1.06 1.05 1.08 1.05 1.09 
1.08 1.07 1.05 1.08 1.06 1.05 1.09 1.06 1.05 1.06 1.05 1.06 1.08 1.07 1.06 1.07 1.05 1.08 1.08 1.08 
1.08 1.06 1.07 1.06 1.06 1.07 1.07 1.08 1.08 1.07 1.05 1.06 1.06 1.05 1.07 1.09 1.09 1.06 1.09 1.06 
1.09 1.09 1.09 1.06 1.05 1.08 1.08 1.07 1.06 1.06 1.07 1.06 1.08 1.06 1.07 1.08 1.07 1.09 1.07 1.06 
1.05 1.09 1.08 1.08 1.06 1.05 1.08 1.09 1.05 1.08 1.08 1.05 1.08 1.09 1.06 1.06 1.08 1.08 1.09 1.08 
1.07 1.09 1.07 1.05 1.09 1.09 1.09 1.07 1.06 1.06 1.06 1.07 1.09 1.07 1.05 1.08 1.06 1.08 1.06 1.06 
1.07 1.09 1.09 1.08 1.05 1.05 1.09 1.06 1.06 1.05 1.09 1.09 1.06 1.05 1.08 1.07 1.06 1.09 1.06 1.08 
1.08 1.05 1.07 1.06 1.05 1.09 1.05 1.05 1.05 1.07 1.07 1.08 1.09 1.09 1.08 1.09 1.07 1.09 1.06 1.06 
1.05 1.08 1.08 1.09 1.09 1.08 1.06 1.05 1.07 1.07 1.08 1.05 1.07 1.07 1.07 1.08 1.08 1.07 1.09 1.07 
1.05 1.06 1.05 1.06 1.09 1.09 1.08 1.09 1.09 1.07 1.09 1.07 1.08 1.09 1.07 1.08 1.07 1.07 1.08 1.07 
1.09 1.09 1.06 1.09 1.05 1.06 1.06 1.07 1.06 1.09 1.09 1.09 1.05 1.05 1.05 1.07 1.05 1.09 1.07 1.06 
1.05 1.09 1.08 1.05 1.07 1.06 1.05 1.08 1.08 1.05 1.06 1.08 1.06 1.08 1.06 1.06 1.08 1.05 1.08 1.09 
1.05 1.08 1.08 1.06 1.08 1.08 1.06 1.06 1.07 1.09 1.05 1.05 1.07 1.07 1.08 1.06 1.06 1.06 1.07 1.09 
1.08 1.07 1.06 1.09 1.05 1.09 1.06 1.07 1.09 1.07 1.07 1.08 1.09 1.05 1.07 1.06 1.05 1.09 1.07 1.06 
1.06 1.06 1.07 1.09 1.08 1.07 1.07 1.07 1.06 1.09 1.07 1.08 1.08 1.08 1.05 1.08 1.06 1.05 1.09 1.07 
1.08 1.06 1.05 1.08 1.08 1.09 1.05 1.08 1.09 1.07 1.09 1.07 1.08 1.07 1.07 1.08 1.06 1.07 1.07 1.06 
1.08 1.09 1.09 1.05 1.05 1.05 1.08 1.08 1.06 1.09 1.05 1.09 1.07 1.05 1.09 1.09 1.05 1.08 1.05 1.08 
1.06 1.09 1.07 1.08 1.07 1.08 1.07 1.07 1.05 1.09 1.07 1.05 1.06 1.07 1.07 1.06 1.08 1.06 1.07 1.06 
1.09 1.05 1.05 1.08 1.09 1.09 1.05 1.06 1.05 1.06 1.09 1.09 1.09 1.08 1.07 1.07 1.07 1.07 1.06 1.06 
1.05 1.05 1.09 1.09 1.06 1.08 1.06 1.07 1.08 1.09 1.05 1.05 1.09 1.06 1.06 1.07 1.09 1.09 1.08 1.07 
1.07 1.09 1.09 1.06 1.05 1.06 1.07 1.05 1.06 1.06 1.06 1.08 1.08 1.07 1.07 1.05 1.07 1.05 1.08 1.06 
1.06 1.06 1.07 1.07 1.06 1.08 1.05 1.07 1.05 1.08 1.07 1.08 1.06 1.07 1.05 1.06 1.08 1.06 1.08 1.07 
1.08 1.05 1.08 1.06 1.05 1.07 1.05 1.05 1.07 1.07 1.09 1.05 1.08 1.05 1.07 1.09 1.08 1.08 1.05 1.06 
1.07 1.06 1.07 1.06 1.09 1.06 1.09 1.05 1.07 1.05 1.07 1.08 1.08 1.09 1.07 1.08 1.09 1.08 1.09 1.06 
1.06 1.06 1.08 1.07 1.09 1.06 1.08 1.05 1.09 1.06 1.09 1.09 1.07 1.05 1.08 1.09 1.09 1.05 1.05 1.05 
1.05 1.07 1.08 1.08 1.09 1.05 1.08 1.06 1.09 1.05 1.06 1.05 1.06 1.05 1.07 1.06 1.06 1.08 1.09 1.08 
1.05 1.06 1.07 1.08 1.09 1.06 1.07 1.05 1.05 1.05 1.09 1.07 1.08 1.05 1.07 1.05 1.09 1.09 1.06 1.09 
1.08 1.08 1.09 1.06 1.09 1.06 1.07 1.09 1.06 1.09 1.08 1.07 1.05 1.06 1.07 1.09 1.06 1.05 1.05 1.06 
1.06 1.05 1.09 1.09 1.08 1.08 1.07 1.06 1.05 1.09 1.07 1.06 1.05 1.07 1.06 1.05 1.07 1.07 1.05 1.05 
1.08 1.08 1.07 1.05 1.07 1.09 1.07 1.05 1.08 1.05 1.09 1.08 1.09 1.09 1.06 1.05 1.06 1.07 1.08 1.05 
1.09 1.09 1.05 1.08 1.09 1.09 1.08 1.05 1.06 1.08 1.06 1.07 1.06 1.06 1.07 1.09 1.08 1.05 1.05 1.07 
1.09 1.09 1.06 1.09 1.07 1.05 1.08 1.09 1.05 1.09 1.09 1.06 1.06 1.09 1.07 1.08 1.06 1.06 1.06 1.07 
1.06 1.06 1.06 1.07 1.05 1.09 1.06 1.09 1.09 1.07 1.08 1.06 1.09 1.06 1.08 1.08 1.07 1.06 1.05 1.07 
1.08 1.06 1.05 1.08 1.07 1.07 1.09 1.07 1.07 1.09 1.05 1.05 1.09 1.06 1.07 1.06 1.09 1.07 1.05 1.09 
1.09 1.08 1.07 1.06 1.09 1.05 1.06 1.06 1.05 1.09 1.07 1.05 1.09 1.07 1.07 1.05 1.06 1.06 1.09 1.09 
1.07 1.08 1.06 1.09 1.05 1.07 1.06 1.05 1.06 1.09 1.09 1.08 1.07 1.05 1.06 1.05 1.06 1.05 1.07 1.09 
1.08 1.09 1.09 1.05 1.06 1.07 1.09 1.09 1.06 1.07 1.06 1.06 1.07 1.06 1.07 1.07 1.08 1.07 1.08 1.09 
1.05 1.08 1.05 1.07 1.05 1.08 1.05 1.05 1.09 1.08 1.07 1.08 1.09 1.07 1.06 1.08 1.06 1.05 1.05 1.09 
1.06 1.09 1.09 1.05 1.07 1.05 1.08 1.07 1.09 1.08 1.08 1.08 1.07 1.09 1.05 1.09 1.05 1.09 1.07 1.08 
1.08 1.09 1.09 1.09 1.08 1.07 1.05 1.07 1.09 1.05 1.08 1.06 1.09 1.07 1.06 1.07 1.08 1.05 1.05 1.09 
1.07 1.07 1.09 1.06 1.08 1.06 1.07 1.09 1.06 1.07 1.09 1.06 1.07 1.08 1.08 1.07 1.09 1.09 1.06 1.09 
1.08 1.07 1.09 1.06 1.08 1.07 1.08 1.06 1.09 1.09 1.05 1.06 1.05 1.06 1.07 1.09 1.06 1.09 1.09 1.08 
1.07 1.08 1.06 1.07 1.09 1.08 1.05 1.08 1.05 1.07 1.06 1.08 1.05 1.05 1.07 1.09 1.09 1.09 1.07 1.05 
