20
400
17 68 27 8 91 42 45 63 7 34 24 89 7 6 86 93 34 80 55 98 48 61 15 1 77 77 85 97 77 77 48 43 92 44 84 69 57 90 52 8 84 37 53 21 80 26 65 8 57 20 25 7 50 35 44 52 82 76 9 98 93 99 78 29 73 38 54 29 30 100 60 95 37 59 49 21 87 10 24 91 54 37 12 62 60 27 46 90 48 71 15 82 5 86 36 99 88 16 65 94 2 48 26 5 54 29 52 24 7 46 99 94 61 12 96 15 36 57 58 30 86 57 45 15 11 81 50 94 50 76 44 100 97 30 98 57 35 5 6 27 81 33 10 11 59 59 25 49 65 94 68 28 49 58 77 86 98 8 4 25 10 49 28 72 64 18 76 44 57 48 23 14 12 21 32 39 7 91 50 65 92 52 20 50 4 1 60 10 83 11 65 14 100 63 85 25 82 72 12 2 43 82 86 28 64 46 63 53 77 88 93 26 95 64 41 97 63 44 10 57 76 10 86 18 64 82 23 32 55 65 9 38 25 68 49 1 29 50 49 35 18 95 12 49 77 11 49 52 15 78 51 23 20 13 80 7 91 97 82 25 88 83 29 100 16 24 34 91 28 66 23 37 57 86 100 9 34 55 78 97 94 23 38 93 80 40 36 57 44 70 9 23 72 100 50 46 71 8 34 80 76 74 9 56 98 75 57 7 95 10 17 60 79 3 1 11 54 96 37 84 72 61 21 71 67 34 69 5 26 74 76 4 18 34 78 96 26 100 47 67 15 2 6 10 27 38 2 76 65 99 18 74 94 92 2 72 58 23 37 48 62 76 94 60 56 91 28 32 68 35 41 68 74 9 40 51 8 13 74 13 33 50 98 62 10 52 40 51 24 49 60 52 34 65 22 99 24 3 1 49 
9 6 6 3 1 1 7 9 5 8 1 5 5 9 9 9 1 1 6 8 
1.05 1.02 1.06 1.06 1.06 1.03 1.03 1.02 1.02 1.02 1.02 1.02 1.03 1.04 1.01 1.01 1.01 1.04 1.01 1.05 
1.04 1.02 1.06 1.05 1.06 1.05 1.04 1.05 1.03 1.06 1.06 1.01 1.02 1.01 1.06 1.02 1.05 1.03 1.01 1.01 
1.04 1.02 1.03 1.06 1.02 1.02 1.05 1.02 1.04 1.03 1.01 1.06 1.04 1.06 1.02 1.06 1.06 1.03 1.02 1.06 
1.06 1.01 1.03 1.05 1.04 1.06 1.06 1.06 1.05 1.01 1.02 1.01 1.02 1.05 1.02 1.06 1.05 1.06 1.05 1.02 
1.06 1.02 1.01 1.03 1.04 1.02 1.03 1.05 1.02 1.05 1.06 1.05 1.03 1.01 1.04 1.02 1.05 1.05 1.02 1.01 
1.01 1.02 1.04 1.05 1.04 1.01 1.06 1.03 1.04 1.04 1.02 1.03 1.04 1.05 1.05 1.02 1.02 1.03 1.05 1.06 
1.01 1.06 1.01 1.04 1.03 1.01 1.02 1.05 1.03 1.03 1.02 1.01 1.04 1.06 1.06 1.06 1.04 1.02 1.05 1.03 
1.06 1.04 1.01 1.05 1.03 1.06 1.02 1.04 1.03 1.06 1.02 1.06 1.05 1.04 1.04 1.02 1.05 1.05 1.01 1.05 
1.01 1.02 1.03 1.03 1.06 1.05 1.01 1.01 1.06 1.03 1.05 1.01 1.04 1.06 1.03 1.05 1.06 1.05 1.02 1.04 
1.04 1.02 1.06 1.05 1.03 1.02 1.01 1.06 1.03 1.01 1.04 1.01 1.06 1.06 1.04 1.02 1.06 1.04 1.05 1.01 
1.03 1.04 1.01 1.06 1.01 1.05 1.06 1.05 1.04 1.06 1.03 1.04 1.01 1.02 1.06 1.01 1.01 1.02 1.02 1.06 
1.04 1.04 1.05 1.04 1.03 1.01 1.06 1.04 1.04 1.01 1.04 1.03 1.06 1.05 1.04 1.01 1.03 1.01 1.06 1.06 
1.05 1.01 1.02 1.01 1.03 1.06 1.02 1.05 1.04 1.04 1.01 1.04 1.03 1.06 1.04 1.01 1.01 1.02 1.04 1.03 
1.01 1.01 1.06 1.01 1.02 1.02 1.04 1.01 1.01 1.04 1.05 1.06 1.05 1.06 1.02 1.03 1.01 1.03 1.06 1.06 
1.01 1.04 1.01 1.01 1.04 1.02 1.02 1.01 1.02 1.03 1.03 1.02 1.06 1.04 1.02 1.06 1.01 1.01 1.05 1.03 
1.02 1.01 1.02 1.03 1.03 1.02 1.05 1.04 1.03 1.05 1.04 1.04 1.06 1.06 1.05 1.05 1.01 1.06 1.01 1.03 
1.06 1.03 1.06 1.01 1.06 1.01 1.03 1.03 1.05 1.02 1.05 1.06 1.02 1.06 1.02 1.06 1.06 1.05 1.03 1.01 
1.03 1.04 1.04 1.01 1.06 1.06 1.06 1.01 1.03 1.05 1.06 1.03 1.06 1.02 1.04 1.05 1.05 1.04 1.06 1.03 
1.01 1.03 1.04 1.04 1.06 1.05 1.05 1.02 1.04 1.02 1.06 1.03 1.04 1.04 1.03 1.04 1.02 1.02 1.03 1.02 
1.03 1.03 1.01 1.04 1.05 1.05 1.06 1.03 1.03 1.01 1.02 1.01 1.06 1.04 1.04 1.06 1.04 1.04 1.03 1.05 
1.02 1.06 1.04 1.06 1.05 1.03 1.04 1.03 1.02 1.02 1.03 1.03 1.02 1.02 1.02 1.03 1.01 1.01 1.02 1.03 
1.02 1.06 1.02 1.04 1.05 1.01 1.01 1.04 1.05 1.03 1.06 1.03 1.01 1.03 1.04 1.03 1.03 1.03 1.04 1.01 
1.04 1.03 1.03 1.05 1.03 1.02 1.06 1.05 1.05 1.03 1.02 1.05 1.04 1.03 1.05 1.01 1.06 1.03 1.03 1.06 
1.03 1.04 1.03 1.05 1.03 1.05 1.01 1.02 1.01 1.02 1.01 1.04 1.02 1.05 1.02 1.06 1.06 1.02 1.01 1.05 
1.04 1.06 1.03 1.01 1.05 1.01 1.06 1.02 1.05 1.06 1.06 1.01 1.01 1.05 1.06 1.03 1.03 1.01 1.03 1.01 
1.05 1.02 1.01 1.02 1.06 1.03 1.05 1.03 1.05 1.06 1.03 1.02 1.04 1.02 1.01 1.01 1.04 1.06 1.04 1.02 
1.06 1.06 1.04 1.06 1.02 1.01 1.03 1.04 1.04 1.01 1.02 1.03 1.01 1.04 1.03 1.05 1.02 1.04 1.04 1.02 
1.05 1.01 1.01 1.01 1.02 1.02 1.06 1.06 1.04 1.01 1.05 1.03 1.05 1.01 1.04 1.02 1.04 1.02 1.01 1.03 
1.04 1.06 1.03 1.04 1.02 1.02 1.01 1.01 1.04 1.05 1.03 1.05 1.01 1.04 1.02 1.06 1.04 1.06 1.05 1.04 
1.04 1.04 1.03 1.03 1.04 1.01 1.03 1.02 1.04 1.04 1.03 1.03 1.06 1.04 1.04 1.02 1.05 1.05 1.01 1.03 
1.06 1.03 1.06 1.03 1.05 1.03 1.02 1.06 1.05 1.01 1.01 1.04 1.02 1.04 1.01 1.03 1.03 1.05 1.03 1.06 
1.01 1.05 1.01 1.05 1.02 1.04 1.05 1.03 1.02 1.02 1.04 1.04 1.06 1.04 1.06 1.05 1.04 1.04 1.01 1.04 
1.02 1.01 1.06 1.06 1.06 1.03 1.03 1.04 1.04 1.02 1.06 1.02 1.04 1.05 1.03 1.05 1.05 1.04 1.03 1.02 
1.02 1.04 1.04 1.04 1.05 1.05 1.04 1.06 1.03 1.01 1.01 1.05 1.05 1.01 1.01 1.06 1.03 1.03 1.01 1.03 
1.03 1.04 1.03 1.06 1.03 1.02 1.06 1.04 1.06 1.02 1.01 1.01 1.02 1.04 1.02 1.04 1.04 1.05 1.04 1.05 
1.02 1.02 1.06 1.02 1.03 1.01 1.01 1.05 1.02 1.05 1.06 1.05 1.05 1.04 1.04 1.03 1.06 1.04 1.02 1.06 
1.05 1.06 1.06 1.03 1.02 1.04 1.06 1.06 1.06 1.02 1.02 1.06 1.04 1.02 1.05 1.06 1.03 1.06 1.05 1.02 
1.06 1.01 1.04 1.04 1.05 1.04 1.03 1.06 1.02 1.05 1.05 1.02 1.03 1.06 1.03 1.06 1.03 1.05 1.04 1.02 
1.01 1.05 1.06 1.03 1.04 1.02 1.01 1.06 1.03 1.02 1.05 1.01 1.04 1.04 1.01 1.04 1.04 1.06 1.01 1.06 
1.04 1.06 1.03 1.06 1.06 1.03 1.03 1.03 1.06 1.06 1.05 1.03 1.02 1.04 1.05 1.03 1.06 1.06 1.02 1.01 
1.03 1.06 1.06 1.02 1.06 1.02 1.02 1.03 1.04 1.04 1.02 1.04 1.06 1.01 1.03 1.03 1.01 1.01 1.01 1.01 
1.03 1.01 1.05 1.02 1.05 1.05 1.06 1.02 1.03 1.03 1.02 1.02 1.01 1.04 1.04 1.04 1.02 1.06 1.02 1.06 
1.03 1.04 1.06 1.06 1.03 1.01 1.02 1.06 1.03 1.01 1.04 1.05 1.02 1.03 1.02 1.03 1.03 1.03 1.04 1.01 
1.01 1.03 1.03 1.05 1.03 1.05 1.03 1.03 1.01 1.04 1.01 1.01 1.04 1.04 1.06 1.04 1.04 1.05 1.02 1.06 
1.01 1.02 1.03 1.06 1.04 1.06 1.03 1.05 1.03 1.04 1.06 1.01 1.01 1.02 1.02 1.05 1.03 1.05 1.02 1.02 
1.02 1.06 1.03 1.02 1.02 1.04 1.06 1.01 1.05 1.03 1.05 1.04 1.01 1.06 1.02 1.06 1.02 1.02 1.03 1.06 
1.05 1.01 1.05 1.01 1.04 1.06 1.03 1.03 1.05 1.06 1.03 1.04 1.03 1.03 1.02 1.05 1.02 1.03 1.03 1.01 
1.03 1.05 1.05 1.02 1.03 1.03 1.05 1.04 1.01 1.05 1.02 1.04 1.06 1.04 1.02 1.06 1.02 1.03 1.02 1.04 
1.01 1.04 1.06 1.06 1.05 1.06 1.06 1.05 1.06 1.03 1.03 1.03 1.01 1.04 1.05 1.05 1.06 1.06 1.02 1.02 
1.03 1.06 1.04 1.04 1.04 1.04 1.02 1.04 1.04 1.05 1.05 1.05 1.05 1.01 1.04 1.01 1.06 1.05 1.06 1.06 
1.02 1.05 1.02 1.06 1.01 1.05 1.05 1.06 1.01 1.02 1.06 1.01 1.03 1.03 1.01 1.05 1.04 1.03 1.06 1.04 
1.02 1.03 1.06 1.04 1.01 1.02 1.03 1.02 1.03 1.01 1.05 1.03 1.02 1.06 1.03 1.01 1.02 1.06 1.05 1.06 
1.01 1.05 1.05 1.03 1.04 1.05 1.01 1.02 1.03 1.03 1.02 1.06 1.03 1.03 1.06 1.04 1.01 1.01 1.03 1.02 
1.03 1.06 1.01 1.02 1.06 1.06 1.04 1.01 1.03 1.06 1.06 1.04 1.06 1.02 1.05 1.05 1.06 1.05 1.03 1.06 
1.03 1.02 1.06 1.04 1.04 1.02 1.04 1.05 1.03 1.03 1.03 1.01 1.02 1.01 1.06 1.06 1.04 1.05 1.01 1.01 
1.02 1.05 1.05 1.01 1.05 1.03 1.01 1.02 1.02 1.03 1.06 1.03 1.05 1.04 1.02 1.01 1.05 1.05 1.01 1.02 
1.02 1.06 1.05 1.04 1.01 1.06 1.05 1.02 1.06 1.04 1.01 1.02 1.03 1.03 1.02 1.02 1.01 1.02 1.02 1.01 
1.06 1.01 1.02 1.03 1.02 1.06 1.03 1.02 1.05 1.04 1.01 1.03 1.05 1.03 1.02 1.04 1.03 1.06 1.04 1.03 
1.02 1.06 1.04 1.06 1.01 1.04 1.03 1.02 1.04 1.01 1.02 1.01 1.01 1.01 1.01 1.01 1.06 1.05 1.06 1.06 
1.05 1.05 1.02 1.01 1.03 1.04 1.02 1.04 1.03 1.06 1.01 1.02 1.04 1.01 1.06 1.02 1.05 1.06 1.06 1.04 
1.02 1.06 1.01 1.06 1.02 1.03 1.05 1.01 1.01 1.05 1.05 1.02 1.01 1.05 1.03 1.03 1.06 1.05 1.03 1.01 
1.03 1.06 1.05 1.06 1.01 1.06 1.06 1.03 1.04 1.03 1.04 1.06 1.04 1.03 1.02 1.05 1.03 1.01 1.03 1.04 
1.02 1.01 1.06 1.06 1.04 1.03 1.02 1.06 1.02 1.03 1.06 1.04 1.01 1.05 1.02 1.04 1.04 1.01 1.03 1.02 
1.05 1.02 1.06 1.03 1.05 1.06 1.05 1.05 1.04 1.03 1.04 1.03 1.01 1.03 1.03 1.06 1.01 1.03 1.01 1.05 
1.02 1.06 1.05 1.04 1.02 1.03 1.03 1.04 1.02 1.02 1.01 1.04 1.06 1.05 1.03 1.04 1.02 1.05 1.06 1.01 
1.02 1.02 1.04 1.05 1.02 1.05 1.01 1.03 1.06 1.06 1.05 1.02 1.03 1.01 1.02 1.04 1.01 1.01 1.04 1.01 
1.05 1.01 1.02 1.06 1.03 1.03 1.04 1.06 1.01 1.04 1.05 1.02 1.01 1.02 1.01 1.01 1.05 1.03 1.03 1.01 
1.02 1.04 1.02 1.04 1.01 1.04 1.04 1.01 1.04 1.05 1.01 1.06 1.01 1.06 1.04 1.01 1.05 1.05 1.05 1.06 
1.06 1.04 1.01 1.01 1.01 1.05 1.03 1.01 1.05 1.03 1.02 1.03 1.05 1.05 1.03 1.05 1.03 1.02 1.02 1.05 
1.04 1.06 1.05 1.02 1.03 1.01 1.03 1.03 1.05 1.01 1.04 1.01 1.03 1.03 1.03 1.01 1.04 1.03 1.01 1.02 
1.04 1.05 1.03 1.06 1.02 1.05 1.06 1.02 1.06 1.05 1.04 1.03 1.04 1.01 1.02 1.02 1.02 1.01 1.01 1.05 
1.05 1.05 1.01 1.02 1.02 1.03 1.05 1.05 1.03 1.06 1.03 1.06 1.01 1.04 1.05 1.03 1.06 1.06 1.03 1.03 
1.02 1.03 1.04 1.02 1.02 1.03 1.04 1.01 1.01 1.04 1.02 1.03 1.06 1.01 1.04 1.05 1.05 1.04 1.01 1.02 
1.03 1.06 1.01 1.02 1.05 1.04 1.03 1.01 1.01 1.02 1.03 1.01 1.02 1.02 1.02 1.03 1.05 1.01 1.04 1.04 
1.02 1.03 1.02 1.03 1.01 1.05 1.04 1.01 1.02 1.02 1.03 1.02 1.02 1.03 1.02 1.02 1.01 1.02 1.06 1.04 
1.06 1.01 1.02 1.03 1.05 1.04 1.04 1.01 1.02 1.05 1.06 1.04 1.05 1.01 1.05 1.06 1.04 1.06 1.06 1.06 
1.03 1.06 1.06 1.04 1.02 1.03 1.05 1.05 1.03 1.03 1.01 1.03 1.01 1.02 1.02 1.03 1.01 1.06 1.03 1.05 
1.03 1.04 1.06 1.06 1.04 1.06 1.05 1.05 1.05 1.04 1.05 1.01 1.02 1.05 1.01 1.05 1.01 1.01 1.06 1.02 
1.05 1.03 1.02 1.06 1.03 1.05 1.04 1.02 1.03 1.04 1.02 1.02 1.03 1.06 1.05 1.06 1.01 1.02 1.03 1.03 
1.05 1.06 1.05 1.04 1.02 1.05 1.06 1.02 1.03 1.03 1.03 1.01 1.05 1.02 1.05 1.05 1.03 1.01 1.06 1.02 
1.02 1.03 1.05 1.02 1.02 1.06 1.03 1.05 1.02 1.05 1.04 1.05 1.04 1.04 1.02 1.02 1.04 1.05 1.05 1.02 
1.02 1.01 1.04 1.03 1.03 1.01 1.02 1.03 1.05 1.03 1.04 1.04 1.02 1.03 1.02 1.04 1.05 1.04 1.03 1.06 
1.06 1.03 1.04 1.05 1.06 1.03 1.05 1.04 1.01 1.03 1.02 1.02 1.04 1.05 1.01 1.06 1.03 1.05 1.06 1.03 
1.06 1.03 1.05 1.06 1.01 1.05 1.01 1.05 1.05 1.01 1.05 1.06 1.02 1.01 1.03 1.03 1.03 1.03 1.03 1.04 
1.01 1.03 1.03 1.01 1.05 1.01 1.04 1.01 1.02 1.06 1.02 1.04 1.03 1.05 1.04 1.05 1.04 1.01 1.05 1.06 
1.04 1.02 1.03 1.04 1.05 1.02 1.04 1.05 1.06 1.05 1.05 1.05 1.06 1.05 1.05 1.03 1.03 1.03 1.03 1.04 
1.03 1.03 1.02 1.01 1.02 1.01 1.05 1.04 1.04 1.03 1.05 1.02 1.05 1.05 1.04 1.04 1.05 1.06 1.01 1.06 
1.01 1.03 1.01 1.03 1.03 1.01 1.01 1.03 1.06 1.05 1.02 1.04 1.01 1.02 1.02 1.02 1.02 1.03 1.06 1.02 
1.02 1.01 1.05 1.04 1.06 1.03 1.06 1.01 1.03 1.02 1.04 1.06 1.05 1.02 1.01 1.06 1.05 1.03 1.01 1.01 
1.06 1.02 1.03 1.06 1.04 1.01 1.02 1.01 1.02 1.06 1.01 1.06 1.03 1.04 1.03 1.03 1.06 1.06 1.04 1.03 
1.02 1.02 1.04 1.03 1.05 1.06 1.03 1.01 1.03 1.02 1.05 1.01 1.05 1.06 1.06 1.03 1.02 1.02 1.05 1.03 
1.06 1.04 1.06 1.04 1.01 1.04 1.05 1.01 1.04 1.05 1.04 1.01 1.04 1.02 1.03 1.01 1.04 1.04 1.01 1.04 
1.02 1.04 1.06 1.02 1.02 1.04 1.06 1.02 1.06 1.05 1.06 1.02 1.03 1.01 1.01 1.05 1.02 1.06 1.06 1.01 
1.01 1.06 1.06 1.01 1.05 1.06 1.01 1.01 1.06 1.02 1.01 1.03 1.02 1.02 1.06 1.01 1.04 1.06 1.02 1.05 
1.03 1.04 1.06 1.01 1.02 1.05 1.02 1.05 1.01 1.01 1.02 1.01 1.03 1.04 1.03 1.06 1.02 1.02 1.05 1.01 
1.03 1.03 1.01 1.02 1.03 1.05 1.01 1.04 1.06 1.01 1.02 1.05 1.04 1.01 1.04 1.05 1.01 1.04 1.06 1.01 
1.05 1.01 1.01 1.02 1.06 1.02 1.01 1.03 1.04 1.01 1.01 1.02 1.03 1.06 1.04 1.04 1.04 1.05 1.04 1.01 
1.02 1.03 1.04 1.02 1.06 1.06 1.03 1.01 1.02 1.02 1.06 1.01 1.02 1.06 1.04 1.02 1.06 1.03 1.06 1.01 
1.01 1.05 1.06 1.04 1.04 1.02 1.05 1.05 1.04 1.06 1.05 1.05 1.06 1.01 1.01 1.03 1.01 1.06 1.02 1.02 
1.06 1.05 1.05 1.02 1.05 1.02 1.02 1.04 1.05 1.02 1.05 1.03 1.06 1.03 1.02 1.04 1.04 1.02 1.06 1.04 
1.01 1.06 1.03 1.04 1.01 1.01 1.05 1.04 1.01 1.01 1.04 1.02 1.04 1.03 1.05 1.03 1.05 1.05 1.05 1.01 
1.05 1.01 1.02 1.01 1.06 1.04 1.03 1.05 1.06 1.04 1.01 1.05 1.01 1.05 1.02 1.03 1.06 1.04 1.02 1.02 
1.01 1.02 1.02 1.02 1.02 1.06 1.05 1.06 1.02 1.06 1.03 1.01 1.01 1.05 1.01 1.04 1.04 1.06 1.04 1.06 
1.05 1.03 1.03 1.01 1.03 1.04 1.06 1.02 1.02 1.02 1.01 1.02 1.04 1.06 1.06 1.06 1.03 1.01 1.01 1.04 
1.03 1.06 1.01 1.01 1.02 1.02 1.01 1.02 1.04 1.03 1.01 1.02 1.02 1.05 1.04 1.05 1.03 1.01 1.02 1.03 
1.03 1.02 1.02 1.06 1.02 1.02 1.02 1.04 1.06 1.06 1.03 1.03 1.04 1.01 1.01 1.01 1.05 1.04 1.02 1.03 
1.06 1.01 1.06 1.04 1.01 1.02 1.06 1.06 1.03 1.05 1.06 1.01 1.05 1.06 1.05 1.02 1.04 1.05 1.06 1.05 
1.04 1.01 1.04 1.02 1.02 1.04 1.03 1.02 1.04 1.06 1.03 1.04 1.05 1.06 1.06 1.03 1.01 1.04 1.06 1.01 
1.03 1.06 1.02 1.01 1.06 1.02 1.05 1.05 1.03 1.05 1.01 1.06 1.03 1.06 1.02 1.03 1.02 1.03 1.03 1.06 
1.01 1.05 1.02 1.06 1.02 1.03 1.03 1.03 1.04 1.05 1.06 1.03 1.06 1.01 1.05 1.01 1.04 1.02 1.06 1.03 
1.03 1.01 1.04 1.04 1.03 1.01 1.01 1.05 1.06 1.06 1.02 1.04 1.05 1.04 1.05 1.02 1.04 1.06 1.01 1.05 
1.05 1.01 1.04 1.01 1.03 1.04 1.03 1.03 1.01 1.06 1.03 1.05 1.06 1.02 1.05 1.06 1.03 1.02 1.03 1.05 
1.05 1.05 1.06 1.03 1.05 1.04 1.01 1.05 1.03 1.02 1.01 1.02 1.05 1.06 1.03 1.01 1.02 1.02 1.04 1.02 
1.03 1.06 1.04 1.06 1.05 1.06 1.04 1.06 1.02 1.03 1.01 1.06 1.02 1.02 1.03 1.06 1.04 1.05 1.02 1.05 
1.02 1.05 1.06 1.03 1.04 1.04 1.01 1.04 1.02 1.01 1.01 1.04 1.02 1.04 1.05 1.01 1.05 1.06 1.01 1.06 
1.03 1.01 1.06 1.05 1.03 1.02 1.01 1.02 1.06 1.03 1.01 1.02 1.04 1.06 1.04 1.03 1.05 1.06 1.03 1.05 
1.02 1.02 1.06 1.02 1.06 1.01 1.05 1.05 1.01 1.04 1.05 1.03 1.02 1.06 1.04 1.04 1.06 1.01 1.02 1.05 
1.06 1.03 1.04 1.02 1.05 1.01 1.05 1.05 1.04 1.06 1.03 1.01 1.02 1.01 1.06 1.03 1.06 1.05 1.04 1.03 
1.02 1.04 1.01 1.03 1.04 1.03 1.05 1.02 1.01 1.02 1.05 1.02 1.05 1.01 1.03 1.06 1.01 1.04 1.01 1.02 
1.04 1.01 1.03 1.03 1.01 1.01 1.06 1.02 1.01 1.04 1.04 1.04 1.04 1.03 1.04 1.03 1.04 1.06 1.03 1.03 
1.03 1.06 1.05 1.01 1.01 1.02 1.01 1.04 1.03 1.02 1.02 1.02 1.04 1.02 1.02 1.04 1.03 1.02 1.01 1.06 
1.04 1.06 1.04 1.03 1.03 1.03 1.05 1.02 1.02 1.02 1.03 1.05 1.06 1.03 1.05 1.02 1.01 1.05 1.04 1.02 
1.02 1.01 1.04 1.02 1.04 1.05 1.04 1.01 1.05 1.02 1.03 1.01 1.05 1.03 1.01 1.06 1.06 1.03 1.01 1.03 
1.02 1.04 1.02 1.05 1.02 1.05 1.03 1.06 1.03 1.05 1.04 1.04 1.02 1.06 1.01 1.04 1.03 1.04 1.04 1.06 
1.06 1.03 1.05 1.02 1.02 1.01 1.06 1.06 1.04 1.01 1.03 1.05 1.03 1.04 1.06 1.06 1.03 1.02 1.01 1.02 
1.01 1.05 1.02 1.03 1.04 1.05 1.03 1.03 1.02 1.02 1.02 1.02 1.04 1.01 1.06 1.01 1.02 1.02 1.01 1.06 
1.01 1.02 1.04 1.06 1.06 1.03 1.05 1.05 1.02 1.06 1.04 1.02 1.06 1.01 1.06 1.01 1.05 1.05 1.02 1.03 
1.01 1.04 1.04 1.03 1.04 1.02 1.02 1.03 1.02 1.03 1.02 1.03 1.02 1.04 1.05 1.03 1.02 1.03 1.03 1.05 
1.05 1.02 1.04 1.04 1.04 1.02 1.04 1.03 1.01 1.02 1.04 1.04 1.05 1.04 1.05 1.03 1.03 1.04 1.05 1.04 
1.02 1.04 1.01 1.02 1.06 1.03 1.04 1.06 1.03 1.02 1.02 1.04 1.04 1.01 1.03 1.03 1.01 1.04 1.01 1.05 
1.01 1.06 1.06 1.02 1.06 1.05 1.01 1.03 1.01 1.04 1.06 1.05 1.05 1.06 1.02 1.02 1.03 1.03 1.05 1.03 
1.05 1.05 1.03 1.02 1.01 1.01 1.06 1.04 1.05 1.05 1.06 1.06 1.02 1.04 1.03 1.04 1.05 1.03 1.02 1.02 
1.02 1.02 1.05 1.01 1.04 1.06 1.04 1.04 1.02 1.06 1.02 1.01 1.02 1.04 1.03 1.02 1.05 1.03 1.02 1.01 
1.03 1.01 1.05 1.01 1.02 1.05 1.03 1.04 1.03 1.02 1.05 1.04 1.01 1.04 1.04 1.04 1.05 1.02 1.01 1.04 
1.04 1.01 1.04 1.01 1.06 1.03 1.04 1.06 1.05 1.05 1.03 1.01 1.02 1.02 1.06 1.01 1.02 1.01 1.06 1.02 
1.02 1.06 1.04 1.01 1.05 1.06 1.04 1.03 1.05 1.04 1.01 1.01 1.03 1.05 1.02 1.02 1.05 1.04 1.02 1.01 
1.04 1.05 1.04 1.04 1.05 1.02 1.01 1.01 1.05 1.05 1.05 1.06 1.05 1.03 1.05 1.06 1.05 1.04 1.02 1.04 
1.03 1.04 1.04 1.04 1.02 1.06 1.06 1.01 1.03 1.03 1.04 1.04 1.06 1.01 1.04 1.04 1.04 1.03 1.06 1.06 
1.03 1.03 1.06 1.03 1.01 1.01 1.03 1.03 1.06 1.02 1.03 1.02 1.03 1.06 1.03 1.04 1.02 1.03 1.04 1.04 
1.02 1.05 1.04 1.04 1.05 1.05 1.02 1.01 1.03 1.01 1.03 1.01 1.01 1.02 1.03 1.05 1.02 1.06 1.04 1.03 
1.02 1.04 1.05 1.05 1.04 1.03 1.05 1.02 1.05 1.04 1.02 1.03 1.06 1.04 1.02 1.06 1.06 1.04 1.04 1.02 
1.01 1.02 1.02 1.04 1.01 1.02 1.05 1.06 1.04 1.05 1.03 1.06 1.01 1.02 1.04 1.06 1.01 1.05 1.04 1.03 
1.01 1.05 1.01 1.01 1.02 1.03 1.05 1.04 1.04 1.02 1.01 1.03 1.05 1.01 1.02 1.06 1.04 1.04 1.04 1.06 
1.03 1.02 1.04 1.06 1.04 1.01 1.02 1.04 1.04 1.03 1.06 1.04 1.01 1.04 1.06 1.04 1.03 1.02 1.03 1.01 
1.04 1.02 1.01 1.03 1.05 1.02 1.06 1.04 1.03 1.03 1.06 1.06 1.01 1.05 1.01 1.02 1.02 1.03 1.05 1.06 
1.06 1.01 1.03 1.02 1.02 1.01 1.02 1.01 1.04 1.02 1.01 1.05 1.02 1.05 1.02 1.06 1.06 1.01 1.03 1.01 
1.04 1.01 1.02 1.02 1.06 1.02 1.03 1.03 1.05 1.06 1.02 1.03 1.01 1.06 1.03 1.04 1.03 1.02 1.04 1.01 
1.03 1.05 1.01 1.02 1.04 1.01 1.03 1.05 1.05 1.04 1.01 1.02 1.06 1.05 1.06 1.03 1.06 1.05 1.02 1.01 
1.06 1.06 1.05 1.04 1.04 1.02 1.01 1.04 1.06 1.04 1.01 1.01 1.04 1.03 1.01 1.03 1.06 1.04 1.02 1.05 
1.02 1.03 1.06 1.04 1.03 1.01 1.05 1.03 1.01 1.06 1.01 1.02 1.04 1.03 1.06 1.06 1.04 1.04 1.06 1.05 
1.02 1.03 1.02 1.06 1.06 1.04 1.04 1.05 1.06 1.06 1.03 1.01 1.04 1.06 1.03 1.04 1.02 1.06 1.01 1.03 
1.03 1.03 1.02 1.01 1.05 1.03 1.01 1.01 1.05 1.04 1.02 1.02 1.06 1.06 1.06 1.06 1.06 1.03 1.04 1.06 
1.04 1.03 1.05 1.02 1.04 1.03 1.05 1.03 1.06 1.02 1.02 1.02 1.04 1.03 1.03 1.06 1.02 1.06 1.03 1.06 
1.06 1.03 1.03 1.06 1.02 1.02 1.06 1.04 1.05 1.06 1.05 1.02 1.01 1.01 1.02 1.01 1.04 1.01 1.05 1.04 
1.05 1.01 1.05 1.05 1.02 1.03 1.01 1.02 1.04 1.01 1.06 1.06 1.01 1.05 1.02 1.06 1.03 1.01 1.06 1.02 
1.05 1.04 1.04 1.04 1.04 1.06 1.04 1.03 1.01 1.06 1.03 1.05 1.04 1.05 1.06 1.01 1.01 1.03 1.02 1.02 
1.03 1.03 1.02 1.04 1.05 1.05 1.05 1.03 1.05 1.01 1.06 1.06 1.06 1.06 1.03 1.01 1.06 1.05 1.02 1.02 
1.05 1.04 1.03 1.01 1.06 1.04 1.05 1.05 1.04 1.02 1.04 1.05 1.02 1.04 1.02 1.01 1.01 1.05 1.06 1.02 
1.03 1.03 1.06 1.01 1.04 1.04 1.02 1.03 1.05 1.04 1.06 1.01 1.05 1.01 1.05 1.05 1.03 1.06 1.05 1.04 
1.04 1.02 1.01 1.02 1.05 1.03 1.05 1.02 1.05 1.01 1.06 1.03 1.03 1.06 1.01 1.04 1.05 1.06 1.02 1.05 
1.02 1.05 1.05 1.06 1.02 1.05 1.01 1.06 1.02 1.03 1.04 1.02 1.02 1.05 1.04 1.01 1.01 1.06 1.01 1.04 
1.04 1.01 1.05 1.05 1.06 1.06 1.06 1.02 1.05 1.02 1.06 1.01 1.03 1.02 1.01 1.01 1.04 1.06 1.04 1.05 
1.06 1.02 1.06 1.04 1.04 1.03 1.06 1.05 1.01 1.05 1.02 1.03 1.01 1.03 1.06 1.04 1.05 1.06 1.03 1.06 
1.06 1.02 1.02 1.05 1.03 1.01 1.04 1.06 1.04 1.06 1.05 1.04 1.01 1.01 1.06 1.05 1.02 1.05 1.03 1.02 
1.03 1.02 1.01 1.04 1.02 1.06 1.03 1.04 1.04 1.02 1.02 1.02 1.02 1.05 1.02 1.03 1.03 1.06 1.01 1.03 
1.04 1.03 1.03 1.02 1.06 1.02 1.03 1.06 1.01 1.01 1.01 1.05 1.04 1.06 1.04 1.04 1.06 1.03 1.04 1.02 
1.02 1.06 1.01 1.04 1.05 1.02 1.04 1.03 1.03 1.05 1.04 1.03 1.03 1.05 1.01 1.05 1.05 1.03 1.05 1.06 
1.06 1.06 1.05 1.02 1.06 1.03 1.01 1.06 1.04 1.06 1.04 1.05 1.06 1.02 1.05 1.05 1.02 1.05 1.06 1.06 
1.04 1.03 1.01 1.05 1.06 1.05 1.01 1.06 1.01 1.06 1.04 1.04 1.01 1.04 1.03 1.02 1.02 1.04 1.06 1.02 
1.06 1.04 1.03 1.05 1.01 1.02 1.03 1.03 1.04 1.03 1.02 1.06 1.06 1.04 1.05 1.02 1.02 1.05 1.03 1.03 
1.03 1.05 1.06 1.03 1.01 1.06 1.01 1.06 1.05 1.01 1.04 1.04 1.02 1.01 1.02 1.06 1.05 1.04 1.02 1.01 
1.04 1.02 1.04 1.02 1.04 1.03 1.01 1.04 1.01 1.01 1.01 1.01 1.01 1.06 1.05 1.05 1.01 1.06 1.06 1.01 
1.04 1.03 1.04 1.02 1.03 1.01 1.05 1.05 1.06 1.02 1.03 1.04 1.06 1.06 1.02 1.01 1.05 1.05 1.05 1.04 
1.03 1.03 1.02 1.01 1.04 1.05 1.05 1.05 1.03 1.06 1.04 1.04 1.03 1.06 1.02 1.06 1.06 1.02 1.06 1.06 
1.03 1.06 1.05 1.03 1.02 1.01 1.02 1.05 1.03 1.04 1.05 1.01 1.02 1.01 1.05 1.02 1.02 1.02 1.06 1.05 
1.02 1.01 1.03 1.03 1.06 1.04 1.02 1.05 1.04 1.02 1.06 1.06 1.05 1.03 1.03 1.03 1.05 1.01 1.06 1.06 
1.05 1.04 1.03 1.04 1.04 1.01 1.06 1.05 1.02 1.02 1.02 1.06 1.01 1.06 1.06 1.03 1.06 1.02 1.06 1.01 
1.02 1.03 1.01 1.04 1.02 1.01 1.04 1.04 1.02 1.02 1.05 1.06 1.06 1.02 1.03 1.04 1.01 1.05 1.05 1.06 
1.03 1.05 1.03 1.06 1.06 1.01 1.04 1.03 1.06 1.01 1.01 1.05 1.02 1.02 1.05 1.01 1.03 1.03 1.03 1.01 
1.02 1.03 1.02 1.03 1.02 1.01 1.02 1.06 1.02 1.04 1.01 1.02 1.01 1.05 1.05 1.02 1.02 1.01 1.05 1.02 
1.01 1.01 1.02 1.06 1.04 1.01 1.02 1.06 1.05 1.02 1.02 1.04 1.01 1.06 1.03 1.04 1.06 1.01 1.05 1.01 
1.06 1.02 1.02 1.05 1.01 1.06 1.03 1.05 1.04 1.06 1.05 1.03 1.03 1.01 1.03 1.01 1.01 1.03 1.01 1.02 
1.04 1.01 1.05 1.04 1.05 1.04 1.06 1.03 1.01 1.01 1.02 1.01 1.02 1.05 1.04 1.03 1.06 1.04 1.06 1.05 
1.04 1.04 1.02 1.01 1.05 1.01 1.04 1.01 1.06 1.01 1.01 1.04 1.03 1.01 1.06 1.03 1.04 1.04 1.02 1.01 
1.05 1.03 1.01 1.03 1.04 1.03 1.03 1.01 1.04 1.04 1.06 1.05 1.04 1.03 1.04 1.01 1.02 1.01 1.03 1.01 
1.03 1.05 1.02 1.04 1.03 1.02 1.02 1.02 1.02 1.06 1.01 1.06 1.02 1.03 1.06 1.06 1.02 1.04 1.06 1.02 
1.04 1.05 1.01 1.03 1.03 1.03 1.06 1.06 1.06 1.01 1.02 1.02 1.05 1.01 1.02 1.01 1.02 1.05 1.06 1.02 
1.01 1.02 1.03 1.04 1.05 1.01 1.06 1.01 1.03 1.02 1.02 1.04 1.05 1.03 1.04 1.02 1.06 1.02 1.01 1.03 
1.03 1.01 1.06 1.04 1.01 1.05 1.01 1.01 1.01 1.03 1.04 1.03 1.01 1.01 1.04 1.04 1.03 1.05 1.06 1.01 
1.02 1.01 1.01 1.03 1.05 1.01 1.03 1.04 1.04 1.06 1.03 1.02 1.02 1.01 1.06 1.02 1.05 1.01 1.04 1.02 
1.03 1.06 1.06 1.02 1.04 1.06 1.03 1.01 1.05 1.05 1.06 1.05 1.02 1.05 1.01 1.02 1.05 1.05 1.06 1.02 
1.01 1.01 1.06 1.04 1.04 1.01 1.02 1.04 1.02 1.02 1.06 1.01 1.02 1.01 1.04 1.05 1.02 1.03 1.01 1.05 
1.01 1.01 1.04 1.04 1.01 1.02 1.04 1.04 1.01 1.01 1.03 1.03 1.03 1.05 1.04 1.02 1.04 1.03 1.04 1.03 
1.04 1.04 1.03 1.05 1.04 1.04 1.01 1.01 1.04 1.03 1.04 1.06 1.02 1.06 1.02 1.04 1.04 1.03 1.03 1.01 
1.01 1.01 1.01 1.01 1.04 1.03 1.02 1.05 1.06 1.04 1.01 1.03 1.04 1.05 1.03 1.02 1.06 1.03 1.06 1.02 
1.03 1.04 1.02 1.01 1.01 1.06 1.05 1.06 1.04 1.02 1.04 1.04 1.05 1.05 1.01 1.01 1.05 1.05 1.01 1.06 
1.06 1.02 1.05 1.02 1.05 1.04 1.04 1.06 1.05 1.01 1.06 1.03 1.06 1.06 1.03 1.02 1.02 1.04 1.03 1.06 
1.01 1.01 1.01 1.02 1.06 1.03 1.05 1.01 1.04 1.03 1.01 1.02 1.04 1.02 1.06 1.06 1.05 1.05 1.03 1.02 
1.04 1.06 1.06 1.01 1.01 1.05 1.04 1.04 1.02 1.05 1.04 1.03 1.06 1.04 1.03 1.02 1.02 1.03 1.05 1.04 
1.01 1.01 1.06 1.04 1.06 1.01 1.01 1.06 1.01 1.04 1.02 1.06 1.05 1.01 1.01 1.01 1.02 1.05 1.02 1.02 
1.03 1.01 1.01 1.05 1.05 1.03 1.05 1.03 1.01 1.04 1.05 1.02 1.01 1.01 1.06 1.04 1.02 1.01 1.02 1.06 
1.04 1.05 1.01 1.03 1.06 1.04 1.06 1.02 1.04 1.06 1.01 1.05 1.04 1.04 1.01 1.05 1.06 1.04 1.01 1.01 
1.04 1.04 1.06 1.06 1.06 1.05 1.04 1.01 1.06 1.02 1.06 1.04 1.06 1.05 1.01 1.03 1.05 1.02 1.04 1.02 
1.02 1.02 1.01 1.02 1.04 1.03 1.04 1.06 1.02 1.01 1.03 1.06 1.04 1.04 1.05 1.05 1.01 1.03 1.06 1.03 
1.04 1.03 1.01 1.06 1.05 1.06 1.05 1.02 1.04 1.01 1.02 1.06 1.05 1.05 1.06 1.02 1.05 1.05 1.04 1.06 
1.01 1.03 1.06 1.05 1.01 1.03 1.06 1.04 1.01 1.04 1.02 1.03 1.06 1.01 1.05 1.01 1.01 1.02 1.03 1.06 
1.01 1.03 1.04 1.06 1.05 1.04 1.03 1.06 1.05 1.04 1.02 1.04 1.03 1.06 1.06 1.04 1.06 1.01 1.01 1.06 
1.02 1.06 1.05 1.01 1.01 1.02 1.01 1.06 1.05 1.04 1.01 1.03 1.04 1.06 1.02 1.03 1.02 1.05 1.04 1.04 
1.05 1.05 1.04 1.06 1.04 1.04 1.03 1.02 1.02 1.02 1.04 1.02 1.05 1.03 1.04 1.05 1.04 1.03 1.05 1.06 
1.03 1.02 1.05 1.04 1.03 1.02 1.04 1.03 1.02 1.06 1.03 1.01 1.06 1.06 1.02 1.01 1.01 1.03 1.03 1.04 
1.03 1.03 1.02 1.03 1.05 1.01 1.05 1.05 1.04 1.02 1.05 1.02 1.05 1.04 1.04 1.02 1.04 1.06 1.05 1.05 
1.01 1.01 1.03 1.05 1.03 1.05 1.04 1.03 1.01 1.01 1.05 1.01 1.04 1.01 1.03 1.05 1.05 1.06 1.04 1.02 
1.03 1.03 1.02 1.06 1.02 1.02 1.03 1.02 1.03 1.05 1.06 1.02 1.05 1.04 1.04 1.02 1.01 1.02 1.01 1.03 
1.06 1.04 1.02 1.02 1.04 1.06 1.05 1.03 1.05 1.06 1.02 1.04 1.03 1.06 1.04 1.04 1.03 1.04 1.03 1.04 
1.04 1.05 1.05 1.02 1.06 1.03 1.01 1.05 1.02 1.01 1.03 1.02 1.05 1.02 1.06 1.02 1.05 1.05 1.01 1.04 
1.03 1.05 1.03 1.03 1.01 1.03 1.01 1.01 1.06 1.01 1.03 1.01 1.05 1.05 1.02 1.02 1.04 1.04 1.06 1.01 
1.06 1.04 1.06 1.01 1.03 1.05 1.03 1.02 1.01 1.06 1.02 1.03 1.04 1.05 1.05 1.03 1.02 1.06 1.06 1.01 
1.03 1.02 1.03 1.02 1.01 1.03 1.03 1.04 1.05 1.02 1.05 1.02 1.06 1.03 1.02 1.05 1.06 1.05 1.05 1.02 
1.03 1.01 1.02 1.03 1.05 1.05 1.02 1.01 1.01 1.04 1.05 1.01 1.05 1.03 1.05 1.06 1.03 1.05 1.05 1.03 
1.04 1.05 1.03 1.04 1.01 1.01 1.05 1.02 1.05 1.03 1.01 1.03 1.06 1.04 1.05 1.05 1.04 1.05 1.05 1.05 
1.06 1.01 1.01 1.02 1.01 1.05 1.04 1.02 1.04 1.05 1.06 1.05 1.02 1.01 1.06 1.02 1.02 1.02 1.02 1.01 
1.06 1.05 1.05 1.02 1.05 1.05 1.03 1.06 1.06 1.06 1.01 1.05 1.04 1.06 1.02 1.05 1.02 1.06 1.03 1.04 
1.02 1.01 1.06 1.01 1.04 1.06 1.01 1.02 1.05 1.05 1.04 1.06 1.02 1.03 1.05 1.06 1.05 1.04 1.06 1.05 
1.02 1.05 1.02 1.05 1.04 1.02 1.04 1.05 1.03 1.02 1.06 1.01 1.01 1.05 1.04 1.06 1.06 1.04 1.04 1.01 
1.02 1.05 1.02 1.01 1.04 1.01 1.03 1.02 1.02 1.01 1.02 1.04 1.04 1.04 1.06 1.06 1.04 1.03 1.04 1.04 
1.04 1.05 1.05 1.05 1.04 1.04 1.01 1.03 1.06 1.01 1.05 1.04 1.03 1.04 1.02 1.01 1.02 1.05 1.01 1.01 
1.04 1.05 1.01 1.02 1.01 1.03 1.01 1.02 1.03 1.05 1.06 1.03 1.03 1.05 1.03 1.02 1.06 1.06 1.01 1.05 
1.05 1.05 1.03 1.02 1.02 1.06 1.04 1.03 1.03 1.05 1.04 1.04 1.06 1.04 1.03 1.01 1.02 1.03 1.06 1.06 
1.03 1.02 1.01 1.02 1.05 1.02 1.06 1.05 1.05 1.04 1.04 1.02 1.06 1.06 1.04 1.02 1.05 1.06 1.01 1.06 
1.06 1.03 1.01 1.04 1.01 1.04 1.04 1.01 1.05 1.04 1.03 1.04 1.02 1.02 1.03 1.02 1.01 1.05 1.06 1.03 
1.02 1.01 1.05 1.05 1.06 1.02 1.06 1.05 1.01 1.05 1.01 1.01 1.01 1.04 1.03 1.05 1.01 1.03 1.06 1.01 
1.01 1.01 1.06 1.03 1.01 1.02 1.04 1.05 1.04 1.04 1.02 1.05 1.02 1.03 1.06 1.06 1.04 1.06 1.02 1.02 
1.01 1.05 1.06 1.04 1.02 1.06 1.06 1.06 1.05 1.05 1.06 1.06 1.03 1.02 1.06 1.06 1.04 1.06 1.03 1.06 
1.02 1.04 1.02 1.02 1.05 1.04 1.03 1.06 1.02 1.02 1.03 1.03 1.04 1.01 1.05 1.03 1.04 1.01 1.02 1.03 
1.02 1.06 1.03 1.04 1.05 1.02 1.06 1.06 1.03 1.02 1.06 1.02 1.01 1.06 1.02 1.02 1.04 1.05 1.06 1.01 
1.06 1.01 1.04 1.01 1.06 1.01 1.02 1.01 1.03 1.01 1.01 1.04 1.04 1.04 1.03 1.06 1.03 1.03 1.02 1.04 
1.02 1.01 1.05 1.05 1.01 1.04 1.05 1.01 1.04 1.05 1.02 1.06 1.03 1.02 1.03 1.05 1.04 1.05 1.04 1.06 
1.01 1.04 1.06 1.04 1.04 1.04 1.04 1.04 1.02 1.01 1.02 1.03 1.02 1.05 1.03 1.03 1.02 1.06 1.03 1.06 
1.05 1.02 1.02 1.02 1.06 1.02 1.02 1.04 1.06 1.05 1.05 1.01 1.04 1.04 1.02 1.02 1.01 1.05 1.03 1.05 
1.01 1.04 1.05 1.06 1.04 1.04 1.03 1.03 1.06 1.02 1.03 1.01 1.06 1.03 1.06 1.01 1.05 1.02 1.03 1.05 
1.03 1.03 1.01 1.03 1.03 1.03 1.03 1.06 1.03 1.01 1.02 1.03 1.03 1.04 1.01 1.05 1.02 1.06 1.06 1.03 
1.01 1.06 1.03 1.03 1.01 1.04 1.04 1.04 1.04 1.04 1.02 1.05 1.02 1.01 1.03 1.04 1.02 1.05 1.05 1.05 
1.06 1.03 1.03 1.05 1.01 1.06 1.02 1.05 1.03 1.06 1.02 1.04 1.01 1.01 1.05 1.03 1.03 1.05 1.02 1.01 
1.06 1.05 1.02 1.01 1.01 1.03 1.01 1.02 1.04 1.02 1.02 1.05 1.01 1.01 1.04 1.06 1.03 1.04 1.06 1.01 
1.02 1.02 1.01 1.03 1.04 1.03 1.04 1.06 1.05 1.04 1.05 1.01 1.03 1.04 1.01 1.02 1.05 1.01 1.02 1.04 
1.02 1.01 1.01 1.03 1.01 1.01 1.06 1.02 1.01 1.03 1.04 1.04 1.01 1.04 1.03 1.01 1.01 1.06 1.02 1.05 
1.01 1.03 1.05 1.02 1.01 1.01 1.03 1.01 1.02 1.04 1.02 1.02 1.05 1.04 1.05 1.03 1.05 1.03 1.06 1.05 
1.06 1.02 1.03 1.05 1.05 1.01 1.06 1.05 1.03 1.06 1.05 1.06 1.02 1.06 1.04 1.03 1.04 1.05 1.06 1.04 
1.03 1.06 1.01 1.01 1.03 1.05 1.02 1.06 1.06 1.01 1.04 1.04 1.05 1.01 1.03 1.01 1.04 1.01 1.01 1.04 
1.03 1.03 1.02 1.06 1.03 1.01 1.01 1.03 1.01 1.04 1.05 1.02 1.05 1.01 1.02 1.06 1.06 1.04 1.02 1.01 
1.04 1.04 1.06 1.03 1.04 1.04 1.06 1.01 1.03 1.06 1.05 1.05 1.05 1.05 1.02 1.03 1.02 1.04 1.05 1.03 
1.05 1.06 1.02 1.06 1.02 1.03 1.03 1.04 1.01 1.05 1.01 1.03 1.01 1.04 1.06 1.03 1.02 1.01 1.06 1.03 
1.05 1.04 1.03 1.05 1.01 1.04 1.03 1.02 1.01 1.02 1.04 1.04 1.02 1.04 1.01 1.01 1.01 1.02 1.04 1.02 
1.01 1.06 1.03 1.01 1.02 1.02 1.05 1.05 1.02 1.06 1.02 1.06 1.04 1.01 1.04 1.02 1.06 1.02 1.03 1.03 
1.06 1.01 1.06 1.06 1.06 1.04 1.05 1.04 1.01 1.06 1.02 1.03 1.05 1.03 1.01 1.01 1.02 1.03 1.02 1.04 
1.02 1.04 1.02 1.02 1.03 1.04 1.06 1.01 1.05 1.03 1.02 1.03 1.05 1.06 1.04 1.06 1.05 1.05 1.03 1.04 
1.02 1.01 1.05 1.04 1.05 1.03 1.02 1.06 1.05 1.05 1.05 1.03 1.06 1.01 1.04 1.05 1.05 1.02 1.03 1.05 
1.04 1.06 1.04 1.05 1.04 1.02 1.02 1.04 1.04 1.01 1.03 1.06 1.03 1.02 1.03 1.04 1.02 1.06 1.04 1.02 
1.04 1.04 1.04 1.01 1.05 1.02 1.05 1.02 1.04 1.01 1.01 1.05 1.02 1.05 1.06 1.05 1.01 1.02 1.02 1.03 
1.03 1.03 1.03 1.02 1.05 1.05 1.05 1.05 1.01 1.02 1.03 1.01 1.04 1.06 1.03 1.03 1.02 1.03 1.05 1.06 
1.06 1.04 1.05 1.02 1.02 1.03 1.05 1.02 1.06 1.03 1.04 1.01 1.04 1.05 1.06 1.03 1.04 1.04 1.05 1.02 
1.06 1.03 1.06 1.06 1.05 1.01 1.05 1.06 1.04 1.03 1.03 1.03 1.04 1.05 1.02 1.01 1.01 1.01 1.01 1.02 
1.03 1.01 1.03 1.01 1.02 1.05 1.02 1.02 1.04 1.03 1.02 1.03 1.05 1.05 1.03 1.02 1.06 1.04 1.02 1.02 
1.02 1.04 1.04 1.01 1.01 1.06 1.04 1.03 1.05 1.03 1.06 1.06 1.01 1.03 1.04 1.02 1.04 1.01 1.05 1.06 
1.06 1.06 1.04 1.02 1.01 1.02 1.04 1.01 1.06 1.03 1.04 1.04 1.02 1.05 1.03 1.05 1.04 1.05 1.05 1.06 
1.06 1.05 1.02 1.02 1.01 1.02 1.01 1.02 1.06 1.01 1.02 1.04 1.01 1.03 1.05 1.02 1.05 1.02 1.06 1.05 
1.05 1.05 1.04 1.01 1.06 1.04 1.02 1.01 1.06 1.06 1.06 1.05 1.03 1.04 1.06 1.01 1.06 1.04 1.04 1.06 
1.06 1.02 1.03 1.05 1.02 1.04 1.02 1.02 1.04 1.05 1.05 1.03 1.03 1.06 1.01 1.04 1.05 1.04 1.03 1.02 
1.01 1.05 1.03 1.06 1.03 1.05 1.03 1.02 1.02 1.04 1.03 1.02 1.01 1.03 1.02 1.04 1.04 1.03 1.03 1.06 
1.04 1.06 1.03 1.05 1.01 1.05 1.03 1.06 1.04 1.05 1.04 1.06 1.01 1.06 1.04 1.01 1.03 1.02 1.03 1.02 
1.02 1.06 1.03 1.01 1.05 1.06 1.06 1.02 1.05 1.02 1.04 1.02 1.03 1.01 1.05 1.04 1.06 1.02 1.02 1.02 
1.06 1.06 1.03 1.03 1.03 1.04 1.01 1.05 1.01 1.02 1.06 1.04 1.06 1.02 1.06 1.03 1.06 1.06 1.03 1.06 
1.01 1.02 1.04 1.05 1.05 1.01 1.02 1.02 1.03 1.01 1.02 1.05 1.01 1.03 1.06 1.05 1.02 1.05 1.01 1.01 
1.06 1.03 1.06 1.06 1.01 1.04 1.04 1.01 1.04 1.01 1.05 1.02 1.03 1.01 1.06 1.05 1.01 1.03 1.06 1.03 
1.03 1.03 1.05 1.06 1.03 1.06 1.05 1.06 1.06 1.03 1.01 1.03 1.02 1.01 1.02 1.01 1.04 1.05 1.06 1.06 
1.02 1.05 1.05 1.03 1.06 1.03 1.01 1.01 1.02 1.03 1.05 1.06 1.04 1.06 1.05 1.01 1.04 1.05 1.04 1.03 
1.02 1.04 1.01 1.05 1.04 1.02 1.02 1.01 1.03 1.05 1.01 1.05 1.03 1.06 1.06 1.06 1.04 1.02 1.02 1.04 
1.01 1.05 1.05 1.02 1.04 1.05 1.02 1.01 1.04 1.02 1.03 1.03 1.03 1.04 1.03 1.02 1.01 1.02 1.06 1.05 
1.05 1.03 1.05 1.03 1.05 1.06 1.02 1.02 1.02 1.02 1.02 1.05 1.03 1.06 1.05 1.05 1.06 1.04 1.02 1.04 
1.01 1.01 1.05 1.01 1.03 1.05 1.03 1.02 1.03 1.05 1.01 1.03 1.04 1.02 1.04 1.02 1.03 1.02 1.05 1.06 
1.01 1.01 1.06 1.05 1.06 1.03 1.03 1.01 1.05 1.02 1.01 1.06 1.04 1.02 1.01 1.05 1.01 1.01 1.02 1.02 
1.01 1.06 1.03 1.02 1.03 1.06 1.03 1.03 1.04 1.06 1.05 1.03 1.01 1.01 1.01 1.01 1.04 1.06 1.01 1.01 
1.01 1.01 1.01 1.06 1.04 1.02 1.06 1.02 1.04 1.01 1.03 1.02 1.03 1.01 1.03 1.01 1.03 1.05 1.02 1.06 
1.06 1.05 1.05 1.06 1.02 1.01 1.06 1.04 1.01 1.06 1.02 1.05 1.05 1.03 1.01 1.01 1.04 1.05 1.02 1.01 
1.02 1.04 1.03 1.06 1.02 1.05 1.04 1.03 1.06 1.01 1.01 1.04 1.06 1.06 1.01 1.03 1.01 1.01 1.03 1.06 
1.03 1.05 1.04 1.06 1.02 1.03 1.06 1.05 1.04 1.01 1.01 1.01 1.06 1.02 1.03 1.02 1.05 1.01 1.05 1.03 
1.01 1.04 1.06 1.05 1.04 1.03 1.01 1.01 1.06 1.05 1.06 1.06 1.03 1.03 1.04 1.01 1.06 1.02 1.04 1.01 
1.03 1.06 1.06 1.03 1.06 1.04 1.04 1.06 1.04 1.03 1.02 1.03 1.01 1.01 1.06 1.06 1.03 1.04 1.06 1.05 
1.05 1.05 1.05 1.05 1.04 1.04 1.04 1.05 1.06 1.04 1.01 1.05 1.03 1.04 1.01 1.03 1.03 1.04 1.03 1.05 
1.02 1.03 1.03 1.06 1.02 1.05 1.02 1.02 1.04 1.01 1.02 1.06 1.02 1.01 1.05 1.06 1.02 1.06 1.06 1.01 
1.01 1.02 1.06 1.04 1.05 1.05 1.06 1.04 1.04 1.06 1.03 1.06 1.04 1.02 1.02 1.03 1.04 1.06 1.02 1.01 
1.01 1.04 1.04 1.03 1.04 1.03 1.05 1.04 1.06 1.01 1.03 1.02 1.05 1.02 1.05 1.04 1.06 1.01 1.04 1.04 
1.05 1.06 1.01 1.05 1.06 1.03 1.05 1.01 1.06 1.05 1.02 1.04 1.01 1.05 1.05 1.03 1.01 1.05 1.01 1.04 
1.01 1.05 1.05 1.01 1.06 1.05 1.04 1.06 1.04 1.02 1.02 1.02 1.03 1.03 1.05 1.01 1.05 1.02 1.04 1.01 
1.06 1.02 1.02 1.01 1.06 1.04 1.02 1.03 1.06 1.01 1.03 1.03 1.05 1.01 1.01 1.04 1.01 1.01 1.01 1.05 
1.04 1.05 1.04 1.04 1.02 1.05 1.05 1.06 1.04 1.06 1.03 1.02 1.06 1.03 1.01 1.01 1.01 1.04 1.05 1.06 
1.02 1.01 1.01 1.06 1.01 1.01 1.05 1.06 1.03 1.03 1.01 1.06 1.04 1.04 1.06 1.01 1.05 1.01 1.04 1.04 
1.03 1.03 1.01 1.01 1.02 1.04 1.03 1.04 1.05 1.01 1.03 1.06 1.04 1.04 1.02 1.04 1.01 1.06 1.01 1.04 
1.01 1.04 1.01 1.06 1.05 1.06 1.04 1.02 1.01 1.06 1.04 1.06 1.06 1.05 1.03 1.03 1.01 1.03 1.04 1.01 
1.02 1.01 1.05 1.02 1.02 1.04 1.06 1.03 1.04 1.01 1.06 1.03 1.06 1.02 1.03 1.01 1.04 1.06 1.06 1.02 
1.02 1.04 1.01 1.03 1.06 1.04 1.01 1.01 1.03 1.06 1.01 1.03 1.05 1.02 1.05 1.02 1.06 1.04 1.01 1.04 
1.03 1.04 1.02 1.02 1.02 1.04 1.05 1.04 1.03 1.06 1.01 1.06 1.01 1.04 1.04 1.03 1.06 1.06 1.03 1.01 
1.03 1.04 1.01 1.05 1.01 1.04 1.01 1.02 1.06 1.05 1.02 1.06 1.04 1.01 1.01 1.04 1.03 1.06 1.03 1.06 
1.05 1.04 1.04 1.02 1.05 1.01 1.05 1.03 1.03 1.01 1.06 1.04 1.06 1.05 1.02 1.04 1.04 1.03 1.04 1.01 
1.06 1.02 1.04 1.04 1.02 1.01 1.04 1.04 1.04 1.01 1.02 1.06 1.05 1.03 1.01 1.05 1.02 1.02 1.01 1.05 
1.06 1.01 1.04 1.01 1.03 1.04 1.04 1.02 1.05 1.03 1.06 1.06 1.02 1.04 1.01 1.01 1.04 1.01 1.01 1.06 
1.04 1.03 1.01 1.03 1.03 1.02 1.02 1.02 1.01 1.06 1.04 1.05 1.01 1.02 1.03 1.05 1.06 1.02 1.04 1.02 
1.03 1.03 1.04 1.05 1.06 1.01 1.03 1.03 1.04 1.05 1.02 1.05 1.03 1.04 1.06 1.06 1.04 1.01 1.04 1.02 
1.05 1.01 1.06 1.06 1.02 1.03 1.04 1.01 1.05 1.05 1.02 1.02 1.06 1.01 1.06 1.05 1.04 1.04 1.06 1.01 
1.04 1.06 1.06 1.03 1.06 1.04 1.01 1.04 1.04 1.05 1.05 1.04 1.04 1.04 1.06 1.04 1.02 1.06 1.05 1.02 
1.04 1.01 1.04 1.01 1.03 1.02 1.04 1.04 1.02 1.05 1.04 1.03 1.03 1.02 1.03 1.01 1.02 1.05 1.06 1.06 
1.02 1.04 1.01 1.05 1.03 1.05 1.06 1.01 1.02 1.06 1.04 1.05 1.03 1.06 1.06 1.01 1.04 1.01 1.03 1.01 
1.05 1.03 1.05 1.04 1.02 1.01 1.06 1.01 1.03 1.03 1.04 1.01 1.01 1.02 1.01 1.04 1.05 1.02 1.04 1.03 
1.06 1.02 1.02 1.02 1.06 1.06 1.05 1.03 1.04 1.02 1.03 1.06 1.04 1.04 1.03 1.06 1.02 1.01 1.05 1.02 
1.02 1.02 1.01 1.01 1.05 1.05 1.05 1.02 1.02 1.05 1.03 1.05 1.05 1.04 1.05 1.04 1.06 1.04 1.06 1.02 
1.06 1.03 1.06 1.02 1.04 1.03 1.04 1.06 1.04 1.02 1.04 1.01 1.01 1.05 1.01 1.01 1.05 1.05 1.05 1.02 
1.02 1.06 1.01 1.01 1.04 1.06 1.06 1.02 1.06 1.02 1.03 1.02 1.06 1.01 1.02 1.02 1.03 1.01 1.06 1.05 
1.02 1.04 1.06 1.04 1.03 1.02 1.05 1.06 1.02 1.04 1.02 1.02 1.04 1.05 1.04 1.04 1.05 1.05 1.01 1.05 
1.03 1.06 1.06 1.02 1.03 1.01 1.04 1.05 1.01 1.06 1.05 1.02 1.06 1.03 1.01 1.02 1.05 1.03 1.04 1.03 
1.04 1.01 1.02 1.03 1.01 1.06 1.05 1.02 1.03 1.03 1.04 1.06 1.01 1.02 1.03 1.04 1.06 1.01 1.01 1.02 
1.05 1.01 1.03 1.06 1.01 1.04 1.04 1.01 1.05 1.02 1.06 1.03 1.05 1.04 1.02 1.02 1.02 1.03 1.04 1.02 
1.03 1.01 1.02 1.04 1.02 1.02 1.03 1.05 1.05 1.06 1.03 1.03 1.02 1.02 1.02 1.03 1.02 1.05 1.01 1.04 
1.02 1.01 1.01 1.01 1.01 1.02 1.06 1.06 1.01 1.01 1.02 1.03 1.03 1.01 1.03 1.06 1.03 1.06 1.02 1.03 
1.04 1.02 1.02 1.03 1.06 1.06 1.05 1.04 1.03 1.01 1.02 1.01 1.05 1.04 1.05 1.02 1.02 1.04 1.04 1.02 
1.04 1.06 1.03 1.02 1.03 1.02 1.01 1.05 1.05 1.06 1.04 1.03 1.06 1.01 1.06 1.02 1.02 1.01 1.03 1.05 
1.03 1.01 1.04 1.05 1.04 1.01 1.04 1.03 1.02 1.06 1.01 1.03 1.05 1.01 1.01 1.04 1.04 1.04 1.05 1.04 
1.03 1.02 1.06 1.04 1.06 1.05 1.02 1.03 1.01 1.02 1.05 1.03 1.01 1.05 1.03 1.01 1.02 1.04 1.02 1.03 
1.05 1.04 1.03 1.04 1.02 1.03 1.05 1.03 1.01 1.05 1.01 1.01 1.06 1.04 1.05 1.03 1.03 1.06 1.01 1.06 
1.05 1.06 1.01 1.06 1.05 1.05 1.01 1.04 1.04 1.05 1.01 1.02 1.01 1.02 1.01 1.05 1.03 1.04 1.03 1.04 
1.01 1.03 1.03 1.01 1.06 1.05 1.01 1.03 1.06 1.04 1.02 1.02 1.01 1.04 1.01 1.01 1.04 1.02 1.05 1.03 
1.04 1.03 1.05 1.05 1.04 1.02 1.01 1.03 1.04 1.04 1.02 1.03 1.04 1.05 1.06 1.05 1.05 1.03 1.06 1.06 
1.03 1.05 1.04 1.04 1.02 1.03 1.04 1.05 1.05 1.03 1.05 1.02 1.01 1.04 1.04 1.05 1.06 1.05 1.05 1.04 
1.05 1.04 1.04 1.03 1.03 1.05 1.05 1.02 1.06 1.03 1.03 1.01 1.06 1.03 1.02 1.04 1.06 1.05 1.02 1.06 
1.02 1.06 1.01 1.04 1.03 1.02 1.02 1.05 1.03 1.02 1.04 1.03 1.04 1.04 1.03 1.02 1.01 1.04 1.04 1.01 
1.04 1.06 1.06 1.02 1.04 1.05 1.03 1.01 1.06 1.03 1.01 1.03 1.04 1.02 1.02 1.02 1.01 1.01 1.02 1.04 
1.01 1.03 1.06 1.06 1.04 1.01 1.04 1.03 1.04 1.03 1.01 1.03 1.01 1.05 1.05 1.06 1.06 1.05 1.04 1.01 
1.03 1.06 1.02 1.06 1.04 1.01 1.05 1.05 1.04 1.05 1.05 1.04 1.05 1.03 1.01 1.01 1.06 1.05 1.01 1.03 
1.05 1.06 1.03 1.01 1.06 1.05 1.02 1.05 1.04 1.01 1.06 1.03 1.03 1.06 1.05 1.04 1.06 1.03 1.04 1.01 
1.04 1.06 1.03 1.04 1.06 1.02 1.04 1.04 1.03 1.05 1.02 1.01 1.02 1.06 1.02 1.05 1.02 1.04 1.06 1.02 
1.01 1.03 1.01 1.01 1.04 1.02 1.05 1.05 1.04 1.02 1.01 1.06 1.04 1.04 1.04 1.06 1.03 1.04 1.05 1.06 
1.05 1.05 1.06 1.06 1.04 1.06 1.04 1.02 1.03 1.01 1.04 1.04 1.04 1.01 1.05 1.02 1.03 1.06 1.04 1.02 
1.01 1.02 1.02 1.02 1.06 1.04 1.01 1.05 1.04 1.03 1.04 1.03 1.06 1.03 1.06 1.04 1.06 1.03 1.03 1.06 
1.03 1.05 1.04 1.03 1.05 1.01 1.03 1.01 1.05 1.02 1.02 1.04 1.02 1.01 1.03 1.03 1.05 1.04 1.04 1.01 
1.05 1.06 1.04 1.03 1.05 1.01 1.01 1.06 1.04 1.02 1.04 1.05 1.01 1.06 1.06 1.02 1.05 1.05 1.03 1.03 
1.01 1.05 1.04 1.04 1.04 1.01 1.05 1.02 1.02 1.04 1.03 1.05 1.05 1.05 1.05 1.06 1.03 1.01 1.05 1.01 
1.04 1.03 1.01 1.04 1.06 1.01 1.04 1.05 1.03 1.02 1.03 1.01 1.06 1.05 1.02 1.05 1.05 1.01 1.03 1.05 
1.03 1.06 1.04 1.02 1.03 1.03 1.02 1.03 1.05 1.02 1.06 1.02 1.01 1.05 1.02 1.04 1.03 1.06 1.01 1.03 
1.01 1.06 1.06 1.03 1.06 1.03 1.01 1.03 1.05 1.05 1.05 1.05 1.01 1.04 1.02 1.05 1.03 1.06 1.01 1.02 
1.05 1.04 1.06 1.02 1.01 1.02 1.01 1.05 1.03 1.05 1.01 1.02 1.03 1.05 1.04 1.04 1.01 1.03 1.01 1.05 
1.06 1.06 1.03 1.06 1.03 1.04 1.04 1.03 1.06 1.03 1.04 1.01 1.06 1.02 1.05 1.02 1.04 1.06 1.06 1.05 
1.02 1.06 1.04 1.03 1.06 1.03 1.06 1.02 1.04 1.04 1.04 1.06 1.06 1.01 1.02 1.04 1.05 1.04 1.02 1.06 
1.03 1.06 1.02 1.06 1.05 1.03 1.03 1.05 1.04 1.03 1.02 1.03 1.02 1.02 1.03 1.01 1.05 1.06 1.06 1.04 
1.02 1.02 1.05 1.05 1.05 1.02 1.04 1.06 1.05 1.06 1.04 1.05 1.06 1.03 1.03 1.04 1.04 1.05 1.06 1.02 
1.04 1.05 1.04 1.01 1.04 1.03 1.01 1.03 1.05 1.02 1.02 1.06 1.05 1.05 1.04 1.06 1.01 1.03 1.05 1.01 
1.03 1.01 1.02 1.03 1.02 1.01 1.05 1.05 1.04 1.02 1.06 1.04 1.03 1.04 1.01 1.04 1.01 1.06 1.04 1.04 
1.01 1.05 1.03 1.01 1.02 1.01 1.05 1.01 1.02 1.01 1.04 1.05 1.04 1.01 1.03 1.05 1.04 1.03 1.03 1.04 
1.05 1.02 1.01 1.05 1.03 1.04 1.01 1.01 1.05 1.06 1.04 1.02 1.03 1.01 1.01 1.06 1.02 1.06 1.06 1.02 
1.06 1.05 1.06 1.02 1.06 1.05 1.02 1.05 1.06 1.05 1.02 1.05 1.05 1.01 1.05 1.04 1.06 1.01 1.02 1.03 
1.01 1.01 1.04 1.06 1.03 1.04 1.04 1.05 1.05 1.05 1.02 1.01 1.01 1.05 1.02 1.03 1.01 1.02 1.01 1.05 
1.03 1.06 1.02 1.01 1.03 1.04 1.02 1.06 1.04 1.06 1.05 1.01 1.04 1.01 1.04 1.06 1.06 1.01 1.03 1.01 
1.02 1.06 1.06 1.01 1.01 1.06 1.04 1.06 1.02 1.04 1.06 1.01 1.04 1.04 1.01 1.03 1.03 1.03 1.06 1.02 
1.05 1.05 1.06 1.06 1.06 1.02 1.04 1.05 1.01 1.02 1.06 1.04 1.05 1.06 1.06 1.02 1.06 1.04 1.06 1.04 
1.04 1.01 1.01 1.01 1.01 1.03 1.03 1.06 1.05 1.04 1.04 1.03 1.05 1.01 1.05 1.05 1.02 1.06 1.02 1.01 
1.02 1.06 1.03 1.05 1.05 1.01 1.02 1.03 1.01 1.03 1.06 1.06 1.05 1.02 1.03 1.02 1.04 1.01 1.04 1.05 
1.05 1.05 1.01 1.06 1.02 1.01 1.03 1.06 1.05 1.04 1.03 1.03 1.04 1.06 1.03 1.06 1.03 1.04 1.03 1.04 
1.01 1.03 1.02 1.03 1.03 1.06 1.02 1.04 1.02 1.04 1.01 1.01 1.06 1.04 1.01 1.04 1.06 1.04 1.04 1.02 
1.03 1.05 1.04 1.04 1.04 1.06 1.01 1.04 1.03 1.01 1.05 1.01 1.06 1.02 1.06 1.04 1.01 1.05 1.04 1.06 
1.06 1.06 1.03 1.05 1.05 1.05 1.04 1.01 1.03 1.05 1.01 1.03 1.05 1.01 1.03 1.06 1.06 1.02 1.03 1.06 
1.06 1.02 1.04 1.05 1.05 1.02 1.04 1.06 1.05 1.02 1.04 1.02 1.01 1.01 1.02 1.03 1.02 1.04 1.01 1.02 
1.01 1.04 1.04 1.06 1.06 1.03 1.02 1.02 1.01 1.05 1.05 1.05 1.05 1.04 1.01 1.05 1.05 1.05 1.04 1.04 
1.05 1.01 1.01 1.02 1.01 1.01 1.04 1.06 1.04 1.03 1.04 1.03 1.02 1.02 1.03 1.03 1.04 1.03 1.01 1.06 
1.02 1.05 1.01 1.02 1.06 1.01 1.04 1.05 1.04 1.02 1.06 1.04 1.03 1.02 1.03 1.06 1.04 1.02 1.06 1.05 
1.02 1.04 1.03 1.02 1.04 1.06 1.01 1.02 1.05 1.01 1.01 1.05 1.01 1.01 1.03 1.01 1.01 1.02 1.05 1.05 
1.01 1.05 1.01 1.01 1.02 1.05 1.06 1.06 1.06 1.01 1.04 1.01 1.06 1.01 1.06 1.04 1.02 1.06 1.06 1.03 
1.02 1.03 1.06 1.05 1.02 1.03 1.05 1.03 1.02 1.05 1.03 1.02 1.06 1.01 1.06 1.04 1.05 1.02 1.06 1.01 
1.04 1.02 1.04 1.01 1.03 1.03 1.02 1.06 1.05 1.05 1.03 1.01 1.06 1.01 1.04 1.03 1.02 1.02 1.01 1.04 
1.01 1.03 1.03 1.06 1.06 1.03 1.02 1.06 1.06 1.03 1.05 1.06 1.06 1.03 1.01 1.06 1.03 1.02 1.04 1.06 
1.06 1.05 1.06 1.02 1.06 1.01 1.06 1.04 1.06 1.04 1.01 1.04 1.06 1.02 1.06 1.02 1.02 1.01 1.05 1.06 
1.01 1.06 1.05 1.02 1.06 1.02 1.03 1.03 1.05 1.02 1.02 1.04 1.05 1.04 1.03 1.03 1.02 1.04 1.01 1.05 
1.01 1.01 1.01 1.04 1.01 1.04 1.01 1.01 1.04 1.05 1.06 1.01 1.06 1.06 1.06 1.03 1.05 1.03 1.04 1.04 
1.06 1.03 1.02 1.01 1.04 1.04 1.03 1.03 1.05 1.02 1.03 1.01 1.04 1.04 1.01 1.03 1.04 1.01 1.01 1.04 
1.01 1.02 1.05 1.06 1.04 1.05 1.04 1.02 1.03 1.01 1.01 1.06 1.04 1.05 1.02 1.05 1.04 1.06 1.06 1.02 
1.06 1.04 1.04 1.02 1.01 1.01 1.04 1.02 1.05 1.03 1.03 1.06 1.04 1.05 1.02 1.01 1.01 1.03 1.05 1.06 
1.01 1.01 1.01 1.03 1.06 1.03 1.05 1.01 1.04 1.04 1.06 1.02 1.03 1.05 1.01 1.01 1.06 1.05 1.03 1.06 
1.04 1.01 1.04 1.06 1.01 1.06 1.03 1.01 1.05 1.02 1.03 1.02 1.02 1.03 1.01 1.03 1.05 1.04 1.06 1.05 
1.05 1.01 1.05 1.02 1.03 1.05 1.02 1.04 1.06 1.04 1.06 1.05 1.03 1.04 1.01 1.05 1.06 1.04 1.03 1.02 
1.05 1.04 1.05 1.03 1.04 1.02 1.02 1.05 1.05 1.06 1.04 1.01 1.03 1.02 1.06 1.03 1.06 1.02 1.01 1.02 
1.04 1.01 1.01 1.05 1.04 1.02 1.04 1.01 1.04 1.03 1.05 1.01 1.06 1.03 1.06 1.01 1.04 1.04 1.03 1.02 
1.02 1.04 1.02 1.04 1.02 1.03 1.06 1.05 1.01 1.06 1.04 1.03 1.04 1.02 1.01 1.05 1.02 1.04 1.03 1.01 
1.06 1.01 1.04 1.04 1.04 1.03 1.06 1.01 1.01 1.03 1.01 1.02 1.03 1.02 1.01 1.01 1.02 1.02 1.01 1.06 
1.04 1.05 1.02 1.02 1.01 1.03 1.04 1.05 1.02 1.02 1.06 1.02 1.05 1.06 1.03 1.06 1.05 1.01 1.01 1.05 
1.04 1.01 1.05 1.01 1.03 1.06 1.04 1.02 1.05 1.03 1.05 1.03 1.02 1.06 1.06 1.06 1.02 1.02 1.06 1.06 
1.05 1.06 1.04 1.03 1.06 1.06 1.05 1.04 1.04 1.04 1.06 1.02 1.05 1.06 1.04 1.02 1.03 1.06 1.06 1.05 
1.03 1.04 1.04 1.06 1.06 1.05 1.04 1.01 1.05 1.01 1.05 1.05 1.05 1.02 1.02 1.05 1.01 1.03 1.06 1.02 
1.03 1.06 1.01 1.02 1.02 1.02 1.02 1.03 1.06 1.04 1.06 1.01 1.02 1.05 1.05 1.04 1.02 1.04 1.06 1.04 
1.03 1.01 1.04 1.03 1.06 1.02 1.06 1.01 1.06 1.01 1.04 1.01 1.06 1.04 1.02 1.02 1.06 1.03 1.03 1.01 
1.06 1.04 1.04 1.06 1.04 1.04 1.05 1.02 1.03 1.05 1.02 1.05 1.01 1.05 1.04 1.03 1.03 1.05 1.06 1.06 
1.04 1.05 1.01 1.03 1.05 1.02 1.05 1.05 1.04 1.02 1.03 1.06 1.05 1.01 1.02 1.05 1.01 1.04 1.06 1.01 
1.06 1.02 1.05 1.01 1.05 1.01 1.05 1.05 1.05 1.01 1.06 1.01 1.04 1.01 1.02 1.03 1.01 1.04 1.05 1.04 
1.04 1.05 1.03 1.02 1.06 1.01 1.01 1.03 1.02 1.03 1.04 1.04 1.02 1.05 1.03 1.02 1.05 1.02 1.05 1.02 
