20
400
84 4 2 43 17 18 16 3 97 25 85 53 53 100 47 44 51 35 23 75 38 76 94 78 64 27 7 43 78 83 34 32 47 74 20 100 35 76 88 64 93 98 97 76 47 94 53 6 37 65 38 54 60 86 23 42 65 41 97 57 53 2 19 66 98 83 26 82 51 15 29 34 36 25 44 82 45 28 34 15 84 48 9 45 29 61 41 13 69 2 22 52 80 17 26 96 15 65 12 69 90 56 30 18 27 86 36 26 95 21 98 7 49 42 56 49 40 73 28 72 40 33 100 22 96 10 68 86 2 34 58 44 19 17 92 84 65 48 70 76 90 53 57 76 83 53 87 6 1 58 68 66 10 74 72 75 16 63 58 87 21 20 63 68 19 19 84 83 42 25 98 41 33 40 59 99 30 4 57 59 29 84 12 61 36 13 65 51 96 22 10 79 34 38 81 8 44 47 71 32 46 12 87 69 73 94 19 55 99 30 83 64 22 87 50 81 33 86 61 69 77 69 44 63 61 47 50 5 68 84 32 30 26 21 31 79 1 63 26 2 57 53 30 82 91 63 72 75 50 81 90 89 6 14 82 31 16 93 31 6 2 77 10 6 25 12 4 68 89 91 4 28 32 40 16 49 17 48 43 15 94 66 73 76 43 71 50 30 13 71 100 100 7 12 84 11 16 98 35 7 21 54 45 46 52 11 45 40 70 38 27 64 33 57 50 70 61 47 42 69 55 53 57 51 86 68 71 86 30 33 8 37 22 65 81 92 2 30 11 36 89 29 91 42 99 22 81 86 42 86 56 11 11 99 53 94 87 89 91 98 31 26 58 46 67 94 43 89 97 81 92 96 30 86 41 63 17 77 9 77 81 27 61 45 39 81 61 73 71 22 100 36 7 33 75 21 36 86 69 53 
1 1 3 1 3 2 2 3 2 3 3 1 3 1 3 1 1 1 3 2 
1.05 1.06 1.07 1.09 1.07 1.07 1.05 1.07 1.06 1.05 1.06 1.06 1.07 1.05 1.08 1.06 1.06 1.06 1.05 1.07 
1.07 1.07 1.08 1.06 1.08 1.05 1.07 1.07 1.08 1.05 1.05 1.08 1.05 1.09 1.09 1.05 1.09 1.07 1.08 1.08 
1.07 1.08 1.05 1.06 1.09 1.06 1.08 1.09 1.08 1.05 1.05 1.05 1.05 1.09 1.08 1.08 1.05 1.06 1.08 1.09 
1.07 1.06 1.08 1.06 1.05 1.08 1.09 1.07 1.05 1.09 1.07 1.06 1.05 1.06 1.09 1.05 1.07 1.07 1.05 1.05 
1.05 1.07 1.08 1.05 1.08 1.09 1.09 1.06 1.05 1.09 1.09 1.09 1.08 1.08 1.09 1.09 1.06 1.07 1.08 1.06 
1.07 1.05 1.05 1.07 1.07 1.08 1.08 1.06 1.06 1.07 1.07 1.07 1.07 1.07 1.06 1.05 1.06 1.06 1.05 1.07 
1.07 1.08 1.08 1.05 1.06 1.07 1.06 1.08 1.06 1.06 1.09 1.06 1.05 1.05 1.07 1.06 1.05 1.07 1.05 1.05 
1.05 1.08 1.05 1.09 1.08 1.05 1.09 1.07 1.07 1.05 1.05 1.06 1.08 1.05 1.05 1.08 1.08 1.06 1.09 1.08 
1.09 1.06 1.07 1.09 1.06 1.07 1.08 1.07 1.09 1.05 1.08 1.08 1.09 1.07 1.06 1.06 1.07 1.09 1.07 1.05 
1.07 1.07 1.08 1.05 1.06 1.05 1.06 1.07 1.06 1.05 1.09 1.07 1.08 1.06 1.08 1.05 1.08 1.08 1.06 1.09 
1.06 1.09 1.05 1.09 1.06 1.09 1.08 1.07 1.09 1.06 1.09 1.06 1.09 1.09 1.09 1.06 1.05 1.09 1.05 1.09 
1.07 1.05 1.05 1.07 1.05 1.06 1.06 1.07 1.05 1.05 1.07 1.06 1.08 1.09 1.08 1.08 1.05 1.08 1.07 1.09 
1.09 1.05 1.05 1.09 1.06 1.06 1.09 1.05 1.08 1.09 1.06 1.08 1.05 1.07 1.09 1.05 1.05 1.07 1.05 1.08 
1.08 1.07 1.08 1.05 1.08 1.08 1.09 1.05 1.05 1.06 1.06 1.07 1.07 1.09 1.08 1.09 1.09 1.07 1.09 1.08 
1.09 1.09 1.07 1.07 1.05 1.05 1.05 1.09 1.05 1.07 1.09 1.08 1.06 1.07 1.07 1.08 1.05 1.06 1.07 1.05 
1.05 1.06 1.09 1.05 1.07 1.06 1.05 1.06 1.09 1.05 1.05 1.05 1.06 1.06 1.09 1.07 1.06 1.07 1.06 1.09 
1.09 1.09 1.06 1.06 1.05 1.08 1.08 1.06 1.07 1.06 1.08 1.07 1.09 1.07 1.09 1.06 1.08 1.08 1.07 1.09 
1.09 1.06 1.07 1.09 1.08 1.07 1.06 1.07 1.09 1.05 1.07 1.06 1.06 1.07 1.06 1.06 1.07 1.05 1.09 1.07 
1.07 1.06 1.08 1.06 1.07 1.05 1.09 1.08 1.05 1.08 1.09 1.06 1.05 1.07 1.07 1.07 1.06 1.08 1.05 1.06 
1.05 1.05 1.06 1.08 1.07 1.07 1.07 1.06 1.09 1.06 1.08 1.07 1.07 1.06 1.05 1.06 1.09 1.09 1.09 1.07 
1.06 1.09 1.06 1.08 1.08 1.08 1.07 1.07 1.06 1.09 1.06 1.08 1.05 1.07 1.06 1.09 1.07 1.07 1.07 1.06 
1.07 1.09 1.09 1.08 1.06 1.05 1.05 1.07 1.05 1.08 1.07 1.09 1.08 1.07 1.07 1.07 1.09 1.09 1.08 1.06 
1.06 1.08 1.06 1.08 1.07 1.09 1.07 1.09 1.07 1.05 1.05 1.08 1.08 1.07 1.07 1.07 1.09 1.05 1.09 1.08 
1.05 1.09 1.08 1.08 1.07 1.07 1.09 1.06 1.09 1.05 1.05 1.08 1.06 1.07 1.09 1.08 1.05 1.07 1.08 1.05 
1.06 1.06 1.07 1.06 1.06 1.08 1.06 1.09 1.09 1.07 1.05 1.08 1.08 1.08 1.08 1.08 1.05 1.05 1.05 1.09 
1.09 1.05 1.05 1.08 1.09 1.05 1.08 1.08 1.08 1.08 1.07 1.05 1.07 1.05 1.05 1.06 1.05 1.08 1.09 1.08 
1.06 1.05 1.08 1.05 1.05 1.06 1.08 1.06 1.07 1.06 1.08 1.08 1.09 1.08 1.08 1.07 1.06 1.08 1.06 1.09 
1.09 1.05 1.09 1.06 1.07 1.07 1.08 1.07 1.05 1.07 1.07 1.07 1.08 1.05 1.09 1.05 1.07 1.06 1.06 1.09 
1.09 1.05 1.07 1.09 1.09 1.07 1.05 1.09 1.07 1.06 1.09 1.09 1.05 1.07 1.05 1.05 1.05 1.06 1.05 1.07 
1.08 1.09 1.05 1.07 1.06 1.09 1.07 1.07 1.08 1.09 1.07 1.05 1.06 1.08 1.08 1.05 1.05 1.07 1.09 1.05 
1.06 1.07 1.07 1.05 1.09 1.05 1.07 1.06 1.08 1.07 1.09 1.09 1.06 1.09 1.06 1.07 1.07 1.05 1.06 1.09 
1.08 1.05 1.07 1.07 1.08 1.05 1.08 1.09 1.05 1.07 1.07 1.08 1.08 1.06 1.06 1.09 1.07 1.07 1.07 1.08 
1.05 1.09 1.06 1.05 1.09 1.07 1.09 1.06 1.05 1.08 1.05 1.09 1.06 1.07 1.08 1.05 1.07 1.05 1.06 1.05 
1.06 1.09 1.09 1.05 1.09 1.08 1.07 1.06 1.09 1.06 1.09 1.06 1.07 1.06 1.05 1.05 1.07 1.05 1.06 1.09 
1.05 1.09 1.05 1.09 1.07 1.09 1.07 1.05 1.08 1.08 1.06 1.09 1.07 1.05 1.08 1.08 1.07 1.05 1.07 1.07 
1.08 1.05 1.05 1.09 1.08 1.07 1.08 1.09 1.07 1.06 1.05 1.06 1.08 1.08 1.06 1.07 1.09 1.07 1.08 1.07 
1.09 1.08 1.07 1.08 1.05 1.09 1.06 1.07 1.08 1.09 1.08 1.09 1.08 1.06 1.05 1.06 1.08 1.06 1.09 1.07 
1.05 1.08 1.09 1.08 1.08 1.06 1.07 1.07 1.09 1.09 1.05 1.09 1.06 1.05 1.06 1.06 1.09 1.09 1.08 1.09 
1.05 1.07 1.07 1.08 1.08 1.07 1.05 1.05 1.07 1.05 1.06 1.05 1.05 1.08 1.08 1.09 1.08 1.06 1.09 1.09 
1.07 1.07 1.09 1.09 1.06 1.05 1.07 1.08 1.07 1.06 1.06 1.08 1.05 1.05 1.09 1.08 1.06 1.05 1.05 1.06 
1.07 1.08 1.07 1.06 1.06 1.07 1.05 1.06 1.05 1.06 1.05 1.07 1.09 1.09 1.05 1.05 1.08 1.08 1.05 1.08 
1.08 1.05 1.07 1.08 1.05 1.09 1.05 1.09 1.05 1.05 1.05 1.09 1.09 1.07 1.07 1.06 1.07 1.07 1.08 1.08 
1.07 1.08 1.06 1.09 1.07 1.06 1.08 1.09 1.08 1.07 1.06 1.05 1.05 1.08 1.08 1.05 1.08 1.05 1.09 1.06 
1.08 1.07 1.08 1.09 1.08 1.07 1.07 1.08 1.08 1.08 1.07 1.07 1.05 1.09 1.08 1.09 1.05 1.09 1.06 1.06 
1.06 1.09 1.08 1.08 1.06 1.07 1.09 1.09 1.09 1.06 1.09 1.09 1.08 1.06 1.06 1.06 1.09 1.05 1.07 1.05 
1.05 1.09 1.05 1.07 1.05 1.06 1.09 1.06 1.05 1.05 1.07 1.08 1.08 1.07 1.05 1.08 1.06 1.07 1.06 1.08 
1.07 1.05 1.07 1.06 1.09 1.07 1.08 1.05 1.08 1.05 1.07 1.07 1.09 1.05 1.08 1.08 1.06 1.08 1.08 1.08 
1.07 1.08 1.06 1.08 1.08 1.06 1.06 1.06 1.06 1.08 1.08 1.07 1.09 1.08 1.08 1.07 1.07 1.08 1.06 1.09 
1.05 1.06 1.06 1.08 1.08 1.07 1.05 1.06 1.06 1.05 1.06 1.06 1.06 1.08 1.07 1.06 1.09 1.06 1.08 1.05 
1.05 1.09 1.09 1.06 1.09 1.07 1.05 1.06 1.06 1.08 1.07 1.07 1.05 1.05 1.06 1.08 1.07 1.05 1.08 1.07 
1.05 1.05 1.05 1.08 1.06 1.05 1.05 1.05 1.07 1.09 1.09 1.09 1.08 1.07 1.06 1.08 1.05 1.06 1.07 1.07 
1.05 1.05 1.05 1.08 1.05 1.09 1.05 1.07 1.09 1.06 1.05 1.08 1.06 1.06 1.07 1.06 1.08 1.07 1.05 1.06 
1.07 1.08 1.09 1.09 1.06 1.08 1.06 1.07 1.05 1.07 1.06 1.05 1.05 1.05 1.05 1.08 1.08 1.08 1.05 1.08 
1.05 1.05 1.09 1.07 1.07 1.07 1.09 1.08 1.08 1.06 1.06 1.08 1.08 1.07 1.07 1.07 1.05 1.07 1.09 1.05 
1.08 1.06 1.05 1.07 1.06 1.08 1.08 1.05 1.09 1.06 1.07 1.09 1.09 1.06 1.05 1.08 1.08 1.05 1.07 1.08 
1.07 1.07 1.09 1.09 1.05 1.06 1.09 1.06 1.09 1.06 1.09 1.09 1.06 1.08 1.08 1.06 1.09 1.08 1.08 1.09 
1.07 1.06 1.05 1.06 1.07 1.08 1.08 1.08 1.08 1.06 1.07 1.07 1.09 1.06 1.05 1.06 1.07 1.06 1.06 1.06 
1.08 1.05 1.05 1.05 1.07 1.08 1.09 1.06 1.05 1.08 1.08 1.06 1.07 1.05 1.07 1.06 1.05 1.08 1.08 1.06 
1.09 1.05 1.08 1.08 1.06 1.05 1.09 1.06 1.05 1.07 1.05 1.08 1.05 1.05 1.05 1.05 1.09 1.09 1.05 1.05 
1.09 1.06 1.05 1.06 1.08 1.09 1.09 1.09 1.06 1.06 1.08 1.09 1.08 1.06 1.06 1.06 1.05 1.06 1.09 1.05 
1.08 1.05 1.08 1.07 1.08 1.08 1.05 1.08 1.06 1.09 1.06 1.07 1.07 1.05 1.06 1.06 1.06 1.07 1.08 1.05 
1.09 1.06 1.05 1.09 1.07 1.06 1.05 1.05 1.07 1.06 1.09 1.06 1.07 1.09 1.05 1.07 1.05 1.07 1.09 1.08 
1.06 1.09 1.07 1.09 1.07 1.07 1.07 1.05 1.07 1.05 1.07 1.08 1.08 1.08 1.07 1.05 1.07 1.06 1.09 1.08 
1.08 1.05 1.07 1.08 1.06 1.07 1.07 1.09 1.09 1.06 1.07 1.08 1.05 1.09 1.09 1.08 1.07 1.05 1.05 1.08 
1.05 1.09 1.06 1.05 1.09 1.05 1.09 1.07 1.08 1.06 1.05 1.09 1.07 1.06 1.08 1.05 1.08 1.09 1.05 1.06 
1.09 1.05 1.09 1.08 1.09 1.07 1.08 1.09 1.08 1.09 1.06 1.07 1.06 1.05 1.06 1.05 1.05 1.07 1.08 1.08 
1.09 1.09 1.06 1.06 1.09 1.09 1.09 1.06 1.05 1.05 1.09 1.08 1.05 1.08 1.08 1.09 1.06 1.08 1.05 1.08 
1.06 1.07 1.09 1.08 1.09 1.08 1.06 1.09 1.08 1.09 1.05 1.09 1.09 1.07 1.09 1.05 1.07 1.09 1.09 1.05 
1.07 1.09 1.08 1.06 1.05 1.07 1.08 1.05 1.08 1.07 1.06 1.06 1.08 1.09 1.08 1.09 1.08 1.07 1.05 1.05 
1.05 1.08 1.09 1.05 1.05 1.07 1.07 1.09 1.08 1.06 1.07 1.08 1.07 1.08 1.07 1.06 1.08 1.06 1.07 1.05 
1.07 1.06 1.08 1.09 1.09 1.05 1.09 1.08 1.07 1.07 1.05 1.07 1.07 1.06 1.08 1.08 1.07 1.08 1.07 1.08 
1.06 1.05 1.08 1.07 1.05 1.09 1.06 1.05 1.06 1.08 1.08 1.08 1.08 1.06 1.07 1.06 1.06 1.08 1.08 1.07 
1.08 1.05 1.08 1.08 1.07 1.05 1.08 1.09 1.08 1.06 1.06 1.08 1.05 1.06 1.07 1.05 1.07 1.08 1.07 1.06 
1.09 1.09 1.05 1.09 1.07 1.06 1.09 1.07 1.06 1.05 1.09 1.05 1.07 1.05 1.06 1.09 1.09 1.07 1.07 1.05 
1.07 1.08 1.07 1.05 1.08 1.05 1.09 1.07 1.09 1.08 1.05 1.09 1.05 1.09 1.05 1.09 1.06 1.05 1.08 1.05 
1.06 1.05 1.09 1.05 1.09 1.08 1.06 1.06 1.08 1.05 1.07 1.07 1.07 1.09 1.08 1.05 1.06 1.06 1.05 1.09 
1.09 1.08 1.07 1.06 1.09 1.05 1.07 1.06 1.09 1.09 1.09 1.07 1.09 1.05 1.06 1.07 1.06 1.05 1.09 1.08 
1.05 1.09 1.08 1.09 1.06 1.09 1.08 1.08 1.08 1.07 1.09 1.08 1.08 1.05 1.09 1.08 1.07 1.09 1.09 1.08 
1.08 1.06 1.05 1.07 1.09 1.06 1.05 1.06 1.07 1.05 1.09 1.09 1.05 1.06 1.08 1.08 1.07 1.05 1.06 1.05 
1.07 1.07 1.09 1.09 1.09 1.09 1.07 1.08 1.06 1.07 1.05 1.05 1.08 1.05 1.07 1.06 1.07 1.07 1.09 1.08 
1.07 1.08 1.05 1.08 1.07 1.05 1.06 1.07 1.07 1.06 1.08 1.07 1.07 1.07 1.07 1.05 1.08 1.09 1.09 1.06 
1.09 1.06 1.05 1.09 1.05 1.05 1.08 1.08 1.07 1.09 1.09 1.08 1.05 1.08 1.08 1.05 1.09 1.05 1.07 1.06 
1.08 1.08 1.08 1.07 1.06 1.09 1.07 1.07 1.05 1.07 1.08 1.05 1.06 1.08 1.07 1.05 1.06 1.09 1.07 1.08 
1.09 1.06 1.08 1.09 1.08 1.09 1.05 1.06 1.05 1.08 1.06 1.05 1.05 1.08 1.08 1.05 1.08 1.09 1.05 1.06 
1.07 1.08 1.08 1.09 1.06 1.09 1.08 1.05 1.05 1.07 1.06 1.06 1.09 1.05 1.05 1.07 1.09 1.06 1.09 1.09 
1.06 1.07 1.07 1.08 1.09 1.06 1.06 1.09 1.05 1.09 1.07 1.07 1.05 1.08 1.06 1.06 1.08 1.07 1.06 1.07 
1.06 1.06 1.07 1.07 1.09 1.09 1.05 1.08 1.07 1.09 1.07 1.09 1.09 1.05 1.09 1.08 1.06 1.08 1.08 1.08 
1.05 1.06 1.08 1.09 1.05 1.08 1.08 1.09 1.08 1.07 1.08 1.09 1.06 1.06 1.08 1.06 1.06 1.06 1.06 1.09 
1.05 1.05 1.09 1.05 1.09 1.08 1.08 1.05 1.07 1.09 1.08 1.09 1.08 1.07 1.08 1.05 1.06 1.09 1.09 1.08 
1.06 1.05 1.09 1.08 1.05 1.06 1.07 1.05 1.07 1.08 1.06 1.05 1.05 1.09 1.05 1.06 1.09 1.08 1.07 1.06 
1.06 1.07 1.09 1.06 1.06 1.08 1.08 1.09 1.06 1.05 1.06 1.07 1.08 1.07 1.07 1.08 1.07 1.07 1.05 1.08 
1.09 1.05 1.05 1.08 1.07 1.08 1.08 1.07 1.09 1.06 1.09 1.09 1.06 1.07 1.06 1.07 1.08 1.05 1.05 1.06 
1.08 1.08 1.07 1.09 1.05 1.08 1.05 1.05 1.05 1.05 1.07 1.09 1.06 1.07 1.05 1.07 1.09 1.08 1.09 1.08 
1.06 1.09 1.08 1.05 1.06 1.09 1.05 1.05 1.05 1.05 1.07 1.07 1.05 1.06 1.06 1.08 1.05 1.09 1.05 1.06 
1.09 1.06 1.06 1.06 1.05 1.09 1.07 1.06 1.06 1.05 1.08 1.08 1.08 1.07 1.07 1.07 1.08 1.07 1.06 1.07 
1.06 1.08 1.06 1.08 1.07 1.08 1.08 1.09 1.05 1.05 1.06 1.07 1.08 1.06 1.08 1.07 1.07 1.06 1.08 1.09 
1.06 1.05 1.07 1.07 1.05 1.06 1.06 1.09 1.07 1.06 1.09 1.05 1.05 1.06 1.09 1.09 1.07 1.06 1.08 1.07 
1.06 1.06 1.05 1.05 1.06 1.05 1.07 1.05 1.06 1.07 1.05 1.08 1.07 1.06 1.06 1.07 1.05 1.08 1.09 1.05 
1.07 1.08 1.09 1.07 1.09 1.09 1.07 1.07 1.07 1.05 1.09 1.08 1.07 1.05 1.07 1.09 1.05 1.09 1.05 1.06 
1.05 1.08 1.06 1.05 1.09 1.09 1.05 1.05 1.08 1.09 1.09 1.09 1.06 1.06 1.08 1.05 1.09 1.08 1.05 1.05 
1.08 1.06 1.09 1.05 1.06 1.09 1.09 1.09 1.08 1.08 1.07 1.09 1.05 1.07 1.07 1.07 1.08 1.05 1.05 1.09 
1.08 1.09 1.08 1.05 1.08 1.05 1.08 1.08 1.05 1.07 1.08 1.08 1.05 1.08 1.07 1.05 1.05 1.08 1.07 1.09 
1.09 1.09 1.08 1.08 1.09 1.07 1.09 1.07 1.07 1.06 1.06 1.06 1.08 1.08 1.06 1.07 1.05 1.05 1.09 1.06 
1.09 1.08 1.08 1.05 1.06 1.05 1.08 1.09 1.09 1.07 1.06 1.06 1.09 1.09 1.07 1.05 1.05 1.08 1.07 1.07 
1.07 1.06 1.07 1.08 1.05 1.05 1.08 1.06 1.08 1.05 1.05 1.08 1.06 1.08 1.09 1.05 1.05 1.09 1.05 1.09 
1.05 1.06 1.09 1.08 1.07 1.07 1.07 1.05 1.09 1.09 1.09 1.07 1.07 1.05 1.09 1.09 1.09 1.07 1.08 1.07 
1.07 1.09 1.08 1.07 1.08 1.08 1.05 1.06 1.07 1.07 1.09 1.05 1.07 1.05 1.07 1.07 1.07 1.07 1.07 1.08 
1.06 1.05 1.05 1.07 1.05 1.09 1.06 1.07 1.07 1.05 1.08 1.07 1.08 1.06 1.08 1.08 1.07 1.07 1.09 1.07 
1.06 1.09 1.08 1.05 1.07 1.05 1.07 1.07 1.08 1.06 1.06 1.05 1.05 1.08 1.05 1.08 1.07 1.07 1.05 1.05 
1.06 1.09 1.09 1.05 1.09 1.08 1.08 1.05 1.09 1.09 1.07 1.08 1.05 1.08 1.09 1.07 1.06 1.07 1.05 1.07 
1.09 1.08 1.09 1.05 1.05 1.05 1.06 1.08 1.08 1.05 1.09 1.06 1.08 1.07 1.08 1.06 1.08 1.09 1.05 1.09 
1.05 1.08 1.08 1.05 1.06 1.06 1.09 1.08 1.07 1.06 1.05 1.05 1.08 1.05 1.08 1.06 1.08 1.07 1.07 1.08 
1.05 1.07 1.09 1.07 1.05 1.05 1.06 1.06 1.05 1.07 1.09 1.05 1.06 1.09 1.09 1.08 1.05 1.05 1.05 1.05 
1.06 1.07 1.05 1.09 1.08 1.08 1.07 1.06 1.06 1.06 1.07 1.08 1.05 1.08 1.05 1.06 1.07 1.08 1.06 1.08 
1.05 1.05 1.05 1.09 1.06 1.08 1.06 1.09 1.06 1.07 1.05 1.07 1.05 1.08 1.05 1.06 1.07 1.05 1.08 1.09 
1.05 1.08 1.06 1.09 1.07 1.07 1.06 1.08 1.09 1.07 1.05 1.05 1.08 1.05 1.07 1.05 1.09 1.09 1.09 1.07 
1.07 1.05 1.06 1.05 1.05 1.06 1.05 1.08 1.09 1.06 1.07 1.08 1.06 1.06 1.09 1.09 1.09 1.06 1.07 1.05 
1.06 1.05 1.09 1.08 1.07 1.08 1.09 1.09 1.09 1.08 1.09 1.06 1.05 1.07 1.09 1.05 1.08 1.09 1.08 1.08 
1.05 1.08 1.05 1.08 1.05 1.09 1.08 1.05 1.08 1.06 1.07 1.05 1.09 1.07 1.09 1.06 1.06 1.05 1.06 1.09 
1.09 1.06 1.09 1.07 1.05 1.05 1.08 1.05 1.06 1.05 1.07 1.05 1.06 1.07 1.05 1.05 1.07 1.06 1.05 1.07 
1.05 1.09 1.07 1.06 1.08 1.05 1.06 1.07 1.07 1.07 1.09 1.06 1.07 1.09 1.09 1.09 1.07 1.07 1.05 1.06 
1.05 1.09 1.07 1.06 1.08 1.09 1.09 1.05 1.06 1.08 1.05 1.05 1.09 1.08 1.08 1.07 1.07 1.06 1.07 1.07 
1.08 1.05 1.09 1.08 1.05 1.07 1.05 1.09 1.05 1.09 1.07 1.09 1.07 1.06 1.08 1.09 1.06 1.06 1.06 1.08 
1.06 1.08 1.09 1.06 1.08 1.09 1.05 1.06 1.07 1.08 1.07 1.08 1.09 1.07 1.08 1.06 1.06 1.07 1.07 1.06 
1.05 1.07 1.09 1.05 1.05 1.07 1.05 1.09 1.08 1.07 1.07 1.08 1.05 1.07 1.05 1.07 1.09 1.07 1.09 1.09 
1.07 1.09 1.06 1.07 1.06 1.05 1.06 1.05 1.09 1.08 1.07 1.06 1.05 1.09 1.08 1.05 1.08 1.05 1.09 1.05 
1.06 1.05 1.09 1.05 1.08 1.06 1.08 1.05 1.07 1.05 1.08 1.07 1.05 1.09 1.07 1.06 1.09 1.08 1.09 1.05 
1.09 1.08 1.09 1.07 1.05 1.05 1.07 1.07 1.09 1.09 1.08 1.09 1.09 1.09 1.07 1.05 1.06 1.08 1.05 1.05 
1.06 1.09 1.05 1.09 1.05 1.08 1.07 1.09 1.06 1.06 1.06 1.06 1.09 1.09 1.09 1.07 1.06 1.07 1.05 1.05 
1.07 1.05 1.09 1.06 1.05 1.05 1.05 1.06 1.09 1.07 1.08 1.09 1.08 1.07 1.07 1.05 1.09 1.08 1.06 1.09 
1.07 1.08 1.07 1.09 1.07 1.07 1.05 1.08 1.08 1.08 1.05 1.07 1.06 1.05 1.08 1.06 1.06 1.06 1.08 1.05 
1.09 1.05 1.05 1.09 1.08 1.08 1.08 1.09 1.07 1.07 1.09 1.06 1.08 1.07 1.05 1.06 1.09 1.07 1.07 1.06 
1.08 1.07 1.08 1.09 1.05 1.06 1.06 1.07 1.06 1.07 1.09 1.05 1.09 1.09 1.09 1.07 1.07 1.05 1.09 1.09 
1.08 1.08 1.09 1.08 1.07 1.05 1.06 1.08 1.09 1.05 1.06 1.09 1.06 1.05 1.08 1.05 1.08 1.05 1.07 1.08 
1.08 1.08 1.05 1.08 1.06 1.06 1.09 1.07 1.08 1.05 1.08 1.09 1.07 1.07 1.08 1.08 1.07 1.05 1.08 1.05 
1.09 1.08 1.08 1.09 1.09 1.07 1.05 1.09 1.07 1.05 1.09 1.05 1.09 1.09 1.05 1.08 1.09 1.05 1.08 1.07 
1.07 1.09 1.08 1.09 1.06 1.08 1.05 1.09 1.09 1.06 1.06 1.05 1.09 1.09 1.05 1.07 1.09 1.07 1.06 1.06 
1.09 1.08 1.05 1.06 1.06 1.05 1.08 1.06 1.07 1.08 1.07 1.08 1.08 1.06 1.09 1.08 1.05 1.06 1.08 1.06 
1.06 1.08 1.06 1.09 1.09 1.08 1.08 1.09 1.05 1.05 1.06 1.07 1.08 1.05 1.06 1.05 1.09 1.08 1.05 1.08 
1.07 1.09 1.08 1.07 1.08 1.06 1.08 1.05 1.09 1.05 1.08 1.09 1.08 1.09 1.06 1.08 1.07 1.09 1.08 1.06 
1.05 1.05 1.08 1.07 1.09 1.05 1.05 1.05 1.09 1.09 1.08 1.08 1.07 1.06 1.07 1.06 1.05 1.05 1.09 1.07 
1.06 1.07 1.07 1.08 1.08 1.09 1.07 1.05 1.05 1.07 1.08 1.08 1.09 1.08 1.06 1.07 1.09 1.06 1.07 1.09 
1.06 1.07 1.07 1.05 1.07 1.08 1.09 1.07 1.07 1.06 1.09 1.06 1.09 1.06 1.08 1.05 1.05 1.06 1.05 1.05 
1.08 1.05 1.08 1.05 1.05 1.08 1.08 1.06 1.07 1.09 1.09 1.07 1.05 1.09 1.09 1.05 1.09 1.05 1.06 1.08 
1.08 1.07 1.05 1.05 1.05 1.08 1.07 1.05 1.08 1.07 1.05 1.09 1.05 1.07 1.08 1.08 1.06 1.07 1.07 1.09 
1.08 1.09 1.07 1.06 1.09 1.07 1.09 1.06 1.06 1.05 1.09 1.05 1.07 1.07 1.06 1.07 1.06 1.07 1.06 1.09 
1.09 1.07 1.09 1.05 1.05 1.06 1.08 1.05 1.09 1.08 1.09 1.06 1.09 1.07 1.05 1.05 1.07 1.05 1.08 1.05 
1.07 1.05 1.05 1.07 1.05 1.07 1.07 1.08 1.05 1.06 1.06 1.06 1.08 1.05 1.08 1.08 1.05 1.08 1.07 1.07 
1.09 1.08 1.05 1.06 1.05 1.07 1.08 1.07 1.05 1.08 1.05 1.05 1.06 1.08 1.06 1.07 1.05 1.08 1.09 1.05 
1.05 1.07 1.05 1.09 1.05 1.08 1.05 1.09 1.07 1.06 1.06 1.07 1.06 1.07 1.08 1.05 1.05 1.07 1.07 1.07 
1.05 1.07 1.05 1.07 1.06 1.06 1.05 1.05 1.05 1.07 1.08 1.05 1.07 1.06 1.07 1.09 1.08 1.05 1.06 1.09 
1.08 1.05 1.08 1.07 1.07 1.07 1.08 1.05 1.05 1.06 1.07 1.09 1.07 1.05 1.09 1.05 1.08 1.06 1.08 1.07 
1.08 1.07 1.09 1.07 1.08 1.05 1.08 1.09 1.08 1.07 1.09 1.09 1.07 1.08 1.08 1.06 1.06 1.06 1.08 1.08 
1.06 1.09 1.05 1.06 1.08 1.07 1.08 1.05 1.08 1.07 1.07 1.07 1.08 1.05 1.08 1.05 1.05 1.07 1.05 1.09 
1.07 1.05 1.06 1.09 1.06 1.06 1.05 1.06 1.08 1.06 1.05 1.08 1.05 1.07 1.05 1.09 1.05 1.08 1.07 1.08 
1.08 1.05 1.06 1.05 1.07 1.07 1.09 1.07 1.07 1.06 1.07 1.05 1.09 1.08 1.08 1.05 1.09 1.05 1.08 1.08 
1.05 1.09 1.07 1.09 1.06 1.09 1.07 1.08 1.07 1.09 1.08 1.06 1.08 1.07 1.07 1.07 1.05 1.09 1.08 1.06 
1.07 1.06 1.07 1.05 1.06 1.05 1.08 1.08 1.09 1.06 1.06 1.07 1.05 1.09 1.09 1.09 1.05 1.08 1.08 1.09 
1.05 1.05 1.05 1.06 1.05 1.06 1.08 1.09 1.08 1.06 1.08 1.06 1.06 1.09 1.06 1.07 1.07 1.05 1.05 1.08 
1.05 1.06 1.05 1.05 1.05 1.09 1.08 1.06 1.09 1.08 1.09 1.09 1.07 1.06 1.06 1.06 1.08 1.08 1.07 1.07 
1.07 1.07 1.06 1.06 1.07 1.09 1.06 1.06 1.07 1.07 1.07 1.09 1.06 1.09 1.06 1.07 1.05 1.09 1.09 1.06 
1.06 1.09 1.08 1.07 1.09 1.08 1.07 1.07 1.09 1.07 1.09 1.06 1.09 1.09 1.08 1.06 1.07 1.09 1.08 1.08 
1.05 1.08 1.08 1.07 1.08 1.05 1.07 1.06 1.06 1.07 1.08 1.08 1.09 1.07 1.06 1.07 1.08 1.05 1.08 1.06 
1.06 1.06 1.05 1.06 1.09 1.07 1.08 1.06 1.07 1.06 1.06 1.05 1.09 1.08 1.06 1.08 1.08 1.06 1.09 1.08 
1.07 1.07 1.08 1.09 1.07 1.09 1.08 1.09 1.09 1.07 1.05 1.05 1.06 1.07 1.06 1.09 1.07 1.09 1.08 1.09 
1.09 1.07 1.06 1.07 1.06 1.08 1.08 1.07 1.09 1.07 1.07 1.05 1.07 1.08 1.09 1.05 1.07 1.06 1.05 1.06 
1.05 1.07 1.05 1.09 1.09 1.09 1.08 1.08 1.05 1.09 1.08 1.06 1.06 1.05 1.05 1.08 1.06 1.07 1.06 1.05 
1.07 1.08 1.08 1.08 1.05 1.08 1.06 1.09 1.09 1.07 1.09 1.05 1.08 1.05 1.06 1.06 1.06 1.05 1.07 1.07 
1.07 1.06 1.06 1.08 1.08 1.06 1.05 1.09 1.08 1.07 1.05 1.06 1.09 1.07 1.05 1.07 1.07 1.09 1.08 1.08 
1.08 1.09 1.07 1.06 1.06 1.08 1.08 1.07 1.09 1.09 1.09 1.08 1.06 1.07 1.06 1.07 1.07 1.05 1.05 1.05 
1.05 1.08 1.09 1.06 1.08 1.06 1.09 1.07 1.05 1.05 1.09 1.09 1.08 1.08 1.09 1.09 1.07 1.06 1.06 1.09 
1.05 1.07 1.05 1.05 1.07 1.05 1.07 1.06 1.05 1.06 1.06 1.09 1.08 1.09 1.06 1.09 1.08 1.07 1.08 1.07 
1.05 1.07 1.07 1.09 1.09 1.06 1.05 1.08 1.08 1.06 1.05 1.06 1.09 1.09 1.06 1.06 1.08 1.08 1.05 1.09 
1.06 1.09 1.06 1.09 1.06 1.08 1.05 1.08 1.08 1.09 1.06 1.05 1.07 1.07 1.08 1.06 1.07 1.05 1.05 1.08 
1.08 1.09 1.07 1.06 1.05 1.06 1.05 1.05 1.06 1.07 1.08 1.05 1.05 1.07 1.06 1.06 1.08 1.08 1.07 1.08 
1.06 1.08 1.05 1.09 1.05 1.06 1.07 1.06 1.06 1.08 1.06 1.06 1.05 1.05 1.06 1.05 1.08 1.09 1.07 1.09 
1.08 1.09 1.08 1.06 1.06 1.07 1.07 1.08 1.05 1.05 1.06 1.09 1.08 1.07 1.05 1.05 1.05 1.09 1.05 1.07 
1.07 1.07 1.05 1.05 1.07 1.09 1.08 1.06 1.07 1.06 1.06 1.05 1.07 1.08 1.05 1.07 1.06 1.07 1.06 1.09 
1.06 1.08 1.05 1.09 1.09 1.08 1.07 1.07 1.09 1.08 1.06 1.08 1.09 1.09 1.07 1.06 1.06 1.05 1.09 1.08 
1.09 1.08 1.08 1.08 1.08 1.06 1.09 1.05 1.05 1.06 1.05 1.07 1.07 1.07 1.06 1.06 1.05 1.08 1.05 1.07 
1.09 1.05 1.06 1.08 1.08 1.08 1.06 1.05 1.06 1.07 1.07 1.05 1.07 1.09 1.08 1.09 1.05 1.06 1.09 1.06 
1.08 1.05 1.07 1.07 1.08 1.09 1.09 1.06 1.09 1.07 1.09 1.08 1.09 1.05 1.05 1.08 1.05 1.05 1.05 1.06 
1.07 1.07 1.06 1.05 1.08 1.09 1.05 1.08 1.08 1.05 1.06 1.06 1.06 1.07 1.06 1.07 1.07 1.08 1.09 1.06 
1.07 1.09 1.09 1.07 1.07 1.09 1.09 1.05 1.05 1.09 1.05 1.09 1.08 1.06 1.09 1.05 1.07 1.08 1.05 1.08 
1.05 1.09 1.09 1.09 1.05 1.08 1.05 1.09 1.05 1.06 1.07 1.09 1.06 1.09 1.09 1.06 1.07 1.06 1.07 1.05 
1.06 1.06 1.09 1.07 1.05 1.06 1.09 1.05 1.07 1.07 1.05 1.07 1.05 1.07 1.08 1.07 1.06 1.09 1.06 1.07 
1.05 1.08 1.09 1.06 1.07 1.05 1.05 1.06 1.09 1.07 1.06 1.05 1.08 1.09 1.09 1.06 1.08 1.07 1.07 1.09 
1.09 1.09 1.06 1.08 1.09 1.09 1.08 1.09 1.05 1.08 1.08 1.08 1.05 1.07 1.09 1.09 1.07 1.08 1.08 1.06 
1.06 1.09 1.07 1.09 1.08 1.05 1.07 1.07 1.09 1.09 1.08 1.06 1.05 1.05 1.08 1.09 1.08 1.05 1.05 1.05 
1.06 1.07 1.06 1.09 1.08 1.05 1.06 1.06 1.09 1.07 1.08 1.09 1.09 1.09 1.06 1.05 1.07 1.08 1.06 1.05 
1.07 1.06 1.05 1.08 1.06 1.06 1.06 1.08 1.05 1.09 1.08 1.08 1.06 1.06 1.07 1.07 1.05 1.05 1.08 1.05 
1.05 1.09 1.07 1.06 1.06 1.09 1.05 1.07 1.07 1.09 1.08 1.08 1.08 1.08 1.08 1.09 1.05 1.06 1.07 1.05 
1.07 1.09 1.07 1.06 1.05 1.09 1.05 1.06 1.08 1.07 1.07 1.09 1.08 1.05 1.07 1.08 1.07 1.07 1.05 1.05 
1.08 1.08 1.09 1.07 1.08 1.08 1.07 1.07 1.08 1.09 1.08 1.07 1.09 1.05 1.08 1.06 1.09 1.08 1.05 1.05 
1.07 1.05 1.09 1.05 1.07 1.05 1.09 1.05 1.07 1.06 1.09 1.05 1.07 1.05 1.06 1.07 1.07 1.05 1.05 1.05 
1.09 1.05 1.09 1.05 1.09 1.08 1.05 1.06 1.08 1.07 1.08 1.09 1.08 1.05 1.05 1.09 1.05 1.09 1.09 1.09 
1.06 1.05 1.07 1.09 1.09 1.09 1.05 1.05 1.05 1.08 1.07 1.06 1.06 1.09 1.07 1.07 1.05 1.07 1.07 1.08 
1.07 1.09 1.06 1.07 1.09 1.09 1.09 1.07 1.05 1.07 1.09 1.07 1.07 1.07 1.08 1.05 1.08 1.06 1.06 1.07 
1.05 1.05 1.07 1.09 1.08 1.06 1.05 1.07 1.09 1.08 1.07 1.05 1.09 1.05 1.06 1.09 1.05 1.07 1.06 1.07 
1.09 1.07 1.06 1.06 1.08 1.06 1.09 1.05 1.06 1.05 1.05 1.09 1.09 1.09 1.06 1.06 1.09 1.06 1.09 1.08 
1.05 1.05 1.05 1.07 1.07 1.09 1.06 1.08 1.07 1.08 1.05 1.05 1.09 1.09 1.06 1.08 1.07 1.09 1.05 1.07 
1.08 1.09 1.08 1.07 1.08 1.05 1.08 1.09 1.09 1.05 1.08 1.05 1.08 1.09 1.05 1.07 1.05 1.09 1.07 1.07 
1.08 1.08 1.07 1.09 1.07 1.06 1.06 1.09 1.06 1.08 1.09 1.07 1.08 1.05 1.05 1.08 1.09 1.09 1.05 1.08 
1.08 1.08 1.07 1.07 1.08 1.08 1.07 1.07 1.06 1.05 1.07 1.07 1.09 1.08 1.05 1.05 1.05 1.09 1.07 1.06 
1.06 1.07 1.05 1.05 1.06 1.05 1.05 1.09 1.05 1.08 1.06 1.08 1.05 1.05 1.09 1.05 1.06 1.07 1.07 1.09 
1.06 1.07 1.07 1.09 1.09 1.09 1.07 1.07 1.07 1.05 1.05 1.08 1.07 1.07 1.06 1.06 1.05 1.05 1.06 1.07 
1.09 1.09 1.08 1.06 1.06 1.05 1.07 1.09 1.06 1.06 1.08 1.07 1.05 1.05 1.06 1.06 1.07 1.09 1.05 1.06 
1.07 1.07 1.07 1.07 1.06 1.05 1.06 1.08 1.07 1.07 1.09 1.05 1.07 1.09 1.05 1.07 1.08 1.05 1.09 1.08 
1.08 1.08 1.07 1.09 1.08 1.05 1.06 1.05 1.07 1.06 1.05 1.09 1.08 1.09 1.07 1.07 1.07 1.08 1.05 1.05 
1.05 1.06 1.09 1.05 1.09 1.05 1.09 1.07 1.09 1.08 1.07 1.07 1.07 1.05 1.07 1.07 1.09 1.07 1.06 1.08 
1.09 1.08 1.07 1.09 1.07 1.05 1.08 1.08 1.08 1.07 1.09 1.08 1.05 1.06 1.08 1.06 1.06 1.07 1.06 1.09 
1.05 1.09 1.07 1.08 1.08 1.08 1.06 1.07 1.08 1.09 1.06 1.06 1.09 1.09 1.09 1.08 1.06 1.05 1.08 1.07 
1.06 1.05 1.06 1.05 1.06 1.07 1.06 1.07 1.05 1.06 1.06 1.09 1.07 1.07 1.09 1.08 1.09 1.06 1.09 1.09 
1.08 1.07 1.08 1.05 1.09 1.08 1.07 1.06 1.08 1.06 1.07 1.05 1.08 1.08 1.05 1.06 1.08 1.05 1.06 1.08 
1.05 1.09 1.05 1.09 1.05 1.09 1.09 1.07 1.08 1.09 1.05 1.05 1.06 1.07 1.06 1.05 1.08 1.06 1.08 1.06 
1.07 1.06 1.09 1.06 1.08 1.07 1.08 1.09 1.07 1.05 1.07 1.08 1.08 1.05 1.07 1.05 1.08 1.06 1.08 1.07 
1.09 1.05 1.07 1.08 1.07 1.05 1.05 1.05 1.06 1.05 1.05 1.05 1.08 1.09 1.07 1.08 1.06 1.05 1.07 1.05 
1.06 1.07 1.05 1.06 1.06 1.08 1.09 1.07 1.08 1.09 1.07 1.09 1.08 1.08 1.08 1.09 1.06 1.09 1.05 1.07 
1.07 1.08 1.07 1.08 1.05 1.07 1.09 1.06 1.09 1.07 1.08 1.09 1.07 1.05 1.07 1.08 1.05 1.05 1.06 1.08 
1.07 1.07 1.09 1.09 1.06 1.07 1.08 1.07 1.09 1.05 1.06 1.05 1.07 1.06 1.06 1.08 1.09 1.09 1.06 1.06 
1.07 1.09 1.09 1.08 1.09 1.05 1.09 1.09 1.09 1.08 1.09 1.08 1.05 1.05 1.06 1.09 1.05 1.07 1.06 1.05 
1.08 1.05 1.05 1.08 1.05 1.08 1.07 1.06 1.07 1.06 1.06 1.07 1.08 1.05 1.08 1.05 1.07 1.09 1.06 1.09 
1.09 1.07 1.08 1.06 1.07 1.08 1.06 1.08 1.06 1.08 1.07 1.09 1.07 1.09 1.05 1.09 1.07 1.08 1.05 1.07 
1.08 1.09 1.09 1.05 1.09 1.07 1.06 1.06 1.08 1.08 1.08 1.06 1.05 1.09 1.07 1.06 1.05 1.09 1.07 1.07 
1.06 1.06 1.07 1.06 1.06 1.06 1.06 1.09 1.08 1.07 1.06 1.08 1.08 1.08 1.06 1.05 1.09 1.06 1.07 1.07 
1.05 1.07 1.06 1.06 1.07 1.09 1.05 1.06 1.09 1.07 1.08 1.07 1.09 1.05 1.06 1.09 1.07 1.07 1.08 1.05 
1.05 1.05 1.08 1.08 1.05 1.06 1.09 1.08 1.09 1.05 1.06 1.08 1.05 1.09 1.08 1.05 1.06 1.08 1.09 1.07 
1.06 1.06 1.06 1.07 1.07 1.07 1.06 1.08 1.09 1.06 1.05 1.06 1.08 1.09 1.08 1.05 1.05 1.08 1.08 1.05 
1.06 1.09 1.06 1.09 1.06 1.07 1.09 1.09 1.06 1.05 1.08 1.06 1.09 1.06 1.09 1.08 1.09 1.09 1.07 1.09 
1.09 1.07 1.06 1.08 1.05 1.05 1.06 1.06 1.06 1.09 1.07 1.07 1.09 1.05 1.09 1.07 1.05 1.06 1.05 1.06 
1.07 1.08 1.05 1.06 1.08 1.05 1.05 1.06 1.09 1.05 1.09 1.08 1.08 1.08 1.08 1.08 1.06 1.06 1.06 1.07 
1.06 1.05 1.07 1.09 1.07 1.06 1.09 1.07 1.05 1.09 1.09 1.06 1.07 1.07 1.08 1.08 1.05 1.08 1.08 1.05 
1.08 1.06 1.09 1.05 1.06 1.08 1.05 1.05 1.09 1.08 1.08 1.06 1.05 1.05 1.06 1.06 1.05 1.07 1.07 1.05 
1.09 1.08 1.08 1.06 1.06 1.08 1.07 1.05 1.06 1.05 1.06 1.08 1.09 1.08 1.09 1.09 1.05 1.05 1.05 1.05 
1.09 1.09 1.05 1.08 1.05 1.05 1.06 1.09 1.05 1.06 1.09 1.07 1.09 1.07 1.07 1.08 1.05 1.07 1.06 1.07 
1.07 1.06 1.07 1.07 1.09 1.07 1.05 1.06 1.05 1.09 1.07 1.09 1.07 1.06 1.08 1.07 1.09 1.09 1.09 1.05 
1.09 1.06 1.05 1.08 1.06 1.08 1.09 1.09 1.07 1.06 1.07 1.08 1.07 1.06 1.06 1.09 1.06 1.08 1.06 1.09 
1.08 1.08 1.07 1.06 1.09 1.05 1.06 1.07 1.08 1.08 1.08 1.07 1.07 1.05 1.06 1.09 1.05 1.05 1.08 1.09 
1.06 1.08 1.09 1.06 1.07 1.09 1.08 1.06 1.09 1.07 1.09 1.05 1.09 1.06 1.09 1.07 1.06 1.05 1.07 1.05 
1.06 1.07 1.07 1.06 1.09 1.08 1.09 1.08 1.07 1.05 1.08 1.09 1.08 1.05 1.05 1.09 1.07 1.08 1.05 1.08 
1.06 1.05 1.08 1.09 1.08 1.08 1.06 1.06 1.06 1.09 1.06 1.09 1.06 1.08 1.05 1.07 1.05 1.09 1.09 1.07 
1.05 1.08 1.07 1.09 1.06 1.05 1.06 1.09 1.06 1.08 1.07 1.06 1.09 1.06 1.07 1.07 1.06 1.06 1.07 1.06 
1.09 1.08 1.05 1.05 1.09 1.05 1.08 1.09 1.08 1.05 1.07 1.05 1.05 1.09 1.06 1.09 1.09 1.06 1.08 1.05 
1.09 1.05 1.06 1.08 1.08 1.07 1.07 1.06 1.07 1.05 1.06 1.08 1.05 1.08 1.09 1.09 1.08 1.07 1.07 1.05 
1.05 1.07 1.09 1.05 1.08 1.09 1.07 1.08 1.07 1.07 1.09 1.08 1.07 1.07 1.06 1.06 1.05 1.09 1.08 1.07 
1.09 1.05 1.09 1.08 1.06 1.07 1.07 1.06 1.05 1.05 1.08 1.06 1.08 1.05 1.06 1.09 1.09 1.06 1.07 1.06 
1.07 1.06 1.07 1.08 1.06 1.08 1.08 1.09 1.08 1.09 1.05 1.08 1.07 1.05 1.09 1.05 1.07 1.05 1.07 1.05 
1.06 1.08 1.07 1.06 1.07 1.09 1.07 1.09 1.05 1.06 1.08 1.07 1.09 1.05 1.05 1.09 1.05 1.05 1.06 1.06 
1.05 1.09 1.09 1.07 1.08 1.05 1.08 1.06 1.08 1.07 1.08 1.05 1.06 1.09 1.07 1.06 1.08 1.05 1.09 1.06 
1.06 1.06 1.07 1.07 1.08 1.06 1.06 1.07 1.06 1.06 1.05 1.06 1.09 1.05 1.06 1.05 1.08 1.07 1.08 1.05 
1.05 1.05 1.07 1.09 1.05 1.07 1.06 1.07 1.08 1.07 1.06 1.09 1.05 1.06 1.08 1.06 1.07 1.08 1.08 1.09 
1.07 1.09 1.07 1.05 1.07 1.06 1.06 1.09 1.08 1.09 1.07 1.06 1.05 1.06 1.09 1.08 1.09 1.05 1.06 1.05 
1.06 1.09 1.09 1.07 1.07 1.08 1.05 1.09 1.09 1.06 1.08 1.09 1.07 1.06 1.05 1.05 1.06 1.07 1.05 1.07 
1.09 1.08 1.07 1.09 1.06 1.06 1.09 1.05 1.07 1.06 1.09 1.09 1.09 1.08 1.05 1.07 1.09 1.06 1.09 1.06 
1.09 1.07 1.07 1.08 1.09 1.09 1.07 1.07 1.08 1.08 1.09 1.06 1.07 1.07 1.07 1.06 1.08 1.06 1.08 1.05 
1.06 1.09 1.06 1.08 1.07 1.09 1.07 1.06 1.08 1.05 1.05 1.09 1.09 1.07 1.06 1.08 1.08 1.07 1.06 1.05 
1.08 1.06 1.09 1.07 1.07 1.08 1.05 1.05 1.07 1.06 1.08 1.05 1.07 1.07 1.05 1.07 1.05 1.08 1.08 1.07 
1.07 1.08 1.08 1.08 1.05 1.08 1.09 1.08 1.09 1.06 1.08 1.07 1.06 1.06 1.08 1.07 1.05 1.08 1.07 1.05 
1.05 1.08 1.05 1.07 1.08 1.06 1.07 1.07 1.09 1.09 1.06 1.06 1.06 1.05 1.09 1.09 1.06 1.09 1.07 1.06 
1.05 1.07 1.07 1.08 1.09 1.09 1.09 1.06 1.06 1.09 1.09 1.08 1.09 1.09 1.09 1.09 1.08 1.05 1.08 1.05 
1.09 1.09 1.05 1.06 1.05 1.05 1.09 1.07 1.06 1.09 1.06 1.05 1.06 1.09 1.09 1.08 1.05 1.06 1.06 1.07 
1.05 1.09 1.07 1.05 1.08 1.05 1.07 1.08 1.07 1.05 1.05 1.06 1.06 1.07 1.07 1.07 1.05 1.08 1.09 1.07 
1.06 1.09 1.07 1.07 1.05 1.09 1.05 1.08 1.06 1.07 1.08 1.07 1.07 1.06 1.07 1.06 1.09 1.05 1.08 1.08 
1.07 1.08 1.07 1.09 1.09 1.09 1.05 1.07 1.09 1.06 1.05 1.07 1.07 1.05 1.05 1.06 1.09 1.09 1.06 1.09 
1.07 1.08 1.09 1.08 1.06 1.05 1.07 1.07 1.06 1.05 1.08 1.06 1.06 1.07 1.07 1.08 1.07 1.07 1.09 1.07 
1.09 1.06 1.09 1.09 1.05 1.05 1.06 1.09 1.07 1.05 1.09 1.05 1.05 1.09 1.09 1.09 1.08 1.05 1.05 1.05 
1.09 1.09 1.07 1.08 1.05 1.09 1.06 1.08 1.05 1.06 1.07 1.06 1.05 1.05 1.06 1.05 1.08 1.05 1.06 1.08 
1.09 1.09 1.08 1.05 1.08 1.07 1.05 1.09 1.07 1.07 1.05 1.06 1.05 1.06 1.07 1.07 1.08 1.08 1.06 1.06 
1.06 1.06 1.05 1.09 1.09 1.08 1.07 1.07 1.09 1.05 1.07 1.05 1.06 1.07 1.06 1.07 1.07 1.06 1.08 1.06 
1.06 1.08 1.06 1.06 1.09 1.07 1.07 1.09 1.07 1.09 1.08 1.08 1.06 1.09 1.08 1.05 1.07 1.08 1.09 1.06 
1.07 1.08 1.07 1.09 1.06 1.07 1.06 1.07 1.06 1.08 1.07 1.07 1.07 1.08 1.05 1.06 1.06 1.06 1.09 1.08 
1.05 1.05 1.08 1.08 1.08 1.09 1.09 1.05 1.05 1.06 1.05 1.06 1.08 1.09 1.07 1.07 1.07 1.08 1.07 1.07 
1.09 1.05 1.07 1.06 1.06 1.09 1.06 1.08 1.05 1.08 1.07 1.07 1.07 1.08 1.08 1.05 1.05 1.07 1.07 1.07 
1.06 1.08 1.09 1.06 1.05 1.05 1.08 1.09 1.08 1.07 1.05 1.06 1.05 1.05 1.07 1.08 1.05 1.07 1.08 1.08 
1.05 1.08 1.05 1.07 1.09 1.05 1.09 1.08 1.09 1.09 1.07 1.07 1.09 1.08 1.08 1.07 1.05 1.06 1.05 1.09 
1.07 1.09 1.06 1.07 1.05 1.07 1.09 1.07 1.08 1.06 1.09 1.07 1.08 1.09 1.07 1.09 1.07 1.05 1.09 1.09 
1.09 1.06 1.07 1.09 1.07 1.06 1.06 1.09 1.09 1.06 1.08 1.08 1.06 1.05 1.08 1.05 1.07 1.06 1.09 1.06 
1.09 1.07 1.07 1.08 1.06 1.07 1.05 1.05 1.07 1.09 1.08 1.08 1.08 1.08 1.09 1.06 1.06 1.05 1.06 1.06 
1.07 1.09 1.09 1.06 1.09 1.09 1.06 1.05 1.07 1.08 1.06 1.08 1.07 1.05 1.05 1.06 1.05 1.06 1.05 1.06 
1.05 1.06 1.06 1.05 1.06 1.08 1.07 1.08 1.07 1.09 1.06 1.07 1.07 1.08 1.09 1.05 1.06 1.06 1.06 1.08 
1.05 1.07 1.05 1.08 1.07 1.07 1.05 1.08 1.05 1.06 1.07 1.08 1.06 1.07 1.06 1.09 1.07 1.09 1.09 1.05 
1.06 1.08 1.08 1.07 1.08 1.09 1.09 1.08 1.05 1.05 1.07 1.08 1.07 1.09 1.09 1.08 1.07 1.08 1.07 1.07 
1.05 1.06 1.07 1.08 1.06 1.06 1.08 1.08 1.08 1.08 1.08 1.09 1.08 1.08 1.09 1.05 1.09 1.05 1.07 1.09 
1.06 1.07 1.07 1.07 1.08 1.09 1.07 1.09 1.05 1.05 1.06 1.06 1.06 1.07 1.05 1.08 1.07 1.05 1.06 1.08 
1.05 1.09 1.05 1.07 1.09 1.05 1.09 1.08 1.09 1.07 1.09 1.07 1.07 1.06 1.09 1.05 1.05 1.06 1.09 1.05 
1.08 1.07 1.09 1.09 1.05 1.08 1.07 1.05 1.09 1.05 1.08 1.08 1.09 1.05 1.08 1.09 1.06 1.09 1.07 1.05 
1.09 1.07 1.09 1.06 1.08 1.05 1.07 1.09 1.08 1.09 1.08 1.07 1.05 1.06 1.08 1.05 1.07 1.05 1.07 1.09 
1.09 1.06 1.06 1.09 1.09 1.07 1.08 1.05 1.09 1.07 1.08 1.07 1.09 1.06 1.05 1.07 1.05 1.08 1.05 1.08 
1.08 1.05 1.07 1.07 1.06 1.08 1.06 1.06 1.07 1.05 1.05 1.05 1.07 1.06 1.05 1.07 1.07 1.09 1.08 1.05 
1.08 1.08 1.09 1.05 1.07 1.07 1.05 1.09 1.05 1.09 1.05 1.07 1.08 1.05 1.05 1.08 1.07 1.07 1.07 1.08 
1.08 1.06 1.09 1.05 1.06 1.07 1.06 1.07 1.09 1.08 1.09 1.09 1.07 1.07 1.07 1.05 1.08 1.09 1.07 1.06 
1.09 1.08 1.06 1.09 1.05 1.08 1.09 1.09 1.07 1.06 1.08 1.07 1.06 1.09 1.09 1.09 1.09 1.08 1.05 1.08 
1.07 1.06 1.08 1.05 1.06 1.07 1.08 1.07 1.09 1.07 1.06 1.09 1.05 1.05 1.09 1.07 1.08 1.07 1.09 1.05 
1.09 1.07 1.06 1.06 1.07 1.05 1.07 1.09 1.08 1.08 1.06 1.09 1.06 1.05 1.08 1.06 1.09 1.08 1.06 1.09 
1.09 1.05 1.05 1.07 1.06 1.05 1.05 1.08 1.08 1.06 1.05 1.07 1.05 1.06 1.05 1.08 1.06 1.05 1.05 1.08 
1.07 1.05 1.08 1.09 1.06 1.05 1.06 1.05 1.07 1.05 1.07 1.06 1.05 1.05 1.08 1.06 1.06 1.08 1.09 1.06 
1.07 1.09 1.08 1.08 1.06 1.06 1.06 1.08 1.07 1.07 1.09 1.05 1.09 1.07 1.05 1.08 1.09 1.07 1.08 1.09 
1.08 1.05 1.09 1.08 1.07 1.05 1.09 1.07 1.05 1.07 1.06 1.07 1.05 1.07 1.06 1.05 1.07 1.06 1.09 1.05 
1.07 1.06 1.07 1.08 1.05 1.08 1.08 1.08 1.05 1.05 1.06 1.08 1.08 1.07 1.09 1.05 1.07 1.09 1.09 1.08 
1.07 1.08 1.06 1.08 1.05 1.05 1.09 1.09 1.07 1.07 1.08 1.06 1.07 1.09 1.07 1.08 1.09 1.05 1.09 1.05 
1.07 1.07 1.05 1.08 1.08 1.05 1.08 1.08 1.06 1.06 1.07 1.08 1.06 1.07 1.08 1.05 1.05 1.08 1.07 1.09 
1.07 1.08 1.06 1.09 1.06 1.09 1.08 1.08 1.05 1.08 1.05 1.07 1.06 1.08 1.07 1.06 1.08 1.08 1.06 1.06 
1.05 1.08 1.09 1.09 1.05 1.08 1.07 1.06 1.08 1.08 1.09 1.06 1.09 1.09 1.08 1.06 1.08 1.07 1.06 1.06 
1.06 1.06 1.09 1.08 1.08 1.09 1.05 1.06 1.08 1.05 1.08 1.08 1.06 1.09 1.07 1.05 1.07 1.07 1.06 1.09 
1.05 1.09 1.06 1.05 1.05 1.09 1.06 1.08 1.08 1.07 1.05 1.06 1.05 1.08 1.09 1.07 1.06 1.05 1.09 1.06 
1.08 1.08 1.08 1.05 1.08 1.05 1.07 1.09 1.09 1.07 1.08 1.05 1.06 1.05 1.09 1.06 1.05 1.07 1.06 1.07 
1.06 1.05 1.07 1.07 1.05 1.06 1.06 1.05 1.06 1.05 1.09 1.07 1.05 1.06 1.05 1.07 1.08 1.08 1.07 1.09 
1.09 1.09 1.06 1.07 1.09 1.05 1.09 1.06 1.08 1.08 1.06 1.06 1.08 1.09 1.05 1.09 1.09 1.09 1.05 1.08 
1.07 1.05 1.05 1.06 1.05 1.05 1.09 1.09 1.05 1.08 1.05 1.06 1.09 1.09 1.08 1.06 1.08 1.08 1.07 1.08 
1.09 1.05 1.06 1.06 1.08 1.05 1.05 1.09 1.08 1.05 1.07 1.08 1.09 1.08 1.09 1.07 1.09 1.08 1.08 1.05 
1.06 1.09 1.09 1.09 1.09 1.06 1.09 1.08 1.05 1.05 1.08 1.08 1.09 1.05 1.07 1.08 1.08 1.08 1.09 1.07 
1.08 1.08 1.06 1.06 1.09 1.07 1.08 1.05 1.09 1.09 1.05 1.06 1.07 1.05 1.07 1.06 1.09 1.07 1.07 1.06 
1.05 1.08 1.06 1.09 1.07 1.07 1.09 1.06 1.05 1.06 1.09 1.08 1.05 1.07 1.09 1.06 1.09 1.06 1.08 1.06 
1.09 1.06 1.05 1.08 1.06 1.05 1.09 1.05 1.06 1.09 1.05 1.08 1.05 1.08 1.08 1.06 1.08 1.09 1.08 1.09 
1.06 1.07 1.07 1.08 1.07 1.09 1.09 1.05 1.09 1.09 1.07 1.05 1.08 1.08 1.06 1.05 1.06 1.07 1.09 1.06 
1.06 1.06 1.05 1.06 1.09 1.07 1.07 1.08 1.07 1.06 1.06 1.05 1.08 1.05 1.06 1.05 1.08 1.09 1.08 1.07 
1.08 1.07 1.08 1.08 1.06 1.06 1.08 1.07 1.05 1.09 1.08 1.06 1.06 1.05 1.06 1.05 1.05 1.06 1.07 1.09 
1.07 1.06 1.06 1.08 1.06 1.05 1.07 1.08 1.06 1.06 1.06 1.09 1.06 1.07 1.05 1.08 1.06 1.05 1.08 1.08 
1.06 1.07 1.06 1.08 1.09 1.09 1.09 1.06 1.07 1.06 1.07 1.07 1.07 1.05 1.09 1.06 1.08 1.09 1.07 1.07 
1.06 1.05 1.05 1.06 1.05 1.06 1.08 1.09 1.09 1.05 1.09 1.09 1.05 1.07 1.06 1.09 1.05 1.08 1.08 1.07 
1.08 1.07 1.05 1.09 1.06 1.07 1.07 1.06 1.06 1.05 1.05 1.09 1.07 1.07 1.06 1.09 1.06 1.07 1.09 1.09 
1.08 1.05 1.08 1.07 1.08 1.09 1.06 1.07 1.05 1.09 1.05 1.07 1.05 1.05 1.09 1.07 1.06 1.08 1.06 1.09 
1.05 1.06 1.08 1.08 1.05 1.09 1.05 1.07 1.06 1.09 1.09 1.08 1.09 1.05 1.09 1.06 1.08 1.09 1.09 1.05 
1.05 1.09 1.07 1.07 1.09 1.05 1.05 1.07 1.09 1.06 1.09 1.07 1.09 1.06 1.05 1.06 1.05 1.08 1.05 1.06 
1.06 1.07 1.07 1.07 1.06 1.09 1.09 1.09 1.07 1.07 1.07 1.06 1.08 1.07 1.08 1.07 1.06 1.09 1.08 1.06 
1.05 1.06 1.07 1.08 1.07 1.07 1.08 1.08 1.07 1.09 1.08 1.08 1.07 1.07 1.06 1.07 1.09 1.06 1.08 1.09 
1.06 1.09 1.08 1.09 1.05 1.07 1.08 1.07 1.09 1.06 1.09 1.09 1.08 1.09 1.08 1.06 1.09 1.05 1.05 1.06 
1.08 1.08 1.06 1.09 1.06 1.06 1.09 1.05 1.06 1.07 1.05 1.07 1.06 1.09 1.07 1.06 1.08 1.06 1.08 1.09 
1.06 1.07 1.05 1.09 1.05 1.05 1.09 1.09 1.07 1.09 1.08 1.06 1.08 1.07 1.05 1.09 1.09 1.06 1.09 1.09 
1.09 1.06 1.05 1.09 1.09 1.08 1.09 1.06 1.05 1.07 1.05 1.07 1.07 1.08 1.06 1.06 1.09 1.06 1.07 1.05 
1.09 1.08 1.05 1.08 1.06 1.05 1.06 1.08 1.06 1.08 1.08 1.09 1.05 1.08 1.06 1.09 1.06 1.08 1.05 1.09 
1.09 1.08 1.06 1.08 1.07 1.09 1.09 1.05 1.06 1.05 1.08 1.09 1.06 1.06 1.06 1.07 1.06 1.08 1.07 1.06 
1.06 1.06 1.07 1.07 1.08 1.07 1.08 1.09 1.09 1.09 1.06 1.09 1.07 1.07 1.07 1.07 1.05 1.06 1.09 1.09 
1.06 1.07 1.06 1.07 1.05 1.07 1.06 1.06 1.05 1.09 1.07 1.08 1.09 1.06 1.07 1.06 1.05 1.08 1.05 1.09 
1.07 1.09 1.09 1.06 1.07 1.07 1.06 1.06 1.06 1.06 1.08 1.07 1.06 1.06 1.09 1.05 1.09 1.09 1.07 1.06 
1.05 1.07 1.09 1.06 1.06 1.09 1.07 1.05 1.09 1.06 1.09 1.05 1.05 1.08 1.07 1.07 1.07 1.06 1.08 1.09 
1.09 1.06 1.05 1.08 1.07 1.07 1.07 1.08 1.07 1.08 1.07 1.08 1.07 1.05 1.05 1.08 1.07 1.07 1.05 1.08 
1.07 1.08 1.07 1.07 1.09 1.05 1.05 1.08 1.06 1.08 1.08 1.06 1.09 1.08 1.06 1.05 1.05 1.08 1.08 1.08 
1.06 1.08 1.05 1.09 1.07 1.08 1.07 1.05 1.05 1.05 1.06 1.06 1.08 1.06 1.07 1.08 1.06 1.08 1.05 1.08 
1.06 1.09 1.07 1.06 1.07 1.08 1.07 1.06 1.07 1.09 1.06 1.06 1.05 1.06 1.06 1.09 1.08 1.07 1.05 1.09 
1.05 1.09 1.06 1.06 1.06 1.09 1.06 1.06 1.05 1.09 1.09 1.09 1.06 1.09 1.09 1.05 1.08 1.09 1.08 1.05 
1.05 1.08 1.08 1.09 1.09 1.07 1.05 1.05 1.07 1.08 1.06 1.06 1.06 1.05 1.09 1.08 1.06 1.07 1.07 1.06 
1.06 1.08 1.08 1.09 1.08 1.08 1.09 1.09 1.09 1.05 1.05 1.08 1.09 1.08 1.07 1.05 1.06 1.08 1.08 1.08 
1.08 1.07 1.07 1.09 1.05 1.05 1.06 1.07 1.09 1.06 1.07 1.09 1.08 1.09 1.05 1.09 1.08 1.09 1.09 1.05 
1.07 1.05 1.07 1.05 1.07 1.05 1.09 1.07 1.05 1.07 1.07 1.07 1.09 1.09 1.08 1.09 1.07 1.05 1.05 1.06 
1.08 1.05 1.06 1.06 1.09 1.08 1.06 1.07 1.07 1.05 1.07 1.08 1.06 1.07 1.06 1.07 1.08 1.06 1.05 1.09 
1.05 1.06 1.09 1.09 1.07 1.07 1.05 1.05 1.08 1.05 1.07 1.06 1.09 1.06 1.06 1.06 1.06 1.08 1.07 1.08 
1.05 1.07 1.09 1.05 1.05 1.06 1.08 1.07 1.08 1.07 1.05 1.08 1.06 1.08 1.05 1.05 1.07 1.09 1.05 1.06 
1.09 1.06 1.05 1.06 1.08 1.05 1.07 1.09 1.06 1.06 1.08 1.05 1.09 1.08 1.08 1.06 1.05 1.06 1.06 1.07 
1.09 1.07 1.06 1.07 1.07 1.05 1.06 1.05 1.07 1.07 1.06 1.05 1.05 1.08 1.09 1.07 1.06 1.07 1.05 1.05 
1.06 1.07 1.07 1.06 1.06 1.09 1.09 1.05 1.05 1.08 1.09 1.06 1.09 1.09 1.06 1.05 1.06 1.05 1.06 1.08 
1.05 1.09 1.08 1.06 1.09 1.05 1.06 1.09 1.06 1.08 1.08 1.09 1.05 1.05 1.07 1.09 1.07 1.08 1.06 1.08 
1.06 1.05 1.06 1.07 1.06 1.09 1.09 1.05 1.07 1.09 1.06 1.08 1.07 1.06 1.05 1.06 1.06 1.07 1.08 1.07 
1.07 1.08 1.05 1.09 1.09 1.06 1.07 1.07 1.05 1.06 1.09 1.06 1.08 1.08 1.09 1.09 1.06 1.05 1.07 1.09 
1.06 1.06 1.08 1.06 1.06 1.09 1.08 1.07 1.05 1.08 1.09 1.09 1.05 1.05 1.08 1.09 1.07 1.05 1.05 1.05 
1.09 1.07 1.06 1.06 1.09 1.05 1.08 1.07 1.08 1.05 1.07 1.06 1.09 1.07 1.07 1.09 1.08 1.09 1.07 1.05 
1.07 1.07 1.06 1.09 1.09 1.05 1.05 1.06 1.08 1.07 1.06 1.08 1.08 1.08 1.05 1.05 1.08 1.06 1.07 1.06 
1.09 1.07 1.06 1.07 1.08 1.06 1.09 1.07 1.09 1.08 1.08 1.07 1.05 1.08 1.07 1.06 1.06 1.06 1.07 1.09 
1.06 1.05 1.07 1.06 1.09 1.09 1.06 1.06 1.08 1.06 1.08 1.06 1.09 1.06 1.05 1.09 1.09 1.08 1.05 1.08 
1.08 1.09 1.06 1.05 1.07 1.07 1.07 1.06 1.09 1.08 1.07 1.05 1.08 1.08 1.05 1.06 1.05 1.07 1.08 1.09 
1.05 1.09 1.08 1.06 1.05 1.05 1.05 1.07 1.08 1.07 1.09 1.05 1.07 1.09 1.08 1.05 1.06 1.05 1.09 1.08 
1.07 1.06 1.05 1.06 1.06 1.09 1.07 1.06 1.08 1.08 1.08 1.08 1.07 1.07 1.06 1.05 1.08 1.08 1.09 1.07 
1.07 1.08 1.07 1.05 1.08 1.06 1.09 1.07 1.08 1.05 1.06 1.05 1.07 1.08 1.06 1.09 1.07 1.06 1.05 1.08 
1.09 1.08 1.06 1.09 1.05 1.06 1.07 1.09 1.06 1.05 1.05 1.05 1.07 1.06 1.07 1.08 1.05 1.09 1.07 1.07 
1.09 1.05 1.05 1.08 1.05 1.05 1.06 1.08 1.06 1.05 1.05 1.09 1.09 1.05 1.08 1.07 1.09 1.07 1.08 1.08 
1.06 1.08 1.08 1.05 1.07 1.07 1.05 1.05 1.06 1.09 1.05 1.05 1.05 1.05 1.05 1.09 1.08 1.07 1.06 1.07 
1.07 1.08 1.07 1.07 1.06 1.09 1.09 1.09 1.08 1.07 1.05 1.08 1.05 1.05 1.07 1.05 1.09 1.05 1.08 1.08 
1.05 1.07 1.07 1.09 1.07 1.08 1.05 1.05 1.08 1.05 1.08 1.07 1.07 1.08 1.05 1.09 1.05 1.09 1.07 1.08 
1.06 1.05 1.05 1.08 1.08 1.05 1.09 1.07 1.05 1.05 1.05 1.08 1.05 1.06 1.05 1.08 1.06 1.08 1.06 1.07 
1.07 1.05 1.05 1.05 1.07 1.08 1.06 1.09 1.09 1.07 1.06 1.07 1.06 1.09 1.07 1.09 1.06 1.08 1.09 1.06 
1.08 1.09 1.06 1.07 1.06 1.08 1.05 1.06 1.09 1.07 1.07 1.07 1.09 1.06 1.08 1.07 1.08 1.07 1.05 1.06 
1.07 1.08 1.05 1.06 1.07 1.07 1.06 1.06 1.05 1.09 1.07 1.06 1.09 1.07 1.05 1.08 1.05 1.07 1.05 1.09 
1.08 1.08 1.09 1.08 1.05 1.07 1.06 1.05 1.06 1.06 1.07 1.06 1.07 1.09 1.06 1.05 1.05 1.07 1.05 1.05 
1.09 1.08 1.07 1.05 1.06 1.07 1.05 1.09 1.08 1.08 1.08 1.09 1.06 1.09 1.06 1.07 1.05 1.09 1.07 1.05 
1.07 1.09 1.07 1.07 1.05 1.06 1.06 1.05 1.09 1.05 1.06 1.05 1.08 1.08 1.06 1.07 1.07 1.08 1.09 1.08 
1.06 1.08 1.09 1.05 1.08 1.07 1.09 1.05 1.08 1.07 1.05 1.09 1.09 1.09 1.08 1.08 1.09 1.07 1.06 1.05 
1.08 1.07 1.07 1.06 1.08 1.06 1.05 1.07 1.07 1.08 1.06 1.08 1.08 1.09 1.09 1.05 1.07 1.07 1.06 1.05 
1.08 1.06 1.08 1.07 1.07 1.06 1.06 1.08 1.09 1.07 1.07 1.06 1.09 1.09 1.05 1.05 1.09 1.09 1.05 1.05 
1.08 1.09 1.07 1.08 1.06 1.06 1.09 1.06 1.06 1.05 1.08 1.06 1.06 1.06 1.09 1.08 1.09 1.07 1.08 1.07 
1.08 1.05 1.07 1.07 1.06 1.08 1.05 1.07 1.06 1.06 1.08 1.07 1.06 1.07 1.06 1.05 1.09 1.07 1.08 1.06 
1.07 1.07 1.05 1.07 1.08 1.06 1.05 1.07 1.05 1.09 1.08 1.06 1.07 1.05 1.08 1.07 1.08 1.06 1.09 1.06 
1.07 1.07 1.08 1.06 1.05 1.09 1.06 1.06 1.07 1.05 1.06 1.09 1.09 1.05 1.08 1.08 1.06 1.09 1.06 1.07 
1.08 1.07 1.09 1.08 1.09 1.07 1.07 1.06 1.09 1.08 1.05 1.05 1.08 1.05 1.09 1.09 1.08 1.05 1.08 1.08 
1.06 1.07 1.07 1.05 1.06 1.09 1.06 1.08 1.05 1.08 1.08 1.09 1.06 1.08 1.08 1.05 1.08 1.09 1.05 1.08 
1.09 1.09 1.07 1.06 1.08 1.07 1.09 1.07 1.08 1.05 1.05 1.08 1.06 1.05 1.05 1.05 1.05 1.07 1.06 1.05 
1.09 1.06 1.06 1.06 1.07 1.06 1.07 1.08 1.08 1.06 1.07 1.08 1.05 1.09 1.05 1.06 1.06 1.05 1.05 1.09 
1.07 1.06 1.08 1.05 1.07 1.07 1.05 1.07 1.08 1.05 1.09 1.05 1.07 1.09 1.07 1.05 1.09 1.07 1.05 1.05 
1.08 1.06 1.06 1.06 1.09 1.09 1.05 1.09 1.05 1.06 1.07 1.06 1.09 1.05 1.06 1.05 1.07 1.06 1.07 1.08 
1.09 1.09 1.09 1.07 1.06 1.06 1.05 1.06 1.07 1.09 1.05 1.06 1.05 1.06 1.07 1.08 1.05 1.09 1.05 1.06 
1.09 1.07 1.09 1.05 1.09 1.05 1.07 1.07 1.07 1.09 1.07 1.06 1.09 1.06 1.05 1.09 1.07 1.07 1.08 1.08 
1.09 1.06 1.09 1.08 1.06 1.05 1.09 1.09 1.08 1.08 1.06 1.08 1.05 1.06 1.09 1.07 1.08 1.08 1.06 1.08 
1.08 1.09 1.09 1.05 1.07 1.08 1.05 1.08 1.07 1.06 1.05 1.05 1.07 1.07 1.06 1.08 1.07 1.09 1.05 1.09 
1.05 1.08 1.07 1.05 1.06 1.06 1.09 1.05 1.07 1.06 1.05 1.05 1.06 1.09 1.06 1.09 1.05 1.05 1.08 1.09 
1.08 1.07 1.08 1.09 1.05 1.07 1.05 1.07 1.09 1.07 1.08 1.05 1.06 1.05 1.08 1.07 1.08 1.08 1.05 1.05 
1.09 1.09 1.08 1.08 1.05 1.08 1.09 1.08 1.07 1.09 1.07 1.08 1.09 1.08 1.09 1.05 1.05 1.07 1.06 1.07 
1.05 1.05 1.05 1.06 1.06 1.08 1.05 1.09 1.05 1.08 1.05 1.07 1.05 1.07 1.09 1.06 1.08 1.06 1.09 1.09 
1.09 1.09 1.05 1.05 1.08 1.09 1.08 1.08 1.09 1.07 1.08 1.07 1.06 1.08 1.09 1.07 1.07 1.07 1.06 1.09 
1.09 1.05 1.08 1.05 1.06 1.06 1.08 1.05 1.07 1.08 1.08 1.07 1.09 1.06 1.05 1.08 1.06 1.06 1.07 1.09 
1.07 1.06 1.07 1.06 1.06 1.08 1.06 1.05 1.09 1.08 1.09 1.09 1.09 1.06 1.07 1.07 1.05 1.06 1.09 1.09 
1.06 1.06 1.08 1.05 1.05 1.06 1.06 1.07 1.06 1.09 1.08 1.05 1.06 1.05 1.05 1.08 1.05 1.07 1.09 1.08 
