20
400
51 79 35 53 57 86 84 29 54 87 21 51 39 96 12 73 11 26 23 84 98 69 55 64 86 25 57 3 30 35 28 20 80 6 37 50 91 27 75 82 76 26 84 93 92 10 19 38 27 71 78 93 91 59 19 3 64 56 33 37 63 27 18 27 1 35 34 32 93 92 23 44 4 78 39 89 44 51 9 34 91 87 7 77 93 49 24 30 56 71 29 72 68 49 86 41 94 96 78 37 45 5 82 75 51 71 26 78 31 53 53 36 3 99 32 68 97 55 16 26 79 51 39 93 16 82 47 69 47 76 57 57 18 38 93 10 67 1 23 92 90 73 42 24 76 29 7 92 58 74 64 47 92 5 21 76 71 20 70 100 29 31 94 13 80 47 84 58 55 92 9 52 16 52 89 24 65 67 57 94 56 84 88 52 36 75 40 52 26 45 43 93 19 49 51 49 60 32 3 34 92 4 99 2 33 72 26 97 38 31 13 81 35 46 95 14 57 71 31 45 36 15 42 49 74 18 58 96 17 18 17 27 100 61 10 77 26 39 5 82 76 79 73 47 36 4 15 8 53 64 64 36 85 76 95 76 60 91 48 46 4 67 80 36 46 19 34 38 10 36 61 89 1 58 71 80 54 19 58 50 63 61 77 97 82 87 13 21 28 18 92 17 31 1 98 31 42 35 26 1 57 30 88 70 84 56 80 89 53 97 93 2 4 36 15 23 66 19 1 73 31 84 96 43 76 82 32 89 13 63 16 73 72 3 28 86 38 88 8 42 22 64 72 26 7 24 26 67 5 34 79 63 11 5 2 88 43 96 62 64 26 88 34 50 86 54 46 68 89 4 99 30 12 58 71 94 44 29 90 4 27 35 19 60 11 30 91 41 26 69 19 16 93 99 17 57 91 63 26 26 
2 1 2 1 3 1 3 1 3 1 3 3 2 1 3 2 3 1 1 2 
1.07 1.08 1.09 1.05 1.09 1.07 1.07 1.05 1.09 1.08 1.05 1.09 1.06 1.06 1.09 1.06 1.07 1.06 1.07 1.08 
1.08 1.08 1.06 1.06 1.09 1.06 1.09 1.09 1.06 1.06 1.09 1.08 1.09 1.09 1.09 1.05 1.08 1.05 1.09 1.06 
1.06 1.07 1.05 1.06 1.06 1.08 1.08 1.06 1.07 1.07 1.08 1.09 1.08 1.06 1.05 1.07 1.09 1.08 1.06 1.07 
1.09 1.06 1.07 1.09 1.08 1.05 1.09 1.05 1.07 1.09 1.09 1.08 1.07 1.07 1.05 1.08 1.08 1.09 1.06 1.08 
1.09 1.05 1.05 1.08 1.07 1.09 1.08 1.09 1.08 1.06 1.08 1.09 1.05 1.07 1.08 1.08 1.05 1.08 1.06 1.09 
1.06 1.07 1.08 1.09 1.09 1.07 1.09 1.05 1.08 1.08 1.08 1.07 1.05 1.09 1.07 1.08 1.09 1.09 1.05 1.08 
1.09 1.07 1.07 1.05 1.05 1.05 1.09 1.09 1.09 1.05 1.08 1.08 1.06 1.05 1.06 1.05 1.09 1.06 1.06 1.08 
1.07 1.08 1.08 1.09 1.08 1.05 1.08 1.09 1.09 1.06 1.05 1.07 1.09 1.07 1.08 1.06 1.07 1.07 1.05 1.07 
1.09 1.05 1.07 1.07 1.08 1.08 1.05 1.09 1.05 1.07 1.08 1.06 1.07 1.06 1.05 1.07 1.05 1.07 1.07 1.09 
1.08 1.07 1.05 1.09 1.06 1.09 1.07 1.08 1.06 1.06 1.07 1.05 1.06 1.05 1.05 1.08 1.07 1.07 1.09 1.06 
1.08 1.05 1.05 1.07 1.06 1.06 1.06 1.09 1.06 1.07 1.07 1.09 1.09 1.05 1.08 1.06 1.09 1.09 1.06 1.06 
1.05 1.05 1.08 1.05 1.05 1.07 1.07 1.07 1.06 1.07 1.08 1.08 1.08 1.07 1.07 1.08 1.08 1.07 1.09 1.06 
1.08 1.09 1.06 1.06 1.07 1.09 1.09 1.07 1.08 1.07 1.07 1.09 1.07 1.08 1.08 1.06 1.09 1.06 1.07 1.09 
1.06 1.08 1.09 1.07 1.07 1.06 1.07 1.05 1.05 1.09 1.07 1.06 1.06 1.09 1.07 1.06 1.08 1.08 1.06 1.08 
1.06 1.05 1.05 1.07 1.05 1.05 1.07 1.06 1.08 1.08 1.05 1.08 1.08 1.09 1.05 1.07 1.09 1.08 1.06 1.07 
1.09 1.05 1.05 1.08 1.07 1.09 1.08 1.06 1.06 1.09 1.09 1.05 1.06 1.09 1.08 1.06 1.05 1.07 1.06 1.05 
1.08 1.06 1.08 1.05 1.07 1.08 1.08 1.06 1.06 1.05 1.07 1.05 1.06 1.08 1.08 1.06 1.06 1.08 1.07 1.05 
1.09 1.06 1.08 1.05 1.05 1.07 1.08 1.06 1.07 1.05 1.07 1.06 1.07 1.06 1.05 1.09 1.05 1.07 1.07 1.05 
1.09 1.08 1.05 1.09 1.09 1.05 1.07 1.06 1.05 1.05 1.07 1.09 1.05 1.08 1.05 1.05 1.05 1.05 1.07 1.07 
1.07 1.05 1.07 1.06 1.05 1.08 1.08 1.06 1.07 1.06 1.06 1.06 1.07 1.08 1.09 1.08 1.07 1.07 1.08 1.06 
1.06 1.05 1.09 1.08 1.08 1.06 1.08 1.05 1.05 1.05 1.07 1.07 1.07 1.08 1.09 1.08 1.06 1.06 1.06 1.07 
1.09 1.07 1.05 1.07 1.07 1.08 1.08 1.07 1.05 1.05 1.06 1.09 1.09 1.09 1.07 1.06 1.08 1.06 1.06 1.06 
1.07 1.06 1.05 1.06 1.06 1.09 1.07 1.07 1.09 1.06 1.08 1.07 1.05 1.05 1.06 1.08 1.06 1.07 1.08 1.09 
1.07 1.06 1.09 1.05 1.07 1.08 1.09 1.09 1.09 1.05 1.06 1.09 1.08 1.07 1.08 1.08 1.06 1.06 1.05 1.05 
1.09 1.09 1.07 1.05 1.08 1.08 1.05 1.07 1.07 1.06 1.09 1.05 1.06 1.08 1.05 1.05 1.07 1.07 1.09 1.05 
1.05 1.05 1.06 1.08 1.06 1.07 1.07 1.07 1.09 1.05 1.07 1.07 1.08 1.05 1.08 1.07 1.07 1.09 1.09 1.05 
1.05 1.07 1.05 1.07 1.08 1.05 1.07 1.08 1.07 1.09 1.07 1.07 1.08 1.05 1.07 1.06 1.07 1.08 1.05 1.06 
1.05 1.05 1.08 1.09 1.05 1.09 1.08 1.05 1.06 1.05 1.05 1.06 1.06 1.06 1.08 1.08 1.09 1.08 1.07 1.08 
1.08 1.06 1.07 1.06 1.07 1.06 1.05 1.06 1.05 1.06 1.05 1.06 1.06 1.06 1.07 1.08 1.05 1.07 1.08 1.05 
1.09 1.07 1.09 1.07 1.05 1.07 1.09 1.08 1.08 1.06 1.05 1.09 1.05 1.08 1.08 1.06 1.07 1.08 1.07 1.06 
1.06 1.09 1.09 1.07 1.06 1.06 1.09 1.09 1.07 1.06 1.07 1.05 1.05 1.06 1.05 1.05 1.09 1.09 1.08 1.07 
1.08 1.05 1.05 1.05 1.08 1.05 1.05 1.06 1.08 1.08 1.07 1.05 1.09 1.05 1.06 1.07 1.07 1.06 1.09 1.06 
1.09 1.08 1.05 1.07 1.09 1.07 1.06 1.06 1.09 1.09 1.05 1.08 1.08 1.05 1.07 1.06 1.07 1.09 1.08 1.09 
1.08 1.06 1.07 1.05 1.09 1.06 1.07 1.09 1.05 1.07 1.06 1.06 1.05 1.09 1.06 1.08 1.07 1.09 1.06 1.08 
1.05 1.08 1.05 1.09 1.09 1.09 1.06 1.08 1.05 1.06 1.05 1.09 1.08 1.08 1.06 1.08 1.05 1.07 1.05 1.09 
1.06 1.06 1.07 1.06 1.09 1.07 1.07 1.06 1.09 1.08 1.08 1.07 1.08 1.09 1.09 1.09 1.06 1.06 1.08 1.07 
1.05 1.05 1.09 1.08 1.06 1.05 1.07 1.05 1.06 1.09 1.05 1.07 1.07 1.05 1.07 1.05 1.08 1.05 1.09 1.06 
1.05 1.06 1.09 1.05 1.06 1.09 1.05 1.09 1.07 1.06 1.09 1.08 1.05 1.09 1.09 1.06 1.05 1.06 1.09 1.08 
1.05 1.09 1.08 1.07 1.05 1.05 1.07 1.06 1.09 1.08 1.08 1.05 1.09 1.06 1.06 1.06 1.05 1.09 1.06 1.06 
1.08 1.06 1.06 1.05 1.07 1.08 1.08 1.05 1.09 1.09 1.05 1.07 1.06 1.06 1.08 1.06 1.07 1.09 1.08 1.08 
1.05 1.08 1.06 1.07 1.06 1.05 1.08 1.07 1.09 1.09 1.05 1.06 1.06 1.07 1.07 1.06 1.06 1.05 1.05 1.07 
1.07 1.08 1.05 1.05 1.09 1.08 1.09 1.08 1.09 1.08 1.06 1.07 1.08 1.06 1.08 1.05 1.05 1.07 1.05 1.07 
1.07 1.07 1.08 1.08 1.05 1.09 1.05 1.05 1.06 1.05 1.05 1.07 1.07 1.06 1.07 1.07 1.09 1.09 1.07 1.06 
1.06 1.09 1.07 1.07 1.05 1.08 1.08 1.06 1.05 1.08 1.08 1.07 1.05 1.06 1.08 1.06 1.05 1.05 1.06 1.08 
1.09 1.08 1.09 1.06 1.05 1.06 1.07 1.07 1.07 1.06 1.07 1.07 1.06 1.08 1.09 1.05 1.05 1.09 1.07 1.06 
1.08 1.09 1.07 1.09 1.05 1.07 1.05 1.08 1.07 1.07 1.09 1.07 1.07 1.07 1.07 1.09 1.07 1.05 1.07 1.07 
1.06 1.09 1.08 1.09 1.08 1.09 1.05 1.07 1.07 1.05 1.06 1.09 1.07 1.09 1.08 1.06 1.09 1.08 1.07 1.07 
1.06 1.06 1.06 1.06 1.05 1.09 1.05 1.06 1.07 1.06 1.09 1.05 1.09 1.07 1.08 1.07 1.05 1.05 1.07 1.09 
1.09 1.05 1.05 1.08 1.06 1.08 1.05 1.08 1.08 1.06 1.05 1.06 1.09 1.07 1.07 1.06 1.06 1.05 1.07 1.07 
1.08 1.08 1.09 1.09 1.05 1.08 1.08 1.09 1.08 1.09 1.09 1.07 1.09 1.05 1.07 1.05 1.06 1.08 1.09 1.09 
1.06 1.08 1.06 1.06 1.07 1.05 1.06 1.05 1.09 1.07 1.05 1.07 1.06 1.09 1.05 1.05 1.07 1.09 1.05 1.08 
1.08 1.09 1.09 1.05 1.08 1.09 1.05 1.06 1.07 1.08 1.08 1.08 1.07 1.06 1.06 1.09 1.08 1.09 1.09 1.07 
1.06 1.06 1.05 1.07 1.05 1.05 1.09 1.08 1.07 1.06 1.06 1.05 1.05 1.07 1.09 1.08 1.08 1.05 1.06 1.07 
1.09 1.06 1.08 1.06 1.08 1.08 1.08 1.07 1.08 1.05 1.09 1.09 1.05 1.08 1.09 1.06 1.06 1.05 1.09 1.09 
1.09 1.06 1.06 1.09 1.07 1.08 1.08 1.09 1.07 1.08 1.06 1.05 1.09 1.08 1.08 1.06 1.05 1.08 1.09 1.09 
1.07 1.08 1.09 1.09 1.06 1.09 1.07 1.05 1.06 1.07 1.08 1.06 1.08 1.05 1.07 1.08 1.09 1.08 1.06 1.07 
1.09 1.06 1.09 1.05 1.08 1.08 1.06 1.08 1.06 1.07 1.07 1.06 1.08 1.05 1.06 1.07 1.09 1.08 1.06 1.07 
1.09 1.07 1.08 1.08 1.08 1.07 1.09 1.06 1.08 1.09 1.05 1.09 1.07 1.09 1.07 1.05 1.08 1.08 1.07 1.07 
1.06 1.06 1.09 1.07 1.05 1.07 1.09 1.09 1.07 1.05 1.05 1.07 1.05 1.09 1.09 1.06 1.07 1.07 1.06 1.09 
1.08 1.05 1.05 1.09 1.08 1.07 1.09 1.05 1.08 1.07 1.05 1.09 1.07 1.06 1.08 1.06 1.07 1.06 1.07 1.08 
1.06 1.09 1.09 1.07 1.07 1.05 1.07 1.07 1.07 1.09 1.08 1.07 1.05 1.09 1.08 1.06 1.09 1.07 1.05 1.05 
1.06 1.09 1.05 1.08 1.06 1.07 1.09 1.06 1.06 1.05 1.09 1.08 1.08 1.08 1.09 1.07 1.05 1.08 1.08 1.09 
1.06 1.05 1.07 1.06 1.05 1.09 1.06 1.06 1.08 1.05 1.09 1.09 1.06 1.07 1.05 1.05 1.07 1.08 1.09 1.09 
1.06 1.05 1.08 1.06 1.08 1.08 1.09 1.08 1.07 1.08 1.07 1.09 1.09 1.06 1.06 1.06 1.09 1.07 1.09 1.09 
1.09 1.08 1.08 1.09 1.08 1.07 1.05 1.05 1.07 1.09 1.05 1.09 1.08 1.09 1.07 1.06 1.08 1.05 1.08 1.09 
1.07 1.05 1.07 1.05 1.08 1.07 1.05 1.05 1.08 1.05 1.07 1.08 1.07 1.08 1.06 1.09 1.08 1.07 1.08 1.07 
1.06 1.09 1.06 1.06 1.07 1.05 1.06 1.06 1.08 1.06 1.05 1.07 1.08 1.08 1.09 1.07 1.09 1.08 1.08 1.05 
1.06 1.06 1.06 1.08 1.07 1.08 1.09 1.05 1.07 1.09 1.07 1.09 1.08 1.07 1.09 1.05 1.07 1.06 1.09 1.07 
1.05 1.07 1.08 1.08 1.08 1.07 1.05 1.08 1.09 1.08 1.09 1.05 1.05 1.05 1.06 1.06 1.07 1.09 1.08 1.06 
1.07 1.08 1.05 1.06 1.08 1.05 1.09 1.09 1.07 1.07 1.08 1.07 1.09 1.05 1.05 1.09 1.06 1.08 1.07 1.07 
1.07 1.05 1.06 1.09 1.09 1.06 1.07 1.08 1.09 1.07 1.05 1.06 1.06 1.05 1.09 1.08 1.09 1.06 1.09 1.07 
1.06 1.05 1.06 1.07 1.05 1.08 1.07 1.09 1.06 1.05 1.05 1.07 1.08 1.05 1.08 1.09 1.09 1.09 1.09 1.09 
1.05 1.05 1.09 1.08 1.08 1.06 1.06 1.09 1.06 1.09 1.08 1.09 1.09 1.05 1.07 1.06 1.06 1.09 1.08 1.05 
1.06 1.08 1.05 1.06 1.05 1.07 1.05 1.05 1.06 1.09 1.08 1.06 1.07 1.05 1.06 1.07 1.06 1.09 1.09 1.07 
1.06 1.07 1.09 1.08 1.07 1.08 1.05 1.09 1.08 1.09 1.05 1.09 1.07 1.09 1.05 1.07 1.06 1.09 1.06 1.08 
1.08 1.07 1.06 1.05 1.07 1.05 1.06 1.05 1.05 1.05 1.05 1.05 1.05 1.05 1.07 1.07 1.08 1.06 1.07 1.09 
1.05 1.06 1.07 1.09 1.08 1.05 1.08 1.08 1.05 1.07 1.09 1.09 1.06 1.05 1.06 1.08 1.09 1.08 1.05 1.07 
1.09 1.09 1.08 1.07 1.07 1.08 1.09 1.05 1.07 1.08 1.09 1.08 1.08 1.07 1.05 1.08 1.05 1.08 1.05 1.08 
1.05 1.08 1.08 1.05 1.06 1.07 1.06 1.06 1.08 1.08 1.09 1.06 1.07 1.07 1.06 1.07 1.08 1.05 1.05 1.08 
1.06 1.05 1.06 1.05 1.08 1.05 1.08 1.05 1.07 1.06 1.08 1.08 1.07 1.09 1.06 1.09 1.07 1.09 1.05 1.07 
1.06 1.05 1.05 1.05 1.06 1.08 1.05 1.06 1.07 1.09 1.06 1.07 1.06 1.07 1.07 1.05 1.07 1.06 1.07 1.07 
1.06 1.05 1.09 1.06 1.06 1.09 1.09 1.09 1.05 1.08 1.09 1.09 1.09 1.09 1.09 1.07 1.09 1.08 1.07 1.05 
1.08 1.07 1.08 1.05 1.09 1.08 1.08 1.07 1.08 1.06 1.07 1.06 1.08 1.06 1.06 1.06 1.06 1.09 1.07 1.06 
1.09 1.08 1.08 1.09 1.07 1.07 1.06 1.09 1.09 1.05 1.06 1.07 1.06 1.07 1.08 1.09 1.08 1.08 1.05 1.06 
1.05 1.05 1.06 1.07 1.08 1.09 1.06 1.08 1.06 1.06 1.06 1.09 1.06 1.09 1.07 1.09 1.05 1.08 1.09 1.06 
1.06 1.09 1.08 1.08 1.08 1.07 1.05 1.06 1.07 1.05 1.07 1.09 1.06 1.09 1.09 1.05 1.09 1.05 1.06 1.06 
1.07 1.08 1.08 1.08 1.07 1.06 1.09 1.09 1.08 1.08 1.09 1.08 1.06 1.05 1.08 1.09 1.09 1.08 1.05 1.09 
1.09 1.08 1.09 1.09 1.06 1.07 1.07 1.06 1.05 1.09 1.06 1.06 1.07 1.05 1.09 1.09 1.09 1.06 1.06 1.09 
1.07 1.06 1.09 1.05 1.07 1.09 1.07 1.06 1.08 1.07 1.07 1.08 1.07 1.07 1.05 1.05 1.06 1.07 1.06 1.05 
1.09 1.08 1.09 1.07 1.06 1.07 1.06 1.07 1.09 1.08 1.09 1.07 1.07 1.05 1.05 1.09 1.08 1.07 1.06 1.06 
1.09 1.06 1.09 1.09 1.09 1.06 1.08 1.05 1.09 1.07 1.07 1.05 1.07 1.05 1.09 1.08 1.05 1.07 1.08 1.09 
1.08 1.05 1.09 1.09 1.05 1.05 1.09 1.07 1.09 1.05 1.07 1.07 1.07 1.09 1.07 1.08 1.05 1.07 1.06 1.05 
1.08 1.07 1.06 1.07 1.07 1.09 1.06 1.06 1.06 1.09 1.07 1.09 1.08 1.09 1.08 1.09 1.09 1.08 1.07 1.06 
1.08 1.06 1.07 1.06 1.07 1.05 1.06 1.09 1.06 1.09 1.07 1.07 1.05 1.09 1.06 1.06 1.05 1.05 1.06 1.07 
1.06 1.09 1.09 1.05 1.09 1.07 1.09 1.05 1.09 1.06 1.05 1.09 1.09 1.05 1.09 1.06 1.08 1.06 1.07 1.06 
1.05 1.06 1.07 1.06 1.09 1.08 1.07 1.09 1.07 1.09 1.08 1.06 1.08 1.05 1.06 1.09 1.05 1.07 1.08 1.09 
1.08 1.08 1.09 1.09 1.05 1.06 1.05 1.08 1.06 1.08 1.05 1.09 1.08 1.06 1.05 1.09 1.08 1.06 1.08 1.08 
1.05 1.05 1.06 1.09 1.09 1.08 1.07 1.05 1.07 1.08 1.09 1.06 1.06 1.08 1.05 1.05 1.05 1.08 1.05 1.08 
1.05 1.09 1.08 1.08 1.09 1.06 1.06 1.05 1.07 1.08 1.06 1.05 1.07 1.06 1.09 1.06 1.09 1.05 1.05 1.09 
1.06 1.07 1.05 1.09 1.07 1.08 1.07 1.06 1.07 1.07 1.07 1.05 1.08 1.07 1.06 1.06 1.05 1.05 1.06 1.06 
1.08 1.05 1.09 1.05 1.09 1.07 1.09 1.09 1.09 1.06 1.08 1.07 1.08 1.08 1.09 1.09 1.06 1.06 1.09 1.07 
1.08 1.06 1.07 1.09 1.07 1.09 1.05 1.06 1.05 1.08 1.07 1.08 1.07 1.07 1.05 1.09 1.05 1.09 1.08 1.07 
1.05 1.07 1.06 1.06 1.05 1.06 1.08 1.05 1.09 1.06 1.08 1.08 1.06 1.08 1.08 1.07 1.07 1.08 1.05 1.09 
1.05 1.05 1.05 1.05 1.05 1.07 1.08 1.07 1.05 1.05 1.05 1.09 1.08 1.06 1.06 1.05 1.05 1.08 1.09 1.09 
1.07 1.05 1.07 1.07 1.08 1.05 1.05 1.07 1.06 1.06 1.05 1.07 1.09 1.06 1.06 1.06 1.05 1.05 1.06 1.09 
1.07 1.07 1.08 1.05 1.09 1.09 1.09 1.06 1.08 1.09 1.09 1.09 1.07 1.09 1.08 1.09 1.07 1.08 1.06 1.06 
1.07 1.05 1.06 1.07 1.05 1.06 1.07 1.07 1.05 1.07 1.08 1.07 1.06 1.07 1.07 1.07 1.08 1.08 1.06 1.05 
1.06 1.08 1.05 1.05 1.09 1.05 1.07 1.08 1.06 1.08 1.05 1.07 1.05 1.08 1.08 1.05 1.07 1.05 1.06 1.08 
1.05 1.06 1.09 1.05 1.07 1.08 1.08 1.07 1.06 1.08 1.05 1.05 1.07 1.06 1.08 1.05 1.05 1.06 1.05 1.05 
1.06 1.09 1.05 1.06 1.06 1.09 1.07 1.05 1.08 1.09 1.08 1.08 1.07 1.06 1.07 1.08 1.08 1.07 1.05 1.08 
1.05 1.08 1.07 1.07 1.06 1.08 1.08 1.05 1.08 1.09 1.08 1.06 1.06 1.06 1.08 1.09 1.07 1.05 1.08 1.07 
1.07 1.07 1.07 1.07 1.05 1.06 1.08 1.08 1.07 1.05 1.07 1.05 1.05 1.08 1.09 1.05 1.09 1.09 1.06 1.06 
1.09 1.08 1.06 1.07 1.08 1.05 1.06 1.07 1.09 1.07 1.06 1.06 1.09 1.05 1.05 1.07 1.08 1.07 1.08 1.07 
1.09 1.07 1.08 1.08 1.07 1.05 1.05 1.08 1.06 1.07 1.08 1.07 1.09 1.05 1.07 1.05 1.09 1.08 1.07 1.09 
1.05 1.08 1.05 1.05 1.07 1.09 1.08 1.06 1.06 1.07 1.08 1.07 1.05 1.05 1.07 1.08 1.09 1.07 1.07 1.06 
1.06 1.09 1.06 1.07 1.05 1.09 1.06 1.05 1.06 1.06 1.05 1.09 1.08 1.09 1.09 1.05 1.09 1.07 1.09 1.05 
1.08 1.08 1.05 1.06 1.05 1.07 1.09 1.06 1.05 1.09 1.08 1.07 1.07 1.07 1.09 1.08 1.05 1.08 1.06 1.08 
1.09 1.07 1.07 1.05 1.09 1.08 1.06 1.06 1.06 1.09 1.05 1.09 1.09 1.05 1.05 1.06 1.06 1.09 1.08 1.09 
1.09 1.05 1.08 1.05 1.05 1.07 1.05 1.06 1.05 1.09 1.05 1.05 1.09 1.07 1.07 1.09 1.09 1.05 1.07 1.08 
1.05 1.08 1.06 1.06 1.06 1.06 1.06 1.09 1.08 1.08 1.06 1.05 1.05 1.05 1.07 1.08 1.06 1.08 1.06 1.05 
1.05 1.05 1.06 1.08 1.06 1.08 1.07 1.05 1.06 1.08 1.09 1.07 1.08 1.07 1.06 1.05 1.05 1.08 1.06 1.08 
1.05 1.08 1.06 1.09 1.08 1.06 1.09 1.05 1.09 1.08 1.09 1.05 1.06 1.09 1.07 1.05 1.07 1.08 1.06 1.05 
1.05 1.05 1.06 1.09 1.06 1.08 1.06 1.07 1.08 1.09 1.09 1.06 1.08 1.06 1.06 1.05 1.09 1.09 1.06 1.06 
1.09 1.05 1.09 1.08 1.09 1.08 1.06 1.05 1.08 1.07 1.09 1.06 1.06 1.07 1.05 1.08 1.07 1.06 1.06 1.06 
1.08 1.06 1.09 1.09 1.06 1.07 1.08 1.07 1.08 1.06 1.08 1.07 1.05 1.08 1.07 1.08 1.07 1.06 1.05 1.07 
1.07 1.07 1.05 1.06 1.09 1.05 1.06 1.08 1.08 1.08 1.06 1.05 1.09 1.08 1.05 1.05 1.06 1.07 1.06 1.09 
1.09 1.05 1.06 1.06 1.05 1.05 1.07 1.05 1.07 1.07 1.08 1.09 1.08 1.08 1.09 1.06 1.09 1.09 1.08 1.09 
1.06 1.07 1.09 1.09 1.07 1.06 1.09 1.08 1.08 1.06 1.08 1.06 1.08 1.05 1.05 1.08 1.07 1.06 1.07 1.07 
1.07 1.06 1.09 1.06 1.07 1.05 1.05 1.05 1.06 1.08 1.06 1.06 1.09 1.08 1.09 1.06 1.09 1.05 1.09 1.05 
1.06 1.06 1.09 1.08 1.07 1.08 1.09 1.08 1.05 1.07 1.07 1.06 1.08 1.05 1.07 1.05 1.06 1.09 1.09 1.09 
1.09 1.05 1.06 1.05 1.08 1.08 1.06 1.09 1.07 1.05 1.09 1.09 1.06 1.09 1.06 1.05 1.08 1.09 1.07 1.06 
1.05 1.06 1.07 1.09 1.08 1.05 1.08 1.05 1.09 1.05 1.08 1.07 1.07 1.09 1.05 1.07 1.06 1.07 1.09 1.06 
1.06 1.07 1.05 1.05 1.05 1.06 1.08 1.05 1.05 1.06 1.08 1.05 1.06 1.06 1.09 1.05 1.09 1.08 1.08 1.06 
1.07 1.09 1.07 1.05 1.07 1.06 1.09 1.06 1.05 1.05 1.05 1.06 1.05 1.06 1.08 1.07 1.06 1.09 1.06 1.05 
1.09 1.05 1.09 1.08 1.07 1.08 1.09 1.09 1.09 1.06 1.06 1.08 1.05 1.08 1.06 1.05 1.05 1.05 1.08 1.07 
1.08 1.09 1.06 1.09 1.07 1.08 1.05 1.06 1.08 1.08 1.05 1.05 1.06 1.06 1.06 1.06 1.08 1.07 1.05 1.05 
1.09 1.09 1.06 1.07 1.06 1.06 1.07 1.08 1.08 1.08 1.06 1.05 1.06 1.05 1.09 1.09 1.05 1.05 1.06 1.06 
1.06 1.08 1.08 1.06 1.08 1.08 1.06 1.06 1.07 1.06 1.07 1.07 1.09 1.06 1.07 1.05 1.07 1.09 1.07 1.05 
1.05 1.08 1.05 1.05 1.06 1.09 1.05 1.07 1.06 1.05 1.07 1.06 1.06 1.07 1.09 1.07 1.07 1.08 1.05 1.05 
1.09 1.06 1.07 1.06 1.05 1.09 1.07 1.06 1.06 1.05 1.07 1.07 1.05 1.06 1.05 1.05 1.07 1.05 1.06 1.05 
1.06 1.08 1.07 1.06 1.09 1.05 1.09 1.09 1.08 1.06 1.06 1.05 1.07 1.09 1.07 1.05 1.08 1.06 1.09 1.07 
1.05 1.06 1.06 1.09 1.08 1.05 1.09 1.07 1.07 1.09 1.07 1.07 1.08 1.06 1.09 1.06 1.05 1.09 1.06 1.09 
1.09 1.09 1.06 1.07 1.06 1.06 1.05 1.08 1.05 1.06 1.06 1.05 1.08 1.07 1.09 1.08 1.08 1.06 1.06 1.09 
1.06 1.08 1.08 1.09 1.06 1.09 1.07 1.07 1.09 1.09 1.09 1.08 1.05 1.07 1.08 1.07 1.09 1.06 1.07 1.06 
1.09 1.07 1.08 1.05 1.09 1.09 1.06 1.09 1.08 1.09 1.08 1.06 1.09 1.08 1.08 1.08 1.05 1.08 1.06 1.08 
1.09 1.06 1.08 1.07 1.07 1.09 1.09 1.08 1.05 1.08 1.05 1.07 1.05 1.08 1.09 1.07 1.05 1.06 1.06 1.06 
1.07 1.07 1.06 1.06 1.06 1.08 1.09 1.06 1.08 1.06 1.06 1.09 1.06 1.06 1.09 1.06 1.07 1.05 1.09 1.09 
1.08 1.09 1.05 1.06 1.06 1.07 1.06 1.06 1.07 1.07 1.06 1.08 1.08 1.07 1.08 1.05 1.06 1.06 1.08 1.08 
1.05 1.07 1.09 1.08 1.08 1.05 1.05 1.08 1.07 1.09 1.09 1.06 1.05 1.09 1.09 1.05 1.05 1.09 1.05 1.05 
1.06 1.05 1.07 1.05 1.08 1.06 1.09 1.06 1.09 1.08 1.07 1.07 1.08 1.09 1.07 1.06 1.08 1.08 1.08 1.09 
1.06 1.05 1.05 1.07 1.06 1.06 1.05 1.07 1.05 1.05 1.05 1.06 1.09 1.08 1.05 1.08 1.06 1.08 1.06 1.07 
1.09 1.08 1.09 1.09 1.07 1.05 1.05 1.08 1.06 1.05 1.07 1.09 1.08 1.08 1.07 1.09 1.09 1.06 1.08 1.06 
1.09 1.09 1.06 1.06 1.07 1.06 1.08 1.09 1.08 1.07 1.07 1.09 1.07 1.06 1.08 1.05 1.06 1.08 1.09 1.08 
1.09 1.07 1.05 1.08 1.08 1.09 1.08 1.05 1.09 1.06 1.08 1.08 1.08 1.08 1.06 1.06 1.07 1.06 1.08 1.07 
1.08 1.07 1.06 1.09 1.09 1.07 1.07 1.09 1.09 1.06 1.07 1.05 1.06 1.07 1.07 1.05 1.06 1.08 1.07 1.05 
1.08 1.09 1.09 1.08 1.08 1.07 1.09 1.05 1.07 1.06 1.05 1.09 1.07 1.07 1.09 1.09 1.09 1.09 1.09 1.06 
1.08 1.06 1.08 1.07 1.09 1.05 1.08 1.08 1.06 1.06 1.05 1.09 1.08 1.07 1.06 1.07 1.06 1.07 1.09 1.05 
1.09 1.05 1.05 1.09 1.06 1.07 1.05 1.08 1.06 1.08 1.08 1.08 1.06 1.08 1.06 1.09 1.06 1.08 1.07 1.05 
1.07 1.05 1.05 1.06 1.05 1.05 1.08 1.09 1.07 1.07 1.05 1.08 1.09 1.06 1.09 1.05 1.05 1.09 1.05 1.07 
1.09 1.06 1.07 1.07 1.08 1.06 1.05 1.07 1.05 1.05 1.06 1.05 1.08 1.07 1.05 1.06 1.05 1.09 1.09 1.08 
1.08 1.05 1.07 1.07 1.05 1.08 1.07 1.09 1.05 1.05 1.08 1.05 1.06 1.09 1.09 1.09 1.08 1.06 1.07 1.05 
1.06 1.06 1.08 1.05 1.07 1.07 1.07 1.07 1.06 1.06 1.06 1.06 1.07 1.07 1.08 1.05 1.06 1.06 1.05 1.09 
1.08 1.06 1.07 1.08 1.09 1.08 1.08 1.05 1.09 1.06 1.05 1.09 1.06 1.07 1.07 1.06 1.06 1.06 1.08 1.07 
1.07 1.06 1.08 1.06 1.08 1.05 1.08 1.07 1.09 1.09 1.09 1.05 1.06 1.07 1.07 1.06 1.06 1.07 1.09 1.05 
1.07 1.07 1.09 1.07 1.09 1.05 1.08 1.06 1.05 1.09 1.05 1.06 1.06 1.09 1.05 1.08 1.08 1.06 1.07 1.06 
1.09 1.08 1.06 1.07 1.05 1.06 1.06 1.09 1.07 1.05 1.05 1.08 1.06 1.09 1.08 1.05 1.08 1.08 1.06 1.07 
1.06 1.09 1.08 1.08 1.09 1.07 1.09 1.09 1.06 1.05 1.06 1.05 1.05 1.06 1.06 1.08 1.08 1.09 1.05 1.06 
1.05 1.05 1.07 1.09 1.08 1.07 1.07 1.06 1.08 1.09 1.09 1.09 1.05 1.06 1.06 1.07 1.07 1.07 1.08 1.06 
1.06 1.08 1.07 1.05 1.09 1.06 1.07 1.05 1.06 1.09 1.05 1.07 1.05 1.05 1.09 1.08 1.06 1.05 1.07 1.08 
1.08 1.07 1.07 1.06 1.09 1.05 1.06 1.09 1.07 1.05 1.05 1.09 1.06 1.06 1.09 1.05 1.08 1.09 1.08 1.06 
1.08 1.08 1.09 1.05 1.09 1.07 1.06 1.08 1.09 1.06 1.08 1.09 1.06 1.07 1.05 1.06 1.09 1.08 1.07 1.09 
1.05 1.05 1.09 1.09 1.09 1.09 1.07 1.09 1.09 1.06 1.05 1.08 1.09 1.05 1.09 1.06 1.06 1.06 1.05 1.07 
1.07 1.05 1.08 1.09 1.06 1.07 1.08 1.07 1.07 1.05 1.06 1.07 1.06 1.06 1.05 1.07 1.07 1.08 1.06 1.05 
1.07 1.07 1.09 1.05 1.06 1.09 1.06 1.08 1.06 1.07 1.06 1.07 1.07 1.07 1.07 1.09 1.07 1.07 1.09 1.05 
1.08 1.09 1.09 1.07 1.07 1.09 1.09 1.07 1.09 1.08 1.07 1.05 1.06 1.09 1.06 1.05 1.05 1.09 1.05 1.05 
1.06 1.07 1.05 1.07 1.07 1.08 1.05 1.06 1.07 1.06 1.05 1.05 1.08 1.05 1.08 1.08 1.05 1.09 1.05 1.06 
1.08 1.05 1.07 1.05 1.06 1.07 1.08 1.06 1.07 1.08 1.06 1.09 1.05 1.06 1.05 1.09 1.09 1.08 1.09 1.08 
1.08 1.06 1.05 1.05 1.08 1.05 1.06 1.05 1.07 1.07 1.08 1.09 1.09 1.05 1.08 1.08 1.05 1.07 1.05 1.08 
1.06 1.06 1.07 1.07 1.09 1.05 1.06 1.09 1.06 1.06 1.07 1.09 1.06 1.05 1.09 1.08 1.09 1.06 1.05 1.08 
1.06 1.08 1.07 1.08 1.06 1.09 1.08 1.06 1.05 1.09 1.06 1.09 1.05 1.08 1.08 1.09 1.06 1.09 1.06 1.09 
1.08 1.06 1.08 1.08 1.07 1.09 1.07 1.07 1.09 1.06 1.09 1.06 1.08 1.09 1.08 1.09 1.05 1.05 1.06 1.05 
1.07 1.08 1.07 1.05 1.06 1.07 1.09 1.06 1.07 1.06 1.06 1.09 1.09 1.09 1.07 1.06 1.09 1.09 1.07 1.05 
1.07 1.08 1.09 1.07 1.09 1.05 1.06 1.07 1.09 1.06 1.09 1.05 1.07 1.06 1.05 1.06 1.08 1.07 1.05 1.06 
1.07 1.09 1.08 1.06 1.07 1.09 1.05 1.08 1.07 1.09 1.05 1.06 1.08 1.07 1.05 1.09 1.08 1.05 1.05 1.09 
1.08 1.06 1.05 1.07 1.09 1.06 1.07 1.06 1.08 1.05 1.08 1.05 1.07 1.08 1.06 1.09 1.09 1.07 1.05 1.05 
1.08 1.07 1.08 1.08 1.06 1.08 1.06 1.08 1.09 1.06 1.06 1.06 1.06 1.06 1.08 1.05 1.07 1.05 1.07 1.06 
1.05 1.06 1.08 1.05 1.08 1.08 1.08 1.09 1.08 1.08 1.09 1.09 1.09 1.09 1.07 1.05 1.08 1.05 1.07 1.05 
1.09 1.05 1.07 1.07 1.06 1.05 1.09 1.09 1.07 1.08 1.06 1.08 1.08 1.09 1.07 1.06 1.05 1.07 1.08 1.06 
1.07 1.08 1.05 1.05 1.07 1.06 1.09 1.06 1.09 1.08 1.07 1.06 1.08 1.06 1.05 1.08 1.05 1.08 1.08 1.07 
1.06 1.07 1.08 1.05 1.06 1.05 1.06 1.05 1.08 1.09 1.09 1.07 1.07 1.09 1.06 1.08 1.06 1.05 1.08 1.07 
1.09 1.08 1.08 1.06 1.09 1.07 1.07 1.09 1.06 1.09 1.07 1.09 1.07 1.07 1.05 1.07 1.07 1.06 1.06 1.05 
1.08 1.08 1.09 1.08 1.08 1.05 1.09 1.08 1.06 1.08 1.07 1.05 1.06 1.08 1.05 1.08 1.08 1.06 1.09 1.06 
1.09 1.06 1.05 1.09 1.06 1.08 1.09 1.07 1.06 1.09 1.07 1.06 1.05 1.05 1.07 1.05 1.08 1.06 1.09 1.08 
1.05 1.08 1.05 1.08 1.05 1.06 1.05 1.07 1.05 1.08 1.06 1.06 1.07 1.09 1.09 1.06 1.08 1.09 1.09 1.09 
1.05 1.08 1.09 1.07 1.05 1.09 1.05 1.05 1.07 1.07 1.05 1.08 1.09 1.09 1.07 1.08 1.07 1.09 1.07 1.06 
1.06 1.07 1.05 1.05 1.08 1.08 1.05 1.06 1.07 1.09 1.05 1.07 1.09 1.08 1.06 1.08 1.08 1.09 1.07 1.07 
1.06 1.06 1.05 1.07 1.05 1.05 1.08 1.09 1.07 1.07 1.06 1.06 1.08 1.06 1.07 1.07 1.07 1.07 1.09 1.09 
1.08 1.08 1.08 1.09 1.07 1.09 1.09 1.07 1.08 1.06 1.09 1.06 1.06 1.05 1.09 1.08 1.07 1.08 1.07 1.08 
1.05 1.06 1.09 1.09 1.05 1.09 1.09 1.06 1.07 1.09 1.07 1.07 1.05 1.05 1.07 1.06 1.09 1.06 1.06 1.08 
1.07 1.06 1.09 1.06 1.06 1.05 1.06 1.09 1.05 1.09 1.05 1.06 1.08 1.08 1.05 1.08 1.05 1.05 1.09 1.08 
1.08 1.09 1.07 1.05 1.06 1.09 1.05 1.09 1.06 1.06 1.07 1.06 1.06 1.05 1.05 1.07 1.06 1.05 1.08 1.08 
1.06 1.07 1.05 1.08 1.09 1.06 1.05 1.09 1.07 1.07 1.08 1.05 1.09 1.07 1.06 1.09 1.07 1.08 1.09 1.05 
1.07 1.08 1.07 1.07 1.09 1.09 1.09 1.06 1.09 1.09 1.05 1.06 1.07 1.07 1.06 1.07 1.06 1.05 1.09 1.09 
1.08 1.05 1.08 1.07 1.05 1.06 1.06 1.07 1.05 1.08 1.09 1.08 1.08 1.06 1.07 1.08 1.07 1.06 1.08 1.08 
1.05 1.09 1.06 1.08 1.06 1.06 1.08 1.06 1.09 1.06 1.05 1.09 1.06 1.09 1.08 1.06 1.05 1.05 1.08 1.08 
1.08 1.07 1.05 1.07 1.08 1.06 1.05 1.09 1.06 1.06 1.09 1.09 1.09 1.08 1.09 1.07 1.09 1.05 1.08 1.07 
1.09 1.08 1.09 1.07 1.07 1.05 1.05 1.06 1.09 1.09 1.05 1.09 1.08 1.07 1.09 1.09 1.09 1.05 1.05 1.08 
1.06 1.09 1.07 1.06 1.09 1.05 1.05 1.05 1.05 1.06 1.07 1.08 1.09 1.09 1.06 1.09 1.09 1.07 1.07 1.06 
1.09 1.09 1.08 1.09 1.08 1.09 1.08 1.08 1.05 1.06 1.05 1.06 1.09 1.07 1.06 1.09 1.05 1.08 1.08 1.05 
1.05 1.07 1.08 1.09 1.08 1.07 1.06 1.06 1.07 1.05 1.06 1.06 1.05 1.05 1.06 1.05 1.09 1.07 1.06 1.07 
1.06 1.07 1.05 1.08 1.08 1.08 1.09 1.05 1.08 1.09 1.05 1.05 1.06 1.08 1.07 1.08 1.06 1.09 1.09 1.08 
1.05 1.05 1.08 1.05 1.09 1.07 1.06 1.05 1.05 1.08 1.07 1.08 1.09 1.05 1.06 1.05 1.05 1.09 1.07 1.05 
1.08 1.08 1.05 1.08 1.08 1.08 1.09 1.06 1.07 1.06 1.05 1.09 1.07 1.09 1.07 1.06 1.06 1.05 1.07 1.07 
1.05 1.06 1.09 1.05 1.05 1.07 1.06 1.05 1.06 1.06 1.09 1.05 1.09 1.08 1.09 1.06 1.05 1.05 1.08 1.08 
1.05 1.09 1.05 1.08 1.05 1.07 1.07 1.07 1.08 1.06 1.06 1.09 1.08 1.05 1.08 1.06 1.08 1.09 1.07 1.07 
1.07 1.08 1.08 1.09 1.09 1.09 1.09 1.09 1.05 1.07 1.07 1.09 1.06 1.09 1.05 1.07 1.05 1.07 1.09 1.08 
1.06 1.09 1.05 1.06 1.08 1.09 1.09 1.09 1.05 1.08 1.08 1.05 1.06 1.06 1.09 1.06 1.05 1.05 1.07 1.09 
1.06 1.07 1.06 1.07 1.06 1.06 1.06 1.06 1.07 1.08 1.08 1.07 1.06 1.05 1.06 1.06 1.05 1.06 1.07 1.08 
1.08 1.07 1.06 1.09 1.05 1.06 1.07 1.09 1.09 1.05 1.07 1.07 1.06 1.09 1.08 1.09 1.07 1.07 1.05 1.06 
1.07 1.09 1.08 1.05 1.09 1.07 1.05 1.08 1.08 1.05 1.07 1.07 1.07 1.06 1.09 1.08 1.06 1.08 1.05 1.08 
1.06 1.09 1.06 1.05 1.06 1.06 1.09 1.07 1.07 1.07 1.07 1.07 1.07 1.05 1.05 1.08 1.07 1.07 1.06 1.08 
1.05 1.08 1.06 1.07 1.08 1.08 1.07 1.08 1.05 1.07 1.06 1.06 1.05 1.08 1.07 1.09 1.05 1.08 1.05 1.07 
1.09 1.05 1.08 1.06 1.09 1.06 1.09 1.08 1.09 1.07 1.05 1.07 1.05 1.06 1.08 1.07 1.07 1.05 1.09 1.05 
1.08 1.06 1.05 1.06 1.09 1.09 1.09 1.06 1.05 1.09 1.06 1.06 1.06 1.09 1.07 1.08 1.05 1.09 1.09 1.09 
1.07 1.07 1.07 1.09 1.08 1.09 1.07 1.07 1.08 1.05 1.06 1.07 1.07 1.06 1.06 1.09 1.05 1.07 1.08 1.08 
1.05 1.08 1.08 1.06 1.06 1.09 1.06 1.08 1.06 1.05 1.08 1.05 1.05 1.06 1.07 1.08 1.09 1.09 1.08 1.08 
1.08 1.07 1.07 1.06 1.05 1.05 1.06 1.09 1.05 1.08 1.06 1.06 1.09 1.05 1.09 1.05 1.08 1.08 1.07 1.05 
1.08 1.07 1.05 1.06 1.08 1.08 1.05 1.05 1.09 1.06 1.09 1.05 1.08 1.08 1.07 1.08 1.09 1.05 1.05 1.08 
1.05 1.05 1.08 1.08 1.06 1.08 1.07 1.05 1.09 1.06 1.08 1.05 1.09 1.08 1.07 1.07 1.07 1.08 1.08 1.06 
1.09 1.05 1.09 1.09 1.05 1.07 1.07 1.05 1.05 1.06 1.05 1.09 1.07 1.06 1.06 1.06 1.05 1.06 1.07 1.08 
1.06 1.08 1.09 1.05 1.07 1.05 1.05 1.06 1.08 1.08 1.06 1.05 1.08 1.06 1.07 1.08 1.08 1.06 1.05 1.07 
1.07 1.06 1.05 1.07 1.09 1.09 1.08 1.07 1.07 1.06 1.05 1.05 1.07 1.06 1.07 1.08 1.09 1.09 1.09 1.08 
1.08 1.05 1.09 1.08 1.07 1.07 1.06 1.06 1.08 1.09 1.09 1.06 1.06 1.06 1.08 1.08 1.06 1.06 1.08 1.08 
1.07 1.09 1.05 1.09 1.08 1.07 1.06 1.07 1.08 1.06 1.08 1.09 1.09 1.08 1.06 1.05 1.05 1.06 1.08 1.08 
1.07 1.09 1.06 1.06 1.08 1.07 1.06 1.08 1.06 1.08 1.07 1.08 1.05 1.08 1.08 1.08 1.07 1.07 1.09 1.09 
1.08 1.08 1.05 1.05 1.07 1.09 1.05 1.07 1.09 1.07 1.09 1.06 1.07 1.09 1.05 1.07 1.05 1.09 1.08 1.05 
1.07 1.09 1.08 1.05 1.06 1.06 1.07 1.09 1.05 1.07 1.06 1.05 1.08 1.05 1.07 1.06 1.08 1.05 1.07 1.09 
1.05 1.08 1.09 1.05 1.09 1.09 1.08 1.08 1.05 1.07 1.09 1.08 1.07 1.09 1.06 1.05 1.05 1.06 1.07 1.05 
1.05 1.05 1.06 1.06 1.05 1.08 1.08 1.06 1.07 1.05 1.09 1.09 1.05 1.07 1.06 1.06 1.09 1.05 1.07 1.06 
1.08 1.06 1.09 1.06 1.05 1.08 1.06 1.07 1.07 1.08 1.09 1.08 1.07 1.07 1.06 1.09 1.07 1.07 1.07 1.07 
1.06 1.08 1.07 1.07 1.07 1.07 1.09 1.06 1.06 1.09 1.06 1.06 1.07 1.06 1.07 1.09 1.08 1.07 1.07 1.05 
1.05 1.07 1.05 1.06 1.05 1.06 1.06 1.06 1.09 1.08 1.08 1.06 1.07 1.05 1.08 1.09 1.07 1.08 1.06 1.08 
1.09 1.06 1.05 1.08 1.07 1.07 1.07 1.08 1.07 1.09 1.07 1.05 1.05 1.09 1.06 1.05 1.05 1.07 1.05 1.09 
1.06 1.07 1.08 1.08 1.05 1.06 1.08 1.07 1.05 1.05 1.06 1.09 1.09 1.06 1.05 1.05 1.06 1.06 1.08 1.09 
1.07 1.07 1.07 1.06 1.07 1.05 1.09 1.06 1.09 1.08 1.05 1.05 1.05 1.07 1.06 1.05 1.06 1.07 1.09 1.08 
1.05 1.08 1.08 1.05 1.06 1.09 1.07 1.09 1.09 1.07 1.09 1.05 1.08 1.09 1.08 1.09 1.06 1.08 1.06 1.08 
1.08 1.05 1.06 1.08 1.08 1.08 1.05 1.05 1.06 1.09 1.05 1.05 1.06 1.08 1.05 1.09 1.09 1.06 1.08 1.06 
1.05 1.09 1.06 1.06 1.07 1.08 1.06 1.07 1.08 1.07 1.08 1.07 1.09 1.06 1.05 1.08 1.05 1.05 1.09 1.07 
1.05 1.05 1.06 1.08 1.08 1.09 1.05 1.06 1.09 1.05 1.07 1.08 1.07 1.05 1.06 1.09 1.09 1.09 1.08 1.09 
1.06 1.06 1.08 1.05 1.09 1.05 1.05 1.07 1.08 1.05 1.05 1.06 1.08 1.08 1.08 1.09 1.09 1.08 1.05 1.06 
1.07 1.05 1.09 1.09 1.05 1.09 1.07 1.07 1.08 1.06 1.08 1.06 1.08 1.06 1.08 1.07 1.08 1.06 1.09 1.07 
1.07 1.05 1.09 1.05 1.06 1.06 1.05 1.06 1.08 1.08 1.07 1.07 1.08 1.06 1.07 1.05 1.08 1.09 1.05 1.05 
1.07 1.09 1.06 1.08 1.05 1.08 1.07 1.08 1.07 1.08 1.08 1.08 1.06 1.07 1.09 1.06 1.05 1.09 1.06 1.09 
1.05 1.05 1.05 1.09 1.09 1.05 1.07 1.08 1.08 1.07 1.06 1.07 1.06 1.05 1.07 1.06 1.05 1.05 1.09 1.09 
1.06 1.09 1.05 1.05 1.07 1.05 1.06 1.06 1.07 1.09 1.06 1.07 1.05 1.08 1.07 1.06 1.08 1.06 1.08 1.07 
1.07 1.07 1.05 1.06 1.08 1.08 1.07 1.05 1.08 1.08 1.09 1.08 1.06 1.08 1.05 1.06 1.05 1.08 1.08 1.08 
1.07 1.07 1.05 1.09 1.05 1.06 1.08 1.05 1.08 1.08 1.09 1.09 1.08 1.08 1.07 1.09 1.05 1.09 1.09 1.05 
1.09 1.05 1.06 1.09 1.05 1.06 1.05 1.06 1.07 1.06 1.05 1.05 1.09 1.05 1.08 1.06 1.06 1.05 1.05 1.06 
1.05 1.08 1.08 1.08 1.08 1.09 1.09 1.05 1.08 1.07 1.07 1.09 1.05 1.06 1.09 1.08 1.07 1.05 1.06 1.05 
1.08 1.06 1.05 1.09 1.05 1.07 1.08 1.08 1.05 1.07 1.09 1.06 1.08 1.06 1.09 1.07 1.08 1.07 1.05 1.07 
1.07 1.07 1.08 1.09 1.08 1.05 1.08 1.07 1.08 1.06 1.09 1.07 1.06 1.06 1.09 1.08 1.05 1.09 1.07 1.06 
1.05 1.09 1.08 1.05 1.09 1.06 1.06 1.05 1.06 1.06 1.08 1.07 1.07 1.06 1.09 1.08 1.07 1.09 1.08 1.07 
1.07 1.06 1.07 1.07 1.06 1.09 1.09 1.08 1.08 1.07 1.05 1.07 1.05 1.05 1.05 1.05 1.09 1.07 1.07 1.07 
1.09 1.07 1.09 1.08 1.07 1.06 1.09 1.07 1.07 1.08 1.06 1.06 1.08 1.05 1.07 1.05 1.08 1.07 1.09 1.07 
1.07 1.08 1.05 1.05 1.07 1.06 1.08 1.05 1.06 1.05 1.09 1.07 1.07 1.09 1.09 1.05 1.07 1.05 1.05 1.08 
1.07 1.05 1.08 1.05 1.06 1.07 1.07 1.09 1.05 1.08 1.09 1.06 1.05 1.09 1.07 1.06 1.09 1.05 1.06 1.08 
1.09 1.05 1.08 1.07 1.06 1.08 1.06 1.08 1.06 1.06 1.08 1.06 1.09 1.09 1.05 1.05 1.06 1.05 1.05 1.09 
1.07 1.06 1.07 1.06 1.07 1.09 1.08 1.08 1.06 1.07 1.08 1.07 1.08 1.07 1.08 1.09 1.09 1.08 1.09 1.07 
1.06 1.05 1.07 1.08 1.09 1.09 1.05 1.08 1.05 1.07 1.05 1.06 1.09 1.07 1.07 1.07 1.05 1.09 1.05 1.06 
1.09 1.08 1.06 1.05 1.07 1.08 1.07 1.05 1.06 1.05 1.07 1.06 1.06 1.05 1.08 1.07 1.08 1.05 1.05 1.05 
1.09 1.07 1.05 1.07 1.06 1.09 1.05 1.08 1.09 1.08 1.09 1.09 1.08 1.08 1.09 1.07 1.07 1.09 1.09 1.08 
1.07 1.06 1.09 1.05 1.05 1.08 1.08 1.05 1.06 1.07 1.09 1.09 1.05 1.06 1.06 1.09 1.09 1.09 1.05 1.07 
1.09 1.07 1.07 1.08 1.05 1.06 1.09 1.06 1.06 1.07 1.09 1.05 1.07 1.05 1.09 1.09 1.06 1.08 1.05 1.09 
1.07 1.08 1.07 1.06 1.09 1.05 1.09 1.06 1.09 1.08 1.05 1.06 1.07 1.05 1.09 1.07 1.09 1.09 1.05 1.07 
1.05 1.06 1.07 1.07 1.08 1.09 1.07 1.05 1.08 1.06 1.07 1.05 1.05 1.08 1.08 1.06 1.06 1.07 1.05 1.09 
1.07 1.08 1.06 1.08 1.07 1.07 1.05 1.07 1.05 1.06 1.07 1.06 1.06 1.05 1.08 1.07 1.09 1.05 1.05 1.08 
1.06 1.05 1.09 1.08 1.08 1.07 1.06 1.08 1.07 1.07 1.09 1.06 1.09 1.09 1.08 1.07 1.05 1.05 1.06 1.09 
1.05 1.08 1.06 1.05 1.09 1.07 1.08 1.07 1.06 1.05 1.05 1.06 1.09 1.05 1.09 1.09 1.05 1.09 1.06 1.05 
1.05 1.08 1.08 1.06 1.08 1.07 1.07 1.07 1.07 1.08 1.06 1.08 1.07 1.07 1.08 1.09 1.07 1.07 1.07 1.05 
1.05 1.06 1.05 1.09 1.08 1.07 1.08 1.08 1.05 1.09 1.09 1.05 1.08 1.06 1.05 1.08 1.07 1.05 1.08 1.08 
1.06 1.05 1.08 1.06 1.07 1.05 1.06 1.06 1.06 1.06 1.05 1.09 1.05 1.05 1.05 1.07 1.06 1.05 1.06 1.05 
1.06 1.06 1.07 1.05 1.06 1.08 1.05 1.08 1.05 1.08 1.06 1.05 1.05 1.06 1.09 1.08 1.07 1.06 1.05 1.05 
1.08 1.07 1.07 1.05 1.09 1.08 1.08 1.06 1.08 1.09 1.08 1.09 1.08 1.06 1.06 1.08 1.09 1.09 1.09 1.08 
1.08 1.09 1.09 1.06 1.07 1.08 1.06 1.09 1.05 1.07 1.09 1.07 1.09 1.08 1.06 1.08 1.07 1.06 1.08 1.06 
1.07 1.06 1.06 1.08 1.05 1.08 1.06 1.07 1.09 1.08 1.08 1.06 1.09 1.07 1.08 1.06 1.08 1.05 1.06 1.05 
1.05 1.08 1.08 1.07 1.07 1.05 1.06 1.07 1.09 1.07 1.06 1.06 1.05 1.05 1.08 1.05 1.06 1.06 1.08 1.08 
1.07 1.06 1.05 1.07 1.08 1.05 1.06 1.08 1.05 1.08 1.05 1.07 1.05 1.06 1.05 1.07 1.05 1.06 1.08 1.05 
1.05 1.09 1.09 1.09 1.07 1.08 1.07 1.06 1.07 1.08 1.06 1.07 1.07 1.09 1.06 1.08 1.07 1.09 1.08 1.07 
1.06 1.07 1.08 1.09 1.05 1.09 1.06 1.07 1.08 1.06 1.07 1.06 1.05 1.05 1.08 1.07 1.05 1.06 1.06 1.07 
1.05 1.05 1.07 1.08 1.05 1.08 1.09 1.08 1.07 1.06 1.06 1.07 1.07 1.05 1.05 1.05 1.06 1.05 1.05 1.06 
1.09 1.08 1.07 1.08 1.09 1.05 1.06 1.08 1.08 1.07 1.05 1.09 1.06 1.07 1.07 1.08 1.05 1.05 1.05 1.07 
1.08 1.05 1.09 1.06 1.06 1.05 1.05 1.08 1.08 1.06 1.06 1.05 1.06 1.07 1.07 1.08 1.05 1.09 1.09 1.08 
1.06 1.08 1.07 1.07 1.07 1.05 1.07 1.07 1.05 1.06 1.09 1.09 1.06 1.09 1.09 1.06 1.07 1.05 1.06 1.08 
1.06 1.05 1.06 1.08 1.08 1.08 1.05 1.07 1.05 1.07 1.08 1.09 1.05 1.08 1.06 1.08 1.05 1.06 1.07 1.05 
1.09 1.08 1.05 1.09 1.06 1.05 1.05 1.05 1.09 1.05 1.06 1.05 1.08 1.08 1.08 1.07 1.07 1.08 1.08 1.09 
1.05 1.05 1.06 1.08 1.05 1.08 1.05 1.07 1.09 1.07 1.06 1.08 1.08 1.08 1.06 1.08 1.09 1.08 1.07 1.09 
1.05 1.06 1.05 1.06 1.05 1.08 1.09 1.06 1.08 1.08 1.09 1.08 1.08 1.05 1.06 1.06 1.09 1.06 1.06 1.08 
1.09 1.07 1.07 1.05 1.07 1.06 1.08 1.06 1.07 1.08 1.06 1.05 1.08 1.07 1.09 1.09 1.06 1.05 1.06 1.06 
1.08 1.08 1.06 1.05 1.09 1.09 1.09 1.07 1.08 1.05 1.06 1.08 1.07 1.06 1.05 1.07 1.06 1.09 1.09 1.09 
1.07 1.05 1.06 1.08 1.06 1.09 1.06 1.06 1.09 1.08 1.05 1.07 1.07 1.08 1.06 1.05 1.07 1.05 1.08 1.05 
1.06 1.08 1.08 1.06 1.08 1.05 1.07 1.08 1.09 1.07 1.08 1.07 1.08 1.09 1.06 1.05 1.07 1.05 1.08 1.05 
1.09 1.06 1.05 1.05 1.06 1.05 1.07 1.07 1.05 1.07 1.07 1.05 1.09 1.09 1.06 1.05 1.07 1.08 1.05 1.08 
1.06 1.05 1.08 1.08 1.07 1.06 1.09 1.09 1.09 1.08 1.05 1.05 1.08 1.09 1.09 1.09 1.06 1.06 1.06 1.08 
1.07 1.08 1.06 1.07 1.06 1.08 1.07 1.06 1.09 1.05 1.05 1.05 1.07 1.09 1.09 1.08 1.09 1.09 1.07 1.08 
1.07 1.08 1.06 1.07 1.08 1.06 1.06 1.07 1.09 1.06 1.08 1.05 1.06 1.06 1.06 1.09 1.06 1.06 1.08 1.06 
1.07 1.05 1.07 1.05 1.05 1.05 1.09 1.08 1.07 1.09 1.06 1.07 1.05 1.07 1.06 1.07 1.06 1.07 1.09 1.08 
1.08 1.07 1.07 1.07 1.05 1.07 1.07 1.06 1.09 1.08 1.09 1.06 1.05 1.09 1.05 1.06 1.08 1.06 1.05 1.08 
1.08 1.05 1.07 1.06 1.09 1.07 1.06 1.09 1.06 1.08 1.07 1.06 1.07 1.08 1.08 1.06 1.06 1.05 1.07 1.06 
1.05 1.07 1.07 1.07 1.06 1.06 1.05 1.07 1.09 1.09 1.09 1.07 1.07 1.05 1.07 1.09 1.09 1.08 1.07 1.09 
1.09 1.06 1.06 1.06 1.09 1.06 1.05 1.08 1.07 1.06 1.07 1.07 1.05 1.06 1.06 1.07 1.09 1.09 1.06 1.06 
1.07 1.08 1.09 1.08 1.08 1.05 1.06 1.06 1.06 1.06 1.06 1.07 1.06 1.09 1.06 1.06 1.06 1.08 1.09 1.09 
1.07 1.09 1.07 1.09 1.06 1.09 1.06 1.07 1.08 1.09 1.08 1.07 1.07 1.07 1.07 1.09 1.09 1.06 1.08 1.09 
1.08 1.08 1.06 1.07 1.08 1.09 1.09 1.05 1.05 1.06 1.07 1.07 1.07 1.05 1.09 1.07 1.05 1.05 1.06 1.05 
1.08 1.06 1.06 1.07 1.07 1.07 1.07 1.07 1.06 1.07 1.09 1.06 1.08 1.09 1.06 1.05 1.07 1.07 1.07 1.05 
1.08 1.09 1.08 1.07 1.09 1.09 1.06 1.08 1.08 1.05 1.08 1.07 1.07 1.08 1.05 1.09 1.05 1.09 1.07 1.09 
1.05 1.08 1.07 1.06 1.05 1.05 1.09 1.09 1.07 1.08 1.08 1.05 1.06 1.07 1.09 1.05 1.07 1.09 1.08 1.09 
1.08 1.08 1.09 1.08 1.08 1.07 1.06 1.09 1.07 1.09 1.07 1.09 1.06 1.08 1.07 1.07 1.08 1.05 1.09 1.05 
1.05 1.07 1.06 1.07 1.09 1.08 1.08 1.05 1.07 1.07 1.08 1.09 1.08 1.08 1.09 1.05 1.05 1.05 1.08 1.08 
1.05 1.05 1.07 1.07 1.06 1.07 1.06 1.09 1.09 1.07 1.09 1.07 1.06 1.09 1.07 1.07 1.06 1.06 1.09 1.06 
1.08 1.06 1.05 1.05 1.09 1.06 1.08 1.08 1.06 1.08 1.05 1.07 1.05 1.08 1.09 1.07 1.07 1.09 1.08 1.06 
1.09 1.08 1.06 1.09 1.06 1.08 1.09 1.06 1.06 1.07 1.08 1.08 1.09 1.09 1.05 1.09 1.09 1.06 1.09 1.05 
1.07 1.09 1.07 1.06 1.09 1.09 1.06 1.05 1.06 1.09 1.05 1.06 1.09 1.09 1.07 1.06 1.08 1.09 1.07 1.09 
1.09 1.09 1.09 1.05 1.05 1.09 1.07 1.09 1.06 1.08 1.07 1.08 1.08 1.07 1.06 1.05 1.08 1.07 1.07 1.07 
1.07 1.05 1.09 1.06 1.08 1.08 1.06 1.08 1.09 1.06 1.08 1.08 1.05 1.05 1.07 1.05 1.07 1.06 1.06 1.07 
1.09 1.09 1.05 1.06 1.05 1.09 1.06 1.09 1.05 1.05 1.07 1.07 1.09 1.05 1.05 1.08 1.05 1.06 1.05 1.06 
1.07 1.09 1.09 1.07 1.06 1.05 1.08 1.09 1.05 1.08 1.06 1.05 1.06 1.09 1.08 1.06 1.09 1.08 1.05 1.05 
1.07 1.08 1.09 1.08 1.06 1.07 1.08 1.05 1.07 1.06 1.05 1.06 1.06 1.09 1.08 1.08 1.07 1.05 1.08 1.07 
1.06 1.05 1.08 1.07 1.08 1.07 1.06 1.09 1.08 1.08 1.09 1.09 1.08 1.07 1.05 1.09 1.09 1.05 1.05 1.09 
1.05 1.06 1.09 1.06 1.09 1.05 1.08 1.09 1.08 1.09 1.09 1.09 1.07 1.05 1.08 1.09 1.08 1.09 1.07 1.07 
1.05 1.05 1.07 1.08 1.06 1.05 1.07 1.09 1.06 1.07 1.07 1.06 1.09 1.06 1.08 1.06 1.05 1.08 1.07 1.08 
1.07 1.05 1.08 1.06 1.06 1.09 1.05 1.09 1.09 1.08 1.05 1.08 1.07 1.09 1.08 1.08 1.08 1.09 1.09 1.07 
1.08 1.06 1.06 1.06 1.08 1.08 1.08 1.08 1.07 1.06 1.07 1.08 1.09 1.09 1.06 1.06 1.08 1.05 1.06 1.08 
1.08 1.09 1.05 1.06 1.07 1.06 1.05 1.07 1.06 1.08 1.07 1.08 1.06 1.09 1.07 1.07 1.07 1.07 1.09 1.07 
1.07 1.05 1.09 1.05 1.06 1.06 1.07 1.08 1.08 1.05 1.05 1.08 1.06 1.07 1.06 1.05 1.05 1.08 1.08 1.07 
1.06 1.06 1.09 1.08 1.08 1.06 1.05 1.09 1.08 1.07 1.07 1.06 1.06 1.07 1.06 1.09 1.09 1.07 1.07 1.08 
1.09 1.05 1.09 1.06 1.08 1.05 1.06 1.06 1.07 1.07 1.05 1.08 1.06 1.07 1.08 1.09 1.06 1.07 1.05 1.06 
1.06 1.05 1.05 1.08 1.08 1.07 1.08 1.08 1.09 1.08 1.05 1.09 1.06 1.06 1.07 1.06 1.09 1.05 1.08 1.07 
1.08 1.05 1.06 1.08 1.09 1.06 1.06 1.09 1.09 1.08 1.07 1.06 1.06 1.06 1.05 1.06 1.07 1.08 1.09 1.08 
1.08 1.09 1.09 1.08 1.06 1.07 1.05 1.05 1.06 1.05 1.05 1.09 1.06 1.06 1.07 1.07 1.06 1.09 1.07 1.08 
1.07 1.07 1.07 1.05 1.06 1.05 1.06 1.05 1.08 1.08 1.08 1.06 1.06 1.08 1.06 1.05 1.05 1.07 1.07 1.06 
1.08 1.06 1.07 1.05 1.07 1.08 1.06 1.07 1.08 1.08 1.05 1.07 1.08 1.09 1.09 1.06 1.07 1.07 1.05 1.09 
1.05 1.05 1.08 1.06 1.05 1.07 1.06 1.07 1.09 1.06 1.09 1.08 1.07 1.05 1.06 1.07 1.09 1.06 1.07 1.07 
1.07 1.08 1.07 1.08 1.05 1.07 1.09 1.08 1.05 1.09 1.06 1.08 1.05 1.07 1.09 1.06 1.07 1.07 1.07 1.09 
1.07 1.09 1.06 1.05 1.07 1.05 1.09 1.06 1.05 1.05 1.09 1.05 1.08 1.07 1.06 1.08 1.07 1.09 1.05 1.08 
1.08 1.07 1.07 1.07 1.07 1.08 1.05 1.05 1.06 1.06 1.08 1.06 1.06 1.08 1.05 1.05 1.05 1.05 1.09 1.09 
1.07 1.06 1.05 1.06 1.06 1.05 1.06 1.09 1.09 1.06 1.05 1.06 1.06 1.05 1.08 1.06 1.06 1.06 1.07 1.07 
1.05 1.06 1.06 1.05 1.09 1.09 1.06 1.07 1.06 1.07 1.09 1.07 1.05 1.09 1.06 1.08 1.09 1.08 1.08 1.08 
1.05 1.09 1.08 1.06 1.07 1.05 1.08 1.09 1.08 1.06 1.05 1.08 1.07 1.07 1.09 1.09 1.09 1.05 1.09 1.07 
1.09 1.09 1.09 1.05 1.08 1.08 1.05 1.05 1.09 1.07 1.08 1.06 1.07 1.05 1.07 1.05 1.09 1.07 1.08 1.08 
1.06 1.09 1.09 1.07 1.08 1.07 1.06 1.08 1.09 1.07 1.06 1.05 1.09 1.09 1.08 1.09 1.09 1.06 1.07 1.09 
1.05 1.08 1.08 1.06 1.09 1.09 1.09 1.07 1.08 1.08 1.06 1.09 1.07 1.06 1.09 1.05 1.07 1.06 1.08 1.07 
1.08 1.06 1.07 1.08 1.05 1.06 1.07 1.05 1.07 1.07 1.09 1.09 1.06 1.09 1.05 1.08 1.05 1.06 1.08 1.05 
1.06 1.05 1.08 1.05 1.08 1.07 1.05 1.05 1.07 1.08 1.05 1.08 1.06 1.08 1.06 1.09 1.05 1.09 1.09 1.09 
1.05 1.08 1.07 1.07 1.09 1.09 1.08 1.08 1.09 1.05 1.05 1.06 1.06 1.06 1.06 1.05 1.06 1.05 1.07 1.08 
1.09 1.08 1.07 1.06 1.09 1.09 1.08 1.06 1.08 1.09 1.05 1.07 1.06 1.09 1.05 1.07 1.06 1.07 1.05 1.07 
1.08 1.08 1.09 1.09 1.06 1.09 1.05 1.05 1.08 1.09 1.08 1.06 1.09 1.06 1.08 1.08 1.09 1.07 1.08 1.06 
1.05 1.08 1.06 1.08 1.09 1.06 1.08 1.05 1.08 1.07 1.07 1.09 1.07 1.07 1.07 1.07 1.09 1.06 1.09 1.06 
1.07 1.09 1.09 1.06 1.08 1.09 1.09 1.07 1.09 1.05 1.09 1.07 1.08 1.05 1.07 1.09 1.05 1.05 1.07 1.07 
1.06 1.05 1.06 1.05 1.09 1.05 1.09 1.06 1.08 1.07 1.07 1.05 1.05 1.08 1.06 1.05 1.08 1.06 1.07 1.07 
1.08 1.05 1.05 1.07 1.06 1.06 1.08 1.07 1.05 1.09 1.05 1.07 1.06 1.07 1.09 1.08 1.06 1.07 1.07 1.05 
1.06 1.09 1.05 1.05 1.05 1.09 1.08 1.09 1.06 1.06 1.09 1.07 1.08 1.08 1.06 1.09 1.05 1.07 1.08 1.09 
1.07 1.05 1.09 1.05 1.07 1.08 1.05 1.07 1.08 1.08 1.08 1.08 1.06 1.05 1.05 1.06 1.05 1.09 1.05 1.08 
1.08 1.07 1.05 1.09 1.08 1.05 1.09 1.09 1.05 1.07 1.06 1.08 1.07 1.05 1.06 1.08 1.07 1.09 1.07 1.09 
1.07 1.05 1.06 1.08 1.07 1.08 1.05 1.07 1.05 1.06 1.07 1.08 1.05 1.07 1.09 1.05 1.08 1.05 1.06 1.05 
1.05 1.07 1.07 1.06 1.05 1.07 1.07 1.09 1.09 1.06 1.06 1.08 1.08 1.05 1.05 1.08 1.05 1.09 1.06 1.07 
1.08 1.09 1.06 1.09 1.09 1.09 1.09 1.09 1.05 1.05 1.06 1.08 1.09 1.07 1.05 1.08 1.05 1.08 1.08 1.05 
1.05 1.07 1.08 1.07 1.06 1.06 1.05 1.06 1.05 1.06 1.05 1.08 1.05 1.05 1.07 1.07 1.09 1.05 1.08 1.08 
1.09 1.09 1.05 1.06 1.07 1.08 1.05 1.08 1.05 1.09 1.06 1.05 1.08 1.08 1.07 1.06 1.07 1.05 1.09 1.09 
1.08 1.08 1.09 1.07 1.09 1.08 1.08 1.05 1.07 1.07 1.07 1.07 1.09 1.05 1.08 1.09 1.05 1.09 1.07 1.08 
1.08 1.07 1.06 1.07 1.08 1.07 1.06 1.08 1.09 1.06 1.06 1.08 1.09 1.07 1.05 1.08 1.08 1.07 1.05 1.05 
1.05 1.06 1.05 1.06 1.05 1.05 1.08 1.06 1.06 1.08 1.05 1.05 1.07 1.08 1.07 1.08 1.06 1.09 1.06 1.05 
1.09 1.07 1.06 1.06 1.08 1.08 1.07 1.09 1.08 1.08 1.09 1.08 1.08 1.05 1.07 1.06 1.08 1.06 1.09 1.08 
1.06 1.06 1.06 1.09 1.05 1.08 1.06 1.06 1.09 1.09 1.05 1.08 1.06 1.06 1.06 1.08 1.08 1.06 1.07 1.08 
1.09 1.05 1.09 1.05 1.05 1.09 1.06 1.06 1.06 1.06 1.08 1.08 1.05 1.09 1.06 1.06 1.06 1.05 1.06 1.05 
1.08 1.05 1.07 1.07 1.05 1.08 1.06 1.07 1.06 1.06 1.08 1.06 1.05 1.05 1.08 1.05 1.06 1.07 1.08 1.07 
1.09 1.06 1.07 1.08 1.05 1.09 1.09 1.08 1.05 1.09 1.08 1.06 1.05 1.06 1.08 1.09 1.09 1.07 1.08 1.08 
1.05 1.09 1.09 1.05 1.07 1.06 1.06 1.07 1.08 1.08 1.05 1.08 1.06 1.06 1.09 1.05 1.06 1.07 1.07 1.08 
1.06 1.06 1.05 1.07 1.09 1.05 1.06 1.09 1.07 1.07 1.09 1.08 1.05 1.06 1.07 1.09 1.05 1.05 1.05 1.08 
1.09 1.06 1.08 1.07 1.05 1.05 1.08 1.08 1.09 1.07 1.08 1.08 1.07 1.06 1.05 1.08 1.06 1.05 1.05 1.05 
1.06 1.09 1.05 1.05 1.07 1.05 1.08 1.06 1.06 1.07 1.07 1.06 1.09 1.06 1.09 1.08 1.07 1.05 1.09 1.08 
1.08 1.07 1.05 1.08 1.09 1.06 1.09 1.07 1.06 1.08 1.09 1.08 1.07 1.06 1.08 1.07 1.06 1.08 1.06 1.09 
1.05 1.06 1.06 1.05 1.05 1.07 1.08 1.05 1.08 1.08 1.07 1.07 1.07 1.08 1.09 1.07 1.08 1.05 1.07 1.05 
1.05 1.09 1.05 1.09 1.06 1.08 1.07 1.08 1.06 1.06 1.06 1.09 1.06 1.06 1.07 1.05 1.05 1.07 1.08 1.06 
1.07 1.06 1.09 1.06 1.07 1.08 1.05 1.08 1.08 1.07 1.09 1.05 1.08 1.07 1.06 1.06 1.09 1.07 1.09 1.06 
1.07 1.09 1.06 1.05 1.08 1.07 1.09 1.06 1.06 1.07 1.09 1.08 1.09 1.08 1.05 1.07 1.05 1.09 1.05 1.07 
1.06 1.06 1.09 1.06 1.06 1.09 1.05 1.08 1.07 1.06 1.06 1.09 1.06 1.08 1.07 1.06 1.07 1.09 1.08 1.05 
1.05 1.07 1.08 1.05 1.08 1.07 1.05 1.09 1.07 1.07 1.09 1.07 1.06 1.08 1.06 1.08 1.05 1.07 1.09 1.07 
1.06 1.06 1.09 1.07 1.08 1.09 1.09 1.06 1.05 1.05 1.09 1.08 1.09 1.05 1.05 1.05 1.08 1.06 1.08 1.06 
1.08 1.05 1.05 1.09 1.08 1.07 1.05 1.05 1.07 1.09 1.07 1.06 1.05 1.05 1.08 1.09 1.08 1.09 1.08 1.05 
1.06 1.08 1.07 1.09 1.06 1.08 1.08 1.09 1.08 1.06 1.07 1.09 1.06 1.06 1.09 1.06 1.07 1.07 1.05 1.06 
1.05 1.05 1.05 1.06 1.08 1.05 1.06 1.05 1.09 1.07 1.06 1.08 1.07 1.07 1.08 1.07 1.06 1.06 1.05 1.09 
1.06 1.07 1.08 1.06 1.06 1.06 1.08 1.09 1.09 1.06 1.06 1.08 1.09 1.06 1.05 1.08 1.09 1.05 1.08 1.09 
1.07 1.06 1.09 1.06 1.07 1.05 1.06 1.06 1.05 1.05 1.07 1.06 1.08 1.07 1.07 1.09 1.08 1.08 1.07 1.07 
1.09 1.05 1.06 1.08 1.08 1.08 1.07 1.06 1.07 1.06 1.07 1.06 1.08 1.06 1.08 1.08 1.08 1.08 1.07 1.09 
1.05 1.06 1.08 1.05 1.08 1.08 1.06 1.07 1.05 1.09 1.05 1.07 1.06 1.09 1.07 1.09 1.05 1.06 1.06 1.09 
1.06 1.05 1.07 1.09 1.05 1.08 1.08 1.05 1.08 1.06 1.05 1.05 1.05 1.08 1.09 1.08 1.09 1.05 1.07 1.06 
1.09 1.08 1.08 1.08 1.07 1.07 1.08 1.08 1.07 1.07 1.09 1.07 1.09 1.08 1.07 1.05 1.08 1.06 1.05 1.08 
1.06 1.06 1.07 1.08 1.07 1.08 1.09 1.09 1.07 1.09 1.07 1.07 1.06 1.05 1.06 1.08 1.09 1.09 1.08 1.06 
1.05 1.07 1.06 1.05 1.08 1.05 1.09 1.07 1.05 1.07 1.07 1.08 1.09 1.06 1.09 1.09 1.08 1.08 1.06 1.09 
1.07 1.05 1.05 1.09 1.07 1.09 1.07 1.07 1.09 1.07 1.06 1.09 1.06 1.07 1.06 1.07 1.05 1.09 1.05 1.06 
