20
400
18 1 3 91 7 85 52 26 71 18 41 46 4 5 95 96 79 52 27 11 28 2 17 30 50 26 57 21 79 54 5 66 77 40 51 5 9 38 54 79 71 99 26 60 26 25 35 3 85 15 38 18 26 82 28 90 34 44 27 48 57 97 11 45 43 34 100 87 32 38 16 15 32 87 39 90 58 73 49 19 86 5 15 96 44 13 34 89 87 42 89 27 45 61 21 61 65 38 74 86 75 18 100 39 71 64 63 12 64 18 19 18 22 85 26 68 98 59 99 96 73 59 54 91 48 98 9 99 78 24 51 33 78 40 39 11 95 61 36 44 17 29 34 57 66 35 55 66 24 52 22 66 13 49 84 8 9 92 9 98 86 80 62 94 30 70 1 50 76 21 12 76 4 5 17 94 48 15 77 96 63 52 76 44 61 15 61 89 56 27 35 59 85 74 54 13 30 34 25 29 78 74 100 72 21 13 30 37 30 37 17 67 2 23 1 1 96 41 54 86 57 19 29 38 100 58 32 71 86 62 21 83 98 95 64 5 13 19 35 22 68 61 91 70 10 57 73 34 91 31 87 93 29 81 71 78 50 32 52 60 23 13 67 1 23 76 51 86 99 18 66 72 77 28 95 63 93 82 72 59 52 33 31 7 63 27 51 20 48 49 22 75 71 79 76 62 38 25 31 5 75 73 93 71 1 28 17 46 77 23 81 19 74 79 51 71 63 2 19 55 37 71 73 89 77 84 68 39 18 66 22 19 21 82 20 24 48 2 60 96 30 34 21 15 18 85 28 63 46 19 37 36 53 47 19 13 62 20 63 27 7 3 69 30 58 36 93 63 19 7 54 93 27 9 13 2 2 79 96 7 71 52 95 38 96 74 62 100 28 75 52 11 69 61 32 82 17 95 22 7 
3 3 2 2 2 1 3 3 1 2 2 3 1 1 1 1 1 1 2 3 
1.05 1.08 1.05 1.09 1.08 1.05 1.05 1.06 1.05 1.08 1.09 1.08 1.08 1.06 1.09 1.07 1.07 1.05 1.06 1.06 
1.06 1.09 1.06 1.09 1.05 1.06 1.06 1.07 1.07 1.08 1.06 1.06 1.08 1.07 1.09 1.09 1.09 1.08 1.09 1.06 
1.09 1.07 1.08 1.05 1.09 1.07 1.06 1.07 1.09 1.05 1.05 1.09 1.07 1.06 1.08 1.05 1.07 1.06 1.05 1.05 
1.07 1.05 1.09 1.06 1.09 1.06 1.08 1.06 1.07 1.05 1.09 1.05 1.08 1.08 1.06 1.08 1.05 1.08 1.06 1.08 
1.07 1.09 1.08 1.05 1.05 1.07 1.09 1.05 1.07 1.05 1.05 1.06 1.09 1.09 1.08 1.07 1.05 1.08 1.07 1.07 
1.05 1.05 1.09 1.09 1.09 1.07 1.05 1.07 1.09 1.06 1.07 1.06 1.07 1.08 1.05 1.09 1.06 1.07 1.08 1.08 
1.08 1.07 1.08 1.08 1.06 1.05 1.05 1.06 1.06 1.06 1.07 1.09 1.08 1.09 1.06 1.07 1.07 1.05 1.08 1.09 
1.06 1.05 1.09 1.06 1.07 1.06 1.07 1.06 1.06 1.05 1.07 1.07 1.05 1.05 1.07 1.06 1.06 1.06 1.05 1.05 
1.09 1.06 1.07 1.08 1.07 1.07 1.07 1.08 1.09 1.08 1.05 1.07 1.05 1.09 1.06 1.08 1.09 1.08 1.05 1.09 
1.07 1.06 1.05 1.05 1.08 1.07 1.05 1.07 1.07 1.09 1.06 1.06 1.05 1.07 1.06 1.05 1.05 1.07 1.06 1.06 
1.05 1.06 1.07 1.07 1.09 1.08 1.07 1.07 1.05 1.08 1.05 1.09 1.07 1.06 1.09 1.06 1.07 1.08 1.06 1.05 
1.06 1.06 1.05 1.08 1.08 1.09 1.07 1.06 1.08 1.05 1.05 1.05 1.05 1.08 1.06 1.08 1.08 1.07 1.06 1.09 
1.07 1.06 1.07 1.07 1.06 1.08 1.06 1.05 1.07 1.06 1.08 1.09 1.08 1.08 1.07 1.08 1.08 1.05 1.05 1.06 
1.06 1.07 1.09 1.07 1.09 1.08 1.09 1.08 1.07 1.06 1.09 1.06 1.08 1.06 1.08 1.05 1.09 1.09 1.08 1.09 
1.07 1.08 1.06 1.09 1.06 1.07 1.05 1.06 1.07 1.09 1.08 1.05 1.08 1.08 1.06 1.05 1.05 1.07 1.06 1.07 
1.07 1.05 1.07 1.08 1.05 1.08 1.06 1.06 1.06 1.05 1.08 1.05 1.08 1.05 1.06 1.05 1.09 1.07 1.06 1.08 
1.05 1.06 1.09 1.06 1.05 1.08 1.08 1.08 1.06 1.07 1.05 1.07 1.05 1.08 1.09 1.09 1.06 1.08 1.09 1.06 
1.08 1.07 1.07 1.07 1.05 1.06 1.05 1.06 1.06 1.05 1.07 1.08 1.06 1.07 1.08 1.07 1.09 1.05 1.06 1.07 
1.07 1.07 1.06 1.07 1.05 1.07 1.07 1.05 1.08 1.05 1.06 1.08 1.07 1.08 1.08 1.05 1.07 1.09 1.05 1.05 
1.08 1.05 1.06 1.09 1.08 1.07 1.05 1.09 1.07 1.09 1.09 1.07 1.07 1.06 1.07 1.06 1.06 1.09 1.06 1.06 
1.05 1.08 1.08 1.05 1.09 1.08 1.08 1.05 1.09 1.08 1.06 1.07 1.06 1.07 1.06 1.09 1.08 1.08 1.07 1.05 
1.08 1.07 1.07 1.09 1.08 1.06 1.06 1.07 1.05 1.08 1.06 1.05 1.06 1.05 1.07 1.08 1.07 1.05 1.07 1.06 
1.05 1.09 1.08 1.07 1.07 1.07 1.09 1.09 1.07 1.08 1.07 1.07 1.08 1.05 1.07 1.07 1.05 1.05 1.06 1.09 
1.07 1.09 1.06 1.09 1.05 1.08 1.08 1.09 1.07 1.08 1.09 1.08 1.08 1.08 1.05 1.09 1.09 1.07 1.05 1.07 
1.06 1.06 1.06 1.06 1.07 1.07 1.09 1.08 1.09 1.07 1.08 1.06 1.09 1.07 1.08 1.07 1.08 1.07 1.07 1.08 
1.05 1.08 1.05 1.07 1.08 1.08 1.09 1.08 1.07 1.08 1.07 1.07 1.05 1.09 1.08 1.05 1.06 1.06 1.07 1.06 
1.05 1.05 1.09 1.09 1.07 1.06 1.07 1.05 1.05 1.06 1.06 1.05 1.07 1.06 1.05 1.08 1.07 1.08 1.07 1.07 
1.06 1.09 1.09 1.05 1.09 1.06 1.08 1.06 1.05 1.09 1.08 1.05 1.08 1.05 1.07 1.09 1.05 1.05 1.09 1.07 
1.05 1.06 1.05 1.05 1.06 1.07 1.07 1.07 1.08 1.08 1.05 1.08 1.09 1.05 1.09 1.09 1.07 1.06 1.08 1.09 
1.08 1.05 1.09 1.09 1.09 1.05 1.06 1.06 1.09 1.08 1.06 1.07 1.05 1.08 1.09 1.09 1.05 1.08 1.05 1.05 
1.07 1.06 1.06 1.07 1.05 1.08 1.09 1.06 1.06 1.07 1.06 1.09 1.07 1.07 1.09 1.06 1.08 1.05 1.09 1.06 
1.05 1.08 1.05 1.06 1.07 1.06 1.08 1.07 1.05 1.07 1.06 1.07 1.07 1.07 1.09 1.05 1.08 1.08 1.08 1.06 
1.08 1.08 1.06 1.08 1.08 1.09 1.05 1.08 1.05 1.08 1.05 1.07 1.09 1.07 1.07 1.09 1.08 1.05 1.05 1.08 
1.07 1.05 1.08 1.09 1.09 1.08 1.08 1.06 1.05 1.05 1.06 1.08 1.08 1.05 1.08 1.07 1.06 1.07 1.06 1.09 
1.07 1.09 1.06 1.09 1.09 1.09 1.06 1.07 1.09 1.05 1.07 1.07 1.08 1.05 1.08 1.07 1.05 1.07 1.07 1.09 
1.05 1.07 1.07 1.08 1.07 1.08 1.09 1.09 1.05 1.07 1.07 1.06 1.06 1.06 1.07 1.08 1.07 1.05 1.09 1.08 
1.06 1.05 1.05 1.06 1.06 1.05 1.06 1.08 1.08 1.06 1.09 1.07 1.05 1.09 1.05 1.08 1.09 1.09 1.09 1.09 
1.08 1.07 1.06 1.09 1.06 1.05 1.09 1.08 1.06 1.07 1.06 1.05 1.08 1.06 1.09 1.08 1.08 1.05 1.09 1.08 
1.09 1.06 1.06 1.07 1.06 1.08 1.05 1.07 1.07 1.09 1.09 1.05 1.06 1.06 1.09 1.09 1.05 1.09 1.06 1.05 
1.09 1.06 1.08 1.05 1.08 1.07 1.06 1.06 1.08 1.05 1.07 1.06 1.05 1.09 1.08 1.06 1.08 1.08 1.08 1.08 
1.07 1.05 1.08 1.08 1.07 1.06 1.09 1.08 1.05 1.09 1.07 1.06 1.07 1.06 1.08 1.06 1.09 1.09 1.09 1.07 
1.05 1.06 1.09 1.08 1.07 1.05 1.07 1.08 1.09 1.08 1.08 1.06 1.06 1.09 1.08 1.07 1.06 1.05 1.08 1.06 
1.08 1.08 1.08 1.06 1.05 1.06 1.05 1.09 1.07 1.06 1.05 1.06 1.09 1.09 1.08 1.07 1.07 1.07 1.05 1.05 
1.09 1.09 1.07 1.08 1.05 1.08 1.07 1.05 1.09 1.05 1.07 1.08 1.08 1.07 1.07 1.08 1.08 1.05 1.06 1.05 
1.05 1.07 1.09 1.09 1.06 1.07 1.06 1.05 1.06 1.08 1.09 1.08 1.06 1.06 1.05 1.09 1.06 1.06 1.06 1.08 
1.05 1.07 1.05 1.05 1.09 1.08 1.09 1.05 1.09 1.08 1.07 1.05 1.06 1.07 1.08 1.05 1.09 1.08 1.09 1.05 
1.06 1.06 1.05 1.05 1.06 1.06 1.05 1.08 1.09 1.09 1.05 1.06 1.08 1.06 1.06 1.07 1.09 1.07 1.06 1.08 
1.07 1.08 1.07 1.08 1.09 1.06 1.08 1.07 1.09 1.09 1.07 1.05 1.07 1.08 1.09 1.06 1.05 1.06 1.06 1.08 
1.07 1.09 1.05 1.09 1.05 1.09 1.09 1.06 1.09 1.07 1.05 1.06 1.07 1.06 1.09 1.08 1.05 1.08 1.08 1.08 
1.08 1.07 1.07 1.08 1.05 1.05 1.07 1.08 1.07 1.06 1.05 1.06 1.06 1.06 1.08 1.08 1.09 1.05 1.09 1.06 
1.06 1.08 1.06 1.08 1.07 1.08 1.08 1.06 1.07 1.05 1.05 1.08 1.05 1.06 1.09 1.09 1.08 1.06 1.05 1.07 
1.08 1.07 1.06 1.05 1.09 1.09 1.09 1.09 1.07 1.09 1.07 1.07 1.09 1.09 1.08 1.09 1.07 1.07 1.06 1.07 
1.05 1.07 1.07 1.09 1.06 1.08 1.08 1.06 1.05 1.08 1.08 1.07 1.05 1.06 1.05 1.08 1.09 1.08 1.06 1.06 
1.07 1.08 1.07 1.07 1.09 1.07 1.08 1.07 1.08 1.08 1.05 1.08 1.05 1.07 1.05 1.08 1.09 1.05 1.08 1.09 
1.08 1.06 1.06 1.05 1.09 1.08 1.09 1.06 1.06 1.07 1.06 1.07 1.06 1.06 1.09 1.06 1.07 1.08 1.05 1.08 
1.08 1.09 1.09 1.07 1.05 1.09 1.07 1.07 1.09 1.06 1.07 1.09 1.09 1.06 1.05 1.07 1.08 1.07 1.05 1.06 
1.08 1.09 1.08 1.06 1.06 1.05 1.05 1.08 1.05 1.06 1.06 1.06 1.09 1.07 1.08 1.09 1.06 1.07 1.05 1.06 
1.09 1.05 1.09 1.08 1.08 1.07 1.05 1.09 1.05 1.08 1.05 1.06 1.08 1.08 1.05 1.09 1.08 1.09 1.07 1.07 
1.06 1.08 1.05 1.06 1.08 1.05 1.06 1.07 1.09 1.06 1.06 1.05 1.08 1.05 1.09 1.05 1.07 1.09 1.05 1.05 
1.08 1.08 1.05 1.07 1.07 1.06 1.06 1.06 1.09 1.05 1.07 1.05 1.09 1.09 1.05 1.09 1.08 1.06 1.08 1.07 
1.05 1.07 1.09 1.05 1.05 1.06 1.06 1.08 1.07 1.08 1.07 1.09 1.06 1.05 1.08 1.08 1.08 1.07 1.08 1.08 
1.09 1.06 1.09 1.06 1.09 1.05 1.07 1.05 1.07 1.08 1.09 1.09 1.06 1.08 1.08 1.05 1.06 1.09 1.06 1.06 
1.05 1.08 1.07 1.09 1.06 1.05 1.08 1.06 1.08 1.08 1.06 1.09 1.07 1.08 1.07 1.08 1.09 1.06 1.05 1.07 
1.08 1.07 1.07 1.09 1.09 1.09 1.07 1.09 1.07 1.07 1.05 1.09 1.05 1.09 1.05 1.05 1.08 1.07 1.07 1.06 
1.05 1.06 1.08 1.06 1.06 1.06 1.09 1.08 1.06 1.08 1.05 1.08 1.07 1.07 1.05 1.07 1.06 1.07 1.07 1.07 
1.09 1.06 1.06 1.06 1.05 1.06 1.09 1.08 1.08 1.07 1.05 1.09 1.06 1.08 1.06 1.06 1.05 1.09 1.06 1.08 
1.06 1.08 1.09 1.09 1.07 1.08 1.08 1.09 1.09 1.07 1.07 1.05 1.09 1.06 1.06 1.09 1.08 1.06 1.05 1.08 
1.07 1.09 1.09 1.08 1.08 1.07 1.05 1.08 1.05 1.05 1.09 1.06 1.09 1.08 1.07 1.08 1.09 1.07 1.07 1.06 
1.06 1.07 1.05 1.09 1.08 1.06 1.07 1.08 1.05 1.08 1.06 1.05 1.09 1.07 1.05 1.06 1.09 1.07 1.08 1.05 
1.07 1.06 1.05 1.08 1.05 1.06 1.08 1.09 1.07 1.08 1.05 1.05 1.07 1.05 1.06 1.07 1.09 1.05 1.06 1.05 
1.07 1.09 1.06 1.09 1.09 1.08 1.06 1.07 1.09 1.05 1.05 1.06 1.05 1.08 1.07 1.07 1.06 1.05 1.05 1.09 
1.06 1.07 1.06 1.05 1.07 1.07 1.05 1.07 1.08 1.07 1.06 1.05 1.07 1.06 1.06 1.09 1.09 1.09 1.09 1.05 
1.08 1.06 1.06 1.09 1.07 1.06 1.08 1.06 1.07 1.05 1.09 1.09 1.07 1.09 1.09 1.07 1.09 1.06 1.08 1.07 
1.05 1.09 1.05 1.06 1.05 1.09 1.07 1.07 1.06 1.09 1.05 1.05 1.05 1.07 1.05 1.07 1.09 1.08 1.08 1.06 
1.08 1.07 1.07 1.05 1.05 1.06 1.08 1.07 1.09 1.06 1.06 1.08 1.09 1.05 1.05 1.05 1.09 1.08 1.05 1.09 
1.07 1.09 1.07 1.06 1.07 1.05 1.05 1.08 1.08 1.07 1.06 1.05 1.08 1.08 1.09 1.07 1.09 1.08 1.06 1.05 
1.05 1.07 1.05 1.08 1.07 1.08 1.05 1.05 1.08 1.05 1.09 1.08 1.08 1.08 1.09 1.07 1.05 1.06 1.08 1.06 
1.07 1.08 1.06 1.09 1.07 1.05 1.09 1.09 1.06 1.08 1.07 1.05 1.08 1.05 1.07 1.07 1.06 1.07 1.06 1.06 
1.05 1.07 1.06 1.07 1.06 1.07 1.06 1.08 1.06 1.05 1.08 1.09 1.06 1.05 1.09 1.07 1.09 1.07 1.06 1.07 
1.06 1.09 1.06 1.06 1.05 1.05 1.09 1.07 1.08 1.06 1.09 1.09 1.06 1.06 1.08 1.06 1.09 1.05 1.07 1.06 
1.07 1.06 1.05 1.07 1.06 1.09 1.08 1.06 1.07 1.06 1.08 1.09 1.06 1.09 1.07 1.09 1.08 1.05 1.05 1.05 
1.07 1.07 1.06 1.07 1.07 1.08 1.07 1.06 1.09 1.07 1.05 1.06 1.06 1.08 1.05 1.06 1.09 1.08 1.07 1.08 
1.05 1.09 1.09 1.05 1.09 1.07 1.07 1.05 1.09 1.09 1.09 1.05 1.05 1.05 1.06 1.05 1.08 1.09 1.05 1.05 
1.08 1.07 1.09 1.08 1.05 1.09 1.09 1.08 1.08 1.09 1.09 1.06 1.05 1.09 1.09 1.09 1.07 1.07 1.07 1.06 
1.05 1.09 1.06 1.06 1.07 1.09 1.08 1.05 1.08 1.05 1.06 1.05 1.05 1.09 1.08 1.08 1.08 1.07 1.07 1.05 
1.05 1.08 1.05 1.06 1.07 1.08 1.08 1.05 1.08 1.08 1.07 1.08 1.07 1.07 1.06 1.09 1.05 1.09 1.05 1.05 
1.08 1.06 1.05 1.05 1.08 1.06 1.07 1.05 1.08 1.07 1.05 1.07 1.05 1.07 1.07 1.08 1.07 1.08 1.09 1.08 
1.08 1.07 1.07 1.09 1.06 1.05 1.08 1.09 1.05 1.06 1.05 1.05 1.07 1.06 1.08 1.05 1.06 1.08 1.09 1.07 
1.06 1.09 1.08 1.05 1.09 1.06 1.09 1.09 1.09 1.08 1.07 1.06 1.05 1.06 1.05 1.08 1.07 1.09 1.09 1.06 
1.08 1.07 1.06 1.06 1.07 1.09 1.08 1.05 1.09 1.05 1.05 1.05 1.06 1.06 1.07 1.08 1.05 1.07 1.09 1.07 
1.05 1.08 1.06 1.09 1.08 1.08 1.07 1.07 1.07 1.08 1.08 1.06 1.05 1.07 1.09 1.09 1.09 1.06 1.05 1.07 
1.09 1.05 1.06 1.08 1.06 1.05 1.06 1.08 1.08 1.06 1.07 1.05 1.07 1.08 1.08 1.09 1.06 1.07 1.09 1.07 
1.09 1.07 1.09 1.05 1.09 1.05 1.09 1.06 1.09 1.07 1.08 1.06 1.06 1.06 1.05 1.08 1.05 1.08 1.06 1.07 
1.09 1.05 1.06 1.05 1.08 1.09 1.09 1.05 1.08 1.06 1.09 1.09 1.06 1.07 1.06 1.08 1.05 1.05 1.06 1.08 
1.06 1.07 1.08 1.06 1.06 1.07 1.05 1.09 1.07 1.05 1.06 1.09 1.09 1.05 1.08 1.05 1.09 1.07 1.09 1.08 
1.06 1.07 1.06 1.08 1.05 1.05 1.05 1.07 1.05 1.09 1.08 1.05 1.09 1.05 1.06 1.05 1.05 1.08 1.05 1.06 
1.09 1.09 1.07 1.09 1.08 1.05 1.06 1.05 1.07 1.05 1.08 1.08 1.07 1.09 1.05 1.07 1.09 1.07 1.07 1.06 
1.06 1.06 1.09 1.05 1.08 1.06 1.09 1.08 1.07 1.05 1.05 1.09 1.05 1.09 1.07 1.07 1.08 1.06 1.09 1.06 
1.07 1.09 1.05 1.05 1.05 1.06 1.07 1.08 1.08 1.08 1.07 1.08 1.07 1.07 1.06 1.07 1.07 1.07 1.07 1.08 
1.08 1.07 1.08 1.05 1.08 1.05 1.08 1.08 1.05 1.07 1.05 1.07 1.06 1.06 1.05 1.06 1.08 1.06 1.06 1.09 
1.08 1.07 1.07 1.05 1.05 1.06 1.05 1.07 1.08 1.05 1.06 1.07 1.07 1.06 1.08 1.06 1.05 1.09 1.08 1.09 
1.05 1.07 1.07 1.07 1.06 1.05 1.08 1.05 1.06 1.08 1.07 1.05 1.06 1.08 1.05 1.07 1.09 1.09 1.09 1.06 
1.08 1.08 1.08 1.06 1.05 1.06 1.08 1.09 1.07 1.05 1.08 1.08 1.08 1.09 1.06 1.09 1.06 1.06 1.06 1.08 
1.07 1.06 1.05 1.08 1.05 1.08 1.06 1.05 1.09 1.05 1.05 1.08 1.06 1.06 1.08 1.06 1.09 1.05 1.09 1.08 
1.08 1.08 1.08 1.05 1.06 1.09 1.06 1.05 1.06 1.08 1.09 1.09 1.05 1.05 1.05 1.07 1.06 1.07 1.06 1.08 
1.05 1.07 1.07 1.08 1.05 1.08 1.09 1.09 1.05 1.07 1.06 1.05 1.09 1.07 1.06 1.08 1.07 1.06 1.09 1.09 
1.05 1.06 1.05 1.09 1.06 1.06 1.05 1.06 1.05 1.05 1.08 1.09 1.06 1.09 1.06 1.09 1.09 1.05 1.09 1.05 
1.08 1.08 1.09 1.08 1.09 1.05 1.05 1.06 1.07 1.05 1.08 1.06 1.07 1.06 1.06 1.08 1.08 1.05 1.07 1.07 
1.07 1.09 1.07 1.07 1.08 1.07 1.06 1.09 1.05 1.09 1.08 1.09 1.07 1.07 1.06 1.08 1.08 1.09 1.07 1.06 
1.08 1.07 1.09 1.08 1.08 1.07 1.06 1.08 1.08 1.05 1.07 1.08 1.08 1.06 1.09 1.09 1.07 1.07 1.06 1.06 
1.06 1.06 1.06 1.07 1.06 1.08 1.08 1.06 1.08 1.08 1.07 1.09 1.06 1.07 1.05 1.07 1.06 1.09 1.07 1.05 
1.05 1.05 1.06 1.09 1.06 1.05 1.05 1.05 1.07 1.09 1.06 1.06 1.07 1.07 1.06 1.09 1.09 1.07 1.05 1.06 
1.08 1.06 1.06 1.08 1.07 1.07 1.07 1.05 1.06 1.06 1.09 1.09 1.06 1.07 1.06 1.06 1.08 1.06 1.07 1.05 
1.07 1.06 1.07 1.05 1.06 1.07 1.05 1.06 1.07 1.07 1.07 1.07 1.05 1.07 1.08 1.07 1.09 1.09 1.06 1.07 
1.09 1.05 1.08 1.06 1.05 1.07 1.08 1.06 1.09 1.07 1.08 1.07 1.08 1.09 1.07 1.06 1.08 1.09 1.05 1.09 
1.06 1.09 1.09 1.06 1.05 1.08 1.08 1.05 1.08 1.05 1.06 1.08 1.09 1.08 1.06 1.08 1.06 1.07 1.06 1.09 
1.07 1.05 1.09 1.09 1.05 1.09 1.09 1.08 1.08 1.05 1.07 1.09 1.06 1.06 1.05 1.05 1.07 1.09 1.08 1.07 
1.06 1.09 1.07 1.09 1.05 1.08 1.06 1.09 1.06 1.08 1.05 1.06 1.07 1.05 1.08 1.07 1.08 1.06 1.08 1.08 
1.09 1.08 1.06 1.09 1.09 1.09 1.06 1.06 1.06 1.07 1.07 1.05 1.05 1.05 1.08 1.06 1.06 1.05 1.07 1.05 
1.09 1.05 1.05 1.08 1.05 1.07 1.08 1.09 1.05 1.09 1.08 1.08 1.07 1.05 1.07 1.09 1.07 1.06 1.07 1.09 
1.05 1.09 1.06 1.05 1.06 1.06 1.06 1.08 1.07 1.07 1.06 1.07 1.09 1.05 1.05 1.07 1.09 1.07 1.09 1.06 
1.07 1.09 1.09 1.08 1.09 1.07 1.08 1.07 1.05 1.06 1.07 1.07 1.07 1.08 1.06 1.07 1.08 1.08 1.07 1.05 
1.08 1.09 1.06 1.09 1.08 1.07 1.08 1.06 1.08 1.08 1.08 1.09 1.05 1.07 1.06 1.08 1.06 1.06 1.05 1.07 
1.09 1.05 1.05 1.05 1.05 1.06 1.09 1.06 1.05 1.05 1.05 1.05 1.05 1.06 1.05 1.09 1.05 1.07 1.06 1.08 
1.06 1.06 1.07 1.09 1.07 1.09 1.05 1.06 1.08 1.08 1.06 1.05 1.09 1.08 1.05 1.09 1.06 1.05 1.05 1.08 
1.08 1.05 1.09 1.09 1.06 1.06 1.06 1.07 1.05 1.05 1.06 1.05 1.09 1.05 1.09 1.08 1.08 1.08 1.05 1.08 
1.06 1.05 1.06 1.07 1.06 1.09 1.05 1.05 1.07 1.07 1.05 1.08 1.07 1.07 1.05 1.08 1.07 1.07 1.05 1.08 
1.07 1.07 1.07 1.06 1.07 1.05 1.07 1.06 1.06 1.08 1.05 1.06 1.05 1.07 1.05 1.08 1.07 1.09 1.07 1.09 
1.09 1.06 1.05 1.09 1.09 1.07 1.07 1.05 1.09 1.08 1.09 1.09 1.06 1.06 1.09 1.09 1.09 1.09 1.09 1.06 
1.08 1.09 1.09 1.07 1.07 1.08 1.07 1.09 1.08 1.07 1.06 1.05 1.05 1.06 1.05 1.05 1.05 1.09 1.08 1.09 
1.05 1.05 1.05 1.05 1.09 1.07 1.06 1.09 1.06 1.05 1.09 1.06 1.09 1.09 1.05 1.07 1.07 1.05 1.06 1.07 
1.08 1.08 1.05 1.08 1.05 1.07 1.07 1.07 1.07 1.06 1.07 1.07 1.05 1.08 1.09 1.08 1.06 1.08 1.07 1.07 
1.09 1.05 1.05 1.09 1.08 1.07 1.08 1.08 1.07 1.06 1.05 1.06 1.08 1.05 1.05 1.08 1.06 1.07 1.06 1.08 
1.08 1.08 1.05 1.09 1.06 1.06 1.09 1.06 1.07 1.05 1.09 1.05 1.09 1.07 1.09 1.08 1.06 1.09 1.07 1.09 
1.07 1.08 1.05 1.05 1.07 1.09 1.06 1.09 1.05 1.05 1.07 1.05 1.09 1.08 1.07 1.05 1.06 1.08 1.06 1.07 
1.07 1.07 1.06 1.06 1.06 1.05 1.05 1.07 1.06 1.08 1.05 1.06 1.06 1.09 1.08 1.06 1.07 1.05 1.08 1.07 
1.07 1.07 1.09 1.05 1.05 1.09 1.07 1.06 1.09 1.08 1.08 1.06 1.06 1.09 1.09 1.05 1.05 1.08 1.07 1.06 
1.08 1.07 1.06 1.08 1.06 1.09 1.05 1.07 1.05 1.08 1.07 1.08 1.05 1.08 1.09 1.06 1.07 1.06 1.05 1.07 
1.09 1.06 1.06 1.09 1.09 1.05 1.05 1.06 1.09 1.06 1.08 1.08 1.08 1.07 1.05 1.06 1.06 1.09 1.07 1.06 
1.08 1.07 1.07 1.06 1.07 1.06 1.07 1.08 1.06 1.08 1.09 1.07 1.06 1.09 1.07 1.09 1.06 1.05 1.09 1.06 
1.09 1.05 1.09 1.05 1.07 1.07 1.08 1.05 1.07 1.09 1.06 1.08 1.08 1.06 1.06 1.08 1.07 1.08 1.06 1.07 
1.08 1.09 1.05 1.08 1.08 1.07 1.08 1.05 1.08 1.07 1.05 1.06 1.05 1.06 1.08 1.09 1.07 1.06 1.06 1.09 
1.07 1.08 1.07 1.09 1.05 1.06 1.07 1.07 1.09 1.07 1.06 1.05 1.06 1.09 1.08 1.07 1.05 1.08 1.09 1.05 
1.08 1.05 1.06 1.09 1.09 1.07 1.09 1.09 1.09 1.07 1.08 1.06 1.05 1.08 1.09 1.08 1.06 1.05 1.07 1.06 
1.06 1.06 1.06 1.07 1.07 1.06 1.06 1.09 1.05 1.07 1.08 1.05 1.09 1.09 1.08 1.07 1.09 1.06 1.05 1.08 
1.05 1.07 1.08 1.09 1.08 1.08 1.05 1.05 1.06 1.09 1.07 1.08 1.09 1.05 1.07 1.07 1.09 1.09 1.09 1.08 
1.09 1.05 1.08 1.06 1.08 1.07 1.08 1.06 1.05 1.06 1.08 1.09 1.05 1.08 1.05 1.09 1.07 1.06 1.05 1.07 
1.07 1.07 1.06 1.09 1.09 1.07 1.07 1.09 1.06 1.08 1.09 1.06 1.08 1.07 1.06 1.09 1.06 1.08 1.06 1.08 
1.07 1.07 1.09 1.08 1.08 1.06 1.09 1.06 1.09 1.05 1.08 1.06 1.05 1.07 1.08 1.07 1.08 1.09 1.05 1.06 
1.08 1.08 1.05 1.05 1.05 1.08 1.08 1.07 1.08 1.06 1.05 1.06 1.05 1.06 1.06 1.08 1.09 1.06 1.07 1.07 
1.08 1.07 1.07 1.07 1.05 1.07 1.05 1.05 1.09 1.07 1.09 1.08 1.06 1.08 1.06 1.05 1.06 1.08 1.09 1.05 
1.07 1.09 1.06 1.08 1.09 1.09 1.06 1.07 1.08 1.09 1.07 1.07 1.06 1.08 1.07 1.08 1.06 1.09 1.05 1.05 
1.08 1.05 1.05 1.06 1.09 1.08 1.07 1.07 1.07 1.05 1.07 1.06 1.09 1.06 1.06 1.06 1.05 1.08 1.09 1.06 
1.06 1.05 1.07 1.09 1.07 1.06 1.07 1.06 1.05 1.07 1.06 1.05 1.08 1.06 1.07 1.08 1.06 1.06 1.09 1.07 
1.06 1.08 1.06 1.09 1.05 1.08 1.09 1.09 1.06 1.07 1.05 1.09 1.05 1.07 1.09 1.08 1.06 1.09 1.05 1.09 
1.05 1.05 1.06 1.06 1.09 1.07 1.05 1.07 1.09 1.05 1.08 1.06 1.08 1.06 1.07 1.05 1.05 1.09 1.07 1.05 
1.09 1.06 1.05 1.05 1.07 1.05 1.08 1.07 1.08 1.08 1.09 1.09 1.06 1.08 1.08 1.06 1.05 1.06 1.07 1.09 
1.09 1.08 1.07 1.06 1.07 1.06 1.08 1.06 1.09 1.08 1.09 1.06 1.06 1.07 1.08 1.09 1.06 1.09 1.09 1.06 
1.05 1.08 1.08 1.08 1.07 1.09 1.09 1.07 1.05 1.07 1.05 1.06 1.06 1.06 1.08 1.05 1.09 1.09 1.08 1.07 
1.07 1.08 1.06 1.05 1.05 1.06 1.09 1.06 1.06 1.09 1.08 1.06 1.09 1.07 1.09 1.07 1.07 1.05 1.08 1.05 
1.06 1.05 1.07 1.09 1.05 1.06 1.08 1.07 1.05 1.06 1.05 1.06 1.06 1.05 1.05 1.08 1.09 1.08 1.09 1.09 
1.08 1.05 1.08 1.05 1.06 1.08 1.08 1.08 1.06 1.05 1.09 1.06 1.07 1.09 1.06 1.05 1.07 1.09 1.09 1.07 
1.06 1.09 1.09 1.08 1.05 1.05 1.06 1.07 1.08 1.07 1.07 1.06 1.05 1.06 1.08 1.06 1.05 1.05 1.07 1.08 
1.08 1.08 1.09 1.09 1.08 1.07 1.08 1.08 1.08 1.07 1.05 1.06 1.06 1.05 1.09 1.07 1.08 1.09 1.09 1.09 
1.06 1.05 1.06 1.07 1.07 1.08 1.09 1.06 1.09 1.06 1.06 1.06 1.09 1.07 1.09 1.08 1.09 1.07 1.08 1.09 
1.06 1.07 1.05 1.05 1.08 1.09 1.09 1.08 1.05 1.05 1.09 1.06 1.05 1.08 1.06 1.05 1.05 1.07 1.07 1.07 
1.06 1.09 1.06 1.08 1.06 1.06 1.05 1.05 1.09 1.09 1.05 1.08 1.05 1.09 1.09 1.08 1.07 1.05 1.05 1.08 
1.09 1.05 1.08 1.08 1.06 1.08 1.09 1.07 1.06 1.05 1.05 1.08 1.07 1.06 1.05 1.05 1.09 1.05 1.06 1.08 
1.06 1.07 1.05 1.05 1.08 1.06 1.06 1.07 1.06 1.05 1.09 1.06 1.09 1.09 1.06 1.07 1.08 1.07 1.06 1.08 
1.08 1.05 1.07 1.07 1.06 1.07 1.09 1.07 1.05 1.05 1.06 1.05 1.05 1.08 1.08 1.08 1.08 1.06 1.05 1.08 
1.05 1.06 1.06 1.08 1.07 1.06 1.09 1.06 1.07 1.08 1.07 1.05 1.06 1.08 1.08 1.05 1.09 1.09 1.07 1.09 
1.08 1.09 1.08 1.08 1.06 1.09 1.05 1.05 1.05 1.07 1.09 1.07 1.05 1.06 1.05 1.08 1.08 1.08 1.06 1.07 
1.07 1.09 1.08 1.07 1.09 1.05 1.05 1.07 1.08 1.05 1.05 1.07 1.09 1.08 1.09 1.09 1.07 1.06 1.07 1.07 
1.08 1.05 1.08 1.06 1.08 1.05 1.07 1.08 1.08 1.07 1.07 1.06 1.05 1.06 1.06 1.07 1.05 1.09 1.06 1.09 
1.06 1.06 1.09 1.07 1.09 1.08 1.06 1.07 1.05 1.08 1.09 1.05 1.07 1.06 1.08 1.09 1.05 1.06 1.06 1.05 
1.06 1.06 1.07 1.05 1.09 1.08 1.06 1.06 1.05 1.06 1.07 1.08 1.07 1.08 1.07 1.08 1.09 1.09 1.05 1.09 
1.06 1.09 1.07 1.07 1.08 1.08 1.08 1.07 1.07 1.08 1.05 1.05 1.09 1.05 1.07 1.08 1.09 1.05 1.06 1.08 
1.06 1.07 1.06 1.08 1.05 1.08 1.07 1.06 1.05 1.05 1.07 1.05 1.08 1.07 1.06 1.08 1.05 1.05 1.06 1.05 
1.05 1.09 1.05 1.08 1.09 1.06 1.05 1.09 1.08 1.08 1.08 1.06 1.09 1.05 1.06 1.06 1.09 1.09 1.09 1.06 
1.09 1.08 1.06 1.08 1.09 1.08 1.05 1.08 1.06 1.05 1.07 1.07 1.09 1.08 1.06 1.09 1.05 1.09 1.08 1.08 
1.09 1.07 1.08 1.05 1.05 1.08 1.07 1.06 1.08 1.06 1.05 1.07 1.07 1.06 1.09 1.06 1.07 1.05 1.08 1.07 
1.05 1.05 1.08 1.06 1.08 1.07 1.05 1.05 1.05 1.07 1.05 1.08 1.08 1.06 1.09 1.07 1.06 1.09 1.08 1.09 
1.09 1.08 1.09 1.08 1.06 1.08 1.05 1.06 1.05 1.09 1.06 1.09 1.07 1.07 1.06 1.05 1.09 1.09 1.06 1.06 
1.06 1.09 1.07 1.09 1.07 1.09 1.08 1.07 1.06 1.07 1.09 1.06 1.07 1.07 1.06 1.09 1.08 1.08 1.07 1.06 
1.08 1.07 1.07 1.07 1.06 1.06 1.05 1.06 1.07 1.07 1.07 1.09 1.05 1.06 1.06 1.05 1.06 1.08 1.07 1.07 
1.08 1.08 1.08 1.08 1.05 1.09 1.05 1.09 1.09 1.08 1.09 1.05 1.08 1.09 1.06 1.08 1.08 1.08 1.09 1.07 
1.05 1.06 1.07 1.09 1.07 1.09 1.07 1.05 1.09 1.08 1.07 1.08 1.07 1.08 1.07 1.05 1.07 1.08 1.09 1.09 
1.09 1.07 1.08 1.05 1.07 1.08 1.05 1.06 1.07 1.07 1.08 1.07 1.06 1.08 1.08 1.06 1.08 1.09 1.07 1.07 
1.05 1.06 1.07 1.05 1.05 1.09 1.09 1.08 1.09 1.08 1.08 1.09 1.06 1.07 1.09 1.09 1.07 1.05 1.05 1.08 
1.05 1.07 1.06 1.05 1.05 1.05 1.07 1.06 1.05 1.09 1.09 1.08 1.08 1.08 1.08 1.08 1.05 1.08 1.09 1.09 
1.08 1.06 1.05 1.06 1.05 1.05 1.07 1.05 1.06 1.05 1.05 1.07 1.08 1.08 1.06 1.06 1.07 1.05 1.08 1.05 
1.09 1.06 1.08 1.06 1.06 1.09 1.09 1.05 1.07 1.09 1.06 1.05 1.09 1.05 1.05 1.06 1.05 1.08 1.08 1.09 
1.05 1.08 1.05 1.06 1.07 1.06 1.08 1.05 1.06 1.06 1.07 1.09 1.05 1.06 1.08 1.08 1.09 1.09 1.06 1.09 
1.07 1.07 1.05 1.08 1.06 1.05 1.05 1.06 1.06 1.07 1.06 1.05 1.08 1.06 1.09 1.07 1.05 1.09 1.08 1.07 
1.07 1.08 1.05 1.08 1.06 1.05 1.05 1.05 1.05 1.06 1.08 1.06 1.09 1.09 1.09 1.06 1.06 1.08 1.05 1.05 
1.07 1.07 1.06 1.07 1.08 1.05 1.05 1.06 1.09 1.07 1.09 1.07 1.06 1.07 1.05 1.09 1.09 1.06 1.09 1.08 
1.09 1.06 1.05 1.07 1.07 1.07 1.06 1.09 1.05 1.07 1.06 1.09 1.07 1.06 1.06 1.05 1.05 1.08 1.05 1.05 
1.09 1.09 1.07 1.05 1.07 1.06 1.08 1.05 1.05 1.05 1.08 1.06 1.08 1.07 1.08 1.09 1.09 1.08 1.05 1.06 
1.08 1.05 1.06 1.05 1.06 1.09 1.05 1.06 1.05 1.05 1.08 1.09 1.08 1.05 1.08 1.05 1.07 1.06 1.09 1.09 
1.08 1.06 1.09 1.06 1.07 1.06 1.06 1.07 1.06 1.06 1.09 1.07 1.09 1.07 1.07 1.07 1.08 1.06 1.06 1.06 
1.09 1.05 1.06 1.07 1.06 1.08 1.07 1.07 1.05 1.06 1.05 1.08 1.06 1.05 1.08 1.08 1.09 1.06 1.05 1.05 
1.08 1.07 1.07 1.06 1.06 1.09 1.07 1.07 1.09 1.06 1.07 1.06 1.09 1.08 1.07 1.05 1.09 1.07 1.07 1.05 
1.08 1.05 1.06 1.05 1.05 1.06 1.09 1.05 1.06 1.09 1.07 1.05 1.06 1.07 1.05 1.09 1.05 1.08 1.05 1.09 
1.05 1.08 1.06 1.06 1.07 1.07 1.06 1.05 1.08 1.07 1.09 1.06 1.09 1.09 1.08 1.08 1.08 1.06 1.07 1.07 
1.07 1.05 1.07 1.06 1.07 1.08 1.08 1.08 1.06 1.06 1.05 1.05 1.05 1.05 1.07 1.06 1.07 1.07 1.06 1.06 
1.06 1.06 1.08 1.05 1.09 1.07 1.06 1.08 1.06 1.09 1.09 1.09 1.09 1.05 1.08 1.07 1.09 1.09 1.06 1.08 
1.06 1.06 1.07 1.07 1.06 1.09 1.06 1.09 1.06 1.06 1.08 1.05 1.09 1.09 1.06 1.07 1.05 1.06 1.08 1.06 
1.05 1.05 1.07 1.06 1.06 1.07 1.09 1.09 1.06 1.05 1.08 1.08 1.05 1.08 1.09 1.06 1.09 1.05 1.05 1.05 
1.08 1.06 1.07 1.09 1.09 1.09 1.05 1.05 1.06 1.09 1.07 1.07 1.06 1.09 1.09 1.09 1.08 1.05 1.08 1.09 
1.08 1.06 1.05 1.07 1.05 1.06 1.07 1.09 1.09 1.09 1.06 1.07 1.05 1.07 1.09 1.05 1.05 1.06 1.08 1.08 
1.08 1.05 1.05 1.05 1.05 1.09 1.05 1.08 1.06 1.06 1.06 1.07 1.05 1.07 1.06 1.09 1.05 1.07 1.08 1.08 
1.05 1.06 1.06 1.06 1.05 1.06 1.05 1.07 1.09 1.05 1.06 1.07 1.08 1.05 1.07 1.08 1.06 1.07 1.05 1.05 
1.09 1.05 1.06 1.05 1.09 1.05 1.05 1.09 1.05 1.07 1.09 1.06 1.09 1.09 1.05 1.08 1.09 1.05 1.08 1.09 
1.07 1.06 1.06 1.06 1.09 1.05 1.07 1.08 1.08 1.07 1.09 1.09 1.05 1.08 1.07 1.09 1.08 1.07 1.09 1.06 
1.09 1.09 1.06 1.09 1.05 1.05 1.08 1.07 1.08 1.06 1.07 1.05 1.05 1.08 1.08 1.09 1.08 1.06 1.07 1.06 
1.07 1.09 1.08 1.07 1.06 1.08 1.09 1.09 1.09 1.05 1.05 1.06 1.07 1.07 1.06 1.05 1.07 1.05 1.08 1.09 
1.05 1.05 1.08 1.07 1.06 1.05 1.08 1.08 1.09 1.06 1.08 1.08 1.07 1.05 1.05 1.07 1.07 1.07 1.06 1.08 
1.08 1.08 1.05 1.06 1.08 1.06 1.06 1.08 1.08 1.08 1.07 1.07 1.09 1.07 1.05 1.06 1.06 1.09 1.09 1.09 
1.08 1.08 1.08 1.08 1.05 1.09 1.05 1.06 1.07 1.08 1.08 1.06 1.05 1.07 1.05 1.06 1.09 1.06 1.07 1.06 
1.09 1.06 1.09 1.05 1.08 1.07 1.09 1.07 1.06 1.09 1.06 1.08 1.09 1.06 1.09 1.05 1.08 1.07 1.06 1.08 
1.06 1.08 1.05 1.08 1.05 1.09 1.05 1.05 1.06 1.07 1.05 1.06 1.08 1.07 1.08 1.07 1.07 1.05 1.09 1.05 
1.08 1.06 1.09 1.07 1.08 1.08 1.07 1.06 1.07 1.06 1.09 1.09 1.06 1.06 1.09 1.05 1.09 1.06 1.09 1.06 
1.06 1.07 1.07 1.07 1.08 1.08 1.08 1.08 1.06 1.05 1.07 1.08 1.08 1.08 1.07 1.07 1.06 1.05 1.09 1.07 
1.09 1.06 1.06 1.06 1.06 1.07 1.06 1.05 1.05 1.07 1.09 1.05 1.09 1.09 1.08 1.07 1.06 1.06 1.09 1.05 
1.08 1.05 1.08 1.07 1.05 1.05 1.08 1.08 1.09 1.05 1.05 1.08 1.05 1.05 1.08 1.08 1.07 1.07 1.08 1.06 
1.06 1.08 1.06 1.05 1.08 1.05 1.09 1.07 1.05 1.08 1.05 1.06 1.06 1.09 1.05 1.08 1.08 1.09 1.07 1.06 
1.05 1.06 1.07 1.08 1.09 1.09 1.09 1.08 1.05 1.07 1.07 1.05 1.08 1.06 1.08 1.07 1.09 1.05 1.08 1.08 
1.07 1.06 1.05 1.07 1.08 1.07 1.09 1.06 1.09 1.06 1.09 1.09 1.05 1.09 1.06 1.08 1.09 1.06 1.06 1.08 
1.05 1.06 1.08 1.05 1.08 1.06 1.06 1.06 1.07 1.09 1.06 1.09 1.07 1.08 1.08 1.07 1.06 1.05 1.05 1.05 
1.07 1.08 1.09 1.08 1.09 1.07 1.05 1.09 1.08 1.05 1.06 1.07 1.05 1.07 1.05 1.07 1.08 1.07 1.07 1.09 
1.06 1.06 1.05 1.09 1.08 1.07 1.06 1.09 1.07 1.05 1.05 1.05 1.07 1.08 1.08 1.07 1.06 1.06 1.05 1.09 
1.07 1.06 1.09 1.08 1.05 1.08 1.07 1.08 1.07 1.09 1.05 1.05 1.05 1.06 1.06 1.06 1.05 1.09 1.07 1.09 
1.05 1.07 1.06 1.06 1.09 1.08 1.09 1.06 1.06 1.08 1.06 1.09 1.07 1.05 1.08 1.08 1.09 1.06 1.07 1.08 
1.05 1.06 1.08 1.09 1.07 1.06 1.08 1.08 1.06 1.09 1.07 1.05 1.09 1.07 1.09 1.07 1.05 1.08 1.08 1.08 
1.05 1.06 1.08 1.06 1.06 1.06 1.05 1.09 1.09 1.07 1.08 1.09 1.09 1.05 1.06 1.08 1.07 1.09 1.06 1.09 
1.09 1.05 1.05 1.06 1.07 1.07 1.09 1.09 1.06 1.07 1.07 1.05 1.07 1.09 1.09 1.05 1.06 1.05 1.08 1.05 
1.09 1.07 1.07 1.09 1.09 1.08 1.05 1.09 1.07 1.05 1.08 1.05 1.09 1.09 1.06 1.08 1.07 1.05 1.09 1.06 
1.07 1.06 1.05 1.07 1.05 1.07 1.06 1.06 1.08 1.06 1.05 1.06 1.09 1.06 1.06 1.08 1.06 1.07 1.06 1.07 
1.05 1.08 1.05 1.08 1.05 1.09 1.09 1.09 1.05 1.06 1.08 1.07 1.05 1.07 1.09 1.07 1.09 1.07 1.08 1.08 
1.06 1.07 1.09 1.05 1.06 1.08 1.07 1.08 1.09 1.09 1.06 1.05 1.06 1.06 1.07 1.07 1.09 1.05 1.06 1.08 
1.09 1.08 1.05 1.07 1.06 1.09 1.09 1.05 1.05 1.05 1.05 1.08 1.09 1.08 1.06 1.06 1.08 1.09 1.06 1.08 
1.08 1.08 1.09 1.06 1.05 1.08 1.09 1.09 1.08 1.06 1.08 1.07 1.05 1.07 1.06 1.08 1.08 1.05 1.08 1.07 
1.07 1.07 1.08 1.09 1.08 1.06 1.05 1.06 1.07 1.08 1.06 1.05 1.08 1.08 1.09 1.06 1.08 1.08 1.08 1.09 
1.07 1.05 1.06 1.05 1.09 1.05 1.09 1.05 1.07 1.08 1.07 1.05 1.06 1.05 1.08 1.05 1.09 1.06 1.05 1.09 
1.08 1.09 1.08 1.08 1.05 1.09 1.07 1.05 1.09 1.05 1.07 1.05 1.08 1.05 1.05 1.06 1.07 1.09 1.08 1.07 
1.06 1.08 1.08 1.09 1.09 1.09 1.07 1.08 1.06 1.05 1.07 1.07 1.08 1.07 1.09 1.07 1.09 1.06 1.07 1.08 
1.05 1.07 1.07 1.05 1.05 1.06 1.07 1.09 1.08 1.09 1.05 1.05 1.09 1.09 1.05 1.09 1.06 1.05 1.08 1.05 
1.06 1.06 1.09 1.05 1.09 1.06 1.07 1.07 1.06 1.07 1.05 1.08 1.08 1.08 1.09 1.05 1.08 1.08 1.09 1.07 
1.09 1.09 1.06 1.08 1.07 1.05 1.07 1.06 1.09 1.06 1.07 1.08 1.06 1.08 1.08 1.06 1.07 1.06 1.07 1.06 
1.09 1.07 1.08 1.09 1.05 1.06 1.08 1.06 1.05 1.06 1.08 1.08 1.06 1.05 1.09 1.09 1.09 1.09 1.09 1.07 
1.05 1.08 1.08 1.09 1.08 1.06 1.09 1.05 1.08 1.08 1.05 1.06 1.07 1.07 1.09 1.06 1.08 1.07 1.05 1.09 
1.07 1.07 1.05 1.07 1.08 1.06 1.09 1.07 1.05 1.05 1.05 1.06 1.05 1.08 1.06 1.08 1.05 1.05 1.08 1.05 
1.09 1.09 1.06 1.05 1.07 1.08 1.09 1.09 1.06 1.08 1.06 1.05 1.09 1.05 1.06 1.09 1.09 1.08 1.08 1.06 
1.09 1.05 1.09 1.07 1.07 1.06 1.06 1.05 1.05 1.06 1.08 1.08 1.08 1.08 1.09 1.05 1.08 1.05 1.09 1.08 
1.08 1.09 1.08 1.08 1.07 1.05 1.06 1.08 1.05 1.09 1.08 1.06 1.05 1.07 1.06 1.06 1.07 1.09 1.05 1.07 
1.06 1.05 1.06 1.08 1.08 1.06 1.08 1.08 1.09 1.08 1.07 1.08 1.09 1.05 1.08 1.07 1.08 1.09 1.07 1.06 
1.05 1.05 1.09 1.09 1.06 1.05 1.09 1.09 1.08 1.09 1.07 1.05 1.09 1.05 1.09 1.06 1.07 1.08 1.05 1.07 
1.05 1.06 1.05 1.09 1.09 1.05 1.09 1.07 1.07 1.05 1.07 1.05 1.06 1.09 1.05 1.07 1.05 1.09 1.05 1.08 
1.09 1.05 1.07 1.06 1.05 1.06 1.09 1.09 1.08 1.09 1.06 1.05 1.05 1.05 1.05 1.06 1.07 1.06 1.08 1.08 
1.09 1.07 1.09 1.05 1.05 1.05 1.07 1.09 1.05 1.06 1.08 1.06 1.09 1.07 1.06 1.08 1.05 1.09 1.07 1.05 
1.07 1.05 1.08 1.09 1.09 1.09 1.05 1.05 1.05 1.09 1.05 1.06 1.09 1.07 1.07 1.09 1.05 1.06 1.05 1.05 
1.09 1.07 1.07 1.07 1.06 1.06 1.08 1.09 1.05 1.08 1.06 1.06 1.07 1.09 1.05 1.07 1.08 1.06 1.09 1.08 
1.08 1.05 1.05 1.09 1.07 1.09 1.05 1.07 1.08 1.07 1.08 1.09 1.05 1.09 1.05 1.05 1.07 1.09 1.08 1.05 
1.07 1.09 1.07 1.06 1.06 1.09 1.09 1.06 1.08 1.05 1.07 1.09 1.08 1.08 1.05 1.09 1.06 1.07 1.09 1.06 
1.08 1.05 1.07 1.05 1.06 1.07 1.07 1.08 1.08 1.09 1.06 1.08 1.06 1.05 1.06 1.07 1.09 1.08 1.07 1.07 
1.08 1.08 1.08 1.06 1.07 1.05 1.06 1.06 1.07 1.09 1.09 1.09 1.07 1.06 1.09 1.09 1.05 1.09 1.09 1.09 
1.09 1.09 1.06 1.05 1.09 1.08 1.07 1.06 1.05 1.09 1.06 1.07 1.09 1.06 1.09 1.05 1.08 1.07 1.07 1.07 
1.06 1.06 1.08 1.08 1.05 1.09 1.09 1.07 1.06 1.09 1.06 1.06 1.07 1.05 1.05 1.06 1.09 1.09 1.06 1.05 
1.09 1.09 1.07 1.07 1.05 1.07 1.06 1.09 1.07 1.09 1.06 1.08 1.09 1.09 1.05 1.08 1.09 1.08 1.05 1.08 
1.07 1.09 1.05 1.06 1.08 1.09 1.08 1.09 1.08 1.06 1.09 1.09 1.06 1.08 1.08 1.07 1.07 1.08 1.08 1.07 
1.08 1.09 1.08 1.06 1.06 1.06 1.08 1.06 1.07 1.06 1.05 1.09 1.06 1.08 1.07 1.09 1.09 1.09 1.09 1.06 
1.05 1.08 1.07 1.05 1.05 1.08 1.07 1.06 1.05 1.06 1.05 1.06 1.09 1.07 1.07 1.09 1.09 1.08 1.08 1.05 
1.06 1.06 1.07 1.05 1.06 1.08 1.09 1.08 1.09 1.07 1.08 1.07 1.05 1.08 1.09 1.08 1.09 1.09 1.06 1.07 
1.06 1.08 1.06 1.06 1.08 1.08 1.05 1.09 1.06 1.05 1.05 1.08 1.09 1.09 1.08 1.05 1.05 1.06 1.09 1.06 
1.06 1.05 1.05 1.05 1.08 1.07 1.07 1.08 1.05 1.07 1.05 1.08 1.08 1.05 1.09 1.06 1.07 1.09 1.09 1.05 
1.06 1.09 1.08 1.09 1.08 1.08 1.05 1.06 1.09 1.06 1.09 1.08 1.05 1.07 1.05 1.08 1.07 1.07 1.08 1.07 
1.08 1.07 1.09 1.05 1.07 1.08 1.06 1.07 1.05 1.06 1.08 1.09 1.08 1.09 1.07 1.07 1.06 1.08 1.06 1.05 
1.08 1.05 1.09 1.05 1.05 1.07 1.06 1.05 1.05 1.09 1.05 1.05 1.08 1.07 1.09 1.08 1.08 1.07 1.08 1.06 
1.07 1.08 1.08 1.07 1.06 1.09 1.07 1.09 1.07 1.06 1.05 1.09 1.06 1.05 1.06 1.08 1.07 1.08 1.06 1.09 
1.05 1.08 1.06 1.07 1.09 1.08 1.06 1.06 1.05 1.05 1.07 1.07 1.09 1.06 1.09 1.06 1.08 1.08 1.06 1.07 
1.08 1.09 1.06 1.05 1.09 1.06 1.07 1.05 1.09 1.07 1.05 1.05 1.09 1.05 1.09 1.06 1.09 1.06 1.09 1.09 
1.08 1.07 1.06 1.05 1.07 1.06 1.06 1.06 1.09 1.06 1.07 1.07 1.06 1.06 1.08 1.08 1.08 1.06 1.06 1.05 
1.07 1.05 1.09 1.05 1.07 1.06 1.09 1.05 1.06 1.08 1.09 1.09 1.06 1.09 1.08 1.05 1.06 1.09 1.08 1.05 
1.05 1.05 1.08 1.05 1.09 1.06 1.06 1.09 1.07 1.09 1.08 1.08 1.06 1.06 1.07 1.07 1.06 1.08 1.07 1.09 
1.06 1.08 1.09 1.05 1.09 1.05 1.07 1.08 1.08 1.06 1.07 1.05 1.05 1.07 1.09 1.05 1.08 1.09 1.06 1.08 
1.05 1.05 1.05 1.05 1.09 1.09 1.09 1.09 1.05 1.09 1.09 1.07 1.09 1.05 1.08 1.06 1.06 1.09 1.09 1.09 
1.05 1.09 1.07 1.09 1.08 1.07 1.08 1.07 1.08 1.08 1.06 1.08 1.07 1.05 1.06 1.07 1.08 1.06 1.06 1.09 
1.09 1.09 1.08 1.07 1.07 1.09 1.09 1.08 1.05 1.09 1.07 1.06 1.06 1.06 1.09 1.06 1.07 1.06 1.06 1.08 
1.05 1.06 1.07 1.06 1.08 1.09 1.05 1.08 1.05 1.05 1.08 1.08 1.08 1.07 1.05 1.06 1.05 1.09 1.08 1.06 
1.05 1.06 1.05 1.07 1.05 1.07 1.06 1.08 1.05 1.06 1.05 1.05 1.05 1.06 1.09 1.08 1.06 1.05 1.09 1.07 
1.06 1.05 1.06 1.08 1.07 1.05 1.05 1.07 1.05 1.06 1.05 1.07 1.08 1.05 1.07 1.07 1.06 1.09 1.08 1.06 
1.07 1.07 1.05 1.06 1.05 1.05 1.06 1.08 1.08 1.08 1.05 1.07 1.07 1.09 1.06 1.08 1.09 1.09 1.09 1.06 
1.05 1.08 1.08 1.08 1.09 1.05 1.09 1.07 1.08 1.07 1.06 1.08 1.07 1.08 1.09 1.08 1.08 1.05 1.05 1.08 
1.06 1.07 1.09 1.07 1.07 1.09 1.05 1.09 1.06 1.06 1.09 1.09 1.09 1.05 1.09 1.07 1.08 1.05 1.05 1.08 
1.07 1.05 1.08 1.05 1.06 1.07 1.05 1.05 1.05 1.07 1.07 1.06 1.09 1.06 1.05 1.06 1.08 1.06 1.05 1.05 
1.07 1.07 1.07 1.09 1.09 1.06 1.06 1.08 1.09 1.08 1.06 1.05 1.07 1.09 1.07 1.06 1.09 1.05 1.07 1.08 
1.08 1.07 1.08 1.05 1.08 1.08 1.07 1.06 1.08 1.06 1.06 1.07 1.09 1.08 1.08 1.08 1.07 1.09 1.07 1.07 
1.06 1.09 1.09 1.05 1.05 1.07 1.09 1.06 1.07 1.09 1.08 1.07 1.08 1.06 1.08 1.07 1.05 1.05 1.06 1.06 
1.09 1.09 1.06 1.09 1.08 1.09 1.06 1.06 1.09 1.08 1.06 1.06 1.09 1.05 1.05 1.09 1.05 1.05 1.05 1.05 
1.07 1.07 1.06 1.09 1.05 1.06 1.05 1.08 1.08 1.09 1.09 1.08 1.08 1.07 1.08 1.05 1.09 1.07 1.08 1.05 
1.07 1.08 1.09 1.09 1.09 1.08 1.09 1.08 1.09 1.08 1.07 1.09 1.07 1.07 1.09 1.07 1.06 1.08 1.05 1.08 
1.08 1.08 1.06 1.05 1.07 1.07 1.06 1.07 1.05 1.06 1.06 1.05 1.06 1.09 1.05 1.09 1.06 1.07 1.09 1.09 
1.08 1.06 1.09 1.06 1.08 1.05 1.06 1.06 1.08 1.09 1.06 1.07 1.08 1.09 1.06 1.08 1.07 1.07 1.07 1.07 
1.06 1.07 1.06 1.08 1.09 1.07 1.06 1.05 1.06 1.08 1.05 1.08 1.09 1.09 1.07 1.06 1.06 1.09 1.07 1.08 
1.09 1.09 1.05 1.08 1.05 1.08 1.08 1.08 1.05 1.08 1.05 1.05 1.08 1.05 1.05 1.06 1.06 1.08 1.09 1.05 
1.09 1.07 1.09 1.08 1.09 1.08 1.08 1.06 1.08 1.05 1.08 1.05 1.05 1.07 1.05 1.05 1.05 1.06 1.07 1.05 
1.09 1.09 1.06 1.07 1.09 1.09 1.05 1.09 1.07 1.05 1.07 1.06 1.05 1.06 1.09 1.09 1.07 1.07 1.09 1.07 
1.07 1.08 1.05 1.06 1.06 1.06 1.05 1.06 1.09 1.08 1.06 1.09 1.07 1.08 1.07 1.09 1.08 1.06 1.06 1.06 
1.08 1.06 1.05 1.06 1.05 1.06 1.09 1.05 1.08 1.06 1.05 1.08 1.05 1.08 1.09 1.08 1.09 1.09 1.07 1.08 
1.05 1.09 1.07 1.09 1.09 1.08 1.07 1.05 1.06 1.05 1.09 1.05 1.07 1.08 1.07 1.09 1.07 1.09 1.06 1.07 
1.07 1.06 1.09 1.08 1.08 1.07 1.05 1.06 1.05 1.05 1.09 1.07 1.09 1.06 1.09 1.09 1.05 1.09 1.05 1.09 
1.07 1.05 1.08 1.06 1.07 1.07 1.08 1.05 1.07 1.08 1.09 1.09 1.08 1.08 1.07 1.09 1.07 1.06 1.07 1.09 
1.08 1.05 1.07 1.05 1.06 1.08 1.06 1.05 1.05 1.09 1.07 1.06 1.06 1.05 1.09 1.09 1.06 1.07 1.05 1.07 
1.08 1.05 1.08 1.08 1.07 1.08 1.09 1.06 1.09 1.05 1.05 1.05 1.08 1.06 1.07 1.05 1.08 1.09 1.08 1.06 
1.08 1.05 1.06 1.07 1.07 1.07 1.06 1.09 1.05 1.08 1.08 1.08 1.05 1.08 1.06 1.09 1.07 1.06 1.06 1.06 
1.08 1.05 1.06 1.08 1.05 1.07 1.05 1.06 1.09 1.08 1.08 1.08 1.07 1.05 1.07 1.09 1.09 1.05 1.07 1.06 
1.07 1.07 1.05 1.06 1.08 1.08 1.05 1.05 1.05 1.07 1.08 1.06 1.08 1.05 1.05 1.06 1.06 1.05 1.09 1.09 
1.08 1.09 1.05 1.08 1.09 1.05 1.07 1.09 1.06 1.06 1.07 1.05 1.09 1.08 1.06 1.05 1.07 1.09 1.07 1.08 
1.09 1.07 1.08 1.06 1.05 1.08 1.05 1.07 1.08 1.06 1.06 1.06 1.08 1.05 1.08 1.05 1.07 1.07 1.06 1.06 
1.07 1.08 1.05 1.08 1.05 1.06 1.05 1.09 1.05 1.05 1.05 1.05 1.05 1.09 1.09 1.08 1.07 1.09 1.06 1.09 
1.06 1.09 1.05 1.06 1.05 1.09 1.05 1.08 1.05 1.07 1.06 1.09 1.09 1.06 1.08 1.08 1.05 1.05 1.09 1.08 
1.05 1.09 1.08 1.08 1.06 1.08 1.09 1.06 1.08 1.05 1.07 1.08 1.07 1.07 1.09 1.08 1.08 1.07 1.06 1.05 
1.07 1.06 1.05 1.07 1.05 1.07 1.09 1.08 1.06 1.05 1.09 1.07 1.07 1.07 1.09 1.09 1.07 1.06 1.06 1.05 
1.06 1.07 1.06 1.09 1.09 1.06 1.09 1.05 1.07 1.06 1.06 1.06 1.08 1.05 1.08 1.09 1.08 1.05 1.05 1.05 
1.05 1.05 1.07 1.09 1.05 1.06 1.07 1.05 1.08 1.07 1.09 1.05 1.05 1.08 1.08 1.06 1.07 1.06 1.06 1.05 
1.07 1.07 1.06 1.09 1.06 1.08 1.07 1.08 1.06 1.08 1.07 1.05 1.05 1.08 1.06 1.08 1.06 1.06 1.09 1.08 
1.07 1.06 1.07 1.06 1.05 1.05 1.08 1.07 1.06 1.06 1.06 1.09 1.05 1.07 1.07 1.06 1.09 1.09 1.07 1.08 
1.05 1.07 1.05 1.05 1.08 1.07 1.08 1.09 1.06 1.05 1.08 1.09 1.07 1.09 1.05 1.09 1.06 1.08 1.09 1.09 
1.09 1.08 1.09 1.05 1.07 1.05 1.09 1.07 1.07 1.06 1.05 1.09 1.07 1.06 1.07 1.08 1.05 1.06 1.09 1.07 
1.08 1.05 1.05 1.07 1.08 1.08 1.05 1.05 1.07 1.09 1.06 1.06 1.09 1.05 1.09 1.07 1.06 1.08 1.05 1.09 
1.08 1.05 1.07 1.08 1.06 1.09 1.09 1.06 1.05 1.06 1.05 1.05 1.08 1.08 1.09 1.09 1.06 1.06 1.08 1.08 
1.09 1.06 1.08 1.07 1.06 1.07 1.06 1.05 1.06 1.07 1.09 1.06 1.05 1.07 1.08 1.06 1.05 1.06 1.05 1.05 
1.05 1.05 1.07 1.05 1.07 1.08 1.06 1.05 1.07 1.06 1.07 1.07 1.06 1.05 1.06 1.05 1.06 1.08 1.07 1.05 
1.08 1.05 1.05 1.06 1.06 1.08 1.06 1.07 1.09 1.08 1.06 1.09 1.06 1.08 1.05 1.05 1.05 1.08 1.08 1.05 
1.06 1.07 1.09 1.08 1.07 1.05 1.09 1.06 1.07 1.07 1.08 1.06 1.09 1.09 1.08 1.08 1.05 1.06 1.05 1.07 
1.05 1.08 1.05 1.07 1.06 1.09 1.08 1.08 1.08 1.08 1.08 1.05 1.07 1.07 1.05 1.08 1.09 1.06 1.08 1.08 
1.07 1.05 1.05 1.06 1.05 1.06 1.05 1.09 1.06 1.08 1.05 1.08 1.06 1.08 1.09 1.08 1.09 1.09 1.05 1.07 
1.07 1.05 1.08 1.09 1.09 1.09 1.06 1.05 1.06 1.09 1.09 1.05 1.08 1.05 1.09 1.09 1.05 1.08 1.07 1.06 
1.05 1.09 1.06 1.09 1.09 1.05 1.05 1.09 1.09 1.06 1.05 1.06 1.06 1.05 1.07 1.09 1.07 1.05 1.07 1.05 
1.05 1.08 1.07 1.09 1.09 1.07 1.07 1.09 1.06 1.05 1.09 1.07 1.05 1.09 1.09 1.05 1.09 1.06 1.09 1.08 
1.06 1.06 1.06 1.07 1.05 1.06 1.07 1.07 1.09 1.08 1.06 1.08 1.05 1.05 1.09 1.07 1.08 1.05 1.08 1.05 
1.05 1.05 1.07 1.07 1.05 1.05 1.08 1.06 1.06 1.05 1.07 1.05 1.06 1.06 1.07 1.08 1.09 1.08 1.05 1.09 
1.09 1.09 1.06 1.07 1.07 1.05 1.09 1.07 1.08 1.06 1.07 1.09 1.08 1.09 1.09 1.09 1.08 1.09 1.06 1.09 
1.09 1.06 1.05 1.06 1.06 1.05 1.09 1.06 1.09 1.05 1.06 1.07 1.05 1.05 1.08 1.05 1.09 1.08 1.08 1.09 
1.09 1.06 1.06 1.09 1.09 1.05 1.05 1.08 1.06 1.07 1.07 1.05 1.09 1.07 1.06 1.06 1.08 1.07 1.08 1.08 
1.09 1.06 1.07 1.06 1.06 1.05 1.09 1.05 1.05 1.07 1.05 1.05 1.08 1.07 1.08 1.08 1.08 1.09 1.07 1.05 
1.05 1.06 1.09 1.06 1.06 1.05 1.08 1.06 1.06 1.05 1.05 1.08 1.08 1.07 1.07 1.05 1.08 1.05 1.09 1.05 
1.08 1.07 1.07 1.07 1.05 1.09 1.08 1.08 1.07 1.07 1.09 1.06 1.09 1.07 1.08 1.09 1.08 1.05 1.08 1.07 
1.09 1.08 1.08 1.05 1.06 1.09 1.05 1.09 1.06 1.09 1.05 1.09 1.06 1.06 1.06 1.07 1.08 1.09 1.08 1.05 
1.07 1.06 1.07 1.05 1.05 1.07 1.09 1.09 1.08 1.09 1.07 1.05 1.08 1.06 1.06 1.07 1.08 1.07 1.09 1.09 
1.05 1.05 1.05 1.08 1.05 1.09 1.09 1.09 1.08 1.08 1.06 1.06 1.09 1.05 1.08 1.09 1.05 1.08 1.06 1.08 
1.08 1.05 1.05 1.06 1.07 1.05 1.06 1.08 1.09 1.05 1.06 1.06 1.05 1.07 1.05 1.05 1.09 1.09 1.05 1.08 
1.09 1.06 1.07 1.06 1.09 1.06 1.07 1.06 1.05 1.07 1.08 1.07 1.07 1.08 1.07 1.07 1.09 1.05 1.08 1.05 
1.07 1.05 1.06 1.09 1.07 1.07 1.06 1.05 1.09 1.05 1.08 1.05 1.06 1.06 1.09 1.09 1.08 1.08 1.08 1.07 
1.07 1.08 1.07 1.08 1.05 1.06 1.06 1.07 1.09 1.07 1.06 1.07 1.05 1.07 1.08 1.09 1.08 1.06 1.07 1.06 
1.06 1.07 1.08 1.05 1.05 1.09 1.06 1.06 1.09 1.07 1.05 1.09 1.07 1.06 1.06 1.06 1.06 1.09 1.05 1.05 
1.07 1.09 1.09 1.09 1.07 1.06 1.08 1.05 1.05 1.06 1.09 1.07 1.07 1.05 1.09 1.07 1.07 1.08 1.08 1.09 
1.07 1.08 1.08 1.08 1.09 1.05 1.07 1.05 1.06 1.06 1.09 1.05 1.06 1.09 1.07 1.07 1.07 1.08 1.09 1.08 
1.07 1.09 1.08 1.07 1.07 1.07 1.07 1.08 1.05 1.07 1.09 1.07 1.08 1.09 1.07 1.09 1.06 1.07 1.07 1.05 
1.09 1.08 1.07 1.05 1.09 1.08 1.06 1.08 1.08 1.08 1.08 1.09 1.09 1.07 1.05 1.05 1.09 1.07 1.06 1.05 
1.05 1.06 1.06 1.07 1.08 1.07 1.05 1.05 1.05 1.09 1.07 1.06 1.05 1.06 1.06 1.05 1.07 1.06 1.07 1.08 
1.06 1.07 1.09 1.07 1.08 1.07 1.07 1.07 1.09 1.08 1.06 1.05 1.09 1.09 1.05 1.06 1.07 1.09 1.05 1.09 
1.09 1.09 1.07 1.06 1.08 1.07 1.05 1.08 1.08 1.08 1.06 1.06 1.09 1.09 1.06 1.09 1.06 1.05 1.09 1.09 
1.06 1.08 1.09 1.06 1.07 1.07 1.09 1.06 1.05 1.09 1.09 1.07 1.05 1.08 1.06 1.06 1.06 1.06 1.09 1.08 
1.05 1.08 1.07 1.08 1.06 1.05 1.07 1.09 1.09 1.05 1.05 1.08 1.07 1.08 1.08 1.05 1.05 1.07 1.07 1.06 
1.05 1.06 1.05 1.08 1.05 1.06 1.09 1.09 1.05 1.06 1.07 1.05 1.07 1.09 1.05 1.06 1.08 1.08 1.05 1.09 
1.09 1.06 1.06 1.07 1.06 1.09 1.08 1.08 1.08 1.08 1.05 1.05 1.06 1.07 1.08 1.08 1.06 1.05 1.06 1.07 
1.08 1.07 1.07 1.09 1.07 1.08 1.07 1.09 1.06 1.05 1.09 1.07 1.06 1.08 1.07 1.06 1.08 1.09 1.08 1.07 
1.05 1.05 1.06 1.07 1.05 1.05 1.09 1.07 1.06 1.05 1.09 1.07 1.07 1.05 1.08 1.05 1.06 1.06 1.06 1.05 
1.07 1.08 1.06 1.05 1.05 1.06 1.07 1.07 1.07 1.06 1.06 1.09 1.06 1.06 1.06 1.09 1.06 1.06 1.05 1.06 
1.05 1.09 1.09 1.05 1.08 1.05 1.06 1.06 1.09 1.06 1.08 1.08 1.07 1.05 1.07 1.07 1.08 1.05 1.08 1.08 
1.06 1.06 1.06 1.09 1.06 1.05 1.05 1.07 1.05 1.08 1.09 1.06 1.05 1.05 1.09 1.09 1.08 1.05 1.07 1.07 
1.09 1.09 1.05 1.08 1.08 1.08 1.08 1.07 1.05 1.06 1.06 1.08 1.09 1.07 1.09 1.07 1.07 1.06 1.06 1.06 
1.06 1.09 1.06 1.09 1.07 1.05 1.07 1.09 1.09 1.05 1.08 1.05 1.08 1.09 1.09 1.05 1.07 1.07 1.05 1.08 
1.09 1.09 1.05 1.06 1.05 1.06 1.08 1.06 1.07 1.07 1.07 1.06 1.07 1.06 1.06 1.08 1.06 1.09 1.08 1.07 
1.07 1.08 1.07 1.05 1.06 1.05 1.05 1.09 1.07 1.05 1.09 1.08 1.05 1.07 1.07 1.06 1.07 1.08 1.09 1.09 
1.06 1.09 1.05 1.05 1.09 1.09 1.05 1.08 1.08 1.09 1.05 1.06 1.09 1.09 1.08 1.09 1.06 1.09 1.09 1.07 
1.05 1.07 1.07 1.06 1.05 1.06 1.07 1.08 1.07 1.06 1.09 1.05 1.07 1.09 1.07 1.09 1.06 1.08 1.09 1.05 
1.08 1.06 1.08 1.09 1.07 1.09 1.09 1.07 1.05 1.09 1.07 1.09 1.05 1.09 1.08 1.06 1.08 1.08 1.07 1.08 
1.05 1.06 1.09 1.05 1.08 1.05 1.09 1.07 1.09 1.05 1.08 1.06 1.09 1.07 1.09 1.06 1.07 1.07 1.08 1.07 
1.07 1.09 1.09 1.08 1.06 1.08 1.09 1.08 1.06 1.09 1.07 1.08 1.07 1.09 1.05 1.07 1.08 1.07 1.09 1.08 
1.07 1.06 1.07 1.07 1.06 1.08 1.08 1.09 1.07 1.07 1.05 1.08 1.05 1.07 1.06 1.07 1.06 1.08 1.07 1.08 
1.07 1.06 1.07 1.08 1.08 1.05 1.07 1.05 1.08 1.05 1.09 1.09 1.06 1.05 1.06 1.08 1.07 1.05 1.07 1.08 
1.06 1.07 1.06 1.09 1.06 1.07 1.09 1.05 1.07 1.07 1.06 1.09 1.09 1.09 1.07 1.06 1.06 1.08 1.09 1.09 
1.05 1.08 1.07 1.07 1.06 1.09 1.08 1.08 1.08 1.06 1.07 1.07 1.07 1.09 1.05 1.07 1.05 1.08 1.05 1.05 
1.07 1.07 1.08 1.05 1.06 1.07 1.05 1.06 1.09 1.05 1.06 1.09 1.05 1.05 1.08 1.08 1.08 1.06 1.09 1.05 
1.05 1.05 1.07 1.09 1.08 1.07 1.07 1.07 1.08 1.09 1.09 1.07 1.07 1.06 1.08 1.06 1.08 1.07 1.06 1.09 
1.05 1.09 1.07 1.07 1.07 1.07 1.09 1.06 1.08 1.09 1.05 1.07 1.07 1.07 1.06 1.06 1.05 1.08 1.09 1.07 
1.05 1.09 1.08 1.07 1.05 1.07 1.06 1.06 1.07 1.07 1.05 1.07 1.09 1.08 1.05 1.06 1.09 1.07 1.05 1.06 
1.09 1.05 1.05 1.06 1.08 1.07 1.07 1.08 1.07 1.05 1.07 1.06 1.07 1.09 1.09 1.07 1.08 1.09 1.08 1.08 
1.08 1.09 1.05 1.07 1.05 1.08 1.09 1.07 1.07 1.09 1.07 1.05 1.06 1.09 1.09 1.09 1.08 1.06 1.07 1.05 
1.09 1.07 1.05 1.09 1.09 1.08 1.09 1.06 1.08 1.05 1.08 1.08 1.09 1.06 1.07 1.07 1.05 1.08 1.08 1.06 
1.09 1.06 1.09 1.05 1.05 1.09 1.06 1.07 1.06 1.08 1.07 1.06 1.09 1.09 1.06 1.09 1.08 1.05 1.05 1.09 
1.08 1.06 1.05 1.08 1.08 1.05 1.07 1.09 1.06 1.07 1.07 1.09 1.09 1.08 1.08 1.05 1.07 1.06 1.08 1.07 
1.06 1.07 1.05 1.06 1.07 1.07 1.09 1.09 1.07 1.06 1.07 1.07 1.06 1.06 1.07 1.09 1.05 1.06 1.06 1.08 
1.05 1.09 1.07 1.08 1.07 1.05 1.06 1.08 1.07 1.07 1.08 1.08 1.06 1.06 1.05 1.06 1.08 1.08 1.08 1.06 
1.08 1.07 1.07 1.07 1.06 1.07 1.09 1.07 1.06 1.05 1.07 1.09 1.07 1.09 1.08 1.07 1.07 1.09 1.07 1.05 
1.07 1.05 1.08 1.07 1.08 1.08 1.07 1.07 1.08 1.08 1.06 1.05 1.05 1.07 1.09 1.05 1.08 1.07 1.06 1.08 
1.08 1.06 1.05 1.08 1.09 1.06 1.07 1.07 1.05 1.08 1.07 1.09 1.07 1.08 1.07 1.06 1.08 1.05 1.08 1.07 
1.07 1.09 1.05 1.05 1.08 1.09 1.06 1.06 1.08 1.09 1.08 1.05 1.07 1.07 1.09 1.09 1.08 1.09 1.09 1.05 
