20
200
51 28 38 88 69 75 66 32 87 7 56 71 16 33 73 22 18 27 11 46 43 98 94 65 28 78 62 100 50 78 42 33 41 60 25 90 73 24 100 47 49 72 87 41 53 13 35 39 25 24 3 54 90 55 9 19 79 41 68 56 44 70 15 35 74 4 1 37 3 91 47 23 87 55 85 93 51 24 60 68 97 21 3 82 92 13 1 43 2 70 35 62 75 30 59 56 95 40 24 80 75 58 50 89 80 84 56 88 81 10 72 29 98 22 95 62 69 36 98 73 35 69 52 83 2 33 97 46 50 28 38 4 82 7 58 60 33 36 65 97 28 83 63 1 85 75 19 8 84 24 32 40 17 22 59 27 66 22 58 10 78 7 45 9 59 85 88 45 44 1 60 97 82 19 97 84 12 15 98 65 13 6 71 97 9 93 12 73 82 7 43 47 44 39 28 30 22 72 58 11 
8 5 3 9 3 9 4 6 9 1 3 3 7 4 9 8 3 9 6 7 
1.04 1.05 1.05 1.03 1.01 1.04 1.02 1.06 1.06 1.02 1.03 1.03 1.02 1.03 1.01 1.03 1.03 1.01 1.06 1.06 
1.06 1.02 1.03 1.05 1.02 1.03 1.02 1.03 1.04 1.04 1.05 1.03 1.05 1.02 1.03 1.02 1.01 1.02 1.02 1.02 
1.04 1.01 1.06 1.03 1.01 1.01 1.03 1.06 1.05 1.05 1.04 1.02 1.06 1.03 1.06 1.02 1.06 1.02 1.01 1.04 
1.02 1.01 1.05 1.01 1.01 1.04 1.06 1.03 1.04 1.04 1.02 1.05 1.02 1.03 1.05 1.04 1.02 1.06 1.03 1.06 
1.01 1.05 1.03 1.04 1.03 1.02 1.03 1.02 1.04 1.02 1.01 1.03 1.02 1.03 1.05 1.05 1.03 1.03 1.01 1.02 
1.05 1.02 1.04 1.02 1.06 1.02 1.04 1.03 1.05 1.04 1.03 1.03 1.01 1.03 1.01 1.01 1.01 1.03 1.01 1.05 
1.03 1.06 1.06 1.05 1.01 1.02 1.01 1.06 1.02 1.05 1.01 1.02 1.03 1.04 1.03 1.06 1.01 1.04 1.06 1.03 
1.04 1.01 1.05 1.04 1.03 1.03 1.06 1.04 1.05 1.05 1.02 1.04 1.04 1.02 1.01 1.03 1.03 1.04 1.05 1.04 
1.06 1.04 1.02 1.06 1.06 1.05 1.03 1.04 1.02 1.05 1.01 1.05 1.01 1.03 1.03 1.02 1.04 1.01 1.05 1.03 
1.06 1.02 1.06 1.04 1.01 1.03 1.06 1.03 1.03 1.06 1.04 1.04 1.02 1.01 1.04 1.03 1.05 1.03 1.04 1.03 
1.01 1.03 1.01 1.01 1.02 1.01 1.06 1.05 1.06 1.02 1.03 1.05 1.06 1.04 1.04 1.02 1.01 1.02 1.01 1.04 
1.02 1.03 1.01 1.03 1.06 1.02 1.06 1.02 1.01 1.04 1.01 1.03 1.01 1.05 1.05 1.01 1.03 1.03 1.01 1.06 
1.01 1.02 1.04 1.02 1.02 1.03 1.02 1.05 1.04 1.03 1.03 1.03 1.04 1.05 1.04 1.02 1.01 1.02 1.06 1.04 
1.06 1.02 1.05 1.01 1.03 1.03 1.04 1.06 1.06 1.06 1.04 1.01 1.01 1.01 1.04 1.02 1.03 1.01 1.02 1.05 
1.05 1.05 1.03 1.01 1.01 1.03 1.01 1.04 1.06 1.04 1.04 1.02 1.03 1.05 1.02 1.02 1.04 1.02 1.04 1.06 
1.02 1.06 1.03 1.05 1.05 1.01 1.06 1.02 1.05 1.06 1.01 1.05 1.05 1.04 1.05 1.01 1.04 1.03 1.02 1.02 
1.05 1.02 1.03 1.02 1.05 1.06 1.02 1.01 1.04 1.05 1.03 1.04 1.04 1.02 1.04 1.04 1.04 1.02 1.02 1.05 
1.05 1.06 1.03 1.03 1.04 1.04 1.01 1.05 1.06 1.05 1.05 1.05 1.05 1.04 1.03 1.05 1.02 1.06 1.01 1.01 
1.03 1.03 1.03 1.03 1.03 1.02 1.04 1.05 1.06 1.06 1.04 1.05 1.04 1.04 1.04 1.04 1.03 1.05 1.04 1.06 
1.02 1.05 1.05 1.05 1.03 1.01 1.05 1.01 1.05 1.03 1.01 1.05 1.06 1.03 1.02 1.04 1.01 1.02 1.06 1.03 
1.06 1.01 1.05 1.02 1.04 1.02 1.01 1.06 1.04 1.01 1.04 1.04 1.01 1.03 1.01 1.01 1.05 1.04 1.03 1.01 
1.03 1.04 1.01 1.02 1.04 1.05 1.03 1.04 1.06 1.04 1.02 1.01 1.01 1.03 1.05 1.03 1.02 1.02 1.01 1.06 
1.02 1.01 1.01 1.02 1.05 1.01 1.01 1.05 1.06 1.01 1.03 1.03 1.04 1.01 1.04 1.04 1.04 1.06 1.01 1.06 
1.03 1.03 1.04 1.06 1.01 1.02 1.06 1.03 1.04 1.06 1.04 1.03 1.04 1.01 1.05 1.04 1.04 1.02 1.03 1.03 
1.05 1.01 1.06 1.01 1.02 1.02 1.04 1.02 1.02 1.02 1.04 1.02 1.03 1.01 1.06 1.04 1.01 1.03 1.03 1.04 
1.01 1.02 1.04 1.06 1.05 1.06 1.03 1.05 1.05 1.06 1.06 1.02 1.06 1.04 1.06 1.05 1.06 1.03 1.01 1.05 
1.01 1.06 1.04 1.03 1.02 1.03 1.03 1.02 1.03 1.02 1.05 1.05 1.02 1.04 1.04 1.02 1.03 1.01 1.04 1.02 
1.01 1.06 1.02 1.03 1.03 1.02 1.04 1.06 1.05 1.04 1.02 1.02 1.04 1.06 1.01 1.03 1.03 1.02 1.01 1.06 
1.02 1.01 1.02 1.01 1.05 1.04 1.02 1.03 1.04 1.02 1.04 1.05 1.04 1.05 1.03 1.02 1.03 1.01 1.04 1.04 
1.06 1.06 1.01 1.02 1.03 1.05 1.02 1.03 1.05 1.04 1.02 1.02 1.05 1.02 1.02 1.03 1.05 1.06 1.02 1.06 
1.04 1.05 1.03 1.01 1.01 1.05 1.02 1.05 1.03 1.01 1.04 1.04 1.05 1.01 1.06 1.02 1.02 1.03 1.04 1.05 
1.04 1.01 1.01 1.01 1.02 1.03 1.03 1.04 1.06 1.06 1.06 1.01 1.03 1.04 1.05 1.04 1.05 1.04 1.05 1.03 
1.02 1.04 1.03 1.03 1.06 1.06 1.06 1.01 1.04 1.05 1.02 1.02 1.01 1.03 1.01 1.02 1.02 1.03 1.01 1.06 
1.05 1.05 1.03 1.06 1.03 1.01 1.05 1.03 1.02 1.04 1.05 1.06 1.03 1.04 1.03 1.05 1.03 1.02 1.01 1.06 
1.06 1.01 1.03 1.03 1.01 1.04 1.02 1.04 1.06 1.03 1.03 1.05 1.05 1.01 1.01 1.02 1.02 1.01 1.01 1.02 
1.05 1.05 1.02 1.01 1.04 1.01 1.06 1.06 1.03 1.01 1.05 1.02 1.05 1.06 1.06 1.04 1.02 1.05 1.04 1.04 
1.02 1.01 1.02 1.06 1.04 1.06 1.02 1.06 1.04 1.02 1.03 1.02 1.05 1.04 1.02 1.01 1.05 1.02 1.02 1.06 
1.04 1.06 1.05 1.01 1.01 1.04 1.04 1.06 1.05 1.03 1.06 1.02 1.04 1.02 1.04 1.05 1.03 1.02 1.05 1.04 
1.01 1.03 1.02 1.04 1.06 1.01 1.02 1.01 1.05 1.03 1.04 1.05 1.04 1.06 1.04 1.02 1.04 1.04 1.06 1.05 
1.05 1.04 1.06 1.06 1.05 1.06 1.03 1.01 1.01 1.05 1.01 1.04 1.04 1.02 1.03 1.05 1.02 1.01 1.04 1.06 
1.03 1.01 1.05 1.02 1.01 1.06 1.02 1.04 1.04 1.04 1.01 1.06 1.04 1.03 1.04 1.02 1.01 1.01 1.06 1.03 
1.04 1.04 1.06 1.05 1.02 1.02 1.02 1.02 1.04 1.04 1.04 1.01 1.03 1.01 1.03 1.06 1.04 1.05 1.05 1.04 
1.01 1.04 1.05 1.05 1.05 1.02 1.06 1.01 1.06 1.03 1.05 1.04 1.05 1.06 1.04 1.03 1.01 1.01 1.05 1.04 
1.06 1.05 1.01 1.03 1.06 1.05 1.02 1.02 1.05 1.05 1.01 1.01 1.05 1.04 1.06 1.05 1.04 1.03 1.03 1.01 
1.04 1.06 1.02 1.01 1.05 1.03 1.02 1.01 1.04 1.02 1.05 1.06 1.04 1.02 1.03 1.01 1.05 1.01 1.06 1.02 
1.02 1.05 1.06 1.02 1.04 1.02 1.05 1.03 1.01 1.02 1.02 1.06 1.04 1.04 1.06 1.05 1.04 1.04 1.02 1.03 
1.04 1.03 1.02 1.02 1.06 1.06 1.04 1.05 1.04 1.02 1.04 1.01 1.05 1.03 1.01 1.02 1.06 1.01 1.04 1.06 
1.04 1.01 1.06 1.06 1.02 1.01 1.03 1.05 1.04 1.05 1.02 1.05 1.05 1.03 1.04 1.05 1.01 1.05 1.01 1.04 
1.06 1.04 1.01 1.06 1.03 1.03 1.01 1.03 1.03 1.04 1.03 1.01 1.06 1.05 1.06 1.03 1.05 1.04 1.06 1.03 
1.02 1.06 1.01 1.04 1.06 1.04 1.05 1.04 1.05 1.06 1.01 1.04 1.04 1.06 1.01 1.06 1.05 1.03 1.06 1.02 
1.04 1.01 1.01 1.04 1.05 1.06 1.01 1.06 1.06 1.05 1.01 1.06 1.01 1.05 1.01 1.05 1.03 1.05 1.04 1.04 
1.01 1.05 1.02 1.01 1.04 1.06 1.04 1.02 1.02 1.01 1.02 1.02 1.06 1.03 1.06 1.04 1.03 1.05 1.02 1.03 
1.03 1.03 1.06 1.03 1.04 1.06 1.02 1.04 1.01 1.04 1.02 1.06 1.02 1.03 1.06 1.06 1.06 1.05 1.02 1.06 
1.06 1.05 1.02 1.02 1.02 1.02 1.05 1.03 1.01 1.05 1.02 1.03 1.01 1.03 1.04 1.03 1.06 1.05 1.03 1.05 
1.05 1.05 1.02 1.05 1.06 1.04 1.01 1.04 1.01 1.01 1.02 1.01 1.05 1.05 1.04 1.03 1.06 1.06 1.04 1.04 
1.04 1.02 1.02 1.03 1.01 1.01 1.05 1.03 1.05 1.04 1.06 1.05 1.01 1.04 1.05 1.04 1.06 1.04 1.05 1.03 
1.06 1.02 1.06 1.05 1.06 1.05 1.06 1.04 1.04 1.05 1.01 1.05 1.02 1.04 1.02 1.06 1.05 1.05 1.03 1.04 
1.03 1.04 1.06 1.06 1.06 1.05 1.06 1.03 1.05 1.05 1.02 1.06 1.06 1.02 1.02 1.06 1.02 1.02 1.05 1.02 
1.03 1.01 1.03 1.05 1.02 1.01 1.04 1.03 1.04 1.04 1.01 1.01 1.05 1.05 1.01 1.05 1.05 1.04 1.02 1.03 
1.05 1.01 1.02 1.01 1.05 1.02 1.05 1.05 1.05 1.06 1.01 1.04 1.04 1.05 1.04 1.03 1.05 1.05 1.03 1.05 
1.05 1.05 1.03 1.03 1.06 1.06 1.01 1.05 1.04 1.03 1.02 1.06 1.03 1.06 1.02 1.04 1.04 1.02 1.06 1.03 
1.06 1.05 1.02 1.03 1.02 1.03 1.06 1.01 1.01 1.01 1.04 1.01 1.02 1.02 1.01 1.02 1.02 1.04 1.05 1.01 
1.02 1.01 1.03 1.02 1.04 1.02 1.03 1.04 1.04 1.05 1.01 1.05 1.04 1.03 1.03 1.05 1.05 1.04 1.04 1.04 
1.01 1.06 1.06 1.04 1.04 1.06 1.02 1.01 1.04 1.05 1.05 1.02 1.06 1.02 1.03 1.06 1.06 1.06 1.02 1.02 
1.05 1.01 1.06 1.06 1.05 1.06 1.03 1.05 1.03 1.05 1.02 1.02 1.03 1.04 1.03 1.04 1.04 1.01 1.06 1.04 
1.01 1.05 1.03 1.05 1.06 1.02 1.06 1.05 1.04 1.04 1.05 1.01 1.02 1.01 1.03 1.04 1.06 1.02 1.06 1.04 
1.06 1.02 1.04 1.06 1.04 1.06 1.05 1.04 1.06 1.05 1.02 1.01 1.01 1.01 1.06 1.05 1.04 1.05 1.01 1.02 
1.05 1.02 1.06 1.04 1.05 1.05 1.04 1.01 1.02 1.01 1.04 1.01 1.06 1.03 1.01 1.06 1.03 1.06 1.02 1.04 
1.02 1.02 1.04 1.01 1.01 1.02 1.06 1.02 1.05 1.05 1.05 1.02 1.01 1.02 1.06 1.03 1.01 1.03 1.05 1.06 
1.05 1.06 1.03 1.01 1.05 1.02 1.04 1.05 1.06 1.06 1.06 1.02 1.05 1.04 1.04 1.01 1.06 1.04 1.03 1.05 
1.06 1.02 1.03 1.03 1.04 1.04 1.02 1.02 1.01 1.04 1.02 1.01 1.06 1.03 1.01 1.03 1.05 1.01 1.01 1.04 
1.06 1.06 1.05 1.05 1.04 1.05 1.01 1.05 1.06 1.04 1.04 1.05 1.04 1.02 1.01 1.05 1.01 1.02 1.03 1.04 
1.01 1.01 1.01 1.03 1.04 1.04 1.01 1.02 1.04 1.05 1.06 1.02 1.02 1.04 1.03 1.06 1.04 1.03 1.01 1.04 
1.05 1.04 1.04 1.01 1.05 1.05 1.05 1.06 1.01 1.06 1.06 1.01 1.05 1.02 1.06 1.01 1.01 1.02 1.02 1.02 
1.04 1.01 1.05 1.04 1.02 1.01 1.01 1.03 1.05 1.01 1.05 1.02 1.04 1.02 1.01 1.06 1.01 1.04 1.03 1.03 
1.05 1.04 1.02 1.04 1.04 1.02 1.01 1.04 1.03 1.03 1.02 1.04 1.04 1.03 1.02 1.02 1.02 1.03 1.06 1.06 
1.03 1.05 1.03 1.04 1.04 1.06 1.03 1.05 1.02 1.03 1.05 1.05 1.05 1.05 1.06 1.06 1.02 1.05 1.03 1.05 
1.05 1.05 1.05 1.05 1.01 1.02 1.03 1.05 1.04 1.01 1.04 1.04 1.02 1.06 1.01 1.06 1.06 1.06 1.02 1.03 
1.05 1.03 1.01 1.03 1.05 1.05 1.05 1.02 1.05 1.01 1.03 1.06 1.04 1.04 1.04 1.06 1.02 1.02 1.02 1.01 
1.05 1.02 1.01 1.01 1.02 1.05 1.02 1.01 1.01 1.04 1.06 1.06 1.04 1.01 1.05 1.02 1.03 1.04 1.06 1.01 
1.03 1.02 1.05 1.06 1.05 1.03 1.05 1.04 1.01 1.05 1.01 1.06 1.01 1.02 1.06 1.06 1.05 1.02 1.02 1.02 
1.03 1.01 1.01 1.01 1.05 1.05 1.06 1.04 1.05 1.02 1.01 1.05 1.03 1.04 1.01 1.03 1.02 1.06 1.04 1.04 
1.02 1.05 1.06 1.05 1.04 1.03 1.01 1.04 1.03 1.03 1.01 1.02 1.04 1.01 1.05 1.06 1.06 1.01 1.05 1.03 
1.01 1.03 1.04 1.01 1.04 1.05 1.06 1.02 1.05 1.03 1.02 1.03 1.02 1.06 1.05 1.01 1.05 1.01 1.02 1.06 
1.02 1.01 1.02 1.02 1.01 1.05 1.06 1.01 1.02 1.02 1.04 1.06 1.01 1.05 1.05 1.01 1.06 1.05 1.04 1.05 
1.02 1.05 1.01 1.02 1.02 1.06 1.05 1.01 1.04 1.04 1.02 1.01 1.04 1.01 1.05 1.06 1.05 1.06 1.04 1.01 
1.01 1.05 1.05 1.03 1.01 1.04 1.03 1.02 1.05 1.06 1.05 1.05 1.03 1.02 1.03 1.06 1.05 1.06 1.01 1.06 
1.02 1.02 1.01 1.02 1.03 1.01 1.02 1.01 1.02 1.02 1.03 1.05 1.05 1.04 1.05 1.03 1.05 1.03 1.06 1.06 
1.01 1.05 1.04 1.03 1.06 1.02 1.01 1.05 1.01 1.04 1.03 1.02 1.02 1.01 1.01 1.02 1.01 1.06 1.06 1.03 
1.05 1.03 1.06 1.03 1.04 1.02 1.06 1.01 1.04 1.01 1.02 1.04 1.06 1.02 1.03 1.03 1.05 1.01 1.04 1.02 
1.04 1.05 1.05 1.03 1.04 1.02 1.05 1.05 1.04 1.06 1.01 1.02 1.03 1.01 1.04 1.01 1.01 1.01 1.02 1.02 
1.05 1.02 1.06 1.03 1.05 1.06 1.06 1.02 1.06 1.05 1.06 1.06 1.02 1.02 1.06 1.04 1.01 1.05 1.03 1.02 
1.01 1.03 1.02 1.01 1.02 1.02 1.03 1.02 1.05 1.03 1.02 1.03 1.01 1.05 1.03 1.02 1.05 1.06 1.04 1.04 
1.05 1.05 1.05 1.02 1.05 1.03 1.06 1.05 1.02 1.02 1.06 1.06 1.05 1.05 1.04 1.05 1.01 1.03 1.03 1.06 
1.01 1.06 1.02 1.04 1.06 1.04 1.01 1.02 1.03 1.01 1.01 1.02 1.04 1.04 1.05 1.03 1.05 1.06 1.03 1.01 
1.04 1.01 1.06 1.04 1.06 1.02 1.04 1.04 1.03 1.03 1.03 1.06 1.01 1.02 1.06 1.06 1.04 1.05 1.02 1.01 
1.06 1.02 1.02 1.06 1.05 1.04 1.02 1.06 1.06 1.04 1.01 1.05 1.03 1.02 1.03 1.03 1.01 1.06 1.06 1.04 
1.02 1.02 1.03 1.06 1.01 1.01 1.05 1.03 1.04 1.04 1.03 1.04 1.04 1.05 1.05 1.01 1.02 1.06 1.05 1.04 
1.02 1.06 1.01 1.06 1.05 1.05 1.06 1.04 1.05 1.01 1.03 1.02 1.06 1.05 1.01 1.02 1.04 1.06 1.05 1.02 
1.05 1.02 1.06 1.04 1.05 1.03 1.06 1.04 1.06 1.02 1.01 1.03 1.03 1.06 1.02 1.03 1.05 1.06 1.01 1.02 
1.06 1.04 1.06 1.06 1.06 1.02 1.04 1.01 1.01 1.01 1.03 1.03 1.04 1.01 1.01 1.04 1.01 1.05 1.02 1.06 
1.06 1.06 1.02 1.06 1.06 1.01 1.04 1.04 1.04 1.02 1.04 1.04 1.05 1.01 1.01 1.05 1.01 1.01 1.02 1.04 
1.04 1.03 1.03 1.01 1.05 1.04 1.02 1.05 1.01 1.01 1.01 1.02 1.02 1.06 1.02 1.06 1.06 1.05 1.01 1.02 
1.01 1.03 1.02 1.01 1.04 1.03 1.04 1.01 1.06 1.04 1.05 1.05 1.04 1.03 1.05 1.03 1.06 1.04 1.02 1.06 
1.02 1.06 1.03 1.02 1.01 1.02 1.04 1.06 1.02 1.06 1.03 1.03 1.02 1.04 1.06 1.01 1.02 1.03 1.06 1.02 
1.04 1.03 1.06 1.06 1.04 1.05 1.06 1.02 1.01 1.05 1.06 1.06 1.03 1.04 1.03 1.05 1.02 1.03 1.02 1.01 
1.06 1.04 1.05 1.05 1.03 1.02 1.06 1.01 1.06 1.03 1.05 1.03 1.03 1.05 1.03 1.02 1.04 1.01 1.04 1.03 
1.01 1.02 1.02 1.04 1.06 1.01 1.04 1.01 1.05 1.05 1.06 1.02 1.02 1.05 1.04 1.05 1.06 1.03 1.06 1.06 
1.04 1.01 1.01 1.05 1.05 1.02 1.01 1.01 1.03 1.05 1.02 1.04 1.01 1.02 1.06 1.01 1.01 1.01 1.05 1.03 
1.05 1.05 1.01 1.06 1.03 1.05 1.06 1.02 1.01 1.03 1.06 1.05 1.03 1.06 1.01 1.06 1.03 1.05 1.04 1.06 
1.04 1.03 1.04 1.04 1.06 1.06 1.02 1.05 1.05 1.03 1.03 1.03 1.06 1.04 1.03 1.04 1.02 1.02 1.03 1.06 
1.06 1.03 1.04 1.03 1.02 1.05 1.02 1.02 1.04 1.01 1.02 1.04 1.01 1.06 1.02 1.06 1.05 1.05 1.03 1.05 
1.05 1.05 1.01 1.06 1.01 1.02 1.06 1.03 1.06 1.02 1.01 1.03 1.02 1.02 1.05 1.02 1.05 1.02 1.01 1.04 
1.02 1.06 1.06 1.04 1.03 1.05 1.01 1.01 1.04 1.05 1.04 1.06 1.04 1.04 1.04 1.01 1.05 1.06 1.03 1.01 
1.03 1.02 1.04 1.04 1.06 1.04 1.02 1.03 1.04 1.04 1.04 1.04 1.02 1.02 1.04 1.01 1.01 1.06 1.01 1.01 
1.01 1.01 1.05 1.05 1.02 1.05 1.01 1.01 1.02 1.05 1.05 1.03 1.03 1.06 1.05 1.02 1.03 1.04 1.01 1.06 
1.04 1.01 1.05 1.03 1.03 1.05 1.02 1.04 1.05 1.02 1.06 1.04 1.06 1.01 1.06 1.05 1.03 1.02 1.03 1.05 
1.05 1.06 1.02 1.06 1.04 1.06 1.05 1.03 1.03 1.02 1.06 1.02 1.02 1.03 1.04 1.06 1.03 1.01 1.03 1.06 
1.01 1.01 1.01 1.04 1.01 1.05 1.05 1.05 1.03 1.06 1.02 1.03 1.05 1.06 1.02 1.05 1.04 1.04 1.06 1.04 
1.03 1.02 1.03 1.05 1.05 1.06 1.03 1.02 1.03 1.03 1.03 1.01 1.02 1.05 1.06 1.03 1.03 1.05 1.06 1.02 
1.06 1.02 1.06 1.04 1.06 1.05 1.01 1.03 1.03 1.02 1.04 1.05 1.03 1.02 1.01 1.02 1.02 1.04 1.04 1.06 
1.04 1.05 1.02 1.02 1.05 1.06 1.05 1.04 1.05 1.05 1.06 1.06 1.02 1.03 1.01 1.03 1.03 1.02 1.01 1.01 
1.03 1.02 1.06 1.06 1.02 1.04 1.01 1.02 1.03 1.05 1.05 1.05 1.06 1.02 1.03 1.02 1.05 1.05 1.03 1.03 
1.03 1.03 1.02 1.02 1.05 1.02 1.06 1.01 1.04 1.03 1.01 1.06 1.06 1.04 1.02 1.01 1.01 1.04 1.01 1.06 
1.04 1.03 1.02 1.06 1.01 1.06 1.01 1.02 1.03 1.02 1.04 1.05 1.05 1.03 1.06 1.06 1.05 1.01 1.06 1.05 
1.04 1.04 1.04 1.04 1.02 1.01 1.06 1.06 1.04 1.06 1.05 1.01 1.06 1.05 1.01 1.03 1.04 1.02 1.04 1.03 
1.05 1.06 1.01 1.03 1.03 1.05 1.06 1.02 1.04 1.01 1.01 1.02 1.02 1.03 1.04 1.06 1.02 1.03 1.05 1.04 
1.02 1.05 1.05 1.05 1.02 1.03 1.01 1.05 1.06 1.06 1.02 1.06 1.01 1.01 1.02 1.06 1.04 1.04 1.05 1.03 
1.05 1.02 1.03 1.01 1.02 1.06 1.01 1.01 1.05 1.06 1.05 1.01 1.05 1.05 1.02 1.01 1.06 1.06 1.03 1.03 
1.06 1.02 1.05 1.06 1.02 1.04 1.01 1.01 1.04 1.02 1.01 1.02 1.05 1.04 1.06 1.01 1.05 1.05 1.06 1.02 
1.04 1.02 1.05 1.06 1.02 1.03 1.02 1.01 1.03 1.03 1.02 1.06 1.03 1.01 1.05 1.03 1.03 1.03 1.03 1.05 
1.01 1.06 1.06 1.03 1.01 1.05 1.06 1.05 1.05 1.06 1.01 1.02 1.01 1.05 1.01 1.06 1.06 1.02 1.05 1.02 
1.02 1.06 1.04 1.03 1.05 1.01 1.02 1.06 1.04 1.04 1.02 1.05 1.02 1.05 1.05 1.02 1.03 1.05 1.04 1.03 
1.03 1.01 1.06 1.02 1.04 1.03 1.05 1.03 1.05 1.04 1.06 1.02 1.03 1.03 1.01 1.03 1.06 1.05 1.02 1.01 
1.04 1.06 1.03 1.02 1.04 1.01 1.06 1.02 1.03 1.02 1.03 1.06 1.02 1.01 1.04 1.03 1.06 1.04 1.04 1.03 
1.06 1.05 1.02 1.02 1.01 1.01 1.02 1.03 1.05 1.01 1.01 1.06 1.06 1.06 1.06 1.03 1.05 1.06 1.04 1.03 
1.02 1.04 1.01 1.01 1.05 1.02 1.03 1.02 1.04 1.02 1.02 1.06 1.04 1.06 1.03 1.05 1.05 1.01 1.02 1.01 
1.03 1.02 1.01 1.06 1.06 1.04 1.03 1.06 1.04 1.01 1.03 1.02 1.01 1.03 1.02 1.03 1.06 1.02 1.03 1.04 
1.05 1.05 1.05 1.04 1.01 1.04 1.05 1.03 1.01 1.01 1.02 1.06 1.06 1.06 1.04 1.02 1.06 1.03 1.03 1.06 
1.03 1.03 1.03 1.01 1.06 1.04 1.05 1.05 1.05 1.01 1.01 1.05 1.06 1.02 1.02 1.04 1.02 1.03 1.03 1.03 
1.04 1.04 1.01 1.02 1.05 1.03 1.03 1.01 1.05 1.01 1.06 1.06 1.05 1.02 1.05 1.02 1.04 1.05 1.02 1.06 
1.06 1.03 1.02 1.04 1.05 1.01 1.04 1.02 1.02 1.02 1.01 1.05 1.03 1.02 1.04 1.06 1.05 1.04 1.05 1.06 
1.06 1.04 1.04 1.01 1.01 1.01 1.05 1.01 1.06 1.04 1.01 1.03 1.05 1.02 1.02 1.06 1.04 1.05 1.04 1.03 
1.01 1.03 1.01 1.02 1.06 1.01 1.04 1.02 1.02 1.06 1.06 1.05 1.02 1.02 1.03 1.06 1.01 1.04 1.01 1.06 
1.06 1.03 1.01 1.06 1.02 1.02 1.01 1.06 1.06 1.03 1.06 1.03 1.05 1.06 1.01 1.04 1.01 1.05 1.02 1.05 
1.03 1.01 1.04 1.02 1.02 1.03 1.04 1.01 1.04 1.03 1.06 1.04 1.03 1.04 1.06 1.02 1.02 1.02 1.05 1.05 
1.04 1.04 1.04 1.02 1.03 1.01 1.04 1.04 1.01 1.06 1.03 1.02 1.05 1.04 1.02 1.01 1.02 1.03 1.02 1.05 
1.05 1.02 1.04 1.06 1.02 1.05 1.03 1.06 1.02 1.04 1.06 1.02 1.06 1.01 1.06 1.05 1.04 1.04 1.05 1.05 
1.01 1.04 1.03 1.01 1.02 1.05 1.02 1.03 1.02 1.02 1.05 1.02 1.03 1.03 1.03 1.05 1.01 1.04 1.04 1.03 
1.01 1.02 1.03 1.04 1.02 1.04 1.04 1.01 1.03 1.05 1.05 1.04 1.04 1.05 1.02 1.01 1.02 1.03 1.06 1.01 
1.01 1.02 1.05 1.05 1.04 1.02 1.04 1.01 1.05 1.02 1.03 1.06 1.05 1.03 1.03 1.03 1.05 1.06 1.05 1.06 
1.04 1.06 1.01 1.06 1.02 1.02 1.04 1.02 1.04 1.04 1.05 1.02 1.04 1.03 1.03 1.06 1.06 1.02 1.01 1.01 
1.05 1.06 1.01 1.04 1.05 1.03 1.02 1.06 1.03 1.02 1.01 1.02 1.04 1.02 1.02 1.05 1.01 1.03 1.02 1.03 
1.01 1.04 1.05 1.01 1.04 1.02 1.05 1.02 1.06 1.03 1.01 1.06 1.01 1.06 1.04 1.06 1.03 1.04 1.06 1.06 
1.04 1.04 1.04 1.06 1.02 1.01 1.05 1.02 1.03 1.03 1.02 1.02 1.06 1.05 1.06 1.04 1.03 1.03 1.01 1.04 
1.03 1.04 1.01 1.05 1.02 1.05 1.01 1.05 1.01 1.02 1.06 1.06 1.02 1.01 1.06 1.06 1.04 1.02 1.05 1.06 
1.04 1.01 1.06 1.06 1.02 1.04 1.05 1.05 1.01 1.04 1.06 1.06 1.03 1.02 1.02 1.01 1.06 1.05 1.02 1.06 
1.03 1.02 1.02 1.03 1.02 1.05 1.06 1.03 1.03 1.04 1.05 1.02 1.02 1.05 1.05 1.02 1.01 1.03 1.06 1.05 
1.02 1.03 1.04 1.01 1.03 1.01 1.06 1.02 1.02 1.06 1.03 1.05 1.02 1.06 1.04 1.06 1.05 1.04 1.06 1.04 
1.03 1.01 1.03 1.04 1.03 1.05 1.02 1.05 1.05 1.02 1.04 1.06 1.06 1.02 1.01 1.05 1.02 1.03 1.04 1.05 
1.05 1.06 1.03 1.05 1.04 1.02 1.01 1.06 1.03 1.01 1.06 1.04 1.03 1.03 1.01 1.04 1.01 1.04 1.01 1.06 
1.03 1.02 1.03 1.01 1.05 1.06 1.04 1.03 1.06 1.04 1.05 1.02 1.05 1.06 1.06 1.05 1.03 1.03 1.03 1.06 
1.04 1.02 1.05 1.04 1.06 1.03 1.04 1.02 1.06 1.05 1.02 1.03 1.02 1.05 1.01 1.03 1.06 1.02 1.04 1.01 
1.02 1.06 1.01 1.02 1.01 1.02 1.06 1.04 1.06 1.01 1.02 1.03 1.04 1.06 1.06 1.01 1.06 1.04 1.02 1.02 
1.06 1.02 1.02 1.01 1.04 1.03 1.01 1.01 1.04 1.04 1.05 1.04 1.01 1.06 1.02 1.01 1.01 1.03 1.05 1.05 
1.04 1.04 1.03 1.03 1.04 1.01 1.03 1.06 1.03 1.06 1.05 1.03 1.01 1.02 1.05 1.01 1.02 1.04 1.05 1.02 
1.04 1.01 1.05 1.01 1.03 1.02 1.05 1.02 1.02 1.06 1.04 1.01 1.01 1.02 1.05 1.03 1.04 1.04 1.02 1.05 
1.02 1.04 1.04 1.03 1.03 1.05 1.01 1.06 1.03 1.06 1.05 1.05 1.06 1.01 1.04 1.01 1.06 1.04 1.02 1.02 
1.05 1.05 1.06 1.03 1.06 1.05 1.06 1.04 1.02 1.01 1.02 1.05 1.04 1.06 1.06 1.01 1.01 1.05 1.02 1.06 
1.03 1.01 1.04 1.03 1.03 1.02 1.02 1.01 1.01 1.05 1.05 1.05 1.02 1.02 1.01 1.03 1.06 1.02 1.02 1.03 
1.01 1.06 1.03 1.06 1.04 1.06 1.03 1.03 1.02 1.04 1.03 1.03 1.05 1.03 1.06 1.02 1.05 1.04 1.06 1.02 
1.01 1.05 1.03 1.06 1.06 1.01 1.03 1.02 1.01 1.02 1.05 1.05 1.06 1.01 1.03 1.04 1.01 1.04 1.06 1.03 
1.06 1.04 1.03 1.05 1.01 1.05 1.05 1.05 1.06 1.05 1.01 1.05 1.03 1.04 1.03 1.01 1.02 1.04 1.02 1.02 
1.05 1.01 1.01 1.05 1.01 1.04 1.02 1.06 1.05 1.02 1.02 1.04 1.04 1.03 1.02 1.04 1.04 1.01 1.06 1.03 
1.04 1.03 1.01 1.06 1.04 1.06 1.04 1.05 1.04 1.01 1.03 1.03 1.01 1.04 1.03 1.02 1.02 1.06 1.03 1.01 
1.04 1.02 1.02 1.01 1.01 1.01 1.06 1.03 1.03 1.05 1.02 1.03 1.02 1.02 1.06 1.06 1.04 1.02 1.02 1.06 
1.01 1.06 1.05 1.06 1.04 1.01 1.06 1.06 1.02 1.06 1.05 1.05 1.01 1.04 1.04 1.02 1.01 1.03 1.05 1.02 
1.06 1.05 1.05 1.04 1.02 1.03 1.02 1.02 1.01 1.04 1.01 1.03 1.02 1.02 1.02 1.02 1.05 1.02 1.04 1.02 
1.01 1.04 1.02 1.04 1.03 1.04 1.05 1.03 1.05 1.05 1.06 1.04 1.02 1.05 1.01 1.03 1.02 1.06 1.02 1.01 
1.02 1.02 1.01 1.03 1.03 1.01 1.02 1.05 1.01 1.05 1.01 1.05 1.03 1.01 1.04 1.01 1.03 1.03 1.05 1.03 
1.01 1.02 1.03 1.01 1.04 1.05 1.02 1.01 1.03 1.05 1.03 1.04 1.06 1.03 1.04 1.01 1.04 1.05 1.01 1.01 
1.02 1.02 1.02 1.02 1.02 1.05 1.05 1.04 1.03 1.01 1.02 1.04 1.02 1.03 1.04 1.03 1.04 1.05 1.06 1.04 
1.06 1.04 1.01 1.04 1.05 1.05 1.03 1.06 1.06 1.02 1.04 1.03 1.04 1.06 1.05 1.04 1.05 1.02 1.06 1.02 
1.03 1.02 1.05 1.01 1.05 1.04 1.04 1.01 1.05 1.03 1.01 1.05 1.05 1.05 1.06 1.02 1.06 1.04 1.02 1.01 
1.04 1.02 1.01 1.05 1.02 1.03 1.06 1.06 1.05 1.04 1.02 1.02 1.05 1.06 1.06 1.05 1.04 1.03 1.04 1.04 
1.02 1.03 1.05 1.02 1.03 1.04 1.04 1.06 1.02 1.06 1.05 1.03 1.01 1.05 1.02 1.06 1.01 1.04 1.04 1.03 
1.02 1.03 1.01 1.03 1.01 1.05 1.05 1.01 1.06 1.05 1.02 1.06 1.01 1.04 1.06 1.06 1.01 1.01 1.06 1.01 
1.01 1.05 1.02 1.04 1.02 1.01 1.02 1.01 1.06 1.04 1.03 1.02 1.03 1.02 1.01 1.04 1.03 1.03 1.03 1.06 
1.04 1.05 1.04 1.05 1.05 1.02 1.02 1.05 1.01 1.05 1.05 1.05 1.06 1.02 1.06 1.03 1.03 1.06 1.04 1.01 
1.01 1.03 1.01 1.06 1.03 1.03 1.06 1.04 1.01 1.04 1.04 1.01 1.04 1.05 1.05 1.04 1.06 1.05 1.05 1.05 
1.02 1.01 1.02 1.02 1.04 1.04 1.05 1.05 1.06 1.03 1.02 1.03 1.04 1.06 1.03 1.05 1.02 1.01 1.05 1.04 
1.05 1.05 1.02 1.05 1.04 1.04 1.01 1.03 1.05 1.01 1.06 1.02 1.06 1.03 1.04 1.05 1.05 1.03 1.05 1.05 
1.06 1.02 1.02 1.06 1.01 1.04 1.06 1.04 1.05 1.01 1.06 1.04 1.05 1.02 1.02 1.04 1.03 1.06 1.06 1.01 
1.05 1.02 1.02 1.03 1.04 1.02 1.02 1.05 1.02 1.04 1.05 1.04 1.02 1.03 1.05 1.03 1.06 1.06 1.02 1.04 
1.04 1.03 1.01 1.01 1.04 1.03 1.04 1.01 1.06 1.05 1.02 1.05 1.04 1.05 1.05 1.06 1.03 1.06 1.03 1.03 
1.06 1.05 1.06 1.05 1.02 1.06 1.03 1.02 1.01 1.03 1.01 1.02 1.02 1.01 1.01 1.02 1.03 1.06 1.03 1.03 
1.02 1.01 1.02 1.06 1.01 1.05 1.03 1.05 1.01 1.05 1.02 1.06 1.05 1.04 1.04 1.01 1.05 1.05 1.04 1.02 
1.03 1.05 1.05 1.01 1.06 1.01 1.04 1.04 1.05 1.05 1.01 1.03 1.02 1.04 1.05 1.03 1.02 1.04 1.05 1.02 
1.03 1.05 1.02 1.06 1.01 1.03 1.03 1.04 1.06 1.02 1.04 1.03 1.03 1.03 1.06 1.04 1.06 1.01 1.05 1.06 
1.02 1.06 1.02 1.02 1.02 1.04 1.01 1.05 1.02 1.05 1.03 1.06 1.01 1.04 1.03 1.03 1.05 1.04 1.04 1.01 
