20
300
99 39 69 61 1 27 50 80 35 100 10 35 6 84 95 95 10 78 66 73 61 21 61 70 87 87 51 57 97 30 45 57 55 56 30 58 95 63 20 89 34 67 76 98 21 43 100 65 97 85 82 32 66 74 80 4 6 81 34 31 48 23 4 45 63 63 20 86 1 19 22 6 68 23 98 54 7 56 82 34 20 56 85 19 49 23 83 87 48 29 62 99 19 27 56 21 96 66 82 93 46 84 48 17 40 80 2 83 53 64 19 66 76 29 83 41 45 81 86 91 56 57 43 84 26 20 87 15 37 40 87 48 11 60 74 11 34 46 83 90 34 85 5 68 36 14 16 95 18 74 61 95 86 91 25 39 43 100 67 39 14 53 14 43 10 68 32 23 10 65 8 3 59 93 21 21 52 77 32 4 96 51 32 52 71 89 28 68 44 41 88 10 35 46 8 61 50 12 38 91 41 77 10 73 62 38 3 44 53 24 79 45 68 37 10 21 90 77 67 2 61 41 64 20 21 85 21 79 67 77 63 63 78 22 97 45 41 22 38 66 14 90 40 90 49 6 25 2 63 42 4 29 52 6 22 32 31 39 73 92 58 61 64 92 18 73 8 19 87 60 67 22 87 42 40 30 83 19 59 5 95 72 29 30 11 62 49 18 10 8 19 25 82 50 85 42 63 32 89 50 
2 1 2 2 3 2 2 2 3 2 2 2 3 1 2 2 2 1 2 2 
1.05 1.05 1.05 1.05 1.08 1.05 1.06 1.09 1.09 1.08 1.06 1.05 1.09 1.06 1.07 1.09 1.09 1.05 1.09 1.05 
1.07 1.07 1.06 1.07 1.09 1.07 1.05 1.05 1.08 1.05 1.08 1.08 1.08 1.07 1.07 1.07 1.09 1.08 1.09 1.09 
1.07 1.08 1.08 1.09 1.09 1.07 1.09 1.05 1.07 1.07 1.06 1.07 1.05 1.06 1.05 1.05 1.09 1.06 1.09 1.05 
1.07 1.06 1.06 1.05 1.05 1.08 1.07 1.05 1.09 1.08 1.09 1.05 1.09 1.06 1.07 1.05 1.07 1.09 1.05 1.09 
1.05 1.09 1.06 1.09 1.07 1.06 1.08 1.08 1.05 1.07 1.05 1.06 1.09 1.05 1.07 1.05 1.09 1.06 1.06 1.07 
1.08 1.06 1.09 1.06 1.09 1.05 1.07 1.09 1.06 1.05 1.07 1.09 1.07 1.09 1.07 1.09 1.06 1.07 1.06 1.05 
1.05 1.05 1.07 1.09 1.08 1.09 1.06 1.08 1.09 1.08 1.08 1.07 1.05 1.07 1.07 1.08 1.09 1.06 1.05 1.08 
1.08 1.07 1.08 1.08 1.07 1.05 1.09 1.06 1.05 1.08 1.08 1.05 1.06 1.09 1.08 1.08 1.09 1.09 1.07 1.07 
1.08 1.08 1.05 1.08 1.09 1.08 1.08 1.07 1.08 1.07 1.07 1.05 1.09 1.09 1.07 1.05 1.07 1.06 1.07 1.06 
1.07 1.05 1.05 1.05 1.05 1.09 1.05 1.07 1.09 1.08 1.09 1.07 1.07 1.06 1.05 1.07 1.08 1.07 1.08 1.05 
1.05 1.09 1.07 1.09 1.09 1.06 1.06 1.09 1.09 1.05 1.08 1.06 1.06 1.06 1.08 1.05 1.06 1.06 1.08 1.07 
1.05 1.07 1.05 1.09 1.08 1.08 1.07 1.06 1.09 1.09 1.09 1.06 1.06 1.05 1.05 1.07 1.07 1.07 1.05 1.09 
1.08 1.07 1.09 1.09 1.08 1.08 1.06 1.05 1.06 1.07 1.07 1.08 1.05 1.07 1.09 1.09 1.05 1.05 1.07 1.08 
1.06 1.08 1.08 1.07 1.09 1.08 1.06 1.05 1.08 1.08 1.09 1.09 1.07 1.07 1.07 1.09 1.09 1.08 1.09 1.09 
1.05 1.05 1.06 1.09 1.07 1.09 1.08 1.09 1.05 1.08 1.08 1.06 1.05 1.08 1.07 1.09 1.08 1.08 1.07 1.09 
1.06 1.06 1.08 1.08 1.06 1.09 1.07 1.08 1.07 1.07 1.06 1.09 1.07 1.08 1.06 1.06 1.09 1.08 1.06 1.06 
1.07 1.06 1.05 1.08 1.07 1.05 1.05 1.09 1.05 1.05 1.06 1.06 1.06 1.08 1.07 1.05 1.08 1.06 1.09 1.08 
1.09 1.09 1.08 1.07 1.09 1.05 1.09 1.08 1.09 1.09 1.09 1.09 1.09 1.09 1.07 1.05 1.06 1.09 1.07 1.09 
1.05 1.09 1.07 1.07 1.09 1.06 1.08 1.05 1.06 1.09 1.07 1.08 1.08 1.07 1.06 1.06 1.09 1.06 1.09 1.06 
1.06 1.08 1.05 1.08 1.07 1.07 1.06 1.06 1.08 1.07 1.05 1.05 1.09 1.06 1.06 1.05 1.06 1.09 1.05 1.07 
1.08 1.05 1.06 1.08 1.07 1.09 1.08 1.07 1.05 1.07 1.05 1.09 1.09 1.08 1.09 1.05 1.05 1.05 1.05 1.09 
1.06 1.09 1.09 1.09 1.07 1.05 1.06 1.08 1.06 1.06 1.07 1.08 1.05 1.07 1.09 1.05 1.08 1.07 1.09 1.05 
1.07 1.07 1.06 1.06 1.08 1.09 1.06 1.05 1.07 1.06 1.05 1.09 1.05 1.07 1.05 1.06 1.06 1.07 1.09 1.07 
1.07 1.08 1.07 1.06 1.05 1.09 1.06 1.06 1.08 1.06 1.08 1.05 1.07 1.07 1.06 1.07 1.08 1.08 1.06 1.08 
1.07 1.07 1.06 1.08 1.06 1.06 1.05 1.07 1.09 1.08 1.07 1.09 1.08 1.05 1.07 1.08 1.07 1.06 1.06 1.09 
1.07 1.06 1.07 1.08 1.07 1.08 1.06 1.05 1.07 1.05 1.07 1.07 1.08 1.05 1.08 1.09 1.05 1.09 1.07 1.07 
1.08 1.06 1.08 1.06 1.06 1.06 1.05 1.08 1.07 1.08 1.08 1.05 1.05 1.09 1.09 1.06 1.07 1.07 1.09 1.08 
1.08 1.09 1.07 1.07 1.09 1.07 1.07 1.08 1.07 1.09 1.07 1.08 1.08 1.06 1.09 1.09 1.07 1.05 1.07 1.05 
1.09 1.06 1.09 1.08 1.07 1.06 1.07 1.08 1.05 1.07 1.09 1.07 1.07 1.08 1.09 1.07 1.09 1.08 1.06 1.08 
1.06 1.07 1.07 1.05 1.06 1.07 1.06 1.06 1.07 1.06 1.08 1.09 1.05 1.07 1.08 1.09 1.07 1.05 1.06 1.09 
1.06 1.05 1.05 1.08 1.07 1.08 1.06 1.05 1.09 1.08 1.08 1.07 1.09 1.06 1.07 1.06 1.05 1.05 1.07 1.09 
1.05 1.08 1.07 1.09 1.05 1.09 1.05 1.06 1.05 1.08 1.06 1.06 1.06 1.07 1.07 1.05 1.09 1.06 1.07 1.06 
1.06 1.07 1.08 1.08 1.05 1.07 1.08 1.09 1.08 1.07 1.05 1.05 1.07 1.06 1.05 1.09 1.06 1.08 1.05 1.05 
1.09 1.08 1.07 1.09 1.05 1.09 1.06 1.05 1.07 1.05 1.08 1.05 1.07 1.06 1.07 1.05 1.08 1.09 1.09 1.05 
1.05 1.07 1.09 1.06 1.05 1.09 1.07 1.05 1.05 1.07 1.08 1.09 1.07 1.09 1.08 1.06 1.05 1.09 1.07 1.08 
1.07 1.06 1.08 1.08 1.08 1.08 1.07 1.05 1.09 1.09 1.07 1.05 1.07 1.08 1.09 1.07 1.05 1.06 1.09 1.09 
1.06 1.07 1.05 1.09 1.06 1.09 1.08 1.06 1.07 1.08 1.07 1.08 1.06 1.06 1.07 1.08 1.09 1.06 1.05 1.09 
1.06 1.05 1.06 1.05 1.09 1.09 1.06 1.07 1.09 1.09 1.09 1.07 1.05 1.08 1.07 1.08 1.05 1.06 1.09 1.07 
1.08 1.08 1.08 1.08 1.07 1.07 1.07 1.08 1.08 1.06 1.08 1.06 1.06 1.08 1.08 1.08 1.06 1.05 1.05 1.07 
1.09 1.07 1.05 1.06 1.06 1.08 1.06 1.06 1.09 1.09 1.09 1.07 1.09 1.05 1.08 1.07 1.06 1.07 1.05 1.09 
1.08 1.06 1.09 1.08 1.06 1.08 1.05 1.08 1.05 1.07 1.06 1.09 1.05 1.05 1.08 1.07 1.08 1.05 1.08 1.05 
1.07 1.06 1.07 1.07 1.08 1.06 1.05 1.09 1.07 1.06 1.05 1.08 1.09 1.09 1.09 1.07 1.09 1.07 1.09 1.07 
1.06 1.06 1.06 1.09 1.07 1.05 1.09 1.09 1.05 1.06 1.08 1.07 1.09 1.08 1.05 1.09 1.06 1.05 1.06 1.08 
1.09 1.06 1.05 1.06 1.06 1.06 1.09 1.05 1.06 1.08 1.09 1.07 1.06 1.06 1.08 1.07 1.07 1.06 1.09 1.07 
1.09 1.05 1.09 1.07 1.07 1.06 1.09 1.08 1.06 1.07 1.06 1.09 1.05 1.07 1.09 1.05 1.07 1.09 1.07 1.05 
1.08 1.08 1.06 1.06 1.05 1.09 1.09 1.08 1.05 1.07 1.06 1.07 1.09 1.08 1.08 1.08 1.09 1.07 1.05 1.06 
1.09 1.09 1.07 1.08 1.08 1.08 1.09 1.06 1.05 1.05 1.09 1.05 1.05 1.09 1.08 1.07 1.09 1.06 1.08 1.06 
1.05 1.05 1.07 1.09 1.07 1.05 1.06 1.06 1.07 1.07 1.08 1.08 1.06 1.07 1.06 1.08 1.09 1.07 1.05 1.06 
1.09 1.05 1.05 1.09 1.05 1.07 1.08 1.08 1.06 1.08 1.06 1.05 1.07 1.08 1.05 1.06 1.05 1.05 1.07 1.08 
1.06 1.05 1.06 1.07 1.06 1.05 1.08 1.05 1.08 1.07 1.05 1.07 1.05 1.06 1.09 1.08 1.06 1.09 1.09 1.06 
1.08 1.06 1.06 1.06 1.08 1.05 1.06 1.05 1.07 1.05 1.09 1.05 1.06 1.07 1.08 1.06 1.08 1.08 1.05 1.05 
1.06 1.05 1.08 1.06 1.08 1.05 1.09 1.05 1.06 1.09 1.08 1.07 1.09 1.09 1.08 1.08 1.07 1.06 1.05 1.05 
1.06 1.09 1.07 1.06 1.09 1.08 1.09 1.06 1.08 1.08 1.07 1.06 1.08 1.07 1.08 1.09 1.09 1.08 1.05 1.06 
1.06 1.06 1.09 1.08 1.05 1.09 1.07 1.05 1.08 1.09 1.07 1.08 1.09 1.09 1.09 1.06 1.08 1.07 1.05 1.05 
1.07 1.07 1.09 1.07 1.07 1.05 1.06 1.08 1.09 1.07 1.05 1.07 1.09 1.08 1.06 1.07 1.06 1.05 1.09 1.08 
1.07 1.05 1.05 1.07 1.07 1.08 1.08 1.05 1.06 1.08 1.07 1.06 1.09 1.07 1.06 1.06 1.08 1.09 1.09 1.09 
1.07 1.06 1.05 1.05 1.09 1.06 1.05 1.06 1.07 1.06 1.07 1.05 1.06 1.06 1.05 1.09 1.06 1.05 1.08 1.06 
1.05 1.09 1.05 1.05 1.07 1.09 1.06 1.06 1.08 1.05 1.09 1.06 1.06 1.08 1.09 1.09 1.08 1.07 1.08 1.09 
1.05 1.08 1.06 1.07 1.08 1.09 1.06 1.05 1.06 1.08 1.05 1.08 1.08 1.09 1.07 1.09 1.08 1.08 1.08 1.06 
1.05 1.07 1.06 1.08 1.08 1.09 1.08 1.07 1.05 1.06 1.08 1.07 1.06 1.08 1.07 1.05 1.05 1.09 1.05 1.07 
1.09 1.06 1.08 1.06 1.05 1.05 1.06 1.07 1.09 1.09 1.08 1.09 1.09 1.06 1.08 1.06 1.06 1.09 1.08 1.07 
1.07 1.05 1.06 1.07 1.06 1.09 1.08 1.07 1.05 1.09 1.09 1.08 1.09 1.09 1.06 1.07 1.09 1.07 1.05 1.06 
1.08 1.05 1.07 1.07 1.05 1.08 1.09 1.07 1.05 1.09 1.06 1.07 1.07 1.09 1.09 1.08 1.07 1.05 1.07 1.07 
1.09 1.09 1.06 1.09 1.06 1.07 1.07 1.07 1.08 1.06 1.08 1.09 1.06 1.08 1.09 1.07 1.07 1.06 1.09 1.08 
1.09 1.08 1.07 1.06 1.05 1.07 1.06 1.05 1.06 1.05 1.05 1.06 1.07 1.07 1.06 1.06 1.08 1.06 1.09 1.09 
1.08 1.08 1.09 1.07 1.07 1.07 1.05 1.05 1.06 1.08 1.08 1.08 1.09 1.06 1.05 1.09 1.06 1.09 1.08 1.05 
1.07 1.07 1.07 1.08 1.08 1.05 1.09 1.08 1.05 1.09 1.09 1.09 1.05 1.07 1.05 1.08 1.09 1.08 1.06 1.06 
1.06 1.09 1.05 1.07 1.08 1.05 1.09 1.07 1.06 1.09 1.07 1.08 1.05 1.07 1.08 1.05 1.07 1.05 1.09 1.06 
1.05 1.07 1.09 1.07 1.08 1.07 1.08 1.06 1.05 1.09 1.06 1.07 1.08 1.07 1.06 1.08 1.06 1.05 1.09 1.09 
1.07 1.07 1.07 1.08 1.05 1.09 1.09 1.06 1.06 1.06 1.07 1.05 1.08 1.06 1.05 1.05 1.07 1.05 1.05 1.05 
1.08 1.07 1.07 1.09 1.09 1.08 1.05 1.09 1.07 1.07 1.06 1.06 1.09 1.05 1.07 1.05 1.05 1.08 1.09 1.07 
1.09 1.05 1.09 1.07 1.06 1.07 1.08 1.07 1.07 1.08 1.06 1.07 1.05 1.08 1.09 1.09 1.07 1.08 1.06 1.06 
1.08 1.07 1.07 1.09 1.09 1.09 1.09 1.05 1.08 1.06 1.08 1.06 1.07 1.08 1.08 1.09 1.06 1.07 1.08 1.05 
1.08 1.06 1.09 1.08 1.06 1.06 1.07 1.06 1.08 1.05 1.06 1.08 1.05 1.06 1.08 1.06 1.09 1.07 1.07 1.06 
1.06 1.05 1.07 1.07 1.06 1.09 1.07 1.08 1.07 1.09 1.05 1.05 1.06 1.09 1.05 1.08 1.05 1.06 1.05 1.05 
1.08 1.09 1.09 1.07 1.09 1.09 1.06 1.07 1.06 1.08 1.06 1.05 1.09 1.05 1.08 1.06 1.06 1.09 1.05 1.09 
1.09 1.06 1.08 1.05 1.05 1.06 1.09 1.08 1.06 1.06 1.08 1.06 1.09 1.06 1.06 1.06 1.07 1.07 1.09 1.06 
1.08 1.05 1.08 1.05 1.05 1.05 1.06 1.09 1.05 1.08 1.09 1.05 1.07 1.08 1.05 1.09 1.08 1.09 1.08 1.07 
1.05 1.08 1.07 1.07 1.08 1.07 1.05 1.07 1.09 1.05 1.07 1.09 1.06 1.07 1.05 1.09 1.07 1.07 1.07 1.08 
1.08 1.09 1.06 1.05 1.07 1.08 1.06 1.05 1.05 1.05 1.09 1.05 1.07 1.08 1.06 1.05 1.07 1.05 1.08 1.08 
1.07 1.06 1.07 1.05 1.06 1.05 1.08 1.09 1.07 1.08 1.08 1.08 1.06 1.06 1.06 1.05 1.08 1.09 1.06 1.05 
1.08 1.05 1.08 1.06 1.05 1.08 1.05 1.08 1.08 1.09 1.09 1.07 1.08 1.07 1.09 1.06 1.06 1.07 1.05 1.05 
1.08 1.09 1.07 1.09 1.08 1.05 1.08 1.09 1.06 1.05 1.09 1.05 1.09 1.08 1.06 1.05 1.06 1.06 1.07 1.09 
1.08 1.09 1.06 1.06 1.05 1.08 1.05 1.09 1.05 1.06 1.07 1.06 1.05 1.09 1.07 1.07 1.09 1.09 1.08 1.09 
1.08 1.08 1.07 1.06 1.09 1.06 1.08 1.09 1.08 1.07 1.06 1.05 1.07 1.08 1.06 1.06 1.05 1.05 1.06 1.08 
1.07 1.06 1.05 1.08 1.08 1.07 1.08 1.05 1.09 1.07 1.06 1.05 1.05 1.06 1.09 1.05 1.06 1.09 1.05 1.09 
1.06 1.06 1.08 1.08 1.05 1.05 1.07 1.05 1.09 1.09 1.09 1.05 1.08 1.05 1.05 1.09 1.09 1.05 1.09 1.05 
1.09 1.08 1.09 1.08 1.08 1.05 1.05 1.06 1.08 1.06 1.06 1.09 1.05 1.08 1.05 1.08 1.08 1.06 1.06 1.09 
1.08 1.07 1.09 1.05 1.09 1.08 1.09 1.07 1.09 1.05 1.08 1.05 1.07 1.09 1.09 1.05 1.06 1.07 1.07 1.07 
1.08 1.06 1.06 1.09 1.06 1.09 1.09 1.08 1.05 1.07 1.07 1.08 1.08 1.08 1.09 1.05 1.08 1.07 1.08 1.08 
1.08 1.07 1.08 1.08 1.08 1.06 1.09 1.08 1.05 1.05 1.06 1.07 1.07 1.08 1.08 1.05 1.07 1.06 1.08 1.08 
1.09 1.06 1.07 1.06 1.09 1.07 1.08 1.08 1.06 1.08 1.07 1.06 1.05 1.06 1.07 1.08 1.09 1.07 1.06 1.07 
1.09 1.08 1.06 1.06 1.05 1.07 1.08 1.06 1.09 1.07 1.06 1.08 1.07 1.06 1.08 1.09 1.09 1.08 1.08 1.08 
1.08 1.05 1.07 1.05 1.08 1.05 1.07 1.06 1.08 1.06 1.07 1.08 1.05 1.07 1.05 1.09 1.06 1.05 1.05 1.05 
1.05 1.05 1.07 1.08 1.06 1.09 1.05 1.06 1.05 1.06 1.09 1.09 1.07 1.09 1.08 1.07 1.05 1.08 1.06 1.07 
1.09 1.08 1.05 1.05 1.07 1.09 1.05 1.06 1.07 1.07 1.09 1.07 1.08 1.09 1.05 1.06 1.07 1.08 1.09 1.07 
1.09 1.05 1.07 1.08 1.08 1.07 1.08 1.08 1.07 1.07 1.05 1.05 1.08 1.06 1.08 1.07 1.07 1.05 1.09 1.06 
1.06 1.06 1.05 1.07 1.05 1.09 1.09 1.09 1.09 1.09 1.07 1.08 1.08 1.05 1.08 1.09 1.05 1.09 1.07 1.06 
1.08 1.06 1.08 1.07 1.05 1.05 1.06 1.06 1.07 1.09 1.09 1.08 1.06 1.07 1.06 1.07 1.05 1.06 1.08 1.07 
1.08 1.07 1.05 1.06 1.08 1.05 1.05 1.07 1.05 1.09 1.05 1.09 1.06 1.05 1.09 1.08 1.05 1.08 1.07 1.08 
1.09 1.09 1.07 1.06 1.06 1.05 1.07 1.08 1.05 1.06 1.09 1.08 1.09 1.08 1.05 1.07 1.09 1.09 1.08 1.06 
1.08 1.08 1.06 1.09 1.08 1.09 1.09 1.08 1.09 1.09 1.05 1.09 1.08 1.09 1.05 1.06 1.07 1.07 1.07 1.06 
1.09 1.08 1.07 1.09 1.06 1.05 1.05 1.09 1.08 1.09 1.06 1.07 1.08 1.08 1.08 1.08 1.05 1.08 1.08 1.09 
1.08 1.05 1.09 1.09 1.06 1.05 1.09 1.05 1.08 1.07 1.09 1.05 1.08 1.09 1.05 1.07 1.09 1.08 1.07 1.09 
1.09 1.08 1.06 1.09 1.09 1.05 1.08 1.05 1.05 1.06 1.08 1.06 1.09 1.05 1.08 1.09 1.06 1.09 1.05 1.06 
1.08 1.09 1.06 1.09 1.09 1.08 1.05 1.06 1.08 1.09 1.09 1.06 1.05 1.09 1.08 1.08 1.08 1.05 1.08 1.08 
1.08 1.08 1.05 1.09 1.08 1.06 1.05 1.06 1.07 1.07 1.08 1.07 1.05 1.05 1.07 1.07 1.05 1.09 1.07 1.09 
1.05 1.09 1.07 1.05 1.05 1.09 1.05 1.09 1.07 1.06 1.05 1.09 1.07 1.07 1.05 1.07 1.08 1.09 1.05 1.08 
1.09 1.06 1.05 1.06 1.05 1.07 1.09 1.05 1.06 1.09 1.06 1.08 1.09 1.05 1.05 1.05 1.09 1.07 1.09 1.08 
1.05 1.06 1.07 1.05 1.06 1.07 1.05 1.07 1.06 1.08 1.05 1.05 1.06 1.05 1.06 1.09 1.08 1.05 1.05 1.05 
1.05 1.06 1.09 1.09 1.08 1.07 1.08 1.08 1.09 1.09 1.05 1.06 1.07 1.05 1.08 1.06 1.07 1.06 1.06 1.07 
1.06 1.05 1.08 1.07 1.09 1.09 1.08 1.07 1.07 1.05 1.09 1.06 1.05 1.05 1.08 1.09 1.08 1.08 1.09 1.05 
1.05 1.05 1.06 1.05 1.05 1.06 1.06 1.09 1.06 1.07 1.05 1.07 1.07 1.06 1.07 1.07 1.07 1.08 1.07 1.09 
1.08 1.06 1.07 1.07 1.07 1.09 1.09 1.05 1.05 1.07 1.07 1.09 1.09 1.05 1.07 1.07 1.07 1.06 1.08 1.08 
1.05 1.05 1.05 1.05 1.07 1.05 1.06 1.08 1.09 1.07 1.06 1.06 1.09 1.08 1.05 1.09 1.07 1.06 1.05 1.09 
1.08 1.06 1.07 1.08 1.09 1.05 1.08 1.07 1.08 1.05 1.08 1.08 1.05 1.08 1.06 1.09 1.07 1.08 1.09 1.09 
1.09 1.09 1.07 1.06 1.05 1.06 1.09 1.05 1.08 1.08 1.08 1.09 1.05 1.09 1.06 1.05 1.05 1.05 1.06 1.05 
1.08 1.09 1.05 1.06 1.08 1.07 1.05 1.09 1.07 1.06 1.08 1.09 1.05 1.05 1.06 1.09 1.05 1.09 1.05 1.06 
1.06 1.06 1.09 1.07 1.06 1.05 1.06 1.06 1.06 1.05 1.05 1.06 1.08 1.09 1.09 1.08 1.09 1.09 1.06 1.06 
1.07 1.08 1.09 1.07 1.07 1.06 1.08 1.07 1.09 1.05 1.06 1.06 1.05 1.09 1.05 1.06 1.06 1.08 1.05 1.06 
1.09 1.09 1.09 1.07 1.07 1.06 1.08 1.05 1.09 1.06 1.09 1.08 1.09 1.09 1.06 1.06 1.09 1.07 1.06 1.05 
1.06 1.05 1.09 1.09 1.06 1.07 1.05 1.08 1.05 1.09 1.06 1.09 1.05 1.06 1.08 1.06 1.06 1.09 1.07 1.06 
1.07 1.05 1.08 1.05 1.05 1.05 1.09 1.06 1.08 1.06 1.08 1.06 1.08 1.07 1.06 1.07 1.05 1.09 1.07 1.07 
1.07 1.07 1.07 1.05 1.07 1.05 1.05 1.09 1.07 1.06 1.07 1.05 1.07 1.09 1.05 1.07 1.05 1.05 1.05 1.08 
1.06 1.08 1.08 1.09 1.05 1.06 1.05 1.05 1.05 1.09 1.07 1.07 1.06 1.07 1.05 1.06 1.08 1.09 1.07 1.05 
1.06 1.09 1.09 1.05 1.09 1.05 1.06 1.08 1.09 1.07 1.09 1.07 1.07 1.08 1.07 1.07 1.08 1.06 1.05 1.07 
1.06 1.06 1.07 1.08 1.06 1.09 1.05 1.06 1.08 1.08 1.05 1.05 1.05 1.05 1.06 1.06 1.08 1.07 1.06 1.08 
1.06 1.08 1.07 1.07 1.05 1.06 1.07 1.05 1.09 1.08 1.05 1.06 1.09 1.05 1.07 1.09 1.09 1.07 1.08 1.09 
1.07 1.08 1.06 1.09 1.08 1.05 1.05 1.06 1.06 1.08 1.05 1.07 1.06 1.07 1.07 1.08 1.06 1.07 1.08 1.09 
1.05 1.07 1.09 1.05 1.08 1.08 1.06 1.08 1.07 1.06 1.07 1.08 1.07 1.07 1.08 1.08 1.08 1.05 1.09 1.06 
1.05 1.09 1.07 1.07 1.06 1.09 1.05 1.06 1.06 1.06 1.08 1.07 1.07 1.06 1.09 1.05 1.09 1.07 1.09 1.06 
1.05 1.05 1.09 1.09 1.08 1.07 1.06 1.08 1.06 1.09 1.06 1.09 1.06 1.07 1.09 1.08 1.05 1.06 1.07 1.08 
1.09 1.06 1.09 1.05 1.09 1.05 1.08 1.09 1.06 1.06 1.05 1.05 1.07 1.08 1.08 1.05 1.09 1.06 1.09 1.09 
1.05 1.05 1.07 1.05 1.08 1.08 1.06 1.05 1.05 1.09 1.08 1.06 1.05 1.08 1.08 1.08 1.06 1.05 1.06 1.09 
1.05 1.07 1.06 1.07 1.06 1.09 1.08 1.08 1.05 1.07 1.07 1.09 1.09 1.08 1.09 1.08 1.07 1.07 1.07 1.08 
1.09 1.09 1.05 1.07 1.05 1.08 1.06 1.06 1.06 1.07 1.08 1.06 1.08 1.09 1.09 1.09 1.08 1.07 1.06 1.06 
1.07 1.08 1.09 1.05 1.07 1.05 1.09 1.06 1.06 1.06 1.07 1.07 1.07 1.06 1.05 1.06 1.06 1.06 1.06 1.07 
1.09 1.06 1.08 1.06 1.07 1.07 1.06 1.07 1.05 1.08 1.08 1.05 1.07 1.05 1.07 1.09 1.05 1.06 1.07 1.08 
1.08 1.05 1.09 1.05 1.05 1.08 1.09 1.08 1.07 1.08 1.09 1.05 1.09 1.07 1.05 1.05 1.07 1.05 1.09 1.08 
1.08 1.08 1.06 1.09 1.08 1.08 1.06 1.05 1.06 1.05 1.06 1.05 1.08 1.05 1.07 1.05 1.07 1.05 1.08 1.08 
1.08 1.08 1.09 1.05 1.06 1.07 1.08 1.09 1.09 1.05 1.09 1.08 1.07 1.09 1.09 1.07 1.07 1.05 1.07 1.08 
1.07 1.09 1.06 1.06 1.07 1.08 1.05 1.08 1.05 1.06 1.07 1.06 1.05 1.09 1.09 1.06 1.09 1.07 1.06 1.08 
1.08 1.07 1.07 1.05 1.08 1.07 1.09 1.07 1.07 1.08 1.05 1.06 1.05 1.06 1.08 1.07 1.07 1.06 1.05 1.05 
1.09 1.07 1.05 1.05 1.05 1.07 1.09 1.07 1.05 1.06 1.07 1.06 1.05 1.06 1.08 1.09 1.06 1.07 1.08 1.05 
1.07 1.07 1.08 1.06 1.05 1.08 1.05 1.07 1.08 1.07 1.05 1.06 1.08 1.08 1.05 1.05 1.07 1.06 1.06 1.08 
1.05 1.05 1.06 1.07 1.05 1.09 1.08 1.07 1.06 1.07 1.08 1.06 1.07 1.09 1.05 1.08 1.06 1.05 1.09 1.06 
1.07 1.07 1.09 1.05 1.07 1.07 1.08 1.08 1.07 1.08 1.09 1.05 1.08 1.05 1.09 1.05 1.07 1.06 1.05 1.05 
1.06 1.06 1.09 1.06 1.07 1.05 1.05 1.07 1.09 1.07 1.06 1.09 1.05 1.06 1.08 1.09 1.05 1.07 1.07 1.06 
1.08 1.08 1.05 1.05 1.07 1.08 1.07 1.08 1.09 1.08 1.09 1.07 1.09 1.07 1.05 1.08 1.06 1.09 1.09 1.07 
1.08 1.08 1.06 1.05 1.08 1.07 1.07 1.09 1.08 1.08 1.05 1.06 1.08 1.07 1.05 1.05 1.05 1.06 1.05 1.05 
1.05 1.07 1.09 1.06 1.09 1.08 1.09 1.06 1.06 1.06 1.05 1.06 1.05 1.07 1.09 1.09 1.05 1.07 1.09 1.09 
1.05 1.06 1.06 1.08 1.07 1.07 1.07 1.08 1.07 1.09 1.08 1.05 1.06 1.08 1.05 1.09 1.09 1.07 1.09 1.06 
1.05 1.08 1.09 1.09 1.06 1.09 1.09 1.08 1.09 1.09 1.05 1.07 1.09 1.08 1.09 1.07 1.06 1.05 1.06 1.09 
1.05 1.07 1.06 1.09 1.09 1.08 1.09 1.07 1.05 1.09 1.08 1.08 1.09 1.07 1.07 1.07 1.06 1.07 1.09 1.09 
1.08 1.09 1.06 1.06 1.05 1.06 1.07 1.07 1.05 1.05 1.05 1.08 1.09 1.07 1.08 1.08 1.06 1.09 1.07 1.07 
1.07 1.07 1.06 1.07 1.06 1.07 1.09 1.07 1.09 1.08 1.06 1.09 1.07 1.08 1.07 1.07 1.08 1.07 1.05 1.08 
1.09 1.05 1.05 1.07 1.07 1.08 1.08 1.07 1.05 1.07 1.09 1.09 1.05 1.07 1.09 1.09 1.06 1.07 1.07 1.05 
1.08 1.07 1.09 1.05 1.06 1.09 1.06 1.08 1.08 1.08 1.05 1.07 1.07 1.07 1.08 1.07 1.09 1.07 1.05 1.09 
1.09 1.07 1.07 1.07 1.05 1.08 1.08 1.06 1.07 1.09 1.07 1.08 1.07 1.05 1.06 1.05 1.07 1.05 1.09 1.06 
1.06 1.07 1.07 1.09 1.08 1.09 1.07 1.06 1.06 1.07 1.05 1.08 1.08 1.07 1.09 1.09 1.07 1.09 1.06 1.08 
1.05 1.06 1.05 1.08 1.06 1.07 1.07 1.08 1.09 1.08 1.09 1.08 1.07 1.06 1.06 1.08 1.09 1.05 1.09 1.07 
1.07 1.07 1.05 1.06 1.06 1.09 1.07 1.09 1.09 1.07 1.05 1.06 1.08 1.05 1.06 1.06 1.05 1.08 1.06 1.07 
1.09 1.07 1.09 1.07 1.05 1.05 1.05 1.05 1.07 1.06 1.08 1.07 1.06 1.09 1.05 1.06 1.06 1.07 1.06 1.08 
1.05 1.05 1.09 1.06 1.08 1.08 1.05 1.08 1.06 1.05 1.08 1.06 1.08 1.05 1.07 1.06 1.06 1.06 1.08 1.06 
1.08 1.05 1.09 1.07 1.08 1.09 1.05 1.09 1.08 1.06 1.07 1.08 1.08 1.08 1.08 1.06 1.09 1.06 1.09 1.07 
1.09 1.06 1.08 1.09 1.06 1.08 1.05 1.05 1.09 1.07 1.08 1.09 1.09 1.09 1.05 1.05 1.05 1.09 1.07 1.09 
1.05 1.09 1.05 1.09 1.08 1.06 1.05 1.05 1.05 1.06 1.09 1.05 1.06 1.05 1.08 1.08 1.09 1.07 1.07 1.09 
1.06 1.08 1.08 1.06 1.07 1.06 1.07 1.06 1.06 1.05 1.08 1.08 1.07 1.08 1.05 1.06 1.08 1.08 1.08 1.08 
1.05 1.08 1.06 1.06 1.06 1.06 1.06 1.09 1.06 1.06 1.07 1.08 1.09 1.08 1.05 1.08 1.08 1.07 1.05 1.08 
1.05 1.09 1.06 1.06 1.08 1.05 1.06 1.06 1.05 1.06 1.08 1.05 1.08 1.05 1.05 1.07 1.05 1.08 1.05 1.07 
1.06 1.07 1.08 1.05 1.07 1.06 1.06 1.08 1.07 1.05 1.06 1.07 1.09 1.06 1.07 1.05 1.05 1.06 1.06 1.08 
1.09 1.06 1.09 1.09 1.09 1.08 1.09 1.07 1.07 1.05 1.06 1.05 1.09 1.07 1.08 1.09 1.07 1.07 1.07 1.09 
1.07 1.08 1.06 1.05 1.08 1.06 1.05 1.08 1.08 1.09 1.09 1.08 1.06 1.07 1.09 1.05 1.09 1.07 1.09 1.08 
1.05 1.05 1.08 1.08 1.05 1.08 1.08 1.07 1.07 1.09 1.05 1.06 1.07 1.09 1.08 1.09 1.05 1.05 1.05 1.09 
1.06 1.09 1.07 1.08 1.06 1.07 1.08 1.05 1.08 1.08 1.07 1.05 1.08 1.05 1.07 1.05 1.09 1.05 1.07 1.07 
1.06 1.07 1.05 1.05 1.09 1.05 1.09 1.05 1.08 1.07 1.07 1.09 1.07 1.05 1.06 1.09 1.09 1.06 1.08 1.07 
1.07 1.08 1.08 1.05 1.08 1.09 1.08 1.08 1.06 1.06 1.06 1.09 1.07 1.08 1.09 1.06 1.07 1.09 1.09 1.08 
1.06 1.08 1.05 1.05 1.08 1.08 1.06 1.05 1.07 1.09 1.05 1.08 1.09 1.07 1.06 1.08 1.09 1.08 1.07 1.05 
1.08 1.05 1.08 1.05 1.07 1.09 1.09 1.09 1.07 1.08 1.06 1.06 1.07 1.07 1.09 1.09 1.07 1.08 1.09 1.09 
1.09 1.07 1.08 1.08 1.05 1.05 1.08 1.05 1.05 1.07 1.08 1.05 1.09 1.05 1.06 1.06 1.05 1.07 1.09 1.07 
1.09 1.08 1.07 1.09 1.06 1.06 1.09 1.08 1.09 1.09 1.09 1.06 1.09 1.09 1.09 1.07 1.05 1.05 1.07 1.09 
1.06 1.09 1.07 1.07 1.05 1.07 1.06 1.05 1.07 1.08 1.08 1.06 1.05 1.08 1.09 1.05 1.06 1.06 1.08 1.05 
1.09 1.05 1.07 1.09 1.07 1.06 1.06 1.08 1.06 1.09 1.07 1.09 1.09 1.05 1.08 1.06 1.06 1.06 1.08 1.07 
1.09 1.08 1.05 1.06 1.05 1.08 1.06 1.09 1.06 1.06 1.09 1.08 1.06 1.08 1.06 1.07 1.08 1.07 1.08 1.07 
1.08 1.05 1.05 1.07 1.06 1.08 1.05 1.09 1.06 1.07 1.08 1.05 1.08 1.07 1.05 1.05 1.08 1.06 1.09 1.09 
1.06 1.07 1.06 1.06 1.08 1.06 1.08 1.07 1.06 1.06 1.07 1.05 1.08 1.09 1.06 1.05 1.07 1.09 1.07 1.05 
1.09 1.07 1.08 1.05 1.09 1.05 1.08 1.09 1.08 1.09 1.09 1.09 1.06 1.07 1.05 1.08 1.08 1.07 1.07 1.08 
1.05 1.05 1.06 1.06 1.09 1.07 1.07 1.06 1.09 1.05 1.06 1.08 1.05 1.06 1.08 1.05 1.05 1.06 1.06 1.07 
1.08 1.09 1.09 1.07 1.09 1.06 1.05 1.07 1.08 1.08 1.07 1.06 1.06 1.07 1.08 1.05 1.09 1.07 1.05 1.07 
1.07 1.07 1.09 1.08 1.07 1.09 1.07 1.07 1.08 1.08 1.07 1.06 1.09 1.09 1.07 1.08 1.06 1.08 1.09 1.05 
1.05 1.08 1.07 1.06 1.08 1.05 1.07 1.09 1.05 1.09 1.05 1.05 1.08 1.06 1.07 1.08 1.08 1.08 1.06 1.05 
1.05 1.09 1.07 1.08 1.05 1.06 1.08 1.09 1.05 1.05 1.05 1.07 1.09 1.08 1.09 1.06 1.07 1.05 1.07 1.08 
1.08 1.06 1.08 1.06 1.07 1.08 1.08 1.09 1.08 1.09 1.06 1.05 1.05 1.06 1.06 1.05 1.08 1.07 1.06 1.09 
1.07 1.05 1.09 1.08 1.06 1.07 1.05 1.09 1.09 1.05 1.08 1.07 1.08 1.05 1.09 1.09 1.09 1.06 1.09 1.07 
1.08 1.07 1.09 1.08 1.06 1.06 1.09 1.06 1.07 1.07 1.09 1.05 1.07 1.06 1.06 1.08 1.07 1.07 1.07 1.05 
1.07 1.05 1.09 1.06 1.07 1.09 1.08 1.06 1.05 1.09 1.07 1.05 1.07 1.07 1.07 1.09 1.09 1.09 1.08 1.06 
1.09 1.08 1.05 1.07 1.08 1.07 1.05 1.07 1.07 1.06 1.07 1.08 1.09 1.08 1.05 1.08 1.05 1.09 1.06 1.07 
1.07 1.05 1.09 1.09 1.07 1.06 1.05 1.05 1.09 1.06 1.05 1.09 1.08 1.06 1.07 1.05 1.07 1.09 1.09 1.06 
1.08 1.05 1.07 1.06 1.08 1.05 1.06 1.06 1.08 1.07 1.06 1.05 1.05 1.08 1.05 1.05 1.09 1.07 1.06 1.07 
1.05 1.09 1.07 1.06 1.08 1.08 1.07 1.09 1.09 1.06 1.08 1.06 1.09 1.08 1.06 1.06 1.08 1.09 1.08 1.09 
1.05 1.09 1.09 1.05 1.07 1.06 1.08 1.08 1.05 1.07 1.08 1.09 1.08 1.05 1.05 1.06 1.07 1.08 1.08 1.05 
1.05 1.07 1.08 1.05 1.07 1.09 1.07 1.06 1.06 1.07 1.05 1.09 1.07 1.05 1.06 1.09 1.06 1.07 1.05 1.05 
1.05 1.05 1.08 1.08 1.07 1.07 1.09 1.05 1.08 1.09 1.05 1.08 1.07 1.08 1.05 1.06 1.07 1.07 1.08 1.05 
1.07 1.08 1.06 1.07 1.09 1.07 1.09 1.05 1.07 1.08 1.06 1.09 1.05 1.09 1.08 1.09 1.08 1.09 1.07 1.07 
1.06 1.08 1.09 1.09 1.07 1.05 1.07 1.09 1.05 1.05 1.07 1.07 1.07 1.09 1.06 1.05 1.08 1.05 1.08 1.08 
1.06 1.08 1.06 1.08 1.09 1.09 1.08 1.05 1.09 1.06 1.06 1.06 1.08 1.09 1.06 1.05 1.08 1.09 1.09 1.09 
1.05 1.05 1.09 1.06 1.09 1.08 1.07 1.06 1.06 1.07 1.06 1.08 1.09 1.06 1.09 1.07 1.05 1.06 1.09 1.09 
1.07 1.06 1.05 1.05 1.05 1.07 1.09 1.06 1.06 1.08 1.09 1.09 1.06 1.07 1.08 1.05 1.09 1.08 1.05 1.07 
1.07 1.05 1.07 1.09 1.06 1.05 1.05 1.06 1.05 1.08 1.09 1.06 1.08 1.09 1.08 1.08 1.08 1.07 1.05 1.05 
1.09 1.06 1.08 1.09 1.09 1.07 1.06 1.09 1.05 1.07 1.08 1.06 1.07 1.08 1.07 1.05 1.08 1.06 1.06 1.06 
1.08 1.08 1.07 1.07 1.08 1.09 1.09 1.09 1.07 1.09 1.06 1.05 1.05 1.07 1.09 1.09 1.09 1.09 1.05 1.06 
1.08 1.06 1.08 1.08 1.05 1.07 1.09 1.06 1.06 1.06 1.08 1.09 1.07 1.05 1.08 1.07 1.07 1.05 1.05 1.05 
1.06 1.05 1.08 1.05 1.07 1.06 1.09 1.09 1.07 1.09 1.07 1.08 1.06 1.09 1.07 1.08 1.07 1.07 1.08 1.09 
1.06 1.08 1.09 1.05 1.07 1.08 1.05 1.06 1.06 1.08 1.07 1.08 1.06 1.06 1.08 1.08 1.07 1.09 1.05 1.08 
1.05 1.07 1.05 1.05 1.06 1.07 1.08 1.09 1.07 1.05 1.05 1.08 1.07 1.08 1.07 1.09 1.05 1.09 1.09 1.06 
1.07 1.09 1.06 1.07 1.08 1.05 1.08 1.09 1.07 1.07 1.08 1.09 1.06 1.09 1.09 1.06 1.08 1.07 1.08 1.05 
1.09 1.07 1.08 1.06 1.08 1.07 1.05 1.07 1.07 1.09 1.09 1.05 1.06 1.06 1.07 1.09 1.07 1.06 1.08 1.06 
1.09 1.05 1.09 1.07 1.09 1.06 1.08 1.08 1.06 1.06 1.06 1.08 1.07 1.07 1.07 1.07 1.07 1.08 1.06 1.06 
1.06 1.08 1.09 1.06 1.06 1.06 1.06 1.09 1.09 1.07 1.09 1.06 1.05 1.08 1.06 1.08 1.07 1.07 1.07 1.09 
1.08 1.08 1.08 1.07 1.08 1.07 1.09 1.08 1.07 1.07 1.05 1.09 1.08 1.06 1.08 1.08 1.07 1.06 1.08 1.07 
1.06 1.05 1.05 1.07 1.09 1.05 1.06 1.05 1.08 1.05 1.09 1.06 1.07 1.08 1.07 1.07 1.07 1.06 1.08 1.06 
1.05 1.05 1.06 1.07 1.05 1.05 1.05 1.05 1.05 1.06 1.06 1.06 1.06 1.07 1.07 1.09 1.05 1.06 1.06 1.07 
1.07 1.06 1.08 1.08 1.08 1.06 1.07 1.06 1.06 1.07 1.05 1.07 1.07 1.09 1.05 1.05 1.09 1.08 1.07 1.08 
1.09 1.07 1.07 1.06 1.05 1.05 1.07 1.05 1.06 1.09 1.06 1.08 1.06 1.06 1.07 1.08 1.07 1.07 1.06 1.08 
1.07 1.08 1.06 1.05 1.08 1.07 1.07 1.05 1.08 1.08 1.05 1.06 1.06 1.09 1.05 1.07 1.08 1.08 1.06 1.09 
1.09 1.07 1.08 1.08 1.05 1.08 1.06 1.08 1.08 1.06 1.09 1.08 1.09 1.06 1.09 1.09 1.08 1.05 1.08 1.09 
1.08 1.07 1.07 1.08 1.06 1.05 1.06 1.05 1.08 1.08 1.07 1.06 1.06 1.05 1.08 1.07 1.06 1.07 1.05 1.08 
1.09 1.09 1.08 1.06 1.05 1.05 1.08 1.08 1.05 1.07 1.09 1.07 1.09 1.07 1.06 1.07 1.09 1.09 1.06 1.05 
1.06 1.05 1.05 1.06 1.05 1.08 1.06 1.06 1.07 1.08 1.05 1.06 1.06 1.09 1.06 1.07 1.08 1.06 1.07 1.08 
1.05 1.06 1.05 1.09 1.08 1.08 1.05 1.08 1.05 1.05 1.07 1.06 1.06 1.06 1.08 1.09 1.07 1.07 1.08 1.08 
1.08 1.08 1.07 1.05 1.09 1.09 1.08 1.09 1.05 1.05 1.07 1.08 1.08 1.07 1.09 1.06 1.05 1.07 1.07 1.07 
1.07 1.06 1.09 1.05 1.06 1.05 1.08 1.06 1.06 1.09 1.08 1.06 1.06 1.09 1.07 1.07 1.05 1.06 1.08 1.07 
1.09 1.07 1.06 1.09 1.05 1.09 1.05 1.05 1.07 1.09 1.08 1.09 1.07 1.09 1.06 1.09 1.05 1.08 1.09 1.06 
1.09 1.07 1.08 1.07 1.09 1.06 1.08 1.07 1.07 1.05 1.05 1.06 1.08 1.05 1.05 1.07 1.07 1.06 1.05 1.09 
1.07 1.09 1.05 1.08 1.08 1.09 1.06 1.09 1.05 1.08 1.07 1.06 1.09 1.08 1.05 1.08 1.06 1.05 1.07 1.07 
1.09 1.06 1.09 1.09 1.07 1.09 1.06 1.09 1.07 1.05 1.07 1.05 1.07 1.05 1.08 1.07 1.05 1.06 1.09 1.05 
1.05 1.07 1.08 1.05 1.09 1.07 1.08 1.08 1.07 1.05 1.06 1.09 1.08 1.08 1.05 1.06 1.08 1.06 1.07 1.09 
1.08 1.07 1.08 1.05 1.08 1.08 1.05 1.05 1.07 1.05 1.05 1.07 1.09 1.06 1.07 1.05 1.06 1.06 1.09 1.07 
1.06 1.07 1.09 1.08 1.06 1.09 1.06 1.05 1.06 1.05 1.05 1.05 1.06 1.09 1.05 1.07 1.08 1.07 1.08 1.07 
1.06 1.05 1.08 1.09 1.08 1.06 1.06 1.06 1.08 1.07 1.05 1.05 1.08 1.09 1.07 1.06 1.08 1.09 1.05 1.08 
1.08 1.05 1.08 1.05 1.07 1.06 1.08 1.07 1.07 1.09 1.06 1.05 1.08 1.09 1.07 1.09 1.06 1.05 1.06 1.09 
1.09 1.07 1.09 1.08 1.09 1.08 1.07 1.05 1.06 1.05 1.09 1.08 1.09 1.05 1.06 1.07 1.07 1.05 1.07 1.05 
1.06 1.08 1.08 1.06 1.07 1.08 1.05 1.07 1.06 1.05 1.08 1.05 1.07 1.05 1.07 1.05 1.05 1.08 1.09 1.05 
1.05 1.05 1.05 1.05 1.09 1.09 1.09 1.07 1.06 1.09 1.08 1.07 1.08 1.06 1.05 1.05 1.05 1.06 1.09 1.07 
1.05 1.09 1.09 1.06 1.05 1.07 1.06 1.08 1.06 1.06 1.06 1.05 1.05 1.09 1.09 1.08 1.06 1.06 1.07 1.08 
1.07 1.08 1.08 1.07 1.08 1.07 1.08 1.05 1.09 1.06 1.07 1.05 1.05 1.08 1.05 1.09 1.08 1.06 1.05 1.06 
1.08 1.07 1.08 1.07 1.09 1.05 1.07 1.07 1.06 1.09 1.08 1.09 1.09 1.07 1.09 1.07 1.08 1.07 1.07 1.08 
1.05 1.06 1.06 1.08 1.06 1.05 1.09 1.09 1.05 1.06 1.09 1.06 1.06 1.05 1.07 1.07 1.09 1.09 1.05 1.07 
1.09 1.07 1.07 1.08 1.05 1.07 1.05 1.09 1.05 1.07 1.08 1.05 1.06 1.05 1.07 1.06 1.09 1.05 1.06 1.06 
1.06 1.05 1.06 1.07 1.07 1.06 1.09 1.05 1.08 1.05 1.08 1.05 1.06 1.06 1.06 1.07 1.07 1.09 1.07 1.06 
1.06 1.05 1.05 1.07 1.09 1.05 1.06 1.07 1.07 1.07 1.05 1.07 1.08 1.08 1.06 1.09 1.08 1.07 1.06 1.05 
1.06 1.05 1.08 1.06 1.07 1.08 1.08 1.06 1.07 1.06 1.07 1.08 1.06 1.08 1.07 1.08 1.06 1.06 1.05 1.07 
1.08 1.05 1.06 1.08 1.09 1.06 1.09 1.06 1.09 1.09 1.08 1.07 1.07 1.07 1.05 1.05 1.05 1.05 1.09 1.09 
1.07 1.07 1.06 1.05 1.08 1.09 1.05 1.09 1.05 1.06 1.07 1.06 1.09 1.07 1.07 1.05 1.08 1.05 1.05 1.05 
1.07 1.05 1.06 1.09 1.08 1.06 1.09 1.08 1.06 1.09 1.05 1.07 1.08 1.08 1.07 1.09 1.09 1.06 1.05 1.07 
1.08 1.07 1.05 1.08 1.09 1.07 1.08 1.09 1.05 1.08 1.08 1.08 1.08 1.09 1.09 1.09 1.05 1.07 1.07 1.06 
1.05 1.07 1.09 1.08 1.05 1.06 1.06 1.09 1.07 1.08 1.09 1.08 1.06 1.09 1.09 1.09 1.08 1.07 1.05 1.08 
1.05 1.06 1.09 1.07 1.06 1.08 1.09 1.07 1.08 1.08 1.08 1.08 1.06 1.09 1.09 1.05 1.07 1.05 1.05 1.05 
1.08 1.05 1.07 1.05 1.06 1.05 1.05 1.08 1.08 1.05 1.06 1.09 1.05 1.09 1.08 1.08 1.07 1.05 1.08 1.07 
1.09 1.05 1.08 1.06 1.07 1.09 1.05 1.05 1.09 1.05 1.08 1.06 1.08 1.08 1.05 1.06 1.06 1.09 1.08 1.09 
1.06 1.07 1.08 1.05 1.08 1.05 1.07 1.08 1.06 1.05 1.05 1.05 1.06 1.06 1.06 1.06 1.09 1.08 1.08 1.06 
1.05 1.05 1.05 1.06 1.09 1.06 1.09 1.08 1.05 1.09 1.06 1.09 1.05 1.05 1.08 1.07 1.07 1.05 1.07 1.08 
1.09 1.07 1.09 1.07 1.07 1.07 1.07 1.09 1.06 1.07 1.07 1.09 1.05 1.09 1.07 1.05 1.05 1.07 1.08 1.08 
1.06 1.09 1.06 1.05 1.07 1.07 1.05 1.09 1.07 1.05 1.05 1.09 1.07 1.05 1.05 1.06 1.05 1.08 1.06 1.05 
1.07 1.08 1.08 1.07 1.08 1.09 1.07 1.05 1.05 1.05 1.09 1.06 1.05 1.06 1.05 1.07 1.09 1.07 1.05 1.08 
1.07 1.05 1.08 1.08 1.09 1.05 1.06 1.09 1.09 1.06 1.06 1.08 1.05 1.08 1.08 1.06 1.08 1.07 1.06 1.06 
1.08 1.08 1.07 1.09 1.07 1.05 1.07 1.08 1.06 1.05 1.05 1.08 1.07 1.06 1.07 1.08 1.06 1.08 1.08 1.07 
1.05 1.06 1.08 1.06 1.05 1.07 1.05 1.09 1.06 1.05 1.08 1.09 1.09 1.07 1.08 1.06 1.07 1.05 1.08 1.06 
1.08 1.06 1.07 1.06 1.06 1.07 1.08 1.08 1.08 1.06 1.08 1.07 1.08 1.05 1.05 1.08 1.08 1.07 1.09 1.09 
1.07 1.05 1.08 1.09 1.07 1.08 1.07 1.08 1.09 1.07 1.08 1.08 1.06 1.05 1.05 1.05 1.09 1.09 1.06 1.05 
1.05 1.07 1.09 1.09 1.09 1.05 1.07 1.09 1.08 1.05 1.08 1.09 1.08 1.09 1.09 1.06 1.05 1.08 1.05 1.09 
1.05 1.08 1.09 1.07 1.05 1.09 1.08 1.08 1.07 1.06 1.07 1.08 1.08 1.08 1.07 1.06 1.05 1.06 1.05 1.09 
1.09 1.08 1.07 1.06 1.05 1.05 1.09 1.06 1.07 1.05 1.05 1.08 1.05 1.07 1.06 1.06 1.08 1.09 1.08 1.08 
1.05 1.08 1.08 1.05 1.09 1.06 1.09 1.09 1.07 1.07 1.08 1.08 1.09 1.06 1.07 1.05 1.06 1.07 1.06 1.09 
1.05 1.06 1.07 1.09 1.07 1.07 1.09 1.05 1.06 1.08 1.06 1.06 1.06 1.07 1.07 1.08 1.08 1.06 1.05 1.07 
1.07 1.06 1.05 1.05 1.06 1.06 1.06 1.05 1.07 1.08 1.07 1.05 1.08 1.05 1.07 1.07 1.05 1.09 1.09 1.06 
1.09 1.09 1.06 1.07 1.06 1.07 1.08 1.07 1.05 1.06 1.06 1.09 1.06 1.05 1.07 1.07 1.05 1.08 1.06 1.08 
1.08 1.06 1.06 1.05 1.06 1.08 1.08 1.05 1.08 1.06 1.05 1.08 1.08 1.07 1.05 1.08 1.06 1.09 1.07 1.09 
1.08 1.09 1.09 1.07 1.08 1.08 1.09 1.07 1.07 1.05 1.06 1.06 1.05 1.07 1.09 1.05 1.08 1.06 1.06 1.07 
1.06 1.08 1.06 1.06 1.08 1.09 1.05 1.09 1.05 1.07 1.05 1.08 1.06 1.08 1.07 1.05 1.09 1.07 1.05 1.06 
1.05 1.08 1.07 1.09 1.08 1.09 1.09 1.07 1.06 1.08 1.08 1.07 1.09 1.07 1.05 1.09 1.05 1.05 1.09 1.06 
1.05 1.09 1.09 1.07 1.05 1.07 1.07 1.07 1.06 1.08 1.06 1.06 1.08 1.09 1.08 1.08 1.05 1.06 1.08 1.07 
1.08 1.05 1.09 1.05 1.09 1.07 1.06 1.09 1.08 1.05 1.07 1.07 1.09 1.05 1.09 1.09 1.06 1.07 1.05 1.05 
1.08 1.08 1.07 1.09 1.06 1.05 1.06 1.07 1.07 1.07 1.06 1.07 1.09 1.05 1.08 1.09 1.09 1.07 1.08 1.05 
1.08 1.09 1.07 1.05 1.08 1.09 1.07 1.08 1.05 1.06 1.08 1.08 1.06 1.09 1.08 1.09 1.06 1.08 1.08 1.07 
1.05 1.08 1.09 1.08 1.09 1.09 1.09 1.05 1.06 1.08 1.09 1.07 1.08 1.07 1.05 1.06 1.06 1.05 1.09 1.06 
1.08 1.05 1.08 1.07 1.08 1.09 1.06 1.08 1.05 1.08 1.09 1.07 1.07 1.09 1.08 1.07 1.06 1.05 1.07 1.07 
1.08 1.07 1.08 1.05 1.09 1.09 1.06 1.05 1.07 1.09 1.08 1.06 1.09 1.08 1.08 1.08 1.05 1.08 1.05 1.06 
1.06 1.07 1.09 1.05 1.09 1.06 1.05 1.07 1.07 1.09 1.09 1.07 1.08 1.07 1.07 1.06 1.09 1.05 1.08 1.05 
1.08 1.08 1.07 1.06 1.05 1.08 1.07 1.09 1.08 1.05 1.08 1.06 1.09 1.09 1.09 1.06 1.06 1.08 1.05 1.08 
1.05 1.09 1.06 1.05 1.09 1.06 1.08 1.05 1.05 1.09 1.08 1.09 1.09 1.08 1.09 1.07 1.07 1.06 1.07 1.07 
1.06 1.07 1.08 1.06 1.09 1.08 1.05 1.08 1.06 1.07 1.09 1.07 1.08 1.09 1.05 1.08 1.06 1.05 1.07 1.07 
1.08 1.07 1.07 1.07 1.06 1.08 1.09 1.05 1.05 1.07 1.08 1.06 1.07 1.05 1.08 1.07 1.09 1.06 1.05 1.07 
1.08 1.08 1.06 1.05 1.09 1.09 1.07 1.06 1.07 1.07 1.05 1.08 1.06 1.05 1.06 1.06 1.07 1.06 1.06 1.06 
1.05 1.05 1.08 1.06 1.08 1.05 1.06 1.06 1.06 1.06 1.05 1.09 1.07 1.08 1.06 1.05 1.09 1.05 1.05 1.08 
1.05 1.09 1.06 1.07 1.06 1.05 1.05 1.09 1.08 1.07 1.09 1.05 1.07 1.09 1.06 1.07 1.08 1.09 1.05 1.05 
1.08 1.06 1.08 1.05 1.06 1.09 1.07 1.06 1.06 1.08 1.08 1.08 1.06 1.07 1.05 1.06 1.07 1.05 1.09 1.06 
1.06 1.06 1.08 1.09 1.07 1.07 1.07 1.07 1.05 1.08 1.06 1.09 1.06 1.07 1.07 1.07 1.09 1.08 1.08 1.08 
1.07 1.08 1.05 1.06 1.05 1.09 1.09 1.09 1.05 1.07 1.07 1.06 1.05 1.08 1.09 1.06 1.05 1.05 1.06 1.08 
1.06 1.05 1.06 1.08 1.08 1.07 1.09 1.05 1.08 1.09 1.08 1.07 1.06 1.07 1.05 1.07 1.09 1.06 1.08 1.08 
