20
400
79 6 40 74 13 88 12 52 29 21 96 16 67 7 97 62 12 3 64 35 99 97 96 50 46 6 81 85 5 88 63 48 23 16 89 93 97 45 50 36 95 43 56 17 15 18 7 12 85 36 8 40 25 68 59 68 63 8 57 26 56 42 90 88 15 18 50 59 19 55 14 86 44 67 14 68 68 64 88 90 31 81 75 91 21 32 6 68 99 41 31 49 100 30 31 81 54 76 14 83 83 99 22 97 53 94 97 42 6 37 24 98 63 98 87 77 27 85 9 21 59 75 74 63 5 45 76 24 33 39 34 11 74 87 68 86 57 2 59 50 83 93 35 67 88 23 50 36 68 55 14 59 9 67 47 16 81 76 79 75 38 1 74 31 51 64 46 97 88 56 98 13 33 56 12 15 71 80 93 76 43 34 32 35 47 22 27 63 86 77 65 82 84 79 58 4 18 71 17 28 7 1 3 91 3 46 85 19 11 38 95 13 61 82 78 29 29 58 79 37 88 38 65 85 83 97 58 2 28 51 52 70 69 99 18 47 49 83 80 78 64 15 26 1 45 55 37 8 41 81 54 73 65 10 9 43 4 36 1 68 40 75 85 69 54 92 66 93 8 55 34 16 14 80 4 7 63 77 65 65 97 38 59 84 43 80 67 76 82 18 36 83 94 85 58 66 43 75 1 42 23 46 82 83 78 18 39 33 27 36 21 84 4 64 49 21 90 98 44 29 77 20 96 42 75 20 80 20 39 20 85 50 91 73 66 16 63 59 88 92 94 89 99 72 67 77 69 9 20 15 80 70 46 67 98 74 46 48 99 84 10 50 75 80 42 86 60 14 5 89 66 3 31 54 29 93 81 72 83 84 91 47 87 22 40 30 85 54 47 73 95 69 85 7 11 69 94 67 78 27 
3 3 1 1 1 3 3 3 1 3 1 3 3 1 3 3 2 2 2 1 
1.06 1.05 1.03 1.02 1.06 1.04 1.05 1.02 1.05 1.06 1.06 1.03 1.01 1.04 1.03 1.01 1.02 1.04 1.04 1.05 
1.03 1.04 1.01 1.03 1.06 1.06 1.05 1.03 1.04 1.01 1.06 1.01 1.02 1.04 1.03 1.06 1.04 1.05 1.02 1.06 
1.05 1.03 1.06 1.01 1.02 1.06 1.06 1.06 1.04 1.05 1.01 1.05 1.02 1.03 1.06 1.01 1.01 1.01 1.04 1.02 
1.06 1.06 1.02 1.05 1.04 1.04 1.03 1.04 1.02 1.04 1.03 1.03 1.04 1.04 1.06 1.05 1.03 1.04 1.06 1.03 
1.02 1.04 1.01 1.03 1.04 1.04 1.03 1.04 1.01 1.05 1.06 1.02 1.05 1.03 1.04 1.06 1.03 1.05 1.06 1.02 
1.04 1.01 1.03 1.04 1.04 1.05 1.02 1.06 1.06 1.02 1.04 1.05 1.01 1.03 1.03 1.02 1.04 1.03 1.04 1.05 
1.06 1.06 1.05 1.02 1.02 1.02 1.02 1.03 1.03 1.03 1.06 1.01 1.03 1.06 1.06 1.02 1.01 1.03 1.02 1.05 
1.06 1.04 1.05 1.05 1.04 1.05 1.06 1.03 1.02 1.06 1.01 1.05 1.05 1.05 1.01 1.02 1.01 1.03 1.01 1.05 
1.04 1.06 1.06 1.02 1.05 1.06 1.06 1.04 1.05 1.02 1.06 1.01 1.02 1.06 1.05 1.01 1.01 1.04 1.02 1.06 
1.03 1.06 1.04 1.05 1.02 1.06 1.03 1.05 1.01 1.02 1.03 1.01 1.04 1.01 1.06 1.04 1.03 1.05 1.05 1.03 
1.03 1.03 1.05 1.01 1.05 1.04 1.02 1.02 1.06 1.05 1.05 1.02 1.01 1.05 1.02 1.06 1.01 1.03 1.05 1.04 
1.01 1.01 1.02 1.04 1.02 1.04 1.04 1.04 1.06 1.04 1.05 1.06 1.02 1.02 1.04 1.03 1.01 1.02 1.06 1.02 
1.04 1.02 1.05 1.03 1.05 1.06 1.03 1.04 1.01 1.04 1.05 1.04 1.01 1.04 1.01 1.02 1.04 1.05 1.03 1.05 
1.01 1.06 1.03 1.02 1.01 1.04 1.01 1.04 1.04 1.06 1.02 1.03 1.06 1.04 1.01 1.04 1.02 1.04 1.03 1.06 
1.05 1.01 1.04 1.02 1.02 1.01 1.04 1.06 1.02 1.04 1.01 1.04 1.04 1.01 1.06 1.04 1.04 1.05 1.02 1.04 
1.05 1.02 1.01 1.01 1.05 1.03 1.02 1.03 1.04 1.01 1.03 1.03 1.01 1.04 1.05 1.03 1.02 1.04 1.06 1.04 
1.02 1.03 1.01 1.05 1.03 1.01 1.03 1.03 1.03 1.02 1.04 1.01 1.05 1.03 1.03 1.02 1.02 1.04 1.03 1.01 
1.02 1.03 1.04 1.06 1.02 1.03 1.02 1.02 1.04 1.02 1.03 1.06 1.05 1.05 1.01 1.05 1.01 1.04 1.05 1.03 
1.01 1.05 1.03 1.04 1.02 1.05 1.02 1.05 1.03 1.03 1.01 1.05 1.01 1.01 1.02 1.02 1.05 1.06 1.05 1.06 
1.03 1.01 1.01 1.05 1.05 1.03 1.01 1.06 1.03 1.06 1.04 1.05 1.05 1.01 1.01 1.02 1.03 1.05 1.04 1.06 
1.06 1.03 1.05 1.01 1.03 1.04 1.03 1.01 1.06 1.01 1.01 1.04 1.01 1.05 1.05 1.06 1.06 1.01 1.02 1.05 
1.02 1.02 1.06 1.04 1.06 1.04 1.05 1.04 1.05 1.02 1.02 1.03 1.06 1.02 1.04 1.02 1.05 1.06 1.01 1.06 
1.05 1.01 1.02 1.04 1.03 1.02 1.01 1.03 1.04 1.02 1.06 1.02 1.04 1.02 1.03 1.03 1.02 1.01 1.03 1.01 
1.06 1.02 1.05 1.02 1.06 1.05 1.03 1.04 1.02 1.04 1.01 1.05 1.01 1.02 1.02 1.05 1.04 1.04 1.01 1.06 
1.06 1.04 1.03 1.03 1.04 1.06 1.02 1.05 1.01 1.06 1.03 1.05 1.03 1.05 1.06 1.04 1.04 1.04 1.03 1.06 
1.02 1.06 1.06 1.05 1.05 1.06 1.05 1.06 1.02 1.01 1.06 1.04 1.05 1.03 1.02 1.04 1.05 1.06 1.02 1.01 
1.01 1.01 1.04 1.04 1.03 1.02 1.04 1.04 1.03 1.03 1.04 1.04 1.05 1.06 1.05 1.04 1.02 1.03 1.02 1.04 
1.02 1.01 1.05 1.04 1.04 1.01 1.01 1.06 1.01 1.04 1.03 1.06 1.04 1.04 1.02 1.03 1.02 1.01 1.02 1.01 
1.04 1.04 1.04 1.01 1.04 1.04 1.03 1.05 1.05 1.01 1.04 1.02 1.05 1.03 1.03 1.02 1.01 1.04 1.02 1.01 
1.02 1.02 1.01 1.04 1.04 1.05 1.06 1.06 1.05 1.05 1.05 1.02 1.03 1.05 1.04 1.06 1.02 1.04 1.06 1.03 
1.04 1.06 1.01 1.06 1.05 1.03 1.05 1.05 1.06 1.02 1.06 1.03 1.03 1.02 1.05 1.02 1.02 1.01 1.06 1.02 
1.01 1.04 1.02 1.05 1.01 1.01 1.06 1.02 1.06 1.06 1.06 1.05 1.01 1.03 1.01 1.01 1.05 1.05 1.04 1.06 
1.02 1.01 1.01 1.04 1.05 1.06 1.03 1.06 1.01 1.01 1.06 1.04 1.04 1.05 1.04 1.06 1.03 1.05 1.02 1.06 
1.06 1.06 1.05 1.06 1.03 1.04 1.02 1.01 1.01 1.03 1.05 1.04 1.02 1.06 1.02 1.03 1.01 1.04 1.03 1.04 
1.04 1.03 1.03 1.01 1.02 1.04 1.05 1.02 1.01 1.01 1.01 1.02 1.01 1.01 1.03 1.02 1.01 1.02 1.05 1.01 
1.02 1.05 1.05 1.06 1.02 1.05 1.03 1.05 1.01 1.04 1.05 1.05 1.03 1.02 1.05 1.06 1.04 1.05 1.03 1.05 
1.05 1.06 1.01 1.05 1.06 1.03 1.05 1.04 1.01 1.04 1.01 1.03 1.03 1.01 1.05 1.02 1.05 1.06 1.04 1.05 
1.01 1.01 1.06 1.06 1.01 1.02 1.02 1.01 1.05 1.02 1.06 1.04 1.02 1.04 1.01 1.01 1.01 1.03 1.04 1.06 
1.02 1.06 1.06 1.04 1.04 1.03 1.01 1.04 1.04 1.05 1.04 1.06 1.03 1.03 1.05 1.01 1.01 1.05 1.01 1.01 
1.02 1.02 1.01 1.02 1.03 1.01 1.03 1.02 1.05 1.02 1.03 1.01 1.03 1.04 1.02 1.01 1.04 1.01 1.01 1.05 
1.05 1.02 1.05 1.04 1.05 1.02 1.04 1.06 1.03 1.05 1.05 1.06 1.05 1.01 1.05 1.02 1.01 1.01 1.03 1.01 
1.06 1.02 1.04 1.03 1.02 1.04 1.05 1.05 1.01 1.04 1.05 1.03 1.03 1.05 1.03 1.01 1.05 1.04 1.05 1.06 
1.03 1.02 1.05 1.05 1.04 1.02 1.06 1.03 1.01 1.04 1.06 1.03 1.03 1.05 1.03 1.04 1.02 1.06 1.05 1.01 
1.02 1.02 1.02 1.03 1.03 1.02 1.05 1.06 1.01 1.01 1.06 1.01 1.02 1.04 1.04 1.04 1.05 1.06 1.02 1.01 
1.03 1.05 1.06 1.05 1.05 1.05 1.05 1.02 1.06 1.01 1.01 1.05 1.06 1.04 1.01 1.04 1.03 1.04 1.02 1.01 
1.03 1.02 1.04 1.02 1.01 1.06 1.03 1.04 1.01 1.05 1.03 1.05 1.05 1.04 1.01 1.06 1.02 1.06 1.04 1.06 
1.04 1.02 1.04 1.02 1.01 1.01 1.05 1.03 1.06 1.04 1.06 1.03 1.05 1.04 1.04 1.05 1.06 1.02 1.05 1.04 
1.06 1.01 1.06 1.05 1.02 1.04 1.04 1.04 1.02 1.03 1.02 1.02 1.01 1.03 1.02 1.04 1.02 1.01 1.01 1.05 
1.05 1.02 1.05 1.05 1.02 1.05 1.03 1.06 1.06 1.03 1.01 1.04 1.02 1.02 1.06 1.01 1.01 1.02 1.03 1.01 
1.02 1.06 1.04 1.02 1.04 1.05 1.03 1.03 1.02 1.06 1.06 1.03 1.06 1.01 1.05 1.04 1.03 1.04 1.02 1.05 
1.04 1.02 1.06 1.01 1.03 1.06 1.04 1.02 1.04 1.02 1.06 1.04 1.01 1.05 1.02 1.01 1.03 1.02 1.02 1.06 
1.05 1.01 1.01 1.06 1.03 1.05 1.04 1.03 1.05 1.05 1.04 1.04 1.06 1.01 1.02 1.03 1.06 1.05 1.03 1.01 
1.04 1.02 1.02 1.03 1.06 1.02 1.05 1.03 1.02 1.02 1.03 1.04 1.02 1.03 1.05 1.02 1.05 1.02 1.05 1.01 
1.02 1.02 1.06 1.06 1.05 1.04 1.01 1.05 1.05 1.05 1.06 1.03 1.06 1.06 1.04 1.01 1.04 1.03 1.05 1.03 
1.04 1.01 1.04 1.03 1.06 1.04 1.03 1.06 1.01 1.02 1.01 1.03 1.02 1.01 1.03 1.02 1.02 1.01 1.03 1.01 
1.06 1.03 1.06 1.01 1.02 1.02 1.04 1.03 1.03 1.02 1.02 1.02 1.04 1.05 1.02 1.03 1.01 1.05 1.05 1.03 
1.04 1.04 1.04 1.05 1.04 1.06 1.04 1.05 1.05 1.06 1.05 1.06 1.01 1.05 1.04 1.05 1.03 1.03 1.06 1.02 
1.05 1.01 1.01 1.03 1.03 1.05 1.03 1.01 1.05 1.06 1.05 1.06 1.03 1.06 1.06 1.02 1.05 1.03 1.01 1.05 
1.01 1.04 1.04 1.05 1.03 1.05 1.05 1.01 1.02 1.02 1.04 1.01 1.01 1.06 1.02 1.03 1.03 1.03 1.03 1.01 
1.01 1.01 1.02 1.06 1.04 1.05 1.06 1.05 1.06 1.05 1.04 1.05 1.05 1.01 1.06 1.05 1.05 1.03 1.06 1.02 
1.05 1.03 1.06 1.02 1.04 1.01 1.02 1.02 1.06 1.04 1.05 1.06 1.06 1.02 1.06 1.04 1.05 1.03 1.04 1.01 
1.06 1.04 1.06 1.02 1.01 1.02 1.03 1.05 1.06 1.03 1.06 1.06 1.05 1.05 1.06 1.04 1.05 1.01 1.03 1.03 
1.02 1.01 1.04 1.02 1.05 1.01 1.03 1.05 1.01 1.03 1.02 1.03 1.01 1.03 1.01 1.01 1.06 1.01 1.01 1.04 
1.02 1.03 1.06 1.02 1.06 1.02 1.02 1.05 1.02 1.02 1.03 1.03 1.03 1.02 1.04 1.01 1.01 1.06 1.04 1.05 
1.03 1.05 1.01 1.02 1.01 1.01 1.03 1.01 1.02 1.01 1.05 1.03 1.01 1.01 1.06 1.01 1.05 1.04 1.06 1.05 
1.05 1.06 1.05 1.01 1.03 1.03 1.03 1.06 1.02 1.01 1.05 1.01 1.03 1.05 1.01 1.05 1.03 1.04 1.03 1.06 
1.05 1.03 1.01 1.02 1.06 1.04 1.04 1.06 1.05 1.03 1.06 1.05 1.02 1.01 1.05 1.03 1.02 1.04 1.03 1.06 
1.06 1.01 1.03 1.01 1.06 1.04 1.02 1.02 1.06 1.04 1.01 1.01 1.03 1.01 1.03 1.02 1.02 1.02 1.05 1.06 
1.02 1.05 1.02 1.02 1.05 1.01 1.05 1.01 1.02 1.05 1.04 1.03 1.06 1.04 1.04 1.03 1.03 1.05 1.05 1.02 
1.06 1.05 1.02 1.02 1.03 1.02 1.04 1.02 1.05 1.06 1.02 1.01 1.01 1.06 1.01 1.05 1.04 1.06 1.04 1.05 
1.03 1.05 1.03 1.03 1.01 1.05 1.02 1.02 1.02 1.06 1.05 1.05 1.05 1.05 1.06 1.04 1.01 1.06 1.04 1.03 
1.04 1.05 1.04 1.06 1.02 1.05 1.04 1.03 1.05 1.06 1.04 1.03 1.06 1.01 1.01 1.01 1.05 1.03 1.04 1.03 
1.05 1.06 1.01 1.03 1.04 1.01 1.03 1.01 1.01 1.01 1.06 1.06 1.02 1.05 1.05 1.01 1.04 1.06 1.01 1.02 
1.04 1.04 1.03 1.02 1.02 1.01 1.02 1.05 1.03 1.02 1.06 1.03 1.01 1.01 1.02 1.03 1.05 1.03 1.02 1.06 
1.06 1.02 1.01 1.04 1.03 1.02 1.01 1.02 1.04 1.04 1.02 1.02 1.05 1.02 1.04 1.06 1.02 1.02 1.04 1.06 
1.04 1.04 1.04 1.03 1.01 1.06 1.03 1.04 1.02 1.04 1.05 1.02 1.05 1.03 1.04 1.04 1.06 1.02 1.06 1.02 
1.04 1.02 1.04 1.05 1.01 1.02 1.03 1.02 1.02 1.06 1.04 1.01 1.06 1.02 1.03 1.05 1.02 1.05 1.01 1.02 
1.01 1.02 1.04 1.03 1.06 1.02 1.01 1.02 1.06 1.01 1.02 1.02 1.05 1.02 1.05 1.02 1.03 1.06 1.03 1.02 
1.03 1.01 1.04 1.01 1.02 1.03 1.06 1.03 1.05 1.02 1.01 1.03 1.05 1.02 1.04 1.06 1.06 1.01 1.04 1.05 
1.05 1.06 1.05 1.01 1.04 1.04 1.03 1.03 1.04 1.02 1.06 1.06 1.03 1.03 1.06 1.05 1.03 1.01 1.04 1.01 
1.06 1.01 1.06 1.02 1.03 1.06 1.01 1.05 1.06 1.04 1.01 1.06 1.06 1.01 1.05 1.04 1.05 1.03 1.06 1.06 
1.02 1.06 1.06 1.03 1.06 1.06 1.03 1.02 1.01 1.05 1.02 1.02 1.01 1.01 1.06 1.05 1.01 1.05 1.01 1.01 
1.02 1.06 1.01 1.06 1.03 1.04 1.06 1.01 1.05 1.06 1.01 1.05 1.01 1.02 1.02 1.04 1.04 1.05 1.03 1.03 
1.02 1.05 1.01 1.03 1.03 1.02 1.03 1.03 1.04 1.01 1.03 1.04 1.01 1.02 1.03 1.04 1.01 1.01 1.04 1.04 
1.05 1.03 1.05 1.06 1.02 1.06 1.02 1.03 1.04 1.02 1.05 1.02 1.05 1.03 1.06 1.05 1.03 1.04 1.03 1.04 
1.01 1.03 1.03 1.01 1.02 1.06 1.04 1.05 1.05 1.04 1.04 1.02 1.03 1.03 1.04 1.04 1.02 1.02 1.04 1.02 
1.06 1.02 1.01 1.06 1.01 1.03 1.06 1.03 1.02 1.02 1.05 1.02 1.06 1.03 1.04 1.05 1.01 1.05 1.02 1.04 
1.01 1.03 1.05 1.01 1.02 1.02 1.02 1.05 1.01 1.05 1.01 1.04 1.06 1.04 1.03 1.02 1.01 1.05 1.02 1.05 
1.06 1.02 1.04 1.01 1.02 1.04 1.04 1.05 1.02 1.01 1.04 1.04 1.02 1.04 1.04 1.02 1.06 1.04 1.05 1.02 
1.06 1.01 1.02 1.03 1.05 1.04 1.06 1.05 1.06 1.03 1.02 1.03 1.03 1.06 1.02 1.03 1.01 1.04 1.01 1.06 
1.06 1.04 1.04 1.02 1.03 1.05 1.03 1.04 1.04 1.05 1.06 1.06 1.04 1.02 1.02 1.02 1.06 1.04 1.02 1.02 
1.06 1.02 1.06 1.04 1.03 1.02 1.01 1.01 1.04 1.01 1.06 1.03 1.06 1.06 1.02 1.06 1.02 1.02 1.04 1.02 
1.01 1.03 1.02 1.01 1.03 1.06 1.04 1.02 1.05 1.06 1.05 1.04 1.03 1.06 1.04 1.06 1.02 1.02 1.03 1.04 
1.02 1.03 1.01 1.01 1.03 1.05 1.03 1.05 1.01 1.02 1.02 1.03 1.03 1.06 1.05 1.03 1.02 1.01 1.01 1.04 
1.05 1.06 1.06 1.02 1.04 1.06 1.01 1.06 1.04 1.06 1.01 1.05 1.03 1.04 1.03 1.02 1.06 1.05 1.01 1.06 
1.06 1.03 1.06 1.05 1.03 1.02 1.03 1.06 1.06 1.03 1.02 1.01 1.03 1.05 1.01 1.03 1.06 1.05 1.04 1.05 
1.02 1.06 1.05 1.04 1.06 1.04 1.06 1.03 1.03 1.05 1.04 1.04 1.03 1.06 1.03 1.03 1.05 1.05 1.06 1.02 
1.05 1.06 1.06 1.02 1.01 1.02 1.06 1.03 1.03 1.01 1.04 1.04 1.05 1.05 1.05 1.04 1.06 1.03 1.04 1.03 
1.02 1.05 1.06 1.06 1.02 1.06 1.03 1.03 1.02 1.04 1.02 1.02 1.02 1.01 1.06 1.06 1.03 1.03 1.02 1.01 
1.02 1.06 1.04 1.06 1.06 1.01 1.04 1.04 1.05 1.04 1.06 1.01 1.06 1.06 1.04 1.03 1.03 1.03 1.04 1.03 
1.05 1.01 1.04 1.04 1.04 1.02 1.04 1.05 1.02 1.01 1.03 1.01 1.02 1.02 1.05 1.06 1.03 1.04 1.01 1.05 
1.01 1.03 1.04 1.02 1.04 1.01 1.01 1.02 1.06 1.01 1.04 1.06 1.02 1.02 1.01 1.05 1.03 1.05 1.02 1.04 
1.01 1.02 1.04 1.01 1.03 1.01 1.04 1.05 1.01 1.02 1.02 1.06 1.03 1.04 1.02 1.03 1.02 1.06 1.03 1.03 
1.01 1.05 1.05 1.05 1.02 1.03 1.03 1.05 1.03 1.04 1.06 1.06 1.03 1.04 1.01 1.04 1.02 1.04 1.04 1.03 
1.04 1.01 1.03 1.03 1.02 1.03 1.03 1.03 1.03 1.03 1.06 1.05 1.04 1.03 1.05 1.03 1.06 1.04 1.06 1.03 
1.05 1.03 1.05 1.04 1.05 1.05 1.04 1.05 1.02 1.02 1.04 1.03 1.02 1.03 1.01 1.01 1.03 1.04 1.04 1.06 
1.02 1.04 1.03 1.03 1.01 1.04 1.04 1.03 1.02 1.03 1.05 1.01 1.04 1.02 1.06 1.03 1.03 1.03 1.02 1.06 
1.01 1.03 1.02 1.04 1.03 1.02 1.04 1.02 1.01 1.03 1.06 1.03 1.01 1.03 1.04 1.02 1.02 1.04 1.06 1.03 
1.01 1.06 1.04 1.03 1.05 1.03 1.01 1.02 1.03 1.05 1.01 1.06 1.03 1.02 1.04 1.03 1.02 1.04 1.04 1.05 
1.04 1.04 1.05 1.01 1.01 1.03 1.03 1.02 1.02 1.02 1.01 1.01 1.04 1.06 1.03 1.04 1.05 1.04 1.02 1.06 
1.06 1.01 1.06 1.03 1.03 1.03 1.03 1.01 1.05 1.04 1.01 1.04 1.04 1.01 1.01 1.03 1.06 1.04 1.01 1.03 
1.06 1.04 1.04 1.04 1.03 1.05 1.03 1.06 1.06 1.03 1.03 1.04 1.05 1.04 1.01 1.02 1.02 1.06 1.03 1.01 
1.02 1.06 1.02 1.02 1.02 1.03 1.06 1.02 1.01 1.02 1.04 1.05 1.04 1.04 1.04 1.02 1.01 1.03 1.06 1.06 
1.02 1.03 1.05 1.05 1.02 1.01 1.04 1.05 1.03 1.01 1.02 1.02 1.04 1.01 1.06 1.02 1.01 1.02 1.02 1.01 
1.01 1.05 1.06 1.02 1.01 1.02 1.04 1.06 1.03 1.04 1.05 1.02 1.04 1.06 1.02 1.01 1.02 1.02 1.02 1.01 
1.05 1.04 1.01 1.06 1.06 1.02 1.03 1.02 1.03 1.03 1.05 1.01 1.04 1.03 1.02 1.03 1.06 1.03 1.06 1.03 
1.01 1.02 1.02 1.01 1.03 1.01 1.04 1.03 1.04 1.05 1.05 1.01 1.04 1.06 1.06 1.02 1.02 1.03 1.01 1.04 
1.01 1.03 1.03 1.05 1.03 1.02 1.06 1.04 1.01 1.05 1.04 1.02 1.01 1.03 1.01 1.04 1.01 1.01 1.04 1.02 
1.06 1.04 1.05 1.04 1.06 1.03 1.06 1.02 1.05 1.04 1.04 1.01 1.06 1.05 1.04 1.04 1.03 1.02 1.06 1.04 
1.05 1.01 1.05 1.06 1.06 1.05 1.03 1.02 1.05 1.01 1.05 1.01 1.05 1.03 1.05 1.03 1.04 1.06 1.01 1.03 
1.02 1.04 1.01 1.05 1.04 1.06 1.02 1.02 1.04 1.03 1.05 1.02 1.04 1.06 1.04 1.01 1.01 1.02 1.02 1.06 
1.04 1.06 1.01 1.03 1.04 1.01 1.01 1.02 1.01 1.06 1.03 1.01 1.03 1.06 1.06 1.01 1.02 1.06 1.05 1.06 
1.02 1.03 1.06 1.03 1.03 1.02 1.04 1.06 1.06 1.06 1.06 1.05 1.06 1.04 1.04 1.01 1.05 1.05 1.05 1.04 
1.05 1.05 1.03 1.06 1.05 1.06 1.05 1.02 1.03 1.06 1.01 1.03 1.01 1.04 1.03 1.02 1.05 1.01 1.01 1.03 
1.06 1.06 1.04 1.02 1.05 1.02 1.04 1.04 1.05 1.03 1.02 1.03 1.03 1.03 1.01 1.04 1.04 1.05 1.05 1.05 
1.03 1.03 1.06 1.06 1.06 1.01 1.02 1.06 1.06 1.01 1.01 1.02 1.04 1.06 1.01 1.03 1.04 1.06 1.05 1.04 
1.05 1.04 1.05 1.03 1.02 1.04 1.05 1.04 1.01 1.05 1.03 1.05 1.01 1.05 1.01 1.02 1.03 1.06 1.06 1.02 
1.03 1.02 1.06 1.04 1.05 1.03 1.06 1.01 1.05 1.01 1.05 1.06 1.03 1.04 1.06 1.01 1.06 1.02 1.06 1.06 
1.05 1.04 1.05 1.05 1.01 1.01 1.03 1.04 1.04 1.03 1.01 1.04 1.01 1.04 1.02 1.06 1.05 1.06 1.05 1.06 
1.04 1.03 1.04 1.03 1.01 1.05 1.05 1.02 1.04 1.02 1.01 1.02 1.04 1.04 1.01 1.04 1.02 1.05 1.02 1.05 
1.04 1.06 1.01 1.01 1.02 1.01 1.05 1.01 1.04 1.04 1.06 1.04 1.03 1.03 1.06 1.04 1.02 1.01 1.06 1.02 
1.03 1.06 1.01 1.02 1.01 1.05 1.02 1.01 1.01 1.05 1.04 1.05 1.06 1.05 1.04 1.05 1.03 1.02 1.05 1.06 
1.01 1.06 1.03 1.04 1.03 1.04 1.01 1.02 1.05 1.06 1.03 1.01 1.03 1.05 1.05 1.01 1.02 1.01 1.06 1.04 
1.06 1.05 1.06 1.01 1.06 1.03 1.03 1.06 1.02 1.03 1.04 1.01 1.03 1.02 1.02 1.05 1.04 1.02 1.03 1.04 
1.01 1.05 1.05 1.02 1.04 1.03 1.04 1.03 1.04 1.01 1.05 1.04 1.02 1.06 1.06 1.01 1.06 1.01 1.06 1.01 
1.02 1.06 1.02 1.06 1.03 1.01 1.06 1.03 1.01 1.02 1.01 1.05 1.02 1.06 1.05 1.03 1.05 1.01 1.01 1.06 
1.02 1.03 1.03 1.02 1.03 1.06 1.02 1.05 1.01 1.05 1.05 1.03 1.04 1.03 1.06 1.02 1.01 1.04 1.05 1.06 
1.03 1.04 1.06 1.05 1.04 1.02 1.01 1.01 1.05 1.05 1.03 1.02 1.03 1.04 1.03 1.03 1.04 1.02 1.06 1.04 
1.04 1.06 1.04 1.06 1.04 1.04 1.01 1.05 1.06 1.05 1.05 1.03 1.03 1.01 1.04 1.03 1.05 1.06 1.05 1.02 
1.03 1.01 1.03 1.04 1.03 1.01 1.03 1.06 1.02 1.04 1.05 1.01 1.06 1.06 1.05 1.04 1.01 1.05 1.04 1.06 
1.01 1.01 1.02 1.02 1.03 1.05 1.05 1.05 1.05 1.02 1.06 1.06 1.02 1.06 1.03 1.06 1.06 1.04 1.05 1.02 
1.02 1.03 1.04 1.01 1.06 1.01 1.01 1.04 1.01 1.06 1.01 1.06 1.06 1.04 1.05 1.06 1.05 1.03 1.02 1.02 
1.06 1.06 1.02 1.06 1.02 1.06 1.05 1.03 1.02 1.05 1.05 1.02 1.06 1.01 1.01 1.05 1.06 1.05 1.05 1.06 
1.05 1.04 1.02 1.04 1.03 1.06 1.06 1.06 1.05 1.02 1.01 1.06 1.06 1.04 1.01 1.03 1.01 1.02 1.01 1.03 
1.01 1.06 1.01 1.02 1.06 1.02 1.06 1.01 1.06 1.04 1.06 1.01 1.04 1.01 1.02 1.05 1.05 1.02 1.01 1.03 
1.03 1.03 1.04 1.04 1.01 1.04 1.02 1.01 1.06 1.03 1.04 1.05 1.01 1.03 1.02 1.05 1.03 1.05 1.05 1.06 
1.03 1.06 1.02 1.03 1.03 1.02 1.04 1.01 1.03 1.02 1.03 1.06 1.05 1.01 1.04 1.05 1.01 1.05 1.02 1.06 
1.04 1.01 1.02 1.04 1.06 1.05 1.01 1.01 1.04 1.03 1.03 1.03 1.04 1.02 1.03 1.04 1.02 1.06 1.01 1.05 
1.02 1.01 1.03 1.06 1.03 1.04 1.05 1.03 1.01 1.06 1.06 1.03 1.05 1.03 1.03 1.01 1.04 1.04 1.05 1.01 
1.02 1.06 1.03 1.02 1.06 1.02 1.02 1.04 1.03 1.03 1.03 1.01 1.06 1.03 1.05 1.02 1.01 1.05 1.01 1.03 
1.06 1.05 1.06 1.06 1.06 1.02 1.03 1.03 1.01 1.05 1.06 1.03 1.03 1.05 1.06 1.03 1.05 1.05 1.03 1.01 
1.04 1.01 1.02 1.03 1.05 1.03 1.01 1.06 1.01 1.01 1.05 1.01 1.01 1.05 1.06 1.02 1.04 1.01 1.06 1.03 
1.04 1.04 1.02 1.01 1.06 1.04 1.01 1.01 1.05 1.04 1.02 1.02 1.03 1.04 1.06 1.02 1.05 1.05 1.04 1.05 
1.02 1.04 1.03 1.06 1.02 1.02 1.06 1.06 1.03 1.03 1.01 1.06 1.02 1.04 1.06 1.03 1.04 1.05 1.01 1.01 
1.04 1.03 1.04 1.06 1.02 1.02 1.03 1.03 1.04 1.05 1.06 1.03 1.03 1.01 1.06 1.04 1.02 1.04 1.02 1.01 
1.04 1.04 1.01 1.04 1.01 1.05 1.01 1.04 1.05 1.02 1.05 1.03 1.06 1.04 1.05 1.05 1.02 1.04 1.01 1.03 
1.04 1.05 1.05 1.02 1.01 1.02 1.02 1.06 1.01 1.01 1.06 1.04 1.06 1.05 1.03 1.06 1.04 1.06 1.04 1.04 
1.01 1.05 1.06 1.01 1.05 1.04 1.02 1.06 1.02 1.06 1.04 1.01 1.01 1.01 1.03 1.01 1.06 1.01 1.01 1.01 
1.01 1.03 1.02 1.04 1.03 1.04 1.01 1.01 1.04 1.01 1.03 1.05 1.05 1.06 1.05 1.06 1.01 1.04 1.05 1.01 
1.05 1.06 1.02 1.05 1.05 1.06 1.03 1.05 1.02 1.05 1.02 1.02 1.06 1.03 1.06 1.06 1.05 1.01 1.03 1.04 
1.03 1.03 1.02 1.05 1.04 1.01 1.06 1.02 1.02 1.02 1.02 1.06 1.05 1.04 1.01 1.05 1.06 1.01 1.06 1.02 
1.06 1.06 1.03 1.06 1.01 1.03 1.02 1.06 1.01 1.04 1.04 1.02 1.04 1.06 1.03 1.05 1.01 1.02 1.03 1.02 
1.04 1.03 1.02 1.01 1.05 1.04 1.04 1.02 1.03 1.06 1.04 1.04 1.01 1.05 1.01 1.03 1.02 1.04 1.05 1.01 
1.06 1.01 1.04 1.06 1.01 1.05 1.04 1.04 1.06 1.02 1.01 1.01 1.04 1.01 1.05 1.06 1.05 1.04 1.02 1.04 
1.05 1.06 1.05 1.02 1.03 1.06 1.06 1.06 1.05 1.05 1.02 1.04 1.03 1.02 1.03 1.03 1.05 1.06 1.01 1.03 
1.01 1.01 1.02 1.02 1.03 1.04 1.01 1.02 1.05 1.02 1.04 1.02 1.01 1.03 1.05 1.06 1.03 1.06 1.02 1.01 
1.03 1.02 1.04 1.02 1.02 1.05 1.06 1.05 1.03 1.02 1.06 1.03 1.06 1.04 1.04 1.04 1.02 1.04 1.03 1.01 
1.03 1.04 1.02 1.05 1.03 1.01 1.01 1.05 1.06 1.05 1.04 1.04 1.05 1.05 1.03 1.02 1.02 1.04 1.01 1.05 
1.03 1.06 1.04 1.02 1.03 1.02 1.04 1.01 1.05 1.05 1.06 1.01 1.04 1.06 1.02 1.04 1.03 1.02 1.06 1.06 
1.06 1.05 1.04 1.02 1.05 1.04 1.03 1.05 1.02 1.05 1.05 1.03 1.06 1.05 1.02 1.06 1.04 1.01 1.02 1.06 
1.02 1.05 1.02 1.04 1.02 1.01 1.01 1.04 1.06 1.04 1.04 1.02 1.06 1.06 1.04 1.06 1.04 1.05 1.01 1.04 
1.06 1.05 1.02 1.02 1.03 1.02 1.06 1.02 1.01 1.05 1.04 1.01 1.04 1.02 1.05 1.05 1.05 1.05 1.06 1.05 
1.01 1.06 1.03 1.06 1.01 1.04 1.04 1.04 1.01 1.01 1.06 1.01 1.03 1.02 1.02 1.06 1.02 1.01 1.04 1.02 
1.06 1.05 1.01 1.01 1.04 1.06 1.01 1.03 1.04 1.01 1.02 1.06 1.03 1.06 1.05 1.05 1.05 1.06 1.01 1.02 
1.02 1.04 1.05 1.03 1.05 1.04 1.02 1.06 1.04 1.05 1.05 1.05 1.05 1.02 1.02 1.02 1.02 1.06 1.04 1.03 
1.04 1.06 1.05 1.03 1.06 1.05 1.01 1.04 1.05 1.04 1.06 1.03 1.01 1.05 1.03 1.06 1.01 1.01 1.04 1.03 
1.06 1.06 1.05 1.02 1.03 1.02 1.05 1.05 1.03 1.06 1.03 1.04 1.03 1.02 1.01 1.06 1.02 1.02 1.03 1.01 
1.04 1.05 1.05 1.02 1.01 1.04 1.01 1.03 1.04 1.01 1.02 1.05 1.04 1.06 1.06 1.06 1.05 1.06 1.02 1.01 
1.06 1.03 1.01 1.02 1.06 1.01 1.02 1.04 1.05 1.01 1.05 1.05 1.06 1.03 1.02 1.01 1.05 1.04 1.02 1.04 
1.02 1.02 1.01 1.05 1.04 1.03 1.03 1.04 1.06 1.04 1.05 1.02 1.04 1.04 1.06 1.03 1.04 1.06 1.06 1.02 
1.01 1.04 1.02 1.03 1.03 1.05 1.06 1.05 1.06 1.01 1.05 1.02 1.04 1.06 1.02 1.05 1.05 1.05 1.04 1.03 
1.06 1.06 1.03 1.01 1.03 1.03 1.02 1.04 1.01 1.03 1.03 1.01 1.06 1.05 1.04 1.02 1.06 1.05 1.01 1.06 
1.01 1.05 1.03 1.06 1.04 1.02 1.06 1.02 1.04 1.04 1.01 1.06 1.03 1.04 1.02 1.02 1.01 1.02 1.03 1.01 
1.03 1.03 1.03 1.04 1.04 1.02 1.04 1.03 1.06 1.01 1.03 1.04 1.06 1.01 1.06 1.02 1.01 1.04 1.03 1.02 
1.04 1.06 1.05 1.05 1.02 1.06 1.06 1.06 1.01 1.02 1.04 1.05 1.03 1.06 1.04 1.03 1.01 1.01 1.06 1.01 
1.06 1.02 1.03 1.05 1.03 1.03 1.06 1.01 1.06 1.02 1.05 1.04 1.03 1.05 1.06 1.01 1.02 1.06 1.06 1.03 
1.02 1.05 1.06 1.05 1.04 1.03 1.02 1.02 1.05 1.02 1.06 1.01 1.01 1.02 1.05 1.06 1.05 1.02 1.01 1.03 
1.05 1.04 1.02 1.01 1.03 1.06 1.05 1.03 1.02 1.01 1.02 1.04 1.03 1.02 1.03 1.02 1.03 1.04 1.06 1.04 
1.03 1.04 1.01 1.06 1.01 1.06 1.05 1.01 1.03 1.02 1.04 1.03 1.05 1.06 1.06 1.01 1.06 1.03 1.04 1.02 
1.05 1.05 1.01 1.02 1.04 1.01 1.03 1.01 1.03 1.03 1.01 1.01 1.02 1.05 1.03 1.03 1.02 1.04 1.04 1.01 
1.05 1.04 1.01 1.05 1.03 1.02 1.04 1.05 1.01 1.01 1.05 1.05 1.03 1.05 1.01 1.02 1.06 1.05 1.02 1.06 
1.02 1.04 1.04 1.06 1.03 1.01 1.03 1.04 1.03 1.01 1.01 1.02 1.06 1.02 1.06 1.04 1.01 1.04 1.02 1.01 
1.02 1.03 1.01 1.03 1.02 1.06 1.06 1.05 1.03 1.04 1.05 1.04 1.02 1.06 1.01 1.02 1.04 1.06 1.05 1.02 
1.01 1.03 1.03 1.01 1.05 1.04 1.04 1.01 1.04 1.06 1.02 1.06 1.05 1.05 1.06 1.05 1.03 1.04 1.01 1.02 
1.06 1.06 1.02 1.01 1.04 1.03 1.02 1.06 1.03 1.04 1.01 1.02 1.06 1.04 1.02 1.01 1.02 1.02 1.02 1.03 
1.01 1.03 1.02 1.02 1.02 1.01 1.01 1.03 1.05 1.01 1.04 1.04 1.06 1.05 1.03 1.02 1.01 1.06 1.02 1.03 
1.01 1.05 1.02 1.03 1.05 1.06 1.02 1.05 1.06 1.02 1.02 1.01 1.04 1.01 1.03 1.02 1.02 1.06 1.02 1.06 
1.02 1.05 1.06 1.03 1.01 1.04 1.01 1.05 1.05 1.02 1.04 1.01 1.03 1.03 1.04 1.06 1.01 1.03 1.05 1.06 
1.02 1.05 1.06 1.05 1.06 1.05 1.03 1.03 1.03 1.03 1.01 1.02 1.02 1.06 1.03 1.04 1.06 1.05 1.05 1.01 
1.05 1.01 1.05 1.01 1.02 1.01 1.05 1.02 1.04 1.06 1.03 1.05 1.06 1.05 1.05 1.02 1.03 1.06 1.04 1.04 
1.01 1.04 1.05 1.05 1.02 1.01 1.03 1.06 1.03 1.05 1.03 1.05 1.02 1.01 1.01 1.05 1.02 1.03 1.06 1.02 
1.03 1.06 1.05 1.03 1.03 1.01 1.01 1.05 1.04 1.04 1.04 1.02 1.04 1.06 1.04 1.02 1.02 1.04 1.05 1.02 
1.05 1.06 1.01 1.05 1.02 1.04 1.06 1.04 1.01 1.02 1.04 1.02 1.04 1.05 1.03 1.02 1.01 1.05 1.04 1.01 
1.06 1.01 1.05 1.06 1.01 1.01 1.02 1.02 1.04 1.01 1.01 1.01 1.01 1.05 1.03 1.04 1.04 1.02 1.02 1.06 
1.03 1.05 1.04 1.01 1.06 1.02 1.01 1.05 1.01 1.06 1.02 1.02 1.05 1.04 1.06 1.03 1.03 1.05 1.02 1.05 
1.04 1.01 1.01 1.06 1.01 1.04 1.01 1.04 1.03 1.01 1.05 1.04 1.06 1.04 1.03 1.04 1.02 1.05 1.03 1.06 
1.04 1.04 1.04 1.02 1.06 1.06 1.06 1.01 1.05 1.02 1.02 1.05 1.05 1.04 1.04 1.06 1.06 1.03 1.05 1.06 
1.05 1.03 1.01 1.05 1.04 1.03 1.04 1.06 1.04 1.06 1.02 1.03 1.02 1.01 1.05 1.03 1.05 1.03 1.02 1.05 
1.01 1.02 1.04 1.05 1.02 1.01 1.02 1.01 1.01 1.05 1.01 1.02 1.05 1.03 1.02 1.05 1.05 1.05 1.04 1.04 
1.05 1.03 1.01 1.03 1.02 1.06 1.01 1.01 1.03 1.04 1.04 1.02 1.03 1.03 1.05 1.03 1.05 1.05 1.01 1.02 
1.06 1.01 1.03 1.05 1.04 1.03 1.04 1.03 1.05 1.05 1.04 1.01 1.04 1.04 1.02 1.05 1.04 1.01 1.06 1.01 
1.01 1.01 1.02 1.03 1.06 1.06 1.01 1.06 1.05 1.02 1.06 1.01 1.02 1.05 1.05 1.02 1.04 1.01 1.01 1.05 
1.06 1.03 1.05 1.02 1.01 1.04 1.05 1.01 1.05 1.05 1.04 1.03 1.05 1.02 1.05 1.03 1.05 1.05 1.05 1.04 
1.03 1.03 1.04 1.02 1.04 1.06 1.01 1.06 1.01 1.03 1.04 1.06 1.01 1.02 1.03 1.06 1.02 1.05 1.06 1.01 
1.06 1.06 1.06 1.02 1.06 1.05 1.05 1.01 1.02 1.03 1.05 1.03 1.05 1.04 1.03 1.04 1.06 1.04 1.02 1.04 
1.06 1.05 1.06 1.02 1.01 1.06 1.04 1.04 1.05 1.02 1.04 1.02 1.04 1.03 1.06 1.06 1.01 1.04 1.02 1.06 
1.02 1.03 1.05 1.03 1.06 1.02 1.01 1.04 1.02 1.01 1.05 1.02 1.06 1.05 1.04 1.02 1.05 1.05 1.04 1.06 
1.05 1.02 1.01 1.02 1.05 1.04 1.04 1.05 1.06 1.01 1.05 1.02 1.04 1.03 1.02 1.04 1.04 1.01 1.02 1.02 
1.03 1.03 1.02 1.03 1.02 1.01 1.06 1.05 1.03 1.03 1.02 1.01 1.06 1.01 1.05 1.06 1.01 1.03 1.05 1.06 
1.03 1.04 1.04 1.06 1.04 1.05 1.06 1.01 1.04 1.05 1.02 1.06 1.06 1.02 1.05 1.05 1.01 1.04 1.04 1.06 
1.03 1.04 1.04 1.02 1.06 1.03 1.03 1.03 1.04 1.06 1.04 1.06 1.06 1.06 1.06 1.04 1.01 1.03 1.04 1.03 
1.01 1.02 1.01 1.05 1.02 1.04 1.05 1.05 1.05 1.02 1.05 1.02 1.02 1.06 1.06 1.02 1.03 1.02 1.06 1.06 
1.02 1.01 1.01 1.05 1.06 1.05 1.05 1.03 1.02 1.01 1.04 1.05 1.03 1.04 1.01 1.01 1.04 1.03 1.06 1.01 
1.06 1.06 1.02 1.05 1.03 1.01 1.02 1.02 1.02 1.04 1.06 1.04 1.01 1.05 1.06 1.03 1.01 1.02 1.05 1.03 
1.05 1.04 1.06 1.01 1.05 1.05 1.06 1.01 1.06 1.01 1.02 1.06 1.03 1.05 1.02 1.04 1.05 1.05 1.02 1.02 
1.03 1.06 1.03 1.06 1.02 1.02 1.06 1.05 1.05 1.02 1.03 1.03 1.01 1.03 1.01 1.04 1.04 1.03 1.04 1.04 
1.04 1.03 1.06 1.01 1.03 1.05 1.03 1.05 1.04 1.01 1.03 1.06 1.06 1.05 1.01 1.05 1.04 1.01 1.03 1.03 
1.01 1.01 1.03 1.02 1.01 1.06 1.01 1.05 1.04 1.03 1.01 1.05 1.03 1.01 1.02 1.04 1.02 1.04 1.01 1.03 
1.04 1.01 1.02 1.05 1.01 1.03 1.02 1.01 1.06 1.04 1.01 1.06 1.02 1.03 1.03 1.06 1.03 1.04 1.06 1.01 
1.03 1.05 1.06 1.01 1.02 1.04 1.06 1.06 1.01 1.04 1.04 1.02 1.01 1.03 1.04 1.05 1.03 1.03 1.04 1.03 
1.06 1.04 1.06 1.01 1.02 1.01 1.02 1.02 1.05 1.05 1.06 1.05 1.04 1.03 1.04 1.03 1.03 1.01 1.03 1.03 
1.04 1.05 1.04 1.03 1.02 1.01 1.03 1.01 1.03 1.03 1.03 1.06 1.02 1.03 1.05 1.03 1.05 1.02 1.03 1.04 
1.06 1.05 1.06 1.05 1.02 1.01 1.03 1.06 1.05 1.01 1.05 1.02 1.06 1.02 1.05 1.03 1.06 1.05 1.05 1.04 
1.06 1.05 1.05 1.01 1.05 1.03 1.05 1.05 1.04 1.04 1.05 1.05 1.01 1.04 1.01 1.04 1.06 1.03 1.01 1.05 
1.03 1.01 1.03 1.01 1.04 1.05 1.01 1.06 1.04 1.05 1.01 1.01 1.06 1.05 1.06 1.03 1.06 1.01 1.06 1.06 
1.03 1.06 1.04 1.01 1.01 1.05 1.01 1.04 1.05 1.03 1.01 1.06 1.03 1.05 1.01 1.01 1.04 1.04 1.04 1.03 
1.01 1.03 1.05 1.05 1.05 1.05 1.04 1.01 1.06 1.03 1.04 1.01 1.02 1.04 1.06 1.01 1.03 1.06 1.06 1.06 
1.03 1.05 1.03 1.04 1.04 1.02 1.05 1.01 1.05 1.03 1.04 1.04 1.03 1.02 1.01 1.03 1.04 1.06 1.06 1.04 
1.06 1.04 1.05 1.02 1.05 1.04 1.03 1.02 1.03 1.02 1.01 1.06 1.04 1.05 1.05 1.01 1.01 1.01 1.04 1.06 
1.06 1.02 1.04 1.06 1.03 1.02 1.06 1.05 1.02 1.06 1.01 1.05 1.02 1.04 1.04 1.06 1.05 1.02 1.05 1.04 
1.05 1.03 1.06 1.05 1.05 1.04 1.03 1.05 1.06 1.04 1.04 1.05 1.06 1.01 1.05 1.03 1.04 1.01 1.06 1.06 
1.02 1.02 1.03 1.06 1.06 1.04 1.06 1.06 1.01 1.06 1.05 1.03 1.04 1.04 1.05 1.06 1.01 1.06 1.04 1.01 
1.05 1.04 1.01 1.01 1.05 1.04 1.06 1.06 1.05 1.06 1.04 1.06 1.06 1.05 1.04 1.06 1.01 1.06 1.02 1.01 
1.01 1.04 1.05 1.02 1.03 1.03 1.03 1.01 1.04 1.03 1.05 1.04 1.05 1.05 1.04 1.03 1.01 1.01 1.05 1.02 
1.04 1.06 1.04 1.06 1.02 1.01 1.03 1.01 1.02 1.06 1.01 1.06 1.01 1.01 1.01 1.05 1.02 1.06 1.06 1.06 
1.03 1.03 1.04 1.04 1.03 1.01 1.02 1.01 1.03 1.06 1.06 1.04 1.02 1.02 1.02 1.02 1.04 1.04 1.04 1.05 
1.03 1.06 1.06 1.04 1.03 1.05 1.05 1.01 1.06 1.06 1.06 1.04 1.01 1.06 1.05 1.02 1.04 1.06 1.02 1.02 
1.04 1.02 1.06 1.03 1.01 1.01 1.03 1.01 1.04 1.04 1.01 1.03 1.05 1.02 1.02 1.04 1.06 1.01 1.04 1.01 
1.06 1.02 1.04 1.01 1.02 1.02 1.04 1.06 1.02 1.03 1.06 1.01 1.04 1.05 1.04 1.03 1.05 1.05 1.05 1.02 
1.06 1.01 1.01 1.02 1.06 1.01 1.02 1.04 1.04 1.02 1.02 1.06 1.02 1.06 1.01 1.04 1.03 1.05 1.02 1.06 
1.04 1.04 1.06 1.05 1.06 1.04 1.05 1.01 1.04 1.04 1.02 1.05 1.05 1.04 1.04 1.06 1.03 1.01 1.03 1.03 
1.01 1.06 1.03 1.01 1.06 1.03 1.01 1.02 1.05 1.02 1.05 1.01 1.05 1.02 1.06 1.03 1.01 1.02 1.03 1.03 
1.03 1.05 1.01 1.05 1.02 1.02 1.06 1.04 1.05 1.05 1.05 1.05 1.04 1.05 1.01 1.03 1.03 1.03 1.04 1.04 
1.04 1.04 1.01 1.06 1.01 1.02 1.02 1.06 1.03 1.03 1.02 1.06 1.06 1.02 1.02 1.02 1.06 1.05 1.06 1.02 
1.04 1.01 1.02 1.01 1.04 1.01 1.02 1.01 1.02 1.06 1.04 1.03 1.03 1.05 1.02 1.06 1.03 1.02 1.03 1.03 
1.03 1.03 1.04 1.02 1.03 1.02 1.05 1.03 1.05 1.06 1.06 1.03 1.03 1.06 1.05 1.03 1.03 1.06 1.05 1.02 
1.06 1.02 1.01 1.06 1.06 1.02 1.02 1.02 1.05 1.05 1.03 1.06 1.02 1.03 1.01 1.06 1.01 1.04 1.01 1.06 
1.02 1.05 1.05 1.05 1.05 1.02 1.04 1.02 1.01 1.01 1.05 1.02 1.04 1.01 1.02 1.02 1.02 1.01 1.04 1.02 
1.02 1.04 1.04 1.06 1.06 1.03 1.03 1.05 1.05 1.02 1.01 1.06 1.05 1.04 1.05 1.03 1.05 1.03 1.01 1.03 
1.03 1.05 1.03 1.06 1.06 1.05 1.06 1.04 1.02 1.02 1.03 1.06 1.05 1.06 1.02 1.04 1.06 1.04 1.04 1.01 
1.03 1.06 1.01 1.02 1.05 1.05 1.04 1.02 1.03 1.06 1.03 1.02 1.03 1.04 1.03 1.05 1.04 1.02 1.01 1.06 
1.06 1.05 1.04 1.05 1.06 1.02 1.04 1.05 1.03 1.06 1.02 1.05 1.05 1.05 1.05 1.05 1.01 1.04 1.03 1.01 
1.01 1.01 1.06 1.04 1.01 1.05 1.03 1.06 1.05 1.06 1.05 1.03 1.05 1.05 1.01 1.01 1.03 1.06 1.05 1.04 
1.05 1.02 1.03 1.01 1.02 1.03 1.03 1.04 1.03 1.01 1.04 1.05 1.02 1.01 1.04 1.05 1.03 1.04 1.06 1.04 
1.04 1.01 1.02 1.02 1.03 1.02 1.04 1.03 1.05 1.05 1.01 1.04 1.04 1.02 1.06 1.06 1.04 1.03 1.03 1.05 
1.06 1.05 1.04 1.04 1.05 1.02 1.06 1.02 1.04 1.03 1.02 1.02 1.06 1.04 1.05 1.06 1.05 1.03 1.04 1.06 
1.04 1.01 1.04 1.04 1.01 1.06 1.02 1.04 1.01 1.03 1.05 1.05 1.04 1.06 1.03 1.03 1.02 1.05 1.01 1.05 
1.02 1.02 1.03 1.01 1.01 1.01 1.01 1.02 1.04 1.05 1.03 1.05 1.02 1.06 1.06 1.03 1.03 1.02 1.06 1.06 
1.05 1.04 1.01 1.04 1.04 1.05 1.01 1.04 1.06 1.04 1.05 1.01 1.02 1.01 1.02 1.04 1.03 1.06 1.02 1.01 
1.02 1.06 1.03 1.01 1.01 1.06 1.05 1.04 1.05 1.01 1.02 1.05 1.05 1.04 1.04 1.03 1.05 1.01 1.01 1.05 
1.04 1.03 1.06 1.05 1.01 1.03 1.05 1.01 1.06 1.01 1.04 1.02 1.04 1.01 1.01 1.04 1.04 1.05 1.04 1.03 
1.01 1.01 1.04 1.04 1.06 1.05 1.01 1.06 1.05 1.06 1.03 1.01 1.06 1.02 1.04 1.01 1.06 1.02 1.03 1.03 
1.06 1.06 1.03 1.01 1.01 1.05 1.01 1.05 1.06 1.03 1.06 1.01 1.01 1.01 1.05 1.02 1.06 1.06 1.01 1.06 
1.03 1.04 1.01 1.05 1.03 1.01 1.05 1.03 1.03 1.05 1.06 1.02 1.05 1.05 1.06 1.03 1.05 1.05 1.05 1.02 
1.01 1.02 1.05 1.05 1.03 1.04 1.06 1.05 1.05 1.01 1.02 1.04 1.02 1.06 1.01 1.04 1.04 1.05 1.06 1.04 
1.03 1.05 1.06 1.06 1.02 1.06 1.04 1.06 1.05 1.02 1.04 1.06 1.03 1.06 1.05 1.02 1.04 1.06 1.04 1.06 
1.05 1.03 1.01 1.06 1.06 1.03 1.02 1.01 1.01 1.04 1.04 1.02 1.01 1.04 1.02 1.06 1.06 1.02 1.04 1.01 
1.04 1.02 1.03 1.03 1.04 1.06 1.01 1.05 1.06 1.03 1.03 1.01 1.01 1.06 1.02 1.05 1.06 1.01 1.01 1.06 
1.01 1.06 1.01 1.02 1.03 1.04 1.04 1.03 1.04 1.03 1.06 1.02 1.02 1.02 1.06 1.02 1.06 1.04 1.05 1.05 
1.05 1.03 1.01 1.05 1.03 1.03 1.01 1.03 1.05 1.03 1.02 1.03 1.04 1.02 1.01 1.05 1.05 1.05 1.06 1.03 
1.06 1.05 1.06 1.03 1.06 1.04 1.05 1.02 1.01 1.04 1.01 1.01 1.01 1.02 1.02 1.04 1.03 1.02 1.05 1.05 
1.05 1.03 1.01 1.05 1.03 1.06 1.01 1.06 1.02 1.05 1.05 1.03 1.03 1.04 1.04 1.06 1.03 1.06 1.02 1.04 
1.03 1.04 1.04 1.01 1.01 1.06 1.06 1.05 1.02 1.03 1.06 1.03 1.06 1.05 1.05 1.02 1.01 1.05 1.03 1.04 
1.01 1.01 1.06 1.03 1.01 1.06 1.04 1.04 1.05 1.04 1.02 1.01 1.02 1.04 1.06 1.02 1.05 1.01 1.03 1.05 
1.05 1.06 1.04 1.04 1.01 1.05 1.02 1.01 1.04 1.04 1.05 1.06 1.04 1.01 1.06 1.04 1.02 1.05 1.05 1.05 
1.04 1.02 1.01 1.01 1.06 1.02 1.04 1.06 1.01 1.06 1.03 1.02 1.04 1.03 1.05 1.03 1.01 1.03 1.04 1.05 
1.03 1.03 1.02 1.01 1.04 1.06 1.03 1.02 1.06 1.03 1.05 1.05 1.01 1.06 1.05 1.01 1.05 1.04 1.06 1.01 
1.03 1.03 1.04 1.03 1.04 1.05 1.04 1.03 1.01 1.05 1.04 1.06 1.06 1.03 1.02 1.02 1.02 1.02 1.03 1.04 
1.04 1.06 1.06 1.06 1.05 1.02 1.05 1.02 1.03 1.03 1.02 1.02 1.02 1.06 1.02 1.04 1.03 1.01 1.06 1.01 
1.01 1.01 1.06 1.02 1.04 1.04 1.04 1.03 1.01 1.02 1.04 1.03 1.04 1.01 1.06 1.01 1.03 1.02 1.01 1.01 
1.04 1.06 1.05 1.06 1.01 1.01 1.04 1.02 1.04 1.03 1.03 1.05 1.06 1.06 1.04 1.04 1.04 1.01 1.04 1.05 
1.03 1.02 1.06 1.05 1.06 1.04 1.06 1.03 1.01 1.03 1.04 1.01 1.01 1.01 1.05 1.01 1.03 1.04 1.05 1.03 
1.06 1.02 1.03 1.04 1.03 1.06 1.05 1.02 1.03 1.06 1.04 1.02 1.06 1.02 1.02 1.04 1.01 1.04 1.03 1.05 
1.05 1.05 1.04 1.05 1.05 1.05 1.03 1.05 1.02 1.05 1.02 1.02 1.01 1.02 1.02 1.02 1.02 1.02 1.05 1.01 
1.01 1.02 1.03 1.04 1.05 1.03 1.02 1.05 1.02 1.04 1.03 1.06 1.01 1.05 1.01 1.06 1.05 1.04 1.01 1.01 
1.02 1.06 1.03 1.02 1.02 1.03 1.03 1.03 1.02 1.03 1.06 1.04 1.02 1.06 1.03 1.05 1.05 1.05 1.06 1.04 
1.01 1.06 1.02 1.06 1.01 1.06 1.02 1.03 1.03 1.06 1.05 1.03 1.06 1.04 1.06 1.02 1.04 1.01 1.01 1.04 
1.01 1.03 1.03 1.01 1.04 1.01 1.06 1.01 1.01 1.05 1.02 1.04 1.05 1.02 1.04 1.01 1.05 1.04 1.01 1.03 
1.05 1.03 1.02 1.04 1.01 1.03 1.04 1.05 1.01 1.02 1.04 1.02 1.04 1.04 1.03 1.02 1.05 1.06 1.05 1.05 
1.03 1.02 1.03 1.04 1.01 1.05 1.04 1.06 1.01 1.01 1.03 1.04 1.02 1.06 1.04 1.03 1.05 1.04 1.04 1.05 
1.02 1.03 1.04 1.06 1.04 1.01 1.02 1.03 1.01 1.01 1.06 1.02 1.03 1.04 1.01 1.05 1.01 1.01 1.02 1.01 
1.03 1.02 1.04 1.05 1.05 1.03 1.01 1.03 1.01 1.02 1.03 1.01 1.06 1.02 1.03 1.05 1.05 1.01 1.06 1.06 
1.05 1.05 1.01 1.01 1.05 1.02 1.02 1.02 1.06 1.01 1.04 1.05 1.05 1.06 1.02 1.05 1.01 1.05 1.01 1.01 
1.02 1.01 1.03 1.03 1.01 1.04 1.05 1.01 1.03 1.02 1.04 1.06 1.02 1.04 1.01 1.02 1.05 1.05 1.04 1.04 
1.04 1.05 1.01 1.05 1.02 1.03 1.06 1.01 1.02 1.05 1.05 1.02 1.04 1.01 1.04 1.06 1.02 1.04 1.05 1.02 
1.01 1.05 1.06 1.03 1.01 1.01 1.04 1.04 1.03 1.02 1.01 1.06 1.02 1.02 1.04 1.06 1.05 1.04 1.06 1.02 
1.02 1.01 1.04 1.01 1.06 1.04 1.02 1.02 1.03 1.04 1.06 1.01 1.02 1.02 1.06 1.02 1.06 1.06 1.01 1.04 
1.05 1.04 1.02 1.05 1.03 1.04 1.03 1.03 1.03 1.05 1.06 1.05 1.03 1.05 1.04 1.02 1.03 1.04 1.01 1.02 
1.03 1.01 1.04 1.04 1.05 1.03 1.04 1.05 1.03 1.06 1.04 1.03 1.03 1.05 1.02 1.03 1.01 1.03 1.04 1.01 
1.06 1.06 1.03 1.05 1.01 1.05 1.03 1.02 1.05 1.02 1.05 1.03 1.03 1.06 1.05 1.04 1.03 1.06 1.05 1.02 
1.05 1.02 1.03 1.04 1.01 1.06 1.04 1.03 1.01 1.03 1.04 1.04 1.04 1.03 1.01 1.06 1.02 1.05 1.03 1.03 
1.01 1.06 1.02 1.05 1.05 1.04 1.04 1.04 1.02 1.01 1.06 1.04 1.05 1.06 1.01 1.04 1.02 1.01 1.06 1.06 
1.03 1.02 1.05 1.03 1.04 1.06 1.02 1.03 1.04 1.05 1.03 1.03 1.04 1.02 1.06 1.01 1.06 1.04 1.05 1.05 
1.06 1.02 1.03 1.06 1.06 1.05 1.02 1.06 1.01 1.06 1.04 1.01 1.04 1.05 1.01 1.06 1.03 1.03 1.01 1.02 
1.05 1.05 1.04 1.05 1.04 1.01 1.03 1.05 1.06 1.02 1.04 1.02 1.06 1.01 1.02 1.06 1.03 1.01 1.03 1.02 
1.01 1.04 1.01 1.05 1.05 1.04 1.02 1.01 1.06 1.03 1.01 1.03 1.01 1.04 1.06 1.04 1.03 1.04 1.06 1.06 
1.06 1.01 1.06 1.03 1.01 1.05 1.03 1.02 1.02 1.05 1.04 1.03 1.02 1.02 1.05 1.05 1.05 1.06 1.03 1.03 
1.05 1.02 1.06 1.01 1.01 1.06 1.05 1.04 1.06 1.02 1.02 1.02 1.03 1.01 1.05 1.05 1.04 1.06 1.03 1.03 
1.03 1.03 1.03 1.06 1.02 1.01 1.02 1.04 1.04 1.02 1.01 1.03 1.03 1.03 1.02 1.01 1.02 1.01 1.05 1.03 
1.02 1.02 1.02 1.06 1.05 1.02 1.06 1.06 1.05 1.05 1.06 1.01 1.05 1.02 1.01 1.02 1.04 1.04 1.03 1.05 
1.02 1.02 1.04 1.06 1.03 1.03 1.01 1.03 1.05 1.01 1.01 1.06 1.04 1.04 1.04 1.05 1.03 1.06 1.05 1.04 
1.04 1.05 1.04 1.01 1.05 1.01 1.04 1.04 1.05 1.05 1.06 1.01 1.01 1.06 1.02 1.01 1.03 1.06 1.03 1.05 
1.06 1.02 1.03 1.01 1.06 1.04 1.02 1.02 1.02 1.01 1.04 1.04 1.05 1.02 1.06 1.04 1.05 1.01 1.02 1.05 
1.02 1.02 1.02 1.02 1.05 1.06 1.03 1.02 1.06 1.06 1.06 1.02 1.05 1.04 1.05 1.01 1.04 1.02 1.01 1.06 
1.03 1.05 1.02 1.05 1.04 1.06 1.06 1.03 1.04 1.01 1.02 1.06 1.05 1.06 1.05 1.03 1.04 1.02 1.06 1.06 
1.02 1.05 1.06 1.04 1.05 1.03 1.02 1.06 1.02 1.03 1.04 1.01 1.02 1.04 1.05 1.06 1.03 1.04 1.01 1.03 
1.02 1.05 1.02 1.03 1.02 1.05 1.01 1.05 1.06 1.05 1.01 1.02 1.01 1.03 1.06 1.04 1.05 1.05 1.01 1.04 
1.06 1.03 1.02 1.04 1.01 1.01 1.05 1.02 1.01 1.05 1.06 1.03 1.06 1.06 1.04 1.05 1.03 1.05 1.01 1.03 
1.05 1.01 1.06 1.03 1.06 1.01 1.01 1.06 1.03 1.03 1.02 1.05 1.02 1.06 1.01 1.05 1.01 1.02 1.05 1.03 
1.01 1.01 1.06 1.06 1.03 1.04 1.01 1.06 1.06 1.02 1.05 1.06 1.01 1.05 1.02 1.01 1.03 1.03 1.02 1.04 
1.02 1.01 1.05 1.03 1.02 1.04 1.05 1.03 1.05 1.06 1.03 1.05 1.06 1.03 1.03 1.02 1.05 1.02 1.05 1.01 
1.05 1.04 1.01 1.02 1.05 1.03 1.03 1.04 1.04 1.03 1.01 1.02 1.01 1.05 1.03 1.01 1.04 1.03 1.06 1.02 
1.01 1.06 1.03 1.06 1.04 1.05 1.01 1.02 1.03 1.02 1.05 1.04 1.06 1.03 1.02 1.04 1.06 1.02 1.06 1.06 
1.03 1.05 1.01 1.02 1.04 1.05 1.04 1.04 1.02 1.04 1.04 1.01 1.06 1.02 1.06 1.05 1.04 1.05 1.06 1.03 
1.06 1.06 1.03 1.05 1.05 1.05 1.01 1.06 1.02 1.06 1.04 1.05 1.05 1.06 1.06 1.03 1.06 1.01 1.02 1.06 
1.06 1.05 1.01 1.01 1.01 1.02 1.03 1.02 1.06 1.05 1.04 1.04 1.01 1.04 1.01 1.02 1.02 1.03 1.03 1.03 
1.04 1.02 1.04 1.06 1.01 1.05 1.06 1.02 1.06 1.03 1.01 1.04 1.02 1.03 1.05 1.02 1.04 1.04 1.02 1.05 
1.05 1.03 1.03 1.04 1.06 1.03 1.04 1.04 1.06 1.05 1.04 1.01 1.05 1.02 1.04 1.05 1.03 1.05 1.06 1.02 
1.04 1.05 1.02 1.02 1.02 1.04 1.06 1.05 1.04 1.02 1.01 1.04 1.06 1.05 1.03 1.04 1.03 1.01 1.06 1.01 
1.02 1.05 1.06 1.05 1.05 1.03 1.06 1.03 1.04 1.05 1.02 1.01 1.01 1.02 1.03 1.02 1.03 1.05 1.02 1.04 
1.06 1.05 1.02 1.01 1.03 1.01 1.03 1.05 1.01 1.06 1.06 1.01 1.03 1.05 1.05 1.04 1.05 1.03 1.04 1.05 
1.03 1.05 1.02 1.04 1.06 1.04 1.04 1.05 1.02 1.06 1.04 1.06 1.06 1.01 1.01 1.05 1.01 1.03 1.06 1.04 
1.03 1.03 1.06 1.05 1.03 1.03 1.01 1.03 1.01 1.01 1.06 1.06 1.04 1.01 1.06 1.06 1.05 1.02 1.04 1.02 
1.05 1.01 1.03 1.05 1.06 1.02 1.06 1.06 1.06 1.06 1.06 1.04 1.01 1.06 1.02 1.03 1.04 1.03 1.01 1.03 
1.06 1.01 1.06 1.01 1.04 1.04 1.01 1.06 1.03 1.02 1.04 1.01 1.05 1.02 1.04 1.02 1.05 1.02 1.01 1.01 
1.05 1.04 1.01 1.01 1.06 1.04 1.05 1.02 1.05 1.03 1.03 1.02 1.05 1.03 1.04 1.05 1.03 1.02 1.02 1.01 
1.06 1.01 1.02 1.05 1.01 1.04 1.05 1.02 1.02 1.01 1.04 1.01 1.05 1.03 1.04 1.04 1.03 1.02 1.05 1.05 
1.03 1.05 1.03 1.01 1.04 1.05 1.04 1.01 1.06 1.03 1.03 1.05 1.05 1.01 1.06 1.04 1.01 1.05 1.06 1.06 
1.04 1.05 1.01 1.06 1.04 1.01 1.03 1.04 1.04 1.01 1.06 1.06 1.03 1.05 1.01 1.01 1.06 1.05 1.06 1.06 
1.04 1.03 1.04 1.05 1.03 1.03 1.03 1.06 1.04 1.02 1.02 1.03 1.06 1.06 1.06 1.04 1.05 1.04 1.04 1.06 
1.02 1.06 1.03 1.02 1.01 1.04 1.06 1.03 1.06 1.05 1.03 1.01 1.05 1.06 1.05 1.01 1.02 1.01 1.03 1.04 
1.02 1.04 1.06 1.03 1.06 1.04 1.04 1.03 1.05 1.02 1.04 1.01 1.06 1.05 1.04 1.03 1.05 1.04 1.02 1.06 
1.06 1.05 1.02 1.02 1.06 1.01 1.03 1.04 1.03 1.06 1.06 1.05 1.02 1.01 1.03 1.01 1.06 1.05 1.02 1.01 
1.02 1.01 1.03 1.05 1.04 1.05 1.03 1.02 1.05 1.05 1.01 1.05 1.05 1.04 1.02 1.04 1.06 1.03 1.02 1.06 
1.06 1.02 1.01 1.06 1.03 1.01 1.05 1.03 1.03 1.06 1.04 1.05 1.05 1.02 1.03 1.06 1.05 1.02 1.01 1.05 
1.05 1.05 1.04 1.01 1.02 1.04 1.01 1.04 1.01 1.04 1.02 1.02 1.04 1.04 1.02 1.06 1.03 1.04 1.04 1.02 
1.04 1.03 1.02 1.03 1.05 1.05 1.05 1.03 1.05 1.02 1.03 1.05 1.03 1.04 1.04 1.01 1.03 1.01 1.05 1.01 
1.01 1.05 1.06 1.01 1.02 1.04 1.03 1.03 1.03 1.02 1.06 1.06 1.03 1.02 1.05 1.06 1.02 1.06 1.03 1.02 
1.01 1.03 1.05 1.01 1.05 1.05 1.05 1.02 1.06 1.05 1.05 1.02 1.01 1.06 1.03 1.03 1.06 1.02 1.03 1.01 
1.02 1.01 1.03 1.02 1.01 1.05 1.03 1.06 1.06 1.05 1.04 1.04 1.02 1.05 1.01 1.04 1.01 1.01 1.01 1.04 
1.04 1.06 1.01 1.05 1.02 1.05 1.01 1.01 1.01 1.04 1.06 1.05 1.04 1.05 1.03 1.05 1.03 1.06 1.04 1.01 
1.06 1.02 1.02 1.02 1.06 1.06 1.01 1.01 1.03 1.02 1.03 1.06 1.02 1.04 1.05 1.05 1.01 1.06 1.02 1.03 
1.02 1.04 1.01 1.03 1.02 1.03 1.04 1.01 1.01 1.01 1.02 1.06 1.05 1.03 1.01 1.01 1.04 1.04 1.03 1.03 
1.02 1.05 1.01 1.03 1.05 1.01 1.02 1.06 1.03 1.03 1.03 1.02 1.05 1.01 1.04 1.06 1.06 1.03 1.04 1.05 
1.02 1.06 1.04 1.04 1.06 1.02 1.02 1.04 1.06 1.01 1.01 1.01 1.01 1.02 1.03 1.02 1.01 1.01 1.03 1.05 
1.06 1.06 1.04 1.06 1.01 1.04 1.03 1.05 1.01 1.03 1.05 1.01 1.01 1.06 1.01 1.05 1.06 1.05 1.03 1.04 
1.01 1.03 1.01 1.05 1.01 1.03 1.02 1.06 1.06 1.01 1.06 1.04 1.06 1.06 1.05 1.04 1.01 1.03 1.01 1.05 
1.02 1.01 1.04 1.06 1.04 1.03 1.01 1.05 1.05 1.02 1.05 1.01 1.04 1.03 1.04 1.02 1.02 1.04 1.06 1.04 
1.04 1.03 1.01 1.04 1.02 1.05 1.04 1.01 1.01 1.01 1.06 1.01 1.01 1.03 1.04 1.06 1.03 1.06 1.06 1.03 
1.05 1.06 1.02 1.04 1.04 1.03 1.03 1.05 1.06 1.05 1.03 1.05 1.06 1.06 1.06 1.02 1.01 1.02 1.02 1.02 
1.03 1.06 1.06 1.01 1.01 1.03 1.06 1.06 1.01 1.03 1.06 1.01 1.05 1.03 1.04 1.05 1.03 1.05 1.03 1.01 
1.06 1.02 1.02 1.04 1.06 1.03 1.05 1.02 1.03 1.04 1.02 1.06 1.02 1.02 1.06 1.06 1.06 1.05 1.04 1.03 
1.03 1.05 1.06 1.06 1.02 1.01 1.02 1.05 1.03 1.03 1.06 1.05 1.05 1.05 1.01 1.02 1.02 1.02 1.03 1.05 
1.03 1.05 1.04 1.02 1.01 1.05 1.05 1.06 1.03 1.06 1.02 1.06 1.06 1.03 1.03 1.05 1.06 1.02 1.06 1.02 
1.02 1.05 1.02 1.04 1.02 1.01 1.01 1.03 1.06 1.01 1.05 1.01 1.04 1.01 1.06 1.05 1.03 1.01 1.01 1.02 
1.01 1.04 1.05 1.06 1.05 1.01 1.03 1.01 1.02 1.02 1.02 1.01 1.06 1.05 1.06 1.03 1.03 1.02 1.04 1.06 
1.01 1.01 1.03 1.05 1.02 1.02 1.02 1.03 1.01 1.02 1.06 1.06 1.01 1.04 1.04 1.03 1.06 1.04 1.02 1.01 
1.01 1.03 1.04 1.05 1.05 1.01 1.03 1.05 1.04 1.05 1.06 1.04 1.05 1.03 1.03 1.05 1.04 1.06 1.03 1.01 
1.05 1.03 1.06 1.05 1.01 1.05 1.02 1.06 1.05 1.02 1.04 1.04 1.01 1.03 1.01 1.04 1.02 1.02 1.06 1.05 
1.05 1.01 1.06 1.04 1.04 1.05 1.04 1.06 1.01 1.04 1.04 1.06 1.01 1.06 1.05 1.02 1.01 1.01 1.03 1.01 
1.05 1.03 1.02 1.03 1.02 1.05 1.02 1.03 1.04 1.04 1.01 1.01 1.06 1.04 1.02 1.03 1.02 1.04 1.04 1.01 
1.03 1.02 1.01 1.05 1.02 1.06 1.06 1.03 1.05 1.06 1.03 1.03 1.01 1.06 1.04 1.02 1.01 1.05 1.05 1.04 
1.06 1.05 1.02 1.06 1.03 1.04 1.04 1.05 1.02 1.04 1.03 1.01 1.01 1.03 1.04 1.03 1.01 1.04 1.02 1.05 
1.03 1.04 1.04 1.04 1.05 1.05 1.02 1.02 1.06 1.03 1.04 1.06 1.04 1.01 1.03 1.01 1.04 1.02 1.03 1.03 
1.01 1.05 1.06 1.05 1.05 1.05 1.01 1.01 1.06 1.06 1.03 1.02 1.05 1.05 1.02 1.01 1.06 1.02 1.05 1.05 
1.05 1.03 1.05 1.03 1.02 1.02 1.02 1.05 1.03 1.01 1.03 1.05 1.04 1.05 1.05 1.04 1.02 1.01 1.04 1.06 
1.02 1.04 1.03 1.05 1.06 1.06 1.01 1.05 1.01 1.03 1.01 1.03 1.02 1.03 1.05 1.04 1.05 1.06 1.01 1.01 
1.06 1.03 1.02 1.04 1.01 1.06 1.06 1.05 1.01 1.03 1.06 1.02 1.06 1.06 1.04 1.02 1.03 1.05 1.01 1.02 
1.04 1.06 1.05 1.01 1.04 1.03 1.05 1.06 1.04 1.03 1.06 1.05 1.02 1.01 1.03 1.04 1.04 1.04 1.06 1.06 
1.04 1.06 1.02 1.04 1.04 1.04 1.01 1.04 1.01 1.02 1.02 1.05 1.02 1.02 1.05 1.04 1.03 1.03 1.01 1.04 
1.04 1.01 1.03 1.04 1.06 1.01 1.01 1.06 1.06 1.06 1.05 1.06 1.06 1.06 1.04 1.03 1.03 1.05 1.03 1.02 
1.06 1.02 1.04 1.02 1.06 1.03 1.01 1.04 1.02 1.03 1.01 1.03 1.03 1.04 1.04 1.06 1.01 1.05 1.06 1.05 
1.06 1.06 1.04 1.06 1.01 1.04 1.02 1.06 1.03 1.03 1.02 1.01 1.05 1.04 1.02 1.04 1.06 1.02 1.02 1.01 
1.04 1.01 1.03 1.05 1.06 1.01 1.05 1.06 1.05 1.03 1.04 1.02 1.04 1.05 1.05 1.05 1.02 1.04 1.03 1.06 
1.01 1.04 1.06 1.02 1.02 1.01 1.05 1.03 1.06 1.03 1.04 1.02 1.06 1.06 1.04 1.03 1.06 1.06 1.06 1.06 
1.06 1.01 1.04 1.06 1.01 1.06 1.06 1.06 1.02 1.03 1.05 1.02 1.06 1.03 1.05 1.05 1.05 1.02 1.02 1.06 
1.03 1.03 1.02 1.01 1.06 1.02 1.02 1.01 1.03 1.03 1.03 1.01 1.01 1.05 1.02 1.03 1.06 1.03 1.04 1.02 
1.01 1.03 1.04 1.01 1.06 1.04 1.06 1.03 1.02 1.03 1.01 1.06 1.02 1.02 1.02 1.01 1.06 1.05 1.03 1.01 
1.06 1.02 1.05 1.04 1.03 1.06 1.02 1.06 1.03 1.06 1.01 1.04 1.02 1.04 1.05 1.04 1.02 1.03 1.01 1.06 
1.02 1.04 1.04 1.06 1.02 1.04 1.02 1.01 1.02 1.05 1.02 1.02 1.05 1.03 1.01 1.04 1.04 1.04 1.06 1.06 
