20
200
46 78 76 64 67 75 71 97 78 82 5 55 53 5 59 2 86 47 19 9 21 37 12 11 18 93 53 10 25 23 90 56 38 60 15 89 80 47 78 89 37 90 59 24 38 44 6 59 13 53 1 22 56 51 59 46 100 82 76 37 42 50 86 92 13 59 19 49 28 74 76 60 29 82 9 70 10 9 90 56 26 60 41 82 68 96 21 16 92 55 39 37 6 51 91 81 87 93 73 14 33 64 40 47 6 62 31 85 84 11 38 67 39 94 4 64 32 9 74 86 93 40 14 53 73 84 53 72 69 20 81 59 54 21 48 42 81 50 89 69 21 58 20 84 60 21 35 13 32 29 98 11 63 86 89 73 41 7 55 4 98 54 71 70 67 81 78 28 61 51 34 93 91 59 2 26 23 63 37 84 65 23 8 4 55 15 75 23 56 79 19 79 38 21 19 36 57 80 15 14 
1 2 2 1 3 3 1 2 2 2 1 3 3 1 2 3 3 3 2 2 
1.05 1.08 1.06 1.05 1.05 1.07 1.07 1.05 1.08 1.06 1.05 1.07 1.07 1.07 1.06 1.05 1.05 1.05 1.05 1.06 
1.07 1.08 1.07 1.07 1.09 1.07 1.06 1.05 1.07 1.06 1.07 1.05 1.06 1.07 1.06 1.06 1.07 1.08 1.05 1.06 
1.09 1.06 1.05 1.06 1.07 1.09 1.05 1.06 1.09 1.09 1.08 1.05 1.09 1.05 1.07 1.09 1.06 1.09 1.09 1.05 
1.05 1.08 1.07 1.05 1.07 1.06 1.07 1.07 1.05 1.09 1.07 1.05 1.09 1.08 1.07 1.09 1.09 1.06 1.07 1.06 
1.09 1.07 1.06 1.07 1.08 1.05 1.08 1.05 1.06 1.05 1.06 1.07 1.07 1.09 1.06 1.06 1.09 1.08 1.09 1.07 
1.08 1.06 1.06 1.06 1.07 1.08 1.06 1.06 1.09 1.07 1.05 1.05 1.06 1.07 1.06 1.05 1.09 1.07 1.06 1.05 
1.07 1.06 1.05 1.08 1.05 1.06 1.05 1.05 1.06 1.07 1.09 1.08 1.08 1.05 1.09 1.05 1.06 1.05 1.09 1.09 
1.07 1.09 1.06 1.05 1.07 1.08 1.06 1.05 1.05 1.09 1.09 1.08 1.06 1.08 1.05 1.09 1.05 1.05 1.09 1.06 
1.09 1.07 1.06 1.06 1.07 1.08 1.07 1.06 1.07 1.08 1.09 1.09 1.05 1.06 1.05 1.06 1.08 1.07 1.08 1.06 
1.07 1.08 1.05 1.06 1.08 1.07 1.08 1.08 1.07 1.07 1.09 1.05 1.08 1.05 1.07 1.09 1.05 1.09 1.09 1.07 
1.07 1.05 1.06 1.07 1.06 1.06 1.06 1.05 1.05 1.06 1.08 1.08 1.07 1.09 1.05 1.06 1.05 1.07 1.07 1.07 
1.07 1.08 1.05 1.09 1.09 1.06 1.07 1.06 1.06 1.05 1.08 1.05 1.09 1.09 1.07 1.07 1.07 1.07 1.07 1.07 
1.07 1.09 1.07 1.05 1.06 1.09 1.07 1.06 1.07 1.08 1.05 1.05 1.09 1.06 1.08 1.09 1.08 1.08 1.09 1.07 
1.05 1.07 1.05 1.09 1.07 1.09 1.06 1.05 1.08 1.07 1.05 1.05 1.05 1.08 1.08 1.08 1.09 1.06 1.08 1.07 
1.09 1.05 1.06 1.08 1.09 1.07 1.09 1.05 1.08 1.05 1.07 1.09 1.08 1.09 1.08 1.09 1.08 1.09 1.09 1.09 
1.06 1.09 1.06 1.07 1.06 1.07 1.06 1.07 1.09 1.09 1.07 1.08 1.06 1.08 1.07 1.07 1.09 1.08 1.08 1.07 
1.05 1.09 1.08 1.09 1.09 1.07 1.07 1.08 1.05 1.08 1.05 1.08 1.06 1.07 1.06 1.09 1.09 1.07 1.05 1.09 
1.06 1.07 1.06 1.08 1.06 1.05 1.07 1.09 1.06 1.07 1.06 1.06 1.09 1.09 1.07 1.09 1.07 1.05 1.05 1.09 
1.05 1.06 1.09 1.09 1.05 1.06 1.08 1.05 1.09 1.07 1.06 1.05 1.09 1.08 1.09 1.06 1.09 1.06 1.08 1.07 
1.07 1.06 1.07 1.08 1.06 1.07 1.05 1.06 1.08 1.06 1.06 1.06 1.05 1.09 1.07 1.09 1.09 1.06 1.08 1.05 
1.05 1.09 1.08 1.07 1.07 1.08 1.05 1.09 1.09 1.07 1.06 1.09 1.08 1.06 1.09 1.07 1.08 1.08 1.06 1.08 
1.08 1.07 1.06 1.06 1.05 1.09 1.08 1.07 1.09 1.08 1.09 1.08 1.09 1.07 1.07 1.06 1.05 1.05 1.08 1.07 
1.08 1.08 1.08 1.07 1.05 1.07 1.08 1.09 1.08 1.09 1.08 1.09 1.09 1.09 1.06 1.06 1.08 1.05 1.07 1.05 
1.07 1.06 1.05 1.08 1.06 1.08 1.06 1.07 1.06 1.06 1.08 1.08 1.07 1.07 1.07 1.05 1.06 1.08 1.07 1.07 
1.05 1.06 1.06 1.05 1.05 1.09 1.06 1.08 1.09 1.05 1.06 1.09 1.05 1.07 1.08 1.09 1.09 1.07 1.08 1.06 
1.08 1.05 1.09 1.07 1.07 1.06 1.06 1.05 1.07 1.06 1.05 1.08 1.09 1.06 1.09 1.06 1.06 1.09 1.09 1.07 
1.09 1.09 1.05 1.07 1.08 1.08 1.09 1.09 1.09 1.05 1.06 1.09 1.05 1.09 1.06 1.08 1.08 1.05 1.07 1.05 
1.09 1.09 1.05 1.06 1.09 1.07 1.08 1.06 1.05 1.09 1.05 1.06 1.06 1.06 1.09 1.06 1.09 1.06 1.06 1.05 
1.09 1.06 1.08 1.08 1.09 1.07 1.09 1.09 1.08 1.08 1.09 1.07 1.09 1.06 1.07 1.08 1.07 1.08 1.08 1.09 
1.08 1.09 1.05 1.05 1.09 1.09 1.07 1.05 1.07 1.07 1.07 1.06 1.07 1.06 1.09 1.07 1.08 1.07 1.06 1.07 
1.06 1.06 1.08 1.05 1.09 1.05 1.05 1.07 1.06 1.06 1.07 1.07 1.05 1.09 1.07 1.09 1.08 1.05 1.07 1.08 
1.09 1.07 1.08 1.09 1.08 1.05 1.09 1.05 1.07 1.05 1.08 1.07 1.06 1.05 1.09 1.05 1.07 1.08 1.06 1.09 
1.06 1.05 1.08 1.06 1.06 1.07 1.08 1.07 1.05 1.08 1.05 1.07 1.07 1.07 1.08 1.09 1.06 1.05 1.06 1.05 
1.06 1.07 1.08 1.05 1.06 1.09 1.08 1.09 1.09 1.06 1.08 1.07 1.08 1.07 1.08 1.08 1.07 1.07 1.07 1.05 
1.05 1.05 1.09 1.05 1.09 1.07 1.08 1.09 1.07 1.07 1.07 1.09 1.05 1.08 1.06 1.08 1.09 1.06 1.06 1.09 
1.07 1.08 1.06 1.07 1.06 1.05 1.05 1.08 1.06 1.06 1.06 1.05 1.08 1.05 1.08 1.08 1.06 1.06 1.08 1.05 
1.06 1.07 1.05 1.06 1.08 1.05 1.07 1.08 1.06 1.05 1.07 1.07 1.07 1.09 1.07 1.08 1.08 1.09 1.07 1.07 
1.05 1.05 1.06 1.05 1.05 1.09 1.07 1.05 1.07 1.07 1.05 1.08 1.09 1.07 1.08 1.09 1.07 1.07 1.08 1.08 
1.09 1.05 1.08 1.05 1.09 1.07 1.09 1.06 1.09 1.07 1.09 1.07 1.08 1.08 1.07 1.05 1.05 1.07 1.06 1.08 
1.05 1.09 1.08 1.08 1.07 1.06 1.09 1.07 1.07 1.07 1.08 1.05 1.06 1.05 1.08 1.09 1.05 1.05 1.08 1.07 
1.09 1.05 1.09 1.07 1.06 1.07 1.09 1.07 1.07 1.07 1.09 1.09 1.06 1.09 1.05 1.09 1.07 1.06 1.07 1.07 
1.05 1.07 1.05 1.07 1.05 1.06 1.08 1.08 1.06 1.06 1.05 1.08 1.07 1.08 1.05 1.07 1.07 1.07 1.06 1.07 
1.05 1.06 1.08 1.06 1.07 1.06 1.07 1.09 1.08 1.08 1.07 1.07 1.08 1.08 1.09 1.06 1.09 1.09 1.08 1.06 
1.05 1.09 1.08 1.09 1.06 1.06 1.08 1.07 1.05 1.07 1.09 1.08 1.09 1.06 1.05 1.07 1.09 1.07 1.08 1.07 
1.09 1.06 1.06 1.05 1.05 1.09 1.09 1.05 1.06 1.06 1.09 1.08 1.08 1.05 1.06 1.05 1.06 1.08 1.08 1.07 
1.06 1.08 1.06 1.06 1.07 1.05 1.07 1.08 1.08 1.06 1.08 1.07 1.05 1.06 1.07 1.05 1.09 1.07 1.09 1.09 
1.07 1.07 1.09 1.06 1.09 1.07 1.06 1.09 1.06 1.08 1.05 1.07 1.07 1.05 1.09 1.07 1.06 1.07 1.06 1.08 
1.06 1.05 1.08 1.09 1.05 1.09 1.08 1.08 1.08 1.09 1.07 1.06 1.09 1.08 1.08 1.05 1.09 1.06 1.09 1.09 
1.09 1.08 1.08 1.05 1.06 1.09 1.06 1.08 1.05 1.08 1.08 1.06 1.05 1.07 1.09 1.08 1.09 1.05 1.06 1.08 
1.06 1.05 1.06 1.09 1.08 1.08 1.08 1.05 1.09 1.05 1.08 1.06 1.08 1.09 1.08 1.09 1.06 1.08 1.07 1.08 
1.07 1.05 1.06 1.09 1.06 1.05 1.09 1.05 1.09 1.07 1.05 1.06 1.08 1.05 1.06 1.08 1.08 1.05 1.05 1.09 
1.09 1.06 1.06 1.05 1.07 1.09 1.05 1.06 1.05 1.07 1.08 1.08 1.08 1.06 1.06 1.07 1.06 1.07 1.08 1.06 
1.08 1.05 1.08 1.06 1.09 1.07 1.09 1.06 1.06 1.09 1.07 1.07 1.06 1.07 1.06 1.05 1.06 1.08 1.08 1.06 
1.08 1.06 1.07 1.09 1.08 1.07 1.08 1.05 1.06 1.05 1.05 1.07 1.08 1.07 1.06 1.07 1.07 1.08 1.08 1.08 
1.09 1.09 1.09 1.07 1.08 1.09 1.07 1.07 1.07 1.09 1.05 1.07 1.07 1.07 1.08 1.07 1.08 1.07 1.09 1.06 
1.06 1.08 1.06 1.08 1.09 1.09 1.07 1.08 1.08 1.08 1.05 1.05 1.05 1.05 1.06 1.09 1.09 1.05 1.08 1.07 
1.06 1.09 1.06 1.09 1.07 1.06 1.08 1.05 1.09 1.06 1.06 1.07 1.05 1.07 1.07 1.06 1.06 1.07 1.09 1.06 
1.06 1.05 1.07 1.07 1.08 1.09 1.09 1.05 1.08 1.08 1.06 1.07 1.08 1.06 1.06 1.09 1.09 1.07 1.06 1.06 
1.06 1.06 1.09 1.08 1.06 1.05 1.08 1.08 1.07 1.08 1.07 1.08 1.05 1.08 1.08 1.06 1.05 1.05 1.05 1.08 
1.07 1.05 1.09 1.06 1.08 1.07 1.06 1.05 1.08 1.07 1.09 1.06 1.06 1.05 1.08 1.09 1.05 1.06 1.08 1.07 
1.09 1.08 1.08 1.05 1.08 1.07 1.08 1.05 1.05 1.06 1.06 1.06 1.09 1.05 1.09 1.05 1.09 1.06 1.06 1.05 
1.08 1.08 1.06 1.08 1.05 1.07 1.06 1.06 1.08 1.07 1.09 1.09 1.08 1.07 1.07 1.07 1.05 1.07 1.07 1.05 
1.07 1.08 1.05 1.08 1.05 1.06 1.05 1.05 1.06 1.05 1.07 1.05 1.05 1.06 1.06 1.07 1.09 1.07 1.05 1.08 
1.06 1.09 1.09 1.08 1.08 1.07 1.09 1.08 1.05 1.08 1.06 1.07 1.07 1.08 1.06 1.06 1.07 1.08 1.05 1.06 
1.07 1.07 1.08 1.09 1.05 1.07 1.08 1.07 1.07 1.06 1.07 1.07 1.07 1.07 1.08 1.09 1.09 1.08 1.08 1.06 
1.05 1.09 1.05 1.05 1.09 1.07 1.08 1.05 1.07 1.09 1.09 1.07 1.08 1.09 1.08 1.05 1.06 1.08 1.05 1.07 
1.06 1.07 1.09 1.07 1.05 1.08 1.08 1.05 1.05 1.08 1.07 1.07 1.08 1.08 1.07 1.07 1.06 1.09 1.05 1.06 
1.09 1.06 1.06 1.06 1.08 1.05 1.09 1.09 1.07 1.09 1.07 1.05 1.05 1.06 1.09 1.06 1.09 1.09 1.06 1.08 
1.07 1.05 1.09 1.08 1.07 1.09 1.09 1.09 1.08 1.07 1.05 1.07 1.08 1.07 1.05 1.07 1.09 1.09 1.09 1.07 
1.09 1.06 1.06 1.06 1.06 1.06 1.06 1.09 1.05 1.07 1.06 1.08 1.05 1.05 1.07 1.09 1.05 1.07 1.09 1.08 
1.05 1.09 1.08 1.06 1.06 1.09 1.07 1.07 1.08 1.09 1.05 1.05 1.09 1.09 1.09 1.05 1.07 1.05 1.07 1.08 
1.06 1.05 1.07 1.05 1.09 1.07 1.05 1.06 1.05 1.09 1.09 1.07 1.08 1.06 1.09 1.09 1.08 1.05 1.07 1.06 
1.07 1.05 1.07 1.08 1.05 1.08 1.05 1.08 1.05 1.08 1.07 1.06 1.09 1.09 1.06 1.08 1.05 1.08 1.05 1.07 
1.06 1.07 1.09 1.06 1.09 1.05 1.06 1.07 1.09 1.06 1.08 1.05 1.05 1.07 1.07 1.06 1.05 1.08 1.09 1.05 
1.09 1.09 1.09 1.09 1.07 1.08 1.06 1.06 1.05 1.08 1.06 1.09 1.06 1.05 1.08 1.05 1.05 1.05 1.05 1.07 
1.08 1.07 1.06 1.07 1.07 1.07 1.08 1.07 1.09 1.06 1.07 1.09 1.06 1.06 1.05 1.07 1.06 1.07 1.05 1.06 
1.07 1.05 1.07 1.08 1.06 1.09 1.08 1.05 1.08 1.09 1.07 1.06 1.05 1.05 1.08 1.06 1.08 1.08 1.05 1.05 
1.07 1.08 1.05 1.08 1.08 1.06 1.09 1.06 1.06 1.08 1.08 1.08 1.05 1.05 1.09 1.09 1.07 1.08 1.07 1.09 
1.07 1.06 1.08 1.07 1.05 1.09 1.05 1.09 1.06 1.05 1.07 1.08 1.05 1.09 1.08 1.08 1.05 1.05 1.07 1.05 
1.05 1.08 1.09 1.09 1.07 1.09 1.05 1.05 1.06 1.08 1.05 1.07 1.08 1.09 1.08 1.09 1.07 1.08 1.07 1.08 
1.05 1.08 1.07 1.06 1.08 1.08 1.07 1.07 1.09 1.05 1.09 1.07 1.05 1.05 1.05 1.08 1.05 1.06 1.09 1.05 
1.09 1.05 1.08 1.06 1.06 1.07 1.09 1.05 1.05 1.07 1.05 1.07 1.06 1.07 1.05 1.05 1.08 1.07 1.07 1.07 
1.07 1.08 1.06 1.06 1.07 1.06 1.05 1.05 1.06 1.07 1.05 1.08 1.05 1.06 1.08 1.08 1.08 1.05 1.09 1.08 
1.05 1.06 1.06 1.05 1.06 1.06 1.06 1.05 1.05 1.09 1.05 1.06 1.08 1.08 1.05 1.06 1.06 1.05 1.06 1.07 
1.08 1.05 1.06 1.07 1.07 1.06 1.08 1.05 1.06 1.06 1.08 1.08 1.09 1.06 1.06 1.09 1.07 1.05 1.06 1.09 
1.06 1.06 1.05 1.05 1.05 1.08 1.08 1.06 1.09 1.05 1.08 1.07 1.06 1.07 1.08 1.09 1.06 1.09 1.06 1.05 
1.08 1.05 1.05 1.09 1.06 1.06 1.07 1.06 1.09 1.06 1.05 1.06 1.06 1.07 1.08 1.07 1.08 1.08 1.08 1.06 
1.05 1.09 1.09 1.08 1.05 1.06 1.06 1.08 1.07 1.09 1.08 1.07 1.06 1.08 1.09 1.06 1.05 1.08 1.09 1.05 
1.05 1.07 1.07 1.06 1.06 1.08 1.07 1.09 1.07 1.05 1.07 1.08 1.05 1.07 1.06 1.07 1.06 1.06 1.05 1.07 
1.08 1.09 1.07 1.05 1.09 1.07 1.07 1.09 1.05 1.09 1.07 1.09 1.05 1.07 1.06 1.06 1.09 1.08 1.07 1.05 
1.09 1.07 1.05 1.05 1.08 1.09 1.05 1.07 1.09 1.09 1.09 1.08 1.07 1.08 1.06 1.05 1.08 1.06 1.06 1.07 
1.05 1.07 1.07 1.07 1.05 1.05 1.08 1.08 1.07 1.05 1.05 1.08 1.08 1.05 1.05 1.06 1.05 1.08 1.08 1.05 
1.05 1.05 1.09 1.05 1.06 1.06 1.09 1.05 1.05 1.08 1.05 1.08 1.06 1.06 1.08 1.05 1.07 1.08 1.06 1.06 
1.08 1.06 1.08 1.08 1.06 1.05 1.08 1.07 1.08 1.05 1.09 1.08 1.09 1.06 1.06 1.08 1.09 1.05 1.05 1.07 
1.06 1.07 1.06 1.08 1.08 1.09 1.08 1.07 1.09 1.07 1.06 1.09 1.06 1.05 1.08 1.07 1.08 1.05 1.05 1.07 
1.07 1.06 1.06 1.07 1.06 1.06 1.06 1.09 1.06 1.05 1.06 1.09 1.06 1.07 1.05 1.05 1.06 1.09 1.08 1.06 
1.05 1.09 1.08 1.05 1.07 1.09 1.09 1.05 1.07 1.05 1.08 1.06 1.06 1.05 1.08 1.09 1.06 1.06 1.05 1.08 
1.05 1.07 1.07 1.05 1.08 1.06 1.09 1.09 1.05 1.08 1.07 1.05 1.07 1.08 1.09 1.09 1.05 1.06 1.07 1.05 
1.05 1.09 1.09 1.09 1.07 1.08 1.07 1.08 1.06 1.07 1.08 1.08 1.09 1.05 1.08 1.06 1.09 1.05 1.09 1.07 
1.07 1.08 1.05 1.09 1.09 1.06 1.08 1.06 1.09 1.08 1.05 1.08 1.08 1.06 1.07 1.09 1.07 1.07 1.06 1.05 
1.09 1.09 1.09 1.06 1.08 1.08 1.05 1.06 1.06 1.08 1.05 1.09 1.06 1.07 1.09 1.07 1.07 1.09 1.07 1.09 
1.06 1.08 1.08 1.08 1.05 1.07 1.08 1.05 1.05 1.05 1.05 1.08 1.09 1.07 1.05 1.05 1.09 1.07 1.06 1.09 
1.05 1.05 1.07 1.08 1.08 1.05 1.07 1.09 1.07 1.08 1.07 1.09 1.07 1.05 1.06 1.06 1.09 1.08 1.05 1.09 
1.05 1.07 1.07 1.08 1.05 1.06 1.07 1.09 1.09 1.09 1.06 1.05 1.09 1.06 1.09 1.06 1.06 1.09 1.05 1.09 
1.08 1.07 1.05 1.08 1.05 1.07 1.06 1.09 1.06 1.06 1.05 1.05 1.09 1.06 1.06 1.06 1.07 1.08 1.08 1.09 
1.09 1.08 1.09 1.09 1.07 1.06 1.08 1.06 1.09 1.08 1.07 1.05 1.06 1.07 1.09 1.05 1.05 1.07 1.07 1.05 
1.07 1.08 1.08 1.09 1.09 1.05 1.06 1.08 1.07 1.08 1.05 1.08 1.06 1.09 1.08 1.06 1.05 1.09 1.07 1.06 
1.06 1.07 1.06 1.08 1.09 1.06 1.05 1.09 1.08 1.05 1.05 1.08 1.07 1.08 1.05 1.06 1.07 1.06 1.07 1.09 
1.05 1.08 1.06 1.07 1.06 1.05 1.08 1.05 1.07 1.05 1.08 1.06 1.08 1.05 1.05 1.06 1.09 1.08 1.06 1.07 
1.05 1.07 1.07 1.07 1.05 1.05 1.07 1.06 1.07 1.09 1.07 1.05 1.06 1.06 1.09 1.09 1.06 1.08 1.07 1.07 
1.05 1.05 1.09 1.06 1.05 1.08 1.05 1.07 1.08 1.07 1.07 1.07 1.07 1.06 1.07 1.07 1.05 1.07 1.05 1.05 
1.07 1.07 1.05 1.06 1.08 1.05 1.05 1.09 1.07 1.07 1.08 1.06 1.09 1.05 1.09 1.07 1.06 1.05 1.09 1.05 
1.05 1.09 1.06 1.08 1.05 1.06 1.06 1.05 1.05 1.06 1.07 1.05 1.08 1.06 1.05 1.06 1.08 1.05 1.09 1.05 
1.08 1.05 1.08 1.09 1.06 1.08 1.07 1.07 1.05 1.05 1.09 1.06 1.09 1.08 1.08 1.05 1.06 1.06 1.06 1.05 
1.06 1.06 1.09 1.09 1.09 1.08 1.06 1.08 1.05 1.08 1.07 1.05 1.07 1.07 1.06 1.06 1.09 1.07 1.07 1.05 
1.09 1.06 1.06 1.07 1.08 1.05 1.06 1.08 1.05 1.09 1.08 1.08 1.08 1.09 1.05 1.05 1.08 1.05 1.05 1.06 
1.08 1.07 1.06 1.06 1.05 1.08 1.07 1.08 1.07 1.09 1.07 1.08 1.09 1.09 1.07 1.05 1.07 1.08 1.09 1.05 
1.07 1.07 1.08 1.05 1.06 1.05 1.05 1.09 1.09 1.05 1.09 1.09 1.07 1.09 1.06 1.05 1.08 1.09 1.06 1.08 
1.09 1.07 1.07 1.06 1.07 1.06 1.09 1.06 1.05 1.08 1.05 1.08 1.07 1.05 1.08 1.08 1.05 1.05 1.05 1.09 
1.06 1.07 1.05 1.07 1.08 1.05 1.09 1.06 1.09 1.09 1.06 1.09 1.09 1.06 1.07 1.07 1.05 1.08 1.08 1.07 
1.08 1.07 1.06 1.07 1.07 1.07 1.06 1.06 1.05 1.08 1.06 1.07 1.08 1.08 1.09 1.05 1.05 1.09 1.05 1.08 
1.06 1.05 1.07 1.08 1.06 1.08 1.08 1.07 1.08 1.08 1.08 1.05 1.08 1.05 1.05 1.07 1.06 1.05 1.09 1.07 
1.06 1.05 1.08 1.09 1.09 1.07 1.06 1.06 1.09 1.08 1.05 1.07 1.05 1.06 1.05 1.07 1.06 1.08 1.05 1.07 
1.07 1.09 1.06 1.06 1.05 1.07 1.06 1.09 1.05 1.09 1.05 1.09 1.09 1.09 1.08 1.08 1.08 1.08 1.07 1.05 
1.06 1.07 1.06 1.07 1.09 1.07 1.09 1.06 1.05 1.07 1.08 1.08 1.08 1.06 1.05 1.09 1.06 1.07 1.06 1.08 
1.06 1.07 1.05 1.05 1.07 1.08 1.05 1.09 1.08 1.07 1.06 1.07 1.05 1.08 1.06 1.07 1.06 1.09 1.08 1.08 
1.07 1.07 1.08 1.09 1.08 1.09 1.07 1.09 1.05 1.07 1.08 1.06 1.07 1.05 1.07 1.09 1.08 1.06 1.05 1.09 
1.05 1.07 1.05 1.05 1.09 1.06 1.07 1.08 1.06 1.06 1.08 1.08 1.05 1.08 1.09 1.08 1.07 1.06 1.05 1.06 
1.05 1.08 1.09 1.05 1.08 1.05 1.06 1.07 1.07 1.06 1.07 1.05 1.09 1.06 1.07 1.08 1.05 1.05 1.09 1.05 
1.09 1.05 1.06 1.05 1.05 1.07 1.09 1.07 1.07 1.07 1.08 1.08 1.09 1.07 1.08 1.05 1.09 1.07 1.05 1.07 
1.08 1.06 1.05 1.05 1.06 1.06 1.06 1.05 1.08 1.05 1.08 1.07 1.07 1.05 1.07 1.09 1.08 1.07 1.09 1.07 
1.06 1.06 1.09 1.06 1.06 1.05 1.05 1.08 1.05 1.09 1.07 1.05 1.06 1.08 1.06 1.07 1.09 1.05 1.09 1.05 
1.05 1.08 1.08 1.06 1.07 1.05 1.06 1.08 1.07 1.09 1.08 1.08 1.08 1.08 1.09 1.08 1.07 1.07 1.06 1.07 
1.08 1.08 1.07 1.08 1.07 1.09 1.06 1.09 1.08 1.06 1.05 1.05 1.06 1.08 1.06 1.06 1.05 1.05 1.07 1.09 
1.08 1.09 1.06 1.06 1.07 1.09 1.05 1.06 1.06 1.08 1.08 1.05 1.08 1.06 1.06 1.09 1.05 1.06 1.05 1.08 
1.05 1.05 1.06 1.08 1.06 1.05 1.08 1.07 1.08 1.05 1.05 1.05 1.08 1.09 1.09 1.09 1.05 1.07 1.09 1.09 
1.08 1.08 1.08 1.05 1.06 1.09 1.07 1.06 1.08 1.09 1.06 1.06 1.09 1.08 1.09 1.09 1.05 1.05 1.07 1.05 
1.06 1.05 1.05 1.06 1.09 1.06 1.08 1.05 1.07 1.07 1.08 1.07 1.08 1.05 1.09 1.08 1.08 1.09 1.05 1.08 
1.09 1.05 1.07 1.08 1.08 1.07 1.08 1.06 1.06 1.06 1.07 1.07 1.07 1.05 1.05 1.07 1.06 1.08 1.07 1.07 
1.05 1.06 1.05 1.07 1.07 1.09 1.05 1.09 1.05 1.05 1.05 1.09 1.07 1.07 1.09 1.07 1.06 1.08 1.07 1.06 
1.07 1.08 1.09 1.05 1.09 1.09 1.09 1.05 1.07 1.08 1.08 1.07 1.06 1.07 1.06 1.06 1.09 1.05 1.07 1.08 
1.06 1.09 1.08 1.08 1.08 1.08 1.06 1.06 1.06 1.09 1.07 1.09 1.06 1.08 1.06 1.08 1.05 1.09 1.09 1.05 
1.07 1.07 1.06 1.07 1.06 1.06 1.09 1.06 1.09 1.05 1.08 1.07 1.09 1.05 1.09 1.06 1.08 1.05 1.06 1.08 
1.08 1.09 1.07 1.06 1.06 1.07 1.05 1.05 1.05 1.07 1.07 1.05 1.09 1.07 1.06 1.09 1.07 1.05 1.06 1.07 
1.06 1.06 1.07 1.05 1.06 1.06 1.06 1.05 1.08 1.06 1.09 1.07 1.08 1.08 1.07 1.07 1.07 1.09 1.05 1.06 
1.08 1.07 1.09 1.08 1.05 1.09 1.06 1.05 1.06 1.05 1.09 1.05 1.09 1.07 1.07 1.05 1.08 1.09 1.06 1.07 
1.05 1.08 1.07 1.07 1.07 1.07 1.09 1.09 1.07 1.05 1.08 1.06 1.06 1.07 1.09 1.09 1.09 1.07 1.05 1.09 
1.08 1.09 1.08 1.06 1.07 1.08 1.05 1.05 1.09 1.05 1.09 1.06 1.06 1.06 1.07 1.06 1.07 1.05 1.08 1.07 
1.08 1.07 1.06 1.06 1.05 1.08 1.05 1.06 1.07 1.08 1.07 1.06 1.07 1.08 1.09 1.07 1.05 1.06 1.07 1.07 
1.08 1.07 1.05 1.08 1.05 1.06 1.07 1.08 1.07 1.05 1.05 1.09 1.07 1.05 1.05 1.09 1.09 1.08 1.09 1.08 
1.09 1.07 1.09 1.08 1.05 1.09 1.06 1.09 1.09 1.08 1.06 1.09 1.09 1.09 1.09 1.05 1.07 1.08 1.08 1.07 
1.05 1.09 1.06 1.07 1.05 1.07 1.06 1.07 1.08 1.08 1.08 1.09 1.09 1.07 1.09 1.06 1.08 1.06 1.07 1.05 
1.05 1.05 1.07 1.08 1.08 1.09 1.09 1.06 1.05 1.05 1.06 1.05 1.07 1.06 1.09 1.08 1.06 1.07 1.08 1.07 
1.06 1.07 1.09 1.06 1.09 1.06 1.06 1.08 1.06 1.06 1.07 1.07 1.07 1.08 1.06 1.07 1.05 1.05 1.08 1.07 
1.07 1.06 1.07 1.08 1.07 1.07 1.08 1.06 1.08 1.07 1.07 1.05 1.06 1.06 1.05 1.09 1.09 1.06 1.06 1.06 
1.07 1.06 1.05 1.06 1.07 1.06 1.05 1.08 1.07 1.06 1.09 1.06 1.06 1.07 1.08 1.05 1.07 1.07 1.06 1.05 
1.07 1.07 1.09 1.06 1.06 1.08 1.09 1.06 1.05 1.05 1.06 1.05 1.08 1.05 1.09 1.07 1.06 1.07 1.07 1.07 
1.08 1.09 1.09 1.05 1.09 1.06 1.06 1.05 1.09 1.06 1.09 1.05 1.07 1.05 1.08 1.06 1.05 1.09 1.05 1.06 
1.06 1.07 1.06 1.07 1.08 1.06 1.06 1.09 1.05 1.06 1.07 1.08 1.07 1.05 1.07 1.09 1.08 1.06 1.05 1.07 
1.07 1.05 1.07 1.09 1.06 1.07 1.07 1.08 1.07 1.06 1.05 1.08 1.08 1.09 1.05 1.09 1.05 1.07 1.08 1.09 
1.08 1.07 1.07 1.09 1.08 1.08 1.09 1.08 1.05 1.07 1.08 1.05 1.06 1.06 1.08 1.06 1.06 1.06 1.07 1.06 
1.07 1.09 1.06 1.07 1.05 1.05 1.05 1.09 1.08 1.08 1.06 1.08 1.09 1.09 1.07 1.09 1.08 1.08 1.09 1.06 
1.08 1.09 1.09 1.06 1.08 1.08 1.08 1.05 1.05 1.07 1.05 1.06 1.07 1.09 1.05 1.09 1.08 1.06 1.05 1.05 
1.07 1.09 1.06 1.05 1.05 1.09 1.05 1.06 1.06 1.09 1.09 1.06 1.08 1.05 1.06 1.07 1.05 1.09 1.05 1.08 
1.05 1.07 1.09 1.05 1.06 1.07 1.05 1.09 1.06 1.05 1.09 1.06 1.05 1.06 1.07 1.09 1.05 1.05 1.07 1.06 
1.09 1.05 1.06 1.06 1.05 1.09 1.09 1.09 1.06 1.07 1.06 1.08 1.08 1.08 1.06 1.08 1.08 1.06 1.09 1.06 
1.07 1.07 1.08 1.06 1.08 1.05 1.08 1.05 1.07 1.07 1.06 1.08 1.05 1.09 1.07 1.09 1.06 1.08 1.09 1.05 
1.05 1.05 1.09 1.09 1.08 1.09 1.06 1.05 1.07 1.06 1.09 1.06 1.05 1.08 1.05 1.09 1.09 1.09 1.06 1.07 
1.06 1.08 1.08 1.09 1.08 1.05 1.07 1.07 1.07 1.08 1.06 1.06 1.05 1.06 1.09 1.05 1.07 1.05 1.06 1.05 
1.07 1.05 1.07 1.08 1.06 1.05 1.07 1.08 1.06 1.06 1.08 1.08 1.09 1.08 1.05 1.09 1.07 1.08 1.09 1.08 
1.08 1.08 1.08 1.09 1.09 1.08 1.07 1.06 1.07 1.09 1.06 1.06 1.06 1.08 1.07 1.05 1.09 1.06 1.08 1.08 
1.07 1.08 1.08 1.05 1.05 1.05 1.07 1.05 1.05 1.09 1.09 1.07 1.06 1.05 1.09 1.05 1.05 1.05 1.07 1.09 
1.07 1.09 1.06 1.09 1.05 1.05 1.08 1.09 1.08 1.08 1.09 1.09 1.05 1.07 1.05 1.05 1.08 1.09 1.08 1.05 
1.08 1.08 1.05 1.09 1.05 1.07 1.05 1.07 1.05 1.07 1.07 1.06 1.09 1.07 1.05 1.09 1.09 1.08 1.09 1.06 
1.05 1.05 1.06 1.07 1.06 1.07 1.09 1.07 1.06 1.07 1.07 1.05 1.08 1.05 1.08 1.07 1.08 1.05 1.07 1.08 
1.07 1.07 1.07 1.09 1.05 1.05 1.05 1.06 1.05 1.08 1.09 1.06 1.08 1.09 1.09 1.06 1.08 1.05 1.05 1.06 
1.08 1.09 1.08 1.08 1.09 1.05 1.09 1.07 1.08 1.06 1.07 1.08 1.06 1.09 1.09 1.05 1.07 1.08 1.06 1.09 
1.05 1.05 1.05 1.06 1.08 1.06 1.05 1.08 1.05 1.08 1.09 1.08 1.09 1.07 1.09 1.06 1.07 1.08 1.05 1.09 
1.05 1.05 1.05 1.07 1.09 1.08 1.05 1.06 1.05 1.06 1.09 1.05 1.09 1.07 1.08 1.07 1.08 1.08 1.08 1.05 
1.06 1.08 1.08 1.07 1.05 1.09 1.09 1.06 1.07 1.08 1.08 1.08 1.05 1.09 1.08 1.09 1.05 1.06 1.08 1.07 
1.06 1.09 1.08 1.09 1.09 1.06 1.07 1.08 1.09 1.06 1.07 1.09 1.05 1.05 1.07 1.08 1.09 1.07 1.07 1.06 
1.08 1.07 1.07 1.05 1.05 1.08 1.08 1.05 1.06 1.06 1.07 1.08 1.07 1.08 1.05 1.09 1.09 1.05 1.09 1.08 
1.07 1.07 1.06 1.06 1.08 1.06 1.09 1.09 1.08 1.09 1.08 1.07 1.07 1.06 1.07 1.05 1.09 1.08 1.05 1.05 
1.06 1.08 1.09 1.05 1.05 1.09 1.08 1.05 1.08 1.07 1.08 1.09 1.06 1.08 1.07 1.09 1.06 1.06 1.05 1.09 
1.06 1.08 1.08 1.09 1.09 1.09 1.09 1.05 1.05 1.09 1.05 1.05 1.05 1.07 1.08 1.05 1.05 1.05 1.06 1.09 
1.08 1.05 1.06 1.08 1.09 1.06 1.07 1.07 1.06 1.05 1.07 1.06 1.06 1.08 1.06 1.07 1.08 1.05 1.06 1.07 
1.05 1.07 1.09 1.06 1.09 1.08 1.08 1.06 1.05 1.08 1.05 1.09 1.08 1.05 1.06 1.05 1.05 1.09 1.09 1.09 
1.06 1.06 1.08 1.08 1.09 1.06 1.05 1.06 1.06 1.06 1.07 1.06 1.07 1.05 1.09 1.06 1.09 1.07 1.07 1.08 
1.05 1.07 1.05 1.05 1.06 1.06 1.06 1.09 1.07 1.07 1.07 1.07 1.07 1.06 1.06 1.09 1.09 1.08 1.07 1.07 
1.05 1.09 1.07 1.08 1.08 1.07 1.08 1.06 1.07 1.06 1.08 1.07 1.07 1.07 1.05 1.09 1.05 1.08 1.06 1.08 
1.05 1.07 1.05 1.06 1.08 1.05 1.08 1.09 1.07 1.05 1.09 1.07 1.08 1.07 1.08 1.09 1.08 1.08 1.05 1.09 
1.08 1.08 1.06 1.09 1.05 1.07 1.06 1.06 1.08 1.08 1.07 1.09 1.07 1.07 1.09 1.05 1.06 1.08 1.06 1.07 
1.09 1.09 1.08 1.07 1.09 1.06 1.06 1.06 1.09 1.08 1.06 1.09 1.07 1.05 1.06 1.08 1.07 1.07 1.08 1.05 
1.05 1.05 1.07 1.05 1.06 1.07 1.06 1.08 1.08 1.06 1.09 1.08 1.06 1.05 1.06 1.09 1.05 1.08 1.09 1.09 
1.09 1.08 1.06 1.05 1.06 1.08 1.08 1.08 1.05 1.06 1.08 1.05 1.08 1.08 1.07 1.09 1.08 1.06 1.08 1.06 
1.06 1.09 1.09 1.07 1.06 1.07 1.07 1.09 1.06 1.05 1.09 1.06 1.08 1.09 1.08 1.06 1.07 1.07 1.08 1.09 
1.06 1.08 1.05 1.06 1.05 1.08 1.05 1.05 1.05 1.05 1.07 1.09 1.07 1.09 1.05 1.05 1.09 1.07 1.09 1.08 
1.07 1.06 1.09 1.05 1.08 1.07 1.08 1.09 1.05 1.08 1.05 1.08 1.07 1.05 1.09 1.07 1.07 1.09 1.06 1.09 
1.08 1.05 1.08 1.08 1.07 1.09 1.07 1.08 1.06 1.08 1.07 1.05 1.07 1.07 1.08 1.08 1.07 1.07 1.06 1.08 
1.08 1.05 1.05 1.06 1.07 1.08 1.09 1.09 1.07 1.09 1.08 1.09 1.09 1.08 1.05 1.06 1.09 1.05 1.06 1.07 
