20
400
9 84 54 55 77 16 3 59 70 28 88 19 28 100 10 54 84 67 78 5 45 3 70 69 99 63 16 24 83 12 51 78 52 6 100 43 25 11 16 76 94 96 59 18 7 63 52 33 58 57 17 60 61 52 77 36 80 72 9 32 40 26 60 4 12 25 74 33 79 88 87 47 10 91 91 80 44 98 37 40 7 75 65 97 88 32 42 18 90 23 24 18 90 68 89 58 27 52 26 31 5 71 64 17 43 21 15 41 25 5 23 28 70 18 93 36 22 41 25 58 44 94 26 81 34 30 53 45 12 69 74 8 66 37 83 37 68 95 97 62 33 100 88 52 3 14 71 56 24 28 38 48 2 92 83 75 67 52 61 9 28 55 10 82 82 72 99 64 66 19 7 91 41 47 30 77 39 28 73 90 45 25 12 82 40 89 66 76 45 22 2 65 46 86 92 2 6 85 21 66 67 35 51 35 55 94 67 75 53 14 12 65 70 45 100 30 7 93 49 89 20 12 21 42 14 6 50 39 17 29 45 14 9 13 38 59 38 1 35 57 1 70 100 98 37 82 74 100 66 40 10 6 37 42 49 35 28 55 50 53 55 6 19 21 80 91 11 50 18 48 28 75 84 19 21 61 56 82 26 9 58 2 62 78 71 49 69 21 93 77 26 66 89 38 11 42 6 39 24 89 16 96 88 90 13 84 30 17 90 72 32 17 66 47 57 46 90 83 20 12 60 76 51 84 82 24 9 38 97 59 91 12 83 19 13 38 44 55 16 91 100 59 91 55 54 12 47 73 27 45 23 95 58 93 64 7 26 47 20 44 4 54 1 10 95 11 17 90 46 87 39 58 77 37 20 60 98 95 88 16 37 52 90 98 93 98 15 28 74 41 5 37 92 88 14 3 61 10 73 31 
8 1 4 1 1 3 4 9 3 1 6 7 4 6 9 9 5 6 1 1 
1.05 1.05 1.08 1.07 1.05 1.05 1.09 1.09 1.08 1.08 1.05 1.08 1.06 1.06 1.06 1.08 1.08 1.06 1.07 1.05 
1.05 1.08 1.09 1.08 1.08 1.05 1.07 1.05 1.09 1.08 1.05 1.05 1.09 1.07 1.07 1.07 1.05 1.09 1.05 1.07 
1.05 1.08 1.05 1.06 1.08 1.06 1.07 1.09 1.08 1.05 1.08 1.09 1.08 1.06 1.07 1.08 1.09 1.07 1.09 1.09 
1.08 1.05 1.06 1.06 1.07 1.06 1.08 1.08 1.07 1.05 1.07 1.08 1.08 1.06 1.06 1.05 1.08 1.08 1.08 1.06 
1.06 1.05 1.08 1.06 1.08 1.06 1.05 1.09 1.07 1.08 1.09 1.06 1.07 1.07 1.07 1.07 1.09 1.05 1.05 1.06 
1.07 1.07 1.08 1.07 1.05 1.05 1.06 1.08 1.07 1.06 1.06 1.07 1.08 1.07 1.06 1.05 1.06 1.05 1.08 1.06 
1.07 1.05 1.08 1.06 1.09 1.08 1.06 1.08 1.07 1.08 1.09 1.07 1.06 1.05 1.06 1.05 1.06 1.06 1.07 1.07 
1.09 1.08 1.08 1.08 1.06 1.07 1.07 1.08 1.08 1.07 1.08 1.06 1.06 1.09 1.09 1.07 1.06 1.08 1.06 1.08 
1.05 1.05 1.05 1.07 1.07 1.07 1.09 1.07 1.08 1.07 1.08 1.05 1.06 1.07 1.07 1.08 1.07 1.06 1.08 1.07 
1.08 1.06 1.08 1.05 1.08 1.06 1.06 1.09 1.05 1.09 1.05 1.07 1.05 1.09 1.05 1.05 1.08 1.05 1.05 1.08 
1.05 1.09 1.07 1.09 1.07 1.08 1.08 1.07 1.05 1.05 1.06 1.06 1.07 1.07 1.08 1.06 1.06 1.09 1.05 1.08 
1.09 1.06 1.09 1.08 1.09 1.05 1.06 1.06 1.07 1.07 1.09 1.09 1.05 1.07 1.06 1.08 1.06 1.07 1.07 1.06 
1.05 1.09 1.09 1.07 1.07 1.07 1.06 1.06 1.08 1.09 1.06 1.06 1.08 1.06 1.06 1.07 1.09 1.06 1.07 1.05 
1.07 1.08 1.08 1.09 1.06 1.06 1.09 1.09 1.05 1.08 1.05 1.09 1.09 1.05 1.05 1.05 1.06 1.08 1.06 1.06 
1.05 1.09 1.05 1.06 1.07 1.06 1.09 1.05 1.07 1.07 1.07 1.05 1.06 1.08 1.08 1.08 1.09 1.05 1.09 1.08 
1.07 1.05 1.09 1.05 1.09 1.09 1.08 1.07 1.09 1.06 1.07 1.09 1.07 1.08 1.07 1.07 1.05 1.07 1.07 1.07 
1.06 1.07 1.08 1.08 1.07 1.09 1.08 1.08 1.07 1.06 1.07 1.07 1.09 1.09 1.09 1.08 1.07 1.05 1.09 1.09 
1.09 1.09 1.08 1.06 1.05 1.08 1.08 1.06 1.09 1.09 1.07 1.08 1.07 1.07 1.06 1.08 1.08 1.05 1.07 1.06 
1.05 1.06 1.07 1.06 1.06 1.05 1.07 1.06 1.06 1.08 1.06 1.09 1.09 1.05 1.07 1.06 1.05 1.09 1.07 1.05 
1.06 1.06 1.08 1.08 1.08 1.05 1.06 1.08 1.09 1.09 1.07 1.09 1.07 1.09 1.09 1.09 1.09 1.07 1.09 1.09 
1.07 1.05 1.09 1.07 1.05 1.05 1.09 1.06 1.09 1.07 1.06 1.06 1.05 1.07 1.08 1.07 1.06 1.09 1.05 1.06 
1.07 1.08 1.06 1.09 1.05 1.06 1.09 1.05 1.05 1.06 1.06 1.06 1.07 1.06 1.05 1.09 1.09 1.08 1.05 1.08 
1.05 1.07 1.08 1.09 1.07 1.08 1.05 1.06 1.06 1.06 1.05 1.08 1.09 1.08 1.08 1.06 1.07 1.08 1.07 1.08 
1.09 1.08 1.06 1.06 1.05 1.06 1.08 1.09 1.05 1.08 1.09 1.08 1.09 1.08 1.06 1.09 1.06 1.05 1.05 1.06 
1.07 1.08 1.08 1.09 1.05 1.07 1.05 1.05 1.05 1.08 1.08 1.05 1.08 1.07 1.06 1.09 1.08 1.06 1.06 1.05 
1.09 1.05 1.08 1.06 1.06 1.09 1.07 1.06 1.07 1.06 1.05 1.09 1.07 1.07 1.08 1.08 1.06 1.06 1.07 1.05 
1.09 1.07 1.07 1.06 1.09 1.09 1.07 1.09 1.05 1.07 1.07 1.09 1.08 1.05 1.06 1.06 1.07 1.08 1.09 1.08 
1.05 1.08 1.05 1.09 1.09 1.05 1.07 1.09 1.06 1.06 1.06 1.09 1.09 1.05 1.05 1.06 1.05 1.08 1.06 1.06 
1.09 1.07 1.09 1.07 1.07 1.05 1.06 1.06 1.06 1.07 1.05 1.08 1.07 1.08 1.06 1.09 1.07 1.08 1.06 1.08 
1.08 1.07 1.06 1.07 1.06 1.05 1.09 1.08 1.07 1.08 1.06 1.05 1.09 1.08 1.08 1.05 1.06 1.06 1.06 1.08 
1.08 1.05 1.09 1.06 1.06 1.07 1.05 1.07 1.09 1.08 1.08 1.09 1.06 1.08 1.05 1.08 1.05 1.09 1.07 1.06 
1.07 1.08 1.08 1.05 1.05 1.09 1.06 1.06 1.07 1.09 1.05 1.08 1.07 1.06 1.07 1.09 1.08 1.09 1.05 1.07 
1.08 1.05 1.08 1.06 1.06 1.07 1.07 1.09 1.09 1.09 1.06 1.05 1.06 1.06 1.05 1.08 1.06 1.09 1.08 1.05 
1.08 1.05 1.07 1.09 1.09 1.06 1.05 1.05 1.05 1.09 1.06 1.07 1.06 1.08 1.08 1.08 1.09 1.07 1.07 1.05 
1.05 1.07 1.08 1.09 1.06 1.05 1.09 1.09 1.09 1.09 1.06 1.05 1.06 1.09 1.07 1.09 1.08 1.09 1.09 1.07 
1.08 1.09 1.07 1.08 1.05 1.09 1.09 1.06 1.07 1.07 1.09 1.07 1.09 1.05 1.09 1.08 1.05 1.06 1.06 1.09 
1.05 1.05 1.06 1.05 1.05 1.09 1.05 1.07 1.07 1.09 1.05 1.08 1.06 1.06 1.09 1.09 1.08 1.09 1.07 1.05 
1.07 1.06 1.07 1.06 1.08 1.09 1.09 1.05 1.06 1.09 1.09 1.05 1.05 1.06 1.07 1.09 1.05 1.09 1.07 1.06 
1.08 1.08 1.09 1.06 1.09 1.05 1.08 1.05 1.06 1.07 1.08 1.08 1.09 1.07 1.06 1.07 1.06 1.06 1.07 1.05 
1.09 1.05 1.09 1.09 1.06 1.09 1.06 1.07 1.07 1.05 1.07 1.08 1.08 1.05 1.09 1.07 1.09 1.09 1.05 1.09 
1.05 1.09 1.08 1.09 1.06 1.05 1.07 1.06 1.06 1.06 1.07 1.06 1.07 1.07 1.06 1.07 1.05 1.08 1.05 1.08 
1.08 1.06 1.09 1.08 1.08 1.09 1.05 1.09 1.05 1.05 1.06 1.06 1.05 1.09 1.08 1.06 1.06 1.07 1.08 1.06 
1.08 1.05 1.06 1.05 1.06 1.09 1.07 1.07 1.05 1.09 1.07 1.06 1.05 1.09 1.06 1.06 1.09 1.06 1.07 1.06 
1.05 1.06 1.08 1.05 1.08 1.08 1.06 1.05 1.06 1.07 1.05 1.09 1.06 1.08 1.05 1.08 1.07 1.06 1.06 1.07 
1.05 1.06 1.09 1.09 1.05 1.05 1.08 1.08 1.08 1.08 1.06 1.06 1.09 1.07 1.08 1.05 1.08 1.06 1.06 1.05 
1.06 1.06 1.09 1.06 1.05 1.08 1.06 1.06 1.06 1.07 1.05 1.06 1.09 1.07 1.09 1.08 1.09 1.08 1.09 1.06 
1.05 1.07 1.05 1.09 1.06 1.09 1.06 1.08 1.09 1.09 1.09 1.08 1.05 1.08 1.05 1.09 1.05 1.08 1.05 1.05 
1.09 1.05 1.07 1.08 1.05 1.07 1.08 1.06 1.09 1.05 1.05 1.05 1.06 1.07 1.05 1.05 1.05 1.08 1.07 1.05 
1.08 1.08 1.05 1.08 1.05 1.06 1.05 1.08 1.07 1.06 1.06 1.06 1.07 1.07 1.05 1.06 1.08 1.05 1.06 1.06 
1.07 1.08 1.08 1.05 1.09 1.07 1.08 1.09 1.07 1.07 1.09 1.06 1.07 1.05 1.08 1.09 1.05 1.06 1.08 1.09 
1.05 1.09 1.09 1.07 1.09 1.08 1.06 1.05 1.06 1.08 1.08 1.06 1.06 1.09 1.07 1.09 1.06 1.06 1.05 1.08 
1.09 1.08 1.07 1.05 1.05 1.09 1.06 1.07 1.07 1.05 1.05 1.09 1.08 1.08 1.06 1.05 1.09 1.09 1.09 1.08 
1.09 1.07 1.08 1.05 1.07 1.08 1.07 1.09 1.07 1.06 1.07 1.08 1.05 1.08 1.08 1.09 1.08 1.06 1.09 1.07 
1.08 1.07 1.09 1.06 1.09 1.05 1.06 1.09 1.08 1.05 1.07 1.06 1.05 1.08 1.09 1.05 1.06 1.09 1.05 1.05 
1.09 1.07 1.09 1.07 1.09 1.08 1.05 1.09 1.09 1.07 1.07 1.06 1.06 1.06 1.08 1.09 1.06 1.09 1.05 1.09 
1.07 1.05 1.08 1.05 1.05 1.08 1.05 1.06 1.06 1.06 1.08 1.05 1.06 1.05 1.06 1.08 1.09 1.08 1.05 1.05 
1.07 1.09 1.06 1.07 1.09 1.08 1.09 1.07 1.07 1.08 1.05 1.05 1.07 1.05 1.08 1.09 1.07 1.06 1.05 1.08 
1.06 1.08 1.09 1.09 1.09 1.07 1.08 1.09 1.05 1.08 1.08 1.05 1.06 1.09 1.07 1.08 1.06 1.06 1.07 1.09 
1.09 1.08 1.09 1.06 1.07 1.08 1.07 1.08 1.05 1.07 1.06 1.08 1.05 1.09 1.06 1.07 1.06 1.05 1.09 1.05 
1.05 1.08 1.07 1.09 1.09 1.07 1.08 1.07 1.05 1.08 1.06 1.07 1.06 1.09 1.06 1.06 1.05 1.06 1.08 1.06 
1.09 1.09 1.05 1.08 1.09 1.08 1.06 1.05 1.08 1.05 1.09 1.07 1.07 1.08 1.07 1.09 1.08 1.08 1.09 1.07 
1.05 1.06 1.06 1.05 1.07 1.07 1.08 1.08 1.05 1.09 1.05 1.08 1.07 1.06 1.08 1.09 1.08 1.08 1.08 1.05 
1.07 1.08 1.06 1.09 1.09 1.06 1.08 1.05 1.05 1.07 1.09 1.08 1.09 1.05 1.07 1.08 1.05 1.06 1.06 1.07 
1.09 1.08 1.06 1.06 1.09 1.08 1.05 1.06 1.07 1.05 1.07 1.08 1.08 1.05 1.07 1.09 1.07 1.06 1.08 1.08 
1.09 1.09 1.06 1.05 1.06 1.05 1.07 1.06 1.08 1.07 1.08 1.07 1.09 1.06 1.08 1.08 1.05 1.06 1.07 1.07 
1.06 1.08 1.05 1.06 1.08 1.06 1.08 1.06 1.09 1.06 1.08 1.05 1.09 1.06 1.06 1.06 1.05 1.07 1.08 1.06 
1.06 1.09 1.07 1.08 1.06 1.09 1.06 1.06 1.05 1.06 1.09 1.08 1.06 1.08 1.06 1.08 1.09 1.06 1.08 1.07 
1.06 1.08 1.09 1.09 1.05 1.09 1.09 1.07 1.07 1.09 1.06 1.05 1.09 1.05 1.09 1.05 1.05 1.08 1.05 1.06 
1.07 1.06 1.05 1.06 1.08 1.08 1.05 1.08 1.09 1.09 1.09 1.09 1.08 1.09 1.09 1.09 1.09 1.06 1.05 1.07 
1.09 1.09 1.05 1.09 1.06 1.06 1.06 1.07 1.06 1.06 1.09 1.09 1.05 1.08 1.05 1.09 1.07 1.08 1.07 1.07 
1.07 1.06 1.08 1.07 1.07 1.09 1.05 1.09 1.08 1.07 1.07 1.07 1.05 1.07 1.07 1.07 1.07 1.07 1.05 1.09 
1.08 1.06 1.07 1.05 1.09 1.09 1.07 1.07 1.08 1.08 1.07 1.06 1.08 1.08 1.08 1.05 1.07 1.07 1.07 1.05 
1.07 1.07 1.07 1.05 1.07 1.07 1.09 1.09 1.09 1.08 1.05 1.09 1.06 1.09 1.08 1.07 1.05 1.09 1.05 1.08 
1.05 1.07 1.06 1.08 1.09 1.07 1.08 1.08 1.08 1.08 1.05 1.05 1.06 1.08 1.08 1.09 1.09 1.05 1.06 1.08 
1.07 1.09 1.06 1.05 1.07 1.09 1.06 1.09 1.05 1.06 1.06 1.06 1.07 1.08 1.06 1.08 1.09 1.07 1.08 1.06 
1.05 1.07 1.05 1.05 1.07 1.08 1.05 1.05 1.05 1.07 1.07 1.06 1.08 1.07 1.07 1.05 1.05 1.07 1.07 1.07 
1.09 1.08 1.06 1.09 1.06 1.05 1.08 1.07 1.09 1.07 1.07 1.07 1.09 1.05 1.06 1.07 1.09 1.08 1.07 1.05 
1.08 1.07 1.05 1.08 1.05 1.06 1.09 1.05 1.05 1.06 1.05 1.06 1.05 1.09 1.06 1.06 1.07 1.09 1.07 1.09 
1.08 1.08 1.09 1.08 1.07 1.05 1.05 1.08 1.06 1.06 1.09 1.09 1.09 1.07 1.08 1.06 1.08 1.08 1.08 1.09 
1.09 1.08 1.08 1.08 1.08 1.09 1.08 1.08 1.05 1.05 1.07 1.08 1.06 1.09 1.06 1.06 1.07 1.08 1.05 1.06 
1.06 1.08 1.08 1.09 1.07 1.08 1.09 1.08 1.05 1.09 1.08 1.09 1.06 1.06 1.06 1.06 1.09 1.07 1.06 1.05 
1.05 1.05 1.05 1.06 1.07 1.07 1.05 1.07 1.06 1.06 1.05 1.09 1.06 1.08 1.08 1.06 1.07 1.09 1.06 1.08 
1.06 1.06 1.07 1.07 1.08 1.08 1.07 1.08 1.06 1.06 1.08 1.05 1.07 1.08 1.09 1.07 1.08 1.06 1.05 1.06 
1.05 1.07 1.07 1.08 1.06 1.07 1.05 1.05 1.08 1.05 1.07 1.09 1.07 1.06 1.08 1.05 1.08 1.05 1.07 1.07 
1.06 1.06 1.08 1.08 1.05 1.05 1.08 1.09 1.05 1.07 1.06 1.09 1.08 1.08 1.09 1.06 1.09 1.08 1.06 1.05 
1.06 1.05 1.09 1.08 1.05 1.06 1.09 1.08 1.09 1.06 1.08 1.05 1.05 1.09 1.05 1.05 1.07 1.09 1.08 1.07 
1.07 1.08 1.07 1.06 1.08 1.08 1.09 1.05 1.07 1.06 1.08 1.08 1.08 1.05 1.08 1.07 1.08 1.07 1.07 1.05 
1.08 1.08 1.05 1.08 1.09 1.07 1.09 1.05 1.06 1.07 1.09 1.05 1.05 1.05 1.09 1.07 1.08 1.07 1.09 1.06 
1.05 1.08 1.06 1.06 1.07 1.05 1.09 1.06 1.08 1.05 1.09 1.07 1.07 1.08 1.08 1.06 1.07 1.09 1.05 1.08 
1.07 1.07 1.06 1.06 1.08 1.06 1.06 1.06 1.08 1.05 1.09 1.06 1.07 1.07 1.05 1.09 1.07 1.05 1.08 1.07 
1.07 1.09 1.09 1.06 1.08 1.09 1.09 1.06 1.05 1.08 1.06 1.06 1.06 1.06 1.08 1.05 1.08 1.07 1.07 1.09 
1.07 1.07 1.05 1.08 1.05 1.08 1.09 1.06 1.06 1.07 1.05 1.09 1.08 1.05 1.09 1.08 1.07 1.06 1.06 1.07 
1.06 1.08 1.05 1.05 1.07 1.06 1.05 1.09 1.05 1.05 1.06 1.06 1.08 1.06 1.09 1.07 1.08 1.05 1.08 1.09 
1.07 1.05 1.09 1.06 1.05 1.05 1.08 1.05 1.05 1.06 1.08 1.09 1.05 1.05 1.07 1.08 1.05 1.09 1.05 1.06 
1.09 1.09 1.05 1.08 1.09 1.05 1.06 1.07 1.09 1.08 1.09 1.07 1.05 1.06 1.06 1.09 1.06 1.06 1.05 1.08 
1.05 1.06 1.09 1.06 1.05 1.06 1.06 1.06 1.09 1.09 1.06 1.05 1.07 1.08 1.05 1.09 1.06 1.08 1.05 1.07 
1.09 1.06 1.06 1.08 1.06 1.07 1.07 1.08 1.05 1.06 1.07 1.07 1.06 1.08 1.06 1.05 1.06 1.08 1.06 1.05 
1.05 1.07 1.06 1.07 1.07 1.05 1.06 1.09 1.06 1.05 1.05 1.09 1.09 1.05 1.08 1.07 1.07 1.06 1.05 1.07 
1.07 1.07 1.09 1.05 1.05 1.07 1.09 1.05 1.07 1.07 1.08 1.06 1.09 1.07 1.07 1.05 1.09 1.08 1.05 1.07 
1.06 1.09 1.07 1.09 1.08 1.06 1.07 1.08 1.08 1.07 1.09 1.09 1.06 1.09 1.06 1.06 1.06 1.08 1.09 1.06 
1.05 1.09 1.09 1.06 1.09 1.07 1.07 1.06 1.09 1.05 1.08 1.09 1.09 1.07 1.09 1.05 1.06 1.07 1.09 1.09 
1.08 1.05 1.09 1.06 1.06 1.09 1.08 1.07 1.06 1.06 1.07 1.08 1.06 1.05 1.05 1.05 1.08 1.06 1.09 1.06 
1.07 1.06 1.09 1.09 1.05 1.05 1.06 1.05 1.07 1.07 1.05 1.05 1.07 1.09 1.08 1.07 1.05 1.07 1.09 1.09 
1.08 1.06 1.05 1.07 1.09 1.06 1.06 1.05 1.09 1.09 1.08 1.05 1.07 1.06 1.07 1.08 1.08 1.06 1.08 1.07 
1.07 1.09 1.07 1.05 1.05 1.06 1.05 1.08 1.05 1.09 1.06 1.09 1.07 1.05 1.09 1.09 1.09 1.05 1.07 1.07 
1.06 1.08 1.09 1.06 1.09 1.07 1.09 1.07 1.07 1.08 1.08 1.06 1.08 1.08 1.08 1.06 1.09 1.05 1.06 1.09 
1.08 1.05 1.07 1.07 1.06 1.07 1.07 1.06 1.07 1.05 1.08 1.07 1.07 1.06 1.05 1.07 1.07 1.08 1.09 1.08 
1.08 1.06 1.06 1.08 1.09 1.08 1.09 1.09 1.06 1.09 1.06 1.08 1.07 1.08 1.09 1.05 1.07 1.08 1.06 1.09 
1.06 1.09 1.09 1.06 1.09 1.06 1.08 1.07 1.06 1.09 1.09 1.05 1.08 1.05 1.08 1.06 1.09 1.09 1.09 1.05 
1.07 1.09 1.06 1.09 1.07 1.09 1.08 1.05 1.06 1.07 1.06 1.09 1.05 1.07 1.05 1.08 1.05 1.07 1.09 1.05 
1.07 1.07 1.09 1.07 1.06 1.07 1.09 1.06 1.09 1.05 1.07 1.08 1.08 1.05 1.08 1.07 1.09 1.08 1.07 1.08 
1.08 1.06 1.05 1.07 1.05 1.08 1.07 1.07 1.07 1.06 1.07 1.08 1.09 1.07 1.07 1.09 1.08 1.08 1.05 1.09 
1.06 1.05 1.06 1.08 1.06 1.08 1.05 1.08 1.05 1.06 1.05 1.05 1.09 1.09 1.06 1.05 1.06 1.05 1.08 1.07 
1.09 1.06 1.08 1.08 1.05 1.07 1.06 1.09 1.06 1.08 1.05 1.07 1.08 1.07 1.08 1.06 1.08 1.05 1.08 1.08 
1.05 1.06 1.08 1.08 1.06 1.09 1.05 1.06 1.05 1.05 1.06 1.06 1.07 1.05 1.05 1.05 1.05 1.08 1.08 1.07 
1.06 1.05 1.05 1.05 1.09 1.09 1.09 1.07 1.09 1.09 1.05 1.09 1.08 1.05 1.08 1.05 1.06 1.08 1.09 1.09 
1.08 1.08 1.06 1.06 1.08 1.08 1.07 1.09 1.07 1.05 1.09 1.08 1.08 1.05 1.05 1.08 1.07 1.09 1.08 1.08 
1.07 1.07 1.08 1.06 1.05 1.09 1.06 1.05 1.05 1.06 1.08 1.08 1.08 1.09 1.07 1.07 1.08 1.07 1.08 1.07 
1.05 1.08 1.08 1.06 1.08 1.07 1.09 1.09 1.05 1.06 1.05 1.08 1.07 1.05 1.09 1.05 1.09 1.05 1.09 1.07 
1.08 1.07 1.05 1.07 1.05 1.06 1.05 1.07 1.08 1.09 1.08 1.09 1.05 1.05 1.09 1.08 1.09 1.06 1.09 1.07 
1.07 1.07 1.08 1.08 1.05 1.08 1.09 1.05 1.07 1.07 1.05 1.06 1.07 1.09 1.09 1.07 1.07 1.05 1.06 1.07 
1.08 1.05 1.08 1.06 1.08 1.08 1.07 1.07 1.05 1.06 1.07 1.07 1.05 1.06 1.07 1.05 1.06 1.05 1.06 1.05 
1.07 1.06 1.08 1.07 1.07 1.08 1.08 1.07 1.06 1.09 1.05 1.08 1.05 1.07 1.07 1.08 1.05 1.09 1.08 1.06 
1.06 1.06 1.05 1.07 1.09 1.07 1.07 1.05 1.09 1.07 1.06 1.05 1.07 1.09 1.05 1.05 1.07 1.06 1.06 1.08 
1.07 1.07 1.06 1.05 1.09 1.07 1.07 1.07 1.06 1.05 1.05 1.06 1.07 1.05 1.05 1.08 1.05 1.06 1.09 1.07 
1.07 1.05 1.08 1.05 1.08 1.07 1.05 1.06 1.08 1.06 1.09 1.09 1.08 1.09 1.05 1.08 1.07 1.07 1.07 1.09 
1.09 1.07 1.06 1.09 1.06 1.09 1.08 1.05 1.06 1.05 1.05 1.05 1.05 1.07 1.07 1.08 1.09 1.06 1.06 1.05 
1.09 1.07 1.08 1.06 1.05 1.07 1.09 1.08 1.06 1.09 1.07 1.06 1.08 1.07 1.08 1.08 1.07 1.09 1.06 1.07 
1.07 1.08 1.06 1.06 1.06 1.09 1.09 1.07 1.06 1.06 1.08 1.09 1.05 1.09 1.06 1.07 1.09 1.07 1.05 1.06 
1.08 1.07 1.08 1.07 1.07 1.05 1.09 1.08 1.08 1.08 1.05 1.05 1.06 1.07 1.09 1.09 1.06 1.09 1.08 1.05 
1.06 1.08 1.05 1.06 1.08 1.06 1.07 1.08 1.08 1.06 1.08 1.09 1.05 1.05 1.06 1.06 1.06 1.05 1.07 1.05 
1.09 1.09 1.07 1.07 1.09 1.07 1.05 1.05 1.08 1.07 1.06 1.06 1.05 1.08 1.05 1.06 1.09 1.06 1.06 1.07 
1.09 1.06 1.08 1.07 1.05 1.06 1.09 1.07 1.09 1.07 1.08 1.06 1.08 1.07 1.07 1.08 1.09 1.07 1.05 1.05 
1.07 1.05 1.06 1.09 1.09 1.05 1.07 1.06 1.05 1.06 1.08 1.08 1.07 1.07 1.08 1.08 1.07 1.09 1.09 1.06 
1.06 1.05 1.09 1.06 1.07 1.08 1.09 1.07 1.07 1.08 1.08 1.07 1.06 1.05 1.07 1.08 1.05 1.07 1.06 1.05 
1.07 1.05 1.05 1.09 1.05 1.09 1.07 1.07 1.09 1.09 1.05 1.05 1.07 1.09 1.07 1.05 1.07 1.08 1.07 1.06 
1.05 1.09 1.07 1.08 1.07 1.06 1.08 1.05 1.09 1.06 1.06 1.06 1.07 1.07 1.07 1.07 1.09 1.09 1.08 1.07 
1.09 1.08 1.06 1.08 1.09 1.07 1.07 1.06 1.08 1.07 1.08 1.08 1.09 1.06 1.09 1.08 1.06 1.05 1.08 1.09 
1.08 1.07 1.05 1.08 1.06 1.05 1.05 1.08 1.06 1.07 1.08 1.07 1.09 1.08 1.09 1.08 1.07 1.08 1.07 1.07 
1.09 1.07 1.08 1.09 1.06 1.06 1.07 1.06 1.06 1.06 1.09 1.05 1.06 1.08 1.06 1.09 1.06 1.07 1.06 1.08 
1.06 1.07 1.06 1.06 1.08 1.09 1.05 1.08 1.08 1.08 1.06 1.09 1.09 1.09 1.09 1.05 1.05 1.09 1.05 1.08 
1.07 1.07 1.06 1.05 1.08 1.08 1.05 1.09 1.08 1.06 1.08 1.06 1.09 1.06 1.08 1.06 1.05 1.08 1.08 1.07 
1.05 1.07 1.08 1.08 1.07 1.08 1.07 1.08 1.05 1.05 1.06 1.09 1.07 1.07 1.09 1.05 1.08 1.05 1.07 1.07 
1.05 1.08 1.06 1.06 1.05 1.05 1.07 1.07 1.08 1.09 1.05 1.07 1.07 1.07 1.09 1.09 1.09 1.07 1.09 1.06 
1.06 1.08 1.06 1.06 1.08 1.06 1.09 1.05 1.06 1.05 1.06 1.05 1.08 1.07 1.06 1.09 1.09 1.06 1.08 1.07 
1.09 1.09 1.09 1.08 1.06 1.08 1.09 1.06 1.08 1.09 1.08 1.09 1.07 1.08 1.06 1.08 1.09 1.05 1.08 1.08 
1.09 1.07 1.08 1.08 1.07 1.06 1.05 1.06 1.06 1.09 1.08 1.07 1.07 1.07 1.09 1.05 1.05 1.05 1.07 1.05 
1.09 1.05 1.06 1.06 1.06 1.06 1.07 1.06 1.05 1.06 1.06 1.06 1.05 1.05 1.07 1.06 1.09 1.05 1.06 1.07 
1.07 1.08 1.08 1.06 1.09 1.05 1.07 1.09 1.07 1.07 1.07 1.06 1.09 1.05 1.07 1.06 1.07 1.06 1.05 1.09 
1.08 1.05 1.07 1.06 1.06 1.05 1.07 1.09 1.07 1.07 1.08 1.05 1.05 1.05 1.09 1.09 1.07 1.07 1.09 1.07 
1.05 1.08 1.07 1.08 1.06 1.08 1.09 1.05 1.08 1.09 1.06 1.08 1.07 1.06 1.09 1.09 1.09 1.09 1.07 1.05 
1.05 1.09 1.09 1.06 1.05 1.08 1.08 1.08 1.09 1.06 1.09 1.07 1.09 1.08 1.07 1.07 1.06 1.07 1.06 1.05 
1.09 1.09 1.07 1.08 1.07 1.06 1.08 1.05 1.07 1.07 1.07 1.05 1.09 1.06 1.08 1.08 1.05 1.05 1.05 1.08 
1.06 1.08 1.07 1.06 1.09 1.05 1.07 1.05 1.08 1.09 1.05 1.07 1.07 1.08 1.08 1.05 1.08 1.07 1.06 1.09 
1.05 1.05 1.09 1.05 1.05 1.07 1.05 1.09 1.06 1.05 1.09 1.06 1.07 1.06 1.07 1.06 1.05 1.08 1.07 1.05 
1.05 1.09 1.08 1.09 1.09 1.09 1.08 1.09 1.05 1.06 1.06 1.08 1.08 1.08 1.07 1.06 1.05 1.08 1.07 1.05 
1.06 1.05 1.09 1.05 1.05 1.05 1.07 1.08 1.09 1.08 1.08 1.08 1.06 1.06 1.06 1.09 1.08 1.09 1.07 1.09 
1.05 1.09 1.09 1.07 1.06 1.08 1.09 1.06 1.05 1.09 1.06 1.08 1.09 1.09 1.07 1.06 1.06 1.09 1.08 1.09 
1.08 1.06 1.09 1.06 1.05 1.09 1.05 1.09 1.05 1.08 1.09 1.06 1.05 1.07 1.06 1.09 1.09 1.05 1.05 1.05 
1.05 1.06 1.08 1.05 1.06 1.05 1.09 1.05 1.06 1.08 1.06 1.06 1.06 1.06 1.08 1.06 1.06 1.09 1.09 1.08 
1.06 1.05 1.07 1.06 1.07 1.06 1.08 1.06 1.05 1.09 1.06 1.06 1.08 1.06 1.09 1.07 1.07 1.05 1.06 1.07 
1.07 1.09 1.07 1.07 1.07 1.09 1.09 1.09 1.06 1.07 1.07 1.09 1.09 1.09 1.09 1.08 1.09 1.08 1.09 1.07 
1.09 1.08 1.07 1.07 1.06 1.09 1.07 1.08 1.05 1.09 1.05 1.09 1.09 1.09 1.09 1.06 1.06 1.06 1.07 1.07 
1.06 1.08 1.09 1.07 1.08 1.08 1.08 1.05 1.08 1.07 1.06 1.06 1.07 1.08 1.07 1.06 1.05 1.07 1.05 1.09 
1.05 1.07 1.07 1.09 1.06 1.07 1.08 1.06 1.08 1.05 1.05 1.09 1.06 1.09 1.07 1.05 1.08 1.07 1.07 1.05 
1.07 1.05 1.05 1.08 1.06 1.08 1.05 1.08 1.07 1.07 1.08 1.08 1.05 1.06 1.05 1.05 1.07 1.09 1.09 1.07 
1.08 1.07 1.07 1.05 1.05 1.07 1.09 1.05 1.08 1.09 1.08 1.05 1.06 1.07 1.08 1.08 1.05 1.07 1.08 1.06 
1.09 1.06 1.06 1.06 1.07 1.08 1.05 1.08 1.08 1.07 1.06 1.09 1.07 1.09 1.07 1.09 1.06 1.06 1.07 1.05 
1.08 1.08 1.06 1.05 1.08 1.05 1.08 1.07 1.07 1.08 1.06 1.08 1.09 1.09 1.05 1.07 1.07 1.05 1.05 1.06 
1.09 1.09 1.08 1.08 1.07 1.08 1.07 1.06 1.09 1.08 1.08 1.07 1.07 1.09 1.06 1.09 1.08 1.06 1.06 1.07 
1.07 1.06 1.07 1.07 1.08 1.09 1.07 1.09 1.08 1.07 1.06 1.08 1.07 1.08 1.06 1.05 1.08 1.06 1.08 1.05 
1.08 1.07 1.08 1.05 1.09 1.08 1.08 1.07 1.09 1.09 1.06 1.06 1.09 1.05 1.06 1.05 1.07 1.05 1.07 1.09 
1.06 1.06 1.06 1.05 1.08 1.09 1.05 1.07 1.06 1.08 1.07 1.09 1.09 1.05 1.08 1.09 1.05 1.05 1.06 1.09 
1.07 1.06 1.09 1.07 1.09 1.07 1.08 1.09 1.09 1.09 1.05 1.06 1.05 1.05 1.05 1.07 1.07 1.05 1.06 1.06 
1.07 1.08 1.08 1.09 1.09 1.08 1.06 1.07 1.09 1.06 1.06 1.05 1.07 1.05 1.07 1.06 1.09 1.05 1.06 1.09 
1.06 1.08 1.05 1.06 1.06 1.07 1.09 1.07 1.05 1.05 1.09 1.07 1.08 1.09 1.07 1.08 1.05 1.05 1.06 1.08 
1.06 1.07 1.05 1.05 1.06 1.08 1.07 1.09 1.05 1.08 1.05 1.05 1.08 1.08 1.06 1.09 1.08 1.09 1.05 1.09 
1.07 1.06 1.06 1.05 1.06 1.07 1.06 1.08 1.07 1.07 1.05 1.09 1.09 1.09 1.07 1.09 1.07 1.07 1.08 1.07 
1.08 1.06 1.05 1.06 1.05 1.07 1.07 1.06 1.08 1.06 1.07 1.06 1.07 1.05 1.08 1.06 1.07 1.08 1.05 1.07 
1.05 1.09 1.05 1.06 1.07 1.06 1.09 1.08 1.06 1.08 1.09 1.06 1.07 1.08 1.09 1.05 1.05 1.05 1.09 1.07 
1.07 1.09 1.08 1.09 1.07 1.09 1.07 1.05 1.07 1.06 1.09 1.07 1.06 1.05 1.09 1.06 1.08 1.05 1.07 1.05 
1.06 1.07 1.08 1.05 1.06 1.09 1.05 1.07 1.05 1.09 1.08 1.06 1.09 1.09 1.08 1.05 1.07 1.06 1.08 1.07 
1.09 1.07 1.07 1.08 1.05 1.05 1.09 1.09 1.09 1.05 1.07 1.06 1.06 1.06 1.09 1.05 1.05 1.09 1.05 1.09 
1.07 1.05 1.05 1.08 1.05 1.08 1.08 1.09 1.09 1.06 1.08 1.08 1.06 1.06 1.07 1.08 1.05 1.06 1.08 1.05 
1.06 1.07 1.09 1.06 1.09 1.08 1.09 1.06 1.06 1.08 1.07 1.05 1.06 1.05 1.09 1.08 1.07 1.05 1.06 1.07 
1.08 1.09 1.07 1.06 1.05 1.09 1.06 1.08 1.06 1.08 1.08 1.05 1.09 1.07 1.07 1.08 1.05 1.09 1.08 1.05 
1.08 1.05 1.09 1.09 1.08 1.07 1.08 1.05 1.05 1.06 1.06 1.09 1.09 1.09 1.06 1.07 1.07 1.07 1.06 1.05 
1.06 1.09 1.08 1.05 1.08 1.06 1.09 1.06 1.06 1.06 1.08 1.07 1.05 1.05 1.09 1.08 1.05 1.09 1.06 1.07 
1.09 1.08 1.08 1.07 1.05 1.09 1.09 1.09 1.06 1.09 1.07 1.05 1.08 1.08 1.06 1.09 1.09 1.06 1.08 1.05 
1.08 1.08 1.05 1.07 1.09 1.07 1.06 1.07 1.08 1.05 1.08 1.05 1.06 1.05 1.08 1.06 1.09 1.09 1.06 1.06 
1.07 1.09 1.09 1.05 1.08 1.05 1.07 1.06 1.07 1.08 1.07 1.08 1.09 1.07 1.08 1.05 1.05 1.08 1.08 1.09 
1.09 1.05 1.05 1.05 1.05 1.08 1.09 1.08 1.05 1.08 1.08 1.06 1.07 1.07 1.09 1.07 1.08 1.08 1.05 1.07 
1.08 1.09 1.07 1.09 1.08 1.06 1.07 1.07 1.09 1.09 1.08 1.07 1.05 1.07 1.06 1.08 1.07 1.05 1.05 1.07 
1.09 1.06 1.08 1.07 1.06 1.06 1.09 1.09 1.06 1.08 1.07 1.07 1.09 1.06 1.06 1.09 1.06 1.06 1.05 1.05 
1.06 1.05 1.09 1.07 1.09 1.08 1.05 1.08 1.08 1.09 1.08 1.09 1.07 1.05 1.05 1.07 1.07 1.08 1.09 1.06 
1.09 1.06 1.09 1.09 1.07 1.05 1.09 1.08 1.08 1.07 1.08 1.07 1.07 1.07 1.07 1.07 1.05 1.06 1.06 1.09 
1.05 1.05 1.05 1.06 1.09 1.09 1.07 1.08 1.07 1.07 1.05 1.05 1.07 1.08 1.08 1.06 1.09 1.05 1.08 1.08 
1.05 1.06 1.07 1.05 1.05 1.08 1.08 1.09 1.09 1.05 1.07 1.09 1.07 1.05 1.06 1.05 1.06 1.07 1.05 1.07 
1.05 1.06 1.05 1.06 1.08 1.08 1.05 1.05 1.07 1.06 1.07 1.07 1.07 1.09 1.08 1.09 1.07 1.06 1.09 1.07 
1.05 1.07 1.08 1.09 1.05 1.09 1.05 1.07 1.05 1.06 1.05 1.07 1.08 1.09 1.06 1.05 1.06 1.06 1.08 1.05 
1.09 1.05 1.08 1.09 1.08 1.05 1.05 1.06 1.09 1.09 1.06 1.05 1.06 1.08 1.08 1.06 1.06 1.09 1.07 1.09 
1.05 1.05 1.05 1.07 1.08 1.09 1.06 1.08 1.07 1.05 1.09 1.08 1.09 1.05 1.05 1.08 1.08 1.08 1.06 1.09 
1.08 1.07 1.06 1.07 1.08 1.08 1.08 1.07 1.05 1.06 1.08 1.05 1.09 1.05 1.08 1.05 1.08 1.05 1.05 1.06 
1.09 1.07 1.09 1.09 1.08 1.07 1.05 1.09 1.06 1.07 1.05 1.08 1.09 1.07 1.08 1.08 1.06 1.08 1.07 1.08 
1.06 1.07 1.05 1.07 1.08 1.09 1.06 1.08 1.08 1.06 1.08 1.06 1.06 1.07 1.05 1.06 1.08 1.09 1.07 1.08 
1.08 1.07 1.05 1.09 1.07 1.06 1.08 1.06 1.08 1.09 1.09 1.06 1.08 1.05 1.07 1.07 1.08 1.07 1.06 1.06 
1.09 1.05 1.05 1.09 1.06 1.06 1.09 1.07 1.07 1.09 1.05 1.08 1.09 1.07 1.09 1.07 1.05 1.07 1.09 1.09 
1.08 1.07 1.05 1.06 1.07 1.06 1.05 1.08 1.07 1.06 1.07 1.07 1.06 1.06 1.07 1.08 1.09 1.09 1.06 1.05 
1.07 1.06 1.08 1.09 1.06 1.06 1.07 1.09 1.09 1.08 1.07 1.08 1.05 1.09 1.08 1.06 1.08 1.06 1.07 1.09 
1.06 1.09 1.08 1.08 1.08 1.09 1.05 1.05 1.05 1.07 1.08 1.07 1.09 1.09 1.06 1.07 1.05 1.05 1.06 1.09 
1.05 1.08 1.09 1.06 1.09 1.06 1.08 1.06 1.08 1.05 1.09 1.06 1.07 1.09 1.09 1.05 1.07 1.05 1.08 1.07 
1.09 1.07 1.07 1.05 1.09 1.06 1.09 1.08 1.08 1.07 1.09 1.08 1.08 1.07 1.08 1.07 1.08 1.09 1.09 1.07 
1.05 1.06 1.07 1.08 1.08 1.05 1.06 1.07 1.05 1.07 1.09 1.08 1.07 1.09 1.07 1.06 1.09 1.08 1.07 1.08 
1.08 1.07 1.09 1.08 1.06 1.09 1.06 1.05 1.09 1.06 1.09 1.06 1.09 1.09 1.05 1.06 1.08 1.08 1.05 1.06 
1.07 1.05 1.09 1.07 1.09 1.09 1.08 1.06 1.05 1.08 1.05 1.06 1.07 1.06 1.09 1.06 1.07 1.05 1.07 1.08 
1.06 1.05 1.08 1.09 1.07 1.06 1.07 1.06 1.07 1.08 1.07 1.06 1.05 1.05 1.05 1.05 1.09 1.07 1.06 1.07 
1.09 1.07 1.05 1.06 1.08 1.07 1.07 1.09 1.05 1.05 1.07 1.08 1.07 1.09 1.05 1.08 1.09 1.09 1.07 1.06 
1.07 1.08 1.08 1.05 1.08 1.07 1.07 1.08 1.06 1.06 1.07 1.09 1.09 1.07 1.06 1.07 1.05 1.09 1.09 1.07 
1.07 1.09 1.07 1.06 1.05 1.06 1.05 1.06 1.08 1.08 1.06 1.09 1.09 1.07 1.09 1.08 1.05 1.09 1.06 1.05 
1.06 1.06 1.06 1.07 1.06 1.08 1.09 1.05 1.07 1.07 1.05 1.08 1.07 1.06 1.07 1.08 1.06 1.08 1.06 1.08 
1.05 1.09 1.05 1.08 1.06 1.09 1.05 1.07 1.07 1.09 1.08 1.05 1.09 1.09 1.07 1.09 1.08 1.05 1.07 1.08 
1.06 1.05 1.07 1.08 1.07 1.07 1.08 1.06 1.05 1.07 1.05 1.08 1.09 1.08 1.08 1.08 1.08 1.09 1.09 1.08 
1.06 1.08 1.08 1.08 1.05 1.05 1.09 1.06 1.05 1.09 1.05 1.05 1.08 1.05 1.06 1.09 1.09 1.05 1.05 1.07 
1.06 1.06 1.07 1.06 1.05 1.07 1.08 1.06 1.07 1.05 1.07 1.05 1.05 1.09 1.08 1.09 1.09 1.08 1.05 1.09 
1.06 1.07 1.06 1.09 1.09 1.06 1.05 1.05 1.09 1.08 1.07 1.06 1.07 1.09 1.07 1.09 1.08 1.08 1.08 1.05 
1.09 1.09 1.06 1.07 1.06 1.09 1.06 1.06 1.08 1.05 1.07 1.05 1.09 1.08 1.09 1.06 1.06 1.07 1.08 1.09 
1.06 1.06 1.08 1.08 1.05 1.05 1.07 1.05 1.06 1.07 1.08 1.06 1.08 1.06 1.08 1.05 1.08 1.07 1.06 1.06 
1.09 1.08 1.08 1.09 1.08 1.08 1.06 1.07 1.06 1.06 1.06 1.07 1.08 1.08 1.05 1.08 1.07 1.05 1.09 1.07 
1.05 1.07 1.09 1.08 1.09 1.05 1.08 1.08 1.05 1.09 1.07 1.07 1.09 1.05 1.05 1.08 1.08 1.05 1.06 1.09 
1.05 1.06 1.09 1.06 1.05 1.08 1.09 1.09 1.09 1.05 1.09 1.08 1.08 1.09 1.08 1.08 1.06 1.08 1.07 1.05 
1.09 1.05 1.05 1.08 1.08 1.05 1.07 1.07 1.05 1.07 1.08 1.06 1.06 1.06 1.06 1.07 1.09 1.08 1.09 1.06 
1.06 1.05 1.07 1.06 1.09 1.09 1.09 1.06 1.06 1.08 1.08 1.07 1.05 1.08 1.07 1.06 1.08 1.08 1.05 1.07 
1.08 1.09 1.06 1.06 1.08 1.06 1.05 1.06 1.05 1.06 1.09 1.05 1.07 1.08 1.07 1.07 1.05 1.07 1.09 1.09 
1.06 1.05 1.06 1.05 1.07 1.07 1.07 1.05 1.07 1.07 1.08 1.09 1.06 1.09 1.06 1.09 1.09 1.08 1.09 1.05 
1.05 1.05 1.06 1.08 1.07 1.07 1.05 1.08 1.08 1.09 1.09 1.05 1.09 1.07 1.09 1.06 1.05 1.09 1.05 1.06 
1.08 1.07 1.09 1.07 1.06 1.09 1.05 1.06 1.08 1.08 1.07 1.08 1.09 1.05 1.07 1.07 1.06 1.07 1.05 1.06 
1.05 1.09 1.07 1.08 1.07 1.06 1.07 1.06 1.06 1.08 1.09 1.08 1.05 1.05 1.08 1.08 1.08 1.09 1.05 1.05 
1.05 1.07 1.05 1.05 1.07 1.08 1.06 1.06 1.05 1.05 1.05 1.05 1.06 1.07 1.05 1.05 1.05 1.08 1.05 1.06 
1.08 1.08 1.08 1.06 1.07 1.06 1.08 1.06 1.09 1.08 1.09 1.05 1.05 1.09 1.06 1.08 1.05 1.08 1.09 1.07 
1.07 1.06 1.09 1.08 1.08 1.07 1.09 1.07 1.08 1.06 1.08 1.09 1.06 1.08 1.06 1.05 1.09 1.07 1.07 1.08 
1.06 1.09 1.08 1.07 1.06 1.09 1.06 1.06 1.09 1.09 1.08 1.09 1.08 1.05 1.05 1.05 1.08 1.08 1.09 1.07 
1.07 1.08 1.06 1.08 1.07 1.06 1.05 1.09 1.05 1.07 1.07 1.08 1.07 1.08 1.07 1.07 1.07 1.05 1.09 1.07 
1.09 1.09 1.05 1.07 1.06 1.08 1.07 1.09 1.06 1.05 1.06 1.06 1.05 1.09 1.08 1.07 1.05 1.09 1.08 1.05 
1.05 1.08 1.06 1.06 1.05 1.09 1.07 1.08 1.09 1.06 1.08 1.07 1.06 1.05 1.08 1.05 1.09 1.09 1.06 1.06 
1.07 1.06 1.06 1.06 1.07 1.08 1.05 1.08 1.06 1.05 1.05 1.07 1.09 1.09 1.05 1.08 1.08 1.05 1.09 1.08 
1.09 1.08 1.08 1.09 1.08 1.05 1.07 1.09 1.07 1.07 1.08 1.08 1.06 1.06 1.05 1.09 1.08 1.09 1.06 1.08 
1.07 1.07 1.09 1.07 1.09 1.06 1.05 1.09 1.07 1.05 1.07 1.07 1.06 1.09 1.06 1.06 1.05 1.09 1.08 1.05 
1.07 1.05 1.07 1.07 1.05 1.06 1.08 1.08 1.09 1.09 1.06 1.07 1.06 1.06 1.07 1.07 1.07 1.07 1.06 1.05 
1.05 1.07 1.09 1.08 1.07 1.09 1.06 1.09 1.09 1.06 1.05 1.07 1.06 1.06 1.06 1.05 1.05 1.08 1.09 1.05 
1.05 1.05 1.09 1.05 1.05 1.08 1.06 1.07 1.07 1.05 1.05 1.05 1.06 1.09 1.08 1.05 1.08 1.09 1.05 1.09 
1.08 1.07 1.06 1.05 1.06 1.06 1.07 1.05 1.06 1.09 1.09 1.07 1.05 1.06 1.08 1.07 1.05 1.07 1.08 1.07 
1.05 1.08 1.08 1.08 1.08 1.05 1.09 1.07 1.07 1.06 1.09 1.06 1.08 1.09 1.06 1.07 1.05 1.05 1.08 1.09 
1.06 1.05 1.09 1.05 1.07 1.09 1.09 1.07 1.06 1.08 1.07 1.09 1.09 1.06 1.09 1.09 1.05 1.09 1.09 1.05 
1.05 1.05 1.06 1.09 1.08 1.09 1.05 1.08 1.06 1.08 1.07 1.08 1.06 1.08 1.09 1.09 1.06 1.09 1.09 1.06 
1.06 1.09 1.07 1.08 1.05 1.09 1.09 1.08 1.06 1.06 1.09 1.09 1.09 1.05 1.06 1.07 1.08 1.07 1.07 1.07 
1.07 1.05 1.09 1.06 1.07 1.09 1.06 1.08 1.08 1.09 1.05 1.07 1.08 1.05 1.07 1.05 1.09 1.07 1.06 1.05 
1.07 1.07 1.05 1.07 1.07 1.08 1.09 1.07 1.08 1.07 1.09 1.07 1.09 1.05 1.05 1.07 1.09 1.09 1.09 1.06 
1.06 1.07 1.06 1.05 1.08 1.08 1.08 1.05 1.07 1.06 1.06 1.07 1.05 1.07 1.07 1.05 1.06 1.06 1.07 1.05 
1.06 1.05 1.07 1.09 1.06 1.09 1.06 1.09 1.09 1.05 1.07 1.09 1.06 1.09 1.05 1.08 1.07 1.09 1.05 1.09 
1.08 1.08 1.07 1.09 1.08 1.06 1.07 1.09 1.06 1.08 1.07 1.08 1.07 1.06 1.05 1.09 1.05 1.09 1.06 1.09 
1.05 1.05 1.08 1.07 1.05 1.09 1.06 1.08 1.08 1.08 1.05 1.07 1.08 1.05 1.05 1.06 1.08 1.07 1.07 1.05 
1.07 1.05 1.08 1.07 1.07 1.08 1.05 1.07 1.07 1.09 1.09 1.09 1.08 1.05 1.05 1.08 1.08 1.07 1.07 1.09 
1.05 1.08 1.09 1.08 1.09 1.05 1.08 1.06 1.05 1.09 1.07 1.09 1.06 1.07 1.06 1.05 1.07 1.06 1.05 1.05 
1.07 1.06 1.06 1.08 1.08 1.09 1.05 1.09 1.09 1.07 1.06 1.07 1.09 1.09 1.07 1.05 1.08 1.05 1.05 1.08 
1.07 1.09 1.05 1.07 1.08 1.07 1.07 1.09 1.07 1.07 1.08 1.07 1.05 1.08 1.08 1.05 1.09 1.05 1.09 1.08 
1.05 1.08 1.08 1.09 1.08 1.05 1.08 1.05 1.06 1.05 1.09 1.06 1.07 1.08 1.07 1.05 1.08 1.06 1.06 1.05 
1.09 1.09 1.08 1.06 1.06 1.06 1.06 1.05 1.07 1.09 1.08 1.05 1.05 1.06 1.09 1.09 1.07 1.05 1.09 1.07 
1.05 1.05 1.07 1.09 1.05 1.09 1.08 1.06 1.07 1.06 1.08 1.06 1.07 1.05 1.09 1.06 1.07 1.07 1.07 1.07 
1.06 1.07 1.09 1.07 1.08 1.06 1.09 1.08 1.09 1.07 1.05 1.06 1.08 1.09 1.06 1.08 1.05 1.09 1.05 1.05 
1.08 1.06 1.07 1.08 1.08 1.05 1.05 1.09 1.07 1.07 1.07 1.06 1.07 1.09 1.07 1.05 1.05 1.06 1.08 1.05 
1.09 1.08 1.07 1.05 1.05 1.07 1.09 1.09 1.07 1.09 1.06 1.05 1.06 1.07 1.09 1.06 1.06 1.05 1.09 1.07 
1.08 1.06 1.07 1.05 1.06 1.08 1.06 1.07 1.07 1.05 1.09 1.07 1.07 1.09 1.09 1.05 1.07 1.06 1.08 1.06 
1.09 1.06 1.08 1.06 1.06 1.05 1.06 1.07 1.06 1.06 1.07 1.08 1.05 1.08 1.09 1.05 1.07 1.07 1.08 1.08 
1.06 1.08 1.08 1.09 1.06 1.07 1.05 1.09 1.05 1.08 1.08 1.05 1.07 1.06 1.06 1.05 1.07 1.08 1.05 1.06 
1.05 1.06 1.06 1.08 1.09 1.06 1.07 1.09 1.07 1.05 1.08 1.09 1.06 1.08 1.08 1.09 1.08 1.05 1.07 1.06 
1.09 1.08 1.09 1.05 1.05 1.06 1.07 1.08 1.06 1.05 1.06 1.08 1.05 1.05 1.05 1.08 1.06 1.08 1.09 1.09 
1.05 1.07 1.09 1.08 1.07 1.07 1.06 1.05 1.06 1.07 1.09 1.07 1.09 1.06 1.05 1.08 1.05 1.06 1.07 1.09 
1.07 1.08 1.07 1.08 1.08 1.06 1.06 1.06 1.09 1.08 1.09 1.05 1.07 1.06 1.09 1.07 1.09 1.06 1.06 1.05 
1.08 1.08 1.09 1.09 1.09 1.09 1.07 1.08 1.09 1.06 1.07 1.08 1.06 1.07 1.05 1.08 1.05 1.06 1.06 1.07 
1.06 1.07 1.07 1.05 1.08 1.05 1.08 1.08 1.09 1.09 1.07 1.07 1.09 1.05 1.05 1.07 1.09 1.05 1.08 1.09 
1.05 1.06 1.07 1.06 1.05 1.08 1.09 1.09 1.07 1.07 1.05 1.08 1.07 1.07 1.08 1.05 1.07 1.08 1.07 1.06 
1.09 1.08 1.07 1.08 1.05 1.07 1.06 1.09 1.06 1.05 1.07 1.06 1.09 1.07 1.06 1.09 1.05 1.08 1.05 1.06 
1.05 1.09 1.08 1.07 1.05 1.06 1.05 1.08 1.08 1.06 1.07 1.06 1.08 1.07 1.06 1.07 1.07 1.05 1.08 1.09 
1.08 1.08 1.06 1.08 1.07 1.09 1.08 1.08 1.06 1.08 1.08 1.07 1.06 1.05 1.09 1.09 1.05 1.07 1.07 1.07 
1.07 1.09 1.09 1.06 1.09 1.05 1.08 1.05 1.05 1.06 1.09 1.08 1.08 1.09 1.09 1.05 1.08 1.08 1.06 1.07 
1.05 1.08 1.08 1.05 1.06 1.06 1.07 1.08 1.09 1.06 1.06 1.05 1.07 1.08 1.06 1.08 1.09 1.06 1.08 1.07 
1.06 1.08 1.05 1.05 1.06 1.09 1.06 1.05 1.09 1.08 1.05 1.07 1.08 1.08 1.07 1.09 1.07 1.07 1.07 1.07 
1.06 1.08 1.05 1.05 1.09 1.06 1.08 1.08 1.05 1.05 1.06 1.06 1.08 1.09 1.05 1.09 1.09 1.09 1.08 1.05 
1.07 1.05 1.07 1.08 1.07 1.09 1.09 1.09 1.05 1.05 1.07 1.05 1.08 1.07 1.05 1.07 1.09 1.08 1.06 1.06 
1.05 1.08 1.08 1.09 1.09 1.07 1.07 1.08 1.07 1.09 1.05 1.05 1.09 1.05 1.07 1.07 1.05 1.09 1.09 1.08 
1.07 1.07 1.07 1.07 1.08 1.07 1.06 1.06 1.09 1.07 1.07 1.08 1.07 1.06 1.09 1.05 1.06 1.05 1.05 1.09 
1.09 1.09 1.06 1.06 1.05 1.07 1.08 1.06 1.06 1.05 1.09 1.09 1.05 1.08 1.05 1.09 1.09 1.06 1.07 1.05 
1.05 1.06 1.06 1.09 1.07 1.09 1.05 1.09 1.06 1.08 1.05 1.06 1.05 1.06 1.06 1.05 1.08 1.05 1.09 1.05 
1.09 1.05 1.07 1.05 1.06 1.07 1.09 1.05 1.09 1.05 1.09 1.06 1.06 1.06 1.05 1.06 1.09 1.07 1.09 1.05 
1.07 1.05 1.08 1.06 1.08 1.08 1.09 1.07 1.07 1.08 1.09 1.06 1.07 1.09 1.08 1.05 1.07 1.07 1.07 1.05 
1.06 1.08 1.09 1.06 1.05 1.09 1.05 1.06 1.05 1.09 1.06 1.07 1.09 1.05 1.09 1.09 1.05 1.06 1.07 1.07 
1.07 1.07 1.08 1.07 1.05 1.09 1.07 1.08 1.07 1.09 1.06 1.05 1.08 1.06 1.06 1.08 1.07 1.09 1.07 1.08 
1.08 1.09 1.05 1.08 1.07 1.07 1.08 1.09 1.06 1.06 1.05 1.05 1.07 1.08 1.07 1.06 1.09 1.09 1.07 1.09 
1.07 1.06 1.05 1.09 1.08 1.07 1.07 1.06 1.07 1.09 1.07 1.07 1.08 1.09 1.08 1.07 1.09 1.06 1.06 1.07 
1.07 1.09 1.06 1.08 1.07 1.08 1.08 1.09 1.06 1.07 1.08 1.06 1.09 1.05 1.05 1.06 1.07 1.09 1.07 1.05 
1.09 1.08 1.05 1.07 1.09 1.06 1.05 1.06 1.05 1.09 1.06 1.08 1.06 1.09 1.08 1.07 1.09 1.06 1.06 1.06 
1.08 1.05 1.05 1.09 1.08 1.07 1.09 1.08 1.09 1.06 1.06 1.05 1.08 1.05 1.05 1.09 1.08 1.07 1.05 1.06 
1.08 1.09 1.07 1.05 1.08 1.06 1.09 1.09 1.05 1.09 1.08 1.08 1.07 1.09 1.07 1.08 1.05 1.09 1.05 1.06 
1.09 1.05 1.08 1.07 1.06 1.05 1.05 1.08 1.06 1.06 1.06 1.06 1.07 1.06 1.05 1.08 1.07 1.08 1.06 1.08 
1.07 1.07 1.06 1.05 1.07 1.07 1.06 1.05 1.09 1.09 1.05 1.05 1.09 1.06 1.07 1.06 1.06 1.07 1.07 1.05 
1.06 1.08 1.08 1.05 1.07 1.08 1.08 1.06 1.06 1.09 1.08 1.07 1.05 1.05 1.08 1.06 1.06 1.05 1.08 1.08 
1.06 1.08 1.08 1.06 1.07 1.06 1.08 1.05 1.05 1.05 1.09 1.05 1.07 1.06 1.08 1.07 1.05 1.08 1.05 1.06 
1.09 1.06 1.09 1.08 1.07 1.09 1.07 1.05 1.06 1.06 1.06 1.07 1.05 1.09 1.09 1.05 1.07 1.05 1.07 1.05 
1.07 1.07 1.09 1.08 1.05 1.08 1.07 1.07 1.09 1.05 1.09 1.08 1.05 1.08 1.05 1.05 1.08 1.09 1.08 1.05 
1.05 1.09 1.09 1.09 1.07 1.05 1.09 1.08 1.07 1.07 1.08 1.08 1.07 1.05 1.09 1.05 1.07 1.08 1.06 1.07 
1.08 1.08 1.08 1.09 1.05 1.05 1.09 1.05 1.06 1.09 1.06 1.08 1.07 1.08 1.08 1.07 1.06 1.08 1.09 1.08 
1.09 1.09 1.06 1.07 1.07 1.07 1.05 1.07 1.06 1.09 1.09 1.08 1.09 1.07 1.09 1.07 1.09 1.05 1.05 1.09 
1.09 1.05 1.05 1.07 1.09 1.07 1.06 1.05 1.09 1.08 1.06 1.08 1.07 1.07 1.09 1.09 1.07 1.09 1.05 1.07 
1.08 1.07 1.06 1.05 1.09 1.07 1.08 1.08 1.05 1.08 1.05 1.05 1.09 1.08 1.09 1.07 1.08 1.06 1.06 1.05 
1.05 1.07 1.08 1.08 1.07 1.07 1.08 1.08 1.06 1.08 1.05 1.07 1.05 1.06 1.05 1.08 1.09 1.06 1.08 1.05 
1.05 1.09 1.09 1.05 1.07 1.06 1.07 1.08 1.05 1.09 1.05 1.07 1.05 1.08 1.09 1.08 1.06 1.05 1.09 1.05 
1.06 1.09 1.07 1.08 1.07 1.08 1.09 1.09 1.07 1.07 1.07 1.05 1.06 1.05 1.06 1.06 1.09 1.07 1.09 1.06 
1.09 1.06 1.06 1.07 1.09 1.05 1.09 1.05 1.08 1.09 1.07 1.05 1.05 1.06 1.07 1.09 1.05 1.07 1.09 1.05 
1.06 1.09 1.05 1.09 1.09 1.08 1.08 1.06 1.05 1.08 1.05 1.06 1.06 1.05 1.08 1.08 1.07 1.07 1.08 1.07 
1.07 1.05 1.05 1.05 1.05 1.09 1.07 1.09 1.07 1.06 1.07 1.06 1.08 1.07 1.07 1.09 1.06 1.09 1.09 1.06 
1.05 1.08 1.06 1.07 1.06 1.06 1.06 1.08 1.05 1.05 1.05 1.06 1.07 1.08 1.05 1.08 1.07 1.07 1.05 1.05 
1.06 1.06 1.07 1.07 1.06 1.07 1.06 1.07 1.07 1.09 1.05 1.07 1.08 1.08 1.08 1.07 1.08 1.06 1.09 1.08 
1.07 1.05 1.05 1.05 1.05 1.08 1.06 1.06 1.06 1.09 1.09 1.07 1.05 1.09 1.08 1.09 1.05 1.07 1.09 1.09 
1.06 1.06 1.05 1.06 1.09 1.08 1.09 1.07 1.09 1.07 1.05 1.06 1.06 1.09 1.09 1.09 1.06 1.09 1.07 1.07 
1.05 1.08 1.07 1.05 1.07 1.07 1.06 1.08 1.08 1.09 1.08 1.08 1.08 1.09 1.07 1.08 1.07 1.09 1.07 1.09 
1.06 1.08 1.05 1.09 1.06 1.09 1.09 1.06 1.06 1.06 1.07 1.08 1.09 1.06 1.06 1.06 1.08 1.05 1.05 1.06 
1.05 1.09 1.07 1.06 1.09 1.07 1.05 1.08 1.07 1.09 1.08 1.08 1.05 1.06 1.09 1.08 1.07 1.07 1.05 1.07 
1.08 1.08 1.07 1.05 1.06 1.08 1.07 1.05 1.05 1.09 1.06 1.05 1.09 1.06 1.05 1.08 1.07 1.08 1.07 1.07 
1.09 1.08 1.06 1.07 1.07 1.09 1.05 1.07 1.06 1.08 1.08 1.08 1.09 1.09 1.05 1.08 1.09 1.05 1.09 1.09 
1.07 1.06 1.07 1.07 1.08 1.07 1.07 1.07 1.06 1.05 1.05 1.05 1.05 1.08 1.06 1.05 1.09 1.06 1.06 1.06 
1.08 1.09 1.05 1.09 1.09 1.05 1.06 1.07 1.06 1.07 1.06 1.06 1.09 1.08 1.06 1.06 1.05 1.06 1.09 1.05 
1.09 1.05 1.05 1.08 1.08 1.05 1.05 1.07 1.05 1.09 1.05 1.05 1.05 1.07 1.06 1.07 1.09 1.09 1.07 1.09 
1.08 1.05 1.09 1.06 1.08 1.07 1.06 1.09 1.05 1.07 1.08 1.08 1.06 1.09 1.06 1.06 1.08 1.06 1.08 1.08 
1.08 1.09 1.05 1.05 1.08 1.09 1.09 1.05 1.07 1.06 1.09 1.05 1.05 1.07 1.07 1.07 1.06 1.05 1.09 1.09 
1.07 1.08 1.09 1.09 1.06 1.07 1.09 1.05 1.08 1.05 1.06 1.08 1.05 1.09 1.09 1.08 1.06 1.07 1.05 1.08 
1.07 1.05 1.06 1.09 1.07 1.09 1.06 1.05 1.05 1.08 1.07 1.06 1.09 1.06 1.08 1.05 1.07 1.08 1.05 1.07 
1.05 1.07 1.05 1.05 1.05 1.06 1.09 1.05 1.08 1.09 1.06 1.09 1.09 1.06 1.06 1.07 1.05 1.05 1.07 1.05 
1.08 1.05 1.07 1.06 1.09 1.05 1.06 1.09 1.07 1.06 1.07 1.09 1.09 1.07 1.07 1.09 1.08 1.05 1.05 1.08 
1.08 1.07 1.09 1.05 1.09 1.09 1.09 1.06 1.05 1.05 1.07 1.07 1.09 1.06 1.09 1.07 1.06 1.07 1.07 1.09 
1.06 1.09 1.08 1.05 1.05 1.05 1.05 1.07 1.08 1.05 1.08 1.05 1.05 1.06 1.05 1.09 1.09 1.09 1.06 1.06 
1.08 1.07 1.09 1.06 1.09 1.07 1.05 1.06 1.07 1.05 1.09 1.09 1.09 1.07 1.07 1.05 1.06 1.05 1.08 1.07 
1.08 1.07 1.09 1.09 1.08 1.07 1.06 1.09 1.09 1.06 1.05 1.09 1.06 1.07 1.09 1.06 1.05 1.09 1.09 1.08 
1.09 1.08 1.06 1.07 1.05 1.09 1.09 1.06 1.05 1.06 1.08 1.08 1.08 1.06 1.07 1.09 1.07 1.08 1.08 1.06 
1.05 1.08 1.05 1.08 1.05 1.09 1.06 1.08 1.05 1.05 1.07 1.05 1.05 1.05 1.09 1.06 1.05 1.07 1.09 1.07 
1.08 1.09 1.05 1.06 1.07 1.05 1.06 1.07 1.09 1.07 1.06 1.09 1.09 1.07 1.07 1.09 1.08 1.09 1.07 1.07 
1.09 1.05 1.08 1.05 1.08 1.08 1.09 1.09 1.09 1.09 1.08 1.05 1.08 1.09 1.07 1.09 1.09 1.05 1.07 1.07 
1.05 1.06 1.08 1.07 1.07 1.08 1.08 1.06 1.09 1.05 1.06 1.07 1.05 1.07 1.08 1.08 1.08 1.06 1.08 1.06 
1.09 1.07 1.08 1.07 1.06 1.08 1.07 1.09 1.06 1.08 1.07 1.09 1.05 1.05 1.06 1.08 1.09 1.09 1.07 1.08 
1.09 1.05 1.05 1.07 1.06 1.08 1.09 1.08 1.09 1.06 1.07 1.05 1.07 1.09 1.07 1.09 1.06 1.06 1.05 1.05 
1.09 1.09 1.08 1.07 1.05 1.05 1.07 1.09 1.09 1.06 1.07 1.07 1.05 1.08 1.09 1.06 1.08 1.05 1.09 1.07 
1.07 1.08 1.06 1.05 1.05 1.09 1.06 1.05 1.06 1.07 1.09 1.05 1.05 1.07 1.08 1.09 1.09 1.06 1.07 1.05 
1.07 1.08 1.06 1.05 1.05 1.05 1.06 1.05 1.06 1.07 1.05 1.09 1.09 1.07 1.06 1.07 1.07 1.07 1.06 1.06 
1.07 1.07 1.07 1.06 1.06 1.08 1.07 1.05 1.05 1.09 1.06 1.08 1.05 1.08 1.09 1.07 1.07 1.07 1.06 1.07 
1.08 1.07 1.08 1.08 1.09 1.08 1.07 1.07 1.08 1.08 1.05 1.09 1.07 1.05 1.08 1.07 1.06 1.09 1.08 1.06 
1.06 1.09 1.07 1.09 1.08 1.06 1.05 1.08 1.09 1.06 1.08 1.09 1.09 1.06 1.05 1.06 1.09 1.07 1.08 1.07 
1.07 1.05 1.05 1.08 1.08 1.07 1.05 1.09 1.08 1.05 1.05 1.09 1.09 1.09 1.08 1.05 1.06 1.09 1.07 1.05 
1.09 1.09 1.06 1.05 1.06 1.07 1.07 1.07 1.05 1.06 1.08 1.07 1.08 1.08 1.07 1.08 1.07 1.06 1.06 1.07 
1.05 1.05 1.06 1.08 1.07 1.08 1.09 1.05 1.09 1.08 1.07 1.09 1.05 1.08 1.08 1.09 1.07 1.05 1.09 1.08 
1.08 1.08 1.08 1.05 1.09 1.09 1.05 1.05 1.09 1.08 1.07 1.09 1.07 1.08 1.06 1.08 1.09 1.06 1.06 1.07 
1.07 1.05 1.07 1.09 1.05 1.05 1.08 1.09 1.05 1.08 1.06 1.06 1.08 1.07 1.05 1.05 1.09 1.05 1.07 1.09 
1.05 1.07 1.09 1.06 1.08 1.08 1.06 1.08 1.08 1.06 1.07 1.05 1.08 1.07 1.05 1.08 1.05 1.07 1.07 1.09 
1.06 1.07 1.07 1.06 1.09 1.06 1.08 1.08 1.09 1.05 1.06 1.05 1.09 1.05 1.05 1.09 1.05 1.06 1.06 1.07 
1.09 1.05 1.08 1.06 1.08 1.08 1.05 1.09 1.07 1.06 1.08 1.09 1.09 1.09 1.08 1.06 1.06 1.06 1.07 1.08 
1.08 1.05 1.08 1.07 1.06 1.05 1.05 1.06 1.09 1.09 1.07 1.09 1.07 1.09 1.09 1.05 1.08 1.09 1.09 1.05 
1.06 1.07 1.07 1.07 1.07 1.06 1.09 1.09 1.07 1.05 1.08 1.07 1.05 1.05 1.05 1.05 1.09 1.09 1.07 1.06 
1.05 1.09 1.09 1.07 1.05 1.06 1.08 1.08 1.07 1.09 1.09 1.07 1.08 1.06 1.05 1.05 1.06 1.06 1.07 1.07 
1.07 1.06 1.06 1.07 1.09 1.05 1.08 1.08 1.09 1.09 1.09 1.08 1.08 1.08 1.07 1.06 1.07 1.08 1.06 1.06 
1.05 1.05 1.05 1.06 1.09 1.09 1.07 1.07 1.05 1.09 1.08 1.06 1.09 1.09 1.05 1.06 1.05 1.06 1.07 1.09 
1.08 1.06 1.06 1.07 1.08 1.06 1.06 1.06 1.08 1.07 1.08 1.07 1.05 1.05 1.06 1.06 1.07 1.08 1.05 1.07 
1.08 1.08 1.06 1.06 1.09 1.05 1.07 1.07 1.06 1.06 1.07 1.08 1.06 1.06 1.09 1.07 1.07 1.06 1.06 1.07 
1.05 1.09 1.07 1.06 1.09 1.07 1.07 1.06 1.06 1.07 1.05 1.08 1.09 1.08 1.08 1.07 1.05 1.09 1.09 1.05 
1.09 1.08 1.05 1.07 1.05 1.06 1.05 1.07 1.08 1.05 1.05 1.09 1.09 1.08 1.09 1.08 1.09 1.06 1.05 1.09 
1.09 1.08 1.05 1.08 1.08 1.05 1.06 1.05 1.08 1.09 1.05 1.06 1.07 1.07 1.09 1.09 1.08 1.06 1.06 1.08 
1.09 1.08 1.05 1.07 1.05 1.07 1.07 1.05 1.06 1.05 1.06 1.08 1.08 1.05 1.06 1.09 1.05 1.06 1.08 1.05 
1.08 1.08 1.09 1.07 1.06 1.06 1.08 1.09 1.05 1.05 1.08 1.09 1.07 1.07 1.06 1.05 1.07 1.07 1.09 1.08 
1.09 1.08 1.07 1.07 1.09 1.07 1.09 1.09 1.06 1.08 1.06 1.06 1.07 1.07 1.05 1.08 1.06 1.09 1.08 1.06 
1.08 1.09 1.07 1.05 1.08 1.08 1.08 1.09 1.09 1.07 1.05 1.09 1.05 1.08 1.08 1.09 1.06 1.05 1.07 1.07 
1.06 1.07 1.05 1.05 1.06 1.07 1.08 1.06 1.09 1.05 1.05 1.05 1.09 1.06 1.06 1.09 1.08 1.06 1.08 1.07 
1.09 1.06 1.07 1.06 1.08 1.06 1.07 1.05 1.08 1.05 1.07 1.05 1.06 1.07 1.07 1.05 1.08 1.09 1.08 1.06 
1.06 1.06 1.07 1.05 1.08 1.07 1.08 1.06 1.05 1.06 1.08 1.08 1.08 1.08 1.06 1.07 1.06 1.06 1.05 1.06 
1.07 1.07 1.09 1.08 1.07 1.09 1.09 1.05 1.06 1.08 1.07 1.09 1.06 1.08 1.06 1.06 1.05 1.08 1.07 1.06 
1.07 1.05 1.08 1.08 1.05 1.06 1.09 1.05 1.07 1.05 1.08 1.06 1.05 1.08 1.05 1.07 1.06 1.07 1.07 1.07 
1.05 1.07 1.07 1.09 1.05 1.05 1.09 1.08 1.05 1.08 1.05 1.07 1.08 1.05 1.05 1.06 1.09 1.09 1.07 1.08 
1.07 1.05 1.06 1.06 1.09 1.09 1.06 1.05 1.05 1.08 1.09 1.09 1.09 1.05 1.08 1.07 1.06 1.08 1.07 1.05 
1.06 1.07 1.06 1.06 1.09 1.07 1.06 1.06 1.06 1.07 1.07 1.05 1.05 1.05 1.05 1.09 1.06 1.07 1.09 1.06 
1.06 1.07 1.06 1.05 1.05 1.05 1.05 1.06 1.06 1.07 1.06 1.06 1.07 1.07 1.07 1.07 1.09 1.08 1.05 1.05 
1.07 1.08 1.05 1.08 1.07 1.06 1.05 1.08 1.06 1.05 1.07 1.07 1.06 1.09 1.09 1.09 1.05 1.06 1.09 1.08 
1.05 1.05 1.09 1.09 1.09 1.07 1.05 1.08 1.08 1.09 1.05 1.06 1.06 1.07 1.08 1.05 1.05 1.08 1.06 1.07 
1.06 1.05 1.08 1.06 1.08 1.06 1.06 1.09 1.07 1.07 1.06 1.09 1.06 1.05 1.07 1.06 1.05 1.06 1.06 1.06 
1.05 1.09 1.07 1.07 1.05 1.08 1.06 1.08 1.08 1.09 1.08 1.07 1.08 1.06 1.09 1.06 1.06 1.07 1.06 1.08 
1.06 1.08 1.05 1.09 1.07 1.09 1.06 1.08 1.08 1.07 1.05 1.05 1.08 1.08 1.07 1.09 1.05 1.07 1.07 1.08 
1.08 1.05 1.09 1.08 1.07 1.09 1.07 1.08 1.06 1.05 1.06 1.06 1.08 1.08 1.09 1.07 1.05 1.09 1.05 1.09 
1.06 1.06 1.05 1.06 1.06 1.08 1.08 1.08 1.09 1.09 1.06 1.08 1.08 1.09 1.07 1.08 1.09 1.06 1.05 1.07 
1.05 1.08 1.07 1.08 1.06 1.05 1.09 1.06 1.09 1.07 1.06 1.07 1.09 1.05 1.06 1.06 1.08 1.08 1.05 1.09 
1.05 1.09 1.06 1.09 1.05 1.07 1.07 1.05 1.09 1.06 1.05 1.07 1.06 1.08 1.07 1.05 1.06 1.08 1.09 1.07 
1.06 1.05 1.05 1.05 1.07 1.07 1.08 1.09 1.05 1.05 1.08 1.06 1.07 1.08 1.05 1.08 1.05 1.06 1.07 1.07 
1.07 1.09 1.07 1.07 1.07 1.09 1.06 1.09 1.08 1.07 1.08 1.07 1.07 1.08 1.06 1.08 1.08 1.09 1.09 1.08 
1.09 1.07 1.09 1.06 1.08 1.08 1.08 1.09 1.08 1.05 1.09 1.09 1.05 1.07 1.09 1.07 1.08 1.08 1.06 1.08 
1.08 1.05 1.05 1.07 1.05 1.05 1.05 1.08 1.08 1.08 1.06 1.09 1.08 1.08 1.09 1.06 1.05 1.07 1.05 1.07 
1.05 1.07 1.09 1.06 1.07 1.09 1.07 1.09 1.09 1.07 1.09 1.06 1.05 1.05 1.08 1.05 1.06 1.09 1.07 1.06 
