20
300
8 49 83 46 7 11 60 8 73 76 39 31 24 12 85 60 96 81 4 86 25 10 80 73 16 60 79 18 15 76 90 9 3 49 2 72 86 86 84 75 32 19 33 73 17 8 81 78 64 69 82 73 74 60 47 24 34 77 21 17 59 92 50 96 30 76 72 86 78 66 48 44 78 11 4 88 10 30 38 95 68 97 18 20 96 91 2 24 69 66 39 58 7 82 7 97 86 30 17 40 20 57 20 29 22 35 16 45 50 18 93 86 97 95 74 74 43 33 41 76 11 68 47 89 38 26 10 28 14 42 33 73 47 49 56 18 20 49 1 3 18 96 38 8 14 33 44 72 68 36 79 21 88 84 63 81 28 56 59 14 66 46 83 86 55 80 99 76 76 36 30 47 53 99 49 52 95 69 61 74 42 95 54 78 38 80 8 31 17 52 73 87 74 69 69 66 33 72 47 39 71 12 41 17 55 53 21 23 61 73 92 31 5 89 20 36 51 94 38 58 2 74 62 18 83 44 61 62 68 60 46 86 96 97 8 80 56 89 8 61 11 67 47 20 90 12 54 94 91 88 48 39 10 66 48 52 12 29 100 77 36 64 33 33 20 4 12 56 13 96 76 81 21 85 33 4 24 7 52 57 96 96 36 41 30 88 80 8 94 85 94 72 50 84 64 42 57 47 1 94 
1 2 6 3 2 4 4 6 6 5 8 2 9 4 4 4 4 5 6 4 
1.09 1.09 1.07 1.06 1.05 1.05 1.07 1.05 1.09 1.06 1.07 1.09 1.09 1.06 1.05 1.05 1.06 1.07 1.05 1.06 
1.08 1.06 1.07 1.06 1.05 1.08 1.08 1.07 1.09 1.08 1.08 1.08 1.05 1.08 1.06 1.08 1.07 1.09 1.09 1.09 
1.06 1.09 1.05 1.05 1.07 1.09 1.08 1.05 1.08 1.07 1.08 1.09 1.08 1.08 1.09 1.07 1.05 1.05 1.05 1.07 
1.05 1.09 1.08 1.07 1.08 1.08 1.06 1.08 1.05 1.06 1.05 1.09 1.08 1.09 1.08 1.06 1.08 1.06 1.08 1.06 
1.06 1.07 1.08 1.06 1.06 1.05 1.05 1.07 1.08 1.08 1.05 1.08 1.06 1.07 1.09 1.08 1.06 1.09 1.08 1.06 
1.08 1.06 1.06 1.05 1.06 1.06 1.08 1.07 1.07 1.07 1.08 1.07 1.08 1.08 1.06 1.05 1.08 1.07 1.07 1.09 
1.09 1.08 1.05 1.05 1.08 1.08 1.06 1.06 1.07 1.07 1.08 1.07 1.06 1.07 1.07 1.06 1.05 1.07 1.06 1.07 
1.09 1.06 1.07 1.08 1.09 1.05 1.05 1.08 1.08 1.05 1.06 1.09 1.09 1.06 1.08 1.05 1.06 1.08 1.09 1.07 
1.09 1.07 1.08 1.06 1.06 1.07 1.06 1.06 1.07 1.07 1.07 1.06 1.06 1.06 1.05 1.09 1.08 1.07 1.05 1.08 
1.07 1.07 1.06 1.09 1.08 1.07 1.05 1.08 1.07 1.07 1.09 1.08 1.08 1.05 1.07 1.05 1.07 1.08 1.07 1.05 
1.07 1.05 1.06 1.07 1.05 1.05 1.05 1.07 1.06 1.07 1.09 1.06 1.05 1.07 1.09 1.08 1.05 1.09 1.07 1.07 
1.06 1.07 1.06 1.06 1.08 1.08 1.08 1.05 1.09 1.06 1.06 1.05 1.09 1.07 1.06 1.07 1.08 1.08 1.05 1.05 
1.09 1.05 1.08 1.08 1.08 1.07 1.06 1.08 1.08 1.08 1.08 1.08 1.05 1.08 1.05 1.06 1.06 1.09 1.08 1.09 
1.09 1.08 1.05 1.05 1.06 1.05 1.05 1.09 1.06 1.08 1.08 1.09 1.06 1.08 1.09 1.06 1.05 1.05 1.08 1.09 
1.09 1.06 1.05 1.07 1.07 1.05 1.09 1.06 1.06 1.09 1.06 1.07 1.05 1.06 1.08 1.05 1.06 1.05 1.05 1.09 
1.08 1.07 1.09 1.09 1.07 1.07 1.08 1.06 1.09 1.08 1.05 1.09 1.09 1.05 1.06 1.05 1.07 1.07 1.09 1.05 
1.08 1.08 1.09 1.07 1.09 1.07 1.05 1.05 1.09 1.08 1.07 1.09 1.09 1.08 1.07 1.06 1.09 1.09 1.05 1.08 
1.07 1.07 1.05 1.07 1.07 1.07 1.06 1.05 1.05 1.07 1.07 1.05 1.09 1.09 1.09 1.09 1.06 1.07 1.09 1.09 
1.06 1.07 1.07 1.09 1.09 1.09 1.06 1.07 1.07 1.09 1.09 1.05 1.08 1.06 1.08 1.06 1.07 1.06 1.07 1.05 
1.07 1.08 1.08 1.06 1.08 1.06 1.09 1.06 1.05 1.07 1.09 1.07 1.09 1.08 1.08 1.06 1.05 1.05 1.08 1.05 
1.06 1.07 1.09 1.09 1.06 1.07 1.07 1.06 1.07 1.08 1.06 1.08 1.08 1.07 1.05 1.08 1.07 1.09 1.05 1.08 
1.05 1.09 1.07 1.05 1.06 1.08 1.08 1.09 1.07 1.07 1.09 1.07 1.08 1.07 1.08 1.05 1.09 1.09 1.09 1.06 
1.09 1.08 1.08 1.09 1.06 1.07 1.05 1.05 1.07 1.06 1.09 1.05 1.05 1.08 1.06 1.09 1.08 1.07 1.06 1.05 
1.07 1.09 1.09 1.07 1.06 1.09 1.07 1.08 1.07 1.09 1.07 1.05 1.08 1.06 1.06 1.05 1.05 1.09 1.05 1.05 
1.05 1.09 1.09 1.06 1.05 1.06 1.05 1.07 1.07 1.06 1.06 1.07 1.07 1.05 1.06 1.05 1.06 1.06 1.05 1.08 
1.06 1.08 1.07 1.07 1.09 1.09 1.08 1.07 1.09 1.05 1.06 1.06 1.06 1.07 1.08 1.06 1.06 1.08 1.09 1.05 
1.08 1.09 1.08 1.06 1.07 1.07 1.07 1.07 1.06 1.05 1.07 1.09 1.05 1.05 1.05 1.07 1.05 1.06 1.09 1.09 
1.08 1.08 1.06 1.05 1.07 1.09 1.07 1.08 1.08 1.05 1.08 1.09 1.08 1.08 1.06 1.05 1.07 1.07 1.09 1.06 
1.09 1.07 1.06 1.07 1.06 1.05 1.08 1.09 1.06 1.09 1.09 1.06 1.08 1.07 1.08 1.07 1.09 1.08 1.06 1.09 
1.07 1.06 1.05 1.09 1.09 1.09 1.05 1.06 1.05 1.07 1.08 1.08 1.07 1.07 1.09 1.09 1.05 1.06 1.07 1.08 
1.07 1.08 1.09 1.08 1.09 1.08 1.06 1.09 1.09 1.08 1.05 1.05 1.06 1.08 1.05 1.07 1.07 1.09 1.09 1.07 
1.07 1.09 1.05 1.07 1.07 1.07 1.07 1.07 1.06 1.08 1.08 1.06 1.07 1.09 1.06 1.06 1.05 1.05 1.07 1.05 
1.08 1.09 1.08 1.06 1.06 1.08 1.06 1.06 1.05 1.08 1.07 1.05 1.05 1.07 1.06 1.09 1.08 1.09 1.07 1.08 
1.08 1.06 1.05 1.08 1.05 1.05 1.06 1.05 1.07 1.05 1.08 1.08 1.05 1.09 1.09 1.07 1.05 1.08 1.05 1.06 
1.09 1.05 1.07 1.07 1.07 1.07 1.06 1.09 1.06 1.09 1.07 1.05 1.05 1.09 1.09 1.05 1.09 1.07 1.09 1.07 
1.08 1.05 1.08 1.06 1.08 1.08 1.06 1.06 1.07 1.07 1.05 1.07 1.08 1.08 1.07 1.07 1.05 1.07 1.07 1.07 
1.08 1.06 1.09 1.07 1.05 1.07 1.06 1.07 1.05 1.08 1.06 1.09 1.09 1.06 1.06 1.09 1.06 1.05 1.05 1.09 
1.09 1.08 1.06 1.08 1.09 1.07 1.06 1.06 1.06 1.07 1.09 1.06 1.05 1.05 1.09 1.05 1.08 1.07 1.05 1.06 
1.06 1.07 1.07 1.05 1.09 1.08 1.07 1.08 1.08 1.08 1.07 1.08 1.06 1.08 1.09 1.06 1.06 1.05 1.07 1.07 
1.06 1.09 1.07 1.06 1.06 1.08 1.09 1.05 1.05 1.06 1.08 1.05 1.09 1.07 1.06 1.09 1.09 1.08 1.07 1.07 
1.05 1.08 1.05 1.06 1.08 1.09 1.05 1.06 1.08 1.08 1.09 1.08 1.05 1.06 1.09 1.09 1.06 1.05 1.06 1.09 
1.09 1.08 1.07 1.08 1.08 1.06 1.05 1.08 1.06 1.09 1.06 1.07 1.05 1.09 1.09 1.07 1.07 1.05 1.06 1.05 
1.09 1.06 1.09 1.05 1.06 1.06 1.06 1.07 1.09 1.05 1.07 1.07 1.08 1.08 1.06 1.07 1.09 1.08 1.06 1.06 
1.08 1.07 1.07 1.06 1.06 1.05 1.05 1.06 1.09 1.06 1.09 1.07 1.05 1.09 1.05 1.06 1.09 1.08 1.07 1.08 
1.08 1.07 1.07 1.06 1.08 1.07 1.09 1.05 1.06 1.05 1.07 1.06 1.07 1.09 1.05 1.06 1.07 1.07 1.07 1.06 
1.09 1.05 1.07 1.06 1.09 1.08 1.08 1.06 1.06 1.07 1.05 1.08 1.09 1.05 1.09 1.07 1.08 1.09 1.07 1.09 
1.08 1.08 1.07 1.07 1.07 1.07 1.06 1.08 1.09 1.06 1.07 1.06 1.05 1.09 1.06 1.08 1.07 1.05 1.07 1.09 
1.07 1.06 1.05 1.08 1.09 1.05 1.08 1.06 1.06 1.06 1.09 1.06 1.09 1.06 1.08 1.06 1.05 1.06 1.09 1.07 
1.09 1.06 1.06 1.09 1.07 1.07 1.06 1.07 1.09 1.07 1.08 1.08 1.06 1.08 1.07 1.05 1.06 1.09 1.09 1.05 
1.06 1.06 1.09 1.06 1.07 1.05 1.08 1.08 1.07 1.09 1.09 1.09 1.06 1.05 1.09 1.05 1.08 1.09 1.05 1.05 
1.07 1.08 1.06 1.09 1.06 1.08 1.09 1.08 1.09 1.09 1.05 1.09 1.09 1.08 1.09 1.07 1.09 1.08 1.05 1.08 
1.06 1.09 1.05 1.09 1.08 1.07 1.09 1.07 1.08 1.07 1.08 1.09 1.08 1.09 1.05 1.06 1.07 1.06 1.07 1.05 
1.07 1.07 1.05 1.06 1.06 1.07 1.09 1.07 1.06 1.06 1.06 1.07 1.09 1.08 1.07 1.09 1.07 1.08 1.05 1.07 
1.07 1.05 1.06 1.09 1.06 1.09 1.07 1.08 1.06 1.05 1.09 1.08 1.09 1.06 1.08 1.09 1.08 1.07 1.05 1.07 
1.05 1.05 1.09 1.06 1.09 1.09 1.09 1.06 1.07 1.05 1.05 1.07 1.08 1.09 1.08 1.06 1.06 1.08 1.09 1.08 
1.07 1.08 1.05 1.06 1.07 1.07 1.07 1.06 1.09 1.06 1.09 1.06 1.06 1.09 1.06 1.07 1.05 1.06 1.07 1.08 
1.05 1.06 1.05 1.09 1.06 1.07 1.08 1.06 1.07 1.05 1.08 1.05 1.06 1.08 1.06 1.07 1.07 1.07 1.05 1.07 
1.07 1.05 1.08 1.09 1.08 1.07 1.06 1.06 1.09 1.09 1.06 1.08 1.05 1.07 1.08 1.07 1.09 1.07 1.09 1.08 
1.08 1.05 1.05 1.09 1.09 1.07 1.06 1.09 1.09 1.07 1.08 1.06 1.09 1.09 1.08 1.07 1.09 1.09 1.08 1.05 
1.05 1.07 1.09 1.05 1.09 1.08 1.07 1.06 1.08 1.05 1.05 1.08 1.09 1.07 1.08 1.05 1.06 1.07 1.09 1.05 
1.07 1.06 1.09 1.05 1.09 1.09 1.05 1.05 1.07 1.09 1.08 1.06 1.06 1.09 1.07 1.05 1.08 1.05 1.06 1.05 
1.08 1.08 1.08 1.06 1.07 1.08 1.07 1.06 1.05 1.08 1.07 1.09 1.08 1.06 1.08 1.05 1.06 1.07 1.05 1.07 
1.06 1.09 1.09 1.07 1.09 1.06 1.08 1.06 1.08 1.09 1.07 1.06 1.06 1.05 1.07 1.08 1.07 1.07 1.06 1.09 
1.09 1.06 1.05 1.07 1.08 1.05 1.06 1.09 1.06 1.08 1.05 1.07 1.07 1.06 1.05 1.05 1.09 1.08 1.05 1.06 
1.09 1.08 1.05 1.07 1.05 1.08 1.06 1.06 1.06 1.07 1.06 1.09 1.06 1.07 1.09 1.05 1.05 1.05 1.05 1.07 
1.09 1.05 1.06 1.06 1.06 1.06 1.08 1.06 1.06 1.05 1.06 1.06 1.09 1.09 1.09 1.05 1.09 1.07 1.07 1.06 
1.08 1.09 1.09 1.09 1.07 1.05 1.07 1.06 1.08 1.05 1.05 1.07 1.09 1.08 1.06 1.05 1.08 1.07 1.05 1.05 
1.06 1.08 1.06 1.06 1.07 1.07 1.08 1.09 1.06 1.05 1.09 1.08 1.08 1.06 1.09 1.09 1.07 1.06 1.09 1.07 
1.07 1.09 1.07 1.08 1.05 1.05 1.06 1.06 1.07 1.08 1.06 1.08 1.08 1.09 1.08 1.05 1.07 1.08 1.08 1.08 
1.06 1.05 1.07 1.08 1.09 1.09 1.06 1.06 1.06 1.07 1.05 1.09 1.09 1.07 1.05 1.06 1.05 1.07 1.05 1.09 
1.07 1.09 1.09 1.08 1.05 1.09 1.06 1.07 1.07 1.05 1.05 1.08 1.07 1.05 1.05 1.09 1.07 1.05 1.09 1.05 
1.08 1.05 1.07 1.06 1.09 1.09 1.06 1.05 1.06 1.09 1.09 1.07 1.09 1.05 1.08 1.09 1.09 1.06 1.07 1.07 
1.05 1.07 1.05 1.09 1.07 1.09 1.07 1.07 1.09 1.09 1.07 1.05 1.05 1.05 1.09 1.05 1.09 1.07 1.05 1.07 
1.05 1.05 1.08 1.08 1.07 1.06 1.07 1.06 1.08 1.09 1.08 1.06 1.07 1.06 1.08 1.08 1.09 1.07 1.05 1.08 
1.07 1.07 1.05 1.09 1.05 1.07 1.09 1.07 1.09 1.06 1.08 1.07 1.05 1.08 1.09 1.09 1.08 1.05 1.08 1.06 
1.07 1.09 1.07 1.05 1.05 1.09 1.06 1.07 1.05 1.07 1.08 1.09 1.07 1.06 1.08 1.06 1.08 1.06 1.08 1.06 
1.06 1.09 1.07 1.06 1.05 1.07 1.06 1.07 1.05 1.08 1.08 1.09 1.08 1.07 1.07 1.09 1.07 1.09 1.08 1.07 
1.08 1.07 1.06 1.08 1.06 1.06 1.09 1.06 1.09 1.06 1.08 1.07 1.06 1.09 1.07 1.06 1.08 1.09 1.05 1.06 
1.06 1.07 1.09 1.09 1.09 1.08 1.07 1.05 1.08 1.05 1.08 1.07 1.08 1.05 1.05 1.07 1.05 1.05 1.08 1.08 
1.08 1.09 1.05 1.09 1.06 1.08 1.08 1.06 1.06 1.08 1.08 1.09 1.06 1.05 1.05 1.09 1.08 1.07 1.06 1.08 
1.07 1.06 1.05 1.09 1.09 1.08 1.07 1.06 1.05 1.07 1.05 1.05 1.07 1.05 1.08 1.09 1.05 1.06 1.05 1.06 
1.07 1.06 1.06 1.07 1.08 1.07 1.05 1.06 1.08 1.09 1.09 1.09 1.09 1.08 1.08 1.09 1.06 1.08 1.09 1.05 
1.09 1.08 1.06 1.05 1.06 1.09 1.05 1.09 1.06 1.05 1.09 1.08 1.08 1.07 1.07 1.05 1.08 1.06 1.09 1.06 
1.05 1.05 1.09 1.07 1.05 1.09 1.08 1.06 1.07 1.07 1.08 1.07 1.05 1.09 1.06 1.08 1.05 1.09 1.09 1.09 
1.07 1.07 1.08 1.09 1.08 1.08 1.09 1.05 1.09 1.08 1.06 1.09 1.07 1.08 1.05 1.08 1.07 1.05 1.09 1.08 
1.06 1.08 1.05 1.07 1.09 1.08 1.07 1.08 1.05 1.09 1.06 1.09 1.06 1.06 1.07 1.08 1.09 1.07 1.09 1.07 
1.07 1.08 1.05 1.06 1.08 1.07 1.07 1.08 1.06 1.05 1.06 1.07 1.08 1.09 1.08 1.07 1.07 1.08 1.08 1.09 
1.05 1.09 1.07 1.06 1.08 1.08 1.07 1.07 1.09 1.07 1.08 1.07 1.08 1.06 1.05 1.07 1.08 1.08 1.07 1.06 
1.06 1.05 1.05 1.07 1.05 1.07 1.05 1.09 1.07 1.09 1.09 1.06 1.05 1.08 1.06 1.05 1.09 1.09 1.09 1.06 
1.08 1.06 1.08 1.08 1.08 1.08 1.09 1.06 1.07 1.08 1.05 1.06 1.09 1.06 1.07 1.06 1.06 1.05 1.09 1.07 
1.05 1.07 1.08 1.06 1.06 1.08 1.05 1.05 1.09 1.08 1.08 1.05 1.05 1.06 1.09 1.07 1.09 1.06 1.05 1.05 
1.06 1.05 1.07 1.07 1.07 1.09 1.06 1.07 1.05 1.07 1.09 1.07 1.07 1.05 1.08 1.09 1.08 1.05 1.09 1.07 
1.09 1.08 1.09 1.05 1.07 1.08 1.07 1.09 1.07 1.05 1.07 1.08 1.05 1.08 1.09 1.08 1.08 1.08 1.05 1.05 
1.08 1.07 1.09 1.05 1.05 1.06 1.05 1.08 1.06 1.05 1.07 1.05 1.07 1.07 1.08 1.09 1.08 1.07 1.07 1.07 
1.05 1.09 1.05 1.06 1.06 1.06 1.09 1.07 1.08 1.07 1.08 1.07 1.06 1.07 1.06 1.08 1.08 1.09 1.08 1.08 
1.06 1.06 1.05 1.05 1.07 1.07 1.08 1.06 1.08 1.07 1.07 1.07 1.05 1.09 1.07 1.08 1.08 1.07 1.08 1.05 
1.08 1.08 1.06 1.06 1.07 1.06 1.08 1.07 1.07 1.09 1.07 1.09 1.06 1.07 1.06 1.06 1.07 1.06 1.07 1.06 
1.09 1.05 1.06 1.09 1.05 1.05 1.06 1.07 1.07 1.07 1.08 1.06 1.05 1.09 1.09 1.05 1.06 1.08 1.07 1.09 
1.09 1.07 1.05 1.09 1.09 1.06 1.08 1.05 1.08 1.08 1.07 1.09 1.09 1.08 1.06 1.09 1.08 1.08 1.06 1.06 
1.07 1.05 1.05 1.05 1.07 1.06 1.08 1.06 1.06 1.06 1.07 1.07 1.07 1.05 1.07 1.06 1.09 1.05 1.06 1.06 
1.07 1.08 1.08 1.07 1.06 1.07 1.05 1.08 1.07 1.07 1.09 1.07 1.05 1.07 1.09 1.09 1.07 1.09 1.08 1.05 
1.05 1.05 1.06 1.06 1.07 1.08 1.09 1.07 1.07 1.07 1.08 1.05 1.08 1.05 1.05 1.07 1.09 1.07 1.08 1.05 
1.09 1.09 1.06 1.05 1.08 1.06 1.08 1.06 1.09 1.05 1.05 1.05 1.07 1.08 1.07 1.05 1.09 1.09 1.05 1.06 
1.06 1.06 1.08 1.09 1.07 1.06 1.09 1.08 1.09 1.05 1.05 1.09 1.06 1.08 1.06 1.06 1.09 1.08 1.08 1.09 
1.06 1.05 1.09 1.07 1.08 1.07 1.08 1.07 1.08 1.09 1.09 1.07 1.08 1.05 1.08 1.06 1.06 1.05 1.06 1.08 
1.07 1.08 1.07 1.07 1.07 1.07 1.09 1.09 1.06 1.05 1.08 1.06 1.08 1.06 1.09 1.07 1.09 1.05 1.06 1.08 
1.05 1.09 1.05 1.07 1.05 1.08 1.07 1.09 1.09 1.05 1.05 1.07 1.05 1.08 1.08 1.05 1.06 1.08 1.08 1.05 
1.05 1.09 1.08 1.09 1.05 1.05 1.09 1.09 1.06 1.09 1.07 1.09 1.08 1.06 1.07 1.05 1.08 1.07 1.05 1.05 
1.05 1.07 1.06 1.07 1.05 1.08 1.06 1.05 1.06 1.06 1.07 1.09 1.08 1.07 1.06 1.07 1.08 1.05 1.05 1.08 
1.08 1.07 1.06 1.06 1.05 1.06 1.07 1.08 1.05 1.09 1.09 1.09 1.08 1.08 1.06 1.06 1.05 1.09 1.06 1.06 
1.08 1.09 1.05 1.05 1.07 1.08 1.09 1.05 1.09 1.09 1.06 1.05 1.08 1.05 1.06 1.05 1.07 1.09 1.08 1.08 
1.06 1.05 1.06 1.08 1.07 1.09 1.07 1.08 1.05 1.05 1.08 1.07 1.07 1.05 1.07 1.09 1.05 1.09 1.08 1.08 
1.07 1.09 1.05 1.08 1.09 1.05 1.08 1.05 1.08 1.08 1.08 1.09 1.08 1.06 1.09 1.09 1.06 1.06 1.08 1.07 
1.08 1.06 1.08 1.05 1.05 1.06 1.09 1.08 1.08 1.06 1.06 1.05 1.05 1.06 1.09 1.06 1.05 1.08 1.09 1.07 
1.08 1.05 1.08 1.07 1.06 1.09 1.05 1.07 1.06 1.08 1.09 1.07 1.05 1.09 1.08 1.07 1.07 1.07 1.09 1.09 
1.05 1.06 1.05 1.08 1.09 1.05 1.07 1.08 1.07 1.09 1.05 1.05 1.09 1.09 1.06 1.07 1.07 1.08 1.08 1.06 
1.08 1.05 1.07 1.07 1.06 1.06 1.05 1.06 1.08 1.08 1.09 1.07 1.07 1.09 1.08 1.05 1.05 1.06 1.07 1.06 
1.06 1.05 1.08 1.07 1.07 1.08 1.09 1.05 1.06 1.08 1.05 1.09 1.07 1.05 1.06 1.05 1.05 1.07 1.08 1.08 
1.07 1.06 1.09 1.07 1.08 1.07 1.09 1.06 1.08 1.09 1.05 1.08 1.08 1.06 1.08 1.07 1.07 1.06 1.06 1.06 
1.09 1.05 1.05 1.06 1.07 1.08 1.05 1.05 1.09 1.05 1.07 1.08 1.09 1.06 1.08 1.05 1.07 1.06 1.07 1.07 
1.05 1.05 1.07 1.05 1.05 1.07 1.08 1.05 1.08 1.06 1.05 1.09 1.09 1.08 1.06 1.07 1.06 1.08 1.09 1.06 
1.05 1.09 1.07 1.05 1.05 1.05 1.05 1.06 1.07 1.07 1.07 1.06 1.08 1.06 1.08 1.06 1.08 1.09 1.09 1.07 
1.05 1.09 1.06 1.05 1.06 1.08 1.06 1.05 1.08 1.06 1.09 1.05 1.07 1.08 1.05 1.08 1.09 1.06 1.08 1.08 
1.09 1.06 1.05 1.05 1.05 1.05 1.05 1.05 1.07 1.06 1.07 1.09 1.08 1.09 1.06 1.07 1.09 1.07 1.07 1.06 
1.08 1.06 1.06 1.08 1.05 1.07 1.05 1.05 1.07 1.09 1.07 1.07 1.08 1.09 1.08 1.09 1.08 1.08 1.06 1.08 
1.08 1.05 1.08 1.09 1.08 1.09 1.09 1.09 1.07 1.09 1.06 1.07 1.07 1.08 1.07 1.06 1.07 1.07 1.09 1.07 
1.09 1.05 1.09 1.08 1.07 1.05 1.07 1.08 1.06 1.05 1.09 1.05 1.05 1.08 1.05 1.06 1.07 1.05 1.09 1.06 
1.08 1.05 1.09 1.05 1.09 1.08 1.05 1.07 1.09 1.06 1.07 1.07 1.06 1.05 1.09 1.06 1.07 1.07 1.09 1.05 
1.05 1.06 1.05 1.09 1.09 1.05 1.09 1.07 1.08 1.07 1.09 1.08 1.09 1.05 1.07 1.07 1.08 1.08 1.07 1.09 
1.06 1.09 1.09 1.06 1.08 1.05 1.05 1.08 1.09 1.08 1.07 1.07 1.09 1.06 1.06 1.08 1.07 1.06 1.09 1.05 
1.06 1.09 1.08 1.06 1.08 1.07 1.06 1.06 1.06 1.06 1.07 1.06 1.08 1.08 1.09 1.09 1.08 1.07 1.08 1.06 
1.05 1.08 1.08 1.08 1.08 1.05 1.09 1.07 1.06 1.06 1.08 1.08 1.07 1.07 1.09 1.06 1.09 1.09 1.08 1.07 
1.08 1.09 1.06 1.07 1.09 1.09 1.05 1.06 1.06 1.06 1.09 1.07 1.05 1.06 1.05 1.09 1.05 1.08 1.08 1.05 
1.06 1.08 1.07 1.07 1.09 1.05 1.09 1.07 1.08 1.06 1.05 1.09 1.07 1.09 1.06 1.07 1.05 1.07 1.09 1.08 
1.05 1.05 1.09 1.08 1.07 1.09 1.08 1.07 1.05 1.07 1.09 1.05 1.09 1.07 1.08 1.09 1.05 1.08 1.06 1.08 
1.07 1.09 1.05 1.06 1.05 1.08 1.07 1.09 1.05 1.05 1.09 1.05 1.06 1.07 1.05 1.08 1.07 1.05 1.07 1.07 
1.06 1.06 1.06 1.09 1.05 1.06 1.07 1.08 1.08 1.05 1.06 1.05 1.09 1.07 1.06 1.08 1.08 1.05 1.07 1.07 
1.07 1.06 1.07 1.05 1.08 1.08 1.07 1.08 1.09 1.09 1.07 1.06 1.05 1.09 1.09 1.07 1.09 1.05 1.08 1.09 
1.05 1.09 1.06 1.05 1.09 1.05 1.07 1.07 1.07 1.06 1.08 1.07 1.09 1.08 1.08 1.06 1.07 1.05 1.09 1.07 
1.08 1.06 1.08 1.06 1.09 1.06 1.08 1.05 1.05 1.07 1.05 1.07 1.06 1.07 1.09 1.08 1.08 1.05 1.08 1.07 
1.06 1.05 1.07 1.07 1.09 1.07 1.06 1.09 1.09 1.05 1.09 1.08 1.06 1.06 1.06 1.09 1.08 1.07 1.05 1.06 
1.05 1.08 1.07 1.07 1.08 1.05 1.06 1.09 1.09 1.08 1.08 1.09 1.08 1.05 1.09 1.09 1.07 1.08 1.09 1.05 
1.05 1.06 1.06 1.08 1.09 1.06 1.07 1.09 1.06 1.07 1.09 1.05 1.07 1.07 1.05 1.06 1.07 1.09 1.08 1.06 
1.05 1.09 1.09 1.09 1.09 1.05 1.09 1.09 1.09 1.09 1.08 1.05 1.06 1.05 1.09 1.07 1.09 1.05 1.06 1.08 
1.09 1.08 1.05 1.06 1.06 1.08 1.06 1.07 1.09 1.09 1.05 1.07 1.06 1.05 1.08 1.09 1.09 1.05 1.08 1.07 
1.06 1.07 1.08 1.09 1.05 1.06 1.08 1.08 1.07 1.07 1.09 1.06 1.06 1.09 1.08 1.07 1.05 1.05 1.09 1.08 
1.08 1.05 1.07 1.05 1.06 1.05 1.07 1.07 1.05 1.07 1.05 1.08 1.08 1.07 1.07 1.08 1.07 1.06 1.05 1.05 
1.08 1.06 1.08 1.07 1.09 1.09 1.09 1.08 1.06 1.08 1.05 1.07 1.08 1.05 1.09 1.07 1.06 1.05 1.05 1.09 
1.07 1.07 1.05 1.08 1.07 1.05 1.09 1.07 1.08 1.06 1.07 1.07 1.07 1.08 1.07 1.08 1.08 1.07 1.08 1.05 
1.09 1.07 1.08 1.05 1.09 1.09 1.06 1.08 1.07 1.08 1.07 1.06 1.07 1.08 1.07 1.09 1.05 1.08 1.06 1.05 
1.09 1.05 1.09 1.08 1.06 1.07 1.07 1.05 1.05 1.05 1.06 1.06 1.05 1.09 1.05 1.09 1.06 1.07 1.09 1.07 
1.09 1.09 1.07 1.05 1.08 1.06 1.06 1.09 1.08 1.07 1.06 1.05 1.07 1.09 1.08 1.08 1.08 1.05 1.08 1.09 
1.05 1.09 1.08 1.05 1.06 1.09 1.06 1.06 1.07 1.05 1.08 1.05 1.08 1.05 1.07 1.05 1.05 1.07 1.07 1.06 
1.06 1.06 1.09 1.08 1.09 1.07 1.08 1.06 1.09 1.06 1.07 1.05 1.06 1.09 1.08 1.07 1.05 1.09 1.06 1.07 
1.07 1.07 1.07 1.07 1.08 1.09 1.07 1.08 1.08 1.05 1.09 1.06 1.09 1.06 1.07 1.09 1.07 1.08 1.09 1.05 
1.08 1.08 1.06 1.09 1.05 1.07 1.07 1.06 1.05 1.06 1.07 1.08 1.06 1.06 1.09 1.07 1.09 1.05 1.05 1.08 
1.09 1.08 1.06 1.05 1.08 1.07 1.07 1.05 1.09 1.08 1.05 1.06 1.09 1.09 1.09 1.07 1.05 1.08 1.05 1.08 
1.07 1.07 1.05 1.07 1.05 1.09 1.06 1.06 1.07 1.05 1.06 1.08 1.09 1.06 1.09 1.09 1.07 1.05 1.07 1.06 
1.07 1.08 1.07 1.05 1.07 1.08 1.05 1.05 1.07 1.08 1.05 1.09 1.07 1.07 1.09 1.08 1.09 1.08 1.06 1.06 
1.09 1.09 1.06 1.08 1.05 1.08 1.06 1.07 1.07 1.06 1.06 1.05 1.05 1.06 1.08 1.09 1.09 1.05 1.06 1.06 
1.07 1.08 1.07 1.05 1.08 1.07 1.06 1.07 1.07 1.09 1.05 1.05 1.06 1.09 1.05 1.09 1.06 1.05 1.05 1.05 
1.08 1.09 1.06 1.07 1.08 1.09 1.05 1.06 1.06 1.09 1.08 1.09 1.06 1.05 1.07 1.07 1.06 1.06 1.07 1.08 
1.09 1.08 1.06 1.09 1.05 1.05 1.08 1.07 1.06 1.09 1.07 1.09 1.05 1.05 1.09 1.09 1.08 1.09 1.06 1.06 
1.09 1.07 1.07 1.05 1.08 1.07 1.09 1.09 1.05 1.09 1.05 1.08 1.07 1.09 1.09 1.07 1.07 1.06 1.08 1.05 
1.07 1.07 1.09 1.05 1.06 1.05 1.07 1.05 1.06 1.08 1.05 1.09 1.07 1.07 1.07 1.07 1.06 1.06 1.07 1.09 
1.06 1.05 1.07 1.08 1.06 1.09 1.08 1.08 1.06 1.07 1.07 1.07 1.06 1.07 1.08 1.07 1.07 1.08 1.08 1.06 
1.06 1.06 1.08 1.06 1.08 1.09 1.05 1.08 1.06 1.05 1.07 1.07 1.05 1.08 1.07 1.08 1.06 1.07 1.08 1.08 
1.05 1.07 1.06 1.09 1.07 1.07 1.06 1.06 1.08 1.05 1.06 1.06 1.05 1.05 1.08 1.08 1.09 1.05 1.09 1.06 
1.06 1.05 1.09 1.08 1.06 1.07 1.07 1.09 1.09 1.06 1.06 1.08 1.09 1.05 1.06 1.09 1.05 1.07 1.09 1.09 
1.08 1.06 1.08 1.09 1.06 1.09 1.09 1.09 1.05 1.06 1.06 1.07 1.08 1.05 1.05 1.05 1.05 1.08 1.06 1.09 
1.09 1.07 1.08 1.07 1.05 1.05 1.09 1.06 1.06 1.08 1.06 1.07 1.09 1.09 1.08 1.07 1.08 1.06 1.05 1.09 
1.06 1.09 1.07 1.09 1.09 1.05 1.08 1.06 1.06 1.06 1.08 1.07 1.09 1.07 1.06 1.05 1.08 1.06 1.08 1.06 
1.09 1.05 1.05 1.07 1.05 1.05 1.08 1.08 1.09 1.09 1.08 1.05 1.09 1.05 1.08 1.07 1.06 1.05 1.08 1.08 
1.08 1.09 1.09 1.06 1.05 1.06 1.07 1.07 1.07 1.05 1.07 1.07 1.07 1.06 1.08 1.06 1.09 1.05 1.08 1.09 
1.07 1.05 1.08 1.08 1.05 1.08 1.06 1.05 1.07 1.05 1.09 1.05 1.07 1.08 1.09 1.07 1.06 1.09 1.06 1.05 
1.07 1.08 1.05 1.06 1.08 1.07 1.06 1.09 1.09 1.09 1.08 1.09 1.07 1.08 1.09 1.07 1.07 1.09 1.06 1.05 
1.09 1.09 1.05 1.08 1.07 1.07 1.08 1.07 1.06 1.07 1.08 1.06 1.07 1.07 1.08 1.06 1.06 1.09 1.08 1.09 
1.07 1.09 1.06 1.07 1.09 1.09 1.07 1.05 1.07 1.06 1.05 1.07 1.05 1.09 1.06 1.09 1.07 1.07 1.05 1.09 
1.07 1.07 1.06 1.07 1.06 1.07 1.09 1.09 1.07 1.05 1.07 1.09 1.06 1.07 1.08 1.08 1.09 1.05 1.05 1.05 
1.06 1.07 1.08 1.06 1.05 1.06 1.06 1.05 1.09 1.08 1.05 1.09 1.08 1.06 1.08 1.06 1.07 1.09 1.05 1.09 
1.09 1.05 1.09 1.07 1.05 1.09 1.07 1.05 1.08 1.08 1.05 1.07 1.07 1.08 1.09 1.08 1.07 1.09 1.08 1.08 
1.07 1.09 1.06 1.06 1.06 1.06 1.08 1.06 1.07 1.08 1.05 1.07 1.07 1.06 1.07 1.05 1.07 1.05 1.08 1.07 
1.05 1.06 1.08 1.05 1.05 1.06 1.09 1.08 1.08 1.08 1.05 1.08 1.08 1.06 1.08 1.07 1.06 1.08 1.06 1.06 
1.05 1.09 1.05 1.08 1.06 1.08 1.07 1.08 1.05 1.06 1.07 1.09 1.06 1.06 1.07 1.05 1.09 1.07 1.06 1.08 
1.07 1.06 1.09 1.08 1.06 1.07 1.06 1.06 1.05 1.08 1.05 1.08 1.09 1.06 1.06 1.09 1.07 1.06 1.09 1.06 
1.07 1.06 1.05 1.05 1.06 1.07 1.06 1.07 1.06 1.06 1.08 1.09 1.05 1.05 1.06 1.06 1.07 1.08 1.08 1.07 
1.09 1.07 1.08 1.05 1.06 1.06 1.05 1.05 1.06 1.09 1.06 1.09 1.09 1.08 1.06 1.05 1.06 1.06 1.06 1.05 
1.08 1.07 1.09 1.05 1.07 1.09 1.05 1.09 1.05 1.06 1.07 1.07 1.07 1.08 1.08 1.09 1.05 1.09 1.09 1.06 
1.08 1.06 1.09 1.09 1.09 1.09 1.06 1.06 1.08 1.05 1.05 1.08 1.05 1.05 1.06 1.08 1.07 1.09 1.07 1.08 
1.07 1.05 1.07 1.06 1.09 1.09 1.07 1.08 1.05 1.07 1.09 1.09 1.06 1.08 1.07 1.06 1.05 1.08 1.05 1.07 
1.05 1.06 1.06 1.05 1.09 1.05 1.05 1.09 1.07 1.08 1.06 1.06 1.09 1.07 1.06 1.06 1.07 1.06 1.05 1.07 
1.05 1.09 1.06 1.09 1.08 1.09 1.05 1.07 1.07 1.08 1.06 1.06 1.08 1.07 1.08 1.08 1.09 1.07 1.09 1.09 
1.07 1.06 1.08 1.08 1.05 1.09 1.08 1.08 1.06 1.05 1.07 1.05 1.05 1.06 1.07 1.05 1.07 1.05 1.06 1.05 
1.06 1.08 1.08 1.08 1.06 1.09 1.06 1.09 1.05 1.05 1.08 1.05 1.05 1.05 1.08 1.08 1.05 1.05 1.06 1.09 
1.06 1.05 1.05 1.09 1.09 1.07 1.05 1.05 1.07 1.09 1.06 1.06 1.05 1.09 1.05 1.08 1.07 1.08 1.06 1.06 
1.07 1.09 1.09 1.09 1.09 1.07 1.08 1.06 1.07 1.08 1.07 1.07 1.09 1.05 1.06 1.05 1.06 1.06 1.08 1.06 
1.09 1.07 1.07 1.07 1.05 1.07 1.07 1.05 1.05 1.09 1.06 1.08 1.07 1.09 1.07 1.08 1.08 1.07 1.09 1.09 
1.08 1.06 1.06 1.07 1.08 1.05 1.07 1.08 1.05 1.07 1.06 1.07 1.06 1.08 1.05 1.08 1.06 1.08 1.07 1.05 
1.06 1.09 1.07 1.08 1.08 1.08 1.06 1.06 1.05 1.08 1.08 1.05 1.08 1.09 1.05 1.07 1.08 1.09 1.05 1.08 
1.08 1.08 1.08 1.09 1.06 1.05 1.05 1.08 1.07 1.07 1.06 1.07 1.06 1.09 1.08 1.08 1.08 1.09 1.05 1.07 
1.08 1.09 1.08 1.07 1.09 1.07 1.09 1.09 1.05 1.05 1.09 1.05 1.07 1.07 1.06 1.06 1.09 1.06 1.07 1.05 
1.06 1.05 1.07 1.08 1.05 1.08 1.08 1.09 1.08 1.05 1.08 1.06 1.06 1.08 1.09 1.09 1.09 1.06 1.07 1.06 
1.06 1.05 1.07 1.07 1.05 1.09 1.08 1.05 1.08 1.05 1.05 1.08 1.06 1.07 1.07 1.08 1.07 1.08 1.08 1.07 
1.05 1.07 1.07 1.05 1.07 1.05 1.08 1.05 1.06 1.07 1.09 1.07 1.07 1.06 1.07 1.09 1.07 1.09 1.07 1.05 
1.07 1.09 1.09 1.05 1.07 1.05 1.09 1.05 1.08 1.08 1.09 1.09 1.05 1.08 1.05 1.07 1.05 1.06 1.07 1.09 
1.09 1.08 1.06 1.07 1.07 1.08 1.07 1.05 1.06 1.08 1.05 1.09 1.05 1.07 1.06 1.07 1.09 1.08 1.08 1.06 
1.08 1.08 1.05 1.09 1.08 1.05 1.06 1.05 1.06 1.06 1.09 1.09 1.05 1.07 1.07 1.09 1.09 1.07 1.05 1.07 
1.08 1.07 1.07 1.09 1.06 1.05 1.05 1.06 1.05 1.07 1.05 1.05 1.07 1.08 1.06 1.07 1.08 1.09 1.06 1.09 
1.09 1.05 1.07 1.05 1.08 1.06 1.09 1.06 1.06 1.05 1.08 1.08 1.06 1.06 1.05 1.05 1.09 1.07 1.06 1.08 
1.05 1.08 1.09 1.09 1.08 1.07 1.07 1.05 1.07 1.07 1.05 1.07 1.08 1.07 1.07 1.05 1.08 1.07 1.07 1.09 
1.08 1.08 1.05 1.08 1.05 1.06 1.06 1.09 1.08 1.09 1.09 1.06 1.07 1.07 1.08 1.06 1.06 1.06 1.07 1.07 
1.07 1.08 1.06 1.06 1.07 1.09 1.07 1.06 1.08 1.09 1.08 1.07 1.07 1.05 1.07 1.07 1.08 1.06 1.07 1.06 
1.06 1.07 1.08 1.06 1.08 1.09 1.07 1.07 1.08 1.06 1.05 1.06 1.06 1.06 1.09 1.05 1.05 1.08 1.09 1.09 
1.07 1.09 1.05 1.06 1.05 1.06 1.09 1.05 1.07 1.07 1.08 1.05 1.06 1.08 1.05 1.07 1.09 1.06 1.08 1.06 
1.09 1.05 1.07 1.07 1.09 1.09 1.05 1.07 1.05 1.08 1.05 1.07 1.08 1.09 1.06 1.06 1.07 1.08 1.09 1.08 
1.08 1.08 1.07 1.09 1.08 1.05 1.08 1.07 1.09 1.07 1.08 1.07 1.06 1.07 1.06 1.05 1.06 1.07 1.06 1.07 
1.05 1.05 1.05 1.05 1.09 1.08 1.06 1.08 1.07 1.09 1.07 1.08 1.06 1.06 1.05 1.07 1.08 1.09 1.08 1.05 
1.09 1.09 1.05 1.09 1.08 1.09 1.08 1.06 1.09 1.09 1.05 1.05 1.06 1.08 1.06 1.05 1.07 1.05 1.07 1.07 
1.07 1.08 1.06 1.05 1.05 1.09 1.05 1.08 1.05 1.08 1.05 1.07 1.07 1.09 1.08 1.05 1.05 1.09 1.06 1.09 
1.05 1.09 1.05 1.09 1.09 1.09 1.05 1.08 1.07 1.08 1.08 1.08 1.05 1.09 1.08 1.06 1.05 1.06 1.07 1.05 
1.07 1.06 1.07 1.08 1.06 1.05 1.09 1.05 1.07 1.09 1.05 1.07 1.07 1.09 1.07 1.07 1.08 1.05 1.08 1.07 
1.07 1.07 1.08 1.06 1.09 1.07 1.09 1.05 1.05 1.07 1.05 1.09 1.05 1.07 1.09 1.09 1.07 1.09 1.07 1.08 
1.06 1.09 1.09 1.08 1.05 1.08 1.05 1.07 1.09 1.08 1.05 1.06 1.06 1.06 1.09 1.06 1.08 1.08 1.08 1.08 
1.07 1.06 1.07 1.08 1.08 1.05 1.05 1.09 1.08 1.09 1.09 1.07 1.07 1.06 1.06 1.08 1.08 1.06 1.05 1.08 
1.07 1.09 1.07 1.09 1.08 1.09 1.09 1.06 1.07 1.05 1.05 1.09 1.08 1.08 1.08 1.06 1.07 1.08 1.07 1.07 
1.05 1.08 1.07 1.07 1.08 1.09 1.05 1.09 1.09 1.05 1.08 1.09 1.09 1.07 1.07 1.06 1.08 1.06 1.06 1.05 
1.08 1.08 1.08 1.05 1.08 1.09 1.06 1.07 1.06 1.05 1.06 1.06 1.05 1.06 1.07 1.06 1.09 1.05 1.06 1.05 
1.06 1.08 1.06 1.05 1.07 1.07 1.05 1.08 1.06 1.09 1.07 1.05 1.05 1.09 1.06 1.05 1.06 1.08 1.07 1.05 
1.08 1.09 1.05 1.07 1.05 1.08 1.09 1.09 1.08 1.09 1.08 1.07 1.07 1.09 1.07 1.05 1.09 1.07 1.08 1.06 
1.06 1.07 1.09 1.06 1.06 1.07 1.08 1.05 1.08 1.05 1.08 1.06 1.09 1.06 1.06 1.08 1.06 1.07 1.08 1.08 
1.06 1.05 1.08 1.06 1.05 1.09 1.07 1.05 1.08 1.05 1.05 1.05 1.05 1.09 1.09 1.05 1.09 1.07 1.07 1.09 
1.07 1.08 1.06 1.08 1.09 1.09 1.08 1.08 1.07 1.09 1.06 1.06 1.08 1.08 1.09 1.06 1.06 1.05 1.05 1.06 
1.05 1.09 1.09 1.09 1.07 1.07 1.05 1.05 1.05 1.05 1.09 1.09 1.09 1.08 1.09 1.07 1.08 1.05 1.07 1.05 
1.07 1.05 1.08 1.05 1.05 1.09 1.07 1.06 1.06 1.06 1.06 1.06 1.07 1.08 1.05 1.08 1.07 1.09 1.05 1.08 
1.07 1.09 1.07 1.05 1.08 1.05 1.07 1.05 1.05 1.06 1.09 1.09 1.07 1.08 1.09 1.07 1.05 1.05 1.09 1.07 
1.06 1.05 1.07 1.09 1.05 1.08 1.06 1.08 1.07 1.08 1.06 1.09 1.05 1.09 1.06 1.07 1.08 1.07 1.06 1.07 
1.07 1.06 1.09 1.07 1.07 1.07 1.08 1.08 1.09 1.09 1.05 1.09 1.09 1.06 1.07 1.06 1.06 1.09 1.05 1.07 
1.08 1.09 1.09 1.06 1.08 1.05 1.07 1.06 1.09 1.05 1.08 1.06 1.05 1.05 1.05 1.09 1.09 1.06 1.09 1.07 
1.09 1.05 1.07 1.09 1.06 1.08 1.08 1.09 1.09 1.09 1.05 1.07 1.05 1.06 1.09 1.09 1.06 1.06 1.08 1.08 
1.06 1.06 1.05 1.08 1.09 1.06 1.08 1.08 1.06 1.09 1.08 1.09 1.05 1.08 1.08 1.05 1.05 1.08 1.09 1.06 
1.06 1.09 1.07 1.09 1.08 1.08 1.05 1.07 1.06 1.08 1.09 1.05 1.06 1.08 1.08 1.09 1.05 1.07 1.08 1.05 
1.09 1.08 1.08 1.05 1.07 1.06 1.09 1.07 1.05 1.05 1.05 1.07 1.06 1.06 1.06 1.06 1.05 1.07 1.08 1.07 
1.08 1.09 1.07 1.05 1.08 1.07 1.06 1.05 1.06 1.06 1.08 1.08 1.08 1.05 1.08 1.07 1.06 1.05 1.07 1.06 
1.07 1.05 1.07 1.09 1.05 1.05 1.08 1.05 1.06 1.08 1.07 1.07 1.08 1.06 1.09 1.09 1.09 1.09 1.07 1.08 
1.05 1.07 1.05 1.09 1.05 1.09 1.06 1.07 1.05 1.06 1.06 1.05 1.07 1.09 1.07 1.06 1.06 1.05 1.05 1.07 
1.06 1.08 1.07 1.09 1.09 1.06 1.07 1.09 1.05 1.05 1.08 1.09 1.06 1.05 1.06 1.05 1.05 1.06 1.08 1.09 
1.08 1.06 1.09 1.09 1.05 1.07 1.09 1.06 1.08 1.08 1.06 1.09 1.05 1.06 1.05 1.06 1.08 1.08 1.05 1.09 
1.05 1.09 1.07 1.07 1.06 1.05 1.07 1.06 1.06 1.06 1.06 1.08 1.07 1.07 1.09 1.09 1.09 1.05 1.06 1.08 
1.07 1.06 1.08 1.08 1.08 1.06 1.06 1.08 1.06 1.09 1.07 1.07 1.05 1.05 1.06 1.09 1.09 1.07 1.08 1.08 
1.08 1.08 1.06 1.06 1.08 1.06 1.06 1.05 1.08 1.08 1.06 1.08 1.08 1.05 1.09 1.09 1.07 1.05 1.08 1.06 
1.07 1.08 1.06 1.05 1.05 1.06 1.07 1.06 1.09 1.06 1.07 1.07 1.07 1.09 1.05 1.09 1.05 1.07 1.07 1.08 
1.08 1.07 1.08 1.05 1.08 1.09 1.06 1.08 1.09 1.05 1.07 1.09 1.08 1.09 1.07 1.07 1.07 1.08 1.08 1.07 
1.09 1.05 1.06 1.09 1.06 1.09 1.06 1.09 1.06 1.08 1.08 1.08 1.08 1.08 1.05 1.06 1.08 1.08 1.05 1.06 
1.09 1.06 1.08 1.05 1.09 1.08 1.07 1.06 1.06 1.08 1.09 1.08 1.08 1.08 1.09 1.09 1.05 1.08 1.06 1.06 
1.08 1.05 1.08 1.07 1.07 1.08 1.07 1.06 1.07 1.07 1.07 1.08 1.06 1.07 1.06 1.07 1.05 1.07 1.06 1.06 
1.05 1.06 1.09 1.07 1.08 1.07 1.07 1.08 1.08 1.09 1.09 1.08 1.08 1.09 1.07 1.08 1.07 1.09 1.09 1.06 
1.06 1.08 1.09 1.06 1.09 1.06 1.09 1.06 1.07 1.06 1.08 1.08 1.06 1.06 1.08 1.05 1.05 1.06 1.06 1.07 
1.08 1.07 1.06 1.05 1.05 1.06 1.05 1.08 1.07 1.07 1.05 1.06 1.08 1.05 1.09 1.09 1.08 1.09 1.06 1.08 
1.07 1.08 1.05 1.09 1.05 1.05 1.08 1.09 1.08 1.09 1.06 1.06 1.06 1.06 1.07 1.08 1.06 1.09 1.09 1.05 
1.05 1.06 1.09 1.05 1.07 1.08 1.07 1.07 1.05 1.05 1.09 1.07 1.05 1.05 1.07 1.09 1.08 1.06 1.06 1.08 
1.09 1.09 1.05 1.06 1.06 1.05 1.09 1.06 1.06 1.07 1.08 1.09 1.07 1.08 1.08 1.07 1.09 1.07 1.05 1.06 
1.06 1.05 1.09 1.09 1.07 1.07 1.08 1.08 1.09 1.07 1.08 1.05 1.06 1.06 1.05 1.06 1.07 1.08 1.07 1.06 
1.05 1.07 1.05 1.06 1.09 1.07 1.06 1.06 1.07 1.05 1.08 1.09 1.08 1.06 1.09 1.05 1.08 1.09 1.09 1.07 
1.09 1.06 1.08 1.09 1.05 1.09 1.08 1.09 1.08 1.08 1.07 1.05 1.09 1.09 1.07 1.06 1.05 1.09 1.09 1.08 
1.09 1.08 1.07 1.06 1.06 1.07 1.06 1.09 1.05 1.08 1.08 1.05 1.07 1.07 1.06 1.06 1.09 1.07 1.06 1.07 
1.07 1.06 1.08 1.08 1.05 1.05 1.07 1.05 1.07 1.05 1.09 1.05 1.05 1.09 1.05 1.08 1.08 1.05 1.09 1.09 
1.08 1.06 1.08 1.08 1.08 1.06 1.08 1.09 1.05 1.06 1.09 1.07 1.06 1.08 1.07 1.06 1.08 1.09 1.07 1.05 
1.05 1.05 1.06 1.05 1.09 1.07 1.05 1.05 1.07 1.05 1.09 1.07 1.08 1.07 1.07 1.07 1.08 1.06 1.08 1.05 
1.05 1.09 1.06 1.09 1.09 1.08 1.07 1.08 1.09 1.05 1.07 1.07 1.09 1.08 1.08 1.07 1.06 1.06 1.09 1.05 
1.05 1.06 1.05 1.09 1.08 1.07 1.08 1.09 1.06 1.07 1.07 1.06 1.09 1.05 1.06 1.05 1.08 1.08 1.09 1.07 
1.06 1.07 1.06 1.07 1.06 1.05 1.05 1.06 1.07 1.08 1.09 1.08 1.07 1.09 1.06 1.08 1.05 1.05 1.05 1.07 
1.07 1.07 1.09 1.05 1.09 1.09 1.09 1.07 1.07 1.06 1.06 1.06 1.08 1.08 1.06 1.07 1.05 1.09 1.06 1.05 
1.05 1.09 1.05 1.06 1.05 1.09 1.07 1.05 1.05 1.07 1.09 1.09 1.07 1.05 1.08 1.06 1.09 1.07 1.06 1.05 
1.06 1.09 1.06 1.08 1.09 1.08 1.05 1.06 1.08 1.08 1.06 1.08 1.07 1.05 1.08 1.07 1.06 1.09 1.09 1.09 
1.08 1.08 1.07 1.06 1.09 1.09 1.05 1.05 1.06 1.08 1.06 1.08 1.09 1.09 1.09 1.07 1.06 1.06 1.05 1.08 
1.06 1.07 1.05 1.09 1.08 1.06 1.09 1.08 1.05 1.07 1.05 1.07 1.06 1.06 1.09 1.09 1.05 1.06 1.09 1.05 
1.06 1.06 1.06 1.05 1.06 1.08 1.05 1.05 1.07 1.05 1.05 1.08 1.09 1.09 1.05 1.05 1.09 1.09 1.08 1.09 
1.05 1.08 1.08 1.06 1.05 1.08 1.07 1.05 1.07 1.07 1.05 1.05 1.08 1.07 1.09 1.06 1.07 1.05 1.09 1.06 
1.07 1.09 1.09 1.09 1.06 1.09 1.09 1.08 1.09 1.06 1.07 1.06 1.06 1.05 1.08 1.08 1.05 1.05 1.08 1.05 
1.07 1.09 1.08 1.09 1.07 1.05 1.08 1.05 1.07 1.09 1.09 1.05 1.09 1.07 1.09 1.05 1.06 1.08 1.09 1.06 
1.09 1.06 1.05 1.07 1.09 1.09 1.09 1.05 1.09 1.08 1.08 1.05 1.07 1.08 1.06 1.08 1.09 1.07 1.08 1.09 
1.06 1.08 1.08 1.07 1.09 1.05 1.07 1.05 1.08 1.05 1.06 1.08 1.08 1.08 1.06 1.08 1.07 1.09 1.08 1.07 
1.05 1.09 1.08 1.06 1.09 1.07 1.06 1.09 1.06 1.08 1.08 1.08 1.06 1.08 1.07 1.08 1.06 1.08 1.06 1.05 
1.06 1.06 1.06 1.08 1.05 1.09 1.06 1.05 1.08 1.08 1.09 1.09 1.08 1.09 1.09 1.06 1.05 1.08 1.06 1.08 
1.06 1.06 1.09 1.08 1.09 1.08 1.09 1.05 1.07 1.09 1.07 1.05 1.05 1.05 1.09 1.06 1.05 1.07 1.05 1.06 
1.08 1.08 1.09 1.09 1.09 1.07 1.07 1.09 1.07 1.08 1.06 1.08 1.07 1.05 1.05 1.09 1.05 1.06 1.09 1.09 
1.09 1.05 1.07 1.08 1.07 1.05 1.06 1.06 1.06 1.06 1.05 1.07 1.07 1.05 1.07 1.06 1.08 1.05 1.06 1.09 
1.06 1.08 1.08 1.05 1.06 1.09 1.08 1.06 1.07 1.06 1.08 1.05 1.07 1.07 1.05 1.07 1.06 1.06 1.09 1.08 
1.09 1.08 1.06 1.06 1.06 1.08 1.08 1.06 1.06 1.08 1.09 1.05 1.09 1.05 1.05 1.07 1.08 1.08 1.08 1.08 
1.05 1.09 1.06 1.09 1.05 1.09 1.06 1.08 1.07 1.07 1.06 1.07 1.06 1.09 1.08 1.05 1.08 1.07 1.08 1.09 
1.09 1.08 1.05 1.09 1.09 1.07 1.06 1.09 1.09 1.06 1.09 1.08 1.06 1.07 1.06 1.05 1.07 1.07 1.08 1.09 
1.07 1.05 1.08 1.05 1.06 1.05 1.06 1.09 1.05 1.05 1.05 1.08 1.08 1.06 1.08 1.09 1.06 1.07 1.05 1.05 
1.09 1.09 1.06 1.09 1.09 1.09 1.08 1.05 1.06 1.09 1.09 1.05 1.06 1.05 1.06 1.09 1.06 1.05 1.05 1.06 
1.07 1.06 1.09 1.09 1.09 1.08 1.09 1.06 1.08 1.06 1.07 1.06 1.05 1.09 1.05 1.09 1.08 1.09 1.07 1.09 
1.08 1.08 1.08 1.08 1.06 1.09 1.08 1.08 1.06 1.07 1.09 1.09 1.06 1.06 1.09 1.05 1.06 1.09 1.08 1.08 
1.07 1.09 1.08 1.08 1.09 1.07 1.09 1.05 1.05 1.05 1.08 1.05 1.07 1.06 1.09 1.09 1.08 1.05 1.07 1.07 
1.08 1.05 1.06 1.07 1.09 1.08 1.08 1.09 1.06 1.06 1.05 1.09 1.06 1.07 1.07 1.09 1.06 1.09 1.09 1.06 
1.09 1.09 1.09 1.05 1.09 1.05 1.08 1.06 1.09 1.09 1.07 1.07 1.05 1.08 1.08 1.05 1.07 1.05 1.05 1.05 
1.07 1.07 1.09 1.05 1.06 1.07 1.08 1.08 1.09 1.07 1.07 1.06 1.07 1.06 1.05 1.08 1.05 1.09 1.05 1.09 
1.09 1.09 1.08 1.06 1.06 1.06 1.07 1.06 1.07 1.08 1.05 1.08 1.06 1.06 1.07 1.09 1.06 1.05 1.08 1.07 
