2
40
65 2 81 86 3 74 54 95 28 89 55 3 67 69 48 72 38 34 13 63 21 2 56 86 87 18 42 64 49 33 68 54 47 14 95 8 76 67 30 83 
2 3 
1.09 1.06 
1.06 1.08 
1.05 1.09 
1.09 1.09 
1.08 1.06 
1.06 1.05 
1.08 1.05 
1.08 1.09 
1.09 1.05 
1.09 1.07 
1.08 1.08 
1.05 1.06 
1.09 1.05 
1.09 1.06 
1.05 1.09 
1.06 1.08 
1.07 1.09 
1.09 1.08 
1.05 1.06 
1.07 1.08 
1.08 1.06 
1.06 1.06 
1.05 1.05 
1.07 1.08 
1.06 1.09 
1.08 1.09 
1.07 1.07 
1.07 1.06 
1.07 1.06 
1.05 1.09 
1.09 1.07 
1.08 1.09 
1.09 1.05 
1.07 1.07 
1.07 1.07 
1.06 1.08 
1.09 1.06 
1.05 1.09 
1.08 1.05 
1.07 1.08 
