2
40
85 58 40 95 61 32 54 66 38 91 72 28 98 61 85 92 100 92 41 91 7 14 99 24 91 63 26 22 96 47 79 55 2 24 14 99 47 88 79 13 
3 2 
1.09 1.09 
1.06 1.09 
1.08 1.07 
1.05 1.06 
1.06 1.07 
1.06 1.09 
1.09 1.05 
1.07 1.09 
1.08 1.09 
1.06 1.06 
1.05 1.08 
1.09 1.05 
1.08 1.08 
1.05 1.05 
1.07 1.09 
1.07 1.09 
1.05 1.05 
1.08 1.09 
1.07 1.09 
1.06 1.08 
1.05 1.09 
1.06 1.06 
1.07 1.08 
1.06 1.05 
1.06 1.05 
1.09 1.08 
1.09 1.07 
1.08 1.09 
1.06 1.08 
1.05 1.09 
1.09 1.07 
1.09 1.08 
1.06 1.07 
1.07 1.07 
1.07 1.07 
1.07 1.08 
1.07 1.08 
1.08 1.08 
1.08 1.06 
1.05 1.06 
