2
40
8 23 28 93 21 100 99 72 87 93 53 18 25 89 94 90 89 15 97 69 47 59 38 46 69 98 26 48 22 38 44 8 71 50 47 40 53 13 21 32 
5 8 
1.04 1.02 
1.06 1.01 
1.05 1.05 
1.06 1.03 
1.03 1.01 
1.03 1.04 
1.01 1.01 
1.01 1.01 
1.05 1.03 
1.06 1.02 
1.04 1.03 
1.01 1.06 
1.04 1.02 
1.03 1.06 
1.02 1.03 
1.03 1.01 
1.05 1.04 
1.06 1.04 
1.06 1.01 
1.06 1.01 
1.04 1.04 
1.03 1.05 
1.03 1.03 
1.03 1.03 
1.04 1.02 
1.01 1.04 
1.06 1.01 
1.04 1.01 
1.06 1.06 
1.01 1.03 
1.01 1.02 
1.05 1.01 
1.01 1.02 
1.01 1.03 
1.02 1.05 
1.04 1.04 
1.05 1.04 
1.02 1.05 
1.03 1.03 
1.06 1.06 
