2
40
59 100 28 93 22 41 90 37 44 94 47 22 29 95 19 3 44 97 28 18 86 4 73 77 86 12 67 55 55 43 44 1 51 67 10 35 99 1 83 17 
2 2 
1.08 1.09 
1.06 1.08 
1.06 1.05 
1.08 1.08 
1.08 1.06 
1.08 1.05 
1.08 1.07 
1.07 1.09 
1.09 1.07 
1.06 1.09 
1.09 1.06 
1.05 1.07 
1.05 1.05 
1.07 1.05 
1.05 1.08 
1.06 1.07 
1.05 1.09 
1.08 1.08 
1.06 1.05 
1.06 1.08 
1.08 1.07 
1.08 1.05 
1.09 1.09 
1.05 1.09 
1.09 1.06 
1.05 1.05 
1.07 1.07 
1.09 1.07 
1.08 1.08 
1.08 1.09 
1.09 1.06 
1.05 1.09 
1.06 1.07 
1.07 1.07 
1.06 1.05 
1.06 1.05 
1.05 1.08 
1.07 1.06 
1.08 1.07 
1.08 1.08 
