2
40
62 11 48 82 56 75 39 89 12 22 17 16 13 98 32 44 9 75 70 53 17 65 60 87 52 88 73 46 64 77 2 14 90 33 89 13 40 91 58 19 
1 8 
1.14 1.07 
1.1 1.14 
1.06 1.13 
1.06 1.06 
1.11 1.07 
1.11 1.09 
1.05 1.06 
1.13 1.14 
1.08 1.14 
1.07 1.13 
1.12 1.06 
1.07 1.05 
1.11 1.12 
1.07 1.1 
1.07 1.05 
1.14 1.09 
1.09 1.14 
1.08 1.13 
1.13 1.09 
1.11 1.12 
1.05 1.14 
1.07 1.13 
1.12 1.09 
1.14 1.11 
1.11 1.05 
1.06 1.14 
1.08 1.11 
1.08 1.06 
1.06 1.07 
1.11 1.13 
1.13 1.14 
1.1 1.14 
1.1 1.09 
1.13 1.09 
1.1 1.1 
1.14 1.06 
1.09 1.1 
1.09 1.05 
1.1 1.06 
1.09 1.06 
