2
40
3 11 28 75 61 100 43 56 94 66 29 73 85 27 99 24 2 88 89 98 53 76 51 79 56 94 31 7 32 90 66 22 28 65 41 14 90 11 89 64 
3 2 
1.02 1.03 
1.04 1.05 
1.05 1.03 
1.05 1.05 
1.02 1.03 
1.03 1.03 
1.01 1.02 
1.03 1.05 
1.06 1.01 
1.03 1.01 
1.03 1.01 
1.05 1.05 
1.05 1.03 
1.03 1.03 
1.04 1.06 
1.04 1.04 
1.02 1.01 
1.06 1.06 
1.02 1.01 
1.01 1.06 
1.01 1.03 
1.02 1.03 
1.05 1.06 
1.04 1.01 
1.01 1.01 
1.04 1.02 
1.04 1.05 
1.01 1.02 
1.02 1.04 
1.03 1.04 
1.06 1.01 
1.05 1.04 
1.06 1.03 
1.02 1.05 
1.06 1.03 
1.05 1.04 
1.05 1.04 
1.06 1.05 
1.04 1.02 
1.02 1.03 
