2
40
24 1 37 1 67 93 47 65 4 82 53 10 34 23 83 90 43 5 70 41 37 66 6 13 73 27 56 26 11 57 89 47 69 15 14 97 27 66 86 82 
2 1 
1.08 1.06 
1.08 1.08 
1.05 1.09 
1.07 1.08 
1.08 1.09 
1.08 1.06 
1.08 1.06 
1.05 1.09 
1.06 1.07 
1.07 1.09 
1.06 1.07 
1.09 1.05 
1.08 1.09 
1.05 1.06 
1.08 1.05 
1.07 1.05 
1.07 1.05 
1.08 1.06 
1.05 1.07 
1.07 1.05 
1.08 1.05 
1.06 1.05 
1.06 1.08 
1.06 1.08 
1.07 1.08 
1.09 1.06 
1.06 1.05 
1.07 1.08 
1.06 1.08 
1.09 1.09 
1.08 1.09 
1.05 1.07 
1.08 1.07 
1.07 1.06 
1.07 1.05 
1.07 1.09 
1.06 1.08 
1.05 1.07 
1.09 1.05 
1.08 1.09 
