2
40
79 7 25 16 74 61 79 37 20 9 89 83 22 17 24 13 87 71 67 43 69 59 77 63 47 82 54 5 39 98 23 96 12 16 88 22 38 5 79 41 
2 2 
1.09 1.06 
1.05 1.06 
1.09 1.05 
1.06 1.05 
1.05 1.09 
1.09 1.07 
1.06 1.07 
1.07 1.07 
1.07 1.06 
1.08 1.05 
1.07 1.06 
1.07 1.09 
1.06 1.06 
1.05 1.06 
1.09 1.06 
1.06 1.08 
1.05 1.09 
1.07 1.05 
1.07 1.08 
1.05 1.07 
1.09 1.05 
1.05 1.08 
1.09 1.08 
1.06 1.06 
1.08 1.08 
1.05 1.06 
1.05 1.08 
1.08 1.09 
1.07 1.08 
1.07 1.08 
1.09 1.08 
1.07 1.05 
1.08 1.07 
1.06 1.08 
1.08 1.05 
1.09 1.09 
1.08 1.08 
1.08 1.07 
1.05 1.08 
1.09 1.07 
