2
40
60 17 98 19 19 78 82 66 53 14 72 77 87 75 43 42 10 98 63 49 43 49 93 37 21 18 30 25 82 39 7 62 51 48 59 40 6 82 69 15 
5 9 
1.01 1.06 
1.04 1.04 
1.02 1.06 
1.05 1.01 
1.01 1.04 
1.06 1.05 
1.02 1.05 
1.02 1.05 
1.03 1.04 
1.02 1.04 
1.05 1.06 
1.05 1.01 
1.04 1.02 
1.01 1.05 
1.02 1.05 
1.04 1.05 
1.03 1.05 
1.01 1.03 
1.04 1.06 
1.05 1.05 
1.03 1.03 
1.05 1.05 
1.06 1.01 
1.05 1.05 
1.02 1.04 
1.04 1.06 
1.03 1.06 
1.01 1.06 
1.03 1.04 
1.02 1.05 
1.01 1.05 
1.05 1.06 
1.01 1.03 
1.06 1.02 
1.05 1.01 
1.01 1.01 
1.06 1.02 
1.01 1.01 
1.02 1.01 
1.05 1.02 
