2
40
43 21 26 82 19 89 52 53 58 66 76 31 52 3 51 89 48 73 91 20 18 94 61 57 93 94 100 33 50 74 44 34 45 57 87 26 65 1 33 23 
2 3 
1.09 1.05 
1.07 1.08 
1.09 1.09 
1.06 1.08 
1.09 1.07 
1.05 1.05 
1.06 1.09 
1.08 1.05 
1.07 1.08 
1.09 1.09 
1.07 1.08 
1.07 1.05 
1.06 1.08 
1.05 1.06 
1.06 1.07 
1.05 1.06 
1.08 1.09 
1.05 1.06 
1.08 1.06 
1.05 1.07 
1.06 1.06 
1.06 1.05 
1.06 1.08 
1.08 1.08 
1.07 1.09 
1.08 1.09 
1.05 1.09 
1.05 1.06 
1.05 1.07 
1.09 1.08 
1.07 1.05 
1.08 1.08 
1.08 1.07 
1.06 1.08 
1.07 1.07 
1.05 1.06 
1.05 1.07 
1.09 1.07 
1.07 1.06 
1.08 1.06 
