2
40
96 23 36 49 60 20 39 67 74 51 61 42 94 49 7 19 69 13 66 20 28 72 15 43 51 50 29 62 78 37 26 7 66 84 54 6 27 54 66 46 
6 4 
1.04 1.05 
1.04 1.02 
1.06 1.06 
1.06 1.03 
1.04 1.03 
1.03 1.01 
1.04 1.06 
1.05 1.05 
1.03 1.06 
1.04 1.01 
1.02 1.03 
1.02 1.02 
1.01 1.02 
1.05 1.04 
1.04 1.06 
1.06 1.06 
1.01 1.02 
1.04 1.03 
1.03 1.04 
1.02 1.04 
1.03 1.05 
1.04 1.05 
1.03 1.01 
1.01 1.03 
1.05 1.01 
1.02 1.05 
1.04 1.04 
1.01 1.05 
1.05 1.02 
1.01 1.06 
1.03 1.04 
1.01 1.05 
1.02 1.04 
1.02 1.06 
1.02 1.05 
1.04 1.02 
1.03 1.03 
1.01 1.04 
1.02 1.04 
1.05 1.01 
