5
50
5 23 55 14 2 23 10 11 80 43 10 85 33 84 58 3 76 31 51 50 24 64 18 27 1 81 73 44 95 46 8 63 27 76 82 39 70 93 89 11 65 33 50 72 1 90 72 10 26 1 
2 1 2 1 2 
1.01 1.03 1.03 1.02 1.03 
1.05 1.06 1.02 1.05 1.06 
1.04 1.04 1.01 1.02 1.04 
1.04 1.04 1.01 1.06 1.06 
1.01 1.04 1.01 1.04 1.03 
1.05 1.04 1.02 1.01 1.04 
1.05 1.01 1.04 1.04 1.06 
1.06 1.06 1.06 1.04 1.06 
1.03 1.02 1.06 1.04 1.05 
1.04 1.04 1.02 1.03 1.04 
1.03 1.05 1.06 1.04 1.01 
1.01 1.06 1.03 1.05 1.06 
1.03 1.03 1.02 1.01 1.02 
1.06 1.02 1.04 1.03 1.02 
1.01 1.05 1.01 1.06 1.05 
1.06 1.05 1.05 1.05 1.02 
1.05 1.02 1.02 1.01 1.06 
1.02 1.05 1.06 1.05 1.05 
1.01 1.01 1.02 1.03 1.03 
1.03 1.06 1.03 1.03 1.05 
1.01 1.02 1.01 1.02 1.06 
1.05 1.06 1.04 1.04 1.04 
1.06 1.01 1.06 1.01 1.05 
1.05 1.04 1.02 1.03 1.01 
1.04 1.05 1.06 1.01 1.04 
1.04 1.04 1.06 1.05 1.05 
1.03 1.04 1.06 1.02 1.04 
1.02 1.03 1.05 1.03 1.06 
1.03 1.05 1.02 1.05 1.03 
1.01 1.03 1.06 1.06 1.06 
1.05 1.01 1.06 1.04 1.04 
1.05 1.06 1.04 1.01 1.05 
1.01 1.05 1.05 1.06 1.04 
1.01 1.01 1.06 1.02 1.05 
1.01 1.04 1.06 1.02 1.05 
1.04 1.03 1.06 1.02 1.05 
1.03 1.02 1.06 1.04 1.06 
1.06 1.05 1.02 1.01 1.03 
1.06 1.05 1.01 1.04 1.04 
1.05 1.01 1.05 1.02 1.05 
1.06 1.05 1.02 1.01 1.06 
1.03 1.01 1.03 1.04 1.03 
1.06 1.03 1.04 1.06 1.02 
1.02 1.05 1.04 1.05 1.01 
1.03 1.05 1.06 1.03 1.02 
1.06 1.05 1.02 1.04 1.02 
1.05 1.04 1.04 1.03 1.04 
1.04 1.04 1.04 1.06 1.06 
1.03 1.02 1.04 1.05 1.01 
1.02 1.06 1.04 1.01 1.05 
