5
100
21 49 1 60 9 78 45 37 63 74 6 44 98 32 80 46 63 31 95 89 56 12 47 21 100 47 86 52 58 98 56 62 99 78 66 75 12 51 30 17 53 30 38 96 43 5 55 17 84 67 83 83 76 40 10 96 50 91 22 27 29 79 13 84 100 67 16 9 45 45 9 51 81 100 92 89 38 16 29 60 69 91 76 14 98 82 59 65 14 61 36 50 83 10 38 91 94 3 74 45 
3 1 3 8 9 
1.06 1.06 1.01 1.03 1.02 
1.01 1.02 1.02 1.04 1.04 
1.02 1.05 1.02 1.02 1.06 
1.04 1.03 1.05 1.06 1.05 
1.01 1.01 1.06 1.04 1.06 
1.03 1.05 1.06 1.05 1.05 
1.01 1.05 1.02 1.06 1.04 
1.03 1.05 1.02 1.06 1.01 
1.04 1.06 1.02 1.03 1.05 
1.04 1.02 1.05 1.05 1.01 
1.02 1.01 1.03 1.01 1.02 
1.06 1.04 1.02 1.01 1.05 
1.06 1.02 1.02 1.06 1.05 
1.03 1.01 1.02 1.01 1.01 
1.06 1.06 1.01 1.01 1.03 
1.04 1.01 1.05 1.01 1.05 
1.04 1.01 1.04 1.04 1.01 
1.05 1.04 1.06 1.01 1.02 
1.02 1.02 1.01 1.01 1.02 
1.04 1.05 1.06 1.01 1.04 
1.06 1.03 1.05 1.05 1.06 
1.02 1.02 1.02 1.01 1.04 
1.02 1.05 1.02 1.03 1.03 
1.01 1.02 1.04 1.01 1.05 
1.01 1.05 1.01 1.05 1.03 
1.03 1.03 1.04 1.06 1.05 
1.01 1.05 1.06 1.03 1.05 
1.04 1.03 1.02 1.03 1.01 
1.01 1.02 1.04 1.06 1.03 
1.02 1.04 1.04 1.06 1.03 
1.05 1.01 1.04 1.02 1.02 
1.04 1.06 1.01 1.02 1.03 
1.03 1.06 1.05 1.05 1.06 
1.03 1.03 1.03 1.06 1.04 
1.06 1.01 1.03 1.05 1.05 
1.02 1.06 1.04 1.01 1.05 
1.03 1.05 1.04 1.05 1.04 
1.03 1.06 1.06 1.05 1.04 
1.02 1.01 1.06 1.04 1.01 
1.06 1.01 1.02 1.04 1.01 
1.04 1.05 1.06 1.06 1.06 
1.03 1.04 1.05 1.04 1.02 
1.01 1.05 1.06 1.01 1.05 
1.03 1.03 1.02 1.02 1.04 
1.06 1.03 1.01 1.02 1.02 
1.03 1.06 1.02 1.01 1.05 
1.01 1.06 1.03 1.04 1.04 
1.06 1.04 1.04 1.02 1.06 
1.03 1.03 1.01 1.03 1.06 
1.01 1.03 1.04 1.03 1.04 
1.06 1.04 1.01 1.06 1.04 
1.03 1.03 1.06 1.03 1.01 
1.04 1.03 1.02 1.04 1.03 
1.06 1.05 1.03 1.05 1.06 
1.03 1.06 1.01 1.03 1.05 
1.03 1.02 1.02 1.02 1.06 
1.06 1.06 1.06 1.01 1.05 
1.06 1.01 1.01 1.05 1.01 
1.04 1.02 1.03 1.01 1.03 
1.01 1.01 1.01 1.04 1.04 
1.06 1.06 1.06 1.05 1.03 
1.01 1.04 1.06 1.03 1.04 
1.01 1.05 1.05 1.05 1.03 
1.01 1.02 1.04 1.01 1.06 
1.05 1.06 1.04 1.01 1.06 
1.02 1.04 1.01 1.02 1.02 
1.03 1.01 1.02 1.02 1.04 
1.04 1.05 1.05 1.05 1.02 
1.06 1.04 1.01 1.06 1.05 
1.04 1.04 1.06 1.04 1.03 
1.05 1.05 1.01 1.01 1.02 
1.06 1.01 1.01 1.03 1.02 
1.02 1.02 1.06 1.01 1.04 
1.03 1.01 1.01 1.01 1.06 
1.04 1.01 1.02 1.04 1.04 
1.04 1.06 1.03 1.04 1.06 
1.03 1.06 1.03 1.04 1.05 
1.04 1.04 1.05 1.03 1.06 
1.06 1.02 1.01 1.02 1.02 
1.01 1.06 1.01 1.03 1.04 
1.03 1.06 1.01 1.05 1.02 
1.03 1.01 1.05 1.04 1.06 
1.04 1.03 1.02 1.01 1.04 
1.03 1.02 1.06 1.03 1.04 
1.02 1.04 1.06 1.06 1.05 
1.01 1.04 1.04 1.02 1.04 
1.05 1.01 1.04 1.02 1.03 
1.04 1.03 1.06 1.03 1.06 
1.04 1.05 1.02 1.01 1.04 
1.03 1.03 1.04 1.02 1.04 
1.04 1.05 1.05 1.04 1.02 
1.06 1.06 1.06 1.06 1.05 
1.02 1.01 1.02 1.04 1.01 
1.01 1.01 1.04 1.01 1.01 
1.02 1.05 1.02 1.01 1.02 
1.02 1.05 1.06 1.05 1.05 
1.05 1.01 1.01 1.04 1.04 
1.03 1.03 1.02 1.03 1.02 
1.02 1.04 1.04 1.01 1.05 
1.01 1.05 1.02 1.04 1.03 
