5
100
71 82 35 73 30 90 94 4 11 82 7 63 82 35 55 38 58 74 83 76 44 87 73 36 50 72 24 7 53 55 61 79 88 51 69 67 70 18 5 41 54 26 12 43 72 57 64 91 75 83 24 13 61 34 48 86 2 77 21 50 73 36 79 70 3 35 48 36 81 93 90 18 64 7 68 97 8 72 13 65 37 88 42 57 37 96 41 9 69 100 5 19 21 51 64 26 75 74 7 36 
6 3 2 3 1 
1.06 1.04 1.05 1.03 1.03 
1.05 1.04 1.02 1.06 1.02 
1.01 1.03 1.03 1.05 1.01 
1.01 1.04 1.02 1.01 1.05 
1.02 1.05 1.01 1.02 1.03 
1.06 1.05 1.06 1.06 1.05 
1.03 1.05 1.04 1.05 1.06 
1.06 1.02 1.02 1.01 1.06 
1.04 1.06 1.03 1.02 1.02 
1.06 1.06 1.04 1.04 1.04 
1.04 1.05 1.06 1.03 1.06 
1.04 1.01 1.03 1.04 1.04 
1.02 1.02 1.06 1.05 1.03 
1.05 1.06 1.02 1.02 1.03 
1.05 1.06 1.06 1.04 1.04 
1.04 1.03 1.03 1.06 1.01 
1.02 1.05 1.03 1.02 1.02 
1.02 1.05 1.02 1.05 1.05 
1.05 1.02 1.03 1.06 1.04 
1.04 1.04 1.02 1.02 1.02 
1.05 1.01 1.06 1.02 1.06 
1.01 1.06 1.05 1.05 1.03 
1.01 1.01 1.02 1.02 1.04 
1.03 1.01 1.06 1.01 1.06 
1.06 1.05 1.03 1.05 1.02 
1.05 1.02 1.02 1.06 1.06 
1.06 1.01 1.06 1.04 1.01 
1.04 1.06 1.05 1.01 1.04 
1.03 1.06 1.02 1.02 1.03 
1.06 1.06 1.06 1.02 1.06 
1.04 1.04 1.05 1.01 1.03 
1.05 1.06 1.04 1.05 1.05 
1.06 1.03 1.02 1.05 1.03 
1.01 1.02 1.04 1.03 1.02 
1.01 1.05 1.06 1.03 1.02 
1.04 1.03 1.03 1.03 1.03 
1.04 1.06 1.05 1.03 1.05 
1.06 1.05 1.04 1.04 1.05 
1.03 1.01 1.05 1.01 1.04 
1.02 1.03 1.04 1.03 1.03 
1.01 1.02 1.04 1.02 1.05 
1.03 1.03 1.04 1.05 1.06 
1.06 1.01 1.06 1.02 1.04 
1.03 1.05 1.01 1.01 1.04 
1.06 1.02 1.01 1.06 1.06 
1.04 1.04 1.01 1.01 1.05 
1.02 1.04 1.02 1.02 1.04 
1.02 1.05 1.02 1.04 1.04 
1.01 1.04 1.03 1.02 1.06 
1.02 1.04 1.06 1.01 1.02 
1.02 1.02 1.01 1.05 1.03 
1.01 1.06 1.06 1.01 1.04 
1.02 1.06 1.03 1.06 1.04 
1.04 1.05 1.01 1.01 1.02 
1.01 1.02 1.05 1.05 1.05 
1.02 1.01 1.01 1.03 1.01 
1.02 1.02 1.04 1.01 1.06 
1.05 1.01 1.01 1.01 1.01 
1.06 1.01 1.01 1.06 1.01 
1.02 1.01 1.03 1.02 1.06 
1.01 1.02 1.06 1.01 1.04 
1.04 1.04 1.01 1.06 1.03 
1.04 1.01 1.02 1.02 1.04 
1.03 1.04 1.01 1.05 1.04 
1.06 1.02 1.05 1.03 1.02 
1.03 1.04 1.01 1.06 1.06 
1.03 1.03 1.06 1.01 1.05 
1.01 1.05 1.01 1.01 1.04 
1.04 1.03 1.05 1.06 1.01 
1.04 1.04 1.02 1.06 1.04 
1.01 1.02 1.02 1.02 1.03 
1.06 1.02 1.05 1.05 1.04 
1.05 1.05 1.01 1.02 1.03 
1.06 1.04 1.04 1.04 1.05 
1.02 1.06 1.04 1.06 1.05 
1.06 1.04 1.02 1.03 1.06 
1.02 1.04 1.03 1.02 1.02 
1.04 1.06 1.01 1.05 1.05 
1.05 1.02 1.05 1.05 1.05 
1.02 1.05 1.02 1.01 1.05 
1.05 1.03 1.05 1.06 1.01 
1.02 1.06 1.01 1.06 1.05 
1.05 1.02 1.03 1.03 1.01 
1.02 1.03 1.06 1.06 1.02 
1.04 1.06 1.04 1.02 1.01 
1.01 1.03 1.05 1.03 1.03 
1.04 1.06 1.01 1.03 1.02 
1.01 1.06 1.06 1.02 1.01 
1.01 1.06 1.06 1.02 1.03 
1.04 1.01 1.06 1.04 1.04 
1.03 1.05 1.05 1.02 1.06 
1.06 1.02 1.01 1.01 1.03 
1.06 1.05 1.02 1.06 1.06 
1.06 1.05 1.06 1.03 1.01 
1.03 1.06 1.02 1.02 1.04 
1.04 1.06 1.06 1.06 1.03 
1.02 1.01 1.05 1.05 1.05 
1.06 1.05 1.06 1.01 1.04 
1.04 1.03 1.03 1.03 1.01 
1.01 1.01 1.05 1.06 1.06 
