5
75
34 91 66 46 69 67 41 40 22 57 34 36 29 79 2 73 49 100 95 52 41 25 28 66 53 71 50 57 53 91 52 23 49 56 85 35 85 16 77 36 3 89 13 3 15 93 39 59 90 96 26 59 54 6 97 8 32 33 22 43 63 23 89 53 17 22 93 49 56 55 46 10 82 54 72 
3 4 3 7 3 
1.05 1.05 1.03 1.06 1.02 
1.06 1.01 1.05 1.04 1.04 
1.05 1.02 1.05 1.02 1.01 
1.02 1.05 1.01 1.03 1.02 
1.05 1.04 1.04 1.03 1.02 
1.03 1.02 1.01 1.04 1.06 
1.04 1.06 1.03 1.02 1.04 
1.05 1.01 1.02 1.05 1.01 
1.02 1.02 1.01 1.06 1.06 
1.03 1.05 1.03 1.04 1.03 
1.03 1.02 1.03 1.03 1.02 
1.01 1.06 1.02 1.03 1.01 
1.06 1.02 1.06 1.04 1.05 
1.06 1.04 1.06 1.01 1.02 
1.02 1.06 1.03 1.03 1.03 
1.02 1.05 1.03 1.02 1.04 
1.02 1.01 1.04 1.04 1.06 
1.02 1.02 1.04 1.01 1.04 
1.02 1.04 1.02 1.06 1.03 
1.02 1.04 1.02 1.01 1.04 
1.01 1.05 1.02 1.03 1.02 
1.04 1.05 1.06 1.05 1.04 
1.02 1.05 1.04 1.03 1.05 
1.06 1.02 1.01 1.03 1.05 
1.01 1.01 1.01 1.06 1.01 
1.03 1.05 1.05 1.05 1.04 
1.03 1.01 1.04 1.04 1.04 
1.06 1.04 1.03 1.02 1.02 
1.01 1.01 1.01 1.06 1.03 
1.03 1.04 1.02 1.04 1.03 
1.03 1.04 1.03 1.02 1.01 
1.03 1.02 1.01 1.06 1.05 
1.01 1.05 1.06 1.06 1.04 
1.01 1.04 1.03 1.02 1.06 
1.03 1.01 1.05 1.05 1.04 
1.06 1.04 1.02 1.05 1.03 
1.06 1.01 1.03 1.02 1.04 
1.06 1.04 1.02 1.04 1.05 
1.02 1.04 1.04 1.01 1.02 
1.06 1.05 1.05 1.04 1.05 
1.03 1.04 1.06 1.05 1.06 
1.04 1.03 1.06 1.06 1.05 
1.04 1.06 1.05 1.06 1.03 
1.01 1.03 1.03 1.04 1.06 
1.04 1.02 1.06 1.03 1.05 
1.01 1.01 1.02 1.02 1.03 
1.02 1.06 1.03 1.01 1.03 
1.03 1.01 1.03 1.05 1.04 
1.06 1.04 1.05 1.03 1.04 
1.06 1.03 1.01 1.01 1.06 
1.04 1.01 1.05 1.06 1.06 
1.02 1.01 1.04 1.05 1.04 
1.03 1.04 1.06 1.06 1.01 
1.06 1.05 1.03 1.01 1.05 
1.04 1.06 1.03 1.02 1.03 
1.02 1.04 1.01 1.04 1.01 
1.01 1.03 1.02 1.05 1.02 
1.02 1.06 1.01 1.05 1.04 
1.04 1.06 1.01 1.02 1.02 
1.04 1.03 1.06 1.02 1.01 
1.01 1.02 1.05 1.02 1.05 
1.01 1.03 1.03 1.04 1.02 
1.02 1.01 1.02 1.05 1.05 
1.02 1.01 1.02 1.02 1.06 
1.06 1.02 1.03 1.06 1.06 
1.01 1.03 1.05 1.01 1.05 
1.01 1.06 1.02 1.02 1.02 
1.03 1.05 1.04 1.05 1.06 
1.02 1.04 1.02 1.05 1.04 
1.01 1.05 1.05 1.01 1.05 
1.06 1.04 1.03 1.06 1.04 
1.04 1.04 1.02 1.03 1.01 
1.06 1.06 1.04 1.06 1.03 
1.02 1.05 1.05 1.04 1.04 
1.04 1.03 1.05 1.01 1.02 
