5
100
23 62 37 48 70 58 70 46 11 89 27 57 79 16 91 8 80 7 65 43 71 50 86 48 21 66 12 80 84 1 11 65 3 96 40 29 86 81 95 15 5 78 93 60 63 80 5 21 27 75 86 99 20 69 82 24 40 13 58 40 81 2 30 26 27 36 41 60 29 39 77 3 87 37 32 80 63 45 54 99 75 9 7 10 22 67 19 62 90 36 76 41 38 28 87 72 8 34 47 28 
2 3 2 2 1 
1.09 1.09 1.07 1.05 1.08 
1.09 1.05 1.06 1.05 1.07 
1.09 1.09 1.05 1.06 1.07 
1.09 1.05 1.05 1.06 1.06 
1.08 1.08 1.09 1.08 1.09 
1.09 1.07 1.09 1.07 1.08 
1.06 1.08 1.09 1.09 1.07 
1.05 1.05 1.05 1.06 1.09 
1.07 1.05 1.05 1.07 1.09 
1.07 1.05 1.09 1.08 1.09 
1.06 1.06 1.05 1.08 1.05 
1.06 1.09 1.05 1.06 1.05 
1.06 1.07 1.05 1.06 1.08 
1.07 1.07 1.06 1.06 1.06 
1.05 1.07 1.06 1.09 1.06 
1.05 1.07 1.09 1.06 1.08 
1.06 1.07 1.07 1.07 1.09 
1.09 1.08 1.07 1.08 1.07 
1.05 1.06 1.06 1.06 1.08 
1.07 1.05 1.09 1.05 1.08 
1.05 1.05 1.09 1.07 1.05 
1.07 1.06 1.06 1.06 1.08 
1.06 1.09 1.08 1.05 1.06 
1.05 1.08 1.08 1.09 1.09 
1.05 1.06 1.07 1.05 1.06 
1.08 1.09 1.09 1.06 1.05 
1.07 1.05 1.09 1.07 1.08 
1.05 1.09 1.08 1.08 1.07 
1.06 1.07 1.06 1.08 1.09 
1.05 1.08 1.07 1.06 1.06 
1.08 1.05 1.07 1.07 1.07 
1.08 1.08 1.05 1.08 1.07 
1.07 1.08 1.09 1.06 1.05 
1.05 1.07 1.05 1.08 1.09 
1.08 1.08 1.09 1.05 1.08 
1.06 1.09 1.07 1.06 1.05 
1.07 1.08 1.05 1.08 1.07 
1.05 1.05 1.07 1.09 1.05 
1.06 1.08 1.06 1.07 1.07 
1.07 1.06 1.05 1.06 1.05 
1.05 1.06 1.05 1.09 1.07 
1.07 1.09 1.09 1.06 1.05 
1.08 1.06 1.09 1.05 1.09 
1.05 1.07 1.05 1.07 1.05 
1.09 1.06 1.06 1.05 1.09 
1.07 1.08 1.07 1.08 1.06 
1.09 1.07 1.05 1.09 1.06 
1.07 1.09 1.05 1.09 1.08 
1.06 1.09 1.09 1.08 1.09 
1.07 1.09 1.07 1.08 1.09 
1.07 1.06 1.08 1.07 1.05 
1.07 1.09 1.06 1.09 1.08 
1.09 1.07 1.05 1.08 1.05 
1.09 1.05 1.06 1.08 1.08 
1.08 1.09 1.07 1.07 1.09 
1.07 1.08 1.09 1.09 1.08 
1.06 1.09 1.06 1.09 1.07 
1.07 1.06 1.09 1.06 1.05 
1.09 1.08 1.06 1.06 1.09 
1.06 1.05 1.09 1.05 1.08 
1.06 1.09 1.05 1.07 1.07 
1.05 1.08 1.06 1.07 1.05 
1.06 1.05 1.06 1.06 1.06 
1.06 1.05 1.08 1.09 1.09 
1.07 1.05 1.05 1.06 1.05 
1.07 1.05 1.05 1.08 1.06 
1.07 1.07 1.09 1.06 1.08 
1.06 1.09 1.06 1.05 1.05 
1.05 1.05 1.05 1.05 1.08 
1.07 1.05 1.05 1.08 1.07 
1.05 1.09 1.05 1.08 1.08 
1.06 1.06 1.05 1.09 1.09 
1.06 1.08 1.06 1.09 1.08 
1.05 1.05 1.08 1.06 1.07 
1.05 1.08 1.05 1.05 1.07 
1.05 1.07 1.05 1.05 1.05 
1.09 1.09 1.09 1.05 1.09 
1.07 1.08 1.06 1.05 1.08 
1.06 1.08 1.07 1.07 1.08 
1.09 1.08 1.08 1.08 1.05 
1.05 1.08 1.07 1.08 1.06 
1.06 1.07 1.09 1.08 1.07 
1.09 1.05 1.09 1.09 1.06 
1.08 1.05 1.05 1.08 1.05 
1.07 1.07 1.05 1.06 1.06 
1.05 1.08 1.07 1.05 1.06 
1.06 1.05 1.09 1.06 1.07 
1.09 1.05 1.07 1.08 1.08 
1.09 1.05 1.05 1.06 1.09 
1.07 1.07 1.06 1.09 1.08 
1.08 1.09 1.08 1.06 1.05 
1.09 1.09 1.05 1.08 1.05 
1.06 1.09 1.05 1.09 1.09 
1.09 1.06 1.06 1.08 1.09 
1.07 1.07 1.06 1.09 1.07 
1.05 1.09 1.07 1.08 1.06 
1.07 1.08 1.09 1.06 1.09 
1.08 1.05 1.05 1.09 1.06 
1.08 1.06 1.08 1.06 1.06 
1.09 1.09 1.07 1.08 1.07 
