5
50
17 92 98 47 54 24 79 34 63 91 29 25 82 90 26 85 87 36 97 63 64 36 68 38 56 76 55 71 64 61 64 17 95 48 19 10 65 13 25 35 7 82 91 35 16 63 81 20 27 71 
3 1 3 2 1 
1.01 1.01 1.05 1.02 1.02 
1.05 1.05 1.06 1.05 1.06 
1.03 1.04 1.02 1.05 1.06 
1.01 1.01 1.01 1.06 1.02 
1.03 1.04 1.01 1.06 1.01 
1.05 1.01 1.02 1.02 1.02 
1.05 1.01 1.04 1.06 1.04 
1.01 1.02 1.06 1.02 1.03 
1.06 1.03 1.04 1.04 1.02 
1.02 1.04 1.02 1.03 1.05 
1.03 1.04 1.04 1.04 1.01 
1.01 1.06 1.05 1.04 1.04 
1.04 1.04 1.02 1.02 1.05 
1.06 1.05 1.06 1.04 1.05 
1.03 1.04 1.02 1.02 1.06 
1.04 1.01 1.03 1.05 1.05 
1.06 1.02 1.03 1.03 1.06 
1.01 1.03 1.06 1.06 1.06 
1.05 1.04 1.06 1.03 1.06 
1.05 1.05 1.02 1.05 1.02 
1.04 1.03 1.06 1.05 1.04 
1.03 1.05 1.05 1.02 1.01 
1.03 1.03 1.03 1.02 1.05 
1.06 1.01 1.05 1.01 1.04 
1.02 1.06 1.02 1.05 1.05 
1.03 1.06 1.02 1.03 1.02 
1.04 1.02 1.01 1.04 1.05 
1.01 1.02 1.04 1.03 1.04 
1.03 1.06 1.03 1.04 1.06 
1.03 1.01 1.05 1.02 1.03 
1.03 1.06 1.01 1.01 1.01 
1.05 1.05 1.02 1.02 1.06 
1.05 1.04 1.02 1.01 1.05 
1.01 1.04 1.04 1.03 1.05 
1.04 1.05 1.02 1.04 1.01 
1.05 1.01 1.05 1.05 1.03 
1.04 1.03 1.05 1.02 1.04 
1.03 1.05 1.04 1.03 1.04 
1.04 1.04 1.02 1.03 1.06 
1.06 1.01 1.01 1.04 1.03 
1.05 1.02 1.05 1.01 1.03 
1.03 1.03 1.04 1.01 1.01 
1.02 1.01 1.05 1.06 1.04 
1.02 1.05 1.03 1.04 1.02 
1.04 1.01 1.06 1.05 1.05 
1.06 1.02 1.03 1.02 1.04 
1.01 1.05 1.03 1.01 1.02 
1.01 1.06 1.03 1.04 1.04 
1.05 1.03 1.01 1.06 1.02 
1.06 1.03 1.01 1.06 1.03 
