5
50
62 56 42 15 95 78 61 83 17 93 66 47 90 45 34 53 91 8 89 59 54 46 84 93 92 38 34 17 95 92 29 64 52 17 15 49 37 44 18 63 5 66 1 16 24 9 76 87 28 40 
1 3 3 1 1 
1.13 1.1 1.06 1.05 1.09 
1.09 1.14 1.08 1.08 1.06 
1.11 1.06 1.09 1.11 1.05 
1.05 1.12 1.06 1.12 1.06 
1.14 1.08 1.1 1.07 1.14 
1.13 1.07 1.09 1.11 1.13 
1.06 1.08 1.05 1.1 1.1 
1.07 1.11 1.11 1.05 1.11 
1.11 1.1 1.14 1.09 1.07 
1.12 1.11 1.07 1.07 1.06 
1.07 1.12 1.06 1.14 1.06 
1.13 1.11 1.11 1.13 1.13 
1.1 1.13 1.13 1.14 1.11 
1.07 1.13 1.1 1.1 1.05 
1.1 1.06 1.09 1.08 1.13 
1.05 1.14 1.11 1.13 1.08 
1.09 1.1 1.12 1.06 1.14 
1.06 1.08 1.12 1.13 1.14 
1.12 1.08 1.13 1.13 1.11 
1.05 1.1 1.08 1.05 1.13 
1.11 1.14 1.13 1.1 1.09 
1.08 1.13 1.12 1.08 1.11 
1.13 1.11 1.11 1.13 1.08 
1.14 1.07 1.11 1.14 1.09 
1.13 1.14 1.11 1.06 1.13 
1.06 1.09 1.11 1.06 1.11 
1.08 1.1 1.05 1.06 1.05 
1.05 1.13 1.05 1.12 1.08 
1.14 1.08 1.14 1.11 1.08 
1.09 1.1 1.08 1.08 1.06 
1.11 1.11 1.13 1.06 1.12 
1.1 1.1 1.11 1.11 1.14 
1.14 1.06 1.12 1.09 1.05 
1.08 1.14 1.07 1.06 1.08 
1.09 1.14 1.07 1.1 1.09 
1.11 1.11 1.05 1.13 1.1 
1.05 1.09 1.06 1.07 1.08 
1.14 1.05 1.08 1.13 1.06 
1.1 1.14 1.12 1.1 1.07 
1.11 1.08 1.11 1.06 1.05 
1.07 1.12 1.12 1.09 1.09 
1.09 1.12 1.05 1.12 1.06 
1.09 1.09 1.12 1.07 1.05 
1.07 1.12 1.12 1.14 1.11 
1.09 1.13 1.08 1.1 1.11 
1.1 1.14 1.1 1.14 1.13 
1.11 1.07 1.1 1.09 1.05 
1.05 1.12 1.07 1.05 1.13 
1.1 1.14 1.13 1.06 1.07 
1.05 1.1 1.11 1.09 1.1 
