5
100
30 91 7 24 13 95 21 81 87 74 86 46 22 59 91 40 85 88 65 85 19 50 21 4 36 59 78 48 31 29 80 59 28 20 85 95 23 36 99 22 96 88 28 67 44 70 100 57 57 64 21 47 17 26 71 60 8 98 71 12 7 100 66 59 59 78 53 50 47 54 99 35 49 53 29 72 23 12 33 8 69 89 7 89 97 13 72 80 11 43 87 45 78 3 4 90 7 4 23 56 
2 1 3 1 3 
1.01 1.06 1.04 1.02 1.05 
1.01 1.06 1.03 1.01 1.06 
1.06 1.05 1.03 1.01 1.01 
1.01 1.03 1.01 1.04 1.02 
1.05 1.05 1.05 1.04 1.03 
1.06 1.06 1.01 1.01 1.01 
1.05 1.05 1.05 1.03 1.02 
1.03 1.01 1.04 1.04 1.03 
1.03 1.05 1.02 1.01 1.06 
1.01 1.02 1.03 1.06 1.02 
1.01 1.04 1.06 1.05 1.05 
1.05 1.05 1.06 1.05 1.01 
1.03 1.06 1.05 1.03 1.03 
1.01 1.06 1.06 1.04 1.05 
1.05 1.03 1.05 1.01 1.03 
1.03 1.04 1.05 1.06 1.05 
1.02 1.05 1.06 1.04 1.04 
1.03 1.01 1.02 1.06 1.06 
1.05 1.03 1.05 1.04 1.04 
1.02 1.01 1.01 1.05 1.03 
1.04 1.04 1.03 1.06 1.01 
1.01 1.06 1.02 1.04 1.06 
1.02 1.04 1.01 1.02 1.05 
1.04 1.03 1.02 1.03 1.02 
1.05 1.02 1.04 1.01 1.03 
1.03 1.01 1.05 1.02 1.04 
1.04 1.06 1.04 1.02 1.03 
1.06 1.04 1.01 1.06 1.04 
1.03 1.01 1.06 1.02 1.04 
1.02 1.01 1.04 1.03 1.06 
1.05 1.05 1.04 1.01 1.05 
1.02 1.01 1.05 1.06 1.02 
1.02 1.03 1.02 1.03 1.05 
1.01 1.06 1.05 1.02 1.06 
1.04 1.02 1.03 1.06 1.06 
1.02 1.02 1.02 1.03 1.02 
1.05 1.03 1.06 1.04 1.05 
1.06 1.01 1.02 1.04 1.03 
1.05 1.04 1.01 1.01 1.05 
1.04 1.06 1.02 1.05 1.06 
1.06 1.02 1.06 1.01 1.02 
1.06 1.03 1.02 1.02 1.05 
1.05 1.02 1.03 1.06 1.05 
1.01 1.05 1.03 1.04 1.05 
1.01 1.02 1.03 1.01 1.04 
1.03 1.01 1.05 1.03 1.06 
1.02 1.06 1.06 1.06 1.04 
1.01 1.01 1.01 1.02 1.06 
1.05 1.06 1.01 1.05 1.01 
1.01 1.06 1.06 1.04 1.02 
1.05 1.03 1.06 1.04 1.01 
1.05 1.02 1.05 1.03 1.02 
1.04 1.02 1.04 1.02 1.02 
1.04 1.04 1.06 1.04 1.03 
1.05 1.06 1.06 1.06 1.05 
1.03 1.01 1.01 1.06 1.06 
1.06 1.04 1.01 1.02 1.03 
1.04 1.02 1.06 1.02 1.04 
1.02 1.02 1.06 1.01 1.01 
1.01 1.03 1.01 1.06 1.04 
1.01 1.01 1.03 1.02 1.06 
1.06 1.02 1.01 1.04 1.05 
1.06 1.04 1.06 1.01 1.04 
1.02 1.04 1.04 1.04 1.05 
1.02 1.01 1.06 1.05 1.02 
1.03 1.03 1.05 1.05 1.04 
1.06 1.03 1.05 1.04 1.06 
1.05 1.04 1.02 1.02 1.02 
1.04 1.06 1.04 1.06 1.01 
1.06 1.05 1.05 1.02 1.06 
1.06 1.02 1.02 1.05 1.06 
1.02 1.05 1.03 1.04 1.06 
1.06 1.05 1.01 1.02 1.06 
1.02 1.01 1.05 1.01 1.01 
1.03 1.02 1.01 1.05 1.02 
1.05 1.01 1.04 1.01 1.02 
1.01 1.03 1.01 1.02 1.02 
1.01 1.01 1.02 1.01 1.05 
1.03 1.05 1.03 1.01 1.02 
1.02 1.06 1.04 1.05 1.01 
1.01 1.05 1.06 1.03 1.03 
1.05 1.05 1.03 1.06 1.06 
1.06 1.04 1.03 1.04 1.03 
1.04 1.04 1.02 1.01 1.01 
1.06 1.04 1.04 1.04 1.04 
1.06 1.02 1.01 1.04 1.04 
1.06 1.01 1.02 1.03 1.02 
1.05 1.06 1.01 1.06 1.04 
1.02 1.05 1.05 1.03 1.06 
1.02 1.05 1.04 1.05 1.03 
1.01 1.05 1.02 1.06 1.03 
1.04 1.05 1.05 1.05 1.06 
1.04 1.03 1.01 1.06 1.01 
1.01 1.03 1.04 1.01 1.06 
1.04 1.04 1.01 1.06 1.02 
1.06 1.06 1.06 1.05 1.05 
1.01 1.06 1.04 1.05 1.05 
1.04 1.01 1.06 1.01 1.04 
1.06 1.01 1.01 1.05 1.05 
1.06 1.04 1.06 1.01 1.01 
