5
50
12 11 80 33 68 17 23 43 86 25 21 60 25 80 40 34 45 27 83 47 61 4 27 49 77 20 74 13 84 77 70 79 24 37 37 78 44 87 87 67 79 30 28 4 77 21 56 51 67 18 
6 9 6 9 1 
1.07 1.06 1.05 1.07 1.07 
1.06 1.05 1.09 1.08 1.06 
1.06 1.05 1.05 1.07 1.09 
1.09 1.09 1.09 1.06 1.05 
1.09 1.05 1.06 1.08 1.05 
1.09 1.08 1.07 1.05 1.07 
1.09 1.09 1.05 1.06 1.07 
1.05 1.05 1.06 1.06 1.08 
1.08 1.07 1.08 1.08 1.07 
1.05 1.08 1.09 1.08 1.05 
1.08 1.07 1.06 1.07 1.06 
1.09 1.05 1.08 1.06 1.07 
1.07 1.06 1.08 1.08 1.07 
1.05 1.09 1.06 1.06 1.09 
1.06 1.08 1.07 1.07 1.08 
1.09 1.07 1.05 1.06 1.07 
1.06 1.06 1.05 1.06 1.06 
1.09 1.07 1.06 1.08 1.06 
1.06 1.09 1.05 1.09 1.06 
1.06 1.09 1.05 1.07 1.06 
1.08 1.05 1.09 1.05 1.07 
1.05 1.09 1.08 1.06 1.08 
1.09 1.07 1.05 1.06 1.07 
1.05 1.07 1.09 1.07 1.09 
1.08 1.09 1.09 1.07 1.05 
1.08 1.06 1.07 1.08 1.08 
1.05 1.06 1.08 1.09 1.09 
1.07 1.07 1.08 1.08 1.05 
1.05 1.07 1.07 1.08 1.05 
1.05 1.07 1.07 1.05 1.06 
1.09 1.06 1.09 1.07 1.08 
1.08 1.09 1.08 1.08 1.05 
1.08 1.07 1.06 1.05 1.07 
1.09 1.07 1.07 1.06 1.07 
1.06 1.09 1.05 1.06 1.08 
1.05 1.07 1.05 1.06 1.09 
1.06 1.06 1.09 1.08 1.05 
1.05 1.09 1.07 1.05 1.05 
1.08 1.07 1.08 1.05 1.08 
1.07 1.07 1.07 1.05 1.08 
1.05 1.08 1.06 1.06 1.07 
1.09 1.07 1.08 1.05 1.09 
1.09 1.09 1.07 1.07 1.05 
1.07 1.05 1.07 1.08 1.05 
1.07 1.05 1.09 1.06 1.08 
1.09 1.06 1.08 1.05 1.08 
1.06 1.06 1.05 1.06 1.08 
1.06 1.09 1.08 1.09 1.07 
1.06 1.09 1.05 1.05 1.09 
1.09 1.07 1.08 1.06 1.09 
