5
75
79 7 32 87 69 53 24 89 50 22 23 53 83 29 69 1 81 52 19 77 17 11 20 51 24 28 22 54 54 40 75 7 5 29 43 84 2 29 20 60 64 41 6 62 16 61 8 49 3 79 77 17 65 38 19 3 79 1 90 31 36 96 74 53 13 54 74 8 33 44 84 63 9 13 97 
2 2 1 2 3 
1.05 1.02 1.01 1.01 1.03 
1.06 1.01 1.03 1.03 1.02 
1.06 1.04 1.04 1.01 1.01 
1.03 1.02 1.06 1.01 1.01 
1.01 1.05 1.06 1.06 1.03 
1.02 1.03 1.01 1.03 1.06 
1.02 1.04 1.02 1.02 1.03 
1.06 1.05 1.02 1.01 1.04 
1.03 1.02 1.05 1.02 1.04 
1.06 1.05 1.06 1.06 1.06 
1.06 1.01 1.01 1.01 1.01 
1.05 1.02 1.05 1.02 1.03 
1.01 1.04 1.04 1.06 1.04 
1.05 1.06 1.05 1.06 1.01 
1.02 1.02 1.01 1.05 1.02 
1.02 1.06 1.06 1.04 1.06 
1.03 1.01 1.06 1.04 1.01 
1.05 1.05 1.02 1.05 1.03 
1.03 1.04 1.01 1.06 1.04 
1.04 1.01 1.04 1.05 1.06 
1.06 1.04 1.06 1.04 1.01 
1.04 1.03 1.04 1.03 1.02 
1.01 1.02 1.04 1.03 1.06 
1.04 1.03 1.03 1.01 1.06 
1.05 1.01 1.01 1.02 1.05 
1.02 1.02 1.01 1.06 1.04 
1.06 1.01 1.03 1.02 1.03 
1.06 1.01 1.06 1.03 1.04 
1.06 1.06 1.05 1.03 1.01 
1.01 1.05 1.05 1.04 1.06 
1.06 1.01 1.06 1.06 1.02 
1.03 1.04 1.03 1.02 1.02 
1.04 1.02 1.04 1.05 1.04 
1.06 1.06 1.01 1.06 1.02 
1.01 1.05 1.05 1.05 1.06 
1.06 1.05 1.03 1.02 1.05 
1.06 1.01 1.03 1.02 1.02 
1.04 1.01 1.05 1.06 1.06 
1.02 1.06 1.03 1.03 1.02 
1.05 1.01 1.02 1.02 1.03 
1.03 1.05 1.01 1.06 1.02 
1.04 1.03 1.04 1.02 1.05 
1.03 1.04 1.03 1.05 1.04 
1.04 1.06 1.04 1.03 1.05 
1.06 1.01 1.04 1.01 1.01 
1.01 1.02 1.01 1.06 1.01 
1.03 1.04 1.02 1.04 1.06 
1.05 1.06 1.06 1.03 1.05 
1.04 1.04 1.04 1.03 1.02 
1.05 1.05 1.01 1.04 1.06 
1.04 1.05 1.04 1.03 1.02 
1.06 1.02 1.03 1.02 1.06 
1.02 1.03 1.02 1.04 1.03 
1.06 1.04 1.05 1.01 1.06 
1.06 1.02 1.02 1.06 1.04 
1.06 1.03 1.06 1.06 1.03 
1.06 1.05 1.03 1.02 1.02 
1.04 1.04 1.05 1.02 1.03 
1.01 1.06 1.03 1.01 1.06 
1.01 1.02 1.04 1.06 1.06 
1.05 1.03 1.03 1.05 1.04 
1.03 1.04 1.04 1.04 1.03 
1.01 1.02 1.02 1.01 1.02 
1.03 1.03 1.03 1.01 1.01 
1.01 1.02 1.02 1.05 1.04 
1.05 1.03 1.03 1.04 1.01 
1.03 1.06 1.05 1.04 1.03 
1.06 1.04 1.01 1.04 1.02 
1.02 1.06 1.06 1.02 1.01 
1.03 1.06 1.06 1.03 1.04 
1.06 1.04 1.01 1.02 1.06 
1.03 1.01 1.02 1.04 1.04 
1.03 1.05 1.03 1.05 1.05 
1.04 1.06 1.05 1.01 1.01 
1.03 1.04 1.03 1.06 1.02 
