5
100
92 16 85 17 47 3 44 92 89 16 29 4 92 50 41 22 64 64 75 100 53 61 16 22 44 77 15 9 19 82 5 21 4 26 37 74 3 28 96 18 62 61 19 68 78 81 29 48 60 61 78 34 86 68 56 48 98 53 93 67 59 75 30 40 46 16 78 7 98 17 90 89 13 87 32 59 78 86 76 81 99 34 63 64 14 98 74 6 38 79 3 48 1 10 50 90 71 33 25 60 
9 5 6 9 7 
1.05 1.05 1.06 1.06 1.09 
1.09 1.08 1.08 1.07 1.09 
1.08 1.08 1.08 1.06 1.09 
1.09 1.09 1.09 1.05 1.06 
1.07 1.08 1.07 1.06 1.09 
1.08 1.07 1.06 1.06 1.05 
1.09 1.06 1.07 1.06 1.06 
1.08 1.08 1.08 1.08 1.08 
1.08 1.07 1.07 1.09 1.09 
1.08 1.06 1.07 1.07 1.07 
1.05 1.09 1.09 1.05 1.09 
1.09 1.05 1.06 1.08 1.07 
1.09 1.09 1.06 1.05 1.06 
1.07 1.06 1.06 1.06 1.05 
1.05 1.09 1.09 1.09 1.08 
1.09 1.05 1.06 1.05 1.09 
1.07 1.08 1.08 1.05 1.07 
1.07 1.09 1.05 1.09 1.09 
1.08 1.08 1.09 1.09 1.05 
1.06 1.06 1.08 1.05 1.06 
1.08 1.09 1.06 1.08 1.09 
1.06 1.08 1.07 1.06 1.07 
1.05 1.07 1.08 1.07 1.08 
1.06 1.05 1.07 1.05 1.07 
1.06 1.09 1.09 1.09 1.08 
1.08 1.07 1.05 1.08 1.08 
1.05 1.08 1.09 1.08 1.05 
1.09 1.06 1.06 1.08 1.09 
1.07 1.06 1.06 1.08 1.07 
1.05 1.08 1.07 1.06 1.08 
1.07 1.05 1.09 1.06 1.07 
1.09 1.06 1.08 1.08 1.09 
1.09 1.08 1.05 1.06 1.06 
1.09 1.08 1.05 1.07 1.06 
1.08 1.05 1.06 1.07 1.06 
1.07 1.07 1.09 1.07 1.06 
1.08 1.06 1.07 1.05 1.09 
1.06 1.07 1.08 1.07 1.07 
1.09 1.07 1.07 1.09 1.06 
1.06 1.08 1.07 1.07 1.09 
1.07 1.09 1.06 1.06 1.09 
1.05 1.06 1.06 1.09 1.09 
1.07 1.08 1.06 1.08 1.07 
1.08 1.07 1.05 1.07 1.09 
1.06 1.09 1.05 1.06 1.05 
1.09 1.05 1.08 1.05 1.06 
1.07 1.06 1.09 1.09 1.06 
1.06 1.08 1.05 1.08 1.07 
1.05 1.08 1.07 1.07 1.05 
1.06 1.06 1.06 1.05 1.05 
1.07 1.08 1.06 1.07 1.06 
1.05 1.09 1.08 1.09 1.07 
1.06 1.06 1.09 1.09 1.05 
1.07 1.06 1.05 1.09 1.05 
1.07 1.05 1.06 1.06 1.09 
1.05 1.05 1.05 1.09 1.08 
1.09 1.05 1.05 1.07 1.07 
1.05 1.08 1.09 1.06 1.06 
1.05 1.05 1.08 1.09 1.05 
1.07 1.06 1.07 1.07 1.07 
1.08 1.05 1.07 1.08 1.06 
1.07 1.09 1.05 1.09 1.05 
1.09 1.05 1.09 1.05 1.06 
1.08 1.05 1.08 1.09 1.07 
1.06 1.05 1.06 1.06 1.05 
1.08 1.07 1.08 1.05 1.05 
1.06 1.06 1.09 1.07 1.09 
1.08 1.05 1.06 1.07 1.07 
1.05 1.09 1.09 1.08 1.05 
1.09 1.09 1.05 1.09 1.09 
1.08 1.05 1.08 1.05 1.09 
1.06 1.09 1.06 1.08 1.05 
1.08 1.08 1.09 1.07 1.07 
1.06 1.07 1.05 1.06 1.05 
1.08 1.05 1.05 1.06 1.09 
1.06 1.06 1.09 1.09 1.06 
1.05 1.08 1.09 1.07 1.08 
1.07 1.08 1.06 1.07 1.07 
1.08 1.07 1.08 1.09 1.09 
1.06 1.08 1.06 1.05 1.07 
1.07 1.06 1.05 1.09 1.07 
1.08 1.08 1.08 1.05 1.07 
1.07 1.06 1.06 1.05 1.07 
1.08 1.06 1.05 1.06 1.05 
1.08 1.08 1.08 1.05 1.07 
1.05 1.08 1.08 1.05 1.09 
1.07 1.05 1.07 1.06 1.07 
1.06 1.07 1.08 1.09 1.05 
1.09 1.09 1.08 1.05 1.06 
1.08 1.05 1.08 1.06 1.06 
1.09 1.07 1.08 1.09 1.08 
1.07 1.06 1.07 1.09 1.09 
1.07 1.09 1.07 1.08 1.06 
1.06 1.06 1.05 1.08 1.07 
1.08 1.08 1.05 1.06 1.08 
1.09 1.08 1.08 1.09 1.09 
1.05 1.07 1.07 1.08 1.08 
1.08 1.08 1.09 1.08 1.05 
1.08 1.07 1.09 1.08 1.07 
1.08 1.07 1.05 1.08 1.08 
