5
75
86 68 18 81 88 80 11 17 48 19 76 37 43 18 31 4 75 100 96 86 49 41 49 21 71 53 41 26 40 23 57 4 74 36 96 57 75 75 64 93 31 23 42 38 12 55 1 12 19 13 8 56 94 40 34 15 51 42 74 86 88 30 5 8 83 67 96 20 84 74 16 23 12 92 75 
5 4 8 3 3 
1.04 1.04 1.04 1.03 1.04 
1.04 1.03 1.02 1.01 1.01 
1.01 1.04 1.02 1.06 1.06 
1.06 1.02 1.05 1.04 1.04 
1.04 1.05 1.01 1.02 1.04 
1.02 1.03 1.04 1.03 1.06 
1.02 1.01 1.02 1.01 1.01 
1.03 1.06 1.02 1.01 1.03 
1.05 1.05 1.06 1.06 1.03 
1.03 1.03 1.06 1.06 1.04 
1.04 1.06 1.04 1.02 1.02 
1.06 1.03 1.04 1.05 1.05 
1.01 1.03 1.03 1.06 1.04 
1.01 1.03 1.01 1.04 1.01 
1.03 1.04 1.03 1.04 1.01 
1.02 1.01 1.05 1.06 1.04 
1.04 1.01 1.04 1.04 1.03 
1.02 1.03 1.04 1.03 1.03 
1.03 1.06 1.06 1.05 1.01 
1.05 1.04 1.02 1.05 1.02 
1.04 1.06 1.03 1.05 1.03 
1.04 1.04 1.05 1.01 1.01 
1.04 1.01 1.05 1.03 1.04 
1.03 1.05 1.06 1.03 1.02 
1.02 1.03 1.03 1.06 1.01 
1.06 1.05 1.02 1.03 1.01 
1.05 1.04 1.03 1.01 1.06 
1.02 1.03 1.02 1.01 1.01 
1.02 1.06 1.03 1.01 1.03 
1.05 1.03 1.01 1.03 1.06 
1.03 1.02 1.05 1.04 1.01 
1.04 1.01 1.03 1.05 1.05 
1.02 1.01 1.06 1.01 1.06 
1.01 1.04 1.05 1.02 1.01 
1.04 1.02 1.05 1.03 1.01 
1.01 1.05 1.05 1.01 1.02 
1.05 1.01 1.01 1.03 1.06 
1.05 1.05 1.06 1.02 1.02 
1.01 1.05 1.05 1.06 1.04 
1.03 1.05 1.04 1.03 1.03 
1.04 1.04 1.05 1.03 1.05 
1.02 1.06 1.03 1.05 1.03 
1.04 1.05 1.02 1.02 1.03 
1.01 1.01 1.01 1.02 1.02 
1.03 1.05 1.03 1.06 1.06 
1.01 1.05 1.04 1.06 1.05 
1.05 1.03 1.03 1.02 1.06 
1.03 1.01 1.05 1.06 1.03 
1.05 1.05 1.04 1.06 1.04 
1.03 1.03 1.06 1.02 1.02 
1.04 1.06 1.06 1.01 1.01 
1.04 1.04 1.03 1.05 1.06 
1.04 1.03 1.06 1.04 1.03 
1.03 1.04 1.02 1.02 1.05 
1.05 1.04 1.06 1.01 1.05 
1.03 1.01 1.03 1.05 1.01 
1.02 1.01 1.02 1.05 1.03 
1.06 1.04 1.06 1.03 1.04 
1.04 1.03 1.01 1.04 1.06 
1.06 1.05 1.03 1.03 1.02 
1.03 1.05 1.01 1.02 1.05 
1.01 1.05 1.06 1.03 1.05 
1.06 1.06 1.01 1.05 1.01 
1.06 1.01 1.03 1.03 1.01 
1.04 1.03 1.06 1.04 1.04 
1.03 1.02 1.01 1.06 1.05 
1.02 1.04 1.01 1.06 1.03 
1.05 1.04 1.05 1.04 1.02 
1.03 1.05 1.01 1.03 1.04 
1.01 1.03 1.03 1.05 1.03 
1.06 1.03 1.06 1.01 1.05 
1.06 1.05 1.02 1.04 1.06 
1.01 1.02 1.06 1.02 1.04 
1.04 1.05 1.06 1.04 1.03 
1.03 1.02 1.03 1.06 1.06 
