5
50
49 62 9 63 49 2 93 89 14 19 50 8 53 13 76 33 34 20 20 99 67 51 19 15 57 16 45 64 52 87 42 23 3 91 57 60 78 82 95 58 73 72 18 95 5 98 47 64 37 71 
1 2 1 3 1 
1.05 1.02 1.04 1.04 1.05 
1.04 1.04 1.01 1.06 1.01 
1.02 1.02 1.03 1.04 1.03 
1.05 1.03 1.03 1.03 1.05 
1.05 1.01 1.04 1.06 1.06 
1.04 1.04 1.05 1.04 1.02 
1.03 1.05 1.05 1.03 1.02 
1.03 1.06 1.04 1.02 1.03 
1.05 1.06 1.05 1.05 1.01 
1.06 1.05 1.03 1.01 1.02 
1.04 1.05 1.04 1.02 1.01 
1.03 1.01 1.05 1.05 1.02 
1.05 1.01 1.06 1.04 1.02 
1.02 1.04 1.02 1.02 1.01 
1.04 1.03 1.01 1.04 1.02 
1.06 1.01 1.03 1.04 1.05 
1.01 1.03 1.03 1.04 1.05 
1.03 1.06 1.06 1.03 1.04 
1.06 1.01 1.06 1.01 1.02 
1.05 1.01 1.04 1.06 1.01 
1.01 1.04 1.04 1.06 1.06 
1.02 1.03 1.01 1.03 1.05 
1.05 1.01 1.05 1.02 1.06 
1.04 1.01 1.02 1.01 1.05 
1.05 1.03 1.05 1.03 1.03 
1.03 1.02 1.05 1.01 1.06 
1.06 1.01 1.06 1.03 1.05 
1.02 1.02 1.05 1.06 1.06 
1.01 1.02 1.04 1.02 1.02 
1.06 1.01 1.03 1.04 1.05 
1.05 1.04 1.01 1.05 1.03 
1.04 1.03 1.03 1.06 1.06 
1.03 1.05 1.02 1.01 1.01 
1.03 1.03 1.03 1.04 1.04 
1.04 1.02 1.02 1.04 1.04 
1.01 1.05 1.02 1.06 1.02 
1.04 1.03 1.05 1.03 1.03 
1.02 1.04 1.06 1.05 1.06 
1.03 1.02 1.05 1.05 1.06 
1.03 1.02 1.06 1.04 1.05 
1.02 1.01 1.03 1.05 1.02 
1.01 1.06 1.05 1.05 1.02 
1.05 1.01 1.06 1.05 1.03 
1.04 1.03 1.02 1.01 1.01 
1.03 1.06 1.01 1.06 1.06 
1.04 1.02 1.05 1.04 1.01 
1.06 1.01 1.03 1.06 1.04 
1.05 1.06 1.05 1.04 1.04 
1.01 1.05 1.04 1.06 1.02 
1.05 1.03 1.04 1.06 1.02 
