5
100
36 49 27 65 63 47 61 64 2 44 49 60 51 37 43 43 37 68 35 62 21 48 8 43 100 15 28 84 63 69 78 83 87 25 86 67 55 9 54 5 78 17 69 28 73 8 52 82 44 71 78 70 100 94 60 61 50 16 33 94 57 36 24 89 78 37 68 96 63 35 63 71 36 100 98 42 65 74 88 97 35 33 77 28 59 23 92 26 85 86 92 99 70 22 12 31 99 39 74 45 
1 3 3 3 3 
1.08 1.07 1.07 1.09 1.05 
1.05 1.06 1.08 1.07 1.05 
1.09 1.08 1.09 1.08 1.09 
1.09 1.07 1.07 1.05 1.05 
1.07 1.07 1.08 1.06 1.06 
1.09 1.09 1.05 1.05 1.05 
1.07 1.08 1.08 1.09 1.07 
1.09 1.06 1.06 1.09 1.09 
1.09 1.05 1.06 1.09 1.08 
1.06 1.07 1.07 1.07 1.07 
1.06 1.06 1.08 1.06 1.08 
1.05 1.05 1.09 1.06 1.06 
1.07 1.08 1.09 1.06 1.05 
1.05 1.09 1.08 1.09 1.07 
1.09 1.08 1.08 1.07 1.05 
1.05 1.08 1.06 1.06 1.07 
1.07 1.07 1.05 1.07 1.08 
1.07 1.08 1.05 1.06 1.08 
1.05 1.07 1.05 1.08 1.08 
1.08 1.08 1.05 1.05 1.09 
1.08 1.06 1.06 1.08 1.05 
1.08 1.07 1.07 1.05 1.09 
1.07 1.06 1.07 1.06 1.07 
1.08 1.07 1.09 1.08 1.09 
1.05 1.08 1.07 1.08 1.06 
1.06 1.08 1.07 1.08 1.05 
1.09 1.09 1.05 1.06 1.09 
1.07 1.09 1.08 1.09 1.05 
1.07 1.05 1.05 1.05 1.08 
1.05 1.07 1.09 1.09 1.05 
1.08 1.09 1.09 1.06 1.06 
1.07 1.09 1.09 1.07 1.07 
1.08 1.08 1.05 1.08 1.08 
1.09 1.05 1.08 1.09 1.06 
1.05 1.09 1.06 1.06 1.08 
1.05 1.07 1.07 1.08 1.07 
1.07 1.06 1.07 1.06 1.06 
1.09 1.07 1.06 1.06 1.08 
1.09 1.09 1.08 1.09 1.08 
1.06 1.05 1.05 1.09 1.07 
1.08 1.08 1.08 1.05 1.09 
1.09 1.05 1.07 1.06 1.08 
1.08 1.07 1.06 1.06 1.05 
1.06 1.05 1.07 1.05 1.08 
1.08 1.08 1.06 1.06 1.08 
1.07 1.09 1.06 1.07 1.06 
1.08 1.07 1.06 1.09 1.05 
1.07 1.08 1.05 1.07 1.07 
1.07 1.05 1.07 1.09 1.07 
1.06 1.08 1.06 1.05 1.06 
1.05 1.06 1.05 1.07 1.07 
1.08 1.06 1.06 1.05 1.05 
1.09 1.07 1.05 1.08 1.08 
1.08 1.07 1.07 1.09 1.05 
1.06 1.08 1.09 1.05 1.06 
1.07 1.05 1.06 1.09 1.09 
1.08 1.08 1.09 1.05 1.06 
1.09 1.05 1.05 1.06 1.09 
1.09 1.05 1.09 1.06 1.06 
1.08 1.06 1.08 1.08 1.05 
1.07 1.08 1.06 1.08 1.08 
1.06 1.07 1.05 1.07 1.08 
1.07 1.07 1.05 1.06 1.09 
1.05 1.06 1.08 1.06 1.07 
1.08 1.08 1.07 1.06 1.08 
1.06 1.07 1.08 1.06 1.09 
1.08 1.09 1.09 1.05 1.07 
1.07 1.09 1.06 1.06 1.05 
1.07 1.08 1.06 1.07 1.07 
1.06 1.06 1.08 1.06 1.09 
1.05 1.05 1.08 1.06 1.08 
1.07 1.07 1.06 1.07 1.08 
1.09 1.06 1.06 1.08 1.06 
1.08 1.06 1.05 1.06 1.06 
1.08 1.07 1.08 1.06 1.08 
1.05 1.08 1.07 1.07 1.07 
1.05 1.05 1.05 1.05 1.07 
1.09 1.05 1.07 1.09 1.08 
1.07 1.09 1.06 1.06 1.08 
1.06 1.05 1.07 1.09 1.05 
1.06 1.09 1.08 1.05 1.08 
1.06 1.08 1.08 1.09 1.08 
1.09 1.06 1.06 1.05 1.08 
1.09 1.07 1.09 1.09 1.07 
1.09 1.09 1.08 1.09 1.05 
1.07 1.05 1.09 1.07 1.05 
1.07 1.06 1.06 1.05 1.09 
1.08 1.05 1.06 1.08 1.07 
1.05 1.09 1.06 1.08 1.05 
1.05 1.07 1.08 1.05 1.07 
1.06 1.09 1.07 1.08 1.05 
1.07 1.05 1.05 1.05 1.09 
1.06 1.07 1.09 1.05 1.06 
1.09 1.08 1.07 1.08 1.07 
1.09 1.06 1.05 1.09 1.05 
1.06 1.08 1.07 1.06 1.07 
1.05 1.09 1.05 1.08 1.07 
1.05 1.06 1.07 1.05 1.06 
1.09 1.08 1.06 1.07 1.05 
1.06 1.07 1.07 1.05 1.08 
