5
50
93 52 44 70 7 13 51 44 16 66 62 42 10 79 73 24 22 91 5 32 72 53 3 24 88 100 92 28 1 6 53 84 88 14 28 82 73 5 51 13 60 98 50 82 94 41 4 26 1 50 
3 3 3 3 5 
1.07 1.08 1.06 1.08 1.08 
1.08 1.08 1.07 1.06 1.07 
1.06 1.06 1.09 1.06 1.05 
1.07 1.08 1.07 1.05 1.07 
1.06 1.06 1.06 1.09 1.07 
1.09 1.09 1.05 1.09 1.09 
1.06 1.07 1.05 1.07 1.06 
1.07 1.06 1.09 1.08 1.08 
1.07 1.08 1.05 1.07 1.09 
1.07 1.07 1.07 1.09 1.06 
1.09 1.09 1.06 1.06 1.06 
1.06 1.07 1.06 1.05 1.07 
1.07 1.05 1.09 1.07 1.09 
1.09 1.07 1.08 1.07 1.07 
1.09 1.09 1.08 1.09 1.05 
1.08 1.07 1.07 1.08 1.05 
1.06 1.07 1.06 1.06 1.05 
1.07 1.05 1.06 1.06 1.05 
1.08 1.08 1.09 1.09 1.07 
1.08 1.09 1.07 1.08 1.07 
1.08 1.06 1.06 1.07 1.08 
1.09 1.05 1.08 1.07 1.08 
1.06 1.08 1.07 1.07 1.06 
1.05 1.06 1.07 1.07 1.08 
1.07 1.05 1.07 1.06 1.06 
1.06 1.05 1.06 1.08 1.07 
1.06 1.08 1.06 1.06 1.05 
1.05 1.05 1.05 1.08 1.06 
1.05 1.09 1.06 1.08 1.08 
1.06 1.06 1.05 1.09 1.07 
1.07 1.05 1.07 1.08 1.09 
1.06 1.06 1.09 1.06 1.08 
1.06 1.06 1.07 1.06 1.07 
1.08 1.08 1.07 1.08 1.07 
1.06 1.07 1.08 1.08 1.08 
1.07 1.07 1.07 1.08 1.05 
1.09 1.09 1.08 1.07 1.08 
1.08 1.06 1.06 1.09 1.07 
1.09 1.05 1.08 1.09 1.07 
1.05 1.07 1.09 1.06 1.05 
1.07 1.07 1.08 1.08 1.08 
1.07 1.05 1.07 1.06 1.06 
1.05 1.08 1.09 1.06 1.05 
1.09 1.09 1.05 1.09 1.05 
1.09 1.08 1.07 1.05 1.06 
1.06 1.06 1.05 1.08 1.06 
1.06 1.09 1.08 1.08 1.07 
1.05 1.08 1.06 1.07 1.06 
1.08 1.07 1.06 1.06 1.07 
1.09 1.08 1.06 1.09 1.08 
