5
75
66 57 14 21 84 89 13 89 50 35 100 100 26 81 52 53 99 44 75 43 40 70 38 23 64 62 81 96 67 39 48 1 69 48 93 78 38 7 41 13 78 60 7 2 41 76 56 4 37 11 28 79 90 7 91 15 38 75 91 94 19 55 25 25 10 4 10 98 45 62 56 26 48 27 82 
7 1 8 4 3 
1.03 1.04 1.04 1.06 1.02 
1.02 1.01 1.03 1.01 1.06 
1.06 1.05 1.04 1.02 1.02 
1.03 1.04 1.04 1.05 1.02 
1.01 1.05 1.04 1.01 1.05 
1.05 1.04 1.02 1.06 1.04 
1.03 1.03 1.06 1.06 1.06 
1.02 1.04 1.03 1.05 1.03 
1.05 1.05 1.03 1.05 1.06 
1.06 1.04 1.01 1.05 1.02 
1.02 1.01 1.01 1.05 1.03 
1.02 1.06 1.02 1.01 1.02 
1.06 1.02 1.04 1.06 1.01 
1.03 1.04 1.05 1.05 1.04 
1.03 1.05 1.06 1.04 1.03 
1.03 1.06 1.03 1.05 1.04 
1.03 1.04 1.04 1.03 1.03 
1.04 1.02 1.06 1.05 1.02 
1.06 1.05 1.01 1.06 1.04 
1.03 1.05 1.01 1.01 1.06 
1.06 1.02 1.03 1.02 1.04 
1.05 1.05 1.04 1.06 1.06 
1.06 1.01 1.06 1.05 1.01 
1.02 1.03 1.02 1.05 1.02 
1.02 1.05 1.01 1.02 1.04 
1.04 1.06 1.02 1.05 1.04 
1.06 1.02 1.04 1.06 1.04 
1.03 1.04 1.06 1.03 1.04 
1.02 1.05 1.06 1.01 1.06 
1.05 1.05 1.03 1.05 1.06 
1.01 1.04 1.02 1.02 1.03 
1.04 1.01 1.06 1.05 1.01 
1.03 1.03 1.02 1.04 1.06 
1.04 1.03 1.01 1.02 1.05 
1.04 1.04 1.01 1.02 1.06 
1.03 1.06 1.06 1.02 1.05 
1.02 1.04 1.02 1.01 1.06 
1.06 1.05 1.05 1.06 1.06 
1.01 1.05 1.02 1.01 1.06 
1.03 1.04 1.04 1.04 1.03 
1.01 1.02 1.04 1.04 1.01 
1.01 1.01 1.03 1.02 1.06 
1.03 1.03 1.02 1.02 1.05 
1.04 1.04 1.05 1.04 1.03 
1.03 1.01 1.03 1.02 1.04 
1.04 1.02 1.01 1.04 1.02 
1.05 1.01 1.03 1.03 1.04 
1.03 1.05 1.01 1.06 1.05 
1.03 1.04 1.01 1.01 1.04 
1.06 1.03 1.03 1.05 1.01 
1.01 1.05 1.06 1.03 1.02 
1.02 1.06 1.04 1.01 1.02 
1.03 1.05 1.05 1.01 1.05 
1.02 1.02 1.02 1.04 1.01 
1.06 1.04 1.06 1.01 1.05 
1.05 1.05 1.03 1.01 1.02 
1.05 1.06 1.06 1.06 1.01 
1.02 1.05 1.03 1.02 1.03 
1.05 1.03 1.03 1.01 1.06 
1.04 1.05 1.01 1.01 1.03 
1.06 1.05 1.03 1.01 1.03 
1.01 1.02 1.03 1.03 1.02 
1.02 1.02 1.04 1.03 1.04 
1.03 1.06 1.03 1.03 1.04 
1.05 1.06 1.05 1.01 1.03 
1.02 1.01 1.05 1.01 1.05 
1.02 1.05 1.04 1.05 1.06 
1.06 1.02 1.04 1.04 1.01 
1.01 1.05 1.01 1.02 1.04 
1.06 1.01 1.02 1.02 1.01 
1.05 1.02 1.03 1.02 1.01 
1.02 1.02 1.01 1.05 1.02 
1.01 1.05 1.02 1.02 1.06 
1.03 1.01 1.04 1.01 1.06 
1.03 1.01 1.04 1.02 1.04 
