5
100
75 95 69 93 11 95 92 68 55 47 89 15 19 40 29 84 65 56 80 21 3 7 59 38 55 40 70 98 41 76 33 68 48 58 24 12 71 27 6 70 85 74 14 13 2 34 69 88 37 2 3 45 6 38 82 63 1 29 31 70 48 2 62 16 8 35 36 34 7 6 47 87 16 93 22 28 28 29 34 45 67 47 80 3 2 64 35 55 8 21 77 22 18 65 53 73 39 69 99 35 
3 4 9 4 7 
1.06 1.07 1.08 1.07 1.07 
1.08 1.07 1.06 1.07 1.05 
1.07 1.09 1.05 1.07 1.07 
1.07 1.08 1.08 1.08 1.06 
1.05 1.05 1.05 1.05 1.05 
1.07 1.05 1.05 1.08 1.08 
1.09 1.07 1.05 1.09 1.08 
1.09 1.07 1.06 1.09 1.08 
1.09 1.08 1.06 1.06 1.06 
1.08 1.06 1.06 1.07 1.09 
1.08 1.09 1.08 1.05 1.09 
1.06 1.08 1.06 1.08 1.07 
1.06 1.08 1.08 1.09 1.05 
1.08 1.09 1.07 1.09 1.06 
1.09 1.07 1.07 1.08 1.05 
1.07 1.05 1.05 1.07 1.08 
1.06 1.09 1.05 1.09 1.09 
1.07 1.05 1.05 1.09 1.09 
1.05 1.07 1.09 1.06 1.05 
1.06 1.08 1.06 1.07 1.09 
1.07 1.08 1.08 1.06 1.07 
1.06 1.09 1.07 1.09 1.05 
1.07 1.09 1.08 1.07 1.09 
1.08 1.06 1.09 1.06 1.07 
1.05 1.06 1.09 1.07 1.07 
1.06 1.08 1.08 1.05 1.05 
1.05 1.06 1.09 1.06 1.09 
1.07 1.09 1.09 1.07 1.08 
1.07 1.08 1.09 1.08 1.05 
1.05 1.07 1.06 1.07 1.08 
1.07 1.08 1.06 1.06 1.08 
1.08 1.08 1.06 1.06 1.07 
1.07 1.09 1.05 1.07 1.09 
1.06 1.05 1.09 1.09 1.06 
1.07 1.05 1.09 1.07 1.08 
1.08 1.08 1.05 1.06 1.08 
1.08 1.06 1.05 1.09 1.05 
1.09 1.08 1.07 1.05 1.08 
1.06 1.08 1.06 1.08 1.07 
1.09 1.09 1.09 1.06 1.06 
1.09 1.06 1.08 1.07 1.09 
1.05 1.05 1.08 1.06 1.06 
1.08 1.06 1.06 1.09 1.06 
1.05 1.08 1.08 1.05 1.06 
1.05 1.08 1.06 1.08 1.06 
1.05 1.07 1.05 1.08 1.08 
1.08 1.07 1.07 1.05 1.07 
1.09 1.05 1.05 1.06 1.09 
1.07 1.05 1.07 1.06 1.08 
1.08 1.08 1.08 1.07 1.08 
1.07 1.08 1.08 1.05 1.09 
1.05 1.06 1.08 1.07 1.05 
1.09 1.09 1.07 1.09 1.06 
1.06 1.05 1.06 1.05 1.07 
1.09 1.06 1.08 1.06 1.06 
1.08 1.09 1.05 1.08 1.06 
1.08 1.07 1.09 1.07 1.08 
1.07 1.08 1.06 1.09 1.07 
1.07 1.05 1.06 1.05 1.05 
1.06 1.08 1.05 1.06 1.06 
1.06 1.08 1.07 1.06 1.08 
1.06 1.09 1.07 1.05 1.05 
1.09 1.05 1.06 1.05 1.05 
1.09 1.05 1.07 1.05 1.06 
1.07 1.06 1.05 1.08 1.06 
1.05 1.07 1.05 1.05 1.06 
1.07 1.06 1.05 1.08 1.09 
1.08 1.09 1.06 1.09 1.07 
1.08 1.07 1.07 1.08 1.08 
1.08 1.07 1.09 1.09 1.05 
1.08 1.09 1.07 1.05 1.07 
1.05 1.05 1.06 1.06 1.07 
1.08 1.08 1.06 1.09 1.05 
1.06 1.09 1.09 1.06 1.09 
1.06 1.09 1.06 1.06 1.07 
1.07 1.05 1.08 1.07 1.08 
1.09 1.07 1.09 1.08 1.08 
1.07 1.06 1.06 1.08 1.05 
1.09 1.05 1.08 1.09 1.09 
1.07 1.07 1.05 1.07 1.08 
1.09 1.09 1.07 1.09 1.06 
1.05 1.09 1.06 1.08 1.08 
1.07 1.08 1.07 1.06 1.05 
1.08 1.09 1.08 1.08 1.07 
1.05 1.09 1.05 1.05 1.06 
1.05 1.07 1.07 1.09 1.09 
1.07 1.05 1.05 1.05 1.06 
1.07 1.08 1.07 1.05 1.09 
1.09 1.07 1.08 1.08 1.07 
1.05 1.09 1.09 1.06 1.05 
1.09 1.06 1.08 1.07 1.07 
1.07 1.09 1.06 1.05 1.05 
1.09 1.07 1.05 1.07 1.08 
1.09 1.09 1.07 1.09 1.08 
1.05 1.05 1.09 1.09 1.08 
1.05 1.09 1.09 1.09 1.09 
1.08 1.06 1.05 1.09 1.07 
1.09 1.09 1.08 1.06 1.06 
1.08 1.06 1.05 1.09 1.08 
1.08 1.05 1.08 1.06 1.07 
