5
75
24 63 35 76 82 65 30 34 52 33 30 68 86 73 55 80 73 87 3 71 30 86 4 49 4 67 100 71 51 93 89 75 25 77 30 51 65 45 5 46 61 26 91 44 36 71 5 100 9 64 8 51 15 23 79 22 5 53 75 60 88 40 99 89 82 60 98 90 53 64 50 98 65 82 62 
3 3 1 3 1 
1.08 1.07 1.07 1.06 1.05 
1.05 1.06 1.08 1.09 1.07 
1.06 1.07 1.06 1.07 1.06 
1.05 1.07 1.09 1.08 1.09 
1.06 1.09 1.06 1.07 1.09 
1.06 1.07 1.07 1.05 1.06 
1.09 1.07 1.08 1.09 1.05 
1.09 1.07 1.05 1.05 1.08 
1.05 1.05 1.09 1.06 1.07 
1.06 1.05 1.06 1.09 1.09 
1.06 1.08 1.08 1.07 1.06 
1.09 1.05 1.07 1.06 1.07 
1.08 1.09 1.09 1.07 1.07 
1.08 1.09 1.07 1.09 1.09 
1.09 1.07 1.09 1.07 1.09 
1.09 1.05 1.09 1.05 1.09 
1.07 1.05 1.06 1.05 1.05 
1.08 1.08 1.05 1.09 1.09 
1.06 1.05 1.06 1.09 1.05 
1.09 1.09 1.09 1.06 1.06 
1.09 1.09 1.05 1.07 1.09 
1.07 1.09 1.06 1.06 1.08 
1.06 1.08 1.07 1.07 1.06 
1.05 1.06 1.09 1.08 1.09 
1.06 1.08 1.07 1.05 1.06 
1.09 1.07 1.07 1.09 1.07 
1.05 1.05 1.06 1.06 1.07 
1.07 1.05 1.08 1.06 1.06 
1.09 1.06 1.06 1.08 1.09 
1.08 1.07 1.05 1.07 1.08 
1.06 1.06 1.09 1.09 1.08 
1.09 1.07 1.09 1.06 1.08 
1.09 1.06 1.09 1.06 1.06 
1.06 1.08 1.08 1.06 1.05 
1.09 1.08 1.05 1.05 1.08 
1.07 1.06 1.07 1.09 1.09 
1.08 1.06 1.09 1.06 1.07 
1.05 1.09 1.07 1.07 1.06 
1.05 1.08 1.06 1.07 1.06 
1.05 1.09 1.06 1.06 1.09 
1.07 1.06 1.05 1.08 1.09 
1.09 1.07 1.06 1.06 1.09 
1.07 1.07 1.05 1.07 1.05 
1.09 1.09 1.09 1.08 1.07 
1.05 1.06 1.09 1.08 1.06 
1.06 1.07 1.05 1.08 1.09 
1.05 1.06 1.05 1.06 1.08 
1.07 1.08 1.06 1.06 1.07 
1.06 1.05 1.08 1.09 1.05 
1.07 1.05 1.09 1.07 1.07 
1.05 1.09 1.06 1.09 1.06 
1.08 1.09 1.06 1.08 1.06 
1.08 1.09 1.07 1.09 1.09 
1.06 1.07 1.06 1.05 1.08 
1.08 1.09 1.06 1.09 1.06 
1.05 1.05 1.05 1.07 1.05 
1.09 1.05 1.09 1.05 1.09 
1.09 1.06 1.06 1.07 1.06 
1.09 1.09 1.05 1.09 1.07 
1.08 1.07 1.06 1.06 1.05 
1.08 1.07 1.07 1.08 1.09 
1.05 1.06 1.08 1.05 1.09 
1.05 1.08 1.09 1.06 1.07 
1.06 1.09 1.08 1.08 1.05 
1.06 1.09 1.05 1.09 1.06 
1.06 1.07 1.07 1.09 1.09 
1.09 1.09 1.09 1.07 1.06 
1.07 1.08 1.05 1.08 1.05 
1.05 1.05 1.09 1.05 1.06 
1.05 1.06 1.08 1.09 1.08 
1.06 1.08 1.06 1.09 1.08 
1.08 1.09 1.08 1.09 1.08 
1.08 1.08 1.07 1.06 1.08 
1.06 1.09 1.06 1.07 1.09 
1.05 1.09 1.05 1.09 1.08 
