5
75
27 99 3 12 45 53 23 20 76 8 55 7 40 9 65 60 91 87 31 89 27 91 92 90 56 54 38 53 54 68 54 12 56 36 20 60 90 42 40 99 69 95 46 16 17 15 46 10 100 19 95 66 4 45 93 13 64 77 39 6 31 29 86 59 86 37 84 89 25 15 29 28 63 5 8 
9 7 8 9 7 
1.04 1.01 1.03 1.03 1.04 
1.01 1.02 1.06 1.06 1.01 
1.05 1.01 1.05 1.05 1.02 
1.06 1.03 1.04 1.06 1.06 
1.02 1.03 1.04 1.06 1.01 
1.06 1.03 1.05 1.04 1.03 
1.02 1.06 1.06 1.02 1.05 
1.01 1.06 1.04 1.03 1.02 
1.01 1.03 1.05 1.02 1.02 
1.05 1.03 1.05 1.05 1.06 
1.06 1.03 1.04 1.02 1.06 
1.03 1.01 1.03 1.06 1.02 
1.03 1.02 1.04 1.04 1.01 
1.01 1.01 1.05 1.03 1.01 
1.06 1.01 1.05 1.04 1.01 
1.01 1.04 1.03 1.04 1.02 
1.04 1.03 1.05 1.02 1.02 
1.06 1.04 1.03 1.03 1.06 
1.04 1.03 1.03 1.06 1.02 
1.05 1.01 1.01 1.04 1.05 
1.03 1.01 1.01 1.01 1.02 
1.03 1.04 1.04 1.03 1.05 
1.05 1.02 1.05 1.04 1.04 
1.04 1.04 1.02 1.01 1.01 
1.01 1.03 1.03 1.02 1.04 
1.06 1.02 1.01 1.06 1.05 
1.03 1.02 1.06 1.01 1.06 
1.03 1.04 1.03 1.03 1.06 
1.02 1.06 1.04 1.01 1.05 
1.06 1.01 1.06 1.04 1.04 
1.04 1.02 1.04 1.06 1.01 
1.02 1.02 1.01 1.02 1.03 
1.01 1.04 1.06 1.06 1.02 
1.06 1.02 1.02 1.01 1.01 
1.02 1.02 1.04 1.04 1.05 
1.05 1.03 1.02 1.01 1.04 
1.05 1.05 1.05 1.02 1.04 
1.02 1.04 1.01 1.06 1.04 
1.04 1.06 1.02 1.02 1.04 
1.01 1.06 1.03 1.06 1.04 
1.06 1.06 1.02 1.02 1.03 
1.04 1.06 1.02 1.03 1.01 
1.02 1.03 1.01 1.06 1.06 
1.02 1.01 1.04 1.01 1.06 
1.04 1.06 1.02 1.05 1.05 
1.06 1.04 1.04 1.02 1.06 
1.01 1.06 1.05 1.02 1.04 
1.03 1.01 1.01 1.01 1.02 
1.02 1.03 1.03 1.05 1.06 
1.04 1.03 1.02 1.01 1.05 
1.02 1.05 1.06 1.04 1.06 
1.01 1.06 1.03 1.03 1.03 
1.06 1.02 1.01 1.06 1.04 
1.02 1.02 1.05 1.01 1.02 
1.02 1.03 1.02 1.05 1.01 
1.06 1.01 1.04 1.02 1.06 
1.06 1.06 1.01 1.02 1.03 
1.06 1.06 1.06 1.06 1.04 
1.01 1.06 1.03 1.02 1.01 
1.02 1.05 1.04 1.02 1.02 
1.01 1.04 1.03 1.01 1.05 
1.05 1.02 1.02 1.06 1.05 
1.06 1.02 1.05 1.01 1.03 
1.05 1.03 1.05 1.05 1.03 
1.02 1.06 1.02 1.01 1.01 
1.05 1.05 1.06 1.01 1.02 
1.01 1.04 1.01 1.04 1.06 
1.05 1.06 1.02 1.05 1.01 
1.05 1.04 1.06 1.06 1.05 
1.04 1.03 1.04 1.05 1.06 
1.06 1.03 1.02 1.06 1.04 
1.04 1.01 1.02 1.04 1.04 
1.01 1.01 1.04 1.01 1.04 
1.01 1.02 1.01 1.03 1.02 
1.03 1.01 1.01 1.01 1.04 
