5
50
19 22 83 62 53 4 89 45 43 90 8 38 99 53 83 92 90 35 63 99 37 68 52 86 84 77 34 27 12 100 72 71 19 97 49 22 97 55 62 77 49 77 92 29 33 30 74 71 86 71 
2 2 1 8 5 
1.08 1.13 1.05 1.1 1.05 
1.05 1.13 1.1 1.09 1.1 
1.05 1.14 1.11 1.11 1.12 
1.08 1.06 1.1 1.11 1.1 
1.08 1.12 1.05 1.1 1.08 
1.08 1.14 1.11 1.09 1.12 
1.1 1.1 1.09 1.14 1.14 
1.11 1.06 1.09 1.06 1.11 
1.08 1.11 1.06 1.12 1.11 
1.12 1.08 1.07 1.07 1.08 
1.14 1.12 1.13 1.05 1.13 
1.14 1.07 1.08 1.09 1.09 
1.14 1.09 1.09 1.06 1.07 
1.12 1.06 1.05 1.07 1.06 
1.14 1.06 1.08 1.13 1.05 
1.12 1.13 1.05 1.12 1.1 
1.06 1.06 1.06 1.09 1.11 
1.11 1.09 1.1 1.05 1.13 
1.06 1.06 1.1 1.14 1.08 
1.11 1.1 1.11 1.06 1.13 
1.12 1.1 1.07 1.05 1.09 
1.07 1.14 1.1 1.13 1.11 
1.14 1.09 1.12 1.13 1.06 
1.07 1.12 1.11 1.08 1.12 
1.05 1.09 1.06 1.13 1.13 
1.1 1.13 1.08 1.07 1.06 
1.13 1.09 1.13 1.12 1.09 
1.06 1.05 1.1 1.14 1.05 
1.07 1.11 1.09 1.11 1.08 
1.14 1.05 1.08 1.08 1.12 
1.06 1.11 1.12 1.07 1.14 
1.08 1.11 1.07 1.07 1.14 
1.11 1.05 1.09 1.06 1.13 
1.14 1.09 1.14 1.08 1.14 
1.1 1.06 1.1 1.14 1.07 
1.14 1.05 1.06 1.06 1.1 
1.06 1.07 1.07 1.07 1.05 
1.1 1.12 1.06 1.13 1.11 
1.1 1.11 1.09 1.14 1.13 
1.07 1.1 1.08 1.14 1.11 
1.12 1.1 1.06 1.05 1.1 
1.09 1.11 1.06 1.09 1.07 
1.13 1.09 1.11 1.12 1.12 
1.11 1.13 1.09 1.1 1.12 
1.1 1.07 1.1 1.11 1.13 
1.06 1.07 1.05 1.12 1.06 
1.06 1.14 1.13 1.08 1.05 
1.14 1.1 1.12 1.06 1.11 
1.07 1.1 1.1 1.09 1.06 
1.14 1.08 1.09 1.05 1.07 
