5
50
40 46 85 5 62 28 65 61 91 13 41 81 7 52 51 79 49 21 1 40 41 36 43 10 26 44 96 58 57 35 64 92 36 80 8 69 66 17 94 74 80 32 19 19 87 79 14 51 26 27 
1 3 3 1 3 
1.05 1.08 1.09 1.08 1.08 
1.07 1.08 1.07 1.08 1.07 
1.07 1.06 1.08 1.07 1.09 
1.07 1.05 1.05 1.07 1.08 
1.07 1.05 1.06 1.08 1.06 
1.08 1.07 1.05 1.05 1.08 
1.06 1.05 1.08 1.06 1.09 
1.09 1.07 1.06 1.05 1.05 
1.09 1.05 1.06 1.07 1.05 
1.05 1.09 1.07 1.07 1.05 
1.08 1.08 1.08 1.06 1.06 
1.09 1.08 1.05 1.07 1.06 
1.08 1.09 1.06 1.06 1.09 
1.06 1.09 1.06 1.07 1.08 
1.08 1.09 1.08 1.06 1.09 
1.07 1.07 1.06 1.09 1.05 
1.09 1.06 1.07 1.08 1.08 
1.09 1.06 1.08 1.09 1.06 
1.07 1.05 1.07 1.09 1.07 
1.06 1.06 1.07 1.09 1.05 
1.05 1.09 1.09 1.08 1.08 
1.06 1.08 1.09 1.07 1.07 
1.09 1.09 1.06 1.07 1.09 
1.07 1.08 1.07 1.07 1.06 
1.06 1.09 1.08 1.07 1.05 
1.09 1.09 1.09 1.08 1.05 
1.07 1.07 1.05 1.08 1.07 
1.08 1.07 1.06 1.06 1.08 
1.09 1.09 1.09 1.09 1.06 
1.05 1.08 1.06 1.06 1.09 
1.05 1.06 1.06 1.08 1.09 
1.08 1.08 1.08 1.09 1.07 
1.06 1.09 1.07 1.05 1.09 
1.05 1.08 1.08 1.09 1.09 
1.05 1.06 1.09 1.05 1.08 
1.06 1.06 1.05 1.09 1.06 
1.08 1.08 1.08 1.05 1.09 
1.05 1.05 1.05 1.06 1.06 
1.05 1.09 1.09 1.07 1.08 
1.06 1.07 1.07 1.06 1.09 
1.09 1.06 1.05 1.07 1.06 
1.05 1.08 1.06 1.08 1.09 
1.09 1.08 1.05 1.09 1.08 
1.06 1.07 1.08 1.06 1.08 
1.08 1.05 1.09 1.07 1.06 
1.08 1.08 1.06 1.07 1.09 
1.09 1.06 1.05 1.06 1.09 
1.08 1.08 1.09 1.09 1.07 
1.09 1.05 1.08 1.09 1.09 
1.06 1.05 1.06 1.06 1.09 
