5
75
34 43 94 81 67 26 71 23 24 63 39 97 65 79 15 69 45 8 66 88 52 59 11 1 41 62 5 46 34 16 64 40 81 15 38 87 83 21 69 56 48 57 63 95 30 48 44 19 73 51 66 60 70 88 19 23 82 89 10 91 82 88 51 39 53 76 36 11 34 90 12 37 26 55 76 
3 1 2 2 3 
1.06 1.06 1.1 1.14 1.05 
1.14 1.13 1.05 1.07 1.06 
1.14 1.12 1.12 1.08 1.12 
1.14 1.09 1.13 1.05 1.11 
1.12 1.08 1.09 1.12 1.13 
1.05 1.1 1.08 1.14 1.13 
1.08 1.12 1.1 1.05 1.1 
1.14 1.09 1.06 1.07 1.05 
1.12 1.12 1.1 1.09 1.06 
1.05 1.06 1.06 1.11 1.05 
1.1 1.13 1.14 1.14 1.13 
1.08 1.07 1.06 1.09 1.08 
1.13 1.07 1.12 1.05 1.13 
1.11 1.14 1.12 1.13 1.1 
1.08 1.12 1.05 1.1 1.1 
1.14 1.14 1.13 1.06 1.14 
1.09 1.09 1.05 1.13 1.12 
1.07 1.05 1.13 1.11 1.12 
1.12 1.1 1.1 1.06 1.12 
1.12 1.08 1.09 1.1 1.14 
1.06 1.05 1.1 1.1 1.12 
1.09 1.14 1.07 1.11 1.09 
1.06 1.08 1.1 1.12 1.09 
1.1 1.08 1.1 1.07 1.08 
1.11 1.14 1.1 1.06 1.12 
1.05 1.08 1.11 1.07 1.06 
1.13 1.13 1.12 1.11 1.1 
1.1 1.06 1.1 1.08 1.14 
1.09 1.07 1.1 1.09 1.06 
1.07 1.06 1.1 1.13 1.07 
1.13 1.07 1.07 1.1 1.08 
1.13 1.1 1.13 1.09 1.08 
1.1 1.07 1.11 1.07 1.09 
1.12 1.13 1.08 1.06 1.13 
1.11 1.05 1.12 1.11 1.05 
1.11 1.09 1.14 1.13 1.12 
1.1 1.07 1.12 1.07 1.14 
1.05 1.05 1.07 1.08 1.1 
1.12 1.05 1.14 1.07 1.14 
1.09 1.13 1.06 1.07 1.11 
1.06 1.09 1.11 1.08 1.11 
1.1 1.14 1.1 1.14 1.06 
1.05 1.11 1.09 1.12 1.11 
1.13 1.06 1.06 1.05 1.09 
1.1 1.11 1.11 1.12 1.07 
1.07 1.13 1.06 1.12 1.06 
1.05 1.07 1.06 1.12 1.07 
1.1 1.13 1.13 1.1 1.12 
1.06 1.12 1.08 1.13 1.06 
1.06 1.08 1.14 1.07 1.06 
1.14 1.05 1.1 1.12 1.09 
1.11 1.05 1.11 1.07 1.1 
1.14 1.12 1.1 1.05 1.07 
1.11 1.08 1.09 1.1 1.1 
1.08 1.07 1.05 1.13 1.13 
1.06 1.13 1.1 1.11 1.11 
1.12 1.14 1.05 1.14 1.07 
1.1 1.07 1.06 1.05 1.1 
1.1 1.11 1.07 1.1 1.08 
1.13 1.13 1.14 1.09 1.14 
1.08 1.09 1.06 1.14 1.13 
1.06 1.11 1.05 1.12 1.09 
1.09 1.06 1.05 1.1 1.11 
1.12 1.14 1.05 1.13 1.08 
1.14 1.06 1.09 1.06 1.08 
1.1 1.14 1.08 1.06 1.14 
1.08 1.1 1.08 1.11 1.08 
1.07 1.1 1.06 1.08 1.07 
1.14 1.05 1.14 1.1 1.12 
1.05 1.06 1.1 1.09 1.14 
1.1 1.06 1.11 1.05 1.1 
1.07 1.06 1.05 1.05 1.12 
1.05 1.14 1.13 1.07 1.1 
1.14 1.09 1.05 1.11 1.06 
1.11 1.1 1.08 1.07 1.06 
