5
100
42 25 63 69 11 95 26 46 31 23 45 23 89 74 25 48 46 8 77 92 49 22 40 25 51 6 29 96 53 96 81 36 46 75 89 68 4 38 5 95 71 76 72 84 84 66 72 98 35 27 77 98 34 61 5 54 16 30 95 20 87 25 4 72 53 78 49 54 25 60 22 76 64 49 66 30 90 11 57 22 94 97 42 94 16 7 33 12 67 43 100 73 6 36 24 21 55 56 18 62 
1 1 2 2 2 
1.08 1.09 1.09 1.06 1.06 
1.06 1.05 1.09 1.08 1.06 
1.07 1.09 1.07 1.08 1.05 
1.06 1.08 1.06 1.08 1.07 
1.07 1.07 1.05 1.07 1.06 
1.06 1.08 1.08 1.08 1.09 
1.05 1.09 1.09 1.06 1.06 
1.06 1.06 1.07 1.06 1.06 
1.08 1.05 1.08 1.09 1.09 
1.06 1.08 1.08 1.06 1.05 
1.06 1.09 1.06 1.06 1.06 
1.07 1.08 1.08 1.05 1.08 
1.09 1.07 1.05 1.07 1.06 
1.05 1.06 1.07 1.09 1.09 
1.05 1.09 1.07 1.07 1.08 
1.09 1.07 1.05 1.07 1.06 
1.09 1.09 1.08 1.08 1.08 
1.05 1.09 1.06 1.08 1.08 
1.05 1.08 1.05 1.08 1.09 
1.06 1.08 1.08 1.07 1.06 
1.06 1.08 1.08 1.07 1.05 
1.06 1.05 1.08 1.06 1.09 
1.07 1.07 1.05 1.07 1.05 
1.08 1.09 1.06 1.08 1.08 
1.05 1.09 1.08 1.07 1.08 
1.05 1.07 1.09 1.09 1.09 
1.08 1.08 1.08 1.09 1.09 
1.08 1.06 1.08 1.06 1.09 
1.09 1.08 1.06 1.06 1.08 
1.05 1.09 1.05 1.07 1.07 
1.08 1.08 1.05 1.07 1.05 
1.08 1.06 1.09 1.07 1.05 
1.09 1.09 1.07 1.09 1.07 
1.07 1.05 1.08 1.05 1.06 
1.07 1.09 1.08 1.09 1.07 
1.07 1.08 1.08 1.08 1.08 
1.05 1.09 1.08 1.08 1.05 
1.05 1.07 1.05 1.07 1.09 
1.09 1.08 1.08 1.07 1.09 
1.06 1.09 1.08 1.07 1.05 
1.09 1.07 1.08 1.06 1.08 
1.06 1.06 1.07 1.06 1.07 
1.06 1.06 1.09 1.07 1.08 
1.07 1.09 1.09 1.05 1.09 
1.08 1.06 1.09 1.07 1.05 
1.08 1.06 1.05 1.06 1.06 
1.05 1.05 1.05 1.09 1.05 
1.08 1.07 1.07 1.06 1.05 
1.06 1.08 1.07 1.09 1.05 
1.08 1.08 1.08 1.06 1.08 
1.05 1.09 1.06 1.09 1.07 
1.05 1.09 1.07 1.08 1.09 
1.05 1.07 1.06 1.07 1.09 
1.09 1.08 1.07 1.05 1.09 
1.08 1.06 1.05 1.09 1.05 
1.06 1.06 1.07 1.08 1.05 
1.09 1.09 1.05 1.06 1.09 
1.07 1.05 1.05 1.08 1.08 
1.09 1.05 1.09 1.09 1.09 
1.09 1.07 1.06 1.09 1.06 
1.05 1.08 1.05 1.08 1.07 
1.06 1.09 1.06 1.09 1.07 
1.06 1.05 1.05 1.06 1.05 
1.07 1.05 1.07 1.05 1.05 
1.09 1.08 1.09 1.07 1.06 
1.06 1.07 1.08 1.07 1.06 
1.05 1.07 1.08 1.05 1.05 
1.07 1.05 1.08 1.06 1.07 
1.08 1.09 1.09 1.08 1.07 
1.05 1.08 1.07 1.05 1.09 
1.05 1.06 1.06 1.06 1.05 
1.05 1.09 1.07 1.08 1.05 
1.09 1.07 1.08 1.08 1.08 
1.05 1.09 1.08 1.07 1.08 
1.05 1.07 1.05 1.07 1.06 
1.08 1.06 1.07 1.06 1.07 
1.07 1.06 1.09 1.08 1.09 
1.07 1.07 1.05 1.07 1.08 
1.09 1.08 1.07 1.06 1.09 
1.09 1.05 1.05 1.08 1.05 
1.08 1.06 1.08 1.07 1.09 
1.08 1.07 1.09 1.07 1.09 
1.05 1.05 1.05 1.08 1.08 
1.05 1.07 1.08 1.06 1.05 
1.07 1.09 1.05 1.05 1.09 
1.09 1.09 1.09 1.07 1.08 
1.05 1.06 1.07 1.07 1.08 
1.08 1.05 1.05 1.05 1.09 
1.06 1.09 1.06 1.06 1.05 
1.08 1.06 1.05 1.09 1.05 
1.05 1.09 1.05 1.08 1.07 
1.07 1.09 1.05 1.06 1.08 
1.06 1.07 1.05 1.09 1.08 
1.05 1.05 1.07 1.06 1.05 
1.05 1.05 1.05 1.07 1.09 
1.09 1.08 1.07 1.06 1.06 
1.07 1.08 1.07 1.07 1.06 
1.07 1.08 1.08 1.09 1.06 
1.05 1.07 1.05 1.09 1.09 
1.07 1.08 1.08 1.06 1.07 
