5
75
59 96 78 35 64 60 7 1 64 66 15 17 78 47 37 61 12 38 52 95 28 94 87 70 82 85 1 56 19 24 62 91 84 18 50 6 87 69 88 87 69 46 58 14 89 21 83 8 44 58 69 41 61 6 24 59 31 40 35 5 69 17 41 75 41 18 83 6 20 89 12 10 68 63 33 
8 4 9 9 3 
1.08 1.07 1.08 1.08 1.06 
1.09 1.06 1.05 1.08 1.09 
1.09 1.09 1.08 1.09 1.06 
1.09 1.08 1.06 1.08 1.06 
1.08 1.07 1.06 1.06 1.05 
1.05 1.07 1.07 1.08 1.08 
1.05 1.05 1.07 1.09 1.05 
1.07 1.06 1.06 1.06 1.07 
1.08 1.08 1.07 1.05 1.08 
1.07 1.05 1.08 1.09 1.07 
1.09 1.05 1.09 1.07 1.06 
1.05 1.05 1.07 1.09 1.06 
1.05 1.09 1.06 1.05 1.06 
1.09 1.09 1.08 1.07 1.09 
1.08 1.05 1.06 1.07 1.09 
1.09 1.08 1.05 1.07 1.05 
1.07 1.07 1.05 1.08 1.06 
1.08 1.06 1.07 1.06 1.09 
1.05 1.06 1.05 1.07 1.06 
1.06 1.05 1.06 1.06 1.09 
1.05 1.05 1.07 1.07 1.09 
1.07 1.09 1.06 1.07 1.09 
1.07 1.09 1.08 1.06 1.06 
1.06 1.09 1.05 1.05 1.08 
1.08 1.05 1.08 1.07 1.09 
1.06 1.05 1.07 1.05 1.06 
1.05 1.06 1.05 1.09 1.07 
1.08 1.09 1.09 1.05 1.07 
1.05 1.06 1.09 1.05 1.08 
1.09 1.06 1.09 1.09 1.05 
1.07 1.06 1.09 1.06 1.09 
1.06 1.09 1.05 1.07 1.09 
1.07 1.09 1.09 1.05 1.07 
1.09 1.08 1.06 1.08 1.08 
1.05 1.06 1.09 1.07 1.08 
1.07 1.07 1.06 1.05 1.08 
1.05 1.07 1.05 1.09 1.05 
1.06 1.06 1.08 1.05 1.05 
1.07 1.07 1.07 1.05 1.09 
1.09 1.08 1.05 1.07 1.08 
1.07 1.09 1.09 1.05 1.05 
1.07 1.05 1.08 1.06 1.07 
1.07 1.09 1.05 1.07 1.08 
1.08 1.07 1.07 1.07 1.05 
1.05 1.08 1.05 1.06 1.07 
1.07 1.08 1.09 1.06 1.07 
1.06 1.08 1.09 1.07 1.07 
1.06 1.09 1.08 1.08 1.05 
1.09 1.08 1.07 1.05 1.05 
1.06 1.06 1.09 1.07 1.08 
1.06 1.06 1.05 1.09 1.07 
1.09 1.07 1.08 1.05 1.08 
1.07 1.09 1.08 1.05 1.06 
1.08 1.05 1.06 1.09 1.07 
1.09 1.07 1.06 1.09 1.07 
1.05 1.08 1.09 1.07 1.07 
1.09 1.07 1.05 1.06 1.07 
1.05 1.08 1.09 1.09 1.05 
1.09 1.09 1.09 1.08 1.08 
1.07 1.06 1.09 1.09 1.07 
1.05 1.08 1.07 1.09 1.06 
1.09 1.08 1.05 1.07 1.05 
1.08 1.06 1.06 1.06 1.09 
1.09 1.07 1.09 1.06 1.07 
1.09 1.08 1.06 1.06 1.05 
1.06 1.07 1.05 1.05 1.08 
1.08 1.08 1.06 1.05 1.06 
1.05 1.05 1.05 1.08 1.07 
1.07 1.05 1.05 1.09 1.05 
1.06 1.07 1.09 1.08 1.08 
1.05 1.08 1.08 1.06 1.09 
1.06 1.09 1.07 1.08 1.08 
1.06 1.05 1.05 1.08 1.06 
1.05 1.06 1.09 1.07 1.09 
1.05 1.05 1.07 1.08 1.07 
