5
75
18 51 75 35 94 46 30 44 67 98 74 82 51 44 8 21 81 75 59 4 67 36 92 2 17 2 64 65 41 81 35 65 77 5 28 33 62 55 18 86 62 67 61 32 37 12 94 86 67 100 67 67 5 93 98 6 88 26 63 30 94 18 12 78 8 42 97 16 92 54 28 91 72 85 90 
7 8 7 2 1 
1.01 1.02 1.03 1.05 1.04 
1.05 1.02 1.06 1.02 1.01 
1.04 1.04 1.03 1.06 1.04 
1.06 1.03 1.05 1.06 1.06 
1.06 1.03 1.02 1.05 1.01 
1.05 1.06 1.06 1.06 1.01 
1.06 1.05 1.01 1.04 1.02 
1.03 1.04 1.05 1.05 1.01 
1.05 1.05 1.05 1.04 1.02 
1.05 1.04 1.03 1.06 1.04 
1.02 1.03 1.06 1.01 1.02 
1.01 1.01 1.03 1.03 1.05 
1.01 1.02 1.01 1.04 1.06 
1.03 1.03 1.06 1.03 1.02 
1.04 1.05 1.05 1.03 1.03 
1.04 1.05 1.05 1.03 1.05 
1.06 1.04 1.01 1.05 1.02 
1.01 1.05 1.02 1.04 1.01 
1.04 1.04 1.03 1.02 1.03 
1.02 1.04 1.03 1.01 1.01 
1.05 1.02 1.06 1.03 1.02 
1.04 1.03 1.01 1.04 1.04 
1.06 1.05 1.05 1.01 1.04 
1.02 1.02 1.03 1.01 1.06 
1.06 1.01 1.03 1.02 1.04 
1.05 1.05 1.03 1.04 1.06 
1.03 1.04 1.04 1.03 1.02 
1.02 1.06 1.02 1.01 1.05 
1.06 1.05 1.01 1.06 1.03 
1.01 1.06 1.04 1.05 1.01 
1.03 1.06 1.06 1.06 1.01 
1.04 1.06 1.01 1.02 1.06 
1.03 1.05 1.04 1.01 1.06 
1.05 1.05 1.06 1.06 1.01 
1.03 1.05 1.01 1.01 1.03 
1.06 1.02 1.01 1.02 1.03 
1.05 1.06 1.04 1.05 1.03 
1.06 1.04 1.04 1.04 1.05 
1.01 1.02 1.03 1.02 1.06 
1.05 1.04 1.01 1.06 1.04 
1.05 1.04 1.02 1.02 1.06 
1.02 1.06 1.02 1.06 1.05 
1.03 1.05 1.05 1.04 1.01 
1.03 1.01 1.03 1.05 1.01 
1.04 1.05 1.03 1.01 1.06 
1.01 1.04 1.05 1.04 1.03 
1.01 1.04 1.05 1.05 1.03 
1.06 1.03 1.04 1.04 1.05 
1.01 1.04 1.02 1.05 1.03 
1.01 1.01 1.01 1.01 1.04 
1.05 1.02 1.02 1.05 1.03 
1.06 1.04 1.04 1.03 1.05 
1.06 1.03 1.05 1.03 1.03 
1.02 1.02 1.02 1.01 1.04 
1.06 1.05 1.03 1.04 1.04 
1.02 1.04 1.02 1.03 1.04 
1.03 1.02 1.02 1.05 1.06 
1.06 1.03 1.06 1.03 1.06 
1.02 1.06 1.06 1.06 1.04 
1.02 1.05 1.01 1.02 1.03 
1.06 1.06 1.01 1.05 1.03 
1.03 1.01 1.01 1.04 1.03 
1.02 1.06 1.03 1.05 1.03 
1.03 1.02 1.02 1.02 1.03 
1.04 1.02 1.02 1.05 1.04 
1.04 1.06 1.01 1.01 1.01 
1.01 1.04 1.03 1.06 1.05 
1.04 1.02 1.02 1.02 1.02 
1.03 1.02 1.01 1.01 1.01 
1.05 1.06 1.01 1.04 1.04 
1.04 1.04 1.03 1.04 1.02 
1.04 1.06 1.02 1.06 1.01 
1.05 1.05 1.01 1.03 1.04 
1.03 1.04 1.06 1.04 1.01 
1.04 1.03 1.02 1.04 1.06 
