5
75
66 49 41 96 95 70 10 13 86 92 39 14 62 21 85 51 80 56 76 46 94 43 1 39 73 79 31 73 32 56 16 67 15 92 97 52 29 32 37 61 98 96 18 37 84 16 9 3 72 4 70 58 55 82 23 86 34 73 61 1 59 44 40 80 88 67 1 86 9 42 12 81 5 51 26 
2 2 7 5 4 
1.05 1.12 1.11 1.11 1.05 
1.1 1.09 1.12 1.09 1.11 
1.12 1.05 1.09 1.08 1.12 
1.13 1.09 1.09 1.09 1.08 
1.11 1.09 1.09 1.08 1.05 
1.12 1.12 1.07 1.07 1.13 
1.07 1.06 1.09 1.13 1.08 
1.05 1.09 1.12 1.09 1.06 
1.13 1.13 1.13 1.07 1.13 
1.06 1.11 1.1 1.14 1.11 
1.13 1.07 1.08 1.06 1.09 
1.08 1.08 1.09 1.13 1.08 
1.1 1.06 1.1 1.12 1.07 
1.05 1.05 1.11 1.08 1.12 
1.06 1.12 1.14 1.08 1.1 
1.11 1.13 1.08 1.08 1.11 
1.14 1.06 1.09 1.11 1.05 
1.11 1.05 1.13 1.09 1.09 
1.06 1.14 1.09 1.06 1.07 
1.13 1.05 1.08 1.07 1.14 
1.09 1.07 1.09 1.12 1.14 
1.13 1.08 1.13 1.07 1.13 
1.05 1.14 1.05 1.1 1.13 
1.14 1.08 1.06 1.07 1.09 
1.11 1.14 1.11 1.11 1.09 
1.12 1.11 1.13 1.07 1.11 
1.08 1.14 1.12 1.09 1.06 
1.1 1.09 1.13 1.13 1.12 
1.07 1.07 1.09 1.13 1.05 
1.13 1.07 1.12 1.07 1.12 
1.09 1.08 1.05 1.07 1.08 
1.1 1.14 1.07 1.07 1.06 
1.06 1.07 1.13 1.05 1.11 
1.06 1.12 1.1 1.13 1.05 
1.06 1.06 1.08 1.13 1.09 
1.08 1.07 1.1 1.07 1.13 
1.08 1.09 1.1 1.08 1.12 
1.1 1.07 1.1 1.08 1.07 
1.07 1.05 1.08 1.09 1.09 
1.13 1.09 1.14 1.08 1.13 
1.11 1.07 1.1 1.12 1.13 
1.08 1.11 1.14 1.12 1.07 
1.13 1.06 1.06 1.1 1.09 
1.06 1.07 1.1 1.07 1.13 
1.13 1.13 1.09 1.08 1.09 
1.1 1.14 1.06 1.08 1.12 
1.1 1.1 1.06 1.14 1.11 
1.05 1.09 1.13 1.1 1.08 
1.08 1.09 1.09 1.08 1.06 
1.05 1.08 1.1 1.11 1.12 
1.12 1.11 1.1 1.11 1.12 
1.14 1.12 1.14 1.12 1.11 
1.14 1.08 1.07 1.07 1.06 
1.06 1.08 1.09 1.07 1.11 
1.05 1.06 1.11 1.07 1.06 
1.05 1.05 1.08 1.14 1.09 
1.09 1.1 1.12 1.1 1.08 
1.11 1.11 1.12 1.05 1.05 
1.12 1.1 1.1 1.1 1.14 
1.13 1.05 1.07 1.14 1.06 
1.1 1.11 1.12 1.05 1.09 
1.08 1.09 1.08 1.08 1.05 
1.14 1.1 1.1 1.13 1.05 
1.06 1.08 1.12 1.08 1.14 
1.12 1.1 1.09 1.13 1.1 
1.13 1.11 1.12 1.1 1.12 
1.07 1.11 1.05 1.06 1.13 
1.11 1.14 1.09 1.13 1.05 
1.1 1.08 1.12 1.13 1.12 
1.13 1.06 1.09 1.11 1.07 
1.06 1.12 1.08 1.13 1.14 
1.06 1.09 1.09 1.1 1.06 
1.07 1.14 1.12 1.09 1.05 
1.14 1.13 1.12 1.11 1.13 
1.1 1.08 1.1 1.1 1.09 
