5
50
28 57 3 21 17 66 39 94 76 51 6 65 17 97 78 48 20 29 43 42 43 22 15 29 77 34 99 60 79 20 80 85 22 29 94 53 83 94 87 79 44 81 7 35 12 57 79 100 89 67 
2 8 1 6 8 
1.11 1.05 1.13 1.12 1.09 
1.07 1.12 1.09 1.11 1.11 
1.06 1.13 1.13 1.11 1.11 
1.08 1.14 1.13 1.13 1.06 
1.11 1.07 1.13 1.06 1.11 
1.13 1.08 1.09 1.13 1.12 
1.08 1.12 1.13 1.08 1.11 
1.08 1.05 1.1 1.1 1.06 
1.12 1.1 1.13 1.08 1.09 
1.09 1.08 1.05 1.13 1.05 
1.14 1.06 1.08 1.05 1.05 
1.1 1.1 1.06 1.11 1.12 
1.12 1.07 1.1 1.14 1.13 
1.14 1.07 1.14 1.12 1.09 
1.08 1.07 1.11 1.08 1.06 
1.1 1.09 1.11 1.06 1.11 
1.12 1.1 1.11 1.14 1.07 
1.1 1.09 1.12 1.08 1.14 
1.05 1.05 1.14 1.14 1.13 
1.09 1.05 1.08 1.06 1.08 
1.06 1.14 1.07 1.06 1.11 
1.08 1.07 1.1 1.13 1.13 
1.1 1.14 1.05 1.06 1.06 
1.1 1.1 1.14 1.12 1.1 
1.05 1.1 1.06 1.08 1.05 
1.13 1.11 1.12 1.1 1.11 
1.13 1.14 1.07 1.11 1.08 
1.11 1.1 1.14 1.13 1.08 
1.05 1.09 1.07 1.08 1.05 
1.05 1.08 1.13 1.09 1.09 
1.1 1.13 1.11 1.06 1.09 
1.07 1.07 1.05 1.08 1.08 
1.1 1.11 1.05 1.09 1.11 
1.13 1.1 1.08 1.1 1.14 
1.07 1.05 1.09 1.14 1.1 
1.08 1.12 1.13 1.09 1.14 
1.11 1.06 1.1 1.07 1.08 
1.05 1.06 1.07 1.06 1.14 
1.11 1.13 1.12 1.08 1.08 
1.14 1.08 1.1 1.1 1.05 
1.08 1.05 1.14 1.14 1.05 
1.09 1.12 1.09 1.14 1.14 
1.07 1.09 1.08 1.11 1.1 
1.14 1.14 1.11 1.12 1.09 
1.11 1.12 1.07 1.06 1.05 
1.07 1.11 1.06 1.12 1.08 
1.09 1.11 1.05 1.09 1.13 
1.07 1.08 1.05 1.07 1.05 
1.11 1.1 1.11 1.09 1.09 
1.12 1.09 1.07 1.08 1.08 
