5
50
32 24 1 18 62 99 49 100 85 47 72 31 90 66 11 88 86 78 86 72 14 14 12 99 78 88 34 55 98 29 56 20 3 47 90 83 58 44 56 57 75 100 21 65 95 93 33 68 49 29 
4 3 2 3 1 
1.07 1.06 1.08 1.08 1.08 
1.07 1.08 1.07 1.08 1.07 
1.07 1.06 1.08 1.06 1.08 
1.08 1.08 1.08 1.07 1.07 
1.06 1.09 1.09 1.06 1.09 
1.06 1.08 1.07 1.07 1.09 
1.05 1.09 1.08 1.09 1.07 
1.09 1.08 1.06 1.09 1.09 
1.09 1.07 1.08 1.06 1.07 
1.06 1.09 1.08 1.05 1.07 
1.09 1.07 1.05 1.09 1.08 
1.08 1.07 1.07 1.07 1.05 
1.08 1.06 1.07 1.06 1.05 
1.09 1.07 1.05 1.07 1.06 
1.09 1.07 1.05 1.09 1.06 
1.09 1.07 1.08 1.06 1.08 
1.05 1.06 1.08 1.05 1.07 
1.09 1.06 1.05 1.09 1.07 
1.07 1.07 1.06 1.09 1.06 
1.05 1.07 1.07 1.09 1.06 
1.06 1.07 1.09 1.08 1.05 
1.06 1.07 1.05 1.08 1.07 
1.09 1.09 1.08 1.08 1.06 
1.07 1.07 1.07 1.06 1.05 
1.09 1.07 1.09 1.07 1.06 
1.08 1.08 1.08 1.09 1.08 
1.08 1.07 1.05 1.05 1.05 
1.05 1.06 1.09 1.08 1.07 
1.05 1.08 1.06 1.06 1.05 
1.06 1.08 1.08 1.09 1.05 
1.08 1.07 1.08 1.05 1.06 
1.06 1.07 1.06 1.08 1.09 
1.09 1.05 1.08 1.08 1.06 
1.05 1.05 1.06 1.05 1.05 
1.07 1.05 1.06 1.05 1.05 
1.08 1.06 1.06 1.07 1.05 
1.07 1.05 1.08 1.05 1.09 
1.07 1.06 1.07 1.05 1.05 
1.06 1.05 1.06 1.05 1.08 
1.08 1.06 1.07 1.09 1.09 
1.05 1.06 1.05 1.05 1.09 
1.05 1.06 1.08 1.08 1.08 
1.09 1.08 1.08 1.09 1.05 
1.07 1.07 1.07 1.09 1.09 
1.05 1.05 1.06 1.07 1.07 
1.05 1.06 1.06 1.07 1.06 
1.06 1.09 1.08 1.07 1.06 
1.09 1.08 1.07 1.06 1.05 
1.07 1.06 1.08 1.07 1.05 
1.08 1.09 1.08 1.09 1.07 
