5
75
18 53 32 81 91 33 29 21 70 56 88 86 47 24 14 3 21 49 92 33 53 86 42 87 88 55 90 18 16 48 90 38 47 37 52 60 92 78 85 56 62 5 72 34 70 33 13 9 63 86 97 64 20 11 43 85 34 14 7 14 90 50 71 90 89 25 47 40 14 44 25 86 16 40 96 
1 3 2 2 2 
1.05 1.07 1.07 1.05 1.08 
1.08 1.08 1.08 1.07 1.09 
1.05 1.06 1.09 1.08 1.05 
1.07 1.09 1.07 1.07 1.05 
1.07 1.06 1.05 1.06 1.07 
1.06 1.07 1.06 1.08 1.06 
1.09 1.06 1.09 1.08 1.08 
1.06 1.07 1.08 1.07 1.08 
1.08 1.08 1.06 1.05 1.07 
1.07 1.06 1.08 1.07 1.08 
1.09 1.08 1.08 1.05 1.07 
1.09 1.05 1.06 1.09 1.06 
1.06 1.08 1.05 1.08 1.09 
1.05 1.07 1.06 1.07 1.09 
1.07 1.07 1.05 1.05 1.05 
1.09 1.07 1.05 1.08 1.06 
1.05 1.08 1.09 1.07 1.09 
1.06 1.08 1.08 1.07 1.07 
1.06 1.08 1.06 1.05 1.08 
1.08 1.06 1.05 1.05 1.07 
1.06 1.09 1.08 1.08 1.09 
1.06 1.07 1.06 1.08 1.09 
1.09 1.07 1.07 1.07 1.07 
1.06 1.08 1.09 1.05 1.08 
1.07 1.06 1.06 1.07 1.06 
1.06 1.08 1.06 1.06 1.08 
1.09 1.09 1.07 1.08 1.06 
1.08 1.08 1.05 1.06 1.09 
1.09 1.08 1.08 1.07 1.07 
1.07 1.08 1.09 1.09 1.05 
1.09 1.06 1.07 1.06 1.07 
1.07 1.05 1.09 1.06 1.06 
1.09 1.08 1.06 1.08 1.05 
1.08 1.05 1.09 1.09 1.09 
1.08 1.07 1.05 1.05 1.09 
1.06 1.07 1.08 1.06 1.05 
1.09 1.05 1.09 1.06 1.09 
1.07 1.05 1.07 1.07 1.09 
1.08 1.07 1.07 1.07 1.09 
1.09 1.08 1.05 1.08 1.07 
1.09 1.05 1.08 1.09 1.07 
1.06 1.07 1.06 1.07 1.08 
1.09 1.05 1.08 1.07 1.08 
1.07 1.08 1.05 1.08 1.05 
1.05 1.06 1.07 1.05 1.06 
1.08 1.06 1.08 1.07 1.09 
1.08 1.06 1.05 1.08 1.06 
1.08 1.06 1.07 1.08 1.09 
1.07 1.07 1.09 1.06 1.06 
1.07 1.08 1.07 1.06 1.08 
1.08 1.07 1.09 1.05 1.08 
1.08 1.07 1.07 1.09 1.06 
1.06 1.06 1.06 1.06 1.07 
1.07 1.05 1.07 1.09 1.06 
1.07 1.07 1.06 1.09 1.09 
1.08 1.07 1.09 1.05 1.07 
1.07 1.05 1.08 1.06 1.08 
1.09 1.07 1.06 1.06 1.09 
1.07 1.06 1.07 1.05 1.08 
1.06 1.06 1.06 1.07 1.07 
1.07 1.05 1.09 1.06 1.07 
1.08 1.07 1.08 1.08 1.08 
1.05 1.07 1.05 1.07 1.05 
1.06 1.09 1.08 1.09 1.05 
1.05 1.08 1.09 1.07 1.07 
1.07 1.07 1.08 1.07 1.06 
1.08 1.08 1.09 1.09 1.06 
1.07 1.07 1.06 1.06 1.06 
1.06 1.05 1.07 1.06 1.08 
1.06 1.07 1.08 1.05 1.09 
1.08 1.07 1.05 1.08 1.09 
1.09 1.09 1.08 1.08 1.08 
1.08 1.06 1.05 1.07 1.08 
1.08 1.09 1.09 1.09 1.08 
1.09 1.05 1.06 1.07 1.08 
