5
50
68 77 3 78 100 75 32 100 4 52 77 43 51 99 29 69 50 57 74 69 47 24 79 38 46 94 45 86 38 91 88 9 86 43 18 20 83 72 31 78 73 50 73 64 46 51 47 36 30 65 
3 3 2 2 3 
1.03 1.06 1.02 1.05 1.01 
1.02 1.05 1.05 1.05 1.02 
1.06 1.02 1.06 1.02 1.04 
1.04 1.04 1.01 1.03 1.01 
1.04 1.01 1.03 1.06 1.02 
1.04 1.06 1.06 1.02 1.06 
1.05 1.02 1.06 1.03 1.02 
1.03 1.03 1.03 1.04 1.03 
1.01 1.03 1.01 1.04 1.06 
1.05 1.02 1.04 1.02 1.04 
1.06 1.06 1.06 1.04 1.06 
1.05 1.04 1.06 1.04 1.01 
1.05 1.04 1.02 1.06 1.01 
1.06 1.06 1.02 1.02 1.05 
1.01 1.06 1.04 1.01 1.01 
1.06 1.03 1.02 1.06 1.02 
1.02 1.04 1.02 1.06 1.06 
1.03 1.03 1.01 1.04 1.03 
1.04 1.02 1.01 1.05 1.03 
1.05 1.05 1.05 1.04 1.05 
1.04 1.05 1.04 1.03 1.02 
1.04 1.04 1.03 1.02 1.01 
1.03 1.03 1.02 1.06 1.02 
1.01 1.05 1.03 1.03 1.04 
1.01 1.02 1.01 1.04 1.04 
1.02 1.01 1.06 1.02 1.02 
1.01 1.04 1.01 1.05 1.04 
1.03 1.02 1.01 1.05 1.06 
1.05 1.01 1.02 1.01 1.06 
1.04 1.04 1.01 1.06 1.06 
1.05 1.01 1.05 1.01 1.03 
1.04 1.04 1.05 1.06 1.01 
1.05 1.01 1.06 1.03 1.05 
1.03 1.06 1.04 1.01 1.02 
1.05 1.01 1.04 1.01 1.04 
1.06 1.05 1.03 1.01 1.02 
1.06 1.05 1.05 1.05 1.04 
1.06 1.03 1.01 1.01 1.04 
1.03 1.04 1.02 1.04 1.03 
1.03 1.02 1.02 1.05 1.01 
1.03 1.01 1.05 1.03 1.02 
1.03 1.02 1.05 1.01 1.03 
1.03 1.04 1.04 1.04 1.04 
1.04 1.05 1.05 1.05 1.02 
1.03 1.02 1.06 1.05 1.02 
1.06 1.06 1.05 1.04 1.02 
1.02 1.05 1.02 1.03 1.06 
1.01 1.04 1.03 1.02 1.05 
1.03 1.02 1.04 1.06 1.06 
1.01 1.04 1.03 1.03 1.01 
