5
75
100 97 9 15 75 28 14 52 80 63 2 62 54 27 92 50 1 72 28 27 19 41 48 54 26 65 44 46 95 78 74 39 33 29 12 21 23 18 91 22 68 21 97 15 73 65 65 71 47 41 54 20 42 36 37 39 68 9 75 70 46 3 27 61 6 69 43 6 28 42 16 12 86 58 94 
3 8 3 1 2 
1.07 1.07 1.08 1.12 1.06 
1.08 1.12 1.09 1.09 1.09 
1.08 1.05 1.1 1.13 1.06 
1.13 1.12 1.09 1.06 1.05 
1.06 1.08 1.11 1.11 1.11 
1.09 1.08 1.13 1.1 1.07 
1.06 1.05 1.08 1.14 1.12 
1.06 1.07 1.06 1.12 1.09 
1.14 1.14 1.08 1.07 1.08 
1.13 1.11 1.08 1.08 1.1 
1.05 1.06 1.12 1.14 1.12 
1.11 1.08 1.08 1.13 1.06 
1.12 1.06 1.05 1.06 1.14 
1.11 1.12 1.11 1.07 1.13 
1.05 1.06 1.05 1.12 1.11 
1.07 1.05 1.09 1.12 1.07 
1.05 1.08 1.12 1.06 1.08 
1.06 1.13 1.09 1.05 1.07 
1.11 1.07 1.13 1.13 1.14 
1.08 1.05 1.05 1.13 1.11 
1.08 1.1 1.14 1.09 1.13 
1.06 1.11 1.06 1.08 1.06 
1.11 1.12 1.14 1.1 1.14 
1.09 1.08 1.05 1.11 1.07 
1.11 1.11 1.1 1.11 1.05 
1.13 1.05 1.09 1.12 1.1 
1.07 1.1 1.11 1.11 1.13 
1.05 1.05 1.05 1.13 1.1 
1.06 1.05 1.1 1.11 1.12 
1.11 1.07 1.11 1.09 1.09 
1.07 1.07 1.06 1.13 1.06 
1.08 1.11 1.07 1.09 1.05 
1.14 1.05 1.13 1.06 1.1 
1.12 1.07 1.07 1.09 1.07 
1.14 1.07 1.09 1.14 1.09 
1.05 1.06 1.05 1.05 1.05 
1.08 1.12 1.05 1.1 1.13 
1.1 1.14 1.06 1.14 1.14 
1.14 1.13 1.12 1.07 1.1 
1.06 1.07 1.14 1.1 1.06 
1.12 1.05 1.14 1.07 1.08 
1.09 1.11 1.14 1.14 1.11 
1.14 1.07 1.05 1.1 1.1 
1.12 1.08 1.12 1.12 1.05 
1.11 1.06 1.11 1.13 1.13 
1.1 1.06 1.13 1.08 1.1 
1.07 1.09 1.1 1.08 1.12 
1.09 1.09 1.07 1.12 1.08 
1.09 1.12 1.14 1.11 1.12 
1.14 1.12 1.05 1.09 1.14 
1.14 1.1 1.13 1.05 1.12 
1.11 1.07 1.13 1.05 1.1 
1.06 1.12 1.12 1.11 1.06 
1.1 1.1 1.12 1.09 1.07 
1.08 1.11 1.08 1.12 1.13 
1.14 1.08 1.11 1.05 1.12 
1.12 1.07 1.06 1.14 1.11 
1.09 1.11 1.08 1.06 1.07 
1.08 1.12 1.1 1.13 1.13 
1.1 1.14 1.05 1.12 1.07 
1.1 1.14 1.13 1.1 1.12 
1.06 1.13 1.13 1.06 1.12 
1.13 1.07 1.06 1.05 1.06 
1.07 1.1 1.14 1.14 1.12 
1.11 1.06 1.11 1.06 1.09 
1.12 1.12 1.1 1.09 1.06 
1.14 1.11 1.05 1.13 1.13 
1.1 1.14 1.07 1.09 1.05 
1.08 1.07 1.1 1.06 1.11 
1.08 1.1 1.11 1.1 1.14 
1.05 1.12 1.12 1.07 1.07 
1.09 1.12 1.11 1.09 1.1 
1.1 1.12 1.1 1.1 1.13 
1.08 1.06 1.11 1.08 1.13 
1.09 1.13 1.09 1.14 1.14 
