5
100
93 95 91 99 20 64 86 88 41 99 24 89 11 76 9 2 13 13 26 66 66 72 32 8 8 38 77 91 29 85 87 11 54 60 82 4 31 45 37 22 72 48 76 66 31 94 32 9 73 61 74 61 21 38 73 72 86 94 18 27 25 17 77 35 51 88 13 48 29 14 68 42 32 58 56 40 5 51 82 33 2 35 77 45 98 52 97 8 47 52 20 98 45 76 40 58 85 67 7 84 
1 2 3 2 3 
1.09 1.05 1.05 1.05 1.05 
1.07 1.08 1.06 1.05 1.06 
1.05 1.06 1.07 1.09 1.07 
1.09 1.07 1.08 1.08 1.06 
1.05 1.09 1.05 1.06 1.07 
1.09 1.07 1.09 1.07 1.05 
1.06 1.06 1.09 1.09 1.06 
1.07 1.05 1.08 1.06 1.06 
1.06 1.09 1.08 1.05 1.06 
1.07 1.05 1.09 1.09 1.07 
1.06 1.05 1.09 1.07 1.06 
1.09 1.05 1.07 1.08 1.05 
1.07 1.09 1.07 1.08 1.09 
1.05 1.06 1.08 1.07 1.06 
1.08 1.06 1.06 1.08 1.09 
1.05 1.05 1.07 1.08 1.08 
1.06 1.09 1.09 1.07 1.09 
1.07 1.09 1.09 1.05 1.07 
1.09 1.07 1.07 1.05 1.08 
1.07 1.05 1.08 1.07 1.09 
1.07 1.08 1.07 1.05 1.07 
1.07 1.08 1.09 1.07 1.05 
1.06 1.07 1.09 1.05 1.07 
1.09 1.07 1.07 1.08 1.07 
1.07 1.08 1.07 1.06 1.05 
1.07 1.05 1.08 1.09 1.08 
1.06 1.08 1.06 1.09 1.05 
1.05 1.07 1.05 1.09 1.09 
1.07 1.05 1.09 1.07 1.05 
1.06 1.09 1.08 1.09 1.05 
1.09 1.07 1.06 1.09 1.07 
1.07 1.08 1.08 1.05 1.08 
1.05 1.07 1.08 1.09 1.05 
1.09 1.08 1.05 1.06 1.07 
1.07 1.05 1.05 1.05 1.08 
1.08 1.09 1.07 1.09 1.05 
1.09 1.07 1.06 1.06 1.08 
1.05 1.05 1.06 1.07 1.06 
1.06 1.09 1.08 1.06 1.08 
1.06 1.09 1.05 1.07 1.05 
1.05 1.07 1.09 1.07 1.07 
1.09 1.08 1.07 1.07 1.09 
1.09 1.07 1.09 1.09 1.05 
1.06 1.06 1.07 1.09 1.08 
1.07 1.09 1.09 1.06 1.09 
1.06 1.05 1.05 1.06 1.08 
1.07 1.05 1.06 1.06 1.08 
1.08 1.06 1.09 1.07 1.05 
1.08 1.07 1.06 1.09 1.09 
1.05 1.05 1.09 1.05 1.09 
1.08 1.08 1.05 1.07 1.08 
1.07 1.06 1.07 1.06 1.05 
1.06 1.06 1.06 1.07 1.07 
1.05 1.06 1.05 1.07 1.07 
1.06 1.06 1.09 1.05 1.06 
1.06 1.06 1.05 1.09 1.08 
1.07 1.06 1.06 1.05 1.05 
1.05 1.05 1.09 1.09 1.06 
1.06 1.06 1.06 1.05 1.07 
1.05 1.08 1.07 1.05 1.07 
1.09 1.07 1.08 1.06 1.08 
1.05 1.06 1.05 1.06 1.08 
1.06 1.07 1.08 1.05 1.06 
1.09 1.09 1.06 1.06 1.05 
1.05 1.09 1.09 1.06 1.07 
1.05 1.09 1.08 1.08 1.06 
1.05 1.08 1.08 1.06 1.07 
1.09 1.09 1.09 1.09 1.05 
1.05 1.09 1.07 1.07 1.09 
1.05 1.08 1.07 1.08 1.07 
1.08 1.06 1.09 1.08 1.06 
1.08 1.07 1.05 1.09 1.09 
1.07 1.07 1.06 1.09 1.07 
1.08 1.08 1.06 1.09 1.07 
1.09 1.08 1.05 1.07 1.09 
1.05 1.06 1.05 1.09 1.09 
1.09 1.09 1.05 1.09 1.07 
1.05 1.05 1.05 1.09 1.09 
1.08 1.05 1.09 1.08 1.07 
1.06 1.09 1.05 1.05 1.08 
1.08 1.06 1.09 1.07 1.07 
1.09 1.05 1.06 1.05 1.07 
1.08 1.05 1.06 1.06 1.09 
1.08 1.05 1.05 1.07 1.06 
1.06 1.09 1.09 1.09 1.08 
1.05 1.05 1.09 1.05 1.08 
1.07 1.06 1.07 1.07 1.07 
1.07 1.09 1.06 1.05 1.05 
1.08 1.05 1.09 1.07 1.06 
1.05 1.05 1.09 1.07 1.09 
1.06 1.08 1.06 1.06 1.06 
1.08 1.06 1.08 1.08 1.07 
1.09 1.05 1.06 1.05 1.06 
1.09 1.07 1.07 1.07 1.05 
1.07 1.05 1.07 1.09 1.09 
1.05 1.05 1.09 1.08 1.06 
1.09 1.06 1.06 1.06 1.09 
1.09 1.06 1.08 1.05 1.05 
1.09 1.05 1.08 1.05 1.07 
1.05 1.08 1.09 1.05 1.06 
