5
100
12 49 27 81 24 23 74 73 47 17 29 69 29 60 93 86 21 73 61 83 67 84 35 99 74 22 25 62 75 63 37 27 4 83 47 25 52 48 44 7 90 69 27 97 61 61 4 24 71 63 20 13 56 37 88 86 60 63 71 92 15 81 82 17 21 43 55 65 91 36 78 42 69 21 36 12 27 87 98 14 69 55 68 87 46 29 67 92 33 64 81 34 83 100 88 50 11 41 69 47 
3 8 3 3 3 
1.03 1.06 1.06 1.02 1.06 
1.01 1.04 1.01 1.06 1.02 
1.04 1.01 1.05 1.06 1.05 
1.06 1.01 1.06 1.02 1.06 
1.03 1.04 1.02 1.01 1.06 
1.06 1.05 1.02 1.03 1.04 
1.04 1.05 1.03 1.03 1.05 
1.06 1.01 1.06 1.02 1.03 
1.01 1.06 1.04 1.03 1.04 
1.03 1.04 1.01 1.02 1.03 
1.06 1.03 1.01 1.02 1.01 
1.05 1.03 1.01 1.04 1.03 
1.01 1.03 1.05 1.03 1.04 
1.03 1.05 1.01 1.05 1.05 
1.03 1.01 1.06 1.03 1.06 
1.05 1.01 1.02 1.04 1.01 
1.06 1.04 1.02 1.05 1.03 
1.06 1.04 1.04 1.06 1.06 
1.02 1.05 1.04 1.04 1.04 
1.05 1.05 1.01 1.03 1.01 
1.06 1.02 1.03 1.03 1.03 
1.03 1.02 1.06 1.02 1.02 
1.03 1.04 1.02 1.04 1.03 
1.05 1.02 1.06 1.02 1.06 
1.02 1.02 1.01 1.01 1.06 
1.06 1.04 1.04 1.04 1.03 
1.03 1.01 1.02 1.03 1.06 
1.04 1.03 1.01 1.06 1.05 
1.03 1.01 1.01 1.02 1.03 
1.05 1.06 1.04 1.02 1.06 
1.06 1.06 1.05 1.01 1.01 
1.01 1.04 1.05 1.03 1.06 
1.02 1.03 1.05 1.01 1.02 
1.06 1.03 1.01 1.01 1.05 
1.05 1.01 1.04 1.02 1.02 
1.03 1.04 1.03 1.01 1.05 
1.03 1.03 1.02 1.01 1.02 
1.03 1.01 1.04 1.03 1.04 
1.03 1.06 1.04 1.03 1.02 
1.03 1.03 1.04 1.06 1.01 
1.03 1.01 1.01 1.06 1.05 
1.04 1.06 1.04 1.01 1.02 
1.02 1.04 1.02 1.03 1.04 
1.06 1.02 1.06 1.01 1.05 
1.03 1.06 1.03 1.01 1.06 
1.03 1.05 1.05 1.01 1.01 
1.04 1.06 1.06 1.02 1.04 
1.02 1.02 1.04 1.01 1.05 
1.04 1.06 1.02 1.02 1.04 
1.05 1.05 1.02 1.05 1.06 
1.03 1.03 1.01 1.06 1.01 
1.04 1.01 1.05 1.04 1.02 
1.01 1.06 1.05 1.05 1.05 
1.03 1.05 1.04 1.03 1.03 
1.05 1.05 1.02 1.01 1.05 
1.06 1.02 1.02 1.06 1.06 
1.06 1.03 1.04 1.01 1.02 
1.01 1.04 1.04 1.02 1.01 
1.03 1.06 1.06 1.06 1.03 
1.03 1.02 1.04 1.01 1.06 
1.06 1.01 1.03 1.03 1.02 
1.02 1.05 1.05 1.04 1.06 
1.02 1.02 1.05 1.06 1.01 
1.04 1.06 1.05 1.01 1.02 
1.03 1.06 1.01 1.02 1.01 
1.01 1.03 1.01 1.03 1.06 
1.06 1.03 1.03 1.05 1.06 
1.01 1.05 1.05 1.03 1.06 
1.04 1.02 1.05 1.03 1.03 
1.03 1.04 1.03 1.02 1.05 
1.03 1.01 1.03 1.06 1.02 
1.04 1.02 1.01 1.01 1.06 
1.03 1.05 1.04 1.06 1.01 
1.06 1.05 1.05 1.03 1.05 
1.03 1.06 1.03 1.01 1.01 
1.03 1.03 1.03 1.03 1.02 
1.01 1.05 1.04 1.03 1.02 
1.05 1.02 1.05 1.01 1.04 
1.01 1.04 1.03 1.05 1.05 
1.04 1.01 1.06 1.06 1.06 
1.02 1.05 1.01 1.06 1.02 
1.06 1.06 1.04 1.03 1.01 
1.05 1.06 1.03 1.04 1.04 
1.01 1.05 1.03 1.03 1.02 
1.03 1.04 1.02 1.04 1.02 
1.02 1.01 1.02 1.02 1.04 
1.05 1.01 1.06 1.03 1.06 
1.04 1.04 1.06 1.06 1.03 
1.04 1.03 1.02 1.06 1.04 
1.06 1.05 1.01 1.03 1.06 
1.04 1.06 1.01 1.02 1.06 
1.06 1.01 1.04 1.05 1.02 
1.02 1.06 1.03 1.06 1.01 
1.03 1.06 1.03 1.01 1.01 
1.01 1.01 1.05 1.03 1.04 
1.05 1.05 1.04 1.05 1.03 
1.04 1.04 1.02 1.06 1.02 
1.02 1.01 1.01 1.02 1.01 
1.02 1.05 1.01 1.06 1.01 
1.03 1.03 1.03 1.04 1.06 
