5
75
73 13 7 90 48 72 78 42 85 1 53 43 95 3 90 47 1 62 73 52 89 76 16 1 81 37 13 75 32 18 68 21 76 73 66 7 18 27 97 47 14 97 8 41 70 12 42 44 33 26 10 29 33 74 42 16 20 35 32 38 37 31 4 42 3 56 95 66 46 22 52 36 22 3 61 
6 7 6 2 9 
1.07 1.08 1.09 1.06 1.08 
1.09 1.08 1.05 1.07 1.09 
1.08 1.08 1.05 1.09 1.07 
1.06 1.09 1.09 1.05 1.08 
1.09 1.07 1.08 1.05 1.06 
1.09 1.08 1.09 1.05 1.08 
1.07 1.08 1.07 1.06 1.09 
1.07 1.06 1.07 1.07 1.08 
1.06 1.05 1.05 1.07 1.05 
1.08 1.09 1.06 1.07 1.08 
1.08 1.06 1.07 1.08 1.08 
1.08 1.06 1.07 1.09 1.08 
1.07 1.07 1.09 1.06 1.05 
1.08 1.07 1.07 1.08 1.07 
1.08 1.05 1.07 1.05 1.06 
1.07 1.06 1.05 1.08 1.07 
1.06 1.07 1.09 1.07 1.09 
1.07 1.08 1.09 1.06 1.07 
1.09 1.09 1.06 1.08 1.06 
1.08 1.05 1.05 1.09 1.05 
1.06 1.09 1.05 1.09 1.07 
1.09 1.05 1.05 1.09 1.06 
1.06 1.07 1.06 1.07 1.06 
1.09 1.08 1.05 1.07 1.06 
1.09 1.05 1.07 1.08 1.09 
1.06 1.06 1.05 1.07 1.07 
1.09 1.05 1.08 1.09 1.05 
1.05 1.08 1.07 1.06 1.09 
1.08 1.09 1.06 1.08 1.05 
1.08 1.07 1.07 1.07 1.05 
1.07 1.08 1.07 1.05 1.06 
1.05 1.09 1.09 1.06 1.05 
1.07 1.09 1.09 1.05 1.08 
1.06 1.07 1.07 1.08 1.08 
1.05 1.07 1.05 1.08 1.09 
1.07 1.07 1.08 1.06 1.05 
1.05 1.07 1.08 1.06 1.07 
1.07 1.07 1.09 1.05 1.07 
1.06 1.05 1.05 1.09 1.05 
1.06 1.06 1.05 1.09 1.07 
1.06 1.08 1.09 1.05 1.06 
1.09 1.07 1.05 1.09 1.09 
1.05 1.09 1.05 1.09 1.08 
1.07 1.06 1.06 1.07 1.05 
1.08 1.08 1.08 1.05 1.09 
1.05 1.09 1.09 1.05 1.07 
1.06 1.08 1.05 1.06 1.08 
1.07 1.08 1.06 1.06 1.06 
1.09 1.09 1.07 1.06 1.09 
1.05 1.07 1.08 1.08 1.05 
1.09 1.06 1.05 1.05 1.07 
1.09 1.06 1.05 1.05 1.09 
1.09 1.06 1.06 1.09 1.05 
1.07 1.08 1.05 1.08 1.09 
1.09 1.06 1.07 1.05 1.05 
1.08 1.08 1.06 1.07 1.05 
1.06 1.06 1.06 1.06 1.08 
1.08 1.06 1.07 1.06 1.06 
1.08 1.08 1.07 1.06 1.07 
1.05 1.08 1.07 1.07 1.06 
1.06 1.05 1.06 1.08 1.07 
1.09 1.07 1.08 1.06 1.05 
1.06 1.08 1.08 1.08 1.05 
1.05 1.06 1.07 1.06 1.07 
1.07 1.06 1.09 1.06 1.07 
1.08 1.09 1.07 1.06 1.07 
1.06 1.08 1.06 1.05 1.08 
1.08 1.05 1.06 1.07 1.07 
1.09 1.08 1.09 1.07 1.05 
1.06 1.05 1.08 1.06 1.09 
1.06 1.08 1.07 1.05 1.05 
1.07 1.07 1.05 1.08 1.05 
1.08 1.05 1.05 1.09 1.06 
1.08 1.08 1.08 1.07 1.08 
1.07 1.08 1.05 1.09 1.09 
