5
50
19 23 83 85 93 83 78 10 1 88 80 25 83 79 26 45 46 74 29 10 65 79 72 42 76 9 52 85 66 41 32 25 46 84 100 81 22 21 17 41 83 78 59 8 24 38 25 69 79 37 
2 2 1 2 3 
1.05 1.05 1.09 1.06 1.09 
1.06 1.07 1.07 1.05 1.08 
1.08 1.08 1.06 1.06 1.08 
1.05 1.05 1.07 1.06 1.08 
1.05 1.08 1.09 1.05 1.09 
1.06 1.06 1.05 1.06 1.09 
1.09 1.06 1.06 1.08 1.07 
1.09 1.08 1.08 1.09 1.06 
1.07 1.07 1.08 1.06 1.06 
1.09 1.08 1.07 1.06 1.08 
1.08 1.06 1.06 1.05 1.08 
1.05 1.07 1.06 1.08 1.06 
1.06 1.06 1.06 1.07 1.06 
1.05 1.09 1.06 1.07 1.05 
1.09 1.08 1.07 1.07 1.07 
1.09 1.05 1.06 1.09 1.07 
1.08 1.09 1.08 1.05 1.07 
1.08 1.05 1.08 1.07 1.08 
1.07 1.07 1.06 1.06 1.08 
1.08 1.07 1.06 1.09 1.08 
1.08 1.09 1.05 1.05 1.09 
1.08 1.07 1.08 1.08 1.06 
1.08 1.07 1.09 1.09 1.06 
1.08 1.09 1.06 1.07 1.07 
1.08 1.07 1.06 1.06 1.08 
1.08 1.09 1.08 1.09 1.06 
1.07 1.06 1.09 1.06 1.07 
1.09 1.06 1.05 1.05 1.07 
1.08 1.06 1.09 1.08 1.05 
1.09 1.06 1.09 1.07 1.05 
1.08 1.06 1.05 1.08 1.08 
1.07 1.06 1.05 1.06 1.09 
1.07 1.07 1.06 1.07 1.05 
1.05 1.05 1.06 1.07 1.05 
1.09 1.08 1.09 1.06 1.06 
1.08 1.06 1.08 1.08 1.09 
1.08 1.07 1.09 1.06 1.07 
1.06 1.08 1.08 1.08 1.06 
1.08 1.05 1.09 1.05 1.06 
1.08 1.05 1.07 1.08 1.08 
1.09 1.05 1.07 1.06 1.09 
1.05 1.07 1.07 1.08 1.09 
1.05 1.05 1.06 1.09 1.06 
1.09 1.06 1.09 1.07 1.08 
1.09 1.05 1.07 1.05 1.05 
1.08 1.05 1.07 1.05 1.07 
1.07 1.05 1.09 1.07 1.05 
1.08 1.09 1.06 1.08 1.06 
1.08 1.07 1.08 1.07 1.09 
1.07 1.08 1.05 1.06 1.05 
