5
75
86 58 99 32 15 51 51 100 91 40 89 47 79 65 23 97 97 26 54 50 63 82 98 79 60 12 67 22 62 31 56 6 14 63 96 21 50 14 95 72 97 64 1 88 68 75 46 69 7 42 33 92 58 71 86 17 61 63 22 57 33 49 77 88 77 26 67 98 11 96 89 94 88 48 14 
3 3 2 2 2 
1.09 1.06 1.06 1.08 1.07 
1.05 1.08 1.05 1.08 1.09 
1.09 1.08 1.05 1.09 1.09 
1.06 1.05 1.06 1.09 1.07 
1.09 1.06 1.08 1.07 1.05 
1.09 1.06 1.07 1.06 1.05 
1.08 1.08 1.09 1.09 1.06 
1.09 1.08 1.05 1.07 1.05 
1.09 1.07 1.09 1.05 1.07 
1.06 1.05 1.08 1.07 1.06 
1.06 1.09 1.07 1.07 1.09 
1.09 1.09 1.06 1.06 1.05 
1.06 1.07 1.08 1.05 1.09 
1.08 1.08 1.09 1.09 1.05 
1.05 1.09 1.09 1.08 1.08 
1.05 1.08 1.05 1.09 1.06 
1.07 1.05 1.06 1.08 1.07 
1.07 1.07 1.06 1.08 1.06 
1.09 1.06 1.07 1.06 1.07 
1.09 1.09 1.05 1.06 1.08 
1.07 1.06 1.09 1.05 1.08 
1.07 1.05 1.09 1.05 1.07 
1.05 1.06 1.05 1.08 1.08 
1.05 1.08 1.06 1.06 1.06 
1.08 1.09 1.08 1.09 1.08 
1.07 1.07 1.05 1.07 1.08 
1.06 1.08 1.09 1.09 1.05 
1.08 1.09 1.08 1.08 1.07 
1.05 1.07 1.08 1.07 1.08 
1.05 1.08 1.08 1.06 1.05 
1.07 1.09 1.05 1.06 1.05 
1.08 1.07 1.05 1.06 1.07 
1.06 1.06 1.05 1.08 1.09 
1.07 1.05 1.09 1.06 1.09 
1.05 1.08 1.07 1.07 1.06 
1.09 1.08 1.08 1.06 1.05 
1.07 1.05 1.05 1.07 1.09 
1.08 1.06 1.09 1.05 1.06 
1.05 1.09 1.05 1.07 1.06 
1.08 1.06 1.09 1.05 1.09 
1.05 1.07 1.07 1.05 1.06 
1.08 1.07 1.07 1.05 1.08 
1.06 1.07 1.06 1.07 1.05 
1.05 1.05 1.06 1.07 1.05 
1.09 1.09 1.09 1.09 1.05 
1.08 1.05 1.08 1.05 1.05 
1.09 1.08 1.05 1.06 1.08 
1.05 1.09 1.05 1.09 1.06 
1.08 1.06 1.08 1.05 1.09 
1.09 1.05 1.06 1.07 1.08 
1.05 1.07 1.07 1.09 1.05 
1.09 1.07 1.08 1.08 1.07 
1.06 1.06 1.07 1.05 1.06 
1.07 1.07 1.06 1.07 1.05 
1.09 1.07 1.08 1.06 1.05 
1.09 1.08 1.05 1.08 1.09 
1.08 1.05 1.05 1.05 1.06 
1.06 1.06 1.09 1.09 1.06 
1.05 1.08 1.08 1.09 1.08 
1.09 1.07 1.09 1.08 1.06 
1.06 1.05 1.09 1.05 1.06 
1.06 1.05 1.09 1.09 1.08 
1.08 1.09 1.06 1.06 1.09 
1.07 1.07 1.07 1.05 1.08 
1.09 1.08 1.06 1.08 1.07 
1.08 1.09 1.06 1.07 1.09 
1.08 1.05 1.05 1.06 1.09 
1.05 1.08 1.06 1.07 1.06 
1.07 1.06 1.05 1.06 1.09 
1.09 1.08 1.08 1.07 1.06 
1.07 1.09 1.06 1.05 1.06 
1.08 1.05 1.06 1.05 1.07 
1.08 1.07 1.06 1.09 1.09 
1.05 1.06 1.07 1.08 1.06 
1.05 1.07 1.07 1.05 1.07 
