5
50
68 17 43 53 36 21 42 26 85 34 70 29 53 71 41 69 66 63 77 25 71 2 100 44 19 29 10 56 18 65 69 86 19 56 21 4 94 54 16 22 43 47 16 82 79 86 67 17 53 98 
1 1 3 2 3 
1.06 1.05 1.14 1.1 1.05 
1.1 1.13 1.14 1.1 1.09 
1.08 1.09 1.08 1.05 1.05 
1.06 1.13 1.13 1.14 1.06 
1.1 1.11 1.05 1.14 1.11 
1.11 1.1 1.09 1.06 1.07 
1.09 1.08 1.05 1.11 1.05 
1.05 1.07 1.13 1.07 1.14 
1.06 1.05 1.07 1.13 1.05 
1.09 1.13 1.08 1.07 1.07 
1.09 1.13 1.09 1.11 1.08 
1.05 1.06 1.14 1.08 1.06 
1.13 1.07 1.12 1.05 1.1 
1.09 1.11 1.1 1.06 1.08 
1.13 1.06 1.05 1.14 1.14 
1.13 1.1 1.11 1.07 1.13 
1.12 1.07 1.13 1.09 1.07 
1.13 1.11 1.06 1.11 1.13 
1.12 1.11 1.14 1.09 1.09 
1.06 1.1 1.11 1.07 1.1 
1.09 1.11 1.12 1.12 1.13 
1.14 1.07 1.06 1.13 1.05 
1.11 1.11 1.05 1.13 1.11 
1.07 1.12 1.13 1.12 1.14 
1.11 1.06 1.08 1.08 1.12 
1.09 1.12 1.06 1.12 1.07 
1.11 1.14 1.06 1.11 1.08 
1.11 1.13 1.1 1.12 1.08 
1.09 1.08 1.07 1.12 1.13 
1.05 1.07 1.13 1.06 1.06 
1.11 1.08 1.06 1.05 1.14 
1.05 1.1 1.1 1.13 1.1 
1.11 1.1 1.07 1.09 1.12 
1.1 1.1 1.05 1.06 1.08 
1.08 1.09 1.09 1.12 1.13 
1.09 1.11 1.1 1.11 1.13 
1.13 1.14 1.08 1.13 1.08 
1.14 1.07 1.05 1.12 1.06 
1.08 1.12 1.09 1.06 1.05 
1.09 1.14 1.13 1.08 1.11 
1.1 1.08 1.09 1.09 1.08 
1.1 1.05 1.12 1.08 1.06 
1.06 1.08 1.14 1.12 1.14 
1.14 1.14 1.11 1.14 1.06 
1.05 1.05 1.05 1.05 1.08 
1.1 1.14 1.05 1.11 1.08 
1.08 1.11 1.09 1.1 1.07 
1.13 1.1 1.1 1.07 1.13 
1.06 1.06 1.1 1.13 1.06 
1.14 1.1 1.09 1.09 1.08 
