5
100
71 71 99 8 83 52 94 82 32 62 3 87 20 97 88 93 71 25 91 90 5 30 48 72 28 54 23 25 78 47 22 98 7 5 79 23 28 18 100 48 36 5 7 62 21 11 5 1 69 8 18 16 70 13 3 62 79 98 51 76 90 39 53 87 54 67 30 95 52 24 50 32 37 4 61 95 5 79 20 69 19 10 40 8 15 12 62 30 76 71 8 98 79 9 7 79 52 64 89 8 
4 7 6 6 8 
1.01 1.02 1.02 1.06 1.01 
1.02 1.03 1.03 1.05 1.06 
1.03 1.04 1.01 1.06 1.04 
1.02 1.05 1.01 1.04 1.03 
1.03 1.01 1.01 1.03 1.05 
1.04 1.01 1.04 1.06 1.04 
1.02 1.02 1.04 1.01 1.03 
1.04 1.05 1.01 1.01 1.03 
1.05 1.05 1.03 1.05 1.05 
1.03 1.01 1.02 1.04 1.03 
1.01 1.04 1.01 1.04 1.02 
1.05 1.05 1.06 1.05 1.06 
1.05 1.04 1.03 1.06 1.04 
1.05 1.04 1.01 1.03 1.04 
1.03 1.01 1.04 1.04 1.01 
1.03 1.06 1.02 1.06 1.02 
1.03 1.05 1.01 1.06 1.03 
1.04 1.06 1.04 1.02 1.06 
1.02 1.03 1.05 1.06 1.04 
1.03 1.03 1.05 1.05 1.05 
1.03 1.02 1.02 1.03 1.05 
1.05 1.02 1.04 1.02 1.02 
1.03 1.05 1.06 1.05 1.03 
1.02 1.06 1.04 1.06 1.01 
1.06 1.03 1.03 1.01 1.06 
1.01 1.01 1.03 1.01 1.05 
1.04 1.03 1.04 1.01 1.06 
1.04 1.05 1.03 1.04 1.06 
1.02 1.02 1.01 1.06 1.05 
1.04 1.02 1.01 1.05 1.05 
1.04 1.06 1.04 1.06 1.05 
1.06 1.01 1.01 1.01 1.03 
1.03 1.05 1.03 1.01 1.03 
1.06 1.03 1.06 1.06 1.06 
1.04 1.01 1.06 1.05 1.04 
1.03 1.01 1.01 1.02 1.05 
1.04 1.02 1.01 1.06 1.04 
1.02 1.04 1.02 1.01 1.05 
1.01 1.03 1.02 1.02 1.04 
1.04 1.02 1.03 1.05 1.03 
1.02 1.02 1.05 1.05 1.04 
1.05 1.05 1.01 1.05 1.05 
1.01 1.03 1.05 1.06 1.02 
1.02 1.04 1.02 1.01 1.03 
1.04 1.06 1.02 1.06 1.06 
1.02 1.04 1.04 1.03 1.05 
1.05 1.01 1.06 1.04 1.03 
1.06 1.05 1.05 1.03 1.04 
1.05 1.03 1.04 1.03 1.02 
1.02 1.05 1.06 1.05 1.04 
1.05 1.02 1.04 1.01 1.06 
1.05 1.05 1.04 1.04 1.02 
1.06 1.02 1.06 1.02 1.02 
1.03 1.05 1.04 1.01 1.03 
1.02 1.06 1.05 1.05 1.02 
1.01 1.03 1.03 1.05 1.06 
1.01 1.03 1.04 1.06 1.01 
1.05 1.05 1.05 1.03 1.01 
1.05 1.04 1.04 1.05 1.04 
1.06 1.02 1.05 1.04 1.06 
1.06 1.04 1.01 1.05 1.06 
1.06 1.02 1.03 1.01 1.05 
1.01 1.03 1.05 1.01 1.01 
1.01 1.01 1.03 1.02 1.03 
1.06 1.06 1.01 1.04 1.04 
1.01 1.06 1.03 1.05 1.02 
1.06 1.04 1.03 1.06 1.06 
1.03 1.06 1.02 1.05 1.01 
1.05 1.03 1.05 1.04 1.05 
1.03 1.05 1.06 1.03 1.02 
1.04 1.05 1.05 1.06 1.04 
1.02 1.04 1.01 1.03 1.01 
1.05 1.01 1.04 1.02 1.03 
1.06 1.04 1.05 1.05 1.04 
1.05 1.01 1.01 1.05 1.04 
1.03 1.05 1.01 1.02 1.01 
1.04 1.04 1.02 1.04 1.01 
1.06 1.05 1.01 1.02 1.04 
1.01 1.06 1.06 1.01 1.06 
1.04 1.06 1.05 1.06 1.01 
1.03 1.06 1.04 1.02 1.01 
1.01 1.05 1.03 1.04 1.01 
1.04 1.04 1.06 1.02 1.02 
1.02 1.02 1.02 1.03 1.01 
1.06 1.06 1.01 1.03 1.05 
1.06 1.05 1.02 1.06 1.02 
1.05 1.04 1.01 1.01 1.01 
1.02 1.06 1.04 1.06 1.04 
1.04 1.05 1.04 1.05 1.03 
1.05 1.05 1.02 1.02 1.03 
1.04 1.05 1.05 1.06 1.01 
1.06 1.03 1.01 1.06 1.04 
1.06 1.04 1.03 1.01 1.06 
1.02 1.01 1.02 1.04 1.03 
1.05 1.02 1.04 1.02 1.03 
1.04 1.02 1.02 1.02 1.04 
1.03 1.01 1.03 1.04 1.01 
1.02 1.02 1.05 1.02 1.05 
1.03 1.02 1.04 1.05 1.02 
1.04 1.02 1.05 1.02 1.03 
