5
75
94 45 47 74 49 52 72 59 75 4 66 57 32 54 42 11 17 75 81 84 4 94 55 97 19 14 88 44 79 63 13 18 30 81 61 49 84 25 60 14 79 67 52 81 52 35 38 35 99 72 39 83 94 53 60 8 50 54 63 9 59 23 22 34 97 72 21 34 87 80 79 50 31 86 65 
3 3 2 1 1 
1.07 1.05 1.06 1.06 1.05 
1.06 1.05 1.05 1.08 1.09 
1.09 1.08 1.09 1.07 1.05 
1.05 1.07 1.09 1.07 1.07 
1.06 1.09 1.07 1.06 1.06 
1.09 1.09 1.08 1.08 1.07 
1.09 1.08 1.07 1.06 1.08 
1.08 1.09 1.07 1.05 1.07 
1.07 1.06 1.07 1.05 1.08 
1.09 1.08 1.08 1.07 1.06 
1.08 1.09 1.05 1.07 1.08 
1.07 1.05 1.07 1.05 1.07 
1.06 1.08 1.08 1.05 1.06 
1.06 1.05 1.05 1.08 1.07 
1.05 1.07 1.08 1.06 1.07 
1.07 1.07 1.05 1.09 1.05 
1.06 1.09 1.05 1.05 1.09 
1.07 1.09 1.08 1.06 1.05 
1.06 1.06 1.05 1.07 1.05 
1.09 1.07 1.08 1.08 1.06 
1.05 1.05 1.05 1.05 1.05 
1.09 1.09 1.06 1.08 1.07 
1.07 1.07 1.07 1.05 1.09 
1.08 1.08 1.09 1.09 1.09 
1.08 1.09 1.08 1.06 1.08 
1.09 1.09 1.07 1.06 1.08 
1.06 1.06 1.07 1.08 1.08 
1.08 1.06 1.09 1.08 1.08 
1.08 1.05 1.09 1.07 1.08 
1.07 1.05 1.05 1.08 1.08 
1.08 1.08 1.09 1.05 1.09 
1.08 1.07 1.06 1.06 1.07 
1.08 1.08 1.06 1.09 1.06 
1.08 1.05 1.07 1.09 1.06 
1.06 1.08 1.09 1.08 1.05 
1.07 1.07 1.07 1.06 1.06 
1.09 1.08 1.08 1.08 1.07 
1.09 1.07 1.09 1.08 1.06 
1.07 1.09 1.09 1.06 1.06 
1.09 1.09 1.06 1.09 1.08 
1.05 1.05 1.07 1.05 1.09 
1.05 1.07 1.09 1.09 1.06 
1.07 1.06 1.05 1.08 1.08 
1.05 1.07 1.06 1.08 1.09 
1.07 1.05 1.05 1.09 1.07 
1.07 1.06 1.05 1.08 1.05 
1.07 1.07 1.08 1.05 1.08 
1.05 1.07 1.07 1.08 1.07 
1.05 1.09 1.06 1.06 1.08 
1.09 1.05 1.08 1.07 1.07 
1.09 1.06 1.07 1.05 1.06 
1.08 1.06 1.08 1.06 1.08 
1.06 1.07 1.08 1.05 1.06 
1.05 1.09 1.08 1.09 1.06 
1.07 1.06 1.05 1.07 1.09 
1.07 1.05 1.07 1.05 1.09 
1.08 1.05 1.06 1.07 1.05 
1.06 1.07 1.05 1.05 1.05 
1.06 1.05 1.08 1.06 1.09 
1.05 1.06 1.07 1.08 1.09 
1.05 1.05 1.09 1.05 1.05 
1.07 1.06 1.06 1.05 1.09 
1.06 1.06 1.08 1.09 1.08 
1.09 1.08 1.09 1.07 1.05 
1.05 1.05 1.05 1.05 1.06 
1.05 1.07 1.09 1.09 1.07 
1.08 1.09 1.07 1.07 1.08 
1.06 1.08 1.08 1.07 1.09 
1.06 1.09 1.06 1.05 1.05 
1.05 1.09 1.06 1.07 1.09 
1.08 1.05 1.05 1.07 1.08 
1.07 1.05 1.06 1.05 1.08 
1.09 1.07 1.06 1.06 1.07 
1.08 1.09 1.05 1.06 1.09 
1.07 1.05 1.05 1.06 1.05 
