5
75
17 4 48 65 27 70 62 41 62 27 14 74 31 48 82 47 46 66 78 6 19 52 9 72 43 60 82 7 83 90 15 13 69 62 8 79 90 73 91 74 51 11 100 24 20 100 18 3 46 3 63 65 76 70 89 95 61 91 49 8 12 86 32 28 31 92 7 26 64 95 16 45 73 60 3 
2 1 1 1 1 
1.07 1.07 1.09 1.07 1.07 
1.05 1.06 1.06 1.06 1.07 
1.05 1.05 1.05 1.08 1.05 
1.07 1.08 1.07 1.08 1.09 
1.07 1.07 1.09 1.08 1.07 
1.09 1.08 1.09 1.08 1.08 
1.09 1.07 1.07 1.08 1.06 
1.08 1.09 1.05 1.08 1.09 
1.06 1.05 1.07 1.09 1.09 
1.08 1.08 1.07 1.09 1.09 
1.07 1.08 1.07 1.06 1.08 
1.09 1.07 1.07 1.07 1.09 
1.07 1.05 1.07 1.08 1.08 
1.07 1.05 1.09 1.05 1.08 
1.06 1.06 1.06 1.09 1.06 
1.07 1.08 1.07 1.08 1.08 
1.05 1.06 1.09 1.07 1.07 
1.06 1.06 1.09 1.07 1.09 
1.05 1.05 1.06 1.09 1.09 
1.06 1.06 1.08 1.07 1.08 
1.08 1.06 1.07 1.08 1.05 
1.07 1.07 1.09 1.08 1.06 
1.09 1.06 1.08 1.05 1.06 
1.09 1.08 1.05 1.07 1.05 
1.07 1.05 1.08 1.07 1.05 
1.09 1.06 1.05 1.07 1.07 
1.09 1.05 1.08 1.07 1.07 
1.07 1.09 1.07 1.09 1.06 
1.06 1.09 1.09 1.05 1.09 
1.08 1.07 1.06 1.05 1.06 
1.08 1.06 1.09 1.07 1.06 
1.05 1.07 1.08 1.06 1.05 
1.08 1.05 1.08 1.09 1.07 
1.06 1.06 1.09 1.08 1.06 
1.06 1.09 1.06 1.07 1.05 
1.09 1.07 1.05 1.07 1.08 
1.09 1.05 1.06 1.05 1.07 
1.09 1.05 1.08 1.09 1.07 
1.09 1.09 1.06 1.06 1.09 
1.08 1.07 1.09 1.08 1.08 
1.06 1.07 1.08 1.06 1.07 
1.09 1.09 1.08 1.08 1.09 
1.08 1.06 1.07 1.07 1.08 
1.08 1.08 1.05 1.06 1.05 
1.07 1.05 1.09 1.09 1.09 
1.08 1.07 1.06 1.05 1.09 
1.09 1.06 1.07 1.09 1.09 
1.08 1.07 1.06 1.09 1.05 
1.06 1.09 1.07 1.05 1.06 
1.05 1.06 1.07 1.07 1.09 
1.06 1.06 1.05 1.07 1.06 
1.07 1.09 1.05 1.07 1.09 
1.07 1.06 1.06 1.07 1.07 
1.05 1.05 1.06 1.05 1.09 
1.07 1.06 1.09 1.06 1.05 
1.07 1.07 1.08 1.08 1.06 
1.06 1.06 1.05 1.09 1.07 
1.07 1.06 1.07 1.05 1.07 
1.09 1.05 1.08 1.08 1.09 
1.08 1.05 1.05 1.08 1.08 
1.08 1.09 1.07 1.05 1.08 
1.07 1.06 1.07 1.05 1.06 
1.09 1.06 1.05 1.05 1.07 
1.09 1.06 1.08 1.09 1.05 
1.09 1.07 1.07 1.05 1.08 
1.06 1.08 1.09 1.05 1.08 
1.09 1.06 1.07 1.09 1.05 
1.07 1.09 1.09 1.07 1.07 
1.05 1.08 1.09 1.07 1.07 
1.08 1.09 1.09 1.09 1.08 
1.07 1.08 1.09 1.07 1.05 
1.07 1.09 1.09 1.06 1.05 
1.06 1.09 1.07 1.07 1.09 
1.09 1.06 1.06 1.08 1.08 
1.07 1.08 1.07 1.08 1.06 
