5
50
19 48 47 36 53 49 62 69 14 71 90 50 82 12 56 19 7 35 18 82 23 93 15 74 25 98 88 95 49 87 15 95 30 42 82 24 63 45 60 30 49 54 69 59 48 22 80 2 28 28 
3 2 1 3 1 
1.01 1.02 1.03 1.02 1.05 
1.03 1.02 1.03 1.05 1.04 
1.06 1.04 1.01 1.06 1.03 
1.03 1.02 1.03 1.03 1.06 
1.06 1.01 1.06 1.01 1.03 
1.02 1.04 1.05 1.05 1.03 
1.03 1.01 1.01 1.03 1.01 
1.06 1.01 1.01 1.01 1.03 
1.01 1.02 1.02 1.05 1.06 
1.05 1.05 1.01 1.04 1.05 
1.02 1.06 1.01 1.04 1.01 
1.05 1.06 1.04 1.01 1.03 
1.06 1.03 1.04 1.02 1.02 
1.04 1.06 1.06 1.02 1.06 
1.01 1.01 1.03 1.06 1.04 
1.03 1.05 1.01 1.03 1.02 
1.01 1.02 1.02 1.05 1.02 
1.01 1.03 1.02 1.03 1.03 
1.06 1.02 1.06 1.01 1.06 
1.02 1.01 1.02 1.03 1.05 
1.06 1.06 1.03 1.04 1.04 
1.05 1.04 1.04 1.01 1.02 
1.06 1.04 1.01 1.02 1.02 
1.06 1.06 1.06 1.01 1.04 
1.01 1.06 1.06 1.06 1.03 
1.04 1.04 1.06 1.02 1.05 
1.01 1.03 1.05 1.05 1.05 
1.01 1.03 1.01 1.02 1.04 
1.02 1.03 1.03 1.03 1.06 
1.03 1.02 1.02 1.04 1.06 
1.03 1.06 1.01 1.02 1.01 
1.03 1.01 1.05 1.04 1.02 
1.01 1.06 1.04 1.06 1.06 
1.04 1.02 1.02 1.01 1.03 
1.06 1.03 1.06 1.03 1.06 
1.04 1.03 1.05 1.03 1.03 
1.06 1.03 1.02 1.06 1.05 
1.02 1.05 1.04 1.03 1.05 
1.01 1.05 1.01 1.05 1.05 
1.02 1.05 1.04 1.03 1.06 
1.06 1.01 1.03 1.06 1.04 
1.01 1.04 1.05 1.04 1.04 
1.01 1.05 1.04 1.06 1.01 
1.03 1.01 1.04 1.01 1.05 
1.05 1.06 1.04 1.05 1.05 
1.05 1.05 1.05 1.04 1.05 
1.02 1.05 1.02 1.06 1.06 
1.05 1.04 1.06 1.02 1.03 
1.05 1.03 1.03 1.01 1.03 
1.06 1.04 1.02 1.06 1.03 
