5
50
72 37 20 67 62 100 37 84 95 99 63 62 73 32 80 96 98 20 1 20 74 51 15 45 18 52 55 73 41 94 16 8 90 43 94 46 60 64 58 23 21 5 48 5 2 63 40 9 73 99 
1 3 3 2 2 
1.06 1.07 1.06 1.06 1.07 
1.08 1.07 1.08 1.06 1.05 
1.09 1.06 1.09 1.06 1.05 
1.05 1.08 1.05 1.09 1.05 
1.08 1.07 1.07 1.06 1.08 
1.09 1.05 1.09 1.05 1.05 
1.09 1.07 1.05 1.05 1.07 
1.07 1.06 1.09 1.05 1.09 
1.08 1.09 1.05 1.09 1.05 
1.06 1.06 1.05 1.08 1.06 
1.09 1.05 1.06 1.05 1.05 
1.08 1.06 1.07 1.09 1.09 
1.08 1.09 1.06 1.08 1.09 
1.06 1.09 1.06 1.08 1.05 
1.05 1.09 1.08 1.08 1.08 
1.08 1.06 1.09 1.06 1.07 
1.09 1.09 1.09 1.07 1.07 
1.09 1.07 1.08 1.06 1.05 
1.07 1.06 1.07 1.09 1.07 
1.08 1.08 1.09 1.08 1.08 
1.07 1.09 1.06 1.06 1.06 
1.09 1.06 1.06 1.09 1.07 
1.05 1.06 1.09 1.05 1.06 
1.08 1.05 1.07 1.07 1.08 
1.07 1.07 1.05 1.08 1.09 
1.08 1.05 1.05 1.07 1.08 
1.09 1.07 1.05 1.05 1.05 
1.05 1.08 1.05 1.09 1.05 
1.06 1.05 1.05 1.07 1.09 
1.07 1.07 1.09 1.09 1.06 
1.07 1.08 1.08 1.06 1.08 
1.08 1.07 1.07 1.05 1.05 
1.05 1.07 1.09 1.06 1.08 
1.05 1.07 1.06 1.06 1.06 
1.09 1.06 1.05 1.06 1.05 
1.08 1.05 1.08 1.07 1.05 
1.08 1.05 1.09 1.06 1.06 
1.09 1.06 1.08 1.09 1.05 
1.05 1.06 1.08 1.06 1.08 
1.05 1.05 1.08 1.05 1.09 
1.08 1.06 1.08 1.06 1.07 
1.08 1.09 1.06 1.06 1.05 
1.06 1.07 1.09 1.05 1.09 
1.07 1.05 1.09 1.07 1.09 
1.05 1.08 1.07 1.08 1.08 
1.08 1.06 1.06 1.06 1.09 
1.08 1.06 1.08 1.09 1.08 
1.05 1.05 1.06 1.05 1.09 
1.09 1.07 1.07 1.09 1.07 
1.07 1.05 1.06 1.06 1.05 
