5
100
36 31 22 66 20 8 52 59 20 65 99 17 99 83 44 48 5 5 14 87 65 38 83 55 68 72 99 51 21 16 47 57 37 59 10 14 85 61 76 1 82 92 53 56 40 48 49 59 35 76 7 41 14 99 11 45 73 16 39 85 2 50 54 80 90 12 23 65 97 89 31 47 47 19 78 32 72 37 94 17 63 89 78 19 74 86 70 14 85 59 14 85 88 12 16 78 53 22 34 35 
7 1 5 4 6 
1.08 1.09 1.06 1.05 1.05 
1.06 1.09 1.05 1.09 1.07 
1.08 1.08 1.06 1.08 1.06 
1.08 1.08 1.06 1.06 1.07 
1.07 1.09 1.06 1.05 1.08 
1.07 1.06 1.08 1.08 1.06 
1.07 1.06 1.09 1.09 1.09 
1.05 1.09 1.07 1.09 1.08 
1.06 1.07 1.05 1.07 1.08 
1.05 1.05 1.08 1.06 1.08 
1.06 1.06 1.07 1.06 1.08 
1.06 1.07 1.08 1.07 1.08 
1.08 1.09 1.08 1.08 1.06 
1.07 1.06 1.09 1.09 1.06 
1.07 1.05 1.06 1.07 1.06 
1.07 1.07 1.06 1.07 1.08 
1.07 1.05 1.06 1.07 1.09 
1.08 1.07 1.09 1.05 1.05 
1.05 1.09 1.08 1.05 1.05 
1.09 1.08 1.06 1.09 1.06 
1.06 1.06 1.05 1.08 1.06 
1.07 1.09 1.07 1.09 1.06 
1.05 1.09 1.07 1.09 1.08 
1.06 1.05 1.06 1.07 1.05 
1.06 1.05 1.08 1.05 1.07 
1.07 1.08 1.08 1.06 1.08 
1.08 1.07 1.07 1.07 1.06 
1.07 1.08 1.08 1.08 1.05 
1.07 1.08 1.06 1.09 1.08 
1.06 1.09 1.07 1.06 1.09 
1.06 1.08 1.07 1.06 1.09 
1.08 1.08 1.05 1.09 1.08 
1.09 1.08 1.06 1.07 1.08 
1.09 1.09 1.06 1.07 1.07 
1.05 1.06 1.09 1.08 1.08 
1.06 1.06 1.06 1.05 1.09 
1.08 1.06 1.06 1.07 1.06 
1.09 1.07 1.05 1.08 1.07 
1.05 1.05 1.06 1.05 1.07 
1.07 1.08 1.09 1.06 1.06 
1.09 1.09 1.09 1.09 1.07 
1.09 1.06 1.05 1.05 1.05 
1.09 1.08 1.06 1.07 1.06 
1.05 1.09 1.05 1.08 1.05 
1.07 1.09 1.09 1.08 1.05 
1.06 1.06 1.08 1.08 1.06 
1.09 1.07 1.06 1.06 1.05 
1.08 1.06 1.09 1.05 1.09 
1.08 1.08 1.08 1.07 1.05 
1.09 1.08 1.07 1.06 1.06 
1.08 1.05 1.05 1.09 1.08 
1.06 1.07 1.06 1.09 1.06 
1.09 1.07 1.05 1.08 1.08 
1.07 1.07 1.09 1.06 1.07 
1.08 1.08 1.08 1.08 1.08 
1.08 1.06 1.05 1.06 1.05 
1.09 1.08 1.06 1.07 1.07 
1.07 1.08 1.08 1.08 1.08 
1.06 1.06 1.07 1.05 1.06 
1.08 1.06 1.08 1.05 1.09 
1.05 1.06 1.08 1.07 1.07 
1.09 1.06 1.09 1.05 1.07 
1.07 1.07 1.07 1.05 1.08 
1.09 1.05 1.07 1.08 1.05 
1.05 1.06 1.07 1.08 1.05 
1.08 1.07 1.09 1.06 1.06 
1.09 1.05 1.07 1.09 1.07 
1.06 1.07 1.06 1.09 1.05 
1.08 1.07 1.09 1.08 1.09 
1.06 1.08 1.06 1.09 1.08 
1.07 1.05 1.08 1.06 1.09 
1.06 1.06 1.07 1.07 1.08 
1.08 1.06 1.05 1.06 1.05 
1.08 1.09 1.06 1.09 1.08 
1.07 1.07 1.06 1.09 1.05 
1.07 1.08 1.09 1.05 1.06 
1.08 1.08 1.09 1.08 1.05 
1.05 1.06 1.06 1.09 1.06 
1.08 1.07 1.08 1.06 1.09 
1.06 1.06 1.09 1.09 1.06 
1.09 1.09 1.07 1.05 1.07 
1.05 1.08 1.06 1.09 1.09 
1.08 1.05 1.09 1.08 1.07 
1.09 1.08 1.09 1.09 1.06 
1.09 1.06 1.07 1.08 1.07 
1.06 1.05 1.07 1.08 1.09 
1.08 1.06 1.05 1.09 1.06 
1.06 1.06 1.06 1.05 1.07 
1.08 1.08 1.09 1.09 1.07 
1.07 1.08 1.07 1.09 1.07 
1.05 1.05 1.06 1.06 1.05 
1.07 1.05 1.09 1.06 1.07 
1.06 1.07 1.09 1.06 1.06 
1.05 1.07 1.07 1.05 1.07 
1.05 1.06 1.05 1.09 1.05 
1.05 1.06 1.05 1.06 1.05 
1.09 1.08 1.08 1.06 1.09 
1.05 1.08 1.06 1.06 1.09 
1.06 1.05 1.08 1.09 1.05 
1.05 1.09 1.06 1.09 1.06 
