5
75
40 22 69 88 8 5 96 14 91 49 38 49 42 82 62 67 63 79 50 62 22 19 86 38 60 63 5 3 34 46 38 68 28 60 98 69 97 31 92 99 77 11 36 66 36 42 44 60 87 10 36 27 24 15 62 62 7 1 25 56 46 31 1 90 93 71 95 8 35 4 77 69 3 74 73 
2 2 2 1 2 
1.05 1.04 1.01 1.05 1.02 
1.05 1.03 1.02 1.01 1.01 
1.05 1.06 1.01 1.03 1.01 
1.01 1.02 1.05 1.02 1.05 
1.04 1.06 1.03 1.01 1.05 
1.02 1.05 1.02 1.01 1.04 
1.05 1.04 1.04 1.04 1.05 
1.05 1.01 1.06 1.01 1.05 
1.01 1.04 1.03 1.03 1.04 
1.02 1.06 1.01 1.05 1.04 
1.01 1.04 1.03 1.06 1.02 
1.05 1.05 1.04 1.06 1.06 
1.01 1.05 1.05 1.03 1.05 
1.03 1.02 1.02 1.06 1.04 
1.04 1.04 1.02 1.01 1.03 
1.01 1.04 1.02 1.05 1.04 
1.05 1.06 1.06 1.05 1.05 
1.01 1.06 1.05 1.06 1.05 
1.06 1.02 1.05 1.03 1.03 
1.01 1.03 1.03 1.04 1.06 
1.04 1.06 1.06 1.06 1.01 
1.05 1.04 1.05 1.01 1.06 
1.02 1.04 1.02 1.01 1.01 
1.01 1.05 1.05 1.03 1.01 
1.04 1.03 1.05 1.03 1.01 
1.04 1.04 1.06 1.04 1.05 
1.02 1.05 1.04 1.05 1.01 
1.02 1.05 1.02 1.05 1.01 
1.01 1.01 1.02 1.01 1.06 
1.06 1.04 1.05 1.01 1.03 
1.03 1.02 1.02 1.01 1.06 
1.03 1.02 1.05 1.02 1.05 
1.05 1.02 1.02 1.05 1.03 
1.05 1.05 1.03 1.03 1.06 
1.06 1.05 1.01 1.01 1.05 
1.01 1.06 1.06 1.06 1.06 
1.04 1.06 1.05 1.01 1.06 
1.05 1.05 1.05 1.05 1.01 
1.01 1.02 1.02 1.06 1.01 
1.01 1.02 1.04 1.03 1.02 
1.04 1.03 1.06 1.02 1.03 
1.05 1.03 1.01 1.03 1.02 
1.05 1.02 1.05 1.02 1.04 
1.03 1.02 1.02 1.01 1.06 
1.01 1.06 1.01 1.01 1.02 
1.06 1.04 1.03 1.01 1.03 
1.05 1.01 1.04 1.01 1.03 
1.02 1.04 1.04 1.01 1.06 
1.03 1.06 1.03 1.03 1.01 
1.04 1.06 1.05 1.06 1.01 
1.03 1.03 1.05 1.03 1.06 
1.02 1.03 1.02 1.03 1.05 
1.03 1.06 1.01 1.06 1.02 
1.01 1.05 1.02 1.05 1.04 
1.06 1.02 1.03 1.03 1.04 
1.04 1.01 1.04 1.06 1.04 
1.02 1.06 1.03 1.06 1.05 
1.05 1.01 1.06 1.06 1.03 
1.06 1.06 1.01 1.03 1.03 
1.01 1.05 1.02 1.04 1.04 
1.01 1.06 1.04 1.05 1.03 
1.05 1.02 1.05 1.03 1.05 
1.02 1.05 1.05 1.04 1.01 
1.05 1.02 1.02 1.05 1.02 
1.02 1.06 1.05 1.02 1.06 
1.04 1.01 1.05 1.04 1.06 
1.06 1.06 1.03 1.03 1.02 
1.04 1.04 1.01 1.05 1.06 
1.06 1.04 1.02 1.01 1.06 
1.02 1.06 1.02 1.03 1.06 
1.02 1.02 1.01 1.03 1.02 
1.06 1.05 1.06 1.01 1.01 
1.06 1.04 1.05 1.01 1.04 
1.03 1.02 1.03 1.04 1.04 
1.01 1.06 1.04 1.05 1.04 
