5
75
57 16 8 73 48 36 28 23 93 39 81 66 65 48 48 55 52 94 15 40 5 43 62 58 56 7 31 96 76 55 61 42 55 12 89 15 67 35 73 23 5 30 40 20 41 36 49 83 3 17 19 33 24 32 49 75 90 54 15 31 85 23 81 99 50 31 83 51 80 73 77 86 68 27 51 
1 1 1 3 3 
1.09 1.11 1.13 1.09 1.1 
1.08 1.14 1.06 1.1 1.14 
1.07 1.05 1.14 1.1 1.09 
1.12 1.06 1.14 1.13 1.11 
1.14 1.07 1.14 1.1 1.05 
1.13 1.06 1.09 1.11 1.13 
1.14 1.12 1.12 1.08 1.14 
1.13 1.12 1.11 1.11 1.12 
1.08 1.09 1.1 1.05 1.1 
1.05 1.11 1.05 1.09 1.06 
1.13 1.1 1.12 1.14 1.14 
1.05 1.12 1.14 1.07 1.06 
1.13 1.12 1.1 1.14 1.13 
1.11 1.08 1.06 1.1 1.1 
1.1 1.05 1.05 1.08 1.08 
1.05 1.08 1.06 1.11 1.13 
1.07 1.05 1.14 1.11 1.09 
1.06 1.13 1.08 1.06 1.1 
1.08 1.11 1.1 1.13 1.11 
1.14 1.05 1.05 1.12 1.13 
1.14 1.05 1.09 1.05 1.08 
1.14 1.14 1.05 1.11 1.11 
1.11 1.1 1.11 1.1 1.12 
1.12 1.08 1.06 1.13 1.08 
1.09 1.08 1.1 1.11 1.13 
1.14 1.07 1.06 1.06 1.06 
1.13 1.06 1.13 1.06 1.14 
1.1 1.11 1.12 1.08 1.11 
1.11 1.14 1.13 1.13 1.06 
1.1 1.11 1.13 1.08 1.09 
1.12 1.11 1.07 1.11 1.07 
1.1 1.14 1.08 1.12 1.13 
1.12 1.05 1.1 1.07 1.06 
1.07 1.07 1.1 1.06 1.14 
1.13 1.12 1.05 1.1 1.12 
1.1 1.13 1.11 1.12 1.08 
1.07 1.09 1.1 1.05 1.07 
1.11 1.06 1.1 1.09 1.06 
1.1 1.05 1.11 1.11 1.14 
1.11 1.13 1.07 1.1 1.14 
1.1 1.14 1.09 1.11 1.06 
1.13 1.05 1.07 1.12 1.06 
1.06 1.06 1.1 1.08 1.09 
1.14 1.14 1.09 1.12 1.06 
1.13 1.11 1.12 1.1 1.11 
1.12 1.07 1.12 1.08 1.06 
1.06 1.13 1.13 1.08 1.05 
1.14 1.05 1.13 1.14 1.11 
1.12 1.08 1.13 1.06 1.08 
1.1 1.06 1.12 1.11 1.1 
1.05 1.08 1.06 1.05 1.12 
1.07 1.11 1.05 1.12 1.1 
1.1 1.12 1.09 1.05 1.06 
1.12 1.14 1.05 1.09 1.08 
1.06 1.12 1.14 1.13 1.08 
1.1 1.12 1.1 1.13 1.1 
1.11 1.08 1.11 1.14 1.11 
1.06 1.11 1.12 1.1 1.11 
1.05 1.14 1.11 1.05 1.05 
1.14 1.1 1.08 1.09 1.1 
1.06 1.07 1.07 1.08 1.11 
1.11 1.11 1.14 1.09 1.06 
1.11 1.11 1.1 1.1 1.06 
1.14 1.07 1.06 1.12 1.11 
1.12 1.12 1.13 1.13 1.08 
1.14 1.14 1.09 1.06 1.14 
1.05 1.13 1.05 1.13 1.09 
1.07 1.14 1.07 1.1 1.08 
1.12 1.06 1.05 1.13 1.14 
1.13 1.1 1.11 1.07 1.05 
1.05 1.07 1.12 1.06 1.14 
1.07 1.11 1.12 1.14 1.14 
1.09 1.12 1.06 1.13 1.06 
1.09 1.06 1.08 1.07 1.12 
1.07 1.12 1.06 1.09 1.09 
