5
50
90 26 72 78 6 75 63 36 31 79 98 3 14 15 23 23 84 52 61 93 54 80 67 41 13 13 39 55 96 30 98 36 69 95 46 85 24 26 9 64 21 3 12 90 69 79 72 92 88 37 
4 9 5 5 4 
1.13 1.06 1.12 1.11 1.05 
1.12 1.07 1.14 1.14 1.06 
1.11 1.13 1.06 1.14 1.07 
1.07 1.09 1.05 1.05 1.09 
1.08 1.07 1.1 1.08 1.1 
1.05 1.1 1.05 1.05 1.07 
1.06 1.13 1.13 1.1 1.11 
1.09 1.08 1.05 1.1 1.07 
1.1 1.08 1.13 1.12 1.07 
1.13 1.08 1.06 1.11 1.05 
1.08 1.14 1.13 1.14 1.14 
1.06 1.11 1.14 1.05 1.05 
1.14 1.07 1.1 1.06 1.05 
1.13 1.13 1.1 1.1 1.14 
1.08 1.09 1.08 1.14 1.07 
1.13 1.06 1.11 1.11 1.1 
1.14 1.14 1.13 1.06 1.1 
1.12 1.1 1.06 1.05 1.08 
1.05 1.11 1.13 1.12 1.11 
1.07 1.13 1.08 1.08 1.07 
1.12 1.11 1.14 1.1 1.08 
1.12 1.07 1.11 1.13 1.14 
1.12 1.12 1.12 1.09 1.06 
1.11 1.07 1.14 1.05 1.12 
1.09 1.05 1.08 1.13 1.06 
1.13 1.06 1.12 1.08 1.11 
1.14 1.06 1.14 1.06 1.12 
1.06 1.09 1.1 1.09 1.09 
1.1 1.13 1.07 1.1 1.09 
1.07 1.12 1.14 1.14 1.11 
1.06 1.13 1.11 1.09 1.13 
1.1 1.12 1.12 1.08 1.08 
1.05 1.06 1.1 1.06 1.14 
1.13 1.06 1.07 1.14 1.14 
1.07 1.09 1.13 1.1 1.09 
1.11 1.11 1.05 1.07 1.09 
1.13 1.09 1.1 1.08 1.08 
1.07 1.08 1.12 1.07 1.09 
1.06 1.06 1.14 1.08 1.13 
1.1 1.14 1.13 1.13 1.1 
1.09 1.12 1.08 1.14 1.09 
1.07 1.13 1.06 1.07 1.13 
1.14 1.13 1.12 1.06 1.1 
1.13 1.06 1.11 1.06 1.12 
1.1 1.06 1.06 1.06 1.08 
1.05 1.09 1.13 1.14 1.07 
1.09 1.12 1.05 1.12 1.14 
1.12 1.14 1.13 1.14 1.12 
1.13 1.07 1.09 1.07 1.11 
1.08 1.11 1.11 1.08 1.09 
