5
75
88 79 100 40 9 18 43 94 58 21 92 43 64 68 30 31 76 77 3 2 9 10 86 53 40 23 47 47 74 80 42 93 31 56 1 10 85 67 63 9 2 5 77 27 26 67 92 94 46 33 47 30 5 37 18 34 1 36 79 50 86 38 8 98 11 39 50 63 32 19 41 32 98 89 71 
7 2 6 7 7 
1.06 1.08 1.06 1.09 1.07 
1.07 1.05 1.07 1.06 1.07 
1.08 1.08 1.05 1.07 1.07 
1.07 1.09 1.07 1.05 1.08 
1.05 1.08 1.08 1.07 1.05 
1.09 1.07 1.08 1.08 1.07 
1.05 1.05 1.08 1.07 1.07 
1.05 1.08 1.05 1.05 1.05 
1.09 1.08 1.07 1.07 1.09 
1.07 1.09 1.07 1.05 1.06 
1.08 1.06 1.09 1.06 1.07 
1.05 1.07 1.06 1.08 1.06 
1.06 1.09 1.07 1.05 1.08 
1.09 1.07 1.06 1.06 1.08 
1.06 1.08 1.09 1.06 1.06 
1.06 1.06 1.07 1.07 1.09 
1.08 1.08 1.05 1.06 1.06 
1.06 1.05 1.06 1.08 1.09 
1.06 1.07 1.09 1.06 1.07 
1.06 1.08 1.09 1.09 1.05 
1.06 1.08 1.09 1.05 1.08 
1.09 1.09 1.06 1.07 1.08 
1.08 1.07 1.06 1.06 1.05 
1.09 1.08 1.06 1.08 1.09 
1.07 1.07 1.09 1.06 1.06 
1.08 1.06 1.09 1.05 1.09 
1.09 1.07 1.07 1.09 1.07 
1.05 1.09 1.08 1.07 1.05 
1.09 1.08 1.09 1.08 1.08 
1.05 1.09 1.07 1.07 1.07 
1.07 1.09 1.07 1.06 1.06 
1.06 1.05 1.08 1.05 1.09 
1.08 1.07 1.09 1.09 1.07 
1.05 1.08 1.09 1.06 1.09 
1.07 1.05 1.07 1.05 1.05 
1.09 1.08 1.09 1.08 1.07 
1.08 1.07 1.05 1.05 1.05 
1.07 1.06 1.07 1.08 1.05 
1.05 1.06 1.06 1.06 1.08 
1.08 1.05 1.07 1.05 1.05 
1.08 1.05 1.09 1.09 1.08 
1.08 1.05 1.06 1.07 1.07 
1.06 1.06 1.05 1.05 1.07 
1.06 1.06 1.09 1.06 1.09 
1.06 1.09 1.09 1.06 1.08 
1.05 1.09 1.06 1.06 1.05 
1.09 1.08 1.07 1.06 1.06 
1.09 1.08 1.07 1.08 1.06 
1.07 1.06 1.07 1.06 1.09 
1.05 1.09 1.07 1.06 1.09 
1.09 1.09 1.07 1.07 1.07 
1.09 1.08 1.06 1.09 1.07 
1.08 1.05 1.08 1.09 1.09 
1.09 1.05 1.09 1.08 1.05 
1.07 1.05 1.08 1.08 1.07 
1.07 1.05 1.09 1.07 1.07 
1.07 1.06 1.05 1.08 1.07 
1.08 1.09 1.09 1.06 1.08 
1.09 1.07 1.05 1.08 1.05 
1.08 1.05 1.05 1.05 1.09 
1.05 1.08 1.09 1.09 1.06 
1.09 1.09 1.07 1.09 1.08 
1.06 1.08 1.05 1.08 1.07 
1.06 1.08 1.06 1.09 1.06 
1.07 1.06 1.05 1.05 1.06 
1.05 1.09 1.07 1.08 1.06 
1.09 1.05 1.06 1.07 1.05 
1.09 1.08 1.07 1.05 1.07 
1.09 1.06 1.07 1.07 1.09 
1.06 1.08 1.07 1.08 1.06 
1.05 1.07 1.05 1.09 1.06 
1.07 1.05 1.05 1.07 1.05 
1.08 1.06 1.05 1.05 1.06 
1.07 1.09 1.05 1.08 1.06 
1.05 1.09 1.05 1.08 1.09 
